time,start,end,count,diff
4585.718080,2260641909,2260643049,15935,1140
4585.734608,2260658687,2260659827,15825,1140
4585.746638,2260670654,2260671793,15989,1139
4585.758655,2260682454,2260683593,15932,1139
4585.770676,2260694512,2260695642,15806,1130
4585.790217,2260715440,2260716580,15918,1140
4585.802238,2260728084,2260729226,15828,1142
4585.814267,2260740094,2260741237,15965,1143
4585.826282,2260752149,2260753286,15881,1137
4585.838305,2260764027,2260765166,15823,1139
4585.850336,2260776170,2260777311,15961,1141
4585.862351,2260788168,2260789306,15880,1138
4585.874374,2260799975,2260801113,15827,1138
4585.886406,2260812541,2260813674,16037,1133
4585.898422,2260825148,2260826284,15937,1136
4585.914950,2260842280,2260843420,15809,1140
4585.926980,2260854218,2260855355,15991,1137
4585.938999,2260866068,2260867207,15937,1139
4585.951019,2260878049,2260879182,15826,1133
4585.963049,2260889604,2260890737,15966,1133
4585.975067,2260901545,2260902675,15935,1130
4585.990102,2260916872,2260918011,15953,1139
4586.002120,2260929221,2260930360,15941,1139
4586.014140,2260941870,2260943011,15828,1141
4586.024334,2260952841,2260953983,15942,1142
4586.042696,2260971829,2260972969,15931,1140
4586.052335,2260982741,2260983880,15972,1139
4586.086276,2261017254,2261018393,15820,1139
4586.098307,2261028274,2261029405,15960,1131
4586.108337,2261038230,2261039366,15786,1136
4586.120333,2261051726,2261052855,15927,1129
4586.134373,2261062896,2261064029,15971,1133
4586.144335,2261073921,2261075054,15832,1133
4586.158421,2261085158,2261086288,15908,1130
4586.170443,2261096766,2261097899,15972,1133
4586.182459,2261108597,2261109735,15846,1138
4586.194490,2261120384,2261121514,15910,1130
4586.211021,2261136759,2261137899,15959,1140
4586.223038,2261148312,2261149449,15933,1137
4586.238072,2261163597,2261164739,15943,1142
4586.250090,2261175223,2261176371,15933,1148
4586.262111,2261186826,2261187965,15827,1139
4586.274141,2261198780,2261199921,15959,1141
4586.286161,2261210543,2261211677,15938,1134
4586.298179,2261221623,2261222763,15829,1140
4586.310209,2261233468,2261234610,15960,1142
4586.322227,2261245062,2261246204,15929,1142
4586.334248,2261256509,2261257651,15823,1142
4586.346278,2261267917,2261269059,15959,1142
4586.358296,2261279580,2261280723,15927,1143
4586.370319,2261291192,2261292335,15853,1143
4586.386855,2261307578,2261308715,15938,1137
4586.398871,2261318809,2261319947,15878,1138
4586.410893,2261330135,2261331272,15824,1137
4586.422924,2261341779,2261342920,15987,1141
4586.434940,2261353308,2261354442,15933,1134
4586.446964,2261365033,2261366172,15859,1139
4586.461994,2261380688,2261381830,15926,1142
4586.474021,2261393193,2261394338,15898,1145
4586.486046,2261404841,2261405982,15982,1141
4586.498063,2261414988,2261416129,16023,1141
4586.510082,2261426314,2261427449,15911,1135
4586.526619,2261442794,2261443927,16028,1133
4586.538638,2261454566,2261455703,16023,1137
4586.550659,2261466388,2261467525,15910,1137
4586.562689,2261478369,2261479510,16047,1141
4586.574706,2261489870,2261491011,15929,1141
4586.586727,2261501544,2261502685,15910,1141
4586.603266,2261518628,2261519765,16033,1137
4586.615284,2261530722,2261531857,16022,1135
4586.627304,2261542681,2261543819,15929,1138
4586.639336,2261555336,2261556475,16052,1139
4586.661879,2261580716,2261581862,16083,1146
4586.673895,2261593295,2261594439,15928,1144
4586.685924,2261604088,2261605226,15901,1138
4586.697949,2261613914,2261615047,16044,1133
4586.714471,2261631629,2261632767,15906,1138
4586.728331,2261639605,2261640234,12257,629
4586.743030,2261650371,2261651499,16033,1128
4586.762568,2261670514,2261671647,15989,1133
4586.774593,2261683265,2261684402,16078,1137
4586.786608,2261695856,2261696997,15920,1141
4586.798638,2261708372,2261709511,15911,1139
4586.810663,2261721039,2261722180,15961,1141
4586.830200,2261742347,2261743488,15888,1141
4586.842220,2261754802,2261755944,15969,1142
4586.854238,2261768080,2261769221,15833,1141
4586.875284,2261789755,2261790896,15901,1141
4586.884335,2261799391,2261800522,15835,1131
4586.903830,2261813004,2261814136,15831,1132
4586.915857,2261822066,2261823196,15907,1130
4586.927881,2261831111,2261832244,15975,1133
4586.945915,2261844639,2261845764,15973,1125
4586.957932,2261853636,2261854758,15841,1122
4586.975966,2261867126,2261868248,15842,1122
4586.987994,2261876114,2261877238,15906,1124
4587.006028,2261889607,2261890732,15905,1125
4587.018053,2261898603,2261899727,15977,1124
4587.033079,2261909847,2261910972,15904,1125
4587.045105,2261918846,2261919971,15980,1125
4587.056331,2261928242,2261929367,15858,1125
4587.093189,2261955433,2261956555,15931,1122
4587.105216,2261964443,2261965568,15976,1125
4587.117241,2261973443,2261974568,15976,1125
4587.129258,2261982433,2261983558,15842,1125
4587.141285,2261991428,2261992553,15908,1125
4587.153310,2262000427,2262001548,15971,1121
4587.165326,2262009411,2262010535,15845,1124
4587.196390,2262034144,2262035268,15975,1124
4587.216430,2262047640,2262048760,15976,1120
4587.229957,2262056233,2262057356,15849,1123
4587.244984,2262067466,2262068587,15903,1121
4587.257006,2262076446,2262077571,15961,1125
4587.269022,2262085446,2262086570,15843,1124
4587.281053,2262094453,2262095579,15862,1126
4587.293074,2262103444,2262104568,15958,1124
4587.305092,2262112431,2262113556,15942,1125
4587.317122,2262121444,2262122568,15992,1124
4587.329143,2262130440,2262131561,15958,1121
4587.365211,2262157397,2262158517,15960,1120
4587.377229,2262166389,2262167509,15856,1120
4587.389258,2262175371,2262176493,15904,1122
4587.404281,2262186605,2262187730,15858,1125
4587.416310,2262195600,2262196721,15905,1121
4587.431332,2262206833,2262207956,15946,1123
4587.443361,2262215829,2262216954,15905,1125
4587.461396,2262229317,2262230442,15904,1125
4587.473417,2262238312,2262239433,15955,1121
4587.492459,2262254034,2262255157,15945,1123
4587.515498,2262269762,2262270882,15901,1120
4587.527522,2262278763,2262279888,15974,1125
4587.539538,2262287746,2262288867,15929,1121
4587.551568,2262296735,2262297860,15907,1125
4587.563590,2262305736,2262306856,15972,1120
4587.596655,2262330455,2262331580,15908,1125
4587.608676,2262339455,2262340578,15971,1123
4587.620693,2262348444,2262349569,15847,1125
4587.632723,2262357443,2262358568,15904,1125
4587.668792,2262384419,2262385544,15994,1125
4587.680813,2262393410,2262394532,16066,1122
4587.696842,2262406890,2262408015,16056,1125
4587.719881,2262422623,2262423746,15844,1123
4587.731912,2262431626,2262432749,15906,1123
4587.743933,2262440617,2262441740,15894,1123
4587.761967,2262454106,2262455227,15971,1121
4587.773984,2262463089,2262464212,15843,1123
4587.792019,2262476578,2262477699,15853,1121
4587.804049,2262485562,2262486686,15907,1124
4587.816070,2262494560,2262495685,15904,1125
4587.828089,2262503558,2262504682,15802,1124
4587.840118,2262512549,2262513674,15911,1125
4587.864154,2262530530,2262531652,15838,1122
4587.876186,2262539522,2262540647,15914,1125
4587.888207,2262548519,2262549644,16060,1125
4587.900224,2262557521,2262558646,15844,1125
4587.912254,2262566519,2262567643,15902,1124
4587.924276,2262575510,2262576635,15976,1125
4587.936293,2262584519,2262585642,15759,1123
4587.948323,2262593515,2262594640,15862,1125
4587.960344,2262602505,2262603630,15978,1125
4587.972361,2262611492,2262612613,15847,1121
4587.984391,2262620483,2262621605,15906,1122
4587.999412,2262631718,2262632843,15838,1125
4588.011443,2262640714,2262641836,15904,1122
4588.023465,2262649700,2262650825,15976,1125
4588.035481,2262658691,2262659816,15844,1125
4588.047512,2262667693,2262668815,15909,1122
4588.059533,2262676683,2262677804,15973,1121
4588.071550,2262685671,2262686793,15639,1122
4588.083580,2262694664,2262695787,15992,1123
4588.095602,2262703646,2262704771,16063,1125
4588.107619,2262712661,2262713782,15909,1121
4588.119649,2262721651,2262722776,15995,1125
4588.131671,2262730636,2262731761,16060,1125
4588.149704,2262744141,2262745262,15969,1121
4588.161720,2262753139,2262754260,15918,1121
4588.188773,2262773369,2262774494,15927,1125
4588.200803,2262782361,2262783482,15821,1121
4588.239876,2262811580,2262812702,15976,1122
4588.251893,2262820578,2262821702,15844,1124
4588.269927,2262834069,2262835189,15844,1120
4588.281957,2262843048,2262844174,15906,1126
4588.305996,2262861037,2262862162,15842,1125
4588.318026,2262870021,2262871143,15993,1122
4588.330048,2262879021,2262880140,16061,1119
4588.342066,2262888025,2262889149,15857,1124
4588.360097,2262901524,2262902648,15838,1124
4588.372127,2262910521,2262911645,15902,1124
4588.384149,2262919517,2262920642,16048,1125
4588.396167,2262928514,2262929632,15947,1118
4588.408196,2262937504,2262938630,15991,1126
4588.420218,2262946498,2262947622,16045,1124
4588.432235,2262955492,2262956613,15856,1121
4588.444265,2262964483,2262965607,15909,1124
4588.456287,2262973483,2262974607,15876,1124
4588.468304,2262982475,2262983596,15857,1121
4588.480333,2262991471,2262992592,15907,1121
4588.516402,2263018447,2263019569,15908,1122
4588.528423,2263027445,2263028569,15958,1124
4588.540441,2263036441,2263037565,15860,1124
4588.552472,2263045454,2263046579,15906,1125
4588.569006,2263058032,2263059154,15990,1122
4588.585527,2263070604,2263071728,15840,1124
4588.597557,2263079598,2263080722,15904,1124
4588.636631,2263108829,2263109954,15976,1125
4588.648647,2263117817,2263118938,15845,1121
4588.660678,2263126811,2263127936,15994,1125
4588.693733,2263151544,2263152669,15844,1125
4588.705763,2263160533,2263161658,15907,1125
4588.744837,2263189755,2263190879,15973,1124
4588.756852,2263198761,2263199885,15833,1124
4588.841021,2263261718,2263262843,15910,1125
4588.853042,2263270712,2263271837,15978,1125
4588.865059,2263279709,2263280834,15844,1125
4588.877090,2263288703,2263289828,15906,1125
4588.889111,2263297698,2263298823,15976,1125
4588.904141,2263308932,2263310056,15906,1124
4588.916163,2263317927,2263319051,15889,1124
4588.928179,2263326918,2263328040,15846,1122
4588.940209,2263335909,2263337033,15824,1124
4588.952231,2263344919,2263346040,15970,1121
4588.964247,2263353920,2263355045,15843,1125
4588.976278,2263362922,2263364046,15907,1124
4588.997316,2263378669,2263379790,15969,1121
4589.009333,2263387660,2263388785,15930,1125
4589.063436,2263428122,2263429246,15930,1124
4589.075467,2263437120,2263438245,15998,1125
4589.093501,2263450623,2263451745,15996,1122
4589.105522,2263459609,2263460734,16075,1125
4589.156621,2263497830,2263498955,15908,1125
4589.168642,2263506841,2263507962,15971,1121
4589.183673,2263518083,2263519209,15910,1126
4589.195695,2263527086,2263528209,15964,1123
4589.209221,2263537422,2263538543,15968,1121
4589.221236,2263546415,2263547540,15761,1125
4589.233267,2263555402,2263556524,15973,1122
4589.245288,2263564395,2263565520,16057,1125
4589.269335,2263582378,2263583500,15995,1122
4589.281359,2263591400,2263592524,16062,1124
4589.296387,2263602640,2263603760,15998,1120
4589.308408,2263611639,2263612764,16061,1125
4589.320425,2263620626,2263621751,15839,1125
4589.335460,2263631860,2263632985,15973,1125
4589.347476,2263640860,2263641985,15934,1125
4589.359507,2263649856,2263650981,15998,1125
4589.371528,2263658869,2263659994,15883,1125
4589.383545,2263667860,2263668985,15843,1125
4589.407597,2263685861,2263686986,15970,1125
4589.419613,2263694857,2263695982,15843,1125
4589.431644,2263703856,2263704982,15908,1126
4589.443665,2263712858,2263713983,15977,1125
4589.455682,2263721854,2263722978,15845,1124
4589.467712,2263730840,2263731962,15909,1122
4589.479734,2263739837,2263740959,15978,1122
4589.491751,2263748836,2263749960,15848,1124
4589.512798,2263764562,2263765684,15903,1122
4589.524820,2263773564,2263774686,15971,1122
4589.560888,2263800549,2263801674,15974,1125
4589.572907,2263809560,2263810685,15849,1125
4589.605974,2263834287,2263835412,15971,1125
4589.617991,2263843285,2263844409,15844,1124
4589.678111,2263888242,2263889366,15973,1124
4589.690128,2263897234,2263898356,15940,1122
4589.721192,2263921959,2263923083,16055,1124
4589.768283,2263955707,2263956832,15975,1125
4589.780299,2263964708,2263965833,15842,1125
4589.792330,2263973710,2263974832,15908,1122
4589.804351,2263982713,2263983838,15973,1125
4589.816368,2263991706,2263992831,15843,1125
4589.828399,2264000699,2264001822,15908,1123
4589.840420,2264009700,2264010822,15975,1122
4589.852437,2264018698,2264019823,15842,1125
4589.864467,2264027697,2264028823,15907,1126
4589.876489,2264036693,2264037817,15979,1124
4589.888506,2264045685,2264046809,15848,1124
4589.909552,2264061429,2264062555,15904,1126
4589.921574,2264070419,2264071539,15974,1120
4589.939609,2264083915,2264085040,15969,1125
4589.951625,2264092916,2264094040,15851,1124
4589.963656,2264101909,2264103035,15911,1126
4589.975678,2264110907,2264112032,15975,1125
4590.029780,2264151418,2264152539,15973,1121
4590.041797,2264160418,2264161542,15934,1124
4590.077865,2264187403,2264188524,15844,1121
4590.088396,2264195472,2264196604,15988,1132
4590.100408,2264204526,2264205656,15829,1130
4590.112437,2264213553,2264214677,15993,1124
4590.139488,2264233821,2264234946,15993,1125
4590.151513,2264242822,2264243947,16077,1125
4590.181562,2264265324,2264266448,15913,1124
4590.193591,2264274357,2264275483,15901,1126
4590.205615,2264283359,2264284481,15974,1122
4590.247693,2264314849,2264315971,15907,1122
4590.259717,2264323852,2264324974,15973,1122
4590.271734,2264332844,2264333969,15930,1125
4590.283761,2264341845,2264342971,15947,1126
4590.295786,2264350853,2264351983,16055,1130
4590.316820,2264366634,2264367756,15924,1122
4590.328847,2264375631,2264376754,15994,1123
4590.343872,2264386881,2264388011,15944,1130
4590.355898,2264395888,2264397014,15994,1126
4590.367923,2264404897,2264406022,16064,1125
4590.379940,2264413908,2264415030,15845,1122
4590.391967,2264422928,2264424054,15896,1126
4590.403992,2264431938,2264433063,16067,1125
4590.416008,2264440940,2264442065,15928,1125
4590.428036,2264449936,2264451064,15903,1128
4590.440060,2264458938,2264460064,15974,1126
4590.452077,2264467931,2264469057,15844,1126
4590.464104,2264476925,2264478050,15820,1125
4590.476129,2264485932,2264487057,15976,1125
4590.488146,2264494933,2264496058,15844,1125
4590.500173,2264503932,2264505057,15905,1125
4590.518207,2264517435,2264518564,15905,1129
4590.530232,2264526436,2264527558,15978,1122
4590.548266,2264539920,2264541045,15973,1125
4590.560283,2264548924,2264550050,15886,1126
4590.572310,2264557929,2264559053,15998,1124
4590.584335,2264566937,2264568059,16016,1122
4590.596351,2264575935,2264577058,15842,1123
4590.608379,2264584939,2264586061,15903,1122
4590.620403,2264593946,2264595071,16063,1125
4590.632420,2264602965,2264604091,15929,1126
4590.680516,2264638950,2264640076,15994,1126
4590.695540,2264650194,2264651318,15929,1124
4590.737626,2264681692,2264682816,16061,1124
4590.749643,2264690683,2264691807,15845,1124
4590.761670,2264699683,2264700802,15910,1119
4590.780706,2264715425,2264716550,15972,1125
4590.815774,2264740165,2264741291,15908,1126
4590.827798,2264749176,2264750299,16067,1123
4590.839813,2264758175,2264759300,15919,1125
4590.857849,2264771666,2264772788,15925,1122
4590.869878,2264780652,2264781780,16011,1128
4590.881903,2264789873,2264791005,15889,1132
4590.893921,2264798855,2264799979,15935,1124
4590.905937,2264807805,2264808927,15636,1122
4590.920970,2264819017,2264820139,15962,1122
4590.932989,2264827967,2264829089,15642,1122
4590.954033,2264843668,2264844790,15937,1122
4590.966055,2264852635,2264853761,15959,1126
4590.990105,2264870550,2264871679,15986,1129
4591.002124,2264879526,2264880659,15959,1133
4591.014143,2264888485,2264889607,15638,1122
4591.032180,2264901987,2264903109,15924,1122
4591.044209,2264910984,2264912107,16026,1123
4591.056227,2264919946,2264921072,16049,1126
4591.068246,2264928908,2264930031,15725,1123
4591.089294,2264944595,2264945720,16071,1125
4591.101314,2264953570,2264954695,16045,1125
4591.161428,2264998384,2264999508,16025,1124
4591.173450,2265007393,2265008526,16048,1133
4591.200496,2265027626,2265028755,15955,1129
4591.212520,2265036585,2265037705,15711,1120
4591.224550,2265045567,2265046692,15975,1125
4591.236572,2265054563,2265055687,15939,1124
4591.248589,2265063538,2265064661,15670,1123
4591.269635,2265079237,2265080359,16035,1122
4591.281656,2265088211,2265089333,16050,1122
4591.305704,2265106125,2265107255,16054,1130
4591.317724,2265115108,2265116232,16053,1124
4591.329747,2265124070,2265125199,15637,1129
4591.407895,2265182427,2265183556,15916,1129
4591.419915,2265191400,2265192523,15626,1123
4591.431944,2265200372,2265201494,15950,1122
4591.443966,2265209389,2265210519,15904,1130
4591.465000,2265225095,2265226217,15625,1122
4591.477032,2265234098,2265235194,15800,1096
4591.489053,2265243039,2265244163,15951,1124
4591.516102,2265263210,2265264338,15962,1128
4591.528121,2265272220,2265273349,15589,1129
4591.540155,2265281262,2265282367,15902,1105
4591.558184,2265294669,2265295794,16031,1125
4591.570203,2265303657,2265304786,16036,1129
4591.600258,2265326081,2265327211,15708,1130
4591.612289,2265335495,2265336629,16036,1134
4591.624306,2265344528,2265345657,16033,1129
4591.636330,2265353531,2265354657,15932,1126
4591.648357,2265362552,2265363678,15874,1126
4591.729513,2265423144,2265424270,15983,1126
4591.741531,2265432187,2265433316,15931,1129
4591.816673,2265488330,2265489457,15645,1127
4591.828698,2265497317,2265498448,15963,1131
4591.843721,2265508589,2265509710,15599,1121
4591.855750,2265517603,2265518736,15950,1133
4591.867769,2265526609,2265527738,15954,1129
4591.912855,2265560323,2265561455,15953,1132
4591.924875,2265569280,2265570404,15624,1124
4591.936909,2265578287,2265579409,15965,1122
4591.975976,2265607542,2265608674,15919,1132
4591.987995,2265616532,2265617661,15631,1129
4592.000024,2265625513,2265626639,15941,1126
4592.030079,2265647986,2265649116,15849,1130
4592.042100,2265656996,2265658127,15592,1131
4592.061144,2265672772,2265673902,15948,1130
4592.105218,2265704220,2265705347,15628,1127
4592.117249,2265713241,2265714367,15966,1126
4592.138286,2265729029,2265730158,15934,1129
4592.159321,2265744804,2265745931,15623,1127
4592.240479,2265805500,2265806627,15633,1127
4592.252505,2265814521,2265815651,15959,1130
4592.264527,2265823566,2265824691,15935,1125
4592.345680,2265884354,2265885487,15963,1133
4592.357698,2265893351,2265894478,15625,1127
4592.369728,2265902371,2265903501,16037,1130
4592.381750,2265911390,2265912520,16028,1130
4592.447870,2265960973,2265962100,15706,1127
4592.459899,2265969991,2265971122,16034,1131
4592.480938,2265985813,2265986939,15938,1126
4592.492955,2265994810,2265995935,15591,1125
4592.520007,2266015090,2266016217,15623,1127
4592.532039,2266024136,2266025266,15949,1130
4592.544057,2266033163,2266034294,15967,1131
4592.556076,2266042164,2266043291,15627,1127
4592.577125,2266057920,2266059052,15985,1132
4592.589141,2266066939,2266068065,16033,1126
4592.664282,2266123214,2266124342,15711,1128
4592.676314,2266132445,2266133575,15999,1130
4592.769486,2266202283,2266203413,15961,1130
4592.781508,2266211262,2266212389,15667,1127
4592.841621,2266256357,2266257487,16033,1130
4592.853641,2266265352,2266266484,15708,1132
4592.868674,2266276630,2266277758,16053,1128
4592.880693,2266285677,2266286807,15626,1130
4592.892722,2266294704,2266295833,15949,1129
4592.904743,2266303697,2266304823,15965,1126
4592.937808,2266328481,2266329611,15951,1130
4592.949827,2266337505,2266338633,15960,1128
4592.980894,2266362297,2266363429,15946,1132
4593.033984,2266400610,2266401737,15591,1127
4593.046014,2266409620,2266410754,15955,1134
4593.076071,2266432160,2266433290,15948,1130
4593.088089,2266441206,2266442337,15707,1131
4593.100121,2266450259,2266451393,15874,1134
4593.112137,2266459298,2266460432,15963,1134
4593.124159,2266468754,2266469884,15825,1130
4593.136185,2266477786,2266478916,15951,1130
4593.148206,2266486815,2266487949,15965,1134
4593.160224,2266495819,2266496946,15628,1127
4593.172257,2266504839,2266505969,16002,1130
4593.184274,2266513862,2266514992,15962,1130
4593.196293,2266522860,2266523991,15626,1131
4593.208322,2266531877,2266533007,15943,1130
4593.220343,2266540912,2266542046,15853,1134
4593.268438,2266576964,2266578095,15710,1131
4593.280462,2266585985,2266587115,15950,1130
4593.295482,2266597293,2266598420,15596,1127
4593.307512,2266606311,2266607441,15965,1130
4593.319531,2266615369,2266616501,15843,1132
4593.337566,2266628913,2266630043,15960,1130
4593.349585,2266637930,2266639060,15595,1130
4593.412707,2266685292,2266686422,15817,1130
4593.424740,2266694353,2266695452,15795,1099
4593.457790,2266719079,2266720206,15630,1127
4593.469822,2266728100,2266729230,15992,1130
4593.484842,2266739364,2266740491,15627,1127
4593.496871,2266748399,2266749533,15945,1134
4593.508891,2266757422,2266758549,15962,1127
4593.520914,2266766435,2266767567,15831,1132
4593.532940,2266775472,2266776602,15949,1130
4593.544960,2266784495,2266785629,16047,1134
4593.556979,2266793480,2266794607,15709,1127
4593.593047,2266820528,2266821654,15709,1126
4593.605078,2266829533,2266830663,16060,1130
4593.621110,2266843089,2266844222,16049,1133
4593.692237,2266894895,2266896020,15627,1125
4593.704266,2266903929,2266905059,15949,1130
4593.716286,2266912963,2266914093,15854,1130
4593.728305,2266921992,2266923118,15587,1126
4593.827494,2266996385,2266997516,15596,1131
4593.839523,2267005413,2267006543,15949,1130
4593.851543,2267014443,2267015573,15967,1130
4593.863572,2267023471,2267024601,15897,1130
4593.896629,2267048237,2267049367,15963,1130
4593.908653,2267057281,2267058412,15822,1131
4593.935699,2267077601,2267078727,15707,1126
4593.947728,2267086628,2267087758,16037,1130
4593.959749,2267095637,2267096765,15964,1128
4593.971768,2267104641,2267105768,15628,1127
4593.983797,2267113657,2267114790,15954,1133
4593.995818,2267122681,2267123813,15965,1132
4594.007837,2267131672,2267132799,15631,1127
4594.019870,2267140717,2267141846,15964,1129
4594.031886,2267149729,2267150861,15963,1132
4594.043905,2267158731,2267159861,15625,1130
4594.055934,2267167761,2267168894,15947,1133
4594.067957,2267176784,2267177914,15949,1130
4594.079973,2267185784,2267186911,15630,1127
4594.092003,2267194797,2267195924,15950,1127
4594.104023,2267203825,2267204959,15964,1134
4594.116045,2267212876,2267214008,15745,1132
4594.128072,2267221902,2267223032,15952,1130
4594.140092,2267230920,2267232054,15968,1134
4594.152110,2267239950,2267241077,15595,1127
4594.164143,2267248977,2267250109,15996,1132
4594.176160,2267258004,2267259134,15961,1130
4594.188179,2267267002,2267268129,15626,1127
4594.200209,2267276017,2267277151,15946,1134
4594.212229,2267285062,2267286192,15834,1130
4594.224247,2267294088,2267295215,15596,1127
4594.236277,2267303113,2267304243,15856,1130
4594.248298,2267312144,2267313273,15972,1129
4594.260325,2267321152,2267322282,15803,1130
4594.272348,2267330193,2267331311,15890,1118
4594.311418,2267359489,2267360619,15940,1130
4594.323437,2267368530,2267369656,15592,1126
4594.335466,2267377543,2267378677,15947,1134
4594.347486,2267386564,2267387694,15963,1130
4594.359513,2267395579,2267396705,15710,1126
4594.371537,2267404597,2267405701,15807,1104
4594.389569,2267418105,2267419235,15949,1130
4594.401591,2267427154,2267428284,15935,1130
4594.419625,2267440708,2267441838,15934,1130
4594.431643,2267449706,2267450837,15634,1131
4594.443672,2267458734,2267459865,15950,1131
4594.461709,2267472264,2267473397,15989,1133
4594.473726,2267481291,2267482424,15969,1133
4594.515813,2267512890,2267514020,15959,1130
4594.527831,2267521976,2267523106,15934,1130
4594.539848,2267531001,2267532133,15599,1132
4594.551877,2267540022,2267541156,15949,1134
4594.563901,2267549048,2267550181,15954,1133
4594.575917,2267558062,2267559189,15628,1127
4594.593951,2267571603,2267572731,15622,1128
4594.605980,2267580635,2267581766,15949,1131
4594.630020,2267598701,2267599828,15624,1127
4594.645056,2267610434,2267611564,15936,1130
4594.684123,2267639735,2267640863,15626,1128
4594.696152,2267648767,2267649897,15949,1130
4594.714190,2267662325,2267663458,15954,1133
4594.726208,2267671393,2267672527,15964,1134
4594.784326,2267716481,2267717615,15947,1134
4594.888516,2267793179,2267794309,16053,1130
4594.900534,2267802184,2267803312,15708,1128
4594.912567,2267811227,2267812357,15957,1130
4594.924584,2267820256,2267821384,15964,1128
4594.945623,2267836059,2267837189,15820,1130
4594.957652,2267845083,2267846215,15996,1132
4594.984700,2267865367,2267866501,15941,1134
4594.996721,2267874390,2267875520,15962,1130
4595.008743,2267883416,2267884545,15828,1129
4595.020769,2267892450,2267893584,16035,1134
4595.035791,2267903723,2267904854,15712,1131
4595.047825,2267912771,2267913901,16046,1130
4595.065857,2267926287,2267927391,15882,1104
4595.077875,2267935288,2267936422,16049,1134
4595.092908,2267946557,2267947670,15891,1113
4595.104927,2267955562,2267956692,15941,1130
4595.131978,2267975871,2267977004,15960,1133
4595.143997,2267985073,2267986200,15623,1127
4595.162031,2267998595,2267999727,15623,1132
4595.174060,2268007625,2268008754,15945,1129
4595.210133,2268034709,2268035840,15947,1131
4595.222150,2268043743,2268044873,15963,1130
4595.270237,2268079797,2268080929,15708,1132
4595.285269,2268091099,2268092229,16047,1130
4595.297289,2268100096,2268101227,15708,1131
4595.315321,2268113654,2268114785,15672,1131
4595.327353,2268122674,2268123807,16036,1133
4595.339372,2268131720,2268132850,16052,1130
4595.351399,2268140726,2268141854,15809,1128
4595.372438,2268156521,2268157652,16035,1131
4595.384460,2268165573,2268166706,16021,1133
4595.399490,2268176849,2268177981,16042,1132
4595.411513,2268185908,2268187039,16037,1131
4595.423528,2268194926,2268196052,15709,1126
4595.435558,2268203947,2268205080,16035,1133
4595.447579,2268212981,2268214110,16050,1129
4595.459597,2268221992,2268223120,15710,1128
4595.471627,2268231015,2268232146,16040,1131
4595.483648,2268240073,2268241203,16026,1130
4595.495666,2268249088,2268250220,15707,1132
4595.507701,2268258138,2268259251,15879,1113
4595.519716,2268267139,2268268272,16057,1133
4595.531735,2268276148,2268277279,15715,1131
4595.545262,2268286506,2268287634,15627,1128
4595.560294,2268297821,2268298951,15930,1130
4595.572312,2268306826,2268307956,15711,1130
4595.584343,2268315841,2268316971,16062,1130
4595.644452,2268360943,2268362072,15910,1129
4595.656482,2268369991,2268371123,16038,1132
4595.743638,2268435324,2268436455,15711,1131
4595.755671,2268444580,2268445714,15966,1134
4595.767688,2268453619,2268454750,15969,1131
4595.779706,2268462658,2268463790,15598,1132
4595.791735,2268471687,2268472817,15950,1130
4595.803758,2268480726,2268481859,15947,1133
4595.815775,2268489763,2268490891,15595,1128
4595.851847,2268516846,2268517979,15827,1133
4595.863872,2268525882,2268527012,15952,1130
4595.875893,2268534920,2268536054,16053,1134
4595.899948,2268547134,2268547764,12029,630
4595.913472,2268552463,2268553306,13485,843
4595.925494,2268561158,2268562281,16083,1123
4595.937509,2268570176,2268571308,15916,1132
4595.949540,2268579226,2268580356,15996,1130
4595.961561,2268588283,2268589413,15973,1130
4595.988613,2268608665,2268609795,15978,1130
4596.000629,2268617723,2268618854,15822,1131
4596.027681,2268638096,2268639230,15829,1134
4596.039710,2268647159,2268648291,15914,1132
4596.051733,2268656218,2268657352,15978,1134
4596.063749,2268665273,2268666404,15830,1131
4596.075778,2268674329,2268675465,15909,1136
4596.087802,2268683384,2268684514,15985,1130
4596.099817,2268692453,2268693586,15838,1133
4596.111848,2268701516,2268702647,15906,1131
4596.123871,2268710572,2268711703,15987,1131
4596.135887,2268719633,2268720764,15741,1131
4596.147917,2268728680,2268729814,15818,1134
4596.159937,2268738186,2268739320,15957,1134
4596.171955,2268747252,2268748386,15858,1134
4596.183984,2268756302,2268757433,15904,1131
4596.196006,2268765357,2268766491,15881,1134
4596.208026,2268774426,2268775557,15840,1131
4596.220051,2268783486,2268784617,15908,1131
4596.232074,2268792533,2268793663,15959,1130
4596.244098,2268801588,2268802719,15902,1131
4596.256120,2268810642,2268811776,15898,1134
4596.268144,2268819705,2268820835,15974,1130
4596.280161,2268828750,2268829885,15859,1135
4596.292190,2268837814,2268838948,15908,1134
4596.304212,2268846872,2268848007,15976,1135
4596.316229,2268855931,2268857064,15844,1133
4596.328258,2268864999,2268866132,15918,1133
4596.340280,2268874062,2268875190,15959,1128
4596.352298,2268883124,2268884255,15844,1131
4596.364330,2268892189,2268893322,15919,1133
4596.376351,2268901244,2268902375,15990,1131
4596.388366,2268910300,2268911431,15840,1131
4596.401892,2268919098,2268920228,15914,1130
4596.413921,2268928150,2268929281,15998,1131
4596.425946,2268937204,2268938335,16075,1131
4596.437961,2268946259,2268947390,15930,1131
4596.462013,2268964362,2268965492,16060,1130
4596.474029,2268973415,2268974548,15839,1133
4596.486060,2268982470,2268983603,15910,1133
4596.498083,2268991526,2268992656,15990,1130
4596.513112,2269002847,2269003978,15918,1131
4596.525137,2269011903,2269013033,16083,1130
4596.564201,2269041342,2269042473,15843,1131
4596.576228,2269050443,2269051577,15903,1134
4596.588252,2269059510,2269060640,15971,1130
4596.600269,2269068576,2269069711,15856,1135
4596.612297,2269077642,2269078776,15907,1134
4596.624321,2269086702,2269087835,15971,1133
4596.636338,2269095761,2269096894,15842,1133
4596.648367,2269104812,2269105945,15911,1133
4596.669407,2269120665,2269121796,15977,1131
4596.681423,2269129715,2269130848,15844,1133
4596.693452,2269138768,2269139903,15909,1135
4596.705474,2269147831,2269148962,15959,1131
4596.723510,2269161412,2269162541,16064,1129
4596.735527,2269170468,2269171602,15929,1134
4596.753561,2269184053,2269185184,15856,1131
4596.765590,2269193110,2269194241,15908,1131
4596.777615,2269202182,2269203313,15975,1131
4596.804664,2269222562,2269223693,15976,1131
4596.816681,2269231617,2269232748,15843,1131
4596.831714,2269242943,2269244074,15955,1131
4596.861767,2269265592,2269266726,15843,1134
4596.873795,2269274657,2269275787,15925,1130
4596.885817,2269283711,2269284841,15960,1130
4596.903852,2269297293,2269298426,15960,1133
4596.915870,2269306349,2269307484,15847,1135
4596.927899,2269315405,2269316539,15910,1134
4596.939920,2269324475,2269325608,15913,1133
4596.951938,2269333542,2269334672,15859,1130
4596.963966,2269342602,2269343732,15911,1130
4596.975993,2269351679,2269352813,15979,1134
4596.988013,2269360748,2269361881,15992,1133
4597.000036,2269369809,2269370940,15996,1131
4597.033093,2269394720,2269395851,15916,1131
4597.045123,2269403783,2269404913,15990,1130
4597.069161,2269421904,2269423039,15834,1135
4597.081190,2269430971,2269432106,15905,1135
4597.105230,2269449088,2269450218,15828,1130
4597.117260,2269458146,2269459276,15911,1130
4597.129282,2269467198,2269468329,15975,1131
4597.141298,2269476261,2269477394,15829,1133
4597.159333,2269489849,2269490982,15830,1133
4597.177367,2269503441,2269504574,15826,1133
4597.189397,2269512506,2269513634,15912,1128
4597.204418,2269523830,2269524961,15860,1131
4597.216447,2269532892,2269534023,15908,1131
4597.237488,2269548749,2269549883,15915,1134
4597.249504,2269557811,2269558942,15841,1131
4597.261533,2269566875,2269568006,15898,1131
4597.280568,2269582721,2269583851,15951,1130
4597.339675,2269625736,2269626869,15836,1133
4597.351703,2269634798,2269635929,15911,1131
4597.363727,2269643863,2269644994,15980,1131
4597.381762,2269657449,2269658580,15974,1131
4597.393780,2269666542,2269667673,15840,1131
4597.441876,2269702769,2269703903,15904,1134
4597.453901,2269711839,2269712974,15990,1135
4597.465915,2269720903,2269722034,15838,1131
4597.477946,2269729958,2269731090,15908,1132
4597.489968,2269739019,2269740148,15973,1129
4597.514015,2269757136,2269758267,15912,1131
4597.526036,2269766194,2269767325,15974,1131
4597.545077,2269782042,2269783173,15825,1131
4597.574122,2269802422,2269803553,15916,1131
4597.586152,2269811478,2269812613,15998,1135
4597.598174,2269820559,2269821692,15981,1133
4597.613203,2269831886,2269833017,15909,1131
4597.625226,2269840939,2269842074,16076,1135
4597.640255,2269852268,2269853400,15992,1132
4597.652277,2269861329,2269862460,16061,1131
4597.664293,2269870788,2269871921,15846,1133
4597.679328,2269882129,2269883260,15970,1131
4597.712390,2269907039,2269908171,15906,1132
4597.724415,2269916098,2269917230,15963,1132
4597.736430,2269925159,2269926294,15841,1135
4597.748460,2269934229,2269935360,15904,1131
4597.793546,2269968197,2269969328,15919,1131
4597.805571,2269977272,2269978401,15992,1129
4597.820597,2269988594,2269989725,15902,1131
4597.832619,2269997644,2269998775,15914,1131
4597.844636,2270006700,2270007832,15844,1132
4597.856666,2270015767,2270016898,15908,1131
4597.868688,2270024832,2270025967,15972,1135
4597.880710,2270033895,2270035027,15902,1132
4597.892734,2270042963,2270044098,15907,1135
4597.943825,2270081466,2270082597,15823,1131
4597.955855,2270090522,2270091652,15909,1130
4597.967876,2270099578,2270100709,15972,1131
4597.979900,2270108635,2270109766,15919,1131
4598.000939,2270124481,2270125612,15907,1131
4598.012964,2270133557,2270134689,15990,1132
4598.024979,2270142622,2270143753,15830,1131
4598.037009,2270151682,2270152813,15902,1131
4598.058048,2270167526,2270168656,15973,1130
4598.085101,2270187911,2270189046,15992,1135
4598.097116,2270196980,2270198112,15920,1132
4598.154231,2270240033,2270241163,15990,1130
4598.166255,2270249094,2270250229,16072,1135
4598.184288,2270262702,2270263833,15974,1131
4598.205322,2270278565,2270279694,15845,1129
4598.224369,2270294433,2270295567,15906,1134
4598.268442,2270326153,2270327284,15840,1131
4598.280471,2270335232,2270336364,15910,1132
4598.319544,2270364681,2270365814,15961,1133
4598.331562,2270373740,2270374875,15845,1135
4598.343590,2270382809,2270383941,15905,1132
4598.373648,2270405472,2270406607,15980,1135
4598.385665,2270414535,2270415666,15858,1131
4598.397694,2270423596,2270424727,15910,1131
4598.409715,2270432653,2270433784,15956,1131
4598.424747,2270443992,2270445126,15908,1134
4598.439767,2270455310,2270456446,15823,1136
4598.476850,2270484767,2270485901,16002,1134
4598.553992,2270541420,2270542551,16081,1131
4598.566008,2270550472,2270551603,15835,1131
4598.581043,2270561804,2270562935,15977,1131
4598.593060,2270570872,2270572007,15833,1135
4598.617113,2270588999,2270590131,15990,1132
4598.629128,2270598070,2270599202,15756,1132
4598.665196,2270625250,2270626381,15844,1131
4598.677226,2270634308,2270635439,15913,1131
4598.779422,2270711329,2270712460,15995,1131
4598.791437,2270720393,2270721527,15830,1134
4598.803466,2270729460,2270730591,15912,1131
4598.821500,2270743054,2270744181,15913,1127
4598.833521,2270752125,2270753260,16046,1135
4598.888630,2270795187,2270796319,15927,1132
4598.920687,2270817848,2270818978,15908,1130
4598.932710,2270826914,2270828046,15961,1132
4598.983807,2270865423,2270866556,15906,1133
4598.995831,2270874502,2270875633,15975,1131
4599.007848,2270883564,2270884697,15846,1133
4599.019876,2270892629,2270893764,15915,1135
4599.031900,2270901700,2270902832,15976,1132
4599.049935,2270915292,2270916423,15971,1131
4599.061951,2270924360,2270925492,15843,1132
4599.079985,2270937954,2270939088,15828,1134
4599.092015,2270947017,2270948153,15829,1136
4599.104038,2270956089,2270957219,15904,1130
4599.116054,2270965163,2270966298,15832,1135
4599.158142,2270996896,2270998031,16081,1135
4599.170163,2271005965,2271007096,15993,1131
4599.180683,2271014319,2271015457,16018,1138
4599.208742,2271036997,2271038129,15816,1132
4599.228768,2271050606,2271051737,15830,1131
4599.240797,2271059681,2271060818,15903,1137
4599.267848,2271080097,2271081229,15907,1132
4599.312933,2271114080,2271115211,15900,1131
4599.324956,2271123146,2271124276,15962,1130
4599.336974,2271132217,2271133351,15859,1134
4599.352007,2271143545,2271144676,15954,1131
4599.413123,2271191140,2271192271,15972,1131
4599.436162,2271207020,2271208151,15858,1131
4599.448193,2271216094,2271217229,15904,1135
4599.460214,2271225157,2271226288,15971,1131
4599.472231,2271234210,2271235342,15911,1132
4599.484260,2271243271,2271244403,15996,1132
4599.496285,2271252338,2271253473,16076,1135
4599.508300,2271261402,2271262534,15917,1132
4599.523335,2271272739,2271273873,16061,1134
4599.577439,2271313488,2271314622,16074,1134
4599.589454,2271322552,2271323687,15913,1135
4599.601483,2271331617,2271332749,15994,1132
4599.613507,2271340679,2271341809,16081,1130
4599.631540,2271354274,2271355409,15974,1135
4599.643557,2271363357,2271364492,15842,1135
4599.655588,2271372409,2271373542,16024,1133
4599.667610,2271381481,2271382615,15998,1134
4599.679626,2271390559,2271391690,15897,1131
4599.691655,2271399627,2271400759,15993,1132
4599.703679,2271408683,2271409816,16079,1133
4599.739747,2271435893,2271437025,16061,1132
4599.751763,2271444966,2271446097,15932,1131
4599.763793,2271454034,2271455166,15907,1132
4599.775816,2271463099,2271464231,15994,1132
4599.787834,2271472168,2271473303,15860,1135
4599.799860,2271481237,2271482369,15907,1132
4599.811885,2271490301,2271491436,15986,1135
4599.823900,2271499361,2271500496,15845,1135
4599.835931,2271508427,2271509558,15997,1131
4599.847951,2271517498,2271518632,15959,1134
4599.859968,2271526574,2271527705,15855,1131
4599.871996,2271535630,2271536765,15908,1135
4599.884020,2271544693,2271545825,15981,1132
4599.896037,2271553758,2271554893,15843,1135
4599.908065,2271562823,2271563954,15906,1131
4599.920088,2271571885,2271573015,15965,1130
4599.932106,2271580939,2271582069,15857,1130
4599.944135,2271590003,2271591135,15904,1132
4599.957164,2271601330,2271602462,15854,1132
4600.010262,2271639856,2271640991,15991,1135
4600.022275,2271648883,2271650012,15618,1129
4600.049328,2271669263,2271670397,15854,1134
4600.061361,2271678345,2271679479,15822,1134
4600.073378,2271687621,2271688753,15930,1132
4600.085398,2271696626,2271697755,15631,1129
4600.103432,2271710124,2271711255,15634,1131
4600.115461,2271719166,2271720301,15991,1135
4600.133492,2271732724,2271733856,15944,1132
4600.145513,2271741758,2271742890,15963,1132
4600.157535,2271750789,2271751918,15636,1129
4600.169565,2271759832,2271760962,15997,1130
4600.199605,2271782365,2271783498,15684,1133
4600.211642,2271791418,2271792547,15676,1129
4600.223664,2271800448,2271801579,15940,1131
4600.236693,2271811719,2271812848,15625,1129
4600.256723,2271825264,2271826400,15819,1136
4600.268753,2271834349,2271835481,15941,1132
4600.361920,2271904131,2271905259,15719,1128
4600.373947,2271913154,2271914284,15718,1130
4600.388964,2271924427,2271925557,15755,1130
4600.425033,2271951460,2271952589,15680,1129
4600.440076,2271962710,2271963841,15950,1131
4600.464113,2271980721,2271981856,15824,1135
4600.476142,2271989785,2271990917,15929,1132
4600.488153,2271998794,2271999928,15682,1134
4600.500187,2272007827,2272008956,15631,1129
4600.512215,2272016842,2272017974,15959,1132
4600.524233,2272025879,2272027011,15875,1132
4600.536255,2272034875,2272035982,15826,1107
4600.548284,2272043874,2272045010,16017,1136
4600.560297,2272052882,2272054011,15650,1129
4600.572323,2272061904,2272063032,15642,1128
4600.588364,2272075418,2272076547,15645,1129
4600.641445,2272113672,2272114801,15681,1129
4600.653479,2272122659,2272123786,15632,1127
4600.665508,2272131706,2272132842,15991,1136
4600.683540,2272145258,2272146390,16044,1132
4600.695560,2272154817,2272155952,16020,1135
4600.707588,2272163839,2272164968,15782,1129
4600.719609,2272172859,2272173989,16081,1130
4600.731621,2272181855,2272182984,15793,1129
4600.743649,2272190839,2272191972,15718,1133
4600.755678,2272199862,2272200994,16061,1132
4600.767687,2272208891,2272210024,15770,1133
4600.779718,2272217903,2272219035,15734,1132
4600.791746,2272226927,2272228061,16052,1134
4600.803753,2272235921,2272237053,15757,1132
4600.875891,2272290018,2272291147,15683,1129
4600.887922,2272299049,2272300181,15905,1132
4600.899953,2272308077,2272309212,16063,1135
4600.911960,2272317082,2272318215,15763,1133
4600.923992,2272326110,2272327240,15752,1130
4600.936021,2272335129,2272336262,16103,1133
4600.948032,2272344131,2272345259,15814,1128
4600.960059,2272353169,2272354300,15902,1131
4600.972090,2272362179,2272363314,16062,1135
4600.984096,2272371204,2272372337,15760,1133
4601.009164,2272391480,2272392613,15761,1133
4601.032198,2272407250,2272408381,15729,1131
4601.044226,2272416266,2272417398,16081,1132
4601.056245,2272425282,2272426416,15947,1134
4601.068267,2272434311,2272435415,15915,1104
4601.080295,2272443295,2272444429,16076,1134
4601.113353,2272468113,2272469245,15702,1132
4601.125381,2272477156,2272478288,16086,1132
4601.161451,2272504228,2272505364,16050,1136
4601.173456,2272513254,2272514387,15763,1133
4601.191496,2272526774,2272527903,15793,1129
4601.203531,2272535806,2272536935,15786,1129
4601.215553,2272544810,2272545945,16069,1135
4601.227559,2272553817,2272554950,15761,1133
4601.239593,2272562822,2272563951,15635,1129
4601.251624,2272571847,2272572953,15831,1106
4601.263629,2272580838,2272581967,15679,1129
4601.284679,2272596627,2272597758,15636,1131
4601.296708,2272605737,2272606869,15964,1132
4601.308714,2272614739,2272615868,15674,1129
4601.323759,2272625995,2272627131,16008,1136
4601.335767,2272635012,2272636138,15703,1126
4601.347798,2272644014,2272645147,15727,1133
4601.425937,2272702611,2272703744,15761,1133
4601.437970,2272711637,2272712766,15713,1129
4601.450000,2272720662,2272721794,15996,1132
4601.462007,2272729681,2272730814,15678,1133
4601.492070,2272752212,2272753342,15598,1130
4601.504103,2272761284,2272762415,15968,1131
4601.516108,2272770269,2272771402,15689,1133
4601.528142,2272779302,2272780432,15615,1130
4601.540170,2272788334,2272789469,15991,1135
4601.552184,2272797332,2272798459,15637,1127
4601.564210,2272806374,2272807506,15633,1132
4601.636348,2272860462,2272861590,15635,1128
4601.648376,2272869494,2272870626,15980,1132
4601.696451,2272905590,2272906723,15676,1133
4601.708485,2272914650,2272915783,15636,1133
4601.720513,2272923679,2272924811,15978,1132
4601.732520,2272932679,2272933811,15681,1132
4601.744554,2272941692,2272942824,15636,1132
4601.843742,2273016085,2273017217,15718,1132
4601.855771,2273025136,2273026268,16076,1132
4601.867777,2273034154,2273035283,15680,1129
4601.885812,2273047696,2273048826,15687,1130
4601.897852,2273056734,2273057867,15708,1133
4601.912862,2273068027,2273069159,15763,1132
4601.927907,2273079293,2273080429,16073,1136
4601.939914,2273088304,2273089436,15761,1132
4601.951943,2273097329,2273098462,15878,1133
4601.963977,2273106370,2273107506,16069,1136
4601.975983,2273115399,2273116532,15681,1133
4601.988017,2273124412,2273125544,15639,1132
4602.006051,2273137905,2273139038,15613,1133
4602.018078,2273146924,2273148059,15990,1135
4602.057138,2273176283,2273177416,15676,1133
4602.069173,2273185301,2273186433,15598,1132
4602.090216,2273201080,2273202215,16061,1135
4602.102222,2273210086,2273211218,15759,1132
4602.120257,2273223632,2273224765,15684,1133
4602.132291,2273232679,2273233811,15640,1132
4602.144320,2273241697,2273242833,15984,1136
4602.156327,2273250764,2273251897,15675,1133
4602.172372,2273264307,2273265437,15679,1130
4602.195417,2273280104,2273281237,15792,1133
4602.207442,2273289690,2273290826,16054,1136
4602.249509,2273321314,2273322446,15899,1132
4602.261542,2273330342,2273331477,16067,1135
4602.273549,2273339352,2273340485,15763,1133
4602.312634,2273368652,2273369785,15715,1133
4602.324663,2273377735,2273378867,15956,1132
4602.336668,2273386752,2273387885,15677,1133
4602.381754,2273420604,2273421734,15677,1130
4602.393793,2273429619,2273430752,15710,1133
4602.420840,2273449936,2273451069,15731,1133
4602.432866,2273458961,2273460097,16051,1136
4602.471926,2273488281,2273489413,15760,1132
4602.483959,2273497304,2273498411,15919,1107
4602.501994,2273510802,2273511934,15636,1132
4602.514022,2273519824,2273520958,15978,1134
4602.538061,2273537918,2273539054,15916,1136
4602.550092,2273546978,2273548114,16083,1136
4602.589149,2273576286,2273577419,15760,1133
4602.601183,2273585298,2273586430,15717,1132
4602.613211,2273594336,2273595468,16067,1132
4602.691361,2273652981,2273654113,15707,1132
4602.703382,2273662015,2273663147,15977,1132
4602.715389,2273671042,2273672175,15683,1133
4602.739450,2273689237,2273690373,15971,1136
4602.751459,2273698280,2273699407,15680,1127
4602.763491,2273707271,2273708378,15829,1107
4602.775519,2273716277,2273717408,15932,1131
4602.793553,2273729818,2273730952,15946,1134
4602.805574,2273738850,2273739984,15948,1134
4602.907766,2273815550,2273816683,15720,1133
4602.931800,2273833618,2273834751,15754,1133
4602.943829,2273842854,2273843987,15815,1133
4602.955862,2273851895,2273853030,15975,1135
4602.967869,2273860909,2273862039,15681,1130
4602.979899,2273869913,2273871043,15599,1130
4602.991930,2273878955,2273880090,15957,1135
4603.003938,2273887971,2273889101,15681,1130
4603.015971,2273896984,2273898116,15639,1132
4603.027997,2273906047,2273907181,15944,1134
4603.040017,2273915062,2273916194,15596,1132
4603.058040,2273928631,2273929765,15676,1134
4603.070074,2273937647,2273938777,15637,1130
4603.082102,2273946690,2273947825,15976,1135
4603.094114,2273955697,2273956829,15713,1132
4603.130177,2273982774,2273983904,15675,1130
4603.154240,2274001033,2274002166,15976,1133
4603.166246,2274010051,2274011183,15680,1132
4603.178280,2274019079,2274020211,15635,1132
4603.232384,2274059682,2274060814,15635,1132
4603.244412,2274068741,2274069877,15989,1136
4603.256418,2274077767,2274078900,15680,1133
4603.268451,2274086779,2274087912,15641,1133
4603.332567,2274136399,2274137531,15969,1132
4603.355607,2274152222,2274153357,15680,1135
4603.367640,2274161273,2274162403,15641,1130
4603.385681,2274174796,2274175927,15707,1131
4603.397703,2274183843,2274184979,15977,1136
4603.436768,2274213151,2274214281,15640,1130
4603.448795,2274222194,2274223326,15635,1132
4603.472829,2274240217,2274241351,15677,1134
4603.484870,2274249243,2274250374,15709,1131
4603.536972,2274289866,2274291002,15806,1136
4603.555503,2274302332,2274303468,15973,1136
4603.567509,2274311384,2274312516,15685,1132
4603.579543,2274320415,2274321544,15640,1129
4603.597577,2274333994,2274335128,15634,1134
4603.609605,2274343035,2274344171,15979,1136
4603.645674,2274370110,2274371246,15981,1136
4603.657681,2274379172,2274380306,15681,1134
4603.687744,2274401752,2274402889,15809,1137
4603.699776,2274410786,2274411920,16006,1134
4603.711784,2274419799,2274420933,15681,1134
4603.722322,2274427911,2274429044,16087,1133
4603.752361,2274450731,2274451860,15685,1129
4603.764394,2274459981,2274461111,15717,1130
4603.776420,2274469031,2274470167,16028,1136
4603.857578,2274529963,2274531100,16069,1137
4603.869584,2274539016,2274540146,15759,1130
4603.908669,2274568335,2274569465,15638,1130
4603.920697,2274577356,2274578493,15973,1137
4603.959755,2274606693,2274607823,15678,1130
4603.973281,2274616988,2274618122,15679,1134
4604.064472,2274686980,2274688112,15721,1132
4604.105549,2274716351,2274717487,15978,1136
4604.117556,2274725392,2274726525,15685,1133
4604.156641,2274754726,2274755858,15638,1132
4604.168670,2274763791,2274764927,15988,1136
4604.195721,2274784157,2274785289,15979,1132
4604.207727,2274793180,2274794310,15681,1130
4604.219761,2274802191,2274803321,15634,1130
4604.240806,2274818006,2274819142,15979,1136
4604.252812,2274827035,2274828169,15678,1134
4604.267858,2274838327,2274839462,15976,1135
4604.279872,2274847357,2274848491,15639,1134
4604.291898,2274856403,2274857536,15640,1133
4604.303926,2274865435,2274866570,15977,1135
4604.315932,2274874449,2274875582,15681,1133
4604.327973,2274883471,2274884605,15713,1134
4604.339994,2274892538,2274893673,15952,1135
4604.352008,2274901615,2274902749,15613,1134
4604.364038,2274910686,2274911817,15745,1131
4604.376064,2274919779,2274920912,15985,1133
4604.388077,2274928846,2274929980,15600,1134
4604.400111,2274937913,2274939048,15941,1135
4604.412133,2274946987,2274948123,15898,1136
4604.424138,2274956008,2274957141,15682,1133
4604.436172,2274965039,2274966173,15636,1134
4604.448201,2274974088,2274975224,15981,1136
4604.460207,2274983116,2274984246,15598,1130
4604.472241,2274992129,2274993261,15642,1132
4604.484268,2275001188,2275002309,15721,1121
4604.496276,2275010183,2275011317,15685,1134
4604.508310,2275019220,2275020354,15638,1134
4604.520338,2275028254,2275029389,15976,1135
4604.535361,2275039528,2275040662,15632,1134
4604.571430,2275066614,2275067746,15640,1132
4604.583459,2275075704,2275076838,16049,1134
4604.595464,2275084748,2275085882,15764,1134
4604.607498,2275093777,2275094885,15920,1108
4604.619523,2275102809,2275103945,16029,1136
4604.631533,2275111835,2275112965,15681,1130
4604.643567,2275120840,2275121974,15641,1134
4604.655595,2275129870,2275131006,15978,1136
4604.667601,2275138901,2275140035,15677,1134
4604.712688,2275172760,2275173890,15681,1130
4604.724728,2275181777,2275182910,15713,1133
4604.775815,2275220143,2275221274,15641,1131
4604.787842,2275229205,2275230338,15650,1133
4604.799868,2275238251,2275239386,15965,1135
4604.811876,2275247271,2275248403,15603,1132
4604.823916,2275256304,2275257422,15913,1118
4604.835936,2275265318,2275266451,15966,1133
4604.847944,2275274334,2275275468,15679,1134
4604.859978,2275283354,2275284467,15848,1113
4604.872006,2275292355,2275293473,15810,1118
4604.884015,2275301375,2275302504,15687,1129
4604.896047,2275310418,2275311552,15639,1134
4604.908075,2275319460,2275320593,15898,1133
4604.921102,2275330774,2275331908,15717,1134
4604.980214,2275373698,2275374833,15995,1135
4604.992220,2275382787,2275383921,15765,1134
4605.004253,2275391814,2275392947,15721,1133
4605.016283,2275400862,2275401981,15915,1119
4605.028287,2275409901,2275411031,15760,1130
4605.040318,2275418943,2275420077,15638,1134
4605.073381,2275443753,2275444885,15641,1132
4605.086913,2275451167,2275451847,13493,680
4605.100332,2275457229,2275457859,12048,630
4605.113952,2275463955,2275465086,15683,1131
4605.125979,2275472974,2275474110,15816,1136
4605.153036,2275493273,2275494407,15636,1134
4605.165063,2275502314,2275503450,15971,1136
4605.177070,2275511351,2275512481,15683,1130
4605.204122,2275531915,2275533049,15761,1134
4605.216156,2275540936,2275542068,15728,1132
4605.228184,2275549998,2275551141,15972,1143
4605.240192,2275559718,2275560850,15675,1132
4605.255235,2275571270,2275572406,15975,1136
4605.270262,2275582632,2275583767,15687,1135
4605.282284,2275591704,2275592838,16027,1134
4605.300321,2275605283,2275606420,16051,1137
4605.312330,2275614356,2275615490,15772,1134
4605.327372,2275625683,2275626819,15970,1136
4605.339379,2275634741,2275635870,15614,1129
4605.351413,2275643773,2275644906,15647,1133
4605.363443,2275652865,2275654000,15990,1135
4605.384465,2275668728,2275669861,15675,1133
4605.397996,2275679006,2275680139,15761,1133
4605.410025,2275688086,2275689220,15725,1134
4605.425041,2275699435,2275700569,15671,1134
4605.437077,2275708498,2275709634,15848,1136
4605.458121,2275724361,2275725496,16052,1135
4605.471646,2275734749,2275735893,16045,1144
4605.483653,2275743813,2275744943,15612,1130
4605.495687,2275752879,2275754011,15923,1132
4605.513718,2275766486,2275767620,15681,1134
4605.525753,2275775575,2275776708,16071,1133
4605.543784,2275789157,2275790289,16055,1132
4605.555791,2275798475,2275799607,15618,1132
4605.567831,2275807533,2275808668,15797,1135
4605.579852,2275816602,2275817738,16062,1136
4605.592331,2275825654,2275826654,15352,1000
4605.605388,2275834654,2275835787,15677,1133
4605.629446,2275852739,2275853875,16059,1136
4605.641453,2275861773,2275862907,15761,1134
4605.656497,2275873084,2275874220,15970,1136
4605.668512,2275882104,2275883238,15713,1134
4605.680539,2275891160,2275892293,15726,1133
4605.695556,2275902456,2275903590,15679,1134
4605.707590,2275911482,2275912616,15642,1134
4605.719618,2275920532,2275921668,16034,1136
4605.731625,2275929555,2275930688,15674,1133
4605.743659,2275938562,2275939694,15642,1132
4605.755688,2275947625,2275948761,15870,1136
4605.767701,2275956643,2275957776,15634,1133
4605.779723,2275965709,2275966843,15634,1134
4605.791752,2275974780,2275975916,15933,1136
4605.803776,2275983830,2275984966,15949,1136
4605.815803,2275992868,2275994000,15716,1132
4605.827824,2276001920,2276003053,15971,1133
4605.839831,2276010969,2276012102,15679,1133
4605.851865,2276019977,2276021111,15637,1134
4605.863892,2276029017,2276030154,15971,1137
4605.875901,2276038079,2276039209,15684,1130
4605.887934,2276047106,2276048237,15643,1131
4605.920985,2276071956,2276073090,15676,1134
4605.933019,2276080993,2276082112,15837,1119
4605.945046,2276090030,2276091163,15968,1133
4605.957054,2276099044,2276100175,15682,1131
4605.969082,2276108095,2276109228,15812,1133
4605.981115,2276117137,2276118269,16061,1132
4605.993124,2276126194,2276127327,15762,1133
4606.005156,2276135221,2276136355,15644,1134
4606.017184,2276144298,2276145434,15985,1136
4606.029191,2276153326,2276154459,15679,1133
4606.041225,2276162327,2276163461,15639,1134
4606.065266,2276180402,2276181530,15715,1128
4606.077293,2276189449,2276190583,15706,1134
4606.101328,2276207533,2276208666,15676,1133
4606.113369,2276216574,2276217704,15712,1130
4606.137396,2276234640,2276235774,15679,1134
4606.149431,2276243676,2276244810,15644,1134
4606.161455,2276252742,2276253877,15930,1135
4606.173474,2276261779,2276262912,15707,1133
4606.185499,2276270830,2276271959,15643,1129
4606.209534,2276288939,2276290068,15681,1129
4606.221569,2276298033,2276299167,15656,1134
4606.245602,2276316107,2276317237,15680,1130
4606.257636,2276325122,2276326255,15653,1133
4606.269664,2276334190,2276335327,15974,1137
4606.281671,2276343218,2276344348,15679,1130
4606.308723,2276363550,2276364682,15683,1132
4606.320757,2276372591,2276373725,15641,1134
4606.332784,2276381634,2276382771,15974,1137
4606.344791,2276390688,2276391822,15763,1134
4606.377870,2276415559,2276416696,16061,1137
4606.389877,2276424586,2276425718,15761,1132
4606.401910,2276433618,2276434748,15720,1130
4606.416928,2276444915,2276446048,15760,1133
4606.428962,2276454170,2276455303,15721,1133
4606.462021,2276479018,2276480152,15716,1134
4606.474048,2276488065,2276489199,15725,1134
4606.486075,2276497106,2276498244,16055,1138
4606.501099,2276508413,2276509547,15715,1134
4606.576247,2276564891,2276566027,15972,1136
4606.588254,2276573942,2276575071,15760,1129
4606.600290,2276582992,2276584125,15721,1133
4606.612315,2276592035,2276593171,15944,1136
4606.624324,2276601083,2276602217,15677,1134
4606.684453,2276646332,2276647469,15969,1137
4606.696460,2276655387,2276656521,15762,1134
4606.708500,2276664434,2276665569,15765,1135
4606.723511,2276675728,2276676857,15759,1129
4606.735545,2276684763,2276685893,15717,1130
4606.747574,2276694464,2276695594,16041,1130
4606.759587,2276703489,2276704620,15720,1131
4606.771610,2276712550,2276713680,15718,1130
4606.783641,2276721603,2276722740,16059,1137
4606.795650,2276730660,2276731794,15762,1134
4606.807689,2276739699,2276740833,15713,1134
4606.819710,2276748747,2276749882,15964,1135
4606.831717,2276757769,2276758902,15679,1133
4606.852768,2276773785,2276774919,15635,1134
4606.864797,2276782852,2276783987,15989,1135
4606.888837,2276800923,2276802054,15645,1131
4606.900864,2276809971,2276811104,15969,1133
4606.916883,2276823527,2276824664,15963,1137
4606.957965,2276852928,2276854062,15679,1134
4606.969991,2276861972,2276863091,15921,1119
4606.982018,2276870997,2276872129,16058,1132
4607.021077,2276900343,2276901477,15763,1134
4607.033111,2276909378,2276910512,15723,1134
4607.049148,2276922953,2276924087,15636,1134
4607.069180,2276936502,2276937635,15638,1133
4607.081208,2276945553,2276946687,16067,1134
4607.123283,2276977186,2276978321,15722,1135
4607.135310,2276986232,2276987364,16057,1132
4607.147317,2276995272,2276996404,15683,1132
4607.165353,2277008864,2277009998,15678,1134
4607.177385,2277017913,2277019047,15639,1134
4607.225482,2277054070,2277055206,15972,1136
4607.237488,2277063137,2277064268,15677,1131
4607.249524,2277072203,2277073334,15640,1131
4607.261552,2277081264,2277082401,15989,1137
4607.273557,2277090297,2277091428,15679,1131
4607.285591,2277099328,2277100461,15635,1133
4607.297619,2277108372,2277109507,15977,1135
4607.309626,2277117426,2277118559,15678,1133
4607.336678,2277137764,2277138898,15688,1134
4607.348712,2277146822,2277147952,15643,1130
4607.369756,2277162652,2277163789,16055,1137
4607.381763,2277171687,2277172816,15761,1129
4607.417846,2277198811,2277199949,16035,1138
4607.432876,2277210123,2277211259,16048,1136
4607.444883,2277219159,2277220293,15760,1134
4607.465934,2277235092,2277236226,15636,1134
4607.477962,2277244140,2277245277,15973,1137
4607.541082,2277291532,2277292667,15974,1135
4607.553097,2277300608,2277301741,15600,1133
4607.565123,2277309660,2277310794,15726,1134
4607.643261,2277368415,2277369548,15763,1133
4607.655289,2277377657,2277378794,15907,1137
4607.667322,2277386712,2277387849,15967,1137
4607.709397,2277418319,2277419437,15833,1118
4607.721425,2277427345,2277428482,15966,1137
4607.733432,2277436390,2277437524,15677,1134
4607.748476,2277447695,2277448833,15973,1138
4607.772517,2277465804,2277466939,15724,1135
4607.784545,2277474858,2277475994,16059,1136
4607.848666,2277524621,2277525755,15717,1134
4607.865698,2277535982,2277537114,15935,1132
4607.877706,2277545025,2277546160,15761,1135
4607.892750,2277556334,2277557471,16058,1137
4607.904758,2277565372,2277566505,15686,1133
4607.916791,2277574430,2277575563,15832,1133
4607.931809,2277585749,2277586884,15682,1135
4607.961877,2277608392,2277609526,15644,1134
4607.973905,2277617446,2277618582,15974,1136
4607.985912,2277626477,2277627608,15684,1131
4607.997953,2277635498,2277636622,15912,1124
4608.009973,2277644544,2277645681,15966,1137
4608.040014,2277667157,2277668290,15758,1133
4608.052044,2277676205,2277677342,15905,1137
4608.064078,2277685314,2277686446,16076,1132
4608.082107,2277698880,2277700016,16016,1136
4608.094117,2277707926,2277709061,15674,1135
4608.124179,2277730535,2277731669,15565,1134
4608.136215,2277739574,2277740701,15905,1127
4608.148228,2277748611,2277749747,15722,1136
4608.166255,2277762191,2277763325,15759,1134
4608.199334,2277787062,2277788199,15950,1137
4608.211341,2277796105,2277797239,15679,1134
4608.223374,2277805135,2277806251,15827,1116
4608.236404,2277816428,2277817563,15674,1135
4608.248438,2277826023,2277827166,15852,1143
4608.265447,2277837376,2277838510,15684,1134
4608.277479,2277846460,2277847594,15641,1134
4608.295518,2277860060,2277861195,15713,1135
4608.307541,2277869109,2277870229,15821,1120
4608.319546,2277878122,2277879256,15680,1134
4608.331580,2277887159,2277888285,15837,1126
4608.343608,2277896202,2277897339,15970,1137
4608.355617,2277905260,2277906393,15680,1133
4608.367648,2277914309,2277915442,15840,1133
4608.379677,2277923356,2277924488,15978,1132
4608.391684,2277932395,2277933529,15678,1134
4608.463821,2277986678,2277987810,15762,1132
4608.475853,2277995783,2277996920,15839,1137
4608.487882,2278004843,2278005980,15972,1137
4608.499904,2278013900,2278015037,15953,1137
4608.511923,2278022963,2278024098,15643,1135
4608.523951,2278032014,2278033150,15970,1136
4608.535958,2278041054,2278042189,15681,1135
4608.547987,2278050107,2278051246,15819,1139
4608.560019,2278059167,2278060304,15969,1137
4608.572027,2278068209,2278069342,15684,1133
4608.584059,2278077257,2278078395,15835,1138
4608.596088,2278086310,2278087445,15954,1135
4608.608096,2278095353,2278096486,15684,1133
4608.677242,2278147388,2278148525,15973,1137
4608.689253,2278156496,2278157631,15680,1135
4608.701283,2278165557,2278166691,15653,1134
4608.719318,2278179125,2278180255,15651,1130
4608.731344,2278188175,2278189312,15956,1137
4608.743360,2278197217,2278198352,15650,1135
4608.761386,2278210806,2278211936,15674,1130
4608.773420,2278219836,2278220969,15655,1133
4608.803481,2278242439,2278243576,15956,1137
4608.815489,2278251491,2278252625,15760,1134
4608.827523,2278260520,2278261653,15742,1133
4608.839550,2278269571,2278270708,15956,1137
4608.851559,2278278647,2278279781,15677,1134
4608.863592,2278287677,2278288795,15847,1118
4608.875619,2278296702,2278297839,15960,1137
4608.887640,2278305778,2278306914,16036,1136
4608.899660,2278314820,2278315951,15733,1131
4608.911687,2278323881,2278325018,16048,1137
4608.923696,2278332941,2278334077,15771,1136
4608.935729,2278342006,2278343137,15723,1131
4608.947757,2278351090,2278352227,15978,1137
4608.959764,2278360130,2278361263,15677,1133
4608.971798,2278369161,2278370274,15836,1113
4608.983825,2278378184,2278379321,15971,1137
4608.995833,2278387211,2278388343,15681,1132
4609.007867,2278396252,2278397387,15644,1135
4609.019893,2278405322,2278406449,15770,1127
4609.031901,2278414347,2278415477,15680,1130
4609.043930,2278423398,2278424536,15816,1138
4609.055963,2278432455,2278433592,16063,1137
4609.067971,2278441486,2278442621,15763,1135
4609.080003,2278450517,2278451635,15922,1118
4609.092031,2278459665,2278460799,15951,1134
4609.104038,2278468693,2278469828,15682,1135
4609.116073,2278477724,2278478859,15599,1135
4609.128100,2278486784,2278487920,15969,1136
4609.140115,2278495820,2278496955,15637,1135
4609.152141,2278504887,2278506022,15641,1135
4609.224278,2278559233,2278560368,15722,1135
4609.236307,2278568312,2278569449,16049,1137
4609.248313,2278577369,2278578504,15760,1135
4609.269364,2278593200,2278594331,15642,1131
4609.281391,2278602239,2278603376,15968,1137
4609.293400,2278611492,2278612627,15680,1135
4609.320450,2278631859,2278632992,15679,1133
4609.332484,2278640890,2278642024,15641,1134
4609.347503,2278652225,2278653362,15674,1137
4609.359535,2278661300,2278662427,15833,1127
4609.371565,2278670339,2278671461,15825,1122
4609.383583,2278679390,2278680526,15915,1136
4609.395602,2278688458,2278689590,15637,1132
4609.407633,2278697511,2278698643,15902,1132
4609.419642,2278706596,2278707726,15788,1130
4609.431672,2278715660,2278716795,15721,1135
4609.443702,2278724742,2278725875,16074,1133
4609.455707,2278733813,2278734948,15767,1135
4609.467741,2278742856,2278743971,15949,1115
4609.479769,2278751873,2278753005,15973,1132
4609.491776,2278760903,2278762039,15683,1136
4609.503809,2278770120,2278771258,15895,1138
4609.515838,2278779176,2278780313,16060,1137
4609.527844,2278788226,2278789361,15762,1135
4609.539873,2278797298,2278798434,15898,1136
4609.551907,2278806338,2278807475,16068,1137
4609.563914,2278815376,2278816511,15765,1135
4609.581947,2278828971,2278830106,15755,1135
4609.593981,2278838020,2278839151,15643,1131
4609.624044,2278860641,2278861774,15977,1133
4609.636058,2278869673,2278870803,15642,1130
4609.648085,2278878742,2278879879,15559,1137
4609.666118,2278892315,2278893450,15633,1135
4609.678148,2278901390,2278902533,15977,1143
4609.705198,2278921730,2278922867,16065,1137
4609.717206,2278930838,2278931973,15761,1135
4609.757285,2278962505,2278963642,16061,1137
4609.772828,2278972973,2278974117,16029,1144
4609.879513,2279053637,2279054771,15678,1134
4609.891547,2279062675,2279063810,15643,1135
4609.903575,2279071721,2279072858,15977,1137
4609.915593,2279080792,2279081931,15926,1139
4609.927615,2279089854,2279090988,15638,1134
4609.939642,2279098932,2279100054,15807,1122
4609.951650,2279107954,2279109088,15678,1134
4609.963684,2279116983,2279118118,15641,1135
4609.975714,2279126037,2279127150,15832,1113
4609.987719,2279135051,2279136186,15602,1135
4609.999752,2279144105,2279145238,15840,1133
4610.011781,2279153163,2279154298,15932,1135
4610.023789,2279162232,2279163367,15681,1135
4610.035820,2279171318,2279172456,15808,1138
4610.047850,2279180370,2279181502,15971,1132
4610.096947,2279218813,2279219948,15635,1135
4610.116976,2279232375,2279233510,15716,1135
4610.129002,2279241458,2279242602,15955,1144
4610.144027,2279252816,2279253947,15634,1131
4610.201141,2279295846,2279296980,15975,1134
4610.213148,2279304908,2279306044,15683,1136
4610.249229,2279332093,2279333236,15996,1143
4610.261250,2279341153,2279342285,15723,1132
4610.273279,2279350200,2279351334,16069,1134
4610.303319,2279372863,2279373998,15758,1135
4610.315352,2279381934,2279383071,15916,1137
4610.327381,2279391028,2279392165,15991,1137
4610.339388,2279400092,2279401227,15679,1135
4610.351422,2279409120,2279410255,15641,1135
4610.372468,2279424968,2279426090,15827,1122
4610.384479,2279433996,2279435135,15728,1139
4610.411525,2279454356,2279455487,15681,1131
4610.423559,2279463408,2279464543,15641,1135
4610.435587,2279472499,2279473635,15981,1136
4610.447594,2279481523,2279482665,15680,1142
4610.468645,2279497378,2279498513,15634,1135
4610.480673,2279506440,2279507576,15963,1136
4610.513731,2279531314,2279532451,15635,1137
4610.525759,2279540394,2279541531,16003,1137
4610.537769,2279549477,2279550612,15678,1135
4610.549799,2279558534,2279559665,15638,1131
4610.600885,2279596996,2279598131,15678,1135
4610.612919,2279606037,2279607173,15635,1136
4610.718108,2279685302,2279686436,15680,1134
4610.730136,2279694357,2279695495,15802,1138
4610.748176,2279707969,2279709104,15716,1135
4610.760204,2279717022,2279718155,16067,1133
4610.772211,2279726069,2279727208,15759,1139
4610.784245,2279735115,2279736249,15725,1134
4610.796274,2279744165,2279745287,15907,1122
4610.808284,2279753204,2279754339,15796,1135
4610.823326,2279764512,2279765630,15902,1118
4610.835332,2279773569,2279774700,15755,1131
4610.847365,2279782628,2279783763,15717,1135
4610.859395,2279791684,2279792801,15828,1117
4610.871401,2279800699,2279801830,15681,1131
4610.883429,2279809737,2279810859,15825,1122
4610.895463,2279818789,2279819916,15826,1127
4610.907470,2279827848,2279828979,15703,1131
4610.919502,2279836891,2279838022,15652,1131
4610.931530,2279845961,2279847099,15979,1138
4610.943537,2279855056,2279856186,15683,1130
4610.955568,2279864111,2279865247,15813,1136
4610.967595,2279873209,2279874346,16029,1137
4610.979607,2279882257,2279883390,15759,1133
4610.991639,2279891293,2279892429,15721,1136
4611.003666,2279900366,2279901498,15878,1132
4611.021701,2279913962,2279915099,16059,1137
4611.033710,2279923022,2279924157,15760,1135
4611.057773,2279941167,2279942305,16088,1138
4611.069778,2279950231,2279951366,15760,1135
4611.111873,2279981981,2279983118,15982,1137
4611.123887,2279991042,2279992173,15635,1131
4611.135913,2280000117,2280001255,15611,1138
4611.147943,2280009355,2280010493,16066,1138
4611.159954,2280018417,2280019559,15843,1142
4611.171988,2280027517,2280028658,15791,1141
4611.184011,2280036618,2280037737,15812,1119
4611.196017,2280045677,2280046811,15675,1134
4611.208050,2280054742,2280055857,15829,1115
4611.220080,2280063787,2280064918,15825,1131
4611.232087,2280072856,2280073989,15679,1133
4611.244119,2280081923,2280083053,15834,1130
4611.256149,2280091018,2280092146,15826,1128
4611.268154,2280100098,2280101239,15677,1141
4611.280189,2280109184,2280110319,15640,1135
4611.292218,2280118959,2280120101,15942,1142
4611.304223,2280128055,2280129196,15679,1141
4611.316256,2280137152,2280138295,15652,1143
4611.328285,2280146281,2280147422,15976,1141
4611.340292,2280155374,2280156517,15685,1143
4611.352325,2280164482,2280165620,15721,1138
4611.376365,2280182629,2280183771,15817,1142
4611.388393,2280191741,2280192886,15909,1145
4611.463542,2280248533,2280249674,16018,1141
4611.475552,2280257577,2280258715,15726,1138
4611.487582,2280266638,2280267772,15649,1134
4611.499609,2280275690,2280276836,15959,1146
4611.511621,2280284777,2280285916,15764,1139
4611.523646,2280293865,2280295007,15813,1142
4611.535682,2280302963,2280304101,16002,1138
4611.547685,2280312013,2280313150,15675,1137
4611.560719,2280323578,2280324723,15972,1145
4611.583754,2280339468,2280340604,15681,1136
4611.595788,2280348552,2280349694,15613,1142
4611.607816,2280357653,2280358797,16003,1144
4611.619830,2280366713,2280367845,15638,1132
4611.631856,2280375823,2280376961,15630,1138
4611.643886,2280384920,2280386054,15826,1134
4611.655891,2280393990,2280395125,15676,1135
4611.673926,2280407605,2280408748,15678,1143
4611.685959,2280416679,2280417818,15640,1139
4611.752090,2280466611,2280467745,15976,1134
4611.764099,2280475694,2280476838,15674,1144
4611.776131,2280484773,2280485914,15633,1141
4611.788159,2280493887,2280495032,15978,1145
4611.800172,2280502974,2280504109,15719,1135
4611.821212,2280518876,2280520022,15810,1146
4611.833247,2280527968,2280529113,15999,1145
4611.896364,2280575656,2280576796,15963,1140
4611.908373,2280584764,2280585905,15684,1141
4611.956474,2280621220,2280622363,15636,1143
4611.968503,2280630318,2280631452,16102,1134
4611.996554,2280653003,2280654142,15763,1139
4612.100749,2280730342,2280731484,15716,1142
4612.112777,2280739434,2280740579,16086,1145
4612.139828,2280759871,2280761011,16061,1140
4612.163872,2280778042,2280779183,15967,1141
4612.175892,2280787176,2280788313,16019,1137
4612.187903,2280796261,2280797396,15774,1135
4612.199937,2280805343,2280806486,15717,1143
4612.211966,2280814438,2280815577,16073,1139
4612.223972,2280823534,2280824676,15770,1142
4612.236006,2280832660,2280833799,15639,1139
4612.248034,2280841769,2280842914,15975,1145
4612.260041,2280850873,2280852014,15684,1141
4612.272074,2280859975,2280861114,15643,1139
4612.284102,2280869084,2280870228,15966,1144
4612.296109,2280878157,2280879296,15678,1139
4612.308143,2280887247,2280888384,15641,1137
4612.320172,2280896357,2280897495,15959,1138
4612.332189,2280905477,2280906622,15929,1145
4612.344211,2280914573,2280915715,15638,1142
4612.356238,2280923663,2280924808,16001,1145
4612.368250,2280932764,2280933899,15721,1135
4612.380280,2280941925,2280943056,15649,1131
4612.392307,2280951025,2280952169,15966,1144
4612.431366,2280980607,2280981750,15677,1143
4612.443399,2280989740,2280990884,15891,1144
4612.455427,2280998855,2280999999,15963,1144
4612.467435,2281007957,2281009097,15677,1140
4612.479468,2281017035,2281018174,15647,1139
4612.533570,2281058007,2281059149,15815,1142
4612.545601,2281067122,2281068262,15958,1140
4612.572652,2281087664,2281088805,15973,1141
4612.584673,2281096795,2281097932,16028,1137
4612.596690,2281105925,2281107071,15903,1146
4612.608721,2281115071,2281116216,16062,1145
4612.635772,2281135619,2281136764,16047,1145
4612.647779,2281144755,2281145897,15765,1142
4612.659817,2281153886,2281155026,15968,1140
4612.677844,2281167575,2281168716,15902,1141
4612.689873,2281176697,2281177842,16048,1145
4612.737950,2281213197,2281214340,15766,1143
4612.749982,2281222330,2281223476,15907,1146
4612.786050,2281249716,2281250861,15905,1145
4612.801073,2281261586,2281262729,15684,1143
4612.836643,2281290545,2281291689,15974,1144
4612.904768,2281340781,2281341924,15684,1143
4612.916800,2281349928,2281351068,15863,1140
4612.928830,2281359054,2281360192,15976,1138
4612.940837,2281368162,2281369301,15684,1139
4612.955881,2281379583,2281380729,15975,1146
4612.997954,2281411541,2281412685,15908,1144
4613.009981,2281420686,2281421826,16039,1140
4613.021997,2281429810,2281430950,15764,1140
4613.041047,2281445794,2281446936,15821,1142
4613.142228,2281521060,2281522204,15906,1144
4613.154259,2281530219,2281531360,16047,1141
4613.217377,2281578171,2281579316,16032,1145
4613.229386,2281587439,2281588582,15681,1143
4613.241416,2281596566,2281597710,15815,1144
4613.268468,2281617112,2281618258,15908,1146
4613.280499,2281626255,2281627401,16061,1146
4613.292506,2281635389,2281636527,15764,1138
4613.319557,2281655929,2281657068,15765,1139
4613.331588,2281665055,2281666196,15907,1141
4613.343619,2281674176,2281675321,16076,1145
4613.355631,2281683327,2281684466,15680,1139
4613.415754,2281729027,2281730172,15944,1145
4613.427774,2281738184,2281739329,16024,1145
4613.439794,2281747332,2281748475,15907,1143
4613.451824,2281756480,2281757622,16047,1142
4613.463832,2281765622,2281766765,15765,1143
4613.481866,2281779338,2281780480,15684,1142
4613.493897,2281788475,2281789619,15819,1144
4613.505924,2281797607,2281798753,15947,1146
4613.560031,2281838720,2281839866,15994,1146
4613.572038,2281847867,2281849010,15687,1143
4613.584068,2281856994,2281858136,15866,1142
4613.596097,2281866123,2281867267,16049,1144
4613.608117,2281875250,2281876391,16026,1141
4613.620136,2281884390,2281885520,15721,1130
4613.632170,2281893525,2281894671,15942,1146
4613.644174,2281902672,2281903814,15723,1142
4613.656201,2281911794,2281912938,15916,1144
4613.674239,2281925502,2281926644,15898,1142
4613.686270,2281934663,2281935804,16044,1141
4613.779432,2282005444,2282006587,15683,1143
4613.791463,2282014605,2282015749,15832,1144
4613.803490,2282023734,2282024880,16036,1146
4613.821527,2282037451,2282038592,16060,1141
4613.833534,2282046580,2282047719,15766,1139
4613.848579,2282058025,2282059171,15951,1146
4613.860586,2282067152,2282068292,15768,1140
4613.888659,2282089991,2282091137,15903,1146
4613.905684,2282101429,2282102571,16044,1142
4613.917702,2282110587,2282111733,15890,1146
4613.929733,2282119726,2282120872,15976,1146
4613.941740,2282128849,2282129986,15687,1137
4613.992854,2282167677,2282168821,15977,1144
4614.004873,2282176820,2282177961,15953,1141
4614.025908,2282192805,2282193950,15906,1145
4614.037939,2282201945,2282203089,16067,1144
4614.061977,2282220202,2282221344,15816,1142
4614.074007,2282229352,2282230493,15977,1141
4614.098051,2282247607,2282248753,15874,1146
4614.113066,2282259050,2282260189,15684,1139
4614.125097,2282268205,2282269350,15824,1145
4614.158152,2282293320,2282294456,15683,1136
4614.170183,2282302453,2282303599,15819,1146
4614.200245,2282325282,2282326423,15947,1141
4614.212255,2282334416,2282335559,15682,1143
4614.227299,2282345839,2282346984,15970,1145
4614.248329,2282361823,2282362965,15602,1142
4614.260356,2282371027,2282372174,15814,1147
4614.272384,2282380192,2282381337,15954,1145
4614.293410,2282396187,2282397327,15684,1140
4614.306945,2282403636,2282404317,13492,681
4614.320331,2282409736,2282410369,12061,633
4614.333992,2282416734,2282417865,15739,1131
4614.382085,2282453146,2282454287,15817,1141
4614.394116,2282462296,2282463441,15955,1145
4614.406123,2282471419,2282472562,15685,1143
4614.424158,2282485129,2282486266,15684,1137
4614.436190,2282494266,2282495412,15741,1146
4614.448216,2282503416,2282504556,16032,1140
4614.460226,2282512567,2282513710,15686,1143
4614.478261,2282526302,2282527442,15769,1140
4614.505313,2282546858,2282548001,15766,1143
4614.517343,2282555997,2282557142,15911,1145
4614.535377,2282569699,2282570843,15912,1144
4614.547405,2282578839,2282579981,16039,1142
4614.565442,2282592564,2282593710,15968,1146
4614.577449,2282601695,2282602835,15684,1140
4614.592493,2282613117,2282614263,15975,1146
4614.604501,2282622256,2282623399,15689,1143
4614.616532,2282631385,2282632529,15821,1144
4614.628561,2282640529,2282641675,15950,1146
4614.643589,2282651936,2282653082,15885,1146
4614.655612,2282661093,2282662239,15942,1146
4614.667632,2282670247,2282671393,16029,1146
4614.679651,2282679392,2282680533,15909,1141
4614.691682,2282688539,2282689678,16058,1139
4614.703690,2282697669,2282698812,15771,1143
4614.715720,2282706808,2282707951,15910,1143
4614.727751,2282715939,2282717085,16065,1146
4614.748787,2282731937,2282733083,16041,1146
4614.760806,2282741083,2282742226,15890,1143
4614.811895,2282779901,2282781044,15683,1143
4614.825423,2282788983,2282790115,15847,1132
4614.837452,2282798099,2282799245,15819,1146
4614.849482,2282807238,2282808380,15985,1142
4614.861503,2282816391,2282817533,15939,1142
4614.873523,2282825555,2282826699,15824,1144
4614.885551,2282834713,2282835859,15957,1146
4614.897571,2282843870,2282845013,15954,1143
4614.909589,2282853011,2282854157,15818,1146
4614.921619,2282862166,2282863308,15951,1142
4614.933638,2282871303,2282872449,15936,1146
4614.945654,2282880450,2282881593,15813,1143
4614.957688,2282889605,2282890744,15953,1139
4614.969706,2282898750,2282899892,15933,1142
4614.981726,2282907889,2282909035,15820,1146
4614.993753,2282917027,2282918172,15943,1145
4615.020808,2282937603,2282938747,16056,1144
4615.032826,2282946745,2282947887,15939,1142
4615.047859,2282958171,2282959317,15982,1146
4615.059867,2282967299,2282968442,15684,1143
4615.071898,2282976451,2282977597,15820,1146
4615.083928,2282985825,2282986966,15951,1141
4615.126000,2283017826,2283018972,15818,1146
4615.138030,2283026963,2283028106,15972,1143
4615.162069,2283045237,2283046383,15820,1146
4615.186107,2283063543,2283064681,15766,1138
4615.198138,2283072700,2283073845,15852,1145
4615.234206,2283100116,2283101262,15902,1146
4615.246236,2283109266,2283110411,15940,1145
4615.270275,2283127547,2283128693,15824,1146
4615.288315,2283141469,2283142611,15885,1142
4615.300338,2283150626,2283151773,16029,1147
4615.339404,2283180348,2283181491,15603,1143
4615.351429,2283189480,2283190626,15819,1146
4615.363459,2283198615,2283199761,15975,1146
4615.375478,2283207757,2283208899,16028,1142
4615.393513,2283221497,2283222641,16036,1144
4615.405532,2283230643,2283231784,15823,1141
4615.441597,2283258046,2283259192,15817,1146
4615.453633,2283267205,2283268346,15954,1141
4615.468652,2283278618,2283279759,15819,1141
4615.480683,2283288494,2283289637,15953,1143
4615.494209,2283299020,2283300166,15946,1146
4615.509229,2283310470,2283311616,15817,1146
4615.521260,2283319629,2283320771,15954,1142
4615.545298,2283337926,2283339072,15844,1146
4615.557327,2283347086,2283348229,15982,1143
4615.572349,2283358531,2283359667,15645,1136
4615.584379,2283367676,2283368823,16035,1147
4615.596388,2283376837,2283377980,15762,1143
4615.608419,2283385975,2283387110,15655,1135
4615.620448,2283395118,2283396263,15950,1145
4615.632456,2283404236,2283405375,15689,1139
4615.644487,2283413374,2283414516,15846,1142
4615.659507,2283424783,2283425926,15682,1143
4615.671539,2283433932,2283435068,15658,1136
4615.683568,2283443072,2283444218,15959,1146
4615.695586,2283452257,2283453403,15932,1146
4615.707607,2283461415,2283462561,15834,1146
4615.719637,2283470565,2283471708,15968,1143
4615.731655,2283479724,2283480866,15862,1142
4615.743682,2283488876,2283490017,15910,1141
4615.755704,2283498035,2283499181,15973,1146
4615.767721,2283507192,2283508333,15840,1141
4615.779748,2283516349,2283517495,15911,1146
4615.793276,2283526897,2283528043,15911,1146
4615.808298,2283538335,2283539482,15851,1147
4615.820320,2283547477,2283548624,15809,1147
4615.835347,2283558918,2283560061,15607,1143
4615.847375,2283568807,2283569954,15829,1147
4615.865407,2283582567,2283583712,15911,1145
4615.877437,2283591724,2283592870,16034,1146
4615.892459,2283603156,2283604302,15933,1146
4615.904487,2283612337,2283613483,16018,1146
4615.916496,2283621507,2283622650,15769,1143
4615.937540,2283637500,2283638641,15879,1141
4615.949574,2283646634,2283647780,16057,1146
4615.967608,2283661031,2283662175,16043,1144
4615.979616,2283670158,2283671298,15682,1140
4615.991647,2283679305,2283680451,15849,1146
4616.003677,2283688450,2283689591,15974,1141
4616.021714,2283702198,2283703344,15961,1146
4616.033725,2283711344,2283712488,15687,1144
4616.045750,2283720492,2283721633,15905,1141
4616.057780,2283729636,2283730777,16041,1141
4616.069787,2283738776,2283739919,15686,1143
4616.081824,2283747912,2283749055,15887,1143
4616.093847,2283757061,2283758203,15936,1142
4616.108869,2283768480,2283769622,15814,1142
4616.120899,2283777649,2283778792,16039,1143
4616.141924,2283793623,2283794767,15763,1144
4616.153955,2283802775,2283803921,15906,1146
4616.168976,2283814212,2283815355,15774,1143
4616.191520,2283831592,2283832732,15688,1140
4616.203550,2283840742,2283841888,15923,1146
4616.215579,2283849890,2283851031,16060,1141
4616.227598,2283859045,2283860187,16026,1142
4616.239619,2283868206,2283869347,15839,1141
4616.251649,2283877342,2283878484,15973,1142
4616.263656,2283886488,2283887631,15683,1143
4616.284700,2283902498,2283903644,15899,1146
4616.296734,2283911648,2283912794,15954,1146
4616.308755,2283920811,2283921957,16022,1146
4616.320773,2283929962,2283931108,15912,1146
4616.392910,2283984814,2283985961,15904,1147
4616.404940,2283993977,2283995122,16041,1145
4616.416948,2284003102,2284004245,15771,1143
4616.428987,2284012243,2284013385,15972,1142
4616.510133,2284073927,2284075070,15824,1143
4616.522163,2284083082,2284084226,16042,1144
4616.541691,2284098165,2284099306,15884,1141
4616.553723,2284107328,2284108470,16048,1142
4616.565730,2284116474,2284117618,15764,1144
4616.577768,2284125613,2284126760,15979,1147
4616.589790,2284134771,2284135915,16031,1144
4616.604813,2284146191,2284147337,15904,1146
4616.616843,2284155344,2284156490,16044,1146
4616.628860,2284164481,2284165628,15842,1147
4616.649898,2284180501,2284181642,15818,1141
4616.661929,2284189652,2284190797,15955,1145
4616.673936,2284198786,2284199930,15685,1144
4616.685967,2284207945,2284209091,15844,1146
4616.728045,2284239962,2284241105,15604,1143
4616.740070,2284249125,2284250270,15910,1145
4616.752100,2284258297,2284259443,16040,1146
4616.764108,2284267437,2284268578,15769,1141
4616.776146,2284276599,2284277740,15990,1141
4616.797186,2284292638,2284293784,16056,1146
4616.809193,2284301766,2284302909,15763,1143
4616.839259,2284324620,2284325763,15911,1143
4616.854279,2284336057,2284337201,15768,1144
4616.896374,2284368079,2284369225,15971,1146
4616.908393,2284377221,2284378362,15933,1141
4616.932443,2284395499,2284396641,15984,1142
4616.944462,2284404793,2284405939,15943,1146
4616.959495,2284416233,2284417376,15975,1143
4616.971502,2284425395,2284426538,15769,1143
4616.983533,2284434548,2284435693,15938,1145
4617.001567,2284448253,2284449399,15910,1146
4617.013597,2284457407,2284458554,16041,1147
4617.043640,2284480279,2284481419,15768,1140
4617.055671,2284489433,2284490574,15921,1141
4617.067700,2284498572,2284499715,15970,1143
4617.085733,2284512302,2284513443,15941,1141
4617.097743,2284521426,2284522569,15688,1143
4617.139837,2284553445,2284554588,15969,1143
4617.151856,2284562710,2284563852,16027,1142
4617.184922,2284587883,2284589030,16028,1147
4617.196931,2284597028,2284598167,15765,1139
4617.230009,2284622164,2284623306,16068,1142
4617.242017,2284631287,2284632427,15769,1140
4617.269068,2284651882,2284653026,15685,1144
4617.281099,2284661032,2284662179,15851,1147
4617.302146,2284677048,2284678189,15978,1141
4617.314154,2284686193,2284687333,15689,1140
4617.344219,2284709054,2284710197,15825,1143
4617.360758,2284722359,2284723501,15952,1142
4617.374282,2284733079,2284734226,16044,1147
4617.389305,2284744514,2284745654,15904,1140
4617.416356,2284765116,2284766259,15912,1143
4617.428386,2284774273,2284775415,15991,1142
4617.449411,2284790271,2284791412,15769,1141
4617.461442,2284799407,2284800553,15909,1146
4617.512531,2284838303,2284839448,15766,1145
4617.527575,2284849742,2284850888,16067,1146
4617.548600,2284865738,2284866878,15684,1140
4617.560631,2284875176,2284876319,15822,1143
4617.572659,2284884343,2284885488,15958,1145
4617.608729,2284911799,2284912940,15971,1141
4617.620743,2284920939,2284922083,15605,1144
4617.644798,2284939251,2284940398,15970,1147
4617.656819,2284948408,2284949556,16031,1148
4617.695888,2284978138,2284979284,15822,1146
4617.716935,2284994172,2284995315,15971,1143
4617.755994,2285023880,2285025019,15682,1139
4617.768031,2285033087,2285034233,15971,1146
4617.780053,2285042244,2285043385,15940,1141
4617.792063,2285051385,2285052530,15684,1145
4617.813111,2285067410,2285068553,15816,1143
4617.825141,2285076564,2285077712,15937,1148
4617.861209,2285104023,2285105170,15971,1147
4617.873229,2285113187,2285114329,15950,1142
4617.897278,2285131486,2285132628,15970,1142
4617.909286,2285140619,2285141764,15684,1145
4617.960398,2285179523,2285180668,15969,1145
4617.973922,2285190026,2285191169,15920,1143
4617.988945,2285201460,2285202602,15820,1142
4618.000975,2285210626,2285211771,15957,1145
4618.025014,2285228926,2285230072,15847,1146
4618.037042,2285238085,2285239228,15941,1143
4618.049063,2285247234,2285248380,15940,1146
4618.061082,2285256384,2285257531,15822,1147
4618.073112,2285265538,2285266686,15943,1148
4618.085131,2285274697,2285275840,15934,1143
4618.121201,2285302157,2285303296,15956,1139
4618.133219,2285311324,2285312494,15643,1170
4618.145250,2285320502,2285321645,15959,1143
4618.169284,2285338784,2285339931,15814,1147
4618.181320,2285347967,2285349114,16043,1147
4618.193337,2285357117,2285358260,15932,1143
4618.205357,2285366261,2285367406,15826,1145
4618.217386,2285375428,2285376573,15960,1145
4618.229394,2285384583,2285385725,15767,1142
4618.241426,2285393720,2285394863,15909,1143
4618.268473,2285414293,2285415440,15901,1147
4618.280507,2285423455,2285424598,16035,1143
4618.292525,2285432607,2285433750,16023,1143
4618.304545,2285441755,2285442897,15819,1142
4618.355635,2285480658,2285481797,15685,1139
4618.367666,2285489807,2285490948,15846,1141
4618.379695,2285498959,2285500105,16018,1146
4618.391715,2285508115,2285509262,15936,1147
4618.403734,2285517285,2285518431,15922,1146
4618.415763,2285526440,2285527585,16050,1145
4618.433799,2285540184,2285541332,16037,1148
4618.445806,2285549337,2285550478,15766,1141
4618.469867,2285567635,2285568781,16076,1146
4618.481875,2285576778,2285577919,15772,1141
4618.493908,2285586130,2285587272,15833,1142
4618.508926,2285597567,2285598712,15680,1145
4618.535977,2285618168,2285619308,15764,1140
4618.548010,2285627350,2285628498,15942,1148
4618.560039,2285636502,2285637647,15962,1145
4618.572046,2285645658,2285646798,15684,1140
4618.584077,2285654823,2285655968,15921,1145
4618.596107,2285663978,2285665123,16063,1145
4618.632176,2285691448,2285692590,16044,1142
4618.644194,2285700615,2285701763,16027,1148
4618.656214,2285709776,2285710918,15912,1142
4618.668245,2285718935,2285720077,16083,1142
4618.680252,2285728075,2285729214,15767,1139
4618.692283,2285737225,2285738371,15914,1146
4618.704313,2285746387,2285747530,16052,1143
4618.749399,2285780697,2285781838,16064,1141
4618.761412,2285789822,2285790965,15690,1143
4618.785467,2285808134,2285809281,16060,1147
4618.797477,2285817488,2285818632,15687,1144
4618.809513,2285826647,2285827791,15910,1144
4618.821536,2285835807,2285836952,15955,1145
4618.833546,2285844969,2285846113,15684,1144
4618.869612,2285872395,2285873538,15763,1143
4618.880148,2285880962,2285882119,16080,1157
4618.892166,2285890136,2285891282,16021,1146
4618.904186,2285899306,2285900450,15830,1144
4618.916217,2285908477,2285909626,15939,1149
4618.928234,2285917650,2285918796,15940,1146
4618.940254,2285926808,2285927951,15825,1143
4618.952284,2285935962,2285937110,15975,1148
4618.964304,2285945119,2285946261,15957,1142
4618.976322,2285954256,2285955404,15804,1148
4618.988354,2285963427,2285964569,15962,1142
4619.004384,2285977167,2285978312,15955,1145
4619.024422,2285990919,2285992064,15958,1145
4619.039443,2286002368,2286003511,15897,1143
4619.124609,2286068735,2286069880,15683,1145
4619.153652,2286089348,2286090490,15683,1142
4619.165683,2286098505,2286099652,15843,1147
4619.177712,2286107671,2286108814,15862,1143
4619.195748,2286121372,2286122515,15977,1143
4619.207765,2286130640,2286131787,15846,1147
4619.219786,2286139811,2286140954,15826,1143
4619.240834,2286155821,2286156968,15971,1147
4619.252852,2286164985,2286166128,15936,1143
4619.267885,2286176428,2286177574,15952,1146
4619.337009,2286229043,2286230188,15818,1145
4619.349039,2286238206,2286239351,15961,1145
4619.370064,2286254225,2286255364,15683,1139
4619.382090,2286263381,2286264518,15618,1137
4619.400128,2286277096,2286278244,15817,1148
4619.412160,2286286270,2286287415,16008,1145
4619.424177,2286295418,2286296565,15942,1147
4619.436193,2286304588,2286305724,15535,1136
4619.448228,2286313742,2286314888,15974,1146
4619.460243,2286322913,2286324057,15832,1144
4619.472273,2286332078,2286333221,15999,1143
4619.484297,2286341238,2286342384,16080,1146
4619.496312,2286350407,2286351553,15916,1146
4619.553427,2286393888,2286395034,15972,1146
4619.565449,2286403061,2286404206,16030,1145
4619.604515,2286432799,2286433943,15605,1144
4619.616542,2286442085,2286443232,15902,1147
4619.637588,2286458121,2286459262,16044,1141
4619.649595,2286467271,2286468415,15765,1144
4619.688676,2286497051,2286498193,15797,1142
4619.700708,2286506215,2286507363,15954,1148
4619.760816,2286551981,2286553130,15831,1149
4619.772846,2286561156,2286562299,15958,1143
4619.784864,2286570322,2286571464,15940,1142
4619.817931,2286595502,2286596648,15955,1146
4619.829951,2286604835,2286605982,15941,1147
4619.841969,2286613997,2286615140,15832,1143
4619.866018,2286632325,2286633474,15940,1149
4619.881051,2286643775,2286644922,15950,1147
4619.893069,2286652941,2286654083,15938,1142
4619.908103,2286664377,2286665523,15991,1146
4619.968205,2286710188,2286711312,15635,1124
4619.980239,2286719343,2286720486,15955,1143
4619.992258,2286728503,2286729645,16026,1142
4620.025324,2286753682,2286754824,16033,1142
4620.037346,2286762878,2286764021,16026,1143
4620.049370,2286772039,2286773185,15990,1146
4620.073412,2286790358,2286791507,16026,1149
4620.085432,2286799522,2286800668,15929,1146
4620.097461,2286808689,2286809831,15941,1142
4620.169600,2286863628,2286864769,15958,1141
4620.181620,2286872778,2286873924,15940,1146
4620.196651,2286884241,2286885386,16040,1145
4620.232719,2286911712,2286912860,16043,1148
4620.244738,2286921048,2286922190,16031,1142
4620.268789,2286939368,2286940511,16045,1143
4620.280809,2286948541,2286949684,16029,1143
4620.328891,2286985185,2286986326,15616,1141
4620.340926,2286994345,2286995492,15961,1147
4620.379994,2287024123,2287025267,15926,1144
4620.392017,2287034013,2287035157,15830,1144
4620.441605,2287072117,2287073261,15620,1144
4620.453642,2287081287,2287082433,16039,1146
4620.484704,2287106463,2287107608,15919,1145
4620.519761,2287131643,2287132785,15945,1142
4620.531777,2287140806,2287141948,15620,1142
4620.543812,2287149958,2287151100,15964,1142
4620.561846,2287163698,2287164840,16082,1142
4620.573862,2287172834,2287173980,15930,1146
4620.585880,2287181989,2287183133,15620,1144
4620.597915,2287191145,2287192290,15999,1145
4620.615950,2287204876,2287206022,16083,1146
4620.627965,2287214026,2287215171,15928,1145
4620.639983,2287223169,2287224311,15620,1142
4620.652016,2287232326,2287233467,15937,1141
4620.664035,2287241515,2287242662,15943,1147
4620.676056,2287250689,2287251832,15845,1143
4620.688088,2287259843,2287260985,16183,1142
4620.706121,2287273572,2287274716,16174,1144
4620.718138,2287282748,2287283895,16032,1147
4620.811309,2287353729,2287354868,15616,1139
4620.823345,2287362893,2287364035,16090,1142
4620.835360,2287372043,2287373186,15933,1143
4620.847382,2287381199,2287382346,15849,1147
4620.859414,2287390376,2287391517,16088,1141
4620.871428,2287399528,2287400671,16017,1143
4620.883448,2287408691,2287409821,15723,1130
4620.895479,2287417814,2287418957,16083,1143
4620.907497,2287426969,2287428115,16017,1146
4620.925531,2287440695,2287441843,16017,1148
4620.937549,2287449853,2287450995,15701,1142
4621.027720,2287518518,2287519658,15617,1140
4621.039756,2287527681,2287528827,16087,1146
4621.051773,2287536841,2287537983,15990,1142
4621.063788,2287545999,2287547132,15619,1133
4621.075825,2287555176,2287556317,16068,1141
4621.087840,2287564325,2287565471,15931,1146
4621.099858,2287573492,2287574629,15618,1137
4621.117892,2287587248,2287588386,15615,1138
4621.129928,2287596399,2287597546,16094,1147
4621.141943,2287605562,2287606711,15866,1149
4621.153960,2287614741,2287615878,15634,1137
4621.226097,2287669678,2287670820,15701,1142
4621.238133,2287678819,2287679989,16179,1170
4621.250151,2287688019,2287689162,16031,1143
4621.262166,2287697170,2287698308,15613,1138
4621.344332,2287761291,2287762440,15932,1149
4621.448527,2287839123,2287840271,15914,1148
4621.460543,2287848289,2287849450,15636,1161
4621.487606,2287868914,2287870060,15907,1146
4621.499630,2287878083,2287879227,16001,1144
4621.511646,2287887233,2287888376,15930,1143
4621.523663,2287896415,2287897557,15621,1142
4621.535699,2287905557,2287906701,16091,1144
4621.556732,2287921589,2287922736,15940,1147
4621.568751,2287930746,2287931888,15622,1142
4621.667938,2288006315,2288007457,15619,1142
4621.679973,2288015478,2288016620,16090,1142
4621.691988,2288024633,2288025781,15959,1148
4621.704011,2288033793,2288034939,15833,1146
4621.716042,2288042935,2288044081,16088,1146
4621.728057,2288052081,2288053223,15928,1142
4621.779162,2288091016,2288092159,16094,1143
4621.794178,2288102467,2288103609,15614,1142
4621.806213,2288111622,2288112768,16178,1146
4621.875332,2288164282,2288165424,15700,1142
4621.887365,2288173603,2288174749,15998,1146
4621.899383,2288182763,2288183906,15929,1143
4621.911401,2288193042,2288194213,15538,1171
4621.923436,2288202215,2288203360,16122,1145
4621.935452,2288211370,2288212516,15936,1146
4621.947469,2288220537,2288221679,15703,1142
4621.959505,2288229687,2288230832,16179,1145
4621.971521,2288238832,2288239980,16003,1148
4621.983550,2288247995,2288249132,15836,1137
4622.001572,2288261732,2288262873,15701,1141
4622.013609,2288270918,2288272064,16178,1146
4622.055675,2288302973,2288304109,15717,1136
4622.067710,2288312109,2288313252,16131,1143
4622.085742,2288325902,2288327043,16080,1141
4622.103780,2288339672,2288340814,16161,1142
4622.115795,2288348836,2288349984,16017,1148
4622.127812,2288358009,2288359155,15621,1146
4622.145846,2288371749,2288372886,15633,1137
4622.157882,2288380915,2288382058,16092,1143
4622.208967,2288419812,2288420955,15619,1143
4622.224000,2288431285,2288432427,15921,1142
4622.248053,2288449595,2288450740,16043,1145
4622.260069,2288458777,2288459920,15922,1143
4622.272086,2288467937,2288469079,15620,1142
4622.284119,2288477115,2288478259,15997,1144
4622.296140,2288486298,2288487446,15931,1148
4622.308155,2288495465,2288496607,15620,1142
4622.320191,2288504616,2288505762,16093,1146
4622.332206,2288513786,2288514934,15863,1148
4622.344224,2288522954,2288524096,15632,1142
4622.356258,2288532116,2288533259,15964,1143
4622.368275,2288541274,2288542421,15932,1147
4622.389306,2288557300,2288558466,15573,1166
4622.401345,2288566475,2288567618,16090,1143
4622.425378,2288584810,2288585953,15621,1143
4622.437413,2288593973,2288595121,15951,1148
4622.497515,2288639851,2288640993,15618,1142
4622.509552,2288649027,2288650173,16090,1146
4622.527585,2288662757,2288663902,16085,1145
4622.539602,2288671933,2288673081,15918,1148
4622.551618,2288681088,2288682229,15635,1141
4622.563654,2288690243,2288691385,16092,1142
4622.575669,2288699395,2288700539,15929,1144
4622.587687,2288708551,2288709693,15611,1142
4622.620755,2288733765,2288734908,15928,1143
4622.632777,2288742918,2288744066,15866,1148
4622.644808,2288752087,2288753232,16043,1145
4622.656824,2288761235,2288762383,16015,1148
4622.668841,2288770424,2288771565,15698,1141
4622.707928,2288800191,2288801336,16132,1145
4622.719944,2288809419,2288810562,16013,1143
4622.731966,2288818583,2288819729,15940,1146
4622.749995,2288832366,2288833513,15701,1147
4622.762031,2288841549,2288842696,16174,1147
4622.840167,2288901066,2288902209,15714,1143
4622.852204,2288910215,2288911363,16150,1148
4622.870237,2288923958,2288925104,16177,1146
4622.882251,2288933117,2288934263,16049,1146
4622.921322,2288962873,2288964011,15698,1138
4622.933357,2288972067,2288973213,16020,1146
4622.945372,2288981232,2288982380,16028,1148
4622.957390,2288990397,2288991563,15698,1166
4622.969427,2288999583,2289000724,16124,1141
4623.047563,2289059162,2289060325,15725,1163
4623.059597,2289068358,2289069503,16184,1145
4623.071613,2289077517,2289078661,15917,1144
4623.089647,2289091236,2289092383,15925,1147
4623.101664,2289100396,2289101534,15617,1138
4623.128720,2289121050,2289122196,15860,1146
4623.140752,2289130237,2289131383,16026,1146
4623.155768,2289141743,2289142912,15619,1169
4623.167803,2289150922,2289152067,16094,1145
4623.179817,2289160108,2289161252,15955,1144
4623.191836,2289169286,2289170428,15616,1142
4623.203871,2289178438,2289179579,16096,1141
4623.215887,2289187600,2289188746,15928,1146
4623.227908,2289196766,2289197910,15860,1144
4623.245939,2289210521,2289211664,15632,1143
4623.257974,2289219677,2289220822,16042,1145
4623.269990,2289228851,2289229999,15928,1148
4623.282007,2289238021,2289239183,15537,1162
4623.336110,2289279295,2289280437,15634,1142
4623.348145,2289288489,2289289635,16001,1146
4623.360161,2289297688,2289298835,15924,1147
4623.375194,2289309137,2289310285,15997,1148
4623.390210,2289320598,2289321741,15587,1143
4623.409259,2289336651,2289337797,16133,1146
4623.424789,2289347307,2289348453,16071,1146
4623.477383,2289387787,2289388937,16044,1150
4623.489402,2289396968,2289398140,15686,1172
4623.502928,2289404498,2289405185,13355,687
4623.516331,2289410709,2289411346,12088,637
4623.529983,2289417559,2289418698,15864,1139
4623.542012,2289426705,2289427852,15912,1147
4623.554036,2289435911,2289437054,15968,1143
4623.566052,2289445076,2289446222,15865,1146
4623.578079,2289454241,2289455388,15912,1147
4623.590104,2289463403,2289464546,15981,1143
4623.617156,2289484064,2289485211,15983,1147
4623.629172,2289493235,2289494382,15864,1147
4623.641201,2289502406,2289503553,15913,1147
4623.693305,2289543669,2289544811,15888,1142
4623.719349,2289562071,2289563220,15907,1149
4623.731372,2289571251,2289572398,15913,1147
4623.743393,2289580422,2289581569,15962,1147
4623.755412,2289589607,2289590755,15852,1148
4623.767442,2289598790,2289599938,15910,1148
4623.779465,2289607975,2289609122,15997,1147
4623.791480,2289617150,2289618298,15743,1148
4623.803509,2289626325,2289627497,15911,1172
4623.824552,2289642460,2289643608,16001,1148
4623.836567,2289651648,2289652796,15851,1148
4623.848597,2289660828,2289661976,15911,1148
4623.860618,2289669999,2289671147,15972,1148
4623.872635,2289679225,2289680369,15815,1144
4623.887671,2289690712,2289691860,15991,1148
4623.899689,2289699889,2289701033,15863,1144
4623.911715,2289709066,2289710214,15913,1148
4623.923738,2289718233,2289719375,15982,1142
4623.935758,2289727405,2289728553,15880,1148
4623.947785,2289736607,2289737755,15911,1148
4623.959807,2289745888,2289747031,16068,1143
4623.971823,2289755065,2289756213,15919,1148
4623.983852,2289764268,2289765411,15995,1143
4623.995876,2289773468,2289774614,16082,1146
4624.007892,2289782641,2289783788,15922,1147
4624.021418,2289791832,2289792980,15807,1148
4624.033450,2289801035,2289802177,15909,1142
4624.045470,2289810207,2289811382,15955,1175
4624.057486,2289819423,2289820571,15853,1148
4624.075521,2289833189,2289834337,15833,1148
4624.087550,2289842372,2289843521,15829,1149
4624.099574,2289851555,2289852700,15998,1145
4624.111590,2289860761,2289861908,15839,1147
4624.132637,2289876836,2289877981,15911,1145
4624.144658,2289886019,2289887167,15979,1148
4624.156675,2289895225,2289896373,15849,1148
4624.168703,2289904462,2289905608,15919,1146
4624.180727,2289913668,2289914816,15982,1148
4624.192744,2289922896,2289924045,15850,1149
4624.216794,2289941280,2289942425,15919,1145
4624.228812,2289950450,2289951593,15867,1143
4624.240841,2289959650,2289960798,15914,1148
4624.252865,2289968837,2289969985,15968,1148
4624.264885,2289978042,2289979190,15914,1148
4624.280921,2289991889,2289993034,15847,1145
4624.297950,2290003366,2290004513,16070,1147
4624.309966,2290012572,2290013719,15938,1147
4624.321995,2290021753,2290022902,16003,1149
4624.334017,2290030957,2290032103,16058,1146
4624.352051,2290044722,2290045871,16054,1149
4624.364074,2290053936,2290055084,16003,1148
4624.376097,2290063173,2290064316,15913,1143
4624.388122,2290072339,2290073481,15980,1142
4624.400138,2290081509,2290082656,15832,1147
4624.412166,2290090686,2290091834,15917,1148
4624.424189,2290099867,2290101014,15968,1147
4624.436207,2290109043,2290110192,15866,1149
4624.448235,2290118225,2290119392,15826,1167
4624.460259,2290127434,2290128605,15896,1171
4624.472275,2290136650,2290137797,15919,1147
4624.484303,2290145828,2290146977,15908,1149
4624.520373,2290173388,2290174536,15998,1148
4624.532394,2290182618,2290183764,16057,1146
4624.544412,2290191870,2290193017,15950,1147
4624.556442,2290201053,2290202201,16003,1148
4624.568465,2290210242,2290211390,15984,1148
4624.583493,2290221814,2290222961,15915,1147
4624.595517,2290230997,2290232145,15974,1148
4624.607532,2290240181,2290241326,15834,1145
4624.619563,2290249363,2290250535,15827,1172
4624.631584,2290258571,2290259718,15978,1147
4624.649619,2290272354,2290273502,15981,1148
4624.661641,2290281563,2290282710,15913,1147
4624.679670,2290295363,2290296512,15832,1149
4624.691700,2290304551,2290305697,15929,1146
4624.703722,2290313730,2290314877,15981,1147
4624.715738,2290322932,2290324078,15832,1146
4624.727767,2290332116,2290333260,15912,1144
4624.739791,2290341289,2290342436,15990,1147
4624.751807,2290350466,2290351614,15830,1148
4624.763838,2290359640,2290360787,15999,1147
4624.775859,2290368823,2290369970,16069,1147
4624.787875,2290378061,2290379208,15950,1147
4624.799904,2290387242,2290388389,15998,1147
4624.811927,2290396429,2290397577,15998,1148
4624.829961,2290410198,2290411346,16063,1148
4624.841978,2290419403,2290420546,15935,1143
4624.866029,2290437817,2290438964,16051,1147
4624.878049,2290447052,2290448224,15950,1172
4624.896081,2290460888,2290462036,15855,1148
4624.908110,2290470092,2290471238,15909,1146
4624.932150,2290488468,2290489615,15842,1147
4624.944177,2290498467,2290499615,15907,1148
4624.956204,2290507755,2290508902,15980,1147
4624.968218,2290516929,2290518077,15858,1148
4624.980247,2290526111,2290527258,15903,1147
4624.992271,2290535333,2290536477,15980,1144
4625.004287,2290544512,2290545660,15846,1148
4625.016315,2290553770,2290554918,15906,1148
4625.073424,2290597442,2290598590,15972,1148
4625.085441,2290606678,2290607826,15846,1148
4625.097471,2290615885,2290617029,15906,1144
4625.109494,2290625064,2290626211,15910,1147
4625.145563,2290652733,2290653880,16079,1147
4625.157585,2290661968,2290663116,16039,1148
4625.175613,2290675767,2290676915,15932,1148
4625.187643,2290685006,2290686178,15910,1172
4625.199665,2290694214,2290695358,16057,1144
4625.211681,2290703418,2290704566,15916,1148
4625.223710,2290712600,2290713747,15993,1147
4625.235735,2290721781,2290722930,15991,1149
4625.247749,2290730991,2290732160,15829,1169
4625.259781,2290740192,2290741340,15911,1148
4625.271801,2290749426,2290750574,15974,1148
4625.283819,2290758613,2290759762,15847,1149
4625.295848,2290767828,2290768976,15907,1148
4625.307871,2290777009,2290778156,16001,1147
4625.319887,2290786191,2290787340,15916,1149
4625.331916,2290795373,2290796518,15997,1145
4625.343940,2290804600,2290805747,16076,1147
4625.355963,2290813802,2290814951,15905,1149
4625.367985,2290823007,2290824154,15902,1147
4625.380007,2290832193,2290833339,15976,1146
4625.392024,2290841402,2290842550,15844,1148
4625.404055,2290850620,2290851768,15908,1148
4625.416077,2290859821,2290860969,15991,1148
4625.428093,2290869029,2290870177,15829,1148
4625.440121,2290878203,2290879351,15909,1148
4625.458157,2290892021,2290893169,15909,1148
4625.468334,2290901206,2290902377,15972,1171
4625.482196,2290910461,2290911633,15848,1172
4625.497231,2290922032,2290923179,15977,1147
4625.509247,2290931220,2290932365,15916,1145
4625.593415,2290995611,2290996759,15998,1148
4625.605439,2291004832,2291006001,15826,1169
4625.695608,2291073876,2291075024,16064,1148
4625.707624,2291083064,2291084212,15914,1148
4625.719653,2291092253,2291093400,15995,1147
4625.731678,2291101440,2291102589,15992,1149
4625.743693,2291110631,2291111778,15831,1147
4625.755723,2291119809,2291120957,15915,1148
4625.773758,2291133606,2291134754,15910,1148
4625.785779,2291142836,2291143984,15977,1148
4625.800809,2291154313,2291155461,15908,1148
4625.812830,2291163653,2291164801,16065,1148
4625.833864,2291179756,2291180930,15930,1174
4625.845892,2291188994,2291190142,15991,1148
4625.857915,2291198224,2291199371,16054,1147
4625.869932,2291207460,2291208603,15919,1143
4625.896984,2291228184,2291229329,15945,1145
4625.909012,2291237409,2291238556,15995,1147
4625.921037,2291246640,2291247788,16068,1148
4625.933053,2291255871,2291257019,15932,1148
4625.948088,2291267394,2291268567,16064,1173
4625.960104,2291276630,2291277778,15948,1148
4625.972134,2291285810,2291286982,15999,1172
4625.984155,2291295018,2291296166,16049,1148
4625.996173,2291304226,2291305373,15952,1147
4626.008200,2291313411,2291314559,15990,1148
4626.020225,2291322672,2291323820,15978,1148
4626.032242,2291331888,2291333059,15841,1171
4626.059293,2291352609,2291353757,15857,1148
4626.071322,2291361793,2291362942,15906,1149
4626.083344,2291371059,2291372206,15963,1147
4626.095361,2291380245,2291381393,15863,1148
4626.107389,2291389458,2291390605,15905,1147
4626.119413,2291398640,2291399788,15979,1148
4626.131430,2291407817,2291408967,15843,1150
4626.173515,2291440108,2291441256,15960,1148
4626.185533,2291449363,2291450511,15860,1148
4626.212584,2291470072,2291471219,15841,1147
4626.224615,2291479337,2291480484,15904,1147
4626.245657,2291495490,2291496636,16006,1146
4626.257670,2291504721,2291505868,15843,1147
4626.269701,2291513898,2291515046,15908,1148
4626.281722,2291523122,2291524270,15972,1148
4626.293739,2291532330,2291533479,15845,1149
4626.305768,2291541567,2291542715,15995,1148
4626.317792,2291550819,2291551964,16077,1145
4626.329807,2291560001,2291561147,15914,1146
4626.343334,2291570941,2291572088,15931,1147
4626.355362,2291580167,2291581314,15990,1147
4626.367386,2291589357,2291590504,16072,1147
4626.379402,2291598544,2291599690,15912,1146
4626.391430,2291607732,2291608880,15988,1148
4626.403454,2291616913,2291618061,16067,1148
4626.415471,2291626122,2291627294,15844,1172
4626.427501,2291635393,2291636542,15902,1149
4626.439526,2291644766,2291645913,16006,1147
4626.450044,2291653372,2291654544,15905,1172
4626.462069,2291662767,2291663937,15993,1170
4626.474084,2291672082,2291673230,15808,1148
4626.492116,2291685955,2291687102,15836,1147
4626.504147,2291695186,2291696335,15906,1149
4626.516168,2291704365,2291705509,15974,1144
4626.534202,2291718172,2291719317,16058,1145
4626.553741,2291733470,2291734618,15995,1148
4626.565762,2291742736,2291743909,16059,1173
4626.580792,2291754299,2291755449,15994,1150
4626.592814,2291763537,2291764686,15970,1149
4626.607842,2291775086,2291776233,15907,1147
4626.619867,2291784293,2291785442,15989,1149
4626.631882,2291793510,2291794657,15827,1147
4626.643911,2291802742,2291803886,15995,1144
4626.655934,2291811921,2291813069,16062,1148
4626.667950,2291821155,2291822304,15927,1149
4626.679981,2291830350,2291831521,15994,1171
4626.692003,2291839558,2291840705,15974,1147
4626.704020,2291848743,2291849892,15830,1149
4626.716048,2291857931,2291859079,15908,1148
4626.728073,2291867160,2291868307,15993,1147
4626.740088,2291876366,2291877513,15831,1147
4626.752118,2291885551,2291886699,15909,1148
4626.764140,2291894736,2291895884,15927,1148
4626.833271,2291947632,2291948780,15906,1148
4626.845294,2291956858,2291958029,15827,1171
4626.857311,2291966114,2291967262,15845,1148
4626.869341,2291975349,2291976521,15993,1172
4626.908416,2292005306,2292006454,15993,1148
4626.920431,2292014591,2292015764,15747,1173
4626.971534,2292053757,2292054905,15978,1148
4626.983551,2292062970,2292064118,15844,1148
4627.001585,2292076796,2292077946,15829,1150
4627.013614,2292086050,2292087221,15910,1171
4627.040666,2292106847,2292108020,15910,1173
4627.055688,2292118470,2292119617,15838,1147
4627.067717,2292127708,2292128855,15899,1147
4627.079738,2292136919,2292138090,15872,1171
4627.091761,2292146141,2292147290,15904,1149
4627.103783,2292155321,2292156469,15906,1148
4627.115809,2292164508,2292165656,15974,1148
4627.133843,2292178326,2292179475,15974,1149
4627.145859,2292187587,2292188733,15854,1146
4627.157888,2292196815,2292197962,15902,1147
4627.175922,2292210682,2292211832,15901,1150
4627.187944,2292219899,2292221047,15959,1148
4627.199962,2292229139,2292230312,15844,1173
4627.211990,2292238347,2292239518,15821,1171
4627.224014,2292247557,2292248728,15890,1171
4627.236031,2292256789,2292257961,15837,1172
4627.248059,2292266066,2292267215,15908,1149
4627.260081,2292275298,2292276446,15955,1148
4627.272099,2292284617,2292285767,15838,1150
4627.284130,2292293830,2292294978,15903,1148
4627.296153,2292303011,2292304183,15998,1172
4627.308168,2292312226,2292313375,15832,1149
4627.320197,2292321440,2292322588,15914,1148
4627.332221,2292330625,2292331773,15990,1148
4627.344236,2292339879,2292341028,15841,1149
4627.356267,2292349065,2292350210,15908,1145
4627.368288,2292358267,2292359440,15971,1173
4627.380305,2292367501,2292368674,15925,1173
4627.392335,2292376809,2292377981,15989,1172
4627.404359,2292386064,2292387213,16078,1149
4627.420385,2292399925,2292401074,16074,1149
4627.437420,2292411479,2292412650,15908,1171
4627.449443,2292420760,2292421931,16054,1171
4627.464473,2292432387,2292433560,15990,1173
4627.476495,2292441731,2292442879,15978,1148
4627.512564,2292469404,2292470551,15993,1147
4627.524582,2292478620,2292479791,15860,1171
4627.536609,2292487877,2292489022,15911,1145
4627.551631,2292499424,2292500572,15846,1148
4627.563662,2292508609,2292509781,15996,1172
4627.581696,2292522431,2292523603,15988,1172
4627.593719,2292531687,2292532830,16083,1143
4627.612758,2292547829,2292549001,15915,1172
4627.656837,2292580046,2292581194,16059,1148
4627.668854,2292589249,2292590422,15935,1173
4627.680883,2292598591,2292599762,15818,1171
4627.695905,2292610194,2292611342,15839,1148
4627.707930,2292619708,2292620856,15938,1148
4627.719953,2292628895,2292630039,16059,1144
4627.731971,2292638143,2292639313,15527,1170
4627.744003,2292647397,2292648541,15955,1144
4627.756021,2292656570,2292657719,15969,1149
4627.774055,2292670428,2292671595,15961,1167
4627.786080,2292679721,2292680867,15713,1146
4627.817138,2292705066,2292706237,15959,1171
4627.876245,2292749042,2292750188,15639,1146
4627.888277,2292758303,2292759477,16022,1174
4627.909312,2292774559,2292775705,15959,1146
4627.921331,2292783828,2292784974,15640,1146
4627.957400,2292811575,2292812720,15608,1145
4627.969433,2292821571,2292822721,15955,1150
4628.024531,2292865481,2292866652,15965,1171
4628.080638,2292907232,2292908377,15961,1145
4628.092657,2292916592,2292917738,15643,1146
4628.128726,2292944388,2292945557,15646,1169
4628.140757,2292953697,2292954868,15947,1171
4628.164794,2292972224,2292973369,15723,1145
4628.176822,2292981525,2292982674,16025,1149
4628.188846,2292990726,2292991899,16036,1173
4628.228924,2293023087,2293024259,16018,1172
4628.269998,2293053085,2293054234,15964,1149
4628.282023,2293062359,2293063533,15706,1174
4628.294047,2293071651,2293072822,15939,1171
4628.333118,2293101926,2293103073,15869,1147
4628.345137,2293111215,2293112384,15568,1169
4628.393234,2293148304,2293149475,16021,1171
4628.405255,2293157555,2293158702,16048,1147
4628.435312,2293180687,2293181836,15914,1149
4628.447338,2293189919,2293191068,16036,1149
4628.459358,2293199130,2293200279,16048,1149
4628.471377,2293208422,2293209568,15717,1146
4628.483410,2293217599,2293218746,16085,1147
4628.495427,2293226858,2293228006,15963,1148
4628.543514,2293263837,2293265005,15592,1168
4628.555544,2293273084,2293274234,15953,1150
4628.573580,2293286942,2293288114,15802,1172
4628.585599,2293296210,2293297382,15894,1172
4628.615654,2293319310,2293320483,15822,1173
4628.627685,2293328511,2293329675,15830,1164
4628.639700,2293337815,2293338988,15887,1173
4628.651720,2293347090,2293348236,15590,1146
4628.681787,2293370254,2293371428,15995,1174
4628.693804,2293379502,2293380674,15961,1172
4628.712847,2293395802,2293396976,15822,1174
4628.753921,2293425956,2293427127,15942,1171
4628.765943,2293435236,2293436410,15964,1174
4628.792993,2293456166,2293457339,16053,1173
4628.805012,2293465442,2293466610,15708,1168
4628.856113,2293504676,2293505823,16048,1147
4628.868132,2293513904,2293515050,15709,1146
4628.880164,2293523134,2293524279,16083,1145
4628.892181,2293532353,2293533501,16055,1148
4628.904203,2293541592,2293542737,15629,1145
4628.916229,2293550790,2293551937,15947,1147
4628.928250,2293559997,2293561169,15856,1172
4628.940269,2293569202,2293570371,15592,1169
4628.952301,2293578571,2293579743,15808,1172
4628.964318,2293587843,2293589016,15921,1173
4629.075534,2293674070,2293675215,15706,1145
4629.087555,2293683347,2293684494,15948,1147
4629.099576,2293692709,2293693858,15959,1149
4629.111594,2293701948,2293703118,15625,1170
4629.123624,2293711216,2293712365,15953,1149
4629.135646,2293720428,2293721577,15934,1149
4629.147666,2293729689,2293730858,15737,1169
4629.165698,2293743674,2293744843,15625,1169
4629.177730,2293752920,2293754067,15997,1147
4629.192749,2293764520,2293765690,15628,1170
4629.207781,2293776140,2293777288,15957,1148
4629.255869,2293813244,2293814386,15627,1142
4629.267902,2293822452,2293823601,15963,1149
4629.279921,2293831708,2293832880,15948,1172
4629.291938,2293840960,2293842105,15624,1145
4629.303969,2293850242,2293851414,15806,1172
4629.315987,2293859601,2293860750,15962,1149
4629.328009,2293868838,2293870010,15912,1172
4629.340038,2293878099,2293879244,15890,1145
4629.352056,2293887342,2293888491,16051,1149
4629.364077,2293896572,2293897744,15906,1172
4629.376107,2293905853,2293907002,16087,1149
4629.388125,2293915091,2293916239,16051,1148
4629.400144,2293924419,2293925588,15710,1169
4629.412173,2293933748,2293934917,16034,1169
4629.424193,2293943047,2293944196,15850,1149
4629.436212,2293952302,2293953447,15596,1145
4629.448241,2293961580,2293962725,15953,1145
4629.460261,2293970811,2293971980,15963,1169
4629.472289,2293980120,2293981291,15633,1171
4629.484315,2293990250,2293991422,15944,1172
4629.496331,2293999570,2294000719,15966,1149
4629.511361,2294011191,2294012364,16032,1173
4629.523382,2294020661,2294021810,15859,1149
4629.535401,2294029903,2294031048,15603,1145
4629.553439,2294043767,2294044938,15723,1171
4629.565464,2294053046,2294054220,16039,1174
4629.628590,2294101671,2294102842,16094,1171
4629.640605,2294110954,2294112103,16051,1149
4629.692707,2294152782,2294153953,16035,1171
4629.715744,2294169017,2294170163,15711,1146
4629.727777,2294178260,2294179430,15964,1170
4629.739794,2294187550,2294188697,15963,1147
4629.751816,2294196867,2294198039,15669,1172
4629.763844,2294206165,2294207313,15967,1148
4629.775864,2294215374,2294216521,15949,1147
4629.787884,2294224577,2294225748,15645,1171
4629.799914,2294233904,2294235053,15961,1149
4629.811931,2294243232,2294244381,15960,1149
4629.823952,2294252490,2294253639,15811,1149
4629.835979,2294261733,2294262904,15946,1171
4629.854015,2294275686,2294276835,15968,1149
4629.866030,2294284936,2294286109,15881,1173
4629.896087,2294308228,2294309399,15626,1171
4629.908116,2294317557,2294318706,15947,1149
4629.920136,2294326748,2294327896,15851,1148
4629.932155,2294336092,2294337237,15673,1145
4629.944185,2294345299,2294346472,16038,1173
4630.049378,2294426659,2294427828,15625,1169
4630.061408,2294436034,2294437207,15865,1173
4630.073431,2294445337,2294446512,15922,1175
4630.133547,2294491979,2294493146,15800,1167
4630.145567,2294501412,2294502585,16048,1173
4630.157586,2294510676,2294511822,15711,1146
4630.169616,2294519860,2294521033,15995,1173
4630.184635,2294531479,2294532650,15619,1171
4630.253771,2294584883,2294586056,15963,1173
4630.265800,2294594193,2294595367,15903,1174
4630.340939,2294652419,2294653592,15946,1173
4630.352959,2294661734,2294662907,15961,1173
4630.410064,2294706056,2294707227,15626,1171
4630.422097,2294715365,2294716538,15961,1173
4630.440128,2294729356,2294730505,15952,1149
4630.452148,2294738591,2294739764,15966,1173
4630.464175,2294747957,2294749128,15712,1171
4630.482201,2294761927,2294763098,15713,1171
4630.494233,2294771202,2294772376,15890,1174
4630.548333,2294813184,2294814331,16038,1147
4630.560354,2294822503,2294823675,16048,1172
4630.572373,2294831839,2294833009,15709,1170
4630.584402,2294841141,2294842289,15948,1148
4630.632491,2294878470,2294879643,15960,1173
4630.644510,2294887821,2294888991,15633,1170
4630.665559,2294904196,2294905369,15954,1173
4630.677576,2294913475,2294914650,15961,1175
4630.695611,2294927490,2294928639,16049,1149
4630.707630,2294936747,2294937919,15707,1172
4630.719665,2294946065,2294947233,15892,1168
4630.731680,2294955413,2294956585,16048,1172
4630.743699,2294964730,2294965900,15712,1170
4630.755728,2294974109,2294975281,16034,1172
4630.767749,2294983450,2294984619,16058,1169
4630.779767,2294992712,2294993883,15676,1171
4630.791796,2295002069,2295003243,16033,1174
4630.809830,2295016117,2295017288,16032,1171
4630.821853,2295025480,2295026653,16022,1173
4630.887973,2295076867,2295078012,15707,1145
4630.900002,2295086196,2295087369,16036,1173
4630.912023,2295095447,2295096621,15946,1174
4630.930057,2295109404,2295110577,16045,1173
4630.942076,2295118705,2295119850,15714,1145
4630.954105,2295128010,2295129183,16029,1173
4630.966129,2295137482,2295138655,16036,1173
4630.990173,2295156120,2295157297,16033,1177
4631.000334,2295166173,2295167346,16048,1173
4631.014216,2295175520,2295176690,15892,1170
4631.080347,2295226893,2295228066,16057,1173
4631.092366,2295236223,2295237393,16053,1170
4631.104385,2295245480,2295246627,15709,1147
4631.116420,2295254842,2295255992,16095,1150
4631.161504,2295289911,2295291084,16110,1173
4631.173521,2295299255,2295300428,15959,1173
4631.204580,2295324930,2295326103,15964,1173
4631.269705,2295373998,2295375147,15948,1149
4631.281726,2295383259,2295384431,15963,1172
4631.308777,2295404249,2295405420,15852,1171
4631.323810,2295415930,2295417102,15963,1172
4631.368893,2295450955,2295452128,16035,1173
4631.380914,2295460349,2295461522,15935,1173
4631.392933,2295469699,2295470870,15631,1171
4631.413984,2295486078,2295487250,15964,1172
4631.426006,2295495416,2295496564,15955,1148
4631.465067,2295525741,2295526912,15587,1171
4631.477100,2295535095,2295536268,15949,1173
4631.489120,2295544424,2295545596,15963,1172
4631.516173,2295565478,2295566650,15934,1172
4631.528194,2295574817,2295575993,15636,1176
4631.540220,2295584072,2295585245,15949,1173
4631.552236,2295593383,2295594556,15886,1173
4631.564263,2295602693,2295603864,15667,1171
4631.576288,2295611941,2295613117,15947,1176
4631.591314,2295623616,2295624784,15727,1168
4631.603340,2295632950,2295634123,16035,1173
4631.615361,2295642331,2295643503,16022,1172
4631.627379,2295651714,2295652884,15712,1170
4631.639408,2295661049,2295662223,16032,1174
4631.657445,2295675029,2295676204,15992,1175
4631.669463,2295684413,2295685586,15961,1173
4631.681482,2295693769,2295694940,15625,1171
4631.735589,2295735688,2295736858,15642,1170
4631.747614,2295745018,2295746191,15966,1173
4631.765648,2295759061,2295760234,15945,1173
4631.777665,2295768399,2295769571,15886,1172
4631.795703,2295782426,2295783575,15962,1149
4631.807725,2295791665,2295792813,15828,1148
4631.819754,2295801010,2295802183,16002,1173
4631.831772,2295810362,2295811510,15962,1148
4631.843791,2295819721,2295820892,15629,1171
4631.855823,2295829056,2295830230,15993,1174
4631.867837,2295838364,2295839536,15885,1172
4631.885875,2295852438,2295853611,15965,1173
4631.897893,2295861803,2295862974,15594,1171
4631.912928,2295873507,2295874680,15931,1173
4631.924945,2295882821,2295883989,15597,1168
4631.952005,2295903782,2295904952,15708,1170
4631.964025,2295913095,2295914268,15952,1173
4631.976047,2295922479,2295923651,16053,1172
4631.988069,2295931813,2295932982,15693,1169
4632.000094,2295941150,2295942298,15950,1148
4632.012116,2295950512,2295951685,15846,1173
4632.024137,2295959884,2295961057,15632,1173
4632.036163,2295969268,2295970441,15948,1173
4632.048179,2295978631,2295979807,15882,1176
4632.060202,2295988012,2295989183,15632,1171
4632.078236,2296002065,2296003236,15619,1171
4632.090265,2296011404,2296012577,16038,1173
4632.159395,2296065216,2296066388,15745,1172
4632.192458,2296090998,2296092172,16053,1174
4632.204480,2296100358,2296101507,15840,1149
4632.240545,2296128448,2296129617,15625,1169
4632.252578,2296137835,2296139009,15998,1174
4632.267597,2296149570,2296150741,15630,1171
4632.357768,2296219847,2296221015,15707,1168
4632.369797,2296229153,2296230326,16036,1173
4632.381818,2296238514,2296239686,16049,1172
4632.399852,2296252542,2296253714,15861,1172
4632.411871,2296261914,2296263085,15610,1171
4632.423899,2296271299,2296272443,15931,1144
4632.435920,2296280656,2296281832,15963,1176
4632.447946,2296290024,2296291191,15711,1167
4632.468985,2296306442,2296307614,15935,1172
4632.481007,2296315804,2296316977,15932,1173
4632.508059,2296336906,2296338080,15928,1174
4632.518585,2296345811,2296346987,16059,1176
4632.533602,2296357481,2296358628,15721,1147
4632.545630,2296366812,2296367985,15935,1173
4632.584703,2296397207,2296398384,15960,1177
4632.596729,2296406595,2296407770,15710,1175
4632.611755,2296418457,2296419631,15962,1174
4632.623774,2296427771,2296428915,15645,1144
4632.635802,2296437104,2296438276,15934,1172
4632.653841,2296451103,2296452277,15953,1174
4632.665858,2296460487,2296461659,15965,1172
4632.680888,2296472179,2296473353,15941,1174
4632.692909,2296481514,2296482688,15964,1174
4632.704928,2296490907,2296492078,15639,1171
4632.724332,2296501587,2296502226,12022,639
4632.775571,2296534383,2296535556,15905,1173
4632.787593,2296543623,2296544796,15959,1173
4632.799611,2296552983,2296554132,15846,1149
4632.811640,2296562334,2296563484,15993,1150
4632.823665,2296571606,2296572777,16079,1171
4632.835680,2296580979,2296582155,15915,1176
4632.847710,2296590321,2296591494,15910,1173
4632.868749,2296606755,2296607928,15970,1173
4632.880766,2296616117,2296617291,15848,1174
4632.895802,2296627809,2296628983,15908,1174
4632.907817,2296637167,2296638339,15832,1172
4632.928863,2296653547,2296654721,15905,1174
4632.940887,2296662889,2296664061,15945,1172
4632.952903,2296672236,2296673408,15846,1172
4632.964933,2296681570,2296682741,15885,1171
4633.001000,2296709669,2296710843,15908,1174
4633.013027,2296719012,2296720185,16006,1173
4633.025040,2296728391,2296729566,15833,1175
4633.037069,2296737766,2296738937,15888,1171
4633.094181,2296782312,2296783486,15928,1174
4633.106194,2296791680,2296792852,15830,1172
4633.121231,2296803397,2296804571,15993,1174
4633.133246,2296812761,2296813934,15830,1173
4633.157298,2296831550,2296832720,15970,1170
4633.169314,2296840947,2296842120,15843,1173
4633.181345,2296850334,2296851508,15907,1174
4633.196366,2296862020,2296863168,15820,1148
4633.208395,2296871331,2296872502,15887,1171
4633.220419,2296880693,2296881866,15987,1173
4633.232436,2296888550,2296889699,15782,1149
4633.247469,2296900092,2296901265,16060,1173
4633.259486,2296909465,2296910638,15932,1173
4633.271517,2296918862,2296920036,15913,1174
4633.283540,2296928203,2296929378,16007,1175
4633.295554,2296937573,2296938745,15827,1172
4633.307583,2296946912,2296948085,15824,1173
4633.319610,2296956301,2296957475,16011,1174
4633.331623,2296965668,2296966846,15835,1178
4633.349658,2296979713,2296980887,15842,1174
4633.361688,2296989104,2296990278,15905,1174
4633.376709,2297000845,2297002018,15851,1173
4633.388739,2297010244,2297011417,15912,1173
4633.400764,2297019635,2297020808,16013,1173
4633.412780,2297028977,2297030150,15949,1173
4633.424807,2297038373,2297039547,15997,1174
4633.436831,2297047774,2297048947,15961,1173
4633.451859,2297059489,2297060663,15900,1174
4633.463881,2297068898,2297070072,15977,1174
4633.475898,2297078265,2297079439,15934,1174
4633.487928,2297087660,2297088833,16000,1173
4633.505960,2297101746,2297102919,15906,1173
4633.517985,2297111110,2297112284,15963,1174
4633.545035,2297132214,2297133387,15976,1173
4633.557052,2297141575,2297142747,15844,1172
4633.593121,2297169715,2297170893,15824,1178
4633.605150,2297179109,2297180283,15913,1174
4633.617174,2297188499,2297189673,15995,1174
4633.629188,2297197863,2297199040,15825,1177
4633.641218,2297207270,2297208444,15915,1174
4633.668269,2297228333,2297229509,15904,1176
4633.680291,2297237721,2297238894,15960,1173
4633.692309,2297247085,2297248257,15840,1172
4633.731388,2297277536,2297278710,15991,1174
4633.743411,2297286923,2297288096,16022,1173
4633.755429,2297296313,2297297487,15863,1174
4633.767458,2297305706,2297306880,15915,1174
4633.779480,2297315101,2297316274,15961,1173
4633.800515,2297331511,2297332684,15842,1173
4633.812542,2297340901,2297342075,15906,1174
4633.836589,2297359605,2297360779,15902,1174
4633.848614,2297369109,2297370287,15911,1178
4633.864647,2297383185,2297384360,15902,1175
4633.888694,2297401968,2297403141,15826,1173
4633.905722,2297413714,2297414888,15986,1174
4633.917740,2297423083,2297424257,15943,1174
4633.929768,2297432450,2297433624,16017,1174
4633.941789,2297441817,2297442990,16039,1173
4633.965839,2297460495,2297461670,15925,1175
4633.977860,2297469867,2297471040,15974,1173
4634.007912,2297493316,2297494491,15943,1175
4634.019938,2297502714,2297503889,15997,1175
4634.031965,2297512821,2297513994,16078,1173
4634.043978,2297522223,2297523396,15937,1173
4634.056008,2297531656,2297532828,15989,1172
4634.068030,2297541052,2297542226,16068,1174
4634.080049,2297550450,2297551625,15939,1175
4634.092075,2297559839,2297561013,15818,1174
4634.104099,2297569238,2297570408,16078,1170
4634.116115,2297578627,2297579801,15899,1174
4634.134156,2297592711,2297593884,15992,1173
4634.146180,2297602077,2297603250,15998,1173
4634.179235,2297627844,2297629016,15932,1172
4634.194271,2297639561,2297640734,16075,1173
4634.212305,2297653624,2297654798,15984,1174
4634.224320,2297662969,2297664143,15826,1174
4634.236351,2297672365,2297673538,15912,1173
4634.248373,2297681730,2297682903,15975,1173
4634.260392,2297691308,2297692481,15876,1173
4634.272419,2297700649,2297701821,15817,1172
4634.284443,2297710039,2297711212,15910,1173
4634.312499,2297733523,2297734696,15818,1173
4634.347562,2297759298,2297760471,15977,1173
4634.359578,2297768694,2297769867,15848,1173
4634.371608,2297778083,2297779259,15822,1176
4634.383631,2297787485,2297788661,15911,1176
4634.395646,2297796835,2297798009,15825,1174
4634.407676,2297806232,2297807408,15909,1176
4634.419700,2297815600,2297816775,15990,1175
4634.431723,2297824993,2297826166,15993,1173
4634.443745,2297834337,2297835510,15992,1173
4634.455767,2297843725,2297844896,15976,1171
4634.467783,2297853131,2297854305,15855,1174
4634.479812,2297862501,2297863675,15902,1174
4634.491837,2297871902,2297873072,15995,1170
4634.503852,2297881278,2297882451,15843,1173
4634.515881,2297890678,2297891851,15889,1173
4634.527902,2297900061,2297901234,16046,1173
4634.539921,2297909459,2297910631,15931,1172
4634.551948,2297918851,2297920001,15981,1150
4634.563973,2297928224,2297929398,15981,1174
4634.575989,2297937615,2297938788,15758,1173
4634.588018,2297947008,2297948185,15911,1177
4634.600042,2297956401,2297957575,15983,1174
4634.612058,2297965770,2297966944,15857,1174
4634.624087,2297975114,2297976288,15994,1174
4634.636110,2297984512,2297985685,16068,1173
4634.648127,2297993877,2297995050,15934,1173
4634.660154,2298003269,2298004443,15974,1174
4634.681194,2298019820,2298020994,15907,1174
4634.693212,2298029212,2298030386,15859,1174
4634.708246,2298040905,2298042079,15964,1174
4634.720263,2298050305,2298051479,15859,1174
4634.732291,2298059693,2298060867,15913,1174
4634.744316,2298069057,2298070231,15979,1174
4634.759343,2298080800,2298081974,15911,1174
4634.771367,2298090194,2298091367,15951,1173
4634.783384,2298099582,2298100756,15858,1174
4634.795413,2298108978,2298110152,15909,1174
4634.807434,2298118367,2298119541,15960,1174
4634.819452,2298127764,2298128937,15813,1173
4634.831480,2298137163,2298138336,15909,1173
4634.843505,2298146561,2298147734,16039,1173
4634.855521,2298155924,2298157096,15932,1172
4634.867548,2298165303,2298166478,15797,1175
4634.879571,2298174676,2298175851,15872,1175
4634.891590,2298184048,2298185219,15861,1171
4634.903618,2298193436,2298194610,15903,1174
4634.916648,2298205135,2298206308,15857,1173
4634.948703,2298228541,2298229719,15908,1178
4634.960728,2298237936,2298239110,15981,1174
4634.972744,2298247328,2298248501,15846,1173
4635.020842,2298284919,2298286093,15903,1174
4635.032865,2298294311,2298295484,15891,1173
4635.047891,2298305976,2298307154,15905,1178
4635.059916,2298315349,2298316521,15975,1172
4635.071932,2298324755,2298325926,15842,1171
4635.083961,2298334151,2298335325,15910,1174
4635.095983,2298343538,2298344712,15963,1174
4635.108001,2298352857,2298354030,15861,1173
4635.120032,2298362247,2298363421,15924,1174
4635.132054,2298371645,2298372819,15983,1174
4635.144070,2298381040,2298382215,15846,1175
4635.162104,2298395108,2298396281,15821,1173
4635.174131,2298404503,2298405678,15906,1175
4635.231242,2298449058,2298450232,16041,1174
4635.243258,2298458423,2298459597,15913,1174
4635.258293,2298470146,2298471321,15978,1175
4635.273320,2298481888,2298483062,15905,1174
4635.288344,2298493788,2298494960,15846,1172
4635.300377,2298503184,2298504354,15923,1170
4635.333430,2298529004,2298530179,15827,1175
4635.345459,2298538397,2298539572,15907,1175
4635.405567,2298585358,2298586531,15910,1173
4635.417598,2298594727,2298595901,15913,1174
4635.435630,2298608820,2298609993,15906,1173
4635.447655,2298618210,2298619383,15991,1173
4635.465689,2298632299,2298633472,16073,1173
4635.477704,2298641669,2298642843,15929,1174
4635.492738,2298653420,2298654595,15933,1175
4635.504755,2298662814,2298663985,15839,1171
4635.525800,2298679224,2298680400,15910,1176
4635.537825,2298688621,2298689792,15976,1171
4635.549842,2298698582,2298699756,15933,1174
4635.561869,2298707986,2298709159,15993,1173
4635.573892,2298717380,2298718553,16006,1173
4635.646031,2298773730,2298774905,16069,1175
4635.658047,2298783129,2298784303,15845,1174
4635.673081,2298794878,2298796052,15999,1174
4635.685099,2298804277,2298805450,15945,1173
4635.697131,2298813688,2298814863,15997,1175
4635.709151,2298823085,2298824259,16060,1174
4635.721173,2298832476,2298833652,15994,1176
4635.751231,2298855958,2298857136,15999,1178
4635.766253,2298867717,2298868891,15918,1174
4635.847408,2298931122,2298932295,15838,1173
4635.859436,2298940494,2298941667,15909,1173
4635.871459,2298949895,2298951068,15913,1173
4635.895506,2298968694,2298969869,15908,1175
4635.907528,2298978279,2298979453,15975,1174
4635.940591,2299004109,2299005283,15909,1174
4635.952615,2299013484,2299014658,15965,1174
4635.964631,2299022891,2299024064,15832,1173
4635.976661,2299032285,2299033460,15994,1175
4635.991681,2299044025,2299045201,15933,1176
4636.003712,2299053396,2299054570,15999,1174
4636.021745,2299067489,2299068661,15995,1172
4636.033770,2299076857,2299078032,16051,1175
4636.063819,2299100358,2299101533,15917,1175
4636.075849,2299109763,2299110939,15996,1176
4636.087871,2299119160,2299120332,16070,1172
4636.099888,2299128553,2299129726,15904,1173
4636.166018,2299180417,2299181592,15907,1175
4636.178043,2299189827,2299191002,15960,1175
4636.190059,2299199225,2299200399,15852,1174
4636.202088,2299208597,2299209771,15904,1174
4636.217117,2299220735,2299221911,15913,1176
4636.232145,2299232487,2299233661,15907,1174
4636.250178,2299246600,2299247774,15909,1174
4636.262201,2299255997,2299257173,15911,1176
4636.277229,2299267753,2299268931,15902,1178
4636.292258,2299279514,2299280687,15900,1173
4636.304283,2299288917,2299290088,15910,1171
4636.319311,2299300724,2299301897,15890,1173
4636.331335,2299310126,2299311301,15921,1175
4636.349368,2299324227,2299325401,15902,1174
4636.361391,2299333625,2299334800,15906,1175
4636.373415,2299343036,2299344209,15841,1173
4636.385437,2299352437,2299353611,15905,1174
4636.403471,2299366546,2299367720,15906,1174
4636.421507,2299380652,2299381825,15987,1173
4636.433529,2299390052,2299391227,15997,1175
4636.445552,2299399453,2299400626,15903,1173
4636.457575,2299408858,2299410032,15905,1174
4636.475610,2299422961,2299424135,15909,1174
4636.487631,2299432368,2299433541,15909,1173
4636.499654,2299441780,2299442953,15907,1173
4636.511678,2299451186,2299452359,15959,1173
4636.522200,2299459816,2299460996,15913,1180
4636.535721,2299470758,2299471935,15911,1177
4636.548750,2299482525,2299483700,15902,1175
4636.568784,2299496631,2299497805,15908,1174
4636.580807,2299506023,2299507197,15908,1174
4636.596843,2299520121,2299521296,15993,1175
4636.698031,2299597686,2299598860,15922,1174
4636.710054,2299607084,2299608259,15978,1175
4636.724336,2299621391,2299622565,15849,1174
4636.737105,2299630813,2299631985,15973,1172
4636.776174,2299661357,2299662530,15835,1173
4636.788203,2299670751,2299671923,15910,1172
4636.806237,2299684850,2299686025,15902,1175
4636.821261,2299696608,2299697781,15844,1173
4636.836292,2299708676,2299709854,15932,1178
4636.848308,2299718068,2299719240,15630,1172
4636.869359,2299734505,2299735680,15963,1175
4636.881375,2299743898,2299745072,15963,1174
4636.905423,2299762686,2299763863,15947,1177
4636.917448,2299772090,2299773264,15948,1174
4637.016635,2299849763,2299850937,16042,1174
4637.028651,2299859169,2299860345,15672,1176
4637.040680,2299868567,2299869740,15949,1173
4637.052700,2299877957,2299879131,15965,1174
4637.064722,2299888076,2299889250,15823,1174
4637.079753,2299899829,2299901002,15930,1173
4637.097786,2299913922,2299915100,15965,1178
4637.109813,2299923325,2299924497,15794,1172
4637.121834,2299932712,2299933886,16036,1174
4637.133857,2299942138,2299943311,15937,1173
4637.145874,2299951535,2299952706,15593,1171
4637.157903,2299960922,2299962096,15957,1174
4637.169925,2299970324,2299971496,15935,1172
4637.181942,2299979712,2299980885,15621,1173
4637.236045,2300021985,2300023157,15628,1172
4637.248074,2300031376,2300032550,15950,1174
4637.260095,2300040744,2300041918,15946,1174
4637.272114,2300050138,2300051310,15679,1172
4637.290148,2300064227,2300065399,15704,1172
4637.302178,2300073622,2300074797,16041,1175
4637.329229,2300094741,2300095914,16040,1173
4637.341251,2300104284,2300105458,15907,1174
4637.444450,2300186489,2300187664,15945,1175
4637.536623,2300256945,2300258118,16039,1173
4637.551646,2300268690,2300269861,15702,1171
4637.563679,2300278271,2300279445,15962,1174
4637.575695,2300287666,2300288840,15968,1174
4637.587714,2300297060,2300298232,15674,1172
4637.599744,2300306453,2300307628,16039,1175
4637.611766,2300315845,2300317019,16035,1174
4637.629798,2300329932,2300331105,16054,1173
4637.641817,2300339316,2300340487,15713,1171
4637.653846,2300348706,2300349879,16040,1173
4637.665868,2300358097,2300359270,16028,1173
4637.677888,2300367492,2300368664,15712,1172
4637.692914,2300379223,2300380397,15881,1174
4637.756038,2300428519,2300429692,15856,1173
4637.768057,2300437949,2300439119,15597,1170
4637.780086,2300447347,2300448522,15951,1175
4637.792107,2300456744,2300457917,16055,1173
4637.804133,2300466132,2300467307,15789,1175
4637.816155,2300475529,2300476702,16031,1173
4637.873261,2300520158,2300521333,16052,1175
4637.885280,2300529555,2300530727,15711,1172
4637.897309,2300538948,2300540122,15951,1174
4637.909332,2300548344,2300549518,15950,1174
4637.960433,2300588270,2300589445,15959,1175
4637.972452,2300597680,2300598855,15964,1175
4638.080656,2300682237,2300683411,15963,1174
4638.092674,2300691632,2300692803,15628,1171
4638.119726,2300712785,2300713954,15630,1169
4638.131757,2300722170,2300723343,15810,1173
4638.143775,2300731565,2300732741,15963,1176
4638.155797,2300740959,2300742132,15828,1173
4638.173829,2300755051,2300756222,15627,1171
4638.185860,2300764457,2300765630,16042,1173
4638.197880,2300773866,2300775041,16054,1175
4638.270016,2300830252,2300831424,15965,1172
4638.285046,2300841996,2300843171,15947,1175
4638.297067,2300851388,2300852564,15967,1176
4638.381223,2300917165,2300918335,15709,1170
4638.393253,2300926575,2300927754,15951,1179
4638.444343,2300966517,2300967689,15625,1172
4638.456377,2300975914,2300977088,15964,1174
4638.471395,2300987658,2300988832,15628,1174
4638.483426,2300997058,2300998231,15807,1173
4638.495444,2301006447,2301007622,15965,1175
4638.507463,2301015848,2301017019,15630,1171
4638.519494,2301025247,2301026420,15804,1173
4638.568590,2301065177,2301066354,15626,1177
4638.582121,2301075323,2301076498,15964,1175
4638.605160,2301093050,2301094224,16047,1174
4638.617176,2301102450,2301103624,16050,1174
4638.629195,2301111851,2301113022,15711,1171
4638.720376,2301184688,2301185863,16030,1175
4638.791504,2301238711,2301239884,15629,1173
4638.803536,2301248223,2301249398,15960,1175
4638.815553,2301257618,2301258791,15962,1173
4638.827572,2301267017,2301268189,15546,1172
4638.839601,2301276405,2301277579,15944,1174
4638.857636,2301290497,2301291672,15943,1175
4638.869656,2301299888,2301301064,15960,1176
4638.920756,2301339832,2301341008,15947,1176
4638.932778,2301349226,2301350401,15960,1175
4638.995896,2301398554,2301399729,15940,1175
4639.007915,2301407994,2301409165,15687,1171
4639.019942,2301417380,2301418559,16024,1179
4639.031964,2301426789,2301427966,16048,1177
4639.134155,2301506654,2301507825,15722,1171
4639.146186,2301516047,2301517221,16070,1174
4639.158204,2301525437,2301526612,15962,1175
4639.170224,2301534832,2301536004,15643,1172
4639.200290,2301558328,2301559503,15949,1175
4639.215310,2301570077,2301571249,15638,1172
4639.245375,2301593615,2301594788,15984,1173
4639.257393,2301603014,2301604189,15962,1175
4639.269412,2301612410,2301613580,15637,1170
4639.341555,2301668777,2301669948,15708,1171
4639.353577,2301678177,2301679352,15932,1175
4639.365599,2301687580,2301688755,15877,1175
4639.377618,2301696977,2301698153,15633,1176
4639.389646,2301706371,2301707546,15934,1175
4639.404669,2301718115,2301719286,15606,1171
4639.416697,2301727518,2301728693,16025,1175
4639.455770,2301758061,2301759235,16051,1174
4639.467789,2301767466,2301768638,15723,1172
4639.479817,2301776859,2301778032,16027,1173
4639.497856,2301790962,2301792137,16036,1175
4639.509873,2301800359,2301801534,16049,1175
4639.527907,2301814453,2301815630,16047,1177
4639.539934,2301823858,2301825033,15993,1175
4639.551957,2301833273,2301834446,15991,1173
4639.563982,2301842678,2301843853,16072,1175
4639.575998,2301852083,2301853262,15928,1179
4639.588026,2301861484,2301862659,15994,1175
4639.600049,2301870886,2301872062,16004,1176
4639.612066,2301880294,2301881471,15943,1177
4639.624092,2301889783,2301890957,16043,1174
4639.636113,2301899178,2301900352,16099,1174
4639.657150,2301915630,2301916801,15720,1171
4639.669178,2301925025,2301926198,16024,1173
4639.684201,2301936770,2301937942,15714,1172
4639.780388,2302011940,2302013115,15960,1175
4639.792409,2302021339,2302022517,15838,1178
4639.804435,2302030739,2302031914,15935,1175
4639.816456,2302040134,2302041310,15960,1176
4639.880585,2302091841,2302093012,15623,1171
4639.912642,2302115336,2302116512,16032,1176
4639.924662,2302124735,2302125910,16053,1175
4639.945698,2302141175,2302142347,15701,1172
4639.957728,2302150568,2302151743,16038,1175
4639.984779,2302171750,2302172921,16036,1171
4639.996801,2302181150,2302182325,16014,1175
4640.023851,2302202288,2302203462,15963,1174
4640.035878,2302211936,2302213109,15711,1173
4640.047899,2302221337,2302222512,15947,1175
4640.084968,2302251884,2302253058,15852,1174
4640.102002,2302264397,2302265572,15948,1175
4640.162110,2302311420,2302312593,15627,1173
4640.174139,2302320814,2302321989,15950,1175
4640.189164,2302332563,2302333737,15828,1174
4640.201190,2302341960,2302343132,15946,1172
4640.228242,2302363104,2302364279,16038,1175
4640.240265,2302372527,2302373702,15951,1175
4640.252281,2302381931,2302383127,15592,1196
4640.264311,2302391361,2302392538,15950,1177
4640.276331,2302400765,2302401940,15962,1175
4640.297368,2302417221,2302418396,15592,1175
4640.309396,2302426621,2302427795,15954,1174
4640.399568,2302497130,2302498305,16037,1175
4640.411589,2302506531,2302507706,16055,1175
4640.423607,2302515928,2302517104,15713,1176
4640.435639,2302525455,2302526631,15991,1176
4640.447657,2302534858,2302536033,15963,1175
4640.459676,2302544257,2302545434,15619,1177
4640.489743,2302567759,2302568935,15960,1176
4640.501759,2302577160,2302578335,15962,1175
4640.513779,2302586570,2302587765,15625,1195
4640.525808,2302595996,2302597171,15952,1175
4640.552859,2302617170,2302618346,16038,1176
4640.564879,2302626572,2302627750,16051,1178
4640.585919,2302643018,2302644192,15912,1174
4640.597947,2302652416,2302653590,15891,1174
4640.616979,2302668859,2302670035,16051,1176
4640.637020,2302682957,2302684132,16035,1175
4640.649036,2302692511,2302693684,15709,1173
4640.682103,2302718357,2302719532,15939,1175
4640.694121,2302727765,2302728938,15674,1173
4640.721176,2302748910,2302750086,15907,1176
4640.733205,2302758310,2302759485,16078,1175
4640.745223,2302767715,2302768894,16051,1179
4640.808343,2302817064,2302818242,16050,1178
4640.820362,2302826470,2302827643,15708,1173
4640.844413,2302845269,2302846444,15934,1175
4640.856435,2302854675,2302855848,15820,1173
4640.871463,2302866441,2302867616,15963,1175
4640.883485,2302875844,2302877017,15829,1173
4640.895513,2302885244,2302886418,15807,1174
4640.907531,2302894639,2302895818,15963,1179
4640.928575,2302911091,2302912262,15710,1171
4640.940597,2302920490,2302921669,15951,1179
4640.952617,2302929889,2302931065,15968,1176
4640.967648,2302941639,2302942813,15949,1174
4641.028766,2302991015,2302992192,15993,1177
4641.057822,2303012165,2303013341,15806,1176
4641.069843,2303021751,2303022927,15930,1176
4641.081862,2303031158,2303032335,15827,1177
4641.120939,2303061738,2303062915,15947,1177
4641.135962,2303073490,2303074663,15625,1173
4641.147991,2303082890,2303084065,15948,1175
4641.160013,2303092287,2303093466,15935,1179
4641.172030,2303101695,2303102867,15626,1172
4641.184064,2303111097,2303112271,15967,1174
4641.196080,2303120498,2303121674,15966,1176
4641.208099,2303129894,2303131067,15631,1173
4641.220128,2303139284,2303140459,15948,1175
4641.232152,2303148683,2303149861,15955,1178
4641.244167,2303158085,2303159258,15634,1173
4641.256197,2303167479,2303168657,15951,1178
4641.268219,2303176893,2303178067,15962,1174
4641.352373,2303242671,2303243843,15626,1172
4641.364403,2303252074,2303253248,15945,1174
4641.445557,2303315532,2303316708,16050,1176
4641.457574,2303324960,2303326139,15963,1179
4641.469596,2303334365,2303335536,15626,1171
4641.481629,2303343778,2303344953,15964,1175
4641.556767,2303402523,2303403699,15966,1176
4641.568785,2303411932,2303413104,15592,1172
4641.595839,2303433092,2303434268,15824,1176
4641.612379,2303446413,2303447587,15984,1174
4641.624395,2303456030,2303457208,15844,1178
4641.663465,2303486627,2303487800,15626,1173
4641.675497,2303496027,2303497202,15997,1175
4641.687516,2303505590,2303506768,15935,1178
4641.699534,2303514993,2303516166,15629,1173
4641.711563,2303524415,2303525591,15953,1176
4641.723583,2303533824,2303534998,15856,1174
4641.741618,2303547954,2303549133,15964,1179
4641.753637,2303557357,2303558531,15596,1174
4641.777690,2303576157,2303577331,15954,1174
4641.789706,2303585575,2303586748,15597,1173
4641.837803,2303623210,2303624385,15949,1175
4641.851334,2303631096,2303631921,13681,825
4641.864331,2303637794,2303638430,12027,636
4641.881385,2303646986,2303648161,15870,1175
4641.893414,2303656367,2303657540,15908,1173
4641.905434,2303665767,2303666944,15971,1177
4641.923468,2303679881,2303681056,15987,1175
4641.935485,2303689281,2303690456,15846,1175
4641.947516,2303698684,2303699858,15909,1174
4641.983584,2303726894,2303728069,15907,1175
4641.995606,2303736298,2303737477,15974,1179
4642.007622,2303745707,2303746884,15844,1177
4642.019653,2303755118,2303756294,15906,1176
4642.031674,2303764534,2303765709,15972,1175
4642.043691,2303773945,2303775119,15842,1174
4642.055721,2303783345,2303784520,15912,1175
4642.067743,2303792748,2303793925,15978,1177
4642.079760,2303802160,2303803337,15847,1177
4642.091790,2303811617,2303812794,15905,1177
4642.103811,2303821139,2303822314,15967,1175
4642.116841,2303832905,2303834082,15908,1177
4642.163927,2303868178,2303869354,15907,1176
4642.175949,2303877580,2303878754,15980,1174
4642.187966,2303887003,2303888177,15847,1174
4642.199996,2303896402,2303897575,15912,1173
4642.212017,2303905809,2303906983,15976,1174
4642.224034,2303915216,2303916390,15843,1174
4642.269118,2303950588,2303951764,15917,1176
4642.281150,2303960036,2303961210,15996,1174
4642.296171,2303971791,2303972970,15914,1179
4642.308202,2303981253,2303982427,15995,1174
4642.320223,2303990657,2303991831,16076,1174
4642.332240,2304000098,2304001272,15933,1174
4642.344270,2304009504,2304010683,15910,1179
4642.357794,2304019118,2304020292,15904,1174
4642.369819,2304028530,2304029706,16002,1176
4642.384846,2304040292,2304041469,15912,1177
4642.396871,2304049705,2304050880,15988,1175
4642.417902,2304066162,2304067360,15816,1198
4642.429931,2304075589,2304076764,15992,1175
4642.453971,2304094402,2304095577,15820,1175
4642.466000,2304103807,2304104979,15906,1172
4642.478024,2304113216,2304114391,15985,1175
4642.490040,2304122638,2304123813,15827,1175
4642.502069,2304132044,2304133218,15907,1174
4642.514095,2304141631,2304142806,15989,1175
4642.526109,2304151038,2304152214,15829,1176
4642.562177,2304179263,2304180438,15823,1175
4642.574206,2304188674,2304189848,15994,1174
4642.592240,2304202816,2304203993,15991,1177
4642.604265,2304212225,2304213401,16073,1176
4642.616278,2304221638,2304222811,15812,1173
4642.628309,2304231040,2304232215,15904,1175
4642.640333,2304240443,2304241617,15984,1174
4642.664377,2304259259,2304260435,15907,1176
4642.676402,2304268667,2304269844,15990,1177
4642.700446,2304287479,2304288654,15997,1175
4642.712471,2304296894,2304298068,15972,1174
4642.727496,2304308679,2304309855,15904,1176
4642.739520,2304318086,2304319266,15931,1180
4642.751537,2304327501,2304328676,15926,1175
4642.763564,2304336913,2304338089,15996,1176
4642.775589,2304346315,2304347490,15973,1175
4642.787605,2304355722,2304356903,15836,1181
4642.799633,2304365134,2304366309,15907,1175
4642.811658,2304374539,2304375715,15978,1176
4642.823674,2304383949,2304385126,15842,1177
4642.835702,2304393355,2304394532,15998,1177
4642.847726,2304402768,2304403942,16067,1174
4642.859743,2304412177,2304413376,15924,1199
4642.871771,2304421640,2304422816,15911,1176
4642.892812,2304438121,2304439296,15973,1175
4642.904828,2304447526,2304448702,15841,1176
4642.916859,2304457020,2304458197,15899,1177
4642.928882,2304466431,2304467605,15987,1174
4642.952926,2304485264,2304486440,15904,1176
4642.964951,2304494679,2304495854,16000,1175
4642.998012,2304520550,2304521725,15909,1175
4643.010037,2304529983,2304531159,15995,1176
4643.034080,2304548822,2304549998,15910,1176
4643.046105,2304558230,2304559404,16073,1174
4643.070149,2304577051,2304578227,15993,1176
4643.082174,2304586511,2304587685,15993,1174
4643.106218,2304605367,2304606542,15905,1175
4643.118242,2304614778,2304615953,16074,1175
4643.131767,2304626462,2304627636,16066,1174
4643.143783,2304635876,2304637052,15848,1176
4643.155814,2304645287,2304646462,15908,1175
4643.173848,2304659403,2304660579,15903,1176
4643.185869,2304668843,2304670023,15944,1180
4643.221938,2304697108,2304698289,15946,1181
4643.233954,2304706529,2304707705,15850,1176
4643.264019,2304730047,2304731222,15908,1175
4643.276041,2304739456,2304740632,15888,1176
4643.288058,2304748866,2304750040,15845,1174
4643.300087,2304758269,2304759444,15910,1175
4643.312109,2304767678,2304768854,15993,1176
4643.324126,2304777083,2304778257,15848,1174
4643.336155,2304786501,2304787677,15903,1176
4643.348177,2304795917,2304797096,16012,1179
4643.360193,2304805331,2304806507,15931,1176
4643.372223,2304814740,2304815916,15996,1176
4643.384246,2304824154,2304825330,16050,1176
4643.448373,2304875899,2304877075,15939,1176
4643.480431,2304899489,2304900664,15927,1175
4643.492451,2304908905,2304910081,15965,1176
4643.504469,2304918336,2304919512,15853,1176
4643.516498,2304927741,2304928918,15911,1177
4643.528520,2304937174,2304938349,15960,1175
4643.540538,2304946645,2304947822,15843,1177
4643.552569,2304956061,2304957238,15907,1177
4643.564592,2304965512,2304966686,15995,1174
4643.588636,2304984348,2304985524,15903,1176
4643.600658,2304993765,2304994940,15974,1175
4643.624705,2305012603,2305013780,15905,1177
4643.636727,2305022014,2305023190,15974,1176
4643.660774,2305040849,2305042025,15992,1176
4643.672795,2305050255,2305051429,16061,1174
4643.684812,2305059660,2305060860,15932,1200
4643.696844,2305069102,2305070277,15995,1175
4643.708864,2305078555,2305079731,15904,1176
4643.720881,2305087968,2305089145,15850,1177
4643.732911,2305097378,2305098553,15910,1175
4643.747932,2305109217,2305110394,15839,1177
4643.759963,2305118642,2305119820,15914,1178
4643.771984,2305128082,2305129258,15971,1176
4643.784001,2305137488,2305138664,15756,1176
4643.796031,2305146943,2305148121,15903,1178
4643.808053,2305156359,2305157534,15990,1175
4643.820069,2305165772,2305166948,15846,1176
4643.832100,2305175184,2305176382,15996,1198
4643.844122,2305184613,2305185789,16066,1176
4643.856137,2305194028,2305195208,15923,1180
4643.868169,2305203441,2305204616,16001,1175
4643.886202,2305217550,2305218726,15991,1176
4643.898224,2305226958,2305228131,16063,1173
4643.910241,2305236368,2305237544,15935,1176
4643.940306,2305259918,2305261093,15997,1175
4643.952327,2305269368,2305270548,15977,1180
4644.015447,2305318867,2305320046,15976,1179
4644.027464,2305328293,2305329469,15850,1176
4644.039494,2305337696,2305338874,15907,1178
4644.051516,2305347104,2305348280,15974,1176
4644.063532,2305356510,2305357686,15851,1176
4644.075562,2305365923,2305367098,15906,1175
4644.087586,2305375389,2305376569,15965,1180
4644.120649,2305401350,2305402526,15905,1176
4644.132670,2305410829,2305412006,15977,1177
4644.147700,2305422618,2305423790,15997,1172
4644.159722,2305432045,2305433220,15977,1175
4644.220836,2305481474,2305482650,16061,1176
4644.240876,2305495638,2305496842,15951,1204
4644.252891,2305505101,2305506278,15835,1177
4644.264923,2305514514,2305515689,15906,1175
4644.279944,2305526281,2305527457,15844,1176
4644.291974,2305535692,2305536867,15907,1175
4644.303996,2305545097,2305546274,15993,1177
4644.316012,2305554504,2305555680,15850,1176
4644.328043,2305563916,2305565091,15910,1175
4644.340064,2305573328,2305574503,15975,1175
4644.352080,2305582741,2305583916,15921,1175
4644.365111,2305594566,2305595742,15884,1176
4644.382146,2305606384,2305607561,15909,1177
4644.394167,2305615818,2305616994,15888,1176
4644.406184,2305625253,2305626428,15845,1175
4644.436249,2305648839,2305650015,15912,1176
4644.451269,2305660626,2305661800,15832,1174
4644.511390,2305707817,2305708992,15975,1175
4644.523407,2305717225,2305718400,15938,1175
4644.535437,2305726639,2305727815,15995,1176
4644.547459,2305736054,2305737230,16068,1176
4644.559476,2305745527,2305746727,15741,1200
4644.571504,2305754967,2305756143,15994,1176
4644.583529,2305764386,2305765562,16076,1176
4644.595544,2305773802,2305774979,15916,1177
4644.607573,2305783219,2305784395,15999,1176
4644.619598,2305792662,2305793845,16053,1183
4644.631613,2305802092,2305803272,15900,1180
4644.643644,2305812306,2305813483,16015,1177
4644.655665,2305821736,2305822938,15981,1202
4644.667681,2305831171,2305832370,15828,1199
4644.736820,2305885414,2305886591,15989,1177
4644.748835,2305894827,2305896028,15820,1201
4644.760864,2305904273,2305905472,15904,1199
4644.775887,2305916222,2305917399,15825,1177
4644.787916,2305925665,2305926840,15906,1175
4644.799941,2305935080,2305936257,16006,1177
4644.811956,2305944498,2305945673,15834,1175
4644.823984,2305953933,2305955113,15907,1180
4644.836009,2305963364,2305964542,15999,1178
4644.848023,2305972826,2305974002,15802,1176
4644.860053,2305982238,2305983414,15910,1176
4644.872078,2305991654,2305992831,15985,1177
4644.905139,2306017575,2306018753,15992,1178
4644.917163,2306026989,2306028165,16078,1176
4644.965247,2306064700,2306065877,15911,1177
4644.984789,2306080351,2306081530,16048,1179
4644.996806,2306089795,2306090968,15935,1173
4645.065943,2306143970,2306145170,16047,1200
4645.077963,2306153416,2306154593,15943,1177
4645.162128,2306219383,2306220559,15993,1176
4645.174149,2306228799,2306229976,16048,1177
4645.192185,2306243288,2306244463,15972,1175
4645.204202,2306252699,2306253876,15844,1177
4645.216232,2306262126,2306263310,15905,1184
4645.228253,2306271593,2306272777,15946,1184
4645.249287,2306288102,2306289279,15843,1177
4645.261318,2306297512,2306298688,15906,1176
4645.273339,2306306920,2306308096,15975,1176
4645.285359,2306316358,2306317541,15871,1183
4645.297386,2306325790,2306326990,15903,1200
4645.309408,2306335251,2306336427,15976,1176
4645.321424,2306344657,2306345833,15842,1176
4645.333455,2306354067,2306355243,15906,1176
4645.381545,2306391763,2306392940,15975,1177
4645.393561,2306401193,2306402369,15847,1176
4645.411596,2306415322,2306416499,15854,1177
4645.423625,2306424747,2306425924,15904,1177
4645.435647,2306434180,2306435355,15963,1175
4645.453680,2306448318,2306449494,15959,1176
4645.465699,2306457729,2306458906,15859,1177
4645.495762,2306481396,2306482576,15902,1180
4645.507784,2306490834,2306492014,15962,1180
4645.519801,2306500262,2306501441,15857,1179
4645.537836,2306514395,2306515571,15852,1176
4645.549865,2306523808,2306525008,15996,1200
4645.561887,2306533289,2306534463,16047,1174
4645.573904,2306542728,2306543912,15942,1184
4645.591937,2306556852,2306558027,15845,1175
4645.603969,2306566394,2306567570,15906,1176
4645.622003,2306580522,2306581699,15991,1177
4645.634025,2306589961,2306591136,16063,1175
4645.709162,2306648959,2306650136,15926,1177
4645.721192,2306658409,2306659589,15989,1180
4645.737226,2306672544,2306673721,15893,1177
4645.757261,2306686691,2306687868,15910,1177
4645.769284,2306696162,2306697362,15970,1200
4645.793329,2306715075,2306716259,15906,1184
4645.805353,2306724671,2306725847,15977,1176
4645.817368,2306734089,2306735264,15847,1175
4645.829398,2306743528,2306744701,15912,1173
4645.877489,2306781272,2306782476,15941,1204
4645.889503,2306790716,2306791893,15830,1177
4645.907539,2306804924,2306806101,15820,1177
4645.919569,2306814337,2306815536,15997,1199
4645.931591,2306823801,2306824977,16062,1176
4645.943608,2306833216,2306834416,15847,1200
4645.955638,2306842656,2306843855,15909,1199
4645.973672,2306856822,2306857997,15903,1175
4645.985694,2306866242,2306867417,15975,1175
4646.000724,2306878039,2306879214,15905,1175
4646.012745,2306887513,2306888686,15973,1173
4646.024762,2306896926,2306898103,15845,1177
4646.036793,2306906783,2306907961,15906,1178
4646.051815,2306918566,2306919743,15962,1177
4646.087883,2306946792,2306947968,15853,1176
4646.099902,2306956224,2306957396,15594,1172
4646.111931,2306965625,2306966803,15950,1178
4646.123952,2306975055,2306976231,15966,1176
4646.135978,2306984462,2306985636,15706,1174
4646.148004,2306994236,2306995412,16050,1176
4646.161526,2307005391,2307006600,16042,1209
4646.173546,2307014843,2307016019,15968,1176
4646.221633,2307052557,2307053738,15627,1181
4646.233663,2307062004,2307063179,15947,1175
4646.269731,2307090312,2307091487,15949,1175
4646.281752,2307099729,2307100929,15964,1200
4646.296785,2307111509,2307112685,15804,1176
4646.311805,2307123268,2307124444,15628,1176
4646.323834,2307132670,2307133846,15953,1176
4646.335855,2307142108,2307143283,15855,1175
4646.347874,2307151521,2307152694,15592,1173
4646.359903,2307160931,2307162107,15953,1176
4646.429029,2307215173,2307216345,15630,1172
4646.441061,2307224616,2307225791,15960,1175
4646.453075,2307234177,2307235353,15948,1176
4646.537237,2307300156,2307301336,15912,1180
4646.549265,2307309608,2307310809,16052,1201
4646.636428,2307377936,2307379116,15856,1180
4646.648452,2307387393,2307388570,15944,1177
4646.663474,2307399189,2307400364,15629,1175
4646.675503,2307408612,2307409792,15954,1180
4646.693537,2307422749,2307423949,15944,1200
4646.705557,2307432176,2307433351,15965,1175
4646.753646,2307469894,2307471068,15627,1174
4646.765674,2307479331,2307480508,15942,1177
4646.825783,2307526394,2307527566,15593,1172
4646.837816,2307535803,2307536979,15964,1176
4646.849833,2307545340,2307546516,16053,1176
4646.861853,2307554763,2307555983,15691,1220
4646.888903,2307576024,2307577196,15627,1172
4646.900932,2307585426,2307586601,15949,1175
4646.915957,2307597248,2307598423,15824,1175
4646.958038,2307630328,2307631504,15968,1176
4646.970057,2307639737,2307640911,15625,1174
4646.985092,2307651496,2307652671,15943,1175
4646.997108,2307660930,2307662133,15703,1203
4647.009140,2307670449,2307671625,15881,1176
4647.021159,2307679876,2307681053,16026,1177
4647.033180,2307689327,2307690503,15911,1176
4647.048208,2307701087,2307702261,16015,1174
4647.066243,2307715392,2307716567,15964,1175
4647.081280,2307727188,2307728365,15985,1177
4647.093295,2307736603,2307737779,15964,1176
4647.111329,2307750742,2307751916,15960,1174
4647.129364,2307764879,2307766055,15854,1176
4647.141382,2307774315,2307775488,15592,1173
4647.153414,2307783737,2307784913,15804,1176
4647.165433,2307793139,2307794315,15964,1176
4647.177459,2307802568,2307803742,15704,1174
4647.192484,2307814357,2307815532,15969,1175
4647.204502,2307823769,2307824941,15755,1172
4647.219535,2307835552,2307836731,16054,1179
4647.231557,2307844982,2307846158,15909,1176
4647.243584,2307854401,2307855577,16035,1176
4647.261620,2307868546,2307869719,15952,1173
4647.273638,2307878002,2307879181,15960,1179
4647.285657,2307887412,2307888584,15626,1172
4647.297689,2307896825,2307898001,15945,1176
4647.309707,2307906260,2307907436,15966,1176
4647.321726,2307915689,2307916863,15625,1174
4647.336760,2307927478,2307928679,15934,1201
4647.351789,2307939264,2307940442,15949,1178
4647.363805,2307948708,2307949887,15880,1179
4647.375836,2307958129,2307959301,15712,1172
4647.387860,2307967550,2307968728,15970,1178
4647.399878,2307976996,2307978171,15963,1175
4647.411898,2307986459,2307987656,15590,1197
4647.423931,2307995904,2307997080,15854,1176
4647.435948,2308005311,2308006487,15936,1176
4647.447966,2308014720,2308015892,15625,1172
4647.459996,2308024304,2308025481,16059,1177
4647.472016,2308033762,2308034937,16050,1175
4647.484034,2308043190,2308044386,15707,1196
4647.496066,2308052695,2308053874,15886,1179
4647.508084,2308062105,2308063280,16054,1175
4647.529123,2308078628,2308079803,15867,1175
4647.541149,2308088059,2308089236,15953,1177
4647.553169,2308097470,2308098647,15965,1177
4647.568205,2308109277,2308110477,15966,1200
4647.580224,2308118732,2308119908,15946,1176
4647.592240,2308128143,2308129317,15626,1174
4647.604272,2308137574,2308138750,15806,1176
4647.616290,2308146984,2308148160,15957,1176
4647.628311,2308156466,2308157640,15911,1174
4647.643341,2308168239,2308169415,16059,1176
4647.655360,2308177673,2308178846,15708,1173
4647.667394,2308187934,2308189139,15955,1205
4647.679413,2308197389,2308198566,15948,1177
4647.691429,2308206802,2308207975,15626,1173
4647.703458,2308216208,2308217408,15949,1200
4647.715479,2308225641,2308226818,15964,1177
4647.727500,2308235055,2308236229,15822,1174
4647.739527,2308244487,2308245663,15953,1176
4647.751547,2308253894,2308255069,15961,1175
4647.763566,2308263302,2308264477,15630,1175
4647.775598,2308272707,2308273884,15992,1177
4647.796633,2308289266,2308290441,15960,1175
4647.808652,2308298674,2308299870,15605,1196
4647.824693,2308312848,2308314029,15824,1181
4647.847732,2308329343,2308330520,15950,1177
4647.859753,2308338752,2308339927,15968,1175
4647.871780,2308348171,2308349343,15788,1172
4647.883801,2308357644,2308358821,16036,1177
4647.895821,2308367078,2308368256,16055,1178
4647.907841,2308376488,2308377662,15720,1174
4647.928891,2308393018,2308394193,16052,1175
4647.940907,2308402430,2308403607,16052,1177
4647.952926,2308411868,2308413042,15635,1174
4648.029078,2308473378,2308474555,15929,1177
4648.070157,2308504077,2308505252,15711,1175
4648.082180,2308513595,2308514773,15946,1178
4648.094198,2308523034,2308524231,15962,1197
4648.133270,2308553762,2308554935,15599,1173
4648.145298,2308563178,2308564377,15948,1199
4648.157318,2308572613,2308573788,15969,1175
4648.169345,2308582019,2308583216,15709,1197
4648.181367,2308591453,2308592630,15944,1177
4648.193387,2308600890,2308602066,15962,1176
4648.205410,2308610300,2308611478,15639,1178
4648.236469,2308636207,2308637384,15957,1177
4648.268534,2308659839,2308661012,15707,1173
4648.280557,2308669398,2308670574,15964,1176
4648.343675,2308719078,2308720285,15948,1207
4648.355696,2308728563,2308729741,15964,1178
4648.367722,2308737978,2308739151,15708,1173
4648.379744,2308747406,2308748583,15951,1177
4648.397778,2308761547,2308762723,15943,1176
4648.409799,2308770980,2308772156,15969,1176
4648.448869,2308801676,2308802849,15626,1173
4648.460901,2308811137,2308812312,15809,1175
4648.481936,2308827643,2308828819,15962,1176
4648.496967,2308839504,2308840688,15937,1184
4648.508989,2308849103,2308850280,15933,1177
4648.549068,2308882155,2308883330,15949,1175
4648.653263,2308962425,2308963600,16019,1175
4648.665289,2308971868,2308973075,15796,1207
4648.704361,2309002650,2309003833,16035,1183
4648.716382,2309012204,2309013383,15843,1179
4648.755452,2309042990,2309044164,15627,1174
4648.767485,2309052412,2309053597,15999,1185
4648.779502,2309061858,2309063038,15964,1180
4648.797536,2309076092,2309077270,15960,1178
4648.809555,2309085515,2309086689,15631,1174
4648.860656,2309125627,2309126853,15961,1226
4648.872675,2309135141,2309136315,15625,1174
4648.884704,2309144603,2309145803,15950,1200
4648.905742,2309161212,2309162392,15960,1180
4648.917766,2309170695,2309171873,15829,1178
4648.935795,2309184856,2309186029,15626,1173
4648.947824,2309194266,2309195445,15950,1179
4648.959841,2309203721,2309204899,15885,1178
4648.971864,2309213134,2309214309,15630,1175
4648.983893,2309222604,2309223784,15965,1180
4648.995913,2309232017,2309233197,15966,1180
4649.007932,2309241554,2309242728,15628,1174
4649.019966,2309250990,2309252167,15969,1177
4649.031982,2309260399,2309261575,15963,1176
4649.053018,2309276972,2309278146,15622,1174
4649.065050,2309286427,2309287604,15992,1177
4649.086085,2309302997,2309304201,15960,1204
4649.098109,2309312484,2309313661,15822,1177
4649.116143,2309326635,2309327815,15852,1180
4649.128167,2309336117,2309337295,15945,1178
4649.140189,2309345618,2309346795,15892,1177
4649.152207,2309355057,2309356231,15628,1174
4649.165244,2309366906,2309368116,15948,1210
4649.180766,2309377983,2309379186,15881,1203
4649.194291,2309389034,2309390209,15964,1175
4649.209321,2309400908,2309402084,15960,1176
4649.269430,2309448290,2309449495,15626,1205
4649.281459,2309457763,2309458940,15949,1177
4649.293479,2309467187,2309468361,15961,1174
4649.305501,2309476681,2309477855,15590,1174
4649.320532,2309488451,2309489652,15932,1201
4649.332552,2309498092,2309499290,15625,1198
4649.383651,2309538477,2309539654,15958,1177
4649.395670,2309547938,2309549111,15628,1173
4649.407699,2309557356,2309558557,15906,1201
4649.419721,2309566821,2309567998,15936,1177
4649.431738,2309576267,2309577443,15707,1176
4649.443768,2309585685,2309586884,16040,1199
4649.461805,2309600024,2309601230,16083,1206
4649.473822,2309609467,2309610643,16057,1176
4649.504886,2309635418,2309636619,16026,1201
4649.527925,2309652163,2309653365,16050,1202
4649.539944,2309661936,2309663163,15631,1227
4649.557986,2309676194,2309677368,15702,1174
4649.570008,2309685625,2309686802,15945,1177
4649.588046,2309699911,2309701093,15992,1182
4649.600062,2309709432,2309710608,15831,1176
4649.612090,2309718857,2309720040,15906,1183
4649.624113,2309728381,2309729644,15943,1263
4649.636130,2309737923,2309739101,15828,1178
4649.648159,2309747419,2309748595,15907,1176
4649.660182,2309756834,2309758008,16082,1174
4649.672200,2309766244,2309767420,16048,1176
4649.684219,2309775680,2309776853,15712,1173
4649.696247,2309785085,2309786263,16030,1178
4649.708268,2309794503,2309795704,15940,1201
4649.720287,2309803998,2309805173,15672,1175
4649.732316,2309813452,2309814628,16038,1176
4649.747338,2309825409,2309826582,15589,1173
4649.759370,2309834870,2309836097,15997,1227
4649.771389,2309844482,2309845659,15970,1177
4649.783407,2309853998,2309855204,15594,1206
4649.795436,2309863547,2309864756,15949,1209
4649.807457,2309873065,2309874241,15855,1176
4649.825491,2309887273,2309888449,15959,1176
4649.837512,2309896806,2309898009,15625,1203
4649.897628,2309944201,2309945377,15964,1176
4649.909652,2309953716,2309954943,15852,1227
4649.933697,2309972750,2309973931,15961,1181
4649.945718,2309982229,2309983401,15629,1172
4649.975781,2310006145,2310007377,15980,1232
4649.987796,2310015637,2310016842,15880,1205
4649.999822,2310025109,2310026290,15646,1181
4650.011852,2310034558,2310035768,15985,1210
4650.023868,2310044096,2310045272,15962,1176
4650.035887,2310053550,2310054723,15630,1173
4650.047917,2310063015,2310064199,15948,1184
4650.059940,2310072440,2310073615,15960,1175
4650.071956,2310081972,2310083146,15673,1174
4650.144094,2310139043,2310140265,15713,1222
4650.156125,2310148835,2310150019,16124,1184
4650.168143,2310158327,2310159527,15878,1200
4650.180162,2310167835,2310169013,15629,1178
4650.192190,2310177284,2310178460,15944,1176
4650.204211,2310186735,2310187918,15860,1183
4650.216230,2310196204,2310197379,15592,1175
4650.228259,2310205671,2310206851,15947,1180
4650.240280,2310215178,2310216354,15965,1176
4650.255314,2310226950,2310228126,15988,1176
4650.273345,2310241311,2310242542,15948,1231
4650.285364,2310251113,2310252297,15946,1184
4650.297385,2310260575,2310261778,15628,1203
4650.309418,2310270094,2310271277,15964,1183
4650.321434,2310279594,2310280770,15963,1176
4650.348485,2310300793,2310301969,15962,1176
4650.360505,2310310409,2310311588,15709,1179
4650.408607,2310348292,2310349475,15964,1183
4650.420623,2310357836,2310359040,15958,1204
4650.441659,2310374420,2310375594,15627,1174
4650.453691,2310383863,2310385067,16002,1204
4650.465709,2310393328,2310394529,15964,1201
4650.477729,2310402833,2310404006,15625,1173
4650.489760,2310412428,2310413633,16072,1205
4650.501777,2310421949,2310423125,15940,1176
4650.555883,2310464731,2310465907,16037,1176
4650.567899,2310474366,2310475541,15625,1175
4650.579928,2310483853,2310485029,15966,1176
4650.597963,2310498171,2310499356,16037,1185
4650.609982,2310507642,2310508849,15967,1207
4650.634031,2310526678,2310527882,16037,1204
4650.646051,2310536184,2310537389,16049,1205
4650.673103,2310557771,2310558948,16051,1177
4650.685123,2310567376,2310568551,15709,1175
4650.697153,2310577728,2310578961,15949,1233
4650.709173,2310587469,2310588649,15936,1180
4650.760271,2310628061,2310629262,15947,1201
4650.772292,2310637622,2310638830,15960,1208
4650.784311,2310647385,2310648564,15705,1179
4650.796340,2310657028,2310658212,16036,1184
4650.808361,2310666563,2310667791,16020,1228
4650.823391,2310678532,2310679736,16033,1204
4650.835412,2310688087,2310689264,16049,1177
4650.853449,2310702343,2310703528,16034,1185
4650.865465,2310711820,2310712994,15714,1174
4650.883499,2310726155,2310727328,15710,1173
4650.895528,2310735640,2310736817,16032,1177
4650.907550,2310745304,2310746514,15934,1210
4650.919567,2310754847,2310756024,15625,1177
4650.931599,2310764384,2310765593,15777,1209
4650.943616,2310773966,2310775199,15951,1233
4650.955636,2310783551,2310784725,15628,1174
4650.967666,2310793189,2310794365,15966,1176
4650.979686,2310802757,2310803934,15964,1177
4650.991705,2310812209,2310813433,15625,1224
4651.003738,2310821784,2310822993,15961,1209
4651.021769,2310836202,2310837386,15951,1184
4651.033787,2310845789,2310846994,15946,1205
4651.047315,2310854033,2310854866,13671,833
4651.060334,2310860761,2310861404,12066,643
4651.116448,2310900785,2310901989,16033,1204
4651.128470,2310910380,2310911557,15966,1177
4651.140488,2310919808,2310920981,15606,1173
4651.152521,2310929311,2310930520,15961,1209
4651.164541,2310938821,2310939998,15950,1177
4651.179568,2310950854,2310952033,15957,1179
4651.191585,2310960358,2310961559,15881,1201
4651.209623,2310974576,2310975752,15961,1176
4651.221648,2310984025,2310985226,15569,1201
4651.239680,2310998346,2310999528,15648,1182
4651.251710,2311007871,2311009048,15875,1177
4651.263727,2311017320,2311018552,15924,1232
4651.299797,2311046038,2311047226,15915,1188
4651.311814,2311055592,2311056775,15598,1183
4651.323843,2311065054,2311066255,15951,1201
4651.335863,2311074582,2311075762,15962,1180
4651.347885,2311084060,2311085237,15831,1177
4651.359914,2311093592,2311094846,15721,1254
4651.371932,2311103117,2311104293,15961,1176
4651.383954,2311112587,2311113764,15916,1177
4651.395984,2311122026,2311123202,16087,1176
4651.408001,2311131511,2311132719,16011,1208
4651.420025,2311141051,2311142256,15941,1205
4651.441066,2311157841,2311159017,16032,1176
4651.453088,2311167401,2311168634,16024,1233
4651.480138,2311188912,2311190092,16011,1180
4651.492161,2311198462,2311199690,15752,1228
4651.504188,2311208013,2311209190,15891,1177
4651.516206,2311217525,2311218711,16053,1186
4651.528225,2311226967,2311228198,15694,1231
4651.540254,2311236634,2311237819,16036,1185
4651.553784,2311246432,2311247616,15963,1184
4651.568802,2311258282,2311259458,15632,1176
4651.580833,2311267900,2311269083,16002,1183
4651.592853,2311277543,2311278728,15843,1185
4651.604871,2311287126,2311288308,15596,1182
4651.616900,2311296593,2311297769,15856,1176
4651.632933,2311310853,2311312058,15948,1205
4651.652968,2311325010,2311326239,15948,1229
4651.664989,2311334641,2311335875,15872,1234
4651.686025,2311351293,2311352467,15712,1174
4651.698058,2311360830,2311362036,15959,1206
4651.710075,2311370416,2311371624,15961,1208
4651.722094,2311380024,2311381254,15629,1230
4651.734124,2311389586,2311390818,15954,1232
4651.746146,2311399272,2311400457,15946,1185
4651.758162,2311408874,2311410103,15630,1229
4651.770192,2311418506,2311419692,15943,1186
4651.782209,2311427975,2311429181,15877,1206
4651.794234,2311437629,2311438813,15844,1184
4651.806260,2311447231,2311448435,15945,1204
4651.816327,2311456842,2311458070,15962,1228
4651.833315,2311468749,2311469958,16094,1209
4651.845338,2311478410,2311479618,16041,1208
4651.857355,2311487974,2311489178,15636,1204
4651.869380,2311497604,2311498836,15946,1232
4651.881401,2311507291,2311508474,15958,1183
4651.893422,2311516847,2311518032,15831,1185
4651.908453,2311528714,2311529897,15932,1183
4651.920471,2311538235,2311539436,15596,1201
4651.935505,2311550131,2311551364,15819,1233
4651.947523,2311559692,2311560867,15632,1175
4651.959551,2311569200,2311570379,15941,1179
4651.971571,2311578833,2311580010,16039,1177
4651.989607,2311593175,2311594383,15939,1208
4652.001627,2311602757,2311603940,15630,1183
4652.025675,2311622104,2311623362,15961,1258
4652.037702,2311631727,2311632931,15714,1204
4652.061744,2311651098,2311652306,15959,1208
4652.073763,2311660665,2311661893,15712,1228
4652.085793,2311670380,2311671612,15958,1232
4652.097814,2311679925,2311681130,15937,1205
4652.127869,2311704010,2311705194,15915,1184
4652.139898,2311713502,2311714681,16082,1179
4652.157930,2311727807,2311729006,15956,1199
4652.169950,2311737430,2311738660,15962,1230
4652.194001,2311756719,2311757924,15953,1205
4652.204514,2311765410,2311766638,15682,1228
4652.218037,2311776877,2311778084,15634,1207
4652.230066,2311786511,2311787722,16036,1211
4652.248101,2311801058,2311802345,15969,1287
4652.260121,2311810869,2311812077,15965,1208
4652.272139,2311820463,2311821663,15709,1200
4652.284173,2311830064,2311831249,16042,1185
4652.296188,2311839585,2311840819,15920,1234
4652.338275,2311873429,2311874610,15989,1181
4652.348327,2311883013,2311884247,15958,1234
4652.401392,2311923969,2311925177,16033,1208
4652.413416,2311933659,2311934844,15906,1185
4652.425431,2311943246,2311944455,15714,1209
4652.440467,2311955298,2311956471,16030,1173
4652.452483,2311964851,2311966058,15650,1207
4652.490063,2311999920,2312001130,15906,1210
4652.502077,2312009536,2312010738,15602,1202
4652.517111,2312021682,2312022887,15935,1205
4652.529129,2312031321,2312032502,15603,1181
4652.541162,2312040913,2312042164,15950,1251
4652.553179,2312050710,2312051915,15972,1205
4652.583240,2312074749,2312075955,15719,1206
4652.598264,2312086809,2312088019,15972,1210
4652.608327,2312096437,2312097643,15598,1206
4652.628318,2312111183,2312112446,15636,1263
4652.640352,2312120951,2312122133,15784,1182
4652.652367,2312130582,2312131787,16057,1205
4652.676415,2312149744,2312150924,16031,1180
4652.688439,2312159428,2312160605,16036,1177
4652.712484,2312178704,2312179889,15962,1185
4652.724503,2312188322,2312189554,15948,1232
4652.745540,2312205383,2312206562,15598,1179
4652.757569,2312214989,2312216217,15948,1228
4652.781620,2312234236,2312235419,15941,1183
4652.793640,2312243776,2312244960,15941,1184
4652.808660,2312255856,2312257059,15627,1203
4652.820691,2312265701,2312266887,15967,1186
4652.841729,2312282418,2312283653,15937,1235
4652.853746,2312292077,2312293260,15634,1183
4652.880805,2312313648,2312314879,15716,1231
4652.892829,2312323345,2312324574,15942,1229
4652.904847,2312333007,2312334242,15963,1235
4652.916866,2312342722,2312343929,15637,1207
4652.928896,2312352324,2312353534,15951,1210
4652.967968,2312383913,2312385121,15965,1208
4652.979994,2312393433,2312394611,15713,1178
4652.992020,2312403165,2312404376,15963,1211
4653.004036,2312412928,2312414138,15966,1210
4653.016055,2312422574,2312423780,15637,1206
4653.028088,2312432210,2312433416,16074,1206
4653.040106,2312441770,2312442977,16023,1207
4653.052124,2312451529,2312452731,15636,1202
4653.064156,2312461237,2312462442,15962,1205
4653.076174,2312470885,2312472095,15966,1210
4653.088192,2312480475,2312481701,15600,1226
4653.100221,2312490088,2312491297,15946,1209
4653.112242,2312499808,2312501018,15960,1210
4653.157328,2312536117,2312537350,15963,1233
4653.169346,2312545754,2312546981,15635,1227
4653.181378,2312555480,2312556691,15995,1211
4653.196398,2312567530,2312568737,15631,1207
4653.223449,2312589099,2312590327,15634,1228
4653.235482,2312598894,2312600079,15963,1185
4653.247499,2312608431,2312609640,15964,1209
4653.259518,2312618095,2312619277,15636,1182
4653.271546,2312627665,2312628846,15947,1181
4653.283570,2312637228,2312638413,16041,1185
4653.295586,2312646941,2312648192,15679,1251
4653.307617,2312656614,2312657822,15886,1208
4653.328653,2312673519,2312674723,15853,1204
4653.340672,2312683157,2312684362,15649,1205
4653.385758,2312719189,2312720370,15636,1181
4653.397789,2312728799,2312729983,15801,1184
4653.412810,2312740818,2312742074,15639,1256
4653.424843,2312750480,2312751740,15963,1260
4653.440871,2312765204,2312766409,16087,1205
4653.499979,2312811078,2312812261,16050,1183
4653.512000,2312820785,2312821995,15649,1210
4653.524027,2312830579,2312831814,15967,1235
4653.536049,2312840274,2312841482,15937,1208
4653.557087,2312857217,2312858422,15857,1205
4653.569112,2312866847,2312868052,15948,1205
4653.605182,2312895916,2312897150,15785,1234
4653.617202,2312905594,2312906799,15965,1205
4653.632237,2312917809,2312918995,15943,1186
4653.644255,2312927625,2312928855,15934,1230
4653.659284,2312939671,2312940882,15938,1211
4653.713390,2312983606,2312984812,15945,1206
4653.728418,2312996665,2312997898,15871,1233
4653.740438,2313006414,2313007647,16027,1233
4653.752459,2313016131,2313017315,16052,1184
4653.764481,2313025742,2313026921,15945,1179
4653.836615,2313083515,2313084722,15680,1207
4653.848644,2313093339,2313094543,15946,1204
4653.860665,2313102992,2313104225,15877,1233
4653.896734,2313132114,2313133324,15962,1210
4653.908752,2313141753,2313142985,15631,1232
4653.920783,2313151499,2313152733,15793,1234
4653.953838,2313178245,2313179452,15629,1207
4653.965869,2313187906,2313189115,15797,1209
4653.977891,2313197564,2313198770,15948,1206
4654.031992,2313241221,2313242407,15930,1186
4654.044009,2313250853,2313252104,15627,1251
4654.056040,2313260836,2313262043,15966,1207
4654.068058,2313270481,2313271715,15943,1234
4654.080077,2313280151,2313281382,15627,1231
4654.101125,2313297148,2313298354,15942,1206
4654.113145,2313306918,2313308123,15964,1205
4654.128180,2313319012,2313320218,15958,1206
4654.140197,2313328653,2313329881,15970,1228
4654.152215,2313338311,2313339518,15600,1207
4654.182279,2313362681,2313363890,15945,1209
4654.248402,2313415715,2313416925,15962,1210
4654.260423,2313425437,2313426621,15628,1184
4654.272453,2313435162,2313436390,15993,1228
4654.296489,2313454740,2313455944,15632,1204
4654.308518,2313464364,2313465564,15937,1200
4654.353605,2313500587,2313501796,15944,1209
4654.365625,2313510312,2313511517,15966,1205
4654.416724,2313551788,2313552997,16030,1209
4654.431753,2313564010,2313565193,15942,1183
4654.455796,2313583330,2313584644,16036,1314
4654.467823,2313593249,2313594480,15796,1231
4654.479849,2313603008,2313604218,15964,1210
4654.491864,2313612775,2313613986,15950,1211
4654.503884,2313622402,2313623609,15632,1207
4654.515913,2313632037,2313633247,15947,1210
4654.527936,2313641687,2313642892,15938,1205
4654.539956,2313651297,2313652479,15650,1182
4654.551983,2313660913,2313662155,15953,1242
4654.564001,2313670681,2313671886,15953,1205
4654.576025,2313680293,2313681606,15639,1313
4654.588050,2313690021,2313691206,15944,1185
4654.600071,2313699753,2313700989,15963,1236
4654.633136,2313726916,2313728174,15945,1258
4654.645156,2313736709,2313737945,15843,1236
4654.657187,2313746382,2313747598,15927,1216
4654.669208,2313756144,2313757402,15976,1258
4654.771400,2313839381,2313840564,15952,1183
4654.783415,2313849016,2313850223,15611,1207
4654.795443,2313858769,2313860024,15927,1255
4654.807465,2313868422,2313869656,15957,1234
4654.819487,2313878109,2313879339,15844,1230
4654.831512,2313887676,2313888885,15929,1209
4654.843534,2313897408,2313898638,16053,1230
4654.855552,2313907091,2313908344,15725,1253
4654.867584,2313916785,2313917971,16064,1186
4654.879604,2313926537,2313927742,15932,1205
4654.891621,2313936178,2313937411,15641,1233
4654.903650,2313946018,2313947229,15944,1211
4654.915671,2313955666,2313956876,15873,1210
4654.927696,2313965306,2313966513,15959,1207
4654.939720,2313975212,2313976470,15871,1258
4654.951740,2313984877,2313986111,16062,1234
4654.963765,2313994544,2313995771,15766,1227
4654.975786,2314004229,2314005434,16017,1205
4654.987807,2314013999,2314015183,16040,1184
4654.999827,2314023706,2314024933,15641,1227
4655.011859,2314033445,2314034680,15950,1235
4655.023879,2314043175,2314044383,15939,1208
4655.035902,2314052819,2314054025,15868,1206
4655.047924,2314062428,2314063614,15930,1186
4655.059945,2314072141,2314073349,15966,1208
4655.071964,2314081803,2314083003,15642,1200
4655.093009,2314098983,2314100187,15923,1204
4655.105031,2314108770,2314110026,15968,1256
4655.117053,2314118491,2314119747,15788,1256
4655.162144,2314155361,2314156573,15714,1212
4655.174165,2314165174,2314166429,15942,1255
4655.216241,2314199448,2314200679,15836,1231
4655.228272,2314209872,2314211081,15959,1209
4655.240290,2314219871,2314221106,15934,1235
4655.252306,2314229710,2314230918,15615,1208
4655.264340,2314239876,2314241082,16077,1206
4655.276356,2314249885,2314251095,15950,1210
4655.291388,2314262218,2314263452,16032,1234
4655.303409,2314271835,2314273045,16051,1210
4655.315434,2314281536,2314282752,15946,1216
4655.328457,2314293943,2314295233,15994,1290
4655.399594,2314349897,2314351103,15947,1206
4655.411615,2314359608,2314360861,15854,1253
4655.423639,2314369415,2314370621,15851,1206
4655.444681,2314386607,2314387899,15963,1292
4655.456700,2314396457,2314397718,16052,1261
4655.495770,2314428233,2314429416,15704,1183
4655.507799,2314438096,2314439307,16027,1211
4655.519822,2314447734,2314448919,16027,1185
4655.532849,2314459862,2314461048,16036,1186
4655.561907,2314481994,2314483226,16017,1232
4655.573923,2314491686,2314492921,15962,1235
4655.625023,2314532828,2314534038,15945,1210
4655.637043,2314542660,2314543869,15964,1209
4655.652074,2314554979,2314556185,15943,1206
4655.694148,2314588956,2314590163,15621,1207
4655.706182,2314598754,2314599965,15963,1211
4655.718190,2314608637,2314609925,15757,1288
4655.742246,2314628193,2314629428,15946,1235
4655.754265,2314637984,2314639240,15904,1256
4655.844437,2314711225,2314712436,15949,1211
4655.856464,2314720951,2314722158,15714,1207
4655.904555,2314759885,2314761149,15948,1264
4655.916576,2314769792,2314771002,15936,1210
4655.944635,2314794201,2314795428,15708,1227
4656.048829,2314877003,2314878232,16033,1229
4656.060850,2314886711,2314887999,16020,1288
4656.072868,2314896624,2314897911,15709,1287
4656.084897,2314906461,2314907670,16038,1209
4656.111953,2314928655,2314929891,16051,1236
4656.123964,2314938585,2314939841,15751,1256
4656.135990,2314948306,2314949513,15630,1207
4656.148017,2314957951,2314959160,15949,1209
4656.160040,2314967641,2314968872,15951,1231
4656.181074,2314984791,2314985997,15626,1206
4656.193103,2314994551,2314995806,15944,1255
4656.241192,2315033830,2315035065,15963,1235
4656.253222,2315043598,2315044850,15938,1252
4656.268242,2315055854,2315057039,15954,1185
4656.316331,2315095595,2315096801,15590,1206
4656.328360,2315105380,2315106589,15948,1209
4656.340381,2315115112,2315116298,15966,1186
4656.373446,2315142022,2315143255,15941,1233
4656.385466,2315151849,2315153054,15962,1205
4656.397485,2315161564,2315162771,15705,1207
4656.475638,2315225211,2315226422,16051,1211
4656.487661,2315234960,2315236191,15716,1231
4656.499689,2315244591,2315245773,15974,1182
4656.511708,2315254198,2315255404,15934,1206
4656.523725,2315263964,2315265147,15626,1183
4656.544772,2315281123,2315282378,15949,1255
4656.556795,2315290958,2315292218,15949,1260
4656.583834,2315313015,2315314247,15679,1232
4656.595863,2315322760,2315323993,15625,1233
4656.607897,2315332508,2315333716,15995,1208
4656.628932,2315349669,2315350904,15952,1235
4656.640945,2315359627,2315360882,15553,1255
4656.680032,2315391677,2315392911,15978,1234
4656.692044,2315401395,2315402627,15758,1232
4656.704067,2315411162,2315412396,15824,1234
4656.716101,2315420878,2315422109,15985,1231
4656.728107,2315430729,2315431911,15678,1182
4656.740136,2315441011,2315442219,15668,1208
4656.761187,2315459192,2315460450,15958,1258
4656.773194,2315469337,2315470570,15681,1233
4656.803260,2315493724,2315495005,15851,1281
4656.818284,2315506286,2315507494,15711,1208
4656.872381,2315550422,2315551629,15685,1207
4656.884415,2315560194,2315561398,15635,1204
4656.896444,2315569974,2315571160,15979,1186
4656.908452,2315579625,2315580833,15666,1208
4656.920483,2315589403,2315590627,15638,1224
4656.932512,2315599294,2315600585,15981,1291
4657.001634,2315656272,2315657502,15813,1230
4657.013668,2315666208,2315667442,15995,1234
4657.025675,2315676116,2315677343,15691,1227
4657.037707,2315685815,2315687070,15637,1255
4657.049734,2315695523,2315696732,15952,1209
4657.097817,2315734842,2315736098,15649,1256
4657.109844,2315744751,2315745979,15652,1228
4657.139906,2315769370,2315770660,16020,1290
4657.151915,2315779322,2315780554,15678,1232
4657.163946,2315789374,2315790582,15635,1208
4657.175975,2315799010,2315800269,15899,1259
4657.187982,2315808824,2315810054,15681,1230
4657.209035,2315826001,2315827257,15847,1256
4657.221063,2315835980,2315837214,16001,1234
4657.248112,2315858500,2315859735,16037,1235
4657.260120,2315868256,2315869518,15762,1262
4657.272152,2315877962,2315879165,15718,1203
4657.293200,2315895116,2315896326,16088,1210
4657.305206,2315904905,2315906114,15761,1209
4657.320249,2315917134,2315918368,16084,1234
4657.332261,2315927085,2315928369,15842,1284
4657.344296,2315936977,2315938204,15708,1227
4657.356315,2315947056,2315948323,15941,1267
4657.368325,2315956982,2315958163,15682,1181
4657.420439,2316001142,2316002369,15678,1227
4657.524633,2316084882,2316086138,15731,1256
4657.536663,2316094770,2316096000,15918,1230
4657.548667,2316104496,2316105728,15758,1232
4657.560700,2316114463,2316115720,15635,1257
4657.608798,2316154085,2316155343,15979,1258
4657.623821,2316166417,2316167670,15648,1253
4657.733022,2316258382,2316259615,15970,1233
4657.756063,2316275595,2316276853,15692,1258
4657.768093,2316285713,2316286895,15819,1182
4657.780123,2316295465,2316296696,15977,1231
4657.792138,2316305175,2316306407,15640,1232
4657.804164,2316314981,2316316215,15654,1234
4657.816193,2316324649,2316325907,15987,1258
4657.828205,2316334616,2316335874,15763,1258
4657.840240,2316344429,2316345662,15706,1233
4657.852262,2316354228,2316355516,15983,1288
4657.864269,2316364154,2316365383,15699,1229
4657.876302,2316373921,2316375154,15638,1233
4657.888332,2316383964,2316385193,16000,1229
4657.900336,2316393863,2316395047,15686,1184
4657.912370,2316403726,2316404934,15828,1208
4657.927388,2316416016,2316417267,15678,1251
4657.960467,2316443305,2316444591,15975,1286
4657.972477,2316453521,2316454728,15758,1207
4657.984507,2316463358,2316464590,15640,1232
4658.068673,2316532945,2316534236,15976,1291
4658.080679,2316542876,2316544132,15675,1256
4658.152817,2316603064,2316604318,15682,1254
4658.164850,2316613045,2316614299,15652,1254
4658.249014,2316682477,2316683688,16053,1211
4658.260332,2316693089,2316694378,16033,1289
4658.273056,2316703365,2316704645,15730,1280
4658.285084,2316713569,2316714832,15962,1263
4658.372245,2316785279,2316786482,15638,1203
4658.384271,2316795667,2316796876,15978,1209
4658.405297,2316812982,2316814185,15676,1203
4658.417330,2316822699,2316823980,15616,1281
4658.477435,2316872826,2316874057,15678,1231
4658.489462,2316882741,2316884049,15791,1308
4658.504491,2316895344,2316896602,15761,1258
4658.516519,2316905408,2316906639,15646,1231
4658.576624,2316955386,2316956666,15695,1280
4658.588657,2316965579,2316966894,15934,1315
4658.633747,2317002947,2317004209,15711,1262
4658.645769,2317013215,2317014506,15963,1291
4658.663804,2317028333,2317029622,15982,1289
4658.675816,2317038262,2317039470,15671,1208
4658.687843,2317048040,2317049305,15874,1265
4658.729918,2317082861,2317084093,15721,1232
4658.741948,2317093013,2317094301,15685,1288
4658.753976,2317102922,2317104184,16019,1262
4658.765982,2317112768,2317114047,15684,1279
4658.784025,2317127842,2317129050,15660,1208
4658.796045,2317137690,2317138898,15628,1208
4658.808078,2317147421,2317148655,15966,1234
4658.820085,2317157131,2317158360,15762,1229
4658.832125,2317166899,2317168131,15796,1232
4658.844146,2317176685,2317177919,16056,1234
4658.856154,2317186605,2317187885,15765,1280
4658.868187,2317196420,2317197672,15934,1252
4658.886217,2317211342,2317212644,15905,1302
4658.898250,2317221253,2317222540,16108,1287
4658.910257,2317231189,2317232395,15761,1206
4658.943335,2317258364,2317259622,15973,1258
4658.955344,2317268384,2317269592,15682,1208
4658.967379,2317278250,2317279502,15855,1252
4658.979405,2317288028,2317289343,15983,1315
4658.991418,2317298013,2317299250,15882,1237
4659.003445,2317307818,2317309074,15833,1256
4659.015473,2317317683,2317318914,15980,1231
4659.033510,2317332483,2317333694,15982,1211
4659.045514,2317342349,2317343557,15680,1208
4659.123679,2317407195,2317408501,15972,1306
4659.135686,2317417162,2317418503,15682,1341
4659.147720,2317427392,2317428672,15646,1280
4659.165752,2317442492,2317443773,15636,1281
4659.177783,2317452529,2317453818,15973,1289
4659.192805,2317465062,2317466346,15640,1284
4659.204832,2317475230,2317476489,15940,1259
4659.216840,2317485233,2317486465,15677,1232
4659.228881,2317495185,2317496442,15704,1257
4659.267954,2317527915,2317529197,15977,1282
4659.340090,2317588620,2317589909,15965,1289
4659.352099,2317598674,2317599953,15517,1279
4659.364131,2317608815,2317610101,15751,1286
4659.376161,2317618932,2317620167,16080,1235
4659.388178,2317628945,2317630282,16004,1337
4659.400200,2317639044,2317640325,15724,1281
4659.412229,2317649248,2317650482,15983,1234
4659.424240,2317659120,2317660378,15641,1258
4659.445285,2317676776,2317678009,15840,1233
4659.457312,2317686951,2317688233,15960,1282
4659.560517,2317775851,2317777215,15691,1364
4659.604577,2317811331,2317812588,15679,1257
4659.616604,2317821696,2317822980,15566,1284
4659.664711,2317862520,2317863803,16010,1283
4659.676722,2317872655,2317873911,15630,1256
4659.688755,2317882673,2317883960,15933,1287
4659.700776,2317892866,2317894137,15968,1271
4659.712791,2317902942,2317904198,15612,1256
4659.751864,2317935786,2317937041,15586,1255
4659.763896,2317945873,2317947109,15973,1236
4659.775912,2317956756,2317958025,15812,1269
4659.787942,2317967046,2317968344,15995,1298
4659.799966,2317977162,2317978421,16045,1259
4659.811974,2317987327,2317988589,15632,1262
4659.824013,2317997466,2317998699,15726,1233
4659.836034,2318007334,2318008570,15978,1236
4659.848042,2318017375,2318018630,15680,1255
4659.866075,2318032406,2318033639,15679,1233
4659.878103,2318042599,2318043883,15829,1284
4659.893127,2318055225,2318056505,15681,1280
4659.908172,2318067892,2318069176,15978,1284
4659.962274,2318113864,2318115146,15979,1282
4659.995330,2318141858,2318143172,15616,1314
4660.007361,2318151916,2318153150,15977,1234
4660.019377,2318162100,2318163406,15873,1306
4660.031400,2318171970,2318173204,15654,1234
4660.043428,2318181914,2318183206,16020,1292
4660.055436,2318191977,2318193289,15695,1312
4660.073476,2318207243,2318208500,15645,1257
4660.085505,2318217351,2318218667,15648,1316
4660.104532,2318235064,2318236353,15962,1289
4660.169666,2318288526,2318289819,15957,1293
4660.181676,2318298728,2318300008,15682,1280
4660.196718,2318311350,2318312630,15963,1280
4660.208726,2318321357,2318322663,15683,1306
4660.220765,2318331602,2318332889,15704,1287
4660.236796,2318346683,2318347964,15626,1281
4660.259840,2318364399,2318365682,15983,1283
4660.270363,2318371549,2318372486,14709,937
4660.280332,2318377617,2318378262,12083,645
4660.332983,2318414966,2318416222,15610,1256
4660.350012,2318427444,2318428703,15989,1259
4660.362023,2318437285,2318438519,15680,1234
4660.374056,2318447124,2318448340,16024,1216
4660.386079,2318456997,2318458256,16018,1259
4660.413132,2318479381,2318480637,16045,1256
4660.425149,2318489280,2318490562,15616,1282
4660.437178,2318499333,2318500617,16026,1284
4660.449201,2318509514,2318510852,16045,1338
4660.461214,2318519647,2318520951,15524,1304
4660.473247,2318529791,2318531079,15936,1288
4660.485269,2318539762,2318541044,15966,1282
4660.500296,2318552329,2318553610,15743,1281
4660.512321,2318562348,2318563655,15896,1307
4660.536367,2318582722,2318583955,15900,1233
4660.548389,2318592745,2318594028,15976,1283
4660.560401,2318602858,2318604091,15684,1233
4660.572436,2318612801,2318614084,16024,1283
4660.587459,2318625416,2318626732,15936,1316
4660.599487,2318635721,2318637003,16025,1282
4660.611510,2318645717,2318647061,16049,1344
4660.623522,2318655788,2318657081,15682,1293
4660.635556,2318665991,2318667250,15938,1259
4660.647578,2318676102,2318677390,15954,1288
4660.659591,2318686313,2318687575,15602,1262
4660.713694,2318732226,2318733491,15603,1265
4660.725727,2318742462,2318743750,15940,1288
4660.737748,2318752540,2318753823,15969,1283
4660.752779,2318765208,2318766468,15935,1260
4660.764799,2318775383,2318776667,15966,1284
4660.776812,2318785637,2318786922,15601,1285
4660.788352,2318795704,2318796962,15677,1258
4660.800372,2318805498,2318806708,16026,1210
4660.817391,2318817874,2318819129,15691,1255
4660.829423,2318827948,2318829231,15999,1283
4660.847458,2318843142,2318844425,15934,1283
4660.859478,2318853331,2318854594,15961,1263
4660.871492,2318863498,2318864785,15615,1287
4660.883526,2318873664,2318874972,16002,1308
4660.895547,2318883774,2318885083,16050,1309
4660.907561,2318893876,2318895110,15697,1234
4660.920590,2318906742,2318908024,15977,1282
4660.937629,2318919365,2318920679,15936,1314
4660.949652,2318929792,2318931051,15983,1259
4660.961665,2318939953,2318941212,15620,1259
4660.985719,2318960357,2318961641,15959,1284
4660.997737,2318970619,2318971908,15862,1289
4661.021788,2318990994,2318992254,15971,1260
4661.033802,2319001257,2319002600,15589,1343
4661.051836,2319016688,2319017969,15577,1281
4661.063869,2319026751,2319028035,16028,1284
4661.075895,2319036869,2319038154,16070,1285
4661.087911,2319047011,2319048283,15874,1272
4661.099939,2319057255,2319058594,15818,1339
4661.111960,2319067664,2319068980,16013,1316
4661.123969,2319077994,2319079203,15566,1209
4661.136007,2319088128,2319089412,15901,1284
4661.148029,2319098259,2319099517,15971,1258
4661.160045,2319108394,2319109661,15626,1267
4661.172076,2319118723,2319120043,15943,1320
4661.184097,2319129082,2319130365,15969,1283
4661.220166,2319159914,2319161227,15970,1313
4661.232179,2319170136,2319171392,15602,1256
4661.244213,2319180260,2319181550,16024,1290
4661.256233,2319190689,2319191972,15952,1283
4661.268248,2319200909,2319202171,15615,1262
4661.280281,2319211189,2319212474,15941,1285
4661.292301,2319222240,2319223532,15958,1292
4661.316349,2319243086,2319244395,15941,1309
4661.328370,2319253518,2319254861,15961,1343
4661.340385,2319263713,2319265051,15619,1338
4661.352418,2319273913,2319275171,15937,1258
4661.364439,2319284163,2319285471,15882,1308
4661.385472,2319302309,2319303643,15617,1334
4661.397503,2319312746,2319314058,15940,1312
4661.416534,2319331128,2319332445,15955,1317
4661.428567,2319341585,2319342843,15615,1258
4661.448590,2319357058,2319358343,15697,1285
4661.460623,2319367462,2319368754,15905,1292
4661.484660,2319388192,2319389496,15696,1304
4661.496692,2319398655,2319399971,15991,1316
4661.508713,2319408987,2319410295,15956,1308
4661.520727,2319419277,2319420615,15616,1338
4661.532761,2319429688,2319430979,15940,1291
4661.544782,2319439907,2319441238,15956,1331
4661.560808,2319455435,2319456728,15969,1293
4661.589867,2319478567,2319479938,15956,1371
4661.601882,2319489072,2319490411,15617,1339
4661.637952,2319520276,2319521587,15617,1311
4661.649984,2319530674,2319531943,16028,1269
4661.665005,2319543504,2319544794,15612,1290
4661.677037,2319553965,2319555249,15961,1284
4661.692050,2319566835,2319568116,15568,1281
4661.704088,2319577045,2319578329,15901,1284
4661.716109,2319587316,2319588575,15976,1259
4661.728125,2319597582,2319598922,15621,1340
4661.740154,2319607833,2319609124,15746,1291
4661.752177,2319618201,2319619542,15943,1341
4661.764187,2319628500,2319629805,15637,1305
4661.776224,2319638713,2319639976,16032,1263
4661.788246,2319648943,2319650232,16064,1289
4661.800259,2319659341,2319660681,15684,1340
4661.812292,2319669537,2319670830,16033,1293
4661.824316,2319679870,2319681186,15965,1316
4661.836324,2319690315,2319691626,15547,1311
4661.860385,2319710961,2319712279,16003,1318
4661.872402,2319721481,2319722774,15825,1293
4661.887436,2319734422,2319735681,15989,1259
4661.899447,2319744619,2319745957,15585,1338
4661.911481,2319755106,2319756376,15912,1270
4661.923505,2319765616,2319766956,15987,1340
4661.935516,2319775946,2319777202,15630,1256
4661.947550,2319786114,2319787479,15944,1365
4661.959573,2319796401,2319797661,16004,1260
4661.971585,2319806692,2319807973,15593,1281
4661.983618,2319816886,2319818194,16027,1308
4661.995642,2319827072,2319828355,16073,1283
4662.007653,2319837491,2319838831,15592,1340
4662.019687,2319847977,2319849246,15907,1269
4662.031710,2319858243,2319859535,15987,1292
4662.043721,2319868587,2319869871,15586,1284
4662.055755,2319878747,2319880061,15942,1314
4662.067779,2319888884,2319890224,15983,1340
4662.079790,2319899188,2319900452,15682,1264
4662.091822,2319909460,2319910744,16005,1284
4662.103846,2319919688,2319920947,16061,1259
4662.115859,2319929880,2319931220,15682,1340
4662.127893,2319940310,2319941593,16005,1283
4662.139914,2319950501,2319951793,16048,1292
4662.151928,2319960785,2319962074,15617,1289
4662.221068,2320020345,2320021686,15951,1341
4662.233082,2320030806,2320032142,15607,1336
4662.245114,2320041161,2320042479,16032,1318
4662.269150,2320062272,2320063637,15684,1365
4662.284191,2320075648,2320077014,16062,1366
4662.296199,2320086080,2320087343,15630,1263
4662.308234,2320096372,2320097632,15835,1260
4662.323257,2320109182,2320110496,15696,1314
4662.335290,2320119462,2320120723,16047,1261
4662.347309,2320129802,2320131145,15975,1343
4662.359322,2320140072,2320141436,15602,1364
4662.371357,2320150394,2320151706,15900,1312
4662.383378,2320160648,2320161938,15974,1290
4662.395391,2320171061,2320172346,15608,1285
4662.407425,2320181464,2320182810,15946,1346
4662.425460,2320197279,2320198621,15939,1342
4662.437483,2320207788,2320209159,15939,1371
4662.473551,2320239170,2320240541,16076,1371
4662.485568,2320249846,2320251189,15838,1343
4662.497594,2320260460,2320261779,15943,1319
4662.509618,2320270858,2320272176,15944,1318
4662.533663,2320291744,2320293039,15940,1295
4662.545686,2320302093,2320303376,15973,1283
4662.560712,2320315240,2320316582,15741,1342
4662.611802,2320359695,2320361059,15597,1364
4662.623835,2320370128,2320371444,15945,1316
4662.635858,2320380427,2320381766,15974,1339
4662.647870,2320390770,2320392109,15596,1339
4662.659903,2320401117,2320402484,15945,1367
4662.671927,2320411687,2320413057,15972,1370
4662.683939,2320422352,2320423667,15599,1315
4662.695973,2320433103,2320434420,15941,1317
4662.707996,2320443456,2320444769,15990,1313
4662.720008,2320453710,2320454991,15586,1281
4662.732041,2320464008,2320465276,15940,1268
4662.744065,2320474238,2320475529,15984,1291
4662.756077,2320484516,2320485792,15604,1276
4662.768112,2320495074,2320496417,15944,1343
4662.780132,2320505593,2320506929,15975,1336
4662.792145,2320516203,2320517518,15607,1315
4662.804182,2320527404,2320528696,15911,1292
4662.837231,2320556868,2320558209,15603,1341
4662.849265,2320567505,2320568877,15853,1372
4662.888338,2320601951,2320603270,16058,1319
4662.901865,2320613707,2320614998,15999,1291
4662.913880,2320623974,2320625264,15601,1290
4662.928917,2320636926,2320638218,15950,1292
4662.952961,2320657947,2320659288,15938,1341
4662.964985,2320668549,2320669892,15984,1343
4663.058151,2320749804,2320751169,15665,1365
4663.070184,2320760327,2320761643,16026,1316
4663.082209,2320770809,2320772176,15990,1367
4663.094220,2320781391,2320782705,15590,1314
4663.106254,2320792071,2320793388,15937,1317
4663.118275,2320802606,2320803925,15969,1319
4663.133303,2320815731,2320817054,15938,1323
4663.145327,2320826324,2320827665,15967,1341
4663.157339,2320836962,2320838278,15598,1316
4663.172379,2320849799,2320851082,15968,1283
4663.184391,2320860164,2320861479,15598,1315
4663.260541,2320928877,2320930220,15953,1343
4663.272574,2320939269,2320940603,15614,1334
4663.292597,2320955035,2320956373,15614,1338
4663.304632,2320965400,2320966714,16006,1314
4663.316651,2320975828,2320977195,16045,1367
4663.376768,2321028453,2321029772,16026,1319
4663.388789,2321038971,2321040264,16047,1293
4663.412836,2321060018,2321061312,15940,1294
4663.424859,2321070549,2321071814,15977,1265
4663.476952,2321117846,2321119213,15960,1367
4663.496995,2321133517,2321134808,15974,1291
4663.509014,2321144100,2321145393,15855,1293
4663.530059,2321162519,2321163837,15943,1318
4663.542080,2321173057,2321174424,15961,1367
4663.581145,2321207521,2321208883,15614,1362
4663.593179,2321218131,2321219496,15933,1365
4663.626231,2321247443,2321248787,15696,1344
4663.638265,2321258107,2321259478,16030,1371
4663.650286,2321268701,2321270068,16046,1367
4663.665316,2321281896,2321283266,16022,1370
4663.677337,2321292453,2321293772,15958,1319
4663.689351,2321302846,2321304210,15612,1364
4663.701385,2321313387,2321314751,15938,1364
4663.716402,2321326633,2321327949,15612,1316
4663.728437,2321337274,2321338589,15936,1315
4663.740457,2321347878,2321349220,15914,1342
4663.779523,2321382371,2321383688,15615,1317
4663.791556,2321392945,2321394237,15941,1292
4663.803577,2321403451,2321404742,15958,1291
4663.815591,2321413881,2321415226,15618,1345
4663.827625,2321424394,2321425710,15936,1316
4663.893746,2321482652,2321483994,15975,1342
4663.905763,2321493161,2321494501,15611,1340
4663.917798,2321503781,2321505121,15904,1340
4663.932814,2321517001,2321518345,15617,1344
4663.944848,2321527651,2321528992,15935,1341
4663.968883,2321548869,2321550232,15611,1363
4663.980916,2321559412,2321560703,15941,1291
4664.004952,2321580403,2321581744,15617,1341
4664.016985,2321591084,2321592452,15932,1368
4664.029006,2321601651,2321602993,15956,1342
4664.086106,2321652195,2321653534,15617,1339
4664.098140,2321662926,2321664292,15940,1366
4664.113161,2321676080,2321677447,15629,1367
4664.125192,2321686791,2321688130,16002,1339
4664.152244,2321710909,2321712276,15937,1367
4664.164265,2321721624,2321722988,15972,1364
4664.176277,2321732261,2321733603,15601,1342
4664.188312,2321742651,2321744022,15855,1371
4664.200333,2321753326,2321754669,15969,1343
4664.215364,2321766371,2321767739,15936,1368
4664.227385,2321776998,2321778316,15973,1318
4664.239398,2321787395,2321788732,15684,1337
4664.251432,2321797854,2321799148,16029,1294
4664.263454,2321808285,2321809648,16061,1363
4664.296518,2321837420,2321838762,15942,1342
4664.308539,2321848149,2321849442,15971,1293
4664.320552,2321859385,2321860720,15603,1335
4664.334079,2321871637,2321873003,15680,1366
4664.346110,2321882368,2321883736,16027,1368
4664.358133,2321893004,2321894345,16056,1341
4664.382178,2321914279,2321915622,16024,1343
4664.394202,2321924898,2321926263,16063,1365
4664.406211,2321935706,2321937044,15677,1338
4664.418240,2321946315,2321947681,15800,1366
4664.433261,2321959690,2321961031,15762,1341
4664.520442,2322036641,2322038008,15980,1367
4664.532464,2322047616,2322048935,15945,1319
4664.553498,2322065974,2322067287,15715,1313
4664.565528,2322076415,2322077739,16069,1324
4664.631638,2322134776,2322136145,15765,1369
4664.643670,2322145526,2322146817,15717,1291
4664.655700,2322155983,2322157281,15986,1298
4664.673734,2322171907,2322173275,15978,1368
4664.685746,2322182436,2322183778,15641,1342
4664.733848,2322224968,2322226330,15702,1362
4664.745872,2322235650,2322236987,16024,1337
4664.763905,2322251399,2322252740,15952,1341
4664.775917,2322261930,2322263221,15683,1291
4664.787950,2322272277,2322273569,16034,1292
4664.799974,2322282649,2322283996,16063,1347
4664.811986,2322293003,2322294342,15686,1339
4664.824016,2322303453,2322304771,15829,1318
4664.836041,2322313922,2322315215,16030,1293
4664.848049,2322324436,2322325801,15764,1365
4664.860081,2322335035,2322336303,15721,1268
4664.878117,2322350811,2322352151,15840,1340
4664.890147,2322361441,2322362789,15963,1348
4664.905167,2322374606,2322375945,15633,1339
4664.917197,2322385114,2322386481,15977,1367
4664.944249,2322408987,2322410279,15985,1292
4664.956267,2322419623,2322420967,15938,1344
4664.968287,2322430253,2322431596,15623,1343
4664.980319,2322440813,2322442177,16001,1364
4665.055444,2322507204,2322508543,15686,1339
4665.067476,2322517821,2322519186,15621,1365
4665.079507,2322528405,2322529722,15824,1317
4665.127590,2322570696,2322572059,15673,1363
4665.139615,2322581277,2322582592,15833,1315
4665.151642,2322591902,2322593249,15995,1347
4665.164674,2322605137,2322606504,15820,1367
4665.193716,2322629228,2322630564,15625,1336
4665.205748,2322639715,2322641055,15830,1340
4665.217752,2322650220,2322651585,15680,1365
4665.260848,2322690199,2322691510,15679,1311
4665.319956,2322739969,2322741339,15704,1370
4665.331985,2322750556,2322751919,16046,1363
4665.343992,2322761093,2322762440,15768,1347
4665.356025,2322771701,2322772970,15818,1269
4665.368056,2322782168,2322783532,15993,1364
4665.380067,2322792747,2322794087,15672,1340
4665.392093,2322803348,2322804689,15625,1341
4665.404124,2322814004,2322815348,16000,1344
4665.422159,2322829850,2322831142,15826,1292
4665.434178,2322840332,2322841670,15952,1338
4665.470232,2322871775,2322873120,15681,1345
4665.545385,2322937643,2322939006,15623,1363
4665.557416,2322948364,2322949736,15989,1372
4665.572437,2322961665,2322963029,15707,1364
4665.584467,2322972321,2322973635,16064,1314
4665.641558,2323022555,2323023926,15762,1371
4665.653590,2323033164,2323034479,15702,1315
4665.672622,2323051748,2323053116,16077,1368
4665.764811,2323131049,2323132416,16084,1367
4665.776822,2323141840,2323143154,15673,1314
4665.827929,2323187119,2323188461,16049,1342
4665.839950,2323198526,2323199891,16023,1365
4665.882033,2323236111,2323237460,15974,1349
4665.894038,2323246803,2323248120,15681,1317
4665.906071,2323257495,2323258839,15906,1344
4665.972205,2323316190,2323317512,16081,1322
4665.984210,2323326888,2323328202,15763,1314
4665.996242,2323337533,2323338897,15705,1364
4666.008273,2323348151,2323349518,15994,1367
4666.020279,2323358710,2323360076,15683,1366
4666.032311,2323369338,2323370677,15621,1339
4666.044342,2323379968,2323381334,15991,1366
4666.056347,2323390503,2323391819,15681,1316
4666.071394,2323403764,2323405029,15829,1265
4666.096428,2323427786,2323429154,15991,1368
4666.176582,2323497274,2323498646,15828,1372
4666.188616,2323508119,2323509439,15995,1320
4666.200621,2323518704,2323520000,15681,1296
4666.269770,2323579963,2323581335,16064,1372
4666.284791,2323593287,2323594651,15696,1364
4666.296822,2323603841,2323605215,16064,1374
4666.344896,2323646707,2323648070,15680,1363
4666.356928,2323657340,2323658682,15622,1342
4666.389982,2323686807,2323688147,15681,1340
4666.402011,2323697443,2323698808,15619,1365
4666.444085,2323734941,2323736256,15683,1315
4666.456117,2323745565,2323746929,15624,1364
4666.468148,2323756300,2323757642,15994,1342
4666.510220,2323793743,2323795082,15621,1339
4666.522249,2323804452,2323805821,15991,1369
4666.567337,2323844502,2323845845,15997,1343
4666.579342,2323855104,2323856468,15683,1364
4666.591374,2323865710,2323867024,15622,1314
4666.603405,2323876275,2323877592,15826,1317
4666.615422,2323887151,2323888519,15934,1368
4666.627443,2323897877,2323899193,15638,1316
4666.639474,2323908570,2323909912,15996,1342
4666.657508,2323924573,2323925920,15990,1347
4666.669519,2323935282,2323936621,15625,1339
4666.696565,2323959370,2323960737,15679,1367
4666.711611,2323972613,2323973956,15825,1343
4666.724638,2323985866,2323987181,15621,1315
4666.759685,2324015269,2324016585,15680,1316
4666.771712,2324025930,2324027271,15641,1341
4666.783748,2324036520,2324037863,15827,1343
4666.795753,2324047058,2324048422,15688,1364
4666.807786,2324057786,2324059102,15624,1316
4666.819813,2324068520,2324069862,15949,1342
4666.831823,2324079185,2324080501,15687,1316
4666.843850,2324089940,2324091255,15588,1315
4666.855886,2324100639,2324101977,15998,1338
4666.867896,2324111299,2324112638,15628,1339
4666.879923,2324121914,2324123256,15625,1342
4666.891954,2324132558,2324133924,15999,1366
4666.909988,2324148663,2324150027,15972,1364
4666.922000,2324159378,2324160720,15733,1342
4666.941052,2324178044,2324179384,15619,1340
4666.985113,2324215571,2324216942,15679,1371
4666.997146,2324226213,2324227552,15625,1339
4667.018192,2324244887,2324246231,15954,1344
4667.030201,2324255534,2324256850,15760,1316
4667.042232,2324266274,2324267638,15703,1364
4667.147422,2324359976,2324361322,15682,1346
4667.159455,2324370624,2324371959,15622,1335
4667.171486,2324381329,2324382691,15894,1362
4667.183503,2324391965,2324393332,15980,1367
4667.201525,2324407961,2324409305,15757,1344
4667.213565,2324418704,2324420070,15788,1366
4667.228577,2324431967,2324433335,15686,1368
4667.240611,2324442806,2324444122,15648,1316
4667.252640,2324453356,2324454698,15977,1342
4667.264651,2324464010,2324465345,15587,1335
4667.288708,2324485412,2324486736,15984,1324
4667.303729,2324498858,2324500199,15621,1341
4667.321763,2324514899,2324516246,15623,1347
4667.333793,2324525753,2324527099,16069,1346
4667.345799,2324536350,2324537672,15682,1322
4667.357338,2324547731,2324549082,15843,1351
4667.369864,2324559152,2324560528,15936,1376
4667.384883,2324572685,2324574032,15619,1347
4667.396910,2324583498,2324584842,15934,1344
4667.417938,2324602324,2324603673,15773,1349
4667.432982,2324615782,2324617112,16042,1330
4667.445000,2324626626,2324627976,16008,1350
4667.457022,2324637216,2324638584,15814,1368
4667.469051,2324648099,2324649476,15937,1377
4667.484072,2324661499,2324662826,15707,1327
4667.497600,2324673874,2324675246,15916,1372
4667.524649,2324698023,2324699369,15621,1346
4667.536680,2324708726,2324710094,15989,1368
4667.593780,2324759744,2324761108,15675,1364
4667.605803,2324770481,2324771823,15619,1342
4667.641872,2324802453,2324803815,15622,1362
4667.656891,2324815828,2324817194,15677,1366
4667.668923,2324826612,2324827978,15659,1366
4667.695974,2324850952,2324852292,15634,1340
4667.708001,2324861654,2324862999,15948,1345
4667.720011,2324872351,2324873696,15681,1345
4667.732043,2324883081,2324884423,15631,1342
4667.750077,2324899231,2324900601,15632,1370
4667.762106,2324910006,2324911378,15953,1372
4667.801165,2324944888,2324946254,15678,1366
4667.813194,2324955608,2324956977,15839,1369
4667.849266,2324988036,2324989405,15612,1369
4667.861294,2324998704,2325000070,15943,1366
4667.876318,2325012236,2325013577,15618,1341
4667.903369,2325036341,2325037682,15615,1341
4667.915400,2325047041,2325048359,15975,1318
4667.927405,2325057625,2325058988,15683,1363
4667.939439,2325068379,2325069719,15828,1340
4667.951469,2325079138,2325080456,15992,1318
4667.963475,2325089770,2325091111,15652,1341
4667.975506,2325100408,2325101748,15621,1340
4667.993542,2325116509,2325117847,15826,1338
4668.005571,2325127158,2325128500,15995,1342
4668.017577,2325137873,2325139238,15677,1365
4668.029609,2325148555,2325149899,15618,1344
4668.068692,2325183480,2325184846,15995,1366
4668.080709,2325194384,2325195753,15935,1369
4668.119780,2325229487,2325230853,15619,1366
4668.131811,2325240325,2325241699,15955,1374
4668.143817,2325251087,2325252427,15682,1340
4668.155857,2325261698,2325263062,15705,1364
4668.167880,2325272432,2325273774,15992,1342
4668.179890,2325283166,2325284502,15707,1336
4668.203949,2325304559,2325305927,15998,1368
4668.215954,2325315275,2325316617,15683,1342
4668.227986,2325325993,2325327307,15619,1314
4668.240015,2325336747,2325338065,15962,1318
4668.252023,2325347384,2325348753,15684,1369
4668.264055,2325358145,2325359517,15813,1372
4668.276086,2325368888,2325370226,15998,1338
4668.288091,2325379685,2325381051,15679,1366
4668.300124,2325390478,2325391842,15617,1364
4668.312155,2325401283,2325402626,15979,1343
4668.324160,2325412050,2325413390,15684,1340
4668.336192,2325422684,2325423998,15618,1314
4668.348223,2325433485,2325434833,15975,1348
4668.360230,2325444137,2325445504,15695,1367
4668.372262,2325454946,2325456288,15825,1342
4668.384291,2325465667,2325467037,15980,1370
4668.396297,2325476547,2325477913,15681,1366
4668.408324,2325487338,2325488654,15641,1316
4668.444398,2325519482,2325520847,15628,1365
4668.456426,2325530322,2325531696,15939,1374
4668.483480,2325554535,2325555902,15995,1367
4668.495486,2325565618,2325566937,15676,1319
4668.507514,2325576334,2325577702,15830,1368
4668.519546,2325587164,2325588433,15797,1269
4668.531555,2325597810,2325599153,15681,1343
4668.544584,2325611213,2325612584,15986,1371
4668.585657,2325646344,2325647708,15764,1364
4668.597689,2325657182,2325658547,15699,1365
4668.609721,2325667934,2325669281,16064,1347
4668.621726,2325678718,2325680082,15763,1364
4668.636772,2325692211,2325693529,16076,1318
4668.648781,2325703008,2325704376,15840,1368
4668.660809,2325713753,2325715121,15704,1368
4668.687861,2325738011,2325739348,15619,1337
4668.699892,2325748870,2325750243,15963,1373
4668.711903,2325759600,2325760969,15716,1369
4668.723931,2325770320,2325771657,15826,1337
4668.741965,2325786452,2325787819,15823,1367
4668.778032,2325818563,2325819903,15619,1340
4668.790060,2325829365,2325830733,15960,1368
4668.853180,2325886187,2325887529,15945,1342
4668.864331,2325897522,2325898893,15904,1371
4668.892241,2325921941,2325923283,15763,1342
4668.904269,2325932822,2325934164,15918,1342
4668.916303,2325943651,2325945014,16064,1363
4668.928309,2325954461,2325955801,15767,1340
4668.940341,2325965137,2325966482,15908,1345
4668.964378,2325986679,2325988044,15765,1365
4668.976410,2325997505,2325998824,15905,1319
4668.988440,2326008278,2326009648,16063,1370
4669.000452,2326019029,2326020368,15671,1339
4669.015492,2326032488,2326033850,16064,1362
4669.064589,2326078489,2326079858,15897,1369
4669.096646,2326105549,2326106913,15975,1364
4669.108652,2326116501,2326117817,15680,1316
4669.120684,2326127219,2326128559,15817,1340
4669.159766,2326162174,2326163542,15972,1368
4669.225875,2326221542,2326222882,15762,1340
4669.237907,2326232427,2326233790,15722,1363
4669.267972,2326259350,2326260719,16063,1369
4669.288995,2326278233,2326279599,15765,1366
4669.301023,2326289098,2326290444,15919,1346
4669.313057,2326299893,2326301270,15951,1377
4669.328079,2326313507,2326314876,15814,1369
4669.340109,2326324288,2326325655,15977,1367
4669.352117,2326335107,2326336448,15702,1341
4669.364147,2326345929,2326347295,15730,1366
4669.376178,2326356626,2326357990,15974,1364
4669.388183,2326367526,2326368869,15684,1343
4669.400210,2326378292,2326379661,15641,1369
4669.424262,2326392600,2326393247,11992,647
4669.437789,2326398362,2326399237,13249,875
4669.449817,2326407765,2326409030,15908,1265
4669.461841,2326417938,2326419223,15959,1285
4669.491890,2326444734,2326446101,15824,1367
4669.503919,2326455511,2326456879,15910,1368
4669.515944,2326466477,2326467845,15945,1368
4669.527959,2326477348,2326478688,15822,1340
4669.539988,2326488130,2326489500,15910,1370
4669.552013,2326499054,2326500422,15985,1368
4669.564028,2326509795,2326511168,15825,1373
4669.576057,2326520615,2326521984,15907,1369
4669.588081,2326531450,2326532794,15903,1344
4669.600096,2326542270,2326543612,15744,1342
4669.612125,2326552976,2326554349,15903,1373
4669.624150,2326563903,2326565245,15990,1342
4669.636165,2326574818,2326576186,15826,1368
4669.648194,2326585570,2326586939,15906,1369
4669.660218,2326596412,2326597755,15998,1343
4669.672233,2326607249,2326608621,15822,1372
4669.684262,2326618209,2326619577,15910,1368
4669.696287,2326629101,2326630442,16006,1341
4669.708302,2326639888,2326641238,15824,1350
4669.720330,2326650814,2326652158,15989,1344
4669.732354,2326661723,2326663091,16024,1368
4669.744369,2326672582,2326673948,15919,1366
4669.756398,2326683442,2326684813,15992,1371
4669.771422,2326697072,2326698441,15923,1369
4669.783451,2326707919,2326709298,16000,1379
4669.795474,2326718663,2326720035,15973,1372
4669.807497,2326729517,2326730835,15914,1318
4669.819520,2326740261,2326741646,15914,1385
4669.831543,2326751030,2326752377,15907,1347
4669.843566,2326761752,2326763111,15915,1359
4669.855588,2326772650,2326774022,15912,1372
4669.867610,2326783532,2326784903,15964,1371
4669.879628,2326794370,2326795738,15858,1368
4669.891657,2326805195,2326806566,15913,1371
4669.903679,2326816072,2326817446,15968,1374
4669.915696,2326826901,2326828224,15853,1323
4669.927729,2326835579,2326836870,15865,1291
4669.939748,2326846253,2326847597,15976,1344
4669.951765,2326857097,2326858445,15843,1348
4669.963796,2326867894,2326869237,15905,1343
4669.975817,2326878752,2326880123,15981,1371
4669.987834,2326889531,2326890899,15843,1368
4669.999864,2326900421,2326901793,15950,1372
4670.011887,2326911322,2326912677,15994,1355
4670.023910,2326922133,2326923506,15909,1373
4670.035933,2326932977,2326934299,15999,1322
4670.047955,2326943791,2326945137,15984,1346
4670.059970,2326954628,2326955999,15822,1371
4670.072000,2326965418,2326966787,15911,1369
4670.084024,2326976299,2326977646,15984,1347
4670.096039,2326987227,2326988596,15804,1369
4670.108069,2326998142,2326999513,15909,1371
4670.120093,2327009029,2327010403,15990,1374
4670.132108,2327019926,2327021273,15828,1347
4670.144137,2327030796,2327032164,15905,1368
4670.156161,2327041648,2327043021,15986,1373
4670.180206,2327063328,2327064696,15908,1368
4670.192230,2327074185,2327075481,16090,1296
4670.204245,2327084928,2327086295,15914,1367
4670.216274,2327095747,2327097121,16000,1374
4670.243325,2327120195,2327121565,15904,1370
4670.255350,2327131006,2327132349,16074,1343
4670.267368,2327141848,2327143215,15856,1367
4670.279394,2327152766,2327154133,15909,1367
4670.291418,2327163603,2327164981,16004,1378
4670.303434,2327174434,2327175804,15830,1370
4670.315463,2327185291,2327186633,15917,1342
4670.327486,2327196156,2327197526,15977,1370
4670.339501,2327207076,2327208445,15831,1369
4670.351530,2327217948,2327219316,15906,1368
4670.363554,2327228840,2327230184,15976,1344
4670.375571,2327239769,2327241141,15841,1372
4670.387598,2327251467,2327252834,15904,1367
4670.399623,2327262384,2327263753,16066,1369
4670.411640,2327273253,2327274622,15929,1369
4670.423667,2327284176,2327285519,15911,1343
4670.435692,2327295020,2327296340,15982,1320
4670.447708,2327305904,2327307242,15839,1338
4670.459736,2327316687,2327318059,15863,1372
4670.471760,2327327531,2327328900,15887,1369
4670.483776,2327338473,2327339821,15843,1348
4670.495804,2327349380,2327350725,15909,1345
4670.507829,2327360282,2327361657,15891,1375
4670.519845,2327371141,2327372513,15842,1372
4670.531875,2327381971,2327383344,15913,1373
4670.543899,2327392777,2327394148,15963,1371
4670.555914,2327403659,2327405031,15821,1372
4670.567943,2327414467,2327415839,15908,1372
4670.579967,2327425308,2327426675,15988,1367
4670.591982,2327436188,2327437535,15825,1347
4670.604012,2327446969,2327448341,15913,1372
4670.616036,2327457841,2327459214,15989,1373
4670.628051,2327468685,2327470057,15823,1372
4670.640080,2327479454,2327480822,15908,1368
4670.652104,2327490320,2327491664,15992,1344
4670.664120,2327501160,2327502533,15823,1373
4670.676149,2327512052,2327513421,15907,1369
4670.688173,2327522965,2327524310,16004,1345
4670.700188,2327533801,2327535169,15826,1368
4670.712217,2327544575,2327545947,15908,1372
4670.730252,2327560948,2327562310,15905,1362
4670.742278,2327571892,2327573262,15987,1370
4670.760311,2327588176,2327589519,15990,1343
4670.772326,2327599084,2327600429,15829,1345
4670.793372,2327618073,2327619418,15999,1345
4670.805396,2327628909,2327630276,16078,1367
4670.817411,2327639721,2327641066,15916,1345
4670.829440,2327650564,2327651911,15987,1347
4670.856492,2327674939,2327676304,15995,1365
4670.868518,2327685803,2327687122,16072,1319
4670.889548,2327704813,2327706180,15912,1367
4670.901578,2327715749,2327717117,15998,1368
4670.919612,2327732076,2327733423,15998,1347
4670.931636,2327742994,2327744366,16056,1372
4670.943651,2327753992,2327755336,15816,1344
4670.955679,2327764875,2327766244,15905,1369
4670.967703,2327775718,2327777092,15975,1374
4670.979720,2327786609,2327787980,15841,1371
4670.991748,2327797422,2327798771,15908,1349
4671.003772,2327808187,2327809558,15976,1371
4671.015788,2327819104,2327820447,15840,1343
4671.027816,2327830026,2327831394,15908,1368
4671.039841,2327840922,2327842294,15953,1372
4671.051857,2327851790,2327853162,15836,1372
4671.063885,2327862665,2327864011,15910,1346
4671.075909,2327873591,2327874965,15976,1374
4671.087928,2327884426,2327885803,15868,1377
4671.099953,2327895306,2327896679,15909,1373
4671.111978,2327906214,2327907586,15978,1372
4671.123994,2327917001,2327918370,15842,1369
4671.136022,2327927825,2327929165,15911,1340
4671.148048,2327938662,2327940032,16075,1370
4671.160063,2327949554,2327950875,15911,1321
4671.172092,2327960359,2327961704,15906,1345
4671.184116,2327971237,2327972610,16005,1373
4671.196131,2327982020,2327983338,15828,1318
4671.208161,2327992832,2327994203,15918,1371
4671.220185,2328003746,2328005117,16057,1371
4671.232199,2328014591,2328015942,15818,1351
4671.244229,2328025469,2328026840,15909,1371
4671.256253,2328036383,2328037701,15988,1318
4671.268269,2328047196,2328048566,15824,1370
4671.280298,2328058045,2328059393,15991,1348
4671.292322,2328068964,2328070337,16075,1373
4671.304337,2328079882,2328081225,15827,1343
4671.337408,2328109751,2328111120,15989,1369
4671.349425,2328120699,2328122037,15838,1338
4671.361450,2328131542,2328132909,15905,1367
4671.373475,2328142388,2328143779,15976,1391
4671.385491,2328153288,2328154657,15840,1369
4671.397519,2328164138,2328165511,15907,1373
4671.433588,2328196819,2328198161,15912,1342
4671.445612,2328207711,2328209083,15943,1372
4671.463646,2328224128,2328225500,15974,1372
4671.475663,2328234992,2328236364,15847,1372
4671.487691,2328245895,2328247264,15909,1369
4671.499715,2328256737,2328258113,15977,1376
4671.511731,2328267630,2328269003,15839,1373
4671.523760,2328278524,2328279903,15913,1379
4671.535784,2328289403,2328290770,15983,1367
4671.547800,2328300311,2328301658,15838,1347
4671.568845,2328319461,2328320809,15908,1348
4671.580869,2328330390,2328331762,15989,1372
4671.613931,2328360303,2328361675,15995,1372
4671.625955,2328371289,2328372656,15978,1367
4671.640983,2328384841,2328386211,15907,1370
4671.656006,2328398465,2328399809,15836,1344
4671.668034,2328409379,2328410747,15909,1368
4671.680058,2328420202,2328421549,15996,1347
4671.692075,2328431117,2328432490,15840,1373
4671.704102,2328442100,2328443469,15910,1369
4671.716127,2328453007,2328454369,15971,1362
4671.728142,2328463850,2328465197,15828,1347
4671.740171,2328474781,2328476152,15909,1371
4671.752195,2328485647,2328486992,15970,1345
4671.764212,2328496517,2328497889,15913,1372
4671.776241,2328507287,2328508656,15991,1369
4671.788265,2328518202,2328519527,16079,1325
4671.800281,2328528993,2328530365,15914,1372
4671.812310,2328539865,2328541239,16001,1374
4671.824336,2328550825,2328552197,16098,1372
4671.839362,2328564410,2328565775,15996,1365
4671.884447,2328605335,2328606704,15886,1369
4671.896334,2328616746,2328618127,15989,1381
4671.911498,2328630498,2328631865,15885,1367
4671.923525,2328641425,2328642795,16009,1370
4671.935538,2328652304,2328653674,15827,1370
4671.947567,2328663237,2328664609,15907,1372
4671.959590,2328674176,2328675543,15975,1367
4671.971606,2328685109,2328686478,15820,1369
4671.983634,2328696005,2328697374,15826,1369
4671.995658,2328706947,2328708318,15976,1371
4672.007675,2328717832,2328719204,15842,1372
4672.019703,2328728726,2328730094,15909,1368
4672.031727,2328739644,2328741019,15974,1375
4672.043743,2328750527,2328751901,15838,1374
4672.064788,2328769686,2328771055,15909,1369
4672.076813,2328780632,2328781951,15993,1319
4672.115881,2328815959,2328817331,15841,1372
4672.127908,2328826897,2328828269,15910,1372
4672.139933,2328837788,2328839131,15981,1343
4672.151949,2328848684,2328850058,15844,1374
4672.176003,2328870586,2328871931,15999,1345
4672.188018,2328881442,2328882787,15825,1345
4672.200049,2328892367,2328893717,15929,1350
4672.212071,2328903254,2328904624,15989,1370
4672.224088,2328914121,2328915493,15840,1372
4672.236115,2328925070,2328926439,15905,1369
4672.248140,2328936034,2328937401,15987,1367
4672.260155,2328946920,2328948290,15825,1370
4672.272184,2328957898,2328959273,15911,1375
4672.293225,2328977055,2328978424,15986,1369
4672.305241,2328988015,2328989387,15832,1372
4672.323274,2329004423,2329005796,15819,1373
4672.335304,2329015401,2329016768,15909,1367
4672.347329,2329026163,2329027542,15960,1379
4672.359344,2329037089,2329038461,15829,1372
4672.371373,2329048078,2329049452,15905,1374
4672.407441,2329080886,2329082259,15909,1373
4672.419465,2329091744,2329093118,16049,1374
4672.431481,2329102684,2329104003,15908,1319
4672.443510,2329113565,2329114940,15908,1375
4672.455534,2329124478,2329125847,15990,1369
4672.467549,2329135354,2329136699,15824,1345
4672.479578,2329146246,2329147614,15907,1368
4672.491603,2329157202,2329158574,15990,1372
4672.503618,2329168075,2329169444,15833,1369
4672.515647,2329178954,2329180326,15909,1372
4672.527671,2329189910,2329191283,15961,1373
4672.539687,2329200886,2329202260,15830,1374
4672.551716,2329211795,2329213144,15909,1349
4672.563740,2329222639,2329224011,15988,1372
4672.575755,2329233513,2329234882,15841,1369
4672.587783,2329244402,2329245776,15910,1374
4672.599807,2329255318,2329256691,15974,1373
4672.611823,2329266299,2329267670,15842,1371
4672.623852,2329277239,2329278601,15910,1362
4672.635876,2329288150,2329289494,15974,1344
4672.647892,2329299080,2329300450,15843,1370
4672.659920,2329309977,2329311347,15906,1370
4672.671944,2329320890,2329322265,15990,1375
4672.683961,2329331832,2329333205,15840,1373
4672.695989,2329342754,2329344103,15910,1349
4672.714023,2329359209,2329360578,15906,1369
4672.726047,2329370098,2329371476,15973,1378
4672.741075,2329383815,2329385183,15885,1368
4672.753099,2329394759,2329396121,16066,1362
4672.774133,2329413901,2329415275,15842,1374
4672.786163,2329424842,2329426215,15883,1373
4672.798186,2329435805,2329437173,15988,1368
4672.810201,2329446727,2329448097,15824,1370
4672.843272,2329476841,2329478215,15990,1374
4672.855287,2329487806,2329489173,15828,1367
4672.867316,2329498798,2329500124,15885,1326
4672.879341,2329509694,2329511067,15991,1373
4672.891355,2329520667,2329522040,15742,1373
4672.903385,2329531647,2329533020,15907,1373
4672.945459,2329569907,2329571277,15824,1370
4672.957488,2329580856,2329582231,15905,1375
4672.969512,2329591848,2329593218,16090,1370
4672.981527,2329602842,2329604186,15823,1344
4672.993554,2329613779,2329615153,15969,1374
4673.005579,2329624682,2329626058,16063,1376
4673.017594,2329635622,2329636997,15915,1375
4673.035630,2329652064,2329653438,15843,1374
4673.047657,2329663043,2329664391,15901,1348
4673.059681,2329673979,2329675353,15977,1374
4673.071698,2329684968,2329686339,15932,1371
4673.083726,2329695866,2329697243,15996,1377
4673.095750,2329706857,2329708228,16065,1371
4673.107767,2329717778,2329719147,15936,1369
4673.125801,2329734201,2329735575,15917,1374
4673.137829,2329745170,2329746536,15977,1366
4673.152852,2329758823,2329760192,15929,1369
4673.164880,2329769700,2329771075,15908,1375
4673.180919,2329786114,2329787488,15990,1374
4673.216989,2329819042,2329820416,15905,1374
4673.261059,2329857439,2329858814,15829,1375
4673.273087,2329868419,2329869795,15952,1376
4673.313168,2329906893,2329908260,15900,1367
4673.325193,2329917872,2329919243,15969,1371
4673.348232,2329937068,2329938437,15985,1369
4673.360247,2329948032,2329949407,15827,1375
4673.372276,2329959022,2329960399,15909,1377
4673.384300,2329970015,2329971386,15990,1371
4673.396316,2329981014,2329982386,15911,1372
4673.408345,2329991990,2329993359,15971,1369
4673.420369,2330003459,2330004837,16075,1378
4673.432385,2330014452,2330015828,15829,1376
4673.444414,2330025452,2330026829,15912,1377
4673.456438,2330036475,2330037846,15996,1371
4673.468456,2330047662,2330049037,15910,1375
4673.480477,2330058652,2330060031,15897,1379
4673.513534,2330088863,2330090229,15671,1366
4673.525558,2330099770,2330101133,15865,1363
4673.579664,2330149063,2330150431,15907,1368
4673.591694,2330160063,2330161433,16063,1370
4673.609729,2330176473,2330177843,15972,1370
4673.621735,2330187423,2330188798,15685,1375
4673.672849,2330234056,2330235431,15958,1375
4673.684867,2330244947,2330246323,15936,1376
4673.735969,2330291603,2330292980,16064,1377
4673.747980,2330302597,2330303968,15807,1371
4673.766023,2330319061,2330320436,16012,1375
4673.778041,2330330012,2330331387,15905,1375
4673.802083,2330351970,2330353336,15717,1366
4673.814112,2330362860,2330364233,15914,1373
4673.886248,2330428746,2330430118,15907,1372
4673.901267,2330442466,2330443836,15768,1370
4673.913299,2330453462,2330454834,15931,1372
4673.988450,2330522039,2330523410,15937,1371
4674.000468,2330533031,2330534399,15940,1368
4674.024518,2330555019,2330556397,16062,1378
4674.036524,2330565999,2330567370,15766,1371
4674.088637,2330615430,2330616805,15767,1375
4674.192830,2330708744,2330710119,15900,1375
4674.204861,2330719734,2330721111,16045,1377
4674.216881,2330730734,2330732105,15935,1371
4674.267979,2330777459,2330778836,15941,1377
4674.298021,2330804942,2330806316,15685,1374
4674.310053,2330815934,2330817310,15798,1376
4674.322083,2330826903,2330828271,15953,1368
4674.400225,2330898182,2330899558,15819,1376
4674.412256,2330909176,2330910547,15984,1371
4674.424263,2330920178,2330921545,15783,1367
4674.500410,2330991462,2330992837,16066,1375
4674.535482,2331021688,2331023033,15813,1345
4674.547512,2331032595,2331033973,15973,1378
4674.559532,2331043574,2331044947,15952,1373
4674.571551,2331054557,2331055926,15845,1369
4674.583581,2331065544,2331066922,15976,1378
4674.595599,2331076490,2331077859,15944,1369
4674.607619,2331087461,2331088840,15838,1379
4674.619649,2331098448,2331099819,15973,1371
4674.633175,2331110812,2331112182,15910,1370
4674.666230,2331140987,2331142365,15903,1378
4674.678261,2331151978,2331153355,16045,1377
4674.724342,2331190720,2331191801,14957,1081
4674.759418,2331213435,2331214347,14578,912
4674.771422,2331220738,2331221664,14180,926
4674.783454,2331227880,2331228758,14211,878
4674.795481,2331234939,2331235829,14220,890
4674.807499,2331241963,2331242837,14022,874
4674.819529,2331248980,2331249847,13968,867
4674.831552,2331255972,2331256839,14036,867
4674.843568,2331262945,2331263813,13912,868
4674.855599,2331269924,2331270801,13971,877
4674.867622,2331276927,2331277800,14143,873
4674.879629,2331283911,2331284790,13995,879
4674.891662,2331290933,2331291814,14192,881
4674.912704,2331303378,2331304292,14491,914
4674.924725,2331311255,2331312246,14653,991
4674.951774,2331329972,2331331056,14909,1084
4674.963799,2331338733,2331339838,15288,1105
4674.975826,2331347640,2331348771,15744,1131
4675.029930,2331395057,2331396424,16068,1367
4675.041938,2331405868,2331407208,15689,1340
4675.053968,2331416739,2331418109,15845,1370
4675.081022,2331441259,2331442627,15857,1368
4675.093051,2331452220,2331453597,15991,1377
4675.159159,2331512473,2331513850,15769,1377
4675.174206,2331526221,2331527593,16065,1372
4675.189225,2331539839,2331541211,15717,1372
4675.237324,2331583631,2331585004,16063,1373
4675.249336,2331594605,2331595973,15675,1368
4675.267377,2331611003,2331612373,16023,1370
4675.336513,2331674018,2331675386,15979,1368
4675.348529,2331684985,2331686355,15847,1370
4675.360554,2331695918,2331697286,15854,1368
4675.399632,2331728738,2331729997,15856,1259
4675.411651,2331738728,2331739962,15838,1234
4675.423671,2331748663,2331749919,15724,1256
4675.441706,2331763711,2331765084,15918,1373
4675.453737,2331774188,2331775574,15903,1386
4675.465751,2331784456,2331785829,15751,1373
4675.477777,2331795019,2331796391,15841,1372
4675.495814,2331810690,2331812061,15909,1371
4675.507840,2331821361,2331822569,15895,1208
4675.525873,2331836861,2331838233,15909,1372
4675.537880,2331847465,2331848833,15777,1368
4675.561941,2331868397,2331869768,15925,1371
4675.573952,2331878842,2331880213,15677,1371
4675.649102,2331944381,2331945755,15768,1374
4675.661129,2331955008,2331956372,15926,1364
4675.677160,2331971136,2331972511,15942,1375
4675.781344,2332060648,2332062022,15782,1374
4675.793379,2332071268,2332072527,15891,1259
4675.856494,2332126666,2332128042,15837,1376
4675.868525,2332137263,2332138634,15914,1371
4675.880542,2332147963,2332149194,15924,1231
4675.892568,2332158490,2332159751,15813,1261
4675.907594,2332171619,2332172988,15968,1369
4675.943661,2332203161,2332204529,15812,1368
4675.955686,2332213686,2332215064,15949,1378
4675.967714,2332224213,2332225556,16174,1343
4675.979731,2332234619,2332235989,15940,1370
4675.991759,2332245215,2332246590,16001,1375
4676.003780,2332255665,2332257031,16035,1366
4676.015799,2332266405,2332267664,15813,1259
4676.033824,2332282274,2332283501,15698,1227
4676.045857,2332292883,2332294252,15768,1369
4676.063891,2332308682,2332310061,15877,1379
4676.075919,2332319412,2332320786,15997,1374
4676.087937,2332329893,2332331266,15877,1373
4676.099957,2332340514,2332341746,15728,1232
4676.111988,2332350932,2332352191,15869,1259
4676.124008,2332361434,2332362807,15931,1373
4676.142039,2332377125,2332378495,15930,1370
4676.154051,2332387989,2332389360,15648,1371
4676.166091,2332398482,2332399715,15928,1233
4676.178108,2332408930,2332410304,15856,1374
4676.190133,2332419413,2332420786,15896,1373
4676.214173,2332440444,2332441814,15717,1370
4676.226197,2332451143,2332452402,15820,1259
4676.241227,2332464440,2332465700,15750,1260
4676.253249,2332474949,2332476178,15721,1229
4676.268280,2332488196,2332489571,16005,1375
4676.280300,2332498879,2332500247,15916,1368
4676.292333,2332509603,2332510863,15998,1260
4676.319384,2332533533,2332534792,15959,1259
4676.331400,2332544027,2332545235,15901,1208
4676.343423,2332554594,2332555846,15798,1252
4676.355450,2332565167,2332566533,16074,1366
4676.373484,2332581153,2332582525,16038,1372
4676.385502,2332591770,2332593030,15901,1260
4676.421572,2332623471,2332624731,15824,1260
4676.432334,2332634602,2332635838,15794,1236
4676.445624,2332645098,2332646382,15890,1284
4676.457640,2332655625,2332656886,15820,1261
4676.472673,2332668690,2332670060,15952,1370
4676.484691,2332679359,2332680589,15806,1230
4676.524772,2332716015,2332717395,15912,1380
4676.583879,2332766104,2332767360,15806,1256
4676.595903,2332776614,2332777982,15848,1368
4676.607931,2332787232,2332788494,15868,1262
4676.619949,2332797767,2332799021,15908,1254
4676.631971,2332808219,2332809593,15825,1374
4676.643999,2332818826,2332820086,15960,1260
4676.662034,2332834570,2332835939,16093,1369
4676.674053,2332845201,2332846574,16012,1373
4676.689086,2332858516,2332859893,15982,1377
4676.701103,2332869087,2332870343,15734,1256
4676.729167,2332895548,2332896831,15773,1283
4676.809307,2332963893,2332965175,15879,1282
4676.821329,2332974561,2332975932,15917,1371
4676.833362,2332985167,2332986427,15956,1260
4676.845378,2332995703,2332996965,15907,1262
4676.884457,2333030004,2333031378,15755,1374
4676.899480,2333043086,2333044345,15903,1259
4676.911503,2333053535,2333054913,15797,1378
4676.923531,2333064016,2333065390,15994,1374
4676.935548,2333074606,2333075978,15851,1372
4676.956581,2333093100,2333094471,15597,1371
4676.968616,2333103679,2333105064,15989,1385
4677.043755,2333169724,2333170983,15820,1259
4677.055771,2333180210,2333181579,15579,1369
4677.067806,2333190808,2333192187,15930,1379
4677.079822,2333201298,2333202554,15854,1256
4677.097857,2333217052,2333218428,15910,1376
4677.121909,2333238108,2333239480,15970,1372
4677.133925,2333248703,2333249960,15771,1257
4677.151960,2333264414,2333265697,15876,1283
4677.163972,2333275003,2333276374,15570,1371
4677.176011,2333285533,2333286909,15965,1376
4677.188026,2333296056,2333297430,15898,1374
4677.200042,2333306754,2333307985,15498,1231
4677.212081,2333317153,2333318528,16026,1375
4677.230115,2333332924,2333334303,16004,1379
4677.242129,2333343532,2333344787,15789,1255
4677.260167,2333359367,2333360623,15844,1256
4677.272186,2333369954,2333371217,15736,1263
4677.284219,2333380491,2333381696,16073,1205
4677.302251,2333396171,2333397549,15920,1378
4677.314269,2333406889,2333408172,15789,1283
4677.332302,2333422682,2333423944,15767,1262
4677.344318,2333433132,2333434501,15547,1369
4677.368370,2333454213,2333455475,15821,1262
4677.380401,2333464759,2333466131,15796,1372
4677.416454,2333496437,2333497669,15509,1232
4677.428492,2333506911,2333508284,16094,1373
4677.440506,2333517498,2333518730,15858,1232
4677.468572,2333543592,2333544964,15579,1372
4677.485594,2333556838,2333558209,15939,1371
4677.512644,2333580445,2333581822,15864,1377
4677.524663,2333590974,2333592345,15604,1371
4677.572767,2333633120,2333634495,16068,1375
4677.584783,2333643602,2333644976,15888,1374
4677.596796,2333654269,2333655524,15579,1255
4677.608835,2333664761,2333666134,16087,1373
4677.623846,2333677890,2333679259,15655,1369
4677.671956,2333720191,2333721449,16012,1258
4677.683968,2333730710,2333731990,15838,1280
4677.695987,2333741369,2333742713,15617,1344
4677.708023,2333751945,2333753323,16105,1378
4677.720041,2333762547,2333763800,15883,1253
4677.732064,2333773036,2333774267,15828,1231
4677.744092,2333783599,2333784972,16004,1373
4677.756109,2333794109,2333795486,16007,1377
4677.768126,2333804748,2333806118,15613,1370
4677.780158,2333815240,2333816476,15949,1236
4677.792178,2333825638,2333827011,15859,1373
4677.804193,2333836152,2333837521,15599,1369
4677.816231,2333846855,2333848114,16092,1259
4677.834263,2333862595,2333863856,15875,1261
4677.846281,2333873227,2333874605,15919,1378
4677.891366,2333912491,2333913868,15920,1377
4677.903383,2333923025,2333924395,15568,1370
4677.915418,2333933634,2333934891,16060,1257
4677.927433,2333944240,2333945473,15858,1233
4677.939452,2333954849,2333956102,15508,1253
4677.951488,2333966019,2333967278,16057,1259
4677.963503,2333976403,2333977777,15952,1374
4677.975532,2333987015,2333988385,15687,1370
4677.987555,2333997490,2333998853,16108,1363
4677.999571,2334008071,2334009449,15946,1378
4678.011585,2334018668,2334019924,15579,1256
4678.023623,2334029161,2334030531,16048,1370
4678.035641,2334039732,2334040990,15928,1258
4678.047663,2334050185,2334051553,15594,1368
4678.059692,2334060725,2334062102,16103,1377
4678.071711,2334071224,2334072487,15893,1263
4678.083723,2334081686,2334082913,15533,1227
4678.101755,2334097398,2334098767,15574,1369
4678.113797,2334108005,2334109261,16010,1256
4678.131830,2334123717,2334124955,15881,1238
4678.143847,2334134220,2334135595,15971,1375
4678.155858,2334144765,2334146135,15654,1370
4678.216998,2334199984,2334201238,15583,1254
4678.246035,2334223666,2334224920,15621,1254
4678.258072,2334234139,2334235397,16056,1258
4678.270087,2334244592,2334245967,16006,1375
4678.282104,2334255104,2334256359,15614,1255
4678.294138,2334265727,2334266988,15936,1261
4678.306156,2334276245,2334277621,15915,1376
4678.324188,2334292004,2334293237,15853,1233
4678.336205,2334302345,2334303715,15687,1370
4678.354237,2334318333,2334319590,15586,1257
4678.366275,2334328724,2334330091,16047,1367
4678.424391,2334381551,2334382810,15821,1259
4678.444407,2334397351,2334398724,15571,1373
4678.456446,2334407819,2334409192,16017,1373
4678.480332,2334422157,2334422806,11968,649
4678.494003,2334427943,2334428827,13298,884
4678.506041,2334437764,2334439138,16133,1374
4678.518057,2334448576,2334449948,16014,1372
4678.533093,2334462140,2334463508,16191,1368
4678.545110,2334473150,2334474525,16012,1375
4678.560144,2334486888,2334488257,16187,1369
4678.572161,2334497881,2334499253,15953,1372
4678.584177,2334508905,2334510279,15701,1374
4678.596212,2334519895,2334521264,16190,1369
4678.609739,2334532514,2334533892,16140,1378
4678.624758,2334546285,2334547541,15828,1256
4678.636790,2334556391,2334557767,16061,1376
4678.648805,2334566584,2334567963,15947,1379
4678.663841,2334579458,2334580829,15879,1371
4678.675858,2334589814,2334591044,15871,1230
4678.687881,2334600205,2334601436,15859,1231
4678.701402,2334612282,2334613535,15538,1253
4678.719446,2334627860,2334629066,15741,1206
4678.731472,2334638149,2334639406,15989,1257
4678.743486,2334648624,2334649998,15890,1374
4678.755504,2334659266,2334660638,15560,1372
4678.767538,2334669764,2334671135,15887,1371
4678.779556,2334680318,2334681694,15796,1376
4678.791567,2334690918,2334692288,15579,1370
4678.824638,2334719767,2334721140,15883,1373
4678.836654,2334730415,2334731666,15535,1251
4678.851693,2334743567,2334744827,15847,1260
4678.863708,2334753892,2334755263,15594,1371
4678.875743,2334764498,2334765759,15925,1261
4678.887762,2334774955,2334776214,15893,1259
4678.899778,2334785605,2334786860,15622,1255
4678.911813,2334796089,2334797323,15993,1234
4678.947882,2334827419,2334828678,15939,1259
4678.959899,2334837930,2334839309,15922,1379
4678.971922,2334848457,2334849689,15861,1232
4678.983950,2334857471,2334858849,15933,1378
4678.995966,2334868401,2334869770,15930,1369
4679.007989,2334879125,2334880496,15635,1371
4679.020020,2334889753,2334891014,16063,1261
4679.032035,2334900201,2334901576,15976,1375
4679.044051,2334910746,2334912001,15490,1255
4679.056087,2334921219,2334922591,16026,1372
4679.068102,2334931681,2334933058,15784,1377
4679.080121,2334942288,2334943515,15592,1227
4679.092156,2334952816,2334954190,16089,1374
4679.104172,2334963270,2334964648,15946,1378
4679.116200,2334973768,2334975018,15686,1250
4679.134220,2334989666,2334990920,15504,1254
4679.146257,2335000037,2335001418,15987,1381
4679.156330,2335010531,2335011788,15813,1257
4679.168327,2335021036,2335022416,15777,1380
4679.188322,2335036726,2335038102,15614,1376
4679.200362,2335047263,2335048544,15998,1281
4679.212377,2335057823,2335059084,15910,1261
4679.224390,2335068362,2335069738,15660,1376
4679.236430,2335078848,2335080108,15912,1260
4679.248447,2335089193,2335090566,16003,1373
4679.269487,2335107658,2335108891,15787,1233
4679.281517,2335118247,2335119480,16064,1233
4679.293534,2335128685,2335129945,15867,1260
4679.305546,2335139192,2335140401,15503,1209
4679.317581,2335149553,2335150922,16030,1369
4679.341620,2335170728,2335171954,15614,1226
4679.353651,2335181208,2335182581,15955,1373
4679.365672,2335191955,2335193329,15865,1374
4679.380703,2335205149,2335206518,16034,1369
4679.392722,2335215652,2335217028,15924,1376
4679.404735,2335226263,2335227493,15552,1230
4679.416773,2335236751,2335238127,16150,1376
4679.449819,2335265726,2335267097,15618,1371
4679.461858,2335276937,2335278316,15997,1379
4679.473876,2335287537,2335288912,15936,1375
4679.485901,2335298043,2335299419,15887,1376
4679.497927,2335308593,2335309970,16016,1377
4679.509945,2335319237,2335320468,15879,1231
4679.521960,2335329770,2335331025,15505,1255
4679.553026,2335358737,2335360108,15914,1371
4679.570064,2335372004,2335373266,15879,1262
4679.582081,2335382403,2335383780,15919,1377
4679.600115,2335398154,2335399416,15800,1262
4679.612143,2335408586,2335409956,15729,1370
4679.624168,2335419212,2335420472,16011,1260
4679.636187,2335429660,2335431038,15936,1378
4679.648196,2335440280,2335441650,15579,1370
4679.660238,2335450840,2335452098,16009,1258
4679.678269,2335466570,2335467937,16126,1367
4679.688330,2335477012,2335478272,15813,1260
4679.700327,2335487442,2335488821,15862,1379
4679.717338,2335500521,2335501891,15934,1370
4679.729359,2335510931,2335512302,15626,1371
4679.741389,2335521524,2335522902,15987,1378
4679.753405,2335532050,2335533326,15880,1276
4679.765431,2335542717,2335544002,15776,1285
4679.784469,2335561468,2335562725,15909,1257
4679.808522,2335582482,2335583740,15671,1258
4679.828548,2335598263,2335599497,15740,1234
4679.840579,2335608668,2335609939,15846,1271
4679.852602,2335619308,2335620541,15975,1233
4679.864617,2335629937,2335631180,15818,1243
4679.876649,2335640392,2335641623,15849,1231
4679.888669,2335650810,2335652201,15899,1391
4679.912716,2335671966,2335673225,16021,1259
4679.924733,2335682500,2335683879,15917,1379
4679.945764,2335701078,2335702333,15586,1255
4679.957802,2335711616,2335712899,16096,1283
4679.972819,2335724704,2335726072,15579,1368
4679.984854,2335735337,2335736597,15998,1260
4679.996869,2335745871,2335747251,15860,1380
4680.017904,2335764344,2335765717,15641,1373
4680.029941,2335774978,2335776238,15994,1260
4680.053969,2335796087,2335797343,15578,1256
4680.066007,2335806547,2335807789,15937,1242
4680.078025,2335817071,2335818449,16005,1378
4680.090047,2335827576,2335828946,15659,1370
4680.105075,2335840757,2335842127,15903,1370
4680.117092,2335851291,2335852661,15626,1370
4680.129130,2335861779,2335863038,15995,1259
4680.141143,2335872306,2335873562,15910,1256
4680.156179,2335885508,2335886881,16078,1373
4680.168196,2335896028,2335897402,15916,1374
4680.180212,2335906548,2335907921,15526,1373
4680.192248,2335917430,2335918721,15968,1291
4680.204266,2335927949,2335929324,16011,1375
4680.216278,2335938458,2335939686,15547,1228
4680.228317,2335948902,2335950165,15996,1263
4680.240334,2335959337,2335960713,15816,1376
4680.252354,2335969824,2335971077,15543,1253
4680.264384,2335980341,2335981711,15959,1370
4680.288421,2336001467,2336002723,15572,1256
4680.300455,2336011985,2336013244,16005,1259
4680.315469,2336025122,2336026373,15566,1251
4680.328506,2336038221,2336039592,15972,1371
4680.352553,2336059266,2336060638,15955,1372
4680.384608,2336085726,2336087035,15882,1309
4680.396625,2336096330,2336097705,15639,1375
4680.408659,2336106773,2336108026,15965,1253
4680.432689,2336128006,2336129262,15582,1256
4680.444730,2336138634,2336139917,16100,1283
4680.459748,2336151785,2336153046,15795,1261
4680.489812,2336177887,2336179263,16073,1376
4680.501829,2336188532,2336189814,15911,1282
4680.513846,2336199028,2336200286,15581,1258
4680.532892,2336217440,2336218746,16040,1306
4680.592002,2336267578,2336268953,15972,1375
4680.604030,2336278187,2336279420,15741,1233
4680.616056,2336288669,2336289902,15952,1233
4680.634090,2336304583,2336305840,15922,1257
4680.646106,2336315151,2336316529,15922,1378
4680.682173,2336346675,2336348056,15914,1381
4680.694189,2336357233,2336358602,15583,1369
4680.712220,2336373063,2336374433,15578,1370
4680.724260,2336383584,2336384956,16099,1372
4680.736277,2336394204,2336395465,15842,1261
4680.796396,2336446710,2336448082,15991,1372
4680.808416,2336457396,2336458627,15818,1231
4680.820432,2336467921,2336469180,15571,1259
4680.832465,2336478417,2336479789,16086,1372
4680.871535,2336512647,2336513861,15882,1214
4680.883556,2336522989,2336524360,15685,1371
4680.895585,2336533576,2336534814,15992,1238
4680.907605,2336544015,2336545275,15951,1260
4680.943670,2336575788,2336577070,15887,1282
4680.955694,2336586355,2336587592,15785,1237
4680.967722,2336596764,2336598147,15969,1383
4680.979737,2336607362,2336608645,15790,1283
4680.991763,2336618516,2336619892,15795,1376
4681.003793,2336629147,2336630408,15915,1261
4681.015808,2336639847,2336641223,15913,1376
4681.027829,2336650453,2336651714,15798,1261
4681.039859,2336661020,2336662252,15862,1232
4681.060894,2336679503,2336680883,15886,1380
4681.072914,2336690019,2336691301,15811,1282
4681.130034,2336739985,2336741365,15828,1380
4681.142045,2336750598,2336751883,15787,1285
4681.157085,2336763825,2336765201,15781,1376
4681.169098,2336774322,2336775606,15827,1284
4681.214186,2336813942,2336815226,15821,1284
4681.226211,2336824575,2336825955,15845,1380
4681.268286,2336861632,2336862894,15846,1262
4681.289322,2336880055,2336881309,15555,1254
4681.301357,2336890563,2336891951,16087,1388
4681.367479,2336948557,2336949934,15925,1377
4681.379494,2336959056,2336960430,15617,1374
4681.391525,2336969555,2336970930,15903,1375
4681.403547,2336980214,2336981591,15930,1377
4681.415566,2336990711,2336991969,15580,1258
4681.427593,2337001243,2337002621,15996,1378
4681.439607,2337011859,2337013120,15727,1261
4681.451637,2337022316,2337023601,15852,1285
4681.463662,2337032903,2337034279,15998,1376
4681.475680,2337043393,2337044770,15884,1377
4681.487704,2337054012,2337055296,15569,1284
4681.520765,2337083029,2337084407,15847,1378
4681.532786,2337093600,2337094986,15610,1386
4681.592903,2337146487,2337147863,15848,1376
4681.604926,2337157128,2337158388,15593,1260
4681.625971,2337175488,2337176865,15925,1377
4681.637988,2337186094,2337187381,15869,1287
4681.693104,2337236334,2337237599,15664,1265
4681.737177,2337273110,2337274487,15844,1377
4681.749201,2337283650,2337284933,15794,1283
4681.797302,2337325784,2337327036,15991,1252
4681.809314,2337336290,2337337549,15875,1259
4681.833365,2337357338,2337358594,15882,1256
4681.845385,2337367829,2337369209,15889,1380
4681.863420,2337383619,2337384993,15936,1374
4681.875439,2337394093,2337395471,15673,1378
4681.887471,2337404632,2337405916,15881,1284
4681.899489,2337415196,2337416528,15769,1332
4681.911510,2337425694,2337426979,15576,1285
4681.929541,2337441545,2337442827,15556,1282
4681.941571,2337452112,2337453486,15994,1374
4681.977642,2337483866,2337485151,15928,1285
4681.989653,2337494477,2337495852,15851,1375
4682.016709,2337518192,2337519573,15883,1381
4682.028729,2337528674,2337529935,15568,1261
4682.040759,2337539200,2337540575,15921,1375
4682.052780,2337549824,2337551203,15932,1379
4682.064794,2337560214,2337561594,15603,1380
4682.076831,2337570783,2337572068,15989,1285
4682.088846,2337581324,2337582585,15812,1261
4682.103883,2337594498,2337595731,15853,1233
4682.124914,2337612782,2337614091,15779,1309
4682.136934,2337623193,2337624471,15532,1278
4682.148969,2337633735,2337635108,15938,1373
4682.160985,2337644351,2337645725,15926,1374
4682.173008,2337654981,2337656264,15611,1283
4682.233117,2337707745,2337709007,15827,1262
4682.245146,2337718317,2337719695,15854,1378
4682.257174,2337728890,2337730266,15862,1376
4682.269189,2337739536,2337740912,15889,1376
4682.296243,2337763262,2337764514,15895,1252
4682.308261,2337773973,2337775234,15518,1261
4682.323291,2337787022,2337788392,15898,1370
4682.341328,2337802971,2337804256,15749,1285
4682.353349,2337813570,2337814877,15594,1307
4682.365380,2337824046,2337825254,15827,1208
4682.377397,2337834477,2337835810,15725,1333
4682.389422,2337844985,2337846246,15583,1261
4682.444528,2337894936,2337896312,15935,1376
4682.467566,2337913391,2337914766,15914,1375
4682.479585,2337923880,2337925256,15589,1376
4682.490105,2337933326,2337934703,15765,1377
4682.502129,2337944088,2337945459,15612,1371
4682.550231,2337986213,2337987473,15931,1260
4682.562244,2337996644,2337997925,15831,1281
4682.574271,2338007299,2338008555,15514,1256
4682.589302,2338020731,2338022103,15949,1372
4682.601321,2338031248,2338032504,15588,1256
4682.652417,2338075855,2338077227,15932,1372
4682.665944,2338087889,2338089149,15873,1260
4682.677968,2338098531,2338099792,15668,1261
4682.690000,2338109088,2338110349,15943,1261
4682.753117,2338164229,2338165606,15903,1377
4682.765135,2338174731,2338176105,15876,1374
4682.777152,2338185292,2338186598,15605,1306
4682.792186,2338198501,2338199876,15875,1375
4682.804207,2338209102,2338210385,15642,1283
4682.816236,2338219605,2338220866,15943,1261
4682.861321,2338259222,2338260483,15986,1261
4682.873340,2338269984,2338271357,15934,1373
4682.888377,2338283302,2338284561,15978,1259
4682.900387,2338293747,2338295008,15869,1261
4682.912412,2338304280,2338305646,15644,1366
4682.951494,2338338435,2338339666,15997,1231
4682.963509,2338348752,2338350130,15875,1378
4682.975532,2338359206,2338360577,15644,1371
4682.993567,2338375062,2338376290,15626,1228
4683.005595,2338385431,2338386687,15866,1256
4683.068713,2338440798,2338442174,15991,1376
4683.080735,2338451704,2338453077,15871,1373
4683.092755,2338462376,2338463635,15539,1259
4683.143854,2338507168,2338508544,15960,1376
4683.155870,2338517624,2338518992,15582,1368
4683.173910,2338533569,2338534822,15583,1253
4683.185941,2338544174,2338545435,16045,1261
4683.270092,2338618032,2338619291,15871,1259
4683.282121,2338629011,2338630294,15663,1283
4683.376328,2338713791,2338715051,15892,1260
4683.468468,2338792886,2338794146,15882,1260
4683.480498,2338803350,2338804603,15604,1253
4683.496533,2338819272,2338820646,15673,1374
4683.519572,2338837583,2338838959,15995,1376
4683.531591,2338848063,2338849440,15772,1377
4683.543614,2338858681,2338859937,15643,1256
4683.555640,2338869152,2338870523,15926,1371
4683.567658,2338879639,2338881010,15846,1371
4683.579685,2338890264,2338891520,15693,1256
4683.591709,2338900811,2338902186,15945,1375
4683.603727,2338911413,2338912673,15811,1260
4683.615750,2338921992,2338923228,15742,1236
4683.627782,2338932402,2338933635,16022,1233
4683.639800,2338942893,2338944267,16019,1374
4683.651817,2338953446,2338954788,15557,1342
4683.663848,2338964037,2338965323,15927,1286
4683.675864,2338974558,2338975926,15853,1368
4683.687881,2338985006,2338986378,15585,1372
4683.699917,2338995892,2338997150,15914,1258
4683.711931,2339006470,2339007698,15786,1228
4683.723950,2339016852,2339018219,15587,1367
4683.735989,2339027466,2339028680,15957,1214
4683.748002,2339038008,2339039385,15885,1377
4683.760023,2339048588,2339049966,15557,1378
4683.778066,2339064372,2339065745,15711,1373
4683.790089,2339074823,2339076196,15951,1373
4683.821149,2339103795,2339105162,15626,1367
4683.892275,2339164375,2339165754,15847,1379
4683.904296,2339175037,2339176409,15599,1372
4683.916327,2339185618,2339186874,15859,1256
4683.928345,2339196107,2339197383,15783,1276
4683.976438,2339238267,2339239638,15656,1371
4683.988463,2339248820,2339250195,16095,1375
4684.000332,2339259982,2339261236,15856,1254
4684.027535,2339283542,2339284801,15828,1259
4684.039550,2339294097,2339295465,15516,1368
4684.051587,2339304606,2339305983,16022,1377
4684.063598,2339315198,2339316567,15830,1369
4684.075629,2339326015,2339327225,15644,1210
4684.087652,2339336414,2339337782,16061,1368
4684.099666,2339347017,2339348251,15773,1234
4684.111688,2339357512,2339358746,15606,1234
4684.123720,2339368035,2339369415,16088,1380
4684.135741,2339378407,2339379751,15898,1344
4684.165794,2339404828,2339406080,15560,1252
4684.177827,2339415237,2339416604,16081,1367
4684.240944,2339470826,2339472196,16055,1370
4684.252964,2339481372,2339482629,15908,1257
4684.267995,2339494665,2339496037,16038,1372
4684.298044,2339520888,2339522260,15871,1372
4684.310069,2339531589,2339532815,15556,1226
4684.322097,2339542104,2339543471,15988,1367
4684.349150,2339565844,2339567218,16039,1374
4684.361169,2339576417,2339577670,15862,1253
4684.445322,2339650547,2339651918,15594,1371
4684.457358,2339661164,2339662423,15964,1259
4684.505442,2339703478,2339704845,15980,1367
4684.517461,2339714196,2339715541,15608,1345
4684.553533,2339745915,2339747282,15626,1367
4684.565562,2339756478,2339757737,15860,1259
4684.616653,2339801447,2339802791,15711,1344
4684.628686,2339812092,2339813325,15917,1233
4684.655734,2339835755,2339837130,15999,1375
4684.667747,2339846439,2339847693,15771,1254
4684.685785,2339862362,2339863730,16036,1368
4684.697804,2339873069,2339874438,15694,1369
4684.712833,2339886404,2339887640,15731,1236
4684.727874,2339899697,2339901039,15946,1342
4684.748904,2339918145,2339919517,15883,1372
4684.760922,2339928816,2339930181,15598,1365
4684.772958,2339939438,2339940813,15909,1375
4684.809025,2339971413,2339972667,15893,1254
4684.821044,2339982039,2339983408,15848,1369
4684.836077,2339995551,2339996866,15792,1315
4684.848090,2340006021,2340007373,15932,1352
4684.860112,2340016644,2340018016,15628,1372
4684.872150,2340027210,2340028464,16021,1254
4684.884164,2340037804,2340039150,16014,1346
4684.896181,2340048342,2340049662,15760,1320
4684.908213,2340058993,2340060340,16043,1347
4684.932250,2340080195,2340081562,15577,1367
4684.944284,2340090911,2340092168,15937,1257
4684.956299,2340101386,2340102754,15915,1368
4684.968326,2340111936,2340113139,15688,1203
4684.983351,2340125086,2340126431,15916,1345
4684.995370,2340135777,2340137142,15500,1365
4685.007401,2340146236,2340147584,15925,1348
4685.019422,2340156643,2340157988,15864,1345
4685.031442,2340167174,2340168539,15595,1365
4685.043470,2340177607,2340178954,15926,1347
4685.055489,2340188086,2340189455,15930,1369
4685.067516,2340198840,2340200023,15635,1183
4685.079539,2340209447,2340210786,15884,1339
4685.091558,2340219913,2340221289,15928,1376
4685.103575,2340230797,2340232165,15692,1368
4685.136645,2340259957,2340261329,15911,1372
4685.148669,2340270505,2340271874,15947,1369
4685.160693,2340280906,2340282271,15962,1365
4685.199759,2340315507,2340316874,15958,1367
4685.211785,2340326057,2340327377,15709,1320
4685.223818,2340336799,2340338137,15883,1338
4685.235834,2340347204,2340348519,15911,1315
4685.247854,2340357653,2340359025,15825,1372
4685.259881,2340368284,2340369626,16048,1342
4685.277918,2340384073,2340385277,15712,1204
4685.289936,2340394480,2340395848,15903,1368
4685.301953,2340405170,2340406511,15611,1341
4685.313987,2340415782,2340417126,16055,1344
4685.344039,2340442141,2340443398,15812,1257
4685.356056,2340452697,2340453875,15527,1178
4685.368090,2340463148,2340464492,15995,1344
4685.380101,2340473671,2340474929,15773,1258
4685.392128,2340484120,2340485461,15728,1341
4685.404154,2340494563,2340495932,16055,1369
4685.416176,2340505150,2340506522,15863,1372
4685.428193,2340515645,2340516899,15451,1254
4685.446231,2340531445,2340532815,15732,1370
4685.458258,2340542016,2340543383,16058,1367
4685.512362,2340589466,2340590837,15964,1371
4685.524382,2340600652,2340601905,15807,1253
4685.545416,2340619246,2340620593,15612,1347
4685.557447,2340629517,2340630886,15925,1369
4685.608536,2340674365,2340675703,15692,1338
4685.620571,2340685008,2340686376,16064,1368
4685.635591,2340698210,2340699582,15711,1372
4685.704719,2340758753,2340760095,15870,1342
4685.716746,2340769311,2340770653,15826,1342
4685.728772,2340779755,2340781100,16083,1345
4685.752808,2340800753,2340802119,15592,1366
4685.764846,2340811467,2340812810,16105,1343
4685.776856,2340822129,2340823490,15865,1361
4685.827965,2340866768,2340868024,15874,1256
4685.839981,2340877245,2340878565,15961,1320
4685.851997,2340887668,2340889037,15591,1369
4685.864034,2340897997,2340899364,16055,1367
4685.885062,2340916472,2340917814,15867,1342
4685.897089,2340927039,2340928407,15835,1368
4685.933153,2340958671,2340960013,15682,1342
4685.945185,2340969369,2340970712,15970,1343
4685.960214,2340982286,2340983627,15793,1341
4685.972240,2340992763,2340994081,15855,1318
4685.984256,2341003221,2341004568,16018,1347
4685.996273,2341013816,2341015155,15684,1339
4686.008305,2341024253,2341025576,15963,1323
4686.020325,2341034634,2341035951,15881,1317
4686.035357,2341047648,2341048917,15881,1269
4686.047371,2341058015,2341059364,15868,1349
4686.059401,2341068401,2341069692,15771,1291
4686.071425,2341078796,2341080143,15931,1347
4686.083444,2341089280,2341090602,15966,1322
4686.095464,2341099607,2341100969,15675,1362
4686.107492,2341110062,2341111378,15968,1316
4686.119516,2341120519,2341121861,16014,1342
4686.131530,2341130916,2341132252,15590,1336
4686.143562,2341141388,2341142729,16043,1341
4686.155577,2341151716,2341153053,15870,1337
4686.168612,2341164647,2341165991,16061,1344
4686.180627,2341175073,2341176441,15910,1368
4686.203672,2341193662,2341194865,15730,1203
4686.215701,2341204164,2341205512,15952,1348
4686.227722,2341214808,2341216154,16043,1346
4686.239736,2341225358,2341226699,15659,1341
4686.251767,2341235724,2341236995,15808,1271
4686.263786,2341245946,2341247266,15883,1320
4686.287837,2341266735,2341268083,15977,1348
4686.299854,2341277249,2341278454,15906,1205
4686.311880,2341287439,2341288787,15874,1348
4686.323906,2341297824,2341299167,15978,1343
4686.335923,2341308366,2341309543,15879,1177
4686.347942,2341318681,2341319997,15707,1316
4686.359977,2341329019,2341330355,16108,1336
4686.371993,2341339878,2341341083,15908,1205
4686.384013,2341350198,2341351375,15640,1177
4686.396041,2341360430,2341361776,16048,1346
4686.408061,2341370904,2341372278,15845,1374
4686.420082,2341381263,2341382553,15611,1290
4686.432110,2341391630,2341392923,15964,1293
4686.444129,2341401865,2341403213,15973,1348
4686.456155,2341412402,2341413747,15793,1345
4686.468183,2341422646,2341423937,15774,1291
4686.549337,2341493548,2341494728,15983,1180
4686.561356,2341503925,2341505245,15952,1320
4686.573371,2341514544,2341515721,15522,1177
4686.592908,2341531763,2341533129,15870,1366
4686.604939,2341542372,2341543548,15715,1176
4686.644014,2341576392,2341577754,15908,1362
4686.656033,2341586786,2341588160,15857,1374
4686.668053,2341597091,2341598382,15643,1291
4686.680083,2341607673,2341609036,16045,1363
4686.692101,2341618077,2341619421,15950,1344
4686.704125,2341628426,2341629746,15702,1320
4686.722154,2341644310,2341645650,15609,1340
4686.734186,2341654665,2341655989,15911,1324
4686.761240,2341677967,2341679287,15969,1320
4686.773259,2341688435,2341689802,15949,1367
4686.784329,2341698951,2341700267,15611,1316
4686.797305,2341709208,2341710574,15930,1366
4686.845392,2341751224,2341752540,15951,1316
4686.857415,2341761849,2341763192,15839,1343
4686.887479,2341787778,2341788987,15974,1209
4686.899500,2341798059,2341799400,16044,1341
4686.911512,2341808275,2341809640,15435,1365
4686.923544,2341818621,2341819963,15950,1342
4686.935565,2341828977,2341830318,15928,1341
4686.947582,2341839317,2341840609,15695,1292
4686.960616,2341852546,2341853727,15922,1181
4686.977649,2341865274,2341866641,15941,1367
4686.989663,2341875936,2341877256,15866,1320
4687.001695,2341886258,2341887596,15787,1338
4687.013716,2341896551,2341897920,16074,1369
4687.025734,2341906887,2341908227,15968,1340
4687.037759,2341918063,2341919240,15646,1177
4687.049786,2341928586,2341929903,16050,1317
4687.061804,2341938884,2341940176,15966,1292
4687.100883,2341972702,2341974041,15707,1339
4687.112906,2341983119,2341984483,16040,1364
4687.127925,2341996097,2341997466,15606,1369
4687.157994,2342022320,2342023663,15946,1343
4687.170005,2342032615,2342033956,15951,1341
4687.182028,2342042870,2342044211,15692,1341
4687.194062,2342053500,2342054844,15948,1344
4687.206081,2342063976,2342065347,15904,1371
4687.269198,2342118832,2342120125,16030,1293
4687.281217,2342129236,2342130574,15613,1338
4687.293249,2342139635,2342140926,16007,1291
4687.311283,2342155468,2342156839,15964,1371
4687.323304,2342165766,2342167060,15930,1294
4687.335319,2342176154,2342177519,15531,1365
4687.347352,2342186447,2342187789,16032,1342
4687.359372,2342196893,2342198212,16015,1319
4687.392437,2342225789,2342227080,15965,1291
4687.404459,2342236240,2342237535,16039,1295
4687.416474,2342246630,2342247925,15696,1295
4687.428505,2342256914,2342258206,15992,1292
4687.516672,2342335225,2342336401,15885,1176
4687.584799,2342392110,2342393478,15949,1368
4687.604331,2342403625,2342404273,11969,648
4687.637396,2342423554,2342424782,15633,1228
4687.652431,2342435817,2342437081,15949,1264
4687.664450,2342445829,2342447138,15631,1309
4687.676476,2342455989,2342457328,15945,1339
4687.688495,2342466088,2342467357,15945,1269
4687.721563,2342494963,2342496256,15961,1293
4687.733581,2342505306,2342506589,15942,1283
4687.796703,2342560179,2342561497,15843,1318
4687.808720,2342570718,2342572028,15584,1310
4687.820752,2342581132,2342582500,15957,1368
4687.832769,2342591471,2342592813,15905,1342
4687.844798,2342601914,2342603206,15719,1292
4687.856820,2342612436,2342613779,15915,1343
4687.868841,2342623005,2342624346,15849,1341
4687.880857,2342633461,2342634775,15618,1314
4687.892889,2342643949,2342645236,15959,1287
4687.904910,2342654392,2342655685,15936,1293
4687.916926,2342664721,2342666012,15582,1291
4687.949997,2342693264,2342694586,15947,1322
4687.962011,2342703852,2342705143,15609,1291
4687.974043,2342714200,2342715506,15966,1306
4687.986061,2342724622,2342725913,16036,1291
4688.016114,2342750624,2342751915,15698,1291
4688.028146,2342761168,2342762431,15964,1263
4688.040165,2342771610,2342772904,15949,1294
4688.055198,2342784609,2342785900,15959,1291
4688.070217,2342797479,2342798738,15619,1259
4688.100286,2342823303,2342824573,16058,1270
4688.116806,2342835899,2342837187,15956,1288
4688.128833,2342846272,2342847562,15831,1290
4688.140861,2342856482,2342857800,15959,1318
4688.152880,2342866702,2342867995,15889,1293
4688.164904,2342877076,2342878417,15852,1341
4688.176930,2342887604,2342888945,15959,1341
4688.188947,2342897922,2342899208,15866,1286
4688.200970,2342908400,2342909742,15603,1342
4688.222015,2342926548,2342927867,15955,1319
4688.234038,2342937056,2342938368,16024,1312
4688.246058,2342947441,2342948807,15783,1366
4688.258086,2342957894,2342959151,15990,1257
4688.270098,2342968038,2342969329,15957,1291
4688.282120,2342978396,2342979657,15695,1261
4688.294153,2342988765,2342990055,15991,1290
4688.306171,2342999140,2343000459,15951,1319
4688.330221,2343020020,2343021339,15959,1319
4688.342240,2343030440,2343031724,15842,1284
4688.354258,2343040567,2343041848,15590,1281
4688.364327,2343050904,2343052223,15803,1319
4688.393342,2343074090,2343075385,15993,1295
4688.405358,2343084492,2343085765,15941,1273
4688.417378,2343094712,2343096002,15700,1290
4688.429409,2343105019,2343106307,16048,1288
4688.441428,2343115353,2343116618,15926,1265
4688.477496,2343146361,2343147621,15951,1260
4688.489520,2343156392,2343157703,15640,1311
4688.504548,2343169291,2343170614,16035,1323
4688.516570,2343179584,2343180907,15913,1323
4688.543622,2343202484,2343203790,15930,1306
4688.555649,2343213568,2343214940,15957,1372
4688.567670,2343224042,2343225360,16017,1318
4688.579690,2343234294,2343235600,15872,1306
4688.591719,2343244755,2343246094,16078,1339
4688.603736,2343254983,2343256271,15943,1288
4688.636804,2343283080,2343284340,16049,1260
4688.648826,2343293147,2343294441,15936,1294
4688.660841,2343303476,2343304771,15617,1295
4688.672872,2343313753,2343315094,15963,1341
4688.687901,2343326501,2343327840,15691,1339
4688.699924,2343336744,2343338037,15982,1293
4688.711941,2343347076,2343348341,15945,1265
4688.729972,2343362080,2343363347,15951,1267
4688.741999,2343372312,2343373632,15926,1320
4688.778067,2343403029,2343404318,15713,1289
4688.790096,2343413069,2343414330,16047,1261
4688.814136,2343433436,2343434725,15713,1289
4688.826164,2343443542,2343444861,16049,1319
4688.844201,2343459025,2343460315,16056,1290
4688.856220,2343469269,2343470529,15950,1260
4688.868235,2343479352,2343480668,15612,1316
4688.880267,2343489585,2343490845,15957,1260
4688.892289,2343499596,2343500831,15949,1235
4688.904304,2343509566,2343510846,15613,1280
4688.916335,2343519842,2343521183,15959,1341
4688.928353,2343530255,2343531595,15939,1340
4688.940377,2343540747,2343541982,15842,1235
4688.952404,2343550872,2343552107,15961,1235
4688.988475,2343581331,2343582672,16028,1341
4689.000492,2343591514,2343592773,15944,1259
4689.033557,2343619289,2343620600,15948,1311
4689.045579,2343629438,2343630782,15904,1344
4689.063610,2343644847,2343646082,15942,1235
4689.075629,2343654864,2343656126,15615,1262
4689.087663,2343664805,2343666092,15990,1287
4689.099679,2343675076,2343676360,15943,1284
4689.111699,2343685214,2343686548,15549,1334
4689.123730,2343695315,2343696603,16050,1288
4689.141768,2343710357,2343711592,15885,1235
4689.153782,2343720335,2343721619,16033,1284
4689.192854,2343753366,2343754624,15700,1258
4689.204884,2343763461,2343764754,16048,1293
4689.219904,2343776156,2343777445,15584,1289
4689.231938,2343786387,2343787648,16044,1261
4689.243956,2343796449,2343797659,16024,1210
4689.255974,2343806512,2343807825,15673,1313
4689.274007,2343821839,2343823069,15611,1230
4689.286042,2343832005,2343833236,16013,1231
4689.301062,2343844475,2343845783,15915,1308
4689.313095,2343854630,2343855942,16099,1312
4689.325104,2343864589,2343865898,15873,1309
4689.337131,2343874771,2343876031,15845,1260
4689.349158,2343884826,2343886062,15963,1236
4689.361178,2343894763,2343895998,16051,1235
4689.385231,2343914857,2343916144,16103,1287
4689.397245,2343925007,2343926242,16040,1235
4689.409264,2343935038,2343936319,15621,1281
4689.421297,2343945032,2343946319,15976,1287
4689.433315,2343955116,2343956399,15838,1283
4689.445336,2343965174,2343966434,15827,1260
4689.457364,2343975133,2343976390,15958,1257
4689.476396,2343992871,2343994162,15863,1291
4689.493433,2344005444,2344006786,15915,1342
4689.505450,2344015579,2344016814,16031,1235
4689.520483,2344027925,2344029206,16030,1281
4689.532503,2344037959,2344039218,15941,1259
4689.547537,2344050355,2344051590,15797,1235
4689.568572,2344067886,2344069125,15957,1239
4689.580599,2344077863,2344079144,15686,1281
4689.592620,2344087874,2344089134,15946,1260
4689.604641,2344097796,2344099061,15963,1265
4689.616658,2344107912,2344109192,15711,1280
4689.640710,2344127947,2344129209,16019,1262
4689.652727,2344137906,2344139140,15701,1234
4689.667760,2344150459,2344151723,16002,1264
4689.685798,2344165891,2344167150,16029,1259
4689.697812,2344175794,2344177051,15696,1257
4689.709844,2344185764,2344187019,16042,1255
4689.721864,2344195843,2344197102,16054,1259
4689.733885,2344205836,2344207125,15916,1289
4689.745912,2344215943,2344217203,15950,1260
4689.757931,2344226026,2344227283,15948,1257
4689.769951,2344235978,2344237235,15630,1257
4689.781985,2344246008,2344247303,16009,1295
4689.797003,2344258394,2344259649,15631,1255
4689.809033,2344268198,2344269540,15957,1342
4689.825063,2344283475,2344284762,15955,1287
4689.842087,2344296191,2344297507,15581,1316
4689.854117,2344306257,2344307546,16029,1289
4689.866139,2344316218,2344317452,16055,1234
4689.878168,2344326222,2344327532,15901,1310
4689.890189,2344336241,2344337495,15969,1254
4689.902205,2344346347,2344347607,15947,1260
4689.917238,2344358920,2344360185,15942,1265
4689.929258,2344369013,2344370273,15837,1260
4689.956305,2344391682,2344392949,15870,1267
4689.968334,2344401639,2344402956,15778,1317
4689.980362,2344411897,2344413155,15991,1258
4690.037464,2344459515,2344460798,16010,1283
4690.049478,2344469464,2344470696,15671,1232
4690.061517,2344480131,2344481401,15961,1270
4690.073534,2344490240,2344491475,15929,1235
4690.092579,2344507640,2344508849,15629,1209
4690.127635,2344534869,2344536132,15836,1263
4690.139653,2344544831,2344546091,15545,1260
4690.157688,2344560068,2344561299,15625,1231
4690.169718,2344569914,2344571222,15945,1308
4690.187752,2344584849,2344586083,15948,1234
4690.199771,2344594696,2344595933,15951,1237
4690.211791,2344604704,2344605970,15711,1266
4690.229829,2344619959,2344621219,15927,1260
4690.241855,2344629916,2344631151,16036,1235
4690.268908,2344652231,2344653489,15964,1258
4690.280928,2344661879,2344663090,15930,1211
4690.292946,2344671729,2344672938,15630,1209
4690.304975,2344681583,2344682871,15946,1288
4690.316995,2344691394,2344692601,15962,1207
4690.350062,2344718475,2344719682,15967,1207
4690.362080,2344728332,2344729563,15944,1231
4690.422199,2344777377,2344778635,15959,1258
4690.434220,2344787562,2344788874,15932,1312
4690.446237,2344797432,2344798659,15629,1227
4690.458269,2344807123,2344808358,15960,1235
4690.470286,2344816952,2344818163,15946,1211
4690.485319,2344829218,2344830473,15960,1255
4690.536409,2344871203,2344872434,15677,1231
4690.548437,2344881355,2344882642,16028,1287
4690.560453,2344891276,2344892541,15869,1265
4690.656644,2344969839,2344971072,16029,1233
4690.668663,2344979605,2344980836,15948,1231
4690.680682,2344989493,2344990725,15712,1232
4690.692712,2344999154,2345000412,16028,1258
4690.708743,2345014184,2345015420,15981,1236
4690.728785,2345028821,2345030080,15990,1259
4690.740803,2345038608,2345039817,15933,1209
4690.761838,2345055455,2345056638,15629,1183
4690.773872,2345065227,2345066486,15987,1259
4690.791901,2345079942,2345081232,16029,1290
4690.803922,2345089863,2345091105,16053,1242
4690.821955,2345104506,2345105772,15926,1266
4690.833973,2345114308,2345115492,15666,1184
4690.873058,2345145683,2345146914,16073,1231
4690.885074,2345155423,2345156634,16040,1211
4690.906112,2345172428,2345173606,15626,1178
4690.918143,2345182093,2345183348,15944,1255
4690.945192,2345203864,2345205075,15943,1211
4690.957211,2345213558,2345214816,15943,1258
4690.978249,2345230815,2345232050,15633,1235
4690.990278,2345240578,2345241788,15942,1210
4691.080449,2345313574,2345314760,15938,1186
4691.092470,2345323159,2345324344,15962,1185
4691.113506,2345340132,2345341311,15628,1179
4691.125541,2345349805,2345351017,15956,1212
4691.143569,2345364342,2345365553,15940,1211
4691.155589,2345374160,2345375364,15948,1204
4691.167617,2345383727,2345384933,15710,1206
4691.191659,2345403066,2345404299,15965,1233
4691.203678,2345412731,2345413934,15632,1203
4691.215709,2345422311,2345423493,15885,1182
4691.227729,2345431901,2345433111,16019,1210
4691.239746,2345441451,2345442652,15708,1201
4691.251777,2345450986,2345452168,15890,1182
4691.263796,2345460523,2345461776,16053,1253
4691.299863,2345489543,2345490779,16033,1236
4691.311884,2345499185,2345500391,15711,1206
4691.323915,2345508851,2345510060,16011,1209
4691.335933,2345518420,2345519629,15963,1209
4691.347952,2345528035,2345529239,15632,1204
4691.365994,2345542530,2345543758,15690,1228
4691.378018,2345552233,2345553447,15945,1214
4691.405067,2345573846,2345575026,15945,1180
4691.417088,2345583440,2345584645,15941,1205
4691.429107,2345592995,2345594201,15599,1206
4691.441137,2345602635,2345603869,15800,1234
4691.465183,2345621888,2345623095,15792,1207
4691.480208,2345633985,2345635190,16048,1205
4691.510261,2345658194,2345659425,15712,1231
4691.522294,2345668005,2345669189,16045,1184
4691.543328,2345685293,2345686498,15964,1205
4691.555347,2345694889,2345696094,15632,1205
4691.567378,2345704509,2345705690,15991,1181
4691.577892,2345713640,2345714850,15601,1210
4691.589920,2345723454,2345724697,15947,1243
4691.601938,2345733199,2345734428,15948,1229
4691.619976,2345747647,2345748831,15951,1184
4691.631992,2345757273,2345758508,15630,1235
4691.644023,2345767132,2345768319,15959,1187
4691.656042,2345776677,2345777886,15966,1209
4691.668064,2345786223,2345787408,15832,1185
4691.680090,2345795746,2345796951,15948,1205
4691.692109,2345805329,2345806515,15949,1186
4691.704129,2345814969,2345816152,15630,1183
4691.716163,2345824660,2345825846,16013,1186
4691.728179,2345834204,2345835386,15965,1182
4691.741209,2345846341,2345847526,15938,1185
4691.815350,2345904090,2345905301,15991,1211
4691.827366,2345913676,2345914860,15948,1184
4691.839387,2345923471,2345924674,15625,1203
4691.851416,2345933009,2345934196,15952,1187
4691.863437,2345942561,2345943771,15840,1210
4691.875454,2345952254,2345953486,15593,1232
4691.887484,2345961792,2345963002,15949,1210
4691.899505,2345971460,2345972665,15965,1205
4691.911532,2345981074,2345982280,15710,1206
4691.923553,2345990704,2345991969,15868,1265
4691.935574,2346000274,2346001456,15962,1182
4691.947593,2346009790,2346010969,15630,1179
4691.965630,2346024208,2346025413,15825,1205
4691.977656,2346033860,2346035067,15946,1207
4692.007711,2346057892,2346059077,15960,1185
4692.019730,2346067528,2346068760,15628,1232
4692.031761,2346077207,2346078417,15807,1210
4692.049793,2346091598,2346092831,15946,1233
4692.061813,2346101246,2346102455,15839,1209
4692.073833,2346110939,2346112147,15598,1208
4692.085864,2346120642,2346121852,15808,1210
4692.136951,2346161407,2346162586,15610,1179
4692.148982,2346170967,2346172177,15951,1210
4692.164007,2346183026,2346184212,15824,1186
4692.237152,2346242884,2346244065,16032,1181
4692.257189,2346257255,2346258485,16049,1230
4692.269210,2346266823,2346268008,16031,1185
4692.281227,2346276432,2346277634,15596,1202
4692.293256,2346286034,2346287238,15948,1204
4692.344347,2346327058,2346328237,15624,1179
4692.356376,2346336820,2346338007,15947,1187
4692.368396,2346346446,2346347630,15883,1184
4692.380416,2346356016,2346357218,15635,1202
4692.443535,2346406494,2346407701,15707,1207
4692.455567,2346416050,2346417257,15887,1207
4692.473599,2346430393,2346431602,16037,1209
4692.485620,2346439956,2346441166,16054,1210
4692.521687,2346468623,2346469829,16037,1206
4692.533707,2346478124,2346479353,15708,1229
4692.551742,2346492538,2346493721,15710,1183
4692.563775,2346502091,2346503277,15966,1186
4692.575790,2346511591,2346512767,15947,1176
4692.671977,2346588078,2346589283,15953,1205
4692.683995,2346597601,2346598810,15865,1209
4692.696016,2346607194,2346608372,15630,1178
4692.708048,2346616704,2346617890,15998,1186
4692.720066,2346626183,2346627394,15970,1211
4692.732085,2346635730,2346636913,15635,1183
4692.744114,2346645212,2346646396,15955,1184
4692.756134,2346654720,2346655906,15839,1186
4692.774169,2346669138,2346670323,16054,1185
4692.786187,2346678640,2346679847,15676,1207
4692.801220,2346690652,2346691838,16050,1186
4692.813239,2346700139,2346701317,15711,1178
4692.892400,2346764481,2346765688,15707,1207
4692.909427,2346776387,2346777624,16022,1237
4692.921445,2346785984,2346787188,15709,1204
4692.933476,2346795499,2346796709,15886,1210
4692.960529,2346816889,2346818071,16051,1182
4692.972546,2346826526,2346827738,15949,1212
4693.000606,2346850357,2346851562,15710,1205
4693.032662,2346874035,2346875240,15946,1205
4693.044683,2346883607,2346884792,15958,1185
4693.056705,2346893142,2346894327,15828,1185
4693.083753,2346914570,2346915749,15626,1179
4693.094277,2346923283,2346924462,15893,1179
4693.109313,2346935313,2346936499,15958,1186
4693.121329,2346944875,2346946128,15967,1253
4693.133347,2346954489,2346955670,15675,1181
4693.157400,2346973448,2346974678,16010,1230
4693.169416,2346983018,2346984201,15707,1183
4693.193466,2347002069,2347003253,15964,1184
4693.205488,2347011568,2347012778,15829,1210
4693.217515,2347021089,2347022269,15951,1180
4693.229535,2347030656,2347031840,15967,1184
4693.268605,2347061567,2347062800,15708,1233
4693.280634,2347071102,2347072288,16038,1186
4693.319705,2347102204,2347103389,16032,1185
4693.331725,2347111671,2347112874,15711,1203
4693.349767,2347126006,2347127209,15676,1203
4693.361790,2347135556,2347136733,15764,1177
4693.376810,2347147361,2347148543,15625,1182
4693.391843,2347159195,2347160380,15960,1185
4693.403865,2347168843,2347170042,15784,1199
4693.415891,2347178327,2347179508,15954,1181
4693.427912,2347187796,2347188981,15966,1185
4693.439931,2347197339,2347198521,15628,1182
4693.451963,2347206825,2347208004,15994,1179
4693.536112,2347273403,2347274614,15866,1211
4693.548144,2347282912,2347284117,15710,1205
4693.560165,2347292387,2347293571,16039,1184
4693.572186,2347301823,2347303028,16059,1205
4693.584209,2347311341,2347312544,15695,1203
4693.596234,2347320788,2347321965,16037,1177
4693.608256,2347330362,2347331563,15931,1201
4693.620273,2347339803,2347340975,15628,1172
4693.632303,2347349282,2347350462,15968,1180
4693.648335,2347363488,2347364669,15988,1181
4693.671375,2347380023,2347381253,15962,1230
4693.683397,2347389525,2347390707,15646,1182
4693.695423,2347398972,2347400156,15947,1184
4693.707445,2347408490,2347409666,15937,1176
4693.728479,2347425108,2347426287,15625,1179
4693.740509,2347434545,2347435729,15945,1184
4693.755530,2347446363,2347447569,15623,1206
4693.767560,2347455880,2347457057,15945,1177
4693.779580,2347465336,2347466516,15960,1180
4693.791599,2347474795,2347475969,15625,1174
4693.804630,2347486656,2347487866,15915,1210
4693.857731,2347526974,2347528151,15936,1177
4693.872753,2347538891,2347540117,15637,1226
4693.884781,2347548415,2347549600,15932,1185
4693.896803,2347557860,2347559040,15865,1180
4693.908822,2347567372,2347568545,15691,1173
4693.959923,2347607702,2347608887,16049,1185
4693.971942,2347617144,2347618320,15723,1176
4693.983973,2347626602,2347627778,15796,1176
4694.002008,2347640744,2347641924,15942,1180
4694.014027,2347650239,2347651424,15934,1185
4694.062114,2347688083,2347689258,15640,1175
4694.074142,2347697569,2347698749,15934,1180
4694.089166,2347709344,2347710518,15642,1174
4694.101199,2347718756,2347719933,15802,1177
4694.137265,2347747123,2347748298,15970,1175
4694.149282,2347756554,2347757763,15880,1209
4694.161303,2347766001,2347767176,15628,1175
4694.173334,2347775464,2347776641,15969,1177
4694.209402,2347803829,2347805037,15964,1208
4694.221422,2347813334,2347814511,15933,1177
4694.269508,2347851133,2347852307,15624,1174
4694.281541,2347860646,2347861823,15972,1177
4694.372708,2347933679,2347934856,15961,1177
4694.416795,2347966834,2347968043,15948,1209
4694.428816,2347976518,2347977695,16019,1177
4694.476903,2348014188,2348015364,15707,1176
4694.488935,2348023661,2348024846,15891,1185
4694.500954,2348033107,2348034283,16021,1176
4694.577101,2348094359,2348095535,16031,1176
4694.600142,2348110855,2348112031,16021,1176
4694.612160,2348121105,2348122283,15707,1178
4694.624189,2348130612,2348131797,15943,1185
4694.636211,2348140122,2348141303,16023,1181
4694.648229,2348149553,2348150728,15709,1175
4694.660258,2348158967,2348160144,16038,1177
4694.672278,2348168400,2348169575,16054,1175
4694.693317,2348184939,2348186115,15911,1176
4694.705345,2348194368,2348195552,16038,1184
4694.792505,2348262759,2348263938,15839,1179
4694.804534,2348272196,2348273374,15948,1178
4694.825570,2348288680,2348289859,15962,1179
4694.837597,2348298199,2348299375,15708,1176
4694.903721,2348350040,2348351219,15951,1179
4694.915741,2348359521,2348360697,15965,1176
4694.927759,2348369010,2348370192,15627,1182
4694.939792,2348378462,2348379644,16079,1182
4694.951810,2348387878,2348389054,16053,1176
4694.963829,2348397294,2348398469,15715,1175
4694.975858,2348406710,2348407887,16031,1177
4694.987878,2348416151,2348417326,15944,1175
4694.999897,2348425566,2348426740,15678,1174
4695.011927,2348434975,2348436152,16034,1177
4695.023947,2348444388,2348445565,16055,1177
4695.035974,2348453822,2348455003,15738,1181
4695.057014,2348470404,2348471582,15968,1178
4695.069032,2348479846,2348481021,15962,1175
4695.081052,2348489260,2348490435,15628,1175
4695.093085,2348498684,2348499860,15960,1176
4695.114118,2348515173,2348516352,15963,1179
4695.126137,2348524611,2348525794,15628,1183
4695.162206,2348552990,2348554164,15626,1174
4695.174235,2348562399,2348563577,15946,1178
4695.186256,2348571808,2348572983,15858,1175
4695.198275,2348581235,2348582410,15590,1175
4695.237359,2348611808,2348612986,15994,1178
4695.249377,2348621408,2348622588,15931,1180
4695.267410,2348635538,2348636713,15963,1175
4695.339550,2348692065,2348693241,15952,1176
4695.351566,2348701486,2348702667,15595,1181
4695.363598,2348710935,2348712112,15809,1177
4695.375616,2348720350,2348721534,15922,1184
4695.387638,2348729798,2348730975,15837,1177
4695.399666,2348739227,2348740408,15806,1181
4695.411685,2348748640,2348749816,15885,1176
4695.423703,2348758048,2348759226,15628,1178
4695.435736,2348767468,2348768642,16000,1174
4695.447753,2348776916,2348778092,16006,1176
4695.459772,2348786334,2348787507,15710,1173
4695.471801,2348795768,2348796947,16039,1179
4695.483822,2348805199,2348806377,15944,1178
4695.495840,2348814615,2348815788,15644,1173
4695.507869,2348824026,2348825212,16035,1186
4695.556967,2348864075,2348865248,15707,1173
4695.625097,2348915925,2348917102,15964,1177
4695.637116,2348925346,2348926524,15945,1178
4695.649132,2348934763,2348935937,15626,1174
4695.661161,2348944208,2348945385,15950,1177
4695.673182,2348953629,2348954805,15963,1176
4695.688216,2348965394,2348966570,15959,1176
4695.700233,2348974800,2348975976,16051,1176
4695.718267,2348988934,2348990108,16047,1174
4695.728328,2348998341,2348999518,15795,1177
4695.764362,2349026637,2349027815,15704,1178
4695.781388,2349038403,2349039580,15942,1177
4695.847509,2349090233,2349091405,15626,1172
4695.859539,2349099817,2349100993,15973,1176
4695.871559,2349109236,2349110415,15956,1179
4695.883580,2349118654,2349119836,15913,1182
4695.895607,2349128068,2349129245,16037,1177
4695.913641,2349142176,2349143351,16036,1175
4695.925661,2349151583,2349152758,16052,1175
4695.968744,2349186900,2349188076,16051,1176
4696.060919,2349257565,2349258741,16053,1176
4696.072938,2349267154,2349268326,15627,1172
4696.084972,2349276595,2349277770,15874,1175
4696.112018,2349297790,2349298967,15967,1177
4696.122536,2349306778,2349307965,15874,1187
4696.137566,2349318586,2349319761,15933,1175
4696.149584,2349327989,2349329163,15624,1174
4696.161613,2349337397,2349338574,15951,1177
4696.185653,2349356251,2349357423,15630,1172
4696.197682,2349365662,2349366839,15953,1177
4696.239756,2349398618,2349399791,15673,1173
4696.251787,2349408023,2349409195,15894,1172
4696.263805,2349417425,2349418601,16052,1176
4696.287854,2349436319,2349437495,16043,1176
4696.299870,2349445743,2349446922,15971,1179
4696.311892,2349455161,2349456333,15629,1172
4696.323924,2349464562,2349465737,15807,1175
4696.335944,2349473965,2349475141,15937,1176
4696.347961,2349483388,2349484563,15632,1175
4696.359990,2349492790,2349493966,15954,1176
4696.372007,2349502209,2349503394,15885,1185
4696.384030,2349511626,2349512799,15636,1173
4696.396059,2349521026,2349522202,15946,1176
4696.408075,2349530458,2349531641,15883,1183
4696.420099,2349539874,2349541048,15706,1174
4696.432133,2349549300,2349550477,15896,1177
4696.444148,2349558714,2349559892,16057,1178
4696.462178,2349572847,2349574032,15967,1185
4696.474209,2349582260,2349583460,15790,1200
4696.489234,2349594082,2349595257,15965,1175
4696.501253,2349603509,2349604683,15595,1174
4696.513282,2349612913,2349614088,15954,1175
4696.525302,2349622340,2349623520,15855,1180
4696.615474,2349692932,2349694112,15962,1180
4696.627496,2349702346,2349703522,15826,1176
4696.639522,2349711754,2349712930,15953,1176
4696.651543,2349721186,2349722361,15881,1175
4696.672583,2349737665,2349738845,15673,1180
4696.684609,2349747227,2349748402,15975,1175
4696.720676,2349775447,2349776622,15946,1175
4696.732698,2349784867,2349786043,15933,1176
4696.807836,2349843712,2349844886,15625,1174
4696.819865,2349853114,2349854289,15951,1175
4696.831887,2349862523,2349863699,15936,1176
4696.855937,2349875673,2349876315,12027,642
4696.869464,2349881271,2349882148,13443,877
4696.881486,2349890245,2349891420,16081,1175
4696.893503,2349899709,2349900884,15825,1175
4696.905530,2349909113,2349910288,15907,1175
4696.917554,2349918523,2349919697,15988,1174
4696.929570,2349927940,2349929116,15843,1176
4696.941601,2349937352,2349938531,15909,1179
4696.953622,2349946767,2349947943,15976,1176
4696.968652,2349958535,2349959710,15903,1175
4696.983673,2349970323,2349971499,15829,1176
4696.995702,2349979734,2349980909,15909,1175
4697.007726,2349989142,2349990320,15989,1178
4697.028759,2350005662,2350006837,15844,1175
4697.040789,2350015072,2350016251,15912,1179
4697.055810,2350026841,2350028017,15842,1176
4697.088880,2350052742,2350053919,15984,1177
4697.100896,2350062337,2350063509,15830,1172
4697.112925,2350071742,2350072918,15905,1176
4697.158012,2350107070,2350108246,15903,1176
4697.224136,2350158868,2350160043,15973,1175
4697.236153,2350168300,2350169477,15846,1177
4697.248183,2350177711,2350178889,15902,1178
4697.269224,2350194187,2350195366,15912,1179
4697.281239,2350203602,2350204777,15828,1175
4697.296275,2350215394,2350216573,15992,1179
4697.308293,2350224876,2350226061,15860,1185
4697.320321,2350234321,2350235500,15912,1179
4697.344359,2350253184,2350254360,15846,1176
4697.357887,2350262802,2350263976,15919,1174
4697.369915,2350272212,2350273393,15908,1181
4697.381937,2350281629,2350282803,15976,1174
4697.393953,2350291041,2350292221,15846,1180
4697.405983,2350300459,2350301658,15903,1199
4697.418006,2350309914,2350311089,15912,1175
4697.449070,2350335815,2350336991,15908,1176
4697.466098,2350347592,2350348768,15907,1176
4697.478120,2350357004,2350358179,15910,1175
4697.502159,2350375829,2350377005,15845,1176
4697.514190,2350385436,2350386612,15905,1176
4697.526211,2350394849,2350396025,15977,1176
4697.538227,2350404262,2350405438,15844,1176
4697.550255,2350413672,2350414845,15907,1173
4697.583313,2350439561,2350440736,15858,1175
4697.595343,2350448981,2350450158,15911,1177
4697.613376,2350463097,2350464271,15903,1174
4697.625400,2350472507,2350473684,15978,1177
4697.637417,2350482693,2350483878,15848,1185
4697.649444,2350492127,2350493303,15906,1176
4697.673485,2350510969,2350512144,15860,1175
4697.685516,2350520378,2350521553,15905,1175
4697.697535,2350529797,2350530972,15961,1175
4697.709555,2350539225,2350540401,15857,1176
4697.721584,2350548685,2350549859,15905,1174
4697.733607,2350558097,2350559270,15990,1173
4697.757651,2350576917,2350578095,15905,1178
4697.769674,2350586331,2350587507,15976,1176
4697.781690,2350595739,2350596915,15847,1176
4697.793721,2350605144,2350606320,15906,1176
4697.829788,2350633397,2350634572,15905,1175
4697.841812,2350642809,2350643984,15900,1175
4697.853828,2350652218,2350653393,15824,1175
4697.865858,2350661630,2350662806,15910,1176
4697.895914,2350685176,2350686352,15974,1176
4697.907931,2350694593,2350695768,15846,1175
4697.919960,2350704038,2350705213,15909,1175
4697.931984,2350713450,2350714625,15985,1175
4697.943999,2350722862,2350724038,15834,1176
4697.956028,2350732280,2350733456,15911,1176
4697.968051,2350741693,2350742868,15980,1175
4697.980068,2350751114,2350752294,15851,1180
4697.992098,2350760546,2350761721,15914,1175
4698.004119,2350769957,2350771132,15975,1175
4698.016136,2350779369,2350780544,15911,1175
4698.028165,2350788788,2350789964,15995,1176
4698.049208,2350805273,2350806448,16010,1175
4698.061229,2350814684,2350815859,15908,1175
4698.073252,2350824099,2350825277,15913,1178
4698.085274,2350833515,2350834693,16061,1178
4698.097290,2350842922,2350844098,15932,1176
4698.109321,2350852328,2350853503,15914,1175
4698.121344,2350861734,2350862911,15989,1177
4698.133360,2350871193,2350872368,15843,1175
4698.151393,2350885311,2350886487,15845,1176
4698.172439,2350901782,2350902958,15912,1176
4698.184462,2350911186,2350912360,16098,1174
4698.199489,2350922947,2350924120,15906,1173
4698.211513,2350932353,2350933528,15909,1175
4698.223531,2350941760,2350942936,15865,1176
4698.235560,2350951187,2350952363,15978,1176
4698.247582,2350960603,2350961786,15957,1183
4698.259604,2350970032,2350971207,15996,1175
4698.271629,2350979446,2350980624,15926,1178
4698.283651,2350988868,2350990042,15973,1174
4698.304685,2351005331,2351006507,15853,1176
4698.316712,2351014744,2351015914,15904,1170
4698.328737,2351024158,2351025334,15957,1176
4698.340756,2351033620,2351034803,15934,1183
4698.355791,2351045435,2351046610,16000,1175
4698.367805,2351054855,2351056032,15783,1177
4698.379836,2351064277,2351065452,15894,1175
4698.397870,2351078398,2351079574,15904,1176
4698.412891,2351090156,2351091330,15827,1174
4698.424921,2351099572,2351100751,15900,1179
4698.436331,2351109725,2351110899,16065,1174
4698.448960,2351119143,2351120318,15825,1175
4698.460988,2351128556,2351129733,15799,1177
4698.494045,2351154795,2351155971,15846,1176
4698.506075,2351164214,2351165394,15906,1180
4698.518099,2351173628,2351174802,15994,1174
4698.530113,2351183037,2351184213,15828,1176
4698.542144,2351192464,2351193639,15902,1175
4698.554169,2351201902,2351203078,16076,1176
4698.566183,2351211315,2351212488,15847,1173
4698.578213,2351220720,2351221899,15911,1179
4698.602251,2351239536,2351240712,15846,1176
4698.614279,2351248952,2351250127,15905,1175
4698.629302,2351260712,2351261886,15832,1174
4698.647337,2351274819,2351275994,15828,1175
4698.659367,2351284225,2351285403,15916,1178
4698.671389,2351293637,2351294814,15976,1177
4698.689422,2351307752,2351308927,16060,1175
4698.701439,2351317157,2351318333,15929,1176
4698.740520,2351347721,2351348895,15996,1174
4698.752546,2351357150,2351358324,15988,1174
4698.785609,2351383041,2351384215,15921,1174
4698.797629,2351392452,2351393630,15976,1178
4698.809645,2351401858,2351403033,15825,1175
4698.821674,2351411266,2351412442,15906,1176
4698.857746,2351439491,2351440666,15999,1175
4698.869766,2351448901,2351450077,16063,1176
4698.887800,2351463009,2351464186,15976,1177
4698.899817,2351472417,2351473591,15846,1174
4698.911846,2351481821,2351482996,15911,1175
4698.929880,2351495930,2351497104,15905,1174
4698.941904,2351505331,2351506508,15987,1177
4698.953927,2351514753,2351515929,15906,1176
4698.965951,2351524175,2351525349,15909,1174
4698.983983,2351538283,2351539458,15908,1175
4698.996004,2351547696,2351548871,15961,1175
4699.008022,2351557100,2351558275,15833,1175
4699.050109,2351590024,2351591197,15978,1173
4699.062125,2351599428,2351600604,15861,1176
4699.141285,2351662922,2351664126,15929,1204
4699.152331,2351671569,2351672745,15922,1176
4699.167332,2351682568,2351683744,15974,1176
4699.179348,2351691987,2351693165,15844,1178
4699.191379,2351701399,2351702576,15910,1177
4699.203401,2351710804,2351711980,15912,1176
4699.215417,2351720209,2351721383,15835,1174
4699.227446,2351729587,2351730762,15909,1175
4699.239470,2351738997,2351740172,15987,1175
4699.251493,2351748399,2351749573,15909,1174
4699.263516,2351757799,2351758974,15828,1175
4699.276545,2351769562,2351770740,15842,1178
4699.335652,2351814277,2351815452,15906,1175
4699.347676,2351823682,2351824858,15989,1176
4699.359692,2351833101,2351834275,15844,1174
4699.371722,2351842507,2351843682,15822,1175
4699.383743,2351851920,2351853095,15974,1175
4699.395760,2351861329,2351862505,15844,1176
4699.407789,2351870741,2351871919,15908,1178
4699.419813,2351880153,2351881329,15897,1176
4699.431829,2351889564,2351890738,15831,1174
4699.443857,2351898975,2351900150,15824,1175
4699.455881,2351908385,2351909560,15977,1175
4699.467897,2351917786,2351918961,15760,1175
4699.479928,2351927197,2351928372,15908,1175
4699.491949,2351936605,2351937779,15977,1174
4699.503966,2351946017,2351947193,15829,1176
4699.515994,2351955428,2351956601,15911,1173
4699.528019,2351964829,2351966003,15988,1174
4699.561082,2351990686,2351991863,15914,1177
4699.573103,2352000098,2352001273,15973,1175
4699.585120,2352009507,2352010682,15846,1175
4699.597150,2352018914,2352020091,15907,1177
4699.609173,2352028327,2352029501,15987,1174
4699.693326,2352094166,2352095341,15840,1175
4699.705355,2352103575,2352104753,15905,1178
4699.717379,2352112983,2352114158,15990,1175
4699.729394,2352122389,2352123564,15824,1175
4699.753446,2352141190,2352142365,15977,1175
4699.765463,2352150597,2352151772,15847,1175
4699.784508,2352167067,2352168242,15903,1175
4699.801532,2352178825,2352180000,15841,1175
4699.813559,2352188241,2352189416,15903,1175
4699.825584,2352197649,2352198824,15982,1175
4699.843618,2352211753,2352212928,15976,1175
4699.855635,2352221157,2352222331,15945,1174
4699.867663,2352230560,2352231736,15995,1176
4699.879685,2352239967,2352241142,16054,1175
4699.897721,2352254072,2352255247,16001,1175
4699.909737,2352263476,2352264650,15931,1174
4699.945812,2352291686,2352292863,15905,1177
4699.957834,2352301095,2352302272,15911,1177
4699.972857,2352312873,2352314051,15826,1178
4699.984886,2352322287,2352323461,15994,1174
4700.012938,2352345808,2352346980,16058,1172
4700.072046,2352390472,2352391647,15831,1175
4700.084075,2352399876,2352401050,15999,1174
4700.096098,2352409279,2352410454,16004,1175
4700.108114,2352418682,2352419861,15933,1179
4700.120145,2352428094,2352429270,15993,1176
4700.156212,2352456315,2352457492,15907,1177
4700.168236,2352465720,2352466898,15905,1178
4700.180252,2352475126,2352476303,15828,1177
4700.192280,2352484721,2352485900,15909,1179
4700.204302,2352494131,2352495307,15958,1176
4700.216320,2352503542,2352504718,15856,1176
4700.231354,2352515314,2352516492,15961,1178
4700.243376,2352524722,2352525896,15819,1174
4700.255400,2352534123,2352535296,15912,1173
4700.267424,2352543524,2352544697,15978,1173
4700.297475,2352567022,2352568195,15857,1173
4700.309503,2352576421,2352577596,15905,1175
4700.324526,2352588172,2352589347,15857,1175
4700.336555,2352597582,2352598758,15906,1176
4700.360595,2352616389,2352617563,15846,1174
4700.372622,2352625796,2352626972,15915,1176
4700.384647,2352635200,2352636376,15977,1176
4700.396663,2352644614,2352645789,15929,1175
4700.411698,2352656367,2352657547,16059,1180
4700.423715,2352665780,2352666957,15846,1177
4700.435745,2352675174,2352676351,15912,1177
4700.447768,2352684579,2352685755,16081,1176
4700.459784,2352693984,2352695159,15923,1175
4700.525917,2352745677,2352746852,15998,1175
4700.537940,2352755079,2352756253,15972,1174
4700.561984,2352773885,2352775059,15911,1174
4700.574008,2352783281,2352784455,15991,1174
4700.592041,2352797379,2352798554,15915,1175
4700.604058,2352806772,2352807946,15799,1174
4700.616088,2352816175,2352817350,15909,1175
4700.628110,2352825588,2352826763,15977,1175
4700.640132,2352834993,2352836169,15906,1176
4700.652155,2352844401,2352845576,15909,1175
4700.664180,2352853805,2352854981,15989,1176
4700.676195,2352863955,2352865130,15831,1175
4700.688224,2352873358,2352874533,15908,1175
4700.700247,2352882765,2352883940,15981,1175
4700.712263,2352892161,2352893336,15840,1175
4700.724294,2352901558,2352902736,15908,1178
4700.745334,2352918017,2352919192,15992,1175
4700.757352,2352927427,2352928606,15832,1179
4700.772385,2352939186,2352940363,15990,1177
4700.784401,2352948587,2352949766,15831,1179
4700.796431,2352957992,2352959166,15906,1174
4700.829487,2352984030,2352985203,15841,1173
4700.841515,2352993422,2352994596,15910,1174
4700.856538,2353005150,2353006325,15830,1175
4700.868569,2353014555,2353015728,15930,1173
4700.892606,2353033306,2353034481,15839,1175
4700.904637,2353042704,2353043879,15905,1175
4700.956740,2353085004,2353086179,15907,1175
4701.000812,2353117905,2353119078,15926,1173
4701.012843,2353127297,2353128475,15994,1178
4701.024865,2353136705,2353137880,15936,1175
4701.036886,2353146481,2353147652,15678,1171
4701.060928,2353165268,2353166442,16054,1174
4701.075961,2353177012,2353178186,15889,1174
4701.096998,2353193435,2353194608,15936,1173
4701.109015,2353202832,2353204002,15634,1170
4701.121045,2353212227,2353213402,15953,1175
4701.136075,2353223968,2353225141,15707,1173
4701.148098,2353233358,2353234532,15806,1174
4701.160117,2353242756,2353243934,15969,1178
4701.172135,2353252162,2353253333,15593,1171
4701.184164,2353261501,2353262676,16038,1175
4701.196186,2353270904,2353272078,15977,1174
4701.208204,2353280300,2353281472,15711,1172
4701.220233,2353289708,2353290859,15952,1151
4701.232254,2353299056,2353300233,15967,1177
4701.244272,2353308430,2353309601,15628,1171
4701.265319,2353324855,2353326030,15944,1175
4701.277339,2353334250,2353335426,15967,1176
4701.380540,2353416403,2353417581,15946,1178
4701.412596,2353439860,2353441034,15917,1174
4701.424615,2353449380,2353450552,15705,1172
4701.481730,2353493963,2353495137,16035,1174
4701.493754,2353503374,2353504549,16022,1175
4701.505770,2353512696,2353513868,15711,1172
4701.584931,2353575996,2353577172,15908,1176
4701.619991,2353601682,2353602856,16011,1174
4701.632018,2353611258,2353612431,15712,1173
4701.689131,2353655880,2353657053,15981,1173
4701.701145,2353665218,2353666394,15957,1176
4701.713164,2353674627,2353675801,15632,1174
4701.737216,2353693359,2353694533,15948,1174
4701.749233,2353702750,2353703921,15634,1171
4701.767270,2353716813,2353717987,15802,1174
4701.779299,2353726155,2353727329,16001,1174
4701.791318,2353735527,2353736705,15930,1178
4701.803339,2353744856,2353746027,15642,1171
4701.815365,2353754223,2353755397,15951,1174
4701.827387,2353763522,2353764672,16051,1150
4701.839401,2353772792,2353773938,15670,1146
4701.851434,2353782107,2353783282,16039,1175
4701.863454,2353791481,2353792653,16054,1172
4701.875473,2353800875,2353802046,15710,1171
4701.887508,2353810240,2353811415,15899,1175
4701.899522,2353819555,2353820729,16050,1174
4701.911541,2353828949,2353830097,15710,1148
4701.923571,2353838297,2353839472,16006,1175
4701.935594,2353847686,2353848836,16038,1150
4701.947610,2353857053,2353858224,15711,1171
4701.959639,2353866418,2353867593,16042,1175
4701.977674,2353880490,2353881641,16028,1151
4701.989695,2353889789,2353890963,16024,1174
4702.020758,2353915494,2353916669,16034,1175
4702.123445,2353994006,2353995178,15630,1172
4702.135478,2354003361,2354004536,15918,1175
4702.147494,2354012636,2354013810,15963,1174
4702.159513,2354022007,2354023179,15630,1172
4702.177555,2354036021,2354037193,15711,1172
4702.189581,2354046135,2354047309,15961,1174
4702.201599,2354055531,2354056705,15963,1174
4702.231652,2354078905,2354080081,15822,1176
4702.243679,2354088308,2354089483,15951,1175
4702.261714,2354102366,2354103541,16036,1175
4702.273736,2354111723,2354112897,16025,1174
4702.312805,2354142223,2354143393,15710,1170
4702.324834,2354151564,2354152738,16038,1174
4702.339856,2354163264,2354164436,15673,1172
4702.351885,2354172658,2354173831,16038,1173
4702.363906,2354182052,2354183227,16049,1175
4702.408991,2354216989,2354218163,16048,1174
4702.421011,2354226351,2354227498,15717,1147
4702.436044,2354237947,2354239123,16020,1176
4702.448062,2354247478,2354248650,15600,1172
4702.460090,2354256797,2354257946,15941,1149
4702.472111,2354266115,2354267288,15917,1173
4702.484130,2354275478,2354276648,15640,1170
4702.496158,2354284816,2354285989,15935,1173
4702.544249,2354322012,2354323188,15962,1176
4702.556267,2354331410,2354332582,15608,1172
4702.568295,2354340782,2354341955,15931,1173
4702.580320,2354350099,2354351271,15948,1172
4702.640433,2354396913,2354398087,15937,1174
4702.652455,2354406632,2354407782,15934,1150
4702.745628,2354479051,2354480223,15641,1172
4702.757656,2354488385,2354489558,15964,1173
4702.823780,2354539288,2354540437,15852,1149
4702.835796,2354548562,2354549708,15565,1146
4702.847828,2354557850,2354559024,15948,1174
4702.865863,2354572159,2354573333,15946,1174
4702.877886,2354581403,2354582553,15949,1150
4702.892916,2354593024,2354594198,15970,1174
4702.904934,2354602337,2354603486,15964,1149
4702.916957,2354611677,2354612848,15664,1171
4702.928987,2354620947,2354622123,15963,1176
4702.957034,2354644270,2354645444,15960,1174
4703.016142,2354688681,2354689828,15623,1147
4703.028175,2354697969,2354699142,15963,1173
4703.040192,2354707264,2354708438,15962,1174
4703.052211,2354716626,2354717796,15631,1170
4703.064240,2354725926,2354727077,16031,1151
4703.145394,2354788669,2354789841,15947,1172
4703.157415,2354797957,2354799131,15963,1174
4703.256603,2354874662,2354875836,15915,1174
4703.268633,2354884318,2354885491,15898,1173
4703.283654,2354895903,2354897051,15958,1148
4703.295674,2354905166,2354906335,15707,1169
4703.307703,2354914472,2354915622,16039,1150
4703.319723,2354923738,2354924888,15942,1150
4703.331742,2354933007,2354934154,15673,1147
4703.349777,2354946898,2354948045,15706,1147
4703.361806,2354956152,2354957325,16040,1173
4703.379840,2354970025,2354971199,16033,1174
4703.391860,2354979291,2354980441,16009,1150
4703.403879,2354988577,2354989724,15629,1147
4703.421916,2355002532,2355003681,15824,1149
4703.433943,2355011751,2355012923,15943,1172
4703.470014,2355039681,2355040854,15997,1173
4703.488049,2355053605,2355054755,15807,1150
4703.500065,2355063052,2355064201,15876,1149
4703.512085,2355072324,2355073471,15630,1147
4703.524118,2355081538,2355082688,15964,1150
4703.536135,2355090830,2355091980,15968,1150
4703.548153,2355100170,2355101340,15619,1170
4703.590238,2355132764,2355133938,15967,1174
4703.600328,2355142057,2355143227,15609,1170
4703.692432,2355211483,2355212654,15666,1171
4703.704466,2355221415,2355222564,15978,1149
4703.716478,2355230888,2355232038,15843,1150
4703.752547,2355258867,2355260041,15963,1174
4703.764573,2355268202,2355269377,15707,1175
4703.776594,2355277545,2355278718,15947,1173
4703.800637,2355296188,2355297360,15643,1172
4703.812663,2355305454,2355306604,15966,1150
4703.839716,2355326289,2355327464,15966,1175
4703.851735,2355335597,2355336745,15961,1148
4703.863762,2355344862,2355346008,15713,1146
4703.875783,2355354097,2355355246,15953,1149
4703.887803,2355363351,2355364526,15968,1175
4703.899823,2355372612,2355373759,15627,1147
4703.911852,2355381932,2355383079,15946,1147
4703.948921,2355412148,2355413296,15956,1148
4704.017048,2355462949,2355464098,15824,1149
4704.029075,2355472209,2355473382,15952,1173
4704.041095,2355481468,2355482641,15960,1173
4704.104215,2355530324,2355531472,15965,1148
4704.116237,2355539721,2355540870,15911,1149
4704.128264,2355548941,2355550112,16033,1171
4704.140284,2355558181,2355559355,15962,1174
4704.152303,2355567518,2355568689,15632,1171
4704.200400,2355604546,2355605696,15944,1150
4704.212421,2355613734,2355614882,15858,1148
4704.224440,2355622973,2355624116,15590,1143
4704.239473,2355634551,2355635727,15965,1176
4704.269526,2355657775,2355658922,15623,1147
4704.281555,2355667004,2355668153,15948,1149
4704.308606,2355687845,2355689019,15944,1174
4704.324640,2355701818,2355702992,15948,1174
4704.359701,2355727217,2355728363,15671,1146
4704.371726,2355736476,2355737629,15952,1153
4704.383747,2355745739,2355746889,15963,1150
4704.395766,2355754996,2355756143,15627,1147
4704.407795,2355764174,2355765324,15949,1150
4704.428833,2355780400,2355781572,15961,1172
4704.440852,2355789656,2355790826,15626,1170
4704.455884,2355801308,2355802457,15958,1149
4704.467903,2355810517,2355811663,15629,1146
4704.479932,2355819707,2355820856,15949,1149
4704.491953,2355829009,2355830186,15877,1177
4704.503972,2355838312,2355839459,15631,1147
4704.516005,2355847557,2355848707,15963,1150
4704.528023,2355856835,2355858006,15908,1171
4704.540040,2355866056,2355867202,15632,1146
4704.552070,2355875295,2355876444,15956,1149
4704.564093,2355884533,2355885682,15947,1149
4704.576109,2355893722,2355894893,15593,1171
4704.588140,2355902981,2355904155,15806,1174
4704.600158,2355912266,2355913416,15926,1150
4704.612180,2355921453,2355922626,15738,1173
4704.624206,2355930740,2355931888,15951,1148
4704.642241,2355944610,2355945784,15949,1174
4704.654262,2355953890,2355955039,15964,1149
4704.675297,2355970092,2355971239,15706,1147
4704.687327,2355979323,2355980474,16040,1151
4704.699347,2355988547,2355989697,16049,1150
4704.711369,2355997760,2355998933,15915,1173
4704.723397,2356007135,2356008287,16059,1152
4704.735416,2356016376,2356017525,16053,1149
4704.747431,2356025608,2356026755,15666,1147
4704.759469,2356034814,2356035963,16107,1149
4704.771484,2356044031,2356045179,16047,1148
4704.783507,2356053263,2356054409,15726,1146
4704.795538,2356062518,2356063691,15917,1173
4704.867670,2356118121,2356119269,16036,1148
4704.879690,2356127333,2356128506,16055,1173
4704.891713,2356136576,2356137724,15700,1148
4704.903740,2356145784,2356146933,16052,1149
4704.915757,2356155024,2356156172,15966,1148
4704.927780,2356164247,2356165418,15822,1171
4704.939807,2356173472,2356174649,16041,1177
4704.951827,2356182695,2356183844,16052,1149
4704.963850,2356191909,2356193081,15727,1172
4704.975879,2356201126,2356202275,16080,1149
4704.987895,2356210380,2356211530,15928,1150
4704.999924,2356219600,2356220748,15907,1148
4705.011948,2356228820,2356229994,15989,1174
4705.023963,2356238092,2356239240,15827,1148
4705.035992,2356247312,2356248460,15909,1148
4705.048017,2356256529,2356257678,15992,1149
4705.060036,2356265713,2356266887,15956,1174
4705.072061,2356274981,2356276133,15887,1152
4705.084085,2356284227,2356285375,15987,1148
4705.096101,2356293472,2356294646,15825,1174
4705.108130,2356302728,2356303877,15910,1149
4705.126163,2356316541,2356317691,15904,1150
4705.138188,2356325773,2356326924,15969,1151
4705.162224,2356344196,2356345343,15625,1147
4705.174252,2356353452,2356354624,15948,1172
4705.192287,2356367378,2356368527,15943,1149
4705.204308,2356376576,2356377726,15843,1150
4705.216328,2356386570,2356387715,15595,1145
4705.267427,2356426003,2356427151,16052,1148
4705.297481,2356449163,2356450333,15710,1170
4705.309514,2356458466,2356459617,16048,1151
4705.321530,2356467682,2356468831,15964,1149
4705.333549,2356476958,2356478105,15626,1147
4705.348582,2356488505,2356489653,16049,1148
4705.360601,2356497716,2356498859,15712,1143
4705.384652,2356516234,2356517409,16023,1175
4705.396669,2356525438,2356526581,15678,1143
4705.444767,2356562530,2356563679,15946,1149
4705.456790,2356571769,2356572917,15923,1148
4705.471819,2356583322,2356584471,15947,1149
4705.507891,2356610949,2356612099,15963,1150
4705.519907,2356620140,2356621289,15961,1149
4705.531926,2356629341,2356630486,15545,1145
4705.543955,2356638607,2356639754,16053,1147
4705.555979,2356647790,2356648940,16039,1150
4705.567995,2356656982,2356658128,15714,1146
4705.580024,2356666163,2356667312,16031,1149
4705.592045,2356675359,2356676508,16050,1149
4705.604066,2356684541,2356685689,15916,1148
4705.616093,2356693747,2356694895,16035,1148
4705.634127,2356707599,2356708748,16033,1149
4705.646148,2356716861,2356718012,16053,1151
4705.724298,2356776734,2356777882,16032,1148
4705.736319,2356785922,2356787071,16055,1149
4705.748346,2356795208,2356796351,15708,1143
4705.760367,2356804463,2356805609,16034,1146
4705.824488,2356855337,2356856483,16054,1146
4705.895624,2356908236,2356909410,15946,1174
4705.907646,2356917503,2356918652,15934,1149
4705.928681,2356933668,2356934814,15631,1146
4705.940710,2356942870,2356944043,15952,1173
4705.964750,2356961399,2356962546,15627,1147
4705.976778,2356970606,2356971752,15861,1146
4705.988799,2356979809,2356980957,15962,1148
4706.033885,2357014474,2357015648,15918,1174
4706.047411,2357022112,2357022935,13614,823
4706.060332,2357028706,2357029344,12068,638
4706.089493,2357047018,2357048167,15945,1149
4706.101517,2357056198,2357057345,15953,1147
4706.113533,2357065367,2357066514,15630,1147
4706.125561,2357074574,2357075719,15947,1145
4706.152617,2357095267,2357096412,15961,1145
4706.164634,2357104461,2357105610,15965,1149
4706.176653,2357113860,2357115004,15601,1144
4706.239773,2357162230,2357163374,15712,1144
4706.251805,2357171410,2357172559,16050,1149
4706.263823,2357180596,2357181745,16047,1149
4706.293883,2357203611,2357204755,15712,1144
4706.305904,2357212787,2357213934,15944,1147
4706.317925,2357221962,2357223111,15966,1149
4706.329944,2357231190,2357232335,15630,1145
4706.341973,2357240367,2357241515,15943,1148
4706.353995,2357249583,2357250735,15933,1152
4706.372028,2357263352,2357264501,15964,1149
4706.385555,2357273925,2357275070,16024,1145
4706.409602,2357292416,2357293586,15947,1170
4706.421622,2357301619,2357302767,15959,1148
4706.476734,2357345423,2357346568,15631,1145
4706.505779,2357366094,2357367242,15677,1148
4706.517808,2357375272,2357376421,16033,1149
4706.529828,2357384485,2357385634,16048,1149
4706.544862,2357395999,2357397147,16073,1148
4706.561390,2357407399,2357408544,16022,1145
4706.573407,2357416598,2357417745,15631,1147
4706.585437,2357425786,2357426930,15952,1144
4706.597462,2357434964,2357436112,15952,1148
4706.621505,2357453331,2357454481,15949,1150
4706.633526,2357462512,2357463661,15963,1149
4706.648562,2357473996,2357475144,15809,1148
4706.660577,2357483191,2357484339,15963,1148
4706.672599,2357492365,2357493512,15669,1147
4706.684625,2357501542,2357502690,15946,1148
4706.699647,2357513101,2357514247,15634,1146
4706.711676,2357522274,2357523423,15950,1149
4706.722191,2357530706,2357531857,15830,1151
4706.735716,2357541434,2357542578,15598,1144
4706.747749,2357550619,2357551769,15956,1150
4706.759762,2357559834,2357560981,15971,1147
4706.772794,2357571331,2357572480,16049,1149
4706.795837,2357587506,2357588654,16043,1148
4706.807853,2357596719,2357597865,15684,1146
4706.819882,2357605909,2357607057,15949,1148
4706.831903,2357615091,2357616265,15967,1174
4706.843928,2357624318,2357625467,15867,1149
4706.855951,2357633513,2357634660,15948,1147
4706.867971,2357642691,2357643839,15965,1148
4706.879993,2357651880,2357653031,15805,1151
4706.910054,2357674905,2357676049,15948,1144
4706.922076,2357684085,2357685232,15962,1147
4706.934093,2357693299,2357694444,15629,1145
4706.946126,2357702487,2357703636,15869,1149
4706.958143,2357711671,2357712820,15960,1149
4706.982195,2357730059,2357731205,15963,1146
4706.994216,2357739275,2357740423,16039,1148
4707.006230,2357748483,2357749626,15714,1143
4707.021263,2357759983,2357761133,16052,1150
4707.048316,2357780723,2357781873,15932,1150
4707.060333,2357789903,2357791074,15634,1171
4707.075366,2357801428,2357802577,16054,1149
4707.117448,2357833636,2357834781,15946,1145
4707.129469,2357842819,2357843967,15962,1148
4707.141490,2357852053,2357853225,15831,1172
4707.153516,2357861256,2357862406,15950,1150
4707.165537,2357870459,2357871608,15964,1149
4707.189588,2357888840,2357889988,15986,1148
4707.201609,2357898045,2357899194,15889,1149
4707.213625,2357907248,2357908394,15631,1146
4707.225655,2357916426,2357917572,15943,1146
4707.237674,2357925611,2357926758,15857,1147
4707.252705,2357937090,2357938238,15942,1148
4707.264725,2357946307,2357947458,15958,1151
4707.276745,2357955534,2357956679,15625,1145
4707.288777,2357964717,2357965864,15990,1147
4707.324842,2357992298,2357993446,15943,1148
4707.336863,2358001482,2358002629,15858,1147
4707.352894,2358015246,2358016392,16050,1146
4707.396980,2358047389,2358048537,16036,1148
4707.409002,2358056619,2358057766,15937,1147
4707.425032,2358070376,2358071521,15966,1145
4707.437064,2358079563,2358080711,15830,1148
4707.517206,2358139338,2358140487,16056,1149
4707.529225,2358148525,2358149671,15596,1146
4707.541258,2358157715,2358158864,15955,1149
4707.553275,2358166943,2358168091,15968,1148
4707.604374,2358205969,2358207116,15946,1147
4707.616394,2358215148,2358216296,15958,1148
4707.628414,2358224527,2358225672,15635,1145
4707.664482,2358252092,2358253238,15632,1146
4707.676511,2358261289,2358262437,15947,1148
4707.700551,2358279683,2358280827,15633,1144
4707.712580,2358288861,2358290009,15898,1148
4707.733617,2358304920,2358306067,15857,1147
4707.745639,2358314112,2358315254,15609,1142
4707.757666,2358323271,2358324419,15945,1148
4707.769686,2358332447,2358333595,15966,1148
4707.781713,2358341609,2358342753,15795,1144
4707.793736,2358350784,2358351926,15884,1142
4707.805755,2358359976,2358361125,16054,1149
4707.823789,2358373731,2358374878,15962,1147
4707.835811,2358382917,2358384065,15829,1148
4707.847837,2358392118,2358393266,15943,1148
4707.859858,2358401302,2358402451,15969,1149
4707.871877,2358410502,2358411648,15714,1146
4707.883908,2358419667,2358420815,16077,1148
4707.895926,2358428841,2358429989,15967,1148
4707.907945,2358438052,2358439197,15596,1145
4707.944014,2358465585,2358466730,15599,1145
4707.956043,2358474759,2358475908,15945,1149
4707.968064,2358483941,2358485088,15962,1147
4707.980090,2358493118,2358494265,15715,1147
4707.992111,2358502297,2358503443,15951,1146
4708.004132,2358511479,2358512626,15965,1147
4708.028180,2358529860,2358531009,15941,1149
4708.040202,2358539089,2358540236,15935,1147
4708.052219,2358548273,2358549419,15601,1146
4708.064248,2358557455,2358558603,15947,1148
4708.076269,2358566632,2358567781,15964,1149
4708.088288,2358575807,2358576952,15594,1145
4708.100317,2358585000,2358586149,15948,1149
4708.145403,2358619447,2358620594,15938,1147
4708.157423,2358628635,2358629783,15969,1148
4708.169442,2358637802,2358638947,15634,1145
4708.184478,2358649277,2358650424,15952,1147
4708.196494,2358658498,2358659644,15552,1146
4708.211527,2358669957,2358671104,15962,1147
4708.232565,2358686034,2358687181,15830,1147
4708.244598,2358696159,2358697308,15957,1149
4708.256614,2358705360,2358706507,15938,1147
4708.268631,2358714562,2358715708,15713,1146
4708.289677,2358730613,2358731760,15948,1147
4708.301700,2358739798,2358740946,15931,1148
4708.313717,2358748967,2358750113,15634,1146
4708.373836,2358794825,2358795972,15967,1147
4708.385856,2358804005,2358805150,15599,1145
4708.439957,2358845319,2358846464,15603,1145
4708.451990,2358854512,2358855661,15961,1149
4708.464007,2358863691,2358864839,15963,1148
4708.476033,2358872864,2358874009,15718,1145
4708.488055,2358882044,2358883191,15948,1147
4708.554178,2358932527,2358933675,15968,1148
4708.566200,2358941701,2358942842,15864,1141
4708.581232,2358953183,2358954330,15948,1147
4708.593249,2358962353,2358963498,15636,1145
4708.644350,2359001354,2359002501,16054,1147
4708.656368,2359010649,2359011794,15633,1145
4708.683420,2359031315,2359032461,15638,1146
4708.695449,2359040500,2359041648,15948,1148
4708.713483,2359054257,2359055404,15943,1147
4708.725504,2359063433,2359064582,15858,1149
4708.737529,2359072608,2359073767,15859,1159
4708.749552,2359081818,2359082963,15943,1145
4708.788624,2359111621,2359112770,15957,1149
4708.800647,2359120780,2359121925,15654,1145
4708.827697,2359141436,2359142584,15832,1148
4708.839723,2359150616,2359151764,16038,1148
4708.851744,2359159785,2359160933,16053,1148
4708.872788,2359176043,2359177188,15708,1145
4708.884809,2359185210,2359186357,15942,1147
4708.896830,2359194406,2359195554,15968,1148
4708.908849,2359203638,2359204784,15599,1146
4708.941916,2359228870,2359230017,15964,1147
4708.953934,2359238050,2359239195,15683,1145
4708.968967,2359249520,2359250667,16054,1147
4708.980986,2359258675,2359259820,15717,1145
4708.996018,2359270135,2359271283,16047,1148
4709.056135,2359316022,2359317171,16033,1149
4709.068156,2359325405,2359326553,15965,1148
4709.080175,2359334576,2359335718,15638,1142
4709.092205,2359343728,2359344877,15801,1149
4709.104224,2359352898,2359354046,15965,1148
4709.155323,2359391881,2359393030,16038,1149
4709.167344,2359401055,2359402203,16011,1148
4709.179363,2359410227,2359411371,15635,1144
4709.191394,2359419417,2359420582,15809,1165
4709.203413,2359428604,2359429751,15964,1147
4709.215432,2359437768,2359438913,15638,1145
4709.227465,2359446948,2359448096,16050,1148
4709.239481,2359456112,2359457260,16053,1148
4709.251503,2359465278,2359466417,15946,1139
4709.263531,2359474571,2359475716,16049,1145
4709.276561,2359486052,2359487197,15708,1145
4709.311618,2359511296,2359512445,15961,1149
4709.323640,2359520472,2359521618,15747,1146
4709.335667,2359529669,2359530816,15945,1147
4709.347687,2359538839,2359539983,15881,1144
4709.359706,2359547999,2359549144,15634,1145
4709.371738,2359557174,2359558321,15993,1147
4709.383756,2359566346,2359567493,15968,1147
4709.395775,2359575521,2359576666,15629,1145
4709.407803,2359584682,2359585828,16025,1146
4709.419825,2359593855,2359595003,15948,1148
4709.431843,2359603041,2359604186,15684,1145
4709.443872,2359612232,2359613379,15949,1147
4709.461906,2359625990,2359627138,15938,1148
4709.473932,2359635184,2359636330,15952,1146
4709.509996,2359662704,2359663851,15966,1147
4709.522018,2359671885,2359673032,15917,1147
4709.576117,2359713184,2359714330,15714,1146
4709.588146,2359722354,2359723502,16031,1148
4709.600167,2359731522,2359732669,16055,1147
4709.612189,2359740681,2359741816,15948,1135
4709.624219,2359749842,2359750989,16044,1147
4709.636236,2359759007,2359760155,16054,1148
4709.654270,2359772765,2359773913,15965,1148
4709.669304,2359784226,2359785374,15991,1148
4709.681323,2359793415,2359794563,15906,1148
4709.729409,2359830100,2359831245,15600,1145
4709.741438,2359839267,2359840412,15950,1145
4709.752334,2359849154,2359850300,16053,1146
4709.768492,2359860638,2359861787,16077,1149
4709.780511,2359869866,2359871013,15964,1147
4709.807562,2359890502,2359891650,16010,1148
4709.819583,2359899689,2359900837,15934,1148
4709.831609,2359908858,2359910008,16036,1150
4709.843630,2359918037,2359919184,16056,1147
4709.855649,2359927204,2359928346,15721,1142
4709.867681,2359936376,2359937524,16077,1148
4709.892728,2359957009,2359958156,15940,1147
4709.921785,2359977654,2359978802,15958,1148
4709.933803,2359986837,2359987986,15889,1149
4709.945826,2359996015,2359997158,15832,1143
4709.957850,2360005202,2360006349,15944,1147
4709.969874,2360014382,2360015530,15957,1148
4709.981889,2360023553,2360024698,15681,1145
4709.993922,2360032730,2360033878,15990,1148
4710.005946,2360041914,2360043059,15992,1145
4710.017961,2360051093,2360052241,15834,1148
4710.029990,2360060277,2360061424,15908,1147
4710.042016,2360069456,2360070603,16009,1147
4710.054030,2360078638,2360079787,15833,1149
4710.066058,2360087823,2360088971,15959,1148
4710.081078,2360099281,2360100426,15713,1145
4710.093107,2360108484,2360109632,15939,1148
4710.108130,2360119945,2360121093,15632,1148
4710.120162,2360129126,2360130274,15963,1148
4710.138193,2360142897,2360144045,15942,1148
4710.150215,2360152076,2360153223,15937,1147
4710.193296,2360186486,2360187633,15963,1147
4710.219351,2360204824,2360205972,15961,1148
4710.231368,2360213987,2360215135,15969,1148
4710.243386,2360223535,2360224679,15589,1144
4710.255418,2360232703,2360233836,15882,1133
4710.267441,2360241862,2360243010,16038,1148
4710.288472,2360257904,2360259049,15627,1145
4710.300506,2360267084,2360268232,15966,1148
4710.312522,2360276247,2360277395,15902,1148
4710.324544,2360285408,2360286553,15907,1145
4710.363625,2360315194,2360316343,16114,1149
4710.375642,2360324371,2360325518,16052,1147
4710.387661,2360333516,2360334660,15711,1144
4710.399690,2360342683,2360343831,15995,1148
4710.420729,2360358724,2360359871,16020,1147
4710.432746,2360367878,2360369018,15899,1140
4710.465816,2360393099,2360394246,16008,1147
4710.477832,2360402260,2360403405,15701,1145
4710.495867,2360416041,2360417183,15623,1142
4710.507896,2360425245,2360426388,15947,1143
4710.568004,2360471062,2360472206,15626,1144
4710.580037,2360480237,2360481386,15967,1149
4710.592054,2360489396,2360490544,15955,1148
4710.604076,2360498555,2360499690,15942,1135
4710.616106,2360507699,2360508846,16051,1147
4710.628122,2360516862,2360518011,16056,1149
4710.640144,2360526016,2360527150,15985,1134
4710.652170,2360535159,2360536306,16035,1147
4710.670205,2360548937,2360550086,16030,1149
4710.700260,2360571868,2360573015,16055,1147
4710.712281,2360581145,2360582293,15824,1148
4710.724309,2360590318,2360591463,15965,1145
4710.781414,2360633814,2360634958,15965,1144
4710.796445,2360645278,2360646426,15939,1148
4710.808465,2360654455,2360655602,15852,1147
4710.883605,2360711678,2360712819,15629,1141
4710.895634,2360720835,2360721981,15948,1146
4710.907654,2360730009,2360731158,15853,1149
4710.919673,2360739187,2360740333,15597,1146
4710.931702,2360748355,2360749503,15941,1148
4710.985805,2360789631,2360790774,15947,1143
4710.997826,2360798798,2360799945,15966,1147
4711.015861,2360812557,2360813704,15939,1147
4711.027884,2360821731,2360822859,15855,1128
4711.039908,2360830884,2360832031,15950,1147
4711.051928,2360840054,2360841198,15925,1144
4711.063947,2360849208,2360850352,15628,1144
4711.075977,2360858362,2360859510,15948,1148
4711.087997,2360867526,2360868675,15926,1149
4711.100019,2360876691,2360877821,15853,1130
4711.112048,2360885864,2360887008,16018,1144
4711.124065,2360895008,2360896150,15881,1142
4711.136084,2360904195,2360905341,15631,1146
4711.148114,2360913355,2360914498,15947,1143
4711.169151,2360929402,2360930549,15959,1147
4711.181170,2360938557,2360939698,15630,1141
4711.193200,2360947712,2360948856,15947,1144
4711.205220,2360956871,2360958017,15770,1146
4711.241289,2360984366,2360985513,15966,1147
4711.253318,2360993525,2360994660,15937,1135
4711.264335,2361003346,2361004494,15950,1148
4711.313424,2361039998,2361041146,15879,1148
4711.324945,2361050522,2361051668,15946,1146
4711.420128,2361121540,2361122685,15636,1145
4711.432154,2361130693,2361131841,15946,1148
4711.444175,2361139847,2361140993,15883,1146
4711.456196,2361149023,2361150169,15844,1146
4711.468226,2361158186,2361159318,15822,1132
4711.480246,2361167306,2361168449,15952,1143
4711.498277,2361181023,2361182172,15959,1149
4711.519313,2361197049,2361198194,15626,1145
4711.531342,2361206255,2361207403,16034,1148
4711.543363,2361215412,2361216558,16050,1146
4711.555384,2361224577,2361225722,15911,1145
4711.573416,2361238320,2361239464,15705,1144
4711.585445,2361247501,2361248649,16035,1148
4711.624518,2361277259,2361278406,16049,1147
4711.639548,2361288696,2361289843,16023,1147
4711.672604,2361313865,2361315009,15708,1144
4711.684634,2361323034,2361324181,16033,1147
4711.696654,2361332182,2361333325,16019,1143
4711.720702,2361350491,2361351638,16029,1147
4711.732723,2361359678,2361360825,16048,1147
4711.753762,2361375720,2361376868,15826,1148
4711.768792,2361387171,2361388315,15960,1144
4711.780810,2361396311,2361397456,15626,1145
4711.840929,2361442091,2361443235,15966,1144
4711.852950,2361451262,2361452411,15842,1149
4711.913055,2361497005,2361498148,15758,1143
4711.925085,2361506143,2361507284,15671,1141
4711.941126,2361519871,2361521016,15722,1145
4712.009251,2361570224,2361571372,15943,1148
4712.021271,2361579388,2361580533,15959,1145
4712.033291,2361588536,2361589681,15548,1145
4712.048323,2361599978,2361601122,15856,1144
4712.060342,2361609138,2361610278,15597,1140
4712.132479,2361664005,2361665148,15624,1143
4712.144509,2361673162,2361674305,15944,1143
4712.159531,2361684621,2361685766,15590,1145
4712.240685,2361746367,2361747512,15625,1145
4712.252718,2361755534,2361756678,15964,1144
4712.264736,2361764704,2361765850,15931,1146
4712.276753,2361773855,2361775000,15619,1145
4712.339874,2361821891,2361823033,15621,1142
4712.351907,2361831064,2361832211,15966,1147
4712.363923,2361840233,2361841379,15964,1146
4712.375946,2361849379,2361850520,15632,1141
4712.387973,2361858541,2361859681,15965,1140
4712.399981,2361867666,2361868807,15676,1141
4712.412013,2361876795,2361877934,15848,1139
4712.461108,2361915681,2361916826,15752,1145
4712.508187,2361949929,2361951070,15761,1141
4712.544266,2361977365,2361978511,15938,1146
4712.556285,2361986564,2361987708,15605,1144
4712.568313,2361995716,2361996863,15929,1147
4712.649471,2362057472,2362058620,15948,1148
4712.661489,2362066637,2362067784,15875,1147
4712.748660,2362132991,2362134137,16035,1146
4712.760679,2362142171,2362143317,15933,1146
4712.772696,2362151313,2362152456,15634,1143
4712.784335,2362161179,2362162327,15935,1148
4712.871885,2362227557,2362228702,15716,1145
4712.883913,2362236723,2362237867,16023,1144
4712.895938,2362245879,2362247025,15948,1146
4712.907953,2362255023,2362256164,15640,1141
4712.938019,2362277824,2362278969,15958,1145
4712.950039,2362286993,2362288140,15934,1147
4712.986095,2362314409,2362315552,15675,1143
4712.998129,2362323533,2362324676,15633,1143
4713.064260,2362373749,2362374892,16064,1143
4713.076267,2362382860,2362384000,15767,1140
4713.088307,2362391993,2362393137,15788,1144
4713.157421,2362444513,2362445655,15760,1142
4713.169455,2362453707,2362454851,15640,1144
4713.187496,2362467398,2362468539,15704,1141
4713.199518,2362476522,2362477665,15980,1143
4713.211524,2362485652,2362486793,15678,1141
4713.223558,2362494788,2362495931,15630,1143
4713.235588,2362503929,2362505060,15828,1131
4713.247595,2362513051,2362514191,15681,1140
4713.259626,2362522165,2362523310,15639,1145
4713.271657,2362531289,2362532426,15828,1137
4713.283661,2362540403,2362541544,15683,1141
4713.295695,2362549523,2362550662,15827,1139
4713.307723,2362558643,2362559787,15974,1144
4713.325757,2362572325,2362573470,16060,1145
4713.337772,2362581445,2362582588,15766,1143
4713.364815,2362602005,2362603146,15761,1141
4713.376849,2362611330,2362612474,15717,1144
4713.388878,2362620454,2362621598,16043,1144
4713.400884,2362629602,2362630747,15761,1145
4713.415929,2362641006,2362642151,16058,1145
4713.427935,2362650131,2362651272,15762,1141
4713.445971,2362663845,2362664988,15759,1143
4713.458004,2362672969,2362674113,15718,1144
4713.512106,2362713995,2362715136,15714,1141
4713.524135,2362723135,2362724281,16066,1146
4713.536149,2362732268,2362733412,15637,1144
4713.554176,2362745958,2362747100,15679,1142
4713.566209,2362755096,2362756237,15634,1141
4713.590245,2362773395,2362774538,15677,1143
4713.620312,2362796182,2362797323,15636,1141
4713.632341,2362805319,2362806466,15892,1147
4713.671398,2362835007,2362836148,15677,1141
4713.683439,2362844129,2362845258,15906,1129
4713.695460,2362853236,2362854379,15972,1143
4713.720497,2362873760,2362874903,15968,1143
4713.767598,2362907970,2362909117,15978,1147
4713.779604,2362917090,2362918232,15677,1142
4713.791638,2362926250,2362927391,15629,1141
4713.803666,2362935373,2362936518,15979,1145
4713.815687,2362944504,2362945650,15950,1146
4713.827707,2362953615,2362954754,15640,1139
4713.839737,2362962764,2362963906,15988,1142
4713.851741,2362971880,2362973024,15679,1144
4713.869776,2362985548,2362986690,15681,1142
4713.881816,2362994677,2362995821,15703,1144
4713.896827,2363006096,2363007241,15677,1145
4713.911872,2363017502,2363018644,15972,1142
4713.932903,2363033461,2363034602,15632,1141
4713.944930,2363042592,2363043733,15631,1141
4713.956958,2363051728,2363052875,16081,1147
4713.977996,2363067716,2363068862,16035,1146
4713.990013,2363076859,2363078005,15617,1146
4714.009045,2363092838,2363093984,15969,1146
4714.033107,2363111094,2363112240,15812,1146
4714.056147,2363127069,2363128212,16062,1143
4714.068153,2363136188,2363137328,15761,1140
4714.080193,2363145299,2363146445,15789,1146
4714.092215,2363154428,2363155575,16063,1147
4714.122256,2363177221,2363178365,15759,1144
4714.137303,2363188651,2363189797,16081,1146
4714.152324,2363200075,2363201217,15714,1142
4714.164353,2363209214,2363210362,16069,1148
4714.188393,2363227443,2363228588,15629,1145
4714.200421,2363236620,2363237763,16079,1143
4714.239481,2363266274,2363267413,15770,1139
4714.251511,2363275421,2363276565,15902,1144
4714.263541,2363284546,2363285689,15974,1143
4714.288577,2363305057,2363306202,15979,1145
4714.300608,2363314902,2363316044,15951,1142
4714.341685,2363344594,2363345738,15722,1144
4714.353712,2363353734,2363354879,16068,1145
4714.365719,2363362866,2363364006,15678,1140
4714.401788,2363390210,2363391350,15677,1140
4714.413820,2363399342,2363400483,15633,1141
4714.443884,2363422178,2363423324,15978,1146
4714.455891,2363431314,2363432458,15682,1144
4714.467924,2363440440,2363441584,15716,1144
4714.479952,2363449584,2363450731,16078,1147
4714.497987,2363463279,2363464426,16061,1147
4714.509993,2363472415,2363473557,15765,1142
4714.537046,2363492950,2363494093,15762,1143
4714.552090,2363504340,2363505482,16058,1142
4714.600165,2363540818,2363541957,15679,1139
4714.612199,2363549935,2363551079,15638,1144
4714.624224,2363559110,2363560252,15894,1142
4714.636235,2363568256,2363569395,15597,1139
4714.648267,2363577367,2363578510,15639,1143
4714.660295,2363586499,2363587645,15978,1146
4714.672302,2363595610,2363596755,15601,1145
4714.687349,2363607020,2363608149,15824,1129
4714.753457,2363657173,2363658312,15679,1139
4714.765490,2363666325,2363667469,15637,1144
4714.777518,2363675448,2363676595,16042,1147
4714.789525,2363684550,2363685695,15760,1145
4714.801559,2363693658,2363694786,15920,1128
4714.816576,2363705048,2363706192,15760,1144
4714.828605,2363714215,2363715363,15812,1148
4714.861664,2363739319,2363740458,15678,1139
4714.873703,2363748436,2363749579,15707,1143
4714.909764,2363775808,2363776953,15640,1145
4714.921793,2363784936,2363786081,15976,1145
4714.933801,2363794075,2363795219,15675,1144
4714.951834,2363807753,2363808895,15685,1142
4714.963867,2363816860,2363817989,15830,1129
4714.975895,2363825969,2363827114,15953,1145
4714.987902,2363835074,2363836216,15762,1142
4714.999936,2363844185,2363845326,15721,1141
4715.011966,2363853353,2363854500,15998,1147
4715.023988,2363862516,2363863659,15901,1143
4715.037018,2363874001,2363875143,16022,1142
4715.069073,2363896895,2363898036,15967,1141
4715.081087,2363906046,2363907190,15605,1144
4715.093120,2363915206,2363916352,15905,1146
4715.114142,2363931191,2363932330,15758,1139
4715.126171,2363940335,2363941466,15720,1131
4715.138204,2363949437,2363950580,16064,1143
4715.150211,2363958545,2363959685,15759,1140
4715.174273,2363976790,2363977932,16046,1142
4715.186280,2363985925,2363987068,15766,1143
4715.201324,2363997355,2363998502,15981,1147
4715.213331,2364006472,2364007612,15679,1140
4715.228378,2364017887,2364019035,15997,1148
4715.240383,2364027009,2364028153,15676,1144
4715.250922,2364033207,2364034106,14864,899
4715.262941,2364039355,2364039991,12231,636
4715.276331,2364046701,2364047840,15880,1139
4715.288485,2364055772,2364056909,15641,1137
4715.300512,2364064890,2364066036,15971,1146
4715.312520,2364074021,2364075160,15678,1139
4715.324548,2364083147,2364084294,15812,1147
4715.336582,2364092275,2364093422,16063,1147
4715.348588,2364101409,2364102553,15763,1144
4715.360622,2364110521,2364111661,15694,1140
4715.399701,2364140133,2364141278,16057,1145
4715.411708,2364149237,2364150382,15646,1145
4715.429744,2364162917,2364164056,15678,1139
4715.441776,2364172049,2364173174,15835,1125
4715.456794,2364183433,2364184572,15681,1139
4715.468834,2364192744,2364193883,15772,1139
4715.480855,2364201862,2364203007,16061,1145
4715.516925,2364229219,2364230362,16066,1143
4715.528933,2364238362,2364239507,15764,1145
4715.540965,2364247478,2364248618,15640,1140
4715.580044,2364277077,2364278220,15978,1143
4715.592051,2364286183,2364287327,15678,1144
4715.610085,2364299864,2364301008,15674,1144
4715.625131,2364311279,2364312421,15984,1142
4715.640154,2364322676,2364323815,15714,1139
4715.652183,2364331795,2364332921,15902,1126
4715.664189,2364340896,2364342035,15763,1139
4715.676223,2364350051,2364351195,15726,1144
4715.688250,2364359175,2364360321,16058,1146
4715.700257,2364368288,2364369432,15758,1144
4715.721303,2364384240,2364385383,15897,1143
4715.733335,2364393374,2364394520,16059,1146
4715.760384,2364413888,2364415035,16024,1147
4715.773914,2364422874,2364424014,16062,1140
4715.785921,2364431986,2364433129,15689,1143
4715.800964,2364443397,2364444543,15969,1146
4715.812332,2364453217,2364454363,15905,1146
4715.825006,2364462434,2364463581,15930,1147
4715.837036,2364471563,2364472711,15975,1148
4715.849040,2364480702,2364481842,15681,1140
4715.870086,2364496647,2364497795,15815,1148
4715.882116,2364505811,2364506957,15944,1146
4715.894128,2364514959,2364516099,15689,1140
4715.906160,2364524082,2364525225,15638,1143
4715.918187,2364533208,2364534352,15952,1144
4715.930195,2364542345,2364543489,15682,1144
4715.942225,2364551503,2364552647,15608,1144
4715.954256,2364560634,2364561776,16062,1142
4715.975282,2364576603,2364577744,15681,1141
4715.987314,2364585714,2364586858,15723,1144
4716.008359,2364601687,2364602832,16059,1145
4716.020379,2364610813,2364611958,16037,1145
4716.032400,2364619933,2364621061,15924,1128
4716.044427,2364629038,2364630185,16056,1147
4716.071480,2364649573,2364650718,15988,1145
4716.083488,2364658739,2364659879,15682,1140
4716.095520,2364667849,2364668993,15643,1144
4716.107549,2364676996,2364678143,15961,1147
4716.119554,2364686109,2364687250,15683,1141
4716.132584,2364697513,2364698657,15966,1144
4716.144618,2364706633,2364707777,15678,1144
4716.164648,2364720312,2364721452,15720,1140
4716.176674,2364729430,2364730575,15722,1145
4716.212749,2364756775,2364757920,15713,1145
4716.224772,2364765915,2364767042,15824,1127
4716.236777,2364774999,2364776141,15678,1142
4716.248812,2364784104,2364785244,15640,1140
4716.269857,2364800075,2364801218,16077,1143
4716.281863,2364809179,2364810322,15759,1143
4716.296908,2364820797,2364821944,15974,1147
4716.308914,2364829910,2364831054,15684,1144
4716.320948,2364839018,2364840162,15641,1144
4716.341994,2364854957,2364856103,15973,1146
4716.354001,2364864105,2364865245,15677,1140
4716.372048,2364877808,2364878950,16027,1142
4716.384068,2364886937,2364888079,15644,1142
4716.396098,2364896049,2364897175,15821,1126
4716.408103,2364905138,2364906282,15685,1144
4716.429154,2364921093,2364922235,15722,1142
4716.441182,2364930202,2364931350,16058,1148
4716.453189,2364939314,2364940453,15681,1139
4716.465218,2364948428,2364949575,15906,1147
4716.477249,2364957563,2364958700,15869,1137
4716.489257,2364966670,2364967814,15759,1144
4716.501291,2364975812,2364976954,15643,1142
4716.513319,2364984921,2364986064,15949,1143
4716.525340,2364994044,2364995188,15948,1144
4716.537360,2365003149,2365004292,15641,1143
4716.552378,2365014533,2365015676,15687,1143
4716.564407,2365023674,2365024816,15820,1142
4716.639559,2365080622,2365081763,16060,1141
4716.651566,2365089725,2365090866,15676,1141
4716.669602,2365103431,2365104574,15763,1143
4716.681634,2365112552,2365113692,15723,1140
4716.696652,2365123947,2365125087,15726,1140
4716.708692,2365133085,2365134229,15789,1144
4716.744755,2365160425,2365161569,15725,1144
4716.756782,2365169550,2365170691,16065,1141
4716.771806,2365180948,2365182092,15715,1144
4716.840926,2365233408,2365234547,15681,1139
4716.852961,2365242514,2365243657,15634,1143
4716.864992,2365251666,2365252807,15994,1141
4716.876996,2365260807,2365261946,15682,1139
4716.889029,2365269927,2365271071,15641,1144
4716.901056,2365279052,2365280196,15971,1144
4716.922081,2365295149,2365296289,15762,1140
4716.934115,2365304268,2365305407,15739,1139
4716.949146,2365315687,2365316835,15953,1148
4716.961161,2365324830,2365325977,15829,1147
4716.973194,2365333960,2365335105,15952,1145
4716.985203,2365343108,2365344252,15764,1144
4716.997235,2365352223,2365353367,15643,1144
4717.009262,2365361350,2365362493,16037,1143
4717.033303,2365379585,2365380723,15723,1138
4717.045331,2365388695,2365389841,16058,1146
4717.057342,2365397815,2365398954,15600,1139
4717.069372,2365406930,2365408072,15639,1142
4717.081399,2365416052,2365417195,15965,1143
4717.093407,2365425151,2365426295,15681,1144
4717.105447,2365434268,2365435411,15792,1143
4717.117465,2365443428,2365444573,15944,1145
4717.129475,2365452556,2365453695,15679,1139
4717.141509,2365461660,2365462804,15641,1144
4717.153537,2365470776,2365471921,16061,1145
4717.184600,2365495877,2365497021,15722,1144
4717.216657,2365518691,2365519832,16057,1141
4717.228664,2365527805,2365528944,15763,1139
4717.240698,2365536905,2365538046,15641,1141
4717.252726,2365546032,2365547180,15972,1148
4717.267749,2365557434,2365558566,15921,1132
4717.288794,2365573376,2365574519,16054,1143
4717.300801,2365582478,2365583616,15764,1138
4717.312835,2365591579,2365592722,15643,1143
4717.324859,2365600726,2365601871,16026,1145
4717.336873,2365610494,2365611638,15764,1144
4717.348903,2365619610,2365620755,15701,1145
4717.360933,2365628758,2365629904,16076,1146
4717.372938,2365637869,2365639010,15680,1141
4717.384972,2365646973,2365648117,15563,1144
4717.401012,2365660650,2365661790,15705,1140
4717.418024,2365672046,2365673190,15677,1144
4717.481144,2365719936,2365721080,15680,1144
4717.493177,2365729056,2365730186,15829,1130
4717.505205,2365738167,2365739313,16039,1146
4717.517212,2365747269,2365748410,15760,1141
4717.538264,2365763235,2365764376,15724,1141
4717.550291,2365772361,2365773504,16061,1143
4717.607384,2365815622,2365816762,15763,1140
4717.619418,2365824731,2365825870,15642,1139
4717.637451,2365838416,2365839559,15920,1143
4717.649480,2365847536,2365848680,16062,1144
4717.664503,2365858935,2365860063,15917,1128
4717.676531,2365868040,2365869186,16064,1146
4717.703582,2365888520,2365889665,16036,1145
4717.715590,2365897633,2365898773,15759,1140
4717.727622,2365906894,2365908041,15840,1147
4717.748669,2365922855,2365924001,15974,1146
4717.760677,2365931998,2365933142,15680,1144
4717.775720,2365943393,2365944539,15968,1146
4717.799768,2365961613,2365962750,15711,1137
4717.811788,2365970740,2365971883,15968,1143
4717.823795,2365979862,2365981004,15682,1142
4717.835830,2365988965,2365990110,15643,1145
4717.847857,2365998078,2365999221,15972,1143
4717.859866,2366007200,2366008340,15683,1140
4717.871898,2366016296,2366017429,15838,1133
4717.892940,2366032244,2366033386,15941,1142
4717.904950,2366041355,2366042495,15683,1140
4717.920995,2366055053,2366056194,15675,1141
4717.938028,2366066482,2366067627,15935,1145
4717.950043,2366075594,2366076733,15635,1139
4718.025190,2366132538,2366133677,15646,1139
4718.037217,2366141652,2366142795,15971,1143
4718.058243,2366157602,2366158746,15682,1144
4718.070275,2366166719,2366167859,15639,1140
4718.088310,2366180369,2366181514,15645,1145
4718.100338,2366189495,2366190640,15956,1145
4718.112344,2366198629,2366199768,15675,1139
4718.133395,2366214554,2366215695,15648,1141
4718.145420,2366223897,2366225038,15941,1141
4718.157432,2366233021,2366234164,15768,1143
4718.169463,2366242134,2366243280,15924,1146
4718.184481,2366253532,2366254676,15678,1144
4718.217560,2366278606,2366279753,15974,1147
4718.229567,2366287726,2366288870,15682,1144
4718.268649,2366317357,2366318496,15718,1139
4718.280680,2366326478,2366327624,16060,1146
4718.340790,2366372018,2366373160,15727,1142
4718.352819,2366381181,2366382326,16000,1145
4718.364824,2366390282,2366391426,15757,1144
4718.397903,2366415337,2366416483,16039,1146
4718.409912,2366424472,2366425612,15690,1140
4718.445986,2366451757,2366452899,15639,1142
4718.458013,2366460902,2366462045,15646,1143
4718.512116,2366501890,2366503029,15642,1139
4718.524145,2366511010,2366512140,15745,1130
4718.542179,2366524657,2366525787,15821,1130
4718.554186,2366533762,2366534902,15679,1140
4718.569229,2366545227,2366546369,16058,1142
4718.581235,2366554337,2366555479,15760,1142
4718.623333,2366586236,2366587379,16046,1143
4718.635339,2366595340,2366596479,15764,1139
4718.647367,2366604452,2366605579,15722,1127
4718.728527,2366665926,2366667070,15642,1144
4718.740555,2366675042,2366676186,16060,1144
4718.755578,2366686434,2366687577,15725,1143
4718.769104,2366696736,2366697876,15639,1140
4718.793147,2366714947,2366716090,15721,1143
4718.805172,2366724083,2366725222,15709,1139
4718.832224,2366744564,2366745702,15720,1138
4718.844253,2366754284,2366755432,16040,1148
4718.868294,2366772535,2366773678,15643,1143
4718.880320,2366781657,2366782798,15966,1141
4718.892335,2366790778,2366791922,15687,1144
4718.919393,2366811310,2366812454,16040,1144
4718.931413,2366820429,2366821568,15725,1139
4718.943440,2366829536,2366830681,16043,1145
4718.961474,2366843197,2366844343,16055,1146
4718.973483,2366852320,2366853464,15683,1144
4718.985517,2366861463,2366862610,15833,1147
4718.997545,2366870612,2366871758,15988,1146
4719.009550,2366879727,2366880871,15676,1144
4719.033612,2366897917,2366899058,15967,1141
4719.045619,2366907019,2366908162,15675,1143
4719.057653,2366916114,2366917256,15644,1142
4719.081687,2366934336,2366935474,15675,1138
4719.093716,2366943452,2366944594,15816,1142
4719.144808,2366982174,2366983317,15761,1143
4719.156842,2366991282,2366992422,15721,1140
4719.168869,2367000399,2367001545,15970,1146
4719.180877,2367009554,2367010697,15761,1143
4719.192905,2367018683,2367019828,15905,1145
4719.204935,2367027814,2367028958,15941,1144
4719.220956,2367041500,2367042622,15901,1122
4719.241006,2367055118,2367056259,15951,1141
4719.253014,2367064207,2367065346,15683,1139
4719.265048,2367073312,2367074450,15560,1138
4719.286092,2367089245,2367090391,15967,1146
4719.298101,2367098373,2367099514,15683,1141
4719.310133,2367107477,2367108617,15716,1140
4719.337191,2367127985,2367129124,15792,1139
4719.349212,2367137084,2367138230,16057,1146
4719.361219,2367146211,2367147355,15765,1144
4719.373253,2367155300,2367156427,15924,1127
4719.385278,2367164413,2367165558,16018,1145
4719.451391,2367214541,2367215686,15679,1145
4719.463425,2367223636,2367224775,15640,1139
4719.475449,2367233010,2367234152,15940,1142
4719.487466,2367242110,2367243253,15641,1143
4719.499495,2367251240,2367252378,15631,1138
4719.520540,2367267186,2367268311,15825,1125
4719.532546,2367276267,2367277408,15644,1141
4719.580647,2367312670,2367313813,15648,1143
4719.592677,2367322034,2367323180,15996,1146
4719.661802,2367374368,2367375511,15640,1143
4719.673830,2367383487,2367384633,15973,1146
4719.688848,2367394869,2367396015,15808,1146
4719.700881,2367403984,2367405130,15974,1146
4719.712888,2367413094,2367414233,15678,1139
4719.727932,2367424450,2367425592,16095,1142
4719.739940,2367433564,2367434707,15760,1143
4719.751973,2367442668,2367443811,15730,1143
4719.764000,2367451770,2367452914,16051,1144
4719.776008,2367460871,2367462014,15769,1143
4719.788037,2367469985,2367471131,15911,1146
4719.800065,2367479322,2367480464,15928,1142
4719.812076,2367488424,2367489563,15681,1139
4719.824106,2367497546,2367498685,15642,1139
4719.911266,2367563586,2367564728,15685,1142
4719.944345,2367588630,2367589775,16061,1145
4719.956351,2367597730,2367598873,15763,1143
4719.968385,2367606832,2367607976,15719,1144
4719.992421,2367625069,2367626212,15761,1143
4720.004450,2367634402,2367635542,15716,1140
4720.020494,2367648060,2367649200,15718,1140
4720.040518,2367661783,2367662922,15679,1139
4720.052551,2367670919,2367672061,15934,1142
4720.103639,2367709747,2367710891,15601,1144
4720.115672,2367718866,2367719992,15830,1126
4720.127677,2367727958,2367729100,15680,1142
4720.139710,2367737058,2367738201,15717,1143
4720.157745,2367750700,2367751844,15717,1144
4720.169773,2367759816,2367760961,16069,1145
4720.208831,2367789379,2367790522,15767,1143
4720.220865,2367798553,2367799696,15693,1143
4720.236905,2367812217,2367813359,15715,1142
4720.265950,2367832701,2367833847,15921,1146
4720.277978,2367841817,2367842958,16062,1141
4720.289987,2367850917,2367852060,15758,1143
4720.332081,2367882761,2367883906,16035,1145
4720.344088,2367891847,2367892986,15761,1139
4720.356123,2367900946,2367902089,15641,1143
4720.368151,2367910722,2367911867,15955,1145
4720.380164,2367919835,2367920978,15637,1143
4720.392191,2367928946,2367930089,15637,1143
4720.404219,2367938046,2367939188,15980,1142
4720.416226,2367947146,2367948284,15686,1138
4720.428266,2367956261,2367957404,15705,1143
4720.440284,2367965390,2367966531,15941,1141
4720.452295,2367974464,2367975604,15677,1140
4720.552505,2368051835,2368052974,15635,1139
4720.620631,2368101868,2368103013,15981,1145
4720.632639,2368111126,2368112268,15682,1142
4720.656698,2368129344,2368130485,15967,1141
4720.668706,2368138463,2368139601,15673,1138
4720.756889,2368206706,2368207848,15676,1142
4720.776919,2368220340,2368221484,15717,1144
4720.788945,2368229462,2368230602,15719,1140
4720.828024,2368258971,2368260117,16040,1146
4720.840037,2368268299,2368269442,15811,1143
4720.852066,2368277423,2368278565,15722,1142
4720.864093,2368286516,2368287658,16079,1142
4720.876108,2368295606,2368296738,15682,1132
4720.894134,2368309224,2368310368,15756,1144
4720.906167,2368318340,2368319485,15918,1145
4720.972299,2368368392,2368369537,16066,1145
4720.984307,2368377500,2368378639,15753,1139
4720.996340,2368386593,2368387732,15720,1139
4721.032408,2368413883,2368415021,15720,1138
4721.044433,2368423026,2368424171,15945,1145
4721.065460,2368438948,2368440090,15679,1142
4721.077489,2368448028,2368449166,15815,1138
4721.095528,2368461664,2368462806,15653,1142
4721.107555,2368470755,2368471893,16050,1138
4721.119563,2368479843,2368480986,15761,1143
4721.161658,2368511684,2368512826,16052,1142
4721.173673,2368520805,2368521948,15685,1143
4721.185700,2368529919,2368531058,15717,1139
4721.197728,2368539013,2368540157,16060,1144
4721.239802,2368570757,2368571887,15654,1130
4721.251826,2368579886,2368581019,16008,1133
4721.263838,2368588973,2368590115,15764,1142
4721.287899,2368607194,2368608335,16065,1141
4721.299908,2368616307,2368617450,15764,1143
4721.311940,2368625412,2368626550,15720,1138
4721.323968,2368634522,2368635666,16043,1144
4721.335975,2368643613,2368644756,15764,1143
4721.348008,2368652707,2368653845,15721,1138
4721.360036,2368661809,2368662950,16060,1141
4721.372051,2368670897,2368672041,15716,1144
4721.390078,2368684529,2368685668,15759,1139
4721.402111,2368693608,2368694752,15720,1144
4721.444180,2368725485,2368726628,15677,1143
4721.456214,2368734785,2368735924,15632,1139
4721.480250,2368752924,2368754064,15677,1140
4721.492282,2368762006,2368763133,15833,1127
4721.504311,2368771104,2368772246,15980,1142
4721.516319,2368780195,2368781336,15678,1141
4721.609506,2368850648,2368851787,15656,1139
4721.621532,2368859731,2368860871,15968,1140
4721.660597,2368889227,2368890362,15728,1135
4721.672621,2368898355,2368899502,15902,1147
4721.711706,2368927935,2368929080,16067,1145
4721.723712,2368937061,2368938203,15766,1142
4721.735746,2368946175,2368947318,15693,1143
4721.753780,2368959817,2368960941,15918,1124
4721.765809,2368968871,2368970016,16070,1145
4721.801877,2368996137,2368997280,16067,1143
4721.819911,2369009793,2369010938,16046,1145
4721.831918,2369018902,2369020044,15758,1142
4721.843951,2369027973,2369029097,15827,1124
4721.855978,2369037037,2369038182,15964,1145
4721.867997,2369046444,2369047590,15839,1146
4721.881515,2369056939,2369058080,15679,1141
4721.893546,2369066028,2369067171,15642,1143
4721.905574,2369075129,2369076274,15972,1145
4721.935615,2369097867,2369099010,15681,1143
4721.947649,2369106988,2369108128,15640,1140
4721.959677,2369116072,2369117208,15996,1136
4722.037820,2369175021,2369176164,15637,1143
4722.049848,2369184114,2369185259,15972,1145
4722.073889,2369202259,2369203396,15724,1137
4722.085916,2369211363,2369212505,15950,1142
4722.121988,2369238647,2369239792,15997,1145
4722.133992,2369247737,2369248880,15678,1143
4722.161044,2369268220,2369269362,15682,1142
4722.173078,2369277336,2369278478,15653,1142
4722.185104,2369286431,2369287576,15964,1145
4722.197112,2369295510,2369296652,15683,1142
4722.245215,2369331874,2369333016,15650,1142
4722.257243,2369340953,2369342066,15811,1113
4722.269255,2369350018,2369351159,15720,1141
4722.281280,2369359090,2369360229,15678,1139
4722.293316,2369368224,2369369362,15980,1138
4722.344400,2369406755,2369407890,15600,1135
4722.356433,2369415837,2369416977,15962,1140
4722.377455,2369431660,2369432795,15681,1135
4722.389489,2369440709,2369441828,15833,1119
4722.404512,2369452035,2369453166,15711,1131
4722.452610,2369488296,2369489439,15634,1143
4722.464637,2369497391,2369498536,15959,1145
4722.491689,2369517751,2369518893,15975,1142
4722.503708,2369526862,2369527999,16021,1137
4722.515724,2369535912,2369537049,15907,1137
4722.527756,2369544964,2369546101,16008,1137
4722.545792,2369558509,2369559628,15879,1119
4722.557798,2369567553,2369568683,15766,1130
4722.666018,2369649081,2369650226,15952,1145
4722.678037,2369658170,2369659311,15686,1141
4722.696072,2369671746,2369672888,15739,1142
4722.708096,2369680897,2369682035,15946,1138
4722.720108,2369689949,2369691079,15681,1130
4722.738145,2369703523,2369704666,15762,1143
4722.750176,2369712590,2369713727,15638,1137
4722.777227,2369732964,2369734095,15646,1131
4722.792244,2369744297,2369745428,15674,1131
4722.855364,2369791839,2369792974,15679,1135
4722.867398,2369800874,2369802009,15642,1135
4722.879428,2369809917,2369811032,15831,1115
4722.891439,2369818999,2369820134,15715,1135
4722.903467,2369828096,2369829233,15835,1137
4722.915496,2369837175,2369838312,15992,1137
4722.927501,2369846202,2369847336,15684,1134
4722.939535,2369855240,2369856383,15641,1143
4722.951563,2369864312,2369865454,15981,1142
4722.963575,2369873401,2369874538,15716,1137
4722.975604,2369882434,2369883568,15645,1134
4722.987634,2369891485,2369892606,15829,1121
4722.999651,2369900511,2369901655,15934,1144
4723.011667,2369909589,2369910725,15865,1136
4723.023702,2369918640,2369919756,15914,1116
4723.035709,2369927636,2369928771,15769,1135
4723.047741,2369936687,2369937822,15730,1135
4723.059769,2369945735,2369946872,16059,1137
4723.077804,2369959302,2369960443,16103,1141
4723.089812,2369968339,2369969473,15762,1134
4723.104853,2369979660,2369980797,16046,1137
4723.175473,2370033010,2370034142,15679,1132
4723.187507,2370042039,2370043175,15634,1136
4723.199535,2370051089,2370052226,15973,1137
4723.211544,2370060128,2370061263,15687,1135
4723.223572,2370069218,2370070355,15602,1137
4723.235605,2370078277,2370079394,15908,1117
4723.247610,2370087272,2370088407,15759,1135
4723.259639,2370096329,2370097465,15900,1136
4723.271669,2370105393,2370106530,16025,1137
4723.292696,2370121198,2370122333,15761,1135
4723.304736,2370130229,2370131359,15787,1130
4723.316758,2370139283,2370140420,16063,1137
4723.328772,2370148376,2370149509,15716,1133
4723.367850,2370177761,2370178891,15720,1130
4723.384388,2370190438,2370191574,16044,1136
4723.424964,2370221357,2370222494,15978,1137
4723.436972,2370230459,2370231594,15682,1135
4723.452015,2370241770,2370242911,16099,1141
4723.518126,2370291539,2370292674,15763,1135
4723.533169,2370302933,2370304070,15960,1137
4723.545176,2370311960,2370313093,15763,1133
4723.557205,2370321006,2370322143,15901,1137
4723.629347,2370375254,2370376385,15719,1131
4723.641375,2370384297,2370385433,16064,1136
4723.725519,2370447555,2370448691,15765,1136
4723.737553,2370456804,2370457939,15638,1135
4723.749581,2370465850,2370466987,15973,1137
4723.761589,2370474906,2370476038,15673,1132
4723.815690,2370515586,2370516721,15678,1135
4723.827725,2370524607,2370525741,15641,1134
4723.839753,2370533682,2370534820,15961,1138
4723.851766,2370542734,2370543864,15721,1130
4723.869794,2370556316,2370557451,15758,1135
4723.881827,2370565380,2370566515,15721,1135
4723.908879,2370585696,2370586829,15720,1133
4723.923899,2370597011,2370598144,15791,1133
4723.935929,2370606135,2370607280,15818,1145
4723.947955,2370615202,2370616334,15937,1132
4723.959965,2370624260,2370625395,15683,1135
4723.971999,2370633275,2370634410,15638,1135
4723.984028,2370642329,2370643445,15829,1116
4723.996033,2370651359,2370652495,15681,1136
4724.008068,2370660386,2370661521,15558,1135
4724.020097,2370669428,2370670545,15822,1117
4724.032115,2370678470,2370679606,15934,1136
4724.044136,2370687489,2370688618,15638,1129
4724.056164,2370696559,2370697697,15981,1138
4724.068173,2370705592,2370706722,15681,1130
4724.080205,2370714624,2370715759,15633,1135
4724.137318,2370757607,2370758744,15990,1137
4724.149333,2370766721,2370767856,15603,1135
4724.161359,2370775772,2370776902,15635,1130
4724.179393,2370789373,2370790509,15717,1136
4724.191422,2370798415,2370799552,16076,1137
4724.203429,2370807439,2370808569,15763,1130
4724.221462,2370820977,2370822112,15760,1135
4724.233496,2370829995,2370831128,15725,1133
4724.252534,2370845844,2370846985,16061,1141
4724.264560,2370854878,2370856013,15756,1135
4724.284582,2370868412,2370869543,15761,1131
4724.296623,2370877434,2370878570,15708,1136
4724.344713,2370913546,2370914681,15976,1135
4724.356721,2370922810,2370923946,15679,1136
4724.368754,2370931840,2370932970,15645,1130
4724.380781,2370940867,2370942004,15973,1137
4724.392788,2370949894,2370951029,15677,1135
4724.404822,2370958922,2370960052,15643,1130
4724.468939,2371008619,2371009756,15970,1137
4724.491987,2371018566,2371019198,11970,632
4724.505514,2371023891,2371024726,13250,835
4724.517542,2371032620,2371033752,15935,1132
4724.529562,2371041689,2371042826,15953,1137
4724.553610,2371059792,2371060929,15942,1137
4724.565631,2371068975,2371070111,15953,1136
4724.577647,2371078024,2371079157,15612,1133
4724.589677,2371087094,2371088231,15943,1137
4724.604698,2371098426,2371099557,15614,1131
4724.616729,2371107513,2371108649,15909,1136
4724.679850,2371155079,2371156211,16022,1132
4724.691872,2371164148,2371165282,16058,1134
4724.709905,2371177734,2371178871,16044,1137
4724.721921,2371186786,2371187916,15699,1130
4724.736957,2371198128,2371199264,15950,1136
4724.748972,2371207177,2371208312,15621,1135
4724.764008,2371218518,2371219655,15955,1137
4724.776024,2371227738,2371228873,15619,1135
4724.794058,2371241324,2371242455,15614,1131
4724.806090,2371250395,2371251532,15940,1137
4724.818113,2371259468,2371260605,15972,1137
4724.830127,2371268528,2371269661,15618,1133
4724.860193,2371291189,2371292321,15940,1132
4724.872214,2371300269,2371301402,15956,1133
4724.884230,2371309297,2371310432,15618,1135
4724.896263,2371318934,2371320072,15905,1138
4724.908283,2371328039,2371329176,15961,1137
4724.920298,2371337124,2371338259,15614,1135
4724.932330,2371346222,2371347359,15913,1137
4724.944351,2371355290,2371356426,15973,1136
4724.956367,2371364346,2371365476,15614,1130
4724.968399,2371373415,2371374555,15937,1140
4724.980420,2371382525,2371383661,15955,1136
4724.993947,2371391268,2371392404,16076,1136
4725.005961,2371400345,2371401480,15613,1135
4725.020998,2371411681,2371412818,15979,1137
4725.033016,2371420753,2371421890,15855,1137
4725.048049,2371432119,2371433256,15959,1137
4725.060067,2371441214,2371442349,15860,1135
4725.072096,2371450291,2371451424,15913,1133
4725.084117,2371459374,2371460512,16047,1138
4725.096132,2371468433,2371469569,15696,1136
4725.120185,2371486597,2371487734,15957,1137
4725.132202,2371495662,2371496796,15620,1134
4725.144234,2371504747,2371505882,15940,1135
4725.156255,2371513810,2371514947,15954,1137
4725.177289,2371529715,2371530852,15854,1137
4725.189320,2371538827,2371539964,15906,1137
4725.201341,2371547929,2371549066,16038,1137
4725.213358,2371557027,2371558165,15943,1138
4725.228393,2371568393,2371569531,16057,1138
4725.240409,2371577482,2371578619,15920,1137
4725.261455,2371593398,2371594535,15908,1137
4725.273479,2371602482,2371603618,16031,1136
4725.288506,2371613846,2371614978,15994,1132
4725.300530,2371622937,2371624077,16036,1140
4725.321564,2371638849,2371639986,15839,1137
4725.333592,2371647938,2371649070,15906,1132
4725.345616,2371657021,2371658154,15976,1133
4725.357633,2371666108,2371667244,15838,1136
4725.369660,2371675192,2371676330,15992,1138
4725.384684,2371686556,2371687690,15844,1134
4725.396713,2371695655,2371696787,15905,1132
4725.408738,2371704737,2371705874,15990,1137
4725.420752,2371713826,2371714963,15833,1137
4725.448818,2371736554,2371737691,15906,1137
4725.465839,2371747936,2371749073,15828,1137
4725.477868,2371757028,2371758167,15865,1139
4725.489892,2371766121,2371767258,15959,1137
4725.501908,2371775218,2371776351,15834,1133
4725.525961,2371793400,2371794536,15990,1136
4725.540988,2371804763,2371805900,15900,1137
4725.553012,2371813845,2371814982,15989,1137
4725.565028,2371822934,2371824068,15832,1134
4725.577057,2371832026,2371833160,15910,1134
4725.589081,2371841119,2371842256,16007,1137
4725.613125,2371859310,2371860447,15908,1137
4725.625149,2371868403,2371869539,16076,1136
4725.637163,2371877493,2371878631,15904,1138
4725.652201,2371888860,2371889997,16072,1137
4725.664216,2371897967,2371899104,15914,1137
4725.676245,2371907058,2371908193,15818,1135
4725.688269,2371916155,2371917292,16003,1137
4725.700285,2371925247,2371926384,15794,1137
4725.712314,2371934343,2371935480,15911,1137
4725.724338,2371943433,2371944570,15994,1137
4725.736352,2371952546,2371953678,15796,1132
4725.748382,2371961642,2371962779,15906,1137
4725.763405,2371973007,2371974143,15828,1136
4725.775433,2371982096,2371983236,15905,1140
4725.787457,2371991200,2371992337,16002,1137
4725.799475,2372000296,2372001433,15829,1137
4725.811502,2372009384,2372010520,15905,1136
4725.832543,2372025296,2372026433,15985,1137
4725.844559,2372034394,2372035532,15827,1138
4725.856588,2372043492,2372044624,15910,1132
4725.868612,2372052577,2372053710,15988,1133
4725.880628,2372061668,2372062805,15826,1137
4725.895664,2372073040,2372074177,15988,1137
4725.907679,2372082131,2372083268,15830,1137
4725.919708,2372091212,2372092349,15908,1137
4725.931732,2372100309,2372101445,15993,1136
4725.943748,2372109386,2372110522,15833,1136
4725.964793,2372125291,2372126429,15899,1138
4725.976818,2372134379,2372135515,15981,1136
4726.000862,2372152550,2372153687,15905,1137
4726.012887,2372161645,2372162782,15990,1137
4726.072999,2372207070,2372208207,15904,1137
4726.085024,2372216163,2372217295,16002,1132
4726.097040,2372225247,2372226383,15918,1136
4726.124091,2372245688,2372246820,15917,1132
4726.136119,2372254772,2372255909,15995,1137
4726.154154,2372268411,2372269543,15905,1132
4726.166178,2372277491,2372278628,16075,1137
4726.178193,2372286585,2372287723,15910,1138
4726.190223,2372295684,2372296821,15997,1137
4726.208257,2372309323,2372310456,15908,1133
4726.220281,2372318423,2372319561,16076,1138
4726.232295,2372327514,2372328651,15865,1137
4726.244326,2372336595,2372337729,15995,1134
4726.256350,2372345681,2372346818,16030,1137
4726.268365,2372354778,2372355915,15918,1137
4726.283401,2372366138,2372367275,16004,1137
4726.295416,2372375232,2372376369,15833,1137
4726.307445,2372384331,2372385468,15997,1137
4726.319470,2372393420,2372394558,16076,1138
4726.337504,2372407053,2372408190,16071,1137
4726.349519,2372416143,2372417276,15831,1133
4726.385588,2372443410,2372444547,15825,1137
4726.397617,2372452505,2372453640,15911,1135
4726.408136,2372460878,2372462031,15875,1153
4726.420161,2372470014,2372471152,15909,1138
4726.432183,2372479108,2372480245,16078,1137
4726.444199,2372488206,2372489342,15932,1136
4726.456230,2372497293,2372498429,15914,1136
4726.468251,2372506391,2372507528,15972,1137
4726.480267,2372515481,2372516618,15830,1137
4726.492298,2372524576,2372525711,15910,1135
4726.567440,2372581389,2372582526,15972,1137
4726.579455,2372590484,2372591621,15831,1137
4726.591487,2372599576,2372600709,15908,1133
4726.603508,2372608660,2372609798,15972,1138
4726.615525,2372617775,2372618912,15827,1137
4726.627557,2372626884,2372628016,15906,1132
4726.687662,2372672325,2372673462,15845,1137
4726.699693,2372681414,2372682551,15996,1137
4726.711714,2372690514,2372691646,16062,1132
4726.723731,2372699605,2372700741,15845,1136
4726.735762,2372708694,2372709830,15867,1136
4726.747783,2372717779,2372718917,15979,1138
4726.759799,2372726863,2372727995,15847,1132
4726.771830,2372735946,2372737083,15824,1137
4726.783852,2372745036,2372746168,15888,1132
4726.801885,2372758663,2372759800,15970,1137
4726.813904,2372767746,2372768883,15841,1137
4726.825933,2372776841,2372777971,15907,1130
4726.837956,2372785924,2372787056,15977,1132
4726.852984,2372797278,2372798410,15908,1132
4726.865006,2372806367,2372807503,15973,1136
4726.880035,2372817732,2372818869,15906,1137
4726.913091,2372842735,2372843873,15844,1138
4726.925121,2372851834,2372852968,15908,1134
4726.937143,2372860913,2372862049,15977,1136
4726.952173,2372872282,2372873415,15910,1133
4726.964194,2372881367,2372882499,15977,1132
4726.976210,2372890459,2372891595,15839,1136
4726.988241,2372899550,2372900687,15912,1137
4727.000263,2372908641,2372909778,15897,1137
4727.018297,2372922275,2372923412,15966,1137
4727.033328,2372933647,2372934782,15908,1135
4727.045348,2372942746,2372943883,15972,1137
4727.081417,2372970022,2372971159,15970,1137
4727.093434,2372979111,2372980247,15843,1136
4727.108469,2372990480,2372991611,15970,1131
4727.124497,2373004105,2373005238,15989,1133
4727.141533,2373015467,2373016602,15910,1135
4727.153554,2373024559,2373025694,15974,1135
4727.195636,2373056371,2373057508,15908,1137
4727.207658,2373065465,2373066601,15978,1136
4727.219674,2373074546,2373075683,15845,1137
4727.231704,2373083641,2373084778,15909,1137
4727.243725,2373092748,2373093881,15961,1133
4727.255742,2373101829,2373102961,15855,1132
4727.267771,2373110914,2373112051,15906,1137
4727.328891,2373158612,2373159747,15908,1135
4727.364960,2373185879,2373187016,15991,1137
4727.433085,2373235841,2373236977,15961,1136
4727.445103,2373244924,2373246061,15858,1137
4727.457133,2373254034,2373255171,15908,1137
4727.469155,2373263125,2373264261,15976,1136
4727.484185,2373274478,2373275615,15909,1137
4727.496206,2373283569,2373284706,15975,1137
4727.508223,2373292655,2373293786,15845,1131
4727.529271,2373308561,2373309698,15916,1137
4727.541292,2373317652,2373318787,15977,1135
4727.604412,2373365381,2373366516,15972,1135
4727.616429,2373374472,2373375605,15930,1133
4727.649498,2373399473,2373400605,16069,1132
4727.661514,2373408591,2373409724,15932,1133
4727.724634,2373456271,2373457405,15846,1134
4727.736665,2373465355,2373466491,15821,1136
4727.748686,2373474445,2373475578,15975,1133
4727.817819,2373526693,2373527830,15905,1137
4727.829840,2373535781,2373536913,15973,1132
4727.841857,2373544870,2373546004,15840,1134
4727.853888,2373553958,2373555095,15908,1137
4727.865910,2373563066,2373564202,15971,1136
4727.913995,2373599425,2373600561,15845,1136
4727.924524,2373607573,2373608722,15983,1149
4727.936537,2373616688,2373617823,15827,1135
4727.948566,2373625762,2373626899,15992,1137
4727.960590,2373634853,2373635989,16071,1136
4727.975618,2373646208,2373647344,15998,1136
4727.987642,2373655302,2373656439,15996,1137
4728.005677,2373668942,2373670078,15990,1136
4728.017690,2373678022,2373679157,15815,1135
4728.059779,2373709845,2373710977,15985,1132
4728.071795,2373718952,2373720089,15826,1137
4728.083824,2373728040,2373729177,15865,1137
4728.095848,2373737135,2373738268,15995,1133
4728.116879,2373753029,2373754166,15812,1137
4728.128909,2373762122,2373763254,15907,1132
4728.161966,2373787106,2373788243,15824,1137
4728.173995,2373796192,2373797326,15907,1134
4728.189018,2373807558,2373808694,15830,1136
4728.201047,2373816648,2373817784,15996,1136
4728.213071,2373825736,2373826871,16079,1135
4728.225086,2373834818,2373835950,15914,1132
4728.237115,2373843911,2373845048,15996,1137
4728.264166,2373864345,2373865477,15902,1132
4728.276191,2373873487,2373874624,15985,1137
4728.288206,2373882590,2373883726,15825,1136
4728.300235,2373891675,2373892812,15993,1137
4728.312259,2373900756,2373901891,16031,1135
4728.324275,2373909839,2373910973,15890,1134
4728.336304,2373918928,2373920065,15993,1137
4728.381389,2373953013,2373954150,15994,1137
4728.393414,2373962107,2373963244,15988,1137
4728.412453,2373978008,2373979145,15808,1137
4728.429483,2373989372,2373990508,15988,1136
4728.441498,2373998457,2373999591,15832,1134
4728.453527,2374007543,2374008678,15905,1135
4728.468549,2374018894,2374020028,15829,1134
4728.480576,2374027992,2374029124,15991,1132
4728.561731,2374089344,2374090481,15902,1137
4728.573755,2374098432,2374099561,16064,1129
4728.591790,2374112060,2374113195,16064,1135
4728.603806,2374121152,2374122285,15925,1133
4728.615834,2374130238,2374131374,16000,1136
4728.633868,2374143891,2374145026,15990,1135
4728.645892,2374152961,2374154093,16041,1132
4728.675944,2374175657,2374176790,15927,1133
4728.687972,2374184757,2374185893,15903,1136
4728.699996,2374194039,2374195174,15937,1135
4728.721021,2374209868,2374211003,15682,1135
4728.733052,2374218918,2374220053,15820,1135
4728.805189,2374273222,2374274355,15816,1133
4728.817220,2374282304,2374283440,15944,1136
4728.880339,2374329841,2374330978,15973,1137
4728.892347,2374338963,2374340097,15683,1134
4728.904378,2374348012,2374349145,15821,1133
4728.916408,2374357108,2374358244,15940,1136
4729.000552,2374420441,2374421574,15682,1133
4729.012579,2374429497,2374430633,15808,1136
4729.033631,2374445364,2374446499,15973,1135
4729.045638,2374454390,2374455524,15680,1134
4729.063685,2374467986,2374469122,15955,1136
4729.075702,2374477045,2374478178,15798,1133
4729.087734,2374486106,2374487241,15971,1135
4729.108765,2374501957,2374503090,15602,1133
4729.120789,2374511011,2374512147,15821,1136
4729.135821,2374522381,2374523517,15918,1136
4729.147841,2374531470,2374532606,15845,1136
4729.159868,2374540536,2374541668,15937,1132
4729.171891,2374549627,2374550758,15955,1131
4729.183909,2374558711,2374559844,15836,1133
4729.195938,2374567801,2374568938,15939,1137
4729.207956,2374576874,2374578005,15836,1131
4729.219979,2374585962,2374587098,15850,1136
4729.232010,2374595052,2374596188,16005,1136
4729.244027,2374604127,2374605259,15940,1132
4729.256054,2374613212,2374614344,15887,1132
4729.274081,2374626817,2374627952,15816,1135
4729.286111,2374635903,2374637034,15935,1131
4729.298120,2374645039,2374646173,15679,1134
4729.308331,2374654126,2374655262,15841,1136
4729.322180,2374663213,2374664348,15941,1135
4729.337201,2374674551,2374675687,15908,1136
4729.352225,2374685901,2374687030,15758,1129
4729.364255,2374694984,2374696116,15854,1132
4729.376284,2374704050,2374705181,15995,1131
4729.388301,2374713097,2374714234,15934,1137
4729.409334,2374728965,2374730103,15806,1138
4729.424357,2374740319,2374741452,15707,1133
4729.436391,2374749931,2374751063,15827,1132
4729.455924,2374765160,2374766295,15599,1135
4729.469450,2374775582,2374776715,15846,1133
4729.496495,2374795984,2374797118,15679,1134
4729.508523,2374805069,2374806206,15900,1137
4729.565641,2374848089,2374849226,16033,1137
4729.577652,2374857157,2374858290,15762,1133
4729.640770,2374904632,2374905765,15763,1133
4729.652807,2374913680,2374914817,15962,1137
4729.664830,2374922771,2374923906,16033,1135
4729.692882,2374945375,2374946505,15764,1130
4729.709919,2374956863,2374957998,15989,1135
4729.724938,2374968162,2374969299,15812,1137
4729.736969,2374977249,2374978385,15958,1136
4729.751995,2374988545,2374989682,15883,1137
4729.764018,2374997638,2374998776,15945,1138
4729.776038,2375006705,2375007841,15941,1136
4729.788054,2375015790,2375016896,15617,1106
4729.800088,2375024814,2375025950,15963,1136
4729.818123,2375038387,2375039523,15968,1136
4729.830130,2375047419,2375048552,15687,1133
4729.872226,2375079139,2375080274,15976,1135
4729.884233,2375088204,2375089338,15684,1134
4729.896265,2375097294,2375098429,15828,1135
4729.908295,2375106375,2375107510,15940,1135
4729.924330,2375120019,2375121152,15958,1133
4729.972412,2375156230,2375157365,15682,1135
4730.025517,2375194699,2375195831,15975,1132
4730.037525,2375203724,2375204857,15685,1133
4730.055571,2375217313,2375218446,15954,1133
4730.067585,2375226393,2375227514,15630,1121
4730.079622,2375235446,2375236581,15972,1135
4730.091636,2375244524,2375245659,15841,1135
4730.103665,2375253607,2375254738,15912,1131
4730.115690,2375262696,2375263832,15977,1136
4730.127704,2375271773,2375272910,15839,1137
4730.139732,2375280840,2375281975,15906,1135
4730.151756,2375289924,2375291060,15966,1136
4730.169792,2375303531,2375304667,15970,1136
4730.181799,2375312557,2375313690,15685,1133
4730.247938,2375362329,2375363466,15880,1137
4730.259961,2375371413,2375372549,15945,1136
4730.271970,2375380454,2375381583,15682,1129
4730.290005,2375394049,2375395182,15681,1133
4730.302037,2375403141,2375404272,15842,1131
4730.317056,2375414462,2375415592,15682,1130
4730.332100,2375425786,2375426921,15976,1135
4730.344119,2375434943,2375436075,16030,1132
4730.356134,2375444015,2375445129,15699,1114
4730.368169,2375453034,2375454170,16050,1136
4730.380176,2375462097,2375463231,15763,1134
4730.392208,2375471167,2375472301,15918,1134
4730.410241,2375484747,2375485884,15898,1137
4730.422271,2375493836,2375494969,15955,1133
4730.503427,2375554919,2375556052,15991,1133
4730.515433,2375563969,2375565098,15684,1129
4730.527464,2375573044,2375574180,15829,1136
4730.539496,2375582100,2375583234,16024,1134
4730.551515,2375591153,2375592286,15956,1133
4730.572549,2375607023,2375608142,15669,1119
4730.584580,2375616091,2375617227,15956,1136
4730.611632,2375636459,2375637595,15975,1136
4730.623639,2375645525,2375646659,15683,1134
4730.635671,2375654602,2375655734,15828,1132
4730.647698,2375663650,2375664786,15906,1136
4730.668725,2375679503,2375680636,15681,1133
4730.680756,2375688555,2375689687,15802,1132
4730.713811,2375713453,2375714586,15685,1133
4730.725841,2375722528,2375723661,15825,1133
4730.740862,2375733856,2375734988,15683,1132
4730.752893,2375742942,2375744077,15847,1135
4730.816013,2375790443,2375791579,15819,1136
4730.828043,2375799494,2375800630,15971,1136
4730.840050,2375808549,2375809683,15681,1134
4730.909198,2375860628,2375861764,15978,1136
4730.921216,2375869706,2375870841,15936,1135
4730.945264,2375887823,2375888959,15943,1136
4730.955779,2375896149,2375897289,15847,1140
4730.976826,2375912126,2375913257,15976,1131
4730.988834,2375921147,2375922276,15686,1129
4731.000865,2375930230,2375931362,15845,1132
4731.024903,2375948341,2375949477,15688,1136
4731.036933,2375957403,2375958539,15820,1136
4731.048964,2375966492,2375967629,15944,1137
4731.060982,2375975571,2375976707,15946,1136
4731.082019,2375991413,2375992545,15904,1132
4731.094048,2376000490,2376001626,16048,1136
4731.130118,2376027658,2376028795,16067,1137
4731.142131,2376036718,2376037850,15688,1132
4731.154156,2376045780,2376046916,15818,1136
4731.166189,2376054863,2376056000,15955,1137
4731.178206,2376063920,2376065052,15941,1132
4731.232297,2376104643,2376105778,15683,1135
4731.244323,2376113701,2376114833,15806,1132
4731.268365,2376131853,2376132983,15683,1130
4731.280396,2376140891,2376142026,15817,1135
4731.295430,2376152236,2376153369,15956,1133
4731.332507,2376181667,2376182803,15823,1136
4731.361551,2376202036,2376203171,15821,1135
4731.373581,2376211125,2376212260,15956,1135
4731.385588,2376220185,2376221319,15729,1134
4731.433688,2376256417,2376257549,15819,1132
4731.445718,2376265488,2376266624,15900,1136
4731.463753,2376279046,2376280182,16065,1136
4731.475771,2376288102,2376289233,16028,1131
4731.493806,2376301711,2376302846,16044,1135
4731.505824,2376310762,2376311896,15909,1134
4731.536888,2376335665,2376336801,15935,1136
4731.559928,2376351527,2376352663,15820,1136
4731.571958,2376360592,2376361726,16021,1134
4731.583977,2376369639,2376370775,15942,1136
4731.595996,2376378720,2376379852,15833,1132
4731.608027,2376387774,2376388910,15976,1136
4731.620043,2376396816,2376397952,15890,1136
4731.632065,2376405898,2376407034,15748,1136
4731.644096,2376414943,2376416079,15997,1136
4731.656114,2376424001,2376425136,15935,1135
4731.689179,2376448896,2376450031,15949,1135
4731.701200,2376457980,2376459116,15944,1136
4731.713220,2376467068,2376468204,15849,1136
4731.728251,2376478408,2376479544,15908,1136
4731.755292,2376498789,2376499922,15684,1133
4731.767322,2376507869,2376509005,15839,1136
4731.779355,2376516970,2376518105,15980,1135
4731.791373,2376526017,2376527152,15957,1135
4731.803391,2376535093,2376536226,15829,1133
4731.815421,2376544166,2376545297,15957,1131
4731.827440,2376553219,2376554354,15947,1135
4731.845474,2376566831,2376567967,15941,1136
4731.857494,2376575908,2376577044,15743,1136
4731.908594,2376614454,2376615586,15937,1132
4731.920614,2376623511,2376624643,15819,1132
4731.944663,2376641644,2376642780,15943,1136
4731.956682,2376650697,2376651829,15818,1132
4731.968714,2376659776,2376660913,15968,1137
4731.980733,2376668879,2376670014,15944,1135
4732.013798,2376693835,2376694971,15958,1136
4732.025817,2376702892,2376704028,16026,1136
4732.068900,2376736875,2376738008,15763,1133
4732.103970,2376761821,2376762955,15971,1134
4732.115988,2376770871,2376772007,15942,1136
4732.128009,2376779958,2376781094,15826,1136
4732.140039,2376789015,2376790151,15998,1136
4732.152057,2376798072,2376799208,15943,1136
4732.164077,2376807150,2376808285,15825,1135
4732.177107,2376818493,2376819626,15939,1133
4732.189135,2376827587,2376828723,15843,1136
4732.206149,2376838922,2376840056,15680,1134
4732.218180,2376847993,2376849125,15827,1132
4732.237222,2376863872,2376865010,15934,1138
4732.266279,2376884264,2376885396,15958,1132
4732.281307,2376895582,2376896718,15911,1136
4732.293330,2376904658,2376905794,15959,1136
4732.383499,2376972558,2376973692,15989,1134
4732.397027,2376983072,2376984208,15885,1136
4732.460147,2377030619,2377031751,15974,1132
4732.472165,2377040217,2377041351,15939,1134
4732.490200,2377053845,2377054980,15938,1135
4732.502220,2377062935,2377064067,15828,1132
4732.514250,2377072020,2377073156,15954,1136
4732.583375,2377124158,2377125290,15819,1132
4732.595406,2377133451,2377134586,15955,1135
4732.607423,2377142512,2377143644,15898,1132
4732.619443,2377151598,2377152729,15832,1131
4732.631471,2377160641,2377161775,15995,1134
4732.652502,2377176485,2377177612,15661,1127
4732.664529,2377185541,2377186676,15823,1135
4732.692579,2377208209,2377209345,15924,1136
4732.751697,2377251333,2377252469,15936,1136
4732.763720,2377260407,2377261539,15871,1132
4732.775746,2377269487,2377270623,15947,1136
4732.787766,2377278531,2377279661,15896,1130
4732.799786,2377287630,2377288767,15788,1137
4732.811817,2377296713,2377297845,15964,1132
4732.823835,2377305789,2377306921,15941,1132
4732.835850,2377314862,2377315963,15614,1101
4732.847884,2377323898,2377325034,15954,1136
4732.868920,2377339753,2377340890,15931,1137
4732.880940,2377348833,2377349965,15841,1132
4732.904987,2377366939,2377368072,15926,1133
4732.917009,2377376010,2377377145,15831,1135
4732.998163,2377437152,2377438284,15917,1132
4733.010196,2377446248,2377447383,15958,1135
4733.064296,2377487098,2377488235,15990,1137
4733.076313,2377496148,2377497279,15948,1131
4733.091347,2377507503,2377508639,16037,1136
4733.115382,2377525639,2377526747,15700,1108
4733.127416,2377534673,2377535805,16056,1132
4733.139436,2377543715,2377544850,15999,1135
4733.151455,2377552769,2377553901,15829,1132
4733.205553,2377593496,2377594611,15615,1115
4733.217587,2377602607,2377603740,16033,1133
4733.229606,2377611656,2377612792,16045,1136
4733.256656,2377632052,2377633188,16030,1136
4733.271692,2377643378,2377644513,16174,1135
4733.319776,2377679547,2377680681,16015,1134
4733.331794,2377688639,2377689754,15700,1115
4733.343828,2377697657,2377698791,16032,1134
4733.355846,2377706710,2377707844,15945,1134
4733.367862,2377715763,2377716864,15623,1101
4733.379895,2377724803,2377725939,15935,1136
4733.391913,2377733865,2377735001,15947,1136
4733.403931,2377742917,2377744036,15621,1119
4733.415966,2377751943,2377753072,15998,1129
4733.427981,2377760974,2377762106,15955,1132
4733.439999,2377770017,2377771127,15617,1110
4733.461052,2377785858,2377786992,16087,1134
4733.473068,2377794930,2377796062,15849,1132
4733.545206,2377849236,2377850373,15944,1137
4733.557222,2377858288,2377859393,15617,1105
4733.608325,2377896686,2377897818,15926,1132
4733.620354,2377905760,2377906896,15988,1136
4733.647394,2377926129,2377927240,15701,1111
4733.659430,2377935147,2377936277,16183,1130
4733.671445,2377944185,2377945320,15851,1135
4733.683462,2377953258,2377954370,15617,1112
4733.695498,2377962278,2377963409,16089,1131
4733.719543,2377974376,2377975006,12029,630
4733.733054,2377979696,2377980512,13217,816
4733.745092,2377988372,2377989502,16171,1130
4733.781160,2378015446,2378016578,16174,1132
4733.793176,2378024482,2378025617,15887,1135
4733.820228,2378044792,2378045922,15957,1130
4733.832245,2378053863,2378054969,15621,1106
4733.844280,2378062871,2378064001,16086,1130
4733.856296,2378071901,2378073033,15930,1132
4733.868326,2378080935,2378082046,15758,1111
4733.880349,2378089955,2378091089,16088,1134
4733.895365,2378101267,2378102382,15624,1115
4733.907401,2378110296,2378111430,16065,1134
4733.919417,2378119337,2378120465,15868,1128
4733.931434,2378128410,2378129516,15620,1106
4733.943469,2378137415,2378138545,16084,1130
4733.955485,2378146442,2378147577,15930,1135
4733.967515,2378155486,2378156592,15757,1106
4733.979537,2378164499,2378165632,16085,1133
4733.991558,2378173992,2378175126,15945,1134
4734.003573,2378183051,2378184165,15693,1114
4734.015608,2378192083,2378193213,16148,1130
4734.027625,2378201153,2378202287,15943,1134
4734.039636,2378210196,2378211312,15583,1116
4734.051675,2378219222,2378220356,16088,1134
4734.063691,2378228256,2378229390,15901,1134
4734.075708,2378237298,2378238404,15622,1106
4734.087743,2378246309,2378247439,16025,1130
4734.099759,2378255329,2378256461,15931,1132
4734.111777,2378264367,2378265473,15623,1106
4734.123810,2378273395,2378274527,15935,1132
4734.135832,2378282442,2378283573,16007,1131
4734.147845,2378291474,2378292589,15617,1115
4734.159880,2378300485,2378301617,16083,1132
4734.171896,2378309491,2378310627,15957,1136
4734.183914,2378318551,2378319661,15625,1110
4734.195950,2378327567,2378328701,16089,1134
4734.207967,2378336620,2378337752,15944,1132
4734.221492,2378345373,2378346508,15905,1135
4734.239525,2378358955,2378360090,16012,1135
4734.251542,2378368000,2378369117,15704,1117
4734.263578,2378377027,2378378157,16091,1130
4734.275595,2378386083,2378387219,15942,1136
4734.287615,2378395110,2378396246,15922,1136
4734.299646,2378404168,2378405302,16124,1134
4734.311663,2378413207,2378414338,16016,1131
4734.323679,2378422240,2378423346,15699,1106
4734.335714,2378431261,2378432393,16165,1132
4734.347731,2378440272,2378441407,15927,1135
4734.359748,2378449314,2378450425,15618,1111
4734.371781,2378458357,2378459493,15936,1136
4734.383799,2378467403,2378468535,15938,1132
4734.395817,2378476437,2378477548,15672,1111
4734.407852,2378485467,2378486597,16173,1130
4734.419867,2378494508,2378495643,15955,1135
4734.431885,2378503581,2378504687,15601,1106
4734.443921,2378512647,2378513780,16174,1133
4734.455937,2378521684,2378522819,15926,1135
4734.467961,2378530725,2378531859,15893,1134
4734.479989,2378539773,2378540907,16047,1134
4734.492006,2378548816,2378549951,15929,1135
4734.504027,2378557888,2378559020,15769,1132
4734.516055,2378566938,2378568068,15995,1130
4734.528076,2378575991,2378577123,15945,1132
4734.540091,2378585026,2378586137,15620,1111
4734.552126,2378594045,2378595173,16029,1128
4734.564143,2378603066,2378604202,15869,1136
4734.576160,2378612134,2378613243,15633,1109
4734.589190,2378623418,2378624548,15997,1130
4734.624264,2378648254,2378649385,16082,1131
4734.636280,2378657291,2378658426,15898,1135
4734.648297,2378666342,2378667457,15619,1115
4734.660332,2378675356,2378676489,16088,1133
4734.681367,2378691232,2378692366,15937,1134
4734.693383,2378700295,2378701410,15618,1115
4734.724448,2378725150,2378726288,16015,1138
4734.759521,2378749976,2378751106,16085,1130
4734.771539,2378759037,2378760173,15942,1136
4734.783554,2378768070,2378769185,15624,1115
4734.795590,2378777080,2378778209,16088,1129
4734.807605,2378786107,2378787237,15922,1130
4734.819622,2378795139,2378796244,15616,1105
4734.831659,2378804144,2378805279,16037,1135
4734.843676,2378813210,2378814346,15943,1136
4734.855691,2378822282,2378823392,15705,1110
4734.867727,2378831330,2378832465,15980,1135
4734.879743,2378840368,2378841500,15947,1132
4734.891760,2378849399,2378850510,15623,1111
4734.903795,2378858425,2378859555,16085,1130
4734.915810,2378867456,2378868588,15951,1132
4734.927828,2378876503,2378877609,15617,1106
4734.939864,2378885511,2378886640,16086,1129
4734.951880,2378894542,2378895671,16017,1129
4734.963901,2378903574,2378904709,15947,1135
4734.975933,2378912626,2378913760,16176,1134
4734.996966,2378928427,2378929559,16009,1132
4735.008996,2378937484,2378938593,15839,1109
4735.033034,2378955532,2378956668,16013,1136
4735.045052,2378964588,2378965693,15560,1105
4735.081120,2378991699,2378992804,15719,1105
4735.093156,2379000736,2379001867,15997,1131
4735.105178,2379009812,2379010944,15993,1132
4735.141246,2379037032,2379038166,15979,1134
4735.153262,2379046101,2379047233,15944,1132
4735.177309,2379064201,2379065337,15928,1136
4735.189326,2379073253,2379074368,15621,1115
4735.204360,2379084523,2379085655,15922,1132
4735.216378,2379093592,2379094698,15626,1106
4735.243429,2379113908,2379115019,15623,1111
4735.255465,2379122938,2379124072,16087,1134
4735.267482,2379132013,2379133147,15941,1134
4735.291530,2379150155,2379151287,15907,1132
4735.303556,2379159215,2379160347,15994,1132
4735.315573,2379168290,2379169422,15881,1132
4735.327601,2379177363,2379178499,15825,1136
4735.339617,2379186429,2379187561,15890,1132
4735.351639,2379195476,2379196609,15817,1133
4735.363669,2379204566,2379205701,15944,1135
4735.375686,2379213616,2379214750,15926,1134
4735.387704,2379222658,2379223768,15602,1110
4735.399738,2379231672,2379232801,16086,1129
4735.411753,2379240720,2379241855,15958,1135
4735.423772,2379249757,2379250867,15621,1110
4735.435807,2379258767,2379259901,16085,1134
4735.447822,2379267807,2379268935,15838,1128
4735.459845,2379276857,2379277989,15848,1132
4735.471876,2379285899,2379287028,16090,1129
4735.483892,2379294931,2379296063,16017,1132
4735.497420,2379305286,2379306420,16004,1134
4735.509439,2379314751,2379315887,15870,1136
4735.521470,2379323812,2379324946,16179,1134
4735.533490,2379332866,2379333999,16084,1133
4735.548522,2379344167,2379345301,16171,1134
4735.560537,2379353205,2379354340,16007,1135
4735.572557,2379362245,2379363357,15646,1112
4735.584591,2379371254,2379372382,16090,1128
4735.656725,2379425428,2379426557,16079,1129
4735.668743,2379434477,2379435608,15929,1131
4735.701813,2379459321,2379460450,16174,1129
4735.713830,2379468391,2379469523,15940,1132
4735.776949,2379515804,2379516937,15924,1133
4735.788967,2379524842,2379525951,15623,1109
4735.816018,2379545177,2379546278,15719,1101
4735.828053,2379554187,2379555318,16090,1131
4735.846087,2379567735,2379568865,16079,1130
4735.858102,2379576738,2379577875,15954,1137
4735.870122,2379585800,2379586912,15602,1112
4735.882156,2379594822,2379595952,16087,1130
4735.912208,2379617430,2379618565,15945,1135
4735.924223,2379626478,2379627581,15665,1103
4735.936259,2379635490,2379636619,16178,1129
4735.948275,2379644511,2379645646,16017,1135
4735.960289,2379653563,2379654673,15628,1110
4735.972327,2379662578,2379663708,16114,1130
4735.988357,2379676124,2379677260,16044,1136
4736.041447,2379714529,2379715638,15706,1109
4736.053479,2379723545,2379724675,15997,1130
4736.068498,2379734846,2379735955,15626,1109
4736.080533,2379743875,2379745009,16174,1134
4736.092551,2379752932,2379754070,16026,1138
4736.104570,2379762007,2379763142,15953,1135
4736.155668,2379800419,2379801551,16043,1132
4736.167686,2379809462,2379810574,15623,1112
4736.179721,2379818482,2379819612,16039,1130
4736.191738,2379827513,2379828648,15931,1135
4736.203760,2379836543,2379837679,15869,1136
4736.215790,2379845585,2379846718,16088,1133
4736.227806,2379854587,2379855719,15927,1132
4736.239824,2379863620,2379864726,15623,1106
4736.251856,2379872619,2379873749,15993,1130
4736.263875,2379881651,2379882783,15931,1132
4736.275892,2379890691,2379891796,15624,1105
4736.287928,2379899756,2379900886,16039,1130
4736.299944,2379908790,2379909921,15866,1131
4736.311961,2379917861,2379918976,15636,1115
4736.323997,2379926874,2379928008,16060,1134
4736.336013,2379935914,2379937048,15929,1134
4736.348042,2379944939,2379946049,15756,1110
4736.360065,2379953948,2379955078,16088,1130
4736.372080,2379962967,2379964100,15924,1133
4736.408149,2379990070,2379991206,15978,1136
4736.420167,2379999111,2380000226,15686,1115
4736.432202,2380008130,2380009260,16182,1130
4736.444217,2380017152,2380018287,16012,1135
4736.456235,2380026197,2380027302,15701,1105
4736.468270,2380035200,2380036334,16176,1134
4736.480291,2380044240,2380045375,16093,1135
4736.492304,2380053295,2380054405,15707,1110
4736.504339,2380062339,2380063474,16039,1135
4736.519356,2380073646,2380074758,15709,1112
4736.531391,2380082656,2380083786,16176,1130
4736.543407,2380091694,2380092826,15928,1132
4736.555424,2380100726,2380101841,15623,1115
4736.567459,2380109748,2380110873,16085,1125
4736.579478,2380118768,2380119902,16002,1134
4736.591492,2380127807,2380128916,15621,1109
4736.603526,2380136847,2380137979,15889,1132
4736.624561,2380152637,2380153772,15927,1135
4736.636579,2380161675,2380162784,15626,1109
4736.681664,2380195555,2380196660,15704,1105
4736.693700,2380204566,2380205696,16174,1130
4736.720751,2380224904,2380226038,16129,1134
4736.732767,2380233958,2380235089,15925,1131
4736.807904,2380290396,2380291502,15636,1106
4736.819940,2380299413,2380300543,16091,1130
4736.831955,2380308442,2380309573,15930,1131
4736.843985,2380317465,2380318580,15759,1115
4736.856007,2380326473,2380327603,15994,1130
4736.868024,2380335476,2380336611,15930,1135
4736.880042,2380344512,2380345622,15626,1110
4736.892078,2380353534,2380354668,15996,1134
4736.904094,2380362602,2380363736,15943,1134
4736.937163,2380387424,2380388556,16091,1132
4736.949177,2380396470,2380397606,15956,1136
4736.961198,2380405512,2380406622,15647,1110
4737.003283,2380437124,2380438259,15944,1135
4737.013312,2380445255,2380446400,15976,1145
4737.025824,2380454325,2380455461,15927,1136
4737.037841,2380463370,2380464475,15704,1105
4737.064892,2380483715,2380484825,15700,1110
4737.076928,2380492723,2380493853,16178,1130
4737.091955,2380504031,2380505137,15840,1106
4737.112997,2380519838,2380520972,16082,1134
4737.128013,2380531134,2380532235,15622,1101
4737.140048,2380540129,2380541259,16087,1130
4737.152066,2380549203,2380550337,15945,1134
4737.182116,2380571799,2380572910,15620,1111
4737.194148,2380580813,2380581942,16077,1129
4737.206167,2380589863,2380590997,16011,1134
4737.224201,2380603445,2380604575,16012,1130
4737.236223,2380612473,2380613606,15889,1133
4737.248253,2380621541,2380622676,16023,1135
4737.269287,2380637318,2380638449,16013,1131
4737.281304,2380646380,2380647484,15701,1104
4737.296337,2380657663,2380658800,16042,1137
4737.308360,2380666717,2380667848,15922,1131
4737.320390,2380675785,2380676916,16049,1131
4737.332409,2380684850,2380685985,16032,1135
4737.353446,2380700721,2380701852,15925,1131
4737.365476,2380709782,2380710916,16051,1134
4737.456647,2380780009,2380781144,15941,1135
4737.479686,2380795881,2380797016,15833,1135
4737.491715,2380804954,2380806086,16048,1132
4737.503735,2380814008,2380815142,16031,1134
4737.515755,2380823101,2380824232,15920,1131
4737.527786,2380832160,2380833275,15802,1115
4737.539802,2380841200,2380842332,15845,1132
4737.551824,2380850261,2380851392,15833,1131
4737.563853,2380859296,2380860428,15976,1132
4737.575872,2380868367,2380869499,15937,1132
4737.587899,2380877428,2380878564,15993,1136
4737.599917,2380886468,2380887603,16033,1135
4737.620956,2380902275,2380903405,16053,1130
4737.632975,2380911273,2380912403,15719,1130
4737.657024,2380929353,2380930484,16048,1131
4737.669043,2380938360,2380939489,15712,1129
4737.705112,2380965446,2380966574,15712,1128
4737.717140,2380974486,2380975617,16031,1131
4737.774247,2381017389,2381018519,16046,1130
4737.789283,2381028679,2381029810,16099,1131
4737.801299,2381037913,2381039048,15963,1135
4737.813318,2381046913,2381048042,15709,1129
4737.825349,2381055936,2381057051,15889,1115
4737.840372,2381067211,2381068342,15913,1131
4737.852398,2381076232,2381077366,16041,1134
4737.864418,2381085270,2381086398,16049,1128
4737.876437,2381094284,2381095413,15710,1129
4737.891473,2381105578,2381106713,16036,1135
4737.903489,2381114597,2381115726,15701,1129
4737.916525,2381125915,2381127049,16050,1134
4737.993661,2381182312,2381183443,15705,1131
4738.005690,2381191349,2381192481,16045,1132
4738.017710,2381200384,2381201515,15962,1131
4738.044763,2381220708,2381221843,15929,1135
4738.056781,2381229710,2381230843,15623,1133
4738.068810,2381238737,2381239872,15949,1135
4738.096861,2381261315,2381262450,15962,1135
4738.116899,2381274889,2381276019,15963,1130
4738.128918,2381283922,2381285051,15708,1129
4738.201058,2381338115,2381339246,15908,1131
4738.213084,2381347158,2381348290,16036,1132
4738.225103,2381356197,2381357332,15948,1135
4738.249153,2381374246,2381375378,15999,1132
4738.264175,2381385522,2381386651,15706,1129
4738.303256,2381414851,2381415982,16032,1131
4738.318278,2381426120,2381427247,15707,1127
4738.336315,2381439698,2381440828,15917,1130
4738.348341,2381448728,2381449858,16040,1130
4738.375393,2381469021,2381470152,16037,1131
4738.387416,2381478056,2381479187,16039,1131
4738.399432,2381487063,2381488196,15707,1133
4738.411461,2381496092,2381497222,16038,1130
4738.423482,2381505116,2381506247,16047,1131
4738.516655,2381575001,2381576130,15624,1129
4738.528685,2381584435,2381585566,15951,1131
4738.540708,2381593510,2381594645,15930,1135
4738.552723,2381602526,2381603655,15630,1129
4738.567756,2381613813,2381614948,15956,1135
4738.624861,2381656647,2381657776,15629,1129
4738.636894,2381665699,2381666830,15962,1131
4738.693992,2381708573,2381709708,15881,1135
4738.706015,2381717583,2381718712,15627,1129
4738.718044,2381726604,2381727739,15945,1135
4738.742084,2381744685,2381745818,15678,1133
4738.754119,2381753746,2381754879,15965,1133
4738.829253,2381810142,2381811273,15840,1131
4738.841272,2381819177,2381820304,15594,1127
4738.856307,2381830501,2381831632,15936,1131
4738.913410,2381873365,2381874492,15708,1127
4738.925439,2381882410,2381883542,16037,1132
4738.949478,2381900487,2381901616,15708,1129
4738.961508,2381909522,2381910654,15954,1132
4739.036650,2381965925,2381967060,15935,1135
4739.048667,2381974966,2381976094,15598,1128
4739.111787,2382022320,2382023449,15707,1129
4739.123816,2382031352,2382032483,16039,1131
4739.135837,2382040411,2382041545,16020,1134
4739.153871,2382053954,2382055089,16052,1135
4739.165892,2382062990,2382064118,15626,1128
4739.207973,2382094593,2382095724,15964,1131
4739.219993,2382103599,2382104727,15628,1128
4739.232026,2382112653,2382113788,15965,1135
4739.244043,2382121678,2382122812,15965,1134
4739.256061,2382130684,2382131813,15628,1129
4739.268095,2382139736,2382140867,15965,1131
4739.337216,2382191598,2382192730,15631,1132
4739.349245,2382200623,2382201753,15865,1130
4739.361264,2382209654,2382210788,15957,1134
4739.400336,2382239023,2382240152,15626,1129
4739.412366,2382248050,2382249183,15971,1133
4739.452446,2382279643,2382280775,15629,1132
4739.556639,2382356342,2382357474,15950,1132
4739.568659,2382365370,2382366500,15960,1130
4739.583692,2382376652,2382377783,15954,1131
4739.595709,2382385681,2382386811,15951,1130
4739.607730,2382394688,2382395821,15624,1133
4739.619763,2382403745,2382404876,15967,1131
4739.631781,2382412808,2382413943,15935,1135
4739.643798,2382421822,2382422950,15624,1128
4739.673865,2382444368,2382445502,15995,1134
4739.685882,2382453397,2382454528,15960,1131
4739.752005,2382502995,2382504122,15628,1127
4739.764033,2382512010,2382513144,15940,1134
4739.776057,2382521038,2382522171,15950,1133
4739.789580,2382531402,2382532533,15964,1131
4739.801599,2382540384,2382541516,15631,1132
4739.849697,2382576449,2382577584,15948,1135
4739.861717,2382585483,2382586617,15965,1134
4739.873738,2382594526,2382595657,15823,1131
4739.909805,2382621665,2382622793,15597,1128
4739.921837,2382630688,2382631823,15997,1135
4739.981942,2382675777,2382676906,15600,1129
4739.993973,2382685014,2382686145,15952,1131
4740.005991,2382694052,2382695183,15965,1131
4740.018018,2382703040,2382704171,15711,1131
4740.033046,2382714970,2382716101,15933,1131
4740.045062,2382723973,2382725101,15626,1128
4740.057091,2382732997,2382734132,15947,1135
4740.069111,2382742031,2382743162,15856,1131
4740.081131,2382751060,2382752189,15597,1129
4740.102177,2382766853,2382767984,15950,1131
4740.114196,2382775888,2382777024,15758,1136
4740.126227,2382784963,2382786098,15925,1135
4740.138249,2382794025,2382795156,15986,1131
4740.157787,2382809134,2382810269,15888,1135
4740.169808,2382818196,2382819327,15987,1131
4740.184830,2382829521,2382830652,15833,1131
4740.199860,2382840832,2382841963,16051,1131
4740.211879,2382849835,2382850966,15710,1131
4740.223912,2382858902,2382860033,16003,1131
4740.235929,2382867922,2382869053,15966,1131
4740.247948,2382876966,2382878095,15592,1129
4740.265990,2382890507,2382891634,15707,1127
4740.278011,2382899532,2382900663,15948,1131
4740.296046,2382913076,2382914209,15945,1133
4740.308066,2382922108,2382923243,15964,1135
4740.320088,2382931169,2382932303,15840,1134
4740.332114,2382940206,2382941337,15951,1131
4740.344134,2382949234,2382950365,16051,1131
4740.356153,2382958241,2382959370,15711,1129
4740.368185,2382967259,2382968389,16079,1130
4740.380203,2382976284,2382977418,16050,1134
4740.392222,2382985293,2382986421,15708,1128
4740.428291,2383012378,2383013506,15590,1128
4740.440319,2383021405,2383022538,15949,1133
4740.528491,2383089077,2383090209,16048,1132
4740.551529,2383104866,2383106001,16049,1135
4740.563555,2383113876,2383115005,15796,1129
4740.575579,2383122906,2383124006,15892,1100
4740.596615,2383138666,2383139800,16046,1134
4740.608634,2383147691,2383148824,15628,1133
4740.635686,2383168023,2383169150,15629,1127
4740.647714,2383177040,2383178175,15949,1135
4740.659735,2383186074,2383187205,15962,1131
4740.677767,2383199596,2383200727,16033,1131
4740.689786,2383208592,2383209721,15709,1129
4740.737886,2383244697,2383245827,16035,1130
4740.749906,2383253720,2383254851,16047,1131
4740.776957,2383274018,2383275149,15962,1131
4740.788976,2383283009,2383284137,15624,1128
4740.801006,2383292032,2383293165,15860,1133
4740.816031,2383303331,2383304462,15826,1131
4740.828058,2383312370,2383313503,15959,1133
4740.840078,2383321404,2383322535,15964,1131
4740.861121,2383337177,2383338306,15703,1129
4740.873143,2383346206,2383347341,15948,1135
4740.906200,2383371003,2383372135,15628,1132
4740.918233,2383380065,2383381196,15948,1131
4740.951285,2383404862,2383405994,15625,1132
4740.963318,2383413884,2383415020,15995,1136
4740.975333,2383422922,2383424053,16035,1131
4740.987354,2383431913,2383433041,15712,1128
4741.005388,2383445447,2383446579,15706,1132
4741.017419,2383454513,2383455644,15943,1131
4741.056488,2383483829,2383484960,15951,1131
4741.068508,2383492870,2383493999,15595,1129
4741.128626,2383537996,2383539125,15963,1129
4741.140645,2383546993,2383548125,15627,1132
4741.156690,2383560555,2383561684,15675,1129
4741.191745,2383585357,2383586488,15944,1131
4741.203764,2383594356,2383595485,15627,1129
4741.215799,2383603419,2383604550,16024,1131
4741.227815,2383612452,2383613580,15966,1128
4741.239834,2383621468,2383622600,15632,1132
4741.251863,2383630493,2383631624,15951,1131
4741.263887,2383639519,2383640650,15956,1131
4741.320988,2383682407,2383683536,15590,1129
4741.333018,2383691445,2383692576,15948,1131
4741.354053,2383707236,2383708370,15943,1134
4741.366074,2383716226,2383717354,15626,1128
4741.417177,2383754588,2383755719,15936,1131
4741.429194,2383763631,2383764759,15682,1128
4741.450241,2383779405,2383780538,16051,1133
4741.462261,2383788434,2383789568,16017,1134
4741.474280,2383797449,2383798577,15713,1128
4741.489312,2383808731,2383809864,16051,1133
4741.537400,2383844792,2383845919,15705,1127
4741.549431,2383854216,2383855347,16051,1131
4741.561452,2383863485,2383864613,16036,1128
4741.579483,2383877018,2383878153,15952,1135
4741.591503,2383886057,2383887186,15594,1129
4741.603532,2383895085,2383896216,16037,1131
4741.615554,2383904145,2383905276,16021,1131
4741.627573,2383913157,2383914288,15625,1131
4741.639602,2383922179,2383923310,15961,1131
4741.684687,2383955989,2383957122,15948,1133
4741.696707,2383965014,2383966145,15964,1131
4741.784875,2384032672,2384033806,15960,1134
4741.801909,2384043938,2384045073,15945,1135
4741.813931,2384053001,2384054132,15936,1131
4741.828961,2384064242,2384065373,16037,1131
4741.840980,2384073282,2384074413,15947,1131
4741.865029,2384091304,2384092435,15944,1131
4741.877048,2384100327,2384101461,15944,1134
4741.898086,2384116086,2384117213,15627,1127
4741.910118,2384125144,2384126275,15952,1131
4741.928149,2384138676,2384139804,15950,1128
4741.940168,2384147699,2384148830,15948,1131
4741.952196,2384156707,2384157835,15630,1128
4741.964218,2384165730,2384166865,15946,1135
4741.985254,2384181499,2384182630,15946,1131
4741.997274,2384190484,2384191616,15546,1132
4742.009308,2384199540,2384200671,15949,1131
4742.021326,2384208587,2384209717,15851,1130
4742.045373,2384226625,2384227754,16049,1129
4742.057395,2384235667,2384236801,15861,1134
4742.069412,2384244667,2384245795,15545,1128
4742.081440,2384253683,2384254814,15946,1131
4742.111497,2384276272,2384277401,15937,1129
4742.123515,2384285300,2384286428,15592,1128
4742.135544,2384294325,2384295456,15946,1131
4742.147564,2384303359,2384304490,15960,1131
4742.165598,2384316869,2384318000,15960,1131
4742.177617,2384325865,2384326990,15626,1125
4742.213686,2384352922,2384354050,15593,1128
4742.225715,2384361947,2384363078,15953,1131
4742.249762,2384379970,2384381098,15707,1128
4742.261786,2384389013,2384390142,15949,1129
4742.273804,2384398039,2384399168,15964,1129
4742.285823,2384407027,2384408155,15626,1128
4742.315887,2384429593,2384430727,15950,1134
4742.327905,2384438629,2384439762,15941,1133
4742.339926,2384447625,2384448757,15715,1132
4742.351958,2384456660,2384457791,16081,1131
4742.369990,2384470172,2384471303,16036,1131
4742.382008,2384479195,2384480326,16031,1131
4742.409064,2384499505,2384500638,16034,1133
4742.421080,2384508503,2384509634,15680,1131
4742.442128,2384524286,2384525421,16045,1135
4742.454148,2384533345,2384534476,16020,1131
4742.466168,2384542375,2384543507,15627,1132
4742.526283,2384587511,2384588636,15947,1125
4742.628475,2384664177,2384665310,15624,1133
4742.640504,2384673207,2384674340,15948,1133
4742.661541,2384688996,2384690130,16050,1134
4742.673560,2384698011,2384699141,15711,1130
4742.728672,2384740870,2384742001,16055,1131
4742.796799,2384790455,2384791588,15941,1133
4742.816332,2384800284,2384800914,11963,630
4742.852410,2384820997,2384822127,15962,1130
4742.867430,2384832258,2384833390,15635,1132
4742.880458,2384843553,2384844687,16045,1134
4742.921532,2384872825,2384873952,15711,1127
4742.933563,2384881847,2384882951,15887,1104
4742.945582,2384890829,2384891959,15939,1130
4743.008700,2384938174,2384939308,15946,1134
4743.020721,2384947179,2384948307,15634,1128
4743.032752,2384956194,2384957298,15806,1104
4743.053789,2384971983,2384973113,15930,1130
4743.064316,2384980278,2384981413,15990,1135
4743.076329,2384989334,2384990466,15954,1132
4743.133435,2385032227,2385033355,15708,1128
4743.145467,2385041252,2385042386,16080,1134
4743.157484,2385050273,2385051404,16050,1131
4743.169504,2385059276,2385060405,15709,1129
4743.181533,2385068309,2385069440,16030,1131
4743.196558,2385079592,2385080722,15926,1130
4743.211588,2385090873,2385092008,16048,1135
4743.229622,2385104429,2385105562,16054,1133
4743.241648,2385113446,2385114574,15789,1128
4743.259675,2385126966,2385128092,15712,1126
4743.271706,2385135986,2385137120,16034,1134
4743.283725,2385145058,2385146187,15876,1129
4743.295746,2385154090,2385155219,15830,1129
4743.307774,2385163117,2385164246,15965,1129
4743.319792,2385172144,2385173275,15945,1131
4743.333321,2385180861,2385181992,15912,1131
4743.345341,2385189915,2385191048,15844,1133
4743.357368,2385198941,2385200071,16055,1130
4743.369388,2385207967,2385209097,16052,1130
4743.384418,2385219229,2385220360,15947,1131
4743.396440,2385228253,2385229387,15931,1134
4743.408456,2385237257,2385238385,15635,1128
4743.423490,2385248555,2385249689,15961,1134
4743.435509,2385257557,2385258689,15632,1132
4743.447543,2385266612,2385267747,15959,1135
4743.459558,2385275649,2385276778,15867,1129
4743.471576,2385284646,2385285775,15628,1129
4743.483609,2385293686,2385294816,15961,1130
4743.495631,2385302713,2385303844,15950,1131
4743.507645,2385311723,2385312854,15631,1131
4743.519678,2385320743,2385321852,15846,1109
4743.531696,2385329737,2385330868,15963,1131
4743.543718,2385338773,2385339903,15830,1130
4743.555746,2385347800,2385348910,15803,1110
4743.567764,2385356804,2385357937,15962,1133
4743.579784,2385365805,2385366933,15634,1128
4743.591816,2385374831,2385375962,15992,1131
4743.603832,2385383872,2385385003,15950,1131
4743.615852,2385392869,2385393997,15636,1128
4743.627881,2385401885,2385403021,15950,1136
4743.639902,2385410916,2385412046,15949,1130
4743.651921,2385419939,2385421067,15603,1128
4743.663950,2385428962,2385430096,15946,1134
4743.675969,2385437997,2385439126,15958,1129
4743.687998,2385447026,2385448158,15763,1132
4743.700021,2385456079,2385457210,15947,1131
4743.712039,2385465118,2385466247,15964,1129
4743.724058,2385474110,2385475238,15634,1128
4743.736087,2385483141,2385484272,15945,1131
4743.748111,2385492198,2385493329,15947,1131
4743.760127,2385501207,2385502336,15634,1129
4743.772155,2385510220,2385511350,15943,1130
4743.784176,2385519235,2385520365,15965,1130
4743.796196,2385528243,2385529371,15636,1128
4743.808224,2385537256,2385538386,15944,1130
4743.820245,2385546289,2385547422,15971,1133
4743.832264,2385555298,2385556429,15635,1131
4743.844299,2385564342,2385565457,15842,1115
4743.856312,2385573335,2385574465,16032,1130
4743.868332,2385582322,2385583450,15717,1128
4743.880363,2385591342,2385592472,16034,1130
4743.892383,2385600372,2385601500,15962,1128
4743.904401,2385609404,2385610532,15597,1128
4743.916430,2385618428,2385619559,15947,1131
4743.940473,2385636477,2385637607,15924,1130
4743.952498,2385645491,2385646621,16037,1130
4743.976537,2385663514,2385664641,15627,1127
4743.988570,2385672537,2385673671,15990,1134
4744.000588,2385681555,2385682685,15965,1130
4744.012607,2385690557,2385691685,15626,1128
4744.039662,2385710864,2385711997,15932,1133
4744.051687,2385719891,2385721022,15950,1131
4744.063708,2385728910,2385730040,15967,1130
4744.075727,2385737900,2385739026,15638,1126
4744.087759,2385746916,2385748045,15990,1129
4744.099776,2385755968,2385757099,15948,1131
4744.111796,2385765001,2385766129,15605,1128
4744.123824,2385774027,2385775158,15859,1131
4744.135846,2385783050,2385784180,15860,1130
4744.147864,2385792068,2385793198,15600,1130
4744.159893,2385801092,2385802225,15945,1133
4744.201968,2385832625,2385833757,15628,1132
4744.213997,2385841647,2385842782,15962,1135
4744.226016,2385850682,2385851811,15951,1129
4744.241052,2385861999,2385863130,15943,1131
4744.253071,2385871049,2385872180,15955,1131
4744.268099,2385882308,2385883438,15947,1130
4744.298152,2385904845,2385905976,15949,1131
4744.310173,2385914070,2385915202,15632,1132
4744.322202,2385923087,2385924221,15859,1134
4744.385325,2385970427,2385971558,16080,1131
4744.397341,2385979451,2385980581,15950,1130
4744.421390,2385997463,2385998595,15948,1132
4744.433411,2386006489,2386007620,15840,1131
4744.448443,2386017782,2386018912,16049,1130
4744.460461,2386026810,2386027942,15953,1132
4744.475493,2386038097,2386039226,15946,1129
4744.487517,2386047123,2386048253,15951,1130
4744.499536,2386056171,2386057302,15833,1131
4744.511562,2386065210,2386066344,16033,1134
4744.523581,2386074242,2386075376,15953,1134
4744.535604,2386083265,2386084396,15833,1131
4744.547631,2386092301,2386093432,15949,1131
4744.559651,2386101319,2386102448,16054,1129
4744.570181,2386109408,2386110539,16054,1131
4744.582196,2386118443,2386119573,15926,1130
4744.618261,2386145531,2386146662,15958,1131
4744.630289,2386154558,2386155686,15678,1128
4744.651328,2386170343,2386171477,16035,1134
4744.663346,2386179370,2386180500,16029,1130
4744.675367,2386188380,2386189509,15711,1129
4744.687400,2386197436,2386198570,16031,1134
4744.699417,2386206458,2386207588,15971,1130
4744.711438,2386215469,2386216597,15550,1128
4744.723465,2386224491,2386225625,15948,1134
4744.735489,2386233554,2386234685,15952,1131
4744.747507,2386242562,2386243693,15633,1131
4744.759535,2386251580,2386252709,15962,1129
4744.771553,2386260607,2386261740,15952,1133
4744.783576,2386269663,2386270796,15846,1133
4744.795602,2386278679,2386279809,15941,1130
4744.807623,2386287712,2386288839,15964,1127
4744.819640,2386296710,2386297842,15633,1132
4744.831675,2386305759,2386306892,15967,1133
4744.843692,2386314782,2386315915,15962,1133
4744.855710,2386323781,2386324911,15631,1130
4744.867740,2386332788,2386333918,15953,1130
4744.879760,2386341814,2386342944,15855,1130
4744.891778,2386350838,2386351964,15597,1126
4744.903809,2386359862,2386360995,15956,1133
4744.915828,2386368888,2386370021,15962,1133
4744.927855,2386377893,2386379021,15727,1128
4744.939876,2386386908,2386388039,15947,1131
4744.951897,2386395941,2386397072,15965,1131
4744.963916,2386404959,2386406091,15629,1132
4744.975945,2386413982,2386415115,15948,1133
4744.987969,2386423045,2386424175,15949,1130
4744.999985,2386432025,2386433157,15634,1132
4745.012013,2386441046,2386442176,15944,1130
4745.024034,2386450063,2386451193,15969,1130
4745.036053,2386459062,2386460190,15633,1128
4745.048082,2386468086,2386469220,15941,1134
4745.061111,2386479355,2386480487,15629,1132
4745.117208,2386519950,2386521077,15632,1127
4745.129239,2386529020,2386530151,15914,1131
4745.141265,2386538087,2386539216,16093,1129
4745.159298,2386551668,2386552801,15986,1133
4745.195366,2386578834,2386579968,15971,1134
4745.207379,2386587861,2386588989,15602,1128
4745.219408,2386596879,2386598013,15945,1134
4745.231431,2386605919,2386607049,15956,1130
4745.243447,2386614927,2386616059,15631,1132
4745.255478,2386623944,2386625078,15959,1134
4745.267499,2386633003,2386634133,15936,1130
4745.324610,2386675821,2386676950,15711,1129
4745.336632,2386684863,2386685993,15957,1130
4745.348650,2386693877,2386695008,15946,1131
4745.369688,2386709636,2386710764,15633,1128
4745.381721,2386718696,2386719826,15961,1130
4745.417785,2386745734,2386746865,15948,1131
4745.429809,2386754757,2386755887,15948,1130
4745.444836,2386766005,2386767136,15936,1131
4745.459859,2386777267,2386778395,15633,1128
4745.471888,2386786294,2386787425,15943,1131
4745.483910,2386795346,2386796475,15940,1129
4745.495928,2386804333,2386805464,15715,1131
4745.507959,2386813362,2386814459,15848,1097
4745.519978,2386822344,2386823474,16055,1130
4745.531996,2386831335,2386832465,15712,1130
4745.545026,2386842627,2386843757,15961,1130
4745.577086,2386865181,2386866312,15832,1131
4745.589111,2386874214,2386875344,15949,1130
4745.679288,2386941852,2386942982,15957,1130
4745.691303,2386950868,2386951997,15964,1129
4745.703322,2386959850,2386960980,15638,1130
4745.715354,2386968864,2386969972,15806,1108
4745.727374,2386977855,2386978985,15949,1130
4745.739391,2386986870,2386987998,15715,1128
4745.751419,2386995881,2386997015,16034,1134
4745.769453,2387009378,2387010512,16026,1134
4745.781476,2387018442,2387019576,16023,1134
4745.793494,2387027447,2387028576,15714,1129
4745.805523,2387036481,2387037614,16038,1133
4745.820553,2387047741,2387048873,15716,1132
4745.832574,2387056755,2387057884,15944,1129
4745.865631,2387081532,2387082660,15630,1128
4745.877664,2387090578,2387091708,15960,1130
4745.895694,2387104103,2387105233,15940,1130
4745.907715,2387113128,2387114256,15965,1128
4745.928754,2387128904,2387130038,15917,1134
4745.940780,2387137924,2387139052,16029,1128
4745.952802,2387146983,2387148113,15933,1130
4746.000888,2387183044,2387184172,15635,1128
4746.012917,2387192066,2387193197,15948,1131
4746.024939,2387201092,2387202221,15940,1129
4746.036957,2387210116,2387211244,15599,1128
4746.058003,2387225895,2387227024,15946,1129
4746.070024,2387234912,2387236042,15945,1130
4746.080331,2387244362,2387245495,15914,1133
4746.109094,2387264677,2387265810,15630,1133
4746.121126,2387273702,2387274832,15988,1130
4746.148174,2387293968,2387295097,15945,1129
4746.160196,2387303027,2387304160,15928,1133
4746.172217,2387312055,2387313185,15844,1130
4746.184243,2387321079,2387322209,16036,1130
4746.196264,2387330101,2387331232,16052,1131
4746.212326,2387343624,2387344754,16048,1130
4746.268401,2387384207,2387385341,15942,1134
4746.280419,2387393252,2387394384,15681,1132
4746.316496,2387420280,2387421408,15794,1128
4746.328519,2387429302,2387430433,16045,1131
4746.352557,2387447328,2387448460,15630,1132
4746.364590,2387456392,2387457522,15960,1130
4746.400654,2387483456,2387484587,15942,1131
4746.415685,2387494726,2387495856,15715,1130
4746.439727,2387512766,2387513900,15965,1134
4746.451746,2387521769,2387522900,15712,1131
4746.463774,2387530795,2387531925,15946,1130
4746.475797,2387539843,2387540977,15931,1134
4746.487814,2387548860,2387549988,15632,1128
4746.499843,2387557877,2387559007,15948,1130
4746.511864,2387566886,2387568016,15961,1130
4746.523883,2387575883,2387577008,15632,1125
4746.535911,2387584902,2387586032,15940,1130
4746.565966,2387607450,2387608580,15938,1130
4746.577987,2387616485,2387617615,15593,1130
4746.590015,2387625503,2387626627,15951,1124
4746.602036,2387634526,2387635656,15959,1130
4746.614062,2387643544,2387644675,15682,1131
4746.626084,2387652555,2387653685,15960,1130
4746.641106,2387663859,2387664988,15595,1129
4746.653135,2387672880,2387674010,15962,1130
4746.737293,2387735984,2387737119,15962,1135
4746.749311,2387744981,2387746109,15629,1128
4746.761340,2387753983,2387755117,15943,1134
4746.773362,2387763044,2387764166,15929,1122
4746.785380,2387772058,2387773186,15712,1128
4746.797413,2387781116,2387782246,16050,1130
4746.840493,2387814902,2387816036,16033,1134
4746.884569,2387846469,2387847597,15710,1128
4746.896600,2387855521,2387856652,16030,1131
4746.908619,2387864546,2387865680,16049,1134
4746.922146,2387874803,2387875933,16022,1130
4746.934166,2387883825,2387884958,15912,1133
4746.949195,2387895116,2387896250,16049,1134
4746.970232,2387910892,2387912020,15591,1128
4746.982261,2387919897,2387921027,15952,1130
4746.994283,2387928931,2387930061,15962,1130
4747.048384,2387969479,2387970608,15966,1129
4747.060413,2387978504,2387979635,15901,1131
4747.153586,2388048400,2388049531,15944,1131
4747.165610,2388057429,2388058563,15950,1134
4747.177626,2388066427,2388067558,15626,1131
4747.189658,2388075444,2388076540,15808,1096
4747.204678,2388086693,2388087820,15618,1127
4747.240746,2388113732,2388114859,15627,1127
4747.252775,2388122752,2388123883,15949,1131
4747.264798,2388131777,2388132908,15950,1131
4747.276815,2388140788,2388141920,15629,1132
4747.364996,2388208387,2388209515,15625,1128
4747.397050,2388230926,2388232056,16043,1130
4747.409070,2388239949,2388241083,15855,1134
4747.421089,2388248979,2388250106,15592,1127
4747.466175,2388282757,2388283889,15627,1132
4747.478206,2388291782,2388292915,15948,1133
4747.559362,2388352628,2388353762,15999,1134
4747.571379,2388361645,2388362775,15970,1130
4747.589412,2388375146,2388376273,16035,1127
4747.601432,2388384524,2388385652,15708,1128
4747.673073,2388439986,2388441116,15960,1130
4747.777266,2388516596,2388517724,15622,1128
4747.789296,2388525620,2388526745,15952,1125
4747.807333,2388539135,2388540265,16081,1130
4747.819352,2388548204,2388549332,15936,1128
4747.831369,2388557196,2388558319,15628,1123
4747.849404,2388570694,2388571822,15626,1128
4747.861437,2388579738,2388580872,15958,1134
4747.879467,2388593255,2388594385,15950,1130
4747.891488,2388602269,2388603399,15968,1130
4747.903514,2388611270,2388612397,15709,1127
4747.975644,2388665318,2388666449,15624,1131
4747.987673,2388674347,2388675481,15954,1134
4747.999693,2388683376,2388684506,15968,1130
4748.011712,2388692372,2388693500,15627,1128
4748.023741,2388701385,2388702514,16040,1129
4748.035762,2388710412,2388711546,16055,1134
4748.053796,2388723945,2388725078,15934,1133
4748.065815,2388732968,2388734096,15676,1128
4748.107902,2388764504,2388765636,16038,1132
4748.119918,2388773493,2388774619,15709,1126
4748.131949,2388782496,2388783596,15888,1100
4748.149984,2388795971,2388797070,15884,1099
4748.162004,2388804977,2388806111,16021,1134
4748.210090,2388841027,2388842155,15709,1128
4748.222124,2388850120,2388851248,15959,1128
4748.240153,2388863639,2388864768,15950,1129
4748.252173,2388872651,2388873784,15855,1133
4748.312290,2388917713,2388918843,15951,1130
4748.324310,2388926734,2388927864,15958,1130
4748.412479,2388994322,2388995449,15962,1127
4748.424511,2389003319,2389004446,15624,1127
4748.456569,2389025874,2389027004,16052,1130
4748.468585,2389034885,2389036015,16056,1130
4748.489621,2389050633,2389051763,15704,1130
4748.501654,2389059646,2389060776,16085,1130
4748.520685,2389075418,2389076545,16049,1127
4748.555758,2389100245,2389101373,16052,1128
4748.567773,2389109260,2389110390,16048,1130
4748.579792,2389118249,2389119376,15707,1127
4748.591822,2389127262,2389128395,16036,1133
4748.603845,2389136278,2389137408,16040,1130
4748.615861,2389145285,2389146412,15710,1127
4748.627890,2389154310,2389155440,15965,1130
4748.639911,2389163341,2389164475,15961,1134
4748.651932,2389172363,2389173494,15826,1131
4748.663959,2389181365,2389182499,16038,1134
4748.675979,2389190386,2389191515,16047,1129
4748.687998,2389199371,2389200497,15707,1126
4748.709045,2389215134,2389216264,16029,1130
4748.721065,2389224150,2389225279,16051,1129
4748.745113,2389242157,2389243288,16035,1131
4748.757135,2389251215,2389252348,16019,1133
4748.829271,2389305241,2389306368,15960,1127
4748.841290,2389314427,2389315554,15627,1127
4748.904410,2389361752,2389362879,15627,1127
4748.916439,2389370767,2389371897,15948,1130
4748.937477,2389386533,2389387661,15961,1128
4748.949498,2389395549,2389396681,15828,1132
4748.961527,2389404567,2389405675,15803,1108
4749.000599,2389433818,2389434945,16037,1127
4749.012616,2389442799,2389443924,15710,1125
4749.036665,2389460823,2389461953,16050,1130
4749.048687,2389469848,2389470981,15910,1133
4749.108803,2389514885,2389516018,15965,1133
4749.120331,2389524350,2389525478,15821,1128
4749.156890,2389551400,2389552527,15590,1127
4749.168919,2389560425,2389561558,15949,1133
4749.180939,2389569440,2389570573,15965,1133
4749.192966,2389578428,2389579556,15705,1128
4749.207991,2389589706,2389590836,15958,1130
4749.250078,2389621242,2389622376,15964,1134
4749.262097,2389630308,2389631438,15935,1130
4749.274115,2389639307,2389640437,15625,1130
4749.368328,2389711335,2389712464,15959,1129
4749.415385,2389745112,2389746242,15961,1130
4749.427405,2389754103,2389755231,15624,1128
4749.439436,2389763121,2389764230,15810,1109
4749.451455,2389772154,2389773284,15938,1130
4749.463473,2389781147,2389782274,15709,1127
4749.475502,2389790160,2389791294,16034,1134
4749.487525,2389799185,2389800316,16047,1131
4749.499542,2389808179,2389809305,15624,1126
4749.511571,2389817189,2389818319,15949,1130
4749.523591,2389826207,2389827341,15966,1134
4749.535610,2389835199,2389836329,15632,1130
4749.547643,2389844242,2389845372,15964,1130
4749.568677,2389860010,2389861140,15962,1130
4749.580696,2389868990,2389870117,15625,1127
4749.592729,2389878000,2389879130,15998,1130
4749.604746,2389887020,2389888153,15964,1133
4749.661850,2389929798,2389930926,15624,1128
4749.673881,2389938812,2389939941,15946,1129
4749.692922,2389954576,2389955710,15946,1134
4749.776072,2390015452,2390016587,15962,1135
4749.788098,2390024460,2390025590,15706,1130
4749.800120,2390033474,2390034606,15949,1132
4749.812140,2390042496,2390043625,15963,1129
4749.833176,2390058233,2390059360,15626,1127
4749.845209,2390067287,2390068413,15961,1126
4749.866244,2390083065,2390084195,15934,1130
4749.896296,2390105577,2390106703,15625,1126
4749.908325,2390114590,2390115724,15946,1134
4749.932365,2390132596,2390133723,15629,1127
4749.944398,2390141631,2390142761,15964,1130
4750.004502,2390186626,2390187752,15627,1126
4750.016532,2390195634,2390196764,15950,1130
4750.028551,2390204660,2390205789,15963,1129
4750.073637,2390238470,2390239600,16052,1130
4750.085664,2390247498,2390248625,15790,1127
4750.109706,2390265520,2390266650,16051,1130
4750.121725,2390274539,2390275666,15675,1127
4750.157794,2390301582,2390302713,15629,1131
4750.169827,2390310628,2390311758,15906,1130
4750.211899,2390342311,2390343440,15828,1129
4750.223928,2390351364,2390352494,15908,1130
4750.235951,2390360408,2390361541,15909,1133
4750.247965,2390369434,2390370566,15597,1132
4750.259994,2390378448,2390379577,15950,1129
4750.272015,2390387467,2390388598,15972,1131
4750.290052,2390401039,2390402169,16041,1130
4750.302068,2390410022,2390411150,15709,1128
4750.320102,2390423531,2390424657,15704,1126
4750.332132,2390432542,2390433677,16036,1135
4750.344153,2390441587,2390442717,16020,1130
4750.356171,2390450581,2390451708,15710,1127
4750.368200,2390459596,2390460730,16038,1134
4750.380222,2390468641,2390469771,16019,1130
4750.392239,2390477642,2390478770,15679,1128
4750.404270,2390486649,2390487746,15889,1097
4750.416289,2390495643,2390496773,16055,1130
4750.428307,2390504629,2390505756,15710,1127
4750.440341,2390513668,2390514802,16050,1134
4750.485426,2390547438,2390548573,15995,1135
4750.497444,2390556515,2390557644,16019,1129
4750.536517,2390585776,2390586905,15914,1129
4750.548543,2390594789,2390595921,16032,1132
4750.624693,2390653305,2390654432,15629,1127
4750.640214,2390663724,2390664856,15825,1132
4750.652240,2390672779,2390673909,15949,1130
4750.664261,2390681782,2390682912,15877,1130
4750.676279,2390690761,2390691892,15626,1131
4750.691314,2390702067,2390703197,15937,1130
4750.703331,2390711278,2390712408,15712,1130
4750.715360,2390720297,2390721427,16034,1130
4750.727380,2390729310,2390730440,16051,1130
4750.760446,2390754082,2390755212,16038,1130
4750.772466,2390763098,2390764227,16050,1129
4750.860635,2390830623,2390831753,15960,1130
4750.901708,2390859903,2390861030,15623,1127
4750.913738,2390868917,2390870047,15956,1130
4750.964829,2390907146,2390908274,15631,1128
4750.976858,2390916158,2390917288,15952,1130
4751.048995,2390970155,2390971282,15951,1127
4751.061015,2390979160,2390980290,15965,1130
4751.109103,2391015180,2391016310,15706,1130
4751.121132,2391024210,2391025344,15908,1134
4751.160204,2391053483,2391054613,15970,1130
4751.193269,2391078285,2391079415,15949,1130
4751.205289,2391087301,2391088435,15964,1134
4751.217309,2391096282,2391097409,15554,1127
4751.241358,2391114304,2391115434,15963,1130
4751.253377,2391123296,2391124425,15633,1129
4751.268410,2391134567,2391135701,15958,1134
4751.316497,2391170614,2391171741,15627,1127
4751.328529,2391179625,2391180758,15993,1133
4751.379620,2391217894,2391219024,15827,1130
4751.391646,2391226928,2391228058,15946,1130
4751.403667,2391235943,2391237071,15968,1128
4751.415686,2391244962,2391246093,15600,1131
4751.427718,2391253973,2391255105,15995,1132
4751.439735,2391262982,2391264112,15962,1130
4751.451758,2391271957,2391273083,15650,1126
4751.469789,2391285460,2391286589,15627,1129
4751.481823,2391294505,2391295608,15811,1103
4751.496840,2391305706,2391306828,15628,1122
4751.508871,2391314710,2391315808,15808,1098
4751.523899,2391325916,2391327043,15709,1127
4751.535921,2391334939,2391336067,16039,1128
4751.559960,2391352937,2391354064,15708,1127
4751.571989,2391361939,2391363073,16043,1134
4751.590024,2391375471,2391376600,16033,1129
4751.602044,2391384477,2391385601,16055,1124
4751.710250,2391465550,2391466680,15963,1130
4751.722277,2391474544,2391475675,15713,1131
4751.740303,2391488075,2391489202,15594,1127
4751.752333,2391497091,2391498216,15956,1125
4751.785389,2391521852,2391522978,15594,1126
4751.797418,2391530847,2391531981,15945,1134
4751.816452,2391546630,2391547758,15942,1128
4751.881577,2391593929,2391595062,16023,1133
4751.893595,2391602907,2391604033,15711,1126
4751.911632,2391616399,2391617525,15727,1126
4751.935680,2391628286,2391628913,11984,627
4751.947709,2391633093,2391633727,12066,634
4751.959729,2391641167,2391642289,15975,1122
4751.971745,2391650154,2391651280,15835,1126
4751.983773,2391659151,2391660272,15863,1121
4751.995798,2391668157,2391669287,15949,1130
4752.007814,2391677159,2391678285,15841,1126
4752.019842,2391686186,2391687318,15906,1132
4752.031866,2391695215,2391696348,15947,1133
4752.043883,2391704234,2391705359,15832,1125
4752.055911,2391713241,2391714373,15897,1132
4752.067935,2391722286,2391723416,15980,1130
4752.079952,2391731342,2391732474,15940,1132
4752.091979,2391740387,2391741517,16000,1130
4752.104004,2391749433,2391750567,16066,1134
4752.125037,2391765266,2391766396,15921,1130
4752.137065,2391774302,2391775433,15996,1131
4752.148332,2391783760,2391784890,15976,1130
4752.161106,2391792807,2391793939,15840,1132
4752.173133,2391801863,2391802993,15905,1130
4752.188157,2391813164,2391814294,15840,1130
4752.200186,2391822216,2391823349,15914,1133
4752.212210,2391831267,2391832397,15980,1130
4752.233243,2391847083,2391848217,15841,1134
4752.245271,2391856126,2391857259,15911,1133
4752.269310,2391874209,2391875341,15833,1132
4752.281340,2391883266,2391884396,15910,1130
4752.308391,2391903628,2391904761,15911,1133
4752.320415,2391912670,2391913803,15992,1133
4752.335442,2391923980,2391925107,15907,1127
4752.356486,2391939820,2391940950,16074,1130
4752.368499,2391948870,2391949993,15903,1123
4752.380529,2391957923,2391959053,15995,1130
4752.431621,2391996351,2391997478,15827,1127
4752.445148,2392005081,2392006207,15913,1126
4752.457175,2392014106,2392015228,15883,1122
4752.469202,2392023127,2392024251,15938,1124
4752.481217,2392032167,2392033297,15830,1130
4752.493244,2392041213,2392042346,15865,1133
4752.505268,2392050255,2392051384,15984,1129
4752.536332,2392075139,2392076273,15902,1134
4752.553354,2392086462,2392087596,15838,1134
4752.565379,2392095521,2392096652,15904,1131
4752.577404,2392104567,2392105699,15974,1132
4752.589421,2392113620,2392114753,15839,1133
4752.601449,2392122671,2392123798,15911,1127
4752.613473,2392131722,2392132852,15977,1130
4752.625489,2392140768,2392141893,15842,1125
4752.637517,2392149811,2392150944,15904,1133
4752.649542,2392158857,2392159991,15980,1134
4752.664568,2392170166,2392171299,15904,1133
4752.676593,2392179219,2392180349,15978,1130
4752.688609,2392188264,2392189396,15753,1132
4752.703644,2392199573,2392200706,16061,1133
4752.715660,2392208623,2392209753,15829,1130
4752.733695,2392222193,2392223323,15835,1130
4752.745723,2392231239,2392232369,15910,1130
4752.760746,2392242542,2392243675,15836,1133
4752.772774,2392251579,2392252709,15908,1130
4752.784799,2392260625,2392261743,15976,1118
4752.799825,2392271931,2392273061,15909,1130
4752.811850,2392280985,2392282115,15932,1130
4752.832884,2392296810,2392297940,15924,1130
4752.844912,2392305854,2392306983,15910,1129
4752.868952,2392323925,2392325057,15841,1132
4752.880981,2392332978,2392334107,15912,1129
4752.893003,2392342020,2392343150,15960,1130
4752.905021,2392351050,2392352176,15843,1126
4752.941089,2392378193,2392379323,15840,1130
4752.953117,2392387204,2392388338,15906,1134
4752.969153,2392400797,2392401925,15906,1128
4752.995193,2392418895,2392420025,15927,1130
4753.010227,2392430208,2392431338,16058,1130
4753.046296,2392457347,2392458477,15976,1130
4753.097392,2392495793,2392496927,15907,1134
4753.109416,2392504847,2392505979,15978,1132
4753.133460,2392522929,2392524059,15906,1130
4753.145484,2392531980,2392533113,15975,1133
4753.157500,2392541029,2392542158,15833,1129
4753.169530,2392550085,2392551219,15901,1134
4753.188564,2392565917,2392567051,15973,1134
4753.200592,2392574966,2392576098,15831,1132
4753.217622,2392586294,2392587416,16065,1122
4753.229638,2392595320,2392596450,15841,1130
4753.241666,2392604361,2392605491,15909,1130
4753.253690,2392613398,2392614528,15978,1130
4753.265707,2392622449,2392623579,15839,1130
4753.277734,2392631499,2392632632,15909,1133
4753.289759,2392640537,2392641670,15975,1133
4753.301775,2392649584,2392650715,15843,1131
4753.313803,2392658634,2392659764,15905,1130
4753.325827,2392667659,2392668791,15974,1132
4753.367906,2392699287,2392700416,15997,1129
4753.385940,2392712861,2392713990,15900,1129
4753.397964,2392721895,2392723025,15978,1130
4753.409980,2392730942,2392732072,15743,1130
4753.422011,2392739993,2392741125,15899,1132
4753.434033,2392749051,2392750175,15972,1124
4753.449060,2392760355,2392761488,15997,1133
4753.461085,2392769407,2392770539,16082,1132
4753.518187,2392812355,2392813483,15927,1128
4753.530214,2392821404,2392822534,15991,1130
4753.548249,2392834952,2392836085,15908,1133
4753.560273,2392844000,2392845128,15903,1128
4753.572290,2392853045,2392854175,15843,1130
4753.584319,2392862113,2392863245,15896,1132
4753.608357,2392880185,2392881319,15816,1134
4753.620387,2392889217,2392890343,15907,1126
4753.641429,2392905047,2392906177,15989,1130
4753.653444,2392914076,2392915209,15819,1133
4753.663973,2392922401,2392923530,15977,1129
4753.675988,2392931452,2392932582,15930,1130
4753.688017,2392940494,2392941627,15905,1133
4753.700039,2392949526,2392950658,16062,1132
4753.712056,2392958569,2392959698,15933,1129
4753.724086,2392967615,2392968748,15999,1133
4753.736109,2392976668,2392977798,15995,1130
4753.754142,2392990248,2392991380,15979,1132
4753.766161,2392999285,2393000412,15870,1127
4753.778189,2393008334,2393009464,15906,1130
4753.790213,2393017395,2393018529,15973,1134
4753.808245,2393030975,2393032105,15982,1130
4753.820261,2393040018,2393041144,15847,1126
4753.835296,2393051303,2393052432,15972,1129
4753.877378,2393082945,2393084075,15906,1130
4753.889399,2393091986,2393093119,15970,1133
4753.904429,2393103294,2393104426,15908,1132
4753.916450,2393112346,2393113479,15886,1133
4753.928468,2393121371,2393122501,15851,1130
4753.943504,2393132669,2393133791,15992,1122
4753.955517,2393141698,2393142828,15835,1130
4753.967549,2393150743,2393151874,15912,1131
4753.979572,2393159790,2393160918,15989,1128
4754.000605,2393175629,2393176749,15821,1120
4754.012637,2393184666,2393185792,15927,1126
4754.024656,2393193697,2393194827,15974,1130
4754.036673,2393202740,2393203869,15922,1129
4754.051707,2393214055,2393215187,16056,1132
4754.063724,2393223119,2393224249,15930,1130
4754.075755,2393232163,2393233293,15822,1130
4754.093789,2393245734,2393246864,15912,1130
4754.105810,2393254781,2393255911,15986,1130
4754.120841,2393266071,2393267201,15910,1130
4754.135862,2393277380,2393278512,15844,1132
4754.153893,2393290952,2393292082,15819,1130
4754.165926,2393300000,2393301125,15908,1125
4754.177948,2393309020,2393310149,15949,1129
4754.189967,2393318033,2393319166,15810,1133
4754.201992,2393327073,2393328203,15900,1130
4754.253085,2393365463,2393366593,15872,1130
4754.265113,2393374521,2393375654,15999,1133
4754.356327,2393444544,2393445670,15982,1126
4754.397359,2393473862,2393474991,15841,1129
4754.409388,2393482889,2393484019,15910,1130
4754.445457,2393510009,2393511139,15906,1130
4754.457481,2393519061,2393520188,15989,1127
4754.469499,2393528092,2393529221,15872,1129
4754.481525,2393537122,2393538256,15972,1134
4754.493550,2393546159,2393547285,15994,1126
4754.505565,2393555200,2393556332,15829,1132
4754.517593,2393564250,2393565379,15910,1129
4754.560682,2393598180,2393599313,15915,1133
4754.595736,2393623011,2393624133,15899,1122
4754.607766,2393632055,2393633188,15905,1133
4754.619790,2393641107,2393642239,15990,1132
4754.631805,2393650157,2393651282,15830,1125
4754.643833,2393659185,2393660318,15861,1133
4754.655856,2393668196,2393669326,15945,1130
4754.667876,2393677206,2393678335,15770,1129
4754.685907,2393690773,2393691903,15818,1130
4754.697936,2393699820,2393700950,15903,1130
4754.709959,2393708866,2393709996,15979,1130
4754.721976,2393717904,2393719030,15743,1126
4754.741025,2393733716,2393734841,15908,1125
4754.761056,2393747236,2393748362,15901,1126
4754.776079,2393758520,2393759650,15828,1130
4754.809148,2393783391,2393784520,15978,1129
4754.821164,2393792435,2393793562,15840,1127
4754.833195,2393801477,2393802604,15913,1127
4754.884285,2393839851,2393840980,15838,1129
4754.896315,2393848896,2393850028,15920,1132
4754.908337,2393857939,2393859069,16063,1130
4754.920354,2393866981,2393868110,15931,1129
4754.932382,2393876017,2393877146,15976,1129
4754.944405,2393885048,2393886178,15972,1130
4754.983474,2393914395,2393915523,15846,1128
4754.995504,2393923442,2393924574,15907,1132
4755.007526,2393932490,2393933620,15974,1130
4755.019544,2393941544,2393942665,15813,1121
4755.031574,2393950570,2393951696,15943,1126
4755.043595,2393959568,2393960694,15987,1126
4755.061628,2393973120,2393974250,15968,1130
4755.073647,2393982128,2393983254,15853,1126
4755.092693,2393997926,2393999056,15907,1130
4755.163816,2394049864,2394050991,15825,1127
4755.175848,2394059332,2394060462,15990,1130
4755.196886,2394075176,2394076306,16003,1130
4755.208902,2394084233,2394085363,15845,1130
4755.223937,2394095552,2394096681,15972,1129
4755.235953,2394104593,2394105726,15843,1133
4755.247984,2394113640,2394114766,15904,1126
4755.260006,2394122691,2394123821,15975,1130
4755.272022,2394131747,2394132877,15847,1130
4755.284052,2394140792,2394141920,15904,1128
4755.296076,2394149838,2394150968,16007,1130
4755.309104,2394161148,2394162276,15913,1128
4755.377232,2394210773,2394211895,16010,1122
4755.389245,2394219795,2394220925,15832,1130
4755.413298,2394237892,2394239024,15989,1132
4755.425314,2394246928,2394248058,15847,1130
4755.437342,2394255966,2394257100,16008,1134
4755.449364,2394265009,2394266140,16051,1131
4755.464394,2394276309,2394277439,15993,1130
4755.476417,2394285345,2394286474,16064,1129
4755.503467,2394305659,2394306788,16050,1129
4755.515485,2394314709,2394315840,15859,1131
4755.527516,2394323767,2394324897,15907,1130
4755.545549,2394337335,2394338468,15919,1133
4755.557570,2394346353,2394347479,15958,1126
4755.575604,2394359879,2394361009,15930,1130
4755.587622,2394368920,2394370053,15855,1133
4755.599651,2394377969,2394379101,15912,1132
4755.611674,2394387018,2394388148,15988,1130
4755.623693,2394396044,2394397178,15876,1134
4755.635723,2394405271,2394406400,15997,1129
4755.647743,2394414284,2394415414,15944,1130
4755.659762,2394423315,2394424445,15870,1130
4755.671790,2394432357,2394433487,15907,1130
4755.683812,2394441396,2394442530,15976,1134
4755.695828,2394450440,2394451563,15827,1123
4755.707858,2394459441,2394460571,15905,1130
4755.719880,2394468452,2394469580,15947,1128
4755.731897,2394477498,2394478617,15849,1119
4755.743927,2394486523,2394487652,15905,1129
4755.755949,2394495566,2394496692,15971,1126
4755.767965,2394504612,2394505745,15844,1133
4755.779996,2394513655,2394514780,15911,1125
4755.792018,2394522683,2394523809,16000,1126
4755.804034,2394531706,2394532828,15829,1122
4755.816064,2394540745,2394541868,15896,1123
4755.828086,2394549777,2394550907,15977,1130
4755.840101,2394558820,2394559950,15906,1130
4755.852131,2394567835,2394568960,15988,1125
4755.864156,2394576859,2394577980,15989,1121
4755.876171,2394585850,2394586976,15829,1126
4755.888202,2394594875,2394596005,15909,1130
4755.900224,2394603882,2394605011,16012,1129
4755.912240,2394612897,2394614023,15757,1126
4755.924269,2394621938,2394623067,15913,1129
4755.936293,2394630964,2394632093,15991,1129
4755.948308,2394640010,2394641139,15828,1129
4755.960337,2394649062,2394650196,15905,1134
4756.041492,2394710003,2394711133,15896,1130
4756.053516,2394719062,2394720192,15984,1130
4756.065531,2394728105,2394729233,15832,1128
4756.080567,2394739406,2394740540,15989,1134
4756.092583,2394748436,2394749568,15850,1132
4756.104606,2394757559,2394758689,15842,1130
4756.119635,2394768813,2394769942,15962,1129
4756.156713,2394797992,2394799113,15708,1121
4756.200790,2394829432,2394830558,16054,1126
4756.212809,2394838374,2394839494,15714,1120
4756.224840,2394847333,2394848428,15893,1095
4756.239863,2394858514,2394859635,15916,1121
4756.251893,2394867490,2394868609,16022,1119
4756.361095,2394950655,2394951782,15942,1127
4756.453269,2395017913,2395019035,15954,1122
4756.468307,2395029413,2395030543,15945,1130
4756.480321,2395038399,2395039524,15962,1125
4756.564477,2395101183,2395102308,15624,1125
4756.576507,2395110157,2395111283,15946,1126
4756.615577,2395139325,2395140456,15947,1131
4756.627598,2395148278,2395149400,15633,1122
4756.639632,2395157285,2395158379,15796,1094
4756.651646,2395166226,2395167355,15950,1129
4756.663666,2395175186,2395176313,15631,1127
4756.675697,2395184204,2395185330,15971,1126
4756.687720,2395193639,2395194769,15950,1130
4756.699734,2395202615,2395203738,15628,1123
4756.711765,2395211604,2395212737,15974,1133
4756.723782,2395220597,2395221723,15946,1126
4756.735806,2395229583,2395230713,15843,1130
4756.747832,2395238552,2395239675,15949,1123
4756.759852,2395247531,2395248657,15956,1126
4756.777886,2395261003,2395262129,15951,1126
4756.789910,2395269969,2395271096,15670,1127
4756.807939,2395283418,2395284541,15625,1123
4756.819970,2395292392,2395293514,15976,1122
4756.831990,2395301347,2395302468,15846,1121
4756.850027,2395314812,2395315935,15944,1123
4756.862047,2395323739,2395324870,15649,1131
4756.886095,2395341718,2395342844,15946,1126
4756.898112,2395350668,2395351789,15632,1121
4756.910143,2395359651,2395360781,15952,1130
4756.946209,2395386570,2395387702,15952,1132
4756.958225,2395395563,2395396690,15871,1127
4756.970249,2395404508,2395405635,15624,1127
4756.982281,2395413493,2395414614,15995,1121
4757.004346,2395431415,2395432537,15629,1122
4757.072449,2395480763,2395481893,16034,1130
4757.084471,2395489775,2395490907,15906,1132
4757.108519,2395507677,2395508803,16055,1126
4757.120537,2395516647,2395517771,16032,1124
4757.132561,2395525615,2395526739,15916,1124
4757.159609,2395545791,2395546914,15627,1123
4757.208707,2395583847,2395584966,15939,1119
4757.225743,2395595022,2395596149,15970,1127
4757.237762,2395604032,2395605154,16022,1122
4757.249780,2395612978,2395614100,15708,1122
4757.261811,2395621959,2395623081,16044,1122
4757.279848,2395635384,2395636517,16095,1133
4757.291866,2395644404,2395645523,16023,1119
4757.303884,2395653336,2395654458,15712,1122
4757.315914,2395662298,2395663428,16053,1130
4757.327934,2395671294,2395672422,15931,1128
4757.339952,2395680284,2395681407,15596,1123
4757.351984,2395689258,2395690377,15980,1119
4757.363996,2395698228,2395699353,15875,1125
4757.376029,2395707162,2395708281,15712,1119
4757.425121,2395745263,2395746389,15851,1126
4757.481226,2395785587,2395786714,15908,1127
4757.493244,2395794548,2395795671,15628,1123
4757.505273,2395803500,2395804625,15958,1125
4757.517291,2395812482,2395813608,15948,1126
4757.532329,2395823710,2395824836,15959,1126
4757.631517,2395897682,2395898806,16052,1124
4757.643531,2395906674,2395907800,16033,1126
4757.655552,2395915608,2395916731,15631,1123
4757.667582,2395924570,2395925695,15948,1125
4757.688617,2395940242,2395941368,15939,1126
4757.700639,2395949347,2395950471,15630,1124
4757.736706,2395976285,2395977411,15597,1126
4757.748737,2395985233,2395986356,15964,1123
4757.799824,2396023320,2396024440,15591,1120
4757.811855,2396032303,2396033433,15965,1130
4757.823876,2396041293,2396042419,15843,1126
4757.835897,2396050257,2396051387,15612,1130
4757.847924,2396059212,2396060336,15952,1124
4757.859943,2396068183,2396069305,15948,1122
4757.871971,2396077111,2396078231,15808,1120
4757.893015,2396092804,2396093899,15916,1095
4757.905032,2396101795,2396102917,15933,1122
4757.945112,2396133163,2396134287,15951,1124
4758.049305,2396209380,2396210506,16051,1126
4758.061324,2396218319,2396219437,15710,1118
4758.100406,2396247404,2396248530,15971,1126
4758.112428,2396256412,2396257532,15952,1120
4758.151496,2396285511,2396286629,15632,1118
4758.163525,2396294466,2396295592,15870,1126
4758.175546,2396303431,2396304550,15937,1119
4758.187564,2396312365,2396313492,15631,1127
4758.198088,2396320531,2396321658,15940,1127
4758.210107,2396329531,2396330654,15629,1123
4758.222139,2396338490,2396339616,15998,1126
4758.234156,2396347452,2396348581,15963,1129
4758.246175,2396356402,2396357520,15628,1118
4758.258204,2396365354,2396366479,15948,1125
4758.270224,2396374308,2396375441,15831,1133
4758.309295,2396403467,2396404590,15629,1123
4758.321327,2396412479,2396413601,15873,1122
4758.376430,2396455030,2396456149,15930,1119
4758.444555,2396504264,2396505390,15719,1126
4758.456583,2396513226,2396514352,16049,1126
4758.468602,2396522177,2396523302,15927,1125
4758.480622,2396531141,2396532263,15677,1122
4758.495654,2396542335,2396543452,16047,1117
4758.516697,2396557994,2396559113,15637,1119
4758.528720,2396566960,2396568077,15885,1117
4758.540739,2396575917,2396577039,15877,1122
4758.555770,2396587094,2396588220,15938,1126
4758.588831,2396611725,2396612848,15671,1123
4758.600856,2396620690,2396621819,15949,1129
4758.612876,2396629661,2396630777,15961,1116
4758.633913,2396645302,2396646422,15624,1120
4758.645942,2396654255,2396655383,15952,1128
4758.689024,2396687833,2396688958,15940,1125
4758.730099,2396716922,2396718047,15909,1125
4758.742119,2396725857,2396726979,15624,1122
4758.754151,2396734817,2396735941,15968,1124
4758.793220,2396763941,2396765067,15963,1126
4758.805238,2396772877,2396773996,15624,1119
4758.826285,2396788519,2396789638,15949,1119
4758.895410,2396839986,2396841107,15630,1121
4758.907441,2396848946,2396850072,15973,1126
4758.919461,2396857937,2396859063,15929,1126
4758.931479,2396866870,2396867991,15547,1121
4758.943509,2396875828,2396876961,15885,1133
4758.955526,2396884814,2396885938,16025,1124
4758.967550,2396893787,2396894909,15927,1122
4758.979577,2396902737,2396903861,16037,1124
4758.991597,2396911706,2396912826,16051,1120
4759.012641,2396927343,2396928458,15792,1115
4759.024663,2396936311,2396937433,16043,1122
4759.036682,2396945271,2396946395,15962,1124
4759.112831,2397003483,2397004608,15992,1125
4759.153904,2397032625,2397033741,15945,1116
4759.165930,2397041796,2397042918,15931,1122
4759.217027,2397079860,2397080986,16024,1126
4759.232057,2397091047,2397092169,16049,1122
4759.262111,2397113432,2397114556,15844,1124
4759.274130,2397122394,2397123513,15592,1119
4759.304194,2397144788,2397145910,15948,1122
4759.316217,2397153744,2397154869,15952,1125
4759.328233,2397162683,2397163808,15626,1125
4759.340263,2397171653,2397172779,16040,1126
4759.352282,2397180640,2397181766,16050,1126
4759.364304,2397189608,2397190734,15928,1126
4759.379334,2397200827,2397201950,16045,1123
4759.427422,2397236621,2397237743,15708,1122
4759.439451,2397245591,2397246713,16036,1122
4759.451469,2397254551,2397255677,15985,1126
4759.463493,2397263512,2397264636,15932,1124
4759.475522,2397272468,2397273563,15889,1095
4759.487538,2397281382,2397282506,16036,1124
4759.499559,2397290310,2397291433,15710,1123
4759.511591,2397299271,2397300390,16087,1119
4759.523603,2397308238,2397309362,15955,1124
4759.535627,2397317181,2397318300,15710,1119
4759.547660,2397326133,2397327260,16050,1127
4759.559677,2397335105,2397336229,15939,1124
4759.580713,2397350798,2397351921,15624,1123
4759.592743,2397359750,2397360879,15963,1129
4759.644842,2397400044,2397401169,15950,1125
4759.703952,2397442608,2397443724,15961,1116
4759.715976,2397452152,2397453279,15869,1127
4759.749037,2397476850,2397477976,15961,1126
4759.761059,2397485813,2397486935,15779,1122
4759.782103,2397501514,2397502634,15948,1120
4759.794122,2397510475,2397511599,15951,1124
4759.806150,2397519405,2397520528,15710,1123
4759.848224,2397550743,2397551869,15954,1126
4759.860248,2397559720,2397560840,15840,1120
4759.872274,2397568674,2397569800,15954,1126
4759.893312,2397584350,2397585475,15963,1125
4759.905338,2397593285,2397594407,15710,1122
4759.917360,2397602240,2397603362,15949,1122
4759.929381,2397611210,2397612329,15967,1119
4759.959436,2397633601,2397634727,15838,1126
4759.971464,2397642589,2397643711,15969,1122
4759.983484,2397651625,2397652751,15930,1126
4759.995502,2397660580,2397661697,15632,1117
4760.007534,2397669531,2397670653,15993,1122
4760.019550,2397678491,2397679616,15941,1125
4760.031571,2397687413,2397688532,15629,1119
4760.043600,2397696353,2397697478,15951,1125
4760.055620,2397705305,2397706429,15847,1124
4760.076656,2397721004,2397722127,15618,1123
4760.088687,2397729959,2397731085,15971,1126
4760.103716,2397741137,2397742260,15714,1123
4760.121745,2397754633,2397755755,15837,1122
4760.136781,2397765882,2397767007,16072,1125
4760.148797,2397774879,2397776005,15829,1126
4760.160825,2397783916,2397785042,15873,1126
4760.175848,2397795177,2397796303,15835,1126
4760.187876,2397804353,2397805479,15895,1126
4760.199899,2397813360,2397814486,15954,1126
4760.217933,2397826853,2397827975,16049,1122
4760.229951,2397835841,2397836967,15860,1126
4760.244984,2397847124,2397848248,15961,1124
4760.257002,2397856119,2397857245,15839,1126
4760.269031,2397865120,2397866246,15972,1126
4760.281053,2397874120,2397875242,16055,1122
4760.293071,2397883121,2397884247,15840,1126
4760.305100,2397892118,2397893239,15908,1121
4760.320122,2397903382,2397904504,15819,1122
4760.338156,2397916888,2397918014,15851,1126
4760.353194,2397928150,2397929276,16023,1126
4760.365208,2397937138,2397938259,15926,1121
4760.377236,2397946139,2397947268,15989,1129
4760.389259,2397955243,2397956375,15961,1132
4760.404289,2397966543,2397967668,15991,1125
4760.416312,2397975555,2397976677,15981,1122
4760.429838,2397985907,2397987040,15975,1133
4760.444866,2397997183,2397998310,15904,1127
4760.492952,2398033167,2398034286,15966,1119
4760.504974,2398042182,2398043312,15860,1130
4760.586125,2398102581,2398103704,15640,1123
4760.596330,2398111558,2398112680,15952,1122
4760.610176,2398120558,2398121683,15933,1125
4760.628209,2398134007,2398135128,15967,1121
4760.640228,2398142956,2398144079,15608,1123
4760.652259,2398151925,2398153049,15977,1124
4760.679309,2398172039,2398173164,15952,1125
4760.691328,2398181010,2398182136,15947,1126
4760.703353,2398189967,2398191092,15857,1125
4760.715377,2398198926,2398200051,15937,1125
4760.727398,2398207885,2398209005,15965,1120
4760.739417,2398216804,2398217926,15646,1122
4760.751448,2398225750,2398226875,15981,1125
4760.769481,2398239176,2398240276,15789,1100
4760.781499,2398248103,2398249229,15946,1126
4760.793519,2398257037,2398258154,15644,1117
4760.805552,2398266031,2398267156,15954,1125
4760.817571,2398275007,2398276126,15965,1119
4760.829588,2398283932,2398285055,15636,1123
4760.841616,2398292877,2398294002,15937,1125
4760.853641,2398301830,2398302954,15956,1124
4760.904740,2398339894,2398341015,15952,1121
4760.916758,2398348856,2398349981,15959,1125
4760.943808,2398368948,2398370066,15931,1118
4760.955828,2398377875,2398378993,15640,1118
4760.967859,2398386837,2398387936,15795,1099
4760.985891,2398400217,2398401343,15935,1126
4760.997912,2398409167,2398410292,15869,1125
4761.015947,2398422637,2398423756,15879,1119
4761.027966,2398431576,2398432696,15630,1120
4761.039995,2398440536,2398441657,16039,1121
4761.058029,2398453967,2398455087,16034,1120
4761.070048,2398462940,2398464062,16030,1122
4761.106120,2398489812,2398490937,16021,1125
4761.118143,2398496221,2398496880,13651,659
4761.132332,2398502106,2398502734,12055,628
4761.145196,2398508297,2398509410,15764,1113
4761.157219,2398517240,2398518329,15867,1089
4761.193286,2398544023,2398545147,15944,1124
4761.205308,2398553018,2398554142,15934,1124
4761.220339,2398564249,2398565371,15962,1122
4761.232331,2398573608,2398574733,15963,1125
4761.248397,2398587086,2398588215,15893,1129
4761.268427,2398600536,2398601662,16053,1126
4761.280446,2398609460,2398610583,15705,1123
4761.292476,2398618418,2398619544,16041,1126
4761.304497,2398627408,2398628527,16023,1119
4761.316514,2398636326,2398637449,15711,1123
4761.328543,2398645280,2398646403,16034,1123
4761.340562,2398654252,2398655376,16033,1124
4761.352583,2398663191,2398664305,15712,1114
4761.379634,2398683313,2398684432,15711,1119
4761.391663,2398692264,2398693389,16032,1125
4761.403685,2398701251,2398702373,16019,1122
4761.415707,2398710215,2398711337,15826,1122
4761.427732,2398719170,2398720289,15942,1119
4761.439753,2398728120,2398729242,15876,1122
4761.451772,2398737054,2398738177,15632,1123
4761.472818,2398752722,2398753848,15941,1126
4761.484838,2398761691,2398762814,15963,1123
4761.499873,2398772917,2398774039,16045,1122
4761.511890,2398781870,2398782995,16050,1125
4761.523909,2398790796,2398791918,15712,1122
4761.535938,2398799749,2398800875,16036,1126
4761.547959,2398808710,2398809832,16011,1122
4761.559977,2398817637,2398818753,15710,1116
4761.572006,2398826590,2398827714,16021,1124
4761.584027,2398835540,2398836665,15965,1125
4761.596049,2398844508,2398845629,15833,1121
4761.608075,2398853465,2398854590,15950,1125
4761.620094,2398862436,2398863557,15936,1121
4761.633622,2398870957,2398872082,15900,1125
4761.657669,2398888898,2398890024,15942,1126
4761.669690,2398897874,2398898996,15939,1122
4761.693742,2398915756,2398916885,16021,1129
4761.705758,2398924736,2398925868,16048,1132
4761.729806,2398942638,2398943763,16035,1125
4761.741828,2398951600,2398952720,15939,1120
4761.759862,2398965061,2398966181,16058,1120
4761.771880,2398974025,2398975144,15598,1119
4761.783909,2398982979,2398984101,15949,1122
4761.795933,2398991928,2398993053,15952,1125
4761.807949,2399000865,2399001988,15554,1123
4761.819978,2399009815,2399010935,16032,1120
4761.831998,2399018819,2399019946,15877,1127
4761.844020,2399027776,2399028899,15830,1123
4761.856046,2399036736,2399037860,15947,1124
4761.868067,2399045698,2399046820,15962,1122
4761.880086,2399054625,2399055747,15629,1122
4761.892118,2399063620,2399064740,15870,1120
4761.905149,2399074845,2399075969,15824,1124
4761.928183,2399090516,2399091640,16030,1124
4761.940204,2399099477,2399100601,15949,1124
4761.952223,2399108419,2399109542,15683,1123
4761.964252,2399117370,2399118496,15944,1126
4761.976273,2399126348,2399127473,15963,1125
4761.988299,2399135298,2399136420,15713,1122
4762.000321,2399144241,2399145365,15944,1124
4762.024361,2399162123,2399163246,15711,1123
4762.036389,2399171088,2399172213,15948,1125
4762.060429,2399189012,2399190128,15630,1116
4762.072458,2399197994,2399199120,15903,1126
4762.084479,2399206956,2399208081,15922,1125
4762.096498,2399215890,2399217013,15633,1123
4762.108527,2399224860,2399225982,16034,1122
4762.132567,2399242743,2399243866,15718,1123
4762.144599,2399251718,2399252838,16051,1120
4762.159617,2399262887,2399264001,15631,1114
4762.183667,2399280802,2399281935,15962,1133
4762.195687,2399289757,2399290880,15633,1123
4762.207715,2399298715,2399299836,16035,1121
4762.219737,2399307703,2399308828,15935,1125
4762.231755,2399316632,2399317754,15633,1122
4762.243788,2399325655,2399326778,15963,1123
4762.255805,2399334613,2399335739,15966,1126
4762.267823,2399343544,2399344665,15630,1121
4762.279852,2399352489,2399353608,15943,1119
4762.291874,2399361449,2399362575,16018,1126
4762.303892,2399370392,2399371514,15632,1122
4762.315921,2399379350,2399380476,15950,1126
4762.327941,2399388311,2399389433,15964,1122
4762.339964,2399397272,2399398396,15834,1124
4762.351989,2399406220,2399407342,15990,1122
4762.364009,2399415166,2399416291,15948,1125
4762.376029,2399424103,2399425214,15714,1111
4762.388062,2399433047,2399434173,16085,1126
4762.409096,2399448733,2399449857,16054,1124
4762.421114,2399457704,2399458826,15600,1122
4762.433148,2399466673,2399467797,15961,1124
4762.448167,2399477905,2399479022,15599,1117
4762.473225,2399498027,2399499146,15625,1119
4762.499268,2399515941,2399517067,15963,1126
4762.509293,2399524880,2399526003,15623,1123
4762.601458,2399592001,2399593124,15633,1123
4762.613487,2399600950,2399602076,15947,1126
4762.640543,2399621132,2399622261,16048,1129
4762.652561,2399630143,2399631265,15934,1122
4762.697645,2399663713,2399664833,16053,1120
4762.709666,2399672652,2399673772,15710,1120
4762.733714,2399690588,2399691714,15853,1126
4762.745732,2399699551,2399700674,15680,1123
4762.757767,2399708972,2399710095,16047,1123
4762.769782,2399717929,2399719049,15963,1120
4762.781809,2399726861,2399727984,15720,1123
4762.796834,2399738071,2399739193,16048,1122
4762.808852,2399747001,2399748124,15631,1123
4762.820883,2399755966,2399757092,15946,1126
4762.835907,2399767186,2399768315,15838,1129
4762.847933,2399776137,2399777262,16035,1125
4762.860967,2399787365,2399788487,15684,1122
4762.902036,2399816453,2399817577,15948,1124
4762.914055,2399825401,2399826527,15944,1126
4762.926075,2399834327,2399835448,15550,1121
4762.938109,2399843313,2399844435,15961,1122
4762.953125,2399854494,2399855610,15629,1116
4762.965156,2399863439,2399864561,15949,1122
4762.989196,2399881358,2399882477,15599,1119
4763.001226,2399890314,2399891409,15805,1095
4763.022263,2399905943,2399907062,16052,1119
4763.052314,2399928337,2399929456,15628,1119
4763.067348,2399939536,2399940662,15962,1126
4763.079374,2399948702,2399949825,15713,1123
4763.091396,2399957655,2399958781,15859,1126
4763.103416,2399966609,2399967733,15924,1124
4763.115435,2399975540,2399976659,15631,1119
4763.127465,2399984503,2399985625,16038,1122
4763.139486,2399993502,2399994626,16020,1124
4763.151504,2400002442,2400003561,15721,1119
4763.163535,2400011382,2400012504,16032,1122
4763.175554,2400020357,2400021476,16046,1119
4763.232661,2400062847,2400063971,15916,1124
4763.244687,2400071787,2400072912,16033,1125
4763.259709,2400082949,2400084069,15630,1120
4763.271739,2400091926,2400093048,15947,1122
4763.283761,2400100888,2400102009,15934,1121
4763.295778,2400109804,2400110923,15631,1119
4763.307807,2400118761,2400119886,15946,1125
4763.319828,2400127731,2400128853,15972,1122
4763.337863,2400141158,2400142279,15926,1121
4763.349883,2400150115,2400151240,15626,1125
4763.367915,2400163526,2400164648,15629,1122
4763.379948,2400172475,2400173597,15992,1122
4763.391966,2400181436,2400182556,15971,1120
4763.403984,2400190363,2400191485,15637,1122
4763.416013,2400199322,2400200447,15943,1125
4763.441064,2400219481,2400220605,15942,1124
4763.464103,2400235143,2400236267,15966,1124
4763.476129,2400244124,2400245241,15764,1117
4763.488150,2400253081,2400254200,16033,1119
4763.500171,2400262035,2400263160,16059,1125
4763.512190,2400270985,2400272108,15716,1123
4763.524221,2400279942,2400281031,15886,1089
4763.536241,2400288891,2400290016,16026,1125
4763.548259,2400297827,2400298950,15721,1123
4763.569305,2400313494,2400314613,16027,1119
4763.581328,2400322432,2400323557,16038,1125
4763.656464,2400378361,2400379480,15628,1119
4763.668493,2400387312,2400388437,15945,1125
4763.680517,2400396309,2400397435,15865,1126
4763.692533,2400405238,2400406358,15716,1120
4763.756663,2400454478,2400455602,15950,1124
4763.809756,2400492504,2400493622,15632,1118
4763.821785,2400501444,2400502569,15948,1125
4763.848837,2400521606,2400522731,15967,1125
4763.860857,2400530560,2400531685,15965,1125
4763.875892,2400541712,2400542836,16021,1124
4763.887909,2400550718,2400551840,16020,1122
4763.899927,2400559668,2400560787,15715,1119
4763.911957,2400568627,2400569749,16052,1122
4763.923977,2400577585,2400578709,15930,1124
4763.935996,2400586550,2400587673,15684,1123
4763.948027,2400595526,2400596620,15897,1094
4763.960045,2400604448,2400605573,16053,1125
4763.972072,2400613387,2400614503,15795,1116
4763.984094,2400622340,2400623462,16033,1122
4764.038196,2400662633,2400663752,16035,1119
4764.050217,2400671585,2400672710,16055,1125
4764.080270,2400693935,2400695056,15714,1121
4764.092299,2400702908,2400704027,15965,1119
4764.104320,2400711865,2400712989,15963,1124
4764.116339,2400720785,2400721908,15717,1123
4764.152407,2400747660,2400748779,15714,1119
4764.164437,2400756619,2400757744,15943,1125
4764.176460,2400765584,2400766709,15955,1125
4764.188477,2400774525,2400775648,15636,1123
4764.203509,2400785723,2400786848,15963,1125
4764.239578,2400812560,2400813680,15965,1120
4764.251596,2400821484,2400822607,15629,1123
4764.263627,2400830862,2400831986,15977,1124
4764.275649,2400839823,2400840947,15951,1124
4764.287669,2400848801,2400849926,15829,1125
4764.299696,2400857775,2400858901,15946,1126
4764.311714,2400866728,2400867852,15963,1124
4764.323736,2400875681,2400876798,15832,1117
4764.335762,2400884639,2400885771,15950,1132
4764.347783,2400893611,2400894733,15967,1122
4764.359802,2400902524,2400903647,15630,1123
4764.371834,2400911490,2400912615,15990,1125
4764.383850,2400920466,2400921586,15952,1120
4764.395871,2400929386,2400930509,15635,1123
4764.407902,2400938334,2400939422,15805,1088
4764.419920,2400947253,2400948378,15863,1125
4764.431939,2400956204,2400957323,15602,1119
4764.443968,2400965149,2400966274,15945,1125
4764.455989,2400974115,2400975241,15966,1126
4764.468015,2400983035,2400984153,15717,1118
4764.480037,2400991988,2400993110,15858,1122
4764.492058,2401000962,2401002085,15965,1123
4764.504076,2401009899,2401011018,15635,1119
4764.516105,2401018858,2401019980,15943,1122
4764.528127,2401027862,2401028987,15848,1125
4764.540145,2401036797,2401037920,15629,1123
4764.552173,2401045751,2401046873,15949,1122
4764.564195,2401054695,2401055820,15966,1125
4764.576214,2401063629,2401064752,15635,1123
4764.594248,2401077055,2401078178,15628,1123
4764.606276,2401085998,2401087122,15943,1124
4764.621302,2401097212,2401098338,15834,1126
4764.633328,2401106168,2401107293,15950,1125
4764.693435,2401150890,2401152013,15636,1123
4764.705465,2401159855,2401160976,15946,1121
4764.720490,2401171083,2401172207,15846,1124
4764.732520,2401180069,2401181194,16088,1125
4764.744536,2401189018,2401190137,16036,1119
4764.756556,2401197934,2401199057,15711,1123
4764.777603,2401213584,2401214713,16038,1129
4764.789622,2401222557,2401223677,16039,1120
4764.825693,2401249415,2401250539,16066,1124
4764.837711,2401258339,2401259460,15716,1121
4764.861760,2401276249,2401277371,16050,1122
4764.873779,2401285176,2401286290,15715,1114
4764.888812,2401296377,2401297499,16054,1122
4764.900831,2401305297,2401306416,15632,1119
4764.912860,2401314261,2401315383,15942,1122
4764.924882,2401323246,2401324368,15933,1122
4764.936901,2401332176,2401333298,15633,1122
4765.021069,2401394818,2401395937,15962,1119
4765.033087,2401403770,2401404892,16061,1122
4765.057136,2401421666,2401422755,15883,1089
4765.069157,2401430554,2401431676,16040,1122
4765.081174,2401439475,2401440598,15632,1123
4765.093202,2401448417,2401449542,15943,1125
4765.105224,2401457374,2401458498,15967,1124
4765.138289,2401482028,2401483147,15945,1119
4765.159326,2401497680,2401498805,15959,1125
4765.207413,2401533422,2401534540,15634,1118
4765.219447,2401542401,2401543523,15960,1122
4765.231463,2401551344,2401552470,15876,1126
4765.243482,2401560276,2401561397,15551,1121
4765.255516,2401569253,2401570378,15993,1125
4765.267531,2401578242,2401579366,15841,1124
4765.279560,2401587230,2401588351,15912,1121
4765.291584,2401596223,2401597342,15988,1119
4765.312616,2401611962,2401613087,15812,1125
4765.324644,2401620973,2401622097,15911,1124
4765.336664,2401629935,2401631060,15934,1125
4765.348689,2401639123,2401640243,15951,1120
4765.384755,2401665944,2401667065,16053,1121
4765.396774,2401674857,2401675978,15725,1121
4765.408802,2401683805,2401684927,16022,1122
4765.456891,2401719659,2401720786,15996,1127
4765.468914,2401728603,2401729695,15954,1092
4765.480943,2401737559,2401738685,15947,1126
4765.492961,2401746516,2401747638,15966,1122
4765.520014,2401766722,2401767844,15935,1122
4765.532031,2401775717,2401776840,15686,1123
4765.544060,2401784685,2401785811,16034,1126
4765.556081,2401793657,2401794783,16013,1126
4765.568100,2401802600,2401803721,15707,1121
4765.668327,2401878534,2401879658,15949,1124
4765.700356,2401900908,2401902030,15965,1122
4765.712377,2401909849,2401910974,15824,1125
4765.724403,2401918789,2401919909,15951,1120
4765.736425,2401927786,2401928907,15849,1121
4765.748443,2401936712,2401937828,15631,1116
4765.763479,2401947900,2401949021,15955,1121
4765.773506,2401955965,2401957099,15967,1134
4765.885207,2402038748,2402039868,16047,1120
4765.897226,2402047661,2402048778,15706,1117
4765.909258,2402056607,2402057732,16087,1125
4765.927289,2402070024,2402071146,16032,1122
4765.939312,2402079009,2402080130,15972,1121
4765.951329,2402087963,2402089086,15519,1123
4765.963362,2402096942,2402098064,15968,1122
4765.975379,2402105893,2402107019,15967,1126
4765.996414,2402121560,2402122683,15624,1123
4766.008447,2402130525,2402131647,15997,1122
4766.047516,2402159577,2402160699,16051,1122
4766.059537,2402168521,2402169645,15911,1124
4766.071566,2402177464,2402178559,15888,1095
4766.083584,2402186379,2402187501,16051,1122
4766.095603,2402195304,2402196427,15707,1123
4766.107635,2402204244,2402205364,16092,1120
4766.119652,2402213196,2402214321,16053,1125
4766.131672,2402222117,2402223240,15711,1123
4766.143705,2402231104,2402232228,15959,1124
4766.155721,2402240062,2402241181,15851,1119
4766.197804,2402271365,2402272490,15953,1125
4766.209829,2402280309,2402281428,15950,1119
4766.269941,2402324993,2402326115,15951,1122
4766.281961,2402333932,2402335051,15963,1119
4766.313028,2402358489,2402359614,15949,1125
4766.342078,2402378609,2402379734,15945,1125
4766.354101,2402387602,2402388722,15844,1120
4766.417221,2402434581,2402435700,15939,1119
4766.432251,2402445784,2402446874,15798,1090
4766.519409,2402510535,2402511665,15706,1130
4766.531438,2402519517,2402520642,16035,1125
4766.543459,2402528458,2402529582,15966,1124
4766.555482,2402537408,2402538528,15824,1120
4766.567507,2402546369,2402547489,16039,1120
4766.579527,2402555319,2402556441,16049,1122
4766.591546,2402564246,2402565366,15708,1120
4766.603578,2402573198,2402574323,16082,1125
4766.615596,2402582152,2402583276,16056,1124
4766.627614,2402591063,2402592182,15703,1119
4766.639644,2402600019,2402601143,16031,1124
4766.651665,2402608970,2402610087,15931,1117
4766.663689,2402617924,2402619012,15939,1088
4766.675712,2402626827,2402627952,16032,1125
4766.687733,2402635773,2402636893,16055,1120
4766.699759,2402644695,2402645817,15793,1122
4766.717785,2402658120,2402659243,15703,1123
4766.729816,2402667059,2402668184,16034,1125
4766.748849,2402682714,2402683839,15937,1125
4766.792935,2402714050,2402715172,15945,1122
4766.804958,2402723007,2402724123,15949,1116
4766.825992,2402738613,2402739729,15622,1116
4766.838021,2402747543,2402748660,15943,1117
4766.853047,2402758737,2402759857,15829,1120
4766.865073,2402767692,2402768817,15946,1125
4766.889112,2402785554,2402786669,15629,1115
4766.901144,2402794489,2402795613,15995,1124
4766.922179,2402810146,2402811264,15963,1118
4766.934197,2402819066,2402820183,15625,1117
4766.952235,2402832499,2402833619,15826,1120
4766.964261,2402841467,2402842587,16034,1120
4766.976282,2402850417,2402851536,15961,1119
4766.988300,2402859333,2402860450,15626,1117
4767.000333,2402868262,2402869384,15993,1122
4767.060438,2402912971,2402914087,15590,1116
4767.075470,2402924138,2402925262,15957,1124
4767.159629,2402986730,2402987855,15908,1125
4767.173155,2402997057,2402998179,15916,1122
4767.185181,2403006000,2403007126,15942,1126
4767.197202,2403014954,2403016074,15849,1120
4767.264334,2403066366,2403067490,15943,1124
4767.281358,2403077539,2403078661,15623,1122
4767.293392,2403086928,2403088050,15962,1122
4767.305409,2403095935,2403097054,15936,1119
4767.317426,2403104848,2403105970,15706,1122
4767.365524,2403140575,2403141699,16031,1124
4767.377546,2403149571,2403150691,15931,1120
4767.401597,2403167475,2403168595,15961,1120
4767.413613,2403176416,2403177538,15964,1122
4767.443674,2403198741,2403199863,15706,1122
4767.455696,2403207692,2403208810,15941,1118
4767.467717,2403216641,2403217760,15973,1119
4767.479741,2403225586,2403226678,15853,1092
4767.491766,2403234509,2403235634,15948,1125
4767.503786,2403243491,2403244616,15936,1125
4767.521819,2403256891,2403258009,15966,1118
4767.533838,2403265800,2403266918,15629,1118
4767.560889,2403285886,2403287008,15626,1122
4767.575922,2403297094,2403298215,15963,1121
4767.588952,2403308332,2403309457,15945,1125
4767.693145,2403384343,2403385463,15936,1120
4767.705163,2403393287,2403394410,15668,1123
4767.780313,2403449118,2403450242,15943,1124
4767.792334,2403458112,2403459231,15841,1119
4767.804352,2403467072,2403468189,15591,1117
4767.816382,2403476009,2403477128,15951,1119
4767.828402,2403484951,2403486076,15966,1125
4767.897540,2403536346,2403537466,15958,1120
4767.909557,2403545295,2403546415,15969,1120
4767.945628,2403572120,2403573245,15948,1125
4767.957647,2403581040,2403582132,15851,1092
4767.975678,2403594380,2403595496,15625,1116
4767.987708,2403603307,2403604427,15945,1120
4767.999731,2403612304,2403613424,15951,1120
4768.011749,2403621242,2403622358,15704,1116
4768.023776,2403630173,2403631296,15945,1123
4768.035797,2403639132,2403640253,15965,1121
4768.047815,2403648035,2403649157,15629,1122
4768.059845,2403656972,2403658096,15945,1124
4768.071865,2403665915,2403667038,15966,1123
4768.083884,2403674836,2403675955,15628,1119
4768.116951,2403699463,2403700588,15963,1125
4768.128970,2403708396,2403709515,15632,1119
4768.162036,2403732992,2403734112,16053,1120
4768.174056,2403741906,2403743025,15705,1119
4768.192093,2403755316,2403756440,15911,1124
4768.204119,2403764289,2403765414,15948,1125
4768.216140,2403773235,2403774357,15965,1122
4768.228158,2403782141,2403783258,15630,1117
4768.240191,2403791078,2403792204,15992,1126
4768.252208,2403800030,2403801146,15966,1116
4768.264227,2403808927,2403810049,15624,1122
4768.327347,2403855885,2403857002,15630,1117
4768.339379,2403864835,2403865960,15989,1125
4768.351397,2403873787,2403874906,15967,1119
4768.363419,2403882691,2403883779,15853,1088
4768.375445,2403891602,2403892722,15943,1120
4768.387465,2403900549,2403901668,15857,1119
4768.399489,2403909536,2403910662,15913,1126
4768.411513,2403918488,2403919607,16032,1119
4768.423534,2403927429,2403928554,16052,1125
4768.435561,2403936345,2403937468,15776,1123
4768.447582,2403945300,2403946425,16032,1125
4768.459603,2403954258,2403955383,15965,1125
4768.471625,2403963173,2403964263,15856,1090
4768.483651,2403972092,2403973213,15860,1121
4768.495673,2403981069,2403982193,15944,1124
4768.507690,2403990016,2403991137,15508,1121
4768.519721,2403998968,2404000059,15800,1091
4768.531740,2404007847,2404008971,15956,1124
4768.552776,2404023470,2404024586,15624,1116
4768.564805,2404032397,2404033519,15944,1122
4768.576826,2404041360,2404042485,15878,1125
4768.591861,2404052547,2404053672,15963,1125
4768.609893,2404065944,2404067063,15942,1119
4768.621911,2404074885,2404076008,15965,1123
4768.633938,2404083808,2404084924,15710,1116
4768.652975,2404099449,2404100571,15943,1122
4768.757169,2404175424,2404176543,15965,1119
4768.772199,2404186604,2404187728,15939,1124
4768.797251,2404206734,2404207856,15945,1122
4768.812782,2404217279,2404218401,16070,1122
4768.824797,2404226232,2404227357,16053,1125
4768.863867,2404255300,2404256423,15709,1123
4768.875897,2404264257,2404265382,16034,1125
4768.887920,2404273202,2404274321,15953,1119
4768.899935,2404282151,2404283274,15591,1123
4768.911965,2404291103,2404292221,15945,1118
4768.923986,2404300048,2404301170,15958,1122
4768.969071,2404333578,2404334703,15960,1125
4768.981098,2404342502,2404343621,15710,1119
4769.002137,2404358147,2404359272,15942,1125
4769.014158,2404367117,2404368242,15964,1125
4769.026176,2404376039,2404377155,15623,1116
4769.038210,2404385015,2404386138,15961,1123
4769.074275,2404411825,2404412945,15947,1120
4769.161433,2404476587,2404477706,15633,1119
4769.173463,2404485531,2404486650,15947,1119
4769.212535,2404514553,2404515678,15963,1125
4769.224553,2404523482,2404524604,15670,1122
4769.269639,2404556949,2404558063,15711,1114
4769.284674,2404568102,2404569222,16034,1120
4769.296690,2404577060,2404578179,15672,1119
4769.380859,2404639319,2404640437,16041,1118
4769.392866,2404648229,2404649348,15761,1119
4769.416928,2404666001,2404667120,15976,1119
4769.428946,2404674970,2404676090,15840,1120
4769.481055,2404714979,2404716100,15677,1121
4769.513105,2404737210,2404738332,15635,1122
4769.528131,2404748343,2404749460,15631,1117
4769.570220,2404779540,2404780663,15975,1123
4769.582227,2404788409,2404789531,15681,1122
4769.609278,2404808423,2404809542,15680,1119
4769.621311,2404817300,2404818420,15634,1120
4769.640343,2404832957,2404834077,15971,1120
4769.688444,2404868522,2404869641,15680,1119
4769.792637,2404944129,2404945246,15637,1117
4769.807669,2404955273,2404956394,15947,1121
4769.828701,2404970858,2404971980,15812,1122
4769.840731,2404979809,2404980933,16024,1124
4769.852741,2404988691,2404989804,15759,1113
4769.897827,2405022004,2405023117,15768,1113
4769.909862,2405030919,2405032042,15715,1123
4769.960947,2405068776,2405069898,15758,1122
4769.972987,2405077637,2405078759,15791,1122
4769.994026,2405093214,2405094332,16064,1118
4770.006032,2405102082,2405103205,15759,1123
4770.036101,2405124317,2405125430,15638,1113
4770.048129,2405133235,2405134357,15990,1122
4770.060135,2405142114,2405143237,15680,1123
4770.072175,2405150995,2405152113,15706,1118
4770.084197,2405159913,2405161039,15971,1126
4770.114238,2405182107,2405183230,15680,1123
4770.216443,2405257769,2405258886,15634,1117
4770.228473,2405266710,2405267830,15904,1120
4770.240492,2405275602,2405276721,16034,1119
4770.252511,2405284545,2405285670,15920,1125
4770.267530,2405295680,2405296797,15763,1117
4770.279563,2405304606,2405305729,15928,1123
4770.291593,2405313566,2405314691,16025,1125
4770.303615,2405322537,2405323659,16062,1122
4770.315628,2405331501,2405332620,15685,1119
4770.326161,2405339554,2405340678,16065,1124
4770.338173,2405348554,2405349677,15686,1123
4770.360332,2405360471,2405361099,11981,628
4770.441879,2405414554,2405415675,16019,1121
4770.453900,2405423496,2405424616,16055,1120
4770.465914,2405432474,2405433595,15601,1121
4770.477949,2405441431,2405442556,15937,1125
4770.504999,2405461536,2405462662,15939,1126
4770.517020,2405470481,2405471602,15970,1121
4770.529034,2405479399,2405480515,15607,1116
4770.568119,2405508440,2405509560,15935,1120
4770.580140,2405517394,2405518514,15969,1120
4770.592154,2405526324,2405527443,15596,1119
4770.628223,2405553134,2405554256,15599,1122
4770.640256,2405562073,2405563197,15933,1124
4770.652277,2405571016,2405572135,15971,1119
4770.664295,2405579975,2405581100,15842,1125
4770.676325,2405588920,2405590042,15937,1122
4770.688346,2405597879,2405599003,15968,1124
4770.751466,2405644818,2405645938,15971,1120
4770.763480,2405653744,2405654857,15603,1113
4770.775514,2405662675,2405663800,15855,1125
4770.787535,2405671623,2405672744,15968,1121
4770.799549,2405680543,2405681662,15603,1119
4770.811582,2405689494,2405690619,15933,1125
4770.823603,2405698449,2405699574,15967,1125
4770.835617,2405707372,2405708488,15604,1116
4770.847651,2405716318,2405717438,15944,1120
4770.865685,2405729723,2405730842,15932,1119
4770.876197,2405736335,2405737234,15175,899
4770.900249,2405754003,2405755128,16057,1125
4770.912263,2405762939,2405764061,15682,1122
4770.924297,2405771881,2405773002,15936,1121
4770.945335,2405787533,2405788654,16056,1121
4770.957349,2405796452,2405797573,15601,1121
4770.975386,2405809890,2405811015,15842,1125
4770.987417,2405818871,2405819996,15914,1125
4770.999437,2405827824,2405828949,15974,1125
4771.011452,2405836764,2405837881,15602,1117
4771.023485,2405845705,2405846827,15940,1122
4771.044523,2405861358,2405862480,15970,1122
4771.056538,2405870279,2405871395,15604,1116
4771.071575,2405881472,2405882596,15971,1124
4771.083589,2405890495,2405891613,15688,1118
4771.095622,2405899439,2405900559,16022,1120
4771.108652,2405910600,2405911723,15681,1123
4771.131692,2405926262,2405927386,16030,1124
4771.143712,2405935216,2405936341,16059,1125
4771.155726,2405944168,2405945291,15602,1123
4771.167759,2405953117,2405954237,15944,1120
4771.185794,2405966525,2405967648,15935,1123
4771.197815,2405975475,2405976596,15976,1121
4771.209829,2405984436,2405985559,15606,1123
4771.221865,2405993397,2405994521,15943,1124
4771.233884,2406002344,2406003469,15971,1125
4771.245897,2406011280,2406012402,15603,1122
4771.257931,2406020217,2406021336,15941,1119
4771.269953,2406029140,2406030264,15977,1124
4771.281967,2406038112,2406039229,15616,1117
4771.293998,2406047056,2406048181,15939,1125
4771.306019,2406056011,2406057133,15954,1122
4771.318035,2406064944,2406066062,15616,1118
4771.336069,2406078383,2406079503,15601,1120
4771.348103,2406087338,2406088460,15943,1122
4771.366138,2406100749,2406101874,15945,1125
4771.378158,2406109702,2406110821,15974,1119
4771.402205,2406127585,2406128708,15941,1123
4771.414227,2406136542,2406137667,16075,1125
4771.426241,2406145464,2406146582,15601,1118
4771.438276,2406154421,2406155546,15937,1125
4771.450295,2406163388,2406164510,15969,1122
4771.480343,2406185721,2406186844,15682,1123
4771.492377,2406194715,2406195835,16025,1120
4771.507395,2406205869,2406206987,15683,1118
4771.519428,2406214826,2406215949,16027,1123
4771.531452,2406223778,2406224900,15928,1122
4771.543463,2406232706,2406233822,15683,1116
4771.555497,2406241638,2406242763,15941,1125
4771.567518,2406250591,2406251711,15975,1120
4771.579532,2406259511,2406260632,15607,1121
4771.591566,2406268484,2406269608,15912,1124
4771.603586,2406277428,2406278553,15970,1125
4771.615601,2406286362,2406287485,15690,1123
4771.627634,2406295306,2406296431,16031,1125
4771.639655,2406304260,2406305380,16058,1120
4771.651669,2406313184,2406314305,15690,1121
4771.663703,2406322135,2406323260,16032,1125
4771.681737,2406335542,2406336663,16025,1121
4771.693758,2406344496,2406345615,16056,1119
4771.705775,2406353484,2406354604,15934,1120
4771.717806,2406362430,2406363546,16030,1116
4771.736836,2406378065,2406379183,15968,1118
4771.816994,2406436171,2406437291,15941,1120
4771.832012,2406447330,2406448449,15601,1119
4771.844047,2406456730,2406457855,15998,1125
4771.856067,2406465699,2406466820,16058,1121
4771.868081,2406474625,2406475738,15687,1113
4771.880114,2406483554,2406484679,16029,1125
4771.892136,2406492494,2406493615,16066,1121
4771.904155,2406501475,2406502595,15851,1120
4771.943235,2406530547,2406531670,15945,1123
4771.958253,2406541729,2406542848,15601,1119
4771.970286,2406550680,2406551802,15943,1122
4771.980327,2406559646,2406560765,15969,1119
4772.012355,2406581982,2406583101,15685,1119
4772.024389,2406590924,2406592045,15939,1121
4772.039407,2406602090,2406603211,15601,1121
4772.051441,2406611035,2406612158,15934,1123
4772.063463,2406619978,2406621103,15882,1125
4772.075475,2406628901,2406630017,15602,1116
4772.087509,2406637847,2406638972,15942,1125
4772.099530,2406646811,2406647936,15973,1125
4772.111545,2406655747,2406656870,15694,1123
4772.123576,2406664696,2406665820,15999,1124
4772.135596,2406673648,2406674771,15956,1123
4772.147612,2406682566,2406683685,15622,1119
4772.159644,2406691515,2406692635,15939,1120
4772.177679,2406704930,2406706055,15940,1125
4772.189700,2406713878,2406715002,15957,1124
4772.201715,2406722803,2406723918,15698,1115
4772.213748,2406731741,2406732861,16029,1120
4772.225768,2406740681,2406741802,15956,1121
4772.240799,2406751847,2406752968,15948,1121
4772.252820,2406760793,2406761918,15963,1125
4772.264835,2406769750,2406770872,15615,1122
4772.276867,2406778690,2406779814,15940,1124
4772.309924,2406803277,2406804402,15862,1125
4772.321957,2406812244,2406813369,16025,1125
4772.345990,2406830109,2406831228,15603,1119
4772.358023,2406839043,2406840165,15942,1122
4772.460216,2406915018,2406916143,16057,1125
4772.472230,2406923943,2406925060,15684,1117
4772.484263,2406932873,2406933997,15936,1124
4772.505302,2406948516,2406949636,15984,1120
4772.517316,2406957461,2406958574,15564,1113
4772.536365,2406973130,2406974255,15934,1125
4772.571419,2406997708,2406998830,15604,1122
4772.583452,2407006648,2407007768,15943,1120
4772.595473,2407015596,2407016721,15975,1125
4772.607487,2407024524,2407025643,15609,1119
4772.619521,2407033468,2407034594,15941,1126
4772.631541,2407042428,2407043548,15974,1120
4772.643556,2407051345,2407052462,15604,1117
4772.655589,2407060290,2407061415,15940,1125
4772.667610,2407069239,2407070362,15970,1123
4772.685644,2407082653,2407083773,15968,1120
4772.697658,2407091581,2407092697,15685,1116
4772.724710,2407111673,2407112794,15608,1121
4772.736742,2407120626,2407121751,16029,1125
4772.787830,2407158607,2407159726,15697,1119
4772.799862,2407167557,2407168677,16026,1120
4772.811882,2407176504,2407177623,15955,1119
4772.823898,2407185430,2407186547,15621,1117
4772.835928,2407194378,2407195473,15747,1095
4772.847951,2407203300,2407204425,15960,1125
4772.859967,2407212222,2407213341,15616,1119
4772.871999,2407221168,2407222287,15939,1119
4772.890033,2407234573,2407235679,15768,1106
4772.902056,2407243514,2407244634,15988,1120
4772.914072,2407252448,2407253567,15603,1119
4772.926103,2407261384,2407262508,15941,1124
4772.938127,2407270382,2407271500,16061,1118
4772.950139,2407279337,2407280445,15681,1108
4773.007258,2407321828,2407322946,16031,1118
4773.022278,2407333016,2407334141,15908,1125
4773.061360,2407362088,2407363207,15939,1119
4773.073382,2407371037,2407372162,15970,1125
4773.109450,2407397854,2407398979,15968,1125
4773.121467,2407406805,2407407930,15843,1125
4773.136501,2407418006,2407419127,15969,1121
4773.148516,2407426983,2407428102,15602,1119
4773.160549,2407435923,2407437048,15938,1125
4773.211636,2407473875,2407474991,15608,1116
4773.223670,2407482816,2407483939,15940,1123
4773.235690,2407491749,2407492874,15967,1125
4773.253725,2407505143,2407506263,15969,1120
4773.265739,2407514062,2407515183,15684,1121
4773.277769,2407523013,2407524107,15828,1094
4773.295804,2407536385,2407537484,15824,1099
4773.319842,2407554251,2407555373,15683,1122
4773.331873,2407563195,2407564289,15829,1094
4773.343897,2407572104,2407573226,16062,1122
4773.355911,2407581561,2407582684,15607,1123
4773.367944,2407590520,2407591642,15940,1122
4773.379965,2407599473,2407600594,16062,1121
4773.391979,2407608399,2407609518,15683,1119
4773.404012,2407617332,2407618457,16024,1125
4773.416033,2407626293,2407627413,16060,1120
4773.428048,2407635217,2407636333,15693,1116
4773.446082,2407648617,2407649736,15674,1119
4773.458115,2407657559,2407658681,16029,1122
4773.482150,2407675427,2407676549,15685,1122
4773.494184,2407684380,2407685500,15937,1120
4773.539270,2407717932,2407719057,15940,1125
4773.551290,2407726908,2407728031,15955,1123
4773.563304,2407735837,2407736959,15616,1122
4773.575337,2407744776,2407745901,15943,1125
4773.593371,2407758182,2407759307,15934,1125
4773.605392,2407767134,2407768253,16045,1119
4773.641460,2407793944,2407795063,16042,1119
4773.653476,2407802864,2407803985,15699,1121
4773.707579,2407843086,2407844205,15614,1119
4773.719611,2407852041,2407853165,15939,1124
4773.731632,2407860997,2407862121,15959,1124
4773.744662,2407872163,2407873283,15938,1120
4773.772210,2407891178,2407892297,15954,1119
4773.784224,2407900094,2407901214,15616,1120
4773.796257,2407909032,2407910156,15944,1124
4773.808278,2407917978,2407919100,15955,1122
4773.820293,2407926895,2407928013,15613,1118
4773.832326,2407935835,2407936960,15942,1125
4773.853364,2407951495,2407952615,15957,1120
4773.865381,2407960452,2407961568,15613,1116
4773.895446,2407982814,2407983939,16033,1125
4773.907467,2407991779,2407992899,16045,1120
4773.919482,2408000698,2408001820,15695,1122
4773.940529,2408016338,2408017437,15820,1099
4773.952552,2408025255,2408026375,15951,1120
4773.968580,2408038707,2408039832,16038,1125
4774.057754,2408103491,2408104611,16030,1120
4774.069775,2408112472,2408113592,15957,1120
4774.087809,2408125882,2408127006,15953,1124
4774.099824,2408134817,2408135938,15617,1121
4774.123878,2408152716,2408153841,15953,1125
4774.135893,2408161643,2408162765,15696,1122
4774.147926,2408170589,2408171711,16021,1122
4774.159947,2408179546,2408180665,16047,1119
4774.171965,2408188502,2408189618,15844,1116
4774.183996,2408197437,2408198560,15943,1123
4774.196017,2408206400,2408207524,15972,1124
4774.208031,2408215314,2408216431,15604,1117
4774.220064,2408224250,2408225374,15935,1124
4774.232085,2408233199,2408234323,15970,1124
4774.244099,2408242110,2408243227,15606,1117
4774.256133,2408251084,2408252202,15912,1118
4774.268154,2408260015,2408261135,15976,1120
4774.280168,2408268968,2408270087,15599,1119
4774.292201,2408277919,2408279044,15939,1125
4774.304222,2408286873,2408287998,15970,1125
4774.316233,2408295826,2408296947,15564,1121
4774.328270,2408304767,2408305892,15941,1125
4774.340291,2408313721,2408314846,15990,1125
4774.352305,2408322648,2408323771,15603,1123
4774.364338,2408331586,2408332705,15936,1119
4774.385377,2408347271,2408348387,15971,1116
4774.397391,2408356220,2408357341,15605,1121
4774.409425,2408365162,2408366286,16025,1124
4774.445493,2408391972,2408393097,15939,1125
4774.457514,2408400920,2408402040,15972,1120
4774.487563,2408423234,2408424353,15601,1119
4774.499595,2408432184,2408433307,15938,1123
4774.511616,2408441125,2408442250,15971,1125
4774.523631,2408450036,2408451150,15597,1114
4774.535664,2408458974,2408460096,15935,1122
4774.547684,2408468120,2408469209,15795,1089
4774.559692,2408476964,2408478086,15597,1122
4774.571726,2408485835,2408486954,15635,1119
4774.583752,2408494795,2408495918,15990,1123
4774.595762,2408503741,2408504857,15681,1116
4774.607791,2408512654,2408513771,15633,1117
4774.619823,2408521566,2408522686,15974,1120
4774.640847,2408537110,2408538232,15677,1122
4774.652880,2408545977,2408547096,15635,1119
4774.664908,2408554874,2408555998,15930,1124
4774.676915,2408563768,2408564884,15685,1116
4774.703980,2408583845,2408584969,15945,1124
4774.716000,2408592732,2408593827,15831,1095
4774.728029,2408601609,2408602733,16067,1124
4774.746063,2408614907,2408616032,16060,1125
4774.758070,2408623778,2408624897,15766,1119
4774.776104,2408637150,2408638272,15763,1122
4774.788133,2408646090,2408647215,15730,1125
4774.800166,2408655014,2408656137,15980,1123
4774.860275,2408699479,2408700596,15722,1117
4774.872305,2408708792,2408709918,16067,1126
4774.887321,2408719966,2408721091,15896,1125
4774.899355,2408728887,2408730006,15978,1119
4774.911361,2408737761,2408738877,15679,1116
4774.923391,2408746678,2408747795,15633,1117
4774.935423,2408755589,2408756710,15952,1121
4774.947430,2408764482,2408765601,15686,1119
4774.959463,2408773387,2408774478,15829,1091
4774.971491,2408782255,2408783380,15975,1125
4774.983511,2408791187,2408792311,15946,1124
4774.995532,2408800098,2408801219,15720,1121
4775.007560,2408808988,2408810113,16069,1125
4775.019567,2408817857,2408818973,15758,1116
4775.031608,2408826752,2408827839,16000,1087
4775.043629,2408835620,2408836743,16065,1123
4775.055635,2408844496,2408845615,15760,1119
4775.067669,2408853375,2408854488,15725,1113
4775.079698,2408862266,2408863384,16069,1118
4775.091706,2408871165,2408872282,15746,1117
4775.103737,2408880077,2408881192,15919,1115
4775.115766,2408888972,2408890089,16069,1117
4775.127773,2408897840,2408898961,15762,1121
4775.139807,2408906724,2408907840,15721,1116
4775.151835,2408915630,2408916746,16063,1116
4775.175875,2408933366,2408934488,15718,1122
4775.187905,2408942322,2408943440,16074,1118
4775.199910,2408951211,2408952332,15685,1121
4775.211944,2408960092,2408961211,15644,1119
4775.223972,2408968986,2408970111,15974,1125
4775.235979,2408977867,2408978986,15686,1119
4775.248012,2408986772,2408987883,15637,1111
4775.260042,2408995663,2408996754,15821,1091
4775.272047,2409004521,2409005640,15681,1119
4775.284075,2409013418,2409014540,15811,1122
4775.296110,2409022337,2409023461,15951,1124
4775.308123,2409031285,2409032406,15600,1121
4775.320157,2409040240,2409041365,16030,1125
4775.332177,2409049206,2409050329,16076,1123
4775.344192,2409058142,2409059263,15681,1121
4775.356225,2409067091,2409068215,16029,1124
4775.368247,2409076066,2409077187,16078,1121
4775.380260,2409084950,2409086064,15717,1114
4775.392285,2409093905,2409095026,15905,1121
4775.404317,2409102795,2409103914,16089,1119
4775.431366,2409122840,2409123964,16039,1124
4775.443373,2409131716,2409132835,15759,1119
4775.455407,2409140592,2409141708,15724,1116
4775.467436,2409149492,2409150617,15916,1125
4775.479449,2409158441,2409159564,15718,1123
4775.491475,2409167366,2409168488,15646,1122
4775.503503,2409176293,2409177413,15969,1120
4775.515510,2409185187,2409186307,15683,1120
4775.533544,2409198548,2409199670,15682,1122
4775.545578,2409207460,2409208576,15636,1116
4775.560596,2409218568,2409219686,15679,1118
4775.572629,2409227436,2409228522,15830,1086
4775.593675,2409242988,2409244113,15976,1125
4775.605683,2409251939,2409253056,15677,1117
4775.617708,2409260815,2409261937,15563,1122
4775.629743,2409269727,2409270852,15956,1125
4775.648779,2409285307,2409286428,15677,1121
4775.671814,2409300853,2409301970,15632,1117
4775.683848,2409309798,2409310924,15994,1126
4775.695853,2409318688,2409319803,15680,1115
4775.707887,2409327552,2409328674,15644,1122
4775.728932,2409343110,2409344235,15950,1125
4775.740938,2409351996,2409353113,15682,1117
4775.752973,2409360869,2409361986,15635,1117
4775.765001,2409369767,2409370887,15893,1120
4775.777015,2409378654,2409379776,15631,1122
4775.801070,2409396492,2409397611,15979,1119
4775.813077,2409405432,2409406548,15762,1116
4775.855172,2409436489,2409437614,16064,1125
4775.870195,2409447613,2409448735,15715,1122
4775.912264,2409478730,2409479846,15758,1116
4775.924305,2409487594,2409488710,15793,1116
4775.936327,2409496490,2409497611,16063,1121
4775.957350,2409512026,2409513148,15759,1122
4775.969384,2409520908,2409522030,15716,1122
4776.008464,2409549850,2409550971,16063,1121
4776.020484,2409558756,2409559876,15948,1120
4776.035515,2409569876,2409570992,15975,1116
4776.047522,2409578745,2409579862,15680,1117
4776.059556,2409587623,2409588740,15638,1117
4776.071584,2409596518,2409597639,15975,1121
4776.083592,2409605433,2409606554,15761,1121
4776.095624,2409614293,2409615379,15914,1086
4776.137693,2409645357,2409646470,15761,1113
4776.149727,2409654215,2409655308,15919,1093
4776.161755,2409663070,2409664188,16069,1118
4776.200813,2409691999,2409693120,15758,1121
4776.212847,2409700883,2409702000,15725,1117
4776.233892,2409716433,2409717554,15966,1121
4776.248914,2409728771,2409729887,15602,1116
4776.260944,2409737667,2409738796,15976,1129
4776.272963,2409746586,2409747711,15858,1125
4776.372147,2409819870,2409820987,15720,1117
4776.384173,2409829230,2409830355,15913,1125
4776.426242,2409860394,2409861512,15679,1118
4776.441284,2409871575,2409872700,15939,1125
4776.453293,2409880444,2409881563,15682,1119
4776.477357,2409898257,2409899373,15991,1116
4776.489364,2409907170,2409908287,15677,1117
4776.552482,2409953815,2409954931,15760,1116
4776.564516,2409962680,2409963768,15918,1088
4776.580558,2409975998,2409977120,15717,1122
4776.597568,2409987121,2409988238,15757,1117
4776.609602,2409995992,2409997114,15722,1122
4776.621629,2410004910,2410006034,15955,1124
4776.633636,2410013782,2410014904,15678,1122
4776.651671,2410027115,2410028237,15680,1122
4776.663705,2410035990,2410037111,15643,1121
4776.675734,2410044918,2410046043,15995,1125
4776.687739,2410053801,2410054917,15681,1116
4776.699774,2410062727,2410063848,15815,1121
4776.711801,2410071642,2410072763,16066,1121
4776.723808,2410080510,2410081627,15760,1117
4776.735842,2410089389,2410090511,15724,1122
4776.747870,2410098284,2410099402,16068,1118
4776.768901,2410113814,2410114930,15714,1116
4776.780928,2410122727,2410123848,15719,1121
4776.801972,2410138326,2410139447,16060,1121
4776.813980,2410147207,2410148327,15764,1120
4776.841031,2410167179,2410168295,15761,1116
4776.856077,2410178280,2410179373,15900,1093
4776.868090,2410187174,2410188290,15683,1116
4776.880116,2410196084,2410197195,15722,1111
4776.892144,2410204978,2410206097,16066,1119
4776.904150,2410213851,2410214973,15761,1122
4776.941242,2410242746,2410243868,15714,1122
4776.958256,2410253894,2410255013,15764,1119
4777.012356,2410293943,2410295060,15760,1117
4777.024390,2410302827,2410303953,15755,1126
4777.036420,2410311735,2410312828,15907,1093
4777.060459,2410329476,2410330598,15722,1122
4777.072488,2410338460,2410339580,15963,1120
4777.087509,2410349611,2410350735,15828,1124
4777.117573,2410371845,2410372965,15946,1120
4777.129579,2410380718,2410381830,15678,1112
4777.141613,2410389585,2410390702,15638,1117
4777.159644,2410402922,2410404038,15631,1116
4777.219751,2410447350,2410448472,15680,1122
4777.231785,2410456224,2410457342,15641,1118
4777.243814,2410465130,2410466219,15822,1089
4777.255819,2410473968,2410475087,15679,1119
4777.267848,2410482861,2410483986,15804,1125
4777.280879,2410494028,2410495146,15759,1118
4777.324967,2410525133,2410526251,16056,1118
4777.336974,2410534004,2410535120,15760,1116
4777.358025,2410549535,2410550651,15720,1116
4777.370055,2410558478,2410559603,16083,1125
4777.382060,2410567348,2410568464,15762,1116
4777.425157,2410600670,2410601787,15757,1117
4777.448197,2410616175,2410617293,15637,1118
4777.460225,2410625079,2410626200,15978,1121
4777.472231,2410633984,2410635100,15682,1116
4777.484264,2410642928,2410644049,15824,1121
4777.496293,2410651836,2410652956,15978,1120
4777.508299,2410660708,2410661824,15675,1116
4777.535351,2410680682,2410681801,15683,1119
4777.547385,2410689600,2410690719,15640,1119
4777.559413,2410698510,2410699630,15978,1120
4777.571422,2410707415,2410708536,15681,1121
4777.583454,2410716297,2410717413,15637,1116
4777.595482,2410725203,2410726328,15981,1125
4777.607488,2410734073,2410735192,15683,1119
4777.625523,2410747386,2410748508,15674,1122
4777.637557,2410756256,2410757378,15639,1122
4777.673625,2410782935,2410784052,15719,1117
4777.685656,2410791885,2410793003,15964,1118
4777.736746,2410829612,2410830733,15642,1121
4777.748773,2410838504,2410839629,15978,1125
4777.763792,2410849619,2410850737,15810,1118
4777.853968,2410916150,2410917266,15722,1116
4777.865998,2410925080,2410926205,16079,1125
4777.884030,2410938416,2410939536,15979,1120
4777.896038,2410947515,2410948636,15759,1121
4777.908075,2410956838,2410957955,15799,1117
4777.920099,2410965734,2410966854,16065,1120
4777.932106,2410974590,2410975712,15765,1122
4777.944139,2410983480,2410984567,15922,1087
4777.956168,2410992340,2410993460,16066,1120
4777.968176,2411001243,2411002365,15760,1122
4777.980207,2411010137,2411011259,15920,1122
4777.992236,2411019044,2411020162,15981,1118
4778.004243,2411027904,2411029022,15682,1118
4778.016277,2411036781,2411037898,15635,1117
4778.037323,2411052349,2411053468,15958,1119
4778.049329,2411061206,2411062323,15679,1117
4778.079397,2411083387,2411084507,15637,1120
4778.091426,2411092311,2411093435,15987,1124
4778.103431,2411101186,2411102303,15762,1117
4778.115466,2411110039,2411111153,15719,1114
4778.127494,2411118923,2411120048,16067,1125
4778.139500,2411127805,2411128921,15761,1116
4778.151535,2411136674,2411137797,15726,1123
4778.163564,2411145605,2411146723,16079,1118
4778.175569,2411154472,2411155594,15766,1122
4778.187602,2411163342,2411164459,15725,1117
4778.199632,2411172286,2411173402,16008,1116
4778.211637,2411181159,2411182280,15679,1121
4778.223671,2411190026,2411191144,15643,1118
4778.235699,2411198926,2411200046,15973,1120
4778.247706,2411207781,2411208902,15681,1121
4778.259735,2411216677,2411217802,15808,1125
4778.271768,2411225580,2411226699,15975,1119
4778.283775,2411234458,2411235579,15680,1121
4778.295809,2411243388,2411244512,15923,1124
4778.307834,2411252362,2411253480,16029,1118
4778.319843,2411261226,2411262346,15676,1120
4778.340894,2411276742,2411277864,15652,1122
4778.352921,2411285647,2411286767,15963,1120
4778.404020,2411323401,2411324523,15707,1122
4778.416041,2411332315,2411333440,15962,1125
4778.428049,2411341192,2411342304,15678,1112
4778.440082,2411350069,2411351186,15657,1117
4778.497198,2411392303,2411393392,15830,1089
4778.509218,2411401317,2411402441,16028,1124
4778.608392,2411474632,2411475753,15674,1121
4778.620426,2411483524,2411484645,15641,1121
4778.632454,2411492422,2411493545,15974,1123
4778.695574,2411539064,2411540187,15977,1123
4778.707596,2411547979,2411549098,15952,1119
4778.719610,2411556936,2411558057,15678,1121
4778.731642,2411565838,2411566957,15976,1119
4778.749677,2411579159,2411580278,15970,1119
4778.761685,2411588065,2411589182,15680,1117
4778.812795,2411625835,2411626957,15960,1122
4778.827820,2411636914,2411638031,15649,1117
4778.908970,2411696877,2411697993,15614,1116
4778.920999,2411705878,2411707002,16019,1124
4778.984121,2411752471,2411753596,16053,1125
4778.996129,2411761346,2411762465,15768,1119
4779.008163,2411770220,2411771306,15931,1086
4779.020192,2411779112,2411780237,16050,1125
4779.038226,2411792425,2411793543,16064,1118
4779.050239,2411801298,2411802417,15719,1119
4779.116369,2411850153,2411851275,15722,1122
4779.128396,2411859094,2411860183,15877,1089
4779.140405,2411868011,2411869127,15679,1116
4779.209552,2411919064,2411920184,15978,1120
4779.221558,2411927930,2411929051,15679,1121
4779.269656,2411963522,2411964639,15634,1117
4779.281688,2411972410,2411973534,15978,1124
4779.296718,2411983484,2411984605,15704,1121
4779.324759,2412005682,2412006801,15970,1119
4779.347806,2412021283,2412022400,15640,1117
4779.359832,2412030172,2412031293,15640,1121
4779.371857,2412039122,2412040241,15945,1119
4779.383866,2412047965,2412049081,15681,1116
4779.395908,2412056822,2412057907,15913,1085
4779.407931,2412066091,2412067215,15960,1124
4779.440987,2412090532,2412091648,15723,1116
4779.453016,2412099464,2412100582,16082,1118
4779.465021,2412108328,2412109444,15678,1116
4779.477055,2412117187,2412118298,15641,1111
4779.498100,2412132733,2412133854,15954,1121
4779.510106,2412141636,2412142754,15679,1118
4779.540175,2412163799,2412164917,15637,1118
4779.552203,2412170563,2412171518,14860,955
4779.564231,2412176637,2412177268,12690,631
4779.577751,2412182553,2412183659,15827,1106
4779.589766,2412191418,2412192535,15604,1117
4779.601797,2412200361,2412201482,15907,1121
4779.613820,2412209279,2412210401,15971,1122
4779.628848,2412220425,2412221516,15741,1091
4779.640872,2412229330,2412230448,15974,1118
4779.655899,2412240505,2412241599,15743,1094
4779.680952,2412260584,2412261702,15934,1118
4779.752075,2412311960,2412313081,15600,1121
4779.764107,2412320947,2412322072,15907,1125
4779.776129,2412329887,2412331005,15973,1118
4779.788146,2412338830,2412339949,15846,1119
4779.800175,2412347804,2412348923,15908,1119
4779.812198,2412356753,2412357871,15975,1118
4779.824212,2412365671,2412366793,15608,1122
4779.836245,2412374601,2412375725,15944,1124
4779.848266,2412383533,2412384654,15970,1121
4779.860280,2412392451,2412393568,15609,1117
4779.872314,2412401390,2412402511,15940,1121
4779.884334,2412410328,2412411452,15972,1124
4779.896351,2412419265,2412420389,15825,1124
4779.908382,2412428223,2412429344,15937,1121
4779.923400,2412439384,2412440505,15682,1121
4779.959469,2412466170,2412467288,15682,1118
4779.971501,2412475120,2412476240,15947,1120
4779.983521,2412484059,2412485180,15956,1121
4779.995540,2412493022,2412494144,15841,1122
4780.007567,2412502026,2412503145,15907,1119
4780.019590,2412510975,2412512094,15966,1119
4780.031606,2412519922,2412521039,15616,1117
4780.043638,2412528858,2412529978,15906,1120
4780.056331,2412537658,2412538568,15270,910
4780.069184,2412546414,2412547532,15868,1118
4780.081200,2412555315,2412556433,15699,1118
4780.093232,2412564255,2412565371,15992,1116
4780.105253,2412573234,2412574358,16044,1124
4780.117271,2412582178,2412583303,15857,1125
4780.129301,2412591126,2412592246,15941,1120
4780.160365,2412615774,2412616898,15851,1124
4780.180389,2412629234,2412630356,15605,1122
4780.192422,2412638187,2412639303,15902,1116
4780.204443,2412647156,2412648280,15970,1124
4780.216457,2412656080,2412657197,15604,1117
4780.228491,2412665031,2412666148,15937,1117
4780.240513,2412673981,2412675099,15911,1118
4780.252526,2412682918,2412684037,15602,1119
4780.264560,2412691854,2412692979,15939,1125
4780.291611,2412712008,2412713127,15993,1119
4780.303631,2412720944,2412722062,16055,1118
4780.315646,2412729852,2412730969,15679,1117
4780.327681,2412738847,2412739971,15997,1124
4780.339701,2412747848,2412748968,15818,1120
4780.351725,2412756839,2412757963,16002,1124
4780.363748,2412765833,2412766957,15998,1124
4780.375771,2412774837,2412775962,15907,1125
4780.387792,2412783830,2412784953,15911,1123
4780.399815,2412792817,2412793938,15823,1121
4780.411836,2412801751,2412802873,15965,1122
4780.423852,2412810708,2412811830,15615,1122
4780.435885,2412819684,2412820804,15906,1120
4780.447906,2412828667,2412829792,15972,1125
4780.459920,2412837602,2412838719,15616,1117
4780.471952,2412846546,2412847665,16027,1119
4780.483973,2412855486,2412856610,16044,1124
4780.495988,2412864416,2412865539,15703,1123
4780.508021,2412873364,2412874482,15938,1118
4780.520042,2412882316,2412883437,15958,1121
4780.532057,2412891235,2412892357,15695,1122
4780.544090,2412900228,2412901320,15852,1092
4780.556110,2412909148,2412910272,16045,1124
4780.574145,2412922564,2412923684,15956,1120
4780.586169,2412931701,2412932823,15682,1122
4780.622229,2412958488,2412959610,15620,1122
4780.634261,2412967435,2412968553,15942,1118
4780.655300,2412983133,2412984252,15969,1119
4780.667314,2412992028,2412993146,15535,1118
4780.679347,2413000958,2413002083,15941,1125
4780.691368,2413009913,2413011032,15964,1119
4780.703383,2413018814,2413019931,15694,1117
4780.715415,2413027761,2413028880,16027,1119
4780.727436,2413036691,2413037811,15954,1120
4780.739454,2413045635,2413046754,15835,1119
4780.751484,2413054576,2413055697,15939,1121
4780.763505,2413063508,2413064626,15957,1118
4780.775520,2413072425,2413073546,15699,1121
4780.787553,2413081417,2413082535,15907,1118
4780.799573,2413090344,2413091466,15958,1122
4780.811589,2413099263,2413100383,15661,1120
4780.823621,2413108195,2413109314,15941,1119
4780.835644,2413117143,2413118261,15913,1118
4780.847660,2413126113,2413127231,15838,1118
4780.859690,2413135055,2413136180,15940,1125
4780.871711,2413144004,2413145128,16044,1124
4780.883732,2413152905,2413154024,15768,1119
4780.895758,2413161844,2413162968,16027,1124
4780.907779,2413170782,2413171903,15871,1121
4780.918301,2413178796,2413179920,15913,1124
4780.933327,2413190006,2413191129,15684,1123
4780.945353,2413198961,2413200079,15941,1118
4780.984427,2413227975,2413229096,16002,1121
4780.996441,2413236934,2413238051,15598,1117
4781.008475,2413245874,2413246993,15944,1119
4781.020495,2413254848,2413255969,15974,1121
4781.048555,2413277212,2413278331,15833,1119
4781.104646,2413317433,2413318555,15679,1122
4781.116680,2413326368,2413327493,16026,1125
4781.131706,2413337546,2413338667,15906,1121
4781.143731,2413346486,2413347608,15943,1122
4781.155752,2413355432,2413356556,15970,1124
4781.176784,2413371059,2413372174,15687,1115
4781.188815,2413380024,2413381144,15989,1120
4781.200840,2413389024,2413390149,16070,1125
4781.221872,2413404700,2413405823,15936,1123
4781.233903,2413413660,2413414784,15992,1124
4781.245924,2413422640,2413423764,16062,1124
4781.257938,2413431558,2413432671,15683,1113
4781.269971,2413440540,2413441660,15997,1120
4781.281994,2413449483,2413450608,15914,1125
4781.294007,2413458430,2413459543,15603,1113
4781.306038,2413467369,2413468463,15746,1094
4781.321058,2413478492,2413479610,15685,1118
4781.354129,2413503071,2413504195,15971,1124
4781.393195,2413532139,2413533261,15688,1122
4781.405227,2413541098,2413542223,15934,1125
4781.421260,2413554495,2413555614,15928,1119
4781.444300,2413570171,2413571293,15959,1122
4781.456315,2413579119,2413580235,15616,1116
4781.480370,2413597034,2413598155,15913,1121
4781.492386,2413605999,2413607120,15841,1121
4781.513431,2413621689,2413622807,15902,1118
4781.525455,2413630665,2413631784,15975,1119
4781.567536,2413662030,2413663150,15904,1120
4781.579558,2413670994,2413672119,15910,1125
4781.597593,2413684458,2413685576,15972,1118
4781.609607,2413693414,2413694534,15688,1120
4781.669731,2413738242,2413739363,16070,1121
4781.681747,2413747221,2413748339,15912,1118
4781.705800,2413765179,2413766298,15991,1119
4781.717815,2413774141,2413775266,15828,1125
4781.729846,2413783116,2413784231,15912,1115
4781.771918,2413814508,2413815629,15842,1121
4781.783947,2413823489,2413824615,15903,1126
4781.795971,2413832484,2413833602,15988,1118
4781.807987,2413841482,2413842601,15827,1119
4781.820015,2413850463,2413851578,15908,1115
4781.832039,2413859440,2413860561,15892,1121
4781.844055,2413868413,2413869536,15846,1123
4781.856086,2413877394,2413878519,15910,1125
4781.868108,2413886381,2413887506,15982,1125
4781.880124,2413895372,2413896493,15742,1121
4781.892153,2413904349,2413905465,15909,1116
4781.904177,2413913309,2413914433,15987,1124
4781.922212,2413926784,2413927909,15986,1125
4781.934227,2413935752,2413936876,15844,1124
4781.949262,2413946977,2413948095,15975,1118
4781.961278,2413955946,2413957071,15845,1125
4781.991341,2413978388,2413979512,15907,1124
4782.003366,2413987380,2413988499,15997,1119
4782.015383,2413996373,2413997496,15844,1123
4782.027410,2414005357,2414006481,15912,1124
4782.039432,2414014336,2414015461,15962,1125
4782.051450,2414023306,2414024425,15777,1119
4782.069484,2414036769,2414037893,15856,1124
4782.081511,2414045730,2414046854,15901,1124
4782.099546,2414059170,2414060294,15907,1124
4782.111570,2414068157,2414069282,15979,1125
4782.123593,2414077135,2414078253,15906,1118
4782.135616,2414086100,2414087221,15908,1121
4782.147637,2414095080,2414096199,15962,1119
4782.159655,2414104058,2414105176,15858,1118
4782.201742,2414135451,2414136570,15978,1119
4782.213758,2414144420,2414145544,15841,1124
4782.225789,2414153408,2414154532,15917,1124
4782.243823,2414166863,2414167985,15921,1122
4782.255845,2414175827,2414176952,15890,1125
4782.267862,2414184800,2414185923,15848,1123
4782.279890,2414193776,2414194900,15907,1124
4782.291914,2414202751,2414203864,15995,1113
4782.303930,2414211720,2414212839,15749,1119
4782.315958,2414220702,2414221826,15818,1124
4782.327982,2414229677,2414230798,15979,1121
4782.339998,2414238646,2414239767,15848,1121
4782.352029,2414247617,2414248741,15915,1124
4782.364050,2414256590,2414257709,15975,1119
4782.376067,2414265552,2414266675,15828,1123
4782.394101,2414279034,2414280158,15827,1124
4782.406130,2414288018,2414289143,15907,1125
4782.418154,2414297002,2414298127,15986,1125
4782.428334,2414306545,2414307665,15944,1120
4782.469251,2414335707,2414336831,15998,1124
4782.481273,2414344696,2414345821,16066,1125
4782.493290,2414353671,2414354790,15934,1119
4782.517342,2414371636,2414372754,16062,1118
4782.529358,2414380615,2414381736,15947,1121
4782.544392,2414391834,2414392959,16051,1125
4782.583462,2414421008,2414422131,15931,1123
4782.595489,2414429975,2414431096,15905,1121
4782.607514,2414438957,2414440076,15985,1119
4782.619536,2414447927,2414449052,15905,1125
4782.631561,2414456931,2414458049,15906,1118
4782.643581,2414465902,2414467021,15963,1119
4782.655599,2414474868,2414475986,15859,1118
4782.667628,2414483853,2414484974,15906,1121
4782.688668,2414499560,2414500681,15974,1121
4782.700684,2414508522,2414509637,15840,1115
4782.724735,2414526477,2414527601,15961,1124
4782.736753,2414535467,2414536586,15861,1119
4782.808890,2414589317,2414590441,15843,1124
4782.820919,2414598304,2414599423,15913,1119
4782.844959,2414616270,2414617390,15843,1120
4782.856989,2414625244,2414626368,15905,1124
4782.890045,2414649908,2414651027,15828,1119
4782.902073,2414658881,2414659997,15907,1116
4782.920109,2414672327,2414673451,15909,1124
4782.932131,2414681302,2414682426,15973,1124
4782.944148,2414690269,2414691391,15846,1122
4782.956177,2414699248,2414700369,15908,1121
4782.968201,2414708226,2414709347,15918,1121
4782.980216,2414717197,2414718317,15828,1120
4782.992245,2414726164,2414727283,15905,1119
4783.004270,2414735138,2414736254,15994,1116
4783.016292,2414744102,2414745221,15903,1119
4783.028315,2414753065,2414754183,15905,1118
4783.040337,2414762056,2414763177,16062,1121
4783.052353,2414771039,2414772160,15930,1121
4783.140533,2414838336,2414839458,15841,1122
4783.157559,2414849568,2414850687,15976,1119
4783.169576,2414858540,2414859662,15911,1122
4783.181605,2414867504,2414868628,15999,1124
4783.193630,2414876492,2414877616,16077,1124
4783.217675,2414894442,2414895566,15906,1124
4783.229697,2414903428,2414904552,15976,1124
4783.244727,2414914649,2414915767,15904,1118
4783.256750,2414923618,2414924738,15986,1120
4783.268765,2414932581,2414933699,15826,1118
4783.304833,2414959484,2414960602,15827,1118
4783.316864,2414968463,2414969584,15908,1121
4783.331885,2414979683,2414980803,15844,1120
4783.343915,2414988638,2414989760,15908,1122
4783.355937,2414997621,2414998746,15977,1125
4783.367953,2415006603,2415007723,15823,1120
4783.401024,2415031274,2415032398,15991,1124
4783.413046,2415040257,2415041378,15904,1121
4783.440091,2415060447,2415061572,15845,1125
4783.452120,2415069443,2415070568,15907,1125
4783.464142,2415078422,2415079538,15912,1116
4783.476159,2415087392,2415088515,15846,1123
4783.488187,2415096364,2415097483,15906,1119
4783.500211,2415105338,2415106456,15982,1118
4783.512234,2415114298,2415115416,15910,1118
4783.524257,2415123264,2415124389,15910,1125
4783.536278,2415132249,2415133370,15962,1121
4783.551308,2415143469,2415144590,15906,1121
4783.569341,2415156938,2415158059,15903,1121
4783.581365,2415165913,2415167034,15979,1121
4783.629451,2415201818,2415202937,15857,1119
4783.641480,2415210772,2415211895,15911,1123
4783.653490,2415219782,2415220904,15687,1122
4783.671523,2415233174,2415234287,15766,1113
4783.683554,2415242139,2415243260,15922,1121
4783.695584,2415251073,2415252194,16067,1121
4783.707591,2415259971,2415261082,15763,1111
4783.719622,2415268915,2415270038,15923,1123
4783.731653,2415277849,2415278965,16068,1116
4783.743660,2415286772,2415287895,15767,1123
4783.755690,2415295707,2415296830,15908,1123
4783.767721,2415304637,2415305755,16081,1118
4783.779728,2415313529,2415314651,15769,1122
4783.797763,2415326941,2415328062,15763,1121
4783.809799,2415335875,2415336999,15969,1124
4783.848875,2415364878,2415365997,16060,1119
4783.860889,2415373837,2415374954,15606,1117
4783.881930,2415389448,2415390566,15822,1118
4783.893961,2415398388,2415399509,15982,1121
4783.911993,2415411775,2415412894,16035,1119
4783.924003,2415420702,2415421814,15767,1112
4783.936034,2415429623,2415430742,15910,1119
4783.948064,2415438991,2415440112,16047,1121
4783.960077,2415447900,2415449023,15686,1123
4783.972102,2415456861,2415457984,15921,1123
4783.984132,2415465794,2415466913,16063,1119
4783.996140,2415474693,2415475806,15769,1113
4784.008178,2415483667,2415484788,15996,1121
4784.020201,2415492641,2415493759,15956,1118
4784.032209,2415501548,2415502664,15774,1116
4784.044239,2415510468,2415511586,15904,1118
4784.056270,2415519393,2415520512,16059,1119
4784.077294,2415535023,2415536140,15685,1117
4784.089325,2415543951,2415545070,15821,1119
4784.104346,2415555093,2415556212,15687,1119
4784.116376,2415564050,2415565171,15845,1121
4784.161458,2415597498,2415598617,15811,1119
4784.173493,2415606423,2415607542,15977,1119
4784.204556,2415630925,2415632045,15881,1120
4784.239603,2415655479,2415656594,15770,1115
4784.251634,2415664466,2415665590,15919,1124
4784.263666,2415673424,2415674542,16070,1118
4784.293705,2415695705,2415696822,15679,1117
4784.305742,2415704629,2415705754,15877,1125
4784.317766,2415713623,2415714742,15945,1119
4784.329774,2415722523,2415723636,15767,1113
4784.341805,2415731444,2415732567,15953,1123
4784.356832,2415742575,2415743691,15683,1116
4784.392894,2415769323,2415770446,15765,1123
4784.404929,2415778258,2415779352,15767,1094
4784.465032,2415822877,2415823998,15684,1121
4784.477062,2415831835,2415832959,15814,1124
4784.513132,2415858649,2415859770,15847,1121
4784.525160,2415867623,2415868742,15948,1119
4784.552213,2415887721,2415888839,16061,1118
4784.564220,2415896615,2415897732,15766,1117
4784.582254,2415909989,2415911105,15763,1116
4784.592328,2415918908,2415920026,15907,1118
4784.616332,2415936806,2415937922,15763,1116
4784.672425,2415976970,2415978092,15682,1122
4784.684457,2415985917,2415987038,15912,1121
4784.696487,2415994876,2415995997,16046,1121
4784.720524,2416012742,2416013861,15887,1119
4784.732556,2416021672,2416022792,16061,1120
4784.820713,2416088578,2416089696,15973,1118
4784.879820,2416130936,2416132053,15683,1117
4784.897855,2416144336,2416145452,15685,1116
4784.909886,2416153291,2416154410,15828,1119
4784.924907,2416164468,2416165581,15680,1113
4784.936937,2416173395,2416174516,15824,1121
4785.025116,2416240330,2416241449,15819,1119
4785.066191,2416269367,2416270491,15981,1124
4785.084224,2416282801,2416283926,15959,1125
4785.096243,2416291767,2416292891,15938,1124
4785.108263,2416300748,2416301870,15832,1122
4785.123283,2416311928,2416313048,15681,1120
4785.135314,2416320850,2416321975,15823,1125
4785.147345,2416329806,2416330927,15975,1121
4785.159352,2416338707,2416339823,15681,1116
4785.189417,2416361030,2416362150,15819,1120
4785.201446,2416369989,2416371104,15961,1115
4785.213455,2416378918,2416380035,15687,1117
4785.243520,2416401214,2416402337,15814,1123
4785.255551,2416410157,2416411278,15991,1121
4785.267557,2416419064,2416420180,15769,1116
4785.288606,2416434674,2416435790,15906,1116
4785.300633,2416443637,2416444761,15863,1124
4785.312655,2416452594,2416453718,15942,1124
4785.348719,2416479370,2416480487,15608,1117
4785.360743,2416488293,2416489416,15818,1123
4785.372774,2416497264,2416498377,15963,1113
4785.417859,2416530809,2416531933,15955,1124
4785.429874,2416539766,2416540887,15859,1121
4785.444907,2416551004,2416552128,15958,1124
4785.456927,2416560390,2416561509,15860,1119
4785.502011,2416594100,2416595224,15859,1124
4785.514035,2416603095,2416604216,15827,1121
4785.544099,2416625431,2416626549,16067,1118
4785.556107,2416634327,2416635449,15764,1122
4785.568138,2416643291,2416644415,15921,1124
4785.580168,2416652221,2416653342,15977,1121
4785.592175,2416661114,2416662236,15685,1122
4785.613223,2416676766,2416677856,15634,1090
4785.625253,2416685693,2416686813,15963,1120
4785.652305,2416705745,2416706863,15989,1118
4785.664312,2416714650,2416715766,15685,1116
4785.676343,2416723610,2416724728,15827,1118
4785.692386,2416737020,2416738141,15880,1121
4785.709398,2416748205,2416749323,15687,1118
4785.727433,2416761605,2416762722,15685,1117
4785.739464,2416770561,2416771681,15743,1120
4785.751494,2416779496,2416780617,15989,1121
4785.763501,2416788393,2416789510,15685,1117
4785.775532,2416797356,2416798475,15825,1119
4785.880724,2416875457,2416876574,15687,1117
4785.892761,2416884375,2416885500,15884,1125
4785.904783,2416893361,2416894481,15943,1120
4785.916792,2416902256,2416903374,15683,1118
4785.928823,2416911188,2416912307,15822,1119
4785.961878,2416935777,2416936895,15686,1118
4785.973909,2416944717,2416945836,15821,1119
4785.991949,2416958140,2416959259,15878,1119
4786.003972,2416967106,2416968230,15944,1124
4786.015981,2416976001,2416977123,15680,1122
4786.097148,2417036221,2417037340,15958,1119
4786.109164,2417045146,2417046264,15794,1118
4786.124187,2417056321,2417057441,15682,1120
4786.136218,2417065267,2417066383,15826,1116
4786.148249,2417074211,2417075332,15910,1121
4786.160256,2417083160,2417084281,15684,1121
4786.172286,2417092124,2417093248,15831,1124
4786.184317,2417101098,2417102216,15967,1118
4786.211369,2417121177,2417122302,15984,1125
4786.223376,2417130116,2417131235,15684,1119
4786.235407,2417139083,2417140202,15834,1119
4786.253441,2417152459,2417153553,15645,1094
4786.265471,2417161391,2417162509,15957,1118
4786.280491,2417172530,2417173646,15818,1116
4786.292521,2417181496,2417182615,15960,1119
4786.319574,2417201581,2417202699,15979,1118
4786.331594,2417210561,2417211680,16025,1119
4786.343612,2417219535,2417220654,15839,1119
4786.361646,2417232907,2417234030,15813,1123
4786.373677,2417241867,2417242990,15962,1123
4786.421753,2417277592,2417278709,15687,1117
4786.433784,2417286551,2417287670,15829,1119
4786.445814,2417295509,2417296627,15938,1118
4786.523955,2417353485,2417354606,15911,1121
4786.535986,2417362438,2417363563,16026,1125
4786.547993,2417371349,2417372459,15688,1110
4786.560024,2417380309,2417381434,15829,1125
4786.572054,2417389254,2417390378,15976,1124
4786.593091,2417404869,2417405992,15950,1123
4786.605108,2417413785,2417414904,15803,1119
4786.632162,2417433875,2417434994,15822,1119
4786.644192,2417442808,2417443927,15994,1119
4786.656199,2417451696,2417452809,15690,1113
4786.668225,2417460643,2417461733,15616,1090
4786.680260,2417469543,2417470663,15965,1120
4786.692280,2417478482,2417479602,15954,1120
4786.707311,2417489661,2417490782,15970,1121
4786.737359,2417511910,2417513027,15606,1117
4786.749384,2417520894,2417522013,15828,1119
4786.761414,2417529862,2417530987,15957,1125
4786.845559,2417592320,2417593437,15688,1117
4786.857589,2417601240,2417602364,15811,1124
4786.869620,2417610218,2417611337,15957,1119
4786.908679,2417639192,2417640309,15765,1117
4786.920710,2417648122,2417649240,15905,1118
4786.932740,2417657087,2417658206,16046,1119
4786.944758,2417666018,2417667134,16024,1116
4786.956778,2417674978,2417676102,15835,1124
4786.968811,2417684359,2417685479,15962,1120
4787.049963,2417744614,2417745729,15977,1115
4787.061983,2417753536,2417754660,15938,1124
4787.113083,2417791519,2417792638,15977,1119
4787.125090,2417800434,2417801551,15686,1117
4787.137118,2417809360,2417810479,15811,1119
4787.152142,2417820533,2417821655,15684,1122
4787.164173,2417829513,2417830631,15827,1118
4787.176203,2417838437,2417839553,16062,1116
4787.188222,2417847356,2417848480,16041,1124
4787.257357,2417898677,2417899801,16064,1124
4787.269364,2417907588,2417908706,15766,1118
4787.281403,2417916539,2417917659,15908,1120
4787.293426,2417925498,2417926619,15959,1121
4787.356546,2417972337,2417973454,15976,1117
4787.370072,2417982517,2417983636,15956,1119
4787.388107,2417995895,2417997017,15989,1122
4787.400113,2418004801,2418005917,15681,1116
4787.418148,2418018213,2418019330,15681,1117
4787.430187,2418027164,2418028252,15748,1088
4787.463234,2418051684,2418052800,15691,1116
4787.475265,2418060641,2418061760,15832,1119
4787.490285,2418071755,2418072874,15683,1119
4787.505330,2418082916,2418084034,15981,1118
4787.529373,2418100775,2418101899,15883,1124
4787.541396,2418109745,2418110864,15945,1119
4787.559431,2418123132,2418124251,15974,1119
4787.571439,2418132048,2418133168,15687,1120
4787.583470,2418141019,2418142135,15842,1116
4787.595500,2418149938,2418151057,15977,1119
4787.607508,2418158827,2418159944,15680,1117
4787.676655,2418210248,2418211364,15976,1116
4787.688662,2418219175,2418220295,15683,1120
4787.751782,2418266025,2418267147,15685,1122
4787.763813,2418274995,2418276114,15827,1119
4787.775846,2418283950,2418285073,15974,1123
4787.787862,2418292929,2418294047,15938,1118
4787.799881,2418301889,2418303002,15916,1113
4787.811912,2418310811,2418311929,16066,1118
4787.823919,2418319706,2418320824,15768,1118
4787.835950,2418328643,2418329767,15930,1124
4787.847980,2418337573,2418338697,16065,1124
4787.859999,2418346498,2418347619,16029,1121
4787.872014,2418355454,2418356546,15734,1092
4787.884048,2418364382,2418365502,16016,1120
4787.896068,2418373315,2418374434,16027,1119
4787.908088,2418382276,2418383400,15921,1124
4787.944154,2418409080,2418410195,15883,1115
4787.956186,2418418044,2418419168,16049,1124
4787.968194,2418426946,2418428063,15765,1117
4787.980225,2418435925,2418437046,15842,1121
4787.992255,2418444871,2418445990,15937,1119
4788.004273,2418453833,2418454956,15939,1123
4788.016294,2418462768,2418463858,15737,1090
4788.028322,2418471709,2418472828,16051,1119
4788.040342,2418480676,2418481797,16029,1121
4788.100461,2418525362,2418526483,16049,1121
4788.115482,2418536556,2418537674,15912,1118
4788.163581,2418572292,2418573411,16059,1119
4788.175597,2418581221,2418582340,15930,1119
4788.188618,2418592392,2418593515,16066,1123
4788.200649,2418601356,2418602471,16028,1115
4788.236717,2418628195,2418629312,15757,1117
4788.259757,2418643848,2418644967,15911,1119
4788.271787,2418652771,2418653893,16069,1122
4788.283804,2418661726,2418662844,16029,1118
4788.295824,2418670677,2418671796,15913,1119
4788.307855,2418679645,2418680769,16045,1124
4788.319873,2418688571,2418689685,16027,1114
4788.331893,2418697534,2418698652,15831,1118
4788.343923,2418706459,2418707578,15976,1119
4788.355931,2418715356,2418716474,15681,1118
4788.367958,2418724311,2418725399,15617,1088
4788.379991,2418733200,2418734324,15977,1124
4788.392011,2418742231,2418743356,15942,1125
4788.404031,2418751209,2418752329,15829,1120
4788.417060,2418762398,2418763525,15936,1127
4788.434095,2418773623,2418774741,15952,1118
4788.473159,2418802604,2418803721,15682,1117
4788.484334,2418811925,2418813048,15905,1123
4788.518240,2418836568,2418837690,15764,1122
4788.530271,2418845535,2418846654,15928,1119
4788.584374,2418885785,2418886906,15909,1121
4788.596404,2418894755,2418895876,15958,1121
4788.623453,2418914862,2418915982,15949,1120
4788.635476,2418923826,2418924945,15939,1119
4788.647494,2418932784,2418933902,15933,1118
4788.668332,2418942325,2418942954,12026,629
4788.748190,2418996422,2418997540,15948,1118
4788.760208,2419005395,2419006510,15863,1115
4788.772236,2419014346,2419015469,15917,1123
4788.793277,2419030035,2419031154,15976,1119
4788.805294,2419039005,2419040129,15914,1124
4788.817322,2419047969,2419049093,15905,1124
4788.829346,2419056933,2419058057,15967,1124
4788.841363,2419065912,2419067030,15849,1118
4788.853395,2419074885,2419076006,15904,1121
4788.868420,2419086111,2419087229,15903,1118
4788.880443,2419095076,2419096200,15911,1124
4788.904483,2419113000,2419114117,15833,1117
4788.916511,2419121969,2419123089,15914,1120
4788.928534,2419130935,2419132053,15971,1118
4788.952582,2419148866,2419149986,15912,1120
4788.964603,2419157822,2419158940,15977,1118
4788.976620,2419166773,2419167891,15833,1118
4788.991656,2419177965,2419179086,15992,1121
4789.003673,2419186939,2419188058,15834,1119
4789.015700,2419195913,2419197031,15906,1118
4789.027723,2419204874,2419205992,15974,1118
4789.048757,2419220538,2419221658,15843,1120
4789.060787,2419229520,2419230644,15906,1124
4789.111877,2419267639,2419268757,15833,1118
4789.123907,2419276598,2419277722,15910,1124
4789.135929,2419285583,2419286703,15981,1120
4789.147946,2419294558,2419295679,15854,1121
4789.159976,2419303506,2419304624,15909,1118
4789.171999,2419312467,2419313586,15996,1119
4789.185523,2419321016,2419322128,15947,1112
4789.197543,2419329948,2419331072,15875,1124
4789.209572,2419338920,2419340044,15912,1124
4789.221593,2419347899,2419349023,15990,1124
4789.233609,2419356887,2419358010,15831,1123
4789.245637,2419365860,2419366978,15904,1118
4789.257662,2419374831,2419375949,15991,1118
4789.269677,2419383809,2419384933,15846,1124
4789.281708,2419392785,2419393909,15908,1124
4789.293729,2419401752,2419402867,15977,1115
4789.305746,2419410709,2419411833,15849,1124
4789.317775,2419419685,2419420809,15909,1124
4789.332797,2419430880,2419431999,15918,1119
4789.344826,2419439842,2419440963,15994,1121
4789.360863,2419453267,2419454390,15993,1123
4789.377883,2419464476,2419465593,15849,1117
4789.389914,2419473443,2419474563,15997,1120
4789.407948,2419486900,2419488024,15913,1124
4789.419971,2419495890,2419497013,16080,1123
4789.431986,2419504850,2419505969,15926,1119
4789.444015,2419513816,2419514935,16003,1119
4789.456040,2419522773,2419523892,16085,1119
4789.477071,2419538466,2419539587,15922,1121
4789.489102,2419547444,2419548565,15992,1121
4789.513146,2419565379,2419566498,15999,1119
4789.525169,2419574343,2419575461,16003,1118
4789.537194,2419583302,2419584423,16083,1121
4789.549209,2419592277,2419593398,15921,1121
4789.561238,2419601253,2419602371,15994,1118
4789.573261,2419610215,2419611330,15979,1115
4789.585277,2419619166,2419620279,15845,1113
4789.612334,2419639338,2419640457,15996,1119
4789.624356,2419648319,2419649443,15992,1124
4789.636381,2419657276,2419658399,16074,1123
4789.651408,2419668491,2419669609,15995,1118
4789.663430,2419677450,2419678565,16002,1115
4789.681465,2419690888,2419692004,16045,1116
4789.693483,2419699865,2419700989,15947,1124
4789.717535,2419717806,2419718930,15979,1124
4789.729552,2419726776,2419727892,15936,1116
4789.744586,2419737979,2419739100,16065,1121
4789.756603,2419746920,2419748039,15937,1119
4789.768632,2419755897,2419757016,15914,1119
4789.780653,2419764862,2419765981,15964,1119
4789.792671,2419773832,2419774952,15948,1120
4789.804700,2419782803,2419783927,15999,1124
4789.816724,2419791771,2419792889,15895,1118
4789.844782,2419814195,2419815319,15827,1124
4789.856806,2419823164,2419824288,15993,1124
4789.885856,2419843355,2419844478,15995,1123
4789.897880,2419852334,2419853457,16071,1123
4789.915914,2419865803,2419866922,15995,1119
4789.927929,2419874789,2419875907,15835,1118
4789.939958,2419883735,2419884859,15913,1124
4789.951982,2419892711,2419893834,15996,1123
4789.963997,2419901677,2419902797,15849,1120
4789.982031,2419915135,2419916253,15842,1118
4789.992328,2419924494,2419925620,15901,1126
4790.024120,2419946952,2419948075,15995,1123
4790.036135,2419955943,2419957066,15832,1123
4790.048164,2419964907,2419966027,15914,1120
4790.060187,2419973877,2419975001,15919,1124
4790.072204,2419982855,2419983973,15852,1118
4790.084234,2419991824,2419992943,15918,1119
4790.102268,2420005272,2420006393,15912,1121
4790.114291,2420014255,2420015374,15999,1119
4790.144341,2420036662,2420037782,15838,1120
4790.156369,2420045630,2420046748,16000,1118
4790.195444,2420074730,2420075854,16064,1124
4790.207466,2420083702,2420084821,15999,1119
4790.219490,2420092666,2420093785,16004,1119
4790.231514,2420101644,2420102768,15983,1124
4790.243529,2420110618,2420111743,15849,1125
4790.255557,2420119591,2420120712,15899,1121
4790.273593,2420133037,2420134156,15911,1119
4790.285614,2420141982,2420143105,15966,1123
4790.297632,2420150976,2420152096,15862,1120
4790.309660,2420159946,2420161064,15911,1118
4790.324683,2420171152,2420172271,15851,1119
4790.336711,2420180090,2420181209,15911,1119
4790.352748,2420193533,2420194652,15913,1119
4790.369769,2420204739,2420205857,15861,1118
4790.381798,2420213707,2420214826,15909,1119
4790.393819,2420222661,2420223780,15959,1119
4790.417866,2420240569,2420241694,15914,1125
4790.429890,2420249550,2420250673,15980,1123
4790.465958,2420276482,2420277601,15978,1119
4790.477975,2420285476,2420286600,15854,1124
4790.490006,2420294465,2420295585,15932,1120
4790.502027,2420303449,2420304572,15980,1123
4790.514044,2420312444,2420313569,15837,1125
4790.526075,2420321442,2420322566,15912,1124
4790.538097,2420330425,2420331546,15996,1121
4790.592199,2420370784,2420371908,16066,1124
4790.604221,2420379746,2420380871,15999,1125
4790.616244,2420388722,2420389843,16000,1121
4790.637286,2420404426,2420405551,16079,1125
4790.649301,2420413413,2420414532,15836,1119
4790.673353,2420431359,2420432483,15977,1124
4790.685370,2420440330,2420441449,15847,1119
4790.724450,2420469469,2420470584,15915,1115
4790.736475,2420478443,2420479564,15998,1121
4790.787571,2420516535,2420517659,15912,1124
4790.799593,2420525517,2420526636,15979,1119
4790.811610,2420534491,2420535615,15835,1124
4790.835663,2420552436,2420553558,15991,1122
4790.847680,2420561424,2420562542,15836,1118
4790.859709,2420570389,2420571507,15915,1118
4790.871730,2420579359,2420580483,15983,1124
4790.883747,2420588333,2420589446,15850,1113
4790.895778,2420597297,2420598421,15917,1124
4790.913810,2420610748,2420611864,15910,1116
4790.925834,2420619725,2420620844,15999,1119
4790.940861,2420630923,2420632040,15916,1117
4790.952884,2420639890,2420641012,15919,1122
4791.012999,2420684683,2420685807,16001,1124
4791.025023,2420693646,2420694764,16075,1118
4791.037038,2420702602,2420703723,15925,1121
4791.049067,2420711578,2420712702,16000,1124
4791.061088,2420720546,2420721665,15936,1119
4791.082124,2420736227,2420737343,15859,1116
4791.097158,2420747470,2420748594,15974,1124
4791.113684,2420760030,2420761153,15950,1123
4791.125713,2420769014,2420770138,15998,1124
4791.140736,2420780247,2420781371,15853,1124
4791.155769,2420791491,2420792612,15966,1121
4791.167787,2420800485,2420801610,15848,1125
4791.179815,2420809486,2420810609,15895,1123
4791.200856,2420825231,2420826355,15915,1124
4791.215885,2420836528,2420837651,15909,1123
4791.227909,2420845712,2420846836,15964,1124
4791.239924,2420854700,2420855824,15867,1124
4791.251952,2420863696,2420864818,15920,1122
4791.264982,2420874945,2420876069,15835,1124
4791.285010,2420888430,2420889553,15832,1123
4791.297039,2420897408,2420898526,15916,1118
4791.309062,2420906371,2420907491,15985,1120
4791.342125,2420931014,2420932135,15904,1121
4791.354149,2420939981,2420941100,15997,1119
4791.369176,2420951183,2420952302,15914,1119
4791.381201,2420960168,2420961292,16086,1124
4791.402233,2420975860,2420976982,15936,1122
4791.414263,2420984819,2420985943,15998,1124
4791.429284,2420996038,2420997158,15934,1120
4791.441315,2421004997,2421006116,16006,1119
4791.453337,2421013962,2421015085,16087,1123
4791.468363,2421025188,2421026309,15908,1121
4791.480388,2421034163,2421035284,15984,1121
4791.495415,2421045389,2421046507,15912,1118
4791.505933,2421053624,2421054748,15844,1124
4791.517959,2421062607,2421063731,15909,1124
4791.529982,2421071577,2421072696,15980,1119
4791.545009,2421082800,2421083921,15906,1121
4791.557032,2421091783,2421092904,15965,1121
4791.569050,2421100755,2421101877,15859,1122
4791.581079,2421109719,2421110839,15909,1120
4791.593100,2421118698,2421119816,15968,1118
4791.665238,2421172463,2421173587,15966,1124
4791.677256,2421181457,2421182576,15936,1119
4791.707319,2421203891,2421205015,15913,1124
4791.719344,2421212862,2421213979,15997,1117
4791.731359,2421221844,2421222969,15839,1125
4791.743388,2421230812,2421231936,15915,1124
4791.755411,2421239793,2421240914,15976,1121
4791.785462,2421262206,2421263326,15848,1120
4791.797491,2421271187,2421272310,15916,1123
4791.821530,2421289110,2421290234,15839,1124
4791.833559,2421298077,2421299191,15911,1114
4791.848582,2421309269,2421310388,15848,1119
4791.860612,2421318228,2421319347,15912,1119
4791.872634,2421327195,2421328319,15982,1124
4791.884650,2421336175,2421337294,15938,1119
4791.911702,2421356369,2421357485,15836,1116
4791.923731,2421365335,2421366453,15916,1118
4791.935755,2421374294,2421375416,15996,1122
4791.947770,2421383266,2421384390,15843,1124
4791.959801,2421392223,2421393347,15914,1124
4791.971822,2421401186,2421402304,15984,1118
4791.983839,2421410160,2421411284,15852,1124
4791.995868,2421419098,2421420222,15918,1124
4792.007893,2421428073,2421429192,15996,1119
4792.049972,2421459460,2421460575,15914,1115
4792.061994,2421468422,2421469546,15982,1124
4792.074010,2421477383,2421478507,15849,1124
4792.086042,2421486366,2421487490,15912,1124
4792.104074,2421499823,2421500948,15913,1125
4792.116098,2421508803,2421509928,15911,1125
4792.128113,2421517759,2421518883,15840,1124
4792.140142,2421526743,2421527866,15917,1123
4792.152165,2421535724,2421536847,15982,1123
4792.170199,2421549178,2421550302,15982,1124
4792.182216,2421558153,2421559277,15847,1124
4792.194245,2421567123,2421568242,15914,1119
4792.209268,2421578328,2421579447,15833,1119
4792.239331,2421600741,2421601865,16000,1124
4792.251354,2421609728,2421610844,16066,1116
4792.263370,2421618696,2421619815,15934,1119
4792.284418,2421634383,2421635502,16002,1119
4792.296442,2421643355,2421644479,16000,1124
4792.308457,2421652325,2421653444,15840,1119
4792.359559,2421690446,2421691570,16068,1124
4792.371576,2421699415,2421700533,15940,1118
4792.383606,2421708380,2421709504,15995,1124
4792.401640,2421721818,2421722941,16005,1123
4792.413664,2421730796,2421731917,16079,1121
4792.431698,2421744242,2421745361,15986,1119
4792.443713,2421753204,2421754322,15848,1118
4792.455744,2421762160,2421763283,15914,1123
4792.467766,2421771137,2421772254,15983,1117
4792.479781,2421780089,2421781207,15849,1118
4792.491811,2421789051,2421790170,15914,1119
4792.503836,2421798025,2421799148,15993,1123
4792.515851,2421806996,2421808110,15838,1114
4792.527879,2421815957,2421817076,15825,1119
4792.539902,2421824924,2421826047,16008,1123
4792.551919,2421833884,2421835007,15936,1123
4792.563949,2421842857,2421843975,15953,1118
4792.575971,2421851835,2421852950,16071,1115
4792.587994,2421860797,2421861916,15913,1119
4792.600017,2421869759,2421870882,15903,1123
4792.612042,2421878731,2421879849,15996,1118
4792.624056,2421887690,2421888814,15831,1124
4792.636086,2421896650,2421897770,15914,1120
4792.648108,2421905622,2421906741,15984,1119
4792.660125,2421914591,2421915712,15847,1121
4792.672155,2421923550,2421924669,15916,1119
4792.684177,2421932502,2421933624,15984,1122
4792.696194,2421941457,2421942573,15750,1116
4792.735273,2421970635,2421971756,15997,1121
4792.747296,2421979603,2421980724,16056,1121
4792.759313,2421988568,2421989689,15865,1121
4792.771343,2421997546,2421998667,15910,1121
4792.783365,2422006485,2422007609,15980,1124
4792.795382,2422015458,2422016577,15866,1119
4792.807411,2422024432,2422025553,15910,1121
4792.819433,2422033401,2422034524,15967,1123
4792.837468,2422046848,2422047972,15918,1124
4792.849487,2422055823,2422056942,15846,1119
4792.867519,2422069266,2422070384,15848,1118
4792.879547,2422078234,2422079353,15912,1119
4792.891565,2422087371,2422088490,15959,1119
4792.903589,2422096311,2422097427,15827,1116
4792.945670,2422127557,2422128683,15942,1126
4792.957686,2422136541,2422137629,15633,1088
4792.969722,2422145447,2422146569,16182,1122
4792.984750,2422156609,2422157701,15832,1092
4793.012801,2422178847,2422179965,16174,1118
4793.028334,2422189069,2422190191,16136,1122
4793.040352,2422198279,2422199400,16050,1121
4793.097452,2422240665,2422241753,15711,1088
4793.109489,2422249583,2422250699,16177,1116
4793.121503,2422258510,2422259629,16015,1119
4793.133534,2422267487,2422268578,15840,1091
4793.145557,2422276378,2422277495,16184,1117
4793.157574,2422285299,2422286417,16019,1118
4793.172607,2422296472,2422297593,15959,1121
4793.193643,2422312122,2422313240,15946,1118
4793.205658,2422321016,2422322109,15622,1093
4793.253762,2422356703,2422357828,15967,1125
4793.265778,2422365632,2422366746,15927,1114
4793.307866,2422396860,2422397982,16096,1122
4793.319881,2422405799,2422406918,15928,1119
4793.331911,2422414717,2422415805,15839,1088
4793.343934,2422423607,2422424722,16157,1115
4793.355949,2422432493,2422433612,16013,1119
4793.461157,2422510534,2422511652,16177,1118
4793.473172,2422519448,2422520567,16015,1119
4793.512241,2422548457,2422549554,15704,1097
4793.524276,2422557358,2422558472,16133,1114
4793.536291,2422566277,2422567400,16050,1123
4793.548310,2422575190,2422576278,15700,1088
4793.560345,2422584084,2422585202,16178,1118
4793.572361,2422593014,2422594131,16015,1117
4793.584383,2422601941,2422603061,15950,1120
4793.608431,2422619839,2422620957,16030,1118
4793.620447,2422628766,2422629859,15702,1093
4793.632480,2422637638,2422638757,16088,1119
4793.672563,2422668988,2422670107,15918,1119
4793.716637,2422700319,2422701440,15947,1121
4793.728664,2422709307,2422710422,15998,1115
4793.776756,2422745148,2422746267,16055,1119
4793.791777,2422756347,2422757461,15910,1114
4793.827853,2422783205,2422784324,15905,1119
4793.839877,2422792174,2422793266,15810,1092
4793.851894,2422801092,2422802211,15942,1119
4793.863914,2422810059,2422811178,15832,1119
4793.875945,2422818989,2422820107,15987,1118
4793.887963,2422827943,2422829062,15944,1119
4793.899979,2422836867,2422837986,15834,1119
4793.912014,2422845827,2422846920,15898,1093
4793.924031,2422854763,2422855882,16028,1119
4793.936048,2422863705,2422864827,15607,1122
4793.954083,2422877077,2422878197,15636,1120
4793.966111,2422885999,2422887121,15934,1122
4793.996167,2422908329,2422909441,15962,1112
4794.008185,2422917262,2422918379,15610,1117
4794.020213,2422926191,2422927315,16025,1124
4794.038248,2422939566,2422940685,16016,1119
4794.050269,2422948502,2422949621,16050,1119
4794.096363,2422984196,2422985309,15721,1113
4794.119402,2422999809,2423000928,15932,1119
4794.131425,2423008757,2423009873,15962,1116
4794.143443,2423017653,2423018770,15638,1117
4794.155471,2423026575,2423027694,15938,1119
4794.167492,2423035493,2423036615,15967,1122
4794.179514,2423044432,2423045555,15838,1123
4794.197546,2423057793,2423058909,15640,1116
4794.209574,2423066724,2423067848,15940,1124
4794.269683,2423111284,2423112402,15643,1118
4794.281715,2423120230,2423121353,15947,1123
4794.293733,2423129150,2423130269,15968,1119
4794.305751,2423138062,2423139180,15609,1118
4794.317779,2423147003,2423148122,15939,1119
4794.332802,2423158176,2423159298,15606,1122
4794.344831,2423167091,2423168209,15941,1118
4794.377891,2423191664,2423192784,15858,1120
4794.389917,2423200590,2423201713,15938,1123
4794.416968,2423220632,2423221749,15935,1117
4794.428992,2423229554,2423230678,15950,1124
4794.441009,2423238454,2423239572,15642,1118
4794.517158,2423296449,2423297570,15958,1121
4794.534191,2423307583,2423308701,15936,1118
4794.546215,2423316754,2423317870,16019,1116
4794.568756,2423333858,2423334977,16051,1119
4794.580774,2423342766,2423343886,15721,1120
4794.625863,2423376237,2423377356,15925,1119
4794.637892,2423385193,2423386312,16039,1119
4794.692992,2423427537,2423428656,15954,1119
4794.728064,2423452069,2423453188,15943,1119
4794.740081,2423460994,2423462113,15963,1119
4794.752100,2423469893,2423471009,15639,1116
4794.830254,2423527848,2423528962,15933,1114
4794.887357,2423570202,2423571315,15719,1113
4794.899387,2423579129,2423580227,15871,1098
4794.911407,2423588043,2423589162,16053,1119
4794.923429,2423596950,2423598069,15924,1119
4794.935455,2423605866,2423606984,16043,1118
4794.947475,2423614794,2423615911,16049,1117
4794.959494,2423623703,2423624820,15636,1117
4795.040649,2423683861,2423684977,15638,1116
4795.052677,2423692802,2423693926,15932,1124
4795.112786,2423737376,2423738488,15727,1112
4795.124818,2423746332,2423747451,16039,1119
4795.136835,2423755244,2423756368,16052,1124
4795.151866,2423766361,2423767480,16024,1119
4795.169903,2423779746,2423780867,15979,1121
4795.181918,2423788660,2423789783,15887,1123
4795.233022,2423826581,2423827700,15951,1119
4795.245042,2423835504,2423836619,15967,1115
4795.257060,2423844441,2423845554,15590,1113
4795.269093,2423853369,2423854488,15993,1119
4795.350244,2423913509,2423914630,15951,1121
4795.362265,2423922466,2423923585,16008,1119
4795.377296,2423933576,2423934694,16032,1118
4795.389316,2423942503,2423943622,16051,1119
4795.455438,2423991569,2423992686,15710,1117
4795.467470,2424000481,2424001599,16088,1118
4795.479487,2424009408,2424010518,15962,1110
4795.491509,2424018348,2424019469,15828,1121
4795.503539,2424027329,2424028449,15906,1120
4795.515563,2424036309,2424037433,15918,1124
4795.527578,2424045294,2424046418,15829,1124
4795.539607,2424054284,2424055408,15910,1124
4795.551632,2424063267,2424064390,15993,1123
4795.563655,2424072244,2424073358,15904,1114
4795.575673,2424081175,2424082294,15952,1119
4795.593707,2424094553,2424095668,15949,1115
4795.605728,2424103478,2424104599,15963,1121
4795.623763,2424116899,2424118014,15931,1115
4795.635781,2424125791,2424126908,15547,1117
4795.647812,2424134718,2424135810,15809,1092
4795.659830,2424143615,2424144734,15966,1119
4795.671849,2424152493,2424153609,15622,1116
4795.684879,2424163660,2424164779,15959,1119
4795.765036,2424221944,2424223069,16079,1125
4795.777049,2424230879,2424231998,15884,1119
4795.789076,2424239771,2424240889,15671,1118
4795.801102,2424248688,2424249812,15950,1124
4795.816126,2424259844,2424260959,15893,1115
4795.828158,2424268759,2424269850,15928,1091
4795.840174,2424277666,2424278777,16024,1111
4795.852192,2424286563,2424287679,15707,1116
4795.864225,2424295480,2424296599,16082,1119
4795.876242,2424304397,2424305516,16054,1119
4795.888261,2424313303,2424314418,15714,1115
4795.900290,2424322228,2424323352,16035,1124
4795.912310,2424331158,2424332281,15937,1123
4795.924329,2424340094,2424341215,15590,1121
4795.939364,2424351287,2424352410,15931,1123
4795.957396,2424364648,2424365767,15922,1119
4795.969415,2424373529,2424374645,15623,1116
4795.984447,2424384683,2424385802,16004,1119
4795.996467,2424393576,2424394681,15708,1105
4796.008496,2424402497,2424403616,16037,1119
4796.020517,2424411458,2424412576,16023,1118
4796.035548,2424422581,2424423701,15945,1120
4796.053581,2424435940,2424437064,15952,1124
4796.065606,2424445250,2424446370,15951,1120
4796.077621,2424454138,2424455254,15629,1116
4796.116706,2424483120,2424484239,15961,1119
4796.131724,2424494259,2424495374,15625,1115
4796.164793,2424518834,2424519959,15948,1125
4796.176813,2424527731,2424528849,15559,1118
4796.216893,2424558981,2424560100,16023,1119
4796.239929,2424574587,2424575703,15621,1116
4796.251961,2424583491,2424584605,15967,1114
4796.321084,2424634741,2424635863,15592,1122
4796.333113,2424643689,2424644813,15944,1124
4796.345134,2424652610,2424653724,16056,1114
4796.384207,2424681621,2424682736,15914,1115
4796.396233,2424690525,2424691636,15944,1111
4796.408253,2424699443,2424700562,15767,1119
4796.420273,2424708356,2424709472,15590,1116
4796.432302,2424717253,2424718372,15947,1119
4796.456349,2424735048,2424736166,15707,1118
4796.471374,2424746192,2424747307,15958,1115
4796.531491,2424790734,2424791852,15947,1118
4796.543511,2424799646,2424800765,15921,1119
4796.555537,2424808548,2424809665,15793,1117
4796.567559,2424817493,2424818617,16038,1124
4796.579579,2424826427,2424827542,16051,1115
4796.591600,2424835331,2424836447,15622,1116
4796.603628,2424844235,2424845354,15949,1119
4796.615650,2424853173,2424854293,15934,1120
4796.627667,2424862036,2424863149,15623,1113
4796.639698,2424870925,2424872012,15807,1087
4796.651719,2424879805,2424880924,15963,1119
4796.663736,2424888672,2424889790,15628,1118
4796.675765,2424897567,2424898686,15949,1119
4796.687785,2424906490,2424907614,15964,1124
4796.699804,2424915388,2424916506,15626,1118
4796.717838,2424928784,2424929905,15584,1121
4796.729868,2424937711,2424938830,15951,1119
4796.753915,2424955492,2424956610,15710,1118
4796.765936,2424964404,2424965527,15960,1123
4796.792988,2424984479,2424985594,15946,1115
4796.805008,2424993388,2424994505,15853,1117
4796.820042,2425004535,2425005623,15808,1088
4796.856111,2425031247,2425032366,15992,1119
4796.868128,2425040158,2425041273,15961,1115
4796.880151,2425049023,2425050139,15644,1116
4796.892176,2425057956,2425059075,15948,1119
4796.904196,2425066883,2425068001,15852,1118
4796.916221,2425075831,2425076954,15852,1123
4796.928247,2425084768,2425085857,15807,1089
4796.940265,2425093669,2425094788,15969,1119
4796.952292,2425102555,2425103666,15714,1111
4796.967317,2425113703,2425114822,15962,1119
4796.979336,2425122601,2425123719,15625,1118
4796.991365,2425131533,2425132657,16037,1124
4797.003387,2425140463,2425141575,15854,1112
4797.015405,2425149360,2425150481,15676,1121
4797.027434,2425158286,2425159404,16036,1118
4797.039454,2425167184,2425168299,16009,1115
4797.057491,2425180527,2425181642,16036,1115
4797.069507,2425189417,2425190533,15707,1116
4797.129626,2425233981,2425235100,15965,1119
4797.141645,2425242904,2425244026,15590,1122
4797.159679,2425256284,2425257399,15627,1115
4797.177713,2425269616,2425270732,15629,1116
4797.189742,2425278537,2425279656,15947,1119
4797.204768,2425289680,2425290803,15825,1123
4797.216793,2425298603,2425299721,15897,1118
4797.231816,2425309729,2425310837,15630,1108
4797.255868,2425327531,2425328650,15948,1119
4797.267885,2425336425,2425337541,15627,1116
4797.279916,2425345323,2425346403,15809,1080
4797.291934,2425354217,2425355336,15962,1119
4797.303956,2425363141,2425364260,15914,1119
4797.315982,2425372069,2425373186,16031,1117
4797.328003,2425380994,2425382109,16055,1115
4797.340022,2425389881,2425391002,15714,1121
4797.352054,2425398839,2425399957,16009,1118
4797.370085,2425412198,2425413317,16036,1119
4797.382106,2425421120,2425422240,16053,1120
4797.394121,2425430005,2425431119,15668,1114
4797.406158,2425438958,2425440073,16045,1115
4797.496326,2425505826,2425506943,15946,1117
4797.508348,2425514790,2425515904,15939,1114
4797.520369,2425523704,2425524819,15618,1115
4797.571466,2425561555,2425562679,15921,1124
4797.581492,2425569584,2425570704,15968,1120
4797.594009,2425578520,2425579644,15966,1124
4797.609040,2425589660,2425590783,15948,1123
4797.621061,2425598570,2425599688,15968,1118
4797.633085,2425607510,2425608629,15855,1119
4797.645108,2425616459,2425617576,15952,1117
4797.657130,2425625422,2425626540,15935,1118
4797.705216,2425661018,2425662136,15626,1118
4797.717246,2425669935,2425671059,15949,1124
4797.808417,2425739065,2425740183,15961,1118
4797.831456,2425754623,2425755738,15623,1115
4797.843485,2425763531,2425764646,15949,1115
4797.855508,2425772475,2425773594,15934,1119
4797.867525,2425781376,2425782489,15625,1113
4797.879559,2425790281,2425791372,15842,1091
4797.903599,2425801947,2425802576,11969,629
4797.917127,2425807178,2425808011,13392,833
4797.929150,2425815766,2425816854,15887,1088
4797.941169,2425824608,2425825721,16037,1113
4797.953187,2425833474,2425834585,15710,1111
4797.968220,2425844584,2425845700,16044,1116
4797.980243,2425853461,2425854582,15667,1121
4797.992270,2425862376,2425863492,15972,1116
4798.004288,2425871291,2425872408,15883,1117
4798.016308,2425880168,2425881277,15630,1109
4798.028337,2425889094,2425890210,15961,1116
4798.055388,2425909090,2425910207,16033,1117
4798.067409,2425917981,2425919092,16051,1111
4798.079428,2425926840,2425927961,15633,1121
4798.091457,2425935729,2425936852,15944,1123
4798.103479,2425944669,2425945793,15910,1124
4798.115502,2425953559,2425954683,15856,1124
4798.127525,2425962461,2425963566,15948,1105
4798.139546,2425971377,2425972488,15958,1111
4798.151565,2425980269,2425981382,15629,1113
4798.163594,2425989172,2425990296,15947,1124
4798.175615,2425998106,2425999229,15963,1123
4798.187634,2426006984,2426008105,15717,1121
4798.199666,2426015932,2426017048,15998,1116
4798.211683,2426024852,2426025970,16053,1118
4798.223702,2426033736,2426034854,15716,1118
4798.235733,2426042666,2426043783,16029,1117
4798.247755,2426051580,2426052698,16036,1118
4798.259771,2426060492,2426061610,15712,1118
4798.271800,2426069418,2426070542,16029,1124
4798.283821,2426078362,2426079484,16053,1122
4798.295842,2426087275,2426088392,15920,1117
4798.307868,2426096165,2426097289,16038,1124
4798.319889,2426105075,2426106194,16054,1119
4798.331911,2426113990,2426115108,15911,1118
4798.343940,2426122917,2426124040,16086,1123
4798.355958,2426131837,2426132956,16053,1119
4798.367976,2426140702,2426141811,15689,1109
4798.380005,2426149577,2426150697,16032,1120
4798.392026,2426158489,2426159609,15939,1120
4798.405552,2426167025,2426168140,15893,1115
4798.417571,2426175896,2426177009,15635,1113
4798.432604,2426187024,2426188135,15969,1111
4798.444628,2426195985,2426197106,15878,1121
4798.465669,2426211573,2426212697,15950,1124
4798.477689,2426220507,2426221618,15963,1111
4798.501737,2426238278,2426239396,15943,1118
4798.513758,2426247201,2426248318,15971,1117
4798.525779,2426256113,2426257230,15893,1117
4798.537806,2426265019,2426266143,16035,1124
4798.549828,2426273990,2426275108,15931,1118
4798.561845,2426282876,2426283995,15716,1119
4798.573874,2426291804,2426292927,16034,1123
4798.585897,2426300740,2426301859,16054,1119
4798.609943,2426318544,2426319663,15944,1119
4798.621963,2426327483,2426328607,15920,1124
4798.639998,2426340894,2426342009,15840,1115
4798.652017,2426349829,2426350945,15617,1116
4798.664045,2426358758,2426359882,15931,1124
4798.676067,2426367686,2426368805,15972,1119
4798.709130,2426392230,2426393348,16017,1118
4798.721153,2426401184,2426402303,16023,1119
4798.745203,2426419029,2426420152,15945,1123
4798.757221,2426427952,2426429069,15967,1117
4798.769239,2426436846,2426437958,15647,1112
4798.784272,2426447976,2426449095,15967,1119
4798.796291,2426456896,2426458014,15619,1118
4798.811324,2426468062,2426469180,15972,1118
4798.844393,2426492611,2426493707,15885,1096
4798.856410,2426501509,2426502628,15964,1119
4798.868428,2426510389,2426511505,15644,1116
4798.880455,2426519313,2426520432,15929,1119
4798.892481,2426528236,2426529353,15950,1117
4798.916526,2426546001,2426547120,15947,1119
4798.931549,2426557143,2426558261,15631,1118
4798.943582,2426566104,2426567220,15962,1116
4798.955598,2426575020,2426576143,15959,1123
4798.967614,2426583911,2426585020,15672,1109
4798.979646,2426592794,2426593914,16056,1120
4798.991670,2426601725,2426602849,16046,1124
4799.003685,2426610667,2426611787,15683,1120
4799.015717,2426619585,2426620699,16050,1114
4799.027736,2426628506,2426629622,16056,1116
4799.051783,2426646389,2426647512,16032,1123
4799.063804,2426655330,2426656440,16012,1110
4799.075823,2426664261,2426665375,15599,1114
4799.087855,2426673175,2426674294,15991,1119
4799.099874,2426682546,2426683664,15935,1118
4799.111892,2426691437,2426692559,15636,1122
4799.123921,2426700388,2426701506,15946,1118
4799.135941,2426709304,2426710422,15856,1118
4799.147963,2426718261,2426719376,15828,1115
4799.159989,2426727164,2426728280,15948,1116
4799.184032,2426744949,2426746070,15671,1121
4799.196057,2426753868,2426754988,15941,1120
4799.208079,2426762795,2426763910,15971,1115
4799.220097,2426771710,2426772826,15599,1116
4799.232126,2426780624,2426781743,15944,1119
4799.244148,2426789572,2426790689,15849,1117
4799.256166,2426798456,2426799572,15631,1116
4799.268199,2426807435,2426808553,15960,1118
4799.286232,2426820783,2426821901,15985,1118
4799.298249,2426829665,2426830788,15961,1123
4799.310269,2426838547,2426839656,15634,1109
4799.385421,2426894276,2426895400,15996,1124
4799.397439,2426903208,2426904326,15967,1118
4799.415473,2426916621,2426917741,15965,1120
4799.427492,2426925519,2426926632,15634,1113
4799.445526,2426938927,2426940047,15681,1120
4799.457557,2426947849,2426948964,16058,1115
4799.488621,2426972380,2426973495,15666,1115
4799.517667,2426992396,2426993514,15757,1118
4799.529692,2427001312,2427002431,16049,1119
4799.541714,2427010287,2427011410,15939,1123
4799.560756,2427025889,2427027013,15829,1124
4799.584803,2427043730,2427044848,15953,1118
4799.596829,2427052656,2427053769,15594,1113
4799.608845,2427061568,2427062691,15941,1123
4799.620864,2427070497,2427071617,15960,1120
4799.637902,2427081658,2427082777,16048,1119
4799.655932,2427095007,2427096127,16034,1120
4799.667955,2427103947,2427105067,15965,1120
4799.679979,2427112843,2427113958,15708,1115
4799.692001,2427121761,2427122881,15945,1120
4799.704021,2427130686,2427131797,15963,1111
4799.716040,2427139573,2427140691,15634,1118
4799.728069,2427148494,2427149618,15947,1124
4799.740091,2427157468,2427158587,15930,1119
4799.752109,2427166357,2427167472,15631,1115
4799.830261,2427224292,2427225411,15854,1119
4799.848296,2427237713,2427238832,15966,1119
4799.860315,2427246626,2427247741,15713,1115
4799.881364,2427262223,2427263341,16075,1118
4799.893378,2427271126,2427272242,15974,1116
4799.911412,2427284469,2427285593,16016,1124
4799.923435,2427293373,2427294491,15716,1118
4799.935468,2427302334,2427303454,16045,1120
4799.947487,2427311275,2427312399,16044,1124
4799.959507,2427320175,2427321295,15674,1120
4799.995572,2427346899,2427348019,15629,1120
4800.007601,2427355821,2427356939,15951,1118
4800.019622,2427364736,2427365859,15970,1123
4800.031646,2427373667,2427374782,15862,1115
4800.043670,2427382577,2427383693,15945,1116
4800.055690,2427391495,2427392619,15966,1124
4800.064335,2427400255,2427401379,16056,1124
4800.078234,2427409213,2427410337,15855,1124
4800.090254,2427418155,2427419263,15593,1108
4800.102281,2427427060,2427428184,15947,1124
4800.148367,2427462733,2427463848,15962,1115
4800.165401,2427473908,2427475027,15941,1119
4800.177422,2427482822,2427483942,15855,1120
4800.189440,2427491760,2427492882,15599,1122
4800.219504,2427514009,2427515129,15945,1120
4800.231527,2427522910,2427524034,16038,1124
4800.243543,2427531809,2427532926,15711,1117
4800.255572,2427540742,2427541866,16035,1124
4800.267593,2427549677,2427550801,16055,1124
4800.279616,2427558617,2427559736,15829,1119
4800.291641,2427567542,2427568658,15949,1116
4800.303662,2427576466,2427577590,15964,1124
4800.315681,2427585372,2427586489,15635,1117
4800.327712,2427594276,2427595401,16036,1125
4800.339730,2427603196,2427604316,15964,1120
4800.351746,2427612081,2427613199,15511,1118
4800.363778,2427620973,2427622097,15942,1124
4800.375799,2427629899,2427631018,15852,1119
4800.387821,2427638820,2427639937,15610,1117
4800.444932,2427681106,2427682227,15945,1121
4800.456949,2427690021,2427691139,15881,1118
4800.468972,2427698916,2427700034,15629,1118
4800.481005,2427707872,2427708989,15955,1117
4800.496027,2427719049,2427720168,15829,1119
4800.508057,2427728002,2427729126,15995,1124
4800.520072,2427736980,2427738097,15840,1117
4800.532102,2427745946,2427747067,15913,1121
4800.544126,2427754936,2427756061,15988,1125
4800.556141,2427763927,2427765051,15827,1124
4800.568170,2427772916,2427774040,15913,1124
4800.580194,2427781891,2427783006,15985,1115
4800.592211,2427790833,2427791944,15971,1111
4800.604229,2427799750,2427800866,15677,1116
4800.616258,2427809081,2427810200,16027,1119
4800.628282,2427818011,2427819135,15949,1124
4800.640298,2427826913,2427828029,15626,1116
4800.673365,2427851449,2427852570,15853,1121
4800.685384,2427860379,2427861497,15603,1118
4800.697413,2427869528,2427870643,15943,1115
4800.709433,2427878468,2427879587,15963,1119
4800.775558,2427927482,2427928594,15830,1112
4800.787584,2427936399,2427937514,15946,1115
4800.799605,2427945319,2427946436,16055,1117
4800.811624,2427954197,2427955319,15631,1122
4800.823656,2427963124,2427964243,15997,1119
4800.835674,2427972039,2427973157,16014,1118
4800.853708,2427985394,2427986512,15959,1118
4800.865727,2427994289,2427995405,15631,1116
4800.892778,2428014358,2428015478,15629,1120
4800.904807,2428023490,2428024609,16000,1119
4800.997982,2428092604,2428093722,16053,1118
4801.013013,2428103736,2428104860,16024,1124
4801.025036,2428112678,2428113801,16038,1123
4801.064104,2428141612,2428142728,15630,1116
4801.076137,2428150563,2428151685,15961,1122
4801.088154,2428159510,2428160628,15964,1118
4801.100172,2428168411,2428169528,15630,1117
4801.112201,2428177363,2428178478,15943,1115
4801.130236,2428190748,2428191866,15941,1118
4801.142257,2428199671,2428200780,15961,1109
4801.157287,2428210781,2428211900,15946,1119
4801.169308,2428219730,2428220854,15857,1124
4801.208378,2428248659,2428249769,15629,1110
4801.220410,2428257571,2428258686,15991,1115
4801.244447,2428275364,2428276479,15630,1115
4801.256478,2428284295,2428285388,15801,1093
4801.289533,2428308805,2428309926,15631,1121
4801.301562,2428317706,2428318825,15951,1119
4801.313582,2428326650,2428327765,16049,1115
4801.325601,2428335522,2428336633,15711,1111
4801.364682,2428364458,2428365576,15948,1118
4801.376704,2428373391,2428374515,16024,1124
4801.388721,2428382322,2428383438,15674,1116
4801.416783,2428404589,2428405708,16073,1119
4801.439822,2428420188,2428421306,15961,1118
4801.451841,2428429079,2428430192,15631,1113
4801.463870,2428437959,2428439070,15943,1111
4801.475890,2428446867,2428447990,15882,1123
4801.487910,2428455794,2428456910,15683,1116
4801.499939,2428464700,2428465824,16033,1124
4801.511961,2428473625,2428474740,15919,1115
4801.523979,2428482502,2428483618,15634,1116
4801.536008,2428491406,2428492530,15946,1124
4801.548028,2428500346,2428501464,16055,1118
4801.560047,2428509233,2428510355,15714,1122
4801.578078,2428522625,2428523739,15638,1114
4801.590111,2428531544,2428532668,16036,1124
4801.626179,2428558293,2428559416,15947,1123
4801.636328,2428567212,2428568327,15919,1115
4801.650219,2428576109,2428577226,15625,1117
4801.662248,2428585025,2428586149,15946,1124
4801.674270,2428593983,2428595096,15929,1113
4801.713342,2428622918,2428624039,15672,1121
4801.725367,2428631843,2428632962,16036,1119
4801.737388,2428640768,2428641887,16051,1119
4801.749407,2428649675,2428650791,15713,1116
4801.776459,2428669760,2428670882,15596,1122
4801.788488,2428678683,2428679801,15946,1118
4801.800509,2428687594,2428688711,15964,1117
4801.812538,2428696516,2428697640,15906,1124
4801.833573,2428712105,2428713228,15943,1123
4801.850105,2428724458,2428725577,15964,1119
4801.862130,2428733345,2428734458,15710,1113
4801.874150,2428742268,2428743377,15943,1109
4801.889173,2428753364,2428754475,15635,1111
4801.901202,2428762254,2428763374,15945,1120
4801.916227,2428773434,2428774552,15835,1118
4801.928255,2428782356,2428783466,15940,1110
4801.938767,2428790464,2428791585,15829,1121
4801.953796,2428801620,2428802739,15879,1119
4801.965822,2428810568,2428811687,15828,1119
4801.977848,2428819481,2428820598,15944,1117
4801.995882,2428832801,2428833925,15949,1124
4802.007903,2428841713,2428842817,15966,1104
4802.019926,2428850580,2428851695,15668,1115
4802.037956,2428863956,2428865076,15632,1120
4802.049985,2428872868,2428873984,15961,1116
4802.065010,2428884025,2428885144,15832,1119
4802.077037,2428892949,2428894068,15945,1119
4802.089057,2428901851,2428902962,15960,1111
4802.101073,2428910817,2428911922,15666,1105
4802.113109,2428919718,2428920837,15990,1119
4802.125127,2428929072,2428930194,15926,1122
4802.141653,2428941323,2428942443,15716,1120
4802.153682,2428950246,2428951370,16041,1124
4802.168705,2428961393,2428962509,15719,1116
4802.180734,2428970297,2428971413,16040,1116
4802.195756,2428981384,2428982496,15633,1112
4802.207785,2428990289,2428991407,15950,1118
4802.225819,2429003665,2429004781,15942,1116
4802.237840,2429012555,2429013679,15918,1124
4802.267893,2429034780,2429035898,15629,1118
4802.288940,2429050377,2429051496,16036,1119
4802.300961,2429059324,2429060434,16024,1110
4802.312982,2429068225,2429069340,15912,1115
4802.325008,2429077122,2429078229,16032,1107
4802.346046,2429092697,2429093814,16054,1117
4802.358075,2429101609,2429102728,15990,1119
4802.376100,2429114973,2429116095,15711,1122
4802.388128,2429123870,2429124985,16041,1115
4802.400149,2429132790,2429133910,16054,1120
4802.412171,2429141692,2429142807,15918,1115
4802.424199,2429150576,2429151662,15894,1086
4802.436217,2429159468,2429160587,16050,1119
4802.461273,2429179491,2429180606,15980,1115
4802.476328,2429190593,2429191704,16049,1111
4802.535406,2429232923,2429234041,15965,1118
4802.547429,2429241828,2429242944,15725,1116
4802.559459,2429250763,2429251883,16109,1120
4802.571475,2429259667,2429260781,16053,1114
4802.583499,2429268623,2429269744,15915,1121
4802.595527,2429277576,2429278699,15995,1123
4802.606048,2429285676,2429286801,15908,1125
4802.618072,2429294915,2429296035,15908,1120
4802.639109,2429312976,2429314103,15978,1127
4802.654138,2429324240,2429325361,15900,1121
4802.666160,2429333224,2429334344,15968,1120
4802.678180,2429343358,2429344489,15873,1131
4802.694716,2429357101,2429358232,15905,1131
4802.715756,2429372848,2429373972,16070,1124
4802.726277,2429381689,2429382819,15987,1130
4802.741297,2429392923,2429394045,15927,1122
4802.759332,2429408138,2429409264,15830,1126
4802.769854,2429416360,2429417483,15979,1123
4802.786384,2429430074,2429431194,15822,1120
4802.801412,2429441263,2429442382,15962,1119
4802.814940,2429451944,2429453075,15943,1131
4802.834483,2429467929,2429469057,15956,1128
4802.849500,2429479118,2429480239,15626,1121
4802.863029,2429490558,2429491682,15827,1124
4802.878057,2429501757,2429502876,15955,1119
4802.890081,2429511886,2429513011,15820,1125
4802.902106,2429520828,2429521952,15944,1124
4802.920140,2429535026,2429536144,15953,1118
4802.938180,2429550446,2429551568,15970,1122
4802.953204,2429561591,2429562713,15705,1122
4802.966729,2429573044,2429574170,15931,1126
4802.981758,2429584228,2429585346,16038,1118
4802.999788,2429598842,2429599970,15913,1128
4803.013314,2429609556,2429610680,15841,1124
4803.037366,2429627983,2429629107,15968,1124
4803.048886,2429638114,2429639238,15974,1124
4803.065923,2429650689,2429651817,15987,1128
4803.086960,2429667988,2429669114,16053,1126
4803.104994,2429681480,2429682601,16064,1121
4803.118523,2429692936,2429694066,15939,1130
4803.133540,2429704101,2429705222,15626,1121
4803.147071,2429715522,2429716647,15845,1125
4803.162100,2429726733,2429727852,15937,1119
4803.174124,2429736888,2429738014,15943,1126
4803.186152,2429747069,2429748196,16037,1127
4803.198167,2429756016,2429757131,16048,1115
4803.210190,2429766156,2429767283,15912,1127
4803.222215,2429775105,2429776224,16033,1119
4803.234238,2429785233,2429786361,15993,1128
4803.246254,2429794195,2429795312,15672,1117
4803.265796,2429808923,2429810041,16050,1118
4803.279322,2429820371,2429821490,15939,1119
4803.292850,2429831016,2429832140,15932,1124
4803.310883,2429846405,2429847531,15930,1126
4803.328915,2429859828,2429860947,15960,1119
4803.342444,2429871276,2429872399,15931,1123
4803.357476,2429882484,2429883605,15940,1121
4803.377005,2429897822,2429898940,15908,1118
4803.390533,2429909279,2429910407,15821,1128
4803.405564,2429920448,2429921567,15948,1119
4803.419089,2429931902,2429933026,15929,1124
4803.434118,2429943036,2429944154,15949,1118
4803.444331,2429952025,2429953146,15832,1121
4803.458170,2429961012,2429962137,15913,1125
4803.470189,2429970399,2429971519,15976,1120
4803.480336,2429980198,2429981322,15796,1124
4803.494236,2429989192,2429990315,15903,1123
4803.504327,2429998341,2429999461,15973,1120
4803.518274,2430007406,2430008527,15829,1121
4803.533310,2430018630,2430019754,15990,1124
4803.548338,2430029866,2430030990,15911,1124
4803.560362,2430038847,2430039971,15990,1124
4803.572379,2430047816,2430048940,15849,1124
4803.603941,2430071291,2430072401,15944,1110
4803.615957,2430080184,2430081300,15629,1116
4803.627988,2430089102,2430090214,15969,1112
4803.640008,2430098431,2430099548,15965,1117
4803.677083,2430127399,2430128515,15713,1116
4803.781278,2430203138,2430204262,16038,1124
4803.793299,2430212293,2430213404,15929,1111
4803.805317,2430221166,2430222275,15625,1109
4803.847401,2430252357,2430253476,15855,1119
4803.859420,2430261284,2430262400,15593,1116
4803.877454,2430274625,2430275747,15619,1122
4803.889484,2430283569,2430284686,15950,1117
4803.907523,2430296972,2430298056,15810,1084
4803.988672,2430357090,2430358199,15951,1109
4804.000696,2430366218,2430367334,15954,1116
4804.012715,2430375101,2430376219,15743,1118
4804.039763,2430395147,2430396266,15708,1119
4804.057797,2430408515,2430409634,15668,1119
4804.069826,2430417435,2430418553,16040,1118
4804.093876,2430435248,2430436372,15984,1124
4804.105895,2430444179,2430445302,16038,1123
4804.135950,2430466449,2430467573,15959,1124
4804.147972,2430475381,2430476500,15825,1119
4804.159998,2430484308,2430485428,15941,1120
4804.173527,2430494528,2430495649,15936,1121
4804.185543,2430503470,2430504589,15934,1119
4804.197566,2430512418,2430513538,15916,1120
4804.209597,2430521467,2430522586,15955,1119
4804.239647,2430543830,2430544947,16055,1117
4804.251666,2430552769,2430553889,15676,1120
4804.287735,2430579507,2430580622,15711,1115
4804.305769,2430592914,2430594024,15672,1110
4804.317798,2430601835,2430602954,16043,1119
4804.329819,2430610746,2430611864,15966,1118
4804.344853,2430621845,2430622964,15993,1119
4804.368889,2430639663,2430640775,15629,1112
4804.380918,2430648569,2430649688,15948,1119
4804.407970,2430668626,2430669750,15948,1124
4804.419986,2430677557,2430678679,15796,1122
4804.432009,2430686439,2430687552,15627,1113
4804.444041,2430695334,2430696454,16001,1120
4804.456059,2430704216,2430705330,15960,1114
4804.513160,2430746540,2430747653,15585,1113
4804.525192,2430755443,2430756560,15861,1117
4804.552246,2430775477,2430776596,16063,1119
4804.564264,2430784385,2430785496,16055,1111
4804.576283,2430793257,2430794373,15712,1116
4804.588313,2430802176,2430803286,16044,1110
4804.600334,2430811110,2430812223,15958,1113
4804.612352,2430819994,2430821115,15707,1121
4804.624381,2430828927,2430830044,15865,1117
4804.723570,2430902432,2430903555,15948,1123
4804.735590,2430911339,2430912452,15918,1113
4804.753624,2430924700,2430925819,16051,1119
4804.765644,2430933567,2430934683,15712,1116
4804.807727,2430964775,2430965894,16048,1119
4804.819746,2430973655,2430974767,15709,1112
4804.903913,2431036038,2431037156,16037,1118
4804.915933,2431044978,2431046095,16053,1117
4804.927956,2431053886,2431055002,15750,1116
4804.939985,2431062794,2431063917,16087,1123
4804.952002,2431071724,2431072843,16057,1119
4804.964021,2431080582,2431081695,15712,1113
4804.976050,2431089463,2431090581,16034,1118
4804.988070,2431098367,2431099482,15940,1115
4805.000089,2431107292,2431108408,15676,1116
4805.012118,2431116187,2431117311,16039,1124
4805.024139,2431125106,2431126229,16052,1123
4805.042176,2431138479,2431139598,15946,1119
4805.054196,2431147376,2431148498,15667,1122
4805.141365,2431211976,2431213094,15945,1118
4805.153381,2431221270,2431222386,15628,1116
4805.195466,2431252510,2431253625,15931,1115
4805.207484,2431261399,2431262521,15629,1122
4805.219513,2431270326,2431271441,15948,1115
4805.231535,2431279230,2431280347,16045,1117
4805.243552,2431288078,2431289187,15709,1109
4805.255582,2431296975,2431298096,16039,1121
4805.288641,2431321498,2431322618,15828,1120
4805.300668,2431330428,2431331547,15955,1119
4805.321705,2431346027,2431347149,15965,1122
4805.333731,2431354916,2431356034,15709,1118
4805.345755,2431363832,2431364919,15808,1087
4805.357773,2431372715,2431373839,15964,1124
4805.396846,2431401717,2431402837,15821,1120
4805.408873,2431410618,2431411737,15895,1119
4805.429911,2431426179,2431427303,15962,1124
4805.441934,2431435075,2431436196,15723,1121
4805.465980,2431452924,2431454041,16052,1117
4805.477998,2431461857,2431462973,15675,1116
4805.514067,2431488540,2431489656,15629,1116
4805.526096,2431497431,2431498549,15948,1118
4805.545130,2431513025,2431514144,15959,1119
4805.568173,2431528566,2431529687,15664,1121
4805.580199,2431537482,2431538601,15951,1119
4805.592220,2431546430,2431547544,16022,1114
4805.604242,2431555295,2431556407,15727,1112
4805.622272,2431568627,2431569740,15706,1113
4805.637308,2431579758,2431580872,16015,1114
4805.649325,2431588647,2431589765,15631,1118
4805.673374,2431606438,2431607559,15963,1121
4805.685398,2431615395,2431616519,15831,1124
4805.703432,2431628860,2431629984,15874,1124
4805.715460,2431637824,2431638941,15911,1117
4805.733493,2431651292,2431652415,15906,1123
4805.745514,2431660261,2431661377,15948,1116
4805.781579,2431686953,2431688064,15937,1111
4805.793598,2431695849,2431696960,15673,1111
4805.832682,2431724795,2431725914,15999,1119
4805.844700,2431733703,2431734818,15880,1115
4805.859731,2431744829,2431745940,15952,1111
4805.871751,2431753734,2431754849,15971,1115
4805.883772,2431762685,2431763809,15841,1124
4805.895804,2431771668,2431772786,15965,1118
4805.907820,2431780586,2431781704,15962,1118
4805.928864,2431796174,2431797296,15716,1122
4805.940885,2431805095,2431806214,15865,1119
4805.952905,2431814016,2431815135,15961,1119
4805.997991,2431847430,2431848548,15962,1118
4806.010010,2431856336,2431857453,15594,1117
4806.025043,2431867466,2431868585,15961,1119
4806.052094,2431887486,2431888605,15966,1119
4806.064113,2431896403,2431897525,15625,1122
4806.076144,2431905307,2431906418,15967,1111
4806.088161,2431914254,2431915366,15832,1112
4806.100185,2431923132,2431924248,15633,1116
4806.121230,2431938684,2431939795,15972,1111
4806.133248,2431947582,2431948701,15898,1119
4806.157296,2431965347,2431966470,15952,1123
4806.169317,2431974264,2431975381,15920,1117
4806.196369,2431994314,2431995433,15964,1119
4806.208388,2432003193,2432004307,15632,1114
4806.223419,2432014347,2432015467,15964,1120
4806.256485,2432038787,2432039910,15950,1123
4806.268507,2432047738,2432048853,15935,1115
4806.280530,2432056637,2432057756,15857,1119
4806.292554,2432065529,2432066640,15950,1111
4806.403763,2432147838,2432148956,15961,1118
4806.415781,2432156734,2432157850,15629,1116
4806.427814,2432165625,2432166743,16084,1118
4806.439831,2432174520,2432175636,16053,1116
4806.451851,2432183400,2432184516,15717,1116
4806.463879,2432192297,2432193413,15993,1116
4806.475900,2432201252,2432202369,15800,1117
4806.487919,2432210152,2432211272,15678,1120
4806.499948,2432219041,2432220159,16037,1118
4806.511968,2432227956,2432229076,16056,1120
4806.523995,2432236846,2432237961,15774,1115
4806.536016,2432245754,2432246878,16052,1124
4806.569073,2432270224,2432271340,15627,1116
4806.581110,2432279178,2432280271,15814,1093
4806.629194,2432314724,2432315835,15948,1111
4806.641213,2432323635,2432324759,15821,1124
4806.657251,2432336982,2432338103,15723,1121
4806.672780,2432347226,2432348342,15706,1116
4806.695313,2432364368,2432365484,15630,1116
4806.707342,2432373299,2432374416,15945,1117
4806.719363,2432382212,2432383327,15966,1115
4806.731382,2432391072,2432392184,15630,1112
4806.743411,2432399957,2432401075,15948,1118
4806.845603,2432475656,2432476780,16055,1124
4806.857625,2432484614,2432485729,15913,1115
4806.872654,2432495760,2432496885,15855,1125
4806.884673,2432504687,2432505805,15592,1118
4806.908723,2432522523,2432523643,15963,1120
4806.920749,2432531398,2432532503,15626,1105
4806.948804,2432553637,2432554745,15948,1108
4806.983862,2432578105,2432579220,15593,1115
4806.995894,2432586990,2432588083,15777,1093
4807.007912,2432595897,2432597013,15965,1116
4807.019938,2432604752,2432605860,15720,1108
4807.031962,2432613641,2432614728,15808,1087
4807.043980,2432622517,2432623635,15957,1118
4807.057009,2432633647,2432634768,15944,1121
4807.080051,2432649248,2432650366,16028,1118
4807.092068,2432658155,2432659264,15591,1109
4807.116119,2432669823,2432670444,11980,621
4807.129645,2432675071,2432675897,13416,826
4807.141671,2432683681,2432684788,15907,1107
4807.153697,2432692615,2432693732,16008,1117
4807.165710,2432701532,2432702644,15820,1112
4807.177739,2432710433,2432711544,15908,1111
4807.189764,2432719353,2432720472,16082,1119
4807.201781,2432728285,2432729401,15913,1116
4807.240859,2432757278,2432758395,15903,1117
4807.252884,2432766196,2432767312,15992,1116
4807.267911,2432777377,2432778501,15904,1124
4807.285945,2432790781,2432791900,15909,1119
4807.297969,2432799731,2432800842,15987,1111
4807.309985,2432808658,2432809777,15826,1119
4807.322014,2432817603,2432818729,15906,1126
4807.337037,2432828792,2432829907,15830,1115
4807.349065,2432837708,2432838818,15910,1110
4807.361090,2432846644,2432847763,15961,1119
4807.401170,2432877948,2432879070,15902,1122
4807.424210,2432893626,2432894741,15983,1115
4807.436227,2432902552,2432903666,15855,1114
4807.448254,2432911484,2432912603,15912,1119
4807.460278,2432920408,2432921527,15957,1119
4807.481311,2432936044,2432937164,15830,1120
4807.493340,2432944983,2432946107,15819,1124
4807.505364,2432953934,2432955058,15965,1124
4807.517378,2432962898,2432964013,15816,1115
4807.529408,2432971826,2432972946,15902,1120
4807.544431,2432983031,2432984149,15826,1118
4807.556460,2432991983,2432993107,15906,1124
4807.607551,2433029982,2433031102,15827,1120
4807.619583,2433037515,2433038625,15916,1110
4807.631603,2433046451,2433047561,16060,1110
4807.643619,2433055374,2433056491,15929,1117
4807.655650,2433064296,2433065416,15993,1120
4807.667671,2433073250,2433074365,15993,1115
4807.679688,2433082189,2433083309,15846,1120
4807.700735,2433097801,2433098919,15908,1118
4807.712757,2433106773,2433107893,15971,1120
4807.728788,2433120203,2433121321,15971,1118
4807.740817,2433129159,2433130275,15841,1116
4807.763855,2433144818,2433145935,15902,1117
4807.775877,2433153754,2433154868,15973,1114
4807.787894,2433162684,2433163804,15848,1120
4807.799924,2433171609,2433172720,15820,1111
4807.811945,2433180530,2433181649,15972,1119
4807.823962,2433189459,2433190575,15842,1116
4807.835993,2433198382,2433199492,15906,1110
4807.848014,2433207321,2433208435,16060,1114
4807.860034,2433216241,2433217354,15874,1113
4807.872061,2433225163,2433226280,15907,1117
4807.884083,2433234089,2433235204,16068,1115
4807.896100,2433243045,2433244164,15933,1119
4807.908130,2433251976,2433253099,15994,1123
4807.920151,2433260937,2433262054,15942,1117
4807.932170,2433269876,2433270995,15866,1119
4807.974254,2433301205,2433302323,16035,1118
4807.986272,2433310147,2433311260,15937,1113
4808.004305,2433323531,2433324651,15840,1120
4808.016336,2433332479,2433333596,15821,1117
4808.028357,2433341398,2433342513,15975,1115
4808.040374,2433350325,2433351436,15842,1111
4808.052405,2433359265,2433360379,15992,1114
4808.067425,2433370435,2433371550,15842,1115
4808.088473,2433386072,2433387189,15906,1117
4808.100496,2433395003,2433396123,16000,1120
4808.112510,2433403929,2433405043,15744,1114
4808.124540,2433412869,2433413984,15903,1115
4808.136561,2433421804,2433422923,15962,1119
4808.148580,2433430746,2433431858,15857,1112
4808.163613,2433441936,2433443056,15965,1120
4808.175631,2433450910,2433452034,15856,1124
4808.187661,2433460291,2433461412,15906,1121
4808.205694,2433473727,2433474852,15902,1125
4808.217716,2433482676,2433483800,15933,1124
4808.236760,2433498329,2433499446,15851,1117
4808.256785,2433511770,2433512885,15852,1115
4808.268816,2433520715,2433521825,15925,1110
4808.292854,2433538590,2433539707,15855,1117
4808.304884,2433547548,2433548663,15922,1115
4808.319905,2433558703,2433559818,15855,1115
4808.331936,2433567662,2433568786,15903,1124
4808.343957,2433576601,2433577711,15973,1110
4808.355974,2433585569,2433586693,15843,1124
4808.374009,2433599010,2433600134,15838,1124
4808.386040,2433607949,2433609066,15927,1117
4808.398061,2433616896,2433618015,15972,1119
4808.410076,2433625849,2433626968,15834,1119
4808.452163,2433657102,2433658219,15975,1117
4808.464180,2433666034,2433667153,15844,1119
4808.476210,2433674963,2433676083,15906,1120
4808.488232,2433683897,2433685017,15973,1120
4808.500249,2433692835,2433693949,15846,1114
4808.512279,2433701748,2433702868,15911,1120
4808.524300,2433710691,2433711806,15881,1115
4808.539331,2433721868,2433722987,15908,1119
4808.551352,2433730800,2433731915,15940,1115
4808.563373,2433739734,2433740858,15870,1124
4808.575400,2433748676,2433749791,16000,1115
4808.587421,2433757620,2433758745,16064,1125
4808.600450,2433768785,2433769907,15986,1122
4808.617471,2433779969,2433781086,15927,1117
4808.629501,2433788910,2433790028,15996,1118
4808.660565,2433813494,2433814613,15927,1119
4808.680592,2433826914,2433828024,15842,1110
4808.692622,2433835859,2433836978,15998,1119
4808.707642,2433847038,2433848162,15914,1124
4808.728690,2433862741,2433863856,15992,1115
4808.740711,2433871697,2433872815,16050,1118
4808.752729,2433880625,2433881739,15855,1114
4808.767764,2433891803,2433892918,15973,1115
4808.779780,2433900743,2433901854,15844,1111
4808.791809,2433909693,2433910811,15909,1118
4808.803831,2433918633,2433919747,16049,1114
4808.815848,2433927577,2433928691,15941,1114
4808.827877,2433936501,2433937619,15991,1118
4808.839899,2433945441,2433946557,16043,1116
4808.851920,2433954365,2433955482,15976,1117
4808.863946,2433963311,2433964429,15912,1118
4808.875970,2433972266,2433973382,15957,1116
4808.906019,2433994620,2433995739,15844,1119
4808.918049,2434003577,2434004700,15904,1123
4808.930070,2434012525,2434013639,15925,1114
4808.942091,2434021455,2434022572,15886,1117
4808.957123,2434032620,2434033731,16074,1111
4808.969141,2434041558,2434042676,15930,1118
4809.002209,2434066171,2434067284,15973,1113
4809.014226,2434075094,2434076205,15841,1111
4809.077346,2434121965,2434123084,15842,1119
4809.089376,2434130902,2434132013,15908,1111
4809.116428,2434151013,2434152137,15906,1124
4809.128449,2434159958,2434161073,15969,1115
4809.149483,2434175625,2434176741,15844,1116
4809.161514,2434184569,2434185687,15902,1118
4809.173535,2434193530,2434194649,16060,1119
4809.233651,2434238335,2434239454,15992,1119
4809.245672,2434247291,2434248410,16058,1119
4809.257689,2434256246,2434257364,15933,1118
4809.269720,2434265169,2434266293,15995,1124
4809.281743,2434274131,2434275246,16076,1115
4809.353878,2434327735,2434328851,15987,1116
4809.365897,2434336701,2434337821,15964,1120
4809.383932,2434350137,2434351256,15869,1119
4809.395959,2434359101,2434360225,15905,1124
4809.407981,2434368072,2434369192,15972,1120
4809.420000,2434377037,2434378161,15878,1124
4809.432029,2434386021,2434387138,15924,1117
4809.450062,2434399419,2434400539,15898,1120
4809.462084,2434408364,2434409484,15973,1120
4809.474103,2434417300,2434418417,15872,1117
4809.486131,2434426239,2434427359,15905,1120
4809.498152,2434435164,2434436275,15973,1111
4809.510169,2434444081,2434445192,15838,1111
4809.522200,2434453015,2434454139,15907,1124
4809.534221,2434461956,2434463064,15970,1108
4809.573289,2434490993,2434492111,15843,1118
4809.585318,2434499953,2434501076,15994,1123
4809.600340,2434511126,2434512237,15851,1111
4809.615374,2434522275,2434523389,15958,1114
4809.687513,2434575831,2434576950,15979,1119
4809.697536,2434583871,2434584991,15905,1120
4809.710057,2434592837,2434593955,16065,1118
4809.722072,2434601791,2434602910,15842,1119
4809.737107,2434612988,2434614107,15980,1119
4809.749122,2434621937,2434623051,15831,1114
4809.770168,2434637603,2434638724,15904,1121
4809.782192,2434646533,2434647645,15973,1112
4809.797223,2434657725,2434658845,15929,1120
4809.809247,2434666655,2434667775,15959,1120
4809.839297,2434688996,2434690120,15851,1124
4809.851324,2434697951,2434699069,15906,1118
4809.869358,2434711339,2434712464,15901,1125
4809.881383,2434720292,2434721416,15958,1124
4809.896409,2434731455,2434732574,15905,1119
4809.911432,2434742626,2434743740,15805,1114
4809.929469,2434756030,2434757145,15858,1115
4809.941495,2434764947,2434766058,15906,1111
4809.953520,2434773874,2434774997,15991,1123
4809.989589,2434800709,2434801832,15991,1123
4810.001606,2434809660,2434810777,15844,1117
4810.025655,2434827519,2434828629,15975,1110
4810.037675,2434836453,2434837573,15874,1120
4810.049700,2434845410,2434846534,15994,1124
4810.061724,2434854336,2434855456,16034,1120
4810.073744,2434863264,2434864379,15959,1115
4810.085768,2434872194,2434873317,16038,1123
4810.112820,2434892282,2434893396,15992,1114
4810.124845,2434901226,2434902344,16065,1118
4810.157906,2434925799,2434926923,15910,1124
4810.169930,2434934752,2434935875,16069,1123
4810.184957,2434945915,2434947030,15993,1115
4810.196983,2434954868,2434955983,16104,1115
4810.208998,2434963808,2434964932,15828,1124
4810.221027,2434972738,2434973846,15907,1108
4810.269120,2435008522,2435009639,15988,1117
4810.281135,2435017472,2435018584,15896,1112
4810.293164,2435026410,2435027529,15996,1119
4810.320217,2435046523,2435047643,16011,1120
4810.332240,2435055476,2435056595,16036,1119
4810.350274,2435068876,2435069994,16043,1118
4810.383335,2435093494,2435094613,15993,1119
4810.395360,2435102447,2435103567,16069,1120
4810.407380,2435111399,2435112517,15856,1118
4810.419405,2435120340,2435121455,15911,1115
4810.431429,2435129280,2435130404,15962,1124
4810.452461,2435144948,2435146069,15822,1121
4810.464490,2435153896,2435155014,15867,1118
4810.497547,2435178474,2435179588,15831,1114
4810.509576,2435187387,2435188495,15912,1108
4810.527611,2435200804,2435201924,15910,1120
4810.539634,2435209731,2435210847,15962,1116
4810.551650,2435218680,2435219794,15831,1114
4810.563679,2435227626,2435228741,15909,1115
4810.575703,2435236535,2435237646,15994,1111
4810.587718,2435245455,2435246566,15825,1111
4810.608764,2435261069,2435262192,15906,1123
4810.620789,2435270042,2435271157,15945,1115
4810.632804,2435278976,2435280094,15833,1118
4810.665877,2435303528,2435304640,16009,1112
4810.677890,2435312466,2435313582,15824,1116
4810.689919,2435321409,2435322524,15906,1115
4810.713959,2435339260,2435340375,15833,1115
4810.725988,2435348195,2435349306,15911,1111
4810.741008,2435359359,2435360478,15812,1119
4810.753039,2435368289,2435369409,15905,1120
4810.792115,2435397366,2435398476,16005,1110
4810.804130,2435406285,2435407399,15830,1114
4810.816161,2435415218,2435416333,15928,1115
4810.828183,2435424143,2435425258,15993,1115
4810.840200,2435433079,2435434202,15840,1123
4810.858236,2435446480,2435447599,15852,1119
4810.903318,2435479949,2435481069,15915,1120
4810.915347,2435488871,2435489987,15908,1116
4810.927372,2435497799,2435498922,15966,1123
4810.939386,2435506758,2435507878,15818,1120
4810.951417,2435515678,2435516789,15912,1111
4810.963440,2435524618,2435525734,16077,1116
4810.975458,2435533542,2435534665,15943,1123
4810.987484,2435542473,2435543583,15995,1110
4810.999509,2435551375,2435552485,16078,1110
4811.011527,2435560293,2435561408,15948,1115
4811.023555,2435569240,2435570357,15908,1117
4811.035577,2435578154,2435579270,15990,1116
4811.047593,2435587080,2435588195,15828,1115
4811.059622,2435595995,2435597106,15914,1111
4811.071646,2435604936,2435606053,15988,1117
4811.083661,2435613892,2435615009,15916,1117
4811.095690,2435622831,2435623951,15997,1120
4811.107717,2435631760,2435632879,16056,1119
4811.119730,2435640676,2435641787,15870,1111
4811.131759,2435649609,2435650726,15979,1117
4811.143785,2435658539,2435659650,16098,1111
4811.155799,2435667452,2435668572,15909,1120
4811.167828,2435676387,2435677503,15974,1116
4811.185862,2435689804,2435690922,15902,1118
4811.197887,2435698742,2435699857,15995,1115
4811.208333,2435708154,2435709267,15936,1113
4811.224934,2435719309,2435720427,15951,1118
4811.236954,2435728284,2435729402,15844,1118
4811.248973,2435737212,2435738323,15673,1111
4811.261002,2435746131,2435747255,16041,1124
4811.273022,2435755011,2435756129,15983,1118
4811.381228,2435835009,2435836127,15962,1118
4811.393247,2435843869,2435844983,15626,1114
4811.432328,2435872717,2435873833,16038,1116
4811.444350,2435881640,2435882755,16020,1115
4811.456367,2435890504,2435891613,15709,1109
4811.483427,2435910502,2435911617,15792,1115
4811.495448,2435919397,2435920517,16035,1120
4811.507468,2435928298,2435929418,15965,1120
4811.519487,2435937189,2435938298,15593,1109
4811.531517,2435946073,2435947187,15951,1114
4811.543538,2435954992,2435956107,15939,1115
4811.555556,2435963851,2435964960,15629,1109
4811.567588,2435972709,2435973794,15728,1085
4811.579606,2435981570,2435982689,15971,1119
4811.591625,2435990436,2435991553,15627,1117
4811.603654,2435999357,2436000471,15940,1114
4811.651743,2436034889,2436036012,15894,1123
4811.663765,2436043792,2436044906,15870,1114
4811.675791,2436052671,2436053795,16042,1124
4811.687814,2436061577,2436062688,16040,1111
4811.699834,2436070423,2436071542,15720,1119
4811.711860,2436079307,2436080426,16042,1119
4811.723877,2436088213,2436089333,15887,1120
4811.735904,2436097093,2436098210,15854,1117
4811.747928,2436105968,2436107091,15951,1123
4811.765965,2436119280,2436120359,15803,1079
4811.777983,2436128138,2436129250,15963,1112
4811.805034,2436148129,2436149240,15962,1111
4811.817053,2436156991,2436158106,15629,1115
4811.850120,2436181484,2436182606,15919,1122
4811.862141,2436190360,2436191475,15710,1115
4811.907225,2436223700,2436224809,15714,1109
4811.941305,2436250433,2436251545,15589,1112
4811.976361,2436274869,2436275984,15970,1115
4811.988379,2436283773,2436284889,15593,1116
4812.000408,2436292643,2436293758,15951,1115
4812.060516,2436337013,2436338130,15627,1117
4812.072546,2436345922,2436347032,16033,1110
4812.111618,2436374793,2436375904,16054,1111
4812.123637,2436383659,2436384780,15714,1121
4812.135670,2436392574,2436393685,15960,1111
4812.147686,2436401480,2436402603,15964,1123
4812.159705,2436410344,2436411451,15625,1107
4812.216820,2436452560,2436453679,15961,1119
4812.228840,2436461454,2436462569,15856,1115
4812.240861,2436470342,2436471450,15598,1108
4812.261908,2436485907,2436486995,15810,1088
4812.273930,2436494809,2436495923,15948,1114
4812.285948,2436503680,2436504791,15832,1111
4812.297976,2436512577,2436513683,15973,1106
4812.325026,2436532521,2436533640,15943,1119
4812.337048,2436541452,2436542563,15935,1111
4812.352077,2436552524,2436553641,15941,1117
4812.427218,2436607984,2436609095,15854,1111
4812.442251,2436619090,2436620170,15809,1080
4812.454269,2436627929,2436629049,16052,1120
4812.472303,2436641272,2436642390,16055,1118
4812.484322,2436650312,2436651422,15628,1110
4812.529411,2436683624,2436684729,15826,1105
4812.544441,2436694753,2436695868,15956,1115
4812.556460,2436703632,2436704744,15630,1112
4812.583511,2436723571,2436724683,15710,1112
4812.595540,2436732455,2436733574,16038,1119
4812.607556,2436741354,2436742469,15970,1115
4812.619576,2436750219,2436751332,15669,1113
4812.631613,2436759130,2436760241,16056,1111
4812.649645,2436772459,2436773577,16051,1118
4812.661663,2436781333,2436782448,15967,1115
4812.676698,2436792423,2436793543,15992,1120
4812.688716,2436801367,2436802473,15936,1106
4812.712763,2436819075,2436820190,15952,1115
4812.724784,2436827960,2436829071,15858,1111
4812.736807,2436837259,2436838375,15636,1116
4812.748832,2436846169,2436847290,15951,1121
4812.760852,2436855064,2436856180,15966,1116
4812.775886,2436866156,2436867280,16084,1124
4812.849020,2436921685,2436922805,16050,1120
4812.884089,2436946080,2436947200,16040,1120
4812.896111,2436955031,2436956145,15850,1114
4812.908128,2436963912,2436965021,15593,1109
4812.953214,2436997239,2436998351,15628,1112
4812.965243,2437006129,2437007243,15950,1114
4813.001312,2437032745,2437033859,15948,1114
4813.013332,2437041639,2437042750,15965,1111
4813.025354,2437050519,2437051639,15829,1120
4813.055419,2437072775,2437073889,15963,1114
4813.067435,2437081660,2437082784,15964,1124
4813.079454,2437090546,2437091663,15633,1117
4813.091485,2437099452,2437100567,15880,1115
4813.103504,2437108340,2437109450,15878,1110
4813.115523,2437117206,2437118319,15630,1113
4813.133557,2437130553,2437131670,15591,1117
4813.145586,2437139457,2437140571,15947,1114
4813.157607,2437148342,2437149453,15966,1111
4813.169634,2437157234,2437158348,15708,1114
4813.181657,2437166126,2437167230,15968,1104
4813.223731,2437197245,2437198353,15819,1108
4813.235758,2437206118,2437207229,15949,1111
4813.247778,2437215005,2437216119,15957,1114
4813.259800,2437223867,2437224983,15644,1116
4813.272835,2437234997,2437236121,15894,1124
4813.301881,2437255039,2437256150,15956,1111
4813.313900,2437263901,2437265013,15632,1112
4813.325934,2437272801,2437273907,15968,1106
4813.377020,2437310526,2437311635,15626,1109
4813.389049,2437319401,2437320516,15946,1115
4813.416101,2437339350,2437340468,15948,1118
4813.428122,2437348286,2437349406,15939,1120
4813.440140,2437357166,2437358277,15548,1111
4813.452169,2437366035,2437367144,15866,1109
4813.464190,2437374908,2437376024,15967,1116
4813.482223,2437388205,2437389313,15940,1108
4813.494243,2437397092,2437398204,15630,1112
4813.509275,2437408227,2437409337,15963,1110
4813.536327,2437428250,2437429368,16048,1118
4813.548346,2437437129,2437438247,15710,1118
4813.588427,2437468179,2437469290,16050,1111
4813.608464,2437481487,2437482594,16050,1107
4813.620485,2437490354,2437491465,15909,1111
4813.692624,2437543607,2437544723,15724,1116
4813.704650,2437552503,2437553613,16040,1110
4813.719674,2437563607,2437564726,15825,1119
4813.731700,2437572496,2437573612,15952,1116
4813.743721,2437581385,2437582499,15962,1114
4813.755740,2437590238,2437591350,15626,1112
4813.767772,2437599125,2437600240,15996,1115
4813.800826,2437623545,2437624659,15627,1114
4813.812855,2437632433,2437633554,15952,1121
4813.897013,2437694594,2437695705,16054,1111
4813.909032,2437703474,2437704586,15714,1112
4813.924065,2437714622,2437715732,16019,1110
4813.936083,2437723487,2437724608,15630,1121
4813.948113,2437732377,2437733488,15955,1111
4813.960133,2437741257,2437742368,15965,1111
4813.978167,2437754573,2437755689,15962,1116
4813.990186,2437763423,2437764543,15629,1120
4814.011232,2437778997,2437780116,15945,1119
4814.026255,2437790110,2437791215,15595,1105
4814.089375,2437836695,2437837807,15626,1112
4814.101404,2437845560,2437846675,15944,1115
4814.113424,2437854436,2437855545,15857,1109
4814.128455,2437865558,2437866674,15951,1116
4814.140477,2437874481,2437875592,15935,1111
4814.161519,2437890015,2437891127,15795,1112
4814.176544,2437901135,2437902243,16049,1108
4814.188563,2437909967,2437911079,15711,1112
4814.212613,2437927729,2437928844,15945,1115
4814.224632,2437936623,2437937732,15676,1109
4814.236334,2437945905,2437947022,15973,1117
4814.257699,2437961510,2437962628,15966,1118
4814.269718,2437970385,2437971499,15590,1114
4814.323821,2438010311,2438011420,15592,1109
4814.335850,2438019203,2438020319,15946,1116
4814.347871,2438028145,2438029260,15934,1115
4814.377924,2438050332,2438051447,15712,1115
4814.392957,2438061453,2438062564,16062,1111
4814.404975,2438070348,2438071461,15679,1113
4814.429024,2438088175,2438089292,16007,1117
4814.441044,2438097046,2438098159,15712,1113
4814.531215,2438163622,2438164734,15709,1112
4814.546248,2438174838,2438175954,15846,1116
4814.600349,2438215129,2438216249,15929,1120
4814.612380,2438224082,2438225200,15962,1118
4814.633416,2438239638,2438240754,16031,1116
4814.645436,2438248549,2438249660,16055,1111
4814.736616,2438317332,2438318450,15645,1118
4814.748641,2438326269,2438327385,15961,1116
4814.840812,2438392910,2438394030,16061,1120
4814.852830,2438401775,2438402886,16050,1111
4814.909938,2438443944,2438445053,15829,1109
4814.921964,2438452809,2438453920,15949,1111
4814.946003,2438470543,2438471658,15624,1115
4814.958038,2438479497,2438480612,15963,1115
4815.048205,2438546096,2438547215,15952,1119
4815.060228,2438555023,2438556134,15953,1111
4815.078260,2438568319,2438569439,15970,1120
4815.090278,2438577198,2438578310,15589,1112
4815.144381,2438617178,2438618287,15629,1109
4815.156413,2438626068,2438627174,15997,1106
4815.168431,2438634954,2438636065,15963,1111
4815.180449,2438643786,2438644901,15714,1115
4815.261608,2438703707,2438704823,15749,1116
4815.273633,2438712603,2438713718,16050,1115
4815.285654,2438721499,2438722613,15958,1114
4815.336753,2438759177,2438760292,15952,1115
4815.348774,2438768065,2438769185,15968,1120
4815.364808,2438781446,2438782559,15929,1113
4815.399873,2438805886,2438806997,15950,1111
4815.411895,2438814838,2438815951,15934,1113
4815.423913,2438823690,2438824799,15632,1109
4815.441947,2438837006,2438838122,15623,1116
4815.453979,2438845880,2438846996,15995,1116
4815.473011,2438861412,2438862523,15966,1111
4815.529116,2438901405,2438902514,16048,1109
4815.541135,2438910256,2438911365,15714,1109
4815.562182,2438925763,2438926882,16031,1119
4815.574204,2438934672,2438935787,16050,1115
4815.593246,2438950247,2438951357,15907,1110
4815.655359,2438994640,2438995751,15948,1111
4815.667376,2439003492,2439004601,15634,1109
4815.679405,2439012355,2439013460,15950,1105
4815.691426,2439021235,2439022346,15966,1111
4815.703447,2439030101,2439031212,15833,1111
4815.715473,2439038984,2439040103,16038,1119
4815.727494,2439047859,2439048974,16055,1115
4815.739513,2439056744,2439057856,15680,1112
4815.750038,2439064737,2439065855,15929,1118
4815.762056,2439073673,2439074794,15673,1121
4815.774091,2439082641,2439083756,16053,1115
4815.786105,2439091519,2439092629,16050,1110
4815.798132,2439100361,2439101473,15787,1112
4815.891308,2439169148,2439170259,16038,1111
4815.903331,2439178032,2439179143,16035,1111
4815.972462,2439229068,2439230179,15953,1111
4815.984484,2439237997,2439239105,15934,1108
4815.996509,2439246847,2439247954,15625,1107
4816.008531,2439255732,2439256847,15944,1115
4816.071651,2439302331,2439303450,15952,1119
4816.083671,2439311208,2439312319,15962,1111
4816.101708,2439324477,2439325587,15945,1110
4816.113724,2439333317,2439334434,15625,1117
4816.161822,2439368794,2439369914,16037,1120
4816.173843,2439377671,2439378782,16052,1111
4816.185863,2439386542,2439387659,15625,1117
4816.197894,2439395430,2439396540,15992,1110
4816.209911,2439404295,2439405413,15957,1118
4816.223440,2439411228,2439411909,13697,681
4816.236331,2439417403,2439418026,12058,623
4816.248496,2439424073,2439425182,15948,1109
4816.265519,2439435166,2439436277,15938,1111
4816.277540,2439444031,2439445145,16054,1114
4816.289558,2439452881,2439453994,15712,1113
4816.352679,2439499450,2439500562,15630,1112
4816.364707,2439508333,2439509452,15963,1119
4816.376729,2439517219,2439518330,15972,1111
4816.412797,2439543905,2439545021,16051,1116
4816.424816,2439552795,2439553907,15681,1112
4816.439849,2439563892,2439565003,16052,1111
4816.452881,2439574960,2439576068,16038,1108
4816.475917,2439590478,2439591591,15963,1113
4816.487936,2439599330,2439600442,15635,1112
4816.499969,2439608241,2439609351,15963,1110
4816.511986,2439617133,2439618248,15963,1115
4816.524005,2439625977,2439627084,15632,1107
4816.536034,2439634845,2439635961,15942,1116
4816.548059,2439643748,2439644864,15954,1116
4816.560074,2439652595,2439653707,15640,1112
4816.572102,2439661490,2439662601,15949,1111
4816.584123,2439670389,2439671511,15925,1122
4816.596145,2439679297,2439680415,15915,1118
4816.608171,2439688185,2439689305,16034,1120
4816.620192,2439697060,2439698176,16059,1116
4816.632213,2439705967,2439707082,15920,1115
4816.644242,2439714889,2439716012,16084,1123
4816.656260,2439723787,2439724901,16052,1114
4816.671291,2439734876,2439736000,16038,1124
4816.683312,2439743782,2439744896,16054,1114
4816.695333,2439752678,2439753792,15916,1114
4816.707359,2439761565,2439762680,16034,1115
4816.720331,2439770334,2439771236,15331,902
4816.732906,2439779002,2439780107,15965,1105
4816.748940,2439792324,2439793438,15927,1114
4816.760970,2439801186,2439802299,15591,1113
4816.780994,2439814521,2439815633,15716,1112
4816.793025,2439823410,2439824530,15991,1120
4816.820074,2439843433,2439844549,16034,1116
4816.832094,2439852324,2439853440,16051,1116
4816.844116,2439861197,2439862317,15917,1120
4816.856143,2439870086,2439871202,15945,1116
4816.868163,2439878967,2439880083,15881,1116
4816.880182,2439887817,2439888935,15632,1118
4816.892214,2439896710,2439897823,15995,1113
4816.904232,2439905583,2439906694,15958,1111
4816.916250,2439914446,2439915560,15627,1114
4816.937297,2439929970,2439931081,15944,1111
4816.949316,2439938893,2439940003,15880,1110
4816.979370,2439961072,2439962188,15631,1116
4816.991403,2439969979,2439971096,16031,1117
4817.003420,2439978897,2439980011,15958,1114
4817.015439,2439987741,2439988853,15548,1112
4817.027468,2439996621,2439997727,15947,1106
4817.039489,2440005489,2440006602,15853,1113
4817.051508,2440014374,2440015481,15684,1107
4817.063537,2440023244,2440024361,16036,1117
4817.075558,2440032133,2440033253,16056,1120
4817.088587,2440043201,2440044312,16078,1111
4817.100606,2440052077,2440053188,15961,1111
4817.144695,2440083196,2440084306,16046,1110
4817.156712,2440092112,2440093223,16050,1111
4817.180760,2440109840,2440110954,15948,1114
4817.192783,2440118716,2440119836,15952,1120
4817.204799,2440127573,2440128685,15628,1112
4817.216828,2440136461,2440137569,15945,1108
4817.228849,2440145344,2440146461,15967,1117
4817.252897,2440163089,2440164205,15946,1116
4817.264919,2440172430,2440173545,16021,1115
4817.288969,2440190292,2440191416,15986,1124
4817.300986,2440199201,2440200316,15955,1115
4817.313005,2440208081,2440209198,15631,1117
4817.334051,2440223605,2440224721,15945,1116
4817.346074,2440232520,2440233636,15932,1116
4817.370119,2440250249,2440251360,15965,1111
4817.382141,2440259120,2440260231,15964,1111
4817.400175,2440272436,2440273551,16048,1115
4817.412197,2440281304,2440282417,15667,1113
4817.424223,2440290203,2440291319,16047,1116
4817.436243,2440299070,2440300181,15942,1111
4817.448262,2440307938,2440309049,15678,1111
4817.460291,2440316798,2440317904,15941,1106
4817.472312,2440325682,2440326789,15965,1107
4817.484339,2440334523,2440335640,15718,1117
4817.505377,2440350061,2440351180,15941,1119
4817.517398,2440358964,2440360070,15962,1106
4817.577514,2440403284,2440404391,15945,1107
4817.589538,2440412155,2440413265,15957,1110
4817.607569,2440425467,2440426580,15957,1113
4817.619593,2440434370,2440435490,15822,1120
4817.631617,2440443260,2440444376,15939,1116
4817.643639,2440452181,2440453292,15934,1111
4817.655657,2440461029,2440462146,15630,1117
4817.667688,2440469919,2440471004,15803,1085
4817.685723,2440483224,2440484339,15951,1115
4817.697741,2440492094,2440493209,15965,1115
4817.715775,2440505412,2440506530,15958,1118
4817.727794,2440514279,2440515391,15635,1112
4817.739827,2440523199,2440524318,16044,1119
4817.757859,2440536532,2440537617,15880,1085
4817.769878,2440545377,2440546497,16057,1120
4817.799931,2440567551,2440568663,15712,1112
4817.811960,2440576410,2440577525,15947,1115
4817.823978,2440585328,2440586451,15879,1123
4817.836002,2440594243,2440595351,15806,1108
4817.848029,2440603113,2440604227,15949,1114
4817.860050,2440611979,2440613085,15965,1106
4817.872068,2440620810,2440621921,15712,1111
4817.884100,2440629698,2440630812,16048,1114
4817.896118,2440638570,2440639691,16055,1121
4817.908137,2440647457,2440648569,15677,1112
4817.920168,2440656320,2440657400,15802,1080
4817.932187,2440665170,2440666281,15852,1111
4817.968255,2440691807,2440692921,16051,1114
4817.980282,2440700635,2440701745,15801,1110
4817.992303,2440709505,2440710621,15942,1116
4818.004323,2440718394,2440719509,15963,1115
4818.025360,2440733889,2440735000,15630,1111
4818.037393,2440743010,2440744133,15961,1123
4818.064440,2440762973,2440764083,15944,1110
4818.076461,2440771835,2440772940,15971,1105
4818.088480,2440780696,2440781808,15597,1112
4818.100509,2440789555,2440790666,16035,1111
4818.112530,2440798440,2440799557,16053,1117
4818.124549,2440807315,2440808429,15523,1114
4818.193684,2440858418,2440859533,15959,1115
4818.205703,2440867272,2440868385,15628,1113
4818.217736,2440876180,2440877296,15959,1116
4818.229752,2440885083,2440886201,15852,1118
4818.247787,2440898444,2440899559,15966,1115
4818.259806,2440907286,2440908396,15628,1110
4818.332954,2440962710,2440963830,16010,1120
4818.349977,2440973829,2440974941,15630,1112
4818.362006,2440982708,2440983822,15947,1114
4818.437148,2441038119,2441039239,15904,1120
4818.468708,2441061630,2441062740,15964,1110
4818.480729,2441070563,2441071672,15844,1109
4818.543846,2441117096,2441118208,15634,1112
4818.555875,2441125989,2441127104,15946,1115
4818.567895,2441134882,2441136002,15966,1120
4818.579917,2441143772,2441144882,15832,1110
4818.591946,2441152650,2441153734,15806,1084
4818.603964,2441161494,2441162609,15970,1115
4818.621999,2441174809,2441175931,15968,1122
4818.634017,2441183665,2441184773,15631,1108
4818.646046,2441192536,2441193650,15944,1114
4818.658068,2441201459,2441202570,15938,1111
4818.700150,2441232553,2441233666,15946,1113
4818.712170,2441241431,2441242547,15967,1116
4818.724197,2441250314,2441251427,15713,1113
4818.769275,2441283570,2441284687,15632,1117
4818.781308,2441292902,2441294020,15990,1118
4818.811359,2441315157,2441316274,15963,1117
4818.823385,2441324015,2441325124,15800,1109
4818.835406,2441332889,2441334005,16036,1116
4818.847427,2441341748,2441342859,16053,1111
4818.859446,2441350615,2441351717,15632,1102
4818.871475,2441359485,2441360598,15945,1113
4818.883498,2441368410,2441369526,15937,1116
4818.895515,2441377305,2441378417,15598,1112
4818.913549,2441390604,2441391717,15709,1113
4818.925581,2441399475,2441400591,16081,1116
4818.937600,2441408397,2441409508,16025,1111
4818.980684,2441441656,2441442767,16020,1111
4818.997715,2441452756,2441453869,16031,1113
4819.009736,2441461630,2441462743,16053,1113
4819.039789,2441483764,2441484875,15718,1111
4819.051818,2441492639,2441493759,15948,1120
4819.063841,2441501583,2441502703,15966,1120
4819.075861,2441510455,2441511557,15832,1102
4819.087887,2441519331,2441520439,15948,1108
4819.099907,2441528208,2441529322,15963,1114
4819.111926,2441537059,2441538173,15636,1114
4819.123958,2441545932,2441547042,15994,1110
4819.135976,2441554818,2441555929,15963,1111
4819.147995,2441563657,2441564769,15630,1112
4819.160026,2441572533,2441573610,15888,1077
4819.172045,2441581381,2441582500,15944,1119
4819.184064,2441590281,2441591397,15687,1116
4819.196093,2441599180,2441600294,16031,1114
4819.241178,2441632439,2441633550,16034,1111
4819.253199,2441641331,2441642442,16061,1111
4819.265221,2441650237,2441651348,15908,1111
4819.277251,2441659146,2441660255,16033,1109
4819.304298,2441679104,2441680215,16031,1111
4819.316319,2441687989,2441689106,16052,1117
4819.367424,2441725751,2441726862,16008,1111
4819.379440,2441734665,2441735779,15932,1114
4819.391457,2441743513,2441744622,15717,1109
4819.403487,2441752394,2441753507,16038,1113
4819.415508,2441761272,2441762383,16053,1111
4819.427526,2441770114,2441771227,15679,1113
4819.463601,2441796757,2441797875,15859,1118
4819.475628,2441805692,2441806798,16035,1106
4819.487645,2441814574,2441815685,16055,1111
4819.499664,2441823436,2441824545,15632,1109
4819.511693,2441832309,2441833419,15864,1110
4819.523716,2441841213,2441842328,15951,1115
4819.535732,2441850062,2441851176,15638,1114
4819.547761,2441858937,2441860048,15855,1111
4819.559782,2441867807,2441868921,15965,1114
4819.571804,2441876690,2441877801,15831,1111
4819.583832,2441885566,2441886651,15802,1085
4819.604868,2441901061,2441902180,15961,1119
4819.616894,2441909914,2441911026,15799,1112
4819.667987,2441947609,2441948714,15854,1105
4819.680007,2441956507,2441957619,15611,1112
4819.692034,2441965395,2441966514,15932,1119
4819.704056,2441974300,2441975411,15882,1111
4819.716081,2441983139,2441984251,15715,1112
4819.728103,2441992037,2441993146,15930,1109
4819.740125,2442000903,2442002010,15971,1107
4819.752144,2442009744,2442010856,15641,1112
4819.818277,2442058583,2442059697,15979,1114
4819.833298,2442069667,2442070780,15648,1113
4819.845326,2442078556,2442079672,15927,1116
4819.863366,2442091944,2442093063,15975,1119
4819.875382,2442100906,2442102018,15839,1112
4819.887408,2442109842,2442110961,15824,1119
4819.899435,2442118798,2442119910,15906,1112
4819.911449,2442127731,2442128851,15926,1120
4819.923477,2442136679,2442137795,16007,1116
4819.935499,2442145584,2442146699,16021,1115
4819.947520,2442154463,2442155579,15973,1116
4819.959538,2442163349,2442164458,15613,1109
4819.971570,2442172272,2442173389,15945,1117
4819.983588,2442181165,2442182276,15965,1111
4819.995607,2442190044,2442191153,15615,1109
4820.007634,2442198919,2442200039,15928,1120
4820.019659,2442207803,2442208912,15951,1109
4820.031675,2442216656,2442217769,15566,1113
4820.043703,2442225537,2442226656,15762,1119
4820.055726,2442234450,2442235565,15848,1115
4820.067747,2442243331,2442244441,15851,1110
4820.079773,2442252229,2442253340,15948,1111
4820.091794,2442261095,2442262211,15883,1116
4820.103812,2442269952,2442271068,15644,1116
4820.115843,2442278824,2442279935,15983,1111
4820.127862,2442287705,2442288821,15965,1116
4820.139881,2442296563,2442297676,15649,1113
4820.151909,2442305431,2442306541,15932,1110
4820.163931,2442314317,2442315428,15867,1111
4820.187978,2442332079,2442333194,16024,1115
4820.199999,2442340970,2442342084,15964,1114
4820.212025,2442349817,2442350929,15630,1112
4820.224046,2442358709,2442359828,15934,1119
4820.236068,2442367589,2442368700,15969,1111
4820.248087,2442376427,2442377539,15565,1112
4820.260114,2442385305,2442386423,15934,1118
4820.272138,2442394224,2442395330,15848,1106
4820.284158,2442403116,2442404229,15843,1113
4820.296187,2442412450,2442413565,15943,1115
4820.308205,2442421366,2442422489,15966,1123
4820.320224,2442430438,2442431547,15639,1109
4820.332252,2442439304,2442440415,16027,1111
4820.344273,2442448196,2442449315,16056,1119
4820.356292,2442457057,2442458168,15689,1111
4820.368325,2442465971,2442467087,16039,1116
4820.380342,2442474853,2442475964,16050,1111
4820.473515,2442543587,2442544699,15604,1112
4820.485544,2442552462,2442553582,15851,1120
4820.497567,2442561375,2442562486,15937,1111
4820.509590,2442570212,2442571324,15712,1112
4820.575715,2442618996,2442620113,15933,1117
4820.587736,2442627886,2442628996,15966,1110
4820.599756,2442636725,2442637842,15643,1117
4820.611786,2442645610,2442646722,15984,1112
4820.623805,2442654507,2442655622,15962,1115
4820.635824,2442663358,2442664470,15639,1112
4820.647852,2442672245,2442673360,15935,1115
4820.683921,2442698854,2442699970,15933,1116
4820.695944,2442707748,2442708859,15961,1111
4820.707968,2442716592,2442717704,15795,1112
4820.719989,2442725460,2442726575,16025,1115
4820.732011,2442734362,2442735480,16055,1118
4820.744030,2442743227,2442744341,15722,1114
4820.756058,2442752116,2442753227,16025,1111
4820.768081,2442761022,2442762137,16021,1115
4820.780101,2442769897,2442771008,15924,1111
4820.792127,2442778759,2442779871,16029,1112
4820.804148,2442787662,2442788779,16053,1117
4820.816167,2442796516,2442797629,15725,1113
4820.828195,2442805412,2442806532,16026,1120
4820.840217,2442814286,2442815391,16053,1105
4820.858251,2442827594,2442828698,15948,1104
4820.870270,2442836457,2442837574,15688,1117
4820.897321,2442856433,2442857549,15722,1116
4820.909353,2442865512,2442866627,16072,1115
4821.000523,2442934288,2442935396,15964,1108
4821.104724,2443009697,2443010805,15798,1108
4821.116745,2443018770,2443019885,15952,1115
4821.137783,2443034319,2443035430,16049,1111
4821.149802,2443043161,2443044277,15711,1116
4821.161835,2443052068,2443053179,16053,1111
4821.191886,2443074237,2443075347,16052,1110
4821.203913,2443083089,2443084206,15799,1117
4821.221939,2443096374,2443097477,15705,1103
4821.233968,2443105230,2443106346,16033,1116
4821.258011,2443122981,2443124099,15829,1118
4821.270037,2443131858,2443132973,15949,1115
4821.282057,2443140746,2443141856,15961,1110
4821.312111,2443162846,2443163954,15631,1108
4821.325638,2443173012,2443174128,15591,1116
4821.385754,2443217373,2443218489,16048,1116
4821.397773,2443226230,2443227343,15712,1113
4821.424825,2443246226,2443247337,15715,1111
4821.436854,2443255116,2443256231,16040,1115
4821.481941,2443288413,2443289528,15968,1115
4821.493960,2443297297,2443298410,15963,1113
4821.518008,2443315057,2443316171,15948,1114
4821.629217,2443397201,2443398312,15959,1111
4821.641236,2443406052,2443407161,15631,1109
4821.695342,2443445943,2443447058,15909,1115
4821.707373,2443454877,2443455991,16037,1114
4821.719389,2443463751,2443464864,16052,1113
4821.731408,2443472612,2443473725,15628,1113
4821.743439,2443481507,2443482620,15903,1113
4821.755460,2443490381,2443491487,15949,1106
4821.767476,2443499223,2443500339,15548,1116
4821.779505,2443508097,2443509208,15945,1111
4821.791526,2443516966,2443518078,15878,1112
4821.803550,2443526291,2443527414,15844,1123
4821.815577,2443535205,2443536321,16085,1116
4821.827595,2443544079,2443545190,16052,1111
4821.839614,2443552959,2443554063,15678,1104
4821.851646,2443561823,2443562943,16083,1120
4821.863664,2443570705,2443571820,16058,1115
4821.875682,2443579593,2443580702,15675,1109
4821.887713,2443588475,2443589559,15886,1084
4821.899732,2443597284,2443598400,15944,1116
4821.911754,2443606178,2443607294,15694,1116
4821.923782,2443615047,2443616122,15892,1075
4821.935803,2443623901,2443625012,15968,1111
4821.947827,2443632769,2443633880,15676,1111
4821.959849,2443641645,2443642757,15947,1112
4821.971869,2443650520,2443651631,15962,1111
4821.983888,2443659365,2443660476,15630,1111
4821.995917,2443668226,2443669346,16038,1120
4822.007939,2443677159,2443678264,16022,1105
4822.019956,2443686004,2443687111,15710,1107
4822.031986,2443694870,2443695982,16039,1112
4822.053026,2443710371,2443711476,16031,1105
4822.065042,2443719227,2443720329,15707,1102
4822.080075,2443730326,2443731441,16050,1115
4822.092097,2443739193,2443740275,15943,1082
4822.104127,2443748064,2443749177,15963,1113
4822.116143,2443756940,2443758059,15875,1119
4822.128162,2443765780,2443766889,15625,1109
4822.140196,2443774696,2443775807,15964,1111
4822.152215,2443783588,2443784706,16016,1118
4822.180328,2443805774,2443806883,15711,1109
4822.192327,2443814642,2443815758,16036,1116
4822.215332,2443830200,2443831315,15963,1115
4822.227351,2443839050,2443840162,15631,1112
4822.239380,2443847916,2443849031,15956,1115
4822.251403,2443856807,2443857918,15955,1111
4822.269435,2443870109,2443871220,15963,1111
4822.281454,2443878946,2443880063,15631,1117
4822.311518,2443901180,2443902294,16037,1114
4822.323538,2443910044,2443911149,16056,1105
4822.335557,2443918905,2443920017,15679,1112
4822.347589,2443927800,2443928904,16088,1104
4822.359607,2443936659,2443937775,16051,1116
4822.389659,2443958831,2443959943,15709,1112
4822.401693,2443967757,2443968868,16052,1111
4822.413709,2443976645,2443977764,15962,1119
4822.431743,2443989935,2443991055,15962,1120
4822.491862,2444034281,2444035395,15965,1114
4822.503882,2444043201,2444044315,15931,1114
4822.515902,2444052076,2444053157,15848,1081
4822.527929,2444060908,2444062019,15946,1111
4822.539949,2444069787,2444070901,15957,1114
4822.551968,2444078663,2444079775,15629,1112
4822.563997,2444087520,2444088633,15952,1113
4822.576018,2444096399,2444097510,15877,1111
4822.588037,2444105248,2444106362,15630,1114
4822.600072,2444114165,2444115249,15811,1084
4822.612087,2444122976,2444124087,15962,1111
4822.633123,2444138504,2444139614,15626,1110
4822.645155,2444147358,2444148473,15995,1115
4822.708272,2444193960,2444195076,15945,1116
4822.720292,2444202835,2444203955,15961,1120
4822.732311,2444211677,2444212788,15626,1111
4822.744344,2444220539,2444221654,15994,1115
4822.771392,2444240512,2444241628,15945,1116
4822.783413,2444249379,2444250500,15963,1121
4822.795434,2444258268,2444259383,15824,1115
4822.807460,2444267131,2444268243,15950,1112
4822.819483,2444276000,2444277115,15963,1115
4822.831500,2444284864,2444285977,15595,1113
4822.843532,2444293749,2444294868,15991,1119
4822.861563,2444307054,2444308170,15936,1116
4822.873584,2444315929,2444317046,15961,1117
4822.909653,2444342597,2444343712,15964,1115
4822.921673,2444351445,2444352553,15621,1108
4822.951735,2444373622,2444374728,15945,1106
4822.963757,2444382552,2444383663,15931,1111
4822.975774,2444391395,2444392512,15630,1117
4822.993811,2444404726,2444405837,15822,1111
4823.005838,2444413602,2444414706,15948,1104
4823.020859,2444424672,2444425789,15623,1117
4823.032889,2444433551,2444434662,15949,1111
4823.121059,2444500009,2444501120,16040,1111
4823.156120,2444524396,2444525505,15909,1109
4823.168146,2444533277,2444534392,15945,1115
4823.180167,2444542146,2444543255,15964,1109
4823.192189,2444551018,2444552138,15821,1120
4823.204215,2444559909,2444561024,15945,1115
4823.216235,2444568797,2444569910,15965,1113
4823.231267,2444579884,2444580999,15944,1115
4823.255305,2444597616,2444598723,15625,1107
4823.267335,2444606490,2444607601,15947,1111
4823.279356,2444615358,2444616472,15963,1114
4823.291377,2444624219,2444625329,15828,1110
4823.303403,2444633099,2444634217,15944,1118
4823.313424,2444641149,2444642276,15814,1127
4823.325947,2444650086,2444651201,15940,1115
4823.337967,2444658970,2444660081,15853,1111
4823.362015,2444676726,2444677836,15948,1110
4823.374037,2444685634,2444686747,15934,1113
4823.386062,2444694489,2444695605,15711,1116
4823.401087,2444705606,2444706716,15965,1110
4823.413106,2444714445,2444715552,15632,1107
4823.428138,2444725530,2444726641,15963,1111
4823.449174,2444741037,2444742145,15587,1108
4823.461204,2444749904,2444751023,15943,1119
4823.497273,2444776497,2444777616,15947,1119
4823.509293,2444785390,2444786495,15960,1105
4823.521311,2444794237,2444795346,15625,1109
4823.551376,2444816427,2444817538,15949,1111
4823.563396,2444825303,2444826423,15968,1120
4823.575417,2444834173,2444835286,15624,1113
4823.653567,2444891831,2444892954,15959,1123
4823.665586,2444900690,2444901807,15628,1117
4823.695650,2444922843,2444923949,15945,1106
4823.707670,2444931735,2444932851,15965,1116
4823.719688,2444940587,2444941696,15623,1109
4823.731718,2444949445,2444950563,15946,1118
4823.743740,2444958365,2444959472,15936,1107
4823.755758,2444967198,2444968310,15546,1112
4823.767787,2444976050,2444977160,15948,1110
4823.779809,2444984940,2444986051,15964,1111
4823.791826,2444993781,2444994898,15545,1117
4823.803855,2445002657,2445003768,15946,1111
4823.815872,2445011529,2445012647,15889,1118
4823.827894,2445020381,2445021488,15623,1107
4823.839929,2445029291,2445030400,15969,1109
4823.851944,2445038163,2445039277,15964,1114
4823.863963,2445047002,2445048110,15630,1108
4823.875993,2445055873,2445056986,15946,1113
4823.888016,2445064767,2445065873,15951,1106
4823.900035,2445073610,2445074688,15855,1078
4823.912061,2445082432,2445083551,15946,1119
4823.978185,2445131241,2445132351,15962,1110
4823.991712,2445141326,2445142446,16022,1120
4824.003728,2445150185,2445151307,15624,1122
4824.015758,2445159062,2445160177,15944,1115
4824.027779,2445167947,2445169063,15961,1116
4824.039797,2445176802,2445177911,15624,1109
4824.051827,2445185658,2445186772,15943,1114
4824.063847,2445194548,2445195664,15963,1116
4824.075866,2445203382,2445204491,15542,1109
4824.093903,2445216715,2445217827,15818,1112
4824.105930,2445225579,2445226688,15945,1109
4824.160032,2445265403,2445266514,16028,1111
4824.184075,2445283134,2445284245,15911,1111
4824.197597,2445293299,2445294411,15629,1112
4824.209627,2445302179,2445303294,16034,1115
4824.221647,2445311060,2445312169,16054,1109
4824.239683,2445324349,2445325458,16020,1109
4824.251701,2445333196,2445334299,15712,1103
4824.263730,2445342074,2445343184,16037,1110
4824.275750,2445350955,2445352060,16051,1105
4824.287769,2445359783,2445360900,15707,1117
4824.299801,2445368666,2445369746,15883,1080
4824.311819,2445377481,2445378595,16051,1114
4824.329853,2445390778,2445391900,15851,1122
4824.341872,2445399653,2445400762,15586,1109
4824.359909,2445412984,2445414101,15820,1117
4824.371938,2445421856,2445422945,15800,1089
4824.383959,2445430670,2445431786,15956,1116
4824.395977,2445439528,2445440639,15708,1111
4824.408005,2445448394,2445449504,16033,1110
4824.420025,2445457271,2445458383,16052,1112
4824.432047,2445466144,2445467259,15742,1115
4824.450081,2445479431,2445480508,15852,1077
4824.462107,2445488272,2445489383,15949,1111
4824.513198,2445525941,2445527057,15626,1116
4824.525227,2445534832,2445535945,15941,1113
4824.591351,2445583608,2445584723,16056,1115
4824.603369,2445592648,2445593765,15710,1117
4824.615399,2445601521,2445602633,16035,1112
4824.720592,2445679130,2445680233,15623,1103
4824.732627,2445688023,2445689107,15809,1084
4824.744642,2445696828,2445697939,15961,1111
4824.756661,2445705645,2445706752,15628,1107
4824.768692,2445714513,2445715593,15759,1080
4824.780714,2445723330,2445724450,15953,1120
4824.795742,2445734332,2445735443,15949,1111
4824.813776,2445747669,2445748779,16028,1110
4824.825799,2445757168,2445758286,15845,1118
4824.840828,2445768303,2445769419,15943,1116
4824.852848,2445777201,2445778321,15962,1120
4824.873891,2445792688,2445793805,15795,1117
4824.885913,2445801557,2445802677,16033,1120
4824.903948,2445814862,2445815978,15995,1116
4824.915970,2445823757,2445824872,16032,1115
4824.927990,2445832663,2445833774,15928,1111
4824.940016,2445841516,2445842631,16037,1115
4824.952037,2445850381,2445851497,16052,1116
4824.970071,2445863699,2445864814,15960,1115
4824.982089,2445872527,2445873612,15811,1085
4825.000127,2445885916,2445887032,15830,1116
4825.012156,2445894875,2445895991,15906,1116
4825.024179,2445903802,2445904918,15999,1116
4825.036195,2445912736,2445913857,15928,1121
4825.048223,2445921676,2445922796,15997,1120
4825.060248,2445930623,2445931739,16070,1116
4825.072267,2445939525,2445940635,15763,1110
4825.084291,2445948404,2445949489,15869,1085
4825.096311,2445957205,2445958316,16046,1111
4825.159431,2446003793,2446004904,16051,1111
4825.204517,2446037038,2446038156,16052,1118
4825.216538,2446045949,2446047064,15833,1115
4825.228568,2446054852,2446055971,15941,1119
4825.267630,2446083650,2446084765,15757,1115
4825.279652,2446092512,2446093614,15557,1102
4825.291685,2446101384,2446102501,15850,1117
4825.303708,2446110243,2446111354,15954,1111
4825.315724,2446119087,2446120195,15631,1108
4825.339775,2446130791,2446131412,11979,621
4825.353302,2446136033,2446136863,13238,830
4825.365327,2446144654,2446145764,15998,1110
4825.377352,2446153557,2446154671,16082,1114
4825.404403,2446173617,2446174727,16072,1110
4825.416419,2446182522,2446183638,15826,1116
4825.428446,2446191454,2446192567,15994,1113
4825.467522,2446220398,2446221521,15943,1123
4825.479539,2446229325,2446230441,15843,1116
4825.491566,2446238230,2446239341,15906,1111
4825.504596,2446249366,2446250482,15841,1116
4825.527635,2446264960,2446266071,15902,1111
4825.539659,2446273866,2446274982,15979,1116
4825.551676,2446282789,2446283900,15850,1111
4825.569709,2446296158,2446297271,15827,1113
4825.581737,2446305086,2446306200,15905,1114
4825.608789,2446325123,2446326238,15903,1115
4825.620814,2446334045,2446335159,15988,1114
4825.641847,2446349658,2446350774,15826,1116
4825.653876,2446358586,2446359700,15910,1114
4825.665901,2446367480,2446368600,15986,1120
4825.677916,2446376385,2446377499,15821,1114
4825.707979,2446398665,2446399776,15905,1111
4825.720004,2446407572,2446408683,16005,1111
4825.732021,2446416491,2446417615,15858,1124
4825.744048,2446425433,2446426543,15908,1110
4825.756071,2446434311,2446435428,15976,1117
4825.768084,2446443221,2446444330,15594,1109
4825.813170,2446476452,2446477560,15597,1108
4825.825204,2446485327,2446486443,15936,1116
4825.840225,2446495017,2446496130,15923,1113
4825.852255,2446503895,2446505011,16028,1116
4825.864277,2446512754,2446513870,16063,1116
4825.876293,2446521653,2446522768,15929,1115
4825.888324,2446530525,2446531639,15939,1114
4825.900345,2446539399,2446540519,15970,1120
4825.912359,2446548257,2446549365,15684,1108
4825.924393,2446557131,2446558247,16021,1116
4825.936413,2446566023,2446567138,16057,1115
4825.948428,2446574900,2446576014,15600,1114
4825.963465,2446586014,2446587129,15972,1115
4825.975476,2446594906,2446596017,15526,1111
4825.987510,2446603769,2446604846,15743,1077
4825.999534,2446612606,2446613719,15976,1113
4826.011548,2446621456,2446622564,15596,1108
4826.035602,2446639235,2446640353,16024,1118
4826.049129,2446649286,2446650406,15987,1120
4826.070159,2446664780,2446665892,15674,1112
4826.082193,2446673654,2446674769,16024,1115
4826.094213,2446682534,2446683648,15969,1114
4826.106228,2446691378,2446692492,15608,1114
4826.118261,2446700259,2446701370,15941,1111
4826.139299,2446715804,2446716920,15970,1116
4826.151314,2446724672,2446725781,15599,1109
4826.169348,2446737982,2446739086,15683,1104
4826.181381,2446746852,2446747969,15940,1117
4826.205417,2446764576,2446765693,15599,1117
4826.217451,2446773501,2446774586,15763,1085
4826.232468,2446784557,2446785670,15608,1113
4826.245995,2446794386,2446795504,15631,1118
4826.258027,2446803284,2446804395,15936,1111
4826.270048,2446812175,2446813291,15969,1116
4826.282062,2446821030,2446822142,15595,1112
4826.306117,2446838808,2446839923,15970,1115
4826.318131,2446847659,2446848768,15604,1109
4826.330164,2446856537,2446857656,15933,1119
4826.345183,2446868051,2446869167,15602,1116
4826.372234,2446888030,2446889145,15684,1115
4826.384267,2446896927,2446898042,16030,1115
4826.396288,2446905797,2446906908,16061,1111
4826.408302,2446914650,2446915762,15682,1112
4826.420336,2446923528,2446924645,16033,1117
4826.435356,2446934641,2446935756,15931,1115
4826.448881,2446944480,2446945598,15717,1118
4826.475931,2446964446,2446965558,15611,1112
4826.487964,2446973331,2446974445,15917,1114
4826.499985,2446982231,2446983345,15971,1114
4826.511999,2446991067,2446992184,15598,1117
4826.524033,2446999952,2447001063,15897,1111
4826.536054,2447008829,2447009940,15882,1111
4826.548068,2447017677,2447018785,15602,1108
4826.560103,2447026560,2447027676,15935,1116
4826.572123,2447035456,2447036570,15971,1114
4826.620205,2447070932,2447072047,15684,1115
4826.632239,2447079806,2447080926,16028,1120
4826.644259,2447088688,2447089802,16057,1114
4826.656274,2447097571,2447098678,15616,1107
4826.668306,2447106445,2447107556,15943,1111
4826.680327,2447115337,2447116451,15957,1114
4826.692342,2447124192,2447125303,15699,1111
4826.720407,2447146371,2447147486,16022,1115
4826.761481,2447175203,2447176313,16060,1110
4826.773497,2447184036,2447185145,15697,1109
4826.800548,2447204006,2447205113,15696,1107
4826.812580,2447212872,2447213987,15943,1115
4826.824601,2447221763,2447222874,15956,1111
4826.836616,2447230639,2447231745,15620,1106
4826.851652,2447241736,2447242847,15956,1111
4826.864682,2447252872,2447253985,15943,1113
4826.911769,2447286156,2447287269,15940,1113
4826.947835,2447312750,2447313839,15746,1089
4826.959858,2447321596,2447322711,15978,1115
4826.971874,2447330436,2447331550,15617,1114
4826.983906,2447339319,2447340430,15942,1111
4826.995927,2447348184,2447349295,15957,1111
4827.007942,2447357077,2447358189,15616,1112
4827.019975,2447365959,2447367073,15939,1114
4827.031995,2447374839,2447375950,15958,1111
4827.044011,2447383688,2447384800,15621,1112
4827.056043,2447392569,2447393685,15940,1116
4827.068064,2447401497,2447402617,15956,1120
4827.080080,2447410353,2447411465,15620,1112
4827.092113,2447419258,2447420372,15906,1114
4827.104135,2447428134,2447429244,15974,1110
4827.116148,2447437016,2447438128,15685,1112
4827.128179,2447445887,2447446971,15832,1084
4827.140203,2447454723,2447455834,16055,1111
4827.152217,2447463587,2447464690,15686,1103
4827.164251,2447472456,2447473566,16027,1110
4827.176271,2447481327,2447482438,16058,1111
4827.188286,2447490169,2447491286,15688,1117
4827.200319,2447499083,2447500199,16027,1116
4827.224354,2447516835,2447517943,15684,1108
4827.236388,2447525711,2447526828,15855,1117
4827.257425,2447541260,2447542379,15981,1119
4827.269440,2447550225,2447551331,15603,1106
4827.281473,2447559105,2447560211,15938,1106
4827.293495,2447567971,2447569085,15975,1114
4827.305509,2447576868,2447577980,15600,1112
4827.335576,2447599056,2447600165,15942,1109
4827.347597,2447607926,2447609039,16059,1113
4827.395680,2447643358,2447644466,15686,1108
4827.407713,2447652232,2447653347,16032,1115
4827.419734,2447661118,2447662232,16065,1114
4827.431749,2447669963,2447671079,15684,1116
4827.443782,2447678858,2447679974,16009,1116
4827.455803,2447687749,2447688859,15985,1110
4827.467821,2447696632,2447697748,15755,1116
4827.479850,2447705512,2447706627,15939,1115
4827.491871,2447714412,2447715522,15969,1110
4827.503886,2447723282,2447724395,15604,1113
4827.515919,2447732213,2447733333,15914,1120
4827.527940,2447741094,2447742208,15971,1114
4827.539954,2447749934,2447751047,15602,1113
4827.551988,2447758815,2447759930,15942,1115
4827.564009,2447767698,2447768812,15970,1114
4827.576023,2447776534,2447777642,15686,1108
4827.588053,2447785398,2447786478,15815,1080
4827.600077,2447794232,2447795342,16061,1110
4827.612091,2447803082,2447804194,15685,1112
4827.624125,2447811957,2447813068,16026,1111
4827.636146,2447820829,2447821943,16068,1114
4827.657174,2447836368,2447837480,15647,1112
4827.669211,2447845245,2447846362,16028,1117
4827.690249,2447860838,2447861955,16054,1117
4827.702263,2447869673,2447870784,15686,1111
4827.720297,2447882970,2447884080,15684,1110
4827.732331,2447891852,2447892968,16030,1116
4827.783417,2447929578,2447930690,15604,1112
4827.795451,2447938467,2447939574,16028,1107
4827.807471,2447947332,2447948451,16059,1119
4827.819486,2447956182,2447957292,15684,1110
4827.831516,2447965061,2447966142,15830,1081
4827.843540,2447973901,2447975017,15972,1116
4827.855559,2447983208,2447984322,15847,1114
4827.876605,2447998762,2447999875,15935,1113
4827.888625,2448007640,2448008754,16044,1114
4827.900641,2448016490,2448017599,15663,1109
4827.912672,2448025356,2448026467,15941,1111
4827.928706,2448038630,2448039741,15944,1111
4827.945726,2448049703,2448050816,15614,1113
4827.957758,2448058570,2448059686,15937,1116
4828.017863,2448102928,2448104035,15616,1107
4828.029896,2448111795,2448112906,15942,1111
4828.071963,2448142806,2448143920,15650,1114
4828.084000,2448151681,2448152792,16033,1111
4828.096023,2448160653,2448161769,16059,1116
4828.108035,2448169514,2448170627,15688,1113
4828.120068,2448178409,2448179519,16032,1110
4828.132089,2448187286,2448188397,16059,1111
4828.144103,2448196120,2448197232,15684,1112
4828.156137,2448204993,2448206103,15942,1110
4828.237291,2448264872,2448265992,15938,1120
4828.249312,2448273773,2448274893,16060,1120
4828.261326,2448282636,2448283752,15684,1116
4828.273360,2448291508,2448292619,16025,1111
4828.291394,2448304802,2448305915,16027,1113
4828.303414,2448313742,2448314856,15967,1114
4828.315429,2448322595,2448323709,15682,1114
4828.327462,2448331465,2448332576,16028,1111
4828.339483,2448340336,2448341459,16028,1123
4828.351498,2448349204,2448350310,15687,1106
4828.363531,2448358081,2448359197,15942,1116
4828.375552,2448366968,2448368074,15970,1106
4828.387566,2448375805,2448376918,15686,1113
4828.399597,2448384687,2448385771,15829,1084
4828.411622,2448393564,2448394679,16075,1115
4828.423635,2448402401,2448403508,15681,1107
4828.435666,2448411290,2448412371,15810,1081
4828.447691,2448420134,2448421245,16091,1111
4828.460719,2448431218,2448432328,16023,1110
4828.495772,2448455573,2448456685,15601,1112
4828.507804,2448464465,2448465576,15941,1111
4828.519825,2448473340,2448474455,15958,1115
4828.531840,2448482194,2448483306,15617,1112
4828.543872,2448491065,2448492178,15940,1113
4828.555894,2448499932,2448501047,15957,1115
4828.567909,2448508783,2448509883,15616,1100
4828.579942,2448517652,2448518768,15941,1116
4828.597975,2448530948,2448532060,16021,1112
4828.609996,2448539839,2448540950,16042,1111
4828.665110,2448581942,2448583056,15683,1114
4828.694150,2448601888,2448603001,15603,1113
4828.706184,2448610819,2448611935,15904,1116
4828.769303,2448657426,2448658541,15987,1115
4828.781324,2448666302,2448667417,15969,1115
4828.793338,2448675153,2448676274,15605,1121
4828.805371,2448684044,2448685155,15932,1111
4828.877509,2448737222,2448738340,16023,1118
4828.889530,2448746119,2448747229,16059,1110
4828.904560,2448757179,2448758290,15936,1111
4828.916581,2448766104,2448767220,16059,1116
4828.932608,2448779428,2448780543,15959,1115
4828.955646,2448794966,2448796078,15600,1112
4828.967680,2448803859,2448804978,15912,1119
4828.979701,2448812750,2448813868,15970,1118
4828.991715,2448821646,2448822767,15685,1121
4829.003748,2448830530,2448831646,15938,1116
4829.015770,2448839403,2448840517,15972,1114
4829.027784,2448848255,2448849371,15604,1116
4829.045818,2448861550,2448862658,15599,1108
4829.057852,2448870408,2448871519,15943,1111
4829.084904,2448890351,2448891458,15940,1107
4829.096924,2448899214,2448900329,15974,1115
4829.111954,2448910302,2448911418,15936,1116
4829.123975,2448919235,2448920343,15969,1108
4829.135992,2448928129,2448929244,15740,1115
4829.148023,2448937004,2448938119,15937,1115
4829.160044,2448945895,2448947007,15976,1112
4829.172058,2448954717,2448955825,15522,1108
4829.184089,2448963605,2448964685,15745,1080
4829.196113,2448972453,2448973560,15977,1107
4829.217144,2448987969,2448989072,15597,1103
4829.229178,2448996838,2448997949,15944,1111
4829.262230,2449021177,2449022284,15604,1107
4829.274261,2449030052,2449031141,15744,1089
4829.301315,2449049968,2449051083,15938,1115
4829.313335,2449058868,2449059984,15969,1116
4829.355418,2449089963,2449091074,15936,1111
4829.368944,2449100214,2449101332,15914,1118
4829.380966,2449109148,2449110266,15958,1118
4829.392978,2449117999,2449119113,15603,1114
4829.404329,2449127108,2449128227,15898,1119
4829.417033,2449135963,2449137079,15894,1116
4829.450091,2449160237,2449161340,15722,1103
4829.462119,2449169055,2449170171,16067,1116
4829.480153,2449182280,2449183391,16064,1111
4829.492160,2449191094,2449192206,15767,1112
4829.504186,2449199921,2449201029,15640,1108
4829.516221,2449208759,2449209865,16058,1106
4829.528230,2449217588,2449218700,15677,1112
4829.540257,2449226455,2449227569,15813,1114
4829.552290,2449235295,2449236411,15979,1116
4829.564297,2449244098,2449245206,15679,1108
4829.576331,2449252911,2449254023,15641,1112
4829.591348,2449263935,2449265047,15676,1112
4829.615410,2449281603,2449282714,15979,1111
4829.627417,2449290429,2449291537,15683,1108
4829.639446,2449299311,2449300422,15809,1111
4829.651479,2449308131,2449309249,15974,1118
4829.663490,2449316957,2449318065,15714,1108
4829.675519,2449325794,2449326872,15861,1078
4829.687547,2449334599,2449335716,15957,1117
4829.699554,2449343405,2449344513,15683,1108
4829.711588,2449352211,2449353328,15639,1117
4829.723616,2449361056,2449362167,15977,1111
4829.737142,2449371004,2449372115,16042,1111
4829.749149,2449379797,2449380906,15685,1109
4829.761182,2449388609,2449389717,15642,1108
4829.773210,2449397452,2449398563,15978,1111
4829.800262,2449417339,2449418440,15981,1101
4829.812268,2449426180,2449427292,15681,1112
4829.827313,2449437202,2449438313,15975,1111
4829.860371,2449461425,2449462533,15640,1108
4829.872399,2449470254,2449471369,15973,1115
4829.884413,2449479052,2449480159,15643,1107
4829.896440,2449487893,2449489005,15639,1112
4829.908467,2449496720,2449497835,15978,1115
4829.929491,2449512143,2449513256,15682,1113
4829.941521,2449521034,2449522143,15678,1109
4829.953554,2449529881,2449530996,15973,1115
4829.992613,2449558541,2449559652,15680,1111
4830.004645,2449567353,2449568470,15635,1117
4830.032692,2449589390,2449590503,15955,1113
4830.076783,2449620268,2449621371,15720,1103
4830.088812,2449629113,2449630226,16081,1113
4830.121869,2449653332,2449654435,15723,1103
4830.133896,2449662163,2449663275,16045,1112
4830.148920,2449673302,2449674414,15633,1112
4830.160949,2449682250,2449683373,15907,1123
4830.172970,2449691174,2449692294,16060,1120
4830.237097,2449740066,2449741183,15719,1117
4830.257121,2449753373,2449754485,15598,1112
4830.269152,2449762268,2449763362,15798,1094
4830.341291,2449815429,2449816543,16066,1114
4830.352805,2449825446,2449826566,16063,1120
4830.408919,2449865200,2449866311,15975,1111
4830.420926,2449874011,2449875123,15674,1112
4830.432955,2449882848,2449883959,15809,1111
4830.447977,2449893877,2449894988,15679,1111
4830.460011,2449902675,2449903787,15639,1112
4830.472039,2449911514,2449912625,15933,1111
4830.484046,2449920323,2449921433,15687,1110
4830.496080,2449929114,2449930195,15832,1081
4830.508109,2449937931,2449939016,15739,1085
4830.526144,2449951138,2449952222,15649,1084
4830.538150,2449959959,2449961067,15679,1108
4830.550182,2449968756,2449969865,15632,1109
4830.562214,2449977649,2449978764,15926,1115
4830.586252,2449995315,2449996423,15634,1108
4830.598279,2450004146,2450005262,15980,1116
4830.613302,2450015139,2450016220,15825,1081
4830.667406,2450054803,2450055918,15634,1115
4830.679433,2450063647,2450064758,15952,1111
4830.691440,2450072454,2450073563,15679,1109
4830.703474,2450081237,2450082349,15637,1112
4830.715504,2450090066,2450091149,15826,1083
4830.736528,2450105491,2450106607,15675,1116
4830.748560,2450114304,2450115385,15836,1081
4830.760588,2450123101,2450124216,15983,1115
4830.772596,2450131956,2450133063,15677,1107
4830.872806,2450206989,2450208101,15707,1112
4830.888324,2450217339,2450218450,15628,1111
4830.901852,2450227497,2450228615,15721,1118
4830.913880,2450236337,2450237448,16068,1111
4830.967982,2450276078,2450277191,16058,1113
4830.979990,2450284939,2450286046,15761,1107
4830.992021,2450293775,2450294891,15728,1116
4831.004049,2450302625,2450303736,16048,1111
4831.016057,2450311432,2450312540,15735,1108
4831.028086,2450320263,2450321383,15910,1120
4831.040118,2450329113,2450330228,16049,1115
4831.058152,2450342332,2450343446,16047,1114
4831.070160,2450351127,2450352235,15758,1108
4831.082195,2450359940,2450361052,15736,1112
4831.094221,2450368780,2450369886,16053,1106
4831.160332,2450417301,2450418409,15760,1108
4831.172371,2450426122,2450427234,15787,1112
4831.184390,2450434984,2450436095,15924,1111
4831.200413,2450448199,2450449319,15957,1120
4831.259522,2450490157,2450491269,15677,1112
4831.304606,2450523211,2450524315,15676,1104
4831.316640,2450532006,2450533114,15643,1108
4831.367726,2450569505,2450570619,15679,1114
4831.379761,2450578301,2450579409,15640,1108
4831.391786,2450587174,2450588285,15948,1111
4831.403795,2450595968,2450597076,15681,1108
4831.415829,2450604825,2450605931,15641,1106
4831.427859,2450613702,2450614815,15992,1113
4831.439864,2450622521,2450623638,15681,1117
4831.463926,2450640167,2450641278,15980,1111
4831.475934,2450648997,2450650110,15681,1113
4831.487966,2450657818,2450658935,15651,1117
4831.499993,2450666646,2450667758,15964,1112
4831.512001,2450675444,2450676556,15680,1112
4831.524029,2450684291,2450685404,15806,1113
4831.536062,2450693120,2450694231,15962,1111
4831.548069,2450701928,2450703036,15682,1108
4831.560103,2450710749,2450711865,15651,1116
4831.572129,2450719601,2450720712,15851,1111
4831.584138,2450728399,2450729512,15683,1113
4831.602172,2450741640,2450742752,15680,1112
4831.614206,2450750458,2450751563,15647,1105
4831.632240,2450763721,2450764836,15656,1115
4831.644267,2450772549,2450773660,15966,1111
4831.656275,2450781368,2450782480,15680,1112
4831.668314,2450790161,2450791278,15706,1117
4831.680336,2450798997,2450800108,15965,1111
4831.743456,2450845389,2450846503,15970,1114
4831.755464,2450854192,2450855300,15681,1108
4831.767506,2450862982,2450864064,15913,1082
4831.785531,2450876172,2450877280,15643,1108
4831.797556,2450885048,2450886162,15933,1114
4831.815593,2450898259,2450899377,15874,1118
4831.827603,2450907138,2450908249,15683,1111
4831.839634,2450915939,2450917047,15651,1108
4831.851661,2450924789,2450925900,15874,1111
4831.863670,2450933598,2450934706,15763,1108
4831.881704,2450946808,2450947915,15760,1107
4831.893737,2450955619,2450956727,15732,1108
4831.908755,2450966659,2450967771,15761,1112
4831.920784,2450975503,2450976614,15911,1111
4831.944824,2450993096,2450994213,15762,1117
4831.956857,2451001888,2451002996,15735,1108
4831.992926,2451028330,2451029433,15717,1103
4832.004952,2451037211,2451038325,15960,1114
4832.041023,2451063688,2451064802,15974,1114
4832.053034,2451072514,2451073628,15760,1114
4832.104143,2451109976,2451111092,16063,1116
4832.116157,2451118780,2451119894,15697,1114
4832.128186,2451127634,2451128707,15935,1073
4832.152218,2451145238,2451146347,15754,1109
4832.164259,2451154046,2451155153,15792,1107
4832.176280,2451162891,2451164010,15978,1119
4832.188287,2451171703,2451172814,15685,1111
4832.200321,2451180487,2451181605,15638,1118
4832.212346,2451189381,2451190500,16030,1119
4832.239401,2451209306,2451210416,16049,1110
4832.251407,2451218131,2451219239,15742,1108
4832.263444,2451226964,2451228075,15970,1111
4832.275468,2451235810,2451236925,16053,1115
4832.293502,2451249031,2451250151,16049,1120
4832.305510,2451257887,2451259004,15767,1117
4832.360634,2451299779,2451300886,15789,1107
4832.395681,2451324039,2451325150,15762,1111
4832.406222,2451331957,2451333073,16184,1116
4832.419745,2451342388,2451343495,16028,1107
4832.431750,2451351186,2451352292,15679,1106
4832.443784,2451359982,2451361094,15634,1112
4832.455812,2451368820,2451369931,15981,1111
4832.467818,2451377624,2451378730,15677,1106
4832.479851,2451386468,2451387577,15818,1109
4832.491877,2451395343,2451396454,15942,1111
4832.503887,2451404145,2451405253,15682,1108
4832.515916,2451412980,2451414063,15642,1083
4832.527949,2451421794,2451422908,15893,1114
4832.539956,2451430607,2451431720,15683,1113
4832.551990,2451439402,2451440520,15637,1118
4832.564017,2451448256,2451449367,15958,1111
4832.576026,2451457114,2451458223,15682,1109
4832.588059,2451465926,2451467038,15637,1112
4832.612100,2451483618,2451484726,15635,1108
4832.624127,2451492472,2451493585,15718,1113
4832.636155,2451501301,2451502420,16061,1119
4832.648167,2451510131,2451511240,15799,1109
4832.660202,2451518944,2451520056,15751,1112
4832.672225,2451527805,2451528913,16044,1108
4832.684230,2451536607,2451537724,15758,1117
4832.696263,2451545445,2451546554,15922,1109
4832.708292,2451554272,2451555378,16063,1106
4832.720300,2451563089,2451564197,15768,1108
4832.735343,2451574116,2451575229,16057,1113
4832.795453,2451618148,2451619257,15716,1109
4832.807480,2451626986,2451628102,16065,1116
4832.819499,2451635868,2451636972,16038,1104
4832.831521,2451644692,2451645801,15719,1109
4832.843551,2451653520,2451654609,15910,1089
4832.855555,2451662310,2451663416,15760,1106
4832.867590,2451671106,2451672213,15718,1107
4832.879619,2451679925,2451681009,15907,1084
4832.891624,2451688698,2451689802,15761,1104
4832.903658,2451697497,2451698608,15722,1111
4832.945727,2451728379,2451729486,15680,1107
4832.957768,2451737181,2451738298,15710,1117
4832.969789,2451746013,2451747124,15972,1111
4832.981796,2451754811,2451755922,15675,1111
4833.011859,2451776883,2451777994,15805,1111
4833.023894,2451785750,2451786865,15994,1115
4833.035899,2451794563,2451795675,15681,1112
4833.053934,2451807823,2451808938,15682,1115
4833.065966,2451816654,2451817764,15648,1110
4833.114064,2451851988,2451853088,15980,1100
4833.126070,2451860809,2451861922,15679,1113
4833.162143,2451887266,2451888380,15762,1114
4833.177184,2451898356,2451899435,15894,1079
4833.189190,2451907168,2451908279,15759,1111
4833.216243,2451927056,2451928171,15759,1115
4833.228273,2451935931,2451937042,15812,1111
4833.240303,2451944741,2451945854,15973,1113
4833.252324,2451953575,2451954686,15949,1111
4833.273362,2451968994,2451970101,15639,1107
4833.285390,2451977817,2451978932,15975,1115
4833.297396,2451986625,2451987741,15678,1116
4833.321459,2452004302,2452005413,15974,1111
4833.333464,2452013137,2452014249,15677,1112
4833.423636,2452079260,2452080376,15677,1116
4833.435668,2452088125,2452089234,15642,1109
4833.447697,2452096958,2452098076,16094,1118
4833.459705,2452105831,2452106943,15756,1112
4833.471738,2452114639,2452115753,15720,1114
4833.483767,2452123491,2452124607,16062,1116
4833.495774,2452132296,2452133413,15767,1117
4833.507802,2452141171,2452142282,15894,1111
4833.519837,2452149997,2452151080,15908,1083
4833.537871,2452163185,2452164274,15905,1089
4833.549878,2452172008,2452173122,15764,1114
4833.576928,2452191849,2452192965,15761,1116
4833.588961,2452200695,2452201773,15920,1078
4833.634048,2452233752,2452234866,15718,1114
4833.652088,2452247013,2452248125,15704,1112
4833.664110,2452255844,2452256952,15978,1108
4833.682144,2452269066,2452270184,15973,1118
4833.694151,2452277912,2452279025,15679,1113
4833.745264,2452315399,2452316513,15978,1114
4833.757271,2452324211,2452325320,15598,1109
4833.769305,2452332999,2452334107,15638,1108
4833.781333,2452341824,2452342942,15976,1118
4833.832425,2452379317,2452380426,15638,1109
4833.844452,2452388164,2452389274,15985,1110
4833.895544,2452425635,2452426742,15636,1107
4833.907572,2452434504,2452435588,15803,1084
4833.921102,2452444604,2452445711,15973,1107
4833.952659,2452468002,2452469117,15955,1115
4833.967682,2452479044,2452480157,15635,1113
4834.045819,2452536367,2452537480,15760,1113
4834.057851,2452545415,2452546523,15636,1108
4834.069882,2452554250,2452555365,15977,1115
4834.087915,2452567473,2452568583,15973,1110
4834.099930,2452576275,2452577383,15641,1108
4834.111956,2452585111,2452586223,15638,1112
4834.133002,2452600568,2452601679,15970,1111
4834.145008,2452609373,2452610485,15678,1112
4834.160053,2452620398,2452621513,15976,1115
4834.172059,2452629191,2452630303,15680,1112
4834.184094,2452637989,2452639101,15638,1112
4834.202122,2452651215,2452652326,15804,1111
4834.214157,2452660044,2452661126,15824,1082
4834.256231,2452690837,2452691945,15638,1108
4834.268256,2452699717,2452700828,15937,1111
4834.343385,2452754868,2452755972,15679,1104
4834.355419,2452763653,2452764766,15640,1113
4834.367448,2452772487,2452773601,15975,1114
4834.379455,2452781335,2452782446,15678,1111
4834.391488,2452790134,2452791242,15642,1108
4834.403518,2452798993,2452800109,15995,1116
4834.427559,2452810747,2452811373,11971,626
4834.441086,2452815959,2452816786,13299,827
4834.453111,2452824525,2452825643,16081,1118
4834.465133,2452833371,2452834487,15951,1116
4834.477150,2452842159,2452843270,15655,1111
4834.489177,2452850984,2452852096,15918,1112
4834.504202,2452861986,2452863068,15943,1082
4834.516231,2452870827,2452871938,16044,1111
4834.534264,2452884048,2452885159,15968,1111
4834.546279,2452892899,2452894012,15641,1113
4834.600374,2452932607,2452933719,15764,1112
4834.612408,2452941413,2452942515,15726,1102
4834.624435,2452950289,2452951372,15879,1083
4834.663494,2452978940,2452980051,15680,1111
4834.675528,2452987836,2452988944,15682,1108
4834.687555,2452996670,2452997784,16062,1114
4834.699563,2453005467,2453006578,15763,1111
4834.711596,2453014274,2453015385,15724,1111
4834.723625,2453023157,2453024266,16045,1109
4834.735631,2453031961,2453033073,15759,1112
4834.747661,2453040798,2453041917,15907,1119
4834.759693,2453049643,2453050757,16063,1114
4834.771700,2453058459,2453059571,15743,1112
4834.783734,2453067293,2453068405,15724,1112
4834.795762,2453076112,2453077218,16034,1106
4834.820798,2453095926,2453097040,16057,1114
4834.855871,2453120175,2453121292,15723,1117
4834.867898,2453129019,2453130137,16055,1118
4834.879911,2453137919,2453139036,15814,1117
4834.891946,2453146742,2453147853,15794,1111
4834.903967,2453155566,2453156684,16057,1118
4834.915974,2453164361,2453165472,15719,1111
4834.929504,2453172831,2453173942,15766,1111
4834.956552,2453192691,2453193799,15762,1108
4834.968586,2453201521,2453202602,15926,1081
4834.983603,2453212501,2453213609,15677,1108
4834.995634,2453221319,2453222421,15819,1102
4835.007666,2453230135,2453231224,15821,1089
4835.019671,2453238918,2453240031,15678,1113
4835.031705,2453247726,2453248809,15835,1083
4835.049740,2453260968,2453262075,15634,1107
4835.061767,2453269794,2453270908,15969,1114
4835.073774,2453278597,2453279709,15683,1112
4835.085808,2453287426,2453288538,15641,1112
4835.103843,2453300715,2453301823,15639,1108
4835.115868,2453309581,2453310695,15938,1114
4835.127877,2453318375,2453319492,15684,1117
4835.139917,2453327219,2453328332,15884,1113
4835.151937,2453336066,2453337175,15958,1109
4835.163957,2453344931,2453346049,15964,1118
4835.175979,2453353759,2453354872,15655,1113
4835.188006,2453362599,2453363714,16044,1115
4835.200016,2453371434,2453372544,15758,1110
4835.212048,2453380249,2453381351,15737,1102
4835.230082,2453393474,2453394586,15733,1112
4835.242109,2453402327,2453403441,15935,1114
4835.266151,2453419969,2453421074,15631,1105
4835.278179,2453428812,2453429921,15975,1109
4835.290196,2453437703,2453438820,15685,1117
4835.314248,2453455385,2453456501,16063,1116
4835.326256,2453464263,2453465371,15682,1108
4835.341299,2453475292,2453476403,15951,1111
4835.368350,2453495135,2453496255,16056,1120
4835.380357,2453503947,2453505064,15761,1117
4835.401409,2453519396,2453520499,15632,1103
4835.413438,2453528313,2453529428,15946,1115
4835.425461,2453537224,2453538344,15986,1120
4835.437483,2453546503,2453547620,15767,1117
4835.449507,2453555415,2453556533,16017,1118
4835.461528,2453564383,2453565497,15974,1114
4835.473542,2453573267,2453574384,15604,1117
4835.485571,2453582168,2453583286,15936,1118
4835.497582,2453591052,2453592161,15679,1109
4835.509614,2453599880,2453600988,15725,1108
4835.521642,2453608704,2453609824,16055,1120
4835.533650,2453617562,2453618674,15676,1112
4835.548693,2453628580,2453629694,15962,1114
4835.560714,2453637431,2453638542,15952,1111
4835.587763,2453657301,2453658417,15722,1116
4835.599786,2453666166,2453667274,15724,1108
4835.611813,2453675000,2453676100,16059,1100
4835.623821,2453683814,2453684916,15765,1102
4835.635861,2453692609,2453693723,15709,1114
4835.647882,2453701452,2453702568,15885,1116
4835.659889,2453710272,2453711379,15677,1107
4835.692969,2453734545,2453735661,15990,1116
4835.704977,2453743429,2453744541,15764,1112
4835.762095,2453785248,2453786360,15722,1112
4835.774119,2453794124,2453795237,16023,1113
4835.810191,2453820565,2453821678,16064,1113
4835.822199,2453829434,2453830547,15765,1113
4835.864294,2453860278,2453861398,16058,1120
4835.876302,2453869167,2453870275,15750,1108
4835.900362,2453886822,2453887936,15969,1114
4835.912371,2453895689,2453896803,15745,1114
4835.945447,2453919994,2453921106,16058,1112
4835.957455,2453928795,2453929902,15761,1107
4835.981516,2453946506,2453947619,15974,1113
4835.993525,2453955374,2453956482,15680,1108
4836.011558,2453968580,2453969698,15762,1118
4836.023592,2453977379,2453978489,15725,1110
4836.035619,2453986220,2453987331,16037,1111
4836.047626,2453995004,2453996121,15680,1117
4836.059660,2454003810,2454004917,15639,1107
4836.071685,2454012673,2454013784,15940,1111
4836.083703,2454021520,2454022632,15605,1112
4836.095728,2454030399,2454031507,15807,1108
4836.107756,2454039233,2454040344,15972,1111
4836.119765,2454048106,2454049218,15680,1112
4836.131801,2454056944,2454058052,15715,1108
4836.143825,2454065776,2454066890,15967,1114
4836.155832,2454074597,2454075705,15675,1108
4836.179894,2454092230,2454093346,16060,1116
4836.191902,2454101093,2454102206,15681,1113
4836.203935,2454109907,2454111018,15640,1111
4836.215962,2454118743,2454119853,15970,1110
4836.227969,2454127535,2454128637,15679,1102
4836.240004,2454136330,2454137443,15727,1113
4836.252031,2454145165,2454146276,16054,1111
4836.264038,2454153966,2454155081,15768,1115
4836.288101,2454171689,2454172806,16075,1117
4836.300111,2454180518,2454181626,15791,1108
4836.312141,2454189317,2454190423,15645,1106
4836.324165,2454198192,2454199303,15939,1111
4836.336175,2454207004,2454208112,15682,1108
4836.348205,2454215852,2454216958,15634,1106
4836.360237,2454224688,2454225794,15971,1106
4836.372258,2454233532,2454234650,15953,1118
4836.384273,2454242410,2454243525,15820,1115
4836.396305,2454251265,2454252377,15973,1112
4836.408314,2454260120,2454261227,15679,1107
4836.420346,2454268964,2454270072,15643,1108
4836.435364,2454280001,2454281112,15674,1111
4836.453398,2454293219,2454294326,15676,1107
4836.465432,2454302026,2454303142,15720,1116
4836.477461,2454310867,2454311947,15904,1080
4836.489468,2454319676,2454320784,15762,1108
4836.501500,2454328497,2454329605,15718,1108
4836.516530,2454339597,2454340707,16051,1110
4836.528559,2454348432,2454349543,15797,1111
4836.552587,2454366078,2454367195,15761,1117
4836.564621,2454374885,2454375993,15721,1108
4836.604702,2454405831,2454406943,15676,1112
4836.648786,2454436706,2454437820,16061,1114
4836.660792,2454445542,2454446641,15764,1099
4836.672826,2454454349,2454455456,15717,1107
4836.708895,2454480811,2454481917,15641,1106
4836.720920,2454489664,2454490774,15941,1110
4836.732931,2454498536,2454499644,15681,1108
4836.744963,2454507340,2454508450,15659,1110
4836.793058,2454542642,2454543747,15957,1105
4836.805068,2454551480,2454552588,15680,1108
4836.817101,2454560300,2454561412,15635,1112
4836.869209,2454600035,2454601147,15716,1112
4836.904255,2454624310,2454625419,15759,1109
4836.916288,2454633148,2454634264,15909,1116
4836.928316,2454641992,2454643108,15948,1116
4836.940326,2454650867,2454651980,15764,1113
4836.992935,2454690060,2454691172,15646,1112
4837.004960,2454698934,2454700053,15940,1119
4837.016970,2454707755,2454708863,15681,1108
4837.125183,2454787207,2454788320,15650,1113
4837.137210,2454796050,2454797162,15654,1112
4837.149233,2454804922,2454806032,15918,1110
4837.161244,2454813718,2454814833,15678,1115
4837.191312,2454835730,2454836838,15658,1108
4837.203338,2454844558,2454845676,15959,1118
4837.215351,2454853379,2454854495,15762,1116
4837.227376,2454862223,2454863341,15818,1118
4837.239409,2454871044,2454872163,15974,1119
4837.269450,2454893132,2454894249,15679,1117
4837.281484,2454901955,2454903063,15639,1108
4837.296501,2454912961,2454914073,15676,1112
4837.341587,2454946059,2454947171,15678,1112
4837.353617,2454954941,2454956044,15638,1103
4837.365646,2454963799,2454964917,15935,1118
4837.380673,2454974802,2454975910,15720,1108
4837.392700,2454983629,2454984742,16060,1113
4837.416741,2455001239,2455002342,15725,1103
4837.437788,2455016830,2455017946,16020,1116
4837.449809,2455025778,2455026898,15968,1120
4837.464839,2455036900,2455038016,15927,1116
4837.479857,2455048055,2455049168,15600,1113
4837.491892,2455056965,2455058087,15951,1122
4837.503912,2455065880,2455066999,15973,1119
4837.515926,2455074752,2455075868,15605,1116
4837.536976,2455090351,2455091468,15931,1117
4837.548994,2455099247,2455100361,15930,1114
4837.564028,2455110316,2455111432,15953,1116
4837.576033,2455119183,2455120286,15680,1103
4837.588063,2455128035,2455129143,15640,1108
4837.600095,2455136860,2455137976,15970,1116
4837.612101,2455145674,2455146782,15679,1108
4837.624130,2455154503,2455155609,15819,1106
4837.636163,2455163340,2455164456,15974,1116
4837.648184,2455172183,2455173290,15950,1107
4837.660204,2455180992,2455182104,15645,1112
4837.672232,2455189831,2455190937,15951,1106
4837.684239,2455198644,2455199756,15684,1112
4837.696272,2455207507,2455208618,15907,1111
4837.708302,2455216342,2455217425,15906,1083
4837.720315,2455225116,2455226219,15720,1103
4837.732341,2455233957,2455235065,15720,1108
4837.756376,2455251581,2455252698,15763,1117
4837.768417,2455260407,2455261524,15794,1117
4837.804479,2455286915,2455288027,15644,1112
4837.816503,2455295790,2455296906,15935,1116
4837.831529,2455306851,2455307971,15820,1120
4837.876616,2455340068,2455341181,15655,1113
4837.888643,2455348966,2455350077,15938,1111
4837.900652,2455357798,2455358911,15690,1113
4837.912684,2455366635,2455367752,15641,1117
4837.927704,2455377703,2455378815,15687,1112
4837.939735,2455386560,2455387679,15828,1119
4837.951764,2455395449,2455396564,15975,1115
4837.969796,2455408747,2455409858,15933,1111
4837.981807,2455417603,2455418711,15683,1108
4838.032919,2455455320,2455456435,15935,1115
4838.044927,2455464164,2455465276,15688,1112
4838.068985,2455481932,2455483043,15940,1111
4838.080995,2455490786,2455491899,15686,1113
4838.105056,2455508517,2455509631,16058,1114
4838.117070,2455517348,2455518456,15688,1108
4838.132108,2455528474,2455529585,16055,1111
4838.153132,2455543973,2455545085,15766,1112
4838.165170,2455552831,2455553950,15973,1119
4838.177193,2455561702,2455562810,16042,1108
4838.192215,2455572805,2455573911,15819,1106
4838.204245,2455581716,2455582835,15951,1119
4838.216259,2455590569,2455591685,15609,1116
4838.237300,2455606133,2455607238,15905,1105
4838.249331,2455614998,2455616106,16065,1108
4838.267362,2455628320,2455629436,15943,1116
4838.285399,2455641636,2455642746,15971,1110
4838.297407,2455650478,2455651586,15769,1108
4838.309438,2455659344,2455660450,15910,1106
4838.321468,2455668202,2455669313,15986,1111
4838.333476,2455677029,2455678138,15682,1109
4838.384588,2455714701,2455715811,15976,1110
4838.396595,2455723603,2455724719,15769,1116
4838.441681,2455756884,2455757995,15681,1111
4838.453713,2455766204,2455767318,15832,1114
4838.465740,2455775112,2455776223,15953,1111
4838.480763,2455786170,2455787279,15904,1109
4838.504801,2455803875,2455804984,15767,1109
4838.516829,2455812741,2455813856,15911,1115
4838.528862,2455821604,2455822721,15949,1117
4838.593478,2455869285,2455870402,15817,1117
4838.605508,2455878208,2455879328,16045,1120
4838.695680,2455944707,2455945816,15979,1109
4838.707687,2455953556,2455954673,15683,1117
4838.719718,2455962475,2455963589,15841,1114
4838.731748,2455971363,2455972477,15981,1114
4838.743756,2455980221,2455981331,15679,1110
4838.800873,2456022317,2456023422,15830,1105
4838.812901,2456031240,2456032350,16049,1110
4838.824910,2456040119,2456041227,15763,1108
4838.885040,2456084422,2456085535,16060,1113
4838.897052,2456093280,2456094392,15795,1112
4838.909084,2456102136,2456103251,15962,1115
4838.921107,2456111033,2456112152,16030,1119
4838.933116,2456119867,2456120974,15684,1107
4839.008272,2456175191,2456176307,15877,1116
4839.020295,2456184116,2456185221,16030,1105
4839.032304,2456192958,2456194066,15764,1108
4839.053352,2456208464,2456209579,15814,1115
4839.065383,2456217337,2456218452,15991,1115
4839.125488,2456261681,2456262790,15799,1109
4839.137520,2456270584,2456271695,15955,1111
4839.161554,2456288279,2456289393,15809,1114
4839.173588,2456297167,2456298275,15973,1108
4839.185596,2456305999,2456307111,15684,1112
4839.197627,2456314869,2456315983,15815,1114
4839.209655,2456323742,2456324854,15943,1112
4839.221666,2456332628,2456333736,15685,1108
4839.239699,2456345922,2456347030,15679,1108
4839.251730,2456354831,2456355938,15824,1107
4839.263761,2456363717,2456364828,15995,1111
4839.341901,2456421356,2456422462,15904,1106
4839.353931,2456430216,2456431324,16059,1108
4839.420041,2456478922,2456480034,15681,1112
4839.432072,2456487802,2456488916,15907,1114
4839.444103,2456496673,2456497787,16065,1114
4839.456116,2456505549,2456506663,15689,1114
4839.468141,2456514417,2456515528,15905,1111
4839.480172,2456523286,2456524402,16066,1116
4839.498206,2456536588,2456537704,16064,1116
4839.510226,2456545458,2456546573,16042,1115
4839.528247,2456558767,2456559881,15764,1114
4839.540279,2456567645,2456568754,15908,1109
4839.552309,2456576552,2456577657,16042,1105
4839.573333,2456592030,2456593137,15759,1107
4839.585364,2456600887,2456602007,15908,1120
4839.624446,2456629729,2456630838,16060,1109
4839.639467,2456640802,2456641918,15904,1116
4839.651497,2456649722,2456650831,15953,1109
4839.663518,2456658598,2456659714,16029,1116
4839.675535,2456667482,2456668595,15812,1113
4839.687566,2456676349,2456677465,15975,1116
4839.699574,2456685190,2456686296,15690,1106
4839.711605,2456694095,2456695210,15844,1115
4839.723635,2456702972,2456704086,15981,1114
4839.735642,2456711823,2456712931,15606,1108
4839.747673,2456720687,2456721798,15817,1111
4839.765707,2456733979,2456735090,15813,1111
4839.777739,2456742848,2456743966,15977,1118
4839.843848,2456791583,2456792700,15762,1117
4839.855875,2456800472,2456801581,15811,1109
4839.867909,2456809328,2456810436,15892,1108
4839.879927,2456818189,2456819303,15934,1114
4839.900970,2456833719,2456834830,15879,1111
4839.912993,2456842623,2456843730,15941,1107
4839.946050,2456866974,2456868089,15813,1115
4839.958081,2456875851,2456876971,15995,1120
4839.968596,2456884000,2456885130,15859,1130
4839.980623,2456892923,2456894037,15957,1114
4839.992630,2456901758,2456902864,15685,1106
4840.007675,2456912837,2456913948,15990,1111
4840.019682,2456921662,2456922774,15689,1112
4840.031713,2456930514,2456931625,15818,1111
4840.049753,2456943798,2456944911,15881,1113
4840.061777,2456952713,2456953822,15903,1109
4840.085816,2456970457,2456971568,15821,1111
4840.097847,2456979320,2456980434,15977,1114
4840.109854,2456988147,2456989260,15685,1113
4840.121885,2456997024,2456998107,15649,1083
4840.157953,2457023642,2457024757,15828,1115
4840.169984,2457032506,2457033621,15932,1115
4840.188018,2457045808,2457046917,15976,1109
4840.200031,2457054653,2457055770,15605,1117
4840.218059,2457067930,2457069047,15679,1117
4840.230090,2457076802,2457077916,15818,1114
4840.257142,2457096774,2457097888,15840,1114
4840.272163,2457107844,2457108951,15685,1107
4840.284193,2457116728,2457117839,15820,1111
4840.296223,2457125607,2457126718,15973,1111
4840.308235,2457134454,2457135571,15765,1117
4840.320262,2457143327,2457144407,15639,1080
4840.332292,2457152156,2457153272,15977,1116
4840.344299,2457160994,2457162102,15683,1108
4840.365346,2457176515,2457177626,15790,1111
4840.377378,2457185371,2457186489,15974,1118
4840.396411,2457200854,2457201961,15606,1107
4840.455519,2457243004,2457244118,15844,1114
4840.467550,2457251887,2457253007,15992,1120
4840.479570,2457260844,2457261963,15862,1119
4840.491592,2457269797,2457270911,15906,1114
4840.503618,2457278744,2457279860,15977,1116
4840.515633,2457287673,2457288789,15835,1116
4840.527661,2457296615,2457297730,15911,1115
4840.548703,2457312235,2457313343,15992,1108
4840.560711,2457321097,2457322204,15685,1107
4840.600797,2457352134,2457353248,15991,1114
4840.647890,2457385384,2457386500,15949,1116
4840.659900,2457394245,2457395362,15689,1117
4840.671932,2457403112,2457404193,15658,1081
4840.683963,2457411949,2457413065,16024,1116
4840.695974,2457420784,2457421886,15682,1102
4840.744074,2457456179,2457457287,15883,1108
4840.756097,2457465088,2457466203,15946,1115
4840.768106,2457473945,2457475056,15690,1111
4840.780136,2457482819,2457483930,15822,1111
4840.792166,2457491685,2457492797,15981,1112
4840.804174,2457500515,2457501623,15603,1108
4840.816205,2457509354,2457510470,15817,1116
4840.828235,2457518237,2457519351,15976,1114
4840.840243,2457527082,2457528194,15687,1112
4840.852274,2457535984,2457537092,15852,1108
4840.864304,2457544855,2457545966,15985,1111
4840.876312,2457553721,2457554833,15685,1112
4840.888342,2457562601,2457563719,15863,1118
4840.903363,2457573688,2457574798,15767,1110
4840.915394,2457582597,2457583707,15920,1110
4840.933428,2457595920,2457597028,15815,1108
4840.945455,2457604781,2457605890,15951,1109
4841.020586,2457660090,2457661202,15687,1112
4841.032616,2457668951,2457670062,15821,1111
4841.089733,2457711055,2457712169,16063,1114
4841.101740,2457719934,2457721042,15689,1108
4841.113771,2457728780,2457729886,15814,1106
4841.125803,2457737654,2457738764,15974,1110
4841.161870,2457764249,2457765353,16061,1104
4841.173877,2457773087,2457774199,15768,1112
4841.185908,2457781936,2457783044,15907,1108
4841.196334,2457791215,2457792332,16072,1117
4841.211466,2457801679,2457802789,16058,1110
4841.223486,2457812187,2457813300,15915,1113
4841.234010,2457821405,2457822524,15954,1119
4841.246027,2457830364,2457831487,15957,1123
4841.258045,2457839256,2457840377,15908,1121
4841.270075,2457848211,2457849326,16044,1115
4841.282083,2457857057,2457858167,15768,1110
4841.294110,2457865918,2457867028,15893,1110
4841.306144,2457874838,2457875942,15957,1104
4841.363238,2457916879,2457917987,15688,1108
4841.378281,2457928026,2457929139,15957,1113
4841.465440,2457992310,2457993421,15830,1111
4841.476334,2458001603,2458002723,15965,1120
4841.501508,2458019370,2458020479,15902,1109
4841.513539,2458028279,2458029388,15959,1109
4841.543592,2458050390,2458051500,15954,1110
4841.555611,2458059300,2458060413,15842,1113
4841.567640,2458068218,2458069328,15953,1110
4841.579661,2458077130,2458078244,15937,1114
4841.591679,2458086042,2458087151,15855,1109
4841.603710,2458094893,2458096009,15985,1116
4841.615717,2458103730,2458104841,15685,1111
4841.672834,2458145917,2458147017,15816,1100
4841.684865,2458154815,2458155929,15958,1114
4841.708903,2458172496,2458173615,15822,1119
4841.720931,2458181439,2458182550,16007,1111
4841.769009,2458216891,2458218003,15684,1112
4841.781040,2458225739,2458226859,15822,1120
4841.886238,2458303260,2458304373,15606,1113
4841.919311,2458327674,2458328785,15980,1111
4841.931317,2458336569,2458337681,15679,1112
4841.943349,2458345448,2458346557,15842,1109
4841.955379,2458354309,2458355420,15980,1111
4841.967386,2458363138,2458364246,15683,1108
4841.979417,2458372031,2458373142,15832,1111
4841.991448,2458380883,2458381989,15989,1106
4842.003465,2458389744,2458390859,15939,1115
4842.015485,2458398645,2458399755,15829,1110
4842.027516,2458407530,2458408641,15979,1111
4842.039536,2458416396,2458417505,15954,1109
4842.051555,2458425299,2458426413,15846,1114
4842.069589,2458438576,2458439659,15650,1083
4842.081619,2458447446,2458448565,15958,1119
4842.108671,2458467362,2458468472,15979,1110
4842.123691,2458478454,2458479570,15816,1116
4842.144739,2458494091,2458495202,15957,1111
4842.156746,2458502916,2458504028,15603,1112
4842.168777,2458511783,2458512894,15822,1111
4842.180808,2458520681,2458521796,15963,1115
4842.192815,2458529518,2458530631,15681,1113
4842.204845,2458538396,2458539502,15819,1106
4842.216876,2458547292,2458548406,15959,1114
4842.267966,2458584988,2458586103,15820,1115
4842.279996,2458593855,2458594974,15977,1119
4842.292003,2458602692,2458603810,15691,1118
4842.304030,2458611612,2458612697,15618,1085
4842.316065,2458620430,2458621539,15920,1109
4842.328085,2458629287,2458630406,15937,1119
4842.341114,2458640432,2458641546,15944,1114
4842.427261,2458702416,2458703525,15771,1109
4842.439292,2458711305,2458712421,15935,1116
4842.451322,2458720170,2458721284,16061,1114
4842.463329,2458728993,2458730103,15769,1110
4842.475361,2458737901,2458739006,15915,1105
4842.493394,2458751176,2458752283,15899,1107
4842.505425,2458760067,2458761172,16050,1105
4842.532474,2458779956,2458781074,16036,1118
4842.544494,2458788927,2458790043,15861,1116
4842.565538,2458804560,2458805678,15901,1118
4842.577559,2458813501,2458814617,15955,1116
4842.589577,2458822443,2458823561,15852,1118
4842.601605,2458831391,2458832507,15907,1116
4842.616629,2458842556,2458843675,15839,1119
4842.628656,2458851494,2458852610,15898,1116
4842.640681,2458860437,2458861552,15961,1115
4842.655709,2458871621,2458872736,15903,1115
4842.673744,2458885025,2458886136,15901,1111
4842.685765,2458893972,2458895087,15963,1115
4842.697783,2458902915,2458904029,15856,1114
4842.739868,2458934171,2458935288,15962,1117
4842.751892,2458943312,2458944423,16042,1111
4842.763909,2458952227,2458953338,15871,1111
4842.775939,2458961108,2458962218,16066,1110
4842.787947,2458969941,2458971053,15768,1112
4842.799978,2458978847,2458979966,15915,1119
4842.818013,2458992153,2458993233,15732,1080
4842.830041,2459001030,2459002145,16048,1115
4842.854081,2459018777,2459019888,15906,1111
4842.866111,2459027681,2459028792,16045,1111
4842.896152,2459049804,2459050916,15684,1112
4842.908183,2459058688,2459059800,15831,1112
4842.920213,2459067559,2459068670,15976,1111
4842.932233,2459076432,2459077548,15956,1116
4842.944252,2459085342,2459086453,15843,1111
4842.956284,2459094234,2459095343,15980,1109
4842.984331,2459116396,2459117504,15685,1108
4843.001369,2459127916,2459129023,15957,1107
4843.049444,2459163399,2459164513,15683,1114
4843.064488,2459174505,2459175616,15978,1111
4843.076505,2459183428,2459184547,15842,1119
4843.091539,2459194527,2459195641,15980,1114
4843.103547,2459203372,2459204482,15681,1110
4843.115574,2459212256,2459213336,15615,1080
4843.127607,2459221083,2459222193,15878,1110
4843.148633,2459236615,2459237732,15683,1117
4843.160663,2459245501,2459246612,15906,1111
4843.172694,2459254398,2459255509,16044,1111
4843.184701,2459263246,2459264359,15768,1113
4843.196732,2459272117,2459273228,15819,1111
4843.208763,2459281002,2459282116,15963,1114
4843.220770,2459289883,2459290990,15687,1107
4843.232797,2459298783,2459299868,15634,1085
4843.244831,2459307658,2459308772,15955,1114
4843.259853,2459318718,2459319832,15818,1114
4843.271882,2459327627,2459328743,15960,1116
4843.283902,2459336518,2459337628,15935,1110
4843.295921,2459345414,2459346532,15826,1118
4843.307951,2459354289,2459355402,15978,1113
4843.319958,2459363144,2459364260,15683,1116
4843.331985,2459372062,2459373145,15633,1083
4843.344020,2459380904,2459382022,15957,1118
4843.356027,2459389735,2459390845,15683,1110
4843.377071,2459405265,2459406379,15811,1114
4843.389105,2459414168,2459415281,15957,1113
4843.488295,2459487248,2459488365,15978,1117
4843.500301,2459496122,2459497225,15683,1103
4843.512332,2459504988,2459506102,15819,1114
4843.536370,2459522770,2459523878,15682,1108
4843.556331,2459532149,2459532773,11967,624
4843.576958,2459541675,2459542780,15935,1105
4843.588978,2459550510,2459551620,15910,1110
4843.601008,2459559392,2459560505,16043,1113
4843.622039,2459574929,2459576034,15688,1105
4843.637077,2459586020,2459587129,15970,1109
4843.649084,2459594859,2459595967,15687,1108
4843.661115,2459603698,2459604809,15912,1111
4843.685153,2459621467,2459622577,15764,1110
4843.697184,2459630318,2459631423,15827,1105
4843.712215,2459641426,2459642536,15938,1110
4843.724235,2459650318,2459651437,15844,1119
4843.736266,2459659242,2459660352,15960,1110
4843.748273,2459668113,2459669221,15768,1108
4843.760304,2459677004,2459678117,15890,1113
4843.772333,2459685909,2459687023,15958,1114
4843.808402,2459712512,2459713627,16056,1115
4843.820416,2459721368,2459722470,15686,1102
4843.832441,2459730219,2459731333,15908,1114
4843.871520,2459759020,2459760133,16031,1113
4843.883530,2459767895,2459769007,15770,1112
4843.895562,2459776802,2459777912,15924,1110
4843.913595,2459790077,2459791188,15910,1111
4843.925626,2459798972,2459800088,16025,1116
4843.937646,2459807851,2459808962,16027,1111
4843.967704,2459829988,2459831097,15891,1109
4843.979727,2459838893,2459840004,15943,1111
4843.991747,2459847827,2459848941,16021,1114
4844.003767,2459856737,2459857842,15937,1105
4844.015796,2459865610,2459866724,16065,1114
4844.027815,2459874475,2459875588,16029,1113
4844.039837,2459883388,2459884506,15920,1118
4844.051866,2459892310,2459893422,15958,1112
4844.065391,2459900768,2459901873,15952,1105
4844.077399,2459909592,2459910703,15685,1111
4844.089431,2459918472,2459919559,15657,1087
4844.101460,2459927345,2459928455,15951,1110
4844.119492,2459940670,2459941780,15947,1110
4844.131512,2459949579,2459950695,15940,1116
4844.143533,2459958475,2459959590,15844,1115
4844.155561,2459967390,2459968506,15938,1116
4844.167576,2459976229,2459977337,15598,1108
4844.179604,2459985125,2459986229,15836,1104
4844.191631,2459994024,2459995134,15954,1110
4844.203650,2460002933,2460004037,15934,1104
4844.215677,2460011827,2460012946,15823,1119
4844.228700,2460022952,2460024065,15939,1113
4844.248725,2460036242,2460037354,15687,1112
4844.260756,2460045149,2460046265,15835,1116
4844.272786,2460054061,2460055179,16023,1118
4844.284793,2460062903,2460064011,15764,1108
4844.296825,2460071767,2460072851,15740,1084
4844.308854,2460080645,2460081751,15951,1106
4844.320874,2460089498,2460090605,15954,1107
4844.348935,2460111685,2460112804,15819,1119
4844.377978,2460131638,2460132756,15818,1118
4844.390009,2460140562,2460141672,15950,1110
4844.408043,2460153865,2460154976,15966,1111
4844.420063,2460162743,2460163845,15953,1102
4844.432081,2460171651,2460172757,15844,1106
4844.444110,2460180548,2460181659,15945,1111
4844.456130,2460189435,2460190554,15937,1119
4844.492199,2460216058,2460217169,16022,1111
4844.504214,2460224968,2460226057,15700,1089
4844.516248,2460234272,2460235382,16043,1110
4844.528267,2460243162,2460244278,15937,1116
4844.540287,2460252023,2460253134,15815,1111
4844.555308,2460263110,2460264218,15685,1108
4844.585373,2460285320,2460286434,15822,1114
4844.597403,2460294243,2460295359,16040,1116
4844.621442,2460311980,2460313089,15937,1109
4844.633470,2460320861,2460321972,16025,1111
4844.657510,2460338642,2460339748,15829,1106
4844.669540,2460347542,2460348646,15850,1104
4844.693578,2460365223,2460366333,15903,1110
4844.705609,2460374126,2460375234,16046,1108
4844.729643,2460391957,2460393043,15663,1086
4844.741677,2460400812,2460401925,15953,1113
4844.753685,2460409659,2460410776,15681,1117
4844.765718,2460418567,2460419681,15839,1114
4844.792767,2460438552,2460439667,15818,1115
4844.804797,2460447471,2460448587,15953,1116
4844.819819,2460458585,2460459692,15931,1107
4844.831847,2460467501,2460468611,16029,1110
4844.843867,2460476364,2460477478,16026,1114
4844.855888,2460485280,2460486390,15921,1110
4844.867919,2460494172,2460495282,16023,1110
4844.879936,2460503048,2460504162,16025,1114
4844.897959,2460516353,2460517460,15761,1107
4844.909997,2460525276,2460526390,15995,1114
4844.940055,2460547469,2460548581,15971,1112
4844.952073,2460556380,2460557491,15940,1111
4844.964093,2460565278,2460566389,15850,1111
4844.985140,2460580878,2460581992,16036,1114
4844.997159,2460589746,2460590862,16028,1116
4845.009183,2460598650,2460599764,15885,1114
4845.021207,2460607564,2460608681,15940,1117
4845.042234,2460623085,2460624193,15672,1108
4845.054265,2460631976,2460633089,15835,1113
4845.069296,2460643112,2460644223,15938,1111
4845.081316,2460652040,2460653154,15831,1114
4845.096347,2460663162,2460664280,15930,1118
4845.135419,2460691968,2460693087,15821,1119
4845.147449,2460700904,2460702020,16044,1116
4845.159466,2460709775,2460710887,15930,1112
4845.177501,2460723124,2460724233,16018,1109
4845.189522,2460732033,2460733150,15917,1117
4845.201552,2460740934,2460742044,15960,1110
4845.213571,2460749823,2460750936,15954,1113
4845.225591,2460758717,2460759828,15938,1111
4845.237619,2460767621,2460768735,16027,1114
4845.249639,2460776492,2460777606,16025,1114
4845.261659,2460785390,2460786503,15931,1113
4845.273689,2460794284,2460795395,15953,1111
4845.285710,2460803200,2460804306,15939,1106
4845.297727,2460812107,2460813223,15828,1116
4845.321765,2460829883,2460830994,15681,1111
4845.333796,2460838772,2460839892,15828,1120
4845.351831,2460852149,2460853260,15832,1111
4845.363860,2460861046,2460862163,15939,1117
4845.381894,2460874336,2460875447,15952,1111
4845.393913,2460883208,2460884324,15934,1116
4845.408944,2460894306,2460895420,16078,1114
4845.420965,2460903232,2460904343,15942,1111
4845.485096,2460952197,2460953314,15831,1117
4845.505128,2460965614,2460966733,15911,1119
4845.517151,2460974558,2460975674,15907,1116
4845.529176,2460983492,2460984608,15996,1116
4845.544202,2460994672,2460995790,15903,1118
4845.556226,2461003637,2461004753,15916,1116
4845.577259,2461019270,2461020378,15833,1108
4845.589290,2461028156,2461029272,15959,1116
4845.613328,2461045970,2461047085,15936,1115
4845.625357,2461054898,2461056014,15944,1116
4845.673445,2461090533,2461091648,15938,1115
4845.685465,2461099448,2461100557,15847,1109
4845.697494,2461108352,2461109465,15944,1113
4845.709515,2461117257,2461118368,15946,1111
4845.721534,2461126161,2461127280,15850,1119
4845.763617,2461157230,2461158341,15942,1111
4845.775636,2461166134,2461167245,15842,1111
4845.787665,2461175050,2461176164,15946,1114
4845.799683,2461183924,2461185033,15942,1109
4845.811700,2461192807,2461193887,15615,1080
4845.823737,2461201656,2461202773,15999,1117
4845.835754,2461210573,2461211684,15945,1111
4845.847769,2461219491,2461220571,15619,1080
4845.868822,2461234990,2461236102,16081,1112
4845.880840,2461243871,2461244980,15857,1109
4845.895873,2461254909,2461256027,16081,1118
4845.907888,2461263792,2461264901,16044,1109
4846.013096,2461341483,2461342587,16079,1104
4846.025116,2461350797,2461351910,16031,1113
4846.041643,2461363457,2461364568,15838,1111
4846.053671,2461372356,2461373469,15959,1113
4846.065689,2461381225,2461382336,15922,1111
4846.077707,2461390129,2461391213,15618,1084
4846.120807,2461423402,2461424488,15622,1086
4846.144840,2461441114,2461442224,16014,1110
4846.161879,2461452224,2461453331,16167,1107
4846.180909,2461467703,2461468814,16008,1111
4846.215982,2461492080,2461493189,16171,1109
4846.227998,2461500900,2461502018,16013,1118
4846.240022,2461509942,2461511062,15834,1120
4846.270086,2461532145,2461533249,16178,1104
4846.282103,2461541030,2461542144,16032,1114
4846.294118,2461549894,2461550981,15699,1087
4846.327187,2461574291,2461575404,16016,1113
4846.342221,2461585436,2461586547,16048,1111
4846.354237,2461594344,2461595461,15961,1117
4846.366255,2461603208,2461604287,15702,1079
4846.378291,2461612041,2461613155,16176,1114
4846.429388,2461649979,2461651094,15918,1115
4846.441410,2461658961,2461660077,15975,1116
4846.468463,2461678944,2461680052,16172,1108
4846.480478,2461687808,2461688927,15928,1119
4846.531583,2461725456,2461726571,16085,1115
4846.543600,2461734342,2461735453,15929,1111
4846.555615,2461743256,2461744335,15621,1079
4846.573650,2461756547,2461757632,15618,1085
4846.585685,2461765383,2461766497,16082,1114
4846.633770,2461800818,2461801933,16013,1115
4846.645802,2461809720,2461810800,15841,1080
4846.657823,2461818552,2461819665,16180,1113
4846.669839,2461827430,2461828541,16017,1111
4846.699895,2461849640,2461850751,15955,1111
4846.711925,2461858512,2461859621,16179,1109
4846.729960,2461871774,2461872878,16173,1104
4846.741975,2461880635,2461881746,16014,1111
4846.793080,2461918311,2461919421,16085,1110
4846.808096,2461929439,2461930517,15635,1078
4846.844177,2461956027,2461957107,15760,1080
4846.857690,2461966211,2461967292,15704,1081
4846.869725,2461975038,2461976154,16085,1116
4846.887760,2461988325,2461989437,16086,1112
4846.899775,2461997208,2461998324,15959,1116
4846.911793,2462006082,2462007162,15624,1080
4846.923829,2462014902,2462016014,16090,1112
4846.953880,2462037113,2462038228,15940,1115
4846.965896,2462045990,2462047074,15620,1084
4846.996973,2462070312,2462071430,15961,1118
4847.038033,2462099112,2462100193,15621,1081
4847.050066,2462107983,2462109096,16018,1113
4847.152257,2462183404,2462184519,16033,1115
4847.164273,2462192300,2462193380,15619,1080
4847.176309,2462201149,2462202258,16177,1109
4847.188324,2462210025,2462211144,15972,1119
4847.257463,2462261027,2462262136,16176,1109
4847.269482,2462269915,2462271028,16026,1113
4847.305547,2462296484,2462297600,15929,1116
4847.317565,2462305354,2462306437,15621,1083
4847.344620,2462325299,2462326405,15859,1106
4847.356652,2462334183,2462335292,16181,1109
4847.368668,2462343044,2462344163,16014,1119
4847.380685,2462351955,2462353038,15624,1083
4847.392717,2462360804,2462361909,15989,1105
4847.443809,2462398488,2462399595,15862,1107
4847.455840,2462407359,2462408476,16092,1117
4847.467856,2462416229,2462417342,15923,1113
4847.485891,2462429701,2462430809,16005,1108
4847.497908,2462438621,2462439705,15622,1084
4847.509943,2462447461,2462448574,16082,1113
4847.521959,2462456329,2462457445,15926,1116
4847.533976,2462465197,2462466280,15621,1083
4847.544505,2462473200,2462474322,15960,1122
4847.556519,2462482122,2462483207,15639,1085
4847.568554,2462490972,2462492086,16080,1114
4847.580570,2462499835,2462500940,15929,1105
4847.592592,2462508698,2462509811,15867,1113
4847.604624,2462517584,2462518693,16096,1109
4847.625656,2462533078,2462534189,15927,1111
4847.637686,2462541950,2462543029,15757,1079
4847.652707,2462552996,2462554111,15922,1115
4847.664725,2462561860,2462562940,15620,1080
4847.676760,2462570711,2462571819,15999,1108
4847.688776,2462579559,2462580673,15866,1114
4847.700794,2462588465,2462589544,15640,1079
4847.751897,2462626073,2462627187,16018,1114
4847.763914,2462634946,2462636026,15705,1080
4847.775950,2462643915,2462645029,16179,1114
4847.787965,2462652774,2462653885,15868,1111
4847.799982,2462661690,2462662770,15552,1080
4847.812018,2462670541,2462671650,16089,1109
4847.824033,2462679398,2462680517,15916,1119
4847.878136,2462719213,2462720322,15928,1109
4847.890158,2462728089,2462729200,15935,1111
4847.905188,2462739173,2462740286,16015,1113
4847.917205,2462748076,2462749156,15703,1080
4847.929241,2462756917,2462758026,16091,1109
4847.941255,2462765784,2462766889,15953,1105
4848.007377,2462814517,2462815598,15622,1081
4848.019412,2462823358,2462824465,16093,1107
4848.031428,2462832231,2462833344,16019,1113
4848.049462,2462845526,2462846636,16009,1110
4848.061480,2462854389,2462855474,15700,1085
4848.073514,2462863258,2462864369,16050,1111
4848.085531,2462872117,2462873224,15955,1107
4848.103565,2462885454,2462886571,15928,1117
4848.115582,2462894323,2462895412,15619,1089
4848.127621,2462903161,2462904275,16094,1114
4848.139633,2462912038,2462913142,16052,1104
4848.157668,2462925317,2462926435,16015,1118
4848.169686,2462934232,2462935312,15701,1080
4848.223788,2462974109,2462975195,15698,1086
4848.235823,2462982966,2462984083,16090,1117
4848.247839,2462991828,2462992942,15925,1114
4848.265873,2463005129,2463006247,15921,1118
4848.277891,2463014050,2463015134,15620,1084
4848.292927,2463025160,2463026276,15944,1116
4848.307960,2463036249,2463037359,15960,1110
4848.319978,2463045113,2463046228,16034,1115
4848.332006,2463053993,2463055076,15840,1083
4848.344031,2463062841,2463063950,16177,1109
4848.356045,2463071713,2463072827,15845,1114
4848.368062,2463080607,2463081686,15612,1079
4848.425184,2463122673,2463123791,16092,1118
4848.437199,2463131560,2463132676,15872,1116
4848.512337,2463186973,2463188049,15622,1076
4848.524372,2463195805,2463196914,16180,1109
4848.540399,2463209069,2463210180,16177,1111
4848.644594,2463284397,2463285516,16012,1119
4848.656612,2463293297,2463294381,15701,1084
4848.719731,2463339788,2463340874,15700,1086
4848.731764,2463348635,2463349744,16086,1109
4848.743782,2463357512,2463358626,16017,1114
4848.755802,2463366380,2463367460,15702,1080
4848.767835,2463375224,2463376335,16174,1111
4848.779851,2463384072,2463385183,15941,1111
4848.797886,2463397398,2463398509,16014,1111
4848.809903,2463406282,2463407362,15702,1080
4848.839972,2463428407,2463429522,16054,1115
4848.851988,2463437281,2463438396,16014,1115
4848.864008,2463446151,2463447231,15702,1080
4848.876042,2463454993,2463456102,16183,1109
4848.897073,2463470544,2463471658,16026,1114
4848.909091,2463479411,2463480490,15702,1079
4848.924126,2463490451,2463491561,16017,1110
4848.936143,2463499347,2463500428,15615,1081
4848.948178,2463508185,2463509298,16064,1113
4848.960194,2463517025,2463518141,15925,1116
4848.972212,2463525898,2463526978,15619,1080
4848.990246,2463539215,2463540294,15630,1079
4849.002282,2463548050,2463549168,16181,1118
4849.048361,2463583466,2463584584,16013,1118
4849.061893,2463592704,2463593818,15907,1114
4849.077417,2463603810,2463604922,15952,1112
4849.089434,2463612723,2463613808,15715,1085
4849.128518,2463641498,2463642611,16000,1113
4849.140537,2463650375,2463651493,16015,1118
4849.161572,2463665901,2463666981,15681,1080
4849.173606,2463674758,2463675876,16052,1118
4849.185627,2463683681,2463684799,16033,1118
4849.197640,2463692560,2463693640,15622,1080
4849.269777,2463745668,2463746752,15621,1084
4849.284813,2463756778,2463757889,15942,1111
4849.296829,2463765639,2463766718,15619,1079
4849.335916,2463794395,2463795510,16176,1115
4849.347932,2463803279,2463804393,15930,1114
4849.359949,2463812134,2463813213,15619,1079
4849.380999,2463827619,2463828726,15929,1107
4849.393018,2463836485,2463837592,15946,1107
4849.417071,2463854193,2463855301,16093,1108
4849.429084,2463863073,2463864188,15955,1115
4849.450120,2463878641,2463879724,15617,1083
4849.462156,2463887468,2463888586,16083,1118
4849.489208,2463907417,2463908532,16097,1115
4849.501223,2463916303,2463917415,15930,1112
4849.516258,2463927372,2463928479,16085,1107
4849.540292,2463945075,2463946158,15619,1083
4849.552328,2463953928,2463955038,16184,1110
4849.564343,2463962789,2463963902,16020,1113
4849.592409,2463984971,2463986056,15699,1085
4849.609431,2463996062,2463997173,16034,1111
4849.621459,2464004924,2464006009,15756,1085
4849.639480,2464018220,2464019305,15617,1085
4849.651516,2464027074,2464028186,16094,1112
4849.669550,2464040349,2464041453,16087,1104
4849.681567,2464049236,2464050355,15942,1119
4849.700614,2464064741,2464065822,15615,1081
4849.744686,2464095647,2464096752,15929,1105
4849.756703,2464104532,2464105619,15620,1087
4849.804808,2464139957,2464141073,16089,1116
4849.819836,2464151058,2464152142,15751,1084
4849.864909,2464184282,2464185358,15617,1076
4849.876942,2464193150,2464194260,15935,1110
4849.888960,2464202008,2464203127,15943,1119
4849.900978,2464210925,2464212002,15621,1077
4849.913013,2464219760,2464220864,16091,1104
4849.952081,2464248548,2464249669,16017,1121
4849.964098,2464257442,2464258521,15694,1079
4849.976132,2464266311,2464267415,16030,1104
4849.988149,2464275171,2464276276,16033,1105
4850.000166,2464284042,2464285120,15702,1078
4850.015203,2464295141,2464296253,16034,1112
4850.087339,2464348525,2464349643,15945,1118
4850.099360,2464357448,2464358566,15827,1118
4850.111390,2464366379,2464367490,15968,1111
4850.123410,2464375288,2464376396,15962,1108
4850.135428,2464384214,2464385322,15810,1108
4850.147458,2464393118,2464394234,15966,1116
4850.159478,2464402038,2464403149,15857,1111
4850.171497,2464410943,2464412053,15803,1110
4850.183525,2464419804,2464420888,15792,1084
4850.195545,2464428677,2464429787,15943,1110
4850.213576,2464441966,2464443080,15934,1114
4850.225600,2464450834,2464451945,15830,1111
4850.249645,2464468587,2464469698,15933,1111
4850.261668,2464477487,2464478603,15827,1116
4850.333802,2464530769,2464531881,15624,1112
4850.348835,2464541870,2464542976,15964,1106
4850.360854,2464550693,2464551810,15625,1117
4850.387905,2464570658,2464571775,15626,1117
4850.399935,2464579503,2464580610,15913,1107
4850.411955,2464588350,2464589452,15969,1102
4850.423974,2464597182,2464598290,15629,1108
4850.436003,2464606032,2464607142,15943,1110
4850.472076,2464632619,2464633733,15962,1114
4850.484092,2464641478,2464642594,15965,1116
4850.496111,2464650310,2464651427,15630,1117
4850.508141,2464659185,2464660294,15955,1109
4850.520162,2464668081,2464669199,15919,1118
4850.532178,2464676988,2464678102,15594,1114
4850.544211,2464685884,2464686977,15892,1093
4850.556229,2464694767,2464695885,16050,1118
4850.568251,2464703683,2464704802,15916,1119
4850.580277,2464712950,2464714065,15949,1115
4850.592298,2464721838,2464722945,15965,1107
4850.604317,2464730670,2464731782,15629,1112
4850.652415,2464766096,2464767209,15948,1113
4850.664435,2464774954,2464776058,15860,1104
4850.727555,2464821439,2464822557,16050,1118
4850.739574,2464830308,2464831422,15711,1114
4850.751603,2464839213,2464840332,15944,1119
4850.769641,2464852587,2464853703,15953,1116
4850.781660,2464861510,2464862618,15966,1108
4850.856797,2464916895,2464918012,15626,1117
4850.868830,2464925792,2464926896,15961,1104
4850.889864,2464941281,2464942386,16050,1105
4850.901882,2464950118,2464951230,15708,1112
4850.913915,2464958991,2464960096,16086,1105
4850.925932,2464967848,2464968963,16052,1115
4850.952983,2464987796,2464988907,16051,1111
4850.965005,2464996651,2464997757,15914,1106
4850.980035,2465007736,2465008852,16048,1116
4850.992054,2465016571,2465017678,15625,1107
4851.004083,2465025462,2465026570,15992,1108
4851.016106,2465034315,2465035431,16038,1116
4851.028123,2465043170,2465044278,15711,1108
4851.049171,2465058667,2465059750,15888,1083
4851.061189,2465067501,2465068620,15946,1119
4851.073209,2465076384,2465077492,15674,1108
4851.085238,2465085243,2465086357,16034,1114
4851.175409,2465151673,2465152783,15945,1110
4851.187431,2465160558,2465161663,15965,1105
4851.199449,2465169390,2465170501,15549,1111
4851.259567,2465213732,2465214846,15855,1114
4851.277601,2465227057,2465228171,15963,1114
4851.289620,2465235878,2465236986,15626,1108
4851.379792,2465302284,2465303398,15705,1114
4851.391823,2465311159,2465312265,15969,1106
4851.403841,2465320019,2465321129,15965,1110
4851.415860,2465328845,2465329959,15630,1114
4851.427889,2465337715,2465338834,15948,1119
4851.439909,2465346578,2465347692,15965,1114
4851.451928,2465355416,2465356527,15628,1111
4851.469963,2465368756,2465369869,15592,1113
4851.481994,2465377615,2465378694,15809,1079
4851.497015,2465388650,2465389756,15629,1106
4851.509046,2465397523,2465398632,15999,1109
4851.593201,2465459537,2465460647,16052,1110
4851.605228,2465468393,2465469501,15787,1108
4851.626266,2465483909,2465485022,15949,1113
4851.704416,2465541488,2465542602,15707,1114
4851.716438,2465550372,2465551486,15969,1114
4851.752507,2465576927,2465578042,16035,1115
4851.764528,2465585844,2465586958,16026,1114
4851.800595,2465612385,2465613501,16052,1116
4851.812614,2465621234,2465622342,15710,1108
4851.908804,2465692126,2465693235,16037,1109
4851.920820,2465700954,2465702060,15708,1106
4852.007993,2465765160,2465766274,15951,1114
4852.021517,2465775266,2465776376,15934,1110
4852.036547,2465786323,2465787438,15943,1115
4852.084636,2465821762,2465822875,15961,1113
4852.096655,2465831010,2465832112,15629,1102
4852.120705,2465848794,2465849910,15964,1116
4852.132724,2465857671,2465858784,15595,1113
4852.165790,2465882104,2465883211,15959,1107
4852.177809,2465890949,2465892061,15625,1112
4852.189839,2465899816,2465900930,15952,1114
4852.201859,2465908700,2465909810,15854,1110
4852.213877,2465917569,2465918669,15591,1100
4852.231912,2465930871,2465931987,15714,1116
4852.243941,2465939752,2465940868,16036,1116
4852.255964,2465948612,2465949722,15948,1110
4852.267981,2465957456,2465958563,15631,1107
4852.334113,2466006212,2466007317,15944,1105
4852.346133,2466015067,2466016177,15962,1110
4852.358152,2466023898,2466025002,15706,1104
4852.421272,2466070406,2466071514,15708,1108
4852.433301,2466079271,2466080385,15943,1114
4852.445324,2466088141,2466089252,15966,1111
4852.457341,2466097008,2466098125,15593,1117
4852.520461,2466143543,2466144650,15632,1107
4852.535493,2466154639,2466155753,15956,1114
4852.583581,2466190032,2466191144,15710,1112
4852.595612,2466198895,2466199975,15892,1080
4852.607632,2466207756,2466208862,16021,1106
4852.619649,2466216592,2466217702,15713,1110
4852.631681,2466225444,2466226561,16036,1117
4852.643699,2466234327,2466235443,15966,1116
4852.655720,2466243176,2466244286,15622,1110
4852.667747,2466252046,2466253160,15947,1114
4852.679768,2466260922,2466262020,15964,1098
4852.697802,2466274175,2466275288,15850,1113
4852.709821,2466283035,2466284140,15589,1105
4852.751908,2466313974,2466315084,15949,1110
4852.763923,2466322819,2466323931,15627,1112
4852.783468,2466334155,2466334832,13636,677
4852.796334,2466340148,2466340774,12078,626
4852.837568,2466366704,2466367820,15965,1116
4852.849590,2466375729,2466376834,15834,1105
4852.879650,2466397881,2466398979,16039,1098
4852.891671,2466406738,2466407843,16057,1105
4852.903690,2466415569,2466416676,15631,1107
4852.915718,2466424408,2466425518,15939,1110
4852.927739,2466433256,2466434370,15971,1114
4852.939758,2466442141,2466443246,15602,1105
4852.951791,2466451039,2466452155,15956,1116
4852.963808,2466459893,2466461002,15969,1109
4852.975827,2466468716,2466469824,15594,1108
4852.987857,2466477599,2466478682,15720,1083
4852.999879,2466486427,2466487539,15907,1112
4853.011895,2466495271,2466496379,15634,1108
4853.023926,2466504128,2466505211,15803,1083
4853.035945,2466512964,2466514077,15958,1113
4853.047966,2466521827,2466522943,15916,1116
4853.059993,2466530699,2466531810,16031,1111
4853.072014,2466539557,2466540672,16054,1115
4853.084032,2466548398,2466549505,15714,1107
4853.096064,2466557274,2466558381,16073,1107
4853.108082,2466566140,2466567256,16054,1116
4853.120101,2466574984,2466576096,15638,1112
4853.132132,2466583852,2466584937,15803,1085
4853.144151,2466592689,2466593808,15858,1119
4853.156170,2466601559,2466602672,15597,1113
4853.168198,2466610419,2466611529,15944,1110
4853.180220,2466619277,2466620386,15973,1109
4853.192246,2466628134,2466629242,15686,1108
4853.204267,2466637011,2466638121,15943,1110
4853.216288,2466645878,2466646992,15962,1114
4853.228307,2466654710,2466655818,15634,1108
4853.240336,2466663579,2466664694,15948,1115
4853.252358,2466672490,2466673595,15940,1105
4853.264376,2466681357,2466682475,15666,1118
4853.276404,2466690227,2466691341,16034,1114
4853.289934,2466698684,2466699794,16042,1110
4853.301952,2466707573,2466708685,15930,1112
4853.312335,2466716445,2466717562,15601,1117
4853.325999,2466725324,2466726440,15945,1116
4853.341029,2466736393,2466737506,15710,1113
4853.353050,2466745258,2466746370,15946,1112
4853.368073,2466756321,2466757433,15637,1112
4853.380101,2466765188,2466766301,15945,1113
4853.392122,2466774061,2466775174,15849,1113
4853.404141,2466782949,2466784065,15677,1116
4853.416171,2466791824,2466792938,15946,1114
4853.428191,2466800704,2466801818,15964,1114
4853.446228,2466813980,2466815092,15948,1112
4853.458246,2466822824,2466823936,15629,1112
4853.482294,2466840548,2466841664,15963,1116
4853.509346,2466860512,2466861620,15970,1108
4853.521364,2466869392,2466870504,15601,1112
4853.533393,2466878254,2466879368,15947,1114
4853.548415,2466889326,2466890439,15628,1113
4853.560445,2466898199,2466899315,16015,1116
4853.575467,2466909267,2466910380,15711,1113
4853.587498,2466918139,2466919224,15886,1085
4853.599518,2466927007,2466928121,16024,1114
4853.611536,2466936262,2466937370,15709,1108
4853.623566,2466945141,2466946257,15941,1116
4853.635585,2466954018,2466955132,15961,1114
4853.647604,2466962876,2466963984,15628,1108
4853.659635,2466971772,2466972883,15966,1111
4853.671654,2466980650,2466981760,16054,1110
4853.683676,2466989540,2466990657,15913,1117
4853.695706,2466998454,2466999561,16032,1107
4853.707722,2467007306,2467008417,16049,1111
4853.719741,2467016154,2467017266,15712,1112
4853.731772,2467025029,2467026139,16035,1110
4853.743793,2467033883,2467034997,15950,1114
4853.764827,2467049375,2467050484,15710,1109
4853.776858,2467058250,2467059329,15884,1079
4853.788877,2467067096,2467068211,15944,1115
4853.800896,2467075989,2467077100,15682,1111
4853.812927,2467084855,2467085938,15891,1083
4853.824945,2467093693,2467094803,15876,1110
4853.836972,2467102525,2467103636,15712,1111
4853.848993,2467111400,2467112513,15940,1113
4853.861015,2467120259,2467121360,15968,1101
4853.873033,2467129147,2467130257,15601,1110
4853.885062,2467138020,2467139135,15857,1115
4853.897084,2467146917,2467148037,15934,1120
4853.909102,2467155768,2467156875,15632,1107
4853.921130,2467164646,2467165759,15948,1113
4853.933151,2467173521,2467174631,15959,1110
4853.957199,2467191228,2467192339,15948,1111
4853.969219,2467200093,2467201202,15964,1109
4853.985251,2467213382,2467214493,15847,1111
4854.008290,2467228876,2467229989,15632,1113
4854.020319,2467237739,2467238853,15947,1114
4854.032340,2467246616,2467247730,16047,1114
4854.044359,2467255463,2467256575,15714,1112
4854.068409,2467273192,2467274299,15967,1107
4854.080427,2467282088,2467283199,15630,1111
4854.119507,2467310914,2467312023,15945,1109
4854.131528,2467319771,2467320885,15964,1114
4854.143549,2467328621,2467329729,15632,1108
4854.155576,2467337481,2467338597,16030,1116
4854.176614,2467352983,2467354094,16053,1111
4854.188636,2467361885,2467362992,15935,1107
4854.200662,2467370768,2467371882,16030,1114
4854.236734,2467397374,2467398484,16077,1110
4854.248752,2467406247,2467407363,16053,1116
4854.260771,2467415093,2467416201,15630,1108
4854.272799,2467423971,2467425082,15944,1111
4854.284820,2467432852,2467433966,15943,1114
4854.299851,2467443950,2467445066,16033,1116
4854.336928,2467472770,2467473885,16041,1115
4854.365974,2467492735,2467493845,15964,1110
4854.377993,2467501585,2467502689,15633,1104
4854.390026,2467510478,2467511588,15960,1110
4854.405045,2467521533,2467522641,15636,1108
4854.417074,2467530394,2467531507,15934,1113
4854.429095,2467539251,2467540369,15968,1118
4854.444125,2467550321,2467551434,16031,1113
4854.456146,2467559193,2467560307,15882,1114
4854.468165,2467568052,2467569162,15602,1110
4854.480193,2467576910,2467578026,15940,1116
4854.492216,2467585825,2467586944,15933,1119
4854.504233,2467594646,2467595754,15713,1108
4854.516262,2467603504,2467604615,16027,1111
4854.544327,2467625630,2467626746,15964,1116
4854.567353,2467641157,2467642274,15707,1117
4854.579384,2467650031,2467651109,15887,1078
4854.591404,2467658885,2467659999,15929,1114
4854.603421,2467667729,2467668834,15589,1105
4854.615451,2467676571,2467677685,15941,1114
4854.627472,2467685448,2467686553,15961,1105
4854.639490,2467694285,2467695401,15630,1116
4854.651519,2467703172,2467704288,16036,1116
4854.663540,2467712051,2467713170,16054,1119
4854.675559,2467720890,2467721996,15630,1106
4854.687592,2467729789,2467730903,16097,1114
4854.699609,2467738663,2467739782,16050,1119
4854.741691,2467769647,2467770754,16030,1107
4854.753712,2467778510,2467779615,16050,1105
4854.765731,2467787347,2467788455,15711,1108
4854.777760,2467796211,2467797319,16031,1108
4854.792782,2467807303,2467808410,15679,1107
4854.804811,2467816163,2467817283,16034,1120
4854.825849,2467831690,2467832806,16049,1116
4854.837868,2467840533,2467841641,15712,1108
4854.856912,2467856032,2467857145,16029,1113
4854.888970,2467878233,2467879337,15936,1104
4854.900988,2467887064,2467888170,15715,1106
4854.913017,2467895905,2467897020,16032,1115
4854.961107,2467931331,2467932434,16053,1103
4854.973125,2467940212,2467941323,15680,1111
4854.985158,2467949105,2467950215,16045,1110
4854.997174,2467957974,2467959090,16049,1116
4855.009194,2467966826,2467967938,15551,1112
4855.063297,2468006659,2468007771,15627,1112
4855.075325,2468015510,2468016617,15948,1107
4855.093359,2468028828,2468029942,15939,1114
4855.105381,2468037701,2468038816,15964,1115
4855.117400,2468046945,2468048061,15630,1116
4855.159483,2468077988,2468079098,16055,1110
4855.231623,2468131122,2468132236,16036,1114
4855.243639,2468139967,2468141074,15712,1107
4855.255668,2468148809,2468149928,16027,1119
4855.268698,2468159892,2468161007,15709,1115
4855.300754,2468182076,2468183180,15946,1104
4855.312775,2468190951,2468192072,16054,1121
4855.324802,2468199834,2468200942,15765,1108
4855.345840,2468215319,2468216436,16033,1117
4855.357860,2468224199,2468225308,15962,1109
4855.375895,2468237483,2468238595,15852,1112
4855.387914,2468246386,2468247499,15597,1113
4855.399943,2468255259,2468256366,15948,1107
4855.417981,2468268578,2468269689,15958,1111
4855.430001,2468277456,2468278574,15952,1118
4855.466066,2468304041,2468305149,15962,1108
4855.478088,2468312906,2468314020,15832,1114
4855.508148,2468335052,2468336161,15945,1109
4855.520170,2468343981,2468345091,15928,1110
4855.532188,2468352817,2468353930,15712,1113
4855.550222,2468366081,2468367191,15705,1110
4855.562251,2468374924,2468376044,16030,1120
4855.580290,2468388259,2468389369,16051,1110
4855.592307,2468397121,2468398234,15962,1113
4855.604325,2468405965,2468407077,15716,1112
4855.616354,2468414840,2468415954,16033,1114
4855.632386,2468428216,2468429332,16071,1116
4855.655426,2468443860,2468444976,15918,1116
4855.667454,2468452820,2468453935,15979,1115
4855.679478,2468461761,2468462880,16072,1119
4855.691494,2468470709,2468471825,15916,1116
4855.703514,2468479599,2468480709,15596,1110
4855.715544,2468488541,2468489652,16055,1111
4855.727566,2468497409,2468498522,16037,1113
4855.739583,2468506266,2468507376,15672,1110
4855.751612,2468515139,2468516258,16034,1119
4855.769645,2468528445,2468529559,16027,1114
4855.781668,2468537352,2468538468,16020,1116
4855.799702,2468550635,2468551745,16055,1110
4855.811720,2468559501,2468560618,15597,1117
4855.823752,2468568366,2468569480,16082,1114
4855.835770,2468577212,2468578322,16052,1110
4855.847788,2468586053,2468587165,15710,1112
4855.859817,2468594926,2468596035,16037,1109
4855.871838,2468603793,2468604903,15942,1110
4855.889872,2468617102,2468618211,16050,1109
4855.901891,2468625915,2468627023,15716,1108
4855.913922,2468634773,2468635883,16027,1110
4855.925944,2468643647,2468644755,15950,1108
4856.010097,2468705648,2468706749,15631,1101
4856.022129,2468714501,2468715615,15991,1114
4856.034147,2468723375,2468724489,15970,1114
4856.046166,2468732258,2468733374,15679,1116
4856.106284,2468776585,2468777699,16049,1114
4856.121320,2468787661,2468788770,16079,1109
4856.133335,2468796541,2468797660,15966,1119
4856.148366,2468807611,2468808722,15940,1111
4856.160388,2468816502,2468817613,16022,1111
4856.193452,2468840900,2468842007,16031,1107
4856.205473,2468849769,2468850874,16051,1105
4856.220506,2468860834,2468861944,16077,1110
4856.232524,2468869696,2468870810,16056,1114
4856.244543,2468878572,2468879684,15597,1112
4856.256572,2468887449,2468888563,15944,1114
4856.295644,2468916283,2468917394,15960,1111
4856.307663,2468925126,2468926239,15631,1113
4856.319695,2468933994,2468935108,15995,1114
4856.331714,2468942898,2468944008,15961,1110
4856.343731,2468951752,2468952866,15633,1114
4856.355760,2468960630,2468961743,15857,1113
4856.367782,2468969524,2468970642,15855,1118
4856.379800,2468978405,2468979518,15558,1113
4856.400847,2468993900,2468995019,15944,1119
4856.412867,2469002779,2469003895,15964,1116
4856.428898,2469016074,2469017185,15962,1111
4856.488006,2469058200,2469059308,15709,1108
4856.500037,2469067101,2469068181,15857,1080
4856.512055,2469075933,2469077049,16050,1116
4856.524074,2469084777,2469085887,15713,1110
4856.537601,2469094798,2469095908,15633,1110
4856.555635,2469108114,2469109222,15678,1108
4856.567666,2469117089,2469118199,15946,1110
4856.588701,2469132589,2469133694,15962,1105
4856.600720,2469141419,2469142530,15633,1111
4856.615753,2469152511,2469153630,15858,1119
4856.626282,2469160508,2469161612,15957,1104
4856.639801,2469170646,2469171765,15946,1119
4856.651821,2469179527,2469180635,15964,1108
4856.663848,2469188350,2469189460,15717,1110
4856.675871,2469197219,2469198300,15803,1081
4856.687890,2469206073,2469207189,15962,1116
4856.699909,2469214904,2469216016,15629,1112
4856.711938,2469223782,2469224897,15944,1115
4856.723960,2469232676,2469233786,16023,1110
4856.735977,2469241524,2469242635,15551,1111
4856.748006,2469250396,2469251510,15987,1114
4856.760029,2469259272,2469260388,16052,1116
4856.772046,2469268114,2469269225,15673,1111
4856.784075,2469276980,2469278091,16035,1111
4856.796096,2469285852,2469286963,16054,1111
4856.808115,2469294720,2469295828,15647,1108
4856.820148,2469303611,2469304722,16048,1111
4856.832164,2469312472,2469313586,16035,1114
4856.844183,2469321316,2469322423,15715,1107
4856.859216,2469332406,2469333510,15964,1104
4856.874246,2469343496,2469344612,15943,1116
4856.904302,2469365663,2469366779,15964,1116
4856.916323,2469374522,2469375638,15830,1116
4856.940370,2469392264,2469393374,15973,1110
4856.952389,2469401169,2469402275,15600,1106
4856.964421,2469410031,2469411141,15986,1110
4856.976439,2469418890,2469420006,15967,1116
4857.004995,2469439955,2469441069,16040,1114
4857.017018,2469448831,2469449941,16035,1110
4857.032047,2469459880,2469460993,16031,1113
4857.044067,2469468743,2469469857,16048,1114
4857.056086,2469477618,2469478729,15679,1111
4857.074120,2469490924,2469492032,15671,1108
4857.086150,2469499780,2469500896,16038,1116
4857.152274,2469548545,2469549659,16021,1114
4857.164295,2469557445,2469558554,15822,1109
4857.176322,2469566308,2469567424,15956,1116
4857.188342,2469575178,2469576289,15966,1111
4857.200360,2469584026,2469585135,15628,1109
4857.269498,2469634929,2469636045,15934,1116
4857.281515,2469643796,2469644904,15587,1108
4857.356664,2469699121,2469700234,15950,1113
4857.368686,2469708037,2469709146,15931,1109
4857.475384,2469786850,2469787961,15622,1111
4857.487413,2469795728,2469796839,15953,1111
4857.499433,2469804605,2469805715,16054,1110
4857.511455,2469813473,2469814585,15917,1112
4857.529490,2469826793,2469827906,15908,1113
4857.541516,2469835663,2469836777,16042,1114
4857.577585,2469862245,2469863361,16036,1116
4857.589607,2469871139,2469872250,16052,1111
4857.631687,2469902133,2469903242,15952,1109
4857.643708,2469910987,2469912101,15966,1114
4857.655734,2469919825,2469920933,15708,1108
4857.667756,2469928699,2469929815,15953,1116
4857.685791,2469941972,2469943082,15946,1110
4857.697812,2469950838,2469951947,15963,1109
4857.784979,2470015119,2470016230,15952,1111
4857.796999,2470024006,2470025111,16051,1105
4857.869138,2470077236,2470078345,16022,1109
4857.881155,2470086086,2470087200,15710,1114
4857.893184,2470094946,2470096060,16008,1114
4857.992373,2470168050,2470169161,15950,1111
4858.004394,2470176933,2470178046,15943,1113
4858.055496,2470214620,2470215734,15995,1114
4858.067516,2470223474,2470224583,15969,1109
4858.079532,2470232302,2470233416,15625,1114
4858.091562,2470241160,2470242273,15951,1113
4858.103582,2470250024,2470251140,15850,1116
4858.115601,2470258893,2470260001,15596,1108
4858.127631,2470267754,2470268874,15953,1120
4858.138145,2470275722,2470276838,15784,1116
4858.150179,2470284842,2470285958,15965,1116
4858.162195,2470293756,2470294870,15931,1114
4858.186242,2470311462,2470312572,15949,1110
4858.198263,2470320302,2470321406,15961,1104
4858.213293,2470331355,2470332469,15944,1114
4858.225313,2470340233,2470341342,15961,1109
4858.237335,2470349076,2470350193,15625,1117
4858.267400,2470371300,2470372413,15961,1113
4858.312482,2470404533,2470405650,15945,1117
4858.324502,2470413408,2470414517,15962,1109
4858.336522,2470422256,2470423364,15630,1108
4858.348555,2470431148,2470432259,15964,1111
4858.405659,2470473266,2470474375,16035,1109
4858.417676,2470482174,2470483287,15632,1113
4858.436721,2470497704,2470498808,15949,1104
4858.540914,2470572945,2470574053,15962,1108
4858.552936,2470581783,2470582897,15824,1114
4858.613051,2470626103,2470627207,15964,1104
4858.625070,2470634985,2470636090,15595,1105
4858.641111,2470648272,2470649377,15626,1105
4858.694205,2470685933,2470687048,15959,1115
4858.706225,2470694776,2470695888,15628,1112
4858.745305,2470723547,2470724658,15944,1111
4858.757327,2470732442,2470733543,15936,1101
4858.820446,2470778919,2470780033,15965,1114
4858.832464,2470787777,2470788880,15624,1103
4858.847497,2470798855,2470799960,15853,1105
4858.859516,2470807720,2470808828,15590,1108
4858.871545,2470816566,2470817680,16039,1114
4858.889580,2470829859,2470830970,16033,1111
4858.901603,2470838727,2470839832,16040,1105
4858.913618,2470847582,2470848699,15669,1117
4858.925648,2470856445,2470857555,16040,1110
4858.956716,2470880796,2470881912,15669,1116
4859.015820,2470922930,2470924041,16037,1111
4859.027840,2470931801,2470932910,16054,1109
4859.057893,2470954005,2470955114,15601,1109
4859.069921,2470962880,2470963992,15940,1112
4859.081943,2470971745,2470972863,15963,1118
4859.093968,2470980582,2470981690,15710,1108
4859.105990,2470989441,2470990553,15933,1112
4859.161094,2471031512,2471032622,15958,1110
4859.208183,2471064720,2471065831,15962,1111
4859.220201,2471073556,2471074671,15645,1115
4859.232230,2471082429,2471083537,15936,1108
4859.244251,2471091301,2471092414,15868,1113
4859.256270,2471100160,2471101269,15608,1109
4859.268298,2471109026,2471110141,15932,1115
4859.376504,2471188731,2471189845,15930,1114
4859.388526,2471197610,2471198718,15960,1108
4859.400544,2471206451,2471207559,15722,1108
4859.445633,2471239704,2471240814,15924,1110
4859.457658,2471248590,2471249706,15937,1116
4859.481699,2471266304,2471267407,15640,1103
4859.493730,2471275151,2471276261,15985,1110
4859.508750,2471286182,2471287288,15634,1106
4859.559852,2471323816,2471324926,15960,1110
4859.580888,2471339280,2471340397,15643,1117
4859.592918,2471348157,2471349273,15982,1116
4859.604937,2471357022,2471358130,15965,1108
4859.645018,2471388019,2471389130,15948,1111
4859.660544,2471398035,2471399140,15934,1105
4859.672568,2471407338,2471408443,15936,1105
4859.687596,2471418389,2471419507,15938,1118
4859.699619,2471427294,2471428404,15935,1110
4859.717652,2471440572,2471441681,16048,1109
4859.729671,2471449400,2471450517,15720,1117
4859.804818,2471504784,2471505904,16025,1120
4859.819842,2471515860,2471516970,15724,1110
4859.855911,2471542414,2471543524,15724,1110
4859.867939,2471551299,2471552413,15939,1114
4859.879960,2471560175,2471561289,15965,1114
4859.891982,2471569068,2471570179,15840,1111
4859.904007,2471577945,2471579059,15943,1114
4859.916029,2471586821,2471587934,15966,1113
4859.928051,2471595735,2471596846,15843,1111
4859.940079,2471604602,2471605715,15985,1113
4859.952097,2471613469,2471614579,15970,1110
4859.964116,2471622291,2471623399,15561,1108
4859.976146,2471631149,2471632233,15792,1084
4859.988166,2471639979,2471641093,15866,1114
4860.000185,2471648837,2471649944,15608,1107
4860.012213,2471657672,2471658783,15932,1111
4860.024235,2471666534,2471667640,15969,1106
4860.045271,2471682047,2471683158,15637,1111
4860.057299,2471690907,2471692025,15939,1118
4860.072322,2471701997,2471703103,15638,1106
4860.084350,2471710868,2471711984,15853,1116
4860.105389,2471726441,2471727559,15965,1118
4860.117408,2471735287,2471736391,15643,1104
4860.135449,2471748546,2471749652,15712,1106
4860.147470,2471757380,2471758498,15850,1118
4860.165504,2471770685,2471771803,15933,1118
4860.177526,2471779556,2471780675,15965,1119
4860.195562,2471792892,2471794006,15933,1114
4860.207579,2471801722,2471802833,15645,1111
4860.219607,2471810605,2471811719,15936,1114
4860.231629,2471819441,2471820546,15963,1105
4860.243648,2471828267,2471829375,15641,1108
4860.255676,2471837130,2471838239,15942,1109
4860.267698,2471846022,2471847136,15961,1114
4860.279716,2471854864,2471855976,15639,1112
4860.291749,2471863760,2471864873,15953,1113
4860.303766,2471872627,2471873744,15962,1117
4860.315785,2471881461,2471882569,15645,1108
4860.327813,2471890321,2471891437,15931,1116
4860.339837,2471899186,2471900293,15947,1107
4860.351854,2471908011,2471909122,15647,1111
4860.363882,2471916902,2471918013,15943,1111
4860.381917,2471930177,2471931283,15936,1106
4860.393939,2471939058,2471940172,15932,1114
4860.457058,2471985547,2471986656,15964,1109
4860.469077,2471994388,2471995496,15639,1108
4860.559248,2472060840,2472061951,15722,1111
4860.574281,2472071940,2472073056,16055,1116
4860.661448,2472136109,2472137220,16021,1111
4860.673471,2472144985,2472146094,16051,1109
4860.692515,2472160502,2472161608,15691,1106
4860.712540,2472173778,2472174885,15721,1107
4860.724568,2472182628,2472183742,16021,1114
4860.740601,2472195992,2472197110,16043,1118
4860.769658,2472216104,2472217223,15979,1119
4860.781673,2472225036,2472226151,15829,1115
4860.793702,2472233975,2472235091,15910,1116
4860.805726,2472242913,2472244020,15971,1107
4860.871847,2472291585,2472292698,16051,1113
4860.883869,2472300468,2472301581,15935,1113
4860.895894,2472309363,2472310474,16027,1111
4860.907915,2472318223,2472319343,16048,1120
4860.925949,2472331517,2472332630,16051,1113
4860.937968,2472340363,2472341474,15724,1111
4860.980053,2472371367,2472372477,15957,1110
4860.992071,2472380230,2472381342,15691,1112
4861.004102,2472389116,2472390199,15796,1083
4861.016121,2472397956,2472399070,15962,1114
4861.028146,2472406794,2472407906,15711,1112
4861.040168,2472415656,2472416765,15937,1109
4861.085258,2472448885,2472449996,15948,1111
4861.097276,2472457775,2472458889,16049,1114
4861.127335,2472479922,2472481033,15714,1111
4861.139357,2472488790,2472489898,15933,1108
4861.151378,2472497660,2472498773,15964,1113
4861.169412,2472510917,2472512022,15964,1105
4861.181435,2472520151,2472521265,15840,1114
4861.193460,2472529016,2472530123,15939,1107
4861.256580,2472575479,2472576593,16025,1114
4861.268601,2472584362,2472585472,16057,1110
4861.292648,2472602078,2472603192,16023,1114
4861.304670,2472610963,2472612077,15962,1114
4861.340739,2472637560,2472638675,15968,1115
4861.352757,2472646437,2472647539,15608,1102
4861.403858,2472684121,2472685231,15963,1110
4861.415877,2472692944,2472694051,15639,1107
4861.427908,2472701797,2472702902,15983,1105
4861.439927,2472710661,2472711771,15971,1110
4861.460963,2472726169,2472727277,15635,1108
4861.472993,2472735019,2472736100,15793,1081
4861.500043,2472754903,2472756010,15938,1107
4861.512065,2472763804,2472764923,16021,1119
4861.524089,2472772655,2472773769,15794,1114
4861.536112,2472781512,2472782622,16023,1110
4861.617266,2472841257,2472842375,16020,1118
4861.629290,2472850129,2472851238,16045,1109
4861.641306,2472858994,2472860111,15605,1117
4861.653334,2472867855,2472868964,15939,1109
4861.671369,2472881130,2472882239,15938,1109
4861.683392,2472890010,2472891124,15939,1114
4861.695409,2472898854,2472899966,15642,1112
4861.707439,2472907716,2472908795,15800,1079
4861.719460,2472916732,2472917840,15934,1108
4861.731478,2472925564,2472926667,15640,1103
4861.743506,2472934416,2472935529,15889,1113
4861.764545,2472949925,2472951039,15968,1114
4861.776566,2472958821,2472959930,15856,1109
4861.839683,2473005263,2473006374,15638,1111
4861.851712,2473014122,2473015233,15938,1111
4861.863733,2473022978,2473024083,15967,1105
4861.875755,2473031846,2473032956,15842,1110
4861.896797,2473047347,2473048461,15941,1114
4861.908819,2473056202,2473057310,15967,1108
4861.924858,2473069546,2473070664,16037,1118
4861.947889,2473085029,2473086140,15707,1111
4861.959918,2473093907,2473095021,16035,1114
4861.971939,2473102755,2473103857,15859,1102
4861.983958,2473111623,2473112736,15592,1113
4861.994492,2473117449,2473118283,14668,834
4862.006507,2473122775,2473123396,11959,621
4862.074132,2473168291,2473169401,15837,1110
4862.086163,2473177186,2473178297,15898,1111
4862.098184,2473186089,2473187199,15972,1110
4862.110201,2473194985,2473196093,15844,1108
4862.122231,2473203908,2473205024,15908,1116
4862.134254,2473212824,2473213937,15991,1113
4862.149281,2473223976,2473225090,15992,1114
4862.161306,2473232875,2473233988,16077,1113
4862.173321,2473241790,2473242905,15928,1115
4862.185354,2473250704,2473251819,15995,1115
4862.197373,2473259599,2473260709,15970,1110
4862.209389,2473268487,2473269606,15842,1119
4862.221419,2473277392,2473278495,15913,1103
4862.233443,2473286290,2473287399,15989,1109
4862.245458,2473295195,2473296309,15828,1114
4862.257487,2473304110,2473305225,15907,1115
4862.269510,2473313016,2473314129,15911,1113
4862.281527,2473321930,2473323045,15841,1115
4862.320607,2473350885,2473351995,15907,1110
4862.332632,2473359809,2473360925,15993,1116
4862.344647,2473368708,2473369819,15829,1111
4862.356676,2473377611,2473378731,15910,1120
4862.383729,2473397643,2473398762,15906,1119
4862.395752,2473406563,2473407679,15930,1116
4862.407767,2473415471,2473416585,15845,1114
4862.425801,2473428829,2473429943,15825,1114
4862.437830,2473437750,2473438858,15908,1108
4862.492933,2473480025,2473481131,15970,1106
4862.508331,2473488790,2473489697,15457,907
4862.523492,2473499702,2473500816,15901,1114
4862.535520,2473508637,2473509753,15996,1116
4862.547532,2473517541,2473518660,15828,1119
4862.559561,2473526451,2473527560,15820,1109
4862.571584,2473535360,2473536477,15977,1117
4862.583604,2473544281,2473545392,15964,1111
4862.595632,2473553205,2473554315,15981,1110
4862.607653,2473562088,2473563204,16062,1116
4862.619671,2473570996,2473572101,15913,1105
4862.631699,2473579882,2473580992,15819,1110
4862.643723,2473588781,2473589899,16056,1118
4862.655738,2473597672,2473598782,15914,1110
4862.667769,2473606570,2473607689,15998,1119
4862.679790,2473615476,2473616586,16061,1110
4862.693318,2473625710,2473626824,15992,1114
4862.716867,2473644850,2473645954,15822,1104
4862.733895,2473655977,2473657091,15994,1114
4862.745910,2473664908,2473666017,15830,1109
4862.769962,2473682709,2473683819,15974,1110
4862.781978,2473691595,2473692710,15843,1115
4862.794009,2473700502,2473701615,15868,1113
4862.806030,2473709407,2473710526,15974,1119
4862.818047,2473718318,2473719423,15825,1105
4862.845098,2473738367,2473739478,15827,1111
4862.857128,2473747274,2473748393,16001,1119
4862.872150,2473758408,2473759528,15932,1120
4862.884181,2473767336,2473768445,16000,1109
4862.896202,2473776241,2473777351,16068,1110
4862.908218,2473785138,2473786249,15934,1111
4862.920247,2473794049,2473795168,15904,1119
4862.932274,2473802964,2473804083,15992,1119
4862.944287,2473811882,2473812992,15917,1110
4862.956316,2473820789,2473821908,15994,1119
4862.968339,2473829699,2473830813,15979,1114
4862.980356,2473838600,2473839714,15848,1114
4862.992386,2473847522,2473848632,15906,1110
4863.016424,2473865314,2473866434,15827,1120
4863.028453,2473874193,2473875303,15905,1110
4863.052493,2473892017,2473893135,15917,1118
4863.064523,2473900909,2473902017,15824,1108
4863.076545,2473909816,2473910931,15971,1115
4863.088561,2473918739,2473919849,15815,1110
4863.100592,2473927634,2473928743,15911,1109
4863.115613,2473938775,2473939885,15911,1110
4863.127642,2473947674,2473948788,15912,1114
4863.139668,2473956590,2473957708,15990,1118
4863.151684,2473965513,2473966622,15932,1109
4863.163711,2473974408,2473975521,15997,1113
4863.175732,2473983316,2473984432,16051,1116
4863.187750,2473992241,2473993348,15947,1107
4863.199779,2474001155,2474002270,15909,1115
4863.211802,2474010061,2474011174,15918,1113
4863.223818,2474018964,2474020072,15841,1108
4863.235846,2474027843,2474028952,15906,1109
4863.247872,2474036739,2474037849,15977,1110
4863.259893,2474045640,2474046750,15861,1110
4863.271916,2474054534,2474055648,15908,1114
4863.283938,2474063437,2474064548,15964,1111
4863.295956,2474072358,2474073472,15775,1114
4863.307985,2474081279,2474082390,15820,1111
4863.320008,2474090193,2474091307,15979,1114
4863.332024,2474099104,2474100214,15842,1110
4863.344052,2474108009,2474109123,15906,1114
4863.356076,2474116949,2474118072,15948,1123
4863.389140,2474141475,2474142595,15905,1120
4863.401160,2474150394,2474151508,15960,1114
4863.449247,2474186018,2474187136,15840,1118
4863.461277,2474194924,2474196040,15910,1116
4863.476299,2474206053,2474207164,15860,1111
4863.488328,2474214946,2474216059,15909,1113
4863.527402,2474243843,2474244953,15974,1110
4863.537424,2474251899,2474253008,15826,1109
4863.549944,2474260806,2474261917,15962,1111
4863.561964,2474269738,2474270852,15824,1114
4863.592025,2474291988,2474293098,15900,1110
4863.604049,2474300887,2474302000,16083,1113
4863.616065,2474309786,2474310895,15935,1109
4863.628095,2474318711,2474319830,15999,1119
4863.640116,2474327597,2474328707,15932,1110
4863.652133,2474336503,2474337618,15847,1115
4863.664162,2474345402,2474346513,15902,1111
4863.682197,2474358772,2474359883,15996,1111
4863.694221,2474367660,2474368770,16075,1110
4863.706243,2474376548,2474377667,15900,1119
4863.721271,2474387694,2474388809,15973,1115
4863.733288,2474396593,2474397707,15942,1114
4863.757341,2474414407,2474415521,15999,1114
4863.773864,2474426863,2474427978,15847,1115
4863.785895,2474435786,2474436888,15999,1102
4863.797916,2474444680,2474445789,15974,1109
4863.809933,2474453566,2474454685,15821,1119
4863.824970,2474464707,2474465817,15990,1110
4863.836985,2474473610,2474474723,15834,1113
4863.861037,2474491431,2474492545,15978,1114
4863.873053,2474500354,2474501467,15846,1113
4863.909123,2474527047,2474528158,15830,1111
4863.921151,2474535955,2474537070,15820,1115
4863.957221,2474562654,2474563775,15912,1121
4863.973256,2474576182,2474577296,15906,1114
4863.993288,2474589532,2474590643,15904,1111
4864.005311,2474598419,2474599538,15918,1119
4864.068429,2474645154,2474646270,15961,1116
4864.080447,2474654067,2474655175,15859,1108
4864.107499,2474674082,2474675196,15839,1114
4864.119526,2474682996,2474684101,15904,1105
4864.131551,2474691864,2474692975,15982,1111
4864.143567,2474700761,2474701875,15847,1114
4864.155597,2474709658,2474710773,15910,1115
4864.167618,2474718565,2474719673,15959,1108
4864.179637,2474727491,2474728605,15758,1114
4864.191667,2474736405,2474737516,15912,1111
4864.202190,2474744409,2474745520,15909,1111
4864.214212,2474753339,2474754455,15907,1116
4864.226231,2474762236,2474763350,16065,1114
4864.241262,2474773366,2474774484,15999,1118
4864.253284,2474782282,2474783388,16002,1106
4864.284348,2474806745,2474807858,15994,1113
4864.328419,2474837944,2474839054,15843,1110
4864.340450,2474846835,2474847951,15859,1116
4864.352473,2474855745,2474856864,15914,1119
4864.373505,2474871334,2474872450,15823,1116
4864.385536,2474880261,2474881375,15909,1114
4864.445642,2474924824,2474925939,15937,1115
4864.457671,2474933741,2474934857,15994,1116
4864.488735,2474958209,2474959319,15912,1110
4864.559867,2475009383,2475010502,15991,1119
4864.571882,2475018284,2475019396,15785,1112
4864.583911,2475027177,2475028293,15904,1116
4864.674082,2475093980,2475095094,15990,1114
4864.686107,2475102879,2475103991,15992,1112
4864.713158,2475122921,2475124031,15975,1110
4864.725174,2475131815,2475132928,15843,1113
4864.788294,2475178524,2475179638,15826,1114
4864.800324,2475187442,2475188556,15994,1114
4864.812346,2475196369,2475197474,15973,1105
4864.839397,2475216381,2475217492,15979,1111
4864.851414,2475225277,2475226391,15825,1114
4864.863443,2475234173,2475235284,15910,1111
4864.875467,2475243063,2475244176,15993,1113
4864.893501,2475256401,2475257515,15984,1114
4864.905516,2475265297,2475266413,15841,1116
4864.944599,2475294241,2475295357,15905,1116
4864.956622,2475303135,2475304249,15989,1114
4865.007719,2475340931,2475342042,15907,1111
4865.019740,2475350036,2475351147,15972,1111
4865.031757,2475358953,2475360057,15932,1104
4865.049791,2475372292,2475373397,15906,1105
4865.061820,2475381190,2475382304,15995,1114
4865.112911,2475419053,2475420171,15931,1118
4865.124942,2475427970,2475429086,15993,1116
4865.157997,2475452467,2475453578,15916,1111
4865.170025,2475461365,2475462482,15992,1117
4865.212100,2475492535,2475493653,15931,1118
4865.224129,2475501468,2475502578,15966,1110
4865.236150,2475510375,2475511491,16050,1116
4865.248168,2475519280,2475520394,15842,1114
4865.260195,2475528175,2475529284,15905,1109
4865.272220,2475537081,2475538200,15975,1119
4865.320306,2475572713,2475573827,15861,1114
4865.332334,2475581630,2475582748,15817,1118
4865.356374,2475599438,2475600546,15835,1108
4865.368401,2475608332,2475609450,15991,1118
4865.416493,2475643950,2475645060,16044,1110
4865.428513,2475653057,2475654173,15857,1116
4865.440540,2475661958,2475663072,15902,1114
4865.452563,2475670874,2475671985,15975,1111
4865.473597,2475686459,2475687563,15839,1104
4865.485624,2475695346,2475696463,15995,1117
4865.527703,2475726516,2475727629,15971,1113
4865.539729,2475735440,2475736544,15996,1104
4865.551752,2475744340,2475745444,15980,1104
4865.569786,2475757675,2475758787,15975,1112
4865.581803,2475766584,2475767698,15844,1114
4865.629901,2475802196,2475803307,15908,1111
4865.641924,2475811303,2475812417,15916,1114
4865.702037,2475855823,2475856932,15904,1109
4865.712329,2475865127,2475866237,15959,1110
4865.733101,2475880721,2475881820,15857,1099
4865.745124,2475889614,2475890727,15904,1113
4865.774173,2475909642,2475910756,15907,1114
4865.786198,2475918545,2475919658,16064,1113
4865.798214,2475927495,2475928608,15943,1113
4865.808327,2475936422,2475937541,15918,1119
4865.825266,2475947605,2475948722,15858,1117
4865.837296,2475956542,2475957657,15920,1115
4865.849322,2475965493,2475966612,15989,1119
4865.864346,2475976676,2475977792,15902,1116
4865.876371,2475985620,2475986739,16075,1119
4865.888393,2475994563,2475995682,15995,1119
4865.900416,2476003502,2476004620,15900,1118
4865.924454,2476021298,2476022413,15844,1115
4865.936485,2476030207,2476031320,15907,1113
4865.951506,2476041352,2476042460,15918,1108
4865.963537,2476050258,2476051369,15902,1111
4865.975559,2476059159,2476060266,15989,1107
4865.987582,2476068065,2476069174,15904,1109
4865.999605,2476076979,2476078090,15909,1111
4866.011627,2476085885,2476086999,15979,1114
4866.023643,2476094815,2476095925,15848,1110
4866.035673,2476103709,2476104827,15904,1118
4866.056712,2476119336,2476120450,16062,1114
4866.068729,2476128255,2476129366,15927,1111
4866.164918,2476199485,2476200601,16063,1116
4866.176934,2476208406,2476209516,15931,1110
4866.188964,2476217303,2476218407,15909,1104
4866.200985,2476226205,2476227315,15959,1110
4866.213000,2476235272,2476236383,15609,1111
4866.228032,2476246337,2476247446,15959,1109
4866.249069,2476261823,2476262940,15608,1117
4866.261097,2476270716,2476271830,16026,1114
4866.273119,2476279599,2476280710,16046,1111
4866.345257,2476332764,2476333878,15930,1114
4866.357275,2476341607,2476342715,15643,1108
4866.369303,2476350470,2476351583,15934,1113
4866.381324,2476359347,2476360457,15872,1110
4866.399359,2476372649,2476373763,16050,1114
4866.411377,2476381491,2476382599,15682,1108
4866.429412,2476394799,2476395907,15704,1108
4866.441445,2476403689,2476404804,16052,1115
4866.456463,2476414738,2476415855,15707,1117
4866.468493,2476423605,2476424719,15950,1114
4866.489533,2476439109,2476440223,15952,1114
4866.501549,2476447987,2476449101,15599,1114
4866.513579,2476456864,2476457972,16035,1108
4866.525599,2476465715,2476466831,16047,1116
4866.555652,2476487838,2476488947,15711,1109
4866.567683,2476496693,2476497774,15935,1081
4866.579701,2476505517,2476506635,16055,1118
4866.591720,2476514365,2476515478,15709,1113
4866.603750,2476523237,2476524355,16037,1118
4866.615770,2476532120,2476533229,15964,1109
4866.627789,2476540946,2476542048,15634,1102
4866.645824,2476554255,2476555363,15592,1108
4866.657853,2476563117,2476564231,15953,1114
4866.672875,2476574186,2476575290,15627,1104
4866.684907,2476583045,2476584156,15993,1111
4866.700937,2476596323,2476597435,15949,1112
4866.805131,2476671550,2476672654,16053,1104
4866.817149,2476680399,2476681506,15671,1107
4866.856230,2476709218,2476710329,16035,1111
4866.868251,2476718085,2476719194,16050,1109
4866.889286,2476733577,2476734690,15628,1113
4866.901316,2476742426,2476743537,15948,1111
4866.913336,2476751301,2476752414,15962,1113
4866.925355,2476760134,2476761242,15627,1108
4867.012525,2476824346,2476825456,15959,1110
4867.027556,2476835406,2476836519,15946,1113
4867.072641,2476868634,2476869749,15942,1115
4867.084662,2476877515,2476878624,15963,1109
4867.112726,2476899642,2476900755,15669,1113
4867.195869,2476959386,2476960489,15626,1103
4867.207901,2476968280,2476969359,15778,1079
4867.219921,2476977101,2476978216,15962,1115
4867.231941,2476986373,2476987487,15822,1114
4867.243967,2476995225,2476996341,15950,1116
4867.255988,2477004104,2477005214,16051,1110
4867.268007,2477012914,2477014025,15712,1111
4867.286041,2477026189,2477027296,15711,1107
4867.298070,2477035053,2477036163,15954,1110
4867.310091,2477043922,2477045031,15966,1109
4867.334143,2477061698,2477062814,15952,1116
4867.346160,2477070582,2477071690,15965,1108
4867.370207,2477088264,2477089378,15949,1114
4867.382231,2477097123,2477098241,15950,1118
4867.394247,2477105936,2477107048,15625,1112
4867.406276,2477114798,2477115914,15941,1116
4867.439332,2477139210,2477140316,15592,1106
4867.451362,2477148060,2477149169,15864,1109
4867.463382,2477156919,2477158029,15964,1110
4867.481419,2477170192,2477171304,15945,1112
4867.493436,2477179020,2477180132,15624,1112
4867.505464,2477187882,2477188992,16022,1110
4867.517485,2477196739,2477197851,16054,1112
4867.547538,2477218921,2477220033,15709,1112
4867.559568,2477227778,2477228891,16036,1113
4867.571588,2477236627,2477237737,15961,1110
4867.583607,2477245462,2477246558,15631,1096
4867.601645,2477258720,2477259835,15645,1115
4867.613670,2477267578,2477268692,15952,1114
4867.637710,2477285297,2477286410,15590,1113
4867.649739,2477294158,2477295262,15951,1104
4867.700830,2477331747,2477332857,15621,1110
4867.712861,2477340592,2477341675,15803,1083
4867.724880,2477349462,2477350572,15844,1110
4867.751931,2477369409,2477370520,15964,1111
4867.763952,2477378233,2477379346,15627,1113
4867.775982,2477387101,2477388214,15996,1113
4867.788000,2477395950,2477397054,15964,1104
4867.806034,2477409223,2477410323,15963,1100
4867.818053,2477418038,2477419150,15628,1112
4867.860137,2477449029,2477450143,15962,1114
4867.872163,2477457861,2477458969,15706,1108
4867.884185,2477466696,2477467807,16037,1111
4867.902221,2477479986,2477481070,15888,1084
4867.914240,2477488812,2477489917,16049,1105
4867.936330,2477506526,2477507645,15948,1119
4867.960335,2477524243,2477525353,15623,1110
4868.064528,2477599557,2477600676,15945,1119
4868.076551,2477608432,2477609546,15949,1114
4868.124638,2477643849,2477644957,15824,1108
4868.136667,2477652715,2477653820,16053,1105
4868.163721,2477672636,2477673747,16054,1111
4868.232842,2477723561,2477724665,15672,1104
4868.244871,2477732425,2477733539,16040,1114
4868.259893,2477743480,2477744588,15708,1108
4868.271926,2477752343,2477753457,16086,1114
4868.283943,2477761213,2477762322,16055,1109
4868.295962,2477770084,2477771192,15678,1108
4868.307991,2477778946,2477780060,16036,1114
4868.320011,2477787803,2477788909,15938,1106
4868.332030,2477796667,2477797784,15674,1117
4868.344064,2477805584,2477806693,15879,1109
4868.356080,2477814456,2477815565,15960,1109
4868.368107,2477823298,2477824415,15708,1117
4868.380128,2477832148,2477833267,15949,1119
4868.392149,2477841027,2477842146,15961,1119
4868.404168,2477849876,2477850986,15627,1110
4868.416197,2477858722,2477859820,15946,1098
4868.428219,2477867598,2477868708,15936,1110
4868.440236,2477876440,2477877553,15630,1113
4868.452265,2477885311,2477886426,15949,1115
4868.464286,2477894190,2477895300,15963,1110
4868.476304,2477903031,2477904139,15625,1108
4868.488334,2477911886,2477912995,15943,1109
4868.500354,2477920738,2477921855,15960,1117
4868.539425,2477949543,2477950656,15705,1113
4868.551454,2477958427,2477959542,15864,1115
4868.563474,2477967295,2477968404,15966,1109
4868.575495,2477976133,2477977235,15626,1102
4868.596540,2477991677,2477992787,15943,1110
4868.608560,2478000537,2478001647,15964,1110
4868.713763,2478077941,2478079055,15950,1114
4868.725784,2478086860,2478087978,15935,1118
4868.737802,2478095694,2478096807,15584,1113
4868.752838,2478107130,2478108234,15892,1104
4868.764862,2478116205,2478117311,15761,1106
4868.821973,2478158303,2478159408,15961,1105
4868.833989,2478167145,2478168255,16008,1110
4868.906126,2478220235,2478221339,15958,1104
4868.918147,2478229083,2478230202,15828,1119
4868.933178,2478240185,2478241302,15966,1117
4868.948208,2478251280,2478252389,15950,1109
4868.960230,2478260189,2478261294,15890,1105
4868.972248,2478269016,2478270120,15629,1104
4868.984277,2478277867,2478278983,15862,1116
4868.996297,2478286728,2478287843,15967,1115
4869.008316,2478295563,2478296667,15622,1104
4869.020350,2478304460,2478305575,15958,1115
4869.035368,2478315523,2478316635,15624,1112
4869.140572,2478393052,2478394162,15960,1110
4869.152591,2478401874,2478402980,15623,1106
4869.164623,2478410741,2478411846,15995,1105
4869.240770,2478468303,2478469406,15622,1103
4869.257795,2478479370,2478480481,15966,1111
4869.269814,2478488236,2478489343,15553,1107
4869.320916,2478525868,2478526978,15930,1110
4869.332933,2478534707,2478535818,15627,1111
4869.347966,2478545789,2478546902,15962,1113
4869.359993,2478554646,2478555758,15707,1112
4869.450156,2478621154,2478622265,15621,1111
4869.462189,2478630036,2478631151,15951,1115
4869.474206,2478638905,2478640021,15963,1116
4869.486225,2478647730,2478648833,15623,1103
4869.555360,2478698678,2478699792,15963,1114
4869.567385,2478707558,2478708672,15826,1114
4869.579409,2478716419,2478717533,16037,1114
4869.591429,2478725281,2478726394,16052,1113
4869.609463,2478738557,2478739665,15939,1108
4869.621482,2478747422,2478748537,15673,1115
4869.663569,2478778432,2478779536,16036,1104
4869.675585,2478787263,2478788369,15707,1106
4869.687614,2478796112,2478797231,15949,1119
4869.705651,2478809391,2478810471,15803,1080
4869.717670,2478818258,2478819378,15936,1120
4869.768769,2478855865,2478856975,15944,1110
4869.783792,2478866924,2478868031,15622,1107
4869.795821,2478875832,2478876937,16040,1105
4869.807841,2478884685,2478885795,15861,1110
4869.819862,2478893588,2478894702,15824,1114
4869.831889,2478902446,2478903559,15859,1113
4869.843909,2478911316,2478912429,15959,1113
4869.876975,2478935674,2478936788,15949,1114
4869.888995,2478944551,2478945661,15968,1110
4869.910034,2478960006,2478961116,15820,1110
4869.922064,2478968901,2478970015,15963,1114
4869.934081,2478977757,2478978868,15962,1111
4869.961135,2478997660,2478998774,15947,1114
4869.973151,2479006450,2479007561,15629,1111
4869.985181,2479015297,2479016408,15944,1111
4869.997202,2479024222,2479025327,15934,1105
4870.060323,2479070757,2479071864,15947,1107
4870.072340,2479079577,2479080690,15633,1113
4870.087373,2479090641,2479091751,15969,1110
4870.099391,2479099499,2479100614,15589,1115
4870.111424,2479108397,2479109516,15963,1119
4870.123441,2479117273,2479118383,15962,1110
4870.141475,2479130543,2479131658,15956,1115
4870.153502,2479139385,2479140500,15708,1115
4870.192575,2479168153,2479169266,15951,1113
4870.204596,2479177270,2479178380,15838,1110
4870.249681,2479210468,2479211575,16048,1107
4870.260334,2479219725,2479220835,15912,1110
4870.297769,2479246307,2479247408,15709,1101
4870.309802,2479255196,2479256310,16051,1114
4870.345867,2479281745,2479282859,15953,1114
4870.357890,2479290602,2479291717,15950,1115
4870.399969,2479321538,2479322656,15950,1118
4870.411991,2479330458,2479331565,16025,1107
4870.424009,2479339316,2479340423,15675,1107
4870.436038,2479348185,2479349290,16036,1105
4870.448058,2479357043,2479358160,16050,1117
4870.469097,2479372560,2479373670,15904,1110
4870.481126,2479381398,2479382479,15887,1081
4870.508180,2479401286,2479402395,16052,1109
4870.520196,2479410147,2479411257,16048,1110
4870.532214,2479418965,2479420077,15626,1112
4870.544246,2479427834,2479428912,15808,1078
4870.565281,2479443298,2479444412,15965,1114
4870.577300,2479452168,2479453276,15593,1108
4870.604354,2479472084,2479473189,15825,1105
4870.616381,2479480955,2479482066,15950,1111
4870.692531,2479538503,2479539620,15624,1117
4870.721574,2479558438,2479559551,15625,1113
4870.733604,2479567305,2479568419,15948,1114
4870.760655,2479587237,2479588352,15948,1115
4870.772675,2479596106,2479597220,15966,1114
4870.787706,2479607149,2479608263,15948,1114
4870.811746,2479624889,2479625999,15591,1110
4870.823776,2479633764,2479634873,15956,1109
4870.835796,2479642629,2479643744,15963,1115
4870.847824,2479651523,2479652636,15903,1113
4870.859848,2479660456,2479661572,15909,1116
4870.871870,2479669390,2479670509,15972,1119
4870.883886,2479678328,2479679447,15762,1119
4870.895916,2479687275,2479688393,15907,1118
4870.907939,2479696205,2479697329,15992,1124
4870.919955,2479705149,2479706258,15825,1109
4870.931983,2479714009,2479715088,15808,1079
4870.944001,2479722835,2479723950,15965,1115
4870.956020,2479731677,2479732782,15626,1105
4870.968050,2479740536,2479741646,15903,1110
4870.980070,2479749402,2479750507,15965,1105
4870.992089,2479758248,2479759353,15625,1105
4871.004122,2479767129,2479768243,15875,1114
4871.016139,2479775984,2479777093,15963,1109
4871.028157,2479784835,2479785946,15708,1111
4871.052210,2479802567,2479803681,16030,1114
4871.064226,2479811423,2479812534,15707,1111
4871.076255,2479820301,2479821420,15994,1119
4871.088276,2479829154,2479830268,16052,1114
4871.100297,2479838033,2479839148,15914,1115
4871.112326,2479846888,2479847971,15887,1083
4871.124344,2479855724,2479856829,16026,1105
4871.139375,2479866740,2479867854,16032,1114
4871.157410,2479880016,2479881135,16036,1119
4871.169430,2479888878,2479889992,16052,1114
4871.208501,2479917684,2479918786,15672,1102
4871.219032,2479923485,2479924376,15038,891
4871.232331,2479929822,2479930442,12085,620
4871.246082,2479935958,2479937059,15921,1101
4871.258098,2479944833,2479945939,15848,1106
4871.273132,2479955952,2479957060,15971,1108
4871.285149,2479964834,2479965939,15844,1105
4871.300186,2479975975,2479977094,15989,1119
4871.312201,2479984884,2479985999,15787,1115
4871.324229,2479993782,2479994892,15911,1110
4871.345270,2480009358,2480010469,15911,1111
4871.357286,2480018250,2480019360,15845,1110
4871.369317,2480027152,2480028268,15908,1116
4871.388350,2480042728,2480043839,15972,1111
4871.420407,2480065015,2480066125,15832,1110
4871.432434,2480073910,2480075020,15904,1110
4871.483526,2480111729,2480112842,15855,1113
4871.495554,2480120650,2480121769,15907,1119
4871.507578,2480129558,2480130668,15891,1110
4871.519595,2480138454,2480139568,15841,1114
4871.531622,2480147362,2480148474,15908,1112
4871.543646,2480156261,2480157371,15914,1110
4871.555663,2480165161,2480166271,15860,1110
4871.567692,2480174074,2480175183,15819,1109
4871.579714,2480182966,2480184070,15960,1104
4871.591736,2480191849,2480192959,15905,1110
4871.603762,2480200748,2480201862,15906,1114
4871.615784,2480209662,2480210780,15974,1118
4871.627801,2480218560,2480219670,15841,1110
4871.639830,2480227483,2480228596,15991,1113
4871.651853,2480236391,2480237506,16061,1115
4871.663870,2480245282,2480246389,15928,1107
4871.675900,2480254174,2480255290,15996,1116
4871.687921,2480263092,2480264205,16063,1113
4871.699938,2480272003,2480273122,15914,1119
4871.711969,2480280941,2480282051,15997,1110
4871.723991,2480289845,2480290955,15986,1110
4871.737515,2480298476,2480299582,15939,1106
4871.764568,2480318477,2480319589,15988,1112
4871.776584,2480327783,2480328897,15827,1114
4871.792625,2480341161,2480342274,15834,1113
4871.812653,2480354511,2480355619,15931,1108
4871.824682,2480363407,2480364525,15990,1118
4871.836703,2480372347,2480373453,15961,1106
4871.848721,2480381243,2480382357,15843,1114
4871.860748,2480390146,2480391265,15902,1119
4871.872773,2480399053,2480400172,15979,1119
4871.884790,2480407970,2480409080,15844,1110
4871.896818,2480416878,2480417990,15898,1112
4871.908840,2480425770,2480426884,15961,1114
4871.932887,2480443583,2480444697,15902,1114
4871.944910,2480452496,2480453606,16064,1110
4871.968954,2480470297,2480471408,15989,1111
4871.980979,2480479201,2480480316,16064,1115
4872.002013,2480494778,2480495888,15861,1110
4872.014041,2480503682,2480504794,15901,1112
4872.026065,2480512603,2480513717,15959,1114
4872.038085,2480521507,2480522620,15900,1113
4872.050110,2480530408,2480531519,15987,1111
4872.062135,2480539320,2480540439,16077,1119
4872.074149,2480548239,2480549349,15916,1110
4872.086178,2480557151,2480558270,15902,1119
4872.104214,2480570518,2480571627,15903,1109
4872.116236,2480579410,2480580520,15973,1110
4872.128253,2480588336,2480589446,15845,1110
4872.140282,2480597247,2480598358,15825,1111
4872.152306,2480606148,2480607258,15991,1110
4872.167333,2480617273,2480618384,15907,1111
4872.204402,2480646208,2480647323,15974,1115
4872.224442,2480659595,2480660702,15971,1107
4872.236464,2480668489,2480669598,15903,1109
4872.248487,2480677417,2480678528,15906,1111
4872.263510,2480688517,2480689635,15826,1118
4872.275538,2480697410,2480698520,15905,1110
4872.287562,2480706314,2480707419,15919,1105
4872.299578,2480715218,2480716327,15841,1109
4872.311608,2480724116,2480725225,15902,1109
4872.323630,2480733013,2480734123,16037,1110
4872.335655,2480741916,2480743036,15986,1120
4872.368717,2480766404,2480767513,15989,1109
4872.380733,2480775301,2480776411,15740,1110
4872.392764,2480784211,2480785327,15866,1116
4872.404785,2480793121,2480794232,15971,1111
4872.419815,2480804233,2480805342,15819,1109
4872.431836,2480813121,2480814234,16062,1113
4872.443853,2480822028,2480823138,15915,1110
4872.455882,2480830931,2480832041,15906,1110
4872.467906,2480839843,2480840957,15988,1114
4872.479921,2480848752,2480849867,15830,1115
4872.491952,2480857664,2480858774,15908,1110
4872.503973,2480866559,2480867669,15973,1110
4872.515990,2480875471,2480876585,15842,1114
4872.528020,2480884377,2480885491,15911,1114
4872.540043,2480893283,2480894388,15995,1105
4872.552059,2480902192,2480903296,15829,1104
4872.564087,2480911078,2480912192,15992,1114
4872.585128,2480926662,2480927776,15999,1114
4872.597144,2480935562,2480936674,15848,1112
4872.613187,2480948890,2480950004,15838,1114
4872.645242,2480971161,2480972266,15906,1105
4872.657268,2480980068,2480981182,15995,1114
4872.699346,2481011248,2481012358,15903,1110
4872.711368,2481020145,2481021254,16065,1109
4872.723384,2481029042,2481030146,15933,1104
4872.735414,2481037927,2481039037,15997,1110
4872.747438,2481046844,2481047960,16078,1116
4872.759453,2481055755,2481056869,15917,1114
4872.771482,2481064657,2481065774,15993,1117
4872.813556,2481095827,2481096945,15933,1118
4872.825586,2481104747,2481105866,15819,1119
4872.849625,2481122554,2481123664,15829,1110
4872.861655,2481131467,2481132567,15990,1100
4872.880688,2481147054,2481148163,15904,1109
4872.903727,2481162627,2481163741,15843,1114
4872.915758,2481171522,2481172635,15906,1113
4872.927779,2481180425,2481181534,15980,1109
4872.939796,2481189335,2481190444,15836,1109
4872.951825,2481198222,2481199336,15996,1114
4872.963852,2481207135,2481208249,16077,1114
4872.975864,2481216049,2481217154,15831,1105
4872.987895,2481224942,2481226052,15909,1110
4872.999916,2481233826,2481234940,15945,1114
4873.011933,2481242736,2481243840,15756,1104
4873.023963,2481251627,2481252734,15972,1107
4873.035987,2481260523,2481261633,16083,1110
4873.048002,2481269417,2481270527,15921,1110
4873.060031,2481278328,2481279439,15907,1111
4873.072055,2481287251,2481288361,15985,1110
4873.084070,2481296142,2481297254,15927,1112
4873.096100,2481305038,2481306151,15992,1113
4873.108122,2481313932,2481315051,16064,1119
4873.126157,2481327306,2481328420,16062,1114
4873.138173,2481336221,2481337330,15896,1109
4873.156208,2481349581,2481350700,15912,1119
4873.168237,2481358504,2481359614,15967,1110
4873.180259,2481367413,2481368529,15999,1116
4873.192276,2481376310,2481377423,15847,1113
4873.204306,2481385196,2481386310,15910,1114
4873.225345,2481400758,2481401867,15972,1109
4873.237362,2481409651,2481410770,15830,1119
4873.249390,2481418557,2481419673,15908,1116
4873.264413,2481429704,2481430819,15786,1115
4873.276444,2481438788,2481439906,15905,1118
4873.288467,2481448099,2481449214,15969,1115
4873.321530,2481472603,2481473718,15991,1115
4873.333552,2481481510,2481482620,16080,1110
4873.348579,2481492631,2481493747,15991,1116
4873.375631,2481512676,2481513787,15989,1111
4873.387654,2481521585,2481522697,16065,1112
4873.399670,2481530482,2481531601,15847,1119
4873.411701,2481539397,2481540500,15904,1103
4873.423722,2481548288,2481549399,15974,1111
4873.435739,2481557191,2481558296,15830,1105
4873.477826,2481588296,2481589405,15917,1109
4873.489842,2481597220,2481598338,15857,1118
4873.513893,2481615005,2481616125,15959,1120
4873.525914,2481623945,2481625060,15900,1115
4873.540943,2481635101,2481636219,15955,1118
4873.552964,2481644043,2481645162,15946,1119
4873.574008,2481659671,2481660787,15899,1116
4873.584331,2481667700,2481668822,15602,1122
4873.596549,2481676650,2481677768,15907,1118
4873.608574,2481685584,2481686703,15978,1119
4873.620590,2481694526,2481695640,15842,1114
4873.656659,2481721307,2481722417,15856,1110
4873.668688,2481730207,2481731320,15905,1113
4873.683711,2481741351,2481742468,15842,1117
4873.696740,2481752630,2481753744,16078,1114
4873.773888,2481808257,2481809364,15901,1107
4873.785911,2481817156,2481818266,15904,1110
4873.797936,2481826053,2481827167,15991,1114
4873.809951,2481834950,2481836061,15832,1111
4873.824985,2481846076,2481847195,15913,1119
4873.837002,2481854980,2481856090,15848,1110
4873.849033,2481863878,2481864994,15905,1116
4873.864054,2481875022,2481876141,15840,1119
4873.876082,2481883936,2481885046,15908,1110
4873.888107,2481892837,2481893952,15992,1115
4873.900122,2481901777,2481902885,15827,1108
4873.912151,2481910672,2481911789,15909,1117
4873.924174,2481919575,2481920682,15916,1107
4873.936191,2481928464,2481929578,15846,1114
4873.948221,2481937377,2481938493,15905,1116
4873.960243,2481946275,2481947384,15968,1109
4873.978279,2481959618,2481960726,15989,1108
4873.993305,2481970767,2481971883,15914,1116
4874.005330,2481979688,2481980799,15991,1111
4874.020358,2481990803,2481991917,15914,1114
4874.032380,2481999706,2482000815,16062,1109
4874.047410,2482010834,2482011943,15989,1109
4874.059432,2482019736,2482020845,16059,1109
4874.071454,2482028619,2482029730,15996,1111
4874.083477,2482037513,2482038626,15995,1113
4874.095502,2482046428,2482047545,16063,1117
4874.107517,2482055335,2482056450,15925,1115
4874.119546,2482064280,2482065389,15962,1109
4874.131567,2482073196,2482074313,15959,1117
4874.143585,2482082118,2482083223,15859,1105
4874.155614,2482091034,2482092148,15904,1114
4874.167636,2482099932,2482101040,15962,1108
4874.179654,2482108826,2482109942,15846,1116
4874.192683,2482119963,2482121080,15974,1117
4874.215722,2482135561,2482136675,15842,1114
4874.227751,2482144478,2482145587,15904,1109
4874.239773,2482153383,2482154497,15963,1114
4874.251791,2482162283,2482163402,15858,1119
4874.272836,2482177863,2482178974,15904,1111
4874.284860,2482186768,2482187878,15977,1110
4874.296876,2482195658,2482196777,15843,1119
4874.308905,2482204576,2482205694,15904,1118
4874.320929,2482213512,2482214627,15912,1115
4874.332945,2482222420,2482223524,15759,1104
4874.344975,2482231323,2482232434,15903,1111
4874.356998,2482240223,2482241334,15983,1111
4874.372026,2482251327,2482252441,15902,1114
4874.421124,2482289143,2482290259,15838,1116
4874.441151,2482302509,2482303623,15933,1114
4874.453181,2482311420,2482312536,15998,1116
4874.465203,2482320310,2482321420,15886,1110
4874.477220,2482329220,2482330320,15830,1100
4874.504271,2482349226,2482350344,15829,1118
4874.528322,2482367062,2482368174,15950,1112
4874.567395,2482395993,2482397104,15906,1111
4874.579418,2482404892,2482406003,15908,1111
4874.591443,2482413796,2482414905,15978,1109
4874.609477,2482427137,2482428256,15977,1119
4874.621494,2482436047,2482437160,15860,1113
4874.684614,2482482762,2482483875,15843,1113
4874.696642,2482491655,2482492768,15999,1113
4874.708667,2482500567,2482501681,16074,1114
4874.720682,2482509482,2482510600,15841,1118
4874.735718,2482520634,2482521752,15939,1118
4874.792820,2482562894,2482563999,15915,1105
4874.804334,2482572196,2482573306,15910,1110
4874.816872,2482581111,2482582222,15829,1111
4874.828889,2482590002,2482591116,15844,1114
4874.913055,2482652300,2482653419,15994,1119
4874.925076,2482661234,2482662344,15961,1110
4874.949123,2482679017,2482680135,15901,1118
4874.961145,2482687917,2482689024,15964,1107
4874.985190,2482705710,2482706821,15991,1111
4874.997216,2482714606,2482715720,16066,1114
4875.009231,2482723510,2482724614,15848,1104
4875.036283,2482743544,2482744663,15855,1119
4875.048312,2482752455,2482753564,15901,1109
4875.081368,2482776940,2482778050,15842,1110
4875.093396,2482785843,2482786948,15910,1105
4875.111431,2482799189,2482800300,15909,1111
4875.123456,2482808093,2482809202,15973,1109
4875.135472,2482816978,2482818093,15847,1115
4875.147504,2482825894,2482827004,15906,1110
4875.159524,2482834799,2482835915,15891,1116
4875.171540,2482843702,2482844813,15828,1111
4875.183569,2482852601,2482853712,15824,1111
4875.195594,2482861500,2482862615,15997,1115
4875.207609,2482870411,2482871520,15833,1109
4875.225643,2482883757,2482884871,15841,1114
4875.237673,2482892667,2482893777,15905,1110
4875.255708,2482906020,2482907134,15903,1114
4875.267731,2482914936,2482916051,15995,1115
4875.279746,2482923848,2482924962,15830,1114
4875.291775,2482932749,2482933863,15913,1114
4875.303799,2482941643,2482942757,15995,1114
4875.315814,2482950543,2482951661,15840,1118
4875.327847,2482959477,2482960588,15910,1111
4875.339866,2482968383,2482969493,15976,1110
4875.351883,2482977279,2482978393,15845,1114
4875.363912,2482986168,2482987279,15909,1111
4875.375939,2482995073,2482996188,15992,1115
4875.387952,2483003984,2483005099,15837,1115
4875.399981,2483012879,2483013988,15907,1109
4875.412004,2483021760,2483022870,15918,1110
4875.424017,2483030818,2483031934,15674,1116
4875.436046,2483039705,2483040815,15949,1110
4875.448067,2483048579,2483049693,15963,1114
4875.460093,2483057404,2483058508,15715,1104
4875.472115,2483066261,2483067372,15952,1111
4875.484136,2483075127,2483076235,15882,1108
4875.496155,2483083967,2483085077,15709,1110
4875.508184,2483092821,2483093934,16041,1113
4875.520206,2483101718,2483102827,16028,1109
4875.532223,2483110541,2483111649,15709,1108
4875.544253,2483119409,2483120514,15955,1105
4875.556273,2483128276,2483129386,15966,1110
4875.568292,2483137110,2483138220,15629,1110
4875.580321,2483145978,2483147097,15945,1119
4875.592342,2483154854,2483155954,15963,1100
4875.604360,2483163663,2483164779,15710,1116
4875.616394,2483172567,2483173682,16052,1115
4875.688527,2483225755,2483226869,16030,1114
4875.700547,2483234625,2483235738,16054,1113
4875.733617,2483259016,2483260132,15964,1116
4875.745636,2483267927,2483269042,15937,1115
4875.788716,2483301121,2483302232,15962,1111
4875.880890,2483367525,2483368639,15963,1114
4875.892909,2483376411,2483377518,15635,1107
4875.904942,2483385309,2483386428,16067,1119
4875.941007,2483412011,2483413126,16034,1115
4875.953027,2483420913,2483422028,15962,1115
4875.965046,2483429774,2483430875,15626,1101
4875.977076,2483438622,2483439731,15955,1109
4875.998114,2483454106,2483455220,15971,1114
4876.010135,2483463025,2483464133,15844,1108
4876.073252,2483509484,2483510597,15627,1113
4876.085286,2483518382,2483519497,15977,1115
4876.100314,2483529543,2483530662,15911,1119
4876.151406,2483567456,2483568570,15937,1114
4876.163426,2483576511,2483577624,15913,1113
4876.205508,2483607505,2483608624,15940,1119
4876.217527,2483616372,2483617483,15676,1111
4876.229556,2483625224,2483626343,15948,1119
4876.259613,2483647355,2483648468,15958,1113
4876.283659,2483665080,2483666199,15951,1119
4876.295679,2483673952,2483675060,15964,1108
4876.307701,2483682813,2483683917,15829,1104
4876.319727,2483692066,2483693184,15951,1118
4876.331748,2483700954,2483702063,15966,1109
4876.343767,2483709806,2483710916,15628,1110
4876.355799,2483718669,2483719779,15998,1110
4876.367817,2483727582,2483728692,16020,1110
4876.379835,2483736409,2483737522,15710,1113
4876.391865,2483745264,2483746378,16040,1114
4876.403885,2483754152,2483755262,15944,1110
4876.415904,2483763010,2483764112,15675,1102
4876.427933,2483771858,2483772968,16035,1110
4876.457991,2483794018,2483795122,15950,1104
4876.470007,2483802837,2483803950,15629,1113
4876.488041,2483816159,2483817265,15626,1106
4876.500070,2483825029,2483826140,15951,1111
4876.512092,2483833903,2483835017,15937,1114
4876.524109,2483842745,2483843858,15626,1113
4876.536141,2483851607,2483852694,15728,1087
4876.548159,2483860437,2483861541,15962,1104
4876.560178,2483869264,2483870375,15629,1111
4876.581224,2483884797,2483885903,15946,1106
4876.593245,2483893652,2483894764,15877,1112
4876.617293,2483911373,2483912478,15952,1105
4876.629314,2483920219,2483921329,15967,1110
4876.644345,2483931256,2483932368,15953,1112
4876.659367,2483942291,2483943400,15624,1109
4876.744534,2484006499,2484007609,16048,1110
4876.764571,2484019768,2484020882,16058,1114
4876.776592,2484028681,2484029790,15824,1109
4876.788619,2484037556,2484038666,15952,1110
4876.809658,2484053095,2484054204,15933,1109
4876.821675,2484061927,2484063035,15627,1108
4876.851742,2484084076,2484085195,15997,1119
4876.863760,2484092950,2484094058,15965,1108
4876.875778,2484101775,2484102881,15629,1106
4876.893813,2484115062,2484116169,15623,1107
4876.905846,2484123957,2484125071,15959,1114
4876.953934,2484159392,2484160503,15950,1111
4876.965950,2484168231,2484169347,15629,1116
4876.977979,2484177098,2484178212,15947,1114
4876.990001,2484186024,2484187133,15937,1109
4877.017051,2484205968,2484207086,15965,1118
4877.029073,2484214837,2484215945,15827,1108
4877.041099,2484223698,2484224803,15955,1105
4877.062137,2484239175,2484240280,15970,1105
4877.074156,2484248046,2484249147,15594,1101
4877.086185,2484256904,2484258014,15946,1110
4877.110224,2484274635,2484275751,15590,1116
4877.122253,2484283482,2484284596,15950,1114
4877.161325,2484312240,2484313356,15966,1116
4877.173344,2484321078,2484322189,15625,1111
4877.185374,2484329934,2484331039,15955,1105
4877.197394,2484338829,2484339939,15841,1110
4877.212425,2484349916,2484351022,15948,1106
4877.227447,2484360954,2484362065,15626,1111
4877.239476,2484369823,2484370937,15952,1114
4877.251500,2484378706,2484379813,15953,1107
4877.263519,2484387552,2484388667,15740,1115
4877.353687,2484453885,2484454997,15710,1112
4877.365717,2484462757,2484463871,16038,1114
4877.377739,2484471633,2484472743,16052,1110
4877.389756,2484480464,2484481580,15712,1116
4877.401789,2484489379,2484490493,15965,1114
4877.413806,2484498240,2484499350,15966,1110
4877.425824,2484507069,2484508175,15625,1106
4877.449877,2484524772,2484525882,15950,1110
4877.461893,2484533612,2484534723,15631,1111
4877.480938,2484549092,2484550210,15949,1118
4877.512994,2484571316,2484572431,16049,1115
4877.525013,2484580166,2484581277,15713,1111
4877.585132,2484624492,2484625608,16056,1116
4877.597153,2484633406,2484634515,15926,1109
4877.612183,2484644496,2484645610,15962,1114
4877.624202,2484653340,2484654445,15632,1105
4877.636231,2484662184,2484663298,15954,1114
4877.648254,2484671043,2484672158,15952,1115
4877.669288,2484686493,2484687604,15628,1111
4877.681317,2484695349,2484696467,15953,1118
4877.696344,2484706438,2484707555,15854,1117
4877.708368,2484715326,2484716443,15954,1117
4877.796538,2484781729,2484782839,16046,1110
4877.813562,2484792828,2484793944,15632,1116
4877.830105,2484805458,2484806568,15956,1110
4877.842120,2484814320,2484815433,15941,1113
4877.896226,2484854218,2484855326,16036,1108
4877.908241,2484863045,2484864155,15708,1110
4878.004429,2484933900,2484935005,15959,1105
4878.016447,2484942783,2484943891,15512,1108
4878.028476,2484951647,2484952757,15947,1110
4878.104626,2485009172,2485010275,15628,1103
4878.151705,2485042418,2485043529,15597,1111
4878.163734,2485051253,2485052367,15905,1114
4878.175755,2485060124,2485061239,15946,1115
4878.187781,2485068994,2485070102,15681,1108
4878.199805,2485077857,2485078937,15806,1080
4878.211823,2485086649,2485087763,15963,1114
4878.229857,2485100070,2485101187,15963,1117
4878.241879,2485108943,2485110054,15827,1111
4878.259911,2485122232,2485123338,15628,1106
4878.314013,2485162037,2485163140,15623,1103
4878.326044,2485170901,2485172015,15947,1114
4878.338063,2485179790,2485180906,15854,1116
4878.416214,2485237283,2485238387,15952,1104
4878.428237,2485246181,2485247290,15962,1109
4878.440256,2485255063,2485256168,15909,1105
4878.452283,2485263946,2485265061,16038,1115
4878.464303,2485272810,2485273924,16051,1114
4878.476322,2485281643,2485282751,15711,1108
4878.488354,2485290499,2485291605,16084,1106
4878.503373,2485301562,2485302668,15708,1106
4878.533437,2485323727,2485324841,16039,1114
4878.545459,2485332643,2485333751,16024,1108
4878.557476,2485341456,2485342568,15629,1112
4878.620596,2485387879,2485388987,15627,1108
4878.632626,2485396753,2485397863,15945,1110
4878.665682,2485421094,2485422206,15710,1112
4878.677712,2485429956,2485431069,16037,1113
4878.737822,2485474261,2485475371,15925,1110
4878.749848,2485483133,2485484247,16035,1114
4878.761869,2485492015,2485493131,16045,1116
4878.827993,2485540689,2485541798,15905,1109
4878.840024,2485549600,2485550705,15948,1105
4878.852040,2485558476,2485559590,15960,1114
4878.864060,2485567315,2485568430,15630,1115
4878.882101,2485580591,2485581702,15710,1111
4878.894123,2485589454,2485590565,15946,1111
4878.909148,2485600524,2485601609,15853,1085
4878.921174,2485609326,2485610430,15862,1104
4878.951229,2485631521,2485632631,15963,1110
4878.966260,2485642577,2485643686,15949,1109
4878.978280,2485651446,2485652553,15963,1107
4879.032384,2485691180,2485692299,15852,1119
4879.044402,2485700062,2485701168,15673,1106
4879.143591,2485773175,2485774286,15590,1111
4879.155620,2485782058,2485783172,15952,1114
4879.176658,2485797613,2485798726,15962,1113
4879.188680,2485806457,2485807538,15856,1081
4879.239779,2485844057,2485845165,15934,1108
4879.251797,2485852903,2485854019,15629,1116
4879.324945,2485908251,2485909361,15938,1110
4879.340478,2485918489,2485919609,15959,1120
4879.352494,2485927607,2485928716,15936,1109
4879.445665,2485996217,2485997322,15623,1105
4879.457695,2486005081,2486006195,15945,1114
4879.559887,2486080368,2486081486,15964,1118
4879.571906,2486089217,2486090324,15628,1107
4879.583939,2486098111,2486099220,15968,1109
4879.604973,2486113607,2486114722,16050,1115
4879.616991,2486122443,2486123554,15678,1111
4879.653060,2486148987,2486150098,15710,1111
4879.674106,2486164497,2486165609,15944,1112
4879.686128,2486173400,2486174510,15935,1110
4879.701158,2486184431,2486185539,16037,1108
4879.740230,2486213178,2486214286,16050,1108
4879.779303,2486241926,2486243035,15910,1109
4879.791329,2486250789,2486251903,16037,1114
4879.803350,2486259638,2486260752,15963,1114
4879.815368,2486268474,2486269590,15625,1116
4879.827401,2486277326,2486278436,15989,1110
4879.839418,2486286173,2486287282,15963,1109
4879.851437,2486295006,2486296122,15627,1116
4879.863472,2486303917,2486305031,16118,1114
4879.875487,2486312779,2486313892,15938,1113
4879.899535,2486330509,2486331618,16036,1109
4879.911557,2486339409,2486340520,16023,1111
4879.923582,2486348238,2486349347,15712,1109
4879.935604,2486357090,2486358204,15949,1114
4879.947624,2486365948,2486367058,15968,1110
4879.959643,2486374774,2486375887,15623,1113
4879.971672,2486383645,2486384761,15948,1116
4879.983694,2486392544,2486393654,15938,1110
4879.995711,2486401380,2486402495,15627,1115
4880.007741,2486410244,2486411350,15943,1106
4880.064847,2486452285,2486453399,15962,1114
4880.076869,2486461158,2486462269,15915,1111
4880.088895,2486470010,2486471110,16036,1100
4880.116946,2486492143,2486493262,16051,1119
4880.158020,2486520940,2486522048,15623,1108
4880.173053,2486532004,2486533121,15848,1117
4880.185071,2486540894,2486542002,15592,1108
4880.200105,2486551979,2486553093,15970,1114
4880.212123,2486560853,2486561955,15598,1102
4880.230157,2486574114,2486575217,15626,1103
4880.242187,2486582955,2486584069,15941,1114
4880.266226,2486600628,2486601734,15717,1106
4880.278259,2486609528,2486610637,16049,1109
4880.293280,2486620656,2486621765,15824,1109
4880.305307,2486629522,2486630633,15952,1111
4880.329346,2486647214,2486648326,15624,1112
4880.341378,2486656076,2486657191,15942,1115
4880.416516,2486711421,2486712535,15965,1114
4880.436332,2486720952,2486721573,11966,621
4880.484144,2486750200,2486751314,15959,1114
4880.496166,2486759081,2486760194,15915,1113
4880.508192,2486767934,2486769044,16012,1110
4880.520213,2486776806,2486777910,15919,1104
4880.532238,2486785667,2486786744,15945,1077
4880.550266,2486798942,2486800053,15711,1111
4880.565299,2486810025,2486811138,16053,1113
4880.577318,2486818859,2486819969,15632,1110
4880.589347,2486827723,2486828833,15940,1110
4880.628420,2486856543,2486857658,15931,1115
4880.640437,2486865390,2486866507,15632,1117
4880.652467,2486874267,2486875381,15938,1114
4880.679518,2486894183,2486895292,15942,1109
4880.691540,2486903041,2486904155,15959,1114
4880.703557,2486911883,2486912994,15630,1111
4880.715586,2486920748,2486921862,15940,1114
4880.727609,2486929646,2486930756,15934,1110
4880.739629,2486938484,2486939558,15859,1074
4880.751655,2486947314,2486948419,15939,1105
4880.763678,2486956191,2486957305,15962,1114
4880.775695,2486965028,2486966133,15629,1105
4880.787724,2486973882,2486974996,15944,1114
4880.799746,2486982802,2486983920,15935,1118
4880.811763,2486991645,2486992756,15627,1111
4880.844830,2487016051,2487017170,15964,1119
4880.856849,2487025271,2487026383,15629,1112
4880.871886,2487036378,2487037491,15945,1113
4880.883900,2487045230,2487046333,15629,1103
4880.895931,2487054118,2487055233,16005,1115
4880.907950,2487062999,2487064118,16054,1119
4880.919975,2487071914,2487073028,15924,1114
4880.931998,2487080804,2487081919,15941,1115
4880.945528,2487089455,2487090569,15965,1114
4880.957545,2487098348,2487099467,15968,1119
4880.972580,2487109523,2487110638,15947,1115
4880.984596,2487118407,2487119511,16048,1104
4881.000627,2487131680,2487132793,15919,1113
4881.041700,2487160468,2487161578,15625,1110
4881.053730,2487169339,2487170449,15938,1110
4881.077769,2487187099,2487188206,15593,1107
4881.089798,2487195945,2487197056,15937,1111
4881.104820,2487207011,2487208113,15700,1102
4881.116853,2487215862,2487216976,16040,1114
4881.128870,2487224723,2487225842,15877,1119
4881.143901,2487235769,2487236879,15932,1110
4881.155922,2487244632,2487245744,15962,1112
4881.167944,2487253507,2487254620,15832,1113
4881.179970,2487262370,2487263484,15948,1114
4881.191994,2487271271,2487272390,16019,1119
4881.204008,2487280111,2487281222,15626,1111
4881.216041,2487289024,2487290134,15956,1110
4881.228059,2487297888,2487299002,15968,1114
4881.240081,2487306731,2487307816,15857,1085
4881.252110,2487315551,2487316664,15995,1113
4881.264128,2487324399,2487325508,15945,1109
4881.288176,2487342116,2487343224,15942,1108
4881.300196,2487350979,2487352093,15962,1114
4881.312222,2487359864,2487360971,15709,1107
4881.324244,2487368718,2487369832,15940,1114
4881.336265,2487377579,2487378694,15960,1115
4881.372335,2487404140,2487405247,15933,1107
4881.384352,2487412986,2487414093,15546,1107
4881.408402,2487430712,2487431820,15966,1108
4881.420421,2487439574,2487440685,15681,1111
4881.444470,2487457285,2487458399,16009,1114
4881.456489,2487466115,2487467226,15714,1111
4881.480539,2487483862,2487484972,16049,1110
4881.492558,2487492681,2487493793,15628,1112
4881.504587,2487501572,2487502691,15945,1119
4881.516610,2487510462,2487511572,15951,1110
4881.528626,2487519301,2487520413,15628,1112
4881.552677,2487537001,2487538111,16053,1110
4881.564698,2487545868,2487546987,15827,1119
4881.579728,2487556958,2487558068,15966,1110
4881.592757,2487568014,2487569127,15934,1113
4881.609791,2487579104,2487580218,15816,1114
4881.621810,2487587967,2487589080,15939,1113
4881.633831,2487596841,2487597960,15960,1119
4881.657878,2487614549,2487615658,15937,1109
4881.669901,2487623444,2487624553,15933,1109
4881.688942,2487638920,2487640031,15622,1111
4881.711984,2487654446,2487655559,15958,1113
4881.724003,2487663355,2487664466,15929,1111
4881.736021,2487672191,2487673302,15630,1111
4881.748053,2487681024,2487682138,15995,1114
4881.766088,2487694326,2487695431,15956,1105
4881.778105,2487703194,2487704313,15963,1119
4881.802153,2487720896,2487722000,15941,1104
4881.814177,2487729759,2487730873,15951,1114
4881.895328,2487789596,2487790706,16053,1110
4881.907354,2487798421,2487799534,15795,1113
4881.919378,2487807302,2487808416,15956,1114
4881.931386,2487816143,2487817254,15761,1111
4881.943419,2487824949,2487826056,15716,1107
4881.955447,2487833769,2487834881,16063,1112
4881.967466,2487842668,2487843786,16017,1118
4882.009550,2487873584,2487874694,16035,1110
4882.021557,2487882384,2487883488,15764,1104
4882.060638,2487911156,2487912266,15817,1110
4882.072667,2487920026,2487921136,15944,1110
4882.096710,2487937654,2487938761,15636,1107
4882.108738,2487946462,2487947581,15948,1119
4882.120745,2487955263,2487956370,15667,1107
4882.132779,2487964074,2487965181,15718,1107
4882.168848,2487990549,2487991650,15643,1101
4882.180873,2487999383,2488000493,15849,1110
4882.204923,2488016965,2488018074,15704,1109
4882.216944,2488025803,2488026921,15967,1118
4882.240985,2488043396,2488044498,15636,1102
4882.253013,2488052214,2488053322,16060,1108
4882.268036,2488063246,2488064361,15714,1115
4882.280064,2488072065,2488073177,16013,1112
4882.292071,2488080858,2488081969,15762,1111
4882.304112,2488089657,2488090737,15913,1080
4882.316133,2488098432,2488099545,15970,1113
4882.328140,2488107232,2488108340,15677,1108
4882.340173,2488116044,2488117155,15717,1111
4882.352201,2488124880,2488125992,16063,1112
4882.364223,2488134150,2488135267,16022,1117
4882.388271,2488151862,2488152973,15972,1111
4882.400277,2488160682,2488161789,15681,1107
4882.412311,2488169467,2488170573,15721,1106
4882.424339,2488178276,2488179390,16058,1114
4882.436346,2488187085,2488188192,15763,1107
4882.472414,2488213545,2488214656,15682,1111
4882.484447,2488222343,2488223428,15833,1085
4882.505493,2488237747,2488238859,15953,1112
4882.517500,2488246583,2488247684,15686,1101
4882.532544,2488257586,2488258693,15968,1107
4882.546070,2488267584,2488268698,16062,1114
4882.633231,2488331437,2488332546,15639,1109
4882.645261,2488340281,2488341390,15973,1109
4882.741437,2488410708,2488411819,15635,1111
4882.753466,2488419603,2488420711,15956,1108
4882.765472,2488428400,2488429507,15770,1107
4882.777505,2488437236,2488438348,15641,1112
4882.844637,2488487931,2488489048,15679,1117
4882.879705,2488512182,2488513296,16062,1114
4882.891725,2488521024,2488522137,16039,1113
4882.903740,2488529854,2488530966,15905,1112
4882.915775,2488538690,2488539769,15874,1079
4882.927780,2488547462,2488548568,15761,1106
4882.951842,2488565071,2488566181,16038,1110
4882.963851,2488573959,2488575060,15768,1101
4882.975882,2488582780,2488583896,15721,1116
4882.987910,2488591619,2488592731,16062,1112
4882.999925,2488600438,2488601551,15724,1113
4883.011951,2488609261,2488610338,15893,1077
4883.060047,2488644484,2488645598,16059,1114
4883.072055,2488653271,2488654381,15764,1110
4883.084088,2488662055,2488663168,15724,1113
4883.096118,2488670884,2488671972,15911,1088
4883.108136,2488679724,2488680837,16025,1113
4883.120157,2488688517,2488689631,15722,1114
4883.132185,2488697335,2488698447,16066,1112
4883.144192,2488706154,2488707269,15767,1115
4883.156226,2488714959,2488716072,15718,1113
4883.168250,2488723834,2488724943,16025,1109
4883.180262,2488732626,2488733733,15766,1107
4883.192294,2488741418,2488742526,15636,1108
4883.204324,2488750276,2488751389,15992,1113
4883.216329,2488759063,2488760174,15683,1111
4883.261415,2488792077,2488793184,15682,1107
4883.273449,2488800872,2488801983,15638,1111
4883.333552,2488844948,2488846061,15761,1113
4883.345592,2488853737,2488854848,15709,1111
4883.360603,2488864760,2488865873,15681,1113
4883.372638,2488873654,2488874769,15642,1115
4883.444781,2488926559,2488927670,15709,1111
4883.456802,2488935382,2488936496,16059,1114
4883.468809,2488944186,2488945297,15766,1111
4883.483853,2488955206,2488956320,16056,1114
4883.495868,2488964004,2488965110,15718,1106
4883.507895,2488972842,2488973948,15638,1106
4883.519922,2488981682,2488982791,15976,1109
4883.540946,2488997080,2488998197,15678,1117
4883.552980,2489005868,2489006982,15644,1114
4883.567998,2489016888,2489017994,15763,1106
4883.580031,2489025741,2489026851,15841,1110
4883.592059,2489034555,2489035674,15969,1119
4883.604070,2489043413,2489044519,15687,1106
4883.616100,2489052236,2489053346,15562,1110
4883.628128,2489061061,2489062171,15974,1110
4883.640135,2489069858,2489070969,15678,1111
4883.661186,2489085242,2489086322,15831,1080
4883.673214,2489094009,2489095114,15969,1105
4883.688238,2489105000,2489106117,15722,1117
4883.700267,2489113871,2489114985,16084,1114
4883.712272,2489122716,2489123831,15763,1115
4883.724306,2489131534,2489132641,15637,1107
4883.736336,2489140367,2489141445,15824,1078
4883.751358,2489151307,2489152418,15645,1111
4883.763385,2489160139,2489161253,15974,1114
4883.775408,2489168972,2489170081,15950,1109
4883.787426,2489177772,2489178884,15662,1112
4883.799455,2489186657,2489187775,15984,1118
4883.812483,2489197641,2489198749,15640,1108
4883.877594,2489243927,2489245039,15718,1112
4883.889629,2489253218,2489254330,16044,1112
4883.901634,2489262103,2489263207,15766,1104
4883.913666,2489270891,2489272001,15643,1110
4883.943729,2489292954,2489294064,15953,1110
4883.955735,2489301800,2489302911,15679,1111
4883.967769,2489310586,2489311692,15560,1106
4883.985804,2489323793,2489324893,15636,1100
4883.997833,2489332669,2489333779,15959,1110
4884.016867,2489348090,2489349187,15683,1097
4884.121061,2489422977,2489424085,15638,1108
4884.133088,2489431800,2489432909,15974,1109
4884.160140,2489451601,2489452713,16062,1112
4884.172158,2489460473,2489461588,16058,1115
4884.184181,2489469303,2489470414,15643,1111
4884.196211,2489478182,2489479297,16067,1115
4884.208215,2489486984,2489488092,15764,1108
4884.220249,2489495767,2489496882,15724,1115
4884.232277,2489504598,2489505708,16061,1110
4884.244284,2489513403,2489514519,15764,1116
4884.256317,2489522238,2489523357,15925,1119
4884.268346,2489531069,2489532178,16064,1109
4884.280354,2489539894,2489541001,15765,1107
4884.295399,2489550950,2489552069,16073,1119
4884.307416,2489559822,2489560937,16054,1115
4884.319438,2489568632,2489569739,15643,1107
4884.331466,2489577440,2489578553,15970,1113
4884.343472,2489586242,2489587358,15683,1116
4884.355507,2489595056,2489596162,15636,1106
4884.367534,2489603889,2489604999,16058,1110
4884.379541,2489612685,2489613791,15680,1106
4884.391570,2489621510,2489622623,15820,1113
4884.403604,2489630549,2489631658,15981,1109
4884.415610,2489639349,2489640460,15681,1111
4884.427644,2489648130,2489649244,15642,1114
4884.439671,2489656961,2489658071,15948,1110
4884.452701,2489667953,2489669064,15647,1111
4884.487755,2489692222,2489693333,15723,1111
4884.499781,2489701046,2489702157,15564,1111
4884.511809,2489709870,2489710984,15975,1114
4884.523816,2489718689,2489719796,15683,1107
4884.535856,2489727483,2489728596,15712,1113
4884.547877,2489736292,2489737402,15975,1110
4884.559884,2489745102,2489746213,15682,1111
4884.571918,2489753907,2489755022,15638,1115
4884.583946,2489762743,2489763853,15973,1110
4884.595954,2489771582,2489772689,15686,1107
4884.607984,2489780421,2489781528,15719,1107
4884.620016,2489789487,2489790596,15958,1109
4884.632021,2489798289,2489799396,15682,1107
4884.644055,2489807072,2489808183,15641,1111
4884.656082,2489815940,2489817050,15963,1110
4884.668105,2489824769,2489825875,15901,1106
4884.680124,2489833576,2489834687,15735,1111
4884.692152,2489842429,2489843544,16068,1115
4884.704158,2489851230,2489852344,15761,1114
4884.716192,2489860036,2489861147,15701,1111
4884.728220,2489868866,2489869944,15891,1078
4884.740227,2489877631,2489878747,15766,1116
4884.752261,2489886433,2489887542,15735,1109
4884.764289,2489895253,2489896336,15894,1083
4884.785320,2489910616,2489911726,15731,1110
4884.797346,2489919431,2489920538,15654,1107
4884.809378,2489928319,2489929438,16055,1119
4884.821381,2489937121,2489938233,15764,1112
4884.875485,2489976773,2489977880,15766,1107
4884.887513,2489985635,2489986750,15896,1115
4884.899547,2489994459,2489995578,16025,1119
4884.911553,2490003264,2490004367,15766,1103
4884.923586,2490012106,2490013216,15906,1110
4884.944632,2490027527,2490028637,16064,1110
4884.956638,2490036315,2490037420,15763,1105
4884.977690,2490051692,2490052798,15722,1106
4884.989719,2490060547,2490061657,16078,1110
4885.007752,2490073774,2490074884,15979,1110
4885.019761,2490082809,2490083919,15767,1110
4885.031799,2490091654,2490092765,15793,1111
4885.049827,2490104864,2490105973,15719,1109
4885.061855,2490113676,2490114785,16063,1109
4885.079890,2490126882,2490127992,16069,1110
4885.091898,2490135758,2490136862,15765,1104
4885.103930,2490144552,2490145660,15718,1108
4885.121964,2490157724,2490158826,15714,1102
4885.133993,2490166534,2490167639,16047,1105
4885.158033,2490184149,2490185265,15722,1116
4885.170061,2490192982,2490194096,16066,1114
4885.182075,2490201764,2490202877,15722,1113
4885.194102,2490210596,2490211707,15721,1111
4885.206130,2490219425,2490220535,16064,1110
4885.221153,2490230417,2490231524,15634,1107
4885.233181,2490239250,2490240359,15958,1109
4885.269251,2490265755,2490266876,15968,1121
4885.284268,2490276766,2490277849,15655,1083
4885.296298,2490285602,2490286712,15945,1110
4885.308308,2490294387,2490295502,15764,1115
4885.320341,2490303178,2490304291,15720,1113
4885.332369,2490312004,2490313117,16042,1113
4885.347393,2490322995,2490324106,15719,1111
4885.389464,2490353820,2490354922,15765,1102
4885.401495,2490363120,2490364234,15920,1114
4885.413524,2490371943,2490373057,15983,1114
4885.491667,2490429231,2490430344,15722,1113
4885.503695,2490438056,2490439169,16067,1113
4885.515702,2490446847,2490447962,15683,1115
4885.533736,2490460047,2490461150,15675,1103
4885.545770,2490468841,2490469948,15636,1107
4885.593867,2490504112,2490505222,15977,1110
4885.605874,2490512935,2490514038,15680,1103
4885.620918,2490523952,2490525071,15976,1119
4885.632926,2490532998,2490534113,15764,1115
4885.693054,2490577100,2490578213,16052,1113
4885.705062,2490585891,2490587002,15767,1111
4885.801261,2490656343,2490657460,15973,1117
4885.813268,2490665133,2490666241,15681,1108
4885.828312,2490676136,2490677250,15959,1114
4885.843336,2490687219,2490688325,15714,1106
4885.897439,2490726870,2490727987,15718,1117
4885.909468,2490735731,2490736841,16045,1110
4885.921483,2490744596,2490745711,15840,1115
4885.933513,2490753499,2490754613,15925,1114
4885.945536,2490762402,2490763521,15974,1119
4885.957550,2490771263,2490772376,15601,1113
4886.011645,2490811131,2490812242,15678,1111
4886.023685,2490819921,2490821029,15709,1108
4886.035707,2490828732,2490829845,15980,1113
4886.053741,2490842040,2490843154,15971,1114
4886.065748,2490850840,2490851943,15679,1103
4886.113851,2490886086,2490887197,15644,1111
4886.125879,2490894919,2490896027,15956,1108
4886.161947,2490921320,2490922428,15975,1108
4886.173961,2490930101,2490931207,15643,1106
4886.185988,2490938928,2490940039,15631,1111
4886.216050,2490960944,2490962052,15974,1108
4886.228057,2490969729,2490970844,15679,1115
4886.240091,2490978521,2490979632,15642,1111
4886.253116,2490989600,2490990707,15684,1107
4886.270153,2491000643,2491001756,15979,1113
4886.285176,2491011664,2491012770,15636,1106
4886.321248,2491038114,2491039229,15879,1115
4886.333274,2491046945,2491048050,15966,1105
4886.345279,2491055738,2491056845,15640,1107
4886.357313,2491064525,2491065605,15848,1080
4886.375343,2491077739,2491078857,15826,1118
4886.387374,2491086587,2491087692,15957,1105
4886.405409,2491099769,2491100879,15959,1110
4886.417417,2491108547,2491109657,15681,1110
4886.432460,2491119553,2491120672,15963,1119
4886.444470,2491128394,2491129504,15679,1110
4886.456502,2491137223,2491138329,15557,1106
4886.532652,2491194508,2491195617,15678,1109
4886.600776,2491242984,2491244095,15721,1111
4886.612806,2491251808,2491252890,15908,1082
4886.633828,2491267180,2491268285,15763,1105
4886.645862,2491275968,2491277074,15721,1106
4886.657893,2491284878,2491285983,15955,1105
4886.669908,2491293699,2491294818,15945,1119
4886.699965,2491315724,2491316834,15717,1110
4886.711993,2491324557,2491325667,16068,1110
4886.724000,2491333341,2491334457,15767,1116
4886.742034,2491346523,2491347624,15763,1101
4886.754068,2491355358,2491356468,15713,1110
4886.781119,2491375198,2491376311,15636,1113
4886.793147,2491384026,2491385136,15974,1110
4886.805154,2491392780,2491393891,15680,1111
4886.817195,2491401581,2491402687,15707,1106
4886.829216,2491410393,2491411501,15975,1108
4886.841223,2491419184,2491420291,15683,1107
4886.853257,2491427976,2491429078,15636,1102
4886.865282,2491436845,2491437957,15942,1112
4886.877293,2491445675,2491446778,15680,1103
4886.889325,2491454457,2491455559,15637,1102
4886.901354,2491463260,2491464372,15982,1112
4886.913367,2491472533,2491473650,15882,1117
4886.956457,2491505538,2491506645,15681,1107
4887.021566,2491551775,2491552883,15682,1108
4887.033599,2491560559,2491561670,15639,1111
4887.060651,2491580373,2491581470,15644,1097
4887.072681,2491589440,2491590549,15878,1109
4887.159840,2491653260,2491654371,15720,1111
4887.207937,2491688485,2491689595,15984,1110
4887.219943,2491697262,2491698361,15681,1099
4887.231977,2491706033,2491707135,15641,1102
4887.244004,2491714902,2491715987,15717,1085
4887.256011,2491723657,2491724768,15685,1111
4887.268040,2491732481,2491733593,15810,1112
4887.280071,2491741353,2491742467,15945,1114
4887.292080,2491750144,2491751254,15763,1110
4887.310116,2491763388,2491764495,15760,1107
4887.322148,2491772164,2491773279,15723,1115
4887.370247,2491807415,2491808529,16084,1114
4887.382254,2491816204,2491817311,15763,1107
4887.472424,2491882222,2491883329,15681,1107
4887.485949,2491892150,2491893258,15675,1108
4887.577143,2491960374,2491961485,15723,1111
4887.645268,2492008827,2492009934,15975,1107
4887.657275,2492017604,2492018706,15677,1102
4887.669308,2492026398,2492027503,15637,1105
4887.681337,2492035211,2492036326,15978,1115
4887.712897,2492058555,2492059663,15954,1108
4887.724903,2492067353,2492068455,15683,1102
4887.751954,2492087147,2492088258,15678,1111
4887.763984,2492095972,2492097091,15724,1119
4887.782023,2492109192,2492110294,15635,1102
4887.794051,2492118008,2492119127,15973,1119
4887.881212,2492181897,2492183009,15722,1112
4887.893239,2492190714,2492191824,16067,1110
4887.909763,2492203020,2492204129,15639,1109
4887.921789,2492211854,2492212966,15636,1112
4887.933817,2492220657,2492221764,15950,1107
4887.999926,2492269082,2492270187,15678,1105
4888.011955,2492277909,2492279019,15810,1110
4888.023989,2492286731,2492287850,15985,1119
4888.035995,2492295569,2492296682,15679,1113
4888.054029,2492308776,2492309883,15680,1107
4888.066063,2492317602,2492318708,15654,1106
4888.102131,2492343984,2492345081,15648,1097
4888.120166,2492357299,2492358410,15649,1111
4888.132193,2492366123,2492367231,15968,1108
4888.144200,2492374935,2492376038,15680,1103
4888.165251,2492390306,2492391407,15648,1101
4888.177278,2492399133,2492400248,15964,1115
4888.213349,2492425550,2492426655,15979,1105
4888.225355,2492434352,2492435459,15680,1107
4888.240398,2492445367,2492446481,15960,1114
4888.252406,2492454153,2492455260,15679,1107
4888.288475,2492480585,2492481696,15683,1111
4888.300508,2492489373,2492490482,15651,1109
4888.316551,2492502619,2492503727,15632,1108
4888.393692,2492557688,2492558797,15986,1109
4888.405705,2492566474,2492567576,15638,1102
4888.417732,2492575280,2492576397,15637,1117
4888.432753,2492586734,2492587843,15678,1109
4888.447795,2492597749,2492598850,16063,1101
4888.513905,2492646156,2492647264,15680,1108
4888.525938,2492654985,2492656093,15635,1108
4888.537963,2492663849,2492664958,15853,1109
4888.549972,2492672640,2492673747,15677,1107
4888.562006,2492681436,2492682547,15630,1111
4888.629138,2492732042,2492733147,15677,1105
4888.649161,2492745247,2492746357,15678,1110
4888.661195,2492754047,2492755124,15833,1077
4888.682241,2492769380,2492770489,15987,1109
4888.694247,2492778173,2492779285,15681,1112
4888.721298,2492798048,2492799155,15679,1107
4888.733330,2492806893,2492808006,15634,1113
4888.745362,2492815737,2492816847,15887,1110
4888.775401,2492837769,2492838882,15764,1113
4888.787435,2492846562,2492847673,15719,1111
4888.799464,2492855391,2492856469,15897,1078
4888.817497,2492868583,2492869699,16060,1116
4888.829504,2492877390,2492878498,15761,1108
4888.847538,2492890592,2492891698,15760,1106
4888.859572,2492899380,2492900457,15917,1077
4888.871600,2492908158,2492909268,15975,1110
4888.883607,2492916955,2492918071,15681,1116
4888.904653,2492932393,2492933498,15808,1105
4888.916687,2492941227,2492942345,15982,1118
4888.931709,2492952259,2492953371,15640,1112
4888.943734,2492961134,2492962244,15945,1110
4888.955744,2492969940,2492971046,15678,1106
4888.967778,2492978725,2492979833,15631,1108
4889.063950,2493049213,2493050314,15677,1101
4889.075984,2493058001,2493059107,15643,1106
4889.088011,2493066829,2493067939,16061,1110
4889.100026,2493075621,2493076732,15723,1111
4889.112053,2493084456,2493085563,15725,1107
4889.124080,2493093276,2493094385,16068,1109
4889.136087,2493102075,2493103186,15762,1111
4889.148127,2493110888,2493112004,15789,1116
4889.160149,2493119711,2493120825,16064,1114
4889.172156,2493128527,2493129639,15762,1112
4889.184190,2493137351,2493138461,15918,1110
4889.196218,2493146184,2493147290,16067,1106
4889.208226,2493155018,2493156122,15764,1104
4889.226258,2493168231,2493169344,15760,1113
4889.271344,2493201330,2493202437,15759,1107
4889.283378,2493210119,2493211229,15723,1110
4889.295406,2493218958,2493220068,16067,1110
4889.307414,2493227807,2493228914,15682,1107
4889.319447,2493236599,2493237710,15636,1111
4889.331477,2493245415,2493246502,15826,1087
4889.343497,2493254226,2493255339,15951,1113
4889.355515,2493263076,2493264186,15638,1110
4889.367543,2493271904,2493273012,15974,1108
4889.379550,2493280703,2493281814,15682,1111
4889.391584,2493289486,2493290599,15641,1113
4889.403614,2493298352,2493299462,15994,1110
4889.415619,2493307143,2493308254,15679,1111
4889.427653,2493315953,2493317059,15643,1106
4889.439680,2493324768,2493325882,15978,1114
4889.457714,2493337942,2493339047,15970,1105
4889.469721,2493346738,2493347849,15678,1111
4889.499785,2493368749,2493369864,15807,1115
4889.511818,2493377574,2493378684,15978,1110
4889.523824,2493386374,2493387487,15769,1113
4889.535857,2493395241,2493396360,15903,1119
4889.547888,2493404104,2493405217,15912,1113
4889.601991,2493443732,2493444839,15990,1107
4889.613996,2493452572,2493453669,15684,1097
4889.626032,2493458761,2493459414,13648,653
4889.640333,2493464454,2493465074,12049,620
4889.653080,2493470574,2493471681,15820,1107
4889.665109,2493479359,2493480467,15967,1108
4889.701178,2493505733,2493506843,15967,1110
4889.713184,2493514524,2493515635,15678,1111
4889.731219,2493527728,2493528840,15680,1112
4889.746261,2493538738,2493539851,15933,1113
4889.758272,2493547653,2493548769,15676,1116
4889.800367,2493578524,2493579633,16069,1109
4889.812373,2493587302,2493588408,15765,1106
4889.824407,2493596079,2493597195,15721,1116
4889.887527,2493642287,2493643394,15638,1107
4889.899556,2493651134,2493652244,15984,1110
4889.929596,2493673141,2493674251,15676,1110
4889.940334,2493682350,2493683462,15881,1112
4889.953656,2493691178,2493692292,15954,1114
4889.965181,2493701176,2493702286,15938,1110
4890.018275,2493738567,2493739675,15639,1108
4890.030303,2493747386,2493748496,15975,1110
4890.045326,2493758445,2493759550,15831,1105
4890.081396,2493784835,2493785936,15727,1101
4890.093423,2493793662,2493794772,16038,1110
4890.111458,2493806881,2493807995,16056,1114
4890.123465,2493815675,2493816786,15761,1111
4890.135498,2493824470,2493825581,15719,1111
4890.148331,2493833203,2493834105,15129,902
4890.161049,2493841860,2493842977,16024,1117
4890.173072,2493850741,2493851860,16020,1119
4890.185093,2493859562,2493860670,15720,1108
4890.197122,2493868417,2493869535,16074,1118
4890.221162,2493886046,2493887150,15640,1104
4890.233189,2493894865,2493895977,15969,1112
4890.245197,2493903666,2493904776,15684,1110
4890.257230,2493912502,2493913610,15640,1108
4890.269255,2493921371,2493922481,15935,1110
4890.281265,2493930176,2493931281,15757,1105
4890.293293,2493938992,2493940072,15725,1080
4890.311333,2493952184,2493953295,15642,1111
4890.323362,2493961024,2493962107,15819,1083
4890.335367,2493969807,2493970918,15680,1111
4890.353402,2493983002,2493984103,15762,1101
4890.365434,2493991817,2493992928,15635,1111
4890.377460,2494000682,2494001796,15936,1114
4890.389478,2494009466,2494010582,15718,1116
4890.401503,2494018347,2494019456,15904,1109
4890.425539,2494035989,2494037090,15679,1101
4890.437580,2494044761,2494045877,15718,1116
4890.461608,2494062383,2494063490,15677,1107
4890.473642,2494071176,2494072280,15637,1104
4890.497678,2494088841,2494089955,15762,1114
4890.509706,2494097689,2494098794,15637,1105
4890.521739,2494106531,2494107643,15957,1112
4890.533745,2494115325,2494116429,15678,1104
4890.545779,2494124106,2494125212,15640,1106
4890.564808,2494139542,2494140657,16053,1115
4890.584858,2494152807,2494153918,16054,1111
4890.599882,2494163840,2494164951,15716,1111
4890.623916,2494181493,2494182594,15679,1101
4890.635957,2494190275,2494191386,15709,1111
4890.647979,2494199103,2494200177,15817,1074
4890.659985,2494207856,2494208958,15682,1102
4890.672020,2494216685,2494217791,15843,1106
4890.684047,2494225517,2494226632,15967,1115
4890.696055,2494234357,2494235459,15676,1102
4890.708087,2494243137,2494244217,15835,1080
4890.720115,2494251940,2494253054,15971,1114
4890.732122,2494260739,2494261849,15680,1110
4890.744156,2494269527,2494270634,15725,1107
4890.756184,2494278346,2494279451,16058,1105
4890.768191,2494287139,2494288249,15679,1110
4890.793751,2494305931,2494307039,15636,1108
4890.805778,2494314747,2494315856,15971,1109
4890.817785,2494323550,2494324663,15768,1113
4890.829819,2494332379,2494333459,15922,1080
4890.848850,2494347827,2494348936,15971,1109
4890.865888,2494358844,2494359958,15641,1114
4890.877915,2494367679,2494368789,15972,1110
4890.889923,2494376525,2494377634,15680,1109
4890.901956,2494385326,2494386442,15734,1116
4890.913983,2494394157,2494395273,16046,1116
4890.953043,2494422876,2494423987,15679,1111
4890.965076,2494431682,2494432767,15853,1085
4890.980094,2494442666,2494443772,15682,1106
4890.993621,2494452814,2494453929,15678,1115
4891.017679,2494470453,2494471563,16034,1110
4891.029688,2494479276,2494480388,15759,1112
4891.047724,2494492589,2494493704,15743,1115
4891.059756,2494501430,2494502548,15739,1118
4891.071782,2494510299,2494511414,16046,1115
4891.083798,2494519130,2494520246,15732,1116
4891.095824,2494528001,2494529114,15739,1113
4891.113858,2494541240,2494542351,15643,1111
4891.125885,2494550061,2494551171,15961,1110
4891.143920,2494563262,2494564372,15958,1110
4891.155928,2494572048,2494573155,15683,1107
4891.167961,2494580834,2494581946,15653,1112
4891.185991,2494594080,2494595194,15826,1114
4891.198020,2494603166,2494604275,15923,1109
4891.225075,2494622970,2494624080,16043,1110
4891.237083,2494631817,2494632928,15764,1111
4891.258133,2494647190,2494648292,15738,1102
4891.270159,2494655990,2494657100,15960,1110
4891.282175,2494664771,2494665887,15643,1116
4891.312236,2494686860,2494687963,15636,1103
4891.324264,2494695693,2494696808,15973,1115
4891.336271,2494704497,2494705604,15683,1107
4891.348305,2494713314,2494714422,15640,1108
4891.360333,2494722126,2494723231,15974,1105
4891.372341,2494730951,2494732058,15678,1107
4891.384369,2494739773,2494740883,15816,1110
4891.397897,2494749884,2494750996,15689,1112
4891.409924,2494758756,2494759866,15936,1110
4891.433963,2494776391,2494777508,15816,1117
4891.445996,2494785226,2494786337,15977,1111
4891.461019,2494796249,2494797356,15641,1107
4891.473050,2494805535,2494806645,16044,1110
4891.497088,2494823153,2494824264,15739,1111
4891.509111,2494832008,2494833120,16013,1112
4891.533152,2494849646,2494850751,15828,1105
4891.545183,2494858462,2494859566,15960,1104
4891.557193,2494867283,2494868390,15682,1107
4891.596277,2494895934,2494897043,15647,1109
4891.608305,2494904967,2494906079,15955,1112
4891.635357,2494924813,2494925927,15987,1114
4891.647363,2494933615,2494934730,15685,1115
4891.659397,2494942404,2494943512,15645,1108
4891.680441,2494957835,2494958948,15949,1113
4891.692448,2494966627,2494967738,15681,1111
4891.719500,2494986448,2494987559,15681,1111
4891.731529,2494995274,2494996394,15818,1120
4891.743561,2495004110,2495005229,15973,1119
4891.755569,2495012922,2495014031,15682,1109
4891.767603,2495021718,2495022829,15633,1111
4891.800668,2495045961,2495047075,15949,1114
4891.812687,2495054808,2495055921,15838,1113
4891.848757,2495081253,2495082364,15642,1111
4891.860785,2495090066,2495091181,15970,1115
4891.872791,2495098864,2495099970,15681,1106
4891.884825,2495107647,2495108760,15637,1113
4891.905868,2495123111,2495124225,15938,1114
4891.917877,2495131943,2495133045,15682,1102
4891.929906,2495140754,2495141864,15795,1110
4891.944929,2495151768,2495152879,15763,1111
4891.956963,2495160563,2495161680,15726,1117
4891.968990,2495169394,2495170504,16064,1110
4892.008049,2495197967,2495199074,15681,1107
4892.020081,2495206809,2495207919,15721,1110
4892.032112,2495215665,2495216779,16047,1114
4892.044117,2495224463,2495225574,15768,1111
4892.056151,2495233277,2495234357,15924,1080
4892.068179,2495242068,2495243182,16060,1114
4892.080186,2495250875,2495251985,15765,1110
4892.092220,2495259673,2495260775,15647,1102
4892.104247,2495268496,2495269610,15972,1114
4892.116255,2495277293,2495278401,15679,1108
4892.128287,2495286140,2495287250,15834,1110
4892.140316,2495294970,2495296075,15973,1105
4892.152323,2495303762,2495304869,15679,1107
4892.164357,2495312557,2495313638,15839,1081
4892.192404,2495334533,2495335641,15968,1108
4892.215443,2495349936,2495351046,15679,1110
4892.227472,2495358960,2495360070,15816,1110
4892.239502,2495367809,2495368919,16029,1110
4892.251511,2495376635,2495377746,15764,1111
4892.263546,2495385437,2495386551,15726,1114
4892.296598,2495409677,2495410783,15815,1106
4892.308632,2495418515,2495419626,15725,1111
4892.324668,2495431787,2495432897,15816,1110
4892.419848,2495500005,2495501116,15976,1111
4892.431866,2495508893,2495510002,15945,1109
4892.443888,2495517686,2495518788,15643,1102
4892.455916,2495526512,2495527617,15976,1105
4892.467923,2495535308,2495536415,15687,1107
4892.479957,2495544115,2495545226,15643,1111
4892.491989,2495552944,2495554024,15822,1080
4892.503992,2495561691,2495562792,15680,1101
4892.516026,2495570478,2495571586,15644,1108
4892.528055,2495579325,2495580434,15993,1109
4892.540061,2495588105,2495589221,15768,1116
4892.552090,2495596930,2495598038,15717,1108
4892.564122,2495605738,2495606849,15980,1111
4892.576129,2495614586,2495615696,15684,1110
4892.588163,2495623392,2495624504,15645,1112
4892.600191,2495632222,2495633332,15973,1110
4892.612198,2495641024,2495642130,15604,1106
4892.624227,2495649851,2495650960,15817,1109
4892.642266,2495663064,2495664140,15829,1076
4892.652335,2495671931,2495673039,15957,1108
4892.711386,2495713790,2495714887,15682,1097
4892.723415,2495722593,2495723703,15818,1110
4892.735449,2495731413,2495732496,15825,1083
4892.747455,2495740200,2495741311,15683,1111
4892.759490,2495749025,2495750135,15837,1110
4892.771516,2495757858,2495758973,15952,1115
4892.783537,2495766699,2495767818,16039,1119
4892.795557,2495775499,2495776573,15922,1074
4892.816602,2495790887,2495792005,16056,1118
4892.828615,2495799706,2495800811,15742,1105
4892.849661,2495815101,2495816208,15723,1107
4892.861688,2495823913,2495825031,16062,1118
4892.873696,2495832756,2495833858,15760,1102
4892.885725,2495841614,2495842727,15731,1113
4892.903763,2495854847,2495855948,15742,1101
4892.915789,2495863659,2495864769,16044,1110
4892.927799,2495872490,2495873595,15761,1105
4892.939831,2495881291,2495882399,15740,1108
4892.951860,2495890144,2495891258,16052,1114
4892.963866,2495898929,2495900041,15766,1112
4892.975902,2495907770,2495908882,15703,1112
4892.987930,2495917081,2495918191,15958,1110
4892.999946,2495925939,2495927043,16052,1104
4893.011969,2495934713,2495935818,15722,1105
4893.023998,2495943567,2495944685,16078,1118
4893.036004,2495952369,2495953480,15768,1111
4893.048037,2495961207,2495962320,15638,1113
4893.060066,2495970032,2495971147,15977,1115
4893.072072,2495978853,2495979954,15681,1101
4893.084107,2495987669,2495988774,15844,1105
4893.096134,2495996504,2495997612,15980,1108
4893.108141,2496005327,2496006434,15679,1107
4893.120170,2496014151,2496015270,15822,1119
4893.132202,2496022977,2496024091,15970,1114
4893.153227,2496038378,2496039479,15683,1101
4893.165267,2496047207,2496048318,15709,1111
4893.183295,2496060408,2496061519,15642,1111
4893.195325,2496069243,2496070356,15974,1113
4893.207330,2496078068,2496079174,15773,1106
4893.219356,2496086960,2496088039,15614,1079
4893.240408,2496102366,2496103484,15975,1118
4893.252417,2496111258,2496112365,15682,1107
4893.267459,2496122278,2496123384,15948,1106
4893.285495,2496135493,2496136598,15979,1105
4893.297502,2496144354,2496145462,15683,1108
4893.324554,2496164208,2496165321,15680,1113
4893.336586,2496172994,2496174101,15642,1107
4893.360621,2496190624,2496191735,15678,1111
4893.372655,2496199401,2496200508,15647,1107
4893.387672,2496210424,2496211535,15678,1111
4893.399706,2496219232,2496220338,15722,1106
4893.411734,2496228050,2496229158,15890,1108
4893.423742,2496236871,2496237975,15684,1104
4893.435775,2496245650,2496246762,15643,1112
4893.447802,2496254471,2496255588,15972,1117
4893.459811,2496263447,2496264549,15686,1102
4893.471843,2496272261,2496273377,15655,1116
4893.492887,2496287699,2496288814,15956,1115
4893.504897,2496296537,2496297642,15678,1105
4893.540964,2496322962,2496324075,15678,1113
4893.552994,2496331790,2496332901,15636,1111
4893.577033,2496349422,2496350528,15768,1106
4893.589067,2496358214,2496359317,15708,1103
4893.652186,2496404433,2496405541,15640,1108
4893.664214,2496413308,2496414427,15988,1119
4893.676221,2496422152,2496423248,15681,1096
4893.688255,2496430949,2496432059,15646,1110
4893.700284,2496439817,2496440929,15962,1112
4893.712301,2496448710,2496449819,15845,1109
4893.769409,2496490574,2496491686,15723,1112
4893.781437,2496499400,2496500510,16057,1110
4893.805478,2496516962,2496518068,15727,1106
4893.817506,2496525847,2496526957,16043,1110
4893.832530,2496536837,2496537948,15717,1111
4893.844558,2496545868,2496546981,15982,1113
4893.856564,2496554697,2496555803,15681,1106
4893.868598,2496563483,2496564599,15637,1116
4893.880623,2496572362,2496573477,15938,1115
4893.895649,2496583359,2496584466,15640,1107
4893.907677,2496592170,2496593277,15977,1107
4893.991821,2496653800,2496654913,15765,1113
4894.003855,2496662627,2496663735,15722,1108
4894.015885,2496671485,2496672594,16080,1109
4894.027891,2496680311,2496681416,15764,1105
4894.039924,2496689092,2496690208,15720,1116
4894.051953,2496697953,2496699068,16049,1115
4894.063958,2496706733,2496707839,15762,1106
4894.075993,2496715524,2496716626,15718,1102
4894.088022,2496724399,2496725509,15964,1110
4894.106055,2496737605,2496738714,15970,1109
4894.118063,2496746432,2496747548,15678,1116
4894.130096,2496755243,2496756354,15641,1111
4894.142120,2496764096,2496765214,15945,1118
4894.157153,2496775157,2496776265,15712,1108
4894.169175,2496783978,2496785092,15974,1114
4894.184198,2496794954,2496796034,15828,1080
4894.232296,2496830187,2496831296,15977,1109
4894.244315,2496839022,2496840130,15944,1108
4894.259344,2496850095,2496851205,15948,1110
4894.271353,2496858884,2496859985,15684,1101
4894.283386,2496867717,2496868821,15820,1104
4894.295416,2496876615,2496877729,16045,1114
4894.307429,2496885409,2496886520,15722,1111
4894.319455,2496894279,2496895388,15905,1109
4894.331485,2496903153,2496904263,16065,1110
4894.343492,2496911987,2496913099,15769,1112
4894.355529,2496920855,2496921969,15975,1114
4894.367553,2496929724,2496930843,15962,1119
4894.379561,2496938569,2496939680,15681,1111
4894.439691,2496982818,2496983937,15977,1119
4894.451709,2496991688,2496992802,15939,1114
4894.463728,2497000543,2497001648,15920,1105
4894.475759,2497009386,2497010495,16069,1109
4894.486275,2497017326,2497018439,15914,1113
4894.496329,2497026253,2497027362,15956,1109
4894.513323,2497037323,2497038432,15839,1109
4894.525353,2497046190,2497047300,15974,1110
4894.537360,2497055017,2497056125,15681,1108
4894.549392,2497063868,2497064951,15653,1083
4894.561422,2497072700,2497073814,15987,1114
4894.573430,2497081524,2497082636,15684,1112
4894.600481,2497101424,2497102535,15681,1111
4894.612510,2497110262,2497111374,15817,1112
4894.663601,2497147877,2497148988,15681,1111
4894.675632,2497156724,2497157806,15568,1082
4894.687662,2497165552,2497166662,15982,1110
4894.699669,2497174401,2497175509,15686,1108
4894.711699,2497183259,2497184370,15816,1111
4894.723730,2497192103,2497193207,15977,1104
4894.735738,2497200922,2497202034,15685,1112
4894.747769,2497209786,2497210896,15815,1110
4894.765804,2497223037,2497224119,15649,1082
4894.777836,2497231851,2497232959,15979,1108
4894.877022,2497304832,2497305940,15975,1108
4894.892043,2497315868,2497316987,15817,1119
4894.910078,2497329249,2497330361,15830,1112
4894.922108,2497338109,2497339215,15891,1106
4894.979202,2497380118,2497381220,15685,1102
4894.994245,2497391190,2497392298,16019,1108
4895.006265,2497400051,2497401165,15953,1114
4895.048348,2497431012,2497432119,15977,1107
4895.060355,2497439835,2497440949,15685,1114
4895.081403,2497455333,2497456446,15812,1113
4895.093433,2497464186,2497465297,15972,1111
4895.112467,2497479700,2497480816,15680,1116
4895.159544,2497512894,2497514000,15682,1106
4895.183605,2497530623,2497531735,15975,1112
4895.195613,2497539458,2497540564,15687,1106
4895.207644,2497548322,2497549432,15763,1110
4895.219672,2497557213,2497558325,15942,1112
4895.231681,2497566035,2497567136,15681,1101
4895.243712,2497574878,2497575992,15820,1114
4895.255743,2497583737,2497584852,15991,1115
4895.273777,2497597003,2497598116,15978,1113
4895.285784,2497605835,2497606942,15689,1107
4895.297820,2497614673,2497615783,15880,1110
4895.312835,2497625794,2497626896,15680,1102
4895.324866,2497634633,2497635743,15821,1110
4895.401021,2497692128,2497693238,15950,1110
4895.505209,2497767398,2497768500,15928,1102
4895.517238,2497776297,2497777406,15942,1109
4895.529247,2497785157,2497786268,15681,1111
4895.541278,2497794011,2497795110,15819,1099
4895.559312,2497807291,2497808409,15815,1118
4895.571343,2497816145,2497817259,15985,1114
4895.583350,2497824994,2497826105,15683,1111
4895.601396,2497838279,2497839393,15952,1114
4895.613414,2497847144,2497848253,15800,1109
4895.712602,2497920168,2497921282,15887,1114
4895.724634,2497929086,2497930194,15957,1108
4895.784740,2497973287,2497974397,15903,1110
4895.796770,2497982181,2497983295,16049,1114
4895.811792,2497993258,2497994369,15898,1111
4895.829827,2498006538,2498007652,15907,1114
4895.841857,2498015453,2498016562,16049,1109
4895.853865,2498024332,2498025443,15770,1111
4895.865895,2498033187,2498034298,15904,1111
4895.877926,2498042044,2498043155,16060,1111
4895.907967,2498064188,2498065295,15770,1107
4895.919998,2498073055,2498074169,15907,1114
4895.932029,2498081974,2498083079,15954,1105
4895.944041,2498090796,2498091912,15605,1116
4895.956066,2498099656,2498100766,15818,1110
4895.968097,2498108516,2498109635,15978,1119
4895.980104,2498117349,2498118460,15681,1111
4895.998151,2498130628,2498131738,15951,1110
4896.010172,2498139936,2498141047,15845,1111
4896.028205,2498153250,2498154364,15798,1114
4896.040234,2498162114,2498163228,16062,1114
4896.052242,2498170952,2498172058,15768,1106
4896.064272,2498179796,2498180910,15907,1114
4896.076303,2498188668,2498189775,16061,1107
4896.124379,2498224081,2498225186,15761,1105
4896.136410,2498232990,2498234109,15826,1119
4896.157457,2498248475,2498249578,16063,1103
4896.169467,2498257306,2498258416,15769,1110
4896.187499,2498270671,2498271784,15683,1113
4896.199530,2498279596,2498280710,15952,1114
4896.211560,2498288485,2498289603,16058,1118
4896.223567,2498297352,2498298464,15771,1112
4896.235598,2498306233,2498307352,15904,1119
4896.259636,2498323953,2498325058,15767,1105
4896.295717,2498350516,2498351631,15956,1115
4896.307731,2498359452,2498360537,15635,1085
4896.319766,2498368313,2498369432,15955,1119
4896.331773,2498377185,2498378298,15684,1113
4896.343800,2498386094,2498387209,15811,1115
4896.355834,2498394990,2498396109,15979,1119
4896.367842,2498403864,2498404972,15684,1108
4896.379873,2498412752,2498413865,15824,1113
4896.391900,2498421625,2498422738,15945,1113
4896.403910,2498430491,2498431597,15682,1106
4896.415937,2498439361,2498440440,15614,1079
4896.427972,2498448174,2498449287,15956,1113
4896.439985,2498456999,2498458112,15603,1113
4896.452010,2498465873,2498466987,15815,1114
4896.470045,2498479169,2498480253,15645,1084
4896.482075,2498487983,2498489097,15983,1114
4896.509126,2498507989,2498509099,16060,1110
4896.524148,2498519013,2498520092,15728,1079
4896.536177,2498527822,2498528941,16060,1119
4896.548185,2498536701,2498537803,15761,1102
4896.560216,2498545552,2498546665,15904,1113
4896.584254,2498563228,2498564339,15768,1111
4896.596284,2498572130,2498573244,15881,1114
4896.608314,2498580997,2498582109,15974,1112
4896.620321,2498589836,2498590948,15679,1112
4896.689465,2498640719,2498641831,15975,1112
4896.701476,2498649584,2498650692,15686,1108
4896.740555,2498678337,2498679445,15814,1108
4896.752589,2498687226,2498688330,15956,1104
4896.764596,2498696063,2498697174,15601,1111
4896.776627,2498704919,2498706026,15820,1107
4896.788655,2498713772,2498714881,15944,1109
4896.800665,2498722640,2498723742,15682,1102
4896.827716,2498742539,2498743649,15761,1110
4896.839743,2498751394,2498752509,15893,1115
4896.851778,2498760242,2498761355,16067,1113
4896.863785,2498769068,2498770184,15769,1116
4896.875812,2498777963,2498779046,15697,1083
4896.887845,2498786784,2498787903,16051,1119
4896.899854,2498795667,2498796775,15766,1108
4896.911885,2498804562,2498805672,15911,1110
4896.923915,2498813439,2498814544,16066,1105
4896.941949,2498826672,2498827785,16072,1113
4896.953956,2498835489,2498836602,15764,1113
4896.969001,2498846601,2498847719,15955,1118
4896.981008,2498855438,2498856544,15683,1106
4897.005069,2498873164,2498874278,15978,1114
4897.017077,2498882020,2498883131,15680,1111
4897.029107,2498890879,2498891988,15817,1109
4897.065176,2498917464,2498918580,15816,1116
4897.077206,2498926310,2498927415,15975,1105
4897.101244,2498944023,2498945105,15634,1082
4897.113275,2498952846,2498953959,15979,1113
4897.161351,2498988200,2498989313,15682,1113
4897.173380,2498997056,2498998155,15794,1099
4897.185411,2499005930,2499007034,15963,1104
4897.200433,2499016981,2499018100,15814,1119
4897.257549,2499059028,2499060143,15973,1115
4897.269556,2499067851,2499068953,15682,1102
4897.287603,2499081149,2499082264,15954,1115
4897.299620,2499090004,2499091118,15802,1114
4897.311652,2499098861,2499099974,15977,1113
4897.329686,2499112121,2499113235,15968,1114
4897.341694,2499120946,2499122054,15683,1108
4897.368745,2499140852,2499141955,15682,1103
4897.380782,2499149719,2499150828,15886,1109
4897.416845,2499176354,2499177464,15819,1110
4897.428875,2499185212,2499186326,15971,1114
4897.440883,2499194092,2499195203,15684,1111
4897.516034,2499249461,2499250569,15820,1108
4897.528064,2499258753,2499259872,15959,1119
4897.540071,2499267626,2499268737,15683,1111
4897.552102,2499276479,2499277598,15734,1119
4897.564132,2499285338,2499286452,15978,1114
4897.576140,2499294156,2499295268,15682,1112
4897.588171,2499303072,2499304182,15847,1110
4897.600200,2499311922,2499313028,15886,1106
4897.612209,2499320741,2499321849,15682,1108
4897.624240,2499329586,2499330668,15655,1082
4897.636270,2499338450,2499339564,15945,1114
4897.651290,2499349577,2499350694,15820,1117
4897.663321,2499358448,2499359562,15890,1114
4897.675328,2499367272,2499368383,15683,1111
4897.687359,2499376154,2499377269,15845,1115
4897.699390,2499385012,2499386122,15980,1110
4897.711396,2499393824,2499394936,15681,1112
4897.723428,2499402683,2499403762,15652,1079
4897.735458,2499411545,2499412655,15947,1110
4897.747466,2499420358,2499421460,15683,1102
4897.768513,2499435884,2499436993,15814,1109
4897.780541,2499444739,2499445843,15902,1104
4897.795563,2499455833,2499456937,15797,1104
4897.807596,2499464684,2499465802,15976,1118
4897.819602,2499473529,2499474632,15684,1103
4897.831633,2499482401,2499483516,15844,1115
4897.843664,2499491256,2499492366,15979,1110
4897.855684,2499500117,2499501224,15853,1107
4897.867702,2499509015,2499510120,15828,1105
4897.879730,2499517873,2499518977,15945,1104
4897.891740,2499526749,2499527864,15686,1115
4897.909774,2499540079,2499541185,15676,1106
4897.921805,2499548934,2499550049,15815,1115
4897.952869,2499573282,2499574392,15682,1110
4897.987937,2499597640,2499598759,16032,1119
4897.999946,2499606518,2499607625,15642,1107
4898.011976,2499615399,2499616509,15825,1110
4898.024007,2499624231,2499625349,15976,1118
4898.057062,2499648548,2499649663,15824,1115
4898.069093,2499657443,2499658555,15958,1112
4898.120182,2499695047,2499696158,15818,1111
4898.132213,2499703899,2499705011,15994,1112
4898.144220,2499712736,2499713844,15683,1108
4898.156252,2499721594,2499722677,15654,1083
4898.168281,2499730448,2499731565,15952,1117
4898.180301,2499739308,2499740423,15960,1115
4898.192318,2499748184,2499749299,15802,1115
4898.208362,2499761504,2499762614,15811,1110
4898.261443,2499799127,2499800229,15683,1102
4898.273480,2499807973,2499809088,15884,1115
4898.285503,2499816872,2499817979,15939,1107
4898.312556,2499836774,2499837893,15976,1119
4898.324568,2499845610,2499846716,15601,1106
4898.336594,2499854454,2499855568,15819,1114
4898.357642,2499869954,2499871069,16037,1115
4898.369662,2499878831,2499879940,15848,1109
4898.399714,2499900972,2499902086,15900,1114
4898.411744,2499909875,2499910980,15954,1105
4898.423757,2499918701,2499919811,15602,1110
4898.435782,2499927585,2499928699,15829,1114
4898.453816,2499940856,2499941970,15814,1114
4898.465847,2499949734,2499950849,15956,1115
4898.574051,2500029330,2500030438,15950,1108
4898.586060,2500038182,2500039288,15681,1106
4898.604094,2500051436,2500052544,15763,1108
4898.616125,2500060307,2500061417,15905,1110
4898.628156,2500069172,2500070287,16076,1115
4898.640163,2500078017,2500079120,15765,1103
4898.652194,2500086902,2500088007,15920,1105
4898.664225,2500095744,2500096849,16021,1105
4898.676244,2500104580,2500105686,16038,1106
4898.691275,2500115684,2500116798,16033,1114
4898.703283,2500124569,2500125682,15765,1113
4898.715314,2500133453,2500134568,15831,1115
4898.727345,2500142316,2500143430,16033,1114
4898.739352,2500151148,2500152248,15770,1100
4898.751383,2500160033,2500161148,15916,1115
4898.763413,2500168884,2500169997,16071,1113
4898.775432,2500177741,2500178854,16042,1113
4898.787451,2500186626,2500187733,15929,1107
4898.799482,2500195477,2500196593,16062,1116
4898.811501,2500204350,2500205464,16022,1114
4898.823516,2500213213,2500214321,15810,1108
4898.835550,2500222115,2500223221,15954,1106
4898.855083,2500233382,2500234031,13400,649
4898.868332,2500239302,2500239928,12034,626
4898.882132,2500245948,2500247051,15825,1103
4898.894160,2500254823,2500255927,15863,1104
4898.906185,2500263685,2500264798,15989,1113
4898.921213,2500274793,2500275906,15914,1113
4898.933235,2500283676,2500284789,15979,1113
4898.945251,2500292571,2500293686,15848,1115
4898.957282,2500301487,2500302597,15905,1110
4898.987339,2500323726,2500324839,15986,1113
4898.999355,2500332631,2500333740,15831,1109
4899.011383,2500341520,2500342630,15906,1110
4899.024414,2500352648,2500353767,15798,1119
4899.037938,2500362139,2500363243,15910,1104
4899.048453,2500371064,2500372181,15979,1117
4899.107560,2500413323,2500414432,15828,1109
4899.119591,2500422239,2500423354,15868,1115
4899.131612,2500431169,2500432279,15979,1110
4899.143629,2500440057,2500441172,15761,1115
4899.155662,2500448948,2500450052,15869,1104
4899.167682,2500457844,2500458955,15911,1111
4899.179697,2500466739,2500467849,15834,1110
4899.191727,2500475629,2500476742,15822,1113
4899.203751,2500484524,2500485634,15990,1110
4899.215773,2500493425,2500494535,15901,1110
4899.227795,2500502335,2500503449,15815,1114
4899.239817,2500511217,2500512325,15960,1108
4899.251834,2500520127,2500521241,15857,1114
4899.263866,2500529033,2500530148,15866,1115
4899.287903,2500546856,2500547956,15930,1100
4899.299931,2500555751,2500556865,15994,1114
4899.311955,2500564658,2500565767,16024,1109
4899.323972,2500573555,2500574663,15952,1108
4899.336001,2500582451,2500583560,15997,1109
4899.348022,2500591343,2500592453,16047,1110
4899.361549,2500599976,2500601082,15947,1106
4899.373568,2500608866,2500609975,15857,1109
4899.388599,2500619980,2500621086,15958,1106
4899.400617,2500628868,2500629980,15861,1112
4899.421662,2500644433,2500645543,15907,1110
4899.433687,2500653316,2500654426,15976,1110
4899.457732,2500671096,2500672208,15906,1112
4899.469755,2500679978,2500681088,15976,1110
4899.481772,2500688886,2500689991,15847,1105
4899.493802,2500697780,2500698892,15910,1112
4899.512835,2500713330,2500714444,15916,1114
4899.529869,2500724466,2500725581,15906,1115
4899.541894,2500733371,2500734478,15989,1107
4899.565940,2500751166,2500752281,15913,1115
4899.577963,2500760055,2500761167,16061,1112
4899.589978,2500768948,2500770064,15842,1116
4899.602008,2500777862,2500778976,15910,1114
4899.617029,2500788988,2500790093,15821,1105
4899.629058,2500797866,2500798976,15903,1110
4899.644080,2500808995,2500810105,15825,1110
4899.656110,2500817893,2500819009,15906,1116
4899.668133,2500826805,2500827912,15976,1107
4899.680149,2500835715,2500836829,15844,1114
4899.692180,2500844620,2500845734,15909,1114
4899.704201,2500853532,2500854642,15974,1110
4899.716217,2500862437,2500863552,15826,1115
4899.728247,2500871347,2500872452,15907,1105
4899.740271,2500880259,2500881366,15992,1107
4899.752286,2500889144,2500890263,15741,1119
4899.764317,2500898047,2500899152,15915,1105
4899.776338,2500906938,2500908048,16035,1110
4899.788355,2500915838,2500916947,15928,1109
4899.800385,2500924734,2500925844,15997,1110
4899.812408,2500933629,2500934743,15911,1114
4899.836452,2500951418,2500952528,15902,1110
4899.848477,2500960339,2500961449,16078,1110
4899.863506,2500971463,2500972577,16001,1114
4899.887544,2500989258,2500990368,15846,1110
4899.899574,2500998161,2500999274,15909,1113
4899.911597,2501007069,2501008179,15997,1110
4899.923613,2501015972,2501017081,15920,1109
4899.935641,2501024858,2501025972,15994,1114
4899.947665,2501033760,2501034867,16049,1107
4899.959688,2501042667,2501043781,15820,1114
4899.971711,2501051578,2501052692,15915,1114
4899.983732,2501060467,2501061581,15888,1114
4899.995749,2501069348,2501070460,15765,1112
4900.007780,2501078250,2501079366,15911,1116
4900.028820,2501093837,2501094947,15988,1110
4900.040835,2501102740,2501103853,15827,1113
4900.052862,2501111670,2501112778,15904,1108
4900.064886,2501120566,2501121681,15876,1115
4900.076903,2501129467,2501130586,15771,1119
4900.088933,2501138366,2501139478,15905,1112
4900.100954,2501147261,2501148375,15959,1114
4900.146042,2501180643,2501181762,15978,1119
4900.158064,2501189549,2501190654,15900,1105
4900.170087,2501198449,2501199559,15905,1110
4900.182108,2501207359,2501208469,15964,1110
4900.194126,2501216268,2501217378,15853,1110
4900.206156,2501225176,2501226284,15909,1108
4900.218179,2501234079,2501235187,15889,1108
4900.230195,2501242999,2501244114,15840,1115
4900.242222,2501251904,2501253012,15902,1108
4900.254250,2501260813,2501261927,15986,1114
4900.269277,2501271941,2501273055,15902,1114
4900.296329,2501291959,2501293073,15907,1114
4900.308351,2501300870,2501301980,15908,1110
4900.329384,2501316442,2501317552,15827,1110
4900.341413,2501325342,2501326450,15994,1108
4900.353437,2501334239,2501335344,16078,1105
4900.413550,2501378709,2501379829,15995,1120
4900.425574,2501387608,2501388718,16075,1110
4900.440601,2501398723,2501399834,15992,1111
4900.452626,2501407609,2501408723,15993,1114
4900.476670,2501425410,2501426520,15907,1110
4900.488691,2501434307,2501435423,15958,1116
4900.500709,2501443220,2501444335,15853,1115
4900.512737,2501452122,2501453229,15902,1107
4900.524762,2501461022,2501462131,15977,1109
4900.539789,2501472143,2501473261,15903,1118
4900.548331,2501480328,2501481452,15861,1124
4900.560335,2501489261,2501490376,15904,1115
4900.580365,2501502617,2501503732,15989,1115
4900.592390,2501511515,2501512620,15979,1105
4900.604413,2501520394,2501521503,15905,1109
4900.616436,2501529263,2501530376,15905,1113
4900.628457,2501538160,2501539270,15964,1110
4900.649492,2501553728,2501554840,15857,1112
4900.661520,2501562621,2501563729,15900,1108
4900.679555,2501575983,2501577097,15995,1114
4900.691579,2501584895,2501586009,16064,1114
4900.709612,2501598243,2501599353,16045,1110
4900.721629,2501607150,2501608259,15860,1109
4900.733659,2501616041,2501617154,15911,1113
4900.745680,2501624960,2501626075,15960,1115
4900.757698,2501633861,2501634980,15841,1119
4900.772733,2501644982,2501646094,15970,1112
4900.784749,2501653870,2501654987,15845,1117
4900.799785,2501665002,2501666107,15974,1105
4900.835852,2501691715,2501692831,15966,1116
4900.847870,2501700604,2501701713,15863,1109
4900.859897,2501709501,2501710615,15907,1114
4900.871926,2501718416,2501719529,15991,1113
4900.883938,2501727318,2501728428,15826,1110
4900.895967,2501736208,2501737321,15907,1113
4900.907991,2501745102,2501746211,15979,1109
4900.938042,2501767324,2501768444,15848,1120
4900.950072,2501776246,2501777359,15907,1113
4900.962095,2501785156,2501786273,15988,1117
4900.974112,2501794049,2501795163,15831,1114
4900.986139,2501802959,2501804070,15909,1111
4901.034230,2501838542,2501839661,15974,1119
4901.046247,2501847464,2501848574,15826,1110
4901.061283,2501858596,2501859706,16075,1110
4901.073298,2501867491,2501868605,15913,1114
4901.085326,2501876419,2501877533,15992,1114
4901.140431,2501918668,2501919783,15963,1115
4901.157463,2501929808,2501930921,15904,1113
4901.169488,2501938708,2501939818,16064,1110
4901.193532,2501956499,2501957609,15994,1110
4901.205555,2501965408,2501966521,15965,1113
4901.244624,2501994345,2501995460,15862,1115
4901.256652,2502003265,2502004385,15907,1120
4901.268676,2502012193,2502013308,15975,1115
4901.280693,2502021115,2502022233,15844,1118
4901.292722,2502030056,2502031175,15912,1119
4901.304745,2502038986,2502040099,15978,1113
4901.319775,2502050151,2502051265,15909,1114
4901.331797,2502059059,2502060172,15980,1113
4901.343814,2502067957,2502069067,15851,1110
4901.355842,2502076849,2502077962,15909,1113
4901.373877,2502090212,2502091322,15905,1110
4901.385901,2502099105,2502100220,15992,1115
4901.424968,2502128060,2502129174,15848,1114
4901.436998,2502136965,2502138079,15906,1114
4901.461036,2502154781,2502155891,15833,1110
4901.473065,2502163663,2502164779,15901,1116
4901.485090,2502172562,2502173676,15947,1114
4901.542190,2502214850,2502215960,15851,1110
4901.554219,2502223755,2502224867,15908,1112
4901.656415,2502299403,2502300523,15989,1120
4901.668430,2502308326,2502309440,15819,1114
4901.680459,2502317216,2502318326,15907,1110
4901.692484,2502326090,2502327209,15948,1119
4901.704499,2502335020,2502336137,15945,1117
4901.767619,2502381780,2502382891,15933,1111
4901.779646,2502390682,2502391792,15993,1110
4901.797682,2502404035,2502405149,15913,1114
4901.809704,2502412958,2502414068,15960,1110
4901.833751,2502430773,2502431886,15907,1113
4901.845774,2502439679,2502440797,15913,1118
4901.875825,2502461910,2502463020,15843,1110
4901.887852,2502470794,2502471907,15907,1113
4901.899876,2502479688,2502480798,15966,1110
4901.911894,2502488586,2502489705,15845,1119
4901.923924,2502497500,2502498613,15908,1113
4901.935946,2502506392,2502507502,15975,1110
4901.959991,2502524201,2502525315,15906,1114
4901.972016,2502533102,2502534215,16000,1113
4901.984031,2502541995,2502543110,15831,1115
4901.996061,2502550901,2502552011,15915,1110
4902.008083,2502559817,2502560929,15976,1112
4902.057178,2502597615,2502598725,15904,1110
4902.072709,2502607833,2502608946,15909,1113
4902.086231,2502618400,2502619514,15910,1114
4902.104267,2502631768,2502632881,15914,1113
4902.116289,2502640677,2502641786,15980,1109
4902.128305,2502649569,2502650679,15935,1110
4902.140335,2502658461,2502659576,16002,1115
4902.161375,2502674029,2502675147,16082,1118
4902.173391,2502682928,2502684042,15921,1114
4902.185420,2502691809,2502692922,15993,1113
4902.197443,2502700711,2502701818,16073,1107
4902.209460,2502709615,2502710723,15937,1108
4902.233512,2502727413,2502728528,15980,1115
4902.245528,2502736313,2502737423,15824,1110
4902.257557,2502745219,2502746334,15915,1115
4902.269581,2502754121,2502755221,15996,1100
4902.281596,2502763017,2502764127,15828,1110
4902.300644,2502778617,2502779735,15913,1118
4902.323683,2502794235,2502795351,15982,1116
4902.335699,2502803148,2502804258,15852,1110
4902.347729,2502812042,2502813161,15914,1119
4902.359753,2502820965,2502822074,16001,1109
4902.371768,2502829867,2502830982,15840,1115
4902.383797,2502838791,2502839906,15911,1115
4902.407837,2502856578,2502857687,15855,1109
4902.419867,2502865483,2502866602,15917,1119
4902.431889,2502874380,2502875486,15982,1106
4902.443905,2502883272,2502884381,15832,1109
4902.455934,2502892142,2502893252,15914,1110
4902.467959,2502901038,2502902146,15991,1108
4902.479974,2502909925,2502911035,15836,1110
4902.492005,2502918809,2502919919,15919,1110
4902.504026,2502927702,2502928818,15983,1116
4902.516045,2502936620,2502937727,15853,1107
4902.528073,2502945512,2502946622,15912,1110
4902.540096,2502954392,2502955502,15925,1110
4902.552111,2502963296,2502964410,15838,1114
4902.564140,2502972204,2502973316,15912,1112
4902.576164,2502981112,2502982231,15994,1119
4902.594198,2502994456,2502995575,15983,1119
4902.606214,2503003368,2503004478,15853,1110
4902.621249,2503014504,2503015619,15986,1115
4902.633265,2503023399,2503024504,15850,1105
4902.663329,2503045636,2503046746,15907,1110
4902.675353,2503054527,2503055646,15994,1119
4902.693386,2503067884,2503068993,15983,1109
4902.705403,2503076781,2503077894,15941,1113
4902.717433,2503085680,2503086794,16003,1114
4902.729457,2503094597,2503095707,15978,1110
4902.741471,2503103491,2503104606,15831,1115
4902.756507,2503114614,2503115719,15993,1105
4902.813608,2503156880,2503157987,15850,1107
4902.825639,2503165771,2503166885,15915,1114
4902.888759,2503212495,2503213607,15919,1112
4902.900780,2503221400,2503222514,15981,1114
4902.912797,2503230299,2503231409,15854,1110
4902.924827,2503239191,2503240295,15915,1104
4902.936852,2503248110,2503249217,15919,1107
4902.951877,2503259244,2503260363,15906,1119
4903.033034,2503319207,2503320311,16089,1104
4903.045051,2503328096,2503329205,15946,1109
4903.057067,2503336956,2503338035,15619,1079
4903.114188,2503378922,2503380030,16087,1108
4903.126204,2503387788,2503388902,15930,1114
4903.141240,2503398900,2503400014,15939,1114
4903.153255,2503407740,2503408857,15946,1117
4903.237414,2503469703,2503470815,15863,1112
4903.249446,2503478562,2503479674,16095,1112
4903.261463,2503487473,2503488587,15944,1114
4903.273479,2503496331,2503497410,15614,1079
4903.336603,2503542749,2503543862,15861,1113
4903.348634,2503551629,2503552738,16181,1109
4903.444804,2503622456,2503623542,15711,1086
4903.456840,2503631293,2503632401,16184,1108
4903.543993,2503695516,2503696595,15634,1079
4903.556029,2503704339,2503705451,16091,1112
4903.568044,2503713179,2503714284,16018,1105
4903.580074,2503722046,2503723122,15839,1076
4903.592099,2503731272,2503732387,16180,1115
4903.604113,2503740152,2503741261,15932,1109
4903.616130,2503749019,2503750097,15704,1078
4903.628165,2503757843,2503758948,16175,1105
4903.640183,2503766699,2503767803,16035,1104
4903.661216,2503782195,2503783274,15698,1079
4903.673252,2503791027,2503792130,16172,1103
4903.748387,2503846344,2503847453,15944,1109
4903.760405,2503855227,2503856315,15698,1088
4903.772441,2503864048,2503865159,16178,1111
4903.784455,2503872915,2503874034,16047,1119
4903.847576,2503919419,2503920529,15939,1110
4903.859593,2503928284,2503929367,15619,1083
4903.871629,2503937103,2503938211,16096,1108
4903.883644,2503945983,2503947098,15960,1115
4903.895662,2503954833,2503955912,15613,1079
4903.907697,2503963690,2503964800,15968,1110
4903.955782,2503999115,2504000229,15931,1114
4903.967799,2504007969,2504009053,15618,1084
4903.979832,2504016800,2504017906,15998,1106
4903.991850,2504025647,2504026753,15932,1106
4904.003868,2504034495,2504035574,15706,1079
4904.015904,2504043332,2504044441,16184,1109
4904.027919,2504052188,2504053301,15954,1113
4904.039936,2504061092,2504062175,15715,1083
4904.051972,2504069908,2504071021,16184,1113
4904.063987,2504078782,2504079892,15974,1110
4904.076017,2504087644,2504088722,15835,1078
4904.088041,2504096465,2504097571,16182,1106
4904.100056,2504105305,2504106418,16014,1113
4904.112073,2504114158,2504115237,15704,1079
4904.124108,2504122980,2504124097,16177,1117
4904.136126,2504131835,2504132942,16034,1107
4904.148142,2504140696,2504141779,15706,1083
4904.160178,2504149516,2504150624,16178,1108
4904.172193,2504158376,2504159486,16016,1110
4904.184211,2504167235,2504168318,15700,1083
4904.196246,2504176075,2504177187,16179,1112
4904.208262,2504184930,2504186040,16015,1110
4904.220279,2504193798,2504194881,15704,1083
4904.232313,2504202652,2504203757,15935,1105
4904.253347,2504218227,2504219345,15861,1118
4904.265376,2504227171,2504228289,15998,1118
4904.280397,2504238342,2504239456,15858,1114
4904.292426,2504247264,2504248379,15923,1115
4904.307450,2504258429,2504259548,15848,1119
4904.320975,2504268688,2504269801,15859,1113
4904.336008,2504279860,2504280972,16000,1112
4904.348026,2504288790,2504289905,15851,1115
4904.360058,2504297721,2504298835,16008,1114
4904.372078,2504306654,2504307773,15935,1119
4904.384095,2504315590,2504316708,15850,1118
4904.396126,2504324527,2504325642,15918,1115
4904.408147,2504333456,2504334571,15982,1115
4904.420168,2504342377,2504343486,15962,1109
4904.432182,2504351256,2504352339,15614,1083
4904.444218,2504360064,2504361173,16177,1109
4904.462252,2504373352,2504374465,16174,1113
4904.474268,2504382208,2504383323,15950,1115
4904.525369,2504419876,2504420989,16084,1113
4904.537387,2504428740,2504429847,16013,1107
4904.552423,2504439788,2504440894,16087,1106
4904.564439,2504448636,2504449751,15927,1115
4904.576461,2504457536,2504458644,15836,1108
4904.627558,2504495156,2504496272,15957,1116
4904.639576,2504504030,2504505108,15617,1078
4904.657611,2504517273,2504518356,15616,1083
4904.669646,2504526114,2504527227,16089,1113
4904.681664,2504535017,2504536126,15942,1109
4904.693676,2504543892,2504544975,15582,1083
4904.729748,2504570461,2504571545,15612,1084
4904.741785,2504579279,2504580391,16086,1112
4904.753799,2504588123,2504589243,15929,1120
4904.765816,2504597004,2504598083,15609,1079
4904.777853,2504605870,2504606989,16038,1119
4904.789868,2504614732,2504615842,16014,1110
4904.831955,2504645659,2504646773,16176,1114
4904.843972,2504654558,2504655668,16029,1110
4904.855988,2504663400,2504664483,15619,1083
4904.868025,2504672226,2504673334,16086,1108
4904.880041,2504681119,2504682229,15940,1110
4904.892056,2504689976,2504691056,15616,1080
4904.904092,2504698808,2504699917,16091,1109
4904.937142,2504723187,2504724267,15618,1080
4904.949178,2504731999,2504733112,16086,1113
4904.970211,2504747480,2504748600,15866,1120
4904.982230,2504756378,2504757457,15632,1079
4905.040344,2504800598,2504801715,15921,1117
4905.093452,2504838275,2504839377,16087,1102
4905.105469,2504847528,2504848639,15925,1111
4905.144537,2504876366,2504877447,15698,1081
4905.156572,2504885176,2504886280,16175,1104
4905.180606,2504902907,2504903983,15633,1076
4905.192641,2504911734,2504912842,16183,1108
4905.244737,2504951544,2504952648,16177,1104
4905.261760,2504962630,2504963709,15696,1079
4905.273793,2504971467,2504972578,15938,1111
4905.288811,2504982541,2504983624,15620,1083
4905.300846,2504991375,2504992486,16089,1111
4905.315875,2505002450,2505003533,15743,1083
4905.351931,2505028967,2505030050,15621,1083
4905.363967,2505037794,2505038898,16089,1104
4905.388004,2505055523,2505056642,15834,1119
4905.400035,2505064404,2505065511,16089,1107
4905.412051,2505073259,2505074372,15927,1113
4905.424069,2505082147,2505083222,15621,1075
4905.436104,2505090970,2505092082,16089,1112
4905.448119,2505099804,2505100919,15930,1115
4905.460136,2505108670,2505109749,15617,1079
4905.472172,2505117524,2505118634,15936,1110
4905.484188,2505126371,2505127476,15942,1105
4905.496205,2505135211,2505136290,15612,1079
4905.508241,2505144035,2505145144,16092,1109
4905.526276,2505157312,2505158429,16086,1117
4905.538291,2505166181,2505167285,15929,1104
4905.568347,2505188329,2505189439,15861,1110
4905.580379,2505197178,2505198291,16089,1113
4905.592394,2505206031,2505207136,15929,1105
4905.604416,2505214910,2505216020,15921,1110
4905.616444,2505223786,2505224889,16085,1103
4905.668544,2505263614,2505264720,16024,1106
4905.769736,2505336637,2505337744,16023,1107
4905.781754,2505345523,2505346633,16029,1110
4905.799788,2505358801,2505359915,15924,1114
4905.811819,2505367674,2505368755,15754,1081
4905.823841,2505376501,2505377610,16088,1109
4905.835857,2505385342,2505386446,15930,1104
4905.847874,2505394179,2505395258,15613,1079
4905.859910,2505402988,2505404097,16090,1109
4905.871927,2505411890,2505412995,15945,1105
4905.883943,2505420734,2505421816,15620,1082
4905.895978,2505429559,2505430671,16085,1112
4905.907994,2505438429,2505439543,16018,1114
4905.920012,2505447287,2505448369,15695,1082
4905.932047,2505456127,2505457236,16179,1109
4905.944062,2505464974,2505466093,16013,1119
4905.956080,2505473857,2505474940,15702,1083
4905.968113,2505482720,2505483828,16024,1108
4905.980131,2505491593,2505492698,16029,1105
4906.001166,2505507080,2505508155,15725,1075
4906.013198,2505515958,2505517066,15999,1108
4906.097354,2505577880,2505578992,15925,1112
4906.109384,2505586733,2505587812,15751,1079
4906.184527,2505642053,2505643164,16091,1111
4906.196542,2505650918,2505652033,15920,1115
4906.208573,2505659780,2505660863,15753,1083
4906.220597,2505668614,2505669730,16093,1116
4906.259663,2505697362,2505698470,15863,1108
4906.271686,2505706265,2505707380,15879,1115
4906.283714,2505715188,2505716297,15914,1109
4906.295735,2505724096,2505725211,16056,1115
4906.307760,2505733023,2505734142,15997,1119
4906.319781,2505741950,2505743065,15999,1115
4906.331805,2505750880,2505751994,16072,1114
4906.343822,2505759800,2505760908,15937,1108
4906.355851,2505768678,2505769788,16046,1110
4906.367871,2505777564,2505778672,16035,1108
4906.379890,2505786469,2505787578,15934,1109
4906.391920,2505795352,2505796462,16048,1110
4906.403939,2505804246,2505805360,16033,1114
4906.415959,2505813145,2505814247,15932,1102
4906.427990,2505822139,2505823253,16041,1114
4906.440008,2505831035,2505832149,15945,1114
4906.452027,2505839932,2505841048,15842,1116
4906.464057,2505848857,2505849970,15938,1113
4906.476076,2505857749,2505858863,15942,1114
4906.488096,2505866643,2505867756,15842,1113
4906.500125,2505875527,2505876646,15950,1119
4906.512146,2505884420,2505885525,15959,1105
4906.524165,2505893311,2505894420,15843,1109
4906.542199,2505906659,2505907769,15837,1110
4906.554228,2505915507,2505916621,16054,1114
4906.569246,2505926594,2505927703,15927,1109
4906.581278,2505935446,2505936525,15865,1079
4906.612343,2505959810,2505960924,15928,1114
4906.629367,2505971255,2505972365,15934,1110
4906.675955,2506006044,2506007154,15932,1110
4906.687977,2506014915,2506016030,15967,1115
4906.699996,2506023770,2506024877,15642,1107
4906.712028,2506032653,2506033765,15946,1112
4906.724046,2506041508,2506042622,15964,1114
4906.736064,2506050325,2506051436,15641,1111
4906.826236,2506116790,2506117892,15646,1102
4906.841269,2506127868,2506128976,15961,1108
4906.853296,2506136762,2506137872,15902,1110
4906.865316,2506145620,2506146723,15940,1103
4906.913407,2506181035,2506182145,15934,1110
4906.925425,2506189852,2506190954,15641,1102
4906.943459,2506203115,2506204222,15642,1107
4906.955490,2506211964,2506213079,15984,1115
4906.967509,2506220835,2506221945,16050,1110
4906.979528,2506229667,2506230773,15730,1106
4906.991556,2506238536,2506239650,16027,1114
4907.003577,2506247400,2506248508,15953,1108
4907.016608,2506258494,2506259608,16017,1114
4907.028626,2506267358,2506268468,16051,1110
4907.052675,2506285082,2506286192,15995,1110
4907.099763,2506318274,2506319384,15952,1110
4907.111785,2506327162,2506328280,15934,1118
4907.123802,2506335989,2506337101,15635,1112
4907.135831,2506344853,2506345964,15946,1111
4907.147852,2506353720,2506354829,15970,1109
4907.159872,2506362558,2506363674,15628,1116
4907.171900,2506371419,2506372527,16037,1108
4907.183921,2506380240,2506381354,16060,1114
4907.195939,2506389102,2506390208,15676,1106
4907.207973,2506397996,2506399111,16051,1115
4907.219989,2506406855,2506407973,16051,1118
4907.232008,2506415690,2506416785,15676,1095
4907.244037,2506424555,2506425667,15949,1112
4907.256060,2506433417,2506434527,15951,1110
4907.268077,2506442239,2506443350,15630,1111
4907.304148,2506468824,2506469939,15914,1115
4907.316176,2506477678,2506478756,15878,1078
4907.328195,2506486482,2506487597,16053,1115
4907.340214,2506495316,2506496423,15712,1107
4907.352246,2506504146,2506505261,16088,1115
4907.364264,2506513005,2506514114,16055,1109
4907.376282,2506521835,2506522941,15706,1106
4907.388311,2506530682,2506531801,15948,1119
4907.400332,2506539538,2506540651,15853,1113
4907.415363,2506550613,2506551726,15947,1113
4907.439402,2506568308,2506569419,15629,1111
4907.451435,2506577182,2506578296,15993,1114
4907.463453,2506586047,2506587160,15969,1113
4907.475471,2506594903,2506596016,15596,1113
4907.487500,2506603768,2506604875,15951,1107
4907.499521,2506612614,2506613727,15943,1113
4907.511540,2506621453,2506622569,15677,1116
4907.523569,2506630314,2506631427,16042,1113
4907.535589,2506639169,2506640279,16049,1110
4907.553626,2506652430,2506653540,16034,1110
4907.565643,2506661245,2506662351,15710,1106
4907.580675,2506672342,2506673449,16049,1107
4907.592694,2506681166,2506682272,15710,1106
4907.643795,2506718829,2506719934,15961,1105
4907.655815,2506727672,2506728780,15710,1108
4907.667843,2506736535,2506737650,16039,1115
4907.679864,2506745400,2506746515,16055,1115
4907.691883,2506754248,2506755350,15711,1102
4907.703916,2506763125,2506764244,15962,1119
4907.715932,2506771970,2506773085,16052,1115
4907.727951,2506780802,2506781915,15715,1113
4907.739983,2506789654,2506790737,15897,1083
4907.752004,2506798487,2506799596,16039,1109
4907.764020,2506807307,2506808417,15716,1110
4907.782054,2506820595,2506821701,15707,1106
4907.794083,2506829444,2506830554,16033,1110
4907.848189,2506869280,2506870387,15993,1107
4907.860207,2506878157,2506879267,16056,1110
4907.872225,2506886972,2506888074,15708,1102
4907.884255,2506895801,2506896910,16037,1109
4907.896275,2506904653,2506905754,15945,1101
4907.908294,2506913508,2506914619,15588,1111
4907.959395,2506951112,2506952227,15962,1115
4907.971422,2506957446,2506958280,14311,834
4907.983450,2506963031,2506963659,12396,628
4907.996973,2506969265,2506970361,16016,1096
4908.008989,2506978094,2506979200,15963,1106
4908.021008,2506986889,2506988001,15631,1112
4908.048063,2507006815,2507007924,15829,1109
4908.060091,2507015679,2507016790,15947,1111
4908.072110,2507024532,2507025642,15969,1110
4908.084128,2507033350,2507034466,15634,1116
4908.096161,2507042205,2507043315,15995,1110
4908.108178,2507051078,2507052188,15963,1110
4908.120197,2507059897,2507061001,15713,1104
4908.132226,2507068740,2507069853,16036,1113
4908.144248,2507077998,2507079111,15941,1113
4908.159278,2507089101,2507090216,16035,1115
4908.171298,2507097972,2507099082,16053,1110
4908.183317,2507106788,2507107899,15715,1111
4908.195349,2507115656,2507116771,16084,1115
4908.207367,2507124508,2507125620,16052,1112
4908.219386,2507133337,2507134448,15713,1111
4908.231416,2507142213,2507143324,16030,1111
4908.243436,2507151075,2507152190,15944,1115
4908.255454,2507159958,2507161066,15680,1108
4908.267483,2507168831,2507169943,15944,1112
4908.288521,2507184304,2507185417,15878,1113
4908.300540,2507193135,2507194242,15631,1107
4908.312571,2507202012,2507203091,15805,1079
4908.328602,2507215248,2507216347,15941,1099
4908.351642,2507230797,2507231907,15936,1110
4908.363661,2507239631,2507240736,15638,1105
4908.375691,2507248489,2507249571,15802,1082
4908.387710,2507257315,2507258420,15968,1105
4908.399729,2507266151,2507267264,15632,1113
4908.411758,2507275016,2507276124,15946,1108
4908.423779,2507283911,2507285020,15934,1109
4908.435797,2507292738,2507293849,15627,1111
4908.447830,2507301641,2507302758,15963,1117
4908.459847,2507310523,2507311638,15877,1115
4908.471866,2507319549,2507320662,15632,1113
4908.485396,2507327996,2507329104,15674,1108
4908.497425,2507336892,2507338000,15958,1108
4908.512443,2507347947,2507349051,15630,1104
4908.524472,2507356803,2507357915,15942,1112
4908.539503,2507367873,2507368980,15717,1107
4908.551523,2507376717,2507377836,15941,1119
4908.563544,2507385586,2507386694,15965,1108
4908.575563,2507394420,2507395531,15632,1111
4908.587592,2507403271,2507404384,15945,1113
4908.599614,2507412178,2507413293,15930,1115
4908.611631,2507421018,2507422129,15628,1111
4908.623662,2507429876,2507430961,15805,1085
4908.635681,2507438706,2507439819,15962,1113
4908.647700,2507447553,2507448663,15549,1110
4908.659729,2507456424,2507457538,15943,1114
4908.671750,2507465318,2507466428,16057,1110
4908.683769,2507474162,2507475269,15679,1107
4908.695802,2507483029,2507484142,16047,1113
4908.707818,2507491898,2507493008,16049,1110
4908.719838,2507500729,2507501845,15713,1116
4908.731867,2507509592,2507510704,15947,1112
4908.743892,2507518490,2507519600,15952,1110
4908.755908,2507527325,2507528432,15630,1107
4908.767935,2507536175,2507537294,15944,1119
4908.779956,2507545049,2507546152,15966,1103
4908.791977,2507553909,2507555019,15743,1110
4908.804004,2507562761,2507563874,15946,1113
4908.816024,2507571637,2507572752,15963,1115
4908.828043,2507580471,2507581578,15631,1107
4908.840075,2507589320,2507590430,15991,1110
4908.852093,2507598190,2507599295,15965,1105
4908.864111,2507607019,2507608130,15629,1111
4908.876147,2507615918,2507617028,15958,1110
4908.888162,2507624794,2507625901,15857,1107
4908.900180,2507633654,2507634769,15597,1115
4908.912209,2507642516,2507643618,15949,1102
4908.924230,2507651354,2507652459,15966,1105
4908.936256,2507660170,2507661283,15713,1113
4908.957295,2507675658,2507676772,16038,1114
4908.969316,2507684533,2507685643,16050,1110
4908.981335,2507693373,2507694482,15630,1109
4909.005384,2507711142,2507712251,15966,1109
4909.017406,2507720000,2507721107,15827,1107
4909.029432,2507728874,2507729984,15947,1110
4909.041456,2507737747,2507738857,15905,1110
4909.059487,2507751025,2507752139,15966,1114
4909.071506,2507759866,2507760977,15679,1111
4909.083535,2507768753,2507769868,15941,1115
4909.095557,2507777664,2507778777,15934,1113
4909.107575,2507786491,2507787595,15628,1104
4909.119604,2507795335,2507796445,15945,1110
4909.131624,2507804184,2507805295,15967,1111
4909.143643,2507813001,2507814112,15716,1111
4909.155672,2507821874,2507822979,16030,1105
4909.173706,2507835168,2507836278,16034,1110
4909.185727,2507844024,2507845129,15855,1105
4909.204770,2507859509,2507860622,15714,1113
4909.257865,2507897121,2507898235,15965,1114
4909.269885,2507905972,2507907082,15627,1110
4909.284916,2507917059,2507918166,15852,1107
4909.296935,2507925913,2507927026,15597,1113
4909.308964,2507934758,2507935863,15948,1105
4909.320985,2507943621,2507944736,15966,1115
4909.333011,2507952452,2507953558,15798,1106
4909.366071,2507976801,2507977914,16053,1113
4909.378089,2507985683,2507986793,15680,1110
4909.438210,2508029939,2508031057,15948,1118
4909.450229,2508038833,2508039952,15914,1119
4909.468261,2508052134,2508053247,15705,1113
4909.480289,2508061004,2508062112,16031,1108
4909.501328,2508076553,2508077668,15962,1115
4909.513346,2508085394,2508086488,15629,1094
4909.552427,2508114137,2508115256,15945,1119
4909.564448,2508122998,2508124110,16056,1112
4909.579479,2508134105,2508135209,16034,1104
4909.609533,2508156280,2508157390,15962,1110
4909.621553,2508165143,2508166256,15636,1113
4909.633586,2508174044,2508175163,15988,1119
4909.648603,2508185162,2508186277,15710,1115
4909.660637,2508194512,2508195631,15947,1119
4909.672652,2508203421,2508204539,15953,1118
4909.684676,2508212360,2508213479,15847,1119
4909.699707,2508223536,2508224651,15942,1115
4909.711724,2508232451,2508233565,15676,1114
4909.723756,2508241340,2508242455,16073,1115
4909.735774,2508250235,2508251354,16020,1119
4909.747793,2508259104,2508260217,15634,1113
4909.759823,2508268012,2508269101,15804,1089
4909.771842,2508276884,2508277998,15965,1114
4909.783864,2508285764,2508286879,15827,1115
4909.816928,2508310150,2508311257,16054,1107
4909.828954,2508318976,2508320086,15798,1110
4909.865015,2508345522,2508346629,15628,1107
4909.877047,2508354367,2508355455,15805,1088
4909.892066,2508365439,2508366552,15596,1113
4909.904096,2508374502,2508375616,15948,1114
4909.940164,2508401041,2508402155,16030,1114
4909.952185,2508409883,2508410993,16011,1110
4909.964204,2508418741,2508419853,15686,1112
4909.976233,2508427598,2508428705,16035,1107
4909.988255,2508436483,2508437592,15933,1109
4910.000275,2508445329,2508446436,15631,1107
4910.012301,2508454197,2508455309,15940,1112
4910.024322,2508463057,2508464171,15964,1114
4910.036344,2508471923,2508473033,15832,1110
4910.051374,2508482986,2508484101,15960,1115
4910.093458,2508513986,2508515067,15805,1081
4910.105480,2508522870,2508523974,15936,1104
4910.117495,2508531727,2508532842,15630,1115
4910.153564,2508558274,2508559382,15631,1108
4910.165593,2508567127,2508568241,15944,1114
4910.201661,2508593714,2508594828,15941,1114
4910.213683,2508602590,2508603705,15969,1115
4910.261770,2508638015,2508639119,15630,1104
4910.276803,2508649092,2508650205,15855,1113
4910.288821,2508657960,2508659067,15599,1107
4910.300850,2508666804,2508667917,15942,1113
4910.317380,2508679196,2508680301,15967,1105
4910.329401,2508688064,2508689176,15920,1112
4910.344431,2508699142,2508700254,16050,1112
4910.356450,2508707978,2508709080,15712,1102
4910.368479,2508716805,2508717915,16033,1110
4910.407551,2508745578,2508746688,16057,1110
4910.419570,2508754423,2508755525,15711,1102
4910.431603,2508763312,2508764431,15960,1119
4910.443620,2508772180,2508773294,15964,1114
4910.455639,2508781022,2508782133,15635,1111
4910.467667,2508789878,2508790992,15943,1114
4910.485704,2508803159,2508804238,15801,1079
4910.497722,2508811968,2508813078,15965,1110
4910.509741,2508820804,2508821909,15635,1105
4910.521772,2508829682,2508830797,15901,1115
4910.545810,2508847404,2508848502,15632,1098
4910.557839,2508856258,2508857372,15950,1114
4910.599913,2508887217,2508888324,15633,1107
4910.611944,2508896079,2508897152,15807,1073
4910.629980,2508909355,2508910464,15960,1109
4910.641997,2508918206,2508919316,15963,1110
4910.660031,2508931478,2508932591,15965,1113
4910.672058,2508940306,2508941416,15798,1110
4910.684079,2508949156,2508950266,16030,1110
4910.702114,2508962422,2508963532,16032,1110
4910.714134,2508971281,2508972392,16055,1111
4910.726156,2508980164,2508981274,15833,1110
4910.738182,2508989043,2508990156,15946,1113
4910.774253,2509015575,2509016688,15987,1113
4910.786272,2509024429,2509025539,16054,1110
4910.828358,2509055452,2509056555,16047,1103
4910.840374,2509064318,2509065428,16053,1110
4910.852393,2509073149,2509074256,15676,1107
4910.888462,2509099710,2509100818,15716,1108
4910.900490,2509108543,2509109658,15948,1115
4910.912512,2509117387,2509118500,15966,1113
4910.928548,2509130724,2509131837,15931,1113
4911.005684,2509186066,2509187174,15632,1108
4911.017713,2509194917,2509196026,16031,1109
4911.032737,2509205990,2509207106,15680,1116
4911.047769,2509217069,2509218183,16051,1114
4911.125923,2509274589,2509275704,15956,1115
4911.137943,2509283513,2509284623,16022,1110
4911.161988,2509301193,2509302305,15941,1112
4911.172505,2509309192,2509310307,15843,1115
4911.184530,2509318067,2509319182,15941,1115
4911.196552,2509326934,2509328047,16052,1113
4911.208570,2509335784,2509336897,15708,1113
4911.241637,2509360142,2509361261,16050,1119
4911.253658,2509368975,2509370082,15634,1107
4911.304757,2509406608,2509407714,15965,1106
4911.316784,2509415474,2509416587,15716,1113
4911.331807,2509426599,2509427714,15947,1115
4911.343827,2509435555,2509436667,15633,1112
4911.355858,2509444464,2509445579,15945,1115
4911.367877,2509453359,2509454478,15851,1119
4911.379896,2509462253,2509463370,15598,1117
4911.391927,2509471119,2509472201,15802,1082
4911.403945,2509479962,2509481080,15840,1118
4911.415974,2509488880,2509489994,15914,1114
4911.427998,2509497812,2509498921,15984,1109
4911.446032,2509511199,2509512314,15981,1115
4911.458048,2509520144,2509521264,15828,1120
4911.470072,2509529054,2509530159,15842,1105
4911.482096,2509537918,2509539036,15944,1118
4911.536199,2509577754,2509578873,15943,1119
4911.548220,2509586641,2509587755,16006,1114
4911.560239,2509595492,2509596603,15711,1111
4911.572272,2509604387,2509605500,16048,1113
4911.593306,2509619899,2509621008,15959,1109
4911.605325,2509628731,2509629837,15714,1106
4911.629375,2509646435,2509647549,16056,1114
4911.641394,2509655282,2509656394,15679,1112
4911.665443,2509672981,2509674093,15850,1112
4911.677462,2509681851,2509682952,15676,1101
4911.740582,2509728358,2509729469,15678,1111
4911.752611,2509737237,2509738346,15945,1109
4911.768644,2509750547,2509751652,15957,1105
4911.785667,2509761605,2509762713,15629,1108
4911.803703,2509774867,2509775971,15618,1104
4911.815734,2509783728,2509784843,15988,1115
4911.836770,2509799203,2509800313,15971,1110
4911.848788,2509808081,2509809187,15597,1106
4911.860817,2509816936,2509818045,16027,1109
4911.876851,2509830266,2509831378,16028,1112
4911.908906,2509852390,2509853500,16051,1110
4911.920925,2509861217,2509862324,15709,1107
4911.944975,2509878934,2509880041,16054,1107
4911.956993,2509887826,2509888937,15595,1111
4911.969026,2509896725,2509897835,15957,1110
4911.981043,2509905589,2509906707,15961,1118
4911.993062,2509914437,2509915545,15631,1108
4912.077228,2509976417,2509977521,15947,1104
4912.089252,2509985280,2509986384,15961,1104
4912.104287,2509996553,2509997663,15967,1110
4912.152369,2510031939,2510033053,15966,1114
4912.164391,2510040854,2510041973,15839,1119
4912.176417,2510049730,2510050844,16041,1114
4912.239537,2510096199,2510097313,16035,1114
4912.251557,2510105069,2510106183,16050,1114
4912.287626,2510131663,2510132773,16048,1110
4912.299645,2510140503,2510141611,15705,1108
4912.311677,2510149346,2510150455,16081,1109
4912.323695,2510158205,2510159317,16052,1112
4912.335714,2510167036,2510168151,15714,1115
4912.347743,2510175902,2510177015,16037,1113
4912.359764,2510184769,2510185881,15900,1112
4912.380799,2510200279,2510201384,15626,1105
4912.392829,2510209127,2510210237,15954,1110
4912.404849,2510217980,2510219088,15965,1108
4912.416868,2510226850,2510227957,15589,1107
4912.449935,2510251187,2510252294,15963,1107
4912.461957,2510260033,2510261147,15827,1114
4912.473985,2510268881,2510269963,15802,1082
4912.505047,2510293158,2510294266,15710,1108
4912.564159,2510335195,2510336300,15962,1105
4912.576175,2510344052,2510345159,15961,1107
4912.588194,2510352887,2510353997,15627,1110
4912.600223,2510361737,2510362850,15952,1113
4912.618258,2510375006,2510376125,15950,1119
4912.675364,2510417071,2510418180,15965,1109
4912.687383,2510426322,2510427436,15594,1114
4912.699412,2510435162,2510436277,15902,1115
4912.711435,2510444014,2510445132,15948,1118
4912.723451,2510452899,2510454010,15594,1111
4912.735480,2510461739,2510462853,15949,1114
4912.747501,2510470590,2510471700,15965,1110
4912.759523,2510479479,2510480587,15844,1108
4912.771551,2510488351,2510489470,15964,1119
4912.783570,2510497229,2510498348,15968,1119
4912.795588,2510506101,2510507217,15593,1116
4912.807621,2510514954,2510516067,15991,1113
4912.819640,2510523868,2510524979,15936,1111
4912.831662,2510532739,2510533848,15822,1109
4912.843686,2510541610,2510542716,15950,1106
4912.855707,2510550447,2510551559,15851,1112
4912.876742,2510565967,2510567067,15622,1100
4912.888772,2510574823,2510575933,15950,1110
4912.903802,2510585874,2510586981,15709,1107
4912.915824,2510594725,2510595839,15947,1114
4912.927844,2510603575,2510604689,15969,1114
4912.939865,2510612447,2510613560,15590,1113
4912.951892,2510621304,2510622417,16039,1113
4912.969926,2510634604,2510635708,16032,1104
4912.981947,2510643473,2510644583,15961,1110
4913.037058,2510685456,2510686569,15628,1113
4913.066103,2510705339,2510706452,15672,1113
4913.078134,2510714210,2510715293,15891,1083
4913.141252,2510760672,2510761782,16034,1110
4913.153273,2510769523,2510770636,15949,1113
4913.177321,2510787250,2510788362,15952,1112
4913.189343,2510796127,2510797242,15960,1115
4913.207378,2510809403,2510810515,15944,1112
4913.219394,2510818230,2510819341,15625,1111
4913.237429,2510831497,2510832607,15629,1110
4913.249458,2510840351,2510841466,15949,1115
4913.261480,2510849246,2510850356,15932,1110
4913.273498,2510858069,2510859180,15629,1111
4913.285527,2510866917,2510868027,15949,1110
4913.351650,2510915609,2510916717,15855,1108
4913.363669,2510924464,2510925571,15597,1107
4913.375700,2510933306,2510934388,15893,1082
4913.387718,2510942133,2510943243,16049,1110
4913.417772,2510964247,2510965358,15632,1111
4913.429801,2510973108,2510974227,15948,1119
4913.456856,2510993063,2510994166,15962,1103
4913.468873,2511001919,2511003022,15960,1103
4913.480892,2511010734,2511011842,15627,1108
4913.557044,2511068249,2511069353,16017,1104
4913.592110,2511092552,2511093659,15948,1107
4913.604130,2511101410,2511102523,16052,1113
4913.616149,2511110238,2511111343,15706,1105
4913.634183,2511123514,2511124620,15706,1106
4913.646212,2511132354,2511133462,16032,1108
4913.664247,2511145676,2511146790,16032,1114
4913.676267,2511154536,2511155647,16052,1111
4913.764436,2511220896,2511222006,16048,1110
4913.796502,2511243013,2511244127,15900,1114
4913.808523,2511251891,2511252996,16060,1105
4913.820542,2511260741,2511261848,16051,1107
4913.835573,2511271801,2511272906,16037,1105
4913.868629,2511296167,2511297277,15707,1110
4913.880658,2511305034,2511306144,16034,1110
4913.895688,2511316088,2511317190,15710,1102
4913.907710,2511324942,2511326057,15948,1115
4913.919732,2511333825,2511334929,15940,1104
4913.937764,2511347086,2511348191,15958,1105
4913.949786,2511355938,2511357052,15825,1114
4913.979847,2511378063,2511379170,15948,1107
4913.991868,2511386914,2511388021,15962,1107
4914.003886,2511395728,2511396839,15629,1111
4914.015920,2511404643,2511405752,16053,1109
4914.027936,2511413497,2511414610,16051,1113
4914.039955,2511422330,2511423446,15714,1116
4914.051988,2511431238,2511432348,16051,1110
4914.070018,2511444535,2511445650,16029,1115
4914.082039,2511453399,2511454514,16059,1115
4914.094066,2511462245,2511463355,15807,1110
4914.106087,2511471106,2511472216,16035,1110
4914.121109,2511482159,2511483270,15625,1111
4914.133141,2511491021,2511492105,15805,1084
4914.148164,2511502062,2511503172,15825,1110
4914.185240,2511530770,2511531884,15941,1114
4914.196334,2511539093,2511540203,15838,1110
4914.212788,2511550190,2511551298,15963,1108
4914.224807,2511559032,2511560134,15632,1102
4914.236836,2511567871,2511568985,15954,1114
4914.257873,2511583392,2511584502,15962,1110
4914.269892,2511592221,2511593327,15627,1106
4914.299960,2511614418,2511615537,15965,1119
4914.311976,2511623280,2511624390,15963,1110
4914.323995,2511632109,2511633220,15627,1111
4914.336024,2511640951,2511642065,15955,1114
4914.348048,2511649814,2511650927,15952,1113
4914.360064,2511658637,2511659753,15633,1116
4914.378098,2511671921,2511673028,15623,1107
4914.390127,2511680772,2511681882,15950,1110
4914.408162,2511694092,2511695197,15950,1105
4914.420182,2511702949,2511704062,15964,1113
4914.432203,2511711797,2511712902,15628,1105
4914.444233,2511720643,2511721753,15999,1110
4914.456251,2511729501,2511730615,15964,1114
4914.468270,2511738330,2511739437,15628,1107
4914.489318,2511753810,2511754889,15808,1079
4914.501338,2511762686,2511763796,15938,1110
4914.513356,2511771506,2511772607,15633,1101
4914.525385,2511780349,2511781461,15953,1112
4914.615556,2511846711,2511847824,15954,1113
4914.627576,2511855565,2511856677,15961,1112
4914.645613,2511868904,2511870009,16037,1105
4914.657630,2511877714,2511878830,15713,1116
4914.669659,2511886567,2511887682,16046,1115
4914.681679,2511895427,2511896537,16053,1110
4914.693701,2511904280,2511905399,15910,1119
4914.720750,2511924197,2511925305,15714,1108
4914.732779,2511933040,2511934150,16037,1110
4914.759830,2511952945,2511954055,15948,1110
4914.771851,2511961802,2511962920,15966,1118
4914.783870,2511970638,2511971740,15626,1102
4914.795903,2511979509,2511980619,15960,1110
4914.807919,2511988374,2511989473,15965,1099
4914.825954,2512001626,2512002738,15968,1112
4914.837981,2512010505,2512011616,15676,1111
4914.913122,2512065828,2512066928,15948,1100
4914.925142,2512074675,2512075771,15967,1096
4914.985259,2512118900,2512120010,15943,1110
4914.997281,2512127809,2512128919,15931,1110
4915.015313,2512141062,2512142180,15963,1118
4915.027333,2512149876,2512150983,15628,1107
4915.039367,2512158737,2512159851,15999,1114
4915.051382,2512167589,2512168696,16053,1107
4915.063402,2512176421,2512177537,15714,1116
4915.075433,2512185280,2512186361,15888,1081
4915.111499,2512211849,2512212966,16034,1117
4915.123520,2512220686,2512221795,16056,1109
4915.135546,2512229525,2512230633,15797,1108
4915.147568,2512238368,2512239481,16038,1113
4915.159588,2512247224,2512248338,15968,1114
4915.171607,2512256069,2512257171,15628,1102
4915.183636,2512264936,2512266055,15950,1119
4915.195658,2512273814,2512274927,15936,1113
4915.207675,2512282627,2512283732,15628,1105
4915.225710,2512295887,2512296997,15629,1110
4915.237742,2512304732,2512305850,15998,1118
4915.267794,2512326916,2512328029,16051,1113
4915.348949,2512386658,2512387763,16055,1105
4915.360967,2512395468,2512396575,15707,1107
4915.400048,2512424297,2512425410,16041,1113
4915.412068,2512433143,2512434257,16053,1114
4915.424087,2512441982,2512443077,15710,1095
4915.436120,2512450813,2512451926,16095,1113
4915.448139,2512459691,2512460798,15964,1107
4915.460156,2512468515,2512469625,15624,1110
4915.472185,2512477387,2512478497,15951,1110
4915.484205,2512486290,2512487403,15849,1113
4915.496225,2512495155,2512496267,15596,1112
4915.508254,2512504003,2512505119,15951,1116
4915.520274,2512512851,2512513958,15964,1107
4915.532301,2512521671,2512522786,15711,1115
4915.544322,2512530505,2512531618,15951,1113
4915.559344,2512541554,2512542665,15622,1111
4915.571374,2512550421,2512551531,15949,1110
4915.583394,2512559275,2512560389,15854,1114
4915.595416,2512568156,2512569271,15824,1115
4915.607445,2512577016,2512578095,15809,1079
4915.619463,2512585832,2512586939,15962,1107
4915.631489,2512594673,2512595780,15630,1107
4915.643513,2512603518,2512604597,15728,1079
4915.655531,2512612488,2512613598,15965,1110
4915.667551,2512621305,2512622421,15630,1116
4915.679579,2512630161,2512631274,15947,1113
4915.691601,2512639074,2512640187,15933,1113
4915.704629,2512650123,2512651233,15942,1110
4915.721655,2512661617,2512662725,15594,1108
4915.736688,2512672700,2512673815,16034,1115
4915.751717,2512683741,2512684856,16035,1115
4915.763737,2512692616,2512693724,16053,1108
4915.775756,2512701438,2512702551,15716,1113
4915.787791,2512710325,2512711403,15895,1078
4915.799808,2512719147,2512720261,16051,1114
4915.811824,2512727969,2512729081,15623,1112
4915.853909,2512758926,2512760043,15969,1117
4915.865928,2512767809,2512768914,15596,1105
4915.895991,2512789925,2512791035,15948,1110
4915.908012,2512798790,2512799902,15963,1112
4915.977145,2512849717,2512850827,15951,1110
4915.989167,2512858607,2512859710,15937,1103
4916.001185,2512867422,2512868526,15630,1104
4916.022231,2512882911,2512884021,16039,1110
4916.034254,2512891825,2512892944,16043,1119
4916.061303,2512911758,2512912871,16049,1113
4916.073322,2512920590,2512921701,15630,1111
4916.100374,2512940535,2512941642,15632,1107
4916.112402,2512949387,2512950497,15944,1110
4916.163493,2512987001,2512988106,15630,1105
4916.199561,2513013528,2513014639,15623,1111
4916.211592,2513022389,2513023495,15952,1106
4916.223614,2513031246,2513032355,15967,1109
4916.235630,2513040079,2513041189,15628,1110
4916.247665,2513048941,2513050025,15840,1084
4916.259683,2513057750,2513058869,15954,1119
4916.271699,2513066592,2513067703,15629,1111
4916.283733,2513075502,2513076615,16054,1113
4916.295749,2513084366,2513085476,16054,1110
4916.313783,2513097637,2513098747,16054,1110
4916.325810,2513106500,2513107612,15756,1112
4916.343839,2513119877,2513120996,15933,1119
4916.355868,2513128814,2513129929,15996,1115
4916.367893,2513137745,2513138859,16079,1114
4916.385925,2513151131,2513152246,16062,1115
4916.397942,2513160054,2513161163,15933,1109
4916.416985,2513175610,2513176719,16035,1109
4916.476092,2513217609,2513218727,15851,1118
4916.488111,2513226483,2513227585,15677,1102
4916.500140,2513235327,2513236441,16040,1114
4916.512160,2513244179,2513245284,16048,1105
4916.524189,2513253001,2513254106,15792,1105
4916.536209,2513261863,2513262972,16043,1109
4916.548229,2513270706,2513271816,15968,1110
4916.560248,2513279542,2513280658,15626,1116
4916.572279,2513288400,2513289479,15806,1079
4916.587300,2513299441,2513300557,15592,1116
4916.623376,2513325963,2513327065,15712,1102
4916.635397,2513334829,2513335943,15953,1114
4916.647418,2513343672,2513344782,15966,1110
4916.659436,2513352505,2513353612,15633,1107
4916.671468,2513361356,2513362439,15811,1083
4916.683489,2513370221,2513371331,16024,1110
4916.695505,2513379087,2513380203,15677,1116
4916.707535,2513387950,2513389063,16043,1113
4916.719555,2513396814,2513397927,16051,1113
4916.731574,2513405650,2513406756,15712,1106
4916.743605,2513414515,2513415625,16038,1110
4916.755623,2513423368,2513424475,16011,1107
4916.776662,2513438846,2513439956,15913,1110
4916.788689,2513447701,2513448814,16037,1113
4916.839780,2513485289,2513486399,15704,1110
4916.851814,2513494183,2513495262,15922,1079
4916.863832,2513503016,2513504124,15955,1108
4916.881865,2513516306,2513517411,15931,1105
4916.893883,2513525125,2513526233,15633,1108
4916.905911,2513533966,2513535071,15961,1105
4916.917932,2513542812,2513543920,15965,1108
4916.944983,2513562698,2513563808,15960,1110
4916.957003,2513571524,2513572631,15625,1107
4917.033152,2513629049,2513630157,15965,1108
4917.050186,2513640093,2513641202,15950,1109
4917.062207,2513648961,2513650076,15965,1115
4917.089258,2513668865,2513669973,16052,1108
4917.101277,2513677706,2513678811,15630,1105
4917.120332,2513687101,2513687726,12014,625
4917.147876,2513700862,2513701966,15984,1104
4917.159891,2513709746,2513710852,15825,1106
4917.177925,2513723048,2513724156,15843,1108
4917.189958,2513731938,2513733043,15906,1105
4917.201977,2513740808,2513741912,15975,1104
4917.217007,2513751900,2513753005,15908,1105
4917.228331,2513761196,2513762308,15990,1112
4917.241048,2513770081,2513771191,15857,1110
4917.253074,2513778979,2513780094,15905,1115
4917.265099,2513787865,2513788975,15986,1110
4917.289144,2513805656,2513806754,15906,1098
4917.301165,2513814559,2513815669,15961,1110
4917.313182,2513823457,2513824566,15770,1109
4917.325212,2513832371,2513833483,15922,1112
4917.337235,2513841271,2513842383,15975,1112
4917.349251,2513850164,2513851275,15840,1111
4917.364286,2513861298,2513862413,15972,1115
4917.376302,2513870210,2513871315,15857,1105
4917.388332,2513879100,2513880210,15913,1110
4917.436423,2513914662,2513915781,15975,1119
4917.448440,2513923578,2513924682,15840,1104
4917.496538,2513959134,2513960249,15910,1115
4917.508562,2513968027,2513969137,15973,1110
4917.559657,2514005821,2514006939,15907,1118
4917.571680,2514014714,2514015827,15976,1113
4917.589715,2514028065,2514029177,15970,1112
4917.601733,2514036963,2514038076,15849,1113
4917.619766,2514050319,2514051424,15823,1105
4917.636305,2514061052,2514062162,15990,1110
4917.648326,2514069935,2514071045,15978,1110
4917.660343,2514078807,2514079917,15849,1110
4917.672372,2514087702,2514088806,15909,1104
4917.684396,2514096600,2514097713,15990,1113
4917.708440,2514114374,2514115483,15907,1109
4917.721966,2514124404,2514125519,15904,1115
4917.741001,2514139965,2514141075,15989,1110
4917.776070,2514164426,2514165536,15907,1110
4917.788092,2514173333,2514174437,15972,1104
4917.800109,2514182223,2514183332,15760,1109
4917.812139,2514191118,2514192235,15914,1117
4917.824162,2514200012,2514201116,15987,1104
4917.836177,2514208902,2514210016,15826,1114
4917.848206,2514217784,2514218894,15990,1110
4917.860231,2514226657,2514227767,16077,1110
4917.872246,2514235554,2514236666,15927,1112
4917.884276,2514244451,2514245566,15997,1115
4917.896298,2514253350,2514254460,15977,1110
4917.908318,2514262248,2514263364,15875,1116
4917.920345,2514271172,2514272283,15993,1111
4917.935366,2514282299,2514283412,15916,1113
4917.947395,2514291198,2514292311,15907,1113
4917.959419,2514300099,2514301212,15986,1113
4917.971435,2514308997,2514310107,15846,1110
4917.983465,2514317884,2514318994,15914,1110
4917.995486,2514326785,2514327898,15973,1113
4918.013522,2514340140,2514341255,15907,1115
4918.025537,2514349028,2514350140,15828,1112
4918.037566,2514357926,2514359038,15905,1112
4918.049591,2514366820,2514367935,15985,1115
4918.061613,2514375714,2514376828,15897,1114
4918.088657,2514395701,2514396810,15845,1109
4918.100688,2514404600,2514405710,16001,1110
4918.121728,2514420153,2514421257,16072,1104
4918.133745,2514429198,2514430306,15841,1108
4918.157795,2514446981,2514448098,15974,1117
4918.169811,2514455897,2514457009,15860,1112
4918.193862,2514473704,2514474818,15962,1114
4918.205880,2514482588,2514483700,15859,1112
4918.217908,2514491485,2514492597,15904,1112
4918.229933,2514500384,2514501497,15975,1113
4918.259989,2514522613,2514523723,15899,1110
4918.272012,2514531514,2514532618,15909,1104
4918.284034,2514540405,2514541515,15963,1110
4918.296052,2514549304,2514550417,15856,1113
4918.308081,2514558176,2514559281,15908,1105
4918.320103,2514567078,2514568188,15975,1110
4918.332122,2514575979,2514577089,15845,1110
4918.344148,2514584877,2514585991,15907,1114
4918.356175,2514593756,2514594868,15978,1112
4918.368189,2514602640,2514603753,15861,1113
4918.380218,2514611538,2514612648,15905,1110
4918.392239,2514620432,2514621546,15956,1114
4918.404258,2514629341,2514630456,15856,1115
4918.416285,2514638246,2514639361,15905,1115
4918.437327,2514653803,2514654917,15969,1114
4918.449343,2514662701,2514663811,15841,1110
4918.473394,2514680463,2514681580,16044,1117
4918.485412,2514689374,2514690484,15856,1110
4918.504458,2514704953,2514706067,15906,1114
4918.533507,2514724966,2514726076,15900,1110
4918.545535,2514733879,2514734990,15929,1111
4918.587613,2514765029,2514766143,15907,1114
4918.599633,2514773923,2514775027,15957,1104
4918.611652,2514782802,2514783915,15842,1113
4918.623679,2514791690,2514792804,15906,1114
4918.635704,2514800593,2514801712,15974,1119
4918.647723,2514809507,2514810612,15841,1105
4918.659750,2514818412,2514819525,15913,1113
4918.671771,2514827313,2514828426,15962,1113
4918.683789,2514836215,2514837325,15857,1110
4918.701824,2514849542,2514850655,15857,1113
4918.713851,2514858440,2514859549,15997,1109
4918.728875,2514869553,2514870662,15929,1109
4918.740903,2514878466,2514879585,15995,1119
4918.757436,2514891310,2514892420,15908,1110
4918.769452,2514900206,2514901316,15840,1110
4918.781479,2514909090,2514910209,15906,1119
4918.793504,2514917990,2514919100,15970,1110
4918.805527,2514926881,2514927995,15905,1114
4918.817549,2514935795,2514936905,15903,1110
4918.829571,2514944681,2514945795,15960,1114
4918.841589,2514953590,2514954695,15856,1105
4918.860636,2514969158,2514970273,15904,1115
4918.877658,2514980286,2514981396,15841,1110
4918.889685,2514989209,2514990328,15906,1119
4918.907721,2515002534,2515003644,15997,1110
4918.919743,2515011418,2515012534,16046,1116
4918.931761,2515020322,2515021427,15948,1105
4918.943790,2515029200,2515030312,15997,1112
4918.955816,2515038100,2515039211,15996,1111
4918.967829,2515047005,2515048118,15914,1113
4918.979858,2515055909,2515057024,15994,1115
4918.991883,2515064812,2515065920,15986,1108
4919.003905,2515073708,2515074822,15907,1114
4919.015928,2515082609,2515083723,15825,1114
4919.027950,2515091508,2515092627,15981,1119
4919.048984,2515107071,2515108186,15840,1115
4919.061012,2515115974,2515117083,15905,1109
4919.073037,2515124862,2515125976,15987,1114
4919.085052,2515133773,2515134884,15829,1111
4919.112104,2515153790,2515154904,15843,1114
4919.124134,2515162678,2515163793,15911,1115
4919.136155,2515171593,2515172705,15973,1112
4919.148173,2515180495,2515181603,15846,1108
4919.160201,2515189420,2515190530,15904,1110
4919.172224,2515198307,2515199420,15974,1113
4919.184241,2515207223,2515208333,15843,1110
4919.196269,2515216102,2515217221,15911,1119
4919.208291,2515224995,2515226099,16047,1104
4919.220309,2515233891,2515235004,15953,1113
4919.232338,2515242786,2515243896,15998,1110
4919.259388,2515262799,2515263912,15992,1113
4919.280430,2515278362,2515279475,16061,1113
4919.292446,2515287248,2515288360,15926,1112
4919.304476,2515296136,2515297244,15997,1108
4919.355566,2515333925,2515335039,15923,1114
4919.367596,2515342828,2515343939,15909,1111
4919.379620,2515351740,2515352845,15990,1105
4919.391635,2515360644,2515361763,15825,1119
4919.403666,2515369547,2515370652,16003,1105
4919.424704,2515385104,2515386218,16057,1114
4919.436721,2515394029,2515395138,15935,1109
4919.463773,2515414064,2515415183,15915,1119
4919.475801,2515422956,2515424071,15997,1115
4919.487826,2515431855,2515432962,16079,1107
4919.499848,2515440747,2515441859,15907,1112
4919.511872,2515449639,2515450749,15909,1110
4919.532910,2515465184,2515466294,15971,1110
4919.544927,2515474090,2515475198,15852,1108
4919.559963,2515485206,2515486319,15988,1113
4919.571978,2515494110,2515495218,15826,1108
4919.584008,2515503016,2515504130,15914,1114
4919.605048,2515518587,2515519695,15974,1108
4919.617064,2515527468,2515528573,15847,1105
4919.641116,2515545212,2515546322,15973,1110
4919.653133,2515554119,2515555236,15822,1117
4919.692213,2515583040,2515584150,15994,1110
4919.704236,2515591932,2515593040,16042,1108
4919.716253,2515600805,2515601924,15846,1119
4919.728283,2515609705,2515610818,15907,1113
4919.740305,2515618608,2515619718,15973,1110
4919.764350,2515636388,2515637504,15905,1116
4919.776375,2515645306,2515646425,15990,1119
4919.797414,2515660893,2515662003,15904,1110
4919.809437,2515669782,2515670894,15905,1112
4919.881573,2515723182,2515724296,15909,1114
4919.893597,2515732072,2515733190,15988,1118
4919.905615,2515740975,2515742089,15845,1114
4919.965735,2515785423,2515786533,15990,1110
4919.977752,2515794333,2515795445,15848,1112
4919.989777,2515803227,2515804342,15901,1115
4920.001801,2515812131,2515813248,15963,1117
4920.013819,2515821035,2515822145,15865,1110
4920.076938,2515867735,2515868844,15838,1109
4920.088966,2515876615,2515877726,15909,1111
4920.103990,2515887752,2515888860,15865,1108
4920.116019,2515896634,2515897748,15999,1114
4920.134053,2515909987,2515911105,15905,1118
4920.146076,2515918906,2515920021,15914,1115
4920.158092,2515927810,2515928923,15842,1113
4920.170120,2515936704,2515937812,15905,1108
4920.182148,2515945624,2515946738,15986,1114
4920.197175,2515956753,2515957862,15907,1109
4920.215209,2515970092,2515971197,15909,1105
4920.230230,2515981213,2515982330,15935,1117
4920.249278,2515996785,2515997890,15906,1105
4920.264804,2516006966,2516008078,15907,1112
4920.317402,2516046272,2516047382,15978,1110
4920.329419,2516055174,2516056292,15852,1118
4920.341449,2516064088,2516065200,15908,1112
4920.353472,2516072984,2516074091,15985,1107
4920.380523,2516093015,2516094132,15989,1117
4920.392546,2516101935,2516103047,15989,1112
4920.420603,2516124196,2516125315,15999,1119
4920.443644,2516139758,2516140866,16002,1108
4920.455659,2516148646,2516149764,15826,1118
4920.467688,2516157549,2516158657,15819,1108
4920.479712,2516166449,2516167561,15994,1112
4920.491735,2516175335,2516176449,15903,1114
4920.503758,2516184238,2516185355,15913,1117
4920.515779,2516193146,2516194259,15976,1113
4920.528809,2516204272,2516205385,15903,1113
4920.557859,2516224242,2516225354,15910,1112
4920.569884,2516233128,2516234234,15986,1106
4920.584911,2516244247,2516245352,15910,1105
4920.596934,2516253152,2516254265,16068,1113
4920.608951,2516262055,2516263165,15934,1110
4920.633002,2516279830,2516280939,16060,1109
4920.648030,2516290933,2516292048,15991,1115
4920.672070,2516308733,2516309847,15832,1114
4920.684099,2516317627,2516318735,15995,1108
4920.696123,2516326526,2516327633,16069,1107
4920.708139,2516335416,2516336529,15938,1113
4920.720169,2516344317,2516345423,15996,1106
4920.732191,2516353186,2516354301,16065,1115
4920.744207,2516362076,2516363181,15912,1105
4920.756236,2516370952,2516372067,15907,1115
4920.768261,2516379843,2516380956,15997,1113
4920.780276,2516388738,2516389848,15835,1110
4920.792307,2516397650,2516398761,15910,1111
4920.807328,2516408797,2516409912,15929,1115
4920.840398,2516433249,2516434354,15914,1105
4920.852413,2516442136,2516443244,15918,1108
4920.864442,2516451032,2516452151,15910,1119
4920.903517,2516479940,2516481053,15977,1113
4920.915533,2516488849,2516489959,15848,1110
4920.927564,2516497743,2516498853,15911,1110
4920.945597,2516511079,2516512189,15905,1110
4920.957621,2516519973,2516521088,15989,1115
4920.988685,2516544437,2516545542,15992,1105
4921.008717,2516557795,2516558905,15903,1110
4921.020738,2516566680,2516567797,15961,1117
4921.048796,2516588914,2516590019,15926,1105
4921.128944,2516646711,2516647824,15960,1113
4921.140962,2516655595,2516656710,15840,1115
4921.152990,2516664492,2516665604,15909,1112
4921.165014,2516673387,2516674500,15976,1113
4921.193072,2516695597,2516696710,15859,1113
4921.205093,2516704500,2516705614,15820,1114
4921.249168,2516735655,2516736765,15826,1110
4921.261199,2516744551,2516745659,15902,1108
4921.276216,2516755703,2516756805,15673,1102
4921.288249,2516764539,2516765648,15997,1109
4921.300266,2516773389,2516774502,15965,1113
4921.312285,2516782220,2516783321,15627,1101
4921.324314,2516791049,2516792162,15948,1113
4921.336335,2516799905,2516801018,15851,1113
4921.351368,2516810996,2516812078,15809,1082
4921.363386,2516819824,2516820944,15966,1120
4921.375408,2516828724,2516829843,15741,1119
4921.387437,2516837654,2516838769,15800,1115
4921.399462,2516846576,2516847690,15911,1114
4921.411479,2516855524,2516856639,15834,1115
4921.423506,2516864449,2516865564,15902,1115
4921.435529,2516873380,2516874490,15911,1110
4921.447545,2516882297,2516883405,15847,1108
4921.459576,2516891182,2516892290,15966,1108
4921.471592,2516900027,2516901137,16051,1110
4921.489629,2516913281,2516914400,16036,1119
4921.501646,2516922171,2516923282,15676,1111
4921.543731,2516953203,2516954308,16024,1105
4921.555748,2516962029,2516963130,15708,1101
4921.567777,2516970870,2516971984,16036,1114
4921.580807,2516981913,2516983020,15789,1107
4921.624884,2517012934,2517014049,16047,1115
4921.636905,2517021826,2517022930,15915,1104
4921.672974,2517048371,2517049486,15909,1115
4921.685004,2517057230,2517058340,16088,1110
4921.700022,2517068293,2517069400,15712,1107
4921.772159,2517121365,2517122467,15704,1102
4921.784192,2517130624,2517131733,16084,1109
4921.796209,2517139501,2517140611,16049,1110
4921.808228,2517148343,2517149449,15629,1106
4921.820257,2517157197,2517158305,15949,1108
4921.832277,2517166063,2517167172,15851,1109
4921.892395,2517210338,2517211447,15946,1109
4921.904415,2517219202,2517220311,15965,1109
4921.916434,2517228045,2517229152,15710,1107
4921.931466,2517239118,2517240231,15935,1113
4921.991583,2517283348,2517284458,16039,1110
4922.003604,2517292218,2517293335,16051,1117
4922.015623,2517301067,2517302178,15637,1111
4922.027652,2517309932,2517311047,15952,1115
4922.039676,2517318844,2517319958,15940,1114
4922.051691,2517327716,2517328832,15592,1116
4922.063721,2517336578,2517337686,15868,1108
4922.075741,2517345435,2517346545,15920,1110
4922.087760,2517354273,2517355383,15634,1110
4922.099789,2517363124,2517364231,15954,1107
4922.111813,2517372021,2517373131,15849,1110
4922.123828,2517380853,2517381963,15629,1110
4922.135862,2517389735,2517390847,15959,1112
4922.183950,2517425139,2517426247,15953,1108
4922.195965,2517434006,2517435113,15594,1107
4922.207995,2517442859,2517443963,15863,1104
4922.220015,2517451716,2517452823,15967,1107
4922.232037,2517460571,2517461681,15741,1110
4922.244065,2517469440,2517470547,15964,1107
4922.256084,2517478300,2517479419,15962,1119
4922.268103,2517487142,2517488244,15628,1102
4922.280135,2517496008,2517497118,15908,1110
4922.292153,2517504838,2517505946,15965,1108
4922.304172,2517513666,2517514776,15629,1110
4922.316200,2517522523,2517523635,15950,1112
4922.328221,2517531390,2517532495,15853,1105
4922.340243,2517540270,2517541380,15827,1110
4922.352271,2517549123,2517550208,15726,1085
4922.373307,2517564587,2517565705,15961,1118
4922.385326,2517573411,2517574516,15628,1105
4922.409375,2517591120,2517592234,15962,1114
4922.421394,2517599937,2517601053,15631,1116
4922.445445,2517617705,2517618814,15937,1109
4922.457463,2517626573,2517627684,15590,1111
4922.524595,2517677480,2517678585,15856,1105
4922.568681,2517708453,2517709566,15949,1113
4922.580704,2517717315,2517718423,15947,1108
4922.592720,2517726143,2517727245,15630,1102
4922.628791,2517752700,2517753818,15827,1118
4922.640818,2517761578,2517762697,15950,1119
4922.652838,2517770427,2517771545,15923,1118
4922.664857,2517779251,2517780358,15628,1107
4922.697924,2517803567,2517804677,15962,1110
4922.709943,2517812396,2517813498,15627,1102
4922.721972,2517821238,2517822339,15945,1101
4922.733994,2517830136,2517831244,15935,1108
4922.824164,2517896454,2517897557,15856,1103
4922.836183,2517905305,2517906416,15595,1111
4922.848213,2517914157,2517915264,15945,1107
4922.860233,2517923012,2517924129,16051,1117
4922.872259,2517931980,2517933085,15629,1105
4922.884281,2517940847,2517941949,15868,1102
4922.896301,2517949714,2517950824,15966,1110
4922.908320,2517958538,2517959645,15629,1107
4922.920349,2517967389,2517968499,15949,1110
4922.932371,2517976289,2517977404,15935,1115
4922.944389,2517985128,2517986241,15624,1113
4922.956418,2517993968,2517995078,15950,1110
4923.061612,2518071385,2518072493,15625,1108
4923.073644,2518080250,2518081360,15994,1110
4923.121730,2518115627,2518116735,15852,1108
4923.133749,2518124482,2518125593,15593,1111
4923.163813,2518146592,2518147705,15951,1113
4923.175836,2518155462,2518156577,15950,1115
4923.187852,2518164288,2518165391,15711,1103
4923.205889,2518177602,2518178712,15906,1110
4923.217916,2518186462,2518187563,16040,1101
4923.269014,2518224015,2518225126,15791,1111
4923.281036,2518233092,2518234201,16039,1109
4923.292332,2518242353,2518243458,16056,1105
4923.305075,2518251223,2518252338,15677,1115
4923.317104,2518260071,2518261176,15953,1105
4923.374213,2518302076,2518303182,15953,1106
4923.386229,2518310934,2518312046,15592,1112
4923.476401,2518377301,2518378409,15629,1108
4923.488431,2518386184,2518387299,15965,1115
4923.581604,2518454712,2518455827,15961,1115
4923.593624,2518463542,2518464655,15626,1113
4923.605653,2518472397,2518473505,16035,1108
4923.617673,2518481245,2518482360,15938,1115
4923.684804,2518532067,2518533181,16034,1114
4923.704841,2518545383,2518546492,16031,1109
4923.716862,2518554228,2518555341,15856,1113
4923.788999,2518607358,2518608468,15963,1110
4923.801018,2518616170,2518617273,15628,1103
4923.813047,2518625002,2518626115,15951,1113
4923.889200,2518682469,2518683575,15711,1106
4923.906222,2518693572,2518694687,15965,1115
4923.918244,2518702437,2518703549,15825,1112
4923.993391,2518757731,2518758836,15954,1105
4924.005411,2518766594,2518767690,15960,1096
4924.041479,2518793150,2518794259,15964,1109
4924.053498,2518801951,2518803063,15628,1112
4924.065530,2518810825,2518811931,15997,1106
4924.077548,2518819673,2518820783,15962,1110
4924.095582,2518832919,2518834023,15966,1104
4924.107605,2518841746,2518842857,15645,1111
4924.119635,2518850637,2518851746,15966,1109
4924.131651,2518859483,2518860588,15963,1105
4924.149685,2518872731,2518873844,15960,1113
4924.161712,2518881551,2518882662,15712,1111
4924.212805,2518919144,2518920257,15855,1113
4924.227838,2518930226,2518931301,15801,1075
4924.239857,2518939049,2518940159,15962,1110
4924.251875,2518947911,2518949021,15600,1110
4924.263908,2518956767,2518957876,15998,1109
4924.299974,2518983274,2518984385,15951,1111
4924.311994,2518992136,2518993251,15857,1115
4924.324013,2519001002,2519002113,15602,1111
4924.336042,2519009846,2519010959,15945,1113
4924.348063,2519018717,2519019827,15965,1110
4924.360089,2519027542,2519028649,15713,1107
4924.372110,2519036381,2519037491,15946,1110
4924.384131,2519045221,2519046333,15969,1112
4924.396150,2519054022,2519055129,15629,1107
4924.408179,2519062871,2519063977,15952,1106
4924.420201,2519071751,2519072856,15936,1105
4924.438234,2519085007,2519086114,15962,1107
4924.450253,2519093842,2519094953,15628,1111
4924.504356,2519133620,2519134721,15628,1101
4924.516389,2519142492,2519143596,15966,1104
4924.540424,2519160150,2519161261,15629,1111
4924.552455,2519168982,2519170095,15949,1113
4924.615578,2519215439,2519216554,16050,1115
4924.627595,2519224340,2519225453,16025,1113
4924.639613,2519233159,2519234266,15710,1107
4924.657655,2519246450,2519247558,15789,1108
4924.669676,2519255295,2519256413,16038,1118
4924.711753,2519286284,2519287398,15913,1114
4924.723783,2519295176,2519296289,16050,1113
4924.735799,2519304047,2519305160,16052,1113
4924.747818,2519312878,2519313984,15668,1106
4924.759851,2519321758,2519322870,15996,1112
4924.771868,2519330625,2519331740,15967,1115
4924.783887,2519339475,2519340581,15633,1106
4924.795919,2519348321,2519349399,15809,1078
4924.807938,2519357522,2519358632,15853,1110
4924.831985,2519375247,2519376354,15950,1107
4924.844005,2519384101,2519385207,15961,1106
4924.856032,2519392931,2519394042,15712,1111
4924.868054,2519401811,2519402921,15944,1110
4924.880074,2519410675,2519411789,15882,1114
4924.892093,2519419514,2519420620,15631,1106
4924.904122,2519428362,2519429472,15855,1110
4924.916143,2519437228,2519438331,15933,1103
4924.928164,2519446089,2519447199,15908,1110
4924.940195,2519454960,2519456074,16057,1114
4924.952211,2519463810,2519464922,16036,1112
4924.964230,2519472638,2519473753,15714,1115
4924.976261,2519481495,2519482614,16035,1119
4924.988280,2519490348,2519491458,15961,1110
4925.000298,2519499190,2519500299,15630,1109
4925.075448,2519554572,2519555681,15946,1109
4925.087468,2519563438,2519564548,15961,1110
4925.099487,2519572266,2519573362,15630,1096
4925.111521,2519581152,2519582260,15964,1108
4925.123539,2519590028,2519591138,15962,1110
4925.135556,2519598848,2519599964,15631,1116
4925.153598,2519612111,2519613214,15707,1103
4925.165619,2519620961,2519622069,15951,1108
4925.183654,2519634214,2519635317,15945,1103
4925.195674,2519643047,2519644161,15964,1114
4925.207696,2519651916,2519653021,15825,1105
4925.225728,2519665194,2519666304,15626,1110
4925.237757,2519674047,2519675166,15947,1119
4925.249777,2519682914,2519684030,15964,1116
4925.261796,2519691747,2519692859,15627,1112
4925.276829,2519702841,2519703953,15960,1112
4925.291859,2519713900,2519715010,15950,1110
4925.303880,2519722741,2519723849,15852,1108
4925.315899,2519731591,2519732686,15600,1095
4925.327929,2519740449,2519741554,16053,1105
4925.339949,2519749313,2519750427,16055,1114
4925.351975,2519758160,2519759266,15792,1106
4925.363997,2519767025,2519768140,16038,1115
4925.376017,2519775877,2519776985,16052,1108
4925.397053,2519791321,2519792427,15710,1106
4925.409087,2519800208,2519801316,16051,1108
4925.445152,2519826710,2519827825,16043,1115
4925.457175,2519835563,2519836670,16041,1107
4925.502257,2519868690,2519869804,15944,1114
4925.529308,2519888613,2519889717,16052,1104
4925.541328,2519897435,2519898542,15628,1107
4925.604451,2519943894,2519945004,15828,1110
4925.616477,2519952752,2519953868,15948,1116
4925.640516,2519970410,2519971517,15709,1107
4925.652548,2519979244,2519980354,16080,1110
4925.704647,2520019118,2520020232,16048,1114
4925.736703,2520041216,2520042323,15962,1107
4925.748730,2520050070,2520051170,15711,1100
4925.769768,2520065548,2520066658,15946,1110
4925.781788,2520074393,2520075492,15964,1099
4925.793807,2520083227,2520084343,15623,1116
4925.811842,2520096537,2520097634,15592,1097
4925.823871,2520105378,2520106491,15866,1113
4925.835892,2520114230,2520115345,15964,1115
4925.847918,2520123095,2520124199,15761,1104
4925.865945,2520136360,2520137468,15707,1108
4925.877974,2520145210,2520146327,16040,1117
4925.896009,2520158480,2520159593,16036,1113
4925.908030,2520167382,2520168495,16029,1113
4925.921058,2520178435,2520179545,16034,1110
4925.950114,2520198307,2520199416,15988,1109
4925.962133,2520207205,2520208308,15936,1103
4925.992185,2520229273,2520230384,15629,1111
4926.004218,2520238150,2520239263,15963,1113
4926.016235,2520246994,2520248104,15963,1110
4926.028253,2520255823,2520256930,15547,1107
4926.040283,2520264685,2520265804,16039,1119
4926.052306,2520273555,2520274660,16035,1105
4926.064322,2520282377,2520283478,15711,1101
4926.127442,2520328796,2520329907,15711,1111
4926.139472,2520337658,2520338773,16040,1115
4926.151495,2520346508,2520347618,15950,1110
4926.169527,2520359793,2520360899,15971,1106
4926.181545,2520368666,2520369772,15593,1106
4926.193574,2520377508,2520378622,15952,1114
4926.232646,2520406318,2520407426,15965,1108
4926.244673,2520415182,2520416293,15678,1111
4926.256694,2520424051,2520425161,15946,1110
4926.268715,2520432901,2520434019,16039,1118
4926.295766,2520446767,2520447382,11951,615
4926.309294,2520451973,2520452803,13458,830
4926.321320,2520460955,2520462061,15910,1106
4926.360396,2520489812,2520490924,15987,1112
4926.372411,2520498733,2520499842,15826,1109
4926.408479,2520525440,2520526550,15916,1110
4926.420510,2520534372,2520535491,15997,1119
4926.432534,2520543305,2520544422,15911,1117
4926.468600,2520570079,2520571194,15973,1115
4926.480617,2520579015,2520580130,15855,1115
4926.504669,2520596801,2520597915,15977,1114
4926.516685,2520605733,2520606848,15843,1115
4926.543735,2520625821,2520626935,15833,1114
4926.555767,2520634736,2520635855,15907,1119
4926.567788,2520643662,2520644773,15973,1111
4926.581315,2520653869,2520654973,15949,1104
4926.593329,2520662760,2520663870,15830,1110
4926.605358,2520671658,2520672768,15898,1110
4926.665469,2520716120,2520717233,15844,1113
4926.677496,2520725011,2520726130,15912,1119
4926.689520,2520733905,2520735020,16065,1115
4926.704547,2520745034,2520746140,15987,1106
4926.716571,2520753917,2520755030,16067,1113
4926.728588,2520762821,2520763926,15923,1105
4926.761658,2520787277,2520788381,16066,1104
4926.773674,2520796160,2520797267,15930,1107
4926.785703,2520805068,2520806176,15903,1108
4926.796216,2520811621,2520812522,15144,901
4926.808246,2520820280,2520821394,15907,1114
4926.820270,2520829180,2520830293,15987,1113
4926.832286,2520838080,2520839197,15835,1117
4926.844314,2520846978,2520848092,15910,1114
4926.856339,2520855870,2520856980,15874,1110
4926.868354,2520864767,2520865877,15829,1110
4926.880383,2520873667,2520874781,15999,1114
4926.895406,2520884791,2520885899,15917,1108
4926.907434,2520893690,2520894798,15995,1108
4926.919459,2520902577,2520903691,16061,1114
4926.931475,2520911454,2520912571,15749,1117
4926.943503,2520920359,2520921468,15912,1109
4926.955527,2520929241,2520930354,15995,1113
4926.967543,2520938130,2520939241,15829,1111
4926.979572,2520947035,2520948149,15908,1114
4927.000613,2520962630,2520963748,15991,1118
4927.012629,2520971558,2520972669,15831,1111
4927.036682,2520989358,2520990463,15988,1105
4927.048697,2520998245,2520999362,15741,1117
4927.060726,2521007142,2521008258,15997,1116
4927.072750,2521016065,2521017175,16079,1110
4927.084766,2521024956,2521026075,15832,1119
4927.105812,2521040527,2521041641,15910,1114
4927.120834,2521051647,2521052751,15829,1104
4927.132864,2521060534,2521061643,15822,1109
4927.144887,2521069428,2521070543,15988,1115
4927.156903,2521078351,2521079468,15829,1117
4927.171939,2521089489,2521090606,15990,1117
4927.183954,2521098393,2521099502,15829,1109
4927.195982,2521107286,2521108396,15911,1110
4927.208007,2521116185,2521117298,15894,1113
4927.220025,2521125112,2521126227,15843,1115
4927.232051,2521134012,2521135126,15917,1114
4927.244075,2521142915,2521144019,15978,1104
4927.256092,2521151812,2521152931,15841,1119
4927.268119,2521160713,2521161822,15905,1109
4927.280143,2521169596,2521170696,16045,1100
4927.292160,2521178477,2521179592,15848,1115
4927.304188,2521187378,2521188492,15915,1114
4927.316212,2521196264,2521197374,15982,1110
4927.328229,2521205152,2521206267,15760,1115
4927.340256,2521214048,2521215158,15822,1110
4927.352281,2521222943,2521224056,15976,1113
4927.364298,2521231846,2521232952,15843,1106
4927.376325,2521240733,2521241843,15909,1110
4927.388349,2521249634,2521250744,15992,1110
4927.400367,2521258542,2521259657,15931,1115
4927.412394,2521267428,2521268538,15910,1110
4927.424420,2521276339,2521277450,15974,1111
4927.460486,2521303010,2521304129,15972,1119
4927.472503,2521311932,2521313038,15845,1106
4927.484530,2521320837,2521321947,15904,1110
4927.496555,2521329732,2521330837,15891,1105
4927.508572,2521338635,2521339745,15929,1110
4927.523606,2521349744,2521350856,16065,1112
4927.535622,2521358661,2521359775,15921,1114
4927.547650,2521367564,2521368680,15993,1116
4927.559675,2521376452,2521377562,16061,1110
4927.577709,2521389789,2521390906,15982,1117
4927.589726,2521398699,2521399804,15846,1105
4927.601753,2521407601,2521408711,15907,1110
4927.619788,2521420951,2521422061,15911,1110
4927.631815,2521429848,2521430962,15978,1114
4927.643829,2521438760,2521439875,15844,1115
4927.655856,2521447655,2521448769,15905,1114
4927.667881,2521456549,2521457659,15975,1110
4927.679898,2521465458,2521466572,15838,1114
4927.691925,2521474355,2521475465,15823,1110
4927.703949,2521483239,2521484354,15981,1115
4927.715966,2521492142,2521493253,15762,1111
4927.727994,2521501049,2521502159,15912,1110
4927.746028,2521514390,2521515504,15903,1114
4927.758052,2521523293,2521524403,15975,1110
4927.782097,2521541087,2521542197,15904,1110
4927.794121,2521549971,2521551081,16065,1110
4927.809148,2521561074,2521562184,15996,1110
4927.821172,2521569986,2521571093,15977,1107
4927.833188,2521579266,2521580375,15833,1109
4927.848223,2521590415,2521591532,15972,1117
4927.860240,2521599326,2521600441,15847,1115
4927.872268,2521608226,2521609340,15908,1114
4927.884293,2521617125,2521618235,15984,1110
4927.896309,2521626024,2521627124,15757,1100
4927.908337,2521634898,2521636010,15909,1112
4927.920361,2521643787,2521644901,15978,1114
4927.932376,2521652680,2521653791,15834,1111
4927.968446,2521679376,2521680486,15841,1110
4927.980474,2521688255,2521689368,15909,1113
4927.995498,2521699390,2521700503,15844,1113
4928.007525,2521708299,2521709409,15909,1110
4928.019552,2521717179,2521718288,15890,1109
4928.031565,2521726082,2521727195,15903,1113
4928.043595,2521734981,2521736091,15908,1110
4928.055619,2521743870,2521744980,15989,1110
4928.067635,2521752766,2521753880,15826,1114
4928.079664,2521761670,2521762773,15906,1103
4928.091689,2521770569,2521771679,15996,1110
4928.103704,2521779463,2521780569,15918,1106
4928.115732,2521788363,2521789476,15996,1113
4928.127757,2521797243,2521798356,16078,1113
4928.139772,2521806146,2521807264,15916,1118
4928.151801,2521815051,2521816166,15820,1115
4928.163825,2521823941,2521825051,15989,1110
4928.175840,2521832840,2521833959,15828,1119
4928.187870,2521841734,2521842844,15911,1110
4928.199894,2521850630,2521851737,15950,1107
4928.211909,2521859524,2521860634,15830,1110
4928.223940,2521868412,2521869525,15910,1113
4928.235962,2521877318,2521878431,15987,1113
4928.247978,2521886216,2521887330,15833,1114
4928.260007,2521895134,2521896253,15909,1119
4928.293064,2521919626,2521920736,15830,1110
4928.305093,2521928520,2521929634,15989,1114
4928.317117,2521937399,2521938512,16076,1113
4928.329131,2521946297,2521947412,15901,1115
4928.356183,2521966302,2521967411,15911,1109
4928.368213,2521975205,2521976319,15995,1114
4928.380237,2521984111,2521985228,16000,1117
4928.392252,2521993010,2521994120,15831,1110
4928.407289,2522004112,2522005226,15990,1114
4928.425323,2522017471,2522018589,15992,1118
4928.437338,2522026400,2522027509,15828,1109
4928.449367,2522035303,2522036421,15900,1118
4928.461391,2522044202,2522045316,15988,1114
4928.521504,2522088699,2522089813,15993,1114
4928.533528,2522097592,2522098697,16074,1105
4928.569597,2522124293,2522125406,16074,1113
4928.581613,2522133181,2522134300,15921,1119
4928.596648,2522144295,2522145408,16076,1113
4928.632717,2522170971,2522172082,16076,1111
4928.644733,2522179880,2522180993,15831,1113
4928.668786,2522197673,2522198783,15986,1110
4928.680801,2522206553,2522207662,15830,1109
4928.692830,2522215450,2522216565,15910,1115
4928.713871,2522231001,2522232113,15990,1112
4928.725885,2522239885,2522240998,15821,1113
4928.743921,2522253225,2522254336,15832,1111
4928.755950,2522262113,2522263223,15997,1110
4928.767974,2522271018,2522272134,16074,1116
4928.779992,2522279919,2522281029,15926,1110
4928.792019,2522288810,2522289920,15909,1110
4928.804043,2522297704,2522298816,15989,1112
4928.852127,2522333287,2522334400,15823,1113
4928.864154,2522342189,2522343301,15990,1112
4928.876179,2522351089,2522352202,16082,1113
4928.888195,2522360005,2522361115,15929,1110
4928.900223,2522368896,2522370006,15907,1110
4928.912247,2522377784,2522378899,15983,1115
4928.924262,2522386682,2522387787,15832,1105
4928.936291,2522395582,2522396701,15904,1119
4928.948316,2522404471,2522405587,15976,1116
4928.960332,2522413372,2522414485,15840,1113
4928.981377,2522428918,2522430034,15909,1116
4928.993404,2522437813,2522438923,15977,1110
4929.005418,2522446707,2522447822,15837,1115
4929.056522,2522484524,2522485629,15975,1105
4929.068538,2522493429,2522494548,15824,1119
4929.089585,2522508989,2522510103,15911,1114
4929.101609,2522517908,2522519013,15989,1105
4929.161722,2522562383,2522563491,15907,1108
4929.173746,2522571281,2522572394,16005,1113
4929.185761,2522580180,2522581294,15829,1114
4929.209815,2522597987,2522599097,15990,1110
4929.221829,2522606862,2522607979,15823,1117
4929.257898,2522633533,2522634643,15828,1110
4929.269929,2522642434,2522643548,15905,1114
4929.293967,2522660221,2522661326,15830,1105
4929.305996,2522669110,2522670220,15907,1110
4929.324030,2522682437,2522683547,15908,1110
4929.336055,2522691324,2522692434,16081,1110
4929.348070,2522700636,2522701751,15916,1115
4929.360099,2522709551,2522710670,15997,1119
4929.372123,2522718453,2522719562,16005,1109
4929.384139,2522727351,2522728465,15831,1114
4929.396167,2522736241,2522737354,15909,1113
4929.408192,2522745165,2522746274,15994,1109
4929.420208,2522754071,2522755185,15817,1114
4929.432236,2522762975,2522764078,15909,1103
4929.444260,2522771867,2522772985,15988,1118
4929.456276,2522780759,2522781868,15834,1109
4929.468305,2522789629,2522790739,15904,1110
4929.483327,2522800763,2522801868,15829,1105
4929.495356,2522809670,2522810773,15907,1103
4929.507380,2522818569,2522819683,15989,1114
4929.519395,2522827476,2522828586,15824,1110
4929.531424,2522836379,2522837488,15906,1109
4929.543449,2522845286,2522846391,15989,1105
4929.555465,2522854164,2522855273,15832,1109
4929.567493,2522863075,2522864185,15905,1110
4929.579518,2522871969,2522873080,15994,1111
4929.597552,2522885287,2522886403,15988,1116
4929.609568,2522894187,2522895301,15836,1114
4929.627602,2522907535,2522908650,15830,1115
4929.639630,2522916445,2522917559,15906,1114
4929.651655,2522925357,2522926467,15994,1110
4929.663670,2522934255,2522935364,15914,1109
4929.675701,2522943145,2522944259,15995,1114
4929.687723,2522952033,2522953136,16079,1103
4929.699739,2522960920,2522962032,15913,1112
4929.711768,2522969820,2522970924,15999,1104
4929.723792,2522978714,2522979821,16058,1107
4929.735807,2522987606,2522988721,15913,1115
4929.771876,2523014302,2523015411,15827,1109
4929.783905,2523023201,2523024315,15910,1114
4929.795929,2523032092,2523033199,15992,1107
4929.807945,2523040982,2523042097,15836,1115
4929.819973,2523049877,2523050987,15909,1110
4929.831998,2523058775,2523059885,15989,1110
4929.844015,2523067658,2523068771,15830,1113
4929.856042,2523076556,2523077663,15862,1107
4929.868066,2523085437,2523086545,16005,1108
4929.886101,2523098784,2523099899,15993,1115
4929.898116,2523107687,2523108802,15914,1115
4929.943202,2523141047,2523142155,15912,1108
4929.958238,2523152159,2523153272,16081,1113
4929.976272,2523165495,2523166612,16075,1117
4929.988288,2523174410,2523175523,15919,1113
4930.000316,2523183315,2523184429,15992,1114
4930.036385,2523210024,2523211139,15995,1115
4930.048411,2523218927,2523220040,16077,1113
4930.072454,2523236724,2523237831,15907,1107
4930.084478,2523245611,2523246721,16063,1110
4930.099505,2523256762,2523257874,15906,1112
4930.111529,2523265646,2523266755,15989,1109
4930.123545,2523274539,2523275651,15833,1112
4930.135574,2523283430,2523284544,15908,1114
4930.147598,2523292328,2523293440,15990,1112
4930.159613,2523301235,2523302344,15830,1109
4930.171642,2523310133,2523311246,16001,1113
4930.183667,2523319032,2523320142,16079,1110
4930.204699,2523334591,2523335698,15919,1107
4930.216728,2523343495,2523344599,15995,1104
4930.232765,2523356830,2523357945,15993,1115
4930.249785,2523367960,2523369065,15916,1105
4930.261815,2523376865,2523377981,15904,1116
4930.297883,2523403531,2523404640,15997,1109
4930.309906,2523412444,2523413562,15987,1118
4930.345975,2523439116,2523440224,15985,1108
4930.357991,2523448010,2523449119,15832,1109
4930.409096,2523485794,2523486908,15992,1114
4930.421110,2523494691,2523495795,15831,1104
4930.463198,2523525798,2523526908,16004,1110
4930.478225,2523536935,2523538043,15910,1108
4930.490250,2523545827,2523546935,15989,1108
4930.505270,2523556919,2523558027,15591,1108
4930.517301,2523565824,2523566934,15962,1110
4930.565389,2523601226,2523602336,15955,1110
4930.577405,2523610088,2523611190,15593,1102
4930.589434,2523618935,2523620049,15946,1114
4930.601454,2523627773,2523628883,15964,1110
4930.613476,2523636626,2523637741,15829,1115
4930.667576,2523676423,2523677534,15624,1111
4930.679606,2523685287,2523686401,15946,1114
4930.691626,2523694146,2523695259,15962,1113
4930.709661,2523707424,2523708533,15856,1109
4930.721679,2523716303,2523717404,15591,1101
4930.760763,2523745003,2523746112,15993,1109
4930.772781,2523753867,2523754984,15971,1117
4930.844918,2523806943,2523808054,16051,1111
4930.856331,2523816215,2523817325,15985,1110
4930.877983,2523831696,2523832809,16041,1113
4930.890003,2523840559,2523841673,16051,1114
4930.902022,2523849376,2523850483,15708,1107
4930.914056,2523858251,2523859365,16048,1114
4930.932086,2523871573,2523872683,15946,1110
4930.980176,2523906947,2523908062,15968,1115
4930.992194,2523915828,2523916939,15595,1111
4931.004223,2523924683,2523925803,15952,1120
4931.016245,2523933585,2523934700,15933,1115
4931.028262,2523942418,2523943521,15633,1103
4931.040292,2523951260,2523952374,15957,1114
4931.052312,2523960121,2523961231,15964,1110
4931.064331,2523968948,2523970060,15630,1112
4931.091382,2523988878,2523989985,15628,1107
4931.103414,2523997739,2523998818,15809,1079
4931.115433,2524006584,2524007697,15935,1113
4931.127451,2524015428,2524016528,15710,1100
4931.145486,2524028716,2524029830,15715,1114
4931.157518,2524037581,2524038689,16084,1108
4931.193583,2524064110,2524065213,16039,1103
4931.205603,2524072955,2524074061,15942,1106
4931.259709,2524112778,2524113886,16039,1108
4931.271725,2524121607,2524122714,15710,1107
4931.283755,2524130471,2524131580,16039,1109
4931.295775,2524139319,2524140431,16058,1112
4931.307797,2524148177,2524149292,15911,1115
4931.319823,2524157039,2524158151,15946,1112
4931.331844,2524166099,2524167208,15877,1109
4931.343862,2524174927,2524176032,15628,1105
4931.355895,2524183776,2524184890,15997,1114
4931.367912,2524192655,2524193765,15961,1110
4931.379931,2524201471,2524202578,15630,1107
4931.391960,2524210330,2524211442,15950,1112
4931.403981,2524219196,2524220303,15854,1107
4931.416000,2524228051,2524229158,15591,1107
4931.428031,2524236893,2524237973,15809,1080
4931.440050,2524245695,2524246805,15970,1110
4931.458086,2524258965,2524260073,15945,1108
4931.470103,2524267797,2524268904,15626,1107
4931.512188,2524298771,2524299881,15938,1110
4931.524206,2524307635,2524308742,15598,1107
4931.536241,2524316559,2524317677,16052,1118
4931.548257,2524325487,2524326607,15927,1120
4931.560283,2524334421,2524335529,15823,1108
4931.572308,2524343333,2524344452,15992,1119
4931.584323,2524352264,2524353376,15830,1112
4931.617390,2524376743,2524377861,15951,1118
4931.629409,2524385597,2524386706,15960,1109
4931.719581,2524451967,2524453080,15962,1113
4931.731600,2524460809,2524461911,15627,1102
4931.744629,2524471884,2524473002,16056,1118
4931.785703,2524500600,2524501702,15710,1102
4931.797732,2524509442,2524510549,16037,1107
4931.821772,2524527145,2524528252,15710,1107
4931.833801,2524535981,2524537096,16040,1115
4931.881890,2524571396,2524572503,15968,1107
4931.893909,2524580214,2524581328,15630,1114
4931.908942,2524591337,2524592445,15939,1108
4931.920960,2524600141,2524601252,15626,1111
4931.932989,2524609013,2524610126,15952,1113
4931.945011,2524617925,2524619038,15936,1113
4932.008131,2524664374,2524665487,16021,1113
4932.020148,2524673198,2524674309,15713,1111
4932.032180,2524682046,2524683156,16039,1110
4932.044199,2524690903,2524692016,15967,1113
4932.056217,2524699731,2524700837,15635,1106
4932.068249,2524708582,2524709661,15811,1079
4932.080267,2524717405,2524718515,15964,1110
4932.101306,2524732880,2524733990,15823,1110
4932.113332,2524741743,2524742853,15947,1110
4932.137372,2524759432,2524760534,15623,1102
4932.149404,2524768297,2524769407,15996,1110
4932.161422,2524777135,2524778243,15966,1108
4932.173440,2524785945,2524787052,15712,1107
4932.239573,2524834610,2524835720,16038,1110
4932.251596,2524843460,2524844573,16040,1113
4932.344774,2524911975,2524913079,15711,1104
4932.356795,2524921024,2524922127,15952,1103
4932.368817,2524930275,2524931389,15961,1114
4932.425920,2524972317,2524973424,15628,1107
4932.437949,2524981163,2524982276,15948,1113
4932.452972,2524992226,2524993333,15630,1107
4932.465001,2525001074,2525002193,15943,1119
4932.522107,2525043149,2525044264,15962,1115
4932.534126,2525051990,2525053096,15627,1106
4932.552161,2525065249,2525066360,15630,1111
4932.564190,2525074117,2525075231,16055,1114
4932.576210,2525082978,2525084082,16056,1104
4932.594245,2525096225,2525097334,15945,1109
4932.606263,2525105082,2525106186,15675,1104
4932.648350,2525136040,2525137150,16037,1110
4932.660366,2525144884,2525145994,15708,1110
4932.756553,2525215736,2525216840,16054,1104
4932.768576,2525224575,2525225685,15822,1110
4932.780601,2525233414,2525234524,15944,1110
4932.792622,2525242280,2525243384,15860,1104
4932.807652,2525253359,2525254467,15950,1108
4932.819673,2525262223,2525263337,15966,1114
4932.831692,2525271050,2525272157,15628,1107
4932.843725,2525279909,2525281021,15996,1112
4932.855741,2525288780,2525289895,15966,1115
4932.867760,2525297611,2525298722,15633,1111
4932.879790,2525306449,2525307555,15942,1106
4932.903832,2525324200,2525325319,15821,1119
4932.915859,2525333063,2525334176,15954,1113
4932.927879,2525341936,2525343045,15880,1109
4932.939905,2525350775,2525351891,15634,1116
4932.951927,2525359643,2525360753,15946,1110
4932.963947,2525368520,2525369627,15877,1107
4932.975966,2525377380,2525378481,15675,1101
4932.987996,2525386220,2525387324,16043,1104
4933.093192,2525463601,2525464707,15825,1106
4933.105219,2525472471,2525473585,15953,1114
4933.159326,2525512274,2525513391,15961,1117
4933.171342,2525521142,2525522257,15964,1115
4933.183361,2525530134,2525531243,15629,1109
4933.195394,2525539010,2525540122,15960,1112
4933.207410,2525547891,2525549001,15960,1110
4933.219429,2525556721,2525557833,15633,1112
4933.231459,2525565570,2525566689,15950,1119
4933.243482,2525574435,2525575543,15950,1108
4933.255498,2525583267,2525584374,15629,1107
4933.267532,2525592143,2525593258,15966,1115
4933.288565,2525607618,2525608729,15852,1111
4933.300584,2525616469,2525617572,15595,1103
4933.312613,2525625309,2525626419,15865,1110
4933.375733,2525671764,2525672881,15947,1117
4933.387753,2525680668,2525681780,15930,1112
4933.399772,2525689531,2525690641,15675,1110
4933.411802,2525698396,2525699508,16040,1112
4933.423822,2525707262,2525708375,16052,1113
4933.441859,2525720521,2525721629,16035,1108
4933.453875,2525729343,2525730450,15708,1107
4933.480927,2525749263,2525750369,15710,1106
4933.492960,2525758141,2525759249,16049,1108
4933.520007,2525778037,2525779151,16040,1114
4933.532028,2525786907,2525788021,16050,1114
4933.544047,2525795738,2525796845,15708,1107
4933.577114,2525820060,2525821173,16051,1113
4933.589135,2525828912,2525830030,15910,1118
4933.622200,2525853270,2525854380,16052,1110
4933.634226,2525862131,2525863238,15757,1107
4933.676302,2525893101,2525894214,16050,1113
4933.688324,2525901967,2525903071,15916,1104
4933.724390,2525928450,2525929561,15710,1111
4933.736422,2525937310,2525938420,16082,1110
4933.787512,2525974838,2525975953,15825,1115
4933.799539,2525983719,2525984831,16037,1112
4933.811560,2525992585,2525993692,16004,1107
4933.823578,2526001421,2526002526,15712,1105
4933.835611,2526010278,2526011391,16083,1113
4933.847628,2526019144,2526020247,15964,1103
4933.859647,2526027972,2526029078,15629,1106
4933.871676,2526036818,2526037923,15952,1105
4933.881697,2526044791,2526045906,15899,1115
4933.897222,2526055869,2526056972,15961,1103
4933.909241,2526064688,2526065797,15629,1109
4933.921270,2526073520,2526074638,15950,1118
4933.940327,2526089039,2526090150,15936,1111
4933.993408,2526126669,2526127777,15947,1108
4934.005429,2526135579,2526136684,16025,1105
4934.044499,2526164318,2526165420,15680,1102
4934.056528,2526173171,2526174288,16040,1117
4934.119648,2526219563,2526220675,16037,1112
4934.131668,2526228410,2526229522,15944,1112
4934.143693,2526237257,2526238338,15937,1081
4934.161721,2526250508,2526251619,15618,1111
4934.173751,2526259362,2526260477,15951,1115
4934.212822,2526288089,2526289204,15955,1115
4934.224842,2526296910,2526298010,15710,1100
4934.248891,2526314651,2526315765,16054,1114
4934.260910,2526323510,2526324617,15670,1107
4934.275942,2526334581,2526335695,16047,1114
4934.349088,2526389867,2526390973,15709,1106
4934.378141,2526409792,2526410902,15793,1110
4934.390162,2526418644,2526419763,16037,1119
4934.402182,2526427529,2526428642,16052,1113
4934.420216,2526440780,2526441890,16050,1110
4934.432238,2526449638,2526450750,15826,1112
4934.444265,2526458488,2526459598,15950,1110
4934.459287,2526469526,2526470632,15629,1106
4934.504372,2526502696,2526503809,15628,1113
4934.516402,2526511540,2526512653,15951,1113
4934.528422,2526520394,2526521513,15851,1119
4934.543453,2526531448,2526532560,15947,1112
4934.567493,2526549119,2526550231,15625,1112
4934.579525,2526557963,2526559076,15993,1113
4934.591543,2526566817,2526567934,15963,1117
4934.603562,2526575663,2526576769,15631,1106
4934.615595,2526584549,2526585661,15962,1112
4934.627613,2526593424,2526594537,15854,1113
4934.639630,2526602286,2526603393,15591,1107
4934.651660,2526611127,2526612241,15948,1114
4934.663680,2526619980,2526621093,15963,1113
4934.675706,2526628811,2526629922,15707,1111
4934.693733,2526642069,2526643175,15626,1106
4934.705762,2526650932,2526652041,15948,1109
4934.784918,2526710692,2526711799,15945,1107
4934.825988,2526739447,2526740555,15852,1108
4934.838009,2526748328,2526749439,15545,1111
4934.856041,2526761585,2526762691,15628,1106
4934.868071,2526770422,2526771527,15951,1105
4934.886107,2526783672,2526784758,15801,1086
4934.898128,2526792485,2526793599,15921,1114
4934.910145,2526801310,2526802426,15625,1116
4934.922176,2526810172,2526811279,15951,1107
4934.934196,2526819063,2526820176,15934,1113
4934.946213,2526827886,2526828997,15622,1111
4934.992326,2526863255,2526864365,15945,1110
4935.015349,2526878741,2526879853,15962,1112
4935.027370,2526887607,2526888722,15912,1115
4935.039399,2526896475,2526897579,15969,1104
4935.051417,2526905348,2526906457,15878,1109
4935.063440,2526914156,2526915272,15650,1116
4935.075469,2526923027,2526924141,15996,1114
4935.087486,2526931907,2526933021,15965,1114
4935.099505,2526940726,2526941833,15547,1107
4935.120553,2526956221,2526957300,15802,1079
4935.132573,2526965079,2526966192,16023,1113
4935.159623,2526984983,2526986096,16056,1113
4935.208720,2527022528,2527023635,16032,1107
4935.240778,2527044709,2527045823,15962,1114
4935.252796,2527053678,2527054785,15709,1107
4935.264826,2527062517,2527063627,16005,1110
4935.276849,2527071355,2527072467,16042,1112
4935.312915,2527097924,2527099034,16050,1110
4935.324936,2527106786,2527107897,15910,1111
4935.336963,2527115633,2527116747,16040,1114
4935.348983,2527124494,2527125604,16051,1110
4935.388054,2527153188,2527154290,15712,1102
4935.400085,2527162431,2527163545,16036,1114
4935.421120,2527177985,2527179094,15852,1109
4935.433139,2527186862,2527187969,15595,1107
4935.445169,2527195703,2527196809,15947,1106
4935.460191,2527206790,2527207892,15676,1102
4935.473721,2527216950,2527218057,15929,1107
4935.488749,2527228032,2527229137,16053,1105
4935.500768,2527236861,2527237970,15713,1109
4935.520332,2527246259,2527246879,12048,620
4935.541350,2527255646,2527256759,15850,1113
4935.553377,2527264513,2527265622,15903,1109
4935.565402,2527273663,2527274770,15917,1107
4935.589447,2527291416,2527292524,15909,1108
4935.601468,2527300315,2527301430,15976,1115
4935.652565,2527338131,2527339246,15901,1115
4935.664590,2527347068,2527348176,15990,1108
4935.676605,2527355940,2527357050,15846,1110
4935.691640,2527367031,2527368148,15974,1117
4935.703657,2527375934,2527377049,15850,1115
4935.715687,2527384823,2527385933,15911,1110
4935.727710,2527393714,2527394822,15988,1108
4935.748743,2527409276,2527410390,15826,1114
4935.760771,2527418169,2527419279,15903,1110
4935.775795,2527429257,2527430372,15840,1115
4935.787824,2527438162,2527439269,15912,1107
4935.805858,2527451490,2527452589,15908,1099
4935.817881,2527460383,2527461496,15911,1113
4935.832908,2527471506,2527472619,15904,1113
4935.844933,2527480394,2527481501,15989,1107
4935.859960,2527491501,2527492611,15904,1110
4935.871983,2527500420,2527501530,15975,1110
4935.883999,2527509328,2527510442,15757,1114
4935.896030,2527518209,2527519328,15992,1119
4935.908051,2527527108,2527528226,16062,1118
4935.920068,2527536009,2527537127,15875,1118
4935.932097,2527544914,2527546031,15997,1117
4935.944121,2527553809,2527554919,16078,1110
4935.956137,2527562704,2527563811,15916,1107
4935.968167,2527571590,2527572696,16000,1106
4935.980189,2527580483,2527581588,16027,1105
4935.992205,2527589377,2527590492,15933,1115
4936.004236,2527598280,2527599390,15911,1110
4936.016258,2527607183,2527608296,15909,1113
4936.029783,2527615773,2527616879,16031,1106
4936.041802,2527624656,2527625775,15876,1119
4936.056834,2527635781,2527636892,15979,1111
4936.068851,2527644679,2527645789,15846,1110
4936.083886,2527655794,2527656909,15978,1115
4936.095902,2527664697,2527665815,15839,1118
4936.107930,2527673585,2527674702,15994,1117
4936.119953,2527682498,2527683607,16050,1109
4936.137987,2527695844,2527696963,16049,1119
4936.150005,2527704743,2527705857,15860,1114
4936.162034,2527713644,2527714749,15903,1105
4936.174057,2527722530,2527723642,15977,1112
4936.186074,2527731444,2527732561,15840,1117
4936.198104,2527740354,2527741464,15908,1110
4936.222142,2527758152,2527759257,15864,1105
4936.234172,2527767044,2527768154,15909,1110
4936.246193,2527775948,2527777062,15961,1114
4936.258211,2527784837,2527785946,15857,1109
4936.270239,2527793745,2527794855,15904,1110
4936.282264,2527802656,2527803766,15979,1110
4936.292328,2527811540,2527812649,15842,1109
4936.324343,2527833765,2527834874,15905,1109
4936.336364,2527842671,2527843781,15962,1110
4936.348383,2527851557,2527852667,15863,1110
4936.360411,2527860445,2527861560,15864,1115
4936.375434,2527871571,2527872681,15839,1110
4936.393468,2527884897,2527886007,15928,1110
4936.405496,2527893799,2527894904,15996,1105
4936.417519,2527902687,2527903800,16050,1113
4936.441566,2527920491,2527921607,15909,1116
4936.453587,2527929362,2527930482,15962,1120
4936.477633,2527947171,2527948284,15905,1113
4936.489657,2527956088,2527957205,15931,1117
4936.513703,2527973902,2527975006,15996,1104
4936.525724,2527982801,2527983910,15959,1109
4936.549772,2528000583,2528001693,15905,1110
4936.561795,2528009464,2528010578,15915,1114
4936.585839,2528027268,2528028371,15912,1103
4936.597863,2528036140,2528037259,15975,1119
4936.624914,2528056154,2528057271,15963,1117
4936.636931,2528065060,2528066173,15859,1113
4936.651965,2528076183,2528077294,16050,1111
4936.685027,2528100627,2528101738,15903,1111
4936.697052,2528109536,2528110649,15977,1113
4936.713087,2528122939,2528124058,15977,1119
4936.725108,2528131862,2528132977,15846,1115
4936.745137,2528145262,2528146374,15846,1112
4936.757166,2528154187,2528155304,15902,1117
4936.769189,2528163107,2528164222,15977,1115
4936.781206,2528172030,2528173145,15844,1115
4936.793233,2528180953,2528182072,15904,1119
4936.808263,2528192112,2528193228,15908,1116
4936.820286,2528201012,2528202126,15908,1114
4936.832307,2528209901,2528211014,15964,1113
4936.844326,2528218787,2528219900,15859,1113
4936.859360,2528229897,2528231007,15909,1110
4936.871377,2528238792,2528239897,15842,1105
4936.883405,2528247687,2528248797,15908,1110
4936.895432,2528256609,2528257719,16077,1110
4936.905954,2528264783,2528265905,15995,1122
4936.917975,2528273698,2528274802,15987,1104
4936.929989,2528282595,2528283710,15916,1115
4936.942018,2528291476,2528292581,15993,1105
4936.954042,2528300370,2528301483,16077,1113
4936.969071,2528311463,2528312577,15996,1114
4936.981092,2528320356,2528321470,16060,1114
4937.002126,2528335887,2528336997,15931,1110
4937.014155,2528344780,2528345894,15990,1114
4937.044214,2528367049,2528368159,15994,1110
4937.056236,2528375946,2528377056,15902,1110
4937.068259,2528384840,2528385959,15909,1119
4937.080280,2528393752,2528394862,15972,1110
4937.095311,2528404876,2528405994,15909,1118
4937.107334,2528413804,2528414917,15827,1113
4937.119349,2528422703,2528423812,15744,1109
4937.131378,2528431612,2528432726,15907,1114
4937.161435,2528453858,2528454973,16062,1115
4937.173452,2528462733,2528463850,15930,1117
4937.188486,2528473853,2528474957,15972,1104
4937.200503,2528482753,2528483857,15842,1104
4937.221549,2528498275,2528499388,15906,1113
4937.233575,2528507187,2528508300,15985,1113
4937.245589,2528516091,2528517204,15918,1113
4937.257619,2528524986,2528526098,15992,1112
4937.269641,2528533899,2528535008,16053,1109
4937.281657,2528542793,2528543907,15931,1114
4937.293688,2528551701,2528552811,15994,1110
4937.305712,2528560636,2528561750,15911,1114
4937.329755,2528578467,2528579577,15991,1110
4937.341779,2528587379,2528588498,15988,1119
4937.365825,2528605162,2528606274,15906,1112
4937.380846,2528616271,2528617384,15843,1113
4937.392877,2528625167,2528626277,15911,1110
4937.404899,2528634035,2528635143,15914,1108
4937.416915,2528642904,2528644010,15827,1106
4937.428943,2528651786,2528652901,15905,1115
4937.480035,2528689565,2528690670,15840,1105
4937.492066,2528698459,2528699573,15911,1114
4937.504088,2528707346,2528708459,15913,1113
4937.522122,2528720710,2528721824,15987,1114
4937.534140,2528729610,2528730717,15855,1107
4937.576224,2528760728,2528761838,15974,1110
4937.588241,2528769614,2528770722,15765,1108
4937.600271,2528778504,2528779614,15910,1110
4937.612294,2528787395,2528788502,15987,1107
4937.624309,2528796284,2528797401,15827,1117
4937.639345,2528807383,2528808490,15989,1107
4937.651368,2528816268,2528817373,15907,1105
4937.663391,2528825166,2528826279,15908,1113
4937.675413,2528834059,2528835166,15975,1107
4937.687429,2528842962,2528844077,15845,1115
4937.699460,2528851851,2528852966,15907,1115
4937.724511,2528871870,2528872980,15900,1110
4937.741532,2528883001,2528884116,15802,1115
4937.753563,2528891905,2528893019,15911,1114
4937.849744,2528963009,2528964119,15901,1110
4937.861767,2528971909,2528973020,15910,1111
4937.897835,2528998572,2528999682,15992,1110
4937.909858,2529007454,2529008573,16064,1119
4937.924888,2529018604,2529019714,15909,1110
4937.936911,2529027475,2529028588,15989,1113
4937.952946,2529040832,2529041945,15972,1113
4937.969974,2529051944,2529053058,15910,1114
4937.981995,2529060849,2529061963,15973,1114
4938.057133,2529116400,2529117515,15844,1115
4938.069163,2529125297,2529126401,15905,1104
4938.081184,2529134194,2529135304,15885,1110
4938.117254,2529160873,2529161980,16077,1107
4938.129272,2529169777,2529170880,15862,1103
4938.153322,2529187543,2529188658,15893,1115
4938.165341,2529196451,2529197563,15849,1112
4938.195403,2529218704,2529219818,15912,1114
4938.207426,2529227594,2529228704,15989,1110
4938.225460,2529240921,2529242038,15984,1117
4938.237476,2529249820,2529250940,15830,1120
4938.261527,2529267632,2529268737,15975,1105
4938.273546,2529276526,2529277637,15801,1111
4938.285574,2529285439,2529286554,15904,1115
4938.312624,2529305439,2529306553,15904,1114
4938.324648,2529314352,2529315460,16073,1108
4938.340676,2529327715,2529328825,15989,1110
4938.369733,2529347758,2529348870,15973,1112
4938.381750,2529356660,2529357770,15757,1110
4938.423835,2529387748,2529388858,16052,1110
4938.435853,2529397186,2529398296,15848,1110
4938.447882,2529406068,2529407178,15913,1110
4938.459906,2529414958,2529416068,15989,1110
4938.471918,2529423787,2529424897,15589,1110
4938.483954,2529432662,2529433775,15850,1113
4938.495974,2529441515,2529442627,16000,1112
4938.514007,2529454841,2529455955,16056,1114
4938.526022,2529463678,2529464790,15681,1112
4938.541058,2529474806,2529475916,16057,1110
4938.553073,2529483646,2529484753,15602,1107
4938.581139,2529505793,2529506911,15937,1118
4938.601173,2529519119,2529520229,15907,1110
4938.613196,2529527959,2529529073,16059,1114
4938.658282,2529561179,2529562283,16057,1104
4938.685333,2529581076,2529582184,15967,1108
4938.697350,2529589929,2529591044,15739,1115
4938.709381,2529598804,2529599914,16024,1110
4938.721402,2529607671,2529608787,16062,1116
4938.736432,2529618733,2529619847,16028,1114
4938.748454,2529627658,2529628771,15990,1113
4938.772501,2529645365,2529646474,15940,1109
4938.784521,2529654237,2529655350,15966,1113
4938.796538,2529663103,2529664211,15825,1108
4938.811573,2529674181,2529675288,15967,1107
4938.823587,2529683002,2529684118,15600,1116
4938.835621,2529691869,2529692984,15944,1115
4938.847643,2529700772,2529701885,15990,1113
4938.859656,2529709609,2529710717,15598,1108
4938.871689,2529718453,2529719561,15942,1108
4938.883710,2529727320,2529728424,15970,1104
4938.895727,2529736164,2529737274,15913,1110
4938.907758,2529745013,2529746117,16026,1104
4938.919778,2529753880,2529754994,16058,1114
4938.931793,2529762724,2529763835,15603,1111
4938.943827,2529771593,2529772703,15903,1110
4938.955847,2529780477,2529781586,15879,1109
4938.967862,2529789310,2529790421,15602,1111
4938.985896,2529802605,2529803711,15602,1106
4938.997927,2529811507,2529812619,15909,1112
4939.012947,2529822542,2529823648,15596,1106
4939.024981,2529831402,2529832507,15936,1105
4939.061049,2529857946,2529859058,16024,1112
4939.073070,2529866812,2529867921,16061,1109
4939.085085,2529875636,2529876743,15686,1107
4939.112136,2529895563,2529896670,15682,1107
4939.124169,2529904433,2529905542,15932,1109
4939.142203,2529917700,2529918806,15984,1106
4939.154226,2529926578,2529927686,16059,1108
4939.220342,2529975301,2529976406,15683,1105
4939.232375,2529984154,2529985258,16027,1104
4939.256410,2530001805,2530002912,15683,1107
4939.268444,2530010657,2530011767,16030,1110
4939.283465,2530021758,2530022870,15843,1112
4939.295493,2530030656,2530031775,15953,1119
4939.307516,2530039519,2530040625,16016,1106
4939.319530,2530048381,2530049487,15683,1106
4939.331564,2530057245,2530058359,16019,1114
4939.352602,2530072754,2530073872,16061,1118
4939.364616,2530081647,2530082753,15603,1106
4939.400684,2530108246,2530109348,15599,1102
4939.412718,2530117105,2530118215,16024,1110
4939.424739,2530125949,2530127068,16051,1119
4939.436761,2530134828,2530135930,15761,1102
4939.460808,2530152535,2530153648,15968,1113
4939.472822,2530161369,2530162480,15682,1111
4939.529941,2530203419,2530204529,15929,1110
4939.541962,2530212283,2530213395,15970,1112
4939.553976,2530221128,2530222237,15607,1109
4939.573025,2530236671,2530237783,16024,1112
4939.590047,2530247763,2530248868,15910,1105
4939.602078,2530256623,2530257738,16028,1115
4939.626113,2530274310,2530275421,15680,1111
4939.689236,2530320764,2530321874,15825,1110
4939.704271,2530331838,2530332939,15971,1101
4939.716285,2530340695,2530341802,15602,1107
4939.728314,2530349631,2530350742,15939,1111
4939.740323,2530358414,2530359525,15758,1111
4939.764385,2530376023,2530377131,15976,1108
4939.776393,2530384862,2530385967,15680,1105
4939.788421,2530393672,2530394786,15812,1114
4939.839512,2530431071,2530432182,15679,1111
4939.851546,2530439850,2530440947,15641,1097
4939.869580,2530453029,2530454127,15714,1098
4939.881608,2530461844,2530462951,16066,1107
4939.908659,2530481679,2530482794,16059,1115
4939.923683,2530492662,2530493773,15713,1111
4939.934205,2530500559,2530501668,15934,1109
4939.947718,2530510705,2530511812,15761,1107
4939.959751,2530519496,2530520602,15640,1106
4939.971780,2530528310,2530529424,15977,1114
4939.983794,2530537198,2530538301,15602,1103
4939.995820,2530546012,2530547123,15640,1111
4940.007848,2530554847,2530555966,15886,1119
4940.019855,2530563655,2530564770,15679,1115
4940.031896,2530572450,2530573557,15709,1107
4940.043915,2530581252,2530582362,15999,1110
4940.061951,2530594454,2530595533,15806,1079
4940.073970,2530603310,2530604420,15928,1110
4940.137082,2530649537,2530650646,15724,1109
4940.149111,2530658357,2530659434,15788,1077
4940.161138,2530667167,2530668249,15690,1082
4940.173146,2530675925,2530677026,15675,1101
4940.189188,2530689183,2530690290,15932,1107
4940.237289,2530724365,2530725476,15671,1111
4940.269347,2530746371,2530747450,15906,1079
4940.284364,2530757370,2530758482,15900,1112
4940.296397,2530766171,2530767283,15978,1112
4940.372546,2530823382,2530824492,15832,1110
4940.389064,2530835507,2530836611,15975,1104
4940.424135,2530859678,2530860789,15717,1111
4940.436165,2530868539,2530869655,16088,1116
4940.448169,2530877379,2530878486,15763,1107
4940.460199,2530886208,2530887319,15716,1111
4940.472231,2530895022,2530896132,16070,1110
4940.484238,2530903848,2530904949,15763,1101
4940.496272,2530912654,2530913756,15717,1102
4940.583427,2530976428,2530977539,15764,1111
4940.596953,2530986416,2530987529,15616,1113
4940.612000,2530997477,2530998592,16014,1115
4940.624006,2531006301,2531007412,15687,1111
4940.636036,2531015137,2531016252,15710,1115
4940.648067,2531024041,2531025158,16043,1117
4940.660074,2531032855,2531033971,15780,1116
4940.672105,2531041751,2531042865,15840,1114
4940.684137,2531050694,2531051813,15999,1119
4940.696141,2531059517,2531060629,15682,1112
4940.708176,2531068346,2531069457,15636,1111
4940.720202,2531077196,2531078309,15970,1113
4940.732209,2531086000,2531087116,15683,1116
4940.744243,2531094826,2531095937,15644,1111
4940.756271,2531103644,2531104754,15972,1110
4940.768278,2531112432,2531113533,15682,1101
4940.780307,2531121241,2531122355,15811,1114
4940.792342,2531130077,2531131190,15995,1113
4940.807364,2531141117,2531142219,15635,1102
4940.819394,2531149942,2531151051,15979,1109
4940.831398,2531158772,2531159884,15681,1112
4940.843432,2531167565,2531168671,15640,1106
4940.855460,2531176374,2531177484,15974,1110
4940.873495,2531189549,2531190662,15969,1113
4940.885502,2531198365,2531199472,15675,1107
4940.903536,2531211567,2531212675,15683,1108
4940.915569,2531220403,2531221518,15641,1115
4940.927599,2531229204,2531230322,15958,1118
4940.939604,2531238045,2531239156,15680,1111
4940.951638,2531246838,2531247943,15636,1105
4940.963666,2531255651,2531256764,15971,1113
4940.975680,2531264465,2531265576,15640,1111
4940.987707,2531273286,2531274399,15635,1113
4940.999738,2531282153,2531283257,16052,1104
4941.011741,2531290960,2531292066,15761,1106
4941.023782,2531299742,2531300849,15794,1107
4941.035805,2531308560,2531309668,16066,1108
4941.047809,2531317343,2531318455,15764,1112
4941.059844,2531326133,2531327235,15713,1102
4941.095912,2531352543,2531353655,15720,1112
4941.107940,2531361361,2531362468,16068,1107
4941.119947,2531370162,2531371262,15762,1100
4941.131981,2531378931,2531380037,15724,1106
4941.144009,2531387737,2531388847,16064,1110
4941.156016,2531396535,2531397636,15681,1101
4941.198110,2531427327,2531428431,15962,1104
4941.235679,2531454864,2531455975,15647,1111
4941.247706,2531463690,2531464807,15977,1117
4941.259713,2531472494,2531473602,15765,1108
4941.337878,2531529736,2531530851,16068,1115
4941.349885,2531538570,2531539677,15766,1107
4941.361918,2531547393,2531548495,15639,1102
4941.403987,2531578185,2531579292,15682,1107
4941.416021,2531587029,2531588135,15639,1106
4941.428051,2531595882,2531596991,15997,1109
4941.440055,2531604710,2531605812,15679,1102
4941.452090,2531613918,2531615036,15835,1118
4941.464118,2531622757,2531623876,15978,1119
4941.476124,2531631552,2531632655,15680,1103
4941.488158,2531640328,2531641430,15636,1102
4941.500186,2531649141,2531650259,15981,1118
4941.512193,2531657950,2531659063,15680,1113
4941.524222,2531666762,2531667867,15809,1105
4941.536256,2531675566,2531676647,15826,1081
4941.557279,2531690911,2531692024,15676,1113
4941.569319,2531699717,2531700829,15711,1112
4941.608392,2531728333,2531729450,16065,1117
4941.620406,2531737272,2531738379,15607,1107
4941.641450,2531752634,2531753736,15642,1102
4941.653478,2531761463,2531762576,15980,1113
4941.671510,2531774662,2531775770,15966,1108
4941.683518,2531783441,2531784545,15682,1104
4941.701552,2531796643,2531797738,15674,1095
4941.713587,2531805404,2531806511,15655,1107
4941.737621,2531823027,2531824134,15677,1107
4941.749655,2531831820,2531832922,15656,1102
4941.764673,2531842839,2531843944,15682,1105
4941.776703,2531851697,2531852809,15623,1112
4941.815784,2531880392,2531881507,15959,1115
4941.827795,2531889252,2531890368,15643,1116
4941.839827,2531898088,2531899200,15639,1112
4941.851855,2531906910,2531908022,15978,1112
4941.863861,2531915703,2531916814,15683,1111
4941.875892,2531924539,2531925648,15600,1109
4941.893930,2531937740,2531938842,15637,1102
4941.905958,2531946534,2531947644,15975,1110
4941.972068,2531994910,2531996012,15680,1102
4941.984101,2532003701,2532004803,15638,1102
4941.996130,2532012509,2532013619,15980,1110
4942.008136,2532021300,2532022402,15684,1102
4942.020165,2532030102,2532031221,15812,1119
4942.032195,2532038979,2532040084,15939,1105
4942.050232,2532052171,2532053284,15971,1113
4942.062239,2532060962,2532062067,15685,1105
4942.083290,2532076382,2532077494,15656,1112
4942.095317,2532085209,2532086322,15966,1113
4942.107324,2532094003,2532095110,15763,1107
4942.119353,2532102807,2532103921,15913,1114
4942.161427,2532133623,2532134734,15763,1111
4942.173461,2532142412,2532143517,15730,1105
4942.185488,2532151221,2532152333,16056,1112
4942.197496,2532160053,2532161160,15761,1107
4942.224549,2532179936,2532181047,15679,1111
4942.236581,2532188733,2532189840,15733,1107
4942.257625,2532204121,2532205233,16054,1112
4942.269633,2532212905,2532214012,15762,1107
4942.288689,2532228274,2532229384,15740,1110
4942.305702,2532239281,2532240388,15759,1107
4942.317731,2532248105,2532249208,15918,1103
4942.392884,2532303089,2532304204,16065,1115
4942.404890,2532311890,2532312996,15761,1106
4942.431942,2532331705,2532332815,15767,1110
4942.443976,2532340549,2532341660,15638,1111
4942.456004,2532349371,2532350474,15976,1103
4942.468011,2532358157,2532359266,15683,1109
4942.480044,2532366935,2532368015,15831,1080
4942.501090,2532382314,2532383431,15975,1117
4942.513104,2532391130,2532392236,15604,1106
4942.525130,2532399943,2532401051,15724,1108
4942.537158,2532408745,2532409854,16063,1109
4942.606285,2532459273,2532460377,15715,1104
4942.636347,2532481326,2532482433,16063,1107
4942.651371,2532492300,2532493413,15718,1113
4942.663399,2532501158,2532502272,15992,1114
4942.675405,2532509959,2532511060,15685,1101
4942.687439,2532518775,2532519877,15637,1102
4942.699467,2532527587,2532528692,15975,1105
4942.711481,2532536366,2532537472,15652,1106
4942.723504,2532545230,2532546341,15645,1111
4942.735534,2532554036,2532555145,16056,1109
4942.747542,2532562831,2532563935,15764,1104
4942.759582,2532571602,2532572709,15787,1107
4942.819681,2532615575,2532616686,15767,1111
4942.831713,2532624401,2532625507,15721,1106
4942.843743,2532633233,2532634321,15829,1088
4942.855748,2532641996,2532643108,15678,1112
4942.867782,2532650817,2532651923,15635,1106
4942.879810,2532659647,2532660729,15807,1082
4942.891816,2532668403,2532669510,15682,1107
4942.903850,2532677177,2532678290,15649,1113
4942.921884,2532690425,2532691533,15651,1108
4942.933911,2532699243,2532700345,15969,1102
4942.945922,2532708075,2532709180,15686,1105
4942.960964,2532719572,2532720684,15956,1112
4942.975988,2532730551,2532731662,15635,1111
4943.018058,2532761427,2532762535,15679,1108
4943.030091,2532770208,2532771320,15642,1112
4943.048125,2532783401,2532784513,15641,1112
4943.060153,2532792216,2532793320,15952,1104
4943.078188,2532805447,2532806554,15975,1107
4943.090194,2532814240,2532815352,15683,1112
4943.141308,2532851671,2532852788,15979,1117
4943.153314,2532860500,2532861602,15681,1102
4943.207425,2532900072,2532901188,15644,1116
4943.219450,2532908890,2532909996,15636,1106
4943.231479,2532917686,2532918799,15978,1113
4943.243485,2532926482,2532927584,15684,1102
4943.255523,2532935275,2532936388,15879,1113
4943.268548,2532946322,2532947429,15681,1107
4943.348702,2533003580,2533004699,15977,1119
4943.360708,2533012413,2533013515,15599,1102
4943.448892,2533078374,2533079479,15679,1105
4943.465925,2533089355,2533090460,15980,1105
4943.477935,2533098186,2533099297,15679,1111
4943.553091,2533153186,2533154295,15709,1109
4943.565111,2533161989,2533163104,15962,1115
4943.655283,2533227954,2533229064,15943,1110
4943.667291,2533236758,2533237870,15683,1112
4943.679325,2533245559,2533246666,15739,1107
4943.691349,2533254414,2533255524,15934,1110
4943.703367,2533263182,2533264290,15652,1108
4943.715394,2533272006,2533273110,15655,1104
4943.727420,2533280840,2533281919,15814,1079
4943.764492,2533309366,2533310476,15679,1110
4943.868685,2533384190,2533385301,15639,1111
4943.880713,2533393016,2533394126,15972,1110
4943.907767,2533412884,2533413997,15996,1113
4943.968869,2533459062,2533460170,15976,1108
4944.073063,2533533869,2533534975,15683,1106
4944.085097,2533542647,2533543724,15831,1077
4944.097122,2533551481,2533552599,15945,1118
4944.157234,2533595499,2533596606,15656,1107
4944.169261,2533604309,2533605418,15963,1109
4944.181268,2533613126,2533614233,15678,1107
4944.199310,2533626340,2533627442,15651,1102
4944.211336,2533635154,2533636265,15655,1111
4944.223363,2533643976,2533645086,15965,1110
4944.236393,2533654946,2533656048,15645,1102
4944.259433,2533670351,2533671459,15969,1108
4944.271440,2533679164,2533680270,15680,1106
4944.283474,2533687935,2533689049,15628,1114
4944.295503,2533696783,2533697888,15896,1105
4944.307510,2533705619,2533706726,15681,1107
4944.319543,2533714411,2533715527,15655,1116
4944.331570,2533723234,2533724337,15968,1103
4944.343579,2533732052,2533733164,15684,1112
4944.355612,2533740837,2533741945,15641,1108
4944.367641,2533749655,2533750737,15825,1082
4944.379646,2533758418,2533759520,15676,1102
4944.404704,2533778201,2533779307,15677,1106
4944.445790,2533806788,2533807899,15791,1111
4944.457811,2533815594,2533816704,16066,1110
4944.468334,2533824813,2533825932,16038,1119
4944.496876,2533844700,2533845805,15633,1105
4944.508903,2533853523,2533854630,15656,1107
4944.617109,2533932779,2533933890,15718,1111
4944.629136,2533941602,2533942715,16067,1113
4944.704265,2533996578,2533997690,15678,1112
4944.716297,2534005384,2534006498,15641,1114
4944.743358,2534019184,2534019804,12026,620
4944.756877,2534024365,2534025194,13497,829
4944.768902,2534032859,2534033964,16057,1105
4944.780909,2534041619,2534042726,15769,1107
4944.795954,2534052615,2534053724,16041,1109
4944.807960,2534061376,2534062480,15768,1104
4944.819994,2534070172,2534071274,15695,1102
4944.832022,2534078977,2534080075,16062,1098
4944.844037,2534087738,2534088840,15689,1102
4944.856063,2534096547,2534097654,15703,1107
4944.868094,2534105399,2534106516,16044,1117
4944.880098,2534114191,2534115302,15763,1111
4944.892138,2534122983,2534124095,15794,1112
4944.904159,2534131791,2534132904,16057,1113
4944.916168,2534140615,2534141728,15679,1113
4944.928201,2534149416,2534150523,15644,1107
4944.940232,2534158213,2534159292,15866,1079
4944.952237,2534166996,2534168103,15677,1107
4944.964268,2534175783,2534176890,15642,1107
4944.976298,2534184684,2534185796,15962,1112
4944.988303,2534193490,2534194600,15759,1110
4945.000337,2534202273,2534203387,15724,1114
4945.033389,2534226465,2534227569,15766,1104
4945.045418,2534235284,2534236402,15900,1118
4945.057451,2534244108,2534245218,16064,1110
4945.072470,2534255110,2534256221,15718,1111
4945.084503,2534263909,2534265023,16064,1114
4945.096509,2534272738,2534273845,15762,1107
4945.108544,2534281534,2534282614,15925,1080
4945.120568,2534290373,2534291486,16023,1113
4945.132578,2534299168,2534300278,15762,1110
4945.144607,2534307993,2534309101,15908,1108
4945.156639,2534316813,2534317928,16054,1115
4945.171663,2534327787,2534328891,15725,1104
4945.183692,2534336606,2534337720,16061,1114
4945.195698,2534345405,2534346512,15767,1107
4945.213732,2534358631,2534359742,15759,1111
4945.225766,2534367425,2534368505,15923,1080
4945.236289,2534373858,2534374762,15470,904
4945.257326,2534389062,2534390165,15731,1103
4945.269355,2534397883,2534398993,16044,1110
4945.281361,2534406660,2534407762,15771,1102
4945.293391,2534415495,2534416600,15812,1105
4945.305423,2534424314,2534425424,15974,1110
4945.317429,2534433145,2534434258,15677,1113
4945.329463,2534441948,2534443064,15722,1116
4945.341491,2534450782,2534451887,16032,1105
4945.359527,2534463988,2534465098,15988,1110
4945.371532,2534472797,2534473905,15678,1108
4945.383566,2534481582,2534482689,15726,1107
4945.395597,2534490440,2534491550,16077,1110
4945.407601,2534499237,2534500344,15679,1107
4945.419635,2534508021,2534509128,15640,1107
4945.431662,2534516834,2534517933,16062,1099
4945.443670,2534525589,2534526705,15685,1116
4945.455704,2534534379,2534535490,15644,1111
4945.467733,2534543212,2534544327,15988,1115
4945.485766,2534556410,2534557510,15967,1100
4945.497776,2534565230,2534566332,15685,1102
4945.509806,2534574040,2534575148,15644,1108
4945.521834,2534582860,2534583968,15974,1108
4945.533843,2534591734,2534592845,15680,1111
4945.548885,2534602729,2534603836,15967,1107
4945.560892,2534611504,2534612611,15680,1107
4945.572926,2534620286,2534621397,15639,1111
4945.596963,2534637920,2534639021,15676,1101
4945.608991,2534646732,2534647839,15593,1107
4945.630039,2534662155,2534663259,16059,1104
4945.642047,2534670946,2534672053,15765,1107
4945.657091,2534681948,2534683054,16054,1106
4945.669098,2534690723,2534691830,15763,1107
4945.696151,2534710560,2534711664,15683,1104
4945.708183,2534719377,2534720486,15698,1109
4945.726217,2534732563,2534733670,15647,1107
4945.741235,2534743627,2534744738,15764,1111
4945.753269,2534752403,2534753515,15651,1112
4945.765295,2534761225,2534762335,15951,1110
4945.777304,2534770024,2534771135,15761,1111
4945.789332,2534778837,2534779920,15730,1083
4945.801366,2534787626,2534788741,16097,1115
4945.813374,2534796504,2534797611,15763,1107
4945.825405,2534805355,2534806462,15911,1107
4945.837434,2534814177,2534815290,16031,1113
4945.852458,2534825155,2534826266,15641,1111
4945.864485,2534833975,2534835080,15883,1105
4945.876493,2534842755,2534843857,15684,1102
4945.888521,2534851573,2534852678,15905,1105
4945.900551,2534860420,2534861529,16026,1109
4945.915578,2534871408,2534872484,15835,1076
4945.927607,2534880186,2534881268,15820,1082
4945.939627,2534888992,2534890102,16040,1110
4945.951643,2534897819,2534898916,15596,1097
4945.963676,2534906625,2534907735,15990,1110
4945.975683,2534915458,2534916569,15681,1111
4945.987716,2534924730,2534925840,15809,1110
4945.999743,2534933540,2534934649,15973,1109
4946.011750,2534942373,2534943474,15679,1101
4946.023784,2534951167,2534952273,15624,1106
4946.035811,2534959991,2534961106,16034,1115
4946.047818,2534968787,2534969888,15764,1101
4946.059849,2534977569,2534978671,15683,1102
4946.071880,2534986376,2534987493,16049,1117
4946.116966,2535019359,2535020475,16056,1116
4946.128974,2535028219,2535029326,15760,1107
4946.141002,2535037054,2535038164,15757,1110
4946.153033,2535045872,2535046981,15954,1109
4946.165041,2535054636,2535055746,15679,1110
4946.192094,2535074470,2535075577,15682,1107
4946.204126,2535083254,2535084361,15738,1107
4946.216153,2535092073,2535093187,16044,1114
4946.228161,2535100871,2535101973,15745,1102
4946.258229,2535122910,2535124017,15642,1107
4946.270257,2535131743,2535132856,15970,1113
4946.282271,2535140520,2535141629,15635,1109
4946.303315,2535155928,2535157031,15637,1103
4946.315343,2535164724,2535165836,15973,1112
4946.327352,2535173505,2535174621,15679,1116
4946.339384,2535182315,2535183423,15674,1108
4946.351409,2535191180,2535192290,16020,1110
4946.363418,2535199981,2535201088,15758,1107
4946.375452,2535208788,2535209898,15834,1110
4946.387481,2535217640,2535218753,15989,1113
4946.399487,2535226435,2535227546,15681,1111
4946.411521,2535235244,2535236351,15644,1107
4946.423549,2535244057,2535245167,15976,1110
4946.435572,2535252930,2535254045,15949,1115
4946.447590,2535261746,2535262860,15721,1114
4946.459618,2535270574,2535271687,16065,1113
4946.471624,2535279407,2535280517,15763,1110
4946.483653,2535288211,2535289321,15898,1110
4946.495686,2535297026,2535298136,16057,1110
4946.507693,2535305814,2535306921,15763,1107
4946.519723,2535314578,2535315685,15679,1107
4946.531757,2535323394,2535324500,16069,1106
4946.543763,2535332216,2535333327,15680,1111
4946.555795,2535341045,2535342151,15642,1106
4946.567823,2535349862,2535350975,15969,1113
4946.579841,2535358680,2535359790,15862,1110
4946.591864,2535367507,2535368613,15644,1106
4946.624916,2535391726,2535392828,15679,1102
4946.636950,2535400500,2535401580,15894,1080
4946.694063,2535442350,2535443468,15970,1118
4946.706071,2535451153,2535452263,15682,1110
4946.724105,2535464380,2535465482,15675,1102
4946.742139,2535477574,2535478681,15681,1107
4946.754171,2535486397,2535487499,15595,1102
4946.766200,2535495193,2535496309,15974,1116
4946.793252,2535515020,2535516127,15978,1107
4946.805266,2535523875,2535524991,15629,1116
4946.817298,2535532769,2535533887,15925,1118
4946.847355,2535554982,2535556096,15969,1114
4946.859369,2535563888,2535565001,15681,1113
4946.871403,2535572810,2535573923,16003,1113
4946.889430,2535586069,2535587185,15725,1116
4946.901458,2535594899,2535596009,16057,1110
4946.913465,2535603688,2535604799,15762,1111
4946.925505,2535612490,2535613605,15794,1115
4946.952550,2535632315,2535633425,15721,1110
4946.964575,2535641341,2535642452,15939,1111
4946.976592,2535650169,2535651276,15684,1107
4947.015677,2535679003,2535680120,15944,1117
4947.027698,2535687889,2535689007,15986,1118
4947.039712,2535696786,2535697901,15601,1115
4947.051734,2535705684,2535706794,15817,1110
4947.063769,2535714549,2535715663,15974,1114
4947.075781,2535723342,2535724458,15639,1116
4947.093808,2535736627,2535737742,15678,1115
4947.105841,2535745409,2535746516,15642,1107
4947.144921,2535774003,2535775116,15972,1113
4947.156928,2535782795,2535783901,15684,1106
4947.188488,2535806111,2535807222,15766,1111
4947.200522,2535814898,2535816011,15722,1113
4947.212550,2535823715,2535824828,16067,1113
4947.239601,2535843598,2535844710,16061,1112
4947.251608,2535852399,2535853506,15738,1107
4947.263642,2535861196,2535862306,15721,1110
4947.305710,2535891990,2535893092,15677,1102
4947.317744,2535900771,2535901882,15642,1111
4947.329774,2535909652,2535910760,15898,1108
4947.341779,2535918452,2535919559,15674,1107
4947.365841,2535936096,2535937211,15972,1115
4947.385373,2535950599,2535951701,15712,1102
4947.397399,2535959402,2535960509,16040,1107
4947.421447,2535976987,2535978098,15777,1111
4947.433468,2535985800,2535986907,15953,1107
4947.472535,2536014384,2536015490,15646,1106
4947.487571,2536025435,2536026545,15958,1110
4947.497589,2536033404,2536034520,15830,1116
4947.510112,2536042275,2536043388,15937,1113
4947.522130,2536051059,2536052169,15638,1110
4947.540157,2536064310,2536065416,15685,1106
4947.552190,2536073127,2536074228,15639,1101
4947.564218,2536081927,2536083036,15978,1109
4947.576238,2536090803,2536091911,15967,1108
4947.588260,2536099626,2536100743,15834,1117
4947.600284,2536108491,2536109604,15942,1113
4947.612294,2536117295,2536118411,15686,1116
4947.633345,2536132705,2536133813,15635,1108
4947.645372,2536141514,2536142624,15976,1110
4947.657393,2536150345,2536151458,15950,1113
4947.669420,2536159142,2536160255,15713,1113
4947.687447,2536172340,2536173447,15640,1107
4947.699476,2536181195,2536182302,15956,1107
4947.711482,2536189974,2536191090,15683,1116
4947.723511,2536198800,2536199910,15818,1110
4947.741550,2536211991,2536213071,15831,1080
4947.753579,2536220810,2536221919,15962,1109
4947.765585,2536229617,2536230727,15678,1110
4947.777619,2536238416,2536239517,15642,1101
4947.789644,2536247276,2536248390,15932,1114
4947.801669,2536256095,2536257204,15908,1109
4947.813688,2536264884,2536265992,15653,1108
4947.825715,2536273734,2536274847,15974,1113
4947.885824,2536317690,2536318797,15650,1107
4947.900842,2536328711,2536329822,15678,1111
4947.912876,2536337501,2536338613,15612,1112
4947.985013,2536390271,2536391378,15654,1107
4947.997040,2536399093,2536400200,16065,1107
4948.009062,2536407922,2536409035,15948,1113
4948.021077,2536416747,2536417857,15920,1110
4948.108237,2536480531,2536481628,15761,1097
4948.120266,2536489341,2536490445,15915,1104
4948.132297,2536498155,2536499273,15955,1118
4948.159348,2536517965,2536519070,15956,1105
4948.195417,2536544290,2536545408,15957,1118
4948.207425,2536553094,2536554207,15682,1113
4948.219456,2536561923,2536563028,15831,1105
4948.231486,2536570733,2536571848,15876,1115
4948.243494,2536579563,2536580674,15762,1111
4948.255527,2536588346,2536589454,15739,1108
4948.267554,2536597151,2536598265,16020,1114
4948.316653,2536634588,2536635698,15901,1110
4948.351700,2536658794,2536659906,15680,1112
4948.363740,2536667606,2536668717,15713,1111
4948.375763,2536676431,2536677513,15824,1082
4948.387768,2536685169,2536686279,15680,1110
4948.399802,2536693955,2536695066,15642,1111
4948.411827,2536702827,2536703927,15942,1100
4948.423838,2536711644,2536712749,15765,1105
4948.435867,2536720477,2536721584,15689,1107
4948.447899,2536729306,2536730425,15974,1119
4948.459910,2536738134,2536739241,15765,1107
4948.471940,2536746972,2536748079,15660,1107
4948.483965,2536755790,2536756899,15955,1109
4948.495978,2536764577,2536765683,15766,1106
4948.514016,2536777760,2536778874,15633,1114
4948.526042,2536786591,2536787698,15644,1107
4948.538071,2536795416,2536796519,15967,1103
4948.550090,2536804300,2536805413,15933,1113
4948.565121,2536815318,2536816428,15947,1110
4948.577130,2536824140,2536825242,15683,1102
4948.598180,2536839505,2536840619,15729,1114
4948.610210,2536848407,2536849511,16042,1104
4948.643266,2536872613,2536873720,15729,1107
4948.655293,2536881449,2536882564,16057,1115
4948.667300,2536890238,2536891345,15685,1107
4948.679334,2536899065,2536900173,15639,1108
4948.691362,2536907901,2536909011,15980,1110
4948.703374,2536916730,2536917837,15716,1107
4948.715397,2536925536,2536926641,15895,1105
4948.727432,2536934338,2536935421,15905,1083
4948.739437,2536943089,2536944186,15765,1097
4948.751471,2536951859,2536952970,15726,1111
4948.763498,2536960709,2536961826,16091,1117
4948.775506,2536969512,2536970619,15766,1107
4948.793540,2536982685,2536983797,15764,1112
4948.805574,2536991459,2536992566,15737,1107
4948.817601,2537000356,2537001460,15940,1104
4948.829608,2537009139,2537010244,15680,1105
4948.841642,2537017926,2537019030,15657,1104
4948.853666,2537026970,2537028079,15933,1109
4948.904762,2537064371,2537065485,15652,1114
4948.916791,2537073211,2537074319,15978,1108
4948.964868,2537108359,2537109461,15682,1102
4948.976900,2537117176,2537118283,15639,1107
4948.988928,2537125992,2537127104,15979,1112
4949.003951,2537136949,2537138056,15638,1107
4949.015980,2537146239,2537147361,15981,1122
4949.034013,2537159532,2537160642,16061,1110
4949.046020,2537168319,2537169429,15762,1110
4949.058060,2537177123,2537178235,15790,1112
4949.076089,2537190332,2537191443,15719,1111
4949.088116,2537199136,2537200246,16066,1110
4949.100137,2537207952,2537209062,16037,1110
4949.112152,2537216751,2537217824,15724,1073
4949.124185,2537225540,2537226645,16070,1105
4949.136192,2537234318,2537235424,15767,1106
4949.154226,2537247509,2537248621,15754,1112
4949.166260,2537256283,2537257385,15718,1102
4949.184294,2537269466,2537270568,15716,1102
4949.196319,2537278301,2537279407,16033,1106
4949.217348,2537293703,2537294812,15761,1109
4949.229380,2537302489,2537303593,15723,1104
4949.241405,2537311358,2537312468,15945,1110
4949.265449,2537328934,2537330041,15640,1107
4949.277477,2537337755,2537338868,15980,1113
4949.292501,2537348744,2537349851,15640,1107
4949.352604,2537392755,2537393866,15686,1111
4949.364637,2537401586,2537402693,15632,1107
4949.388672,2537419166,2537420282,15678,1116
4949.400706,2537427959,2537429071,15640,1112
4949.415725,2537438988,2537440090,15756,1102
4949.436774,2537454318,2537455427,15703,1109
4949.448802,2537463158,2537464273,15948,1115
4949.460809,2537471945,2537473047,15687,1102
4949.488883,2537493955,2537495062,15640,1107
4949.505902,2537504989,2537506095,15636,1106
4949.517929,2537513793,2537514894,15638,1101
4949.578032,2537557837,2537558946,15678,1109
4949.590066,2537566597,2537567702,15639,1105
4949.650169,2537610640,2537611744,15682,1104
4949.662203,2537619455,2537620557,15639,1102
4949.674231,2537628263,2537629371,15977,1108
4949.686238,2537637053,2537638163,15679,1110
4949.704280,2537650279,2537651385,15603,1106
4949.716306,2537659104,2537660220,15634,1116
4949.737353,2537674517,2537675596,15822,1079
4949.749372,2537683295,2537684404,15953,1109
4949.797461,2537718479,2537719584,15635,1105
4949.809490,2537727378,2537728490,15957,1112
4949.857566,2537762580,2537763683,15700,1103
4949.869594,2537771387,2537772502,15634,1115
4949.896649,2537791178,2537792293,15639,1115
4949.908679,2537800054,2537801168,15964,1114
4950.001849,2537868239,2537869345,15640,1106
4950.013872,2537877041,2537878152,15639,1111
4950.025900,2537885869,2537886974,15979,1105
4950.064958,2537914490,2537915602,15678,1112
4950.076992,2537923285,2537924365,15827,1080
4950.089021,2537932148,2537933252,16043,1104
4950.110046,2537947555,2537948657,15765,1102
4950.122078,2537956382,2537957493,15720,1111
4950.158146,2537982785,2537983892,15722,1107
4950.170174,2537991599,2537992702,16067,1103
4950.185198,2538002563,2538003664,15721,1101
4950.215262,2538024579,2538025689,16062,1110
4950.230283,2538035586,2538036698,15738,1112
4950.251327,2538051005,2538052115,15939,1110
4950.263335,2538059791,2538060898,15683,1107
4950.284386,2538075168,2538076275,15647,1107
4950.296415,2538084000,2538085119,15980,1119
4950.308422,2538092865,2538093972,15680,1107
4950.323464,2538103861,2538104967,15967,1106
4950.335472,2538112628,2538113729,15678,1101
4950.347511,2538121391,2538122498,15708,1107
4950.359533,2538130211,2538131321,15960,1110
4950.371541,2538138993,2538140099,15683,1106
4950.383575,2538147768,2538148875,15654,1107
4950.395604,2538156579,2538157660,15808,1081
4950.431670,2538182969,2538184083,15962,1114
4950.443678,2538191760,2538192871,15678,1111
4950.455712,2538200554,2538201656,15659,1102
4950.467739,2538209365,2538210473,15960,1108
4950.479747,2538218132,2538219238,15686,1106
4950.491781,2538226926,2538228037,15656,1111
4950.503812,2538235825,2538236933,15997,1108
4950.515819,2538244611,2538245721,15759,1110
4950.529343,2538254726,2538255835,15677,1109
4950.545889,2538267072,2538268182,15877,1110
4950.557910,2538275899,2538277008,15963,1109
4950.648081,2538342088,2538343195,15943,1107
4950.660091,2538350903,2538352005,15684,1102
4950.672123,2538359735,2538360848,15907,1113
4950.684153,2538368597,2538369716,16064,1119
4950.696169,2538377402,2538378515,15739,1113
4950.708193,2538386308,2538387412,15840,1104
4950.720222,2538395162,2538396280,15975,1118
4950.756290,2538421703,2538422813,15962,1110
4950.768298,2538430524,2538431631,15645,1107
4950.807380,2538459264,2538460373,15817,1109
4950.817906,2538471166,2538472303,15935,1137
4950.829926,2538485317,2538486467,15831,1150
4950.841956,2538497811,2538498970,15957,1159
4950.853974,2538509956,2538511102,15931,1146
4950.865995,2538523147,2538524289,15833,1142
4950.878024,2538536374,2538537534,15948,1160
4950.890042,2538547790,2538548935,15934,1145
4950.902066,2538559846,2538560966,15864,1120
4950.914092,2538572240,2538573369,15962,1129
4950.926110,2538584931,2538586059,15887,1128
4950.938131,2538597532,2538598684,15827,1152
4950.950162,2538609197,2538610328,15944,1131
4950.962178,2538620671,2538621798,15939,1127
4950.974202,2538632573,2538633702,15776,1129
4950.986229,2538645163,2538646298,15897,1135
4950.998249,2538657843,2538658975,15915,1132
4951.010268,2538670091,2538671224,15834,1133
4951.077898,2538743280,2538744413,15823,1133
4951.089926,2538756292,2538757433,15931,1141
4951.101947,2538769512,2538770659,15869,1147
4951.113965,2538781127,2538782259,15832,1132
4951.125995,2538793687,2538794809,15967,1122
4951.138013,2538806639,2538807774,15942,1135
4951.150036,2538819555,2538820694,15863,1139
4951.162065,2538831977,2538833107,15958,1130
4951.192114,2538863260,2538864396,15791,1136
4951.214659,2538887235,2538888375,15936,1140
4951.226679,2538898841,2538899981,15827,1140
4951.238709,2538910789,2538911924,15954,1135
4951.250727,2538923348,2538924479,15934,1131
4951.262748,2538936185,2538937317,15829,1132
4951.274779,2538948914,2538950051,15958,1137
4951.286796,2538960399,2538961531,15934,1132
4951.298816,2538972249,2538973378,15829,1129
4951.310846,2538984684,2538985816,15953,1132
4951.322866,2538996890,2538998018,15940,1128
4951.334885,2539009643,2539010771,15824,1128
4951.346916,2539022162,2539023288,15943,1126
4951.366448,2539042214,2539043347,15840,1133
4951.378476,2539053654,2539054803,15952,1149
4951.390492,2539064689,2539065812,15848,1123
4951.402513,2539076533,2539077659,15809,1126
4951.414545,2539088909,2539090039,15962,1130
4951.426562,2539100600,2539101732,15939,1132
4951.438590,2539112490,2539113618,15902,1128
4951.450613,2539124633,2539125776,15956,1143
4951.462631,2539136637,2539137765,15938,1128
4951.474651,2539148489,2539149617,15826,1128
4951.486683,2539160624,2539161751,15958,1127
4951.503205,2539177587,2539178720,15866,1133
4951.515227,2539188839,2539189965,15828,1126
4951.527260,2539200041,2539201164,16005,1123
4951.539274,2539212706,2539213834,15848,1128
4951.551298,2539224280,2539225419,15854,1139
4951.566327,2539238566,2539239694,15938,1128
4951.578347,2539249788,2539250927,15833,1139
4951.590377,2539261024,2539262162,15964,1138
4951.602396,2539272363,2539273496,15946,1133
4951.614416,2539283691,2539284824,15833,1133
4951.626446,2539294961,2539296093,15961,1132
4951.638463,2539306286,2539307419,15848,1133
4951.654993,2539321910,2539323031,15830,1121
4951.667024,2539333251,2539334378,15958,1127
4951.679042,2539345005,2539346137,15944,1132
4951.691061,2539355598,2539356726,15837,1128
4951.710602,2539375027,2539376158,15932,1131
4951.722622,2539387196,2539388326,15916,1130
4951.734652,2539399702,2539400839,16075,1137
4951.746670,2539412183,2539413310,16027,1127
4951.758690,2539424757,2539425880,15917,1123
4951.775229,2539442447,2539443580,16045,1133
4951.787245,2539454997,2539456130,15934,1133
4951.799267,2539467439,2539468572,15918,1133
4951.811298,2539479260,2539480385,16040,1125
4951.827822,2539496482,2539497614,15808,1132
4951.838350,2539507001,2539508136,15998,1135
4951.850366,2539519373,2539520506,15828,1133
4951.862395,2539531437,2539532574,15909,1137
4951.874420,2539544025,2539545160,15989,1135
4951.893949,2539564992,2539566123,15787,1131
4951.905982,2539577470,2539578597,16007,1127
4951.917996,2539588983,2539590117,15941,1134
4951.930019,2539600098,2539601226,15949,1128
4951.942047,2539611661,2539612791,16041,1130
4951.954063,2539623165,2539624293,15979,1128
4951.966085,2539634483,2539635616,15922,1133
4951.978116,2539645870,2539647003,16081,1133
4951.990135,2539657250,2539658382,16049,1132
4952.002154,2539668583,2539669718,15925,1135
4952.018693,2539684298,2539685439,16050,1141
4952.030708,2539696389,2539697525,15968,1136
4952.042731,2539707158,2539708289,15913,1131
4952.054763,2539717703,2539718842,16054,1139
4952.066780,2539727330,2539728455,15938,1125
4952.086320,2539744216,2539745350,15945,1134
4952.098339,2539753308,2539754431,15941,1123
4952.110361,2539762972,2539764110,15825,1138
4952.122390,2539772977,2539774116,15953,1139
4952.134407,2539782965,2539784104,15841,1139
4952.146428,2539792436,2539793567,15828,1131
4952.158460,2539802045,2539803175,15944,1130
4952.230596,2539861999,2539863128,15950,1129
4952.240332,2539872479,2539873599,15928,1120
4952.254632,2539878927,2539879550,12200,623
4952.331286,2539903582,2539904202,9040,620
4952.343310,2539907748,2539908365,12070,617
4952.355319,2539911816,2539912437,11867,621
4952.367350,2539915955,2539916573,11984,618
4952.377871,2539919479,2539920093,9313,614
4952.389889,2539923466,2539924054,8923,588
4952.401925,2539927395,2539928012,9303,617
4952.413941,2539931387,2539932006,9233,619
4952.425962,2539935370,2539935957,8937,587
4952.437995,2539939305,2539939919,9244,614
4952.450008,2539943333,2539943952,12022,619
4952.462029,2539947335,2539947958,11998,623
4952.474063,2539951294,2539951905,9318,611
4952.486080,2539955296,2539955915,9280,619
4952.498102,2539959270,2539959858,8945,588
4952.510131,2539963172,2539963793,9242,621
4952.522149,2539967185,2539967798,9279,613
4952.534168,2539971338,2539971952,11989,614
4952.546199,2539975506,2539976118,12099,612
4952.558216,2539979495,2539980107,9226,612
4952.570236,2539983468,2539984055,8928,587
4952.582265,2539987408,2539988020,9228,612
4952.594282,2539991376,2539991987,9204,611
4952.606304,2539995345,2539995932,8866,587
4952.618335,2539999275,2539999888,9210,613
4952.630351,2540003274,2540003893,9110,619
4952.642374,2540007243,2540007830,8925,587
4952.654403,2540011169,2540011783,9247,614
4952.666414,2540015263,2540015873,11938,610
4952.678448,2540019348,2540019962,12043,614
4952.690472,2540023348,2540023966,9212,618
4952.702489,2540027312,2540027924,9161,612
4952.714510,2540031269,2540031857,8888,588
4952.726540,2540035216,2540035837,9205,621
4952.738553,2540039175,2540039791,9201,616
4952.750571,2540043326,2540043913,11808,587
4952.762608,2540047421,2540048038,12065,617
4952.774625,2540051409,2540052020,9214,611
4952.786644,2540055373,2540055960,8896,587
4952.798680,2540059301,2540059920,9225,619
4952.810694,2540063236,2540063851,9226,615
4952.822715,2540067201,2540067788,8887,587
4952.834748,2540071158,2540071772,9255,614
4952.846763,2540075117,2540075735,9257,618
4952.858782,2540079052,2540079639,8879,587
4952.870815,2540083012,2540083626,9278,614
4952.882830,2540087146,2540087758,12044,612
4952.894851,2540091259,2540091871,11990,612
4952.906883,2540095255,2540095868,9293,613
4952.918899,2540099180,2540099801,9226,621
4952.930921,2540103118,2540103730,8923,612
4952.942951,2540107119,2540107735,9235,616
4952.954961,2540111075,2540111685,9196,610
4952.966982,2540115209,2540115796,11801,587
4952.979019,2540119316,2540119933,12069,617
4952.991030,2540123424,2540124030,11841,606
4953.003054,2540127550,2540128138,11814,588
4953.015088,2540131762,2540132378,12082,616
4953.027107,2540135904,2540136515,11841,611
4953.039123,2540140041,2540140628,11820,587
4953.051156,2540144064,2540144687,9173,623
4953.063175,2540148030,2540148643,9281,613
4953.075202,2540152130,2540152753,12022,623
4953.087227,2540156239,2540156851,12105,612
4953.099235,2540160285,2540160907,11864,622
4953.111265,2540164368,2540164985,11980,617
4953.123295,2540168518,2540169130,12087,612
4953.135307,2540172438,2540173044,9180,606
4953.147334,2540176349,2540176967,8940,618
4953.159362,2540180476,2540181086,12074,610
4953.169878,2540183952,2540184539,8933,587
4953.181906,2540187903,2540188521,9231,618
4953.193925,2540191842,2540192459,9229,617
4953.205944,2540195787,2540196374,8837,587
4953.217978,2540199683,2540200294,9291,611
4953.229995,2540203659,2540204272,9193,613
4953.242011,2540207607,2540208193,8849,586
4953.258552,2540214907,2540216183,15817,1276
4953.270566,2540228563,2540229758,16288,1195
4953.287096,2540248941,2540250220,16236,1279
4953.318657,2540289739,2540291137,16239,1398
4953.330687,2540304590,2540305983,16359,1393
4953.342705,2540319438,2540320835,16352,1397
4953.354725,2540333946,2540335343,16237,1397
4953.366756,2540348783,2540350186,16373,1403
4953.378775,2540363659,2540365061,16365,1402
4953.395302,2540384609,2540386012,16232,1403
4953.407332,2540399552,2540400949,16367,1397
4953.417846,2540413010,2540414410,16288,1400
4953.429877,2540428556,2540429965,16351,1409
4953.440332,2540442402,2540443800,16422,1398
4953.453915,2540456219,2540457622,16228,1403
4953.465946,2540470643,2540472049,16399,1406
4953.476333,2540483076,2540484480,16243,1404
4953.489983,2540499288,2540500663,16227,1375
4953.502014,2540513553,2540514873,16373,1320
4953.514032,2540527565,2540528886,16338,1321
4953.526052,2540541302,2540542679,16243,1377
4953.538082,2540555001,2540556330,16364,1329
4953.548337,2540568252,2540569571,16335,1319
4953.562120,2540581517,2540582929,16235,1412
4953.574150,2540595500,2540596895,16365,1395
4953.586169,2540609037,2540610378,16350,1341
4953.598189,2540622386,2540623713,16235,1327
4953.610221,2540636204,2540637563,16395,1359
4953.622236,2540649606,2540650929,16245,1323
4953.634258,2540663047,2540664453,16228,1406
4953.646288,2540676740,2540678065,16362,1325
4953.658306,2540690352,2540691702,16340,1350
4953.670334,2540703888,2540705301,16306,1413
4953.682356,2540717749,2540719131,16355,1382
4953.694375,2540731565,2540732885,16347,1320
4953.706395,2540744775,2540746125,16229,1350
4953.718425,2540758381,2540759708,16370,1327
4953.730443,2540771804,2540773144,16331,1340
4953.742463,2540785981,2540787391,16232,1410
4953.759003,2540806769,2540808170,16367,1401
4953.771018,2540820770,2540822177,16250,1407
4953.783040,2540833116,2540834404,16243,1288
4953.802580,2540853686,2540855004,16388,1318
4953.819116,2540872971,2540874372,16395,1401
4953.831139,2540886291,2540887605,16450,1314
4953.843157,2540900307,2540901677,16354,1370
4953.864332,2540912090,2540912719,12047,629
4953.879225,2540921401,2540922519,15913,1118
4953.891245,2540932974,2540934099,15824,1125
4953.903276,2540942006,2540943128,15955,1122
4953.915294,2540953488,2540954612,15940,1124
4953.927315,2540965059,2540966189,15830,1130
4953.939344,2540976852,2540977980,15956,1128
4953.949859,2540987858,2540988988,15850,1130
4953.961889,2541000907,2541002049,15956,1142
4953.973908,2541014054,2541015183,15955,1129
4953.985927,2541026111,2541027248,15829,1137
4953.997957,2541038420,2541039549,15954,1129
4954.009977,2541051700,2541052837,15940,1137
4954.021996,2541064693,2541065833,15844,1140
4954.034026,2541077576,2541078718,15957,1142
4954.050552,2541094629,2541095760,15939,1131
4954.062577,2541106766,2541107900,15863,1134
4954.074603,2541118886,2541120027,15930,1141
4954.086622,2541130810,2541131938,15940,1128
4954.098645,2541143265,2541144400,15844,1135
4954.134714,2541183381,2541184515,15854,1134
4954.146741,2541195940,2541197078,15959,1138
4954.158758,2541208556,2541209692,15939,1136
4954.170777,2541219129,2541220256,15827,1127
4954.185798,2541231787,2541232907,15684,1120
4954.197828,2541240738,2541241853,15819,1115
4954.257934,2541285248,2541286355,15684,1107
4954.269961,2541294110,2541295218,15815,1108
4954.281995,2541302981,2541304091,15975,1110
4954.300029,2541316336,2541317446,15950,1110
4954.312037,2541325178,2541326286,15761,1108
4954.324068,2541334088,2541335207,15855,1119
4954.372166,2541369510,2541370621,16068,1111
4954.384331,2541378230,2541379126,15277,896
4954.397713,2541386911,2541388025,15937,1114
4954.409730,2541395785,2541396901,15828,1116
4954.421761,2541404688,2541405798,15943,1110
4954.433779,2541413564,2541414673,16018,1109
4954.457829,2541431296,2541432409,15973,1113
4954.469849,2541440180,2541441290,15954,1110
4954.484879,2541451300,2541452412,16020,1112
4954.496899,2541460166,2541461276,15943,1110
4954.523939,2541480164,2541481270,15679,1106
4954.535970,2541489028,2541490142,15822,1114
4954.548001,2541497891,2541499001,15970,1110
4954.560008,2541506734,2541507841,15681,1107
4954.572039,2541515631,2541516745,15841,1114
4954.584072,2541524549,2541525662,16053,1113
4954.596077,2541533428,2541534538,15760,1110
4954.608108,2541542338,2541543445,15919,1107
4954.620138,2541551198,2541552313,15991,1115
4954.632145,2541560048,2541561154,15763,1106
4954.644176,2541568955,2541570068,15829,1113
4954.656207,2541577808,2541578927,15982,1119
4954.668226,2541586689,2541587802,15954,1113
4954.680243,2541595572,2541596686,15805,1114
4954.692275,2541604444,2541605553,15887,1109
4954.708326,2541617735,2541618849,15977,1114
4954.725331,2541628829,2541629943,15817,1114
4954.737361,2541637718,2541638831,15954,1113
4954.749368,2541646554,2541647662,15640,1108
4954.761407,2541655434,2541656544,15905,1110
4954.779434,2541668729,2541669843,15901,1114
4954.791464,2541677653,2541678761,15953,1108
4954.803471,2541686498,2541687609,15641,1111
4954.815502,2541695398,2541696508,15843,1110
4954.840563,2541715367,2541716483,15826,1116
4954.881635,2541744227,2541745340,15975,1113
4954.893643,2541753060,2541754173,15683,1113
4954.905673,2541761929,2541763043,15816,1114
4954.917704,2541770850,2541771965,15938,1115
4954.947757,2541793000,2541794114,15941,1114
4954.959784,2541801905,2541803012,15908,1107
4954.971806,2541810797,2541811912,15914,1115
4954.983814,2541819641,2541820748,15682,1107
4954.995845,2541828517,2541829627,15820,1110
4955.007875,2541837388,2541838499,15975,1111
4955.019893,2541846260,2541847374,15940,1114
4955.031914,2541855162,2541856276,15830,1114
4955.043944,2541864026,2541865141,15889,1115
4955.055952,2541872871,2541873986,15753,1115
4955.067985,2541882188,2541883301,15926,1113
4955.080011,2541891112,2541892226,15948,1114
4955.092020,2541899975,2541901089,15762,1114
4955.104051,2541908877,2541909996,15830,1119
4955.116081,2541917789,2541918901,15939,1112
4955.128089,2541926631,2541927740,15681,1109
4955.140120,2541935543,2541936658,15841,1115
4955.152150,2541944406,2541945518,15972,1112
4955.164169,2541953276,2541954391,15958,1115
4955.176188,2541962180,2541963295,15841,1115
4955.188218,2541971041,2541972153,15968,1112
4955.224287,2541997613,2541998725,16054,1112
4955.236295,2542006462,2542007573,15690,1111
4955.248326,2542015355,2542016469,15746,1114
4955.260354,2542024251,2542025361,15869,1110
4955.272363,2542033123,2542034236,15680,1113
4955.335483,2542079615,2542080731,15686,1116
4955.347514,2542088530,2542089644,15837,1114
4955.365544,2542101857,2542102936,15673,1079
4955.377578,2542110723,2542111833,16036,1110
4955.404630,2542130592,2542131709,16035,1117
4955.416637,2542139473,2542140579,15605,1106
4955.443689,2542159399,2542160508,15688,1109
4955.455727,2542168302,2542169412,15912,1110
4955.467749,2542177198,2542178313,15956,1115
4955.479758,2542186034,2542187146,15692,1112
4955.491789,2542194956,2542196066,15752,1110
4955.503818,2542203832,2542204942,15974,1110
4955.515826,2542212675,2542213788,15605,1113
4955.527857,2542221588,2542222698,15828,1110
4955.539887,2542230452,2542231565,15981,1113
4955.551906,2542239318,2542240431,15938,1113
4955.563926,2542248229,2542249339,15834,1110
4955.575955,2542257094,2542258207,15881,1113
4955.587963,2542265927,2542267029,15609,1102
4955.599990,2542274809,2542275892,15619,1083
4955.612023,2542283633,2542284742,15882,1109
4955.624032,2542292653,2542293764,15604,1111
4955.636063,2542301550,2542302663,15832,1113
4955.648093,2542310398,2542311502,15885,1104
4955.660113,2542319242,2542320356,15866,1114
4955.672131,2542328154,2542329267,15761,1113
4955.684161,2542337021,2542338135,15884,1114
4955.696180,2542345884,2542346994,15942,1110
4955.708200,2542354777,2542355889,15841,1112
4955.753291,2542388026,2542389135,15891,1109
4955.765314,2542396919,2542398033,15946,1114
4955.808393,2542430119,2542431232,15984,1113
4955.825422,2542441215,2542442325,15833,1110
4955.837453,2542450114,2542451224,15952,1110
4955.868516,2542474456,2542475566,15802,1110
4955.909590,2542503259,2542504368,15989,1109
4955.921598,2542512087,2542513193,15755,1106
4955.945659,2542529866,2542530981,16036,1115
4955.959184,2542541435,2542542552,15970,1117
4955.974204,2542552532,2542553644,15802,1112
4955.989226,2542563640,2542564747,15680,1107
4956.001263,2542572501,2542573610,15802,1109
4956.013286,2542581410,2542582520,15942,1110
4956.024328,2542590290,2542591400,15935,1110
4956.037326,2542599160,2542600270,15821,1110
4956.049356,2542608059,2542609172,15952,1113
4956.061363,2542616892,2542618002,15681,1110
4956.073394,2542625739,2542626847,15776,1108
4956.088415,2542636826,2542637927,15643,1101
4956.103456,2542647909,2542649022,15950,1113
4956.115477,2542656812,2542657922,16023,1110
4956.127497,2542665702,2542666816,15838,1114
4956.139527,2542674558,2542675669,15983,1111
4956.151541,2542683387,2542684494,15603,1107
4956.163566,2542692284,2542693388,15835,1104
4956.175596,2542701141,2542702255,15974,1114
4956.187603,2542709975,2542711085,15696,1110
4956.199644,2542718873,2542719986,15991,1113
4956.216173,2542731060,2542732174,15893,1114
4956.228195,2542739998,2542741113,15874,1115
4956.240211,2542748944,2542750058,15903,1114
4956.258246,2542762347,2542763467,15861,1120
4956.270275,2542771284,2542772399,15859,1115
4956.282297,2542780208,2542781326,15958,1118
4956.301835,2542794944,2542796063,15911,1119
4956.313857,2542803892,2542805011,15874,1119
4956.328886,2542815059,2542816179,15895,1120
4956.340908,2542823998,2542825111,15960,1113
4956.352926,2542832927,2542834040,15858,1113
4956.364954,2542841830,2542842940,15853,1110
4956.379978,2542852892,2542853980,15656,1088
4956.392008,2542861706,2542862816,15983,1110
4956.404027,2542870627,2542871746,16043,1119
4956.425063,2542886151,2542887266,15899,1115
4956.440084,2542897254,2542898365,15690,1111
4956.452115,2542906154,2542907269,15755,1115
4956.464145,2542915026,2542916141,15971,1115
4956.476153,2542923859,2542924970,15690,1111
4956.488183,2542932756,2542933865,15835,1109
4956.500212,2542941649,2542942759,15960,1110
4956.512234,2542950556,2542951670,15940,1114
4956.524252,2542959415,2542960531,15817,1116
4956.536282,2542968315,2542969425,15867,1110
4956.548295,2542977145,2542978254,15600,1109
4956.560320,2542985998,2542987102,15815,1104
4956.572351,2542994897,2542996011,15873,1114
4956.584334,2543004185,2543005298,15937,1113
4956.596395,2543013053,2543014168,15890,1115
4956.611421,2543024174,2543025286,15933,1112
4956.623440,2543033106,2543034222,15850,1116
4956.635471,2543042021,2543043135,16000,1114
4956.647484,2543050873,2543051981,15603,1108
4956.659509,2543059762,2543060880,15788,1118
4956.671539,2543068641,2543069746,15978,1105
4956.683558,2543077526,2543078636,15954,1110
4956.695585,2543086426,2543087536,15909,1110
4956.707608,2543095328,2543096442,16039,1114
4956.719615,2543104171,2543105281,15766,1110
4956.731646,2543113064,2543114177,15841,1113
4956.743676,2543121939,2543123053,15976,1114
4956.755684,2543130776,2543131881,15762,1105
4956.767710,2543139664,2543140752,15695,1088
4956.779745,2543148554,2543149673,16041,1119
4956.791752,2543157388,2543158499,15763,1111
4956.803784,2543166285,2543167395,15848,1110
4956.821813,2543179606,2543180694,15705,1088
4956.833848,2543188474,2543189582,15956,1108
4956.848869,2543199595,2543200707,15845,1112
4956.860898,2543208527,2543209642,15813,1115
4956.875921,2543219691,2543220810,15831,1119
4956.887949,2543228624,2543229734,15901,1110
4956.899973,2543237558,2543238673,15890,1115
4956.911989,2543246489,2543247604,15768,1115
4956.924020,2543255416,2543256532,15822,1116
4956.936027,2543264295,2543265406,15646,1111
4956.948058,2543273197,2543274306,15847,1109
4956.960088,2543282057,2543283172,15979,1115
4956.972113,2543290939,2543292053,16044,1114
4956.984127,2543299871,2543300990,15843,1119
4956.996157,2543308803,2543309919,15911,1116
4957.008179,2543317729,2543318848,15975,1119
4957.020195,2543326667,2543327782,15760,1115
4957.032227,2543335591,2543336705,15905,1114
4957.044244,2543344505,2543345620,15846,1115
4957.056264,2543353412,2543354523,15834,1111
4957.101350,2543386705,2543387824,15834,1119
4957.113380,2543395611,2543396718,15954,1107
4957.128401,2543406663,2543407773,15821,1110
4957.140431,2543415562,2543416676,15954,1114
4957.161456,2543431069,2543432171,15684,1102
4957.173486,2543439908,2543441027,15824,1119
4957.215559,2543471011,2543472122,15686,1111
4957.227585,2543479901,2543480984,15618,1083
4957.239620,2543488778,2543489890,15953,1112
4957.251638,2543497650,2543498758,15938,1108
4957.269662,2543510970,2543512077,15688,1107
4957.281692,2543519859,2543520964,15836,1105
4957.329791,2543555323,2543556428,15974,1105
4957.341810,2543564188,2543565298,15851,1110
4957.383894,2543595288,2543596401,15959,1113
4957.395914,2543604162,2543605277,15962,1115
4957.407932,2543613055,2543614165,15850,1110
4957.419962,2543621917,2543623036,16056,1119
4957.431981,2543630780,2543631892,16021,1112
4957.444001,2543639695,2543640804,15925,1109
4957.456031,2543648605,2543649718,15952,1113
4957.468050,2543657488,2543658593,15937,1105
4957.480069,2543666381,2543667496,15834,1115
4957.492099,2543675266,2543676381,15963,1115
4957.504118,2543684167,2543685271,15851,1104
4957.516134,2543693063,2543694145,15618,1082
4957.528169,2543701890,2543703004,15912,1114
4957.540185,2543710770,2543711885,15848,1115
4957.552207,2543719681,2543720790,15831,1109
4957.564237,2543728595,2543729710,15956,1115
4957.576256,2543737463,2543738578,15942,1115
4957.588283,2543746349,2543747467,15909,1118
4957.601306,2543757477,2543758584,15935,1107
4957.624344,2543773023,2543774138,15821,1115
4957.636374,2543781916,2543783030,15956,1114
4957.651395,2543793032,2543794144,15838,1112
4957.663425,2543802043,2543803152,15955,1109
4957.675444,2543810900,2543812013,15939,1113
4957.687472,2543819797,2543820908,15917,1111
4957.699494,2543828690,2543829805,15954,1115
4957.711513,2543837571,2543838681,15945,1110
4957.723533,2543846446,2543847565,15916,1119
4957.735563,2543855361,2543856475,16037,1114
4957.747581,2543864224,2543865338,15942,1114
4957.759602,2543873119,2543874229,15834,1110
4957.771632,2543882035,2543883143,15960,1108
4957.783650,2543890935,2543892050,15941,1115
4957.795670,2543899833,2543900946,15836,1113
4957.807700,2543908743,2543909856,15957,1113
4957.819719,2543917641,2543918751,15855,1110
4957.831734,2543926537,2543927616,15594,1079
4957.843767,2543935386,2543936496,15921,1110
4957.855787,2543944271,2543945384,15938,1113
4957.868822,2543955421,2543956540,15948,1119
4957.897871,2543975414,2543976533,15956,1119
4957.909890,2543984325,2543985438,15939,1113
4957.948961,2544013292,2544014402,15915,1110
4957.960991,2544022175,2544023290,16038,1115
4957.982016,2544037688,2544038796,15686,1108
4957.994047,2544046581,2544047691,15851,1110
4958.006078,2544055463,2544056571,16130,1108
4958.021099,2544066500,2544067577,15656,1077
4958.033129,2544075364,2544076479,15963,1115
4958.048150,2544086476,2544087590,15830,1114
4958.060181,2544095390,2544096508,15958,1118
4958.072201,2544104259,2544105371,15942,1112
4958.084226,2544113172,2544114286,15989,1114
4958.096249,2544122457,2544123567,16044,1110
4958.159369,2544169115,2544170220,15981,1105
4958.171388,2544178001,2544179116,15940,1115
4958.183414,2544186900,2544188010,15909,1110
4958.195438,2544195800,2544196915,15960,1115
4958.207456,2544204649,2544205763,16031,1114
4958.219471,2544213555,2544214638,15617,1083
4958.231506,2544222433,2544223542,15956,1109
4958.243525,2544231307,2544232417,15952,1110
4958.255545,2544240220,2544241327,15840,1107
4958.273579,2544253581,2544254691,15832,1110
4958.285608,2544262474,2544263589,15967,1115
4958.297628,2544271375,2544272490,15948,1115
4958.384797,2544335735,2544336849,15976,1114
4958.396816,2544344627,2544345737,16021,1110
4958.408836,2544353516,2544354628,15832,1112
4958.420866,2544362420,2544363532,15872,1112
4958.435888,2544373488,2544374593,15843,1105
4958.468947,2544397738,2544398849,15673,1111
4958.480981,2544406662,2544407741,15791,1079
4958.493004,2544415538,2544416642,16044,1104
4958.505022,2544424423,2544425536,15858,1113
4958.517042,2544433328,2544434441,15833,1113
4958.568140,2544471007,2544472120,15928,1113
4958.580170,2544479915,2544481000,15750,1085
4958.592192,2544488775,2544489883,15965,1108
4958.604211,2544497683,2544498800,15947,1117
4958.616226,2544506603,2544507682,15659,1079
4958.628261,2544515432,2544516540,16167,1108
4958.640279,2544524273,2544525387,16029,1114
4958.652294,2544533182,2544534267,15632,1085
4958.673347,2544548688,2544549796,16049,1108
4958.685366,2544557596,2544558705,15963,1109
4958.700398,2544568713,2544569824,15961,1111
4958.712416,2544577603,2544578712,15897,1109
4958.724439,2544586447,2544587552,15860,1105
4958.739468,2544597547,2544598661,15934,1114
4958.800584,2544644069,2544645175,15927,1106
4958.880739,2544701675,2544702783,15997,1108
4958.892759,2544710572,2544711681,15946,1109
4958.904780,2544719486,2544720601,15832,1115
4958.916811,2544728369,2544729478,16094,1109
4958.943862,2544748314,2544749426,16089,1112
4958.955878,2544757174,2544758285,15882,1111
4958.967894,2544766078,2544767161,15574,1083
4958.979927,2544774926,2544776038,15999,1112
4958.991946,2544783782,2544784897,15930,1115
4959.003964,2544792642,2544793723,15617,1081
4959.015999,2544801471,2544802583,16004,1112
4959.028016,2544810376,2544811491,15854,1115
4959.040032,2544819277,2544820356,15581,1079
4959.052067,2544828095,2544829202,16091,1107
4959.070102,2544841332,2544842445,16168,1113
4959.082117,2544850182,2544851290,16041,1108
4959.106171,2544867878,2544868990,16093,1112
4959.118186,2544876715,2544877828,15927,1113
4959.130210,2544885590,2544886699,15864,1109
4959.145238,2544896649,2544897754,15949,1105
4959.157259,2544905481,2544906595,15915,1114
4959.224389,2544956439,2544957550,15947,1111
4959.259462,2544980772,2544981886,16172,1114
4959.292513,2545005133,2545006215,15698,1082
4959.304548,2545013968,2545015074,16092,1106
4959.316563,2545022848,2545023955,15932,1107
4959.328585,2545031698,2545032812,15865,1114
4959.428783,2545106900,2545108018,15942,1118
4959.499907,2545157810,2545158888,15695,1078
4959.511943,2545166654,2545167765,16094,1111
4959.523958,2545175522,2545176636,15778,1114
4959.541992,2545188835,2545189940,15936,1105
4959.554010,2545197723,2545198805,15620,1082
4959.602114,2545233127,2545234225,16089,1098
4959.617132,2545244599,2545245677,15623,1078
4959.629163,2545253647,2545254757,15935,1110
4959.641181,2545262500,2545263614,15987,1114
4959.689267,2545297919,2545298997,15619,1078
4959.701302,2545306740,2545307842,16090,1102
4959.744383,2545339987,2545341106,16175,1119
4959.785455,2545368759,2545369872,15934,1113
4959.797478,2545377607,2545378717,15844,1110
4959.848575,2545415273,2545416385,15932,1112
4959.860592,2545424110,2545425198,15697,1088
4959.908697,2545459515,2545460628,16087,1113
4959.920712,2545468396,2545469504,15871,1108
4959.948779,2545490580,2545491661,15617,1081
4960.013885,2545537022,2545538097,15696,1075
4960.025917,2545545879,2545546998,16017,1119
4960.052971,2545565803,2545566911,16171,1108
4960.064987,2545574659,2545575772,16009,1113
4960.077004,2545583512,2545584596,15617,1084
4960.116092,2545612256,2545613373,16099,1117
4960.128109,2545621165,2545622271,15941,1106
4960.140124,2545630049,2545631128,15595,1079
4960.152160,2545638867,2545639984,16092,1117
4960.164175,2545647740,2545648858,15925,1118
4960.176193,2545656613,2545657695,15617,1082
4960.188229,2545665422,2545666529,16095,1107
4960.200244,2545674278,2545675383,15884,1105
4960.212262,2545683119,2545684198,15541,1079
4960.224295,2545691994,2545693104,15852,1110
4960.236313,2545700863,2545701968,15943,1105
4960.260366,2545718511,2545719628,16095,1117
4960.272380,2545727378,2545728487,15958,1109
4960.287419,2545738436,2545739549,16102,1113
4960.320471,2545762781,2545763899,15863,1118
4960.332503,2545771655,2545772765,16095,1110
4960.344518,2545780514,2545781620,15925,1106
4960.380587,2545807074,2545808186,15924,1112
4960.392605,2545815976,2545817058,15621,1082
4960.455725,2545862475,2545863554,15698,1079
4960.467757,2545871307,2545872409,16005,1102
4960.480791,2545882381,2545883465,15618,1084
4960.527866,2545915656,2545916762,15848,1106
4960.539895,2545924567,2545925675,15982,1108
4960.551914,2545933468,2545934585,15859,1117
4960.569951,2545946788,2545947896,15963,1108
4960.581964,2545955635,2545956714,15618,1079
4960.648103,2546004280,2546005387,16092,1107
4960.660119,2546013135,2546014245,15937,1110
4960.672136,2546021989,2546023072,15614,1083
4960.684172,2546030826,2546031924,16176,1098
4960.696187,2546039682,2546040790,15927,1108
4960.708209,2546048514,2546049624,15834,1110
4960.720239,2546057415,2546058533,15951,1118
4960.732256,2546066283,2546067401,16012,1118
4960.744273,2546075154,2546076232,15617,1078
4960.756309,2546083995,2546085107,16170,1112
4960.795376,2546112757,2546113866,16011,1109
4960.807398,2546121644,2546122763,15834,1119
4960.819428,2546130551,2546131662,15949,1111
4960.831446,2546139392,2546140499,16028,1107
4960.843462,2546148276,2546149355,15617,1079
4960.855498,2546157097,2546158209,16173,1112
4960.867512,2546165959,2546167072,15968,1113
4960.879530,2546174826,2546175904,15619,1078
4960.891566,2546183654,2546184761,16095,1107
4960.903582,2546192494,2546193611,16008,1117
4960.945670,2546223567,2546224675,16091,1108
4960.957685,2546232446,2546233556,16013,1110
4961.012802,2546274460,2546275572,15867,1112
4961.065889,2546312084,2546313203,16041,1119
4961.077908,2546320944,2546322023,15695,1079
4961.116994,2546349736,2546350849,16034,1113
4961.129011,2546359001,2546360111,15934,1110
4961.153063,2546376726,2546377837,15965,1111
4961.165082,2546385645,2546386755,15965,1110
4961.192130,2546405553,2546406662,15929,1109
4961.204148,2546414414,2546415496,15580,1082
4961.216181,2546423282,2546424392,15936,1110
4961.228199,2546432126,2546433239,15903,1113
4961.240219,2546440986,2546442069,15620,1083
4961.252253,2546449829,2546450940,16102,1111
4961.268328,2546463101,2546464210,16173,1109
4961.321371,2546500770,2546501858,15636,1088
4961.333404,2546509676,2546510790,15905,1114
4961.360457,2546529774,2546530888,15917,1114
4961.372479,2546538711,2546539826,15965,1115
4961.384495,2546547641,2546548760,15867,1119
4961.396527,2546556523,2546557638,16097,1115
4961.436608,2546587566,2546588651,15620,1085
4961.480679,2546618560,2546619672,15929,1112
4961.492696,2546627428,2546628507,15616,1079
4961.531784,2546656197,2546657306,16094,1109
4961.543801,2546665081,2546666188,15944,1107
4961.555830,2546673946,2546675029,15677,1083
4961.567852,2546682775,2546683887,16089,1112
4961.588885,2546698262,2546699367,15971,1105
4961.600903,2546707111,2546708194,15616,1083
4961.640985,2546738102,2546739218,16006,1116
4961.673040,2546760274,2546761358,15622,1084
4961.685075,2546769114,2546770221,16091,1107
4961.745177,2546813409,2546814493,15617,1084
4961.757209,2546822230,2546823333,15983,1103
4961.769228,2546831081,2546832194,15932,1113
4961.787262,2546844357,2546845471,15932,1114
4961.802298,2546855398,2546856505,16090,1107
4961.848379,2546890822,2546891932,15923,1110
4961.895468,2546924057,2546925166,16010,1109
4961.907490,2546932903,2546934018,15914,1115
4961.919516,2546941785,2546942901,15988,1116
4961.931535,2546950721,2546951836,15903,1115
4961.943563,2546959646,2546960761,15830,1115
4961.955588,2546968571,2546969682,15917,1111
4961.967604,2546977497,2546978614,15850,1117
4961.985639,2546990896,2546992010,15842,1114
4961.997657,2546999820,2547000902,15618,1082
4962.024713,2547019749,2547020858,15917,1109
4962.036744,2547028603,2547029719,16179,1116
4962.060777,2547046313,2547047394,15615,1081
4962.075811,2547057359,2547058465,16005,1106
4962.087833,2547066211,2547067325,15838,1114
4962.099864,2547075078,2547076179,16099,1101
4962.111881,2547083969,2547085073,16028,1104
4962.123896,2547092811,2547093890,15612,1079
4962.135933,2547101642,2547102754,16102,1112
4962.147948,2547110495,2547111609,15922,1114
4962.159966,2547119401,2547120480,15622,1079
4962.172001,2547128227,2547129334,16099,1107
4962.184016,2547137088,2547138200,15931,1112
4962.202051,2547150383,2547151500,15845,1117
4962.214068,2547159292,2547160375,15660,1083
4962.262172,2547194643,2547195754,16096,1111
4962.274188,2547203507,2547204617,15932,1110
4962.343327,2547254489,2547255597,16089,1108
4962.355341,2547263354,2547264464,15871,1110
4962.367360,2547272230,2547273312,15617,1082
4962.380391,2547283304,2547284418,15926,1114
4962.409447,2547303257,2547304364,15945,1107
4962.421463,2547312120,2547313195,15602,1075
4962.433498,2547320942,2547322058,16004,1116
4962.484583,2547358592,2547359674,15617,1082
4962.496618,2547367433,2547368542,16044,1109
4962.511634,2547378530,2547379608,15670,1078
4962.584780,2547433755,2547434863,16096,1108
4962.601810,2547444815,2547445932,15945,1117
4962.613841,2547453659,2547454767,16093,1108
4962.625857,2547462531,2547463645,16009,1114
4962.636334,2547471805,2547472920,15834,1115
4962.652907,2547482927,2547484037,16040,1110
4962.664926,2547491777,2547492856,15621,1079
4962.676961,2547500600,2547501706,16095,1106
4962.691977,2547511681,2547512764,15688,1083
4962.704011,2547520541,2547521658,16023,1117
4962.716030,2547529438,2547530543,16028,1105
4962.728050,2547538329,2547539441,15848,1112
4962.740079,2547547212,2547548325,15951,1113
4962.752100,2547556095,2547557208,15965,1113
4962.764119,2547565001,2547566111,15847,1110
4962.776148,2547573888,2547574998,15952,1110
4962.797183,2547589409,2547590516,15861,1107
4962.809204,2547598307,2547599417,15843,1110
4962.821233,2547607183,2547608297,15951,1114
4962.833253,2547616099,2547617209,15902,1110
4962.911406,2547673908,2547674990,15844,1082
4963.020609,2547756009,2547757114,15961,1105
4963.037641,2547767063,2547768182,15938,1119
4963.049665,2547775932,2547777045,15946,1113
4963.063190,2547782763,2547783433,13619,670
4963.076331,2547788813,2547789437,12103,624
4963.090238,2547795430,2547796541,15862,1111
4963.102258,2547804243,2547805349,15645,1106
4963.114286,2547813091,2547814200,15939,1109
4963.129310,2547824141,2547825252,15721,1111
4963.159372,2547846246,2547847356,16016,1110
4963.171394,2547855095,2547856205,15920,1110
4963.183413,2547863934,2547865044,15563,1110
4963.195443,2547872781,2547873885,15891,1104
4963.207463,2547881621,2547882739,15872,1118
4963.219482,2547890468,2547891575,15644,1107
4963.231509,2547899316,2547900424,15928,1108
4963.255551,2547917045,2547918160,15690,1115
4963.267577,2547925928,2547927041,15935,1113
4963.315669,2547961379,2547962480,15962,1101
4963.327687,2547970200,2547971301,15643,1101
4963.339715,2547979043,2547980157,15846,1114
4963.351738,2547987933,2547989048,15935,1115
4963.363759,2547996803,2547997917,15841,1114
4963.375786,2548005660,2548006744,15792,1084
4963.387806,2548014491,2548015610,15969,1119
4963.399827,2548023382,2548024490,15850,1108
4963.411852,2548032238,2548033348,15928,1110
4963.423874,2548041087,2548042199,15972,1112
4963.435893,2548049940,2548051047,15605,1107
4963.453930,2548063303,2548064413,15843,1110
4963.465955,2548072155,2548073271,15933,1116
4963.477978,2548081006,2548082115,15972,1109
4963.496014,2548094370,2548095489,15949,1119
4963.508030,2548103191,2548104298,15641,1107
4963.526065,2548116469,2548117574,15719,1105
4963.538092,2548125310,2548126425,16012,1115
4963.556131,2548138629,2548139739,16026,1110
4963.569652,2548147103,2548148209,16010,1106
4963.581675,2548155945,2548157053,15965,1108
4963.593698,2548164821,2548165936,15846,1115
4963.605721,2548173684,2548174793,15932,1109
4963.617743,2548182545,2548183663,15978,1118
4963.629762,2548191418,2548192526,15691,1108
4963.641792,2548200262,2548201368,15931,1106
4963.653811,2548209133,2548210246,15972,1113
4963.665831,2548217983,2548219094,15685,1111
4963.689880,2548235724,2548236834,15870,1110
4963.701901,2548244586,2548245697,15531,1111
4963.719933,2548257848,2548258964,15721,1116
4963.731961,2548266716,2548267827,15938,1111
4963.743986,2548275595,2548276712,15959,1117
4963.756002,2548284424,2548285537,15647,1113
4963.768029,2548293276,2548294395,15932,1119
4963.780053,2548302162,2548303281,15895,1119
4963.792073,2548311031,2548312145,15763,1114
4963.804100,2548319897,2548321007,15930,1110
4963.816120,2548328766,2548329875,15961,1109
4963.828139,2548337582,2548338689,15645,1107
4963.840170,2548346454,2548347564,15976,1110
4963.852191,2548355329,2548356439,15969,1110
4963.864208,2548364190,2548365296,15691,1106
4963.876235,2548373031,2548374146,15933,1115
4963.888257,2548381886,2548382996,15866,1110
4963.900276,2548390737,2548391854,15614,1117
4963.912304,2548399611,2548400725,15891,1114
4963.927327,2548410661,2548411771,15688,1110
4963.939358,2548419535,2548420648,15996,1113
4963.951378,2548428402,2548429514,16048,1112
4963.963396,2548437251,2548438353,15563,1102
4963.975424,2548446102,2548447217,15845,1115
4963.987446,2548454963,2548456073,15785,1110
4963.999465,2548463824,2548464935,15536,1111
4964.011493,2548472685,2548473800,15845,1115
4964.023514,2548481550,2548482660,15919,1110
4964.035540,2548490390,2548491501,15719,1111
4964.047561,2548499250,2548500365,16011,1115
4964.059583,2548508129,2548509242,15963,1113
4964.071602,2548516963,2548518075,15565,1112
4964.083630,2548525830,2548526945,15892,1115
4964.095653,2548534731,2548535835,15847,1104
4964.107671,2548543562,2548544668,15652,1106
4964.119699,2548552420,2548553530,15930,1110
4964.131720,2548561272,2548562368,15964,1096
4964.143739,2548570099,2548571206,15647,1107
4964.155771,2548579393,2548580512,15862,1119
4964.167789,2548588264,2548589377,15966,1113
4964.179808,2548597094,2548598202,15646,1108
4964.191840,2548605987,2548607097,15948,1110
4964.203857,2548614845,2548615950,15921,1105
4964.215876,2548623679,2548624794,15652,1115
4964.227906,2548632567,2548633680,15934,1113
4964.239929,2548641425,2548642532,15949,1107
4964.251948,2548650268,2548651378,15845,1110
4964.263975,2548659127,2548660237,15929,1110
4964.282007,2548672416,2548673533,16020,1117
4964.294030,2548681314,2548682427,15937,1113
4964.306048,2548690147,2548691258,15643,1111
4964.318075,2548698992,2548700102,15923,1110
4964.354145,2548725573,2548726682,15933,1109
4964.366166,2548734444,2548735563,15964,1119
4964.396220,2548756583,2548757691,15692,1108
4964.408247,2548765442,2548766547,15932,1105
4964.420269,2548774292,2548775397,15965,1105
4964.441305,2548789734,2548790841,15640,1107
4964.453333,2548798591,2548799700,15927,1109
4964.468360,2548809694,2548810806,15852,1112
4964.480384,2548818566,2548819671,16013,1105
4964.513442,2548842933,2548844037,15723,1104
4964.525470,2548851806,2548852919,15890,1113
4964.552521,2548871695,2548872809,15927,1114
4964.564544,2548880592,2548881689,15932,1097
4964.627664,2548927005,2548928117,15965,1112
4964.639682,2548935836,2548936947,15646,1111
4964.651710,2548944695,2548945805,15936,1110
4964.663732,2548953560,2548954673,15965,1113
4964.696797,2548977925,2548979040,15943,1115
4964.708819,2548986837,2548987952,15849,1115
4964.724850,2549000124,2549001237,15960,1113
4964.744887,2549013435,2549014548,15919,1113
4964.756906,2549022261,2549023368,15631,1107
4964.795986,2549051051,2549052161,16029,1110
4964.808007,2549059899,2549061016,15967,1117
4964.820026,2549068741,2549069852,15635,1111
4964.832058,2549077596,2549078713,16076,1117
4964.844075,2549086476,2549087590,15969,1114
4964.856094,2549095309,2549096420,15635,1111
4964.868127,2549104211,2549105324,16039,1113
4964.880144,2549113121,2549114226,15844,1105
4964.892162,2549121968,2549123076,15596,1108
4964.904196,2549130871,2549131984,15960,1113
4964.922228,2549144166,2549145241,15805,1075
4964.934249,2549152987,2549154091,15906,1104
4964.949277,2549164031,2549165146,15945,1115
4964.961298,2549172908,2549174018,15880,1110
4965.045457,2549234907,2549236015,15835,1108
4965.057483,2549243763,2549244877,15985,1114
4965.069504,2549252618,2549253733,15962,1115
4965.081526,2549261513,2549262624,15837,1111
4965.147655,2549310258,2549311360,16027,1102
4965.159675,2549319132,2549320246,15972,1114
4965.183727,2549336834,2549337943,16041,1109
4965.195744,2549345704,2549346823,15965,1119
4965.207763,2549354535,2549355646,15631,1111
4965.219792,2549363393,2549364512,15947,1119
4965.231816,2549372271,2549373390,15952,1119
4965.243832,2549381113,2549382215,15601,1102
4965.255860,2549389956,2549391063,15947,1107
4965.267881,2549398820,2549399930,15881,1110
4965.285917,2549412154,2549413267,15889,1113
4965.297934,2549420982,2549422097,15710,1115
4965.309963,2549429836,2549430954,15904,1118
4965.352037,2549460793,2549461900,15635,1107
4965.364070,2549469676,2549470781,15960,1105
4965.376087,2549478538,2549479647,15853,1109
4965.412156,2549505097,2549506211,15961,1114
4965.424185,2549513952,2549515061,15913,1109
4965.436203,2549522810,2549523929,15944,1119
4965.448224,2549531662,2549532772,16054,1110
4965.460243,2549540509,2549541619,15673,1110
4965.472272,2549549367,2549550484,16030,1117
4965.484296,2549558272,2549559387,15936,1115
4965.496312,2549567098,2549568205,15635,1107
4965.523371,2549587019,2549588132,15682,1113
4965.535392,2549595878,2549596988,15945,1110
4965.547413,2549604741,2549605856,15964,1115
4965.559435,2549613599,2549614709,15752,1110
4965.571465,2549622499,2549623614,15960,1115
4965.583483,2549631404,2549632517,15844,1113
4965.595500,2549640239,2549641338,15589,1099
4965.607529,2549649075,2549650190,16031,1115
4965.628570,2549664562,2549665676,16026,1114
4965.640586,2549673390,2549674497,15630,1107
4965.652615,2549682241,2549683351,16023,1110
4965.664334,2549691474,2549692588,15970,1114
4965.685672,2549707043,2549708159,15603,1116
4965.697701,2549716011,2549717125,15945,1114
4965.748792,2549753653,2549754760,15632,1107
4965.760825,2549762543,2549763662,15876,1119
4965.788874,2549784742,2549785855,15962,1113
4965.832958,2549815665,2549816775,15946,1110
4965.844978,2549824531,2549825644,15966,1113
4965.869026,2549842216,2549843335,15943,1119
4965.884049,2549853289,2549854396,15596,1107
4965.897576,2549863435,2549864550,15633,1115
4965.909604,2549872306,2549873421,15945,1115
4965.921624,2549881161,2549882271,15856,1110
4965.996763,2549936456,2549937565,15629,1109
4966.008795,2549945306,2549946388,15882,1082
4966.095952,2550009459,2550010566,15629,1107
4966.107981,2550018518,2550019633,15998,1115
4966.120002,2550027425,2550028539,15802,1114
4966.141037,2550042939,2550044049,15701,1110
4966.153067,2550051802,2550052907,15998,1105
4966.186123,2550076121,2550077234,15709,1113
4966.198153,2550084974,2550086085,15952,1111
4966.225208,2550104924,2550106037,15957,1113
4966.240227,2550116000,2550117109,15635,1109
4966.252255,2550124840,2550125959,15943,1119
4966.267285,2550135891,2550137002,15715,1111
4966.279311,2550144786,2550145893,15961,1107
4966.291327,2550153659,2550154778,15965,1119
4966.303348,2550162500,2550163607,15629,1107
4966.315375,2550171360,2550172469,15947,1109
4966.327397,2550180265,2550181368,15890,1103
4966.339415,2550189098,2550190202,15707,1104
4966.351444,2550197938,2550199051,15941,1113
4966.363465,2550206797,2550207905,15968,1108
4966.381499,2550220121,2550221233,15963,1112
4966.393518,2550228944,2550230049,15639,1105
4966.420572,2550248836,2550249950,15839,1114
4966.432598,2550257685,2550258800,15944,1115
4966.444619,2550266580,2550267693,15962,1113
4966.468670,2550284250,2550285363,15994,1113
4966.483692,2550295324,2550296442,15905,1118
4966.504735,2550310815,2550311928,16025,1113
4966.516757,2550319676,2550320784,15934,1108
4966.528775,2550328543,2550329645,15592,1102
4966.597912,2550379494,2550380604,15933,1110
4966.609929,2550388332,2550389439,15638,1107
4966.627963,2550401642,2550402753,15598,1111
4966.639992,2550410486,2550411598,16030,1112
4966.652014,2550419346,2550420456,15964,1110
4966.664040,2550428162,2550429271,15712,1109
4966.676063,2550437018,2550438097,15803,1079
4966.688082,2550445841,2550446954,15959,1113
4966.712134,2550463570,2550464684,15961,1114
4966.724152,2550472465,2550473572,15847,1107
4966.736170,2550481276,2550482378,15632,1102
4966.748199,2550490143,2550491258,15911,1115
4966.760220,2550499019,2550500131,15969,1112
4966.772238,2550507878,2550508988,15599,1110
4966.784267,2550516728,2550517839,15943,1111
4966.796288,2550525606,2550526718,15875,1112
4966.808307,2550534426,2550535534,15629,1108
4966.820340,2550543316,2550544424,15874,1108
4966.847387,2550563235,2550564347,15939,1112
4966.859408,2550572093,2550573205,15920,1112
4966.871427,2550580924,2550582031,15634,1107
4966.889461,2550594185,2550595295,15704,1110
4966.901490,2550603031,2550604140,16024,1109
4966.913511,2550611882,2550612996,15855,1114
4966.925530,2550620771,2550621872,15599,1101
4966.952581,2550640663,2550641775,15709,1112
4966.964613,2550649594,2550650713,15893,1119
4967.057786,2550718535,2550719650,15968,1115
4967.069808,2550727401,2550728508,15655,1107
4967.120906,2550765065,2550766175,16010,1110
4967.132924,2550773934,2550775045,15626,1111
4967.144953,2550782789,2550783899,15946,1110
4967.159983,2550793836,2550794947,15711,1111
4967.176513,2550806196,2550807310,15945,1114
4967.190041,2550816638,2550817753,15968,1115
4967.202059,2550825570,2550826688,15828,1118
4967.212335,2550834499,2550835612,15922,1113
4967.224601,2550843432,2550844551,15846,1119
4967.239636,2550854594,2550855706,15972,1112
4967.251657,2550863493,2550864604,15954,1111
4967.276703,2550883451,2550884554,15968,1103
4967.305757,2550903363,2550904474,15967,1111
4967.317776,2550912221,2550913332,15511,1111
4967.329805,2550921078,2550922192,15869,1114
4967.341827,2550929954,2550931068,15963,1114
4967.368878,2550949874,2550950987,15933,1113
4967.380895,2550958716,2550959823,15629,1107
4967.444016,2551005179,2551006296,15625,1117
4967.456045,2551014029,2551015146,15957,1117
4967.474079,2551027327,2551028437,16033,1110
4967.486100,2551036183,2551037297,16048,1114
4967.540203,2551076007,2551077120,15963,1113
4967.552222,2551084855,2551085966,15627,1111
4967.564255,2551093753,2551094868,15962,1115
4967.576271,2551102615,2551103732,15964,1117
4967.588286,2551111461,2551112563,15589,1102
4967.600319,2551120321,2551121434,15950,1113
4967.612342,2551129183,2551130296,15952,1113
4967.624359,2551137996,2551139100,15629,1104
4967.636388,2551146857,2551147965,15948,1108
4967.648408,2551155710,2551156820,15964,1110
4967.681474,2551180029,2551181144,15951,1115
4967.693495,2551188923,2551190033,15936,1110
4967.705521,2551197753,2551198860,15708,1107
4967.720546,2551208830,2551209943,15965,1113
4967.732565,2551217659,2551218770,15626,1111
4967.744594,2551226504,2551227611,15948,1107
4967.756614,2551235370,2551236481,15851,1111
4967.796696,2551266363,2551267477,15948,1114
4967.816731,2551279630,2551280741,15955,1111
4967.828751,2551288493,2551289610,16007,1117
4967.840770,2551297300,2551298407,15707,1107
4967.900889,2551341537,2551342645,15967,1108
4967.915919,2551352586,2551353701,16023,1115
4967.951992,2551379144,2551380254,16046,1110
4967.964010,2551388049,2551389166,15934,1117
4967.976028,2551396886,2551397993,15633,1107
4967.988057,2551405727,2551406842,15954,1115
4968.000077,2551414596,2551415715,15964,1119
4968.012097,2551423443,2551424556,15553,1113
4968.024125,2551432299,2551433413,15953,1114
4968.036146,2551441166,2551442270,15880,1104
4968.048165,2551450002,2551451109,15589,1107
4968.066202,2551463315,2551464430,15821,1115
4968.078228,2551472183,2551473295,15953,1112
4968.111285,2551496553,2551497653,15593,1100
4968.123314,2551505391,2551506501,15877,1110
4968.135334,2551514233,2551515337,15966,1104
4968.147357,2551523038,2551524148,15587,1110
4968.159387,2551531938,2551533052,16019,1114
4968.213486,2551571738,2551572857,15953,1119
4968.225506,2551580608,2551581712,15921,1104
4968.237525,2551589438,2551590541,15627,1103
4968.252557,2551600513,2551601620,15855,1107
4968.315677,2551647027,2551648142,15965,1115
4968.327696,2551655864,2551656967,15628,1103
4968.339726,2551664720,2551665835,15953,1115
4968.351746,2551673564,2551674671,15857,1107
4968.363766,2551682438,2551683549,15599,1111
4968.375794,2551691295,2551692408,15909,1113
4968.387814,2551700150,2551701260,15920,1110
4968.399841,2551708977,2551710084,15711,1107
4968.411865,2551717830,2551718915,15726,1085
4968.423883,2551726661,2551727780,15962,1119
4968.453939,2551748803,2551749915,15824,1112
4968.465966,2551757667,2551758777,15946,1110
4968.520068,2551797461,2551798576,15955,1115
4968.532089,2551806328,2551807446,15965,1118
4968.544108,2551815164,2551816259,15547,1095
4968.556141,2551824022,2551825127,15878,1105
4968.568160,2551832890,2551834000,15965,1110
4968.580177,2551841711,2551842822,15628,1111
4968.592205,2551850566,2551851681,15955,1115
4968.610240,2551863848,2551864955,15953,1107
4968.622262,2551872740,2551873847,15942,1107
4968.640295,2551886000,2551887105,15973,1105
4968.652317,2551894882,2551895989,15849,1107
4968.685380,2551919230,2551920340,16045,1110
4968.697407,2551928433,2551929545,15786,1112
4968.709433,2551937513,2551938631,16052,1118
4968.740493,2551961869,2551962980,15622,1111
4968.769537,2551981822,2551982929,15637,1107
4968.781566,2551990688,2551991800,16026,1112
4968.796595,2552001733,2552002843,15782,1110
4968.841674,2552034884,2552035985,15704,1101
4968.853707,2552043778,2552044894,15960,1116
4968.904793,2552081396,2552082504,15626,1108
4968.916823,2552090229,2552091341,15948,1112
4968.944879,2552112391,2552113509,15847,1118
4968.976931,2552134526,2552135629,15703,1103
4968.988962,2552143370,2552144453,15881,1083
4969.000983,2552152207,2552153311,15978,1104
4969.049071,2552187598,2552188708,15828,1110
4969.061097,2552196477,2552197593,16029,1116
4969.151276,2552262808,2552263917,16049,1109
4969.163290,2552271658,2552272773,16048,1115
4969.175309,2552280525,2552281632,15516,1107
4969.187337,2552289367,2552290475,15952,1108
4969.199361,2552298215,2552299328,15863,1113
4969.211378,2552307089,2552308199,15633,1110
4969.223406,2552315930,2552317041,15951,1111
4969.235427,2552324796,2552325906,15971,1110
4969.247448,2552333651,2552334766,15833,1115
4969.259475,2552342522,2552343630,16034,1108
4969.271495,2552351385,2552352490,16045,1105
4969.283514,2552360214,2552361325,15631,1111
4969.295546,2552369056,2552370172,16078,1116
4969.307564,2552377902,2552379012,16046,1110
4969.319583,2552386717,2552387828,15710,1111
4969.331612,2552395568,2552396682,16033,1114
4969.343632,2552404442,2552405554,15859,1112
4969.355651,2552413314,2552414421,15602,1107
4969.367682,2552422161,2552423243,15804,1082
4969.385719,2552435415,2552436529,16050,1114
4969.397738,2552444271,2552445383,15953,1112
4969.415771,2552457590,2552458699,15942,1109
4969.427789,2552466429,2552467538,15635,1109
4969.439817,2552475274,2552476389,16033,1115
4969.451840,2552484159,2552485267,16002,1108
4969.463857,2552492962,2552494063,15703,1101
4969.475886,2552501803,2552502918,15960,1115
4969.487907,2552510640,2552511758,15970,1118
4969.499928,2552519482,2552520589,15628,1107
4969.511955,2552528328,2552529442,15949,1114
4969.523975,2552537188,2552538301,15965,1113
4969.597126,2552592517,2552593628,15708,1111
4969.614148,2552603635,2552604750,15936,1115
4969.626165,2552612468,2552613568,15630,1100
4969.674264,2552647872,2552648987,15953,1115
4969.686284,2552656723,2552657829,15919,1106
4969.701315,2552667760,2552668869,15954,1109
4969.713331,2552676630,2552677738,15836,1108
4969.803506,2552742955,2552744070,15962,1115
4969.815526,2552751808,2552752915,15587,1107
4969.827555,2552760661,2552761770,15866,1109
4969.839576,2552769510,2552770614,15771,1104
4969.851594,2552778378,2552779485,15510,1107
4969.863624,2552787221,2552788324,15945,1103
4969.875644,2552796079,2552797192,15880,1113
4969.887671,2552804905,2552806016,15625,1111
4969.899692,2552813762,2552814872,15867,1110
4969.911712,2552822615,2552823731,15964,1116
4969.923732,2552831449,2552832565,15588,1116
4969.935761,2552840300,2552841404,15951,1104
4969.947783,2552849186,2552850304,15932,1118
4970.013903,2552897832,2552898939,15626,1107
4970.025934,2552906702,2552907810,16030,1108
4970.037953,2552915582,2552916689,15858,1107
4970.125121,2552979735,2552980845,15949,1110
4970.137142,2552988626,2552989731,15844,1105
4970.201276,2553037251,2553038362,15595,1111
4970.213292,2553045198,2553046304,15934,1106
4970.225808,2553054084,2553055184,15701,1100
4970.261875,2553080623,2553081735,15627,1112
4970.273904,2553089462,2553090579,15862,1117
4970.334019,2553133741,2553134851,15709,1110
4970.346041,2553142598,2553143706,15864,1108
4970.376096,2553164704,2553165815,15964,1111
4970.388117,2553173566,2553174679,15834,1113
4970.400144,2553182427,2553183543,15988,1116
4970.412164,2553191273,2553192378,16045,1105
4970.424183,2553200113,2553201229,15706,1116
4970.436215,2553208980,2553210088,15911,1108
4970.448233,2553217831,2553218944,16041,1113
4970.505337,2553259826,2553260931,15700,1105
4970.517367,2553268675,2553269784,16034,1109
4970.535404,2553281930,2553283045,16084,1115
4970.547421,2553290812,2553291919,15965,1107
4970.559441,2553299624,2553300728,15705,1104
4970.571470,2553308476,2553309585,16038,1109
4970.583490,2553317336,2553318449,15936,1113
4970.595513,2553326170,2553327281,15616,1111
4970.607541,2553335023,2553336101,15807,1078
4970.625578,2553348319,2553349399,15882,1080
4970.637596,2553357163,2553358272,15953,1109
4970.661642,2553374824,2553375942,15947,1118
4970.673657,2553383684,2553384792,15883,1108
4970.697714,2553401431,2553402543,15961,1112
4970.709730,2553410279,2553411385,15961,1106
4970.763833,2553450097,2553451209,15961,1112
4970.775855,2553458975,2553460082,15823,1107
4970.787885,2553467858,2553468967,15857,1109
4970.805918,2553481095,2553482182,15801,1087
4970.817936,2553489929,2553491039,15920,1110
4970.832969,2553500993,2553502101,15921,1108
4970.844988,2553509854,2553510971,15836,1117
4970.872039,2553529757,2553530865,15963,1108
4970.884060,2553538611,2553539726,15822,1115
4970.896087,2553547458,2553548567,15944,1109
4970.914122,2553560716,2553561829,15949,1113
4970.926142,2553569572,2553570685,15961,1113
4970.974229,2553604927,2553606039,15626,1112
4970.986263,2553613837,2553614947,15970,1110
4971.040361,2553653620,2553654730,15955,1110
4971.052382,2553662479,2553663587,15971,1108
4971.076430,2553680164,2553681280,16026,1116
4971.088452,2553689063,2553690173,16017,1110
4971.176623,2553755409,2553756519,15857,1110
4971.193653,2553766495,2553767608,16030,1113
4971.205673,2553775364,2553776469,16047,1105
4971.241742,2553801874,2553802977,15968,1103
4971.253763,2553810706,2553811817,15624,1111
4971.268793,2553821764,2553822875,15963,1111
4971.280815,2553830607,2553831721,15823,1114
4971.304862,2553848341,2553849451,16044,1110
4971.319893,2553859429,2553860547,16033,1118
4971.331916,2553868314,2553869431,16027,1117
4971.345442,2553878530,2553879645,15960,1115
4971.357458,2553887391,2553888503,15711,1112
4971.369489,2553896287,2553897404,15950,1117
4971.387521,2553909618,2553910736,16027,1118
4971.399541,2553918527,2553919642,15955,1115
4971.411561,2553927397,2553928513,15634,1116
4971.423590,2553936386,2553937499,15948,1113
4971.435612,2553945299,2553946413,15850,1114
4971.447629,2553954162,2553955277,15591,1115
4971.460663,2553965332,2553966444,15888,1112
4971.504749,2553996330,2553997443,15965,1113
4971.516765,2554005189,2554006299,15963,1110
4971.528787,2554014056,2554015164,15825,1108
4971.604935,2554071538,2554072650,15970,1112
4971.624971,2554084788,2554085896,15938,1108
4971.636990,2554093628,2554094734,15675,1106
4971.658036,2554109114,2554110221,16009,1107
4971.670056,2554117987,2554119096,15920,1109
4971.709127,2554146728,2554147838,15634,1110
4971.720334,2554155978,2554157093,15952,1115
4971.811328,2554222371,2554223484,15951,1113
4971.823348,2554231229,2554232339,15769,1110
4971.835367,2554240097,2554241208,15512,1111
4971.847396,2554248969,2554250084,15950,1115
4971.859417,2554257832,2554258944,15969,1112
4971.871443,2554266660,2554267774,15784,1114
4971.883465,2554275526,2554276638,16036,1112
4971.895485,2554284392,2554285505,16048,1113
4971.907504,2554293243,2554294350,15593,1107
4971.928555,2554308780,2554309894,16046,1114
4971.940573,2554317675,2554318789,15941,1114
4971.979642,2554346394,2554347505,15631,1111
4971.991671,2554355250,2554356366,16036,1116
4972.003691,2554364099,2554365209,16052,1110
4972.015710,2554372927,2554374025,15707,1098
4972.027743,2554381816,2554382931,15965,1115
4972.039759,2554390668,2554391780,15966,1112
4972.051779,2554399481,2554400593,15590,1112
4972.063808,2554408329,2554409443,15862,1114
4972.075831,2554417177,2554418291,15947,1114
4972.087847,2554426003,2554427110,15629,1107
4972.099879,2554434842,2554435920,15810,1078
4972.111897,2554443664,2554444777,15878,1113
4972.129932,2554456973,2554458086,15930,1113
4972.141950,2554465807,2554466909,15629,1102
4972.166000,2554483513,2554484632,15962,1119
4972.178021,2554492350,2554493462,15629,1112
4972.190048,2554501205,2554502311,15951,1106
4972.208082,2554514451,2554515552,15950,1101
4972.228332,2554523869,2554524483,11993,614
4972.240666,2554529181,2554530017,13450,836
4972.269694,2554548922,2554550037,15815,1115
4972.281723,2554557980,2554559091,15820,1111
4972.296747,2554569113,2554570228,15839,1115
4972.308775,2554578001,2554579109,15817,1108
4972.320799,2554586882,2554587997,15984,1115
4972.332816,2554595784,2554596902,15774,1118
4972.344843,2554604715,2554605829,15901,1114
4972.359867,2554615849,2554616967,15844,1118
4972.371894,2554624771,2554625890,15904,1119
4972.383919,2554633709,2554634824,15971,1115
4972.419988,2554660405,2554661515,15995,1110
4972.432004,2554669288,2554670397,15845,1109
4972.444032,2554678163,2554679273,15866,1110
4972.456056,2554687060,2554688177,15893,1117
4972.468071,2554695951,2554697061,15743,1110
4972.480102,2554704849,2554705961,15902,1112
4972.493131,2554715963,2554717073,15841,1110
4972.522176,2554735966,2554737079,15844,1113
4972.534203,2554744863,2554745973,15905,1110
4972.579291,2554778206,2554779317,15926,1111
4972.591313,2554787095,2554788200,15973,1105
4972.603333,2554795964,2554797083,15871,1119
4972.615358,2554804871,2554805983,15902,1112
4972.627382,2554813762,2554814875,15971,1113
4972.639399,2554822648,2554823757,15744,1109
4972.651426,2554831523,2554832638,15908,1115
4972.663451,2554840416,2554841526,15976,1110
4972.675467,2554849310,2554850418,15755,1108
4972.687495,2554858217,2554859330,15910,1113
4972.699519,2554867118,2554868227,15886,1109
4972.711536,2554876005,2554877114,15823,1109
4972.724331,2554884731,2554885630,15115,899
4972.737089,2554893401,2554894512,15907,1111
4972.749114,2554902279,2554903397,15862,1118
4972.761130,2554911186,2554912299,15843,1113
4972.773158,2554920083,2554921188,15821,1105
4972.794200,2554935619,2554936729,15932,1110
4972.813240,2554951183,2554952293,15829,1110
4972.830268,2554962317,2554963434,15985,1117
4972.842284,2554971223,2554972336,15838,1113
4972.863329,2554986801,2554987916,15903,1115
4972.875354,2554995697,2554996809,16028,1112
4972.887372,2555004616,2555005731,15760,1115
4972.899398,2555013512,2555014622,15910,1110
4972.911422,2555022418,2555023528,15973,1110
4972.923439,2555031309,2555032412,15842,1103
4972.935466,2555040192,2555041311,15907,1119
4972.947493,2555049098,2555050204,15909,1106
4972.959507,2555057968,2555059087,15802,1119
4972.971535,2555066871,2555067984,15881,1113
4972.983560,2555075767,2555076877,15984,1110
4972.995576,2555084652,2555085759,15927,1107
4973.007604,2555093546,2555094655,15954,1109
4973.019629,2555102432,2555103542,16063,1110
4973.031645,2555111321,2555112431,15760,1110
4973.043672,2555120205,2555121320,15905,1115
4973.055697,2555129097,2555130210,15976,1113
4973.067713,2555137996,2555139102,15805,1106
4973.079741,2555146871,2555147981,15912,1110
4973.091769,2555155772,2555156887,16011,1115
4973.103782,2555164675,2555165790,15826,1115
4973.115811,2555173579,2555174689,15861,1110
4973.127835,2555182473,2555183583,15984,1110
4973.139851,2555191365,2555192469,15830,1104
4973.151879,2555200258,2555201376,15905,1118
4973.184937,2555224736,2555225844,15830,1108
4973.196965,2555233633,2555234751,15852,1118
4973.208990,2555242549,2555243667,15988,1118
4973.221006,2555251450,2555252557,15834,1107
4973.233034,2555260337,2555261447,15907,1110
4973.245060,2555269627,2555270732,15990,1105
4973.257074,2555278522,2555279630,15743,1108
4973.269103,2555287426,2555288540,15827,1114
4973.293142,2555305207,2555306322,15829,1115
4973.305170,2555314121,2555315229,15913,1108
4973.317195,2555323020,2555324138,15982,1118
4973.329211,2555331908,2555333022,15840,1114
4973.365279,2555358601,2555359714,15851,1113
4973.377307,2555367512,2555368625,15915,1113
4973.401348,2555385282,2555386395,15847,1113
4973.413375,2555394177,2555395292,15907,1115
4973.431410,2555407539,2555408658,15903,1119
4973.443434,2555416436,2555417546,15977,1110
4973.455451,2555425330,2555426448,15844,1118
4973.467478,2555434220,2555435329,15912,1109
4973.479503,2555443104,2555444214,16062,1110
4973.491519,2555452004,2555453119,15846,1115
4973.503550,2555460917,2555462027,15906,1110
4973.515573,2555469830,2555470949,15990,1119
4973.581691,2555518764,2555519874,15829,1110
4973.593720,2555527664,2555528776,15908,1112
4973.605745,2555536555,2555537663,15994,1108
4973.624784,2555552111,2555553216,15829,1105
4973.695915,2555603297,2555604410,15985,1113
4973.707932,2555612205,2555613315,15817,1110
4973.719960,2555621106,2555622216,15820,1110
4973.731984,2555629991,2555631106,15902,1115
4973.744000,2555638908,2555640023,15833,1115
4973.756028,2555647798,2555648907,15908,1109
4973.768053,2555656700,2555657817,15990,1117
4973.789085,2555672281,2555673389,15829,1108
4973.801114,2555681164,2555682277,15826,1113
4973.829167,2555703393,2555704500,15985,1107
4973.873251,2555734505,2555735608,15915,1103
4973.885276,2555743385,2555744500,16074,1115
4973.897291,2555752276,2555753389,15915,1113
4973.909320,2555761171,2555762286,15989,1115
4973.921344,2555770092,2555771205,15989,1113
4973.933360,2555778987,2555780092,15826,1105
4973.945389,2555787890,2555789000,15905,1110
4973.960411,2555798998,2555800104,15830,1106
4973.972440,2555807870,2555808983,15909,1113
4974.011516,2555836761,2555837874,15987,1113
4974.023531,2555845649,2555846760,15879,1111
4974.035560,2555854544,2555855656,15919,1112
4974.047585,2555863454,2555864562,16074,1108
4974.059600,2555872356,2555873466,15829,1110
4974.071629,2555881245,2555882360,15911,1115
4974.083653,2555890155,2555891268,15990,1113
4974.095671,2555899028,2555900138,15859,1110
4974.107697,2555907910,2555909025,15910,1115
4974.119722,2555916825,2555917935,15980,1110
4974.131737,2555925732,2555926838,15829,1106
4974.143764,2555934613,2555935730,15907,1117
4974.155789,2555943522,2555944630,15995,1108
4974.167805,2555952412,2555953522,15844,1110
4974.179833,2555961298,2555962412,15913,1114
4974.191857,2555970201,2555971315,15891,1114
4974.203873,2555979091,2555980196,15840,1105
4974.215902,2555987981,2555989095,15907,1114
4974.227926,2555996862,2555997977,15932,1115
4974.239942,2556005755,2556006869,15846,1114
4974.251970,2556014671,2556015774,15908,1103
4974.270005,2556028020,2556029130,15912,1110
4974.282029,2556036932,2556038042,15888,1110
4974.321097,2556065840,2556066955,15847,1115
4974.333126,2556074756,2556075868,15865,1112
4974.360178,2556094772,2556095878,15911,1106
4974.372202,2556103657,2556104766,15946,1109
4974.384217,2556112545,2556113650,15830,1105
4974.396246,2556121433,2556122543,15908,1110
4974.408270,2556130328,2556131450,15992,1122
4974.420286,2556139262,2556140380,15835,1118
4974.432315,2556148187,2556149297,15919,1110
4974.444339,2556157082,2556158199,15994,1117
4974.468383,2556174879,2556175991,15991,1112
4974.483406,2556186024,2556187132,15833,1108
4974.513469,2556208239,2556209356,15911,1117
4974.525493,2556217143,2556218253,15949,1110
4974.537508,2556226039,2556227153,15823,1114
4974.568573,2556250461,2556251571,15988,1110
4974.627680,2556292675,2556293793,15829,1118
4974.639709,2556301583,2556302690,15909,1107
4974.651734,2556310472,2556311581,15924,1109
4974.663749,2556319371,2556320490,15742,1119
4974.675778,2556328267,2556329380,15908,1113
4974.687802,2556337173,2556338286,15901,1113
4974.699816,2556346069,2556347176,15774,1107
4974.711846,2556354957,2556356067,15909,1110
4974.723870,2556363852,2556364962,15906,1110
4974.735888,2556372748,2556373858,15828,1110
4974.749410,2556382952,2556384065,15828,1113
4974.780972,2556406739,2556407842,15833,1103
4974.793001,2556415624,2556416734,15911,1110
4974.853109,2556460104,2556461218,15828,1114
4974.865138,2556469001,2556470106,15824,1105
4974.881176,2556482339,2556483453,15908,1114
4974.910224,2556502354,2556503467,15905,1113
4974.922248,2556511251,2556512357,15989,1106
4974.937275,2556522376,2556523482,15888,1106
4974.949299,2556531278,2556532387,15961,1109
4974.967333,2556544632,2556545745,15991,1113
4974.979349,2556553515,2556554632,15752,1117
4974.991378,2556562420,2556563530,15906,1110
4975.012419,2556577976,2556579091,15983,1115
4975.024434,2556586874,2556587992,15742,1118
4975.081549,2556629120,2556630234,15911,1114
4975.093576,2556638022,2556639127,15946,1105
4975.144669,2556675808,2556676918,15907,1110
4975.156694,2556684696,2556685804,15944,1108
4975.192762,2556711351,2556712461,15986,1110
4975.204778,2556720250,2556721363,15742,1113
4975.261893,2556762480,2556763587,15792,1107
4975.273917,2556771360,2556772468,15992,1108
4975.285932,2556780239,2556781349,15825,1110
4975.312983,2556800248,2556801358,15825,1110
4975.325012,2556809142,2556810261,15909,1119
4975.352064,2556829141,2556830255,15907,1114
4975.364088,2556838062,2556839175,15987,1113
4975.376103,2556846965,2556848078,15825,1113
4975.388133,2556855873,2556856976,15915,1103
4975.400157,2556864769,2556865874,15987,1105
4975.430206,2556887028,2556888141,15827,1113
4975.442235,2556895895,2556897005,15908,1110
4975.454260,2556904789,2556905897,15994,1108
4975.496338,2556935885,2556936989,15908,1104
4975.508363,2556944786,2556945903,15900,1117
4975.547429,2556973688,2556974797,15833,1109
4975.559458,2556982602,2556983715,15907,1113
4975.571482,2556991502,2556992605,15989,1103
4975.583498,2557000381,2557001495,15828,1114
4975.595527,2557009272,2557010386,15910,1114
4975.607551,2557018164,2557019281,15985,1117
4975.619566,2557027073,2557028187,15830,1114
4975.631595,2557035979,2557037089,15911,1110
4975.643620,2557044879,2557045992,16003,1113
4975.655635,2557053784,2557054900,15833,1116
4975.667664,2557062678,2557063788,15915,1110
4975.679688,2557071576,2557072686,15991,1110
4975.691702,2557080453,2557081568,15814,1115
4975.703733,2557089347,2557090459,15907,1112
4975.715757,2557098255,2557099368,15992,1113
4975.727774,2557107167,2557108277,15739,1110
4975.739801,2557116068,2557117178,15860,1110
4975.751825,2557124965,2557126074,15991,1109
4975.763841,2557133877,2557134989,15827,1112
4975.775869,2557142771,2557143885,15906,1114
4975.787894,2557151657,2557152764,15990,1107
4975.799909,2557160548,2557161657,15833,1109
4975.811939,2557169464,2557170573,15828,1109
4975.823962,2557178334,2557179447,15903,1113
4975.835978,2557187226,2557188336,15826,1110
4975.848007,2557196129,2557197239,15824,1110
4975.860031,2557205022,2557206137,15992,1115
4975.872047,2557213920,2557215036,15743,1116
4975.884076,2557222799,2557223906,15867,1107
4975.908116,2557240581,2557241686,15832,1105
4975.920144,2557249483,2557250587,15909,1104
4975.932168,2557258374,2557259487,15986,1113
4975.944186,2557267288,2557268400,15831,1112
4975.956213,2557276173,2557277288,15908,1115
4975.968238,2557285097,2557286204,15979,1107
4975.980252,2557293989,2557295102,15843,1113
4975.992280,2557302874,2557303983,15910,1109
4976.004304,2557311769,2557312871,15979,1102
4976.016321,2557320658,2557321768,15838,1110
4976.043372,2557340677,2557341790,15843,1113
4976.055400,2557349561,2557350669,15916,1108
4976.067424,2557358446,2557359561,15978,1115
4976.080455,2557369559,2557370669,15805,1110
4976.092470,2557378444,2557379554,15982,1110
4976.116523,2557396245,2557397350,15902,1105
4976.145572,2557416238,2557417348,15912,1110
4976.157595,2557425149,2557426261,15979,1112
4976.169612,2557434043,2557435160,15841,1117
4976.235744,2557482949,2557484059,15906,1110
4976.247769,2557491845,2557492953,15990,1108
4976.258292,2557499846,2557500961,15912,1115
4976.303374,2557533215,2557534328,15911,1113
4976.315395,2557542109,2557543222,15927,1113
4976.327413,2557551005,2557552119,15849,1114
4976.339443,2557559896,2557561006,15909,1110
4976.351464,2557568784,2557569891,15972,1107
4976.363487,2557577695,2557578798,15862,1103
4976.375504,2557586535,2557587649,15779,1114
4976.387533,2557595420,2557596521,15963,1101
4976.399551,2557604259,2557605372,15877,1113
4976.411570,2557613087,2557614194,15627,1107
4976.423599,2557621924,2557623034,15944,1110
4976.435619,2557630784,2557631894,15855,1110
4976.447638,2557639631,2557640737,15511,1106
4976.459668,2557648503,2557649613,15862,1110
4976.471688,2557657361,2557658473,15921,1112
4976.483715,2557666239,2557667349,15600,1110
4976.495736,2557675085,2557676200,15908,1115
4976.516774,2557690567,2557691676,15967,1109
4976.528793,2557699402,2557700512,15592,1110
4976.552842,2557717166,2557718273,15963,1107
4976.564861,2557725995,2557727101,15629,1106
4976.579893,2557737065,2557738177,15919,1112
4976.591913,2557745887,2557746994,15623,1107
4976.603946,2557754771,2557755874,15962,1103
4976.615962,2557763602,2557764714,15917,1112
4976.627981,2557772417,2557773524,15629,1107
4976.640014,2557781303,2557782418,15960,1115
4976.652032,2557790203,2557791311,15936,1108
4976.670066,2557803473,2557804576,15967,1103
4976.682092,2557812343,2557813445,15679,1102
4976.772256,2557878729,2557879840,15625,1111
4976.784288,2557887589,2557888699,15993,1110
4976.841392,2557929712,2557930822,15940,1110
4976.853414,2557938530,2557939632,15727,1102
4976.865439,2557947383,2557948496,16033,1113
4976.904511,2557976190,2557977300,15963,1110
4976.916530,2557985028,2557986134,15630,1106
4976.976649,2558029208,2558030318,15958,1110
4976.988672,2558038055,2558039162,15852,1107
4977.009713,2558053513,2558054623,15942,1110
4977.021734,2558062382,2558063495,15924,1113
4977.033756,2558071268,2558072381,15800,1113
4977.045782,2558080108,2558081216,15910,1108
4977.057803,2558088953,2558090063,15957,1110
4977.087856,2558111042,2558112148,15620,1106
4977.099889,2558119921,2558121038,15876,1117
4977.111905,2558128785,2558129895,15961,1110
4977.123928,2558137629,2558138736,15822,1107
4977.141959,2558150924,2558152031,15591,1107
4977.153990,2558159789,2558160869,15805,1080
4977.193059,2558188546,2558189659,15959,1113
4977.208091,2558199601,2558200710,15946,1109
4977.268198,2558243798,2558244909,15622,1111
4977.280232,2558252682,2558253797,15910,1115
4977.292249,2558261606,2558262719,15828,1113
4977.304276,2558270530,2558271646,15914,1116
4977.316301,2558279463,2558280579,15995,1116
4977.328315,2558288395,2558289510,15810,1115
4977.397451,2558339498,2558340608,15948,1110
4977.409473,2558348467,2558349577,15932,1110
4977.448542,2558377252,2558378359,15590,1107
4977.460575,2558386137,2558387250,15966,1113
4977.475601,2558397183,2558398290,15704,1107
4977.487625,2558406023,2558407104,15796,1081
4977.499643,2558414846,2558415953,15877,1107
4977.511662,2558423674,2558424790,15623,1116
4977.529699,2558436975,2558438090,15817,1115
4977.541725,2558445827,2558446935,15942,1108
4977.553746,2558454676,2558455783,15971,1107
4977.565765,2558463522,2558464629,15591,1107
4977.580800,2558474602,2558475714,15927,1112
4977.592816,2558483429,2558484534,15589,1105
4977.604846,2558492279,2558493388,15954,1109
4977.616867,2558501184,2558502297,15933,1113
4977.628887,2558510053,2558511159,15904,1106
4977.643917,2558521125,2558522235,15955,1110
4977.655936,2558529927,2558531039,15624,1112
4977.667965,2558538783,2558539895,15866,1112
4977.685999,2558552035,2558553144,15944,1109
4977.698020,2558560890,2558561999,15961,1109
4977.716055,2558574131,2558575237,15967,1106
4977.728078,2558583014,2558584122,15737,1108
4977.740102,2558591853,2558592965,15861,1112
4977.752124,2558600741,2558601840,15933,1099
4977.764142,2558609563,2558610665,15632,1102
4977.776174,2558618810,2558619915,15907,1105
4977.788191,2558627660,2558628770,15875,1110
4977.800211,2558636493,2558637604,15627,1111
4977.812240,2558645345,2558646460,15862,1115
4977.824260,2558654256,2558655370,15798,1114
4977.836279,2558663117,2558664216,15592,1099
4977.848309,2558671976,2558673086,15864,1110
4977.869346,2558687441,2558688553,16043,1112
4977.881365,2558696268,2558697380,15704,1112
4977.896397,2558707354,2558708464,15967,1110
4977.908419,2558716207,2558717322,15825,1115
4977.929468,2558731734,2558732812,15808,1078
4977.941483,2558740543,2558741658,15968,1115
4977.953502,2558749386,2558750494,15629,1108
4977.965532,2558758236,2558759349,15957,1113
4978.016629,2558796501,2558797616,15861,1115
4978.028656,2558805425,2558806542,15860,1117
4978.043677,2558816514,2558817621,15610,1107
4978.055703,2558825358,2558826467,15948,1109
4978.067723,2558834214,2558835321,16049,1107
4978.079742,2558843044,2558844155,15704,1111
4978.091775,2558851925,2558853035,16039,1110
4978.103793,2558860820,2558861937,15939,1117
4978.115811,2558869667,2558870779,15635,1112
4978.127844,2558878550,2558879655,15971,1105
4978.139860,2558887394,2558888512,15963,1118
4978.151879,2558896227,2558897343,15629,1116
4978.163908,2558905101,2558906206,15951,1105
4978.176942,2558916135,2558917245,15698,1110
4978.199977,2558931617,2558932726,16027,1109
4978.211998,2558940477,2558941590,15972,1113
4978.224019,2558949332,2558950447,15829,1115
4978.236050,2558958225,2558959330,15879,1105
4978.248066,2558967061,2558968170,15964,1109
4978.269110,2558982526,2558983627,15710,1101
4978.281131,2558991360,2558992474,15956,1114
4978.302169,2559006862,2559007979,15969,1117
4978.314188,2559015699,2559016805,15701,1106
4978.359274,2559048901,2559050005,15625,1104
4978.371306,2559057749,2559058857,16000,1108
4978.383324,2559066617,2559067724,15972,1107
4978.395343,2559075469,2559076578,15598,1109
4978.407372,2559084325,2559085435,15948,1110
4978.425411,2559097628,2559098711,15885,1083
4978.437427,2559106503,2559107617,15934,1114
4978.464478,2559126393,2559127508,15965,1115
4978.476497,2559135245,2559136351,15590,1106
4978.564676,2559201607,2559202717,15708,1110
4978.632800,2559250334,2559251444,15947,1110
4978.644823,2559259240,2559260353,15940,1113
4978.656840,2559268106,2559269218,15598,1112
4978.668872,2559276975,2559278073,15997,1098
4978.683891,2559288010,2559289121,15629,1111
4978.769066,2559352227,2559353341,15957,1114
4978.840194,2559403113,2559404223,15953,1110
4978.852216,2559412029,2559413137,15935,1108
4978.864241,2559420861,2559421975,15785,1114
4978.876265,2559429718,2559430827,16035,1109
4978.888284,2559438546,2559439659,15965,1113
4978.900303,2559447364,2559448470,15548,1106
4978.912332,2559456212,2559457317,15860,1105
4978.945388,2559480555,2559481661,15624,1106
4978.957418,2559489396,2559490506,15903,1110
4978.981457,2559507076,2559508182,15621,1106
4978.993487,2559515947,2559517062,15956,1115
4979.005507,2559524794,2559525901,15958,1107
4979.044580,2559553542,2559554653,15827,1111
4979.056606,2559562410,2559563519,15989,1109
4979.080649,2559580099,2559581204,15830,1105
4979.092675,2559588960,2559590064,16035,1104
4979.104695,2559597803,2559598917,15963,1114
4979.116717,2559606648,2559607762,15823,1114
4979.128743,2559615484,2559616592,15954,1108
4979.188851,2559659672,2559660774,15627,1102
4979.200881,2559668532,2559669642,15947,1110
4979.251971,2559706145,2559707258,15629,1113
4979.264004,2559715042,2559716150,15907,1108
4979.276021,2559723872,2559724985,15964,1113
4979.288045,2559733157,2559734272,15824,1115
4979.300071,2559742005,2559743115,15949,1110
4979.312090,2559750912,2559752016,15928,1104
4979.324108,2559759760,2559760864,15666,1104
4979.336138,2559768589,2559769697,15961,1108
4979.348158,2559777447,2559778562,15968,1115
4979.360185,2559786267,2559787374,15716,1107
4979.372206,2559795119,2559796226,15951,1107
4979.384227,2559803964,2559805072,16049,1108
4979.396246,2559812780,2559813890,15704,1110
4979.408279,2559821674,2559822783,16044,1109
4979.420297,2559830564,2559831675,16020,1111
4979.432314,2559839422,2559840532,15641,1110
4979.468383,2559865958,2559867062,15621,1104
4979.480412,2559874813,2559875921,15865,1108
4979.492433,2559883662,2559884772,15968,1110
4979.516485,2559901410,2559902527,15967,1117
4979.528501,2559910265,2559911379,15961,1114
4979.540520,2559919086,2559920196,15584,1110
4979.591621,2559956654,2559957761,15918,1107
4979.603640,2559965467,2559966574,15626,1107
4979.616673,2559976570,2559977678,15922,1108
4979.675777,2560018549,2560019660,15588,1111
4979.687806,2560027432,2560028540,15857,1108
4979.699827,2560036281,2560037396,15920,1115
4979.711849,2560045151,2560046264,15827,1113
4979.729881,2560058411,2560059521,15626,1110
4979.741910,2560067263,2560068376,15959,1113
4979.783983,2560098197,2560099308,15705,1111
4979.796012,2560107059,2560108168,16029,1109
4979.808033,2560115914,2560117031,15938,1117
4979.821065,2560127015,2560128124,16028,1109
4979.889186,2560175661,2560176773,16015,1112
4979.901206,2560184524,2560185619,15628,1095
4979.913239,2560193403,2560194515,15961,1112
4979.925256,2560202253,2560203366,15970,1113
4979.940287,2560213276,2560214388,16027,1112
4980.028458,2560279580,2560280689,16039,1109
4980.081549,2560317115,2560318230,15625,1115
4980.093578,2560325950,2560327056,15954,1106
4980.105598,2560334839,2560335952,15845,1113
4980.132651,2560354751,2560355861,15970,1110
4980.144670,2560363605,2560364707,15595,1102
4980.165716,2560379053,2560380171,15951,1118
4980.177736,2560387899,2560389007,15920,1108
4980.232848,2560429934,2560431044,15623,1110
4980.267907,2560454266,2560455378,15967,1112
4980.297961,2560476327,2560477430,15703,1103
4980.309994,2560485220,2560486327,15919,1107
4980.322010,2560494071,2560495185,15917,1114
4980.334029,2560502906,2560504016,15627,1110
4980.445247,2560584636,2560585742,15949,1106
4980.457270,2560593497,2560594611,15906,1114
4980.472299,2560604525,2560605634,15951,1109
4980.505361,2560628840,2560629955,15856,1115
4980.517384,2560637702,2560638804,15946,1102
4980.529401,2560646543,2560647652,15841,1109
4980.553456,2560664176,2560665287,15995,1111
4980.565473,2560673016,2560674125,15919,1109
4980.616573,2560710630,2560711731,15949,1101
4980.628593,2560719482,2560720594,15928,1112
4980.643626,2560730511,2560731590,15800,1079
4980.656658,2560741516,2560742619,15587,1103
4980.712749,2560781370,2560782486,15593,1116
4980.724778,2560790240,2560791343,15904,1103
4980.736799,2560799071,2560800181,15921,1110
4980.760847,2560816716,2560817822,15951,1106
4980.772868,2560825580,2560826683,15876,1103
4980.793904,2560841002,2560842104,15629,1102
4980.808938,2560852519,2560853629,16018,1110
4980.820955,2560861383,2560862495,15586,1112
4980.832988,2560870259,2560871367,15964,1108
4980.845005,2560879122,2560880240,15878,1118
4980.857024,2560887953,2560889060,15552,1107
4980.878071,2560903431,2560904539,15955,1108
4980.890090,2560912295,2560913407,15961,1112
4980.905126,2560923382,2560924490,15963,1108
4980.917142,2560932221,2560933333,16045,1112
4980.932173,2560943279,2560944389,15944,1110
4980.980262,2560978684,2560979802,15960,1118
4980.992281,2560987504,2560988606,15624,1102
4981.004315,2560996387,2560997497,15961,1110
4981.016330,2561005241,2561006353,15873,1112
4981.028349,2561014086,2561015184,15590,1098
4981.040381,2561022957,2561024036,15780,1079
4981.085465,2561056111,2561057222,15943,1111
4981.097485,2561064960,2561066075,15767,1115
4981.109504,2561073841,2561074947,15594,1106
4981.124536,2561084921,2561086031,16005,1110
4981.136552,2561093919,2561095026,15589,1107
4981.157602,2561109412,2561110516,15908,1104
4981.169622,2561118254,2561119363,15917,1109
4981.184654,2561129281,2561130395,15949,1114
4981.196674,2561138135,2561139244,15852,1109
4981.211709,2561149241,2561150351,15955,1110
4981.268811,2561191237,2561192349,15968,1112
4981.280829,2561200064,2561201176,15629,1112
4981.292861,2561208929,2561210008,15804,1079
4981.304881,2561217793,2561218906,15846,1113
4981.331931,2561237724,2561238837,15967,1113
4981.349968,2561251050,2561252153,15943,1103
4981.361984,2561259882,2561260989,15628,1107
4981.374023,2561266081,2561266731,13811,650
4981.388334,2561271811,2561272431,11963,620
4981.401067,2561277962,2561279061,15914,1099
4981.413092,2561286796,2561287901,15996,1105
4981.428119,2561297869,2561298973,15987,1104
4981.440145,2561306742,2561307848,16018,1106
4981.452161,2561315612,2561316727,15875,1115
4981.464189,2561324479,2561325587,15908,1108
4981.476211,2561333352,2561334461,15865,1109
4981.488227,2561342236,2561343348,15841,1112
4981.509273,2561357803,2561358916,15907,1113
4981.521297,2561366711,2561367821,15988,1110
4981.533313,2561375590,2561376702,15807,1112
4981.545342,2561384604,2561385714,15824,1110
4981.557363,2561393500,2561394618,15873,1118
4981.572393,2561404594,2561405702,15817,1108
4981.584414,2561413492,2561414600,15872,1108
4981.599443,2561424598,2561425707,15901,1109
4981.611468,2561433513,2561434622,15889,1109
4981.623484,2561442399,2561443512,15843,1113
4981.635512,2561451303,2561452415,15907,1112
4981.647535,2561460182,2561461295,15919,1113
4981.659553,2561469070,2561470188,15816,1118
4981.671582,2561477979,2561479089,15906,1110
4981.689616,2561491324,2561492434,15909,1110
4981.701639,2561500202,2561501318,15974,1116
4981.740713,2561529122,2561530231,15903,1109
4981.752737,2561538235,2561539350,15901,1115
4981.815856,2561584906,2561586008,15906,1102
4981.827880,2561593788,2561594898,15902,1110
4981.839903,2561602697,2561603807,15905,1110
4981.875964,2561629382,2561630497,15841,1115
4981.889497,2561637996,2561639104,15906,1108
4981.901520,2561646879,2561647988,15866,1109
4981.916542,2561657984,2561659091,15803,1107
4981.928572,2561666882,2561667992,15821,1110
4981.949612,2561682464,2561683576,15989,1112
4981.961627,2561691524,2561692629,15828,1105
4981.985681,2561709327,2561710440,15987,1113
4981.997696,2561718245,2561719360,15844,1115
4982.021748,2561736049,2561737163,15973,1114
4982.033765,2561744938,2561746046,15928,1108
4982.045793,2561753821,2561754931,15989,1110
4982.057820,2561762719,2561763832,16010,1113
4982.069833,2561771595,2561772705,15832,1110
4982.081862,2561780485,2561781598,15906,1113
4982.093885,2561789387,2561790502,15978,1115
4982.105902,2561798299,2561799412,15847,1113
4982.117932,2561807184,2561808300,15908,1116
4982.129954,2561816079,2561817192,15980,1113
4982.141970,2561824971,2561826076,15822,1105
4982.154000,2561833866,2561834971,15911,1105
4982.166024,2561842777,2561843894,15985,1117
4982.178039,2561851699,2561852808,15826,1109
4982.190070,2561860598,2561861711,15910,1113
4982.205090,2561871703,2561872818,15843,1115
4982.217121,2561880600,2561881714,15910,1114
4982.244171,2561900615,2561901728,15864,1113
4982.256195,2561909514,2561910623,16072,1109
4982.268210,2561918402,2561919511,15879,1109
4982.280239,2561927304,2561928408,15911,1104
4982.292264,2561936221,2561937335,15912,1114
4982.304287,2561945140,2561946254,15927,1114
4982.316311,2561954454,2561955568,15909,1114
4982.328332,2561963391,2561964503,15824,1112
4982.343361,2561974551,2561975668,15908,1117
4982.355384,2561983481,2561984596,15909,1115
4982.367405,2561992417,2561993536,15910,1119
4982.379428,2562001313,2562002428,15905,1115
4982.391451,2562010197,2562011305,15975,1108
4982.409485,2562023552,2562024666,15979,1114
4982.421502,2562032452,2562033562,15841,1110
4982.448553,2562052453,2562053566,15859,1113
4982.460582,2562061378,2562062488,15904,1110
4982.484626,2562079171,2562080284,15901,1113
4982.496649,2562088081,2562089191,15827,1110
4982.511673,2562099197,2562100310,15842,1113
4982.523701,2562108098,2562109211,15822,1113
4982.535724,2562116988,2562118098,15825,1110
4982.547742,2562125865,2562126971,15863,1106
4982.559771,2562134759,2562135869,15906,1110
4982.583816,2562152558,2562153668,15861,1110
4982.595839,2562161449,2562162559,15907,1110
4982.607864,2562170335,2562171444,15991,1109
4982.619880,2562179224,2562180334,15830,1110
4982.631908,2562188122,2562189235,15909,1113
4982.643931,2562197023,2562198138,15971,1115
4982.655948,2562205920,2562207028,15841,1108
4982.692016,2562232578,2562233686,15827,1108
4982.704045,2562241480,2562242592,15906,1112
4982.716070,2562250372,2562251480,15909,1108
4982.728085,2562259270,2562260383,15827,1113
4982.749132,2562274845,2562275956,15903,1111
4982.761154,2562283741,2562284844,15927,1103
4982.785200,2562301521,2562302633,15915,1112
4982.797224,2562310408,2562311521,16010,1113
4982.824275,2562330409,2562331522,15990,1113
4982.836291,2562339318,2562340428,15758,1110
4982.848321,2562348205,2562349309,15911,1104
4982.860342,2562357090,2562358205,15976,1115
4982.875373,2562368223,2562369333,15908,1110
4982.887396,2562377106,2562378223,15993,1117
4982.905430,2562390452,2562391567,16069,1115
4982.917445,2562399341,2562400454,15785,1113
4982.971548,2562439353,2562440466,15845,1113
4982.983575,2562448280,2562449390,15909,1110
4982.995600,2562457177,2562458287,15981,1110
4983.007616,2562466110,2562467220,15865,1110
4983.019644,2562475005,2562476115,15907,1110
4983.031667,2562483887,2562484996,15917,1109
4983.043685,2562492800,2562493913,15864,1113
4983.055714,2562501676,2562502795,15907,1119
4983.067736,2562510565,2562511675,15937,1110
4983.079758,2562519470,2562520577,15904,1107
4983.091781,2562528350,2562529453,15824,1103
4983.103805,2562537238,2562538347,15889,1109
4983.115822,2562546129,2562547242,15845,1113
4983.127850,2562555025,2562556139,15907,1114
4983.139872,2562563918,2562565028,15957,1110
4983.151890,2562572824,2562573932,15770,1108
4983.175941,2562590631,2562591746,15959,1115
4983.187963,2562599546,2562600661,15773,1115
4983.199988,2562608467,2562609577,15866,1110
4983.212013,2562617360,2562618469,15902,1109
4983.224028,2562626231,2562627346,15785,1115
4983.236058,2562635114,2562636233,15905,1119
4983.248080,2562644014,2562645121,15976,1107
4983.260096,2562652906,2562654019,15846,1113
4983.272127,2562661788,2562662903,15909,1115
4983.284150,2562670695,2562671808,15994,1113
4983.296165,2562679582,2562680692,15833,1110
4983.308194,2562688485,2562689598,15823,1113
4983.320219,2562697391,2562698504,15903,1113
4983.332234,2562706305,2562707408,15752,1103
4983.344265,2562715186,2562716294,15821,1108
4983.365303,2562730739,2562731845,15970,1106
4983.377325,2562739625,2562740730,15861,1105
4983.392354,2562750746,2562751854,15979,1108
4983.404371,2562759640,2562760750,15755,1110
4983.425415,2562775204,2562776312,15901,1108
4983.437439,2562784084,2562785199,15961,1115
4983.497553,2562828516,2562829619,15910,1103
4983.509578,2562837403,2562838517,15977,1114
4983.527610,2562850736,2562851855,15997,1119
4983.539628,2562859642,2562860752,15863,1110
4983.551657,2562868527,2562869637,15906,1110
4983.563678,2562877431,2562878540,15959,1109
4983.575701,2562886327,2562887435,15905,1108
4983.587728,2562895234,2562896348,15910,1114
4983.599750,2562904126,2562905238,15990,1112
4983.623794,2562921907,2562923017,15908,1110
4983.635817,2562930798,2562931908,15973,1110
4983.647837,2562939696,2562940803,15871,1107
4983.689922,2562970793,2562971908,15992,1115
4983.701937,2562979689,2562980799,15743,1110
4983.738005,2563006383,2563007500,15845,1117
4983.750036,2563015284,2563016396,15908,1112
4983.789110,2563044189,2563045296,15988,1107
4983.801126,2563053098,2563054212,15741,1114
4983.828177,2563073128,2563074238,15840,1110
4983.840207,2563082425,2563083535,15818,1110
4983.852229,2563091306,2563092421,15974,1115
4983.864246,2563100201,2563101304,15802,1103
4983.876275,2563109099,2563110207,15828,1108
4983.888299,2563117994,2563119107,15996,1113
4983.900315,2563126897,2563128008,15833,1111
4983.912343,2563135774,2563136888,15910,1114
4983.945400,2563160261,2563161378,15840,1117
4983.957430,2563169153,2563170268,15818,1115
4983.969452,2563178059,2563179163,16025,1104
4983.981469,2563186949,2563188059,15838,1110
4983.996505,2563198067,2563199176,15989,1109
4984.008520,2563206970,2563208077,15826,1107
4984.047602,2563235877,2563236987,15908,1110
4984.059623,2563244797,2563245909,15975,1112
4984.071646,2563253689,2563254790,15890,1101
4984.089674,2563267001,2563268111,15826,1110
4984.101703,2563275891,2563277009,15865,1118
4984.149795,2563311458,2563312568,15946,1110
4984.161811,2563320356,2563321461,15841,1105
4984.173841,2563329237,2563330355,15914,1118
4984.188863,2563340336,2563341449,15829,1113
4984.200892,2563349242,2563350352,15909,1110
4984.212917,2563358159,2563359267,16075,1108
4984.239967,2563378141,2563379254,15984,1113
4984.251983,2563387021,2563388128,15850,1107
4984.270023,2563400347,2563401461,15906,1114
4984.282047,2563409233,2563410341,15867,1108
4984.318115,2563435904,2563437013,15911,1109
4984.330138,2563444796,2563445903,15978,1107
4984.360189,2563467025,2563468133,15845,1108
4984.372218,2563475909,2563477023,15917,1114
4984.384242,2563484793,2563485908,15986,1115
4984.408286,2563502566,2563503685,15912,1119
4984.420309,2563511483,2563512596,15917,1113
4984.432326,2563520381,2563521495,15926,1114
4984.444356,2563529263,2563530377,15818,1114
4984.459377,2563540385,2563541495,15847,1110
4984.549549,2563607088,2563608203,15844,1115
4984.561579,2563616002,2563617110,15912,1108
4984.573604,2563624895,2563626005,15906,1110
4984.585618,2563633789,2563634902,15787,1113
4984.597647,2563642675,2563643791,15913,1116
4984.612669,2563653795,2563654909,15831,1114
4984.627704,2563664929,2563666044,15971,1115
4984.639720,2563673832,2563674945,15849,1113
4984.651751,2563682733,2563683851,15905,1118
4984.663772,2563691618,2563692721,15891,1103
4984.675789,2563700499,2563701614,15829,1115
4984.687820,2563709389,2563710499,15823,1110
4984.699843,2563718285,2563719404,15994,1119
4984.711858,2563727182,2563728285,15833,1103
4984.777989,2563776065,2563777175,15906,1110
4984.790016,2563784962,2563786072,15992,1110
4984.802029,2563793856,2563794971,15826,1115
4984.817064,2563804964,2563806081,15909,1117
4984.832094,2563816096,2563817207,15905,1111
4984.844115,2563824979,2563826083,15973,1104
4984.856132,2563833861,2563834969,15844,1108
4984.868161,2563842756,2563843870,15908,1114
4984.880185,2563851654,2563852762,15993,1108
4984.892201,2563860538,2563861648,15830,1110
4984.904232,2563869440,2563870554,15915,1114
4984.916253,2563878322,2563879432,15917,1110
4984.928272,2563887218,2563888328,15878,1110
4984.940300,2563896117,2563897227,15823,1110
4984.952321,2563905001,2563906119,15889,1118
4985.003419,2563942787,2563943901,15914,1114
4985.015441,2563951670,2563952780,15917,1110
4985.033476,2563964982,2563966091,15900,1109
4985.045492,2563973886,2563974992,15838,1106
4985.081561,2564000551,2564001668,15832,1117
4985.093590,2564009448,2564010558,15864,1110
4985.105614,2564018332,2564019447,15997,1115
4985.117629,2564027252,2564028361,15839,1109
4985.159716,2564058352,2564059464,15976,1112
4985.201796,2564089452,2564090565,15910,1113
4985.213818,2564098353,2564099458,15914,1105
4985.237866,2564116131,2564117241,15906,1110
4985.249887,2564125045,2564126150,15972,1105
4985.267923,2564138379,2564139489,15991,1110
4985.310001,2564169524,2564170629,15906,1105
4985.322024,2564178417,2564179529,15974,1112
4985.334041,2564187297,2564188407,15844,1110
4985.349076,2564198815,2564199928,15973,1113
4985.361098,2564207722,2564208832,15821,1110
4985.385146,2564225522,2564226636,15991,1114
4985.400173,2564236631,2564237746,15903,1115
4985.412196,2564245531,2564246638,15829,1107
4985.424212,2564254406,2564255518,15843,1112
4985.436243,2564263319,2564264429,15907,1110
4985.448267,2564272236,2564273346,15980,1110
4985.511384,2564318931,2564320040,15915,1109
4985.523401,2564327825,2564328935,15843,1110
4985.536924,2564337995,2564339096,15599,1101
4985.576004,2564366798,2564367912,16033,1114
4985.588025,2564375648,2564376761,16045,1113
4985.600044,2564384462,2564385574,15702,1112
4985.618078,2564397724,2564398840,15627,1116
4985.630107,2564406584,2564407694,16033,1110
4985.648142,2564419869,2564420979,15951,1110
4985.660162,2564428775,2564429888,15800,1113
4985.672181,2564437630,2564438741,15509,1111
4985.690215,2564450899,2564452009,15623,1110
4985.702247,2564459753,2564460837,15765,1084
4985.735302,2564484025,2564485123,15630,1098
4985.747334,2564492886,2564493997,15966,1111
4985.759350,2564501754,2564502867,15861,1113
4985.771369,2564510605,2564511712,15593,1107
4985.783399,2564519448,2564520558,15955,1110
4985.804438,2564534989,2564536097,15937,1108
4985.816455,2564543812,2564544923,15629,1111
4985.840505,2564561521,2564562625,16043,1104
4985.852524,2564570346,2564571458,15631,1112
4985.864558,2564579238,2564580352,15965,1114
4985.876573,2564588094,2564589207,15875,1113
4985.897610,2564603567,2564604678,15632,1111
4985.909642,2564612410,2564613522,15993,1112
4985.940704,2564636704,2564637812,15593,1108
4986.044897,2564711880,2564712985,15958,1105
4986.056917,2564720725,2564721828,15932,1103
4986.108019,2564758368,2564759476,15962,1108
4986.120036,2564767212,2564768319,15833,1107
4986.132055,2564776037,2564777144,15627,1107
4986.144085,2564784895,2564786005,15952,1110
4986.156105,2564793777,2564794885,15761,1108
4986.168124,2564802613,2564803725,15672,1112
4986.180153,2564811479,2564812590,15950,1111
4986.192173,2564820312,2564821431,15965,1119
4986.204200,2564829146,2564830250,15705,1104
4986.222227,2564842387,2564843498,15702,1111
4986.234256,2564851245,2564852353,15946,1108
4986.256327,2564868931,2564870039,15832,1108
4986.273330,2564880064,2564881174,15888,1110
4986.360500,2564944217,2564945335,16039,1118
4986.372517,2564953085,2564954195,16044,1110
4986.408588,2564979645,2564980755,15952,1110
4986.420604,2564988479,2564989576,15628,1097
4986.460689,2565019503,2565020614,15934,1111
4986.483728,2565034949,2565036050,15663,1101
4986.495758,2565043847,2565044958,15921,1111
4986.507777,2565052736,2565053844,15949,1108
4986.519793,2565061555,2565062661,15626,1106
4986.531822,2565070418,2565071537,15900,1119
4986.543843,2565079271,2565080386,15964,1115
4986.579911,2565105810,2565106922,15961,1112
4986.591930,2565114673,2565115789,15514,1116
4986.603962,2565123554,2565124664,15917,1110
4986.615980,2565132425,2565133538,15968,1113
4986.627999,2565141252,2565142359,15638,1107
4986.640028,2565150104,2565151212,15997,1108
4986.652048,2565158948,2565160057,15858,1109
4986.664067,2565167782,2565168892,15589,1110
4986.676097,2565176634,2565177739,15972,1105
4986.688117,2565185474,2565186584,15962,1110
4986.700144,2565194297,2565195412,15708,1115
4986.712165,2565203145,2565204251,15951,1106
4986.733202,2565218610,2565219724,15957,1114
4986.745222,2565227433,2565228542,15631,1109
4986.793320,2565262825,2565263930,15945,1105
4986.805342,2565271669,2565272779,15948,1110
4986.853430,2565307014,2565308129,15905,1115
4986.865462,2565316320,2565317433,16045,1113
4986.877477,2565325194,2565326307,15961,1113
4986.889499,2565334164,2565335273,15782,1109
4986.901530,2565343029,2565344144,16077,1115
4986.913546,2565351876,2565352986,16055,1110
4986.925562,2565360723,2565361835,15637,1112
4986.937595,2565369576,2565370685,16020,1109
4986.949614,2565378421,2565379534,15934,1113
4987.000717,2565415940,2565417046,16076,1106
4987.012734,2565424781,2565425894,16046,1113
4987.081868,2565475660,2565476765,15946,1105
4987.093889,2565484512,2565485621,15963,1109
4987.105913,2565493392,2565494505,15827,1113
4987.193077,2565557580,2565558687,15960,1107
4987.205096,2565566393,2565567498,15642,1105
4987.268216,2565612858,2565613970,15719,1112
4987.301286,2565637204,2565638312,16035,1108
4987.313303,2565646071,2565647186,15721,1115
4987.325333,2565654971,2565656089,15964,1118
4987.337351,2565663859,2565664977,15965,1118
4987.412494,2565719287,2565720394,15919,1107
4987.427523,2565730355,2565731458,15964,1103
4987.511679,2565792254,2565793364,15682,1110
4987.523707,2565801307,2565802417,15938,1110
4987.535729,2565810163,2565811276,15920,1113
4987.547751,2565819014,2565820127,15802,1113
4987.559780,2565827851,2565828956,15910,1105
4987.571798,2565836694,2565837802,15811,1108
4987.583817,2565845512,2565846619,15551,1107
4987.595849,2565854339,2565855453,15991,1114
4987.607866,2565863191,2565864300,15965,1109
4987.628902,2565878620,2565879729,15625,1109
4987.640931,2565887462,2565888571,15947,1109
4987.689020,2565922837,2565923950,15963,1113
4987.701040,2565931653,2565932764,15628,1111
4987.716072,2565942722,2565943831,15961,1109
4987.728093,2565951593,2565952709,15821,1116
4987.740122,2565960481,2565961596,15865,1115
4987.752142,2565969372,2565970482,15848,1110
4987.764159,2565978184,2565979291,15587,1107
4987.785208,2565993666,2565994748,15776,1082
4987.797229,2566002465,2566003583,15866,1118
4987.818265,2566017912,2566019025,15821,1113
4987.830291,2566026740,2566027849,15905,1109
4987.840327,2566035594,2566036707,15848,1113
4987.872365,2566057720,2566058825,15706,1105
4987.884394,2566066578,2566067687,15951,1109
4987.908433,2566084259,2566085369,15624,1110
4987.920463,2566093118,2566094227,15953,1109
4987.932485,2566102020,2566103128,15884,1108
4987.944505,2566110863,2566111973,15827,1110
4987.956534,2566119710,2566120825,15995,1115
4987.968552,2566128587,2566129695,15967,1108
4988.044703,2566186097,2566187209,15965,1112
4988.103810,2566228067,2566229175,15965,1108
4988.115828,2566236864,2566237975,15586,1111
4988.127857,2566245733,2566246844,15948,1111
4988.145896,2566259076,2566260190,16024,1114
4988.157912,2566267928,2566269046,16003,1118
4988.199994,2566298826,2566299931,15948,1105
4988.212015,2566307669,2566308780,16000,1111
4988.224034,2566316486,2566317593,15628,1107
4988.236063,2566325324,2566326429,15900,1105
4988.248085,2566334197,2566335308,15893,1111
4988.260102,2566343067,2566344168,15588,1101
4988.272132,2566351907,2566353015,15947,1108
4988.284152,2566360753,2566361860,15964,1107
4988.296171,2566369584,2566370696,15705,1112
4988.308202,2566378424,2566379504,15882,1080
4988.329238,2566393840,2566394956,16005,1116
4988.344273,2566404912,2566406019,15975,1107
4988.356290,2566413768,2566414872,15971,1104
4988.368309,2566422638,2566423754,15667,1116
4988.380340,2566431899,2566433011,16029,1112
4988.395360,2566442976,2566444085,15625,1109
4988.416406,2566458435,2566459541,15954,1106
4988.428428,2566467315,2566468427,16015,1112
4988.443462,2566478390,2566479489,15958,1099
4988.455478,2566487241,2566488350,15971,1109
4988.467497,2566496055,2566497162,15625,1107
4988.479528,2566504910,2566506018,16033,1108
4988.491549,2566513742,2566514850,15949,1108
4988.503570,2566522535,2566523646,15668,1111
4988.515595,2566531383,2566532496,15860,1113
4988.527615,2566540228,2566541337,15963,1109
4988.539638,2566549078,2566550188,15825,1110
4988.551666,2566557930,2566559036,15915,1106
4988.563684,2566566763,2566567869,15874,1106
4988.575706,2566575630,2566576735,15734,1105
4988.587737,2566584491,2566585604,15991,1113
4988.599752,2566593357,2566594466,15963,1109
4988.611771,2566602156,2566603272,15627,1116
4988.623801,2566611012,2566612118,15952,1106
4988.641839,2566624288,2566625397,15959,1109
4988.653855,2566633141,2566634254,15921,1113
4988.668886,2566644171,2566645284,15948,1113
4988.680907,2566653038,2566654147,15874,1109
4988.695938,2566664087,2566665200,15945,1113
4988.707958,2566672936,2566674046,15959,1110
4988.719977,2566681750,2566682857,15703,1107
4988.738014,2566695040,2566696143,15825,1103
4988.750041,2566703897,2566705012,15951,1115
4988.768075,2566717161,2566718274,15949,1113
4988.780096,2566726054,2566727160,15931,1106
4988.792114,2566734883,2566735984,15625,1101
4988.813161,2566750354,2566751461,15941,1107
4988.825181,2566759204,2566760317,15964,1113
4988.840216,2566770278,2566771387,15958,1109
4988.852233,2566779111,2566780215,15874,1104
4988.864254,2566787944,2566789053,15734,1109
4988.876284,2566796832,2566797947,15963,1115
4988.888304,2566805687,2566806797,15949,1110
4988.900322,2566814507,2566815616,15629,1109
4988.912349,2566823361,2566824474,15948,1113
4988.945406,2566847726,2566848842,15594,1116
4988.957435,2566856591,2566857698,15954,1107
4988.999509,2566887544,2566888655,15631,1111
4989.011542,2566896434,2566897551,15968,1117
4989.023558,2566905287,2566906395,15968,1108
4989.035580,2566914127,2566915239,15830,1112
4989.047607,2566922965,2566924074,15950,1109
4989.059627,2566931827,2566932926,16047,1099
4989.071642,2566940649,2566941756,15662,1107
4989.104713,2566964956,2566966066,16048,1110
4989.116732,2566973804,2566974911,15590,1107
4989.128761,2566982650,2566983764,15947,1114
4989.152801,2567000382,2567001492,15594,1110
4989.164829,2567009223,2567010332,16028,1109
4989.204916,2567040178,2567041289,15668,1111
4989.270023,2567086615,2567087726,15627,1111
4989.282055,2567095462,2567096570,15999,1108
4989.309104,2567115328,2567116427,15949,1099
4989.321124,2567124193,2567125300,15965,1107
4989.333146,2567133039,2567134143,15739,1104
4989.354190,2567148519,2567149632,16031,1113
4989.366211,2567157385,2567158495,15963,1110
4989.411296,2567190567,2567191680,15963,1113
4989.423315,2567199411,2567200522,15627,1111
4989.441349,2567212704,2567213810,15664,1106
4989.453378,2567221541,2567222645,16031,1104
4989.513489,2567265677,2567266785,15642,1108
4989.525517,2567274534,2567275643,15975,1109
4989.543552,2567287801,2567288915,16003,1114
4989.555570,2567296656,2567297769,15965,1113
4989.567588,2567305456,2567306536,15794,1080
4989.579621,2567314289,2567315404,15958,1115
4989.597653,2567327561,2567328670,15940,1109
4989.609674,2567336462,2567337574,15932,1112
4989.624704,2567347522,2567348636,15949,1114
4989.639726,2567358596,2567359703,15586,1107
4989.693829,2567398347,2567399447,15702,1100
4989.705858,2567407194,2567408303,15991,1109
4989.717879,2567416037,2567417150,16049,1113
4989.771982,2567455857,2567456970,15969,1113
4989.790016,2567469189,2567470302,15961,1113
4989.802035,2567478031,2567479136,15640,1105
4989.829089,2567497968,2567499077,15838,1109
4989.841114,2567506810,2567507919,15897,1109
4989.865155,2567524505,2567525612,15642,1107
4989.877186,2567533314,2567534419,15981,1105
4989.889206,2567542607,2567543720,15934,1113
4989.910241,2567558073,2567559179,15639,1106
4989.922269,2567566921,2567568034,15857,1113
4989.940303,2567580218,2567581326,15934,1108
4989.955326,2567591254,2567592356,15636,1102
4989.976374,2567606771,2567607876,15948,1105
4989.988394,2567615661,2567616769,15934,1108
4990.000414,2567624475,2567625588,15598,1113
4990.040494,2567655455,2567656567,15965,1112
4990.144687,2567730553,2567731665,15626,1112
4990.156716,2567739394,2567740498,15864,1104
4990.183767,2567759291,2567760404,15945,1113
4990.201802,2567772572,2567773687,15954,1115
4990.213824,2567781468,2567782577,15939,1109
4990.225846,2567790351,2567791461,15869,1110
4990.237870,2567799216,2567800334,15947,1118
4990.249890,2567808082,2567809190,15918,1108
4990.261911,2567816899,2567818001,15626,1102
4990.361101,2567889904,2567891017,15822,1113
4990.373130,2567898779,2567899888,15996,1109
4990.388149,2567909814,2567910925,15702,1111
4990.400179,2567918673,2567919779,16035,1106
4990.412199,2567927526,2567928635,16007,1109
4990.424221,2567936381,2567937485,15831,1104
4990.445264,2567951857,2567952968,16019,1111
4990.457285,2567960695,2567961803,15966,1108
4990.475322,2567973966,2567975078,15952,1112
4990.487338,2567982789,2567983896,15700,1107
4990.499370,2567991631,2567992741,15985,1110
4990.511388,2568000478,2568001588,15967,1110
4990.532424,2568015950,2568017058,15667,1108
4990.552332,2568025331,2568025946,12065,615
4990.594051,2568050178,2568051294,15985,1116
4990.606073,2568059064,2568060175,15974,1111
4990.618095,2568067966,2568069070,15906,1104
4990.681210,2568114577,2568115683,15821,1106
4990.693240,2568123454,2568124563,15868,1109
4990.705262,2568132350,2568133460,15975,1110
4990.744330,2568161209,2568162317,15839,1108
4990.756359,2568170076,2568171182,15822,1106
4990.771384,2568181171,2568182289,15869,1118
4990.783411,2568190076,2568191186,15862,1110
4990.795433,2568198957,2568200066,15932,1109
4990.807450,2568207865,2568208969,15855,1104
4990.819478,2568216755,2568217869,15867,1114
4990.831502,2568225644,2568226756,15983,1112
4990.867569,2568252283,2568253397,15914,1114
4990.879587,2568261190,2568262300,15857,1110
4990.891616,2568270081,2568271189,15908,1108
4990.903637,2568278967,2568280077,15960,1110
4990.915660,2568287863,2568288969,15902,1106
4990.927683,2568296740,2568297855,15909,1115
4990.939707,2568305648,2568306752,15938,1104
4990.951724,2568314541,2568315655,15844,1114
4990.963752,2568323436,2568324539,15863,1103
4990.975775,2568332319,2568333428,15959,1109
4990.987793,2568341211,2568342326,15861,1115
4990.999822,2568350120,2568351235,15859,1115
4991.011845,2568359031,2568360139,15975,1108
4991.023861,2568367920,2568369019,15742,1099
4991.035890,2568376786,2568377899,15822,1113
4991.047915,2568385667,2568386775,15902,1108
4991.061439,2568394284,2568395390,15858,1106
4991.073458,2568403154,2568404267,15860,1113
4991.088492,2568414259,2568415374,15994,1115
4991.100507,2568423146,2568424254,15743,1108
4991.115542,2568434252,2568435365,15919,1113
4991.127558,2568443131,2568444244,15756,1113
4991.139589,2568452023,2568453133,15906,1110
4991.151610,2568460905,2568462020,15973,1115
4991.163633,2568469820,2568470924,15813,1104
4991.175656,2568478693,2568479806,15908,1113
4991.187680,2568487569,2568488682,15966,1113
4991.199698,2568496450,2568497557,15944,1107
4991.211727,2568505361,2568506475,15906,1114
4991.223748,2568514266,2568515376,15901,1110
4991.235764,2568523162,2568524276,15841,1114
4991.247795,2568532070,2568533174,15907,1104
4991.259816,2568540947,2568542060,16055,1113
4991.271833,2568549856,2568550966,15833,1110
4991.283861,2568558734,2568559851,15910,1117
4991.295886,2568567640,2568568755,16071,1115
4991.307902,2568576536,2568577639,15833,1103
4991.319932,2568585438,2568586547,15915,1109
4991.331953,2568594351,2568595464,15995,1113
4991.343970,2568603236,2568604350,15850,1114
4991.356000,2568612136,2568613244,15906,1108
4991.368024,2568621015,2568622130,15993,1115
4991.380039,2568629914,2568631026,15830,1112
4991.393070,2568641045,2568642155,15985,1110
4991.410104,2568652561,2568653675,15889,1114
4991.423627,2568662732,2568663835,15914,1103
4991.435651,2568671624,2568672740,15893,1116
4991.447667,2568680508,2568681625,15761,1117
4991.459697,2568689405,2568690515,15822,1110
4991.471717,2568698313,2568699426,15964,1113
4991.483736,2568707214,2568708327,15938,1113
4991.507787,2568725000,2568726117,15966,1117
4991.519805,2568733905,2568735024,15851,1119
4991.531832,2568742805,2568743911,15969,1106
4991.543857,2568751681,2568752799,16064,1118
4991.555873,2568760583,2568761696,15845,1113
4991.567902,2568769478,2568770588,15906,1110
4991.579924,2568778360,2568779473,15959,1113
4991.591941,2568787272,2568788380,15776,1108
4991.603971,2568796156,2568797276,15820,1120
4991.615994,2568805067,2568806180,15980,1113
4991.628013,2568813960,2568815078,15939,1118
4991.640039,2568822846,2568823951,15864,1105
4991.652064,2568831733,2568832840,15903,1107
4991.664081,2568840627,2568841735,15756,1108
4991.676109,2568849526,2568850635,15907,1109
4991.688131,2568858415,2568859523,15971,1108
4991.700147,2568867293,2568868406,15842,1113
4991.718182,2568880622,2568881731,15831,1109
4991.730213,2568889507,2568890613,15928,1106
4991.748245,2568902829,2568903939,15912,1110
4991.760268,2568911714,2568912827,15870,1113
4991.772285,2568920600,2568921713,15844,1113
4991.784315,2568929492,2568930602,15904,1110
4991.796337,2568938353,2568939465,15974,1112
4991.820382,2568956114,2568957224,15907,1110
4991.832406,2568965052,2568966160,15988,1108
4991.865470,2568989523,2568990637,15909,1114
4991.877491,2568998425,2568999532,15931,1107
4991.907548,2569020652,2569021769,15915,1117
4991.937606,2569042878,2569043991,15904,1113
4991.949629,2569051777,2569052890,15994,1113
4991.961645,2569060660,2569061773,15843,1113
4991.991710,2569082900,2569084012,15906,1112
4992.003731,2569091798,2569092911,15972,1113
4992.015748,2569100695,2569101805,15837,1110
4992.027777,2569109579,2569110692,15908,1113
4992.039801,2569118486,2569119596,15985,1110
4992.051816,2569127382,2569128492,15787,1110
4992.063846,2569136267,2569137382,15905,1115
4992.075868,2569145178,2569146288,15970,1110
4992.087885,2569154072,2569155178,15825,1106
4992.099916,2569162953,2569164066,15912,1113
4992.111938,2569171864,2569172982,15995,1118
4992.129973,2569185181,2569186294,15987,1113
4992.141988,2569194077,2569195186,15791,1109
4992.154017,2569202963,2569204073,15917,1110
4992.169039,2569214103,2569215217,15927,1114
4992.181070,2569222992,2569224099,15866,1107
4992.197105,2569236301,2569237408,15903,1107
4992.209127,2569245193,2569246303,15991,1110
4992.232159,2569260738,2569261848,15829,1110
4992.244187,2569269654,2569270763,15903,1109
4992.256209,2569278542,2569279648,15821,1106
4992.268228,2569287421,2569288527,15818,1106
4992.280257,2569296311,2569297421,15819,1110
4992.292278,2569305195,2569306314,15965,1119
4992.304301,2569314094,2569315204,15904,1110
4992.316324,2569322976,2569324089,15907,1113
4992.331348,2569334103,2569335212,15847,1109
4992.343376,2569342988,2569344101,15909,1113
4992.355398,2569351861,2569352969,15831,1108
4992.367416,2569360769,2569361886,15859,1117
4992.379444,2569369705,2569370822,15910,1117
4992.391468,2569378629,2569379745,15949,1116
4992.403491,2569387553,2569388671,15822,1118
4992.415514,2569396468,2569397585,15912,1117
4992.427536,2569405395,2569406506,15960,1111
4992.439555,2569414317,2569415421,15865,1104
4992.451583,2569423204,2569424321,15911,1117
4992.463605,2569432109,2569433223,15983,1114
4992.475622,2569440992,2569442108,15924,1116
4992.487650,2569449879,2569450992,15987,1113
4992.499674,2569458772,2569459882,15983,1110
4992.511690,2569467667,2569468782,15859,1115
4992.523719,2569476571,2569477684,15909,1113
4992.535742,2569485469,2569486573,15964,1104
4992.547759,2569494353,2569495463,15863,1110
4992.559789,2569503251,2569504362,15911,1111
4992.571810,2569512149,2569513264,15912,1115
4992.583833,2569521077,2569522195,15909,1118
4992.625913,2569552302,2569553417,15961,1115
4992.637930,2569561211,2569562319,15796,1108
4992.693049,2569603401,2569604511,15907,1110
4992.740133,2569636745,2569637862,15909,1117
4992.752156,2569645650,2569646763,15830,1113
4992.764171,2569654560,2569655670,15828,1110
4992.776200,2569663433,2569664542,15907,1109
4992.788224,2569672317,2569673425,15903,1108
4992.800247,2569681208,2569682323,15904,1115
4992.812270,2569690100,2569691208,15907,1108
4992.824291,2569698986,2569700099,15936,1113
4992.845326,2569714543,2569715658,15848,1115
4992.857352,2569723462,2569724578,15862,1116
4992.899434,2569754562,2569755669,15910,1107
4992.911457,2569763459,2569764562,15861,1103
4992.923481,2569772764,2569773874,15965,1110
4992.935497,2569781673,2569782783,15862,1110
4992.947526,2569790567,2569791681,15907,1114
4992.959549,2569799461,2569800571,15978,1110
4992.971566,2569808366,2569809467,15759,1101
4992.983593,2569817243,2569818348,15909,1105
4992.995618,2569826118,2569827227,15936,1109
4993.007634,2569835004,2569836115,15862,1111
4993.019665,2569843899,2569845014,15907,1115
4993.031684,2569852798,2569853908,15962,1110
4993.043703,2569861704,2569862815,15860,1111
4993.055734,2569870626,2569871733,15905,1107
4993.067756,2569879516,2569880629,15992,1113
4993.079771,2569888419,2569889532,15830,1113
4993.091800,2569897279,2569898392,15904,1113
4993.103823,2569906174,2569907279,15982,1105
4993.115840,2569915081,2569916191,15851,1110
4993.127870,2569923969,2569925079,15863,1110
4993.139892,2569932849,2569933966,15978,1117
4993.151908,2569941741,2569942851,15788,1110
4993.187977,2569968423,2569969531,15811,1108
4993.200008,2569977306,2569978421,15915,1115
4993.212029,2569986197,2569987310,15986,1113
4993.224045,2569995082,2569996192,15928,1110
4993.257116,2570019546,2570020657,15988,1111
4993.269134,2570028421,2570029533,15855,1112
4993.296190,2570048441,2570049553,15907,1112
4993.308213,2570057319,2570058431,15912,1112
4993.320235,2570066229,2570067342,15985,1113
4993.332254,2570075133,2570076251,15857,1118
4993.344282,2570084029,2570085134,15911,1105
4993.356305,2570092908,2570094015,15990,1107
4993.368320,2570101789,2570102899,15827,1110
4993.380349,2570110681,2570111796,15913,1115
4993.413406,2570135112,2570136225,15847,1113
4993.425436,2570144007,2570145122,15990,1115
4993.437458,2570152901,2570154014,16056,1113
4993.449474,2570161792,2570162904,15830,1112
4993.461503,2570170674,2570171787,15817,1113
4993.476526,2570181799,2570182907,15911,1108
4993.488555,2570190690,2570191795,15891,1105
4993.500577,2570199572,2570200685,15980,1113
4993.527629,2570219557,2570220672,16065,1115
4993.539646,2570228450,2570229559,15845,1109
4993.551675,2570237304,2570238419,15823,1115
4993.563699,2570246195,2570247308,15994,1113
4993.575712,2570255050,2570256152,15678,1102
4993.635836,2570299456,2570300564,16074,1108
4993.647854,2570308338,2570309448,15872,1110
4993.659882,2570317241,2570318354,15908,1113
4993.671906,2570326121,2570327231,15976,1110
4993.683920,2570335017,2570336127,15843,1110
4993.695949,2570343910,2570345027,15911,1117
4993.707974,2570352808,2570353918,15989,1110
4993.719989,2570361720,2570362833,15833,1113
4993.732017,2570370601,2570371709,15909,1108
4993.744041,2570379500,2570380609,15913,1109
4993.756057,2570388401,2570389518,15842,1117
4993.768088,2570397299,2570398408,15906,1109
4993.780110,2570406200,2570407309,15979,1109
4993.792132,2570415090,2570416208,15906,1118
4993.810160,2570428409,2570429522,15827,1113
4993.822189,2570437294,2570438407,15911,1113
4993.852246,2570459499,2570460608,15970,1109
4993.864263,2570468391,2570469508,15846,1117
4993.876295,2570477310,2570478419,15896,1109
4993.888315,2570486216,2570487326,15933,1110
4993.952444,2570535098,2570536201,15846,1103
4993.981486,2570555102,2570556208,15849,1106
4993.993515,2570563996,2570565106,15896,1110
4994.056635,2570610632,2570611745,15987,1113
4994.068659,2570619533,2570620646,16038,1113
4994.101722,2570643941,2570645049,15893,1108
4994.113744,2570652793,2570653901,15933,1108
4994.137791,2570670546,2570671656,15905,1110
4994.149814,2570679462,2570680574,15989,1112
4994.161832,2570688354,2570689471,15860,1117
4994.173860,2570697250,2570698356,15885,1106
4994.192901,2570712809,2570713922,15982,1113
4994.249003,2570752797,2570753911,15989,1114
4994.261018,2570761682,2570762797,15834,1115
4994.282064,2570777217,2570778330,15907,1113
4994.294087,2570786105,2570787213,15971,1108
4994.312121,2570799445,2570800558,15971,1113
4994.324138,2570808342,2570809456,15848,1114
4994.336168,2570817237,2570818351,15908,1114
4994.348191,2570826131,2570827246,15988,1115
4994.366225,2570839443,2570840556,15988,1113
4994.423326,2570881674,2570882783,15843,1109
4994.436861,2570891883,2570893001,15902,1118
4994.448882,2570900787,2570901899,15909,1112
4994.463903,2570911914,2570913024,15841,1110
4994.475936,2570920743,2570921858,15944,1115
4994.487956,2570929644,2570930752,15911,1108
4994.505990,2570943001,2570944113,15981,1112
4994.518006,2570951906,2570953024,15843,1118
4994.573121,2570994162,2570995275,15917,1113
4994.596161,2571009747,2571010851,15970,1104
4994.609682,2571019892,2571021005,15920,1113
4994.675807,2571068362,2571069473,15634,1111
4994.687836,2571077260,2571078361,15966,1101
4994.705866,2571090516,2571091624,15955,1108
4994.717876,2571099302,2571100407,15601,1105
4994.778008,2571143312,2571144422,15959,1110
4994.790013,2571152142,2571153254,15675,1112
4994.880185,2571218071,2571219182,15756,1111
4994.892219,2571226857,2571227963,15636,1106
4994.910253,2571240123,2571241230,15648,1107
4994.922280,2571248916,2571250023,15966,1107
4994.952322,2571270901,2571272008,15681,1107
4994.964356,2571279716,2571280822,15638,1106
4994.979373,2571290716,2571291822,15676,1106
4994.991408,2571299499,2571300610,15668,1111
4995.003436,2571308336,2571309449,15890,1113
4995.015442,2571317126,2571318228,15598,1102
4995.027473,2571325929,2571327035,15733,1106
4995.039504,2571334749,2571335827,15810,1078
4995.051511,2571343503,2571344605,15599,1102
4995.069545,2571356654,2571357770,15679,1116
4995.081584,2571365452,2571366568,15662,1116
4995.099613,2571378614,2571379721,15612,1107
4995.111641,2571387490,2571388603,15901,1113
4995.123648,2571396282,2571397392,15681,1110
4995.135676,2571405084,2571406188,15705,1104
4995.156728,2571420514,2571421599,15836,1085
4995.168734,2571429261,2571430362,15680,1101
4995.207819,2571457831,2571458938,15632,1107
4995.219848,2571466688,2571467801,15962,1113
4995.231865,2571475520,2571476622,15643,1102
4995.243886,2571484361,2571485471,15823,1110
4995.264936,2571499824,2571500928,15976,1104
4995.276939,2571508598,2571509703,15639,1105
4995.303991,2571528401,2571529513,15681,1112
4995.316027,2571537232,2571538338,15616,1106
4995.328053,2571546050,2571547167,15977,1117
4995.340066,2571554881,2571555992,15714,1111
4995.352093,2571563669,2571564780,15637,1111
4995.364123,2571572497,2571573584,15829,1087
4995.376128,2571581257,2571582364,15599,1107
4995.388162,2571590045,2571591150,15639,1105
4995.400190,2571598857,2571599967,15976,1110
4995.421214,2571614188,2571615292,15680,1104
4995.433243,2571622988,2571624102,15772,1114
4995.445276,2571631801,2571632905,15892,1104
4995.460299,2571642754,2571643861,15635,1107
4995.496368,2571669112,2571670216,15713,1104
4995.508396,2571677920,2571679028,16061,1108
4995.520408,2571686732,2571687834,15729,1102
4995.592540,2571739461,2571740568,15683,1107
4995.604573,2571748243,2571749352,15636,1109
4995.628616,2571765851,2571766953,15608,1102
4995.640638,2571774697,2571775803,15620,1106
4995.692752,2571814167,2571815269,15671,1102
4995.715789,2571829584,2571830695,15971,1111
4995.728824,2571840612,2571841720,15809,1108
4995.745846,2571851658,2571852765,15954,1107
4995.833014,2571915429,2571916533,15952,1104
4995.845020,2571924224,2571925335,15601,1111
4995.908154,2571970405,2571971523,15957,1118
4995.920174,2571979194,2571980296,15716,1102
4995.932204,2571988072,2571989175,16000,1103
4995.948719,2572000412,2572001524,15760,1112
4995.962243,2572010744,2572011854,15680,1110
4996.007329,2572043711,2572044816,15682,1105
4996.019362,2572052504,2572053609,15557,1105
4996.031392,2572061343,2572062458,15910,1115
4996.043397,2572070139,2572071255,15641,1116
4996.055431,2572078935,2572080044,15641,1109
4996.076476,2572094346,2572095452,16039,1106
4996.088483,2572103127,2572104232,15686,1105
4996.124562,2572129489,2572130597,15875,1108
4996.136585,2572138352,2572139453,15888,1101
4996.151607,2572149341,2572150451,15763,1110
4996.163633,2572158206,2572159316,15607,1110
4996.175665,2572167028,2572168135,15871,1107
4996.193698,2572180219,2572181333,15986,1114
4996.205706,2572188987,2572190097,15685,1110
4996.236772,2572213156,2572214266,15977,1110
4996.256819,2572226372,2572227485,15989,1113
4996.268829,2572235180,2572236288,15677,1108
4996.295877,2572255001,2572256114,15681,1113
4996.307910,2572263828,2572264947,15833,1119
4996.319941,2572272644,2572273726,15825,1082
4996.331947,2572281431,2572282538,15679,1107
4996.343978,2572290269,2572291376,15595,1107
4996.356008,2572299052,2572300170,15894,1118
4996.368015,2572307850,2572308955,15599,1105
4996.380049,2572316649,2572317756,15638,1107
4996.392077,2572325441,2572326545,16062,1104
4996.410111,2572338615,2572339719,15985,1104
4996.422125,2572347433,2572348541,15678,1108
4996.473231,2572384798,2572385911,15961,1113
4996.488254,2572395781,2572396860,15833,1079
4996.521313,2572419943,2572421049,15715,1106
4996.533340,2572428763,2572429868,15717,1105
4996.557375,2572446345,2572447457,15682,1112
4996.569415,2572455134,2572456241,15787,1107
4996.581437,2572463970,2572465074,16018,1104
4996.617503,2572490294,2572491398,15960,1104
4996.629513,2572499089,2572500191,15681,1102
4996.677608,2572534326,2572535423,15565,1097
4996.689643,2572543126,2572544239,16065,1113
4996.743747,2572582775,2572583881,16001,1106
4996.755754,2572591625,2572592737,15597,1112
4996.767792,2572600417,2572601524,15632,1107
4996.779814,2572609210,2572610320,15979,1110
4996.791834,2572618033,2572619143,15951,1110
4996.803851,2572626806,2572627918,15612,1112
4996.815884,2572635640,2572636719,15902,1079
4996.833918,2572648828,2572649910,15823,1082
4996.845924,2572657592,2572658706,15681,1114
4996.885005,2572686143,2572687246,15607,1103
4996.900032,2572697169,2572698272,15786,1103
4996.948127,2572732460,2572733573,15835,1113
4996.960158,2572741362,2572742472,15956,1110
4996.972165,2572750141,2572751246,15619,1105
4996.984197,2572758919,2572760024,15654,1105
4996.996221,2572767769,2572768878,15931,1109
4997.008238,2572776554,2572777655,15807,1101
4997.020261,2572785367,2572786478,15815,1111
4997.032294,2572794177,2572795283,15985,1106
4997.044300,2572802957,2572804064,15683,1107
4997.056334,2572811730,2572812841,15635,1111
4997.095414,2572840327,2572841440,15982,1113
4997.107420,2572849128,2572850239,15757,1111
4997.119449,2572857941,2572859023,15634,1082
4997.152507,2572882128,2572883229,15680,1101
4997.164545,2572890964,2572892076,15717,1112
4997.197596,2572915225,2572916331,15760,1106
4997.209626,2572924003,2572925110,15640,1107
4997.257722,2572959211,2572960324,16071,1113
4997.269730,2572967987,2572969091,15680,1104
4997.299794,2572990011,2572991109,15635,1098
4997.311826,2572998812,2572999927,16026,1115
4997.323834,2573007645,2573008756,15679,1111
4997.335865,2573016466,2573017579,15836,1113
4997.347896,2573025277,2573026359,15744,1082
4997.359901,2573034016,2573035132,15677,1116
4997.377937,2573047258,2573048365,15679,1107
4997.389966,2573056089,2573057199,15756,1110
4997.401998,2573064893,2573065996,15939,1103
4997.414008,2573073706,2573074804,15598,1098
4997.426034,2573082587,2573083697,15642,1110
4997.456097,2573104701,2573105818,15940,1117
4997.468123,2573113979,2573115096,15954,1117
4997.513200,2573147185,2573148288,15636,1103
4997.525227,2573156011,2573157121,15646,1110
4997.537254,2573164812,2573165916,15979,1104
4997.564305,2573184614,2573185717,15952,1103
4997.576314,2573193441,2573194551,15683,1110
4997.588342,2573202250,2573203356,15643,1106
4997.609392,2573217707,2573218820,15981,1113
4997.621402,2573226528,2573227632,15761,1104
4997.693535,2573279367,2573280476,15680,1109
4997.705569,2573288191,2573289295,15599,1104
4997.720588,2573299266,2573300372,15681,1106
4997.732620,2573308105,2573309209,15781,1104
4997.768686,2573334458,2573335561,15602,1103
4997.780717,2573343252,2573344361,15969,1109
4997.792726,2573352082,2573353194,15682,1112
4997.820801,2573374091,2573375193,15637,1102
4997.897940,2573429049,2573430155,15984,1106
4997.909954,2573437809,2573438912,15638,1103
4997.924992,2573448827,2573449940,16058,1113
4997.936998,2573457620,2573458729,15676,1109
4997.949032,2573466405,2573467507,15714,1102
4997.961060,2573475228,2573476336,15909,1108
4997.973067,2573484015,2573485117,15682,1102
4997.988112,2573495019,2573496128,15975,1109
4998.000120,2573503839,2573504942,15678,1103
4998.018154,2573517055,2573518161,15677,1106
4998.030186,2573525831,2573526942,15649,1111
4998.057243,2573545611,2573546722,15706,1111
4998.069265,2573554427,2573555528,15964,1101
4998.141402,2573607151,2573608251,15963,1100
4998.153410,2573615949,2573617060,15684,1111
4998.165444,2573624758,2573625863,15638,1105
4998.177474,2573633564,2573634641,15824,1077
4998.192495,2573644501,2573645611,15716,1110
4998.204525,2573653400,2573654509,15961,1109
4998.244601,2573684215,2573685325,15729,1110
4998.261616,2573695217,2573696324,15681,1107
4998.273650,2573704015,2573705118,15710,1103
4998.345783,2573756746,2573757853,15598,1107
4998.357814,2573765558,2573766671,15952,1113
4998.399890,2573796220,2573797327,15637,1107
4998.411919,2573805101,2573806201,15876,1100
4998.423924,2573813881,2573814988,15757,1107
4998.435958,2573822644,2573823750,15643,1106
4998.447986,2573831439,2573832549,15984,1110
4998.469010,2573846861,2573847968,15676,1107
4998.481044,2573855627,2573856725,15561,1098
4998.517112,2573882053,2573883155,15641,1102
4998.529140,2573890873,2573891952,15803,1079
4998.553188,2573908390,2573909500,15707,1110
4998.565206,2573917230,2573918339,15942,1109
4998.601276,2573943574,2573944674,15965,1100
4998.613286,2573952411,2573953522,15683,1111
4998.625318,2573961195,2573962301,15633,1106
4998.656388,2573985396,2573986508,15731,1112
4998.668412,2573994227,2573995334,15650,1107
4998.760576,2574060155,2574061271,15716,1116
4998.772604,2574068990,2574070099,16015,1109
4998.808675,2574095375,2574096479,16056,1104
4998.820680,2574104199,2574105302,15681,1103
4998.860762,2574134983,2574136087,15988,1104
4998.907860,2574167960,2574169042,15879,1082
4998.919872,2574176695,2574177806,15767,1111
4998.931901,2574185493,2574186598,15654,1105
4998.943928,2574194313,2574195423,15966,1110
4998.955939,2574203088,2574204191,15671,1103
4998.967969,2574211867,2574212978,15729,1111
4998.980000,2574221112,2574222220,16041,1108
4999.016067,2574247570,2574248679,16061,1109
4999.028080,2574256421,2574257524,15636,1103
4999.040108,2574265214,2574266324,15642,1110
4999.052136,2574274063,2574275174,15976,1111
4999.064142,2574282832,2574283934,15602,1102
4999.076176,2574291629,2574292705,15867,1076
4999.088207,2574300448,2574301561,15875,1113
4999.100218,2574309226,2574310323,15646,1097
4999.112244,2574318051,2574319152,15657,1101
4999.124271,2574326861,2574327974,15961,1113
4999.160342,2574353219,2574354334,15965,1115
4999.172359,2574362047,2574363153,15878,1106
4999.187392,2574373046,2574374159,16008,1113
4999.199410,2574381882,2574382989,15815,1107
4999.211432,2574390704,2574391807,15650,1103
4999.223460,2574399510,2574400620,15969,1110
4999.235470,2574408364,2574409473,15689,1109
4999.289572,2574448079,2574449176,15678,1097
4999.301599,2574456882,2574457989,15806,1107
4999.313633,2574465704,2574466822,15980,1118
4999.367735,2574505245,2574506352,15993,1107
4999.379756,2574514058,2574515166,15956,1108
4999.391773,2574522850,2574523957,15601,1107
4999.403806,2574531693,2574532803,15945,1110
4999.424842,2574547090,2574548199,15952,1109
4999.436861,2574555914,2574557024,15838,1110
4999.496976,2574599874,2574600981,15859,1107
4999.508995,2574608712,2574609827,15599,1115
4999.524017,2574619709,2574620814,15681,1105
4999.593164,2574670233,2574671342,16060,1109
4999.620218,2574684007,2574684620,12047,613
4999.633745,2574689176,2574690006,13645,830
4999.645766,2574697737,2574698842,15914,1105
4999.657778,2574706578,2574707681,15599,1103
4999.687846,2574728618,2574729722,15939,1104
4999.699868,2574737458,2574738564,15998,1106
4999.711881,2574746262,2574747369,15602,1107
4999.723915,2574755086,2574756196,15951,1110
4999.735936,2574763952,2574765067,15988,1115
4999.747952,2574772848,2574773962,15821,1114
4999.759983,2574781679,2574782785,15941,1106
4999.772004,2574790526,2574791634,15971,1108
4999.784018,2574799347,2574800452,15682,1105
4999.796051,2574808193,2574809311,15987,1118
4999.808072,2574817041,2574818149,16022,1108
4999.820084,2574825845,2574826949,15644,1104
4999.832120,2574834691,2574835800,15948,1109
4999.844141,2574843745,2574844851,15868,1106
4999.856156,2574852596,2574853698,15536,1102
4999.868189,2574861422,2574862539,15813,1117
4999.880210,2574870277,2574871383,15973,1106
4999.892231,2574879103,2574880210,15601,1107
4999.904257,2574887947,2574889055,15934,1108
4999.916278,2574896790,2574897894,15971,1104
4999.928290,2574905597,2574906704,15493,1107
4999.940326,2574914447,2574915560,15851,1113
4999.988416,2574949900,2574951004,16047,1104
5000.000432,2574958745,2574959854,15842,1109
5000.045518,2574991936,2574993054,15833,1118
5000.057547,2575000999,2575002112,16019,1113
5000.069568,2575009852,2575010966,15870,1114
5000.081583,2575018676,2575019782,15570,1106
5000.093616,2575027524,2575028632,15858,1108
5000.105637,2575036396,2575037509,15866,1113
5000.116158,2575042873,2575043771,15212,898
5000.128180,2575051495,2575052601,15957,1106
5000.140202,2575060304,2575061411,15603,1107
5000.152227,2575069146,2575070256,15939,1110
5000.164249,2575077999,2575079112,15870,1113
5000.176264,2575086833,2575087942,15617,1109
5000.188296,2575095686,2575096800,15905,1114
5000.212335,2575113384,2575114494,15818,1110
5000.224365,2575122262,2575123372,15907,1110
5000.236386,2575131105,2575132213,15873,1108
5000.248404,2575139959,2575141074,15858,1115
5000.260434,2575148873,2575149983,15801,1110
5000.275453,2575159901,2575161008,15676,1107
5000.287486,2575168741,2575169855,15945,1114
5000.299508,2575177630,2575178730,15992,1100
5000.311525,2575186454,2575187564,15622,1110
5000.323554,2575195289,2575196397,15899,1108
5000.335576,2575204152,2575205266,15971,1114
5000.348606,2575215188,2575216291,16018,1103
5000.371645,2575230670,2575231784,16052,1114
5000.383664,2575239536,2575240644,15878,1108
5000.395690,2575248410,2575249515,15822,1105
5000.407713,2575257239,2575258345,15974,1106
5000.419727,2575266052,2575267155,15603,1103
5000.431760,2575274883,2575275992,15945,1109
5000.443781,2575283732,2575284842,15970,1110
5000.455796,2575292545,2575293654,15604,1109
5000.467828,2575301410,2575302517,15942,1107
5000.479849,2575310256,2575311364,15876,1108
5000.490372,2575318193,2575319306,15909,1113
5000.503897,2575328381,2575329496,15939,1115
5000.515917,2575337230,2575338334,15870,1104
5000.527933,2575346050,2575347153,15539,1103
5000.539963,2575354937,2575356047,15823,1110
5000.551986,2575363778,2575364892,15871,1114
5000.564001,2575372647,2575373749,15620,1102
5000.576033,2575381473,2575382582,15944,1109
5000.588056,2575390338,2575391449,15911,1111
5000.600070,2575399210,2575400318,15694,1108
5000.612102,2575408061,2575409169,15946,1108
5000.624123,2575416933,2575418050,15961,1117
5000.636145,2575425750,2575426857,15684,1107
5000.648171,2575434596,2575435710,16024,1114
5000.660192,2575443447,2575444553,15959,1106
5000.684240,2575461144,2575462252,15943,1108
5000.696262,2575470037,2575471147,15973,1110
5000.708275,2575478894,2575480004,15536,1110
5000.747357,2575507613,2575508692,15745,1079
5000.759382,2575516458,2575517567,15977,1109
5000.771395,2575525329,2575526430,15692,1101
5000.783425,2575534176,2575535262,15744,1086
5000.795451,2575543042,2575544157,15933,1115
5000.807464,2575551894,2575553001,15616,1107
5000.819496,2575560789,2575561902,15988,1113
5000.831518,2575569642,2575570757,15873,1115
5000.843533,2575578479,2575579581,15528,1102
5000.855566,2575587337,2575588419,15652,1082
5000.867588,2575596180,2575597292,15958,1112
5000.879601,2575605008,2575606124,15694,1116
5000.891634,2575613891,2575614974,15844,1083
5000.903657,2575622704,2575623817,15957,1113
5000.915674,2575631530,2575632632,15620,1102
5000.927703,2575640371,2575641481,15897,1110
5000.939725,2575649239,2575650349,15887,1110
5000.951739,2575658048,2575659155,15606,1107
5000.963772,2575666900,2575668004,15818,1104
5000.981804,2575680152,2575681231,15741,1079
5000.993829,2575689006,2575690111,15944,1105
5001.068961,2575744235,2575745346,15597,1111
5001.080994,2575753106,2575754224,15973,1118
5001.105031,2575770807,2575771910,15611,1103
5001.117062,2575779649,2575780762,15939,1113
5001.129085,2575788493,2575789599,15976,1106
5001.141099,2575797297,2575798409,15620,1112
5001.162148,2575812767,2575813877,15938,1110
5001.174169,2575821615,2575822728,15963,1113
5001.186187,2575830471,2575831581,15753,1110
5001.210237,2575848218,2575849327,16037,1109
5001.222253,2575857043,2575858152,15618,1109
5001.255324,2575881415,2575882522,15958,1107
5001.267339,2575890249,2575891361,15615,1112
5001.279373,2575899119,2575900227,15897,1108
5001.291395,2575908004,2575909117,15984,1113
5001.303408,2575916824,2575917936,15606,1112
5001.315440,2575925708,2575926809,15917,1101
5001.327462,2575934586,2575935702,15886,1116
5001.339480,2575943404,2575944517,15584,1113
5001.351510,2575952263,2575953382,15943,1119
5001.363531,2575961141,2575962255,15970,1114
5001.375545,2575969937,2575971038,15524,1101
5001.387577,2575978794,2575979906,15827,1112
5001.399601,2575987694,2575988806,15872,1112
5001.411619,2575996528,2575997643,15875,1115
5001.423644,2576005388,2576006471,15743,1083
5001.435668,2576014237,2576015341,15890,1104
5001.447682,2576023077,2576024188,15606,1111
5001.480755,2576047398,2576048511,15913,1113
5001.492768,2576056257,2576057358,15565,1101
5001.513819,2576071736,2576072840,15897,1104
5001.525839,2576080610,2576081718,15985,1108
5001.543873,2576093877,2576094989,15943,1112
5001.555888,2576102699,2576103796,15604,1097
5001.567921,2576111516,2576112632,15940,1116
5001.579944,2576120375,2576121488,15827,1113
5001.591959,2576129262,2576130366,15824,1104
5001.628033,2576155752,2576156857,15684,1105
5001.640059,2576164605,2576165718,16018,1113
5001.652079,2576173449,2576174555,15885,1106
5001.664094,2576182271,2576183382,15603,1111
5001.676127,2576191145,2576192249,15827,1104
5001.688150,2576200032,2576201145,15990,1113
5001.700162,2576208902,2576210008,15608,1106
5001.712196,2576217742,2576218852,15921,1110
5001.724217,2576226619,2576227732,15971,1113
5001.736234,2576235468,2576236581,15890,1113
5001.748265,2576244320,2576245427,15941,1107
5001.760285,2576253161,2576254269,15968,1108
5001.772299,2576261978,2576263085,15607,1107
5001.784331,2576270849,2576271960,15905,1111
5001.796354,2576279702,2576280815,15969,1113
5001.832423,2576306202,2576307315,15975,1113
5001.844442,2576315063,2576316169,15872,1106
5001.892539,2576350469,2576351573,15946,1104
5001.904560,2576359365,2576360476,15969,1111
5001.916574,2576368177,2576369286,15563,1109
5001.943626,2576388044,2576389151,15605,1107
5001.955658,2576396897,2576398010,15941,1113
5001.967680,2576405735,2576406846,16057,1111
5001.979696,2576414591,2576415706,15835,1115
5001.991727,2576423458,2576424567,15940,1109
5002.005253,2576433584,2576434694,15943,1110
5002.024787,2576448171,2576449278,15682,1107
5002.039818,2576459322,2576460440,15985,1118
5002.052849,2576470477,2576471596,15941,1119
5002.069865,2576481567,2576482679,15669,1112
5002.081897,2576490491,2576491600,15987,1109
5002.093921,2576499415,2576500530,15985,1115
5002.117966,2576517165,2576518284,15943,1119
5002.129988,2576526077,2576527190,16022,1113
5002.142002,2576534944,2576536056,15617,1112
5002.157038,2576546040,2576547153,15960,1113
5002.169053,2576554900,2576556012,15609,1112
5002.181084,2576563804,2576564912,15908,1108
5002.193108,2576572737,2576573854,15954,1117
5002.205123,2576581597,2576582709,15616,1112
5002.262240,2576623764,2576624874,15939,1110
5002.274263,2576632645,2576633757,15915,1112
5002.286277,2576641519,2576642635,15612,1116
5002.304308,2576654806,2576655913,15567,1107
5002.316344,2576663665,2576664775,15809,1110
5002.367428,2576701203,2576702306,15562,1103
5002.379463,2576710087,2576711199,15907,1112
5002.397499,2576723338,2576724417,15735,1079
5002.409520,2576732169,2576733277,15947,1108
5002.421542,2576740995,2576742102,15683,1107
5002.433565,2576749841,2576750925,15745,1084
5002.445589,2576758696,2576759806,15916,1110
5002.457612,2576767601,2576768716,15911,1115
5002.472640,2576778752,2576779867,15914,1115
5002.484663,2576787668,2576788779,15805,1111
5002.508709,2576805500,2576806611,15892,1111
5002.520726,2576814346,2576815458,15640,1112
5002.532755,2576823192,2576824304,15940,1112
5002.580846,2576858755,2576859868,15970,1113
5002.592860,2576867611,2576868723,15540,1112
5002.631944,2576896359,2576897472,15944,1113
5002.643964,2576905226,2576906335,15867,1109
5002.661998,2576918492,2576919601,15955,1109
5002.674019,2576927351,2576928458,15867,1107
5002.728117,2576967150,2576968257,15613,1107
5002.740151,2576975998,2576977111,15941,1113
5002.752172,2576984873,2576985988,15973,1115
5002.764188,2576993747,2576994851,15803,1104
5002.776220,2577002637,2577003719,15687,1082
5002.788242,2577011460,2577012568,15884,1108
5002.800254,2577020277,2577021385,15605,1108
5002.821305,2577035762,2577036875,15905,1113
5002.833326,2577044631,2577045741,16013,1110
5002.872394,2577073298,2577074404,15829,1106
5002.884425,2577082154,2577083269,15940,1115
5002.911477,2577102095,2577103208,15942,1113
5002.932515,2577117578,2577118691,15980,1113
5002.944533,2577126501,2577127607,15824,1106
5002.989611,2577159629,2577160736,15565,1107
5003.001648,2577168467,2577169580,15945,1113
5003.049737,2577203874,2577204989,15973,1115
5003.061752,2577212706,2577213821,15602,1115
5003.092817,2577237088,2577238199,15969,1111
5003.145922,2577274754,2577275868,15938,1114
5003.157945,2577283618,2577284727,16054,1109
5003.169960,2577292466,2577293569,15911,1103
5003.181990,2577301315,2577302428,15944,1113
5003.197009,2577312368,2577313470,15685,1102
5003.209040,2577321216,2577322295,15820,1079
5003.221063,2577330073,2577331186,15965,1113
5003.248117,2577350020,2577351127,15992,1107
5003.260129,2577358823,2577359929,15602,1106
5003.272160,2577367715,2577368830,15908,1115
5003.284184,2577376573,2577377681,16055,1108
5003.296198,2577385382,2577386488,15609,1106
5003.308231,2577394216,2577395324,15948,1108
5003.320253,2577403114,2577404222,16070,1108
5003.332266,2577411920,2577413031,15599,1111
5003.344300,2577420773,2577421885,15946,1112
5003.356320,2577429636,2577430748,15945,1112
5003.380368,2577447348,2577448458,15936,1110
5003.392389,2577456199,2577457303,15971,1104
5003.413431,2577471656,2577472753,15714,1097
5003.425454,2577480488,2577481593,15932,1105
5003.456519,2577504845,2577505955,15600,1110
5003.512617,2577544675,2577545786,15665,1111
5003.524335,2577553948,2577555062,15944,1114
5003.560711,2577580532,2577581644,15943,1112
5003.572732,2577589442,2577590550,15972,1108
5003.584749,2577598276,2577599384,15863,1108
5003.617816,2577622584,2577623699,15960,1115
5003.629832,2577631423,2577632525,15616,1102
5003.656883,2577651314,2577652423,15618,1109
5003.668913,2577660199,2577661313,15906,1114
5003.689953,2577675671,2577676781,15884,1110
5003.701969,2577684495,2577685602,15572,1107
5003.714001,2577693356,2577694469,15905,1113
5003.726014,2577702218,2577703321,15671,1103
5003.741048,2577713246,2577714354,15940,1108
5003.753059,2577722035,2577723147,15683,1112
5003.768104,2577733087,2577734199,16068,1112
5003.780112,2577741931,2577743036,15675,1105
5003.792144,2577750706,2577751806,15642,1100
5003.804173,2577759543,2577760655,15967,1112
5003.816183,2577768323,2577769431,15803,1108
5003.834213,2577781510,2577782616,15758,1106
5003.846244,2577790325,2577791433,15901,1108
5003.879303,2577814513,2577815616,15729,1103
5003.891333,2577823284,2577824396,15653,1112
5003.903361,2577832102,2577833180,15812,1078
5003.921394,2577845248,2577846352,15961,1104
5003.933402,2577854025,2577855137,15643,1112
5003.972483,2577882599,2577883706,15597,1107
5003.984512,2577891442,2577892552,15956,1110
5004.008562,2577909028,2577910129,15670,1101
5004.020583,2577917825,2577918934,15974,1109
5004.041612,2577933212,2577934314,15761,1102
5004.053641,2577942026,2577943140,15638,1114
5004.143813,2578007983,2578009098,15639,1115
5004.155841,2578016821,2578017921,15985,1100
5004.179882,2578034448,2578035543,15640,1095
5004.191907,2578043276,2578044386,15953,1110
5004.203916,2578052089,2578053195,15682,1106
5004.215950,2578060869,2578061975,15716,1106
5004.227979,2578069666,2578070784,16068,1118
5004.239985,2578078471,2578079583,15758,1112
5004.252019,2578087295,2578088401,15638,1106
5004.270053,2578100517,2578101623,15716,1106
5004.282078,2578109359,2578110467,15897,1108
5004.294088,2578118139,2578119250,15639,1111
5004.306127,2578126925,2578128032,15704,1107
5004.360220,2578166494,2578167599,15828,1105
5004.372252,2578175303,2578176402,15967,1099
5004.384259,2578184059,2578185170,15685,1111
5004.396293,2578192873,2578193971,15652,1098
5004.408322,2578201715,2578202828,15975,1113
5004.420328,2578210495,2578211607,15677,1112
5004.465415,2578243442,2578244552,15679,1110
5004.477447,2578252272,2578253375,15612,1103
5004.489474,2578261055,2578262158,15966,1103
5004.501493,2578269876,2578270981,15962,1105
5004.567618,2578318267,2578319377,15814,1110
5004.579647,2578327069,2578328183,15890,1114
5004.591668,2578335898,2578337006,15952,1108
5004.603691,2578344742,2578345854,15664,1112
5004.615716,2578353546,2578354652,15889,1106
5004.627735,2578362377,2578363490,15935,1113
5004.639757,2578371160,2578372236,15816,1076
5004.657786,2578384334,2578385447,15813,1113
5004.669818,2578393149,2578394249,15894,1100
5004.681826,2578401920,2578403028,15684,1108
5004.693859,2578410746,2578411853,15601,1107
5004.711894,2578423943,2578425045,15641,1102
5004.723922,2578432752,2578433861,15983,1109
5004.735934,2578441527,2578442639,15712,1112
5004.784031,2578476684,2578477791,15713,1107
5004.796060,2578485513,2578486626,15946,1113
5004.808066,2578494318,2578495433,15763,1115
5004.820095,2578503169,2578504266,15674,1097
5004.832127,2578511976,2578513086,15979,1110
5004.844134,2578520756,2578521861,15684,1105
5004.856163,2578529534,2578530644,15820,1110
5004.868196,2578538329,2578539439,15976,1110
5004.880203,2578547099,2578548198,15723,1099
5004.895248,2578558114,2578559209,15984,1095
5004.905273,2578566963,2578568068,15759,1105
5004.997429,2578632892,2578633999,15801,1107
5005.025994,2578653844,2578654952,15958,1108
5005.037519,2578663233,2578664339,15935,1106
5005.050041,2578672093,2578673203,15876,1110
5005.062063,2578680910,2578682028,15962,1118
5005.074085,2578689745,2578690854,15957,1109
5005.104135,2578711746,2578712856,15822,1110
5005.116167,2578720577,2578721685,15977,1108
5005.134201,2578733745,2578734854,15990,1109
5005.146212,2578742508,2578743615,15837,1107
5005.158238,2578751286,2578752388,15608,1102
5005.170270,2578760107,2578761211,15972,1104
5005.182278,2578768903,2578770010,15755,1107
5005.203322,2578784335,2578785445,15823,1110
5005.215354,2578793199,2578794314,15922,1115
5005.227363,2578801988,2578803099,15679,1111
5005.239392,2578810806,2578811908,15649,1102
5005.251423,2578819612,2578820725,15943,1113
5005.269461,2578832806,2578833916,16012,1110
5005.281471,2578841598,2578842711,15715,1113
5005.312532,2578865789,2578866905,15980,1116
5005.407707,2578933927,2578935036,15679,1109
5005.421236,2578944013,2578945115,15685,1102
5005.433261,2578952860,2578953969,15556,1109
5005.445292,2578961667,2578962774,15920,1107
5005.511403,2579010009,2579011119,15758,1110
5005.523434,2579018829,2579019932,15900,1103
5005.535466,2579027636,2579028741,15907,1105
5005.577536,2579058397,2579059499,15596,1102
5005.589565,2579067244,2579068353,15944,1109
5005.601575,2579076034,2579077147,15690,1113
5005.613608,2579084855,2579085957,15637,1102
5005.625634,2579093694,2579094801,16026,1107
5005.637648,2579102522,2579103626,15761,1104
5005.673711,2579128877,2579129979,15757,1102
5005.685739,2579137636,2579138748,15641,1112
5005.727815,2579168431,2579169533,15682,1102
5005.739848,2579177218,2579178329,15712,1111
5005.757882,2579190463,2579191565,15637,1102
5005.769911,2579199255,2579200368,15980,1113
5005.821002,2579236604,2579237709,15642,1105
5005.836025,2579247599,2579248701,15716,1102
5005.849560,2579257503,2579258609,15956,1106
5005.897643,2579292618,2579293729,15832,1111
5005.909675,2579301420,2579302533,15971,1113
5005.928713,2579316815,2579317922,15680,1107
5006.032906,2579391579,2579392685,15634,1106
5006.044936,2579400403,2579401515,15975,1112
5006.056954,2579409212,2579410326,15951,1114
5006.133105,2579466394,2579467507,15942,1113
5006.162156,2579486289,2579487397,15976,1108
5006.174169,2579495077,2579496189,15709,1112
5006.186197,2579503847,2579504946,15599,1099
5006.237289,2579541194,2579542297,15712,1103
5006.249314,2579550023,2579551130,15547,1107
5006.267352,2579563205,2579564317,15639,1112
5006.339494,2579615985,2579617091,15705,1106
5006.351518,2579624815,2579625921,15878,1106
5006.363523,2579633620,2579634731,15639,1111
5006.375557,2579642416,2579643522,15636,1106
5006.387585,2579651225,2579652334,15975,1109
5006.399604,2579660087,2579661196,15933,1109
5006.411626,2579668869,2579669978,15635,1109
5006.423654,2579677669,2579678778,15975,1109
5006.435660,2579686445,2579687552,15679,1107
5006.447694,2579695216,2579696319,15568,1103
5006.459718,2579704066,2579705170,15842,1104
5006.477758,2579717280,2579718379,15988,1099
5006.489771,2579726083,2579727194,15604,1111
5006.537873,2579761269,2579762377,15787,1108
5006.552885,2579772662,2579773768,15679,1106
5006.564918,2579781446,2579782557,15639,1111
5006.576945,2579790272,2579791381,15967,1109
5006.588959,2579799100,2579800211,15607,1111
5006.634043,2579832102,2579833214,15714,1112
5006.646067,2579840922,2579842032,15879,1110
5006.664106,2579854145,2579855252,15637,1107
5006.676136,2579862985,2579864094,15969,1109
5006.694170,2579876207,2579877308,15996,1101
5006.706175,2579885010,2579886107,15597,1097
5006.760278,2579924509,2579925616,15679,1107
5006.772308,2579933307,2579934408,15637,1101
5006.784337,2579942134,2579943240,15937,1106
5006.868484,2580003639,2580004749,15752,1110
5006.880516,2580012465,2580013573,15830,1108
5006.907569,2580032283,2580033389,15637,1106
5006.919597,2580041085,2580042190,16003,1105
5006.931608,2580049875,2580050981,15760,1106
5006.943638,2580058652,2580059732,15918,1080
5006.955669,2580067503,2580068609,16092,1106
5006.967674,2580076336,2580077439,15760,1103
5006.979705,2580085194,2580086309,15832,1115
5006.991736,2580094054,2580095164,16002,1110
5007.003743,2580102875,2580103979,15726,1104
5007.015774,2580111714,2580112825,15895,1111
5007.027804,2580120584,2580121701,15989,1117
5007.048827,2580136008,2580137111,15764,1103
5007.060859,2580144868,2580145977,15828,1109
5007.075880,2580155894,2580157001,15758,1107
5007.087914,2580164759,2580165872,15851,1113
5007.099941,2580173592,2580174697,15962,1105
5007.111949,2580182408,2580183514,15647,1106
5007.123980,2580191252,2580192356,15862,1104
5007.136007,2580200099,2580201207,16025,1108
5007.148017,2580208881,2580209988,15761,1107
5007.160051,2580217733,2580218845,15864,1112
5007.208147,2580253061,2580254170,16018,1109
5007.220154,2580261869,2580262970,15686,1101
5007.232191,2580270687,2580271806,15886,1119
5007.244214,2580279532,2580280639,16013,1107
5007.256223,2580288344,2580289456,15762,1112
5007.268254,2580297181,2580298284,15901,1103
5007.280284,2580306035,2580307143,16054,1108
5007.292292,2580314910,2580316013,15684,1103
5007.304322,2580323758,2580324867,15812,1109
5007.316353,2580332599,2580333713,15973,1114
5007.331380,2580343617,2580344725,15878,1108
5007.343403,2580352498,2580353599,15943,1101
5007.355413,2580361303,2580362404,15620,1101
5007.367443,2580370153,2580371263,15825,1110
5007.379473,2580378997,2580380107,15981,1110
5007.391482,2580387866,2580388969,15704,1103
5007.403511,2580396704,2580397822,15821,1118
5007.421545,2580409951,2580411058,15815,1107
5007.433575,2580418789,2580419902,15954,1113
5007.484661,2580456374,2580457487,15809,1113
5007.496696,2580465302,2580466416,15921,1114
5007.529759,2580489818,2580490929,15903,1111
5007.541782,2580498738,2580499854,15862,1116
5007.559816,2580512110,2580513221,15863,1111
5007.571827,2580520957,2580522064,15726,1107
5007.583850,2580529805,2580530915,15787,1110
5007.595885,2580538655,2580539768,15980,1113
5007.607895,2580547476,2580548588,15761,1112
5007.625926,2580560797,2580561899,15680,1102
5007.637959,2580569673,2580570786,15868,1113
5007.689046,2580607238,2580608345,15682,1107
5007.701077,2580616080,2580617193,15812,1113
5007.713107,2580624972,2580626085,15914,1113
5007.741159,2580647095,2580648187,15720,1092
5007.785245,2580678014,2580679123,15987,1109
5007.797252,2580686806,2580687913,15642,1107
5007.845352,2580722106,2580723221,15818,1115
5007.857382,2580730968,2580732072,15914,1104
5007.869389,2580739780,2580740890,15689,1110
5007.881416,2580748635,2580749738,15816,1103
5007.908471,2580768494,2580769598,15826,1104
5007.920502,2580777395,2580778498,15872,1103
5007.944538,2580795032,2580796142,15884,1110
5007.956570,2580803867,2580804975,16058,1108
5007.968589,2580812701,2580813807,16018,1106
5008.055759,2580876775,2580877880,15973,1105
5008.069285,2580887275,2580888384,15960,1109
5008.117364,2580922649,2580923756,15770,1107
5008.129396,2580931530,2580932634,15865,1104
5008.141422,2580940425,2580941528,15913,1103
5008.153434,2580949237,2580950348,15788,1111
5008.168473,2580960319,2580961432,15979,1113
5008.180493,2580969166,2580970269,15955,1103
5008.240611,2581013359,2581014472,15984,1113
5008.252618,2581022213,2581023320,15683,1107
5008.264645,2581031034,2581032140,15737,1106
5008.276678,2581039872,2581040985,15948,1113
5008.297703,2581055353,2581056460,15683,1107
5008.309734,2581064203,2581065312,15819,1109
5008.327765,2581077469,2581078577,15809,1108
5008.339799,2581086380,2581087486,15910,1106
5008.357833,2581099619,2581100724,15973,1105
5008.369841,2581108439,2581109546,15646,1107
5008.381872,2581117308,2581118418,15845,1110
5008.393900,2581126166,2581127273,15944,1107
5008.484073,2581192360,2581193466,15946,1106
5008.496081,2581201198,2581202299,15643,1101
5008.508112,2581210013,2581211121,15899,1108
5008.532149,2581227663,2581228765,15759,1102
5008.544180,2581236506,2581237616,15817,1110
5008.556211,2581245348,2581246458,15980,1110
5008.568218,2581254160,2581255267,15687,1107
5008.580251,2581263027,2581264134,15868,1107
5008.592279,2581271856,2581272965,15981,1109
5008.604287,2581280684,2581281791,15684,1107
5008.616318,2581289524,2581290628,15820,1104
5008.649373,2581313815,2581314924,15686,1109
5008.661400,2581322657,2581323761,15858,1104
5008.673432,2581331482,2581332589,16041,1107
5008.700486,2581351428,2581352537,15983,1109
5008.712503,2581360323,2581361438,15939,1115
5008.739555,2581374099,2581374719,11975,620
5008.753080,2581379425,2581380152,13022,727
5008.765107,2581388147,2581389307,16229,1160
5008.777128,2581397486,2581398673,16368,1187
5008.810192,2581423467,2581424657,16313,1190
5008.822214,2581433003,2581434192,16340,1189
5008.834235,2581442498,2581443687,16296,1189
5008.846261,2581452007,2581453200,16318,1193
5008.873313,2581473404,2581474597,16316,1193
5008.885334,2581482934,2581484126,16342,1192
5008.897352,2581492476,2581493665,16259,1189
5008.909381,2581502000,2581503197,16318,1197
5008.921402,2581511543,2581512731,16338,1188
5008.933421,2581521043,2581522237,16268,1194
5008.945450,2581530605,2581531794,16315,1189
5008.963484,2581545201,2581546390,16273,1189
5008.975506,2581554723,2581555916,16327,1193
5008.987524,2581564225,2581565417,16265,1192
5008.999553,2581573778,2581574967,16322,1189
5009.011574,2581583322,2581584518,16282,1196
5009.023592,2581592875,2581594065,16179,1190
5009.041627,2581607137,2581608325,16268,1188
5009.053656,2581616680,2581617878,16313,1198
5009.116775,2581666768,2581667960,16310,1192
5009.128797,2581676310,2581677500,16369,1190
5009.144828,2581690634,2581691826,16321,1192
5009.161863,2581702582,2581703781,16313,1199
5009.179897,2581716910,2581718097,16321,1187
5009.191918,2581726450,2581727634,16385,1184
5009.209953,2581740744,2581741934,16377,1190
5009.221970,2581750305,2581751499,16252,1194
5009.240004,2581764605,2581765795,16253,1190
5009.253530,2581773454,2581774568,15798,1114
5009.265561,2581782365,2581783475,15906,1110
5009.280581,2581793471,2581794583,15843,1112
5009.292612,2581802355,2581803463,15914,1108
5009.316648,2581820132,2581821245,15789,1113
5009.328680,2581829034,2581830148,15903,1114
5009.340701,2581837933,2581839051,15974,1118
5009.352718,2581846836,2581847944,15801,1108
5009.364748,2581855764,2581856880,15902,1116
5009.376769,2581864660,2581865764,15957,1104
5009.388787,2581873536,2581874639,15855,1103
5009.404829,2581886836,2581887946,15807,1110
5009.424858,2581900173,2581901282,15847,1109
5009.436884,2581909059,2581910169,15825,1110
5009.460926,2581926838,2581927952,15840,1114
5009.472953,2581935743,2581936853,15818,1110
5009.484974,2581944632,2581945736,15872,1104
5009.496992,2581953499,2581954611,15856,1112
5009.509021,2581962410,2581963522,15905,1112
5009.521043,2581971288,2581972392,15963,1104
5009.545090,2581989059,2581990172,15909,1113
5009.557111,2581997929,2581999037,15960,1108
5009.578147,2582013545,2582014660,15838,1115
5009.609708,2582037289,2582038406,15831,1117
5009.621736,2582046187,2582047297,15867,1110
5009.633760,2582055080,2582056188,15992,1108
5009.645776,2582063955,2582065063,15830,1108
5009.669829,2582081747,2582082861,15988,1114
5009.681844,2582090636,2582091754,15831,1118
5009.693875,2582099539,2582100654,15923,1115
5009.711907,2582112889,2582114002,15903,1113
5009.723932,2582121792,2582122899,15989,1107
5009.735950,2582130672,2582131791,15816,1119
5009.747976,2582139569,2582140682,15869,1113
5009.766012,2582152900,2582154006,15930,1106
5009.776328,2582161801,2582162911,15989,1110
5009.790049,2582170709,2582171821,15827,1112
5009.814103,2582188492,2582189600,15978,1108
5009.826119,2582197384,2582198491,15839,1107
5009.838147,2582206249,2582207360,15907,1111
5009.850172,2582215138,2582216244,15986,1106
5009.862185,2582224023,2582225126,15813,1103
5009.874216,2582232909,2582234012,15905,1103
5009.886242,2582241780,2582242895,15990,1115
5009.898258,2582250658,2582251768,15813,1110
5009.910284,2582259544,2582260653,15859,1109
5009.925307,2582270650,2582271764,15835,1114
5009.937336,2582279534,2582280638,15864,1104
5009.952359,2582290635,2582291745,15827,1110
5009.964388,2582299534,2582300642,15915,1108
5009.980424,2582312880,2582313990,15902,1110
5009.992441,2582321773,2582322891,15975,1118
5010.012479,2582335107,2582336215,15992,1108
5010.024496,2582344010,2582345113,15845,1103
5010.069581,2582377309,2582378426,15838,1117
5010.081609,2582386209,2582387315,15889,1106
5010.093633,2582395081,2582396187,15975,1106
5010.105650,2582403976,2582405091,15840,1115
5010.117678,2582412881,2582413988,15912,1107
5010.132704,2582423958,2582425071,15872,1113
5010.144729,2582432834,2582433944,15907,1110
5010.156753,2582441720,2582442831,15976,1111
5010.177787,2582457261,2582458375,15840,1114
5010.189816,2582466156,2582467260,15817,1104
5010.225885,2582492788,2582493896,15866,1108
5010.237909,2582501664,2582502764,15944,1100
5010.249927,2582510513,2582511621,15855,1108
5010.261953,2582519405,2582520514,15989,1109
5010.273978,2582528277,2582529386,15991,1109
5010.292012,2582541636,2582542748,15991,1112
5010.304027,2582550508,2582551617,15916,1109
5010.316056,2582559393,2582560506,15912,1113
5010.328081,2582568273,2582569382,15987,1109
5010.346115,2582581576,2582582689,15965,1113
5010.358129,2582590446,2582591556,15774,1110
5010.385182,2582610415,2582611525,15829,1110
5010.397211,2582619329,2582620440,15907,1111
5010.433280,2582645989,2582647106,15914,1117
5010.445303,2582654881,2582655987,15990,1106
5010.457318,2582663741,2582664844,15813,1103
5010.469348,2582672606,2582673721,15906,1115
5010.493388,2582690364,2582691480,15835,1116
5010.505417,2582699264,2582700373,15908,1109
5010.541485,2582725899,2582727012,15909,1113
5010.553509,2582734798,2582735916,15950,1118
5010.565525,2582743709,2582744819,15837,1110
5010.577554,2582752587,2582753696,15842,1109
5010.595588,2582765914,2582767022,15841,1108
5010.607612,2582774990,2582776104,16001,1114
5010.619628,2582783871,2582784977,15831,1106
5010.631657,2582792746,2582793864,15909,1118
5010.643681,2582801617,2582802726,15876,1109
5010.655695,2582810503,2582811617,15820,1114
5010.667727,2582819389,2582820497,15933,1108
5010.679749,2582828257,2582829363,15990,1106
5010.692780,2582839342,2582840455,15906,1113
5010.727836,2582863766,2582864879,15861,1113
5010.739862,2582872625,2582873729,15914,1104
5010.751887,2582881503,2582882606,15972,1103
5010.769921,2582894820,2582895930,16066,1110
5010.781936,2582903729,2582904839,15913,1110
5010.799973,2582917044,2582918159,15944,1115
5010.824022,2582935036,2582936140,15971,1104
5010.836039,2582943913,2582945026,15842,1113
5010.848067,2582952791,2582953905,15992,1114
5010.860091,2582961680,2582962791,15949,1111
5010.872107,2582970557,2582971665,15847,1108
5010.884135,2582979419,2582980525,15909,1106
5010.905177,2582994963,2582996073,15997,1110
5010.917194,2583003836,2583004946,15870,1110
5010.953260,2583030480,2583031589,15830,1109
5010.965289,2583039363,2583040472,15914,1109
5011.004365,2583068169,2583069279,15991,1110
5011.016382,2583077274,2583078382,15884,1108
5011.067489,2583115042,2583116153,16010,1111
5011.079502,2583123914,2583125021,15909,1107
5011.091532,2583133180,2583134287,15964,1107
5011.109566,2583146519,2583147635,15911,1116
5011.121590,2583155406,2583156515,15991,1109
5011.181702,2583199814,2583200923,15908,1109
5011.193727,2583208685,2583209794,15946,1109
5011.211761,2583222042,2583223150,15986,1108
5011.223776,2583231129,2583232247,15828,1118
5011.235805,2583240040,2583241144,15821,1104
5011.247830,2583248933,2583250041,15943,1108
5011.268865,2583264463,2583265572,15857,1109
5011.280891,2583273343,2583274455,15866,1112
5011.295914,2583284464,2583285574,15828,1110
5011.307942,2583293373,2583294484,15994,1111
5011.319967,2583302267,2583303376,16031,1109
5011.331982,2583311139,2583312251,15835,1112
5011.344011,2583320019,2583321132,15904,1113
5011.368054,2583337777,2583338890,15860,1113
5011.380079,2583346659,2583347774,15907,1115
5011.392104,2583355540,2583356649,15993,1109
5011.404120,2583364433,2583365551,15833,1118
5011.416148,2583373314,2583374424,15908,1110
5011.428173,2583382218,2583383326,15995,1108
5011.440188,2583391116,2583392218,15828,1102
5011.452217,2583400004,2583401112,15908,1108
5011.470251,2583413324,2583414432,15905,1108
5011.482275,2583422190,2583423299,15992,1109
5011.521342,2583451044,2583452151,15832,1107
5011.533371,2583459916,2583461031,15909,1115
5011.620531,2583524346,2583525454,15834,1108
5011.632562,2583533228,2583534340,15907,1112
5011.644584,2583542129,2583543235,15988,1106
5011.656600,2583551017,2583552118,15814,1101
5011.668629,2583559883,2583560993,15911,1110
5011.740766,2583613193,2583614302,15912,1109
5011.752791,2583622070,2583623179,15991,1109
5011.833945,2583682032,2583683144,15990,1112
5011.860998,2583702069,2583703184,16007,1115
5011.873011,2583710971,2583712074,15832,1103
5011.894057,2583726507,2583727613,15964,1106
5011.906081,2583735388,2583736503,16072,1115
5011.945147,2583764255,2583765365,15897,1110
5011.957177,2583773142,2583774250,15996,1108
5011.978219,2583788678,2583789784,15990,1106
5011.993246,2583799769,2583800873,15903,1104
5012.005270,2583808661,2583809768,15993,1107
5012.041339,2583835327,2583836444,16072,1117
5012.053357,2583844220,2583845333,15857,1113
5012.104459,2583882014,2583883122,15996,1108
5012.116474,2583890876,2583891984,15832,1108
5012.156556,2583921978,2583923094,15991,1116
5012.221682,2583968618,2583969732,15988,1114
5012.233697,2583977506,2583978616,15830,1110
5012.245726,2583986380,2583987497,15867,1117
5012.257750,2583995321,2583996429,15993,1108
5012.269766,2584004225,2584005342,15914,1117
5012.281795,2584013145,2584014249,15909,1104
5012.341902,2584057508,2584058622,15821,1114
5012.353932,2584066393,2584067502,15883,1109
5012.365956,2584075263,2584076376,16072,1113
5012.426069,2584119725,2584120834,15906,1109
5012.438093,2584128596,2584129711,15995,1115
5012.453120,2584139718,2584140826,15908,1108
5012.465145,2584148613,2584149718,15902,1105
5012.489189,2584166406,2584167514,15902,1108
5012.501214,2584175298,2584176415,15903,1117
5012.517242,2584188700,2584189815,15932,1115
5012.537281,2584202079,2584203194,15932,1115
5012.549297,2584210998,2584212117,15850,1119
5012.561328,2584219915,2584221033,15912,1118
5012.579362,2584233292,2584234411,15918,1119
5012.591383,2584242199,2584243313,15994,1114
5012.603400,2584251504,2584252614,15760,1110
5012.615430,2584260389,2584261495,15910,1106
5012.627452,2584269261,2584270378,15976,1117
5012.639467,2584278152,2584279263,15829,1111
5012.651499,2584287041,2584288149,15821,1108
5012.663519,2584295949,2584297055,15963,1106
5012.675540,2584304833,2584305940,15877,1107
5012.687566,2584313735,2584314850,15909,1115
5012.699587,2584322634,2584323744,16042,1110
5012.711606,2584331537,2584332646,15871,1109
5012.723635,2584340434,2584341542,15913,1108
5012.735656,2584349329,2584350442,16044,1113
5012.747674,2584358223,2584359335,15941,1112
5012.765708,2584371573,2584372690,15860,1117
5012.777738,2584380463,2584381576,15911,1113
5012.804789,2584400445,2584401550,15915,1105
5012.816811,2584409333,2584410445,16016,1112
5012.828829,2584418228,2584419338,15860,1110
5012.840857,2584427103,2584428211,15901,1108
5012.852879,2584435974,2584437086,15877,1112
5012.864897,2584444877,2584445982,15858,1105
5012.876928,2584453793,2584454903,15860,1110
5012.888949,2584462671,2584463789,15986,1118
5012.903979,2584473778,2584474887,15888,1109
5012.916001,2584482668,2584483777,15889,1109
5012.928017,2584491551,2584492656,15845,1105
5012.940048,2584500428,2584501540,15910,1112
5012.952069,2584509322,2584510441,15975,1119
5012.964086,2584518200,2584519307,15844,1107
5012.976109,2584527300,2584528406,15809,1106
5013.021195,2584560461,2584561566,15816,1105
5013.033225,2584569352,2584570455,15960,1103
5013.045243,2584578192,2584579299,15860,1107
5013.072289,2584598092,2584599198,15721,1106
5013.084324,2584606956,2584608073,15899,1117
5013.096345,2584615864,2584616977,15966,1113
5013.111366,2584626895,2584628004,15899,1109
5013.124399,2584637923,2584639027,15796,1104
5013.159465,2584662268,2584663374,15975,1106
5013.171476,2584671074,2584672181,15732,1107
5013.183511,2584679945,2584681022,15750,1077
5013.195533,2584688780,2584689886,15954,1106
5013.207545,2584697571,2584698680,15735,1109
5013.219572,2584706435,2584707540,15829,1105
5013.231602,2584715290,2584716398,15978,1108
5013.243610,2584724126,2584725232,15689,1106
5013.255636,2584733014,2584734092,15612,1078
5013.267670,2584741862,2584742969,16036,1107
5013.279689,2584750701,2584751814,16022,1113
5013.291709,2584759604,2584760717,15845,1113
5013.303738,2584768497,2584769609,15950,1112
5013.315747,2584777331,2584778438,15683,1107
5013.327777,2584786188,2584787294,15831,1106
5013.339810,2584795015,2584796130,15991,1115
5013.351815,2584803853,2584804960,15686,1107
5013.363849,2584812709,2584813822,15865,1113
5013.375877,2584821559,2584822666,15979,1107
5013.436988,2584867940,2584869048,15995,1108
5013.484082,2584901176,2584902285,15963,1109
5013.496101,2584910071,2584911175,15898,1104
5013.508121,2584918965,2584920078,15790,1113
5013.520150,2584927817,2584928930,15927,1113
5013.532167,2584936659,2584937771,15762,1112
5013.553207,2584952171,2584953284,15818,1113
5013.640364,2585016267,2585017374,15683,1107
5013.652395,2585025140,2585026249,15829,1109
5013.688464,2585051690,2585052804,15852,1114
5013.700492,2585060594,2585061707,15943,1113
5013.745580,2585093778,2585094891,15979,1113
5013.757587,2585102609,2585103716,15685,1107
5013.769618,2585111477,2585112586,15807,1109
5013.784651,2585122590,2585123696,15950,1106
5013.796669,2585131481,2585132584,15787,1103
5013.848782,2585171403,2585172513,15897,1110
5013.895857,2585204560,2585205672,15803,1112
5013.907889,2585213457,2585214569,15987,1112
5013.952974,2585246672,2585247792,15959,1120
5013.964992,2585255572,2585256677,15912,1105
5014.053159,2585321916,2585323026,15682,1110
5014.100238,2585355180,2585356282,15685,1102
5014.112270,2585364330,2585365438,15836,1108
5014.124300,2585373235,2585374338,15968,1103
5014.136318,2585382089,2585383206,15851,1117
5014.157355,2585397615,2585398723,15741,1108
5014.169386,2585406496,2585407600,15873,1104
5014.193424,2585424204,2585425322,15822,1118
5014.205454,2585433083,2585434194,15915,1111
5014.268574,2585479522,2585480634,15953,1112
5014.280594,2585488376,2585489489,15955,1113
5014.304641,2585506129,2585507243,15942,1114
5014.319659,2585517186,2585518264,15611,1078
5014.331693,2585526024,2585527133,15928,1109
5014.343709,2585534875,2585535984,15796,1109
5014.355732,2585543766,2585544874,15832,1108
5014.367765,2585552642,2585553748,15925,1106
5014.379782,2585561513,2585562618,15912,1105
5014.397816,2585574821,2585575938,15937,1117
5014.409836,2585583702,2585584813,15836,1111
5014.472962,2585630173,2585631281,15893,1108
5014.484987,2585639009,2585640114,16091,1105
5014.524054,2585667775,2585668888,15854,1113
5014.536076,2585676652,2585677758,15927,1106
5014.548104,2585685525,2585686634,16026,1109
5014.590179,2585716515,2585717631,15835,1116
5014.602209,2585725398,2585726512,15959,1114
5014.632262,2585747531,2585748649,15955,1118
5014.644281,2585756405,2585757509,15834,1104
5014.656312,2585765250,2585766363,16048,1113
5014.695382,2585794022,2585795129,15952,1107
5014.707402,2585802896,2585804005,15918,1109
5014.719432,2585811766,2585812881,15871,1115
5014.731447,2585820641,2585821750,15958,1109
5014.743470,2585829535,2585830650,15829,1115
5014.755501,2585838404,2585839514,15996,1110
5014.767519,2585847252,2585848365,15907,1113
5014.785553,2585860568,2585861677,15937,1109
5014.797573,2585869458,2585870566,15832,1108
5014.809605,2585878341,2585879449,15978,1108
5014.821620,2585887219,2585888334,15847,1115
5014.908792,2585951497,2585952606,15968,1109
5014.920809,2585960370,2585961475,15850,1105
5014.932833,2585969219,2585970327,15818,1108
5014.983930,2586006855,2586007962,15872,1107
5014.995946,2586015757,2586016835,15619,1078
5015.007980,2586024603,2586025715,15953,1112
5015.116187,2586104182,2586105293,16094,1111
5015.128205,2586113064,2586114167,16028,1103
5015.140220,2586121924,2586123006,15643,1082
5015.152255,2586130816,2586131931,15969,1115
5015.216372,2586179420,2586180533,15862,1113
5015.320567,2586254493,2586255607,15922,1114
5015.332598,2586263328,2586264436,16090,1108
5015.344615,2586272153,2586273266,15935,1113
5015.356632,2586281013,2586282088,15613,1075
5015.425771,2586331856,2586332959,16029,1103
5015.437789,2586340747,2586341825,15721,1078
5015.497906,2586384867,2586385975,15926,1108
5015.509924,2586393688,2586394770,15585,1082
5015.521958,2586402512,2586403626,15946,1114
5015.533975,2586411367,2586412481,15927,1114
5015.545992,2586420267,2586421346,15577,1079
5015.558028,2586429098,2586430202,16036,1104
5015.570042,2586437920,2586439029,16002,1109
5015.618133,2586473296,2586474402,15867,1106
5015.628658,2586481372,2586482493,16021,1121
5015.640672,2586490292,2586491371,15709,1079
5015.655706,2586501308,2586502421,15926,1113
5015.667728,2586510151,2586511258,15863,1107
5015.679760,2586519002,2586520115,16096,1113
5015.691775,2586527871,2586528978,15843,1107
5015.703792,2586536728,2586537806,15537,1078
5015.715825,2586545526,2586546636,15957,1110
5015.733861,2586558805,2586559909,15957,1104
5015.745879,2586567597,2586568709,15937,1112
5015.757895,2586576443,2586577522,15579,1079
5015.769929,2586585365,2586586476,15942,1111
5015.818014,2586620723,2586621831,15959,1108
5015.830032,2586629584,2586630663,15616,1079
5015.842068,2586638405,2586639512,16093,1107
5015.854083,2586647264,2586648371,15920,1107
5015.908186,2586687034,2586688137,16010,1103
5015.926220,2586700269,2586701382,15933,1113
5015.938238,2586709122,2586710200,15695,1078
5015.950273,2586717935,2586719042,16169,1107
5015.965294,2586729041,2586730141,15856,1100
5015.977325,2586738019,2586739129,16087,1110
5016.007378,2586760111,2586761217,16081,1106
5016.019392,2586768978,2586770055,15631,1077
5016.031428,2586777787,2586778899,16093,1112
5016.049462,2586791051,2586792154,16169,1103
5016.061478,2586799858,2586800971,15943,1113
5016.073495,2586808744,2586809820,15713,1076
5016.085533,2586817556,2586818654,16173,1098
5016.136615,2586855089,2586856167,15618,1078
5016.148651,2586863898,2586865004,16089,1106
5016.163671,2586875006,2586876115,15840,1109
5016.188732,2586895137,2586896216,15615,1079
5016.236816,2586930424,2586931539,16040,1115
5016.265873,2586950326,2586951430,15948,1104
5016.277891,2586959161,2586960278,15842,1117
5016.377078,2587032036,2587033151,15943,1115
5016.389096,2587041042,2587042117,15515,1075
5016.482285,2587109507,2587110612,16087,1105
5016.527370,2587142603,2587143710,16086,1107
5016.539386,2587151399,2587152507,15945,1108
5016.551406,2587160279,2587161354,15713,1075
5016.563439,2587169113,2587170217,16030,1104
5016.584472,2587184569,2587185673,16022,1104
5016.596492,2587193425,2587194506,15622,1081
5016.617542,2587208907,2587210009,16172,1102
5016.629558,2587217771,2587218879,15968,1108
5016.647592,2587231005,2587232114,16011,1109
5016.659614,2587239902,2587241015,15874,1113
5016.677644,2587253161,2587254239,15614,1078
5016.689680,2587261950,2587263051,16098,1101
5016.704708,2587272979,2587274068,15750,1089
5016.719729,2587283986,2587285099,16003,1113
5016.776836,2587326016,2587327098,15640,1082
5016.788869,2587334825,2587335936,16055,1111
5016.800884,2587343683,2587344793,16007,1110
5016.812902,2587352528,2587353607,15615,1079
5016.827935,2587363548,2587364663,16008,1115
5016.906091,2587420990,2587422093,16145,1103
5016.918110,2587429831,2587430930,16042,1099
5016.930124,2587438672,2587439751,15695,1079
5016.996263,2587487240,2587488342,16095,1102
5017.008280,2587496081,2587497190,15917,1109
5017.020296,2587504949,2587506026,15620,1077
5017.032332,2587513757,2587514865,16100,1108
5017.113486,2587573332,2587574439,16169,1107
5017.125501,2587582180,2587583297,15932,1117
5017.136333,2587591415,2587592528,15830,1113
5017.161572,2587609150,2587610268,15856,1118
5017.173587,2587617980,2587619059,15616,1079
5017.200651,2587637847,2587638927,15755,1080
5017.212674,2587646669,2587647776,16091,1107
5017.233707,2587662140,2587663253,15924,1113
5017.245725,2587670999,2587672077,15576,1078
5017.257758,2587679825,2587680929,15890,1104
5017.269776,2587688647,2587689757,15947,1110
5017.281793,2587697491,2587698568,15596,1077
5017.329897,2587732734,2587733839,16169,1105
5017.341913,2587741567,2587742679,15929,1112
5017.408033,2587790171,2587791253,15629,1082
5017.420069,2587798994,2587800097,16095,1103
5017.432084,2587807820,2587808933,15812,1113
5017.453123,2587823290,2587824398,15860,1108
5017.465155,2587832126,2587833234,16054,1108
5017.537291,2587885110,2587886220,16086,1110
5017.549308,2587893989,2587895104,15853,1115
5017.612427,2587940751,2587941864,15835,1113
5017.624444,2587949632,2587950707,15550,1075
5017.639479,2587960668,2587961774,15928,1106
5017.651500,2587969549,2587970668,15829,1119
5017.663529,2587978476,2587979587,15890,1111
5017.675556,2587987376,2587988486,16022,1110
5017.687569,2587996283,2587997399,15838,1116
5017.699599,2588005192,2588006301,15828,1109
5017.711616,2588014024,2588015132,15930,1108
5017.723633,2588022865,2588023940,15614,1075
5017.735669,2588031682,2588032791,16168,1109
5017.747684,2588040486,2588041592,15950,1106
5017.759702,2588049347,2588050425,15707,1078
5017.771737,2588058155,2588059266,16089,1111
5017.783753,2588067006,2588068110,16005,1104
5017.801786,2588080257,2588081365,15961,1108
5017.813805,2588089106,2588090188,15621,1082
5017.831836,2588102376,2588103455,15585,1079
5017.843875,2588111195,2588112308,16094,1113
5017.855889,2588120098,2588121211,15894,1113
5017.867907,2588128940,2588130023,15675,1083
5017.879943,2588137762,2588138872,16097,1110
5017.891959,2588146612,2588147721,15930,1109
5017.903976,2588155458,2588156542,15690,1084
5017.916012,2588164300,2588165415,16089,1115
5017.928029,2588173175,2588174290,16020,1115
5017.973115,2588206375,2588207479,16024,1104
5017.992331,2588215896,2588216514,12026,618
5018.025708,2588234044,2588235127,15623,1083
5018.037742,2588242895,2588244004,15962,1109
5018.055777,2588256109,2588257217,16039,1108
5018.067793,2588264950,2588266061,16012,1111
5018.079810,2588273782,2588274860,15620,1078
5018.091846,2588282576,2588283679,16165,1103
5018.103864,2588291408,2588292515,15950,1107
5018.115879,2588300252,2588301327,15699,1075
5018.127914,2588309067,2588310178,16086,1111
5018.139930,2588317909,2588319027,15929,1118
5018.151948,2588326775,2588327855,15622,1080
5018.163983,2588335576,2588336679,16088,1103
5018.175999,2588344390,2588345497,15927,1107
5018.188016,2588353230,2588354305,15624,1075
5018.200049,2588362059,2588363159,15931,1100
5018.212068,2588370913,2588372031,15860,1118
5018.224085,2588379773,2588380854,15541,1081
5018.236123,2588388613,2588389725,16021,1112
5018.248135,2588397451,2588398559,15872,1108
5018.260150,2588406294,2588407372,15585,1078
5018.272189,2588415085,2588416193,16083,1108
5018.302241,2588437217,2588438320,15943,1103
5018.314252,2588446061,2588447140,15542,1079
5018.365359,2588483592,2588484698,15929,1106
5018.377376,2588492415,2588493494,15618,1079
5018.407446,2588514459,2588515567,16096,1108
5018.419465,2588523298,2588524412,16078,1114
5018.431479,2588532140,2588533221,15623,1081
5018.443515,2588540978,2588542081,16065,1103
5018.455531,2588549802,2588550907,15844,1105
5018.467548,2588558635,2588559714,15543,1079
5018.479583,2588567453,2588568561,16002,1108
5018.492331,2588576176,2588577077,15363,901
5018.505125,2588584806,2588585915,15928,1109
5018.517142,2588593625,2588594707,15540,1082
5018.529175,2588602468,2588603577,15948,1109
5018.541193,2588611299,2588612413,15825,1114
5018.557225,2588624588,2588625701,15924,1113
5018.577263,2588637898,2588639011,16019,1113
5018.589292,2588646757,2588647832,15794,1075
5018.601314,2588655596,2588656709,15958,1113
5018.613332,2588664406,2588665515,15894,1109
5018.625348,2588673284,2588674363,15579,1079
5018.637383,2588682080,2588683187,16124,1107
5018.648334,2588691423,2588692531,15940,1108
5018.661417,2588700312,2588701394,15613,1082
5018.673452,2588709141,2588710244,16070,1103
5018.691483,2588722406,2588723519,15991,1113
5018.703502,2588731245,2588732355,15927,1110
5018.715520,2588740092,2588741175,15704,1083
5018.727554,2588748903,2588750015,16117,1112
5018.739571,2588757749,2588758855,15866,1106
5018.751590,2588766604,2588767685,15676,1081
5018.763623,2588775410,2588776518,16164,1108
5018.775639,2588784242,2588785346,16010,1104
5018.787670,2588793093,2588794176,15834,1083
5018.799692,2588801905,2588803004,16084,1099
5018.811708,2588810736,2588811840,15955,1104
5018.823725,2588819562,2588820641,15696,1079
5018.835760,2588828384,2588829495,16048,1111
5018.847780,2588837288,2588838387,15858,1099
5018.859798,2588846148,2588847256,15919,1108
5018.871831,2588855031,2588856139,16011,1108
5018.883847,2588863927,2588865039,15945,1112
5018.901879,2588877207,2588878317,15928,1110
5018.913893,2588886066,2588887153,15580,1087
5018.931931,2588899329,2588900409,15623,1080
5018.943964,2588908170,2588909279,15870,1109
5018.955982,2588917005,2588918120,15853,1115
5018.968004,2588925848,2588926955,15837,1107
5018.980035,2588934688,2588935800,16173,1112
5018.992049,2588943538,2588944642,15952,1104
5019.004068,2588952373,2588953455,15623,1082
5019.016103,2588961183,2588962286,16026,1103
5019.028119,2588970043,2588971156,15920,1113
5019.040141,2588978899,2588980005,15849,1106
5019.052172,2588987776,2588988889,15988,1113
5019.064188,2588996650,2588997760,16008,1110
5019.076205,2589005503,2589006581,15700,1078
5019.088237,2589014337,2589015438,15957,1101
5019.100258,2589023213,2589024317,15947,1104
5019.112278,2589032079,2589033194,15853,1115
5019.124307,2589040977,2589042095,15957,1118
5019.136325,2589049859,2589050974,15861,1115
5019.148347,2589058757,2589059861,15933,1104
5019.160375,2589067637,2589068747,15953,1110
5019.172395,2589076514,2589077623,15946,1109
5019.184421,2589085394,2589086509,15910,1115
5019.208464,2589103147,2589104256,15946,1109
5019.220484,2589112038,2589113151,15860,1113
5019.253547,2589136419,2589137527,16005,1108
5019.265570,2589145339,2589146448,15788,1109
5019.325684,2589189674,2589190778,15965,1104
5019.337707,2589198499,2589199609,15846,1110
5019.368768,2589222866,2589223969,15933,1103
5019.424874,2589262633,2589263741,15961,1108
5019.441402,2589275031,2589276128,15560,1097
5019.453430,2589283867,2589284970,15946,1103
5019.471465,2589297108,2589298226,15951,1118
5019.483486,2589305979,2589307092,15940,1113
5019.495505,2589314817,2589315915,15603,1098
5019.516550,2589330279,2589331395,15942,1116
5019.528572,2589339138,2589340253,15970,1115
5019.555624,2589359032,2589360144,15863,1112
5019.567642,2589367846,2589368950,15598,1104
5019.579672,2589376651,2589377755,15943,1104
5019.591693,2589385525,2589386639,15906,1114
5019.603710,2589394348,2589395455,15636,1107
5019.615739,2589403186,2589404294,15952,1108
5019.626258,2589411150,2589412260,15823,1110
5019.638288,2589421481,2589422586,15950,1105
5019.650306,2589431036,2589432149,15929,1113
5019.665334,2589442090,2589443194,16030,1104
5019.683371,2589455362,2589456470,15988,1108
5019.695388,2589464203,2589465315,15965,1112
5019.707407,2589473032,2589474139,15629,1107
5019.719437,2589481878,2589482993,16028,1115
5019.731457,2589490740,2589491846,15860,1106
5019.743476,2589499571,2589500683,15518,1112
5019.755505,2589508417,2589509530,16027,1113
5019.767527,2589517272,2589518381,16058,1109
5019.779552,2589526090,2589527197,15716,1107
5019.791573,2589534914,2589536023,16030,1109
5019.803594,2589543748,2589544861,16048,1113
5019.815610,2589552572,2589553668,15595,1096
5019.827644,2589561418,2589562531,15965,1113
5019.839664,2589570294,2589571400,15935,1106
5019.851684,2589579125,2589580239,15828,1114
5019.863713,2589587962,2589589066,16005,1104
5019.875733,2589596796,2589597910,15966,1114
5019.887754,2589605612,2589606719,15645,1107
5019.899779,2589614456,2589615568,16028,1112
5019.911797,2589623293,2589624410,15886,1117
5019.923819,2589632161,2589633263,15595,1102
5019.935854,2589641057,2589642158,15976,1101
5019.947865,2589649901,2589651012,15886,1111
5019.959887,2589658726,2589659829,15635,1103
5019.971916,2589667564,2589668670,15948,1106
5019.983940,2589676398,2589677508,16037,1110
5019.995956,2589685227,2589686334,15708,1107
5020.007985,2589694052,2589695163,16030,1111
5020.020005,2589702893,2589703997,16047,1104
5020.032027,2589711761,2589712869,15834,1108
5020.056074,2589729502,2589730619,15967,1117
5020.068093,2589738318,2589739430,15635,1112
5020.080125,2589747187,2589748296,15988,1109
5020.092143,2589756046,2589757155,15961,1109
5020.104162,2589764857,2589765959,15632,1102
5020.116190,2589773677,2589774784,15860,1107
5020.128211,2589782517,2589783616,15767,1099
5020.140230,2589791368,2589792470,15596,1102
5020.152259,2589800218,2589801324,15946,1106
5020.164280,2589809059,2589810162,16022,1103
5020.176307,2589818452,2589819559,15729,1107
5020.188328,2589827308,2589828421,16026,1113
5020.200349,2589836159,2589837271,15971,1112
5020.212368,2589845002,2589846108,15633,1106
5020.239419,2589864921,2589866028,15673,1107
5020.251448,2589873749,2589874854,16031,1105
5020.269482,2589887010,2589888119,15858,1109
5020.281506,2589895866,2589896973,15952,1107
5020.293522,2589904746,2589905849,15631,1103
5020.344623,2589942357,2589943466,15966,1109
5020.356646,2589951194,2589952296,15643,1102
5020.395722,2589979925,2589981032,15960,1107
5020.407743,2589988763,2589989872,16046,1109
5020.419765,2589997610,2589998720,15890,1110
5020.437796,2590010876,2590011983,15592,1107
5020.449825,2590019719,2590020831,16024,1112
5020.488893,2590048474,2590049582,15880,1108
5020.500913,2590057320,2590058426,15594,1106
5020.549014,2590092727,2590093843,15946,1116
5020.561035,2590101580,2590102688,15959,1108
5020.573061,2590110400,2590111506,15715,1106
5020.618139,2590143471,2590144587,15634,1116
5020.630172,2590152357,2590153463,15959,1106
5020.651207,2590167838,2590168948,15971,1110
5020.666237,2590178898,2590180011,15943,1113
5020.678260,2590187773,2590188881,15948,1108
5020.696292,2590201012,2590202124,15965,1112
5020.708311,2590209989,2590211096,15552,1107
5020.720344,2590218871,2590219980,15868,1109
5020.732362,2590227743,2590228847,15936,1104
5020.744379,2590236557,2590237667,15637,1110
5020.759411,2590247613,2590248727,15962,1114
5020.840566,2590307257,2590308361,15966,1104
5020.852588,2590316048,2590317155,15670,1107
5020.864614,2590324901,2590326009,15959,1108
5020.900682,2590351402,2590352519,15941,1117
5020.912699,2590360266,2590361379,15842,1113
5020.945768,2590384586,2590385691,15947,1105
5020.957789,2590393444,2590394553,15919,1109
5020.969816,2590402268,2590403379,15763,1111
5021.072011,2590477440,2590478550,15964,1110
5021.084029,2590486287,2590487400,15971,1113
5021.096048,2590495127,2590496234,15553,1107
5021.108077,2590503955,2590505064,15944,1109
5021.129116,2590519459,2590520568,15932,1109
5021.141133,2590528273,2590529376,15628,1103
5021.162180,2590543702,2590544806,15948,1104
5021.174203,2590552562,2590553670,15949,1108
5021.186219,2590561362,2590562471,15628,1109
5021.198248,2590570205,2590571317,15941,1112
5021.249340,2590607778,2590608890,15631,1112
5021.261369,2590616635,2590617743,15954,1108
5021.291424,2590638715,2590639819,15967,1104
5021.303443,2590647564,2590648671,15597,1107
5021.315478,2590656436,2590657541,15914,1105
5021.327493,2590665312,2590666431,15844,1119
5021.339514,2590674153,2590675257,15826,1104
5021.396626,2590716173,2590717285,15951,1112
5021.408646,2590725050,2590726159,15966,1109
5021.423681,2590736125,2590737234,15918,1109
5021.435698,2590744963,2590746072,16002,1109
5021.447720,2590753780,2590754875,15665,1095
5021.459748,2590762610,2590763688,15809,1078
5021.471769,2590771431,2590772544,15959,1113
5021.483785,2590780264,2590781373,15711,1109
5021.495814,2590789093,2590790201,15974,1108
5021.507831,2590797934,2590799047,15915,1113
5021.519859,2590806796,2590807904,15853,1108
5021.532885,2590817837,2590818943,15958,1106
5021.616041,2590877422,2590878532,15856,1110
5021.628060,2590886272,2590887379,15519,1107
5021.640089,2590895108,2590896213,15956,1105
5021.652109,2590903962,2590905066,15835,1104
5021.664136,2590912764,2590913865,15790,1101
5021.676159,2590921989,2590923093,16027,1104
5021.706213,2590944109,2590945222,15967,1113
5021.718236,2590952988,2590954101,15877,1113
5021.730260,2590961858,2590962972,15945,1114
5021.823436,2591030349,2591031453,15936,1104
5021.835454,2591039150,2591040253,15631,1103
5021.847483,2591047978,2591049080,15859,1102
5021.859504,2591056813,2591057921,15966,1108
5021.871523,2591065663,2591066766,15599,1103
5021.883554,2591074493,2591075575,15800,1082
5021.895573,2591083301,2591084419,15964,1118
5021.907591,2591092122,2591093230,15629,1108
5021.925626,2591105403,2591106510,15602,1107
5021.937659,2591114271,2591115380,15879,1109
5021.949675,2591123127,2591124245,15969,1118
5022.000774,2591160685,2591161803,15945,1118
5022.012796,2591169531,2591170635,15857,1104
5022.052878,2591200434,2591201538,15958,1104
5022.087934,2591224699,2591225804,15631,1105
5022.099963,2591233527,2591234631,16026,1104
5022.118001,2591246803,2591247907,16036,1104
5022.130018,2591255654,2591256757,15973,1103
5022.142037,2591264476,2591265579,15629,1103
5022.154067,2591273423,2591274541,15914,1118
5022.184121,2591295508,2591296622,15961,1114
5022.196140,2591304319,2591305425,15627,1106
5022.214177,2591317590,2591318694,15819,1104
5022.226204,2591326421,2591327533,15948,1112
5022.265279,2591355076,2591356195,15950,1119
5022.277295,2591363956,2591365061,15515,1105
5022.337413,2591408084,2591409183,15960,1099
5022.349432,2591416912,2591418019,15705,1107
5022.367466,2591430140,2591431244,15626,1104
5022.379495,2591438962,2591440061,15950,1099
5022.391515,2591447790,2591448903,15873,1113
5022.403535,2591456592,2591457693,15549,1101
5022.415568,2591465434,2591466547,15961,1113
5022.427584,2591474272,2591475381,15958,1109
5022.472670,2591507381,2591508488,15961,1107
5022.484695,2591516234,2591517344,15850,1110
5022.544807,2591560392,2591561505,15969,1113
5022.556834,2591569206,2591570309,15699,1103
5022.572869,2591582431,2591583538,15702,1107
5022.665037,2591648747,2591649866,15860,1119
5022.677063,2591657669,2591658774,15984,1105
5022.698105,2591673257,2591674375,15945,1118
5022.710120,2591682188,2591683303,15839,1115
5022.728155,2591695575,2591696689,15848,1114
5022.740185,2591704481,2591705599,15905,1118
5022.752203,2591713370,2591714470,15930,1100
5022.764220,2591722180,2591723288,15545,1108
5022.776250,2591731018,2591732124,15950,1106
5022.791272,2591742052,2591743159,15624,1107
5022.887459,2591812681,2591813789,15965,1108
5022.899478,2591821484,2591822592,15625,1108
5022.911511,2591830364,2591831479,15963,1115
5022.923529,2591839245,2591840358,15940,1113
5022.935546,2591848093,2591849200,15594,1107
5022.947580,2591856954,2591858058,15966,1104
5022.959598,2591865825,2591866930,15966,1105
5022.971618,2591874650,2591875756,15823,1106
5022.983645,2591883467,2591884576,15951,1109
5022.995664,2591892304,2591893408,15962,1104
5023.007689,2591901132,2591902247,15857,1115
5023.028729,2591916648,2591917756,15940,1108
5023.040750,2591925487,2591926593,15965,1106
5023.115889,2591980692,2591981795,15668,1103
5023.127918,2591989521,2591990636,15955,1115
5023.139940,2591998407,2591999516,15935,1109
5023.151966,2592007218,2592008326,15711,1108
5023.164995,2592018272,2592019376,15840,1104
5023.185025,2592031530,2592032641,15963,1111
5023.196334,2592040760,2592041874,15851,1114
5023.230111,2592065138,2592066246,15967,1108
5023.242129,2592073954,2592075054,15706,1100
5023.254162,2592082782,2592083893,15995,1111
5023.332301,2592140206,2592141317,15625,1111
5023.344330,2592149043,2592150152,15864,1109
5023.365367,2592164503,2592165616,15968,1113
5023.377387,2592173349,2592174456,15586,1107
5023.432501,2592215262,2592216371,15949,1109
5023.527672,2592283712,2592284816,15887,1104
5023.539695,2592292536,2592293638,15628,1102
5023.551728,2592301377,2592302490,15999,1113
5023.563745,2592310212,2592311320,15968,1108
5023.584785,2592325680,2592326787,15588,1107
5023.596810,2592334509,2592335618,15908,1109
5023.641896,2592367636,2592368749,15947,1113
5023.653919,2592376505,2592377609,15904,1104
5023.689986,2592402975,2592404079,15767,1104
5023.702009,2592411809,2592412918,15862,1109
5023.717037,2592422890,2592423991,16038,1101
5023.745098,2592444887,2592445996,15783,1109
5023.777153,2592466961,2592468070,15956,1109
5023.789173,2592475802,2592476905,15921,1103
5023.849293,2592519946,2592521056,16081,1110
5023.861311,2592528804,2592529904,16002,1100
5023.879345,2592542018,2592543126,15960,1108
5023.891365,2592550828,2592551939,15635,1111
5023.903398,2592559677,2592560786,15962,1109
5023.945475,2592590544,2592591640,15709,1096
5023.957499,2592599355,2592600437,15812,1082
5023.969517,2592608180,2592609286,15963,1106
5023.984547,2592619198,2592620303,15947,1105
5023.996568,2592628040,2592629150,15859,1110
5024.011599,2592639092,2592640204,16032,1112
5024.041654,2592661188,2592662297,15966,1109
5024.053673,2592670043,2592671149,15593,1106
5024.065702,2592678871,2592679988,15952,1117
5024.161879,2592749476,2592750572,15628,1096
5024.173907,2592758312,2592759421,15879,1109
5024.191942,2592771547,2592772662,16025,1115
5024.203964,2592780443,2592781556,16014,1113
5024.215984,2592789301,2592790412,15807,1111
5024.228011,2592798128,2592799238,15954,1110
5024.240031,2592806970,2592808079,15959,1109
5024.264079,2592824682,2592825788,16026,1106
5024.282113,2592837919,2592839025,16025,1106
5024.294134,2592846768,2592847871,15934,1103
5024.306152,2592855596,2592856698,15668,1102
5024.384306,2592912904,2592914013,15970,1109
5024.396327,2592921772,2592922885,15843,1113
5024.417371,2592937218,2592938332,16031,1114
5024.429391,2592946064,2592947169,15965,1105
5024.484504,2592987964,2592989071,15631,1107
5024.588697,2593062977,2593064081,16031,1104
5024.600718,2593071854,2593072960,16008,1106
5024.614246,2593081790,2593082904,15911,1114
5024.626262,2593090643,2593091746,15553,1103
5024.638291,2593099483,2593100593,15910,1110
5024.680365,2593130378,2593131481,15631,1103
5024.692397,2593139202,2593140310,16001,1108
5024.704333,2593149343,2593150451,16018,1108
5024.743487,2593177314,2593178423,15829,1109
5024.755516,2593186145,2593187255,15976,1110
5024.767531,2593194984,2593196092,15892,1108
5024.779559,2593203805,2593204915,15936,1110
5024.791586,2593212633,2593213742,16001,1109
5024.803603,2593221454,2593222557,16050,1103
5024.815622,2593230268,2593231375,15705,1107
5024.905793,2593296478,2593297585,15628,1107
5024.917822,2593305293,2593306399,15950,1106
5024.968913,2593342740,2593343843,15632,1103
5024.980943,2593351572,2593352685,15949,1113
5025.013999,2593375824,2593376931,15627,1107
5025.026028,2593384676,2593385776,16034,1100
5025.131222,2593461912,2593463015,15628,1103
5025.146254,2593473011,2593474130,15883,1119
5025.161285,2593484086,2593485184,16036,1098
5025.191340,2593506135,2593507244,15980,1109
5025.203359,2593514942,2593516045,15709,1103
5025.215390,2593523764,2593524869,16047,1105
5025.227409,2593532603,2593533708,15878,1105
5025.245445,2593545878,2593546987,15939,1109
5025.257462,2593554717,2593555827,15627,1110
5025.269495,2593563588,2593564695,15969,1107
5025.281511,2593572415,2593573520,15919,1105
5025.293527,2593581227,2593582332,15583,1105
5025.348646,2593623172,2593624278,15949,1106
5025.425786,2593678345,2593679454,15961,1109
5025.437808,2593687207,2593688316,15866,1109
5025.452838,2593698283,2593699392,15969,1109
5025.464859,2593707140,2593708246,15830,1106
5025.553036,2593773410,2593774520,15626,1110
5025.633180,2593830783,2593831901,15863,1118
5025.645199,2593839653,2593840763,15553,1110
5025.657229,2593848493,2593849605,15949,1112
5025.669249,2593857341,2593858449,15959,1108
5025.735374,2593906002,2593907113,15824,1111
5025.747403,2593914847,2593915953,16002,1106
5025.759420,2593923679,2593924787,15970,1108
5025.771443,2593932513,2593933615,15666,1102
5025.840574,2593983332,2593984446,15891,1114
5025.852594,2593992176,2593993278,15592,1102
5025.867622,2594003210,2594004323,15965,1113
5025.879653,2594012016,2594013131,15767,1115
5025.891674,2594020852,2594021961,15975,1109
5025.903695,2594029710,2594030814,16050,1104
5025.915717,2594038577,2594039683,15888,1106
5025.927743,2594047400,2594048508,15957,1108
5025.939765,2594056268,2594057377,15942,1109
5025.957798,2594069522,2594070626,16042,1104
5025.969817,2594078329,2594079434,15703,1105
5025.984852,2594089395,2594090499,15956,1104
5025.996869,2594098188,2594099289,15639,1101
5026.047969,2594135702,2594136811,16046,1109
5026.059993,2594144689,2594145791,15858,1102
5026.072017,2594153513,2594154617,15953,1104
5026.084041,2594162350,2594163454,15950,1104
5026.096057,2594171172,2594172278,15630,1106
5026.108086,2594179981,2594181082,15959,1101
5026.120106,2594188798,2594189907,15959,1109
5026.192244,2594241785,2594242894,15969,1109
5026.204263,2594250589,2594251691,15626,1102
5026.216292,2594259399,2594260512,15960,1113
5026.228312,2594268669,2594269777,15926,1108
5026.249348,2594284149,2594285261,15625,1112
5026.261378,2594293024,2594294135,15951,1111
5026.279415,2594306273,2594307382,16042,1109
5026.291433,2594315110,2594316213,16047,1103
5026.303451,2594323915,2594325018,15709,1103
5026.315480,2594332742,2594333855,15950,1113
5026.411654,2594403398,2594404505,15708,1107
5026.423686,2594412216,2594413325,16030,1109
5026.435705,2594421097,2594422210,15837,1113
5026.447728,2594429950,2594431053,15733,1103
5026.459759,2594438807,2594439904,16013,1097
5026.471775,2594447643,2594448746,15964,1103
5026.483794,2594456435,2594457537,15627,1102
5026.495824,2594465256,2594466367,15950,1111
5026.507844,2594474097,2594475210,15963,1113
5026.519863,2594482903,2594484017,15550,1114
5026.531896,2594491785,2594492895,15963,1110
5026.543913,2594500617,2594501723,15926,1106
5026.564951,2594516144,2594517254,15821,1110
5026.576981,2594524975,2594526085,16002,1110
5026.637086,2594569181,2594570282,15676,1101
5026.649115,2594578003,2594579110,16030,1107
5026.661135,2594586814,2594587923,15964,1109
5026.673162,2594595668,2594596775,15785,1107
5026.697204,2594613329,2594614432,16050,1103
5026.709223,2594622134,2594623231,15628,1097
5026.742290,2594646436,2594647543,15970,1107
5026.760325,2594659714,2594660819,16049,1105
5026.772351,2594668563,2594669670,15759,1107
5026.799394,2594688443,2594689547,15631,1104
5026.844480,2594721479,2594722588,15705,1109
5026.856512,2594730327,2594731433,16015,1106
5026.868530,2594739164,2594740268,15968,1104
5026.880552,2594748014,2594749114,15826,1100
5026.892581,2594756849,2594757948,16043,1099
5026.913611,2594772297,2594773410,15883,1113
5026.925637,2594781148,2594782249,15889,1101
5026.952690,2594801031,2594802133,15668,1102
5026.964715,2594809862,2594810968,16029,1106
5026.979738,2594820872,2594821984,15627,1112
5027.015809,2594847379,2594848485,15903,1106
5027.027839,2594856233,2594857343,15951,1110
5027.039856,2594865079,2594866194,15969,1115
5027.051875,2594873896,2594875007,15634,1111
5027.063904,2594882723,2594883832,15956,1109
5027.075927,2594891566,2594892678,15867,1112
5027.087943,2594900439,2594901546,15623,1107
5027.099972,2594909268,2594910378,15952,1110
5027.111993,2594918102,2594919210,15878,1108
5027.124015,2594926932,2594928047,15783,1115
5027.136041,2594935761,2594936865,15955,1104
5027.148061,2594944580,2594945685,15960,1105
5027.168332,2594953900,2594954519,12080,619
5027.192650,2594967537,2594968651,15948,1114
5027.236727,2594998433,2594999539,15631,1106
5027.248755,2595007247,2595008347,15904,1100
5027.260776,2595016056,2595017170,15965,1114
5027.272797,2595024896,2595026005,15830,1109
5027.296845,2595042572,2595043681,15971,1109
5027.308863,2595051371,2595052471,15548,1100
5027.359964,2595088905,2595090014,15964,1109
5027.371986,2595097727,2595098833,15742,1106
5027.384012,2595106556,2595107665,15947,1109
5027.396033,2595115387,2595116498,15876,1111
5027.417077,2595130848,2595131951,15782,1103
5027.429097,2595139684,2595140792,16024,1108
5027.444120,2595150705,2595151812,15709,1107
5027.480189,2595177197,2595178297,15672,1100
5027.492224,2595186096,2595187190,15980,1094
5027.504239,2595194921,2595196030,15874,1109
5027.516265,2595203735,2595204843,15633,1108
5027.528289,2595212569,2595213647,15761,1078
5027.540310,2595221374,2595222482,15948,1108
5027.552326,2595230165,2595231272,15633,1107
5027.600424,2595265488,2595266596,15942,1108
5027.612445,2595274308,2595275414,15876,1106
5027.663544,2595311797,2595312903,15941,1106
5027.677074,2595320314,2595321429,15967,1115
5027.689090,2595329149,2595330258,15963,1109
5027.701109,2595338002,2595339105,15672,1103
5027.713138,2595346831,2595347931,15948,1100
5027.725160,2595355709,2595356813,15845,1104
5027.737178,2595364901,2595366003,15706,1102
5027.753718,2595377347,2595378457,15878,1110
5027.765741,2595386246,2595387357,15907,1111
5027.777758,2595395144,2595396259,15845,1115
5027.792793,2595406269,2595407380,15971,1111
5027.804809,2595415192,2595416305,15803,1113
5027.816839,2595424102,2595425215,15864,1113
5027.828856,2595432944,2595434050,15970,1106
5027.840875,2595441782,2595442884,15673,1102
5027.852906,2595450609,2595451684,15805,1075
5027.864925,2595459400,2595460518,15854,1118
5027.876943,2595468226,2595469334,15603,1108
5027.888972,2595477049,2595478153,15857,1104
5027.910011,2595492531,2595493643,15968,1112
5027.922029,2595501383,2595502486,15596,1103
5027.934058,2595510211,2595511320,15940,1109
5027.946079,2595519068,2595520182,15962,1114
5027.982148,2595545592,2595546701,15894,1109
5027.994167,2595554406,2595555509,15598,1103
5028.021218,2595574280,2595575387,15631,1107
5028.033249,2595583112,2595584190,15797,1078
5028.045270,2595591925,2595593031,16049,1106
5028.060298,2595602992,2595604111,15949,1119
5028.072320,2595611859,2595612968,15934,1109
5028.084338,2595620652,2595621754,15633,1102
5028.096367,2595629488,2595630598,15940,1110
5028.108389,2595638377,2595639484,15930,1107
5028.120406,2595647185,2595648287,15633,1102
5028.132435,2595656003,2595657108,15942,1105
5028.144456,2595664832,2595665940,15964,1108
5028.165495,2595680285,2595681393,15785,1108
5028.177521,2595689115,2595690221,15946,1106
5028.189542,2595697940,2595699056,15921,1116
5028.201561,2595706746,2595707844,15626,1098
5028.231624,2595728805,2595729919,16023,1114
5028.243645,2595737633,2595738752,16043,1119
5028.255663,2595746449,2595747563,15629,1114
5028.267697,2595755307,2595756421,15960,1114
5028.297747,2595777406,2595778513,16041,1107
5028.309775,2595786239,2595787345,15712,1106
5028.321795,2595795064,2595796177,15946,1113
5028.333817,2595803896,2595805005,15965,1109
5028.345838,2595812775,2595813883,15836,1108
5028.357866,2595821611,2595822723,15943,1112
5028.369886,2595830497,2595831603,15933,1106
5028.400950,2595854730,2595855839,16026,1109
5028.424998,2595872364,2595873476,15631,1112
5028.449040,2595890033,2595891139,15999,1106
5028.508152,2595931930,2595933037,15691,1107
5028.520173,2595940775,2595941883,15989,1108
5028.532190,2595949614,2595950726,15968,1112
5028.544212,2595958413,2595959518,15628,1105
5028.556242,2595967241,2595968349,15948,1108
5028.649417,2596035633,2596036746,16013,1113
5028.661440,2596044485,2596045591,15826,1106
5028.692500,2596068804,2596069913,15917,1109
5028.712539,2596082064,2596083177,15949,1113
5028.724560,2596090930,2596092035,15908,1105
5028.736584,2596099766,2596100872,16021,1106
5028.748605,2596108605,2596109713,16044,1108
5028.763640,2596119687,2596120796,16037,1109
5028.775657,2596128526,2596129639,16049,1113
5028.787675,2596137322,2596138428,15704,1106
5028.799704,2596146143,2596147256,16026,1113
5028.811728,2596154993,2596156096,15950,1103
5028.823744,2596163787,2596164898,15624,1111
5028.835773,2596172629,2596173735,15942,1106
5028.847794,2596181448,2596182557,15965,1109
5028.871844,2596199131,2596200214,15805,1083
5028.883864,2596207987,2596209100,15936,1113
5028.895884,2596216856,2596217970,15806,1114
5028.907913,2596225686,2596226792,16076,1106
5028.925944,2596238915,2596240029,15968,1114
5028.937967,2596247804,2596248913,15934,1109
5028.949984,2596256636,2596257743,15593,1107
5028.962017,2596265505,2596266614,15982,1109
5028.974035,2596274358,2596275472,15930,1114
5028.986049,2596283179,2596284282,15587,1103
5028.998083,2596292022,2596293131,15997,1109
5029.010106,2596300860,2596301969,15957,1109
5029.022121,2596309712,2596310824,15675,1112
5029.040156,2596322964,2596324071,15630,1107
5029.052184,2596331794,2596332897,16025,1103
5029.064207,2596340658,2596341769,15971,1111
5029.091257,2596360529,2596361631,16047,1102
5029.106291,2596371587,2596372702,16000,1115
5029.127326,2596387041,2596388152,15970,1111
5029.139344,2596395898,2596397005,15598,1107
5029.151373,2596404749,2596405858,15952,1109
5029.193448,2596435688,2596436797,15601,1109
5029.205479,2596444542,2596445646,15986,1104
5029.244548,2596473239,2596474348,16047,1109
5029.256570,2596482484,2596483591,15910,1107
5029.268600,2596491386,2596492494,15960,1108
5029.295648,2596511250,2596512358,15945,1108
5029.307671,2596520086,2596521183,15952,1097
5029.319687,2596528892,2596529994,15631,1102
5029.331716,2596537723,2596538832,15956,1109
5029.344747,2596548736,2596549838,15627,1102
5029.385823,2596577470,2596578578,15960,1108
5029.397840,2596586317,2596587420,15968,1103
5029.500038,2596661472,2596662576,15792,1104
5029.512059,2596670298,2596671409,15943,1111
5029.530095,2596683567,2596684649,15766,1082
5029.542114,2596692366,2596693475,15873,1109
5029.561162,2596707876,2596708987,15677,1111
5029.605238,2596738824,2596739934,15931,1110
5029.617253,2596747669,2596748776,15594,1107
5029.677372,2596791880,2596792980,16050,1100
5029.689390,2596800698,2596801810,15631,1112
5029.704426,2596811767,2596812880,16032,1113
5029.716441,2596820595,2596821702,15666,1107
5029.731474,2596831658,2596832767,15964,1109
5029.743493,2596840470,2596841573,15627,1103
5029.755526,2596849357,2596850469,15892,1112
5029.767543,2596858204,2596859322,15962,1118
5029.809625,2596889134,2596890245,15941,1111
5029.821646,2596897985,2596899090,15965,1105
5029.833667,2596906805,2596907911,15706,1106
5029.845694,2596915640,2596916744,15943,1104
5029.869734,2596933318,2596934424,15603,1106
5029.881762,2596942151,2596943255,15948,1104
5029.896792,2596953170,2596954276,15713,1106
5029.908814,2596962019,2596963128,15945,1109
5029.920834,2596970868,2596971976,15962,1108
5029.932853,2596979670,2596980778,15631,1108
5029.947886,2596990741,2596991848,15863,1107
5029.959905,2596999582,2597000688,15630,1106
5030.021035,2597045890,2597046991,15632,1101
5030.062105,2597074619,2597075727,15955,1108
5030.074126,2597083437,2597084548,15923,1111
5030.086145,2597092256,2597093364,15632,1108
5030.125225,2597120914,2597122019,15940,1105
5030.137246,2597129741,2597130844,15964,1103
5030.149268,2597138565,2597139678,15831,1113
5030.161296,2597147445,2597148554,15944,1109
5030.179328,2597160697,2597161811,15946,1114
5030.191351,2597169570,2597170675,15945,1105
5030.203368,2597178408,2597179515,15430,1107
5030.215397,2597187242,2597188355,15945,1113
5030.227417,2597196085,2597197194,15965,1109
5030.239436,2597204913,2597206013,15707,1100
5030.251470,2597213782,2597214886,15962,1104
5030.269500,2597226992,2597228097,16026,1105
5030.281520,2597235835,2597236944,16048,1109
5030.293547,2597244629,2597245736,15751,1107
5030.311574,2597257877,2597258980,15700,1103
5030.323602,2597266709,2597267821,15860,1112
5030.335623,2597275540,2597276650,15965,1110
5030.347645,2597284374,2597285480,15745,1106
5030.359671,2597293206,2597294312,15942,1106
5030.377710,2597306533,2597307638,15955,1105
5030.389726,2597315374,2597316473,15963,1099
5030.425797,2597341851,2597342959,15940,1108
5030.437814,2597350715,2597351822,15600,1107
5030.452848,2597361799,2597362905,16015,1106
5030.464869,2597370615,2597371722,15671,1107
5030.540014,2597425742,2597426854,15945,1112
5030.552036,2597434606,2597435715,15938,1109
5030.564054,2597443400,2597444512,15548,1112
5030.585099,2597458864,2597459977,15940,1113
5030.597123,2597467708,2597468819,15953,1111
5030.654225,2597509650,2597510751,15599,1101
5030.666254,2597518482,2597519586,15948,1104
5030.681276,2597529507,2597530621,15625,1114
5030.696312,2597540572,2597541689,15909,1117
5030.708328,2597549420,2597550534,15602,1114
5030.759429,2597587012,2597588121,15963,1109
5030.771452,2597596281,2597597390,15735,1109
5030.783477,2597605128,2597606241,15861,1113
5030.795501,2597613994,2597615103,15952,1109
5030.807517,2597622815,2597623929,15631,1114
5030.819546,2597631671,2597632777,15859,1106
5030.831567,2597640514,2597641631,15966,1117
5030.843588,2597649353,2597650459,15829,1106
5030.855615,2597658193,2597659297,15950,1104
5030.873649,2597671425,2597672532,15948,1107
5030.885672,2597680271,2597681380,15962,1109
5030.897688,2597689088,2597690198,15630,1110
5030.909717,2597697931,2597699044,15946,1113
5030.921738,2597706785,2597707894,16045,1109
5030.933756,2597715579,2597716682,15665,1103
5030.957807,2597733257,2597734366,15973,1109
5030.969826,2597742081,2597743183,15638,1102
5030.984858,2597753142,2597754248,15969,1106
5030.996877,2597762002,2597763108,15555,1106
5031.017923,2597777495,2597778604,15950,1109
5031.029944,2597786338,2597787449,15968,1111
5031.072026,2597817270,2597818383,16032,1113
5031.084047,2597826112,2597827225,15958,1113
5031.096066,2597834926,2597836038,15633,1112
5031.108095,2597843769,2597844887,16030,1118
5031.120115,2597852647,2597853756,15919,1109
5031.132140,2597861474,2597862589,15866,1115
5031.144167,2597870371,2597871482,15853,1111
5031.156184,2597879199,2597880311,15914,1112
5031.177220,2597894641,2597895743,15592,1102
5031.189252,2597903496,2597904595,15906,1099
5031.204271,2597914536,2597915645,15626,1109
5031.216304,2597923432,2597924547,15964,1115
5031.228321,2597932294,2597933407,15871,1113
5031.249357,2597947764,2597948866,15598,1102
5031.261386,2597956602,2597957711,16029,1109
5031.273407,2597965421,2597966534,15971,1113
5031.285433,2597974238,2597975345,15716,1107
5031.297455,2597983067,2597984176,15950,1109
5031.309477,2597991958,2597993066,16015,1108
5031.363578,2598031689,2598032802,15970,1113
5031.375597,2598040514,2598041616,15631,1102
5031.387633,2598049561,2598050667,16014,1106
5031.399645,2598058408,2598059511,15881,1103
5031.411663,2598067239,2598068346,15594,1107
5031.423695,2598076048,2598077157,15993,1109
5031.435715,2598084882,2598085994,15887,1112
5031.447734,2598093713,2598094819,15664,1106
5031.504849,2598135629,2598136738,15949,1109
5031.516870,2598144492,2598145605,15998,1113
5031.552938,2598171001,2598172110,15964,1109
5031.564960,2598179849,2598180952,15826,1103
5031.589010,2598197526,2598198623,16030,1097
5031.601026,2598206330,2598207435,15665,1105
5031.709231,2598285786,2598286900,15834,1114
5031.721260,2598294623,2598295731,16030,1108
5031.784384,2598340941,2598342054,15996,1113
5031.796401,2598349792,2598350906,15965,1114
5031.808420,2598358664,2598359770,15593,1106
5031.820449,2598367500,2598368606,15949,1106
5031.880565,2598411605,2598412708,15714,1103
5031.892586,2598420455,2598421563,15946,1108
5031.907609,2598431477,2598432584,15624,1107
5031.943678,2598458021,2598459129,15591,1108
5031.955707,2598466857,2598467963,15952,1106
5031.967727,2598475696,2598476807,15968,1111
5031.979757,2598484532,2598485645,15903,1113
5031.991775,2598493378,2598494481,15944,1103
5032.003795,2598502201,2598503307,15963,1106
5032.024831,2598517631,2598518733,15699,1102
5032.036865,2598526508,2598527621,15966,1113
5032.105989,2598577211,2598578319,15823,1108
5032.118020,2598586043,2598587121,15810,1078
5032.136054,2598599271,2598600375,15963,1104
5032.148070,2598608089,2598609189,15962,1100
5032.160089,2598616891,2598617993,15703,1102
5032.172119,2598625725,2598626836,15957,1111
5032.184141,2598634554,2598635654,15949,1100
5032.196158,2598643353,2598644460,15627,1107
5032.208187,2598652189,2598653302,15946,1113
5032.220209,2598661041,2598662152,15966,1111
5032.232229,2598669875,2598670979,15824,1104
5032.244255,2598678698,2598679807,15951,1109
5032.256276,2598687526,2598688644,15923,1118
5032.268295,2598696346,2598697448,15626,1102
5032.280329,2598705578,2598706691,15995,1113
5032.343444,2598751921,2598753030,15950,1109
5032.355464,2598760769,2598761877,15970,1108
5032.367483,2598769576,2598770688,15626,1112
5032.379515,2598778452,2598779552,15963,1100
5032.391533,2598787269,2598788368,15967,1099
5032.403552,2598796051,2598797153,15630,1102
5032.415583,2598804890,2598806004,15880,1114
5032.427602,2598813729,2598814841,15856,1112
5032.439621,2598822570,2598823675,15514,1105
5032.451654,2598831427,2598832533,15922,1106
5032.463669,2598840249,2598841362,15881,1113
5032.475699,2598849070,2598850174,15884,1104
5032.487718,2598857906,2598859001,15949,1095
5032.499735,2598866723,2598867831,15887,1108
5032.511757,2598875533,2598876635,15631,1102
5032.523789,2598884357,2598885435,15901,1078
5032.541821,2598897564,2598898664,16025,1100
5032.553842,2598906389,2598907499,15968,1110
5032.568874,2598917428,2598918534,16048,1106
5032.583899,2598928469,2598929575,15609,1106
5032.616962,2598952744,2598953856,15924,1112
5032.628987,2598961757,2598962864,15774,1107
5032.641010,2598970590,2598971696,15950,1106
5032.669063,2598992610,2598993704,15958,1094
5032.713147,2599023471,2599024575,15949,1104
5032.725168,2599032302,2599033405,15854,1103
5032.773263,2599067564,2599068667,15707,1103
5032.785284,2599076409,2599077510,15947,1101
5032.797304,2599085232,2599086341,16035,1109
5032.824356,2599105075,2599106189,15854,1114
5032.836375,2599113965,2599115077,15555,1112
5032.872452,2599140538,2599141650,15716,1112
5032.884473,2599149420,2599150538,15903,1118
5032.905510,2599164942,2599166050,15962,1108
5032.917529,2599173746,2599174858,15627,1112
5032.944585,2599193639,2599194750,15645,1111
5032.956612,2599202463,2599203572,15886,1109
5032.980653,2599220111,2599221222,15640,1111
5032.995682,2599231180,2599232284,15967,1104
5033.007706,2599240096,2599241209,15859,1113
5033.021237,2599250303,2599251411,15800,1108
5033.033260,2599259210,2599260322,15903,1112
5033.057298,2599277052,2599278170,15842,1118
5033.069328,2599285983,2599287098,15905,1115
5033.084350,2599297145,2599298253,15827,1108
5033.099384,2599308282,2599309395,15971,1113
5033.111401,2599317192,2599318304,15845,1112
5033.123430,2599326098,2599327209,15913,1111
5033.135455,2599334997,2599336110,15988,1113
5033.147470,2599343899,2599345011,15832,1112
5033.159499,2599352815,2599353929,15905,1114
5033.195565,2599379382,2599380486,16033,1104
5033.207585,2599388207,2599389307,15968,1100
5033.219612,2599397016,2599398123,15709,1107
5033.231635,2599405870,2599406957,15811,1087
5033.243656,2599414694,2599415799,15876,1105
5033.255675,2599423536,2599424649,15775,1113
5033.267702,2599432379,2599433492,15951,1113
5033.279724,2599441236,2599442344,15821,1108
5033.291741,2599450044,2599451151,15630,1107
5033.303773,2599458870,2599459947,15808,1077
5033.315791,2599467674,2599468782,15963,1108
5033.327810,2599476457,2599477555,15629,1098
5033.339839,2599485298,2599486408,15954,1110
5033.351859,2599494124,2599495234,16047,1110
5033.363878,2599502939,2599504042,15668,1103
5033.384925,2599518411,2599519524,16044,1113
5033.396946,2599527266,2599528370,16051,1104
5033.411976,2599538330,2599539440,15952,1110
5033.423999,2599547171,2599548286,16032,1115
5033.436015,2599555986,2599557096,15632,1110
5033.448047,2599564838,2599565942,15976,1104
5033.460065,2599573649,2599574758,15970,1109
5033.472087,2599582458,2599583567,15946,1109
5033.484114,2599591288,2599592397,16034,1109
5033.496134,2599600136,2599601249,16046,1113
5033.508149,2599608964,2599610071,15668,1107
5033.520185,2599617799,2599618902,15997,1103
5033.538216,2599631048,2599632153,15948,1105
5033.550237,2599639879,2599640983,15967,1104
5033.625376,2599694982,2599696085,15626,1103
5033.637405,2599703804,2599704916,15951,1112
5033.649425,2599712645,2599713751,15962,1106
5033.661448,2599721588,2599722695,15639,1107
5033.673478,2599730448,2599731554,15962,1106
5033.727581,2599770181,2599771286,16043,1105
5033.739597,2599779040,2599780158,16006,1118
5033.751616,2599787853,2599788963,15636,1110
5033.763645,2599796668,2599797772,15952,1104
5033.781680,2599809912,2599811018,15954,1106
5033.792193,2599817868,2599818976,15626,1108
5033.804222,2599826721,2599827828,15952,1107
5033.816242,2599835560,2599836669,15856,1109
5033.828261,2599844380,2599845487,15592,1107
5033.840291,2599853227,2599854330,15953,1103
5033.852311,2599862053,2599863162,15967,1109
5033.864338,2599870877,2599871985,15711,1108
5033.897397,2599895154,2599896267,15968,1113
5033.909416,2599903978,2599905088,15626,1110
5033.927450,2599917268,2599918378,15592,1110
5033.939479,2599926102,2599927210,16033,1108
5033.957513,2599939340,2599940449,15946,1109
5033.969537,2599948189,2599949302,16036,1113
5034.047685,2600005564,2600006670,15951,1106
5034.059705,2600014401,2600015505,16044,1104
5034.072738,2600025555,2600026663,15903,1108
5034.149878,2600080678,2600081791,15966,1113
5034.161904,2600089534,2600090641,15675,1107
5034.185945,2600107171,2600108284,15924,1113
5034.197964,2600115985,2600117090,15634,1105
5034.212997,2600127020,2600128133,15944,1113
5034.225016,2600135860,2600136962,15627,1102
5034.253079,2600157895,2600159004,16025,1109
5034.270104,2600168936,2600170044,15706,1108
5034.282131,2600177753,2600178867,15947,1114
5034.357272,2600232981,2600234080,15934,1099
5034.369290,2600241773,2600242874,15629,1101
5034.408371,2600270434,2600271537,15946,1103
5034.420393,2600279300,2600280412,15934,1112
5034.441427,2600294719,2600295825,15626,1106
5034.453456,2600303541,2600304648,15943,1107
5034.465480,2600312363,2600313462,15949,1099
5034.477499,2600321261,2600322370,15811,1109
5034.489525,2600330088,2600331201,15941,1113
5034.567668,2600387417,2600388520,15629,1103
5034.579697,2600396239,2600397353,15949,1114
5034.591717,2600405078,2600406184,15969,1106
5034.603733,2600413887,2600414988,15625,1101
5034.621771,2600427141,2600428253,15597,1112
5034.633800,2600435976,2600437088,15959,1112
5034.672872,2600464689,2600465794,16047,1105
5034.684896,2600473528,2600474640,15806,1112
5034.729976,2600506628,2600507738,15626,1110
5034.742006,2600515475,2600516579,15950,1104
5034.754028,2600524327,2600525444,15937,1117
5034.766045,2600533174,2600534281,15593,1107
5034.781078,2600544227,2600545333,15965,1106
5034.793096,2600553056,2600554158,15592,1102
5034.880266,2600617036,2600618142,15961,1106
5034.893792,2600627146,2600628245,16014,1099
5034.908826,2600638188,2600639297,16000,1109
5034.920843,2600647012,2600648127,16094,1115
5034.953908,2600671244,2600672353,16050,1109
5034.965930,2600680104,2600681204,16019,1100
5034.984973,2600695494,2600696600,15717,1106
5035.086154,2600768352,2600769461,15705,1109
5035.098189,2600777246,2600778355,15965,1109
5035.113205,2600788288,2600789394,15585,1106
5035.125234,2600797096,2600798210,15907,1114
5035.137255,2600805921,2600807035,15968,1114
5035.152288,2600816943,2600818016,15802,1073
5035.192367,2600847807,2600848904,15623,1097
5035.209395,2600858841,2600859949,15955,1108
5035.221411,2600867680,2600868781,15593,1101
5035.233440,2600876511,2600877619,15958,1108
5035.257482,2600894183,2600895288,15831,1105
5035.269509,2600903009,2600904110,16034,1101
5035.284531,2600914031,2600915134,15630,1103
5035.296560,2600922853,2600923964,15960,1111
5035.308584,2600932060,2600933174,15953,1114
5035.322106,2600942235,2600943345,15876,1110
5035.415280,2601010580,2601011687,15591,1107
5035.427309,2601019422,2601020528,15949,1106
5035.439329,2601028230,2601029336,15968,1106
5035.460369,2601043654,2601044764,15722,1110
5035.472394,2601052479,2601053585,16035,1106
5035.505454,2601076757,2601077867,15910,1110
5035.517486,2601085619,2601086730,15966,1111
5035.628689,2601167226,2601168329,15963,1103
5035.640708,2601176039,2601177155,15622,1116
5035.715858,2601231815,2601232924,15958,1109
5035.727878,2601240673,2601241781,15919,1108
5035.739897,2601249509,2601250611,15700,1102
5035.818050,2601306926,2601308029,15963,1103
5035.830069,2601315744,2601316851,15627,1107
5035.908219,2601373224,2601374333,15884,1109
5035.920244,2601382033,2601383144,15723,1111
5035.932269,2601390897,2601392006,15868,1109
5035.944289,2601399732,2601400827,15960,1095
5035.956308,2601408528,2601409629,15548,1101
5035.968338,2601417359,2601418476,15968,1117
5036.037463,2601468137,2601469243,15625,1106
5036.049495,2601476993,2601478099,15953,1106
5036.124632,2601532151,2601533269,15920,1118
5036.136652,2601540966,2601542077,15625,1111
5036.160702,2601558639,2601559739,16049,1100
5036.172720,2601567459,2601568571,15672,1112
5036.232838,2601611592,2601612698,16044,1106
5036.244865,2601620379,2601621487,15709,1108
5036.256886,2601629190,2601630304,15947,1114
5036.268908,2601638062,2601639167,15940,1105
5036.332023,2601684467,2601685575,15885,1108
5036.344056,2601693342,2601694452,15889,1110
5036.362081,2601706614,2601707717,15591,1103
5036.374109,2601715431,2601716530,15949,1099
5036.386126,2601724249,2601725363,15936,1114
5036.398155,2601730437,2601731087,13621,650
5036.412331,2601736097,2601736710,12038,613
5036.425203,2601742167,2601743324,16052,1157
5036.437233,2601751466,2601752598,16314,1132
5036.458267,2601767819,2601768983,16380,1164
5036.470286,2601777188,2601778349,16112,1161
5036.485319,2601788968,2601790135,16375,1167
5036.497342,2601798368,2601799558,16248,1190
5036.512370,2601810243,2601811432,16372,1189
5036.524388,2601819682,2601820873,16031,1191
5036.536418,2601829175,2601830374,16357,1199
5036.548440,2601838675,2601839864,16368,1189
5036.593524,2601874029,2601875222,16260,1193
5036.605543,2601883547,2601884737,15997,1190
5036.656644,2601923847,2601925011,16377,1164
5036.668663,2601933271,2601934465,16109,1194
5036.683696,2601945145,2601946335,16379,1190
5036.695717,2601954649,2601955837,16237,1188
5036.707748,2601964172,2601965365,16453,1193
5036.719764,2601973677,2601974870,16375,1193
5036.731783,2601983131,2601984323,16034,1192
5036.743815,2601992637,2601993829,16412,1192
5036.755834,2602002195,2602003388,16336,1193
5036.767852,2602011651,2602012846,16109,1195
5036.779885,2602021189,2602022378,16373,1189
5036.791901,2602030731,2602031920,16334,1189
5036.803921,2602040240,2602041436,16000,1196
5036.815951,2602050512,2602051705,16423,1193
5036.839997,2602069497,2602070668,16122,1171
5036.852018,2602078975,2602080172,16443,1197
5036.864039,2602088487,2602089651,16460,1164
5036.876057,2602097945,2602099136,16109,1191
5036.894095,2602112227,2602113420,16239,1193
5036.904331,2602119126,2602120035,15326,909
5036.916635,2602127792,2602128894,15601,1102
5036.928664,2602136650,2602137755,15952,1105
5036.940685,2602145491,2602146600,15859,1109
5036.952703,2602154360,2602155477,15598,1117
5036.964737,2602163275,2602164382,15874,1107
5036.976753,2602172141,2602173250,15968,1109
5036.988780,2602180957,2602182063,15713,1106
5037.000801,2602189799,2602190910,15940,1111
5037.012821,2602198647,2602199756,15925,1109
5037.024844,2602207482,2602208590,15830,1108
5037.036869,2602216344,2602217453,15943,1109
5037.048892,2602225243,2602226361,15934,1118
5037.075942,2602245099,2602246213,15968,1114
5037.087969,2602253976,2602255083,15603,1107
5037.099994,2602262858,2602263966,15959,1108
5037.112010,2602271710,2602272819,15965,1109
5037.124029,2602280526,2602281623,15634,1097
5037.137059,2602291585,2602292699,15854,1114
5037.157096,2602304867,2602305973,15970,1106
5037.169115,2602313750,2602314858,15709,1108
5037.181144,2602322582,2602323685,15953,1103
5037.193167,2602331433,2602332542,15956,1109
5037.205183,2602340229,2602341325,15628,1096
5037.217212,2602349049,2602350148,16026,1099
5037.229233,2602357884,2602358988,15966,1104
5037.241255,2602366735,2602367848,15829,1113
5037.253281,2602375568,2602376686,15945,1118
5037.265302,2602384423,2602385527,15921,1104
5037.277320,2602393232,2602394335,15589,1103
5037.289352,2602402062,2602403171,15989,1109
5037.319404,2602424201,2602425313,16023,1112
5037.331424,2602433002,2602434103,15634,1101
5037.349458,2602446274,2602447381,15593,1107
5037.361489,2602455124,2602456227,15968,1103
5037.380527,2602470620,2602471728,15958,1108
5037.421598,2602499321,2602500430,15836,1109
5037.433624,2602508155,2602509257,15948,1102
5037.457664,2602525837,2602526939,15634,1102
5037.469693,2602534674,2602535792,15976,1118
5037.484723,2602545707,2602546811,15712,1104
5037.496748,2602554532,2602555611,15906,1079
5037.511766,2602565527,2602566630,15628,1103
5037.523795,2602574356,2602575469,15947,1113
5037.535816,2602583192,2602584308,15855,1116
5037.547835,2602592041,2602593149,15521,1108
5037.559864,2602600896,2602602002,15948,1106
5037.571887,2602609744,2602610859,15917,1115
5037.583912,2602618596,2602619696,15653,1100
5037.595933,2602627433,2602628544,15946,1111
5037.607954,2602636284,2602637399,15967,1115
5037.619972,2602645085,2602646187,15629,1102
5037.633003,2602656156,2602657267,15854,1111
5037.653039,2602669451,2602670564,15923,1113
5037.665058,2602678266,2602679378,15632,1112
5037.689111,2602695939,2602697046,16007,1107
5037.701127,2602704768,2602705873,15601,1105
5037.713155,2602713583,2602714691,15943,1108
5037.725176,2602722428,2602723537,15972,1109
5037.737198,2602731271,2602732379,15829,1108
5037.749224,2602740104,2602741205,15948,1101
5037.770262,2602755568,2602756681,16045,1113
5037.782291,2602764430,2602765535,15906,1105
5037.797313,2602775508,2602776614,15963,1106
5037.809332,2602784323,2602785428,15635,1105
5037.833382,2602801966,2602803073,15852,1107
5037.845401,2602810817,2602811922,15598,1105
5037.857434,2602819733,2602820850,15905,1117
5037.884484,2602839779,2602840891,15910,1112
5037.896509,2602848692,2602849806,15991,1114
5037.908526,2602857604,2602858717,15821,1113
5037.948603,2602888685,2602889798,15968,1113
5037.977656,2602908564,2602909677,15964,1113
5037.989674,2602917391,2602918493,15594,1102
5038.001704,2602926223,2602927335,15967,1112
5038.013725,2602935065,2602936176,15968,1111
5038.025744,2602943871,2602944974,15631,1103
5038.037777,2602952722,2602953831,15962,1109
5038.049794,2602961576,2602962683,15968,1107
5038.067829,2602974833,2602975938,15969,1105
5038.079851,2602983674,2602984784,15644,1110
5038.097881,2602996914,2602998017,15632,1103
5038.109914,2603005775,2603006889,16046,1114
5038.121932,2603014650,2603015754,15992,1104
5038.133952,2603023490,2603024596,15834,1106
5038.145978,2603032338,2603033445,15947,1107
5038.161001,2603043362,2603044469,15626,1107
5038.173034,2603052247,2603053355,15959,1108
5038.188053,2603063287,2603064391,15635,1104
5038.200082,2603072150,2603073263,15948,1113
5038.212103,2603081000,2603082112,15920,1112
5038.224124,2603089841,2603090947,15831,1106
5038.236154,2603098712,2603099821,15941,1109
5038.260190,2603116356,2603117467,15707,1111
5038.272219,2603125209,2603126318,16028,1109
5038.284242,2603134047,2603135152,15949,1105
5038.296258,2603142869,2603143979,15632,1110
5038.308287,2603151715,2603152821,15947,1106
5038.320310,2603160926,2603162032,15963,1106
5038.344358,2603178651,2603179757,16048,1106
5038.356377,2603187525,2603188635,16048,1110
5038.368395,2603196332,2603197439,15632,1107
5038.380427,2603205195,2603206303,15995,1108
5038.392445,2603214032,2603215144,15964,1112
5038.404464,2603222874,2603223979,15635,1105
5038.416493,2603231710,2603232821,15859,1111
5038.473598,2603273761,2603274874,15878,1113
5038.488630,2603284781,2603285889,15940,1108
5038.500647,2603293621,2603294734,15885,1113
5038.512670,2603302444,2603303551,15653,1107
5038.524699,2603311288,2603312397,15944,1109
5038.536721,2603320145,2603321253,16017,1108
5038.548738,2603328954,2603330052,15631,1098
5038.560768,2603337800,2603338918,15957,1118
5038.576802,2603351045,2603352158,16116,1113
5038.593824,2603362086,2603363194,15707,1108
5038.608858,2603373197,2603374301,15903,1104
5038.680997,2603426214,2603427320,15949,1106
5038.693013,2603435009,2603436110,15637,1101
5038.705042,2603443831,2603444937,15943,1106
5038.726080,2603459278,2603460384,15854,1106
5038.738101,2603468166,2603469279,15913,1113
5038.781195,2603501310,2603502419,15630,1109
5038.804230,2603516763,2603517872,15945,1109
5038.816252,2603525651,2603526763,15934,1112
5038.840303,2603543341,2603544450,15962,1109
5038.852321,2603552214,2603553323,15934,1109
5038.864336,2603561048,2603562151,15671,1103
5038.885387,2603576524,2603577633,15967,1109
5038.897407,2603585403,2603586516,15940,1113
5038.909424,2603594194,2603595297,15708,1103
5038.921454,2603603027,2603604128,16023,1101
5038.969543,2603638386,2603639492,15968,1106
5038.981565,2603647205,2603648302,15646,1097
5039.008613,2603667094,2603668195,15705,1101
5039.020642,2603675919,2603677028,15943,1109
5039.032665,2603684799,2603685915,15908,1116
5039.047694,2603695883,2603696986,15864,1103
5039.059714,2603704718,2603705827,15963,1109
5039.071741,2603713532,2603714642,15717,1110
5039.083764,2603722393,2603723471,15803,1078
5039.095784,2603731204,2603732307,15835,1103
5039.107802,2603740015,2603741118,15591,1103
5039.125841,2603753274,2603754387,15859,1113
5039.137865,2603762147,2603763262,15944,1115
5039.155900,2603775375,2603776481,15946,1106
5039.167920,2603784206,2603785312,15961,1106
5039.179939,2603793016,2603794118,15639,1102
5039.191968,2603801854,2603802962,15947,1108
5039.203991,2603810696,2603811800,16047,1104
5039.216007,2603819486,2603820591,15710,1105
5039.234042,2603832778,2603833885,15599,1107
5039.246071,2603841625,2603842735,15957,1110
5039.265107,2603857076,2603858193,16044,1117
5039.300173,2603881336,2603882446,15950,1110
5039.312195,2603890174,2603891283,16048,1109
5039.324216,2603899045,2603900148,15760,1103
5039.336242,2603907880,2603908995,16031,1115
5039.354277,2603921154,2603922264,15949,1110
5039.364326,2603930008,2603931114,16056,1106
5039.399363,2603954306,2603955415,15954,1109
5039.411383,2603963154,2603964263,16045,1109
5039.423407,2603972017,2603973125,15785,1108
5039.435431,2603980838,2603981944,16023,1106
5039.447448,2603989680,2603990793,15889,1113
5039.459474,2603998492,2603999601,15675,1109
5039.471502,2604007323,2604008431,16000,1108
5039.483517,2604016153,2604017271,15968,1118
5039.504556,2604031648,2604032746,15629,1098
5039.516587,2604040470,2604041575,16030,1105
5039.540625,2604058198,2604059301,15599,1103
5039.552655,2604067024,2604068128,15967,1104
5039.564674,2604075845,2604076948,16044,1103
5039.576693,2604084659,2604085766,15710,1107
5039.615774,2604113381,2604114484,16025,1103
5039.627798,2604122283,2604123386,15933,1103
5039.639813,2604131083,2604132189,15631,1106
5039.651842,2604139912,2604141021,15947,1109
5039.663863,2604148744,2604149861,15999,1117
5039.717967,2604188514,2604189623,15864,1109
5039.729985,2604197372,2604198475,15601,1103
5039.769068,2604226081,2604227184,16070,1103
5039.781086,2604234901,2604236005,15969,1104
5039.820159,2604263666,2604264770,15827,1104
5039.832187,2604272524,2604273631,16044,1107
5039.844208,2604281806,2604282919,15940,1113
5039.856225,2604290677,2604291781,15675,1104
5039.868257,2604299525,2604300639,16076,1114
5039.886289,2604312774,2604313880,15951,1106
5039.907322,2604328244,2604329350,15796,1106
5039.931374,2604345920,2604347026,15950,1106
5039.943395,2604354782,2604355890,15879,1108
5039.955414,2604363592,2604364699,15635,1107
5039.967445,2604372414,2604373523,15992,1109
5039.979464,2604381271,2604382375,15882,1104
5039.991482,2604390094,2604391197,15605,1103
5040.003511,2604398907,2604400020,15956,1113
5040.015532,2604407785,2604408897,15883,1112
5040.027552,2604416623,2604417728,15684,1105
5040.039584,2604425508,2604426617,16040,1109
5040.051601,2604434378,2604435486,15967,1108
5040.063627,2604443196,2604444306,15791,1110
5040.075648,2604452055,2604453163,16026,1108
5040.087670,2604460919,2604462028,16016,1109
5040.099688,2604469705,2604470817,15629,1112
5040.111719,2604478551,2604479657,15973,1106
5040.123737,2604487416,2604488528,15792,1112
5040.135757,2604496204,2604497306,15632,1102
5040.147786,2604505029,2604506129,15949,1100
5040.159806,2604513871,2604514980,15961,1109
5040.171825,2604522694,2604523803,15552,1109
5040.183854,2604531554,2604532663,15903,1109
5040.195875,2604540388,2604541497,15875,1109
5040.207894,2604549227,2604550339,15594,1112
5040.225928,2604562504,2604563607,15594,1103
5040.237957,2604571333,2604572442,15901,1109
5040.252985,2604582447,2604583550,15859,1103
5040.265012,2604591294,2604592406,15993,1112
5040.289048,2604608944,2604610047,15707,1103
5040.301077,2604617757,2604618857,15947,1100
5040.325117,2604635448,2604636548,15591,1100
5040.337146,2604644307,2604645416,15950,1109
5040.349167,2604653133,2604654241,15967,1108
5040.361194,2604661915,2604663022,15725,1107
5040.403269,2604692819,2604693924,15963,1105
5040.415291,2604701638,2604702751,15832,1113
5040.427320,2604710463,2604711543,15804,1080
5040.439338,2604719258,2604720361,15969,1103
5040.451357,2604728079,2604729186,15630,1107
5040.463389,2604736919,2604738024,15994,1105
5040.475408,2604745819,2604746930,15892,1111
5040.487429,2604754668,2604755772,15834,1104
5040.499454,2604763491,2604764606,16029,1115
5040.511475,2604772335,2604773449,15857,1114
5040.523494,2604781179,2604782286,15677,1107
5040.535523,2604790020,2604791134,16033,1114
5040.547544,2604798870,2604799964,15968,1094
5040.559570,2604807680,2604808786,15715,1106
5040.571596,2604816517,2604817617,15968,1100
5040.583613,2604825368,2604826472,15974,1104
5040.595632,2604834198,2604835305,15608,1107
5040.607664,2604843255,2604844369,15985,1114
5040.619682,2604852141,2604853250,15931,1109
5040.631700,2604860937,2604862041,15707,1104
5040.643731,2604869777,2604870881,15971,1104
5040.655750,2604878606,2604879707,15961,1101
5040.667769,2604887393,2604888496,15627,1103
5040.679798,2604896214,2604897318,15952,1104
5040.691818,2604905053,2604906161,15961,1108
5040.703837,2604913863,2604914967,15705,1104
5040.715872,2604922746,2604923825,15815,1079
5040.727887,2604931539,2604932650,15969,1111
5040.739906,2604940355,2604941462,15627,1107
5040.760955,2604955823,2604956929,16000,1106
5040.772973,2604964642,2604965748,15968,1106
5040.784991,2604973428,2604974535,15630,1107
5040.797025,2604982292,2604983400,15968,1108
5040.854127,2605024249,2605025362,15971,1113
5040.866145,2605033127,2605034238,15606,1111
5040.887191,2605048575,2605049679,15933,1104
5040.902214,2605059582,2605060685,15605,1103
5040.917248,2605070649,2605071749,15928,1100
5040.989383,2605123620,2605124732,16043,1112
5041.001405,2605132447,2605133556,15841,1109
5041.031466,2605154519,2605155627,16052,1108
5041.043487,2605163364,2605164468,16049,1104
5041.055513,2605172173,2605173279,15764,1106
5041.067539,2605181053,2605182162,15954,1109
5041.079552,2605189873,2605190977,15797,1104
5041.091575,2605198683,2605199790,15627,1107
5041.103603,2605207543,2605208656,16032,1113
5041.115625,2605216424,2605217535,15931,1111
5041.127643,2605225207,2605226314,15629,1107
5041.139674,2605234028,2605235143,15976,1115
5041.157710,2605247256,2605248371,15991,1115
5041.169727,2605256095,2605257209,15967,1114
5041.193775,2605273703,2605274816,15948,1113
5041.205796,2605282577,2605283687,15847,1110
5041.259901,2605322330,2605323434,15953,1104
5041.283946,2605339996,2605341102,15948,1106
5041.295967,2605348818,2605349919,16009,1101
5041.307991,2605357656,2605358773,15826,1117
5041.320015,2605366523,2605367632,15954,1109
5041.332036,2605375362,2605376471,16006,1109
5041.348563,2605387731,2605388843,15675,1112
5041.362089,2605397925,2605399026,15673,1101
5041.407180,2605431036,2605432145,15841,1109
5041.422207,2605442093,2605443211,15964,1118
5041.467293,2605475182,2605476288,15964,1106
5041.479312,2605484055,2605485153,15630,1098
5041.491341,2605492882,2605493995,15945,1113
5041.509381,2605506159,2605507265,15975,1106
5041.521396,2605515007,2605516118,15877,1111
5041.608568,2605578977,2605580086,15956,1109
5041.620584,2605587814,2605588914,16046,1100
5041.671684,2605625338,2605626447,16032,1109
5041.683706,2605634217,2605635327,15932,1110
5041.695724,2605643032,2605644142,15629,1110
5041.707757,2605651896,2605653010,15965,1114
5041.719775,2605660748,2605661852,15969,1104
5041.731792,2605669572,2605670680,15593,1108
5041.743821,2605678411,2605679517,15953,1106
5041.761855,2605691644,2605692747,15945,1103
5041.773876,2605700467,2605701571,15922,1104
5041.816960,2605733569,2605734673,15958,1104
5041.833993,2605744580,2605745689,15955,1109
5041.864048,2605766644,2605767748,15966,1104
5041.876066,2605775445,2605776552,15630,1107
5041.897113,2605790907,2605792010,15946,1103
5041.909134,2605799797,2605800901,15933,1104
5041.924165,2605810815,2605811920,15952,1105
5041.936184,2605819650,2605820758,15877,1108
5041.948212,2605828462,2605829571,15714,1109
5041.966238,2605841703,2605842810,15627,1107
5041.978267,2605850516,2605851622,15951,1106
5042.023352,2605883553,2605884661,15948,1108
5042.035373,2605892411,2605893520,15918,1109
5042.047400,2605901220,2605902324,15790,1104
5042.065430,2605914455,2605915565,15664,1110
5042.077461,2605923292,2605924372,15842,1080
5042.119529,2605954201,2605955313,15628,1112
5042.131559,2605963035,2605964140,15956,1105
5042.143579,2605971873,2605972985,15966,1112
5042.155601,2605980692,2605981798,15826,1106
5042.176644,2605996176,2605997280,15969,1104
5042.188665,2606005011,2606006124,15973,1113
5042.236752,2606040344,2606041444,15704,1100
5042.248785,2606049180,2606050294,16090,1114
5042.260802,2606058029,2606059129,15966,1100
5042.272821,2606066833,2606067935,15709,1102
5042.284850,2606075666,2606076772,16026,1106
5042.299878,2606086737,2606087841,15827,1104
5042.311905,2606095591,2606096700,15879,1109
5042.323923,2606104446,2606105551,15938,1105
5042.335941,2606113252,2606114359,15706,1107
5042.347973,2606122111,2606123226,15975,1115
5042.359990,2606130965,2606132078,16004,1113
5042.372009,2606139793,2606140903,15627,1110
5042.384039,2606148638,2606149744,15945,1106
5042.405078,2606164125,2606165231,15933,1106
5042.417095,2606172906,2606174017,15629,1111
5042.444154,2606192768,2606193870,15711,1102
5042.456176,2606201570,2606202679,15949,1109
5042.468196,2606210399,2606211507,15921,1108
5042.480216,2606219206,2606220307,15706,1101
5042.492244,2606228032,2606229144,16038,1112
5042.504266,2606236914,2606238027,15934,1113
5042.516284,2606245701,2606246804,15708,1103
5042.528315,2606254522,2606255600,15814,1078
5042.540334,2606263323,2606264432,15971,1109
5042.564382,2606280935,2606282049,16036,1114
5042.579404,2606291950,2606293061,15631,1111
5042.633507,2606331702,2606332809,15629,1107
5042.645539,2606340536,2606341636,15997,1100
5042.657556,2606349360,2606350463,15965,1103
5042.696629,2606377986,2606379090,15811,1104
5042.708656,2606386833,2606387944,15953,1111
5042.729694,2606402268,2606403374,15923,1106
5042.741721,2606411062,2606412168,15712,1106
5042.753744,2606419897,2606420972,15804,1075
5042.768764,2606430895,2606432007,15628,1112
5042.780793,2606439736,2606440842,15949,1106
5042.855934,2606494883,2606495991,16042,1108
5042.867960,2606504136,2606505253,15864,1117
5042.879983,2606513031,2606514144,15960,1113
5042.892002,2606521961,2606523078,15843,1117
5042.904021,2606530846,2606531957,15602,1111
5042.922055,2606544166,2606545281,15632,1115
5042.934084,2606553035,2606554144,15951,1109
5042.946108,2606561855,2606562971,15950,1116
5042.973158,2606581751,2606582861,15936,1110
5042.988188,2606592811,2606593925,15949,1114
5043.048306,2606637334,2606638448,15910,1114
5043.060329,2606646212,2606647323,15962,1111
5043.072341,2606655043,2606656153,15892,1110
5043.108415,2606681609,2606682718,15936,1109
5043.123445,2606692628,2606693737,15945,1109
5043.135467,2606701505,2606702619,15844,1114
5043.147488,2606710320,2606711437,15586,1117
5043.159513,2606719160,2606720268,15861,1108
5043.171534,2606727995,2606729104,15965,1109
5043.183556,2606736841,2606737944,15804,1103
5043.201587,2606750093,2606751191,15594,1098
5043.213619,2606758898,2606759981,15885,1083
5043.240671,2606778722,2606779826,15998,1104
5043.252689,2606787543,2606788652,15975,1109
5043.267720,2606798590,2606799700,16035,1110
5043.279739,2606807439,2606808543,15968,1104
5043.291761,2606816286,2606817396,15831,1110
5043.303788,2606825113,2606826217,15947,1104
5043.315808,2606833956,2606835062,15962,1106
5043.327827,2606842767,2606843865,15631,1098
5043.339859,2606851623,2606852734,15967,1111
5043.351877,2606860458,2606861571,15928,1113
5043.363896,2606869264,2606870373,15710,1109
5043.375925,2606878094,2606879194,16036,1100
5043.387945,2606886907,2606888012,15939,1105
5043.399964,2606895763,2606896870,15598,1107
5043.411993,2606904595,2606905704,15948,1109
5043.424014,2606913431,2606914537,15970,1106
5043.436041,2606922222,2606923329,15714,1107
5043.448062,2606931042,2606932152,15949,1110
5043.460082,2606939867,2606940980,15963,1113
5043.472101,2606948680,2606949782,15630,1102
5043.484131,2606957508,2606958618,15949,1110
5043.496153,2606966361,2606967465,15935,1104
5043.514185,2606979572,2606980679,15960,1107
5043.526204,2606988380,2606989486,15629,1106
5043.550254,2607006066,2607007172,15962,1106
5043.562273,2607014869,2607015972,15590,1103
5043.604357,2607045791,2607046895,15966,1104
5043.616380,2607054642,2607055749,15634,1107
5043.655459,2607083327,2607084433,16055,1106
5043.667477,2607092155,2607093258,16045,1103
5043.679499,2607100966,2607102074,15834,1108
5043.691529,2607109818,2607110924,15955,1106
5043.703546,2607118654,2607119763,15970,1109
5043.715567,2607127489,2607128594,15898,1105
5043.736614,2607142933,2607144037,16036,1104
5043.748633,2607151777,2607152888,15878,1111
5043.760650,2607160575,2607161672,15549,1097
5043.811751,2607198163,2607199270,15918,1107
5043.823771,2607206984,2607208089,15550,1105
5043.841805,2607220216,2607221317,15625,1101
5043.853834,2607229024,2607230129,15958,1105
5043.880885,2607248870,2607249976,15956,1106
5043.895908,2607259925,2607261034,15673,1109
5043.907941,2607268791,2607269895,16051,1104
5043.950011,2607299638,2607300745,15706,1107
5043.962039,2607308470,2607309578,15955,1108
5043.974060,2607317283,2607318396,15975,1113
5044.010128,2607343808,2607344907,16043,1099
5044.040182,2607365877,2607366978,15591,1101
5044.052211,2607374698,2607375806,15971,1108
5044.064231,2607383521,2607384629,16051,1108
5044.082266,2607396768,2607397872,15933,1104
5044.121336,2607425461,2607426568,15702,1107
5044.133368,2607434287,2607435396,16000,1109
5044.157405,2607451926,2607453024,15626,1098
5044.169434,2607460760,2607461870,15951,1110
5044.223537,2607500469,2607501575,15954,1106
5044.235560,2607509338,2607510444,15993,1106
5044.259606,2607526952,2607528062,16032,1110
5044.331746,2607579858,2607580967,15998,1109
5044.343763,2607588685,2607589785,15977,1100
5044.355783,2607597482,2607598589,15633,1107
5044.367813,2607606336,2607607446,15969,1110
5044.381340,2607616476,2607617588,15991,1112
5044.424918,2607648864,2607649973,15961,1109
5044.436936,2607657678,2607658786,15627,1108
5044.521105,2607719413,2607720519,15973,1106
5044.533126,2607728216,2607729322,15905,1106
5044.545148,2607737030,2607738134,15857,1104
5044.560175,2607748074,2607749178,15893,1104
5044.581216,2607763582,2607764691,15876,1109
5044.593240,2607772408,2607773509,15995,1101
5044.605260,2607781235,2607782344,16048,1109
5044.648345,2607814328,2607815434,16050,1106
5044.680402,2607836454,2607837569,15834,1115
5044.692431,2607845308,2607846385,15888,1077
5044.743520,2607882741,2607883843,15708,1102
5044.755551,2607891584,2607892693,15952,1109
5044.767570,2607900449,2607901562,15909,1113
5044.779591,2607909301,2607910407,15827,1106
5044.852737,2607964481,2607965590,15952,1109
5044.905831,2608002040,2608003143,15824,1103
5044.917857,2608010875,2608011984,15993,1109
5044.929881,2608019712,2608020820,15951,1108
5044.956929,2608039556,2608040665,16046,1109
5044.968948,2608048374,2608049486,15665,1112
5044.980980,2608057267,2608058379,15923,1112
5044.992998,2608066144,2608067248,15880,1104
5045.057128,2608114698,2608115800,15625,1102
5045.098200,2608143396,2608144504,15949,1108
5045.110221,2608152231,2608153333,15966,1102
5045.161322,2608189698,2608190810,15974,1112
5045.173341,2608198546,2608199655,15854,1109
5045.191376,2608211838,2608212937,15939,1099
5045.203394,2608220622,2608221723,15626,1101
5045.215423,2608229433,2608230544,15954,1111
5045.227446,2608238255,2608239358,15997,1103
5045.239463,2608247048,2608248156,15680,1108
5045.257497,2608260317,2608261424,15593,1107
5045.269526,2608269158,2608270272,15955,1114
5045.380737,2608350913,2608352022,15940,1109
5045.395766,2608361969,2608363083,15949,1114
5045.449869,2608401707,2608402812,15955,1105
5045.461889,2608410533,2608411642,16045,1109
5045.473911,2608419358,2608420464,15866,1106
5045.485938,2608428202,2608429302,16032,1100
5045.497958,2608437005,2608438112,15970,1107
5045.546046,2608472267,2608473375,15626,1108
5045.558079,2608481144,2608482249,15964,1105
5045.570095,2608489956,2608491072,15848,1116
5045.588128,2608503294,2608504412,15881,1118
5045.600145,2608512135,2608513242,15510,1107
5045.618196,2608522726,2608523397,13873,671
5045.632334,2608528505,2608529119,12098,614
5045.645235,2608534541,2608535645,15631,1104
5045.657263,2608543341,2608544445,15950,1104
5045.669284,2608552157,2608553257,15853,1100
5045.681306,2608561022,2608562126,15832,1104
5045.693331,2608569846,2608570957,16018,1111
5045.708354,2608580868,2608581970,15627,1102
5045.723390,2608591916,2608593020,15943,1104
5045.735408,2608600712,2608601817,15548,1105
5045.747434,2608609540,2608610646,15949,1106
5045.759455,2608618359,2608619453,15921,1094
5045.771480,2608627194,2608628312,15856,1118
5045.783509,2608636065,2608637139,15884,1074
5045.795525,2608644904,2608646009,15951,1105
5045.807543,2608653712,2608654817,15626,1105
5045.819575,2608662528,2608663637,16000,1109
5045.831593,2608671349,2608672460,15969,1111
5045.843611,2608680161,2608681269,15630,1108
5045.855640,2608689016,2608690127,15857,1111
5045.867661,2608697852,2608698961,15767,1109
5045.879680,2608706675,2608707786,15516,1111
5045.890206,2608714601,2608715709,15941,1108
5045.902226,2608723463,2608724568,15638,1105
5045.914252,2608732298,2608733412,15945,1114
5045.929275,2608743369,2608744481,15599,1112
5045.947309,2608756619,2608757728,15635,1109
5045.959338,2608765453,2608766562,15945,1109
5045.971361,2608774306,2608775413,15952,1107
5045.983377,2608783114,2608784219,15556,1105
5045.995406,2608791945,2608793060,15946,1115
5046.007428,2608800841,2608801945,15933,1104
5046.019449,2608809675,2608810780,15746,1105
5046.031475,2608818508,2608819615,15942,1107
5046.043495,2608827339,2608828447,15880,1108
5046.055517,2608836140,2608837247,15635,1107
5046.067546,2608844987,2608846093,15991,1106
5046.079564,2608853828,2608854941,15964,1113
5046.091583,2608862659,2608863764,15635,1105
5046.103612,2608871474,2608872578,15900,1104
5046.115633,2608880313,2608881420,15857,1107
5046.129158,2608888865,2608889974,15808,1109
5046.141177,2608897675,2608898782,15628,1107
5046.153206,2608906500,2608907605,15942,1105
5046.165227,2608915331,2608916440,15857,1109
5046.177246,2608924165,2608925275,15600,1110
5046.189279,2608933038,2608934144,15961,1106
5046.201296,2608941859,2608942963,15961,1104
5046.213325,2608950753,2608951859,15906,1106
5046.225344,2608959577,2608960678,15948,1101
5046.237364,2608968395,2608969501,15973,1106
5046.249387,2608977250,2608978353,15640,1103
5046.261412,2608986077,2608987191,15947,1114
5046.273434,2608994958,2608996071,15950,1113
5046.292477,2609010393,2609011506,15821,1113
5046.304500,2609019272,2609020377,15962,1105
5046.327535,2609034738,2609035843,15956,1105
5046.339555,2609043540,2609044647,15593,1107
5046.351583,2609052354,2609053468,15947,1114
5046.364614,2609063410,2609064519,15853,1109
5046.393657,2609083283,2609084389,15666,1106
5046.405686,2609092082,2609093191,15950,1109
5046.432738,2609111981,2609113090,15944,1109
5046.447763,2609123028,2609124142,15822,1114
5046.459791,2609131862,2609132938,15718,1076
5046.471813,2609140695,2609141804,15928,1109
5046.483829,2609149508,2609150611,15714,1103
5046.495858,2609158315,2609159430,15957,1115
5046.507878,2609167141,2609168246,15967,1105
5046.519898,2609175949,2609177061,15629,1112
5046.531926,2609184779,2609185894,15944,1115
5046.543947,2609193592,2609194704,15881,1112
5046.555966,2609202395,2609203502,15631,1107
5046.567999,2609211277,2609212386,15960,1109
5046.580018,2609220125,2609221231,15874,1106
5046.592038,2609228976,2609230075,15827,1099
5046.604067,2609237787,2609238893,16081,1106
5046.616086,2609246626,2609247737,16046,1111
5046.628103,2609255439,2609256544,15634,1105
5046.640132,2609264281,2609265390,15946,1109
5046.652153,2609273109,2609274219,16047,1110
5046.664175,2609281939,2609283045,15833,1106
5046.676205,2609290787,2609291900,15872,1113
5046.688222,2609299633,2609300739,15963,1106
5046.700244,2609308446,2609309553,15646,1107
5046.712272,2609317288,2609318393,15943,1105
5046.724290,2609326122,2609327230,15964,1108
5046.736312,2609334919,2609335995,15814,1076
5046.751338,2609345918,2609347027,15890,1109
5046.763363,2609354772,2609355881,15838,1109
5046.775389,2609363620,2609364727,15946,1107
5046.787412,2609372483,2609373591,15930,1108
5046.799429,2609381287,2609382390,15706,1103
5046.811461,2609390130,2609391238,16072,1108
5046.823479,2609398965,2609400075,16046,1110
5046.835498,2609407781,2609408879,15631,1098
5046.847526,2609416600,2609417713,16022,1113
5046.859547,2609425443,2609426555,15854,1112
5046.871566,2609434273,2609435375,15521,1102
5046.883598,2609443091,2609444165,15801,1074
5046.895617,2609451899,2609453007,15907,1108
5046.907643,2609460715,2609461812,15718,1097
5046.919664,2609469536,2609470645,15948,1109
5046.931684,2609478379,2609479492,15973,1113
5046.943703,2609487182,2609488287,15629,1105
5046.955732,2609496018,2609497122,16028,1104
5046.967755,2609504868,2609505977,16014,1109
5046.979772,2609513684,2609514798,15707,1114
5046.991803,2609522519,2609523592,15798,1073
5047.003822,2609531297,2609532406,16053,1109
5047.015844,2609540107,2609541184,15858,1077
5047.027874,2609548929,2609550035,15907,1106
5047.039890,2609557758,2609558864,15964,1106
5047.057925,2609570988,2609572102,15855,1114
5047.069944,2609579835,2609580942,15600,1107
5047.093993,2609597481,2609598590,15960,1109
5047.106020,2609606312,2609607419,15712,1107
5047.145092,2609634958,2609636068,15946,1110
5047.157113,2609643804,2609644913,15858,1109
5047.197195,2609674723,2609675828,15973,1105
5047.226247,2609694535,2609695641,15945,1106
5047.238269,2609703387,2609704497,15927,1110
5047.268321,2609725449,2609726552,15602,1103
5047.280350,2609734285,2609735394,15852,1109
5047.292371,2609743099,2609744201,15882,1102
5047.304397,2609751927,2609753032,15714,1105
5047.316418,2609760763,2609761869,15940,1106
5047.340458,2609778375,2609779475,15635,1100
5047.352489,2609787221,2609788295,15715,1074
5047.367513,2609798192,2609799267,15857,1075
5047.397573,2609820177,2609821285,15941,1108
5047.412598,2609831614,2609832721,15547,1107
5047.424628,2609840489,2609841598,15963,1109
5047.439647,2609851536,2609852639,15710,1103
5047.451676,2609860374,2609861482,15949,1108
5047.463698,2609869243,2609870351,15932,1108
5047.475715,2609878054,2609879157,15551,1103
5047.487744,2609886867,2609887973,15944,1106
5047.499765,2609895690,2609896798,15965,1108
5047.511784,2609904491,2609905603,15551,1112
5047.523813,2609913348,2609914457,15858,1109
5047.535834,2609922199,2609923308,15974,1109
5047.547853,2609930988,2609932093,15631,1105
5047.559886,2609939853,2609940967,16034,1114
5047.592938,2609964173,2609965284,15710,1111
5047.604970,2609973056,2609974170,15956,1114
5047.616991,2609981905,2609983011,15949,1106
5047.629010,2609990740,2609991841,15828,1101
5047.645049,2610003967,2610005069,15704,1102
5047.710161,2610050352,2610051464,15637,1112
5047.752246,2610081245,2610082358,15855,1113
5047.764264,2610090099,2610091200,15598,1101
5047.776293,2610098924,2610100033,15947,1109
5047.821379,2610131993,2610133102,15939,1109
5047.833399,2610140825,2610141934,15960,1109
5047.845420,2610149641,2610150746,15632,1105
5047.857452,2610158502,2610159606,16044,1104
5047.908538,2610195998,2610197104,15671,1106
5047.920571,2610204895,2610206008,15906,1113
5047.935593,2610216025,2610217138,15851,1113
5047.947623,2610224930,2610226044,15902,1114
5047.959646,2610233837,2610234946,15990,1109
5047.971661,2610242732,2610243845,15835,1113
5047.983690,2610251645,2610252754,15905,1109
5048.001725,2610264860,2610265969,15986,1109
5048.013742,2610273701,2610274807,15961,1106
5048.032786,2610289183,2610290291,15826,1108
5048.044809,2610298021,2610299129,15937,1108
5048.061833,2610309111,2610310222,15828,1111
5048.073859,2610317950,2610319051,15945,1101
5048.136979,2610364280,2610365386,15950,1106
5048.149000,2610373121,2610374234,15858,1113
5048.161018,2610381958,2610383058,15596,1100
5048.237169,2610439243,2610440348,16038,1105
5048.266222,2610459116,2610460220,15961,1104
5048.278241,2610467912,2610469019,15626,1107
5048.344373,2610516478,2610517587,15944,1109
5048.356395,2610525340,2610526440,15889,1100
5048.392463,2610551763,2610552877,16047,1114
5048.404487,2610560605,2610561686,15869,1081
5048.444563,2610591529,2610592634,15857,1105
5048.461596,2610602598,2610603707,15850,1109
5048.473617,2610611424,2610612532,15958,1108
5048.509685,2610637922,2610639034,15962,1112
5048.521704,2610646716,2610647818,15634,1102
5048.551772,2610668804,2610669912,15967,1108
5048.563788,2610677632,2610678738,16045,1106
5048.581823,2610690873,2610691982,15964,1109
5048.593849,2610699669,2610700776,15710,1107
5048.617891,2610717330,2610718444,16044,1114
5048.629910,2610726129,2610727235,15632,1106
5048.656961,2610745997,2610747098,15597,1101
5048.668997,2610754899,2610756013,15894,1114
5048.738115,2610805600,2610806707,15707,1107
5048.750149,2610814465,2610815579,15915,1114
5048.765167,2610825521,2610826624,15593,1103
5048.777200,2610834373,2610835491,16043,1118
5048.789220,2610843230,2610844336,15865,1106
5048.852339,2610889610,2610890721,15935,1111
5048.864356,2610898414,2610899515,15629,1101
5048.876385,2610907463,2610908569,15950,1106
5048.903437,2610927309,2610928414,16023,1105
5048.915457,2610936130,2610937235,16009,1105
5048.927479,2610945367,2610946476,15910,1109
5048.939505,2610954224,2610955324,15936,1100
5048.951527,2610963084,2610964192,15932,1108
5048.963544,2610971899,2610973006,15546,1107
5048.975574,2610980726,2610981832,15851,1106
5048.987595,2610989573,2610990683,15971,1110
5048.999613,2610998390,2610999497,15630,1107
5049.011642,2611007219,2611008328,15848,1109
5049.023663,2611016054,2611017159,15963,1105
5049.041697,2611029275,2611030382,15897,1107
5049.053716,2611038116,2611039221,15559,1105
5049.071750,2611051339,2611052446,15625,1107
5049.083779,2611060181,2611061287,15939,1106
5049.095803,2611069018,2611070123,15960,1105
5049.107819,2611077811,2611078913,15628,1102
5049.119848,2611086634,2611087739,15946,1105
5049.131869,2611095459,2611096565,15969,1106
5049.143891,2611104279,2611105385,15828,1106
5049.155916,2611113106,2611114206,15944,1100
5049.191988,2611139539,2611140645,15993,1106
5049.204008,2611148392,2611149496,16018,1104
5049.216024,2611157183,2611158285,15631,1102
5049.228054,2611166010,2611167115,15851,1105
5049.240075,2611174870,2611175972,15849,1102
5049.252093,2611183698,2611184801,15598,1103
5049.270127,2611196938,2611198045,15631,1107
5049.288170,2611210165,2611211268,15709,1103
5049.300193,2611219002,2611220111,15961,1109
5049.312212,2611227841,2611228951,15960,1110
5049.324234,2611236644,2611237754,15650,1110
5049.336260,2611245462,2611246571,15950,1109
5049.348282,2611254325,2611255434,15938,1109
5049.360299,2611263139,2611264251,15670,1112
5049.381345,2611278598,2611279703,15941,1105
5049.393369,2611287430,2611288539,15952,1109
5049.405385,2611296257,2611297360,15630,1103
5049.417414,2611305102,2611306211,15898,1109
5049.441457,2611322746,2611323856,15826,1110
5049.453484,2611331585,2611332659,15795,1074
5049.471517,2611344728,2611345834,15944,1106
5049.483539,2611353556,2611354660,15962,1104
5049.495556,2611362335,2611363447,15543,1112
5049.507585,2611371170,2611372281,15945,1111
5049.519606,2611380012,2611381120,16048,1108
5049.531628,2611388848,2611389961,15828,1113
5049.543658,2611397726,2611398835,15936,1109
5049.555675,2611406566,2611407672,15877,1106
5049.573709,2611419786,2611420898,15956,1112
5049.585735,2611428621,2611429731,15671,1110
5049.612779,2611448505,2611449610,15626,1105
5049.624808,2611457328,2611458438,15855,1110
5049.639834,2611468371,2611469478,15789,1107
5049.651861,2611477221,2611478303,15832,1082
5049.663881,2611486003,2611487112,16046,1109
5049.684924,2611501433,2611502535,15542,1102
5049.696947,2611510263,2611511366,16064,1103
5049.711968,2611521305,2611522406,15592,1101
5049.723997,2611530129,2611531240,15938,1111
5049.736018,2611538976,2611540088,15853,1112
5049.748040,2611547816,2611548928,15615,1112
5049.760070,2611556695,2611557808,15990,1113
5049.772089,2611565530,2611566634,16031,1104
5049.784113,2611574339,2611575445,15792,1106
5049.796137,2611583204,2611584308,15945,1104
5049.820174,2611600846,2611601956,15621,1110
5049.832203,2611609671,2611610779,15858,1108
5049.844225,2611618548,2611619657,15935,1109
5049.856242,2611627344,2611628439,15545,1095
5049.868276,2611636185,2611637286,15922,1101
5049.880292,2611645008,2611646108,15925,1100
5049.892314,2611653805,2611654876,15851,1071
5049.908353,2611666995,2611668101,15619,1106
5049.925378,2611678034,2611679139,15964,1105
5049.937400,2611686904,2611688009,15800,1105
5049.961446,2611704542,2611705642,15963,1100
5049.973465,2611713319,2611714423,15626,1104
5050.027571,2611753064,2611754174,15821,1110
5050.039602,2611761921,2611763024,15948,1103
5050.051619,2611770723,2611771823,15889,1100
5050.063637,2611779544,2611780647,15592,1103
5050.084687,2611794978,2611796079,15989,1101
5050.096704,2611803797,2611804901,15967,1104
5050.111734,2611814824,2611815937,15944,1113
5050.123755,2611823664,2611824768,15965,1104
5050.135777,2611832509,2611833620,15922,1111
5050.147805,2611841361,2611842470,15969,1109
5050.159813,2611850130,2611851231,15668,1101
5050.240979,2611909615,2611910725,15932,1110
5050.252997,2611918426,2611919528,15548,1102
5050.304098,2611955876,2611956985,16045,1109
5050.316117,2611964710,2611965822,15625,1112
5050.328146,2611973524,2611974629,15941,1105
5050.340168,2611982388,2611983495,15847,1107
5050.352185,2611991190,2611992301,15629,1111
5050.364215,2612000005,2612001109,16031,1104
5050.427335,2612046320,2612047431,16026,1111
5050.440866,2612056501,2612057615,16050,1114
5050.452882,2612065407,2612066521,15936,1114
5050.464900,2612074238,2612075345,15628,1107
5050.476929,2612083080,2612084185,15944,1105
5050.509986,2612107324,2612108435,15625,1111
5050.522021,2612116207,2612117311,15964,1104
5050.546057,2612133903,2612135012,15802,1109
5050.558084,2612142738,2612143852,15930,1114
5050.570104,2612151563,2612152672,15967,1109
5050.582126,2612160397,2612161503,15822,1106
5050.594152,2612169220,2612170326,15948,1106
5050.648257,2612208898,2612209998,15960,1100
5050.660269,2612217664,2612218774,15760,1110
5050.693340,2612241913,2612243026,16023,1113
5050.705364,2612250719,2612251816,15958,1097
5050.717380,2612259497,2612260604,15629,1107
5050.748444,2612283784,2612284893,15971,1109
5050.825594,2612338905,2612340015,15784,1110
5050.837616,2612347746,2612348854,15954,1108
5050.852637,2612358755,2612359865,15698,1110
5050.864667,2612367590,2612368690,16025,1100
5050.909753,2612400707,2612401812,15940,1105
5050.921773,2612409521,2612410626,15962,1105
5050.933791,2612418321,2612419422,15705,1101
5050.945821,2612427137,2612428240,16032,1103
5050.957830,2612435921,2612437033,15684,1112
5050.969860,2612444756,2612445861,15646,1105
5051.060035,2612510690,2612511801,15629,1111
5051.072063,2612519484,2612520592,15889,1108
5051.084083,2612528319,2612529437,15893,1118
5051.096103,2612537095,2612538167,15833,1072
5051.108130,2612545876,2612546985,15949,1109
5051.120151,2612554703,2612555809,16048,1106
5051.144201,2612572335,2612573450,15976,1115
5051.156212,2612581152,2612582257,15719,1105
5051.168241,2612589919,2612591016,15592,1097
5051.180271,2612598755,2612599860,15908,1105
5051.192276,2612607537,2612608649,15678,1112
5051.204309,2612616304,2612617406,15596,1102
5051.216338,2612625078,2612626183,15976,1105
5051.261424,2612657945,2612659056,15979,1111
5051.273434,2612666713,2612667816,15559,1103
5051.333561,2612710628,2612711737,16063,1109
5051.345569,2612719494,2612720601,15760,1107
5051.357601,2612728245,2612729357,15630,1112
5051.384653,2612748028,2612749139,15706,1111
5051.396683,2612756806,2612757884,15904,1078
5051.408693,2612765574,2612766686,15719,1112
5051.432751,2612783231,2612784340,15961,1109
5051.444756,2612791997,2612793103,15681,1106
5051.484840,2612822773,2612823882,15972,1109
5051.540955,2612862237,2612863346,15979,1109
5051.552964,2612871045,2612872145,15629,1100
5051.589031,2612897394,2612898504,15679,1110
5051.604076,2612908365,2612909479,15981,1114
5051.691236,2612972024,2612973125,15632,1101
5051.706254,2612982992,2612984100,15683,1108
5051.718295,2612991762,2612992837,15913,1075
5051.748347,2613013699,2613014808,15950,1109
5051.760363,2613022521,2613023624,15634,1103
5051.796426,2613048865,2613049971,15688,1106
5051.808459,2613057645,2613058751,15593,1106
5051.847539,2613086202,2613087301,15986,1099
5051.859545,2613094975,2613096078,15682,1103
5051.871574,2613103742,2613104849,15849,1107
5051.883607,2613112544,2613113648,16057,1104
5051.895613,2613121296,2613122394,15751,1098
5051.907647,2613130053,2613131159,15710,1106
5051.919675,2613138842,2613139955,16052,1113
5051.931682,2613147622,2613148725,15688,1103
5051.943712,2613156409,2613157512,15626,1103
5051.955747,2613165663,2613166775,15864,1112
5051.969269,2613175569,2613176679,15866,1110
5051.981277,2613184325,2613185431,15759,1106
5052.020357,2613212906,2613214002,15889,1096
5052.032387,2613221722,2613222831,16022,1109
5052.044397,2613230486,2613231588,15680,1102
5052.104527,2613274372,2613275480,15968,1108
5052.116541,2613283133,2613284234,15639,1101
5052.137585,2613298511,2613299613,15713,1102
5052.149613,2613307285,2613308394,16061,1109
5052.161620,2613316065,2613317173,15757,1108
5052.176664,2613327032,2613328141,15968,1109
5052.191687,2613338048,2613339153,15803,1105
5052.203713,2613346878,2613347992,15896,1114
5052.215730,2613355651,2613356754,15634,1103
5052.227756,2613364441,2613365548,15554,1107
5052.239785,2613373245,2613374350,15979,1105
5052.251796,2613382050,2613383162,15631,1112
5052.335962,2613443454,2613444562,15632,1108
5052.347987,2613452280,2613453386,15944,1106
5052.360002,2613461044,2613462147,15712,1103
5052.372030,2613469818,2613470929,15556,1111
5052.384059,2613478608,2613479717,15976,1109
5052.396078,2613487465,2613488569,15939,1104
5052.408096,2613496258,2613497369,15626,1111
5052.420129,2613505091,2613506196,16004,1105
5052.438162,2613518260,2613519370,16017,1110
5052.450168,2613527027,2613528125,15677,1098
5052.555383,2613603935,2613605047,16009,1112
5052.567391,2613612753,2613613861,15755,1108
5052.579425,2613621499,2613622570,15761,1071
5052.597459,2613634621,2613635729,15647,1108
5052.609483,2613643448,2613644558,15930,1110
5052.660585,2613680741,2613681844,15707,1103
5052.672606,2613689546,2613690656,16041,1110
5052.687630,2613700519,2613701625,15792,1106
5052.699662,2613709347,2613710422,15828,1075
5052.711673,2613718114,2613719221,15633,1107
5052.723692,2613726926,2613728032,15554,1106
5052.735727,2613735716,2613736820,15977,1104
5052.747736,2613744503,2613745611,15602,1108
5052.759774,2613753267,2613754370,15624,1103
5052.771798,2613762048,2613763152,15995,1104
5052.783807,2613770819,2613771925,15680,1106
5052.795837,2613779583,2613780688,15643,1105
5052.807866,2613788383,2613789487,15986,1104
5052.819873,2613797173,2613798274,15677,1101
5052.831905,2613805920,2613807021,15642,1101
5052.843934,2613814734,2613815840,15964,1106
5052.855940,2613823497,2613824604,15681,1107
5052.867974,2613832260,2613833357,15558,1097
5052.880002,2613841037,2613842141,15979,1104
5052.892010,2613849799,2613850906,15681,1107
5052.904042,2613858560,2613859666,15636,1106
5052.941107,2613887086,2613888200,15972,1114
5052.970175,2613906844,2613907946,15921,1102
5052.982182,2613915637,2613916743,15685,1106
5053.009239,2613935377,2613936475,15635,1098
5053.021261,2613944247,2613945353,15634,1106
5053.093403,2613997087,2613998195,15641,1108
5053.105433,2614005890,2614006996,16004,1106
5053.159533,2614045390,2614046499,15961,1109
5053.180559,2614060813,2614061916,15685,1103
5053.192591,2614069601,2614070707,15644,1106
5053.204620,2614078389,2614079501,15982,1112
5053.216631,2614087190,2614088295,15759,1105
5053.255715,2614115811,2614116916,15920,1105
5053.267739,2614124591,2614125700,15986,1109
5053.279746,2614133337,2614134435,15677,1098
5053.291780,2614142085,2614143188,15650,1103
5053.303806,2614150887,2614151994,16040,1107
5053.315816,2614159680,2614160783,15683,1103
5053.327848,2614168438,2614169541,15642,1103
5053.339876,2614177225,2614178333,15978,1108
5053.351883,2614185986,2614187087,15758,1101
5053.369918,2614199164,2614200275,15678,1111
5053.381954,2614207929,2614209005,15862,1076
5053.408997,2614227661,2614228770,15891,1109
5053.421032,2614236461,2614237569,16063,1108
5053.442055,2614251888,2614252986,15677,1098
5053.454095,2614260630,2614261737,15783,1107
5053.464604,2614268865,2614269977,15737,1112
5053.476631,2614277678,2614278780,15647,1102
5053.512700,2614304005,2614305111,15685,1106
5053.524727,2614312786,2614313892,16005,1106
5053.612885,2614378550,2614379659,15968,1109
5053.629923,2614389531,2614390637,15651,1106
5053.641947,2614398378,2614399487,15924,1109
5053.717079,2614453198,2614454304,15680,1106
5053.729112,2614461982,2614463088,15636,1106
5053.819284,2614527693,2614528795,15643,1102
5053.831312,2614536483,2614537589,16065,1106
5053.843318,2614545286,2614546394,15683,1108
5053.855347,2614554110,2614555223,15818,1113
5053.867380,2614562900,2614564006,15986,1106
5053.879387,2614571666,2614572764,15679,1098
5053.897423,2614584851,2614585954,15755,1103
5053.909455,2614593647,2614594748,15695,1101
5053.933489,2614611204,2614612301,15683,1097
5053.945523,2614620011,2614621114,15711,1103
5053.960542,2614631008,2614632113,15682,1105
5053.975587,2614641972,2614643047,15821,1075
5053.993619,2614655108,2614656212,15975,1104
5054.005631,2614663862,2614664976,15730,1114
5054.017660,2614672625,2614673701,15831,1076
5054.041704,2614690069,2614691174,15671,1105
5054.058238,2614702276,2614703376,15641,1100
5054.070265,2614711070,2614712174,15978,1104
5054.121357,2614748386,2614749494,15656,1108
5054.133387,2614757186,2614758264,15801,1078
5054.145392,2614765927,2614767028,15680,1101
5054.157426,2614774680,2614775786,15632,1106
5054.229556,2614827310,2614828411,15566,1101
5054.241591,2614836091,2614837196,15981,1105
5054.258108,2614848380,2614849487,15682,1107
5054.270140,2614857135,2614858236,15641,1101
5054.351290,2614916348,2614917452,15814,1104
5054.363320,2614925176,2614926285,16025,1109
5054.381357,2614938307,2614939421,15983,1114
5054.393364,2614947068,2614948169,15682,1101
5054.408409,2614958051,2614959157,16058,1106
5054.420415,2614966796,2614967902,15683,1106
5054.453496,2614990972,2614992079,16002,1107
5054.465505,2614999819,2615000927,15678,1108
5054.564690,2615072255,2615073362,15681,1107
5054.576723,2615081027,2615082129,15555,1102
5054.588752,2615089822,2615090931,16057,1109
5054.660886,2615142596,2615143702,16029,1106
5054.672897,2615151404,2615152507,15678,1103
5054.730012,2615193131,2615194239,15679,1108
5054.742043,2615201917,2615203020,16061,1103
5054.760077,2615215101,2615216206,16059,1105
5054.772086,2615223867,2615224969,15758,1102
5054.784118,2615232638,2615233750,15638,1112
5054.796146,2615241431,2615242539,15954,1108
5054.816332,2615250743,2615251362,11958,619
5054.881806,2615295221,2615296408,16380,1187
5054.893824,2615304689,2615305878,16248,1189
5054.908860,2615316375,2615317569,16381,1194
5054.920874,2615325733,2615326920,16015,1187
5054.944928,2615344536,2615345725,16400,1189
5054.956946,2615353910,2615355094,16257,1184
5054.968976,2615363328,2615364524,16394,1196
5054.980998,2615373651,2615374835,16465,1184
5054.996028,2615385552,2615386722,16352,1170
5055.008049,2615394981,2615396146,16438,1165
5055.020063,2615404473,2615405662,15916,1189
5055.032094,2615413954,2615415116,16173,1162
5055.044118,2615423388,2615424552,16493,1164
5055.056134,2615432805,2615433998,16329,1193
5055.068165,2615442303,2615443491,16354,1188
5055.080186,2615451832,2615453021,16381,1189
5055.092204,2615461324,2615462521,16244,1197
5055.104231,2615470847,2615472015,16184,1168
5055.116255,2615480306,2615481465,16463,1159
5055.128269,2615489725,2615490916,16001,1191
5055.140302,2615499238,2615500436,16352,1198
5055.152323,2615508749,2615509941,16462,1192
5055.188391,2615537244,2615538436,16465,1192
5055.200406,2615546728,2615547910,15998,1182
5055.212440,2615556228,2615557396,16159,1168
5055.224460,2615565691,2615566884,16456,1193
5055.236474,2615575172,2615576367,15998,1195
5055.251512,2615587055,2615588249,16281,1194
5055.272543,2615603609,2615604794,16037,1185
5055.284577,2615613108,2615614291,16431,1183
5055.296598,2615622639,2615623832,16278,1193
5055.311627,2615634511,2615635704,16350,1193
5055.325152,2615643341,2615644451,15865,1110
5055.337173,2615652233,2615653344,15963,1111
5055.349192,2615661080,2615662186,15637,1106
5055.361221,2615669931,2615671049,16022,1118
5055.373242,2615678769,2615679880,15957,1111
5055.385257,2615687606,2615688715,15618,1109
5055.397290,2615696479,2615697583,15940,1104
5055.412309,2615707495,2615708602,15611,1107
5055.424341,2615716314,2615717423,15937,1109
5055.436362,2615725182,2615726295,15954,1113
5055.448380,2615734048,2615735153,15841,1105
5055.460407,2615742895,2615743974,15748,1079
5055.472430,2615751701,2615752810,16041,1109
5055.484446,2615760503,2615761600,15694,1097
5055.496478,2615769326,2615770432,16022,1106
5055.508499,2615778194,2615779309,15925,1115
5055.520514,2615787008,2615788115,15617,1107
5055.532547,2615795838,2615796944,15940,1106
5055.544568,2615804731,2615805840,15957,1109
5055.556588,2615813601,2615814714,15884,1113
5055.571619,2615824662,2615825766,15962,1104
5055.583635,2615833481,2615834583,15617,1102
5055.595667,2615842316,2615843428,15945,1112
5055.607687,2615851166,2615852275,15959,1109
5055.628720,2615866602,2615867709,15612,1107
5055.640754,2615875477,2615876594,15909,1117
5055.664789,2615893160,2615894270,15619,1110
5055.676821,2615902006,2615903112,16024,1106
5055.688844,2615910853,2615911958,16072,1105
5055.700857,2615919652,2615920759,15693,1107
5055.712889,2615928553,2615929662,15825,1109
5055.736926,2615946207,2615947312,15616,1105
5055.748958,2615955048,2615956154,15921,1106
5055.772998,2615972687,2615973790,15865,1103
5055.785024,2615981515,2615982588,15742,1073
5055.809060,2615999117,2616000224,15565,1107
5055.824100,2616010197,2616011308,15963,1111
5055.836115,2616018993,2616020100,15639,1107
5055.848149,2616027826,2616028932,15946,1106
5055.860169,2616036649,2616037756,15969,1107
5055.872184,2616045436,2616046547,15602,1111
5055.884218,2616054311,2616055385,15752,1074
5055.908252,2616071906,2616073012,15601,1106
5055.920284,2616080744,2616081853,15901,1109
5055.932306,2616089593,2616090699,15976,1106
5055.944321,2616098437,2616099544,15602,1107
5055.956354,2616107274,2616108380,15941,1106
5055.968375,2616116104,2616117207,15892,1103
5055.992423,2616133781,2616134856,15757,1075
5056.007441,2616144760,2616145867,15596,1107
5056.019475,2616153591,2616154697,15940,1106
5056.031495,2616162428,2616163537,15977,1109
5056.043509,2616171232,2616172335,15600,1103
5056.055543,2616180089,2616181198,15916,1109
5056.067563,2616188935,2616190047,15974,1112
5056.079578,2616197741,2616198856,15607,1115
5056.091609,2616206604,2616207685,15747,1081
5056.103632,2616215414,2616216523,15969,1109
5056.115651,2616224262,2616225370,15844,1108
5056.127680,2616233077,2616234180,15855,1103
5056.139701,2616241912,2616243026,15971,1114
5056.151718,2616250744,2616251861,15762,1117
5056.199817,2616286088,2616287188,15931,1100
5056.211838,2616294921,2616296026,15975,1105
5056.223852,2616303694,2616304801,15602,1107
5056.236883,2616314746,2616315854,15966,1108
5056.259924,2616330176,2616331280,15841,1104
5056.271955,2616338996,2616340107,15938,1111
5056.283975,2616347814,2616348921,16072,1107
5056.295989,2616356611,2616357714,15606,1103
5056.308023,2616365431,2616366531,15942,1100
5056.320044,2616374259,2616375368,16039,1109
5056.332058,2616383064,2616384171,15617,1107
5056.344090,2616391889,2616392995,15938,1106
5056.356111,2616400721,2616401835,15931,1114
5056.368130,2616409567,2616410669,15808,1102
5056.380160,2616418379,2616419488,15936,1109
5056.392181,2616427212,2616428322,15970,1110
5056.404196,2616436035,2616437142,15595,1107
5056.440264,2616462505,2616463608,15608,1103
5056.452299,2616471329,2616472443,15966,1114
5056.473335,2616486787,2616487893,15967,1106
5056.485350,2616495599,2616496710,15603,1111
5056.497384,2616504876,2616505989,15911,1113
5056.509404,2616513754,2616514867,15975,1113
5056.521418,2616522601,2616523704,15600,1103
5056.539453,2616535849,2616536954,15614,1105
5056.551484,2616544686,2616545790,15868,1104
5056.563505,2616553500,2616554609,15785,1109
5056.575520,2616562313,2616563415,15611,1102
5056.587553,2616571174,2616572282,15909,1108
5056.599574,2616580003,2616581106,15965,1103
5056.611589,2616588800,2616589898,15692,1098
5056.623621,2616597640,2616598751,16002,1111
5056.635643,2616606474,2616607584,15969,1110
5056.647658,2616615313,2616616414,15618,1101
5056.659690,2616624137,2616625246,15934,1109
5056.671713,2616632980,2616634094,15888,1114
5056.683726,2616641802,2616642907,15582,1105
5056.695761,2616650637,2616651743,15943,1106
5056.707780,2616659487,2616660593,15958,1106
5056.719795,2616668301,2616669413,15694,1112
5056.731830,2616677168,2616678273,15911,1105
5056.743850,2616686025,2616687131,15972,1106
5056.755864,2616694817,2616695919,15524,1102
5056.767898,2616703630,2616704740,15927,1110
5056.779918,2616712477,2616713589,15985,1112
5056.791933,2616721285,2616722388,15603,1103
5056.803966,2616730136,2616731251,15990,1115
5056.815987,2616738978,2616740078,15971,1100
5056.828001,2616747764,2616748867,15608,1103
5056.840032,2616756606,2616757681,15747,1075
5056.852055,2616765412,2616766517,16054,1105
5056.864074,2616774204,2616775306,15702,1102
5056.876103,2616783017,2616784121,16021,1104
5056.888124,2616791876,2616792981,16054,1105
5056.900138,2616800670,2616801778,15601,1108
5056.918172,2616813925,2616815027,15601,1102
5056.930206,2616822737,2616823845,15945,1108
5056.969278,2616851470,2616852584,15970,1114
5056.981295,2616860310,2616861421,15845,1111
5057.005347,2616877976,2616879080,15972,1104
5057.017361,2616886817,2616887921,15603,1104
5057.029395,2616895635,2616896739,15944,1104
5057.041415,2616904463,2616905562,15966,1099
5057.107533,2616952982,2616954085,15601,1103
5057.119566,2616961818,2616962922,15938,1104
5057.131587,2616970653,2616971762,15882,1109
5057.143602,2616979462,2616980569,15617,1107
5057.155633,2616988307,2616989412,15909,1105
5057.209736,2617028003,2617029107,15943,1104
5057.221758,2617036829,2617037940,15916,1111
5057.233773,2617045665,2617046772,15616,1107
5057.257826,2617063318,2617064427,15954,1109
5057.269841,2617072116,2617073218,15659,1102
5057.281871,2617080945,2617082023,15748,1078
5057.311929,2617103005,2617104118,15963,1113
5057.323949,2617111826,2617112933,15718,1107
5057.335976,2617120674,2617121782,16020,1108
5057.347997,2617129513,2617130616,15957,1103
5057.360013,2617138311,2617139418,15618,1107
5057.372044,2617147134,2617148243,15934,1109
5057.384066,2617155997,2617157110,15965,1113
5057.402100,2617169241,2617170348,15959,1107
5057.414115,2617178042,2617179150,15614,1108
5057.480250,2617226558,2617227667,15937,1109
5057.492272,2617235390,2617236493,15967,1103
5057.504287,2617244202,2617245305,15620,1103
5057.525334,2617259666,2617260744,15748,1078
5057.537359,2617268501,2617269610,15971,1109
5057.552390,2617279534,2617280643,15945,1109
5057.564410,2617288361,2617289466,15972,1105
5057.597475,2617312582,2617313688,15943,1106
5057.609496,2617321398,2617322502,16012,1104
5057.628540,2617336856,2617337967,15677,1111
5057.711682,2617396382,2617397490,15605,1108
5057.723715,2617405257,2617406362,15918,1105
5057.735736,2617414133,2617415238,15968,1105
5057.747750,2617422930,2617424037,15603,1107
5057.759783,2617431767,2617432875,15946,1108
5057.771803,2617440634,2617441743,15969,1109
5057.783818,2617449454,2617450564,15623,1110
5057.795851,2617458275,2617459381,15943,1106
5057.807872,2617467108,2617468217,15955,1109
5057.819889,2617475925,2617477031,15802,1106
5057.831921,2617484755,2617485858,15960,1103
5057.843940,2617493578,2617494687,15963,1109
5057.855956,2617502388,2617503495,15694,1107
5057.877005,2617517818,2617518927,16017,1109
5057.889026,2617526652,2617527757,16039,1105
5057.937110,2617561892,2617562995,15616,1103
5057.949142,2617570720,2617571831,15943,1111
5057.970181,2617586409,2617587517,15970,1108
5057.982196,2617595217,2617596324,15620,1107
5057.994228,2617604074,2617605182,15943,1108
5058.009247,2617615482,2617616585,15690,1103
5058.021280,2617624322,2617625421,15939,1099
5058.039312,2617637629,2617638742,15995,1113
5058.051336,2617646551,2617647663,15840,1112
5058.063361,2617655466,2617656580,15960,1114
5058.075381,2617664377,2617665495,15921,1118
5058.087404,2617673279,2617674397,15914,1118
5058.099427,2617682197,2617683310,15919,1113
5058.111449,2617691108,2617692221,15823,1113
5058.123472,2617700016,2617701130,15910,1114
5058.135495,2617708926,2617710039,15905,1113
5058.153522,2617722236,2617723342,15616,1106
5058.165555,2617731084,2617732193,15947,1109
5058.177578,2617739981,2617741090,15994,1109
5058.261728,2617801738,2617802836,15679,1098
5058.273761,2617810552,2617811661,16022,1109
5058.285782,2617819419,2617820528,15923,1109
5058.360917,2617874559,2617875661,15681,1102
5058.372948,2617883402,2617884505,16021,1103
5058.393986,2617898841,2617899947,15957,1106
5058.406002,2617907644,2617908751,15619,1107
5058.481154,2617962889,2617963993,16016,1104
5058.493175,2617971732,2617972838,15959,1106
5058.505191,2617980534,2617981637,15614,1103
5058.517222,2617989404,2617990513,15914,1109
5058.541259,2618007054,2618008157,15619,1103
5058.553291,2618015876,2618016985,16019,1109
5058.568310,2618026924,2618028031,15616,1107
5058.580344,2618035765,2618036864,16022,1099
5058.595363,2618046791,2618047907,15603,1116
5058.607396,2618055648,2618056756,16021,1108
5058.625430,2618068873,2618069988,15922,1115
5058.637451,2618077706,2618078814,15974,1108
5058.688550,2618115235,2618116340,15945,1105
5058.700571,2618124098,2618125206,15971,1108
5058.721606,2618139572,2618140680,15842,1108
5058.733636,2618148406,2618149510,15939,1104
5058.745656,2618157241,2618158350,15968,1109
5058.757673,2618166087,2618167190,15845,1103
5058.772708,2618177134,2618178239,15977,1105
5058.784719,2618185988,2618187095,15565,1107
5058.805773,2618201489,2618202603,15913,1114
5058.817794,2618210339,2618211448,15941,1109
5058.871896,2618250040,2618251154,15969,1114
5058.883915,2618258857,2618259967,15585,1110
5058.895942,2618267692,2618268770,15746,1078
5058.907965,2618276478,2618277587,15969,1109
5058.919979,2618285301,2618286403,15598,1102
5058.932013,2618294131,2618295238,16021,1107
5058.944034,2618302974,2618304083,16057,1109
5058.956048,2618311804,2618312910,15679,1106
5058.968082,2618320633,2618321741,16023,1108
5058.980102,2618329469,2618330582,15973,1113
5058.992117,2618338301,2618339404,15603,1103
5059.004142,2618347313,2618348414,15823,1101
5059.016173,2618356132,2618357236,15909,1104
5059.034206,2618369305,2618370419,16053,1114
5059.046212,2618378077,2618379187,15684,1110
5059.124377,2618435138,2618436248,15978,1110
5059.136385,2618443929,2618445032,15606,1103
5059.184486,2618479069,2618480174,15668,1105
5059.196511,2618487904,2618489013,15949,1109
5059.208529,2618496708,2618497811,15677,1103
5059.224568,2618509894,2618510991,15684,1097
5059.259635,2618534056,2618535167,15966,1111
5059.328760,2618584506,2618585609,15725,1103
5059.340787,2618593293,2618594402,16039,1109
5059.367835,2618613077,2618614186,15925,1109
5059.379847,2618621832,2618622938,15686,1106
5059.391880,2618630603,2618631684,15850,1081
5059.403908,2618639470,2618640584,15948,1114
5059.415917,2618648305,2618649405,15759,1100
5059.427949,2618657069,2618658175,15730,1106
5059.439976,2618665848,2618666952,16051,1104
5059.451984,2618674608,2618675714,15679,1106
5059.464018,2618683371,2618684472,15728,1101
5059.482052,2618696519,2618697589,15848,1070
5059.494076,2618705310,2618706416,15935,1106
5059.506094,2618714084,2618715187,15725,1103
5059.516327,2618723311,2618724419,15800,1108
5059.530154,2618732160,2618733260,16002,1100
5059.542156,2618740914,2618742021,15603,1107
5059.560190,2618754115,2618755218,15681,1103
5059.572220,2618762955,2618764063,15520,1108
5059.584252,2618771756,2618772869,15989,1113
5059.596258,2618780560,2618781667,15673,1107
5059.608287,2618789364,2618790468,15819,1104
5059.620317,2618798162,2618799272,15939,1110
5059.648374,2618820080,2618821183,15758,1103
5059.665405,2618831091,2618832202,15968,1111
5059.677412,2618839894,2618840997,15678,1103
5059.689447,2618848707,2618849809,15679,1102
5059.701475,2618857486,2618858600,15978,1114
5059.713483,2618866287,2618867385,15595,1098
5059.725517,2618875080,2618876188,15867,1108
5059.752574,2618894848,2618895954,15706,1106
5059.764595,2618903624,2618904735,15974,1111
5059.776603,2618912410,2618913508,15681,1098
5059.800663,2618929990,2618931095,15973,1105
5059.812671,2618938820,2618939920,15599,1100
5059.875790,2618984829,2618985931,15685,1102
5059.887824,2618993618,2618994732,15671,1114
5059.899852,2619002417,2619003527,15976,1110
5059.911860,2619011212,2619012315,15680,1103
5059.923892,2619019956,2619021059,15637,1103
5059.935921,2619028766,2619029870,15961,1104
5059.947927,2619037517,2619038624,15682,1107
5059.959961,2619046294,2619047401,15640,1107
5059.981008,2619061665,2619062738,15819,1073
5059.993013,2619070394,2619071496,15683,1102
5060.008059,2619081385,2619082490,16041,1105
5060.020066,2619090236,2619091337,15599,1101
5060.032098,2619099000,2619100106,15641,1106
5060.044126,2619107783,2619108887,15977,1104
5060.056133,2619116548,2619117651,15682,1103
5060.089212,2619140784,2619141893,15976,1109
5060.101226,2619149538,2619150645,15638,1107
5060.113252,2619158339,2619159415,15836,1076
5060.125281,2619167086,2619168191,15978,1105
5060.161349,2619193399,2619194508,15976,1109
5060.173356,2619202151,2619203261,15680,1110
5060.203420,2619224175,2619225281,15811,1106
5060.215453,2619232986,2619234090,15998,1104
5060.233487,2619246153,2619247258,16057,1105
5060.245493,2619254948,2619256053,15677,1105
5060.257527,2619263711,2619264814,15713,1103
5060.269555,2619272496,2619273605,16058,1109
5060.293595,2619290023,2619291126,15640,1103
5060.305625,2619298843,2619299953,16076,1110
5060.317630,2619307604,2619308707,15642,1103
5060.329666,2619316352,2619317428,15858,1076
5060.392784,2619362445,2619363550,15638,1105
5060.404814,2619371294,2619372368,15757,1074
5060.419835,2619382201,2619383311,15635,1110
5060.431861,2619391041,2619392145,15985,1104
5060.449898,2619404214,2619405320,16062,1106
5060.461904,2619412988,2619414091,15678,1103
5060.476949,2619423951,2619425060,16060,1109
5060.488956,2619432734,2619433841,15677,1107
5060.500985,2619441539,2619442642,15890,1103
5060.513018,2619450336,2619451436,15984,1100
5060.525026,2619459120,2619460218,15755,1098
5060.537055,2619467880,2619468992,15680,1112
5060.549088,2619476671,2619477779,15979,1108
5060.564109,2619487632,2619488706,15915,1074
5060.576138,2619496407,2619497522,15988,1115
5060.588144,2619505195,2619506301,15677,1106
5060.606180,2619518389,2619519493,15678,1104
5060.618214,2619527226,2619528332,15891,1106
5060.633232,2619538262,2619539368,15680,1106
5060.645270,2619547020,2619548120,15711,1100
5060.712398,2619597543,2619598651,15683,1108
5060.807572,2619665567,2619666673,15730,1106
5060.819599,2619674357,2619675468,16049,1111
5060.831623,2619683165,2619684278,15952,1113
5060.843647,2619691978,2619693086,15788,1108
5060.864686,2619707349,2619708462,16048,1113
5060.876693,2619716149,2619717249,15757,1100
5060.903757,2619735985,2619737088,15940,1103
5060.915779,2619744741,2619745845,15719,1104
5060.927809,2619753558,2619754667,16055,1109
5060.939816,2619762333,2619763436,15708,1103
5060.951847,2619771118,2619772221,15650,1103
5060.963873,2619779926,2619781012,15859,1086
5060.975882,2619788646,2619789753,15758,1107
5060.987912,2619797436,2619798510,15716,1074
5060.999946,2619806230,2619807334,16076,1104
5061.011951,2619814998,2619816100,15680,1102
5061.024981,2619825953,2619827052,16056,1099
5061.040519,2619836260,2619837369,15930,1109
5061.064561,2619853843,2619854945,15651,1102
5061.076590,2619862634,2619863737,15978,1103
5061.091620,2619873608,2619874715,15783,1107
5061.148729,2619915360,2619916466,15996,1106
5061.160734,2619924150,2619925252,15677,1102
5061.172767,2619932899,2619934010,15677,1111
5061.235888,2619978975,2619980075,15715,1100
5061.248917,2619990032,2619991134,15671,1102
5061.277958,2620009833,2620010939,15675,1106
5061.289997,2620018589,2620019687,15707,1098
5061.353110,2620064733,2620065835,15640,1102
5061.365135,2620073570,2620074676,15946,1106
5061.440273,2620128382,2620129484,15636,1102
5061.452299,2620137199,2620138307,15639,1108
5061.464328,2620146034,2620147142,15919,1108
5061.479350,2620156986,2620158087,15711,1101
5061.491378,2620165764,2620166864,15958,1100
5061.503385,2620174515,2620175621,15680,1106
5061.515419,2620183265,2620184371,15637,1106
5061.527447,2620192059,2620193158,15979,1099
5061.539465,2620200817,2620201917,15640,1100
5061.551484,2620209613,2620210720,15598,1107
5061.563516,2620218388,2620219495,16012,1107
5061.575526,2620227163,2620228278,15835,1115
5061.587560,2620235974,2620237084,15716,1110
5061.599584,2620244784,2620245887,15976,1103
5061.611591,2620253543,2620254639,15681,1096
5061.623627,2620262311,2620263390,15940,1079
5061.641654,2620275496,2620276573,15642,1077
5061.653685,2620284325,2620285440,15862,1115
5061.671721,2620297536,2620298650,15972,1114
5061.683733,2620306328,2620307440,15632,1112
5061.695762,2620315118,2620316210,15556,1092
5061.716804,2620330503,2620331607,15938,1104
5061.728813,2620339251,2620340352,15680,1101
5061.788944,2620383156,2620384262,15955,1106
5061.800951,2620391898,2620393010,15637,1112
5061.834032,2620416074,2620417179,15972,1105
5061.846038,2620424904,2620426006,15754,1102
5061.865095,2620440292,2620441393,15834,1101
5061.889142,2620457852,2620458963,15802,1111
5061.909163,2620471038,2620472142,15728,1104
5061.921191,2620479808,2620480914,15561,1106
5061.933219,2620488595,2620489698,15967,1103
5061.993328,2620532426,2620533538,15641,1112
5062.005357,2620541268,2620542377,15962,1109
5062.053431,2620576371,2620577471,15678,1100
5062.065465,2620585134,2620586242,15632,1108
5062.080483,2620596101,2620597203,15676,1102
5062.095527,2620607072,2620608189,16060,1117
5062.107534,2620615892,2620616998,15679,1106
5062.119564,2620624674,2620625779,15632,1105
5062.131598,2620633453,2620634530,15904,1077
5062.143604,2620642216,2620643318,15716,1102
5062.155635,2620650996,2620652100,15840,1104
5062.185698,2620672943,2620674057,15956,1114
5062.197705,2620681695,2620682798,15756,1103
5062.209740,2620690494,2620691598,15835,1104
5062.257836,2620725640,2620726748,15979,1108
5062.269844,2620734449,2620735546,15717,1097
5062.308928,2620762990,2620764099,15711,1109
5062.320953,2620771822,2620772933,15940,1111
5062.332970,2620780603,2620781706,15632,1103
5062.409113,2620837725,2620838825,15969,1100
5062.465229,2620877219,2620878336,16002,1117
5062.477239,2620886044,2620887145,15639,1101
5062.513306,2620912383,2620913485,15680,1102
5062.525336,2620921210,2620922318,15599,1108
5062.540359,2620932213,2620933316,15680,1103
5062.552334,2620941378,2620942494,15834,1116
5062.600488,2620976535,2620977644,15980,1109
5062.612494,2620985290,2620986389,15707,1099
5062.624529,2620994040,2620995143,15713,1103
5062.636557,2621002894,2621004003,15956,1109
5062.672625,2621029233,2621030342,16079,1109
5062.684635,2621038084,2621039181,15715,1097
5062.724713,2621068861,2621069966,15982,1105
5062.792851,2621117252,2621118358,15948,1106
5062.804871,2621126015,2621127118,15611,1103
5062.828913,2621143575,2621144678,15653,1103
5062.840940,2621152363,2621153471,15653,1108
5062.852966,2621161143,2621162248,15963,1105
5062.880018,2621180873,2621181987,16023,1114
5062.892027,2621189714,2621190822,15715,1108
5062.904060,2621198476,2621199583,15718,1107
5062.922094,2621211621,2621212728,15639,1107
5062.934121,2621220447,2621221525,15802,1078
5063.015276,2621279568,2621280678,15973,1110
5063.045322,2621301488,2621302597,15762,1109
5063.057348,2621310362,2621311470,15609,1108
5063.069382,2621319181,2621320292,16026,1111
5063.081386,2621327976,2621329084,15755,1108
5063.099420,2621341212,2621342320,15642,1108
5063.111455,2621350008,2621351119,15599,1111
5063.129484,2621363246,2621364354,15805,1108
5063.141517,2621372048,2621373147,15930,1099
5063.159553,2621385217,2621386327,15948,1110
5063.228672,2621435751,2621436858,15890,1107
5063.240705,2621444559,2621445668,15974,1109
5063.252712,2621453323,2621454429,15718,1106
5063.264745,2621462108,2621463217,15911,1109
5063.276773,2621470910,2621472014,15960,1104
5063.288782,2621479708,2621480810,15640,1102
5063.300814,2621488545,2621489651,15908,1106
5063.364928,2621536967,2621538076,16053,1109
5063.400002,2621561219,2621562333,15813,1114
5063.412032,2621570040,2621571146,15976,1106
5063.430067,2621583277,2621584382,15992,1105
5063.442074,2621592063,2621593170,15682,1107
5063.472145,2621614151,2621615257,15877,1106
5063.484169,2621622969,2621624073,15872,1104
5063.496185,2621631792,2621632899,15884,1107
5063.517225,2621647215,2621648321,15815,1106
5063.529255,2621656046,2621657159,15989,1113
5063.572327,2621689058,2621690162,15976,1104
5063.625427,2621726522,2621727627,15812,1105
5063.637462,2621735341,2621736447,15983,1106
5063.676518,2621764004,2621765106,15682,1102
5063.691564,2621775033,2621776142,15971,1109
5063.715602,2621792730,2621793836,15821,1106
5063.727633,2621801575,2621802685,15996,1110
5063.739648,2621810474,2621811584,15839,1110
5063.751677,2621819363,2621820477,15906,1114
5063.763701,2621828246,2621829357,15989,1111
5063.775717,2621837137,2621838251,15888,1114
5063.787746,2621846033,2621847143,15894,1110
5063.805780,2621859392,2621860503,15901,1111
5063.817803,2621868293,2621869403,15882,1110
5063.832831,2621879396,2621880510,15898,1114
5063.844855,2621888297,2621889404,15979,1107
5063.856871,2621897199,2621898310,15847,1111
5063.868900,2621906100,2621907213,15907,1113
5063.900460,2621929646,2621930757,15906,1111
5063.912484,2621938572,2621939690,15910,1118
5063.999642,2622002664,2622003773,15815,1109
5064.010174,2622008173,2622008998,14406,825
5064.020332,2622013384,2622013998,11993,614
5064.056759,2622034283,2622035382,15905,1099
5064.068781,2622043541,2622044650,15910,1109
5064.080799,2622052411,2622053519,15782,1108
5064.107848,2622072350,2622073456,15828,1106
5064.119877,2622081231,2622082341,15909,1110
5064.131899,2622090109,2622091218,15960,1109
5064.143917,2622098984,2622100092,15861,1108
5064.161951,2622112284,2622113392,15864,1108
5064.173978,2622121147,2622122251,15908,1104
5064.189002,2622132213,2622133317,15918,1104
5064.201030,2622141078,2622142187,15908,1109
5064.234088,2622165444,2622166554,15942,1110
5064.246117,2622174300,2622175410,15985,1110
5064.264151,2622187618,2622188721,15905,1103
5064.312243,2622223060,2622224174,15975,1114
5064.324260,2622231939,2622233053,15858,1114
5064.336289,2622240819,2622241919,15908,1100
5064.348310,2622249666,2622250775,15959,1109
5064.360328,2622258537,2622259646,15853,1109
5064.372356,2622267389,2622268498,15908,1109
5064.387380,2622278478,2622279586,15794,1108
5064.399407,2622287343,2622288457,15824,1114
5064.411432,2622296231,2622297336,15948,1105
5064.423448,2622305088,2622306198,15863,1110
5064.435479,2622313962,2622315071,15922,1109
5064.447499,2622322831,2622323944,15960,1113
5064.489579,2622353825,2622354934,15905,1109
5064.501603,2622362670,2622363776,15933,1106
5064.512123,2622369154,2622370055,15256,901
5064.524148,2622377815,2622378928,15987,1113
5064.536163,2622386683,2622387789,15742,1106
5064.548192,2622395529,2622396638,15905,1109
5064.561223,2622406622,2622407727,15813,1105
5064.581248,2622419940,2622421049,15845,1109
5064.593279,2622428803,2622429909,15906,1106
5064.605300,2622437652,2622438758,15978,1106
5064.617317,2622446523,2622447628,15825,1105
5064.629346,2622455374,2622456479,15907,1105
5064.641371,2622464228,2622465333,15987,1105
5064.653386,2622473090,2622474198,15828,1108
5064.684450,2622497466,2622498575,15974,1109
5064.696481,2622506318,2622507429,15841,1111
5064.719517,2622521844,2622522953,15907,1109
5064.731542,2622530718,2622531827,15944,1109
5064.743557,2622539585,2622540697,15833,1112
5064.755586,2622548453,2622549562,15885,1109
5064.788644,2622572869,2622573978,15847,1109
5064.800674,2622581738,2622582842,15911,1104
5064.824712,2622599449,2622600560,15832,1111
5064.836740,2622608311,2622609419,15905,1108
5064.863793,2622628217,2622629326,15913,1109
5064.875817,2622637109,2622638218,15998,1109
5064.887832,2622645965,2622647075,15840,1110
5064.899862,2622654835,2622655939,15908,1104
5064.911885,2622663699,2622664810,15915,1111
5064.923900,2622672583,2622673696,15827,1113
5064.959975,2622699196,2622700309,15908,1113
5064.972001,2622708091,2622709200,15926,1109
5064.984019,2622716945,2622718054,15962,1109
5064.996040,2622725803,2622726916,15889,1113
5065.008067,2622734671,2622735780,15909,1109
5065.026099,2622747991,2622749092,15906,1101
5065.038123,2622756828,2622757933,15890,1105
5065.050140,2622765681,2622766787,15844,1106
5065.065174,2622776756,2622777865,15957,1109
5065.077192,2622785621,2622786728,15920,1107
5065.092225,2622796702,2622797813,16043,1111
5065.105256,2622807821,2622808929,15902,1108
5065.122277,2622818883,2622819984,15845,1101
5065.144328,2622836593,2622837702,15977,1109
5065.161358,2622847686,2622848800,15911,1114
5065.173380,2622856561,2622857669,15961,1108
5065.197427,2622874288,2622875391,15989,1103
5065.209450,2622883148,2622884266,15999,1118
5065.221466,2622892031,2622893142,15851,1111
5065.233493,2622900897,2622902001,15966,1104
5065.257540,2622918630,2622919735,15907,1105
5065.269564,2622927484,2622928593,15908,1109
5065.284586,2622938577,2622939682,15863,1105
5065.296615,2622947442,2622948551,15916,1109
5065.332682,2622974080,2622975189,15905,1109
5065.344707,2622982971,2622984082,15977,1111
5065.356729,2622991840,2622992949,15900,1109
5065.368753,2623000730,2623001847,15912,1117
5065.383774,2623011832,2623012941,15857,1109
5065.404821,2623027355,2623028461,15905,1106
5065.416844,2623036212,2623037312,15888,1100
5065.428863,2623045051,2623046160,15870,1109
5065.491980,2623091587,2623092690,15837,1103
5065.504012,2623100455,2623101564,15845,1109
5065.540077,2623127052,2623128161,15902,1109
5065.552101,2623135932,2623137043,15977,1111
5065.570134,2623149217,2623150326,15963,1109
5065.582152,2623158090,2623159197,15857,1107
5065.594182,2623167364,2623168472,15824,1108
5065.606206,2623176245,2623177354,15914,1109
5065.618221,2623185115,2623186224,15844,1109
5065.630248,2623193993,2623195102,15907,1109
5065.642273,2623202877,2623203977,16058,1100
5065.672323,2623225029,2623226133,15860,1104
5065.684353,2623233880,2623234989,15909,1109
5065.700387,2623247184,2623248290,15905,1106
5065.712406,2623256059,2623257168,15901,1109
5065.735443,2623271577,2623272691,15845,1114
5065.747471,2623280457,2623281561,15984,1104
5065.759494,2623289323,2623290432,15878,1109
5065.771512,2623298194,2623299303,15770,1109
5065.783543,2623307053,2623308162,15823,1109
5065.801575,2623320369,2623321480,15905,1111
5065.813601,2623329256,2623330365,15988,1109
5065.837642,2623347014,2623348127,15905,1113
5065.849667,2623355890,2623356996,15979,1106
5065.861683,2623364764,2623365881,15857,1117
5065.873713,2623373631,2623374745,15905,1114
5065.888735,2623384727,2623385836,15858,1109
5065.900764,2623393575,2623394680,15907,1105
5065.912787,2623402443,2623403547,15976,1104
5065.924803,2623411318,2623412417,15841,1099
5065.939838,2623422390,2623423494,15977,1104
5065.951863,2623431258,2623432364,15904,1106
5065.963884,2623440123,2623441228,15823,1105
5065.975906,2623448959,2623450072,15921,1113
5065.987924,2623457842,2623458951,15773,1109
5065.999952,2623466714,2623467828,15905,1114
5066.017985,2623480025,2623481129,15907,1104
5066.030010,2623488883,2623489991,15977,1108
5066.054056,2623506606,2623507717,15911,1111
5066.066077,2623515470,2623516579,15961,1109
5066.090124,2623533186,2623534295,15911,1109
5066.102147,2623542044,2623543155,15916,1111
5066.120181,2623555340,2623556448,15974,1108
5066.132198,2623564206,2623565314,15799,1108
5066.150238,2623577522,2623578632,15905,1110
5066.162262,2623586406,2623587519,15897,1113
5066.183302,2623601940,2623603050,15976,1110
5066.195318,2623610805,2623611916,15843,1111
5066.207347,2623619672,2623620777,15905,1105
5066.219371,2623628521,2623629638,15989,1117
5066.231387,2623637427,2623638526,15788,1099
5066.243415,2623646278,2623647389,15904,1111
5066.261451,2623659550,2623660661,15902,1111
5066.273473,2623668416,2623669524,15976,1108
5066.327578,2623708266,2623709376,15990,1110
5066.339593,2623717144,2623718250,15814,1106
5066.351623,2623726004,2623727113,15915,1109
5066.363644,2623734892,2623735996,15944,1104
5066.393696,2623757051,2623758161,15846,1110
5066.405724,2623765919,2623767028,15859,1109
5066.429764,2623783682,2623784787,15829,1105
5066.441793,2623792539,2623793648,15905,1109
5066.513930,2623845707,2623846816,15904,1109
5066.525955,2623854576,2623855682,15991,1106
5066.562021,2623881193,2623882302,15974,1109
5066.574038,2623890084,2623891179,15846,1095
5066.634160,2623934381,2623935488,15989,1107
5066.646183,2623943263,2623944372,15903,1109
5066.700279,2623983130,2623984233,15826,1103
5066.712307,2623991989,2623993095,15885,1106
5066.724332,2624000856,2624001956,15986,1100
5066.739359,2624011930,2624013039,15909,1109
5066.751384,2624020820,2624021934,16000,1114
5066.763398,2624029682,2624030792,15847,1110
5066.775429,2624038563,2624039671,15889,1108
5066.787451,2624047427,2624048535,15886,1108
5066.799467,2624056308,2624057412,15831,1104
5066.811496,2624065184,2624066293,15903,1109
5066.823521,2624074037,2624075141,15988,1104
5066.835536,2624082907,2624084011,15768,1104
5066.847566,2624091781,2624092888,15909,1107
5066.859590,2624100646,2624101748,15888,1102
5066.871607,2624109516,2624110629,15876,1113
5066.883635,2624118399,2624119505,15908,1106
5066.895657,2624127264,2624128375,15910,1111
5066.907673,2624136144,2624137253,15832,1109
5066.919704,2624144998,2624146103,15929,1105
5066.931726,2624153855,2624154961,15990,1106
5066.943748,2624162721,2624163827,15906,1106
5066.955772,2624171588,2624172706,15910,1118
5066.967794,2624180469,2624181581,15954,1112
5066.979810,2624189359,2624190465,15845,1106
5066.991840,2624198207,2624199320,15906,1113
5067.003864,2624207072,2624208181,15995,1109
5067.015881,2624215953,2624217067,15861,1114
5067.027908,2624224843,2624225951,15909,1108
5067.039932,2624233694,2624234801,15964,1107
5067.051947,2624242562,2624243671,15806,1109
5067.063978,2624251425,2624252534,15907,1109
5067.075999,2624260280,2624261384,15932,1104
5067.088018,2624269144,2624270248,15786,1104
5067.100045,2624278416,2624279530,15901,1114
5067.112069,2624287304,2624288417,15960,1113
5067.124085,2624296196,2624297300,15831,1104
5067.136113,2624305048,2624306157,15903,1109
5067.148136,2624313923,2624315028,15980,1105
5067.160156,2624322802,2624323912,15788,1110
5067.172184,2624331686,2624332792,15905,1106
5067.184205,2624340565,2624341669,15972,1104
5067.196221,2624349434,2624350544,15739,1110
5067.208250,2624358309,2624359417,15901,1108
5067.220275,2624367180,2624368285,15907,1105
5067.232290,2624376042,2624377151,15832,1109
5067.244321,2624384918,2624386029,15807,1111
5067.259342,2624396017,2624397125,15845,1108
5067.304428,2624429248,2624430352,15828,1104
5067.316456,2624438084,2624439193,15910,1109
5067.328481,2624446931,2624448040,16074,1109
5067.379578,2624484544,2624485653,15990,1109
5067.391601,2624493426,2624494533,15829,1107
5067.403616,2624502313,2624503422,15743,1109
5067.421651,2624515619,2624516728,15833,1109
5067.433679,2624524491,2624525600,15904,1109
5067.463737,2624546633,2624547742,15947,1109
5067.475753,2624555508,2624556621,15850,1113
5067.487784,2624564385,2624565493,15871,1108
5067.505817,2624577697,2624578800,15904,1103
5067.517841,2624586549,2624587658,15991,1109
5067.547893,2624608702,2624609820,15874,1118
5067.559921,2624617587,2624618701,15914,1114
5067.571942,2624626445,2624627554,15983,1109
5067.589978,2624639736,2624640850,15998,1114
5067.601995,2624648798,2624649902,15759,1104
5067.656096,2624688660,2624689773,15859,1113
5067.668125,2624697533,2624698647,15911,1114
5067.680146,2624706381,2624707481,15916,1100
5067.692164,2624715247,2624716356,15837,1109
5067.704192,2624724114,2624725219,15902,1105
5067.722226,2624737425,2624738530,15900,1105
5067.734251,2624746283,2624747397,16060,1114
5067.746268,2624755144,2624756255,15938,1111
5067.761301,2624766218,2624767332,15968,1114
5067.797371,2624792831,2624793935,16062,1104
5067.809390,2624801695,2624802801,15829,1106
5067.836446,2624821642,2624822750,15906,1108
5067.848469,2624830527,2624831631,15823,1104
5067.869508,2624846037,2624847146,15975,1109
5067.881525,2624854912,2624856020,15848,1108
5067.893556,2624863769,2624864878,15907,1109
5067.905580,2624872653,2624873762,15989,1109
5067.972710,2624923600,2624924707,15903,1107
5068.004767,2624945742,2624946850,15993,1108
5068.016782,2624954684,2624955793,15827,1109
5068.031819,2624965770,2624966875,15995,1105
5068.103956,2625018944,2625020050,15993,1106
5068.115971,2625027834,2625028947,15832,1113
5068.128001,2625036737,2625037850,15908,1113
5068.140024,2625045644,2625046749,15989,1105
5068.152040,2625054726,2625055831,15827,1105
5068.164068,2625063615,2625064728,15864,1113
5068.176095,2625072528,2625073639,16014,1111
5068.188108,2625081419,2625082527,15798,1108
5068.200138,2625090231,2625091344,15989,1113
5068.212145,2625099040,2625100144,15688,1104
5068.225179,2625110107,2625111216,16056,1109
5068.237213,2625118943,2625120046,15902,1103
5068.257231,2625132158,2625133269,15683,1111
5068.269262,2625140975,2625142083,15818,1108
5068.323366,2625180703,2625181808,15833,1105
5068.335394,2625189560,2625190663,15964,1103
5068.347403,2625198364,2625199467,15690,1103
5068.359434,2625207220,2625208331,15834,1111
5068.371464,2625216101,2625217215,15989,1114
5068.383477,2625224900,2625226010,15606,1110
5068.395502,2625233779,2625234888,15828,1109
5068.413539,2625246988,2625248104,15847,1116
5068.425567,2625255869,2625256982,15916,1113
5068.437587,2625264700,2625265810,15956,1110
5068.449608,2625273557,2625274659,15826,1102
5068.461634,2625282412,2625283518,16027,1106
5068.473643,2625291203,2625292305,15683,1102
5068.485670,2625300013,2625301127,15811,1114
5068.539777,2625339846,2625340945,15927,1099
5068.551805,2625348695,2625349799,15948,1104
5068.563814,2625357488,2625358595,15687,1107
5068.575845,2625366365,2625367477,15912,1112
5068.593879,2625379595,2625380699,15894,1104
5068.605911,2625388860,2625389969,15967,1109
5068.620931,2625399942,2625401058,15907,1116
5068.632960,2625408834,2625409943,15965,1109
5068.648982,2625422091,2625423202,15978,1111
5068.693068,2625452968,2625454068,15819,1100
5068.705099,2625461827,2625462936,16044,1109
5068.717106,2625470620,2625471723,15764,1103
5068.744157,2625490474,2625491577,15686,1103
5068.756188,2625499328,2625500434,15909,1106
5068.768218,2625508194,2625509304,15962,1110
5068.786253,2625521400,2625522505,16067,1105
5068.798260,2625530193,2625531294,15684,1101
5068.828331,2625552211,2625553314,15962,1103
5068.840355,2625561082,2625562188,15956,1106
5068.855375,2625572126,2625573236,15882,1110
5068.867407,2625581003,2625582114,15964,1111
5068.885442,2625594250,2625595360,16071,1110
5068.897449,2625603050,2625604150,15761,1100
5068.909480,2625611910,2625613014,15909,1104
5068.921510,2625620774,2625621879,15960,1105
5068.957579,2625647245,2625648353,16061,1108
5068.969586,2625656095,2625657198,15682,1103
5068.999654,2625678179,2625679292,15847,1113
5069.011682,2625687001,2625688115,15957,1114
5069.023689,2625695808,2625696917,15691,1109
5069.035720,2625704675,2625705775,15843,1100
5069.047749,2625713536,2625714646,15946,1110
5069.060781,2625724545,2625725651,15819,1106
5069.095831,2625748819,2625749920,15792,1101
5069.107857,2625757675,2625758785,15831,1110
5069.119887,2625766503,2625767607,15977,1104
5069.161958,2625797373,2625798487,15885,1114
5069.173990,2625806240,2625807349,16045,1109
5069.240100,2625854656,2625855766,15685,1110
5069.252131,2625863502,2625864602,15825,1100
5069.267152,2625874551,2625875659,15763,1108
5069.282196,2625885626,2625886729,15954,1103
5069.294215,2625894486,2625895586,15943,1100
5069.306234,2625903311,2625904418,15901,1107
5069.318264,2625912162,2625913268,16041,1106
5069.369355,2625949698,2625950809,15901,1111
5069.381384,2625958556,2625959665,15951,1109
5069.444505,2626004829,2626005943,15984,1114
5069.456524,2626013710,2626014822,15934,1112
5069.471556,2626024784,2626025884,15984,1100
5069.483574,2626033641,2626034747,16022,1106
5069.495594,2626042482,2626043596,15831,1114
5069.507625,2626051312,2626052425,15979,1113
5069.528661,2626066750,2626067859,15926,1109
5069.540678,2626075581,2626076690,15800,1109
5069.576745,2626102052,2626103157,15811,1105
5069.588779,2626110924,2626112028,15960,1104
5069.609804,2626126330,2626127436,15683,1106
5069.621841,2626135187,2626136290,15903,1103
5069.657903,2626161638,2626162749,15819,1111
5069.669933,2626170515,2626171618,15956,1103
5069.681941,2626179326,2626180431,15687,1105
5069.693972,2626188167,2626189280,15825,1113
5069.706002,2626197024,2626198133,15960,1109
5069.718021,2626205860,2626206969,15939,1109
5069.736043,2626219121,2626220224,15687,1103
5069.748074,2626227983,2626229084,15785,1101
5069.760105,2626236808,2626237925,15974,1117
5069.773136,2626247870,2626248975,15751,1105
5069.793160,2626261114,2626262221,15817,1107
5069.805190,2626269958,2626271062,15953,1104
5069.817209,2626278814,2626279918,15941,1104
5069.865298,2626314151,2626315260,15911,1109
5069.880329,2626325219,2626326328,15941,1109
5069.892349,2626334063,2626335167,15839,1104
5069.907381,2626345118,2626346232,15899,1114
5069.997541,2626411376,2626412480,15688,1104
5070.009575,2626420224,2626421331,15816,1107
5070.024605,2626431293,2626432404,15957,1111
5070.036624,2626440119,2626441196,15651,1077
5070.087723,2626477640,2626478743,15944,1103
5070.099743,2626486513,2626487624,15826,1111
5070.111774,2626495383,2626496488,15957,1105
5070.123795,2626504605,2626505714,15866,1109
5070.135812,2626513478,2626514582,15844,1104
5070.147841,2626522330,2626523433,15950,1103
5070.159861,2626531165,2626532269,16024,1104
5070.204939,2626564285,2626565383,15666,1098
5070.216973,2626573143,2626574248,15985,1105
5070.228997,2626581995,2626583109,15875,1114
5070.250021,2626597418,2626598521,15684,1103
5070.262052,2626606265,2626607377,15833,1112
5070.280086,2626619510,2626620619,15820,1109
5070.292116,2626628372,2626629477,15954,1105
5070.310151,2626641636,2626642741,15970,1105
5070.421359,2626723467,2626724577,16038,1110
5070.433378,2626732346,2626733451,15837,1105
5070.496497,2626778652,2626779760,15820,1108
5070.508528,2626787522,2626788631,16013,1109
5070.523550,2626798572,2626799679,15833,1107
5070.535579,2626807418,2626808527,15957,1109
5070.553614,2626820668,2626821772,15956,1104
5070.565627,2626829446,2626830558,15608,1112
5070.625752,2626873672,2626874777,16047,1105
5070.637769,2626882535,2626883638,15981,1103
5070.692885,2626924522,2626925631,15827,1109
5070.709907,2626935621,2626936726,15947,1105
5070.721928,2626944483,2626945593,15830,1110
5070.733959,2626953352,2626954466,15959,1114
5070.794064,2626997533,2626998642,15825,1109
5070.806095,2627006383,2627007491,16169,1108
5070.824128,2627019666,2627020775,15965,1109
5070.836144,2627028543,2627029652,15966,1109
5070.854170,2627041795,2627042892,15685,1097
5070.866200,2627050663,2627051777,15817,1114
5070.893252,2627070540,2627071650,15801,1110
5070.905283,2627079408,2627080515,15957,1107
5070.920304,2627090440,2627091539,15842,1099
5070.932332,2627099306,2627100411,15900,1105
5070.944353,2627108148,2627109247,15897,1099
5070.956372,2627117005,2627118113,15828,1108
5070.968403,2627125873,2627126978,15942,1105
5070.983419,2627136906,2627137984,15611,1078
5070.995455,2627145708,2627146816,16090,1108
5071.007473,2627154550,2627155663,15829,1113
5071.019495,2627163415,2627164525,15857,1110
5071.033019,2627173564,2627174670,15833,1106
5071.045048,2627182443,2627183552,15952,1109
5071.057067,2627191273,2627192383,15852,1110
5071.072098,2627202313,2627203418,15934,1105
5071.084118,2627211139,2627212248,15941,1109
5071.096138,2627219983,2627221096,15829,1113
5071.108169,2627228860,2627229968,15962,1108
5071.126203,2627242142,2627243250,15961,1108
5071.138221,2627251028,2627252136,15995,1108
5071.162271,2627268736,2627269850,16049,1114
5071.268476,2627348263,2627349357,16092,1094
5071.303533,2627372550,2627373644,15835,1094
5071.315563,2627381399,2627382502,15954,1103
5071.327580,2627390207,2627391313,15933,1106
5071.340610,2627401250,2627402363,15966,1113
5071.372669,2627423313,2627424419,16080,1106
5071.387699,2627434399,2627435507,15948,1108
5071.472869,2627498438,2627499512,15613,1074
5071.495907,2627513861,2627514963,16083,1102
5071.507923,2627522665,2627523774,15866,1109
5071.519940,2627531532,2627532610,15635,1078
5071.531975,2627540337,2627541439,16088,1102
5071.543993,2627549136,2627550236,15950,1100
5071.556021,2627557969,2627559052,15752,1083
5071.568044,2627566761,2627567873,16094,1112
5071.580061,2627575615,2627576720,15945,1105
5071.592077,2627584457,2627585535,15618,1078
5071.604113,2627593242,2627594349,16000,1107
5071.616129,2627602097,2627603201,15895,1104
5071.628146,2627610940,2627612015,15616,1075
5071.641671,2627621285,2627622360,15617,1075
5071.689776,2627656543,2627657657,16094,1114
5071.701793,2627665366,2627666472,15932,1106
5071.740860,2627694097,2627695175,15621,1078
5071.752896,2627702889,2627703993,16171,1104
5071.764913,2627711759,2627712863,15904,1104
5071.800980,2627738177,2627739285,15926,1108
5071.812997,2627747039,2627748117,15614,1078
5071.825033,2627755838,2627756940,16008,1102
5071.901184,2627813206,2627814285,15830,1079
5071.945254,2627844042,2627845151,15935,1109
5071.957276,2627852867,2627853966,15860,1099
5071.969308,2627861699,2627862793,16096,1094
5071.981323,2627870515,2627871620,15928,1105
5072.008373,2627890341,2627891453,15962,1112
5072.020392,2627899220,2627900303,15617,1083
5072.071494,2627936680,2627937792,15945,1112
5072.083511,2627945546,2627946621,15613,1075
5072.095548,2627954323,2627955436,16094,1113
5072.107562,2627963149,2627964254,15961,1105
5072.119580,2627971980,2627973055,15620,1075
5072.137615,2627985180,2627986252,15616,1072
5072.149650,2627993965,2627995063,16090,1098
5072.161667,2628002823,2628003932,15947,1109
5072.173683,2628011671,2628012749,15696,1078
5072.215769,2628042517,2628043628,15931,1111
5072.227786,2628051352,2628052430,15694,1078
5072.239822,2628060136,2628061240,16090,1104
5072.251838,2628068960,2628070064,15867,1104
5072.263855,2628077823,2628078898,15634,1075
5072.317962,2628117510,2628118615,15830,1105
5072.329993,2628126339,2628127436,16091,1097
5072.342009,2628135154,2628136263,15928,1109
5072.372061,2628157230,2628158308,15619,1078
5072.384096,2628166039,2628167140,16100,1101
5072.402126,2628179269,2628180368,16062,1099
5072.414148,2628188120,2628189224,16026,1104
5072.426164,2628196932,2628198018,15695,1086
5072.438201,2628205780,2628206888,16051,1108
5072.528371,2628271878,2628272992,16092,1114
5072.540389,2628280702,2628281807,15997,1105
5072.552408,2628289526,2628290631,15845,1105
5072.576457,2628307217,2628308322,15954,1105
5072.588472,2628316049,2628317132,15660,1083
5072.628555,2628346906,2628348017,15932,1111
5072.693677,2628393287,2628394387,16003,1100
5072.705695,2628402095,2628403175,15693,1080
5072.720729,2628413087,2628414193,16007,1106
5072.732747,2628421945,2628423020,15694,1075
5072.744782,2628430725,2628431829,16171,1104
5072.783849,2628459454,2628460560,15932,1106
5072.795879,2628468301,2628469375,15748,1074
5072.807901,2628477127,2628478236,15975,1109
5072.825937,2628490349,2628491456,16174,1107
5072.837952,2628499185,2628500289,15928,1104
5072.904072,2628547711,2628548784,15615,1073
5072.916108,2628556485,2628557587,16090,1102
5072.928123,2628565300,2628566404,15932,1104
5072.946158,2628578523,2628579627,15861,1104
5072.958175,2628587377,2628588456,15633,1079
5072.988246,2628609399,2628610508,16095,1109
5073.000260,2628618243,2628619352,15963,1109
5073.018295,2628631458,2628632572,15927,1114
5073.033330,2628642485,2628643592,16090,1107
5073.045347,2628651310,2628652415,15825,1105
5073.096448,2628688877,2628689975,16005,1098
5073.108468,2628697736,2628698847,15952,1111
5073.135518,2628717576,2628718685,15931,1109
5073.145549,2628725538,2628726663,16024,1125
5073.168327,2628737199,2628737822,11966,623
5073.192634,2628749048,2628750182,16177,1134
5073.204655,2628758404,2628759571,16505,1167
5073.216672,2628767730,2628768924,16340,1194
5073.237706,2628784096,2628785263,16020,1167
5073.249739,2628793460,2628794654,16349,1194
5073.264763,2628805263,2628806427,16324,1164
5073.276795,2628814679,2628815861,16603,1182
5073.288811,2628824143,2628825337,16358,1194
5073.300827,2628833604,2628834762,15917,1158
5073.351929,2628873754,2628874942,16297,1188
5073.363947,2628883210,2628884372,16003,1162
5073.375981,2628892718,2628893911,16371,1193
5073.387998,2628902190,2628903378,16252,1188
5073.400016,2628911676,2628912834,16004,1158
5073.412051,2628921284,2628922476,16584,1192
5073.424068,2628930818,2628932011,16435,1193
5073.484188,2628978189,2628979380,16583,1191
5073.496203,2628987694,2628988881,16373,1187
5073.508221,2628997210,2628998373,16026,1163
5073.520256,2629006644,2629007834,16496,1190
5073.541290,2629023196,2629024389,16270,1193
5073.553307,2629032712,2629033877,15995,1165
5073.589388,2629061162,2629062356,16323,1194
5073.601411,2629070684,2629071881,16454,1197
5073.613428,2629080212,2629081400,16438,1188
5073.625444,2629089721,2629090888,16103,1167
5073.640478,2629101599,2629102788,16278,1189
5073.652496,2629111142,2629112303,16120,1161
5073.664531,2629120619,2629121811,16580,1192
5073.678057,2629129311,2629130419,16038,1108
5073.690072,2629138143,2629139253,15816,1110
5073.702094,2629147032,2629148140,15854,1108
5073.714126,2629155889,2629156997,16041,1108
5073.732159,2629169139,2629170247,16086,1108
5073.744174,2629177965,2629179071,15957,1106
5073.768228,2629195637,2629196736,16078,1099
5073.780244,2629204438,2629205546,15923,1108
5073.792266,2629213321,2629214426,15856,1105
5073.804297,2629222159,2629223271,16085,1112
5073.820326,2629235414,2629236524,16059,1110
5073.837360,2629246477,2629247564,15837,1087
5073.849382,2629255282,2629256393,16132,1111
5073.864398,2629266357,2629267441,15621,1084
5073.876434,2629275140,2629276249,16091,1109
5073.900467,2629292833,2629293907,15712,1074
5073.912502,2629301616,2629302727,16090,1111
5073.936548,2629319288,2629320369,15757,1081
5073.948570,2629328112,2629329214,15994,1102
5073.960591,2629336892,2629337996,16002,1104
5073.972604,2629345707,2629346782,15580,1075
5073.984639,2629354480,2629355577,16030,1097
5074.008675,2629372180,2629373258,15721,1078
5074.020710,2629381006,2629382114,16098,1108
5074.036738,2629394260,2629395363,15959,1103
5074.077810,2629422891,2629423999,15926,1108
5074.089831,2629431718,2629432824,15867,1106
5074.101863,2629440533,2629441639,16178,1106
5074.113878,2629449361,2629450466,16005,1105
5074.143930,2629471439,2629472517,15620,1078
5074.155966,2629480234,2629481341,16089,1107
5074.167981,2629489050,2629490148,15928,1098
5074.179999,2629497853,2629498931,15619,1078
5074.192032,2629506685,2629507799,15935,1114
5074.204050,2629515521,2629516636,16023,1115
5074.216067,2629524352,2629525430,15698,1078
5074.246137,2629546421,2629547525,16082,1104
5074.258153,2629555252,2629556366,15967,1114
5074.276187,2629568536,2629569641,15925,1105
5074.288209,2629577372,2629578481,15839,1109
5074.300240,2629586204,2629587307,16086,1103
5074.312256,2629595022,2629596131,15927,1109
5074.324273,2629603848,2629604926,15620,1078
5074.336305,2629612658,2629613760,15992,1102
5074.348324,2629621484,2629622593,15927,1109
5074.360342,2629630321,2629631404,15619,1083
5074.375376,2629641334,2629642440,15929,1106
5074.387397,2629650157,2629651266,15859,1109
5074.399430,2629659011,2629660119,16099,1108
5074.411444,2629667807,2629668912,15882,1105
5074.423461,2629676638,2629677713,15618,1075
5074.435496,2629685449,2629686551,15905,1102
5074.447513,2629694260,2629695366,15847,1106
5074.459530,2629703069,2629704144,15540,1075
5074.471566,2629711871,2629712974,16090,1103
5074.483581,2629720700,2629721799,15818,1099
5074.495603,2629729565,2629730648,15687,1083
5074.516651,2629745016,2629746123,16087,1107
5074.528667,2629753848,2629754956,15931,1108
5074.552720,2629771481,2629772589,16166,1108
5074.564735,2629780316,2629781429,15979,1113
5074.624857,2629824408,2629825512,16089,1104
5074.636872,2629833248,2629834359,15956,1111
5074.651908,2629844252,2629845360,16082,1108
5074.662422,2629852545,2629853664,15910,1119
5074.728554,2629901110,2629902214,16066,1104
5074.740572,2629909971,2629911086,15856,1115
5074.755606,2629920999,2629922107,16084,1108
5074.767622,2629929817,2629930921,15930,1104
5074.779652,2629938642,2629939720,15761,1078
5074.791674,2629947427,2629948529,16084,1102
5074.803690,2629956261,2629957380,16011,1119
5074.815708,2629965099,2629966174,15625,1075
5074.827743,2629973888,2629974995,16082,1107
5074.839761,2629982772,2629983885,16021,1113
5074.851776,2629991600,2629992678,15626,1078
5074.863812,2630000396,2630001504,16095,1108
5074.875829,2630009273,2630010382,15946,1109
5074.887845,2630018129,2630019208,15622,1079
5074.899880,2630026933,2630028049,16086,1116
5074.911896,2630035772,2630036878,15841,1106
5074.935948,2630053470,2630054583,15945,1113
5074.947965,2630062297,2630063406,15932,1109
5074.959984,2630071129,2630072207,15598,1078
5074.972018,2630079933,2630081042,16092,1109
5074.984032,2630088757,2630089862,15872,1105
5074.996051,2630097582,2630098660,15622,1078
5075.008086,2630106376,2630107483,16001,1107
5075.020101,2630115209,2630116317,15924,1108
5075.032123,2630124047,2630125151,15822,1104
5075.044155,2630132879,2630133987,16090,1108
5075.056171,2630141702,2630142806,15842,1104
5075.080219,2630159371,2630160478,15991,1107
5075.092239,2630168192,2630169301,15949,1109
5075.104261,2630177025,2630178131,15917,1106
5075.140325,2630203612,2630204691,15621,1079
5075.152361,2630212412,2630213520,16089,1108
5075.167377,2630223451,2630224541,15621,1090
5075.179409,2630232284,2630233397,15994,1113
5075.191428,2630241113,2630242222,15926,1109
5075.203445,2630249946,2630251025,15623,1079
5075.215482,2630258761,2630259864,16090,1103
5075.227497,2630267612,2630268717,15852,1105
5075.239514,2630276458,2630277532,15622,1074
5075.252545,2630287469,2630288584,16009,1115
5075.272582,2630300741,2630301849,15929,1108
5075.284599,2630309561,2630310638,15539,1077
5075.296635,2630318345,2630319458,16089,1113
5075.368772,2630371250,2630372351,16082,1101
5075.380787,2630380081,2630381189,15966,1108
5075.401823,2630395557,2630396637,15621,1080
5075.413858,2630404362,2630405466,16087,1104
5075.443910,2630426379,2630427485,15943,1106
5075.455930,2630435264,2630436370,15838,1106
5075.473971,2630448550,2630449653,15905,1103
5075.485994,2630457408,2630458520,15966,1112
5075.561133,2630512819,2630513928,15944,1109
5075.573160,2630521681,2630522787,15909,1106
5075.600204,2630541618,2630542727,15833,1109
5075.612234,2630550474,2630551583,15960,1109
5075.624251,2630559326,2630560432,15843,1106
5075.648301,2630577023,2630578103,15864,1080
5075.660321,2630585864,2630586967,15943,1103
5075.681358,2630601337,2630602441,15916,1104
5075.693390,2630610180,2630611254,15808,1074
5075.717423,2630627857,2630628964,15835,1107
5075.729457,2630636718,2630637829,16029,1111
5075.783556,2630676431,2630677543,15950,1112
5075.795576,2630685254,2630686357,16044,1103
5075.807598,2630694086,2630695192,15831,1106
5075.819628,2630702955,2630704060,15867,1105
5075.840662,2630718411,2630719520,16047,1109
5075.852681,2630727211,2630728322,15632,1111
5075.868724,2630740459,2630741562,15716,1103
5075.891761,2630755887,2630756996,15958,1109
5075.903782,2630764710,2630765814,15967,1104
5075.957885,2630804423,2630805529,15965,1106
5075.969912,2630813219,2630814322,15715,1103
5075.981935,2630822039,2630823113,15883,1074
5075.993954,2630830837,2630831941,16047,1104
5076.005976,2630839640,2630840745,15670,1105
5076.060076,2630879316,2630880426,15634,1110
5076.072108,2630888144,2630889250,15987,1106
5076.084125,2630896980,2630898090,15923,1110
5076.096144,2630905773,2630906885,15638,1112
5076.117190,2630921229,2630922343,15941,1114
5076.129212,2630930108,2630931207,15934,1099
5076.162276,2630954298,2630955407,16032,1109
5076.177301,2630965744,2630966854,15595,1110
5076.201349,2630983454,2630984565,15965,1111
5076.213367,2630992264,2630993371,15553,1107
5076.240419,2631012144,2631013248,15636,1104
5076.252447,2631020985,2631022093,15950,1108
5076.264468,2631029823,2631030929,15967,1106
5076.276490,2631038673,2631039782,15835,1109
5076.288516,2631047487,2631048593,15950,1106
5076.309555,2631062991,2631064096,15928,1105
5076.321575,2631071814,2631072924,15831,1110
5076.408743,2631135828,2631136933,15969,1105
5076.420764,2631144657,2631145768,15802,1111
5076.432793,2631153488,2631154594,16009,1106
5076.471865,2631182217,2631183330,16033,1113
5076.489897,2631195440,2631196554,15962,1114
5076.501916,2631204253,2631205361,15707,1108
5076.513949,2631213115,2631214224,16044,1109
5076.525967,2631221980,2631223088,15941,1108
5076.537984,2631230771,2631231882,15632,1111
5076.550013,2631239584,2631240692,15858,1108
5076.616137,2631288072,2631289180,15856,1108
5076.628159,2631296936,2631298042,15785,1106
5076.640187,2631305779,2631306859,15806,1080
5076.652205,2631314577,2631315680,15960,1103
5076.676254,2631332194,2631333300,15948,1106
5076.688275,2631341052,2631342161,15931,1109
5076.700293,2631349859,2631350966,15595,1107
5076.712322,2631358678,2631359787,15946,1109
5076.727345,2631369748,2631370855,15597,1107
5076.739373,2631378565,2631379678,15858,1113
5076.757408,2631391782,2631392891,15943,1109
5076.769431,2631400625,2631401725,15953,1100
5076.829545,2631444711,2631445815,15948,1104
5076.841566,2631453537,2631454643,16046,1106
5076.880637,2631482180,2631483280,15634,1100
5076.892669,2631490980,2631492061,15821,1081
5076.904686,2631499805,2631500908,15954,1103
5076.916708,2631508673,2631509790,15846,1117
5076.928734,2631517508,2631518613,15950,1105
5076.944768,2631530737,2631531848,15944,1111
5077.033928,2631594694,2631595799,15597,1105
5077.045958,2631603532,2631604645,15946,1113
5077.063994,2631616783,2631617889,15968,1106
5077.076011,2631625625,2631626734,15968,1109
5077.088030,2631634419,2631635526,15634,1107
5077.100059,2631643218,2631644333,15942,1115
5077.112080,2631652086,2631653195,15812,1109
5077.124099,2631660934,2631662037,15601,1103
5077.136128,2631669751,2631670855,15904,1104
5077.148149,2631678579,2631679678,15879,1099
5077.160175,2631687380,2631688492,15716,1112
5077.178202,2631700617,2631701719,15629,1102
5077.190231,2631709437,2631710546,15947,1109
5077.220287,2631731552,2631732661,15939,1109
5077.232305,2631740344,2631741451,15710,1107
5077.244334,2631749154,2631750258,16031,1104
5077.256354,2631757980,2631759088,16047,1108
5077.268377,2631766790,2631767891,15835,1101
5077.280402,2631775618,2631776727,15906,1109
5077.304442,2631793245,2631794352,15589,1107
5077.316475,2631802120,2631803234,15958,1114
5077.352540,2631828596,2631829705,15952,1109
5077.364563,2631837436,2631838534,15865,1098
5077.376579,2631846298,2631847395,15624,1097
5077.388608,2631855132,2631856241,15966,1109
5077.448717,2631899268,2631900374,15630,1106
5077.460749,2631908079,2631909185,16001,1106
5077.511840,2631945522,2631946626,15831,1104
5077.523866,2631954363,2631955472,16033,1109
5077.535886,2631963200,2631964309,16044,1109
5077.547905,2631972008,2631973108,15632,1100
5077.565939,2631985225,2631986333,15700,1108
5077.577969,2631994081,2631995199,15953,1118
5077.608023,2632016157,2632017263,15859,1106
5077.620042,2632024997,2632026098,15595,1101
5077.632073,2632033815,2632034893,15810,1078
5077.650106,2632047000,2632048109,15954,1109
5077.662129,2632055838,2632056942,15957,1104
5077.674146,2632064651,2632065754,15598,1103
5077.684334,2632073856,2632074959,15954,1103
5077.716230,2632095928,2632097039,15935,1111
5077.728248,2632104748,2632105846,15545,1098
5077.740277,2632113558,2632114662,15864,1104
5077.752298,2632122358,2632123468,15966,1110
5077.764316,2632131164,2632132269,15628,1105
5077.780359,2632144402,2632145508,15628,1106
5077.884551,2632219324,2632220428,16044,1104
5077.896572,2632228156,2632229262,15966,1106
5077.908594,2632236971,2632238085,15908,1114
5077.920622,2632245810,2632246910,16050,1100
5077.932641,2632254648,2632255756,15971,1108
5077.959694,2632274534,2632275639,15953,1105
5077.971711,2632283318,2632284425,15545,1107
5077.989746,2632296586,2632297688,15596,1102
5078.001776,2632305396,2632306509,15946,1113
5078.097951,2632376081,2632377174,15625,1093
5078.109985,2632384933,2632386041,15964,1108
5078.128015,2632398166,2632399276,16018,1110
5078.140035,2632406994,2632408103,16048,1109
5078.152062,2632415794,2632416897,15752,1103
5078.164087,2632424692,2632425805,16060,1113
5078.176103,2632433600,2632434710,15923,1110
5078.188132,2632442508,2632443622,15910,1114
5078.200156,2632451395,2632452508,15919,1113
5078.212171,2632460305,2632461420,15746,1115
5078.224200,2632469210,2632470321,15866,1111
5078.236224,2632478094,2632479194,15901,1100
5078.248241,2632486919,2632488030,15880,1111
5078.266275,2632500145,2632501250,15963,1105
5078.311363,2632533285,2632534389,15936,1104
5078.323383,2632542116,2632543234,15738,1118
5078.335411,2632550972,2632552076,15967,1104
5078.347431,2632559830,2632560937,15935,1107
5078.359448,2632568628,2632569735,15546,1107
5078.371482,2632577483,2632578592,15971,1109
5078.383498,2632586306,2632587415,15966,1109
5078.395517,2632595100,2632596198,15552,1098
5078.413551,2632608332,2632609428,15597,1096
5078.425580,2632617138,2632618252,15956,1114
5078.473671,2632652478,2632653587,15938,1109
5078.485688,2632661278,2632662379,15631,1101
5078.536790,2632698758,2632699864,15967,1106
5078.553320,2632711039,2632712145,15825,1106
5078.565346,2632719856,2632720961,15959,1105
5078.577367,2632728668,2632729773,15972,1105
5078.589385,2632737490,2632738596,15591,1106
5078.643489,2632777137,2632778240,15708,1103
5078.655522,2632786002,2632787106,15961,1104
5078.667538,2632794810,2632795920,15959,1110
5078.679557,2632803599,2632804705,15626,1106
5078.697599,2632816822,2632817936,15711,1114
5078.709623,2632825653,2632826736,15809,1083
5078.745689,2632852100,2632853203,15946,1103
5078.757712,2632860974,2632862077,15843,1103
5078.823832,2632909436,2632910538,15622,1102
5078.835860,2632918246,2632919359,15943,1113
5078.847881,2632927082,2632928192,15857,1110
5078.859901,2632935920,2632937023,15594,1103
5078.877934,2632949154,2632950261,15623,1107
5078.889964,2632957982,2632959088,15949,1106
5078.907998,2632971202,2632972307,15954,1105
5078.920018,2632980017,2632981125,15962,1108
5078.932037,2632988792,2632989905,15632,1113
5078.944068,2632997630,2632998730,15968,1100
5078.956087,2633006509,2633007622,15878,1113
5078.968109,2633015348,2633016457,15824,1109
5078.980135,2633024187,2633025295,15951,1108
5078.992156,2633033021,2633034130,15964,1109
5079.004174,2633041810,2633042922,15549,1112
5079.016203,2633050621,2633051727,15951,1106
5079.028224,2633059434,2633060545,15965,1111
5079.040243,2633068227,2633069319,15548,1092
5079.052277,2633077068,2633078172,15963,1104
5079.064293,2633085902,2633087011,15963,1109
5079.076311,2633094750,2633095848,15594,1098
5079.091344,2633105779,2633106893,15958,1114
5079.112380,2633121186,2633122289,15629,1103
5079.124409,2633129996,2633131105,15948,1109
5079.136429,2633138813,2633139926,15922,1113
5079.151465,2633149854,2633150959,15955,1105
5079.169499,2633163153,2633164256,15957,1103
5079.181516,2633171971,2633173076,15972,1105
5079.193542,2633180799,2633181900,15675,1101
5079.210074,2633193375,2633194488,15958,1113
5079.222093,2633202211,2633203324,15957,1113
5079.234114,2633211064,2633212168,15822,1104
5079.285213,2633248560,2633249666,15963,1106
5079.300248,2633259620,2633260734,15956,1114
5079.336312,2633286076,2633287181,15951,1105
5079.348336,2633294896,2633296002,15996,1106
5079.360352,2633303686,2633304789,15627,1103
5079.387404,2633323527,2633324628,15703,1101
5079.399437,2633332399,2633333510,16046,1111
5079.411453,2633341218,2633342332,15878,1114
5079.429487,2633354430,2633355533,15960,1103
5079.441514,2633363239,2633364346,15667,1107
5079.489604,2633398538,2633399641,15950,1103
5079.501626,2633407421,2633408524,15935,1103
5079.567746,2633455847,2633456950,15710,1103
5079.579776,2633464673,2633465771,15951,1098
5079.591796,2633473493,2633474597,15859,1104
5079.603814,2633482326,2633483427,15592,1101
5079.615844,2633491149,2633492260,15953,1111
5079.627864,2633499977,2633501086,15970,1109
5079.639891,2633508765,2633509868,15716,1103
5079.651912,2633517588,2633518692,15951,1104
5079.669949,2633530815,2633531893,15883,1078
5079.681967,2633539600,2633540705,15972,1105
5079.701016,2633555038,2633556144,15670,1106
5079.754105,2633592540,2633593640,15968,1100
5079.766124,2633601330,2633602428,15629,1098
5079.784161,2633614572,2633615676,15828,1104
5079.796191,2633623419,2633624531,16032,1112
5079.808207,2633632258,2633633367,16045,1109
5079.820226,2633641065,2633642167,15548,1102
5079.832256,2633649866,2633650975,15865,1109
5079.844279,2633658684,2633659798,15954,1114
5079.856295,2633667535,2633668642,15551,1107
5079.883349,2633687415,2633688520,15822,1105
5079.895380,2633696266,2633697365,15949,1099
5079.907396,2633705091,2633706199,15965,1108
5079.961499,2633744763,2633745868,15963,1105
5079.973518,2633753562,2633754664,15630,1102
5079.985547,2633762399,2633763498,16009,1099
5079.997570,2633771260,2633772369,15946,1109
5080.009586,2633780088,2633781194,15596,1106
5080.021618,2633788914,2633790023,16033,1109
5080.117792,2633859467,2633860574,15624,1107
5080.129822,2633868289,2633869396,15951,1107
5080.147856,2633881513,2633882617,16031,1104
5080.159876,2633890337,2633891446,16007,1109
5080.180912,2633905744,2633906848,15748,1104
5080.192946,2633914623,2633915738,15874,1115
5080.204962,2633923449,2633924555,15963,1106
5080.229010,2633941090,2633942197,15948,1107
5080.241034,2633949927,2633951040,15953,1113
5080.257065,2633963226,2633964331,16018,1105
5080.328199,2634013867,2634014971,16035,1104
5080.340222,2634022701,2634023810,15962,1109
5080.352238,2634031495,2634032607,15628,1112
5080.364269,2634040317,2634041396,15843,1079
5080.385305,2634055695,2634056804,15861,1109
5080.397324,2634064526,2634065633,15672,1107
5080.433400,2634090954,2634092061,15786,1107
5080.445422,2634099795,2634100897,16034,1102
5080.520562,2634154948,2634156057,16044,1109
5080.532589,2634163707,2634164810,15787,1103
5080.592701,2634207799,2634208905,15937,1106
5080.604718,2634216637,2634217740,15588,1103
5080.616748,2634225448,2634226554,15926,1106
5080.628768,2634234266,2634235362,15960,1096
5080.692902,2634282797,2634283903,15669,1106
5080.704919,2634291660,2634292765,15973,1105
5080.716940,2634299806,2634300915,15824,1109
5080.736479,2634315319,2634316433,15962,1114
5080.801599,2634361615,2634362724,15956,1109
5080.813620,2634370465,2634371576,15967,1111
5080.840672,2634390363,2634391467,15933,1104
5080.852690,2634399184,2634400295,15627,1111
5080.903791,2634436657,2634437762,16049,1105
5080.915810,2634445507,2634446605,15673,1098
5080.927839,2634454331,2634455440,15955,1109
5080.939858,2634463209,2634464313,15886,1104
5080.951879,2634472005,2634473108,15626,1103
5081.011996,2634516085,2634517192,15960,1107
5081.024015,2634524905,2634526006,15621,1101
5081.036049,2634533753,2634534862,15966,1109
5081.048065,2634542597,2634543707,15963,1110
5081.060085,2634551421,2634552529,15665,1108
5081.072113,2634560243,2634561347,15952,1104
5081.084137,2634569064,2634570169,16033,1105
5081.102168,2634582284,2634583394,15968,1110
5081.114187,2634591084,2634592191,15703,1107
5081.129220,2634602141,2634603248,15861,1107
5081.144251,2634613177,2634614278,16030,1101
5081.156271,2634622002,2634623111,15967,1109
5081.168290,2634630813,2634631920,15701,1107
5081.180323,2634639662,2634640771,15995,1109
5081.192340,2634648478,2634649587,15967,1109
5081.204359,2634657319,2634658420,15595,1101
5081.216392,2634666167,2634667276,15956,1109
5081.232422,2634679426,2634680531,15954,1105
5081.252456,2634692613,2634693722,15955,1109
5081.264477,2634701434,2634702545,15961,1111
5081.276503,2634710245,2634711352,15706,1107
5081.288525,2634719086,2634720199,15944,1113
5081.300545,2634727922,2634729027,15966,1105
5081.312564,2634736716,2634737822,15546,1106
5081.327597,2634747762,2634748870,15860,1108
5081.339616,2634756592,2634757704,15550,1112
5081.357653,2634769871,2634770979,15818,1108
5081.369679,2634778691,2634779797,15900,1106
5081.384703,2634789708,2634790815,15631,1107
5081.396730,2634798536,2634799643,15856,1107
5081.411753,2634809521,2634810625,15635,1104
5081.423786,2634818388,2634819497,15958,1109
5081.441817,2634831654,2634832760,15947,1106
5081.453833,2634840466,2634841573,15881,1107
5081.468868,2634851459,2634852568,15956,1109
5081.480893,2634860272,2634861377,15950,1105
5081.495919,2634871278,2634872392,15946,1114
5081.509446,2634881463,2634882576,15956,1113
5081.521466,2634890324,2634891429,16044,1105
5081.533485,2634899112,2634900219,15707,1107
5081.545514,2634907937,2634909045,15956,1108
5081.557534,2634916765,2634917870,15970,1105
5081.572565,2634927778,2634928887,16031,1109
5081.593603,2634943244,2634944343,16051,1099
5081.605622,2634952097,2634953199,15593,1102
5081.629674,2634969720,2634970826,16032,1106
5081.641691,2634978533,2634979640,15589,1107
5081.695793,2635018255,2635019358,15628,1103
5081.707822,2635027074,2635028179,15956,1105
5081.719843,2635035887,2635036996,16049,1109
5081.731862,2635044702,2635045809,15704,1107
5081.743894,2635053531,2635054605,15813,1074
5081.755912,2635062332,2635063445,15979,1113
5081.767930,2635071161,2635072269,15592,1108
5081.779965,2635080028,2635081106,15890,1078
5081.791980,2635088815,2635089919,16049,1104
5081.803999,2635097614,2635098726,15703,1112
5081.840067,2635124057,2635125155,15626,1098
5081.852097,2635132878,2635133992,15950,1114
5081.864117,2635141713,2635142819,15970,1106
5081.876139,2635150529,2635151643,15830,1114
5081.888170,2635159379,2635160453,15857,1074
5081.900189,2635168168,2635169277,15954,1109
5081.912205,2635176956,2635178057,15666,1101
5081.924237,2635185770,2635186879,15998,1109
5081.936254,2635194584,2635195693,15965,1109
5081.954289,2635207814,2635208918,15962,1104
5082.017409,2635254104,2635255208,15961,1104
5082.029428,2635262897,2635264006,15629,1109
5082.044460,2635273955,2635275061,15924,1106
5082.056481,2635282767,2635283873,15546,1106
5082.119607,2635329067,2635330177,15707,1110
5082.131629,2635337906,2635339015,15950,1109
5082.149663,2635351108,2635352209,15949,1101
5082.161683,2635359923,2635361027,16049,1104
5082.185731,2635377572,2635378676,16038,1104
5082.197752,2635386380,2635387489,16046,1109
5082.215786,2635399607,2635400716,16050,1109
5082.226316,2635407572,2635408685,16033,1113
5082.239835,2635417712,2635418821,15960,1109
5082.251855,2635426542,2635427645,15972,1103
5082.263876,2635435398,2635436502,15834,1104
5082.275907,2635444237,2635445342,16035,1105
5082.287923,2635453055,2635454164,16047,1109
5082.299942,2635461843,2635462946,15662,1103
5082.311971,2635470653,2635471757,15950,1104
5082.323994,2635479487,2635480601,15956,1114
5082.336011,2635488281,2635489388,15624,1107
5082.348040,2635497119,2635498228,15954,1109
5082.360060,2635505943,2635507052,15965,1109
5082.372082,2635514779,2635515885,15811,1106
5082.396130,2635526345,2635526959,12011,614
5082.409657,2635531523,2635532348,13430,825
5082.421682,2635540431,2635541591,16271,1160
5082.433707,2635549722,2635550905,16353,1183
5082.460759,2635570889,2635572070,16401,1181
5082.472774,2635580429,2635581613,16148,1184
5082.523878,2635620628,2635621817,16396,1189
5082.535894,2635630116,2635631305,16130,1189
5082.547924,2635639553,2635640742,16240,1189
5082.559947,2635648994,2635650182,16332,1188
5082.571962,2635658474,2635659668,16194,1194
5082.583993,2635667967,2635669161,16286,1194
5082.596016,2635677454,2635678643,16373,1189
5082.608033,2635686939,2635688137,16221,1198
5082.620060,2635696468,2635697655,16316,1187
5082.632084,2635705979,2635707171,16281,1192
5082.644102,2635715474,2635716644,16261,1170
5082.656128,2635724991,2635726180,16319,1189
5082.668153,2635734532,2635735728,16416,1196
5082.680168,2635744093,2635745286,16231,1193
5082.692197,2635753646,2635754844,16312,1198
5082.704221,2635763154,2635764347,16351,1193
5082.716235,2635772687,2635773882,16219,1195
5082.728266,2635782211,2635783409,16316,1198
5082.740290,2635791734,2635792899,16397,1165
5082.752305,2635801224,2635802414,16234,1190
5082.764334,2635810740,2635811933,16224,1193
5082.785376,2635827390,2635828583,16402,1193
5082.797391,2635836895,2635838089,16232,1194
5082.809420,2635846429,2635847616,16316,1187
5082.827454,2635860743,2635861935,16313,1192
5082.839478,2635870287,2635871476,16398,1189
5082.851494,2635879845,2635881034,16232,1189
5082.863522,2635889373,2635890566,16223,1193
5082.875548,2635898893,2635900086,16387,1193
5082.887563,2635908438,2635909631,16158,1193
5082.899593,2635916125,2635917235,15867,1110
5082.911613,2635925009,2635926119,15962,1110
5082.923631,2635933906,2635935020,15856,1114
5082.935660,2635942787,2635943893,15909,1106
5082.947681,2635951656,2635952768,15957,1112
5082.959699,2635960536,2635961635,15857,1099
5082.971729,2635969402,2635970512,15915,1110
5082.983750,2635978286,2635979392,15969,1106
5082.995768,2635987149,2635988255,15939,1106
5083.007797,2635996035,2635997144,15906,1109
5083.019819,2636004891,2636005995,15963,1104
5083.031837,2636013782,2636014899,15857,1117
5083.043866,2636022652,2636023759,15821,1107
5083.055887,2636031520,2636032635,15870,1115
5083.067905,2636040390,2636041496,15860,1106
5083.079937,2636049265,2636050379,15986,1114
5083.091958,2636058152,2636059261,16054,1109
5083.103974,2636067019,2636068128,15843,1109
5083.116005,2636075872,2636076981,15913,1109
5083.128026,2636084715,2636085829,15891,1114
5083.140042,2636093608,2636094717,15798,1109
5083.152074,2636102469,2636103578,15883,1109
5083.164095,2636111337,2636112442,16069,1105
5083.176111,2636120207,2636121307,15851,1100
5083.188142,2636129071,2636130181,15993,1110
5083.200164,2636137961,2636139075,15982,1114
5083.212183,2636146854,2636147972,15865,1118
5083.224209,2636155773,2636156890,15909,1117
5083.236233,2636164682,2636165796,15992,1114
5083.248248,2636173581,2636174695,15830,1114
5083.260277,2636182499,2636183610,15817,1111
5083.272302,2636191384,2636192498,15991,1114
5083.284319,2636200293,2636201402,15829,1109
5083.296346,2636209168,2636210274,15904,1106
5083.311370,2636220248,2636221358,15845,1110
5083.323397,2636229155,2636230259,15908,1104
5083.335422,2636238004,2636239121,15957,1117
5083.347437,2636246879,2636247988,15833,1109
5083.359465,2636255753,2636256851,15908,1098
5083.371490,2636264620,2636265728,15994,1108
5083.383506,2636273498,2636274607,15829,1109
5083.395534,2636282356,2636283462,15906,1106
5083.407561,2636291227,2636292333,16011,1106
5083.431603,2636308968,2636310079,15903,1111
5083.443628,2636317826,2636318935,15994,1109
5083.455643,2636326704,2636327813,15828,1109
5083.467672,2636335567,2636336673,15906,1106
5083.479696,2636344436,2636345544,15903,1108
5083.491711,2636353315,2636354424,15754,1109
5083.503739,2636362180,2636363293,15859,1113
5083.515763,2636371043,2636372146,15931,1103
5083.527780,2636379903,2636381017,15757,1114
5083.539810,2636388778,2636389884,15931,1106
5083.551832,2636397628,2636398742,15888,1114
5083.563849,2636406523,2636407632,15826,1109
5083.575878,2636415387,2636416485,15926,1098
5083.587901,2636424238,2636425349,15935,1111
5083.599917,2636433108,2636434209,15762,1101
5083.611944,2636441963,2636443073,15908,1110
5083.623971,2636450834,2636451942,15886,1108
5083.635986,2636459716,2636460824,15831,1108
5083.648013,2636468597,2636469710,15909,1113
5083.660038,2636477456,2636478560,16002,1104
5083.672057,2636486310,2636487419,15954,1109
5083.684082,2636495199,2636496308,15907,1109
5083.696108,2636504078,2636505191,15990,1113
5083.708122,2636512950,2636514056,15899,1106
5083.720152,2636521829,2636522941,15905,1112
5083.732176,2636530687,2636531792,15987,1105
5083.744193,2636539961,2636541074,15828,1113
5083.780263,2636566599,2636567712,15852,1113
5083.792289,2636575473,2636576586,15906,1113
5083.804313,2636584350,2636585456,15987,1106
5083.816328,2636593233,2636594351,15742,1118
5083.828358,2636602107,2636603217,15913,1110
5083.880464,2636641992,2636643105,15903,1113
5083.897483,2636653098,2636654202,15842,1104
5083.909510,2636661956,2636663057,15906,1101
5083.924535,2636673045,2636674151,15844,1106
5083.936563,2636681926,2636683038,15906,1112
5083.948588,2636690807,2636691916,15993,1109
5083.972630,2636708549,2636709662,15907,1113
5083.984655,2636717420,2636718529,15939,1109
5084.008699,2636735164,2636736264,15902,1100
5084.020724,2636744015,2636745130,15932,1115
5084.032740,2636752896,2636754001,15843,1105
5084.044768,2636761759,2636762873,15900,1114
5084.056792,2636770627,2636771735,15907,1108
5084.080836,2636788345,2636789450,15909,1105
5084.092861,2636797191,2636798302,15937,1111
5084.104876,2636806068,2636807171,15815,1103
5084.116907,2636814924,2636816028,15909,1104
5084.128931,2636823762,2636824873,15987,1111
5084.140951,2636832647,2636833755,15859,1108
5084.152975,2636841511,2636842624,15905,1113
5084.165000,2636850375,2636851482,15877,1107
5084.189043,2636868114,2636869220,15910,1106
5084.201068,2636876977,2636878077,15989,1100
5084.225112,2636894701,2636895808,15910,1107
5084.240135,2636905788,2636906893,15830,1105
5084.252163,2636914650,2636915755,15819,1105
5084.265194,2636925737,2636926845,15854,1108
5084.300257,2636950136,2636951241,15988,1105
5084.312275,2636959060,2636960165,15767,1105
5084.324301,2636967923,2636969034,15865,1111
5084.339323,2636978999,2636980102,15823,1103
5084.351352,2636987862,2636988968,15903,1106
5084.363377,2636996737,2636997848,15988,1111
5084.375392,2637005617,2637006724,15742,1107
5084.387421,2637014490,2637015596,15910,1106
5084.399445,2637023357,2637024461,15990,1104
5084.411460,2637032233,2637033342,15827,1109
5084.423489,2637041105,2637042215,15908,1110
5084.435514,2637049961,2637051061,15991,1100
5084.447529,2637058815,2637059921,15820,1106
5084.465564,2637072128,2637073237,15830,1109
5084.477592,2637081009,2637082124,15887,1115
5084.495627,2637094325,2637095435,15909,1110
5084.513661,2637107656,2637108764,15879,1108
5084.525684,2637116513,2637117620,15904,1107
5084.537701,2637125387,2637126491,15804,1104
5084.555735,2637138677,2637139786,15824,1109
5084.567763,2637147567,2637148676,15912,1109
5084.579787,2637156444,2637157552,15946,1108
5084.615856,2637183026,2637184135,15973,1109
5084.627872,2637191894,2637193007,15839,1113
5084.639900,2637200772,2637201876,15907,1104
5084.651924,2637209621,2637210734,15965,1113
5084.663941,2637218485,2637219591,15755,1106
5084.675970,2637227376,2637228484,15881,1108
5084.687993,2637236244,2637237348,15861,1104
5084.706027,2637249539,2637250652,15942,1113
5084.718044,2637258427,2637259527,15825,1100
5084.760131,2637289414,2637290519,15983,1105
5084.772146,2637298288,2637299397,15746,1109
5084.784175,2637307162,2637308265,15865,1103
5084.796200,2637316017,2637317123,15906,1106
5084.808215,2637324874,2637325982,15832,1108
5084.820244,2637333771,2637334884,15917,1113
5084.832268,2637342625,2637343738,15970,1113
5084.844283,2637351498,2637352601,15879,1103
5084.865329,2637367044,2637368158,15906,1114
5084.877356,2637375922,2637377033,15993,1111
5084.904407,2637395864,2637396968,16006,1104
5084.916423,2637404743,2637405848,15830,1105
5084.928450,2637413604,2637414710,15909,1106
5084.940474,2637422480,2637423589,15902,1109
5084.967526,2637442420,2637443526,15989,1106
5084.979541,2637451279,2637452385,15830,1106
5084.991570,2637460122,2637461221,15914,1099
5085.012611,2637475626,2637476736,15978,1110
5085.024627,2637484521,2637485624,15832,1103
5085.075732,2637522179,2637523285,15964,1106
5085.087747,2637531047,2637532152,15830,1105
5085.099775,2637539902,2637541012,15865,1110
5085.111800,2637548790,2637549899,15992,1109
5085.123815,2637557676,2637558785,15841,1109
5085.135842,2637566555,2637567670,15901,1115
5085.147868,2637575428,2637576537,15993,1109
5085.165902,2637588708,2637589814,15973,1106
5085.177918,2637597567,2637598671,15846,1104
5085.189948,2637606442,2637607553,15910,1111
5085.201970,2637615289,2637616403,15889,1114
5085.226014,2637633004,2637634118,15902,1114
5085.238039,2637641879,2637642992,15986,1113
5085.253066,2637653386,2637654498,15910,1112
5085.268092,2637664472,2637665585,15868,1113
5085.289134,2637679978,2637681082,15907,1104
5085.301159,2637688833,2637689947,15973,1114
5085.313175,2637697702,2637698811,15843,1109
5085.328211,2637708794,2637709898,15944,1104
5085.340227,2637717657,2637718757,15743,1100
5085.352256,2637726511,2637727617,15907,1106
5085.364280,2637735352,2637736457,15903,1105
5085.376296,2637744229,2637745342,15837,1113
5085.388324,2637753097,2637754205,15892,1108
5085.481503,2637821768,2637822872,15985,1104
5085.493517,2637830607,2637831715,15820,1108
5085.508554,2637841695,2637842808,15982,1113
5085.523581,2637852789,2637853898,15902,1109
5085.535606,2637861819,2637862934,15986,1115
5085.547622,2637870688,2637871797,15748,1109
5085.559652,2637879584,2637880690,15839,1106
5085.571674,2637888441,2637889550,15904,1109
5085.583690,2637897304,2637898409,15744,1105
5085.595718,2637906152,2637907257,15904,1105
5085.607743,2637915003,2637916101,15945,1098
5085.619758,2637923873,2637924982,15827,1109
5085.631789,2637932736,2637933845,15925,1109
5085.643812,2637941597,2637942708,16004,1111
5085.655827,2637950472,2637951577,15837,1105
5085.667856,2637959332,2637960446,15914,1114
5085.679880,2637968206,2637969306,15990,1100
5085.691897,2637977064,2637978181,15846,1117
5085.703925,2637985960,2637987073,15908,1113
5085.715949,2637994831,2637995937,15987,1106
5085.727964,2638003701,2638004812,15832,1111
5085.739991,2638012587,2638013693,15901,1106
5085.752016,2638021456,2638022564,15890,1108
5085.764033,2638030319,2638031429,15846,1110
5085.776060,2638039178,2638040283,15911,1105
5085.788085,2638048022,2638049131,15975,1109
5085.800102,2638056897,2638058005,15757,1108
5085.812129,2638065761,2638066870,15904,1109
5085.824153,2638074624,2638075727,15932,1103
5085.836170,2638083489,2638084598,15841,1109
5085.848197,2638092344,2638093455,15908,1111
5085.860222,2638101212,2638102317,15979,1105
5085.872238,2638110083,2638111189,15847,1106
5085.884266,2638118938,2638120041,15906,1103
5085.896290,2638127793,2638128902,15975,1109
5085.908307,2638136660,2638137764,15759,1104
5085.929351,2638152182,2638153286,15904,1104
5085.941377,2638161054,2638162165,15991,1111
5086.031548,2638227581,2638228695,15976,1114
5086.043564,2638236459,2638237568,15739,1109
5086.055592,2638245328,2638246442,15905,1114
5086.067616,2638254188,2638255297,15975,1109
5086.079633,2638263050,2638264156,15843,1106
5086.091660,2638271911,2638273015,15817,1104
5086.103685,2638280785,2638281890,15930,1105
5086.115701,2638289655,2638290760,15849,1105
5086.127731,2638298520,2638299630,15928,1110
5086.139755,2638307394,2638308503,15918,1109
5086.151770,2638316266,2638317375,15832,1109
5086.163799,2638325134,2638326245,15907,1111
5086.175823,2638334000,2638335115,15987,1115
5086.187838,2638342870,2638343976,15776,1106
5086.199867,2638351721,2638352835,15906,1114
5086.211892,2638360593,2638361699,15947,1106
5086.223908,2638369471,2638370570,15831,1099
5086.235936,2638378313,2638379421,15913,1108
5086.247960,2638387168,2638388273,15993,1105
5086.259976,2638396024,2638397133,15838,1109
5086.272005,2638404889,2638405998,15912,1109
5086.284029,2638413754,2638414859,15966,1105
5086.296045,2638422620,2638423724,15788,1104
5086.308073,2638431468,2638432572,15906,1104
5086.320098,2638440337,2638441441,15901,1104
5086.332113,2638449225,2638450334,15743,1109
5086.344144,2638458102,2638459213,15906,1111
5086.356166,2638466955,2638468063,15992,1108
5086.368182,2638475820,2638476924,15740,1104
5086.380211,2638484709,2638485817,15839,1108
5086.392235,2638493571,2638494685,15985,1114
5086.404250,2638502432,2638503535,15824,1103
5086.416279,2638511287,2638512392,15905,1105
5086.428303,2638520151,2638521257,15943,1106
5086.440319,2638529019,2638530126,15832,1107
5086.452348,2638537899,2638539009,15910,1110
5086.464372,2638546770,2638547875,15903,1105
5086.512456,2638582203,2638583314,15827,1111
5086.524487,2638591068,2638592175,15927,1107
5086.536509,2638599927,2638601026,15913,1099
5086.560548,2638617705,2638618806,15832,1101
5086.572574,2638626535,2638627640,16031,1105
5086.665749,2638694948,2638696053,16047,1105
5086.677767,2638703733,2638704839,15622,1106
5086.749905,2638756581,2638757684,15626,1103
5086.760334,2638765806,2638766914,16029,1108
5086.773955,2638774660,2638775765,16049,1105
5086.785976,2638783538,2638784651,15838,1113
5086.858111,2638836535,2638837646,15627,1111
5086.870139,2638845363,2638846478,15965,1115
5086.909212,2638874101,2638875215,15966,1114
5086.921230,2638882934,2638884040,15589,1106
5086.957302,2638909407,2638910509,15641,1102
5086.969332,2638918248,2638919352,15927,1104
5086.981351,2638927082,2638928188,15855,1106
5087.080538,2638999883,2639000988,15860,1105
5087.092557,2639008690,2639009795,15665,1105
5087.104586,2639017527,2639018631,15958,1104
5087.161693,2639059503,2639060612,15934,1109
5087.173715,2639068337,2639069448,15860,1111
5087.185745,2639077204,2639078318,16031,1114
5087.197761,2639086044,2639087153,15966,1109
5087.209779,2639094860,2639095960,15622,1100
5087.239847,2639116930,2639118027,15959,1097
5087.251863,2639125754,2639126860,15963,1106
5087.263882,2639134534,2639135632,15627,1098
5087.275911,2639143345,2639144455,15948,1110
5087.293946,2639156617,2639157726,15945,1109
5087.305965,2639165449,2639166549,15882,1100
5087.372092,2639213974,2639215084,15644,1110
5087.384121,2639222856,2639223960,15965,1104
5087.396138,2639231673,2639232773,15969,1100
5087.414172,2639244964,2639246064,15969,1100
5087.426199,2639253801,2639254904,15674,1103
5087.504344,2639311179,2639312284,15967,1105
5087.516362,2639319974,2639321086,15622,1112
5087.528394,2639328815,2639329919,16075,1104
5087.561448,2639353030,2639354140,15705,1110
5087.573478,2639361852,2639362960,15952,1108
5087.592513,2639377317,2639378423,15956,1106
5087.612549,2639390535,2639391648,15962,1113
5087.624576,2639399359,2639400468,15710,1109
5087.687688,2639445695,2639446796,15670,1101
5087.699717,2639454505,2639455616,16036,1111
5087.712748,2639465550,2639466666,15699,1116
5087.729775,2639476605,2639477708,15949,1103
5087.741791,2639485415,2639486521,15587,1106
5087.780876,2639514113,2639515226,15960,1113
5087.792894,2639522976,2639524080,15843,1104
5087.816940,2639540570,2639541681,15959,1111
5087.828964,2639549401,2639550505,15997,1104
5087.840979,2639558230,2639559337,15550,1107
5087.853009,2639567040,2639568155,15949,1115
5087.865029,2639575867,2639576976,15967,1109
5087.910115,2639608882,2639609988,15965,1106
5087.922142,2639617675,2639618776,15711,1101
5087.934165,2639626498,2639627604,15952,1106
5087.946184,2639635331,2639636445,15963,1114
5087.958203,2639644140,2639645248,15700,1108
5087.988267,2639666197,2639667298,16035,1101
5088.000288,2639675049,2639676153,15848,1104
5088.012309,2639683868,2639684976,15824,1108
5088.024338,2639692691,2639693796,15997,1105
5088.036355,2639701514,2639702627,15967,1113
5088.048374,2639710353,2639711463,15587,1110
5088.060403,2639719190,2639720300,15947,1110
5088.136554,2639776485,2639777586,15623,1101
5088.159592,2639791900,2639793004,15943,1104
5088.192648,2639816195,2639817301,15627,1106
5088.204678,2639825029,2639826134,15945,1105
5088.216698,2639833875,2639834981,15965,1106
5088.228717,2639842664,2639843767,15629,1103
5088.240751,2639851507,2639852616,15970,1109
5088.252767,2639860332,2639861437,15968,1105
5088.264786,2639869160,2639870272,15633,1112
5088.276819,2639878460,2639879578,15968,1118
5088.291840,2639889549,2639890660,15804,1111
5088.348952,2639931561,2639932670,16033,1109
5088.360972,2639940426,2639941534,15962,1108
5088.372994,2639949242,2639950350,15739,1108
5088.394040,2639964709,2639965813,15968,1104
5088.406061,2639973527,2639974631,16051,1104
5088.451143,2640006715,2640007829,15883,1114
5088.466175,2640017746,2640018859,16032,1113
5088.478197,2640026600,2640027709,15932,1109
5088.553334,2640081689,2640082795,15625,1106
5088.565364,2640090504,2640091609,16029,1105
5088.604436,2640119206,2640120305,15962,1099
5088.616462,2640127992,2640129099,15709,1107
5088.656537,2640158901,2640160000,15964,1099
5088.712641,2640198624,2640199729,15971,1105
5088.724660,2640207438,2640208544,15671,1106
5088.760729,2640233855,2640234956,15700,1101
5088.775763,2640244907,2640246011,15938,1104
5088.811830,2640271354,2640272460,15960,1106
5088.823849,2640280183,2640281288,15627,1105
5088.835878,2640288997,2640290108,15907,1111
5088.847900,2640297862,2640298971,15851,1109
5088.859917,2640306655,2640307762,15624,1107
5088.871951,2640315523,2640316635,15965,1112
5088.883967,2640324361,2640325466,15962,1105
5088.895986,2640333153,2640334259,15704,1106
5088.908015,2640341979,2640343093,15956,1114
5088.920039,2640350793,2640351902,15956,1109
5088.932055,2640359581,2640360684,15626,1103
5088.950089,2640372787,2640373893,15702,1106
5088.962120,2640381617,2640382698,15886,1081
5088.981154,2640397033,2640398142,16042,1109
5088.998187,2640408018,2640409123,16036,1105
5089.016224,2640421218,2640422317,16080,1099
5089.028243,2640430088,2640431188,15847,1100
5089.040260,2640438873,2640439983,15625,1110
5089.055293,2640449920,2640451023,16044,1103
5089.088359,2640474184,2640475282,16036,1098
5089.100378,2640483007,2640484120,15999,1113
5089.157483,2640524859,2640525969,15627,1110
5089.169517,2640533724,2640534832,15966,1108
5089.181533,2640542552,2640543656,15960,1104
5089.220604,2640571200,2640572306,15633,1106
5089.232635,2640580043,2640581152,15886,1109
5089.256672,2640597663,2640598776,15594,1113
5089.268705,2640606518,2640607623,16049,1105
5089.292741,2640624165,2640625267,15702,1102
5089.304770,2640632987,2640634094,15999,1107
5089.316794,2640641829,2640642938,15956,1109
5089.392941,2640699218,2640700333,15946,1115
5089.409971,2640710234,2640711344,15624,1110
5089.434013,2640727895,2640729004,15966,1109
5089.449044,2640738898,2640740007,16030,1109
5089.461065,2640747760,2640748874,15755,1114
5089.482104,2640763232,2640764337,15823,1105
5089.494130,2640772060,2640773169,15951,1109
5089.575284,2640831617,2640832722,15947,1105
5089.587305,2640840431,2640841530,15920,1099
5089.599324,2640849219,2640850326,15588,1107
5089.611356,2640858052,2640859152,15908,1100
5089.632390,2640873479,2640874585,15967,1106
5089.644409,2640882302,2640883408,15553,1106
5089.656439,2640891117,2640892227,15906,1110
5089.668460,2640899986,2640901100,15848,1114
5089.704528,2640926427,2640927534,15963,1107
5089.716547,2640935233,2640936334,15546,1101
5089.737593,2640950662,2640951764,16034,1102
5089.749613,2640959469,2640960578,16045,1109
5089.761635,2640968283,2640969392,15909,1109
5089.773664,2640977097,2640978170,15811,1073
5089.788684,2640988066,2640989176,15627,1110
5089.800713,2640997295,2640998403,15955,1108
5089.812736,2641006125,2641007230,15950,1105
5089.824753,2641014930,2641016027,15706,1097
5089.839785,2641025946,2641027051,16043,1105
5089.863837,2641043589,2641044698,15958,1109
5089.875855,2641052447,2641053552,15942,1105
5089.887876,2641061285,2641062393,15635,1108
5089.899906,2641070138,2641071247,16049,1109
5089.911925,2641078959,2641080067,16032,1108
5089.923941,2641087756,2641088849,15623,1093
5089.935972,2641096564,2641097670,15950,1106
5089.947991,2641105382,2641106495,15963,1113
5089.960012,2641114228,2641115339,15905,1111
5089.978044,2641127436,2641128537,15624,1101
5089.990077,2641136296,2641137405,16007,1109
5090.020126,2641158298,2641159405,15937,1107
5090.032147,2641167086,2641168191,15680,1105
5090.044176,2641175907,2641177025,15956,1118
5090.062214,2641189155,2641190265,15960,1110
5090.074232,2641197994,2641199107,15961,1113
5090.089262,2641208993,2641210103,15907,1110
5090.101282,2641217825,2641218929,15879,1104
5090.131336,2641239924,2641241031,15593,1107
5090.143367,2641248738,2641249842,15910,1104
5090.155385,2641257563,2641258672,15858,1109
5090.167404,2641266387,2641267490,15513,1103
5090.240553,2641321506,2641322620,15949,1114
5090.257578,2641332543,2641333654,15780,1111
5090.269605,2641341375,2641342479,15949,1104
5090.281626,2641350227,2641351337,15934,1110
5090.293644,2641359015,2641360127,15625,1112
5090.344746,2641396467,2641397571,15966,1104
5090.356767,2641405341,2641406450,15838,1109
5090.407868,2641442835,2641443938,16030,1103
5090.419884,2641451630,2641452721,15627,1091
5090.431914,2641460438,2641461547,15957,1109
5090.443934,2641469245,2641470351,15965,1106
5090.464970,2641484669,2641485775,15663,1106
5090.477003,2641493516,2641494620,16045,1104
5090.492021,2641504572,2641505684,15592,1112
5090.504054,2641513390,2641514500,15997,1110
5090.516071,2641522218,2641523322,15920,1104
5090.528090,2641531010,2641532112,15636,1102
5090.540120,2641539824,2641540928,15954,1104
5090.552140,2641548642,2641549751,15856,1109
5090.570174,2641561884,2641562991,15961,1107
5090.582193,2641570667,2641571770,15626,1103
5090.600235,2641583874,2641584980,15708,1106
5090.612256,2641592711,2641593815,15909,1104
5090.624277,2641601518,2641602622,15964,1104
5090.645313,2641616938,2641618045,15628,1107
5090.657346,2641625791,2641626905,15959,1114
5090.684397,2641645678,2641646782,15962,1104
5090.696416,2641654509,2641655618,15964,1109
5090.708433,2641663323,2641664426,15628,1103
5090.720466,2641672169,2641673277,15963,1108
5090.732482,2641680975,2641682074,15962,1099
5090.759535,2641700815,2641701920,15933,1105
5090.771553,2641709621,2641710728,15652,1107
5090.783584,2641718457,2641719531,15766,1074
5090.804623,2641733855,2641734963,15945,1108
5090.816639,2641742660,2641743763,15589,1103
5090.867739,2641780164,2641781269,15959,1105
5090.879759,2641788955,2641790055,15627,1100
5090.891788,2641797762,2641798871,15949,1109
5090.903811,2641806582,2641807687,15953,1105
5090.921843,2641819834,2641820949,15961,1115
5090.933861,2641828637,2641829737,15583,1100
5090.948895,2641839705,2641840819,15843,1114
5090.972943,2641857356,2641858455,15953,1099
5090.984962,2641866177,2641867286,15966,1109
5091.073132,2641932288,2641933393,16039,1105
5091.102188,2641952127,2641953231,15949,1104
5091.114205,2641960931,2641962028,15629,1097
5091.138254,2641978559,2641979673,16042,1114
5091.150276,2641987405,2641988508,15870,1103
5091.177325,2642007254,2642008360,15628,1106
5091.189356,2642016082,2642017190,15958,1108
5091.201377,2642024911,2642026016,15947,1105
5091.213393,2642033687,2642034790,15622,1103
5091.261491,2642068955,2642070063,16033,1108
5091.273511,2642077775,2642078879,16042,1104
5091.297562,2642095429,2642096542,15957,1113
5091.309580,2642104695,2642105808,15881,1113
5091.321108,2642114845,2642115954,15967,1109
5091.377209,2642154590,2642155698,15976,1108
5091.389230,2642163410,2642164521,15592,1111
5091.401261,2642172269,2642173384,15963,1115
5091.413277,2642181093,2642182199,15971,1106
5091.488417,2642236127,2642237238,15704,1111
5091.500449,2642244976,2642246080,16037,1104
5091.512467,2642253831,2642254937,15939,1106
5091.524485,2642262634,2642263740,15546,1106
5091.536514,2642271460,2642272566,15947,1106
5091.548332,2642279545,2642280654,15882,1109
5091.564331,2642287397,2642288022,11982,625
5091.580101,2642296375,2642297534,16372,1159
5091.592124,2642305661,2642306819,16305,1158
5091.605642,2642314804,2642315915,15888,1111
5091.617672,2642323671,2642324783,15990,1112
5091.629694,2642332541,2642333646,16054,1105
5091.644723,2642343619,2642344724,15912,1105
5091.656747,2642352465,2642353576,16074,1111
5091.695814,2642381274,2642382374,15841,1100
5091.707844,2642390117,2642391217,15907,1100
5091.719866,2642398939,2642400043,15975,1104
5091.731882,2642407834,2642408948,15848,1114
5091.743911,2642416707,2642417816,15865,1109
5091.761945,2642430001,2642431110,15905,1109
5091.773970,2642438889,2642439999,15994,1110
5091.785985,2642447749,2642448858,15821,1109
5091.798016,2642456621,2642457729,15905,1108
5091.816050,2642469925,2642471030,15906,1105
5091.828071,2642478760,2642479863,15971,1103
5091.840094,2642487626,2642488735,15900,1109
5091.909226,2642538520,2642539630,15970,1110
5091.921242,2642547402,2642548507,15846,1105
5091.939281,2642560718,2642561827,15906,1109
5091.951304,2642569593,2642570697,15907,1104
5091.963328,2642578460,2642579574,15980,1114
5091.975345,2642587326,2642588440,15844,1114
5091.987373,2642596204,2642597312,15913,1108
5091.999395,2642605075,2642606184,15961,1109
5092.011414,2642613928,2642615037,15861,1109
5092.029448,2642627224,2642628330,15858,1106
5092.041476,2642636084,2642637193,15910,1109
5092.092568,2642673754,2642674854,15852,1100
5092.106094,2642682267,2642683376,15797,1109
5092.118121,2642691128,2642692227,15863,1099
5092.133145,2642702199,2642703303,15840,1104
5092.145176,2642711077,2642712183,15819,1106
5092.157198,2642719966,2642721071,15974,1105
5092.169214,2642728836,2642729938,15838,1102
5092.181244,2642737677,2642738785,15904,1108
5092.202284,2642753202,2642754315,15988,1113
5092.232334,2642775374,2642776483,15836,1109
5092.244364,2642784249,2642785355,15816,1106
5092.256388,2642793109,2642794223,15969,1114
5092.268402,2642801989,2642803091,15843,1102
5092.280433,2642810855,2642811964,15904,1109
5092.295454,2642821934,2642823037,15826,1103
5092.307482,2642830796,2642831904,15862,1108
5092.319507,2642839681,2642840790,15946,1109
5092.332538,2642850771,2642851876,15902,1105
5092.344557,2642859656,2642860765,15967,1109
5092.361587,2642870736,2642871840,15898,1104
5092.373609,2642879598,2642880709,15977,1111
5092.400661,2642899527,2642900631,15988,1104
5092.412677,2642908380,2642909494,15744,1114
5092.424706,2642917228,2642918334,15904,1106
5092.436728,2642926091,2642927199,15911,1108
5092.452758,2642939376,2642940487,15967,1111
5092.469795,2642950449,2642951562,15904,1113
5092.481814,2642959301,2642960409,15927,1108
5092.496842,2642970401,2642971507,15900,1106
5092.508868,2642979251,2642980359,15997,1108
5092.535917,2642999207,2643000315,15921,1108
5092.547934,2643008095,2643009199,15844,1104
5092.559964,2643016966,2643018069,15819,1103
5092.571986,2643025840,2643026949,15972,1109
5092.584008,2643034700,2643035804,15902,1104
5092.602037,2643048011,2643049119,15829,1108
5092.614066,2643056906,2643058011,15907,1105
5092.638105,2643074638,2643075743,15838,1105
5092.650136,2643083504,2643084612,15906,1108
5092.668170,2643096766,2643097869,15905,1103
5092.680192,2643105653,2643106757,15974,1104
5092.692208,2643114509,2643115618,15822,1109
5092.705239,2643125588,2643126701,15982,1113
5092.740307,2643149946,2643151052,15914,1106
5092.752329,2643158821,2643159929,15990,1108
5092.768358,2643172121,2643173232,15960,1111
5092.788398,2643185438,2643186543,15974,1105
5092.800414,2643194292,2643195401,15803,1109
5092.812441,2643203172,2643204281,15905,1109
5092.824468,2643212467,2643213574,15976,1107
5092.836483,2643221344,2643222458,15838,1114
5092.848512,2643230209,2643231315,15818,1106
5092.872551,2643247937,2643249041,15857,1104
5092.884579,2643256798,2643257897,15819,1099
5092.896603,2643265643,2643266747,15889,1104
5092.908620,2643274500,2643275609,15843,1109
5092.941688,2643298879,2643299982,15959,1103
5092.953706,2643307731,2643308839,15858,1108
5092.971740,2643321040,2643322141,15801,1101
5092.983769,2643329915,2643331019,15821,1104
5092.995793,2643338775,2643339883,15992,1108
5093.007809,2643347654,2643348757,15748,1103
5093.019837,2643356517,2643357632,15907,1115
5093.031860,2643365403,2643366507,15904,1104
5093.055908,2643383133,2643384242,15896,1109
5093.067929,2643391995,2643393103,15972,1108
5093.079951,2643400850,2643401960,15818,1110
5093.091975,2643409707,2643410810,15820,1103
5093.103999,2643418556,2643419662,15908,1106
5093.116014,2643427404,2643428509,15834,1105
5093.134049,2643440700,2643441800,15838,1100
5093.146079,2643449546,2643450657,15908,1111
5093.158103,2643458421,2643459527,15997,1106
5093.170118,2643467290,2643468395,15850,1105
5093.182147,2643476146,2643477251,15911,1105
5093.218215,2643502765,2643503873,15905,1108
5093.230237,2643511626,2643512734,15913,1108
5093.248272,2643524932,2643526041,15979,1109
5093.260289,2643533792,2643534900,15927,1108
5093.281335,2643549303,2643550409,15990,1106
5093.293359,2643558168,2643559277,15990,1109
5093.317403,2643575913,2643577011,15911,1098
5093.329426,2643584752,2643585865,15921,1113
5093.353473,2643602473,2643603587,15990,1114
5093.365495,2643611344,2643612453,15977,1109
5093.389541,2643629102,2643630216,15906,1114
5093.401565,2643637977,2643639079,15904,1102
5093.416592,2643649055,2643650165,15905,1110
5093.428615,2643657923,2643659032,15906,1109
5093.440634,2643666829,2643667938,15870,1109
5093.452662,2643675719,2643676833,15837,1114
5093.464683,2643684626,2643685740,15971,1114
5093.476706,2643693525,2643694636,15900,1111
5093.488729,2643702412,2643703525,15910,1113
5093.504767,2643715759,2643716873,15985,1114
5093.536821,2643737932,2643739043,15974,1111
5093.548837,2643746801,2643747912,15847,1111
5093.572889,2643764528,2643765637,15969,1109
5093.584906,2643773410,2643774517,15844,1107
5093.596933,2643782280,2643783386,15904,1106
5093.608958,2643791148,2643792252,15981,1104
5093.620974,2643800001,2643801104,15756,1103
5093.636008,2643811087,2643812202,15963,1115
5093.648026,2643819962,2643821066,15814,1104
5093.660055,2643828828,2643829936,15885,1108
5093.678088,2643842107,2643843215,15905,1108
5093.690112,2643850960,2643852069,15976,1109
5093.709152,2643866456,2643867565,15919,1109
5093.738197,2643886400,2643887504,15857,1104
5093.750226,2643895254,2643896354,15903,1100
5093.780284,2643917400,2643918504,15979,1104
5093.792300,2643926269,2643927373,15826,1104
5093.804329,2643935133,2643936243,15907,1110
5093.816356,2643944012,2643945112,16075,1100
5093.831382,2643955069,2643956178,15904,1109
5093.843404,2643963937,2643965049,15948,1112
5093.861438,2643977217,2643978321,15970,1104
5093.873460,2643986043,2643987152,15902,1109
5093.897508,2644003761,2644004864,15992,1103
5093.909523,2644012615,2644013724,15786,1109
5093.921554,2644021476,2644022590,15906,1114
5093.933576,2644030356,2644031454,15973,1098
5093.969644,2644056921,2644058030,15972,1109
5093.981660,2644065798,2644066907,15824,1109
5093.993688,2644074672,2644075783,15903,1111
5094.017732,2644092415,2644093524,15868,1109
5094.029758,2644101303,2644102409,15909,1106
5094.041780,2644110184,2644111288,15962,1104
5094.053797,2644119035,2644120135,15857,1100
5094.125935,2644172193,2644173302,15854,1109
5094.137964,2644181043,2644182152,15906,1109
5094.162003,2644198762,2644199867,15853,1105
5094.174031,2644207614,2644208723,15909,1109
5094.189055,2644218687,2644219791,15842,1104
5094.201084,2644227544,2644228656,15902,1112
5094.216106,2644238646,2644239751,15824,1105
5094.258193,2644269678,2644270783,15973,1105
5094.270215,2644278538,2644279647,15859,1109
5094.312297,2644309549,2644310658,15991,1109
5094.324312,2644318408,2644319519,15841,1111
5094.336345,2644327679,2644328792,15912,1113
5094.348364,2644336563,2644337677,15858,1114
5094.360381,2644345435,2644346544,15817,1109
5094.387432,2644365380,2644366489,15827,1109
5094.399463,2644374259,2644375354,15863,1095
5094.411485,2644383118,2644384224,15946,1106
5094.423500,2644392002,2644393112,15837,1110
5094.435531,2644400866,2644401975,15910,1109
5094.447553,2644409737,2644410842,15972,1105
5094.459569,2644418601,2644419710,15844,1109
5094.477604,2644431893,2644432999,15826,1106
5094.489632,2644440763,2644441871,15862,1108
5094.501657,2644449617,2644450727,15948,1110
5094.513672,2644458490,2644459598,15889,1108
5094.543737,2644480631,2644481745,15985,1114
5094.555758,2644489499,2644490602,15980,1103
5094.567781,2644498345,2644499452,15904,1107
5094.600846,2644522720,2644523833,15988,1113
5094.612861,2644531589,2644532698,15827,1109
5094.645930,2644555963,2644557071,15973,1108
5094.657947,2644564838,2644565947,15844,1109
5094.694015,2644591435,2644592539,15829,1104
5094.706046,2644600327,2644601444,15921,1117
5094.725575,2644615006,2644616120,15841,1114
5094.737605,2644623906,2644625017,15883,1111
5094.749627,2644632821,2644633929,15969,1108
5094.761644,2644641719,2644642829,15837,1110
5094.773673,2644650603,2644651717,15900,1114
5094.785696,2644659497,2644660608,15972,1111
5094.800726,2644670623,2644671734,15902,1111
5094.812748,2644679534,2644680644,15973,1110
5094.824764,2644688445,2644689556,15841,1111
5094.836793,2644697345,2644698456,15909,1111
5094.848816,2644706250,2644707364,15963,1114
5094.860832,2644715159,2644716270,15837,1111
5094.872862,2644724068,2644725181,15909,1113
5094.884885,2644732994,2644734109,15981,1115
5094.908929,2644750802,2644751916,15910,1114
5094.920952,2644759705,2644760818,15959,1113
5094.944998,2644777515,2644778623,15911,1108
5094.957020,2644786380,2644787489,15958,1109
5094.990083,2644810763,2644811874,15903,1111
5095.002108,2644819635,2644820746,15979,1111
5095.014129,2644828498,2644829607,15902,1109
5095.068227,2644868387,2644869496,15823,1109
5095.080256,2644877260,2644878366,15901,1106
5095.092280,2644886136,2644887241,15903,1105
5095.104295,2644895003,2644896112,15827,1109
5095.116326,2644903863,2644904965,15827,1102
5095.128348,2644912720,2644913825,15972,1105
5095.161412,2644937064,2644938178,15909,1114
5095.173434,2644945921,2644947035,15987,1114
5095.185450,2644954785,2644955894,15823,1109
5095.209503,2644972492,2644973597,15989,1105
5095.221519,2644981363,2644982476,15848,1113
5095.233547,2644990245,2644991358,15903,1113
5095.276635,2645023480,2645024586,15899,1106
5095.299673,2645038973,2645040085,15933,1112
5095.311696,2645047861,2645048964,15820,1103
5095.323719,2645056731,2645057838,15905,1107
5095.335740,2645065598,2645066706,15953,1108
5095.368803,2645089981,2645091094,15884,1113
5095.380828,2645098855,2645099960,15983,1105
5095.428913,2645134320,2645135420,15861,1100
5095.440943,2645143185,2645144298,15902,1113
5095.486028,2645176443,2645177552,15906,1109
5095.498052,2645185327,2645186432,15986,1105
5095.516085,2645198604,2645199711,15969,1107
5095.528101,2645207495,2645208600,15759,1105
5095.540134,2645216361,2645217470,15839,1109
5095.552154,2645225246,2645226359,15857,1113
5095.591224,2645254050,2645255154,15937,1104
5095.606258,2645265126,2645266235,15994,1109
5095.624290,2645278413,2645279519,15974,1106
5095.636307,2645287273,2645288377,15843,1104
5095.648340,2645296162,2645297262,15867,1100
5095.669378,2645311689,2645312802,15991,1113
5095.681393,2645320569,2645321668,15909,1099
5095.699428,2645333867,2645334970,15912,1103
5095.711458,2645342726,2645343837,15910,1111
5095.723479,2645351602,2645352707,15977,1105
5095.741513,2645364904,2645366015,15974,1111
5095.753530,2645373756,2645374865,15847,1109
5095.783593,2645395907,2645397012,15905,1105
5095.795620,2645404777,2645405886,16010,1109
5095.807640,2645413815,2645414918,15679,1103
5095.819659,2645422627,2645423731,15945,1104
5095.831681,2645431467,2645432576,15940,1109
5095.842210,2645439378,2645440492,15988,1114
5095.855733,2645449637,2645450750,15950,1113
5095.867750,2645458518,2645459627,16018,1109
5095.879768,2645467326,2645468429,15709,1103
5095.891797,2645476141,2645477245,15998,1104
5095.903813,2645484977,2645486085,15969,1108
5095.916848,2645496003,2645497107,16048,1104
5096.018037,2645568723,2645569834,15952,1111
5096.030053,2645577560,2645578669,15885,1109
5096.054105,2645595184,2645596295,16028,1111
5096.066127,2645604056,2645605162,15933,1106
5096.123231,2645645904,2645647005,15630,1101
5096.138264,2645656970,2645658074,15935,1104
5096.159302,2645672400,2645673506,15827,1106
5096.225431,2645720833,2645721942,15947,1109
5096.237452,2645729677,2645730782,15970,1105
5096.261504,2645747343,2645748442,15957,1099
5096.273522,2645756214,2645757319,15937,1105
5096.327623,2645795888,2645796997,15965,1109
5096.339642,2645804683,2645805790,15630,1107
5096.351671,2645813517,2645814631,16028,1114
5096.363693,2645822377,2645823481,15939,1104
5096.375713,2645831202,2645832308,15829,1106
5096.387742,2645840018,2645841092,15812,1074
5096.399760,2645848798,2645849906,16049,1108
5096.435829,2645875264,2645876373,16046,1109
5096.447848,2645884072,2645885175,15622,1103
5096.459881,2645892933,2645894039,15962,1106
5096.471897,2645901781,2645902885,15961,1104
5096.483916,2645910563,2645911665,15629,1102
5096.495947,2645919416,2645920524,15975,1108
5096.507969,2645928221,2645929325,15954,1104
5096.526000,2645941481,2645942591,15962,1110
5096.538020,2645950290,2645951397,15629,1107
5096.550049,2645959129,2645960235,15951,1106
5096.562070,2645967979,2645969088,15934,1109
5096.625189,2646014254,2646015357,16047,1103
5096.637208,2646023045,2646024146,15708,1101
5096.652240,2646034068,2646035173,15855,1105
5096.673277,2646049537,2646050644,15590,1107
5096.685306,2646058381,2646059486,15949,1105
5096.697327,2646067200,2646068308,15966,1108
5096.757447,2646111325,2646112429,15965,1104
5096.769463,2646120154,2646121258,15874,1104
5096.859636,2646186282,2646187387,15931,1105
5096.871654,2646195056,2646196158,15548,1102
5096.883685,2646203882,2646204991,15967,1109
5096.904721,2646219336,2646220445,15978,1109
5096.916739,2646228136,2646229245,15627,1109
5096.931772,2646239183,2646240295,16048,1112
5096.943791,2646248002,2646249103,15705,1101
5096.955826,2646256871,2646257975,16093,1104
5096.967840,2646265698,2646266810,16043,1112
5096.979862,2646274531,2646275637,15624,1106
5096.991889,2646283355,2646284463,15950,1108
5097.003912,2646292221,2646293330,15949,1109
5097.015929,2646301023,2646302125,15641,1102
5097.027957,2646309847,2646310947,15956,1100
5097.039978,2646318649,2646319758,15975,1109
5097.052000,2646327470,2646328573,15832,1103
5097.064026,2646336285,2646337390,16029,1105
5097.076046,2646345089,2646346194,16050,1105
5097.088070,2646353910,2646355019,15822,1109
5097.100098,2646362751,2646363865,15997,1114
5097.157202,2646404637,2646405742,15935,1105
5097.169223,2646413459,2646414572,15821,1113
5097.181249,2646422287,2646423394,15954,1107
5097.196279,2646433296,2646434402,15713,1106
5097.211305,2646444354,2646445459,15933,1105
5097.259391,2646479604,2646480715,15596,1111
5097.271421,2646488415,2646489524,15953,1109
5097.283441,2646497231,2646498345,15967,1114
5097.295468,2646506039,2646507139,15751,1100
5097.307489,2646514882,2646515986,15955,1104
5097.319509,2646523698,2646524812,15965,1114
5097.331528,2646532496,2646533596,15629,1100
5097.343560,2646541314,2646542397,15806,1083
5097.354077,2646549249,2646550356,15787,1107
5097.366106,2646558129,2646559239,15919,1110
5097.378121,2646566960,2646568074,15962,1114
5097.405174,2646586824,2646587937,15936,1113
5097.417191,2646595632,2646596738,15703,1106
5097.492340,2646650754,2646651863,15947,1109
5097.504362,2646659614,2646660719,15932,1105
5097.609568,2646736753,2646737862,15972,1109
5097.621584,2646745578,2646746692,15967,1114
5097.672683,2646783032,2646784146,15947,1114
5097.684704,2646791873,2646792977,15963,1104
5097.699739,2646802903,2646804011,15879,1108
5097.711757,2646811760,2646812864,15936,1104
5097.729790,2646824991,2646826091,16043,1100
5097.741817,2646833819,2646834921,15676,1102
5097.753838,2646842640,2646843746,15952,1106
5097.768860,2646853636,2646854732,15625,1096
5097.780889,2646862445,2646863552,15859,1107
5097.792910,2646871264,2646872367,15851,1103
5097.820971,2646893303,2646894408,15624,1105
5097.865047,2646924153,2646925266,15967,1113
5097.877066,2646932965,2646934073,15630,1108
5097.898116,2646948437,2646949541,15964,1104
5097.910134,2646957264,2646958369,15962,1105
5097.925163,2646968277,2646969385,15947,1108
5097.937184,2646977105,2646978209,15961,1104
5098.027356,2647043186,2647044294,15969,1108
5098.039382,2647051977,2647053085,15790,1108
5098.051404,2647060811,2647061917,16037,1106
5098.063424,2647069622,2647070724,15966,1102
5098.081457,2647082807,2647083910,16014,1103
5098.093480,2647091621,2647092729,15903,1108
5098.108510,2647102665,2647103774,15967,1109
5098.120529,2647111458,2647112564,15551,1106
5098.141578,2647126893,2647128002,15998,1109
5098.156600,2647137967,2647139072,15826,1105
5098.168626,2647146794,2647147898,15862,1104
5098.243770,2647201916,2647203021,16028,1105
5098.255785,2647210713,2647211823,15673,1110
5098.315904,2647254832,2647255945,15971,1113
5098.327926,2647263681,2647264790,15822,1109
5098.339955,2647272498,2647273602,15908,1104
5098.351973,2647281338,2647282445,15876,1107
5098.363992,2647290140,2647291245,15628,1105
5098.376021,2647298958,2647300066,15956,1108
5098.388041,2647307826,2647308925,15851,1099
5098.442147,2647347578,2647348687,15958,1109
5098.454165,2647356365,2647357470,15706,1105
5098.466197,2647365257,2647366371,15905,1114
5098.520298,2647405304,2647406414,15904,1110
5098.532322,2647414209,2647415318,15991,1109
5098.548352,2647427503,2647428616,16057,1113
5098.652540,2647502706,2647503799,15622,1093
5098.664570,2647511515,2647512624,15951,1109
5098.697626,2647535718,2647536827,15628,1109
5098.709658,2647544552,2647545631,15777,1079
5098.724678,2647555568,2647556673,15625,1105
5098.736710,2647564399,2647565502,15996,1103
5098.760747,2647582024,2647583130,15627,1106
5098.772775,2647590853,2647591954,15862,1101
5098.860946,2647656979,2647658077,16027,1098
5098.876477,2647667132,2647668237,15986,1105
5098.890002,2647677351,2647678455,15859,1104
5098.902019,2647686163,2647687272,15965,1109
5098.914041,2647694988,2647696103,15907,1115
5098.932080,2647708222,2647709328,15789,1106
5098.944101,2647717056,2647718160,15949,1104
5098.956122,2647725872,2647726986,15963,1114
5098.968141,2647734674,2647735776,15630,1102
5098.980170,2647743482,2647744585,15946,1103
5098.992191,2647752342,2647753448,15935,1106
5099.010224,2647765555,2647766655,15962,1100
5099.022247,2647774353,2647775459,15645,1106
5099.088380,2647822832,2647823941,16041,1109
5099.100396,2647831662,2647832762,15964,1100
5099.136468,2647858053,2647859161,15948,1108
5099.148484,2647866860,2647867972,15629,1112
5099.160513,2647875684,2647876788,15951,1104
5099.188571,2647897753,2647898857,15933,1104
5099.259706,2647948476,2647949581,15963,1105
5099.292758,2647972727,2647973828,15598,1101
5099.304787,2647981527,2647982632,15862,1105
5099.316808,2647990319,2647991429,15880,1110
5099.328834,2647999152,2648000254,15597,1102
5099.343859,2648010182,2648011287,15964,1105
5099.355878,2648019120,2648020225,15629,1105
5099.367912,2648027961,2648029069,15964,1108
5099.403976,2648054420,2648055520,15948,1100
5099.415996,2648063241,2648064345,15963,1104
5099.428023,2648072037,2648073144,15716,1107
5099.440044,2648080862,2648081970,15949,1108
5099.452065,2648089685,2648090794,15975,1109
5099.464084,2648098479,2648099585,15705,1106
5099.476117,2648107339,2648108444,16049,1105
5099.488135,2648116191,2648117296,16019,1105
5099.506168,2648129401,2648130504,15961,1103
5099.518186,2648138174,2648139277,15626,1103
5099.548250,2648160193,2648161303,15952,1110
5099.560272,2648169071,2648170170,15846,1099
5099.572290,2648177862,2648178968,15627,1106
5099.593336,2648193336,2648194440,15947,1104
5099.605357,2648202150,2648203250,15923,1100
5099.623391,2648215394,2648216499,15968,1105
5099.635410,2648224228,2648225331,15599,1103
5099.647439,2648233057,2648234168,15908,1111
5099.659459,2648241880,2648242989,15877,1109
5099.680501,2648257334,2648258442,15853,1108
5099.692525,2648266167,2648267278,15873,1111
5099.719576,2648285975,2648287084,15947,1109
5099.731601,2648294802,2648295919,15947,1117
5099.743615,2648303646,2648304752,15705,1106
5099.755644,2648312487,2648313587,16029,1100
5099.767666,2648321346,2648322460,15932,1114
5099.779687,2648330182,2648331288,15829,1106
5099.797718,2648343405,2648344508,15624,1103
5099.809748,2648352221,2648353322,15955,1101
5099.833787,2648369828,2648370936,15625,1108
5099.845818,2648378649,2648379752,15949,1103
5099.908940,2648424984,2648426093,16052,1109
5099.920956,2648433814,2648434928,16044,1114
5099.932975,2648442599,2648443711,15625,1112
5099.945004,2648451433,2648452533,16030,1100
5099.957025,2648460247,2648461356,15967,1109
5099.978064,2648475698,2648476798,15824,1100
5099.990090,2648484512,2648485615,15951,1103
5100.038180,2648519781,2648520882,15964,1101
5100.050198,2648528612,2648529718,15591,1106
5100.074248,2648546251,2648547361,15855,1110
5100.084327,2648555139,2648556252,15839,1113
5100.101309,2648567217,2648568325,15995,1108
5100.113321,2648576137,2648577253,15950,1116
5100.125352,2648585062,2648586173,15906,1111
5100.140373,2648596172,2648597286,15840,1114
5100.152404,2648605068,2648606182,15910,1114
5100.164427,2648613975,2648615086,15993,1111
5100.176444,2648622890,2648623999,15851,1109
5100.197489,2648638467,2648639576,15901,1109
5100.209512,2648647363,2648648471,15987,1108
5100.227545,2648660694,2648661799,15973,1105
5100.239562,2648669608,2648670722,15829,1114
5100.257596,2648682957,2648684075,15845,1118
5100.269626,2648691876,2648692991,15912,1115
5100.281651,2648700804,2648701918,16006,1114
5100.293665,2648709708,2648710817,15829,1109
5100.308701,2648720824,2648721934,15985,1110
5100.329730,2648736314,2648737425,15592,1111
5100.341761,2648745141,2648746216,15725,1075
5100.359794,2648758307,2648759420,15951,1113
5100.371814,2648767129,2648768233,15856,1104
5100.383833,2648775961,2648777068,15570,1107
5100.395861,2648785191,2648786302,15939,1111
5100.407882,2648794026,2648795131,15963,1105
5100.419908,2648802816,2648803919,15789,1103
5100.431931,2648811636,2648812742,16050,1106
5100.443953,2648820505,2648821604,15946,1099
5100.461986,2648833743,2648834846,16041,1103
5100.489037,2648853625,2648854729,15959,1104
5100.501059,2648862452,2648863561,15823,1109
5100.573196,2648915301,2648916406,15823,1105
5100.585222,2648924133,2648925244,15952,1111
5100.675398,2648990239,2648991344,15965,1105
5100.687415,2648999067,2649000167,15966,1100
5100.699433,2649007871,2649008985,15629,1114
5100.711462,2649016706,2649017819,15946,1113
5100.732500,2649032128,2649033233,15959,1105
5100.744519,2649040908,2649042014,15623,1106
5100.780588,2649067401,2649068507,15594,1106
5100.792617,2649076418,2649077521,15905,1103
5100.819674,2649090149,2649090769,12070,620
5100.833201,2649095342,2649096176,13474,834
5100.845221,2649103900,2649105006,15908,1106
5100.857236,2649112761,2649113866,15827,1105
5100.869267,2649121619,2649122727,15908,1108
5100.887301,2649134912,2649136021,15906,1109
5100.899322,2649143797,2649144906,16031,1109
5100.911339,2649152662,2649153774,15848,1112
5100.923370,2649161520,2649162626,15908,1106
5100.935392,2649170378,2649171482,15989,1104
5100.947408,2649179234,2649180338,15826,1104
5100.989494,2649210208,2649211316,15975,1108
5101.001510,2649219085,2649220199,15843,1114
5101.013541,2649227944,2649229053,15904,1109
5101.067644,2649267814,2649268919,15907,1105
5101.079665,2649276668,2649277785,15947,1117
5101.091682,2649285566,2649286675,15761,1109
5101.103712,2649294417,2649295523,15870,1106
5101.124753,2649309905,2649311014,15989,1109
5101.136768,2649318758,2649319869,15784,1111
5101.157814,2649334300,2649335411,15904,1111
5101.169837,2649343177,2649344282,15976,1105
5101.187871,2649356471,2649357577,15980,1106
5101.199888,2649365330,2649366439,15845,1109
5101.212918,2649376424,2649377533,15908,1109
5101.229949,2649387506,2649388620,15904,1114
5101.241975,2649396402,2649397508,15951,1106
5101.253990,2649405259,2649406359,15799,1100
5101.266020,2649414107,2649415211,15906,1104
5101.308093,2649445113,2649446224,15858,1111
5101.321621,2649453675,2649454783,15857,1108
5101.333648,2649462551,2649463656,15906,1105
5101.348670,2649473630,2649474735,15854,1105
5101.360700,2649482503,2649483602,15906,1099
5101.372723,2649491374,2649492492,15949,1118
5101.384739,2649500248,2649501358,15841,1110
5101.396767,2649509121,2649510234,15903,1113
5101.412804,2649522410,2649523519,15909,1109
5101.429825,2649533482,2649534593,15858,1111
5101.441854,2649542337,2649543445,15907,1108
5101.453876,2649551220,2649552329,15961,1109
5101.465894,2649560095,2649561209,15841,1114
5101.484942,2649575604,2649576712,15905,1108
5101.501964,2649586689,2649587802,15871,1113
5101.513991,2649595565,2649596678,15909,1113
5101.526013,2649604442,2649605556,15960,1114
5101.538031,2649613335,2649614444,15864,1109
5101.548327,2649622201,2649623307,15898,1106
5101.562083,2649631053,2649632167,15912,1114
5101.574099,2649639934,2649641043,15836,1109
5101.586127,2649648795,2649649904,15904,1109
5101.604161,2649662077,2649663182,15912,1105
5101.616184,2649670945,2649672050,15957,1105
5101.628205,2649679803,2649680909,15889,1106
5101.646237,2649693103,2649694211,15858,1108
5101.664271,2649706408,2649707512,15840,1104
5101.676298,2649715273,2649716379,15821,1106
5101.688323,2649724145,2649725248,15975,1103
5101.715373,2649744095,2649745200,15964,1105
5101.727390,2649752958,2649754065,15938,1107
5101.739420,2649761829,2649762933,15909,1104
5101.752451,2649772886,2649773991,15857,1105
5101.769477,2649783974,2649785087,15930,1113
5101.784504,2649795068,2649796178,15903,1110
5101.796529,2649803928,2649805033,15973,1105
5101.808552,2649812790,2649813895,15911,1105
5101.820575,2649821671,2649822780,15901,1109
5101.856644,2649848234,2649849343,15902,1109
5101.868667,2649857103,2649858211,16068,1108
5101.895719,2649877035,2649878146,15989,1111
5101.906242,2649885012,2649886128,15911,1116
5101.921260,2649896135,2649897234,15789,1099
5101.933289,2649904981,2649906092,15910,1111
5101.945313,2649913880,2649914989,16074,1109
5101.960342,2649924959,2649926067,15989,1108
5101.972363,2649933814,2649934928,15981,1114
5101.984380,2649942691,2649943794,15759,1103
5101.996410,2649951529,2649952640,15915,1111
5102.008433,2649960404,2649961518,15920,1114
5102.020451,2649969301,2649970405,15834,1104
5102.032477,2649978177,2649979286,15907,1109
5102.044502,2649987054,2649988165,15876,1111
5102.060537,2650000355,2650001459,15976,1104
5102.101603,2650029178,2650030287,15848,1109
5102.113632,2650038045,2650039151,15821,1106
5102.125656,2650046910,2650048015,15898,1105
5102.137671,2650055773,2650056881,15829,1108
5102.149700,2650064640,2650065748,15906,1108
5102.161724,2650073505,2650074619,15979,1114
5102.173742,2650082374,2650083488,15845,1114
5102.185770,2650091237,2650092343,15823,1106
5102.197792,2650100086,2650101195,15978,1109
5102.209808,2650108940,2650110043,15822,1103
5102.221837,2650117799,2650118905,15904,1106
5102.233861,2650126674,2650127783,15990,1109
5102.245877,2650135530,2650136644,15832,1114
5102.257908,2650144392,2650145502,15906,1110
5102.269929,2650153255,2650154363,15976,1108
5102.293976,2650171002,2650172113,15908,1111
5102.305999,2650179874,2650180984,15916,1110
5102.378135,2650233040,2650234147,15980,1107
5102.393165,2650244135,2650245240,15989,1105
5102.405188,2650253011,2650254120,15917,1109
5102.429232,2650270710,2650271819,15884,1109
5102.441256,2650279592,2650280701,15994,1109
5102.453279,2650288449,2650289552,15910,1103
5102.477323,2650306181,2650307296,15925,1115
5102.489342,2650315087,2650316191,15909,1104
5102.504376,2650326167,2650327281,15914,1114
5102.516392,2650335039,2650336148,15833,1109
5102.537438,2650350528,2650351631,15906,1103
5102.549462,2650359395,2650360501,16078,1106
5102.576512,2650379369,2650380482,16058,1113
5102.588531,2650388244,2650389349,15851,1105
5102.612582,2650405969,2650407077,15986,1108
5102.624597,2650414837,2650415947,15837,1110
5102.636626,2650423700,2650424809,15910,1109
5102.651656,2650434780,2650435890,15903,1110
5102.663679,2650443663,2650444774,15824,1111
5102.681714,2650456972,2650458081,15903,1109
5102.693737,2650465849,2650466956,15887,1107
5102.753851,2650510208,2650511317,15910,1109
5102.765872,2650519091,2650520195,15977,1104
5102.777889,2650527947,2650529055,15841,1108
5102.789920,2650536801,2650537912,15910,1111
5102.825986,2650563369,2650564469,15907,1100
5102.838011,2650572222,2650573330,15992,1108
5102.862055,2650589949,2650591064,15988,1115
5102.874077,2650598829,2650599942,16004,1113
5102.889106,2650609934,2650611045,15908,1111
5102.901129,2650618818,2650619932,15997,1114
5102.922163,2650634329,2650635437,15842,1108
5102.934191,2650643186,2650644290,15885,1104
5102.949220,2650654263,2650655372,15900,1109
5102.961243,2650663142,2650664248,15889,1106
5102.976266,2650674222,2650675330,15856,1108
5102.988295,2650683097,2650684202,15909,1105
5103.000318,2650691965,2650693074,15918,1109
5103.015346,2650703033,2650704138,15924,1105
5103.027369,2650711899,2650713007,15902,1108
5103.039386,2650720773,2650721882,15828,1109
5103.051416,2650729648,2650730753,15910,1105
5103.063438,2650738502,2650739610,15978,1108
5103.075455,2650747357,2650748463,15846,1106
5103.087485,2650756210,2650757318,15913,1108
5103.108525,2650771711,2650772820,15989,1109
5103.120541,2650780581,2650781695,15743,1114
5103.159623,2650809415,2650810527,15907,1112
5103.195691,2650835996,2650837104,15909,1108
5103.207714,2650844883,2650845987,15992,1104
5103.219729,2650853752,2650854857,15830,1105
5103.231758,2650862587,2650863698,15908,1111
5103.243782,2650871447,2650872555,15998,1108
5103.255798,2650880328,2650881433,15853,1105
5103.267827,2650889198,2650890301,15865,1103
5103.279848,2650898057,2650899162,15962,1105
5103.297884,2650911374,2650912483,15912,1109
5103.309901,2650920239,2650921352,15843,1113
5103.351985,2650951251,2650952360,15962,1109
5103.364003,2650960115,2650961224,15861,1109
5103.376032,2650968961,2650970064,15991,1103
5103.394067,2650982247,2650983355,15914,1108
5103.406090,2650991125,2650992234,15987,1109
5103.421119,2651002604,2651003708,15966,1104
5103.436140,2651013698,2651014807,15918,1109
5103.448170,2651022560,2651023671,15910,1111
5103.460191,2651031402,2651032509,15961,1107
5103.472209,2651040280,2651041389,15800,1109
5103.484240,2651049180,2651050291,15910,1111
5103.496263,2651058073,2651059184,15885,1111
5103.508286,2651066990,2651068103,15824,1113
5103.520308,2651075890,2651077003,15911,1113
5103.532331,2651084806,2651085920,15824,1114
5103.559381,2651104802,2651105912,15950,1110
5103.571398,2651113666,2651114771,15853,1105
5103.583428,2651122524,2651123633,15910,1109
5103.595451,2651131395,2651132506,15914,1111
5103.607466,2651140245,2651141350,15831,1105
5103.619495,2651149113,2651150222,15819,1109
5103.631520,2651157969,2651159083,15948,1114
5103.649553,2651171273,2651172384,15976,1111
5103.661569,2651180139,2651181248,15805,1109
5103.679604,2651193433,2651194542,15862,1109
5103.691632,2651202304,2651203407,15905,1103
5103.703655,2651211169,2651212273,15984,1104
5103.715672,2651220017,2651221131,15848,1114
5103.727699,2651228885,2651229994,15909,1109
5103.739726,2651237759,2651238874,15995,1115
5103.751741,2651246632,2651247741,15863,1109
5103.763769,2651255502,2651256610,15907,1108
5103.775791,2651264358,2651265461,15961,1103
5103.787809,2651273210,2651274315,15860,1105
5103.799837,2651282076,2651283194,15904,1118
5103.811862,2651290952,2651292057,15979,1105
5103.823878,2651299798,2651300912,15842,1114
5103.835906,2651308686,2651309786,15826,1100
5103.847929,2651317545,2651318650,15964,1105
5103.859947,2651326410,2651327523,15862,1113
5103.871979,2651335289,2651336397,15907,1108
5103.883999,2651344164,2651345268,15979,1104
5103.896015,2651353019,2651354124,15741,1105
5103.908044,2651361884,2651362993,15823,1109
5103.920069,2651370757,2651371866,15991,1109
5103.932084,2651379613,2651380722,15828,1109
5103.944115,2651388486,2651389602,15913,1116
5103.956136,2651397354,2651398458,15974,1104
5103.968153,2651406222,2651407323,15849,1101
5103.980183,2651415090,2651416196,15826,1106
5103.992205,2651423959,2651425066,15828,1107
5104.004221,2651432807,2651433921,15744,1114
5104.025267,2651448335,2651449444,15907,1109
5104.037292,2651457199,2651458304,15996,1105
5104.052320,2651468268,2651469372,15990,1104
5104.064342,2651477127,2651478238,15980,1111
5104.076360,2651485999,2651487107,15929,1108
5104.139485,2651532509,2651533618,15984,1109
5104.151508,2651541376,2651542485,15822,1109
5104.193581,2651572410,2651573519,15825,1109
5104.205610,2651581281,2651582395,15905,1114
5104.217634,2651590162,2651591275,15989,1113
5104.236675,2651605677,2651606783,15901,1106
5104.253702,2651616775,2651617884,15977,1109
5104.265719,2651625636,2651626745,15762,1109
5104.277748,2651634501,2651635610,15909,1109
5104.289772,2651643371,2651644480,15912,1109
5104.356904,2651694354,2651695460,15886,1106
5104.373924,2651705445,2651706550,15849,1105
5104.385954,2651714332,2651715441,15887,1109
5104.425029,2651743125,2651744233,15993,1108
5104.437051,2651751986,2651753092,15822,1106
5104.461096,2651769685,2651770799,15975,1114
5104.473113,2651778568,2651779671,15807,1103
5104.485143,2651787415,2651788520,15909,1105
5104.497164,2651796286,2651797394,15890,1108
5104.512192,2651807346,2651808460,15908,1114
5104.524216,2651816204,2651817309,15977,1105
5104.536238,2651825088,2651826194,15903,1106
5104.548261,2651833951,2651835060,15903,1109
5104.560284,2651842810,2651843917,15971,1107
5104.572301,2651851683,2651852792,15867,1109
5104.584330,2651860538,2651861642,15906,1104
5104.596354,2651869406,2651870512,15985,1106
5104.608370,2651878257,2651879363,15839,1106
5104.668489,2651922602,2651923713,15961,1111
5104.680507,2651931470,2651932574,15943,1104
5104.692535,2651940347,2651941455,15915,1108
5104.704559,2651949223,2651950322,15972,1099
5104.716575,2651958079,2651959184,15842,1105
5104.728603,2651966950,2651968064,15825,1114
5104.740626,2651975820,2651976924,15966,1104
5104.752644,2651984677,2651985786,15948,1109
5104.785713,2652009062,2652010168,15991,1106
5104.797730,2652017911,2652019015,15848,1104
5104.839815,2652048979,2652050091,15964,1112
5104.851833,2652057861,2652058975,15861,1114
5104.863862,2652066732,2652067838,15986,1106
5104.887901,2652084458,2652085564,15846,1106
5104.899929,2652093320,2652094431,15988,1111
5104.920971,2652108860,2652109965,15971,1105
5104.932993,2652118147,2652119261,15908,1114
5104.969056,2652144757,2652145860,15857,1103
5104.981085,2652153616,2652154720,15908,1104
5104.992330,2652162543,2652163653,15951,1110
5105.005121,2652171380,2652172486,15603,1106
5105.017149,2652180182,2652181286,15845,1104
5105.095295,2652237524,2652238628,15839,1104
5105.107323,2652246361,2652247464,15864,1103
5105.119342,2652255197,2652256297,16006,1100
5105.131367,2652263986,2652265089,15709,1103
5105.143394,2652272845,2652273953,15957,1108
5105.155412,2652281668,2652282781,15971,1113
5105.191481,2652308197,2652309308,16013,1111
5105.203498,2652316994,2652318099,15678,1105
5105.215526,2652325854,2652326958,15936,1104
5105.227548,2652334657,2652335765,15963,1108
5105.239570,2652343438,2652344511,15870,1073
5105.251599,2652352245,2652353350,15865,1105
5105.269634,2652365479,2652366583,15957,1104
5105.281651,2652374301,2652375410,15866,1109
5105.293670,2652383145,2652384246,15605,1101
5105.305700,2652391962,2652393040,15787,1078
5105.416908,2652473572,2652474681,15960,1109
5105.428936,2652482390,2652483500,15898,1110
5105.440955,2652491212,2652492315,16013,1103
5105.452977,2652500020,2652501133,16048,1113
5105.513093,2652544090,2652545199,15939,1109
5105.525118,2652552971,2652554080,15851,1109
5105.621300,2652623504,2652624608,15949,1104
5105.633323,2652632336,2652633442,16035,1106
5105.648355,2652643367,2652644447,15843,1080
5105.693437,2652676353,2652677459,15941,1106
5105.705457,2652685166,2652686275,15921,1109
5105.720488,2652696187,2652697301,15947,1114
5105.732513,2652705065,2652706170,15863,1105
5105.831700,2652777753,2652778857,15952,1104
5105.843719,2652786573,2652787678,15823,1105
5105.855748,2652795386,2652796464,15804,1078
5105.867766,2652804132,2652805237,15968,1105
5105.879788,2652812940,2652814046,15744,1106
5105.897819,2652826211,2652827323,15595,1112
5105.909849,2652835039,2652836143,15949,1104
5105.927886,2652848250,2652849359,15992,1109
5105.945917,2652861540,2652862644,15942,1104
5105.957939,2652870554,2652871658,15934,1104
5106.049119,2652938810,2652939913,15700,1103
5106.090192,2652967497,2652968606,15952,1109
5106.102213,2652976352,2652977456,15935,1104
5106.132265,2652998320,2652999421,15625,1101
5106.144294,2653007149,2653008254,15943,1105
5106.156315,2653015961,2653017056,15923,1095
5106.261517,2653093049,2653094153,16031,1104
5106.273538,2653101898,2653103005,15903,1107
5106.336658,2653148177,2653149283,16047,1106
5106.348676,2653156979,2653158077,15628,1098
5106.363710,2653168003,2653169112,15972,1109
5106.432843,2653218744,2653219849,15941,1105
5106.444333,2653227978,2653229082,15964,1104
5106.456882,2653236827,2653237933,15593,1106
5106.471915,2653247863,2653248972,15853,1109
5106.483934,2653256694,2653257806,15596,1112
5106.495963,2653265513,2653266620,15951,1107
5106.507984,2653274338,2653275446,15918,1108
5106.520012,2653283148,2653284224,15835,1076
5106.532030,2653291932,2653293037,15934,1105
5106.544052,2653300759,2653301869,15961,1110
5106.562086,2653314022,2653315126,15966,1104
5106.574108,2653322836,2653323939,15843,1103
5106.589137,2653333877,2653334976,15961,1099
5106.601159,2653342738,2653343852,15823,1114
5106.664276,2653389023,2653390131,15642,1108
5106.676309,2653397883,2653398988,15949,1105
5106.688326,2653406703,2653407804,15872,1101
5106.748442,2653450641,2653451754,15936,1113
5106.760467,2653459510,2653460619,15929,1109
5106.781499,2653474955,2653476058,15610,1103
5106.793527,2653483769,2653484874,15934,1105
5106.889705,2653554313,2653555423,15641,1110
5106.901733,2653563140,2653564243,15937,1103
5106.913756,2653572006,2653573115,16017,1109
5106.928785,2653583012,2653584116,15937,1104
5106.952825,2653600634,2653601737,15718,1103
5106.964861,2653609482,2653610588,16111,1106
5106.976877,2653618356,2653619460,16018,1104
5106.988897,2653627150,2653628226,15862,1076
5107.009941,2653642522,2653643627,16031,1105
5107.021963,2653651348,2653652448,16032,1100
5107.036994,2653662344,2653663422,15794,1078
5107.112132,2653717302,2653718406,15962,1104
5107.124151,2653726099,2653727200,15628,1101
5107.166235,2653756995,2653758099,15852,1104
5107.212331,2653792262,2653793370,15703,1108
5107.241374,2653812116,2653813227,15703,1111
5107.253404,2653820943,2653822048,16030,1105
5107.316527,2653867194,2653868297,16069,1103
5107.328533,2653875978,2653877075,15731,1097
5107.373628,2653908904,2653910010,15676,1106
5107.385650,2653917731,2653918841,15630,1110
5107.416721,2653941931,2653943036,15674,1105
5107.463797,2653974906,2653976008,15711,1102
5107.475816,2653983698,2653984804,15631,1106
5107.487849,2653992524,2653993629,15946,1105
5107.499859,2654001282,2654002380,15683,1098
5107.511899,2654010036,2654011142,15702,1106
5107.524922,2654021047,2654022156,15954,1109
5107.590030,2654067085,2654068188,15680,1103
5107.602064,2654075839,2654076951,15594,1112
5107.614092,2654084614,2654085718,15956,1104
5107.626104,2654093413,2654094519,15711,1106
5107.689218,2654139531,2654140631,15680,1100
5107.701252,2654148286,2654149387,15632,1101
5107.732327,2654172463,2654173561,15677,1098
5107.749348,2654183436,2654184541,15967,1105
5107.797429,2654218580,2654219683,15723,1103
5107.809464,2654227370,2654228479,15974,1109
5107.821483,2654236191,2654237290,15946,1099
5107.833493,2654244925,2654246031,15680,1106
5107.848538,2654255900,2654257009,15983,1109
5107.860552,2654264665,2654265771,15641,1106
5107.908650,2654299757,2654300864,15784,1107
5107.920672,2654308578,2654309692,15949,1114
5107.932682,2654317347,2654318453,15682,1106
5107.947726,2654328330,2654329438,16057,1108
5107.959741,2654337530,2654338636,15682,1106
5107.971763,2654346333,2654347440,15590,1107
5107.983795,2654355101,2654356204,15975,1103
5107.995801,2654363849,2654364946,15680,1097
5108.007844,2654372655,2654373764,15822,1109
5108.019864,2654381435,2654382544,16061,1109
5108.037900,2654394588,2654395662,15824,1074
5108.049905,2654403319,2654404420,15676,1101
5108.064951,2654414346,2654415451,16044,1105
5108.079973,2654425315,2654426423,15637,1108
5108.104008,2654442868,2654443971,15645,1103
5108.116039,2654451679,2654452788,15803,1109
5108.128071,2654460506,2654461616,15895,1110
5108.140076,2654469271,2654470376,15679,1105
5108.152109,2654478012,2654479087,15830,1075
5108.170144,2654491155,2654492252,15634,1097
5108.182169,2654499967,2654501070,15941,1103
5108.194179,2654508718,2654509815,15686,1097
5108.209223,2654519675,2654520784,15952,1109
5108.221232,2654528492,2654529588,15599,1096
5108.237278,2654541641,2654542741,15632,1100
5108.257307,2654554818,2654555930,15637,1112
5108.269333,2654563622,2654564728,15637,1106
5108.380551,2654644778,2654645883,16048,1105
5108.392570,2654653565,2654654671,16033,1106
5108.416618,2654671113,2654672222,16060,1109
5108.428626,2654679920,2654681021,15759,1101
5108.455687,2654699715,2654700823,15889,1108
5108.467709,2654708539,2654709648,15903,1109
5108.479738,2654717336,2654718445,16062,1109
5108.491751,2654726117,2654727222,15839,1105
5108.503785,2654734878,2654735984,15782,1106
5108.515807,2654743659,2654744768,16058,1109
5108.527826,2654752471,2654753582,15919,1111
5108.539846,2654761291,2654762406,15921,1115
5108.551875,2654770149,2654771263,15977,1114
5108.563884,2654779021,2654780133,15681,1112
5108.575916,2654787820,2654788932,15555,1112
5108.587944,2654796649,2654797758,15976,1109
5108.599950,2654805434,2654806535,15682,1101
5108.611984,2654814193,2654815298,15637,1105
5108.624010,2654823009,2654824118,15940,1109
5108.645037,2654838388,2654839494,15754,1106
5108.657070,2654847204,2654848309,15837,1105
5108.708156,2654884479,2654885582,15752,1103
5108.720190,2654893228,2654894329,15712,1101
5108.732220,2654902055,2654903163,16046,1108
5108.750253,2654915201,2654916307,15978,1106
5108.762261,2654923993,2654925096,15682,1103
5108.807345,2654956894,2654957992,15761,1098
5108.819379,2654965701,2654966802,15714,1101
5108.831409,2654974498,2654975608,15993,1110
5108.843415,2654983280,2654984380,15686,1100
5108.861460,2654996485,2654997591,15935,1106
5108.873482,2655005238,2655006348,15641,1110
5108.891515,2655018420,2655019529,15830,1109
5108.903544,2655027215,2655028314,15958,1099
5108.915553,2655036013,2655037113,15686,1100
5108.927585,2655044785,2655045891,15636,1106
5108.939613,2655053562,2655054677,16059,1115
5108.951627,2655062363,2655063466,15683,1103
5108.963653,2655071183,2655072254,15945,1071
5108.975682,2655079930,2655081039,16062,1109
5108.987688,2655088691,2655089798,15686,1107
5108.999728,2655097450,2655098557,15704,1107
5109.011750,2655106242,2655107351,15983,1109
5109.023756,2655115008,2655116111,15680,1103
5109.035791,2655123852,2655124955,15730,1103
5109.047816,2655132663,2655133772,15952,1109
5109.059827,2655141495,2655142593,15682,1098
5109.077860,2655154641,2655155742,15759,1101
5109.089893,2655163398,2655164500,15639,1102
5109.131963,2655194148,2655195254,15685,1106
5109.143997,2655202943,2655204046,15716,1103
5109.156026,2655211735,2655212844,16082,1109
5109.193095,2655240255,2655241365,15756,1110
5109.225150,2655262216,2655263320,15908,1104
5109.237181,2655271008,2655272106,15976,1098
5109.258204,2655286416,2655287519,15640,1103
5109.270236,2655295182,2655296288,15642,1106
5109.336368,2655343494,2655344598,15974,1104
5109.348382,2655352281,2655353383,15560,1102
5109.360407,2655361094,2655362208,15819,1114
5109.436558,2655418095,2655419200,15673,1105
5109.456582,2655431372,2655432483,15679,1111
5109.468335,2655440564,2655441680,15833,1116
5109.480639,2655449433,2655450541,15941,1108
5109.492648,2655458194,2655459297,15684,1103
5109.504682,2655466931,2655468040,15655,1109
5109.516710,2655475723,2655476797,15803,1074
5109.543760,2655495406,2655496511,15965,1105
5109.555772,2655504215,2655505318,15684,1103
5109.567795,2655512981,2655514081,15562,1100
5109.579831,2655521749,2655522858,15937,1109
5109.591837,2655530506,2655531609,15599,1103
5109.603871,2655539264,2655540369,15638,1105
5109.648952,2655572213,2655573318,15811,1105
5109.660986,2655581098,2655582198,15878,1100
5109.673004,2655589898,2655591006,15851,1108
5109.685026,2655598662,2655599764,15637,1102
5109.736111,2655635913,2655637006,15681,1093
5109.748140,2655644685,2655645788,15725,1103
5109.760176,2655653478,2655654592,15892,1114
5109.772180,2655662239,2655663341,15683,1102
5109.793237,2655677572,2655678678,15701,1106
5109.805261,2655686344,2655687427,15824,1083
5109.856351,2655723525,2655724636,15669,1111
5109.868376,2655732553,2655733656,15946,1103
5109.895429,2655752355,2655753463,15943,1108
5109.907441,2655761130,2655762233,15727,1103
5109.961540,2655800606,2655801713,15759,1107
5109.973574,2655809376,2655810477,15657,1101
5109.985601,2655818156,2655819259,15965,1103
5110.008333,2655829700,2655830314,11967,614
5110.065239,2655866869,2655868049,16083,1180
5110.084328,2655883442,2655884598,16042,1156
5110.119340,2655909204,2655910385,16041,1181
5110.131370,2655918568,2655919729,16041,1161
5110.143400,2655927997,2655929190,16311,1193
5110.155409,2655937367,2655938554,16082,1187
5110.167442,2655946711,2655947894,16016,1183
5110.179471,2655956100,2655957238,16213,1138
5110.191484,2655965382,2655966565,16054,1183
5110.203507,2655974756,2655975950,16018,1194
5110.215541,2655984213,2655985407,16460,1194
5110.233572,2655998337,2655999500,16433,1163
5110.245581,2656007657,2656008842,16087,1185
5110.257614,2656017093,2656018279,16053,1186
5110.269642,2656026554,2656027716,16297,1162
5110.281650,2656036051,2656037212,16158,1161
5110.296695,2656047805,2656048997,16403,1192
5110.308702,2656057320,2656058509,16164,1189
5110.320734,2656066741,2656067931,16047,1190
5110.332762,2656076182,2656077375,16383,1193
5110.359813,2656097397,2656098591,16384,1194
5110.371820,2656106816,2656108003,16084,1187
5110.383854,2656116244,2656117430,16040,1186
5110.401889,2656130386,2656131577,16048,1191
5110.413916,2656139868,2656141062,16293,1194
5110.440968,2656161112,2656162276,16444,1164
5110.452974,2656170436,2656171621,16082,1185
5110.469023,2656184563,2656185748,16072,1185
5110.489051,2656198875,2656200060,16086,1185
5110.501077,2656208305,2656209497,16054,1192
5110.517609,2656219344,2656220455,15916,1111
5110.529626,2656228158,2656229274,15806,1116
5110.541653,2656237011,2656238117,15829,1106
5110.553681,2656245824,2656246937,16081,1113
5110.565700,2656254653,2656255753,15966,1100
5110.589749,2656272212,2656273325,15966,1113
5110.601759,2656281037,2656282130,15676,1093
5110.625817,2656298606,2656299711,16033,1105
5110.637834,2656307380,2656308487,15724,1107
5110.649860,2656316181,2656317289,15657,1108
5110.661886,2656324979,2656326091,16036,1112
5110.673898,2656333765,2656334880,15758,1115
5110.685935,2656342541,2656343643,15712,1102
5110.697954,2656351379,2656352488,15943,1109
5110.709963,2656360173,2656361283,15681,1110
5110.721993,2656368941,2656370044,15640,1103
5110.734025,2656377740,2656378843,15981,1103
5110.749049,2656388767,2656389874,15721,1107
5110.761076,2656397557,2656398661,15973,1104
5110.777097,2656410708,2656411812,15969,1104
5110.818169,2656439199,2656440304,15757,1105
5110.830199,2656447994,2656449095,15634,1101
5110.854238,2656465606,2656466707,15681,1101
5110.866272,2656474410,2656475513,15716,1103
5110.878300,2656483197,2656484306,15975,1109
5110.893322,2656494206,2656495310,15837,1104
5110.905354,2656503037,2656504141,15970,1104
5110.920374,2656514017,2656515121,15640,1104
5110.932399,2656522847,2656523961,15939,1114
5110.953428,2656538268,2656539378,15684,1110
5110.965460,2656547086,2656548191,15640,1105
5110.977489,2656555889,2656556963,15822,1074
5110.994005,2656568564,2656569666,15679,1102
5111.006037,2656577333,2656578438,15721,1105
5111.021057,2656588353,2656589456,15760,1103
5111.033097,2656597171,2656598277,15712,1106
5111.057123,2656614756,2656615863,15679,1107
5111.069157,2656623521,2656624626,15639,1105
5111.081185,2656632320,2656633433,15971,1113
5111.096209,2656643352,2656644458,15670,1106
5111.108238,2656652133,2656653242,15989,1109
5111.120258,2656660921,2656662038,15949,1117
5111.132282,2656669763,2656670872,15889,1109
5111.144301,2656678596,2656679700,15926,1104
5111.156313,2656687360,2656688467,15764,1107
5111.189393,2656711536,2656712641,16069,1105
5111.201398,2656720340,2656721432,15682,1092
5111.220457,2656735724,2656736824,15903,1100
5111.237467,2656746702,2656747809,15677,1107
5111.249500,2656755507,2656756621,15838,1114
5111.261528,2656764313,2656765418,16055,1105
5111.273549,2656773106,2656774211,16033,1105
5111.291571,2656786295,2656787407,15681,1112
5111.303604,2656795071,2656796175,15566,1104
5111.315632,2656803914,2656805023,15957,1109
5111.327638,2656812682,2656813789,15680,1107
5111.340668,2656823650,2656824754,15974,1104
5111.393774,2656860995,2656862098,15823,1103
5111.405802,2656869789,2656870894,15975,1105
5111.444875,2656898312,2656899422,16032,1110
5111.456894,2656907110,2656908215,15842,1105
5111.471912,2656918082,2656919192,15674,1110
5111.483942,2656926862,2656927967,15734,1105
5111.495974,2656935645,2656936751,15974,1106
5111.507981,2656944445,2656945548,15640,1103
5111.520011,2656953252,2656954358,15632,1106
5111.532042,2656962033,2656963139,16031,1106
5111.544049,2656970793,2656971905,15677,1112
5111.556084,2656979570,2656980673,15716,1103
5111.568113,2656988427,2656989531,16045,1104
5111.580126,2656997194,2656998300,15635,1106
5111.598153,2657010363,2657011466,15674,1103
5111.610186,2657019161,2657020267,15672,1106
5111.622214,2657027941,2657029045,15968,1104
5111.634221,2657036708,2657037806,15679,1098
5111.661273,2657056434,2657057535,15683,1101
5111.673307,2657065229,2657066332,15557,1103
5111.700357,2657085003,2657086074,15835,1071
5111.715376,2657095969,2657097080,15681,1111
5111.727416,2657104803,2657105910,15712,1107
5111.739437,2657113597,2657114701,15886,1104
5111.751458,2657122394,2657123498,15950,1104
5111.763478,2657131153,2657132256,15646,1103
5111.775507,2657139994,2657141099,16049,1105
5111.787514,2657148815,2657149917,15642,1102
5111.799546,2657157573,2657158648,15752,1075
5111.811574,2657166340,2657167446,15974,1106
5111.844632,2657190450,2657191556,15643,1106
5111.856660,2657199240,2657200349,15931,1109
5111.868671,2657208007,2657209112,15765,1105
5111.880696,2657216840,2657217949,15815,1109
5111.892729,2657225640,2657226745,15971,1105
5111.907748,2657236618,2657237719,15635,1101
5111.919780,2657245411,2657246515,15974,1104
5111.931799,2657254384,2657255484,15939,1100
5111.943817,2657263154,2657264257,15653,1103
5111.955847,2657271938,2657273042,15959,1104
5111.967856,2657280698,2657281806,15676,1108
5111.979886,2657289539,2657290645,15823,1106
5111.991917,2657298335,2657299440,15973,1105
5112.003924,2657307082,2657308189,15599,1107
5112.015958,2657315837,2657316945,15643,1108
5112.027985,2657324636,2657325749,15947,1113
5112.039992,2657333422,2657334519,15600,1097
5112.052027,2657342166,2657343270,15603,1104
5112.064056,2657350951,2657352029,15818,1078
5112.082090,2657364145,2657365258,15993,1113
5112.094096,2657372930,2657374036,15679,1106
5112.109139,2657383934,2657385007,15771,1073
5112.121158,2657392727,2657393835,15963,1108
5112.136192,2657403755,2657404862,15974,1107
5112.148199,2657412506,2657413609,15685,1103
5112.160232,2657421280,2657422381,15641,1101
5112.181279,2657436692,2657437801,15985,1109
5112.193286,2657445479,2657446582,15764,1103
5112.205318,2657454233,2657455339,15639,1106
5112.217343,2657463048,2657464152,15939,1104
5112.235380,2657476225,2657477337,15997,1112
5112.247389,2657485061,2657486166,15758,1105
5112.259421,2657493819,2657494925,15717,1106
5112.289483,2657515842,2657516956,15973,1114
5112.301490,2657524644,2657525745,15683,1101
5112.313524,2657533394,2657534495,15645,1101
5112.328542,2657544377,2657545475,15758,1098
5112.340576,2657553161,2657554267,15647,1106
5112.391662,2657590510,2657591616,15682,1106
5112.403695,2657599306,2657600413,15643,1107
5112.415722,2657608132,2657609210,15691,1078
5112.427730,2657616854,2657617955,15598,1101
5112.448781,2657632168,2657633271,15644,1103
5112.460809,2657640962,2657642067,16056,1105
5112.472824,2657649722,2657650824,15714,1102
5112.484850,2657658524,2657659628,15641,1104
5112.496880,2657667763,2657668868,15970,1105
5112.535937,2657696413,2657697520,15682,1107
5112.547970,2657705149,2657706257,15562,1108
5112.559998,2657713927,2657715037,15967,1110
5112.584039,2657731486,2657732587,15646,1101
5112.596066,2657740267,2657741376,15976,1109
5112.608089,2657749058,2657750167,15952,1109
5112.620113,2657757805,2657758911,15789,1106
5112.632135,2657766587,2657767693,16056,1106
5112.644142,2657775354,2657776457,15763,1103
5112.656176,2657784099,2657785209,15720,1110
5112.668203,2657792895,2657794007,15976,1112
5112.680212,2657801698,2657802810,15606,1112
5112.692244,2657810473,2657811544,15749,1071
5112.704272,2657819229,2657820338,15970,1109
5112.716279,2657827990,2657829095,15682,1105
5112.728313,2657836748,2657837854,15559,1106
5112.740341,2657845525,2657846633,15977,1108
5112.755364,2657856592,2657857698,15827,1106
5112.767392,2657865384,2657866487,15976,1103
5112.779400,2657874162,2657875265,15681,1103
5112.791426,2657882929,2657884031,15568,1102
5112.803460,2657891715,2657892826,15967,1111
5112.815469,2657900526,2657901627,15683,1101
5112.827498,2657909329,2657910432,15607,1103
5112.839529,2657918113,2657919224,15976,1111
5112.851536,2657926865,2657927974,15756,1109
5112.863570,2657935624,2657936730,15647,1106
5112.875599,2657944442,2657945550,16068,1108
5112.899639,2657961951,2657963055,15646,1104
5112.911666,2657970741,2657971852,15979,1111
5112.923677,2657979500,2657980610,15762,1110
5112.935707,2657988272,2657989384,15644,1112
5112.947732,2657997098,2657998212,15939,1114
5113.001839,2658036791,2658037893,15978,1102
5113.013847,2658045579,2658046691,15685,1112
5113.025876,2658054403,2658055502,15828,1099
5113.128077,2658129066,2658130175,15960,1109
5113.140087,2658137906,2658139009,15687,1103
5113.152119,2658146686,2658147791,15638,1105
5113.170148,2658159872,2658160981,15905,1109
5113.188187,2658173079,2658174189,15651,1110
5113.200216,2658181905,2658183009,15915,1104
5113.212222,2658190666,2658191769,15681,1103
5113.224256,2658199437,2658200540,15563,1103
5113.236284,2658208214,2658209319,15975,1105
5113.248294,2658217001,2658218107,15763,1106
5113.263335,2658227966,2658229080,15972,1114
5113.320428,2658269645,2658270753,15758,1108
5113.332458,2658278433,2658279540,15639,1107
5113.344489,2658287230,2658288338,15971,1108
5113.356498,2658296023,2658297129,15678,1106
5113.371543,2658307055,2658308159,15987,1104
5113.383551,2658315836,2658316942,15759,1106
5113.395582,2658324579,2658325682,15641,1103
5113.449685,2658364086,2658365187,15658,1101
5113.461711,2658372859,2658373967,15957,1108
5113.548874,2658436532,2658437630,15717,1098
5113.560898,2658445355,2658446459,15940,1104
5113.575932,2658456466,2658457584,15947,1118
5113.587953,2658465345,2658466458,15936,1113
5113.599967,2658474187,2658475295,15677,1108
5113.612000,2658483045,2658484156,16022,1111
5113.624021,2658491895,2658493005,16051,1110
5113.636035,2658500731,2658501843,15601,1112
5113.648065,2658509607,2658510694,15817,1087
5113.661100,2658520638,2658521750,15679,1112
5113.690139,2658540592,2658541700,15563,1108
5113.702169,2658549438,2658550518,15746,1080
5113.726214,2658567030,2658568135,16041,1105
5113.738233,2658575834,2658576937,15731,1103
5113.750259,2658584625,2658585737,15955,1112
5113.762279,2658593445,2658594554,15872,1109
5113.831414,2658643983,2658645087,15964,1104
5113.843424,2658652765,2658653870,15681,1105
5113.855456,2658661528,2658662635,15617,1107
5113.867486,2658670338,2658671449,16070,1111
5113.879491,2658679120,2658680222,15607,1102
5113.891525,2658687907,2658689013,15647,1106
5113.903553,2658696695,2658697808,15978,1113
5113.915574,2658705494,2658706600,16038,1106
5113.927593,2658714294,2658715395,15720,1101
5113.939621,2658723091,2658724200,16053,1109
5113.951642,2658731883,2658732997,15954,1114
5113.963657,2658740689,2658741798,15818,1109
5113.975692,2658749504,2658750613,15991,1109
5113.987697,2658758281,2658759382,15683,1101
5113.999731,2658767048,2658768159,15648,1111
5114.011759,2658776312,2658777421,15962,1109
5114.023771,2658785125,2658786231,15716,1106
5114.035796,2658793921,2658795032,15637,1111
5114.047827,2658802707,2658803811,15976,1104
5114.059842,2658811452,2658812555,15637,1103
5114.071868,2658820234,2658821342,15639,1108
5114.083895,2658829043,2658830145,15973,1102
5114.095903,2658837802,2658838908,15681,1106
5114.107942,2658846589,2658847698,15806,1109
5114.119963,2658855375,2658856484,16041,1109
5114.131971,2658864177,2658865275,15679,1098
5114.144005,2658872945,2658874045,15655,1100
5114.156028,2658881786,2658882894,15936,1108
5114.168042,2658890587,2658891698,15770,1111
5114.178580,2658898354,2658899463,16079,1109
5114.193599,2658909334,2658910440,15640,1106
5114.205628,2658918141,2658919254,15980,1113
5114.259730,2658957713,2658958827,15952,1114
5114.316828,2658999357,2659000456,15660,1099
5114.328857,2659008103,2659009209,15639,1106
5114.340885,2659016889,2659017993,15977,1104
5114.379943,2659045421,2659046523,15679,1102
5114.391977,2659054228,2659055335,15594,1107
5114.404005,2659063011,2659064115,15882,1104
5114.417037,2659073981,2659075089,15635,1108
5114.464114,2659106890,2659107993,15715,1103
5114.476142,2659115663,2659116768,16058,1105
5114.488148,2659124442,2659125545,15680,1103
5114.506191,2659137587,2659138694,15643,1107
5114.518217,2659146385,2659147494,15714,1109
5114.584346,2659194687,2659195800,15964,1113
5114.596356,2659203542,2659204643,15602,1101
5114.623406,2659223323,2659224424,15682,1101
5114.635440,2659232117,2659233224,15633,1107
5114.647468,2659240923,2659242032,16021,1109
5114.725611,2659298029,2659299132,15730,1103
5114.737638,2659306793,2659307904,15963,1111
5114.791742,2659346295,2659347403,15974,1108
5114.803760,2659355153,2659356268,15843,1115
5114.815782,2659363944,2659365050,15599,1106
5114.827811,2659372731,2659373835,15892,1104
5114.839817,2659381497,2659382600,15676,1103
5114.851858,2659390243,2659391350,15706,1107
5114.863879,2659399029,2659400138,15981,1109
5114.881915,2659412181,2659413256,15897,1075
5114.893920,2659420901,2659422004,15757,1103
5114.908966,2659431906,2659433010,15995,1104
5114.920986,2659440690,2659441799,15954,1109
5114.942023,2659456027,2659457130,15639,1103
5114.957040,2659467012,2659468118,15752,1106
5114.969074,2659475761,2659476864,15636,1103
5114.996125,2659495504,2659496606,15638,1102
5115.008155,2659504356,2659505466,15960,1110
5115.020174,2659513162,2659514272,15949,1110
5115.032194,2659521922,2659523033,15638,1111
5115.044223,2659530713,2659531816,15974,1103
5115.080291,2659557037,2659558145,15974,1108
5115.092297,2659565783,2659566884,15639,1101
5115.104330,2659574586,2659575692,15781,1106
5115.155417,2659611816,2659612924,15676,1108
5115.167451,2659620584,2659621687,15638,1103
5115.179479,2659629363,2659630472,15978,1109
5115.191486,2659638123,2659639224,15679,1101
5115.203518,2659646942,2659648051,15901,1109
5115.215548,2659655749,2659656856,15980,1107
5115.227555,2659664513,2659665616,15682,1103
5115.245593,2659677659,2659678763,15834,1104
5115.257623,2659686405,2659687513,15638,1108
5115.269652,2659695231,2659696336,15965,1105
5115.281659,2659704053,2659705151,15674,1098
5115.368839,2659767584,2659768688,15977,1104
5115.380848,2659776385,2659777486,15674,1101
5115.404910,2659793957,2659795062,15987,1105
5115.416916,2659802758,2659803860,15602,1102
5115.428949,2659811522,2659812629,15637,1107
5115.474035,2659844566,2659845669,15842,1103
5115.486063,2659853368,2659854472,15976,1104
5115.510102,2659870937,2659872046,15896,1109
5115.525122,2659882340,2659883444,15677,1104
5115.576232,2659919676,2659920785,15936,1109
5115.588255,2659928476,2659929581,15864,1105
5115.603287,2659939476,2659940585,15990,1109
5115.616329,2659950496,2659951607,15631,1111
5115.676423,2659994346,2659995451,15678,1105
5115.780617,2660068891,2660069998,15713,1107
5115.792646,2660077679,2660078788,16060,1109
5115.816686,2660095298,2660096409,15639,1111
5115.828711,2660104143,2660105247,16026,1104
5115.879806,2660141423,2660142529,15712,1106
5115.891835,2660150281,2660151381,15966,1100
5115.903853,2660159108,2660160213,15933,1105
5115.924888,2660174467,2660175567,15633,1100
5115.936920,2660183241,2660184345,15981,1104
5115.948927,2660191990,2660193090,15761,1100
5115.989008,2660222672,2660223776,15974,1104
5116.009057,2660235870,2660236979,15982,1109
5116.021064,2660244638,2660245738,15683,1100
5116.033098,2660253406,2660254514,15634,1108
5116.093209,2660297309,2660298415,15640,1106
5116.105235,2660306095,2660307195,15645,1100
5116.159338,2660345579,2660346680,15639,1101
5116.195401,2660371911,2660373015,15815,1104
5116.207434,2660380696,2660381805,15979,1109
5116.219441,2660389455,2660390558,15759,1103
5116.231475,2660398245,2660399353,15750,1108
5116.243503,2660407024,2660408124,15953,1100
5116.255524,2660415807,2660416916,15949,1109
5116.303613,2660451016,2660452126,15644,1110
5116.315640,2660459802,2660460909,15894,1107
5116.327647,2660468604,2660469701,15680,1097
5116.339687,2660477342,2660478448,15666,1106
5116.351709,2660486122,2660487228,15929,1106
5116.363715,2660494887,2660495988,15680,1101
5116.375749,2660503659,2660504762,15636,1103
5116.387774,2660512479,2660513588,15857,1109
5116.399786,2660521289,2660522396,15638,1107
5116.420835,2660536625,2660537700,15825,1075
5116.432860,2660545412,2660546516,15942,1104
5116.459913,2660565224,2660566328,16045,1104
5116.471921,2660573974,2660575075,15716,1101
5116.483955,2660582732,2660583844,15648,1112
5116.495984,2660591554,2660592658,15987,1104
5116.507989,2660600330,2660601436,15682,1106
5116.520024,2660609085,2660610188,15652,1103
5116.532053,2660617863,2660618972,16046,1109
5116.544058,2660626602,2660627703,15676,1101
5116.556092,2660635356,2660636461,15656,1105
5116.568121,2660644185,2660645290,15958,1105
5116.616196,2660679293,2660680398,15686,1105
5116.628229,2660688076,2660689181,15629,1105
5116.640258,2660696891,2660698000,16069,1109
5116.652266,2660705709,2660706809,15680,1100
5116.664298,2660714451,2660715558,15636,1107
5116.733419,2660764959,2660766060,15680,1101
5116.745452,2660773742,2660774852,15647,1110
5116.835627,2660839536,2660840646,15959,1110
5116.847652,2660848335,2660849439,16057,1104
5116.859658,2660857093,2660858199,15677,1106
5116.880709,2660872422,2660873492,15924,1070
5116.892738,2660881209,2660882312,15983,1103
5116.904748,2660889984,2660891086,15668,1102
5116.916778,2660898741,2660899842,15686,1101
5116.944826,2660920700,2660921804,16059,1104
5116.967864,2660936055,2660937162,15678,1107
5116.979898,2660944796,2660945896,15639,1100
5116.991928,2660953590,2660954694,15993,1104
5117.012950,2660968897,2660970000,15677,1103
5117.024984,2660977658,2660978755,15637,1097
5117.037012,2660986857,2660987966,15956,1109
5117.049020,2660995668,2660996771,15599,1103
5117.061053,2661004432,2661005530,15696,1098
5117.130174,2661054995,2661056091,15755,1096
5117.142207,2661063735,2661064806,15926,1071
5117.157224,2661074666,2661075769,15680,1103
5117.193295,2661101043,2661102147,15678,1104
5117.205327,2661109829,2661110936,15595,1107
5117.256427,2661147118,2661148227,15949,1109
5117.268447,2661155885,2661156990,15556,1105
5117.373636,2661232690,2661233793,15675,1103
5117.385669,2661241514,2661242619,15824,1105
5117.415732,2661263451,2661264563,15976,1112
5117.427753,2661272264,2661273373,15862,1109
5117.439773,2661281023,2661282124,15633,1101
5117.463821,2661298567,2661299678,15948,1111
5117.475842,2661307348,2661308454,15639,1106
5117.487871,2661316162,2661317272,15995,1110
5117.499877,2661324965,2661326068,15677,1103
5117.511906,2661333763,2661334869,15631,1106
5117.523937,2661342588,2661343661,15801,1073
5117.535945,2661351360,2661352463,15682,1103
5117.547979,2661360106,2661361210,15640,1104
5117.560007,2661368878,2661369986,15970,1108
5117.596075,2661395198,2661396297,15971,1099
5117.608083,2661403983,2661405095,15596,1112
5117.620116,2661412742,2661413845,15717,1103
5117.632143,2661421533,2661422647,15960,1114
5117.644150,2661430294,2661431405,15681,1111
5117.656184,2661439046,2661440118,15833,1072
5117.668209,2661447831,2661448936,15949,1105
5117.680227,2661456646,2661457751,15603,1105
5117.692253,2661465410,2661466507,15716,1097
5117.710287,2661478557,2661479659,15637,1102
5117.740350,2661500560,2661501664,15978,1104
5117.752361,2661509364,2661510466,15763,1102
5117.815477,2661555398,2661556502,15680,1104
5117.827517,2661564190,2661565296,15666,1106
5117.839540,2661572983,2661574066,15824,1083
5117.857573,2661586101,2661587206,15974,1105
5117.869579,2661594853,2661595955,15681,1102
5117.884626,2661605863,2661606962,15994,1099
5117.896631,2661614640,2661615750,15636,1110
5117.908665,2661623420,2661624516,15598,1096
5117.924706,2661636552,2661637659,15702,1107
5118.028898,2661711166,2661712270,15994,1104
5118.040905,2661719919,2661721020,15681,1101
5118.076981,2661746257,2661747355,15638,1098
5118.089008,2661755060,2661756172,15637,1112
5118.129096,2661785806,2661786908,15683,1102
5118.152127,2661801164,2661802270,15714,1106
5118.164156,2661809944,2661811048,15978,1104
5118.176169,2661818702,2661819809,15641,1107
5118.188196,2661827499,2661828605,15636,1106
5118.200226,2661836313,2661837419,15968,1106
5118.212235,2661845072,2661846174,15838,1102
5118.224272,2661853842,2661854945,15791,1103
5118.236292,2661862626,2661863731,16057,1105
5118.248300,2661871368,2661872471,15688,1103
5118.263346,2661882361,2661883433,15897,1072
5118.284369,2661897717,2661898820,15680,1103
5118.296402,2661906487,2661907592,15634,1105
5118.308427,2661915320,2661916424,15935,1104
5118.320436,2661924075,2661925180,15674,1105
5118.332471,2661932844,2661933951,15536,1107
5118.353516,2661948218,2661949321,15979,1103
5118.365523,2661957047,2661958150,15677,1103
5118.440676,2662011847,2662012950,15637,1103
5118.452705,2662020634,2662021712,15824,1078
5118.464712,2662029414,2662030517,15598,1103
5118.491762,2662049138,2662050239,15758,1101
5118.503795,2662057957,2662059057,15833,1100
5118.515824,2662066735,2662067841,15928,1106
5118.533859,2662079898,2662081012,15971,1114
5118.544334,2662089130,2662090242,15961,1112
5118.560907,2662100148,2662101255,15946,1107
5118.572925,2662108993,2662110099,15525,1106
5118.584947,2662117811,2662118914,15630,1103
5118.624030,2662146326,2662147430,15960,1104
5118.636046,2662155172,2662156280,16011,1108
5118.648070,2662163975,2662165084,15638,1109
5118.660100,2662172807,2662173881,15739,1074
5118.672118,2662181581,2662182696,15856,1115
5118.684135,2662190449,2662191561,15603,1112
5118.696167,2662199275,2662200386,15886,1111
5118.708176,2662208115,2662209211,15638,1096
5118.720214,2662216865,2662217970,15626,1105
5118.732238,2662225664,2662226773,15948,1109
5118.744243,2662234428,2662235534,15601,1106
5118.756277,2662243177,2662244279,15641,1102
5118.777321,2662258557,2662259632,15803,1075
5118.789329,2662267315,2662268415,15677,1100
5118.880526,2662335316,2662336418,15702,1102
5118.900551,2662348494,2662349597,15639,1103
5118.912576,2662357326,2662358435,15941,1109
5118.951637,2662385788,2662386888,15683,1100
5118.963671,2662394583,2662395694,15634,1111
5118.975701,2662403417,2662404523,15994,1106
5118.987711,2662412191,2662413289,15713,1098
5118.999739,2662420941,2662422042,15636,1101
5119.011767,2662429729,2662430829,16057,1100
5119.047835,2662456044,2662457151,15966,1107
5119.059843,2662464798,2662465895,15680,1097
5119.071871,2662473574,2662474678,15829,1104
5119.083903,2662482370,2662483474,15963,1104
5119.095925,2662491150,2662492258,16031,1108
5119.107945,2662499912,2662501008,15645,1096
5119.119972,2662508723,2662509837,15971,1114
5119.131980,2662517484,2662518581,15596,1097
5119.144014,2662526233,2662527309,15759,1076
5119.162048,2662539372,2662540482,15653,1110
5119.174076,2662548173,2662549278,15936,1105
5119.196328,2662559629,2662560243,11970,614
5119.223669,2662573665,2662574818,16356,1153
5119.235678,2662582891,2662584048,16168,1157
5119.247711,2662592211,2662593343,16248,1132
5119.259740,2662601466,2662602623,16229,1157
5119.271746,2662610757,2662611913,16091,1156
5119.283778,2662620160,2662621348,16231,1188
5119.295807,2662629462,2662630623,16468,1161
5119.307824,2662638861,2662640048,16378,1187
5119.325850,2662652980,2662654166,16080,1186
5119.337883,2662662330,2662663510,15964,1180
5119.349910,2662671681,2662672870,16378,1189
5119.361917,2662681020,2662682206,16083,1186
5119.388974,2662702143,2662703304,16115,1161
5119.401003,2662711551,2662712706,16244,1155
5119.429053,2662735100,2662736289,16378,1189
5119.452088,2662751507,2662752669,16081,1162
5119.464129,2662760868,2662762061,16071,1193
5119.476150,2662770271,2662771456,16295,1185
5119.488158,2662779656,2662780819,16088,1163
5119.500187,2662789088,2662790280,15995,1192
5119.512219,2662798464,2662799656,16339,1192
5119.524227,2662807891,2662809077,16041,1186
5119.536260,2662817284,2662818475,16046,1191
5119.548284,2662826769,2662827953,16299,1184
5119.560297,2662836177,2662837357,16025,1180
5119.572328,2662845597,2662846793,16002,1196
5119.635447,2662895103,2662896292,16227,1189
5119.647478,2662904617,2662905811,16384,1194
5119.659485,2662914065,2662915256,16168,1191
5119.671517,2662923519,2662924709,16134,1190
5119.683543,2662932937,2662934104,16450,1167
5119.695556,2662942308,2662943472,16130,1164
5119.709084,2662950976,2662952079,15845,1103
5119.721111,2662959783,2662960885,15622,1102
5119.733140,2662968650,2662969756,15950,1106
5119.745148,2662977450,2662978553,15683,1103
5119.757181,2662986292,2662987397,15907,1105
5119.769209,2662995121,2662996230,15987,1109
5119.781216,2663003916,2663005018,15685,1102
5119.805277,2663021585,2663022694,16056,1109
5119.817283,2663030384,2663031491,15685,1107
5119.841346,2663048068,2663049173,15997,1105
5119.853354,2663056866,2663057964,15600,1098
5119.865381,2663065686,2663066792,15811,1106
5119.877414,2663074548,2663075647,15868,1099
5119.889422,2663083340,2663084447,15683,1107
5119.907457,2663096577,2663097684,15686,1107
5119.928504,2663112048,2663113160,15826,1112
5119.940535,2663120938,2663122049,15947,1111
5119.952542,2663129751,2663130854,15683,1103
5119.964573,2663138622,2663139727,15842,1105
5119.976603,2663147460,2663148563,16050,1103
5119.988611,2663156252,2663157353,15604,1101
5120.000641,2663165066,2663166170,15819,1104
5120.012669,2663173904,2663175010,15942,1106
5120.048741,2663200372,2663201477,15970,1105
5120.060759,2663209601,2663210713,15851,1112
5120.084809,2663227316,2663228422,15968,1106
5120.096821,2663236099,2663237211,15649,1112
5120.117863,2663251527,2663252628,15818,1101
5120.129895,2663260392,2663261498,15910,1106
5120.141904,2663269208,2663270306,15685,1098
5120.153933,2663278021,2663279127,15773,1106
5120.165963,2663286844,2663287947,15983,1103
5120.177971,2663295647,2663296758,15685,1111
5120.190002,2663304503,2663305612,15832,1109
5120.202032,2663313376,2663314475,15957,1099
5120.226069,2663331028,2663332128,15803,1100
5120.238100,2663339881,2663340985,15951,1104
5120.250108,2663348684,2663349790,15676,1106
5120.262135,2663357510,2663358618,15810,1108
5120.272330,2663366390,2663367494,15953,1104
5120.286177,2663375205,2663376308,15642,1103
5120.298208,2663384017,2663385127,15824,1110
5120.310235,2663392832,2663393941,16019,1109
5120.322256,2663401657,2663402760,15941,1103
5120.340280,2663414866,2663415973,15684,1107
5120.352311,2663423701,2663424812,15818,1111
5120.364341,2663432540,2663433654,15985,1114
5120.376349,2663441359,2663442460,15684,1101
5120.388379,2663450208,2663451317,15834,1109
5120.400410,2663459027,2663460132,15973,1105
5120.428461,2663481103,2663482204,15681,1101
5120.440491,2663489928,2663491032,15818,1104
5120.460512,2663503155,2663504259,15817,1104
5120.472547,2663512003,2663513108,15953,1105
5120.484567,2663520828,2663521937,15896,1109
5120.500598,2663534046,2663535151,15679,1105
5120.523635,2663549502,2663550606,15800,1104
5120.535665,2663558337,2663559445,15920,1108
5120.547685,2663567202,2663568308,15848,1106
5120.580752,2663591465,2663592574,15970,1109
5120.592760,2663600319,2663601421,15603,1102
5120.604797,2663609137,2663610242,15888,1105
5120.616820,2663617994,2663619098,15942,1104
5120.640859,2663635611,2663636717,15825,1106
5120.655885,2663646635,2663647745,15602,1110
5120.680941,2663666482,2663667584,15680,1102
5120.697975,2663677538,2663678646,15971,1108
5120.709995,2663686385,2663687484,15959,1099
5120.728017,2663699615,2663700721,15683,1106
5120.740048,2663708441,2663709545,15821,1104
5120.752078,2663717263,2663718372,15972,1109
5120.764089,2663726067,2663727179,15683,1112
5120.776116,2663734933,2663736033,15808,1100
5120.788146,2663743746,2663744850,15974,1104
5120.809184,2663759231,2663760340,16036,1109
5120.821202,2663768071,2663769175,15824,1104
5120.845240,2663785698,2663786802,15684,1104
5120.860284,2663796736,2663797831,15982,1095
5120.872291,2663805525,2663806627,15686,1102
5120.884323,2663814337,2663815411,15658,1074
5120.896355,2663823110,2663824215,15976,1105
5120.908372,2663831943,2663833052,15953,1109
5120.920389,2663840769,2663841873,15804,1104
5120.932421,2663849622,2663850736,15954,1114
5120.944433,2663858425,2663859524,15721,1099
5120.965476,2663873871,2663874977,15899,1106
5120.977507,2663882731,2663883837,15958,1106
5120.992528,2663893728,2663894828,15899,1100
5121.004555,2663902565,2663903669,15986,1104
5121.031609,2663922431,2663923541,15976,1110
5121.043617,2663931240,2663932352,15686,1112
5121.055644,2663940069,2663941174,15902,1105
5121.067678,2663948912,2663950016,15979,1104
5121.079688,2663957718,2663958821,15700,1103
5121.097720,2663970930,2663972033,15683,1103
5121.109751,2663979787,2663980887,15851,1100
5121.152845,2664012867,2664013973,15813,1106
5121.184901,2664034994,2664036103,15976,1109
5121.196909,2664043812,2664044913,15688,1101
5121.220970,2664061506,2664062615,15970,1109
5121.232988,2664070338,2664071444,15938,1106
5121.260029,2664090187,2664091294,15682,1107
5121.305126,2664123267,2664124380,15950,1113
5121.317141,2664132140,2664133217,15550,1077
5121.338192,2664147528,2664148633,16011,1105
5121.350206,2664156311,2664157416,15560,1105
5121.362231,2664165121,2664166231,15785,1110
5121.374261,2664173974,2664175087,15958,1113
5121.386269,2664182769,2664183872,15683,1103
5121.401310,2664193806,2664194910,16028,1104
5121.416335,2664204838,2664205956,15839,1118
5121.428364,2664213752,2664214861,15959,1109
5121.443385,2664224751,2664225861,15893,1110
5121.512509,2664275486,2664276592,15685,1106
5121.524540,2664284354,2664285460,15831,1106
5121.536570,2664293173,2664294282,15971,1109
5121.563621,2664313041,2664314154,15974,1113
5121.574138,2664320777,2664321886,15837,1109
5121.587660,2664331128,2664332234,15820,1106
5121.599687,2664339952,2664341061,15902,1109
5121.611697,2664348790,2664349895,15604,1105
5121.623728,2664357613,2664358718,15737,1105
5121.635759,2664366478,2664367592,15952,1114
5121.671827,2664392973,2664394082,16015,1109
5121.683835,2664401773,2664402879,15763,1106
5121.695872,2664410578,2664411682,15923,1104
5121.707894,2664419443,2664420547,15938,1104
5121.719903,2664428247,2664429353,15686,1106
5121.731934,2664437056,2664438160,15807,1104
5121.743964,2664445890,2664446998,15972,1108
5121.764989,2664461295,2664462398,15756,1103
5121.777020,2664470122,2664471231,15828,1109
5121.789050,2664479004,2664480108,15954,1104
5121.801070,2664487835,2664488944,15955,1109
5121.840140,2664516538,2664517647,15829,1109
5121.852170,2664525422,2664526531,16019,1109
5121.870204,2664538652,2664539766,15971,1114
5121.882217,2664547472,2664548573,15719,1101
5121.897254,2664558512,2664559616,15917,1104
5121.909274,2664567380,2664568480,15945,1100
5121.940328,2664591601,2664592707,15973,1106
5121.960376,2664604826,2664605936,15973,1110
5121.975393,2664615924,2664616999,15613,1075
5121.996442,2664631337,2664632442,15943,1105
5122.008452,2664640182,2664641280,15683,1098
5122.020485,2664648996,2664650102,15827,1106
5122.044527,2664666591,2664667699,15607,1108
5122.056552,2664675432,2664676540,15821,1108
5122.068581,2664684292,2664685396,15868,1104
5122.089606,2664699681,2664700779,15683,1098
5122.101638,2664708520,2664709631,15851,1111
5122.128688,2664728384,2664729499,15826,1115
5122.143715,2664739413,2664740513,15675,1100
5122.188795,2664772483,2664773587,15679,1104
5122.200826,2664781368,2664782477,15738,1109
5122.212855,2664790243,2664791358,15942,1115
5122.248925,2664816740,2664817849,15983,1109
5122.260943,2664825583,2664826697,15938,1114
5122.312045,2664863102,2664864211,15977,1109
5122.324052,2664871900,2664873003,15763,1103
5122.336083,2664880716,2664881821,15903,1105
5122.354113,2664893928,2664895007,15604,1079
5122.366148,2664902768,2664903877,16031,1109
5122.381172,2664913796,2664914905,15861,1109
5122.393197,2664922620,2664923732,16037,1112
5122.414224,2664938091,2664939198,15682,1107
5122.426255,2664946922,2664948031,15822,1109
5122.438285,2664955788,2664956902,15952,1114
5122.460332,2664973416,2664974517,15822,1101
5122.480357,2664986660,2664987764,15775,1104
5122.492386,2664995516,2664996621,16038,1105
5122.537474,2665028573,2665029677,16115,1104
5122.549481,2665037369,2665038470,15720,1101
5122.564525,2665048411,2665049517,15979,1106
5122.576533,2665057254,2665058363,15687,1109
5122.588567,2665066070,2665067148,15686,1078
5122.603584,2665077077,2665078180,15763,1103
5122.615615,2665085903,2665087003,15738,1100
5122.627645,2665094712,2665095826,15932,1114
5122.639658,2665103531,2665104638,15563,1107
5122.660700,2665118981,2665120091,15818,1110
5122.672730,2665127836,2665128940,15954,1104
5122.708799,2665154323,2665155432,15974,1109
5122.720807,2665163131,2665164238,15602,1107
5122.780936,2665207194,2665208303,15973,1109
5122.792957,2665216070,2665217182,15955,1112
5122.807988,2665227119,2665228217,15971,1098
5122.820006,2665235931,2665237042,15846,1111
5122.832027,2665244805,2665245914,15835,1109
5122.844057,2665253635,2665254745,16029,1110
5122.856075,2665262484,2665263593,16018,1109
5122.868095,2665271304,2665272403,15904,1099
5122.880125,2665280122,2665281231,16055,1109
5122.895147,2665291169,2665292273,15853,1104
5122.910167,2665302205,2665303305,15691,1100
5122.922198,2665311021,2665312126,15824,1105
5122.937224,2665322019,2665323122,15681,1103
5122.949249,2665330865,2665331964,15841,1099
5122.973287,2665348489,2665349592,15685,1103
5122.985324,2665357295,2665358399,15884,1104
5123.000338,2665368350,2665369460,15764,1110
5123.012369,2665377183,2665378287,15822,1104
5123.028413,2665390473,2665391579,15900,1106
5123.045424,2665401523,2665402635,15683,1112
5123.081493,2665427992,2665429099,15758,1107
5123.093524,2665437265,2665438377,15856,1112
5123.105553,2665446149,2665447264,15946,1115
5123.117563,2665454996,2665456108,15683,1112
5123.132605,2665466048,2665467158,16047,1110
5123.144613,2665474888,2665475988,15760,1100
5123.156644,2665483705,2665484810,15827,1105
5123.172687,2665496952,2665498029,15657,1077
5123.207744,2665521238,2665522338,15938,1100
5123.219764,2665530118,2665531232,15819,1114
5123.231794,2665539001,2665540105,15948,1104
5123.243801,2665547798,2665548908,15686,1110
5123.255832,2665556647,2665557756,15833,1109
5123.273867,2665569897,2665570998,15827,1101
5123.285895,2665578741,2665579847,15956,1106
5123.297904,2665587563,2665588661,15684,1098
5123.315939,2665600789,2665601891,15684,1102
5123.327970,2665609638,2665610747,15835,1109
5123.339999,2665618464,2665619573,16065,1109
5123.352007,2665627275,2665628382,15761,1107
5123.364034,2665636124,2665637199,15693,1075
5123.376068,2665644902,2665646006,15955,1104
5123.388088,2665653747,2665654858,15959,1111
5123.406121,2665667003,2665668108,16019,1105
5123.418141,2665675840,2665676945,15903,1105
5123.428663,2665683612,2665684727,15901,1115
5123.440687,2665692494,2665693607,15773,1113
5123.527846,2665756369,2665757474,15737,1105
5123.539873,2665765233,2665766333,15847,1100
5123.557908,2665778450,2665779525,15726,1075
5123.569938,2665787283,2665788387,16044,1104
5123.630050,2665831296,2665832405,15887,1109
5123.642075,2665840172,2665841275,15901,1103
5123.690150,2665875370,2665876473,15682,1103
5123.702181,2665884245,2665885354,15832,1109
5123.714212,2665893141,2665894255,15957,1114
5123.726219,2665902010,2665903121,15757,1111
5123.837439,2665983774,2665984878,15925,1104
5123.849467,2665992643,2665993752,15899,1109
5123.879516,2666014643,2666015750,15606,1107
5123.891541,2666023520,2666024632,15740,1112
5123.903571,2666032386,2666033500,15931,1114
5123.948657,2666065588,2666066692,15971,1104
5123.960678,2666074413,2666075517,15937,1104
5124.008764,2666109677,2666110782,15823,1105
5124.020794,2666118531,2666119635,15962,1104
5124.044831,2666136182,2666137287,15801,1105
5124.056863,2666145078,2666146182,15954,1104
5124.071884,2666156104,2666157213,15819,1109
5124.083915,2666164923,2666166023,15995,1100
5124.095933,2666173763,2666174869,15896,1106
5124.107953,2666182632,2666183742,15829,1110
5124.125995,2666195880,2666196956,15723,1076
5124.138017,2666204706,2666205810,15954,1104
5124.156052,2666217907,2666219012,15973,1105
5124.168059,2666226749,2666227852,15602,1103
5124.180090,2666235593,2666236698,15842,1105
5124.192121,2666244410,2666245523,16116,1113
5124.204132,2666253248,2666254355,15841,1107
5124.216154,2666262096,2666263171,15692,1075
5124.228188,2666270877,2666271991,16042,1114
5124.240200,2666279722,2666280827,15763,1105
5124.252227,2666288573,2666289673,15835,1100
5124.265259,2666299629,2666300740,15842,1111
5124.297313,2666321708,2666322813,15819,1105
5124.309343,2666330582,2666331694,15913,1112
5124.327376,2666343816,2666344920,15959,1104
5124.339385,2666352644,2666353747,15761,1103
5124.351419,2666361500,2666362609,15880,1109
5124.363446,2666370329,2666371432,16041,1103
5124.375459,2666379129,2666380236,15603,1107
5124.396501,2666394602,2666395711,15812,1109
5124.408532,2666403467,2666404573,15958,1106
5124.444600,2666429973,2666431082,15972,1109
5124.456610,2666438767,2666439868,15701,1101
5124.477652,2666454207,2666455309,15806,1102
5124.489686,2666463083,2666464187,15870,1104
5124.580854,2666531340,2666532440,15683,1100
5124.597892,2666542415,2666543515,15916,1100
5124.609908,2666551659,2666552766,15881,1107
5124.621937,2666560530,2666561639,15883,1109
5124.633962,2666569411,2666570519,16000,1108
5124.664002,2666591416,2666592518,15681,1102
5124.676029,2666600249,2666601364,15816,1115
5124.694068,2666613472,2666614579,15825,1107
5124.706098,2666622333,2666623428,15959,1095
5124.718105,2666631114,2666632221,15683,1107
5124.796270,2666688506,2666689609,16062,1103
5124.811291,2666699537,2666700642,15822,1105
5124.868407,2666741492,2666742597,15957,1105
5124.880424,2666750331,2666751431,15950,1100
5124.892445,2666759140,2666760250,15825,1110
5124.904475,2666768004,2666769113,16042,1109
5124.916483,2666776789,2666777897,15686,1108
5124.967595,2666814264,2666815373,15977,1109
5124.979603,2666823060,2666824167,15692,1107
5124.991629,2666831917,2666832999,15617,1082
5125.009668,2666845117,2666846226,15813,1109
5125.021697,2666853954,2666855063,15962,1109
5125.081805,2666898014,2666899118,15820,1104
5125.093835,2666906880,2666907986,15953,1106
5125.159946,2666955430,2666956526,15686,1096
5125.205032,2666988527,2666989624,15762,1097
5125.217065,2666997354,2666998431,15684,1077
5125.262148,2667030371,2667031480,15820,1109
5125.274178,2667039227,2667040339,15940,1112
5125.289202,2667050238,2667051345,15847,1107
5125.301230,2667059109,2667060213,15957,1104
5125.313248,2667067912,2667069024,15939,1112
5125.325268,2667076758,2667077863,15827,1105
5125.340289,2667087795,2667088905,15682,1110
5125.415446,2667142855,2667143961,15888,1106
5125.427468,2667151712,2667152825,15858,1113
5125.439477,2667160518,2667161610,15687,1092
5125.451508,2667169368,2667170467,15832,1099
5125.463538,2667178190,2667179290,15981,1100
5125.475546,2667186974,2667188080,15759,1106
5125.496593,2667202432,2667203546,15824,1114
5125.508624,2667211288,2667212401,16044,1113
5125.529649,2667226764,2667227866,15685,1102
5125.541680,2667235612,2667236717,15834,1105
5125.580761,2667264288,2667265397,15974,1109
5125.592769,2667273094,2667274197,15685,1103
5125.607813,2667284124,2667285237,15982,1113
5125.619833,2667292966,2667294075,15958,1109
5125.631851,2667301841,2667302945,15814,1104
5125.643881,2667310686,2667311791,15976,1105
5125.655889,2667319481,2667320579,15686,1098
5125.692980,2667348153,2667349257,15813,1104
5125.709992,2667359210,2667360308,15644,1098
5125.722022,2667368064,2667369163,15841,1099
5125.734051,2667376905,2667378018,15899,1113
5125.845249,2667458492,2667459594,15683,1102
5125.857275,2667467325,2667468401,15647,1076
5125.869309,2667476150,2667477254,15888,1104
5125.896360,2667496024,2667497127,15929,1103
5125.908380,2667504830,2667505940,16022,1110
5125.924413,2667518106,2667519218,15759,1112
5125.953459,2667537937,2667539045,15812,1108
5125.965485,2667546801,2667547915,15842,1114
5125.977515,2667555654,2667556763,15952,1109
5126.025592,2667590955,2667592058,15760,1103
5126.037624,2667599766,2667600844,15656,1078
5126.055657,2667612996,2667614106,15825,1110
5126.067687,2667621843,2667622948,16023,1105
5126.079705,2667630645,2667631754,15941,1109
5126.097729,2667643917,2667645024,15682,1107
5126.109766,2667652739,2667653839,15884,1100
5126.123290,2667663348,2667664464,15957,1116
5126.159362,2667689907,2667691012,15912,1105
5126.171386,2667698763,2667699867,16040,1104
5126.183403,2667707587,2667708695,15936,1108
5126.195418,2667716462,2667717540,15599,1078
5126.207453,2667725299,2667726403,15957,1104
5126.219461,2667734091,2667735198,15685,1107
5126.231491,2667742956,2667744070,15832,1114
5126.243522,2667751799,2667752913,15978,1114
5126.255529,2667760602,2667761703,15684,1101
5126.276574,2667776075,2667777180,15777,1105
5126.288607,2667784922,2667786028,15870,1106
5126.300626,2667793729,2667794834,15948,1105
5126.321663,2667809152,2667810250,15860,1098
5126.333693,2667818032,2667819137,16040,1105
5126.345711,2667826864,2667827973,15940,1109
5126.357737,2667835674,2667836779,15880,1105
5126.369760,2667844536,2667845645,15951,1109
5126.384783,2667855548,2667856650,15906,1102
5126.396813,2667864396,2667865499,15966,1103
5126.432882,2667890935,2667892040,15957,1105
5126.444900,2667899756,2667900860,15938,1104
5126.459931,2667910808,2667911913,15946,1105
5126.484975,2667930696,2667931805,15973,1109
5126.529057,2667961631,2667962745,15820,1114
5126.541088,2667970514,2667971619,15877,1105
5126.553106,2667979372,2667980472,15939,1100
5126.565126,2667988230,2667989340,15748,1110
5126.589175,2668005926,2668007038,15942,1112
5126.604208,2668016980,2668018080,15975,1100
5126.634249,2668039032,2668040138,15761,1106
5126.691366,2668080958,2668082074,15827,1116
5126.703396,2668089824,2668090933,15960,1109
5126.715415,2668098646,2668099746,15943,1100
5126.727435,2668107507,2668108607,15831,1100
5126.739466,2668116332,2668117435,16032,1103
5126.751483,2668125190,2668126300,15941,1110
5126.763503,2668134040,2668135150,15831,1110
5126.775534,2668142871,2668143980,16061,1109
5126.787552,2668151727,2668152838,15950,1111
5126.799572,2668160588,2668161692,15833,1104
5126.817606,2668173891,2668175000,15832,1109
5126.829636,2668182756,2668183861,15958,1105
5126.907773,2668240164,2668241273,15809,1109
5126.919808,2668249033,2668250144,15963,1111
5126.931826,2668257884,2668258988,15939,1104
5126.943846,2668266738,2668267844,15828,1106
5126.955875,2668275604,2668276711,15962,1107
5126.967895,2668284475,2668285580,15853,1105
5126.979911,2668293334,2668294412,15620,1078
5126.991945,2668302173,2668303278,15957,1105
5127.012981,2668317655,2668318764,15939,1109
5127.025001,2668326490,2668327599,15821,1109
5127.124189,2668399351,2668400458,15903,1107
5127.136221,2668408253,2668409362,15977,1109
5127.148237,2668417107,2668418219,15892,1112
5127.160258,2668425984,2668427088,15819,1104
5127.224388,2668474622,2668475729,15969,1107
5127.328581,2668549726,2668550841,15942,1115
5127.340601,2668558591,2668559701,15837,1110
5127.356642,2668571890,2668572995,15848,1105
5127.428782,2668624854,2668625939,15693,1085
5127.532975,2668699827,2668700935,16048,1108
5127.544991,2668708655,2668709754,15935,1099
5127.560026,2668719728,2668720837,15964,1109
5127.572044,2668728599,2668729702,15897,1103
5127.584059,2668737451,2668738529,15619,1078
5127.596094,2668746271,2668747371,15966,1100
5127.608113,2668755091,2668756202,15946,1111
5127.620128,2668763917,2668764992,15535,1075
5127.636672,2668776251,2668777358,15986,1107
5127.650196,2668786569,2668787669,15969,1100
5127.749384,2668859388,2668860495,15996,1107
5127.761407,2668868254,2668869358,16044,1104
5127.864604,2668945440,2668946552,16094,1112
5127.881625,2668956472,2668957547,15620,1075
5127.893661,2668965263,2668966367,16084,1104
5127.905678,2668974116,2668975223,15945,1107
5127.959780,2669013789,2669014898,15927,1109
5127.971797,2669022665,2669023737,15621,1072
5128.040934,2669073361,2669074467,16012,1106
5128.052951,2669082215,2669083290,15618,1075
5128.080003,2669102040,2669103115,15696,1075
5128.092039,2669110822,2669111926,16098,1104
5128.110072,2669124072,2669125179,16170,1107
5128.122089,2669132848,2669133959,15934,1111
5128.137124,2669143858,2669144960,16131,1102
5128.152140,2669154882,2669155957,15609,1075
5128.164175,2669163681,2669164789,16094,1108
5128.176191,2669172521,2669173625,15930,1104
5128.188208,2669181353,2669182429,15622,1076
5128.200242,2669190172,2669191281,15934,1109
5128.212260,2669198993,2669200098,15941,1105
5128.224277,2669207810,2669208885,15620,1075
5128.236312,2669216602,2669217704,16089,1102
5128.263364,2669236417,2669237524,16083,1107
5128.305432,2669267255,2669268332,15636,1077
5128.317469,2669276042,2669277146,16091,1104
5128.329484,2669284912,2669286022,15987,1110
5128.368552,2669313546,2669314624,15694,1078
5128.380589,2669322335,2669323438,16005,1103
5128.392602,2669331145,2669332254,15861,1109
5128.404625,2669340006,2669341118,15848,1112
5128.416658,2669348850,2669349956,16010,1106
5128.431671,2669359887,2669360965,15578,1078
5128.442208,2669365380,2669366205,14481,825
5128.452331,2669370573,2669371191,12007,618
5128.521847,2669418132,2669419319,16241,1187
5128.533876,2669427546,2669428735,16324,1189
5128.545903,2669437008,2669438192,16411,1184
5128.557916,2669446437,2669447626,16329,1189
5128.572952,2669458251,2669459444,16489,1193
5128.584969,2669467740,2669468923,16240,1183
5128.618037,2669493750,2669494943,16387,1193
5128.630053,2669503255,2669504443,16260,1188
5128.642083,2669512739,2669513928,16323,1189
5128.681158,2669543580,2669544778,16382,1198
5128.693174,2669553049,2669554242,16256,1193
5128.708209,2669564917,2669566081,16404,1164
5128.720225,2669574413,2669575611,16259,1198
5128.732257,2669583967,2669585130,16357,1163
5128.744277,2669593366,2669594536,16397,1170
5128.756293,2669602894,2669604063,16239,1169
5128.768324,2669612333,2669613502,16326,1169
5128.780345,2669621844,2669623017,16387,1173
5128.792362,2669631384,2669632577,16240,1193
5128.831442,2669662365,2669663563,16322,1198
5128.843466,2669671842,2669673010,16368,1168
5128.855482,2669681348,2669682546,16259,1198
5128.873516,2669695605,2669696793,16258,1188
5128.885547,2669705144,2669706333,16324,1189
5128.903579,2669719333,2669720527,16322,1194
5128.915604,2669728809,2669729998,16373,1189
5128.927619,2669738292,2669739461,16245,1169
5128.945655,2669752524,2669753717,16263,1193
5128.956180,2669759378,2669760282,15364,904
5128.969212,2669770277,2669771384,15861,1107
5128.992248,2669785809,2669786923,15981,1114
5129.004265,2669794704,2669795811,15766,1107
5129.016295,2669803571,2669804674,15913,1103
5129.049350,2669827923,2669829032,15833,1109
5129.061379,2669836788,2669837899,15872,1111
5129.073404,2669845648,2669846757,15999,1109
5129.085426,2669854518,2669855628,15910,1110
5129.097449,2669863384,2669864492,15915,1108
5129.109470,2669872249,2669873355,15972,1106
5129.121488,2669881119,2669882228,15854,1109
5129.133518,2669889973,2669891078,15918,1105
5129.145541,2669898828,2669899932,15995,1104
5129.157559,2669908112,2669909230,15831,1118
5129.169585,2669916986,2669918091,15906,1105
5129.181612,2669925873,2669926981,15971,1108
5129.193625,2669934730,2669935843,15853,1113
5129.205654,2669943630,2669944737,15825,1107
5129.223688,2669956929,2669958032,15914,1103
5129.235711,2669965796,2669966900,15836,1104
5129.253746,2669979081,2669980194,15982,1113
5129.265762,2669987948,2669989048,15804,1100
5129.277789,2669996792,2669997896,15868,1104
5129.289813,2670005674,2670006785,15972,1111
5129.301831,2670014532,2670015638,15861,1106
5129.313860,2670023388,2670024494,15828,1106
5129.325881,2670032245,2670033354,15924,1109
5129.337899,2670041108,2670042215,15847,1107
5129.349927,2670049961,2670051070,15905,1109
5129.361951,2670058835,2670059944,15939,1109
5129.376978,2670069921,2670071026,15909,1105
5129.389001,2670078768,2670079873,15967,1105
5129.401019,2670087627,2670088736,15864,1109
5129.413050,2670096494,2670097605,15911,1111
5129.428071,2670107585,2670108693,15842,1108
5129.440099,2670116435,2670117541,15820,1106
5129.452124,2670125291,2670126390,15999,1099
5129.464139,2670134145,2670135254,15834,1109
5129.476168,2670143009,2670144117,15826,1108
5129.488193,2670151884,2670152991,15982,1107
5129.500208,2670160747,2670161856,15851,1109
5129.512238,2670169605,2670170719,15908,1114
5129.524260,2670178460,2670179565,15982,1105
5129.536277,2670187330,2670188439,15748,1109
5129.557323,2670202840,2670203949,15867,1109
5129.569347,2670211702,2670212811,15996,1109
5129.587380,2670224998,2670226106,15989,1108
5129.599396,2670233848,2670234954,15852,1106
5129.611429,2670242716,2670243820,15829,1104
5129.623448,2670251565,2670252674,15976,1109
5129.635465,2670260414,2670261518,15835,1104
5129.647494,2670269274,2670270388,15820,1114
5129.660525,2670280351,2670281456,15741,1105
5129.672549,2670289216,2670290320,15908,1104
5129.689568,2670300296,2670301395,15808,1099
5129.701599,2670309158,2670310258,15874,1100
5129.731656,2670331311,2670332416,15917,1105
5129.743671,2670340178,2670341289,15833,1111
5129.755700,2670349058,2670350167,15913,1109
5129.767724,2670357914,2670359028,15995,1114
5129.779747,2670366787,2670367896,15824,1109
5129.791770,2670375637,2670376740,15831,1103
5129.803792,2670384490,2670385598,15982,1108
5129.815808,2670393374,2670394478,15850,1104
5129.827839,2670402239,2670403343,15915,1104
5129.839862,2670411109,2670412218,15967,1109
5129.851877,2670419986,2670421090,15834,1104
5129.869911,2670433277,2670434383,15831,1106
5129.881942,2670442146,2670443254,15914,1108
5129.896962,2670453202,2670454310,15852,1108
5129.908993,2670462049,2670463154,15914,1105
5129.930033,2670477555,2670478655,15925,1100
5129.942048,2670486413,2670487519,15840,1106
5129.954077,2670495279,2670496390,15916,1111
5129.966102,2670504145,2670505255,16000,1110
5129.978124,2670513016,2670514127,15917,1111
5129.990147,2670521872,2670522981,15919,1109
5130.002168,2670530734,2670531838,16056,1104
5130.017199,2670541813,2670542922,15997,1109
5130.029222,2670550700,2670551809,15919,1109
5130.041237,2670559564,2670560670,15852,1106
5130.053264,2670568422,2670569524,15910,1102
5130.065289,2670577270,2670578369,15983,1099
5130.077311,2670586126,2670587226,15912,1100
5130.089335,2670594978,2670596083,15918,1105
5130.101356,2670603846,2670604946,15968,1100
5130.125403,2670621575,2670622681,15911,1106
5130.137426,2670630436,2670631546,15981,1110
5130.167477,2670652576,2670653685,15849,1109
5130.179506,2670661454,2670662563,15923,1109
5130.191527,2670670319,2670671427,15970,1108
5130.203545,2670679188,2670680296,15946,1108
5130.215574,2670688050,2670689162,15997,1112
5130.227598,2670696890,2670698004,15923,1114
5130.239614,2670705783,2670706888,15787,1105
5130.251643,2670714655,2670715756,15871,1101
5130.269677,2670727955,2670729063,15910,1108
5130.281700,2670736817,2670737923,15982,1106
5130.293717,2670745674,2670746778,15766,1104
5130.305748,2670754536,2670755649,15875,1113
5130.317772,2670763408,2670764507,15981,1099
5130.401923,2670825432,2670826532,15852,1100
5130.413953,2670834287,2670835396,15916,1109
5130.431986,2670847570,2670848684,15911,1114
5130.444011,2670856456,2670857566,15995,1110
5130.456026,2670865335,2670866441,15837,1106
5130.468055,2670874199,2670875303,15830,1104
5130.480078,2670883050,2670884159,15984,1109
5130.492094,2670891908,2670893017,15846,1109
5130.517155,2670911833,2670912948,15852,1115
5130.549209,2670933974,2670935083,15915,1109
5130.561233,2670942830,2670943941,15909,1111
5130.621348,2670987139,2670988254,15914,1115
5130.633371,2670996028,2670997132,15998,1104
5130.651405,2671009324,2671010424,15995,1100
5130.663420,2671018606,2671019719,15834,1113
5130.675451,2671027496,2671028601,15916,1105
5130.687472,2671036352,2671037460,15890,1108
5130.699489,2671045208,2671046312,15770,1104
5130.711519,2671054070,2671055184,15919,1114
5130.723542,2671062934,2671064044,15834,1110
5130.735557,2671071792,2671072897,15828,1105
5130.753592,2671085084,2671086188,15829,1104
5130.765620,2671093927,2671095032,15913,1105
5130.777643,2671102793,2671103897,15982,1104
5130.789660,2671111656,2671112762,15851,1106
5130.840765,2671149314,2671150423,16000,1109
5130.854289,2671159484,2671160593,15981,1109
5130.896369,2671190467,2671191575,15916,1108
5130.908394,2671199344,2671200456,15992,1112
5130.920416,2671208229,2671209334,15993,1105
5130.944461,2671225943,2671227051,16069,1108
5130.956478,2671234801,2671235910,15854,1109
5130.983531,2671254755,2671255859,15864,1104
5130.995558,2671263615,2671264723,15913,1108
5131.007583,2671272486,2671273591,15999,1105
5131.019605,2671281361,2671282472,15913,1111
5131.031628,2671290235,2671291339,15918,1104
5131.043649,2671299086,2671300196,15977,1110
5131.055670,2671307987,2671309092,15859,1105
5131.067695,2671316887,2671318002,15916,1115
5131.085728,2671330238,2671331350,15910,1112
5131.097752,2671339147,2671340261,15977,1114
5131.109768,2671348038,2671349148,15843,1110
5131.121798,2671356927,2671358041,15917,1114
5131.133821,2671365834,2671366939,15986,1105
5131.148849,2671376951,2671378065,15909,1114
5131.160377,2671387397,2671388512,15898,1115
5131.177398,2671398552,2671399665,15850,1113
5131.189427,2671407458,2671408572,15912,1114
5131.201448,2671416364,2671417477,15959,1113
5131.240517,2671445289,2671446402,15862,1113
5131.252547,2671454191,2671455303,15873,1112
5131.264568,2671463109,2671464229,15936,1120
5131.276586,2671471993,2671473097,15847,1104
5131.288614,2671480846,2671481959,15872,1113
5131.360752,2671533965,2671535076,15912,1111
5131.372775,2671542835,2671543946,15984,1111
5131.411843,2671571661,2671572770,15849,1109
5131.423872,2671580507,2671581612,15904,1105
5131.435894,2671589371,2671590474,15964,1103
5131.447912,2671598223,2671599337,15860,1114
5131.459941,2671607088,2671608202,15909,1114
5131.471966,2671615984,2671617090,15983,1106
5131.483981,2671624853,2671625956,15852,1103
5131.502014,2671638145,2671639248,15843,1103
5131.514043,2671646994,2671648099,15916,1105
5131.562134,2671682416,2671683520,15964,1104
5131.592187,2671704587,2671705695,15853,1108
5131.610220,2671717859,2671718968,15845,1109
5131.622249,2671726727,2671727836,15852,1109
5131.664328,2671757739,2671758853,15912,1114
5131.676353,2671766727,2671767837,15910,1110
5131.688377,2671775594,2671776703,15996,1109
5131.700392,2671784445,2671785544,15787,1099
5131.724444,2671802148,2671803257,15977,1109
5131.736461,2671811007,2671812112,15855,1105
5131.748491,2671819881,2671820989,15912,1108
5131.760513,2671828736,2671829842,15981,1106
5131.781547,2671844270,2671845377,15835,1107
5131.793576,2671853142,2671854255,15911,1113
5131.805600,2671861999,2671863104,15995,1105
5131.841667,2671888601,2671889707,15981,1106
5131.853684,2671897485,2671898589,15851,1104
5131.877737,2671915202,2671916308,15997,1106
5131.892764,2671926275,2671927381,15909,1106
5131.904788,2671935158,2671936263,15948,1105
5131.955885,2671972810,2671973914,15904,1104
5131.967908,2671981668,2671982773,15998,1105
5131.979924,2671990527,2671991626,15840,1099
5131.997959,2672003812,2672004916,15838,1104
5132.009987,2672012651,2672013757,15907,1106
5132.070096,2672056919,2672058025,15836,1106
5132.082124,2672065764,2672066868,15912,1104
5132.100158,2672079059,2672080162,15988,1103
5132.112181,2672087946,2672089050,15826,1104
5132.124198,2672096786,2672097891,15843,1105
5132.136228,2672105652,2672106761,15905,1109
5132.154262,2672118952,2672120061,15900,1109
5132.164329,2672128212,2672129315,15986,1103
5132.184320,2672141518,2672142632,15990,1114
5132.196335,2672150392,2672151495,15834,1103
5132.223386,2672170355,2672171460,15845,1105
5132.235417,2672179207,2672180313,15904,1106
5132.247438,2672188085,2672189194,15973,1109
5132.259461,2672196964,2672198068,15904,1104
5132.304541,2672230204,2672231313,15835,1109
5132.316571,2672239096,2672240193,15919,1097
5132.328591,2672247956,2672249055,15918,1099
5132.367661,2672276745,2672277849,15843,1104
5132.379688,2672285600,2672286709,15902,1109
5132.391713,2672294476,2672295584,15936,1108
5132.403730,2672303349,2672304459,15845,1110
5132.415759,2672312228,2672313342,15903,1114
5132.427780,2672321111,2672322220,15958,1109
5132.439798,2672329985,2672331094,15860,1109
5132.451827,2672338837,2672339946,15903,1109
5132.463850,2672347700,2672348809,15974,1109
5132.487894,2672365419,2672366533,15904,1114
5132.499919,2672374282,2672375380,15936,1098
5132.511935,2672383139,2672384248,15851,1109
5132.523966,2672392031,2672393135,15861,1104
5132.535987,2672400872,2672401981,15932,1109
5132.548004,2672409737,2672410846,15846,1109
5132.560033,2672418594,2672419699,15910,1105
5132.572057,2672427449,2672428554,15993,1105
5132.584073,2672436310,2672437417,15832,1107
5132.596104,2672445243,2672446353,15950,1110
5132.608124,2672454098,2672455207,15993,1109
5132.626159,2672467377,2672468486,15976,1109
5132.638175,2672476237,2672477340,15925,1103
5132.650206,2672485081,2672486194,15900,1113
5132.662229,2672493968,2672495077,15992,1109
5132.674245,2672502826,2672503934,15834,1108
5132.686273,2672511688,2672512794,15901,1106
5132.699797,2672521706,2672522803,16039,1097
5132.711819,2672530528,2672531632,15950,1104
5132.723836,2672539338,2672540440,15706,1102
5132.735866,2672548152,2672549261,15975,1109
5132.747888,2672557024,2672558129,15944,1105
5132.759907,2672565837,2672566941,15828,1104
5132.771933,2672574636,2672575750,15947,1114
5132.783954,2672583450,2672584563,15966,1113
5132.795973,2672592251,2672593348,15631,1097
5132.808004,2672601090,2672602194,15965,1104
5132.820019,2672609912,2672611019,15886,1107
5132.841059,2672625340,2672626438,15625,1098
5132.853088,2672634145,2672635249,15948,1104
5132.904189,2672671708,2672672817,15906,1109
5132.916207,2672680527,2672681628,15954,1101
5132.928228,2672689378,2672690492,15921,1114
5132.940247,2672698166,2672699272,15630,1106
5132.952276,2672706988,2672708094,15902,1106
5132.964298,2672715838,2672716951,15933,1113
5132.976316,2672724632,2672725732,15628,1100
5132.988345,2672733425,2672734534,15945,1109
5133.000365,2672742252,2672743365,15962,1113
5133.012384,2672751046,2672752153,15635,1107
5133.024414,2672759865,2672760974,15948,1109
5133.048453,2672777463,2672778564,15625,1101
5133.060486,2672786327,2672787433,15966,1106
5133.123606,2672832660,2672833763,16047,1103
5133.135623,2672841508,2672842617,15976,1109
5133.147641,2672850341,2672851442,15597,1101
5133.165676,2672863599,2672864692,15593,1093
5133.177705,2672872399,2672873504,15909,1105
5133.195739,2672885601,2672886706,15953,1105
5133.207762,2672894404,2672895509,15952,1105
5133.219779,2672903187,2672904285,15627,1098
5133.237814,2672916382,2672917488,15630,1106
5133.249842,2672925205,2672926309,15949,1104
5133.261866,2672934062,2672935162,15933,1100
5133.288914,2672953867,2672954981,15964,1114
5133.300941,2672962668,2672963770,15712,1102
5133.312962,2672971495,2672972599,15946,1104
5133.327985,2672982491,2672983597,15632,1106
5133.340013,2672991338,2672992446,15972,1108
5133.352034,2673000150,2673001264,15936,1114
5133.460241,2673079614,2673080718,15935,1104
5133.472259,2673088438,2673089541,15600,1103
5133.484288,2673097270,2673098375,15950,1105
5133.499318,2673108272,2673109378,15789,1106
5133.511339,2673117110,2673118219,16033,1109
5133.523360,2673125954,2673127054,16046,1100
5133.535380,2673134799,2673135908,15636,1109
5133.547408,2673143624,2673144725,15949,1101
5133.559429,2673152457,2673153561,15939,1104
5133.571447,2673161235,2673162335,15630,1100
5133.583477,2673170049,2673171163,15955,1114
5133.595497,2673178870,2673179979,15966,1109
5133.607516,2673187670,2673188782,15626,1112
5133.673649,2673236173,2673237282,15962,1109
5133.688676,2673247583,2673248689,15670,1106
5133.736768,2673282875,2673283984,15952,1109
5133.748788,2673291754,2673292861,15824,1107
5133.784857,2673318425,2673319536,15844,1111
5133.796887,2673327327,2673328438,15865,1111
5133.866012,2673378192,2673379301,16049,1109
5133.878030,2673387043,2673388150,15595,1107
5133.896072,2673400322,2673401430,15791,1108
5133.908093,2673409181,2673410295,15985,1114
5133.950171,2673440113,2673441228,15952,1115
5133.962197,2673448948,2673450048,15949,1100
5133.974217,2673457758,2673458853,15965,1095
5133.989248,2673468754,2673469863,15952,1109
5134.001272,2673477571,2673478685,15949,1114
5134.013288,2673486410,2673487507,15557,1097
5134.076407,2673532660,2673533757,15707,1097
5134.088437,2673541473,2673542579,16033,1106
5134.157562,2673592155,2673593258,15593,1103
5134.169591,2673600998,2673602104,15986,1106
5134.184616,2673612026,2673613135,15908,1109
5134.196645,2673620858,2673621963,16072,1105
5134.259763,2673667166,2673668279,15962,1113
5134.271783,2673676010,2673677112,15973,1102
5134.283803,2673684795,2673685898,15627,1103
5134.295834,2673693606,2673694715,16087,1109
5134.307852,2673702420,2673703534,15972,1114
5134.319870,2673711216,2673712323,15704,1107
5134.331900,2673720041,2673721149,16037,1108
5134.343921,2673728869,2673729972,15941,1103
5134.355939,2673737692,2673738799,15671,1107
5134.367969,2673746512,2673747621,16045,1109
5134.379989,2673755351,2673756460,15968,1109
5134.398026,2673768534,2673769636,16033,1102
5134.410042,2673777331,2673778429,15705,1098
5134.440106,2673799366,2673800475,15956,1109
5134.452127,2673808219,2673809333,15938,1114
5134.464145,2673817016,2673818108,15705,1092
5134.482179,2673830222,2673831327,15628,1105
5134.494212,2673839042,2673840147,16003,1105
5134.515246,2673854460,2673855563,16048,1103
5134.530281,2673865508,2673866617,15965,1109
5134.542297,2673874323,2673875428,15852,1105
5134.569349,2673894173,2673895277,15964,1104
5134.581368,2673902984,2673904083,15624,1099
5134.593400,2673911797,2673912903,15994,1106
5134.605418,2673920620,2673921727,15964,1107
5134.623451,2673933848,2673934957,15962,1109
5134.635471,2673942647,2673943743,15627,1096
5134.647504,2673951491,2673952590,15877,1099
5134.659521,2673960304,2673961408,15972,1104
5134.677555,2673973516,2673974625,16046,1109
5134.689582,2673982354,2673983462,15759,1108
5134.725642,2674008771,2674009872,15630,1101
5134.737676,2674017622,2674018731,16043,1109
5134.761711,2674035285,2674036390,15632,1105
5134.773740,2674044105,2674045215,15960,1110
5134.785757,2674052934,2674054038,15886,1104
5134.824831,2674081564,2674082671,15627,1107
5134.836860,2674090400,2674091504,16032,1104
5134.908997,2674143320,2674144429,16031,1109
5134.921018,2674152139,2674153241,16049,1102
5134.981135,2674196232,2674197333,15956,1101
5134.993158,2674205072,2674206181,15952,1109
5135.017203,2674222666,2674223775,15948,1109
5135.029224,2674231492,2674232597,15961,1105
5135.041245,2674240327,2674241436,15827,1109
5135.132427,2674308676,2674309782,15946,1106
5135.161478,2674328550,2674329659,15948,1109
5135.173497,2674337337,2674338449,15891,1112
5135.188532,2674348342,2674349445,15996,1103
5135.200550,2674357559,2674358663,15963,1104
5135.212568,2674366407,2674367518,15593,1111
5135.224598,2674375226,2674376334,15956,1108
5135.236618,2674384038,2674385147,15860,1109
5135.248637,2674392865,2674393968,15671,1103
5135.335807,2674456709,2674457809,15855,1100
5135.347826,2674465530,2674466640,15600,1110
5135.359855,2674474356,2674475461,15859,1105
5135.371875,2674483170,2674484274,15967,1104
5135.389912,2674496428,2674497532,15953,1104
5135.401931,2674505252,2674506356,15663,1104
5135.444014,2674536158,2674537262,15940,1104
5135.456031,2674544954,2674546057,15632,1103
5135.468061,2674553768,2674554874,15949,1106
5135.480081,2674562599,2674563702,15879,1103
5135.492103,2674571421,2674572525,15823,1104
5135.504131,2674580221,2674581300,15809,1079
5135.522166,2674593422,2674594500,15806,1078
5135.534184,2674602206,2674603320,15855,1114
5135.561236,2674622053,2674623161,15966,1108
5135.573257,2674630870,2674631970,15829,1100
5135.600306,2674650681,2674651779,15630,1098
5135.612335,2674659512,2674660621,15956,1109
5135.624356,2674668321,2674669420,15968,1099
5135.676459,2674708047,2674709151,15939,1104
5135.780657,2674783000,2674784111,15709,1111
5135.792678,2674791827,2674792941,15951,1114
5135.804699,2674800659,2674801765,15969,1106
5135.816717,2674809492,2674810590,15515,1098
5135.828746,2674818321,2674819425,15955,1104
5135.849784,2674833780,2674834889,15966,1109
5135.867819,2674847020,2674848123,15959,1103
5135.891867,2674864639,2674865744,15951,1105
5135.903887,2674873459,2674874569,15965,1110
5135.915906,2674882256,2674883363,15630,1107
5135.927935,2674891064,2674892173,15865,1109
5135.939957,2674899919,2674901028,15933,1109
5135.951974,2674908713,2674909819,15625,1106
5135.964006,2674917531,2674918604,15725,1073
5135.976024,2674926313,2674927427,15877,1114
5135.988043,2674935126,2674936232,15629,1106
5136.000073,2674943959,2674945059,15949,1100
5136.012093,2674952771,2674953885,15957,1114
5136.042146,2674974808,2674975909,15632,1101
5136.057179,2674985849,2674986958,15966,1109
5136.069197,2674994651,2674995762,15628,1111
5136.105266,2675021029,2675022130,15706,1101
5136.117297,2675029856,2675030964,15950,1108
5136.159369,2675060762,2675061865,15629,1103
5136.213475,2675100439,2675101539,15821,1100
5136.225504,2675109291,2675110404,16002,1113
5136.237522,2675118153,2675119267,15934,1114
5136.249540,2675126947,2675128054,15623,1107
5136.264573,2675137975,2675139084,15965,1109
5136.276602,2675146799,2675147903,15903,1104
5136.316674,2675177633,2675178742,15961,1109
5136.360759,2675208487,2675209592,16034,1105
5136.372778,2675217321,2675218426,16046,1105
5136.387810,2675228320,2675229434,15953,1114
5136.411849,2675245934,2675247039,15707,1105
5136.425384,2675255978,2675257081,15710,1103
5136.437408,2675264823,2675265936,15916,1113
5136.449424,2675273644,2675274752,15967,1108
5136.524572,2675328719,2675329824,15710,1105
5136.536592,2675337542,2675338647,15956,1105
5136.584683,2675372795,2675373904,15933,1109
5136.596701,2675381578,2675382679,15608,1101
5136.623760,2675401399,2675402502,15706,1103
5136.635781,2675410410,2675411515,15958,1105
5136.647802,2675419229,2675420335,15963,1106
5136.659820,2675428024,2675429121,15630,1097
5136.671850,2675436836,2675437946,15950,1110
5136.704910,2675461156,2675462264,15832,1108
5136.716334,2675470372,2675471481,15950,1109
5136.732972,2675483636,2675484750,15947,1114
5136.777046,2675514541,2675515655,15827,1114
5136.789073,2675523365,2675524474,15952,1109
5136.801093,2675532185,2675533293,15964,1108
5136.828148,2675552023,2675553131,15949,1108
5136.840163,2675560842,2675561944,15620,1102
5136.852193,2675569663,2675570772,15951,1109
5136.864213,2675578493,2675579602,15960,1109
5136.876235,2675587323,2675588422,15829,1099
5136.888266,2675596173,2675597273,15967,1100
5136.900282,2675604993,2675606097,15956,1104
5136.940365,2675635853,2675636952,15950,1099
5136.984438,2675666727,2675667829,15669,1102
5136.996468,2675675532,2675676643,15957,1111
5137.032540,2675701999,2675703108,15965,1109
5137.044556,2675710837,2675711942,15964,1105
5137.149759,2675787923,2675789028,16026,1105
5137.161779,2675796764,2675797867,16043,1103
5137.191833,2675818794,2675819906,15631,1112
5137.203862,2675827625,2675828734,15948,1109
5137.215882,2675836433,2675837542,15876,1109
5137.227901,2675845239,2675846346,15628,1107
5137.239933,2675854080,2675855163,15809,1083
5137.257969,2675867362,2675868467,16043,1105
5137.269987,2675876195,2675877300,15861,1105
5137.282004,2675884992,2675886098,15599,1106
5137.294033,2675893812,2675894921,15941,1109
5137.366170,2675946731,2675947844,15947,1113
5137.378192,2675955592,2675956695,15846,1103
5137.444313,2676004007,2676005112,15704,1105
5137.456344,2676012845,2676013954,16011,1109
5137.468363,2676021706,2676022809,15927,1103
5137.480381,2676030536,2676031648,15635,1112
5137.492411,2676039374,2676040483,15955,1109
5137.568560,2676096695,2676097799,15819,1104
5137.609633,2676125365,2676126474,15954,1109
5137.621657,2676134191,2676135295,15952,1104
5137.651707,2676156235,2676157341,15629,1106
5137.663740,2676165095,2676166210,15962,1115
5137.675758,2676173961,2676175067,15846,1106
5137.696793,2676189372,2676190476,15630,1104
5137.716332,2676198716,2676199334,12025,618
5137.797493,2676254985,2676256149,16380,1164
5137.809510,2676264412,2676265595,16248,1183
5137.857607,2676302198,2676303391,16314,1193
5137.869631,2676311735,2676312924,16375,1189
5137.896681,2676333089,2676334259,16417,1170
5137.908701,2676342476,2676343664,16296,1188
5137.920726,2676352007,2676353200,16311,1193
5137.983848,2676401697,2676402881,16313,1184
5137.995869,2676411155,2676412348,16371,1193
5138.007887,2676420554,2676421718,16267,1164
5138.019914,2676430050,2676431242,16317,1192
5138.031939,2676439535,2676440724,16395,1189
5138.043955,2676449037,2676450225,16303,1188
5138.068008,2676467960,2676469153,16480,1193
5138.080024,2676477523,2676478721,16206,1198
5138.092055,2676487016,2676488210,16317,1194
5138.104076,2676496532,2676497724,16383,1192
5138.116093,2676506015,2676507184,16231,1169
5138.128122,2676515501,2676516683,16295,1182
5138.140146,2676524991,2676526179,16398,1188
5138.152161,2676534512,2676535695,16150,1183
5138.164192,2676544018,2676545211,16318,1193
5138.216328,2676586754,2676587942,16311,1188
5138.228332,2676593697,2676594591,15201,894
5138.245345,2676606196,2676607304,15901,1108
5138.257369,2676615094,2676616203,15990,1109
5138.269385,2676623974,2676625088,15846,1114
5138.281415,2676632898,2676634004,15920,1106
5138.293436,2676641754,2676642855,15878,1101
5138.305453,2676650612,2676651716,15852,1104
5138.317481,2676659463,2676660567,15820,1104
5138.329505,2676668323,2676669438,15977,1115
5138.341521,2676677199,2676678305,15825,1106
5138.353549,2676686069,2676687174,15902,1105
5138.365572,2676694928,2676696037,15962,1109
5138.383606,2676708224,2676709333,16041,1109
5138.395624,2676717077,2676718180,15901,1103
5138.407654,2676725931,2676727037,15914,1106
5138.420683,2676736994,2676738099,15752,1105
5138.440710,2676750291,2676751400,15838,1109
5138.452738,2676759182,2676760285,15910,1103
5138.464761,2676768038,2676769144,15962,1106
5138.476778,2676776889,2676777998,15856,1109
5138.488809,2676785775,2676786880,15904,1105
5138.500831,2676794622,2676795736,15912,1114
5138.536901,2676821226,2676822335,15985,1109
5138.548916,2676830088,2676831201,15826,1113
5138.572968,2676847835,2676848948,15979,1113
5138.584985,2676856713,2676857818,15847,1105
5138.597015,2676865583,2676866689,15912,1106
5138.612036,2676876663,2676877775,15832,1112
5138.624065,2676885523,2676886632,15905,1109
5138.636090,2676894378,2676895483,15990,1105
5138.648104,2676903244,2676904348,15743,1104
5138.660135,2676912100,2676913206,15826,1106
5138.678169,2676925390,2676926503,15909,1113
5138.690192,2676934254,2676935360,15930,1106
5138.714237,2676951966,2676953076,15905,1110
5138.726260,2676960836,2676961935,15990,1099
5138.747293,2676976342,2676977456,15895,1114
5138.759324,2676985241,2676986352,16002,1111
5138.771345,2676994138,2676995249,15909,1111
5138.783369,2677003033,2677004147,15867,1114
5138.795392,2677011936,2677013046,15912,1110
5138.807415,2677020827,2677021937,15911,1110
5138.819438,2677029719,2677030833,15910,1114
5138.831461,2677038613,2677039722,15907,1109
5138.843483,2677047481,2677048585,15971,1104
5138.855505,2677056342,2677057445,15908,1103
5138.867530,2677065193,2677066302,15910,1109
5138.879553,2677074047,2677075156,15992,1109
5138.891568,2677082929,2677084038,15834,1109
5138.903597,2677091793,2677092902,15908,1109
5138.916628,2677102876,2677103981,15926,1105
5138.939666,2677118378,2677119482,15913,1104
5138.951688,2677127232,2677128338,15978,1106
5138.963705,2677136100,2677137214,15744,1114
5138.975734,2677144992,2677146098,15909,1106
5138.987759,2677153841,2677154950,15995,1109
5138.999774,2677162698,2677163808,15833,1110
5139.011804,2677171549,2677172654,15908,1105
5139.023826,2677180422,2677181527,15977,1105
5139.035842,2677189267,2677190373,15848,1106
5139.047873,2677198118,2677199223,15907,1105
5139.059896,2677206982,2677208086,15994,1104
5139.071911,2677215849,2677216957,15837,1108
5139.083940,2677224714,2677225823,15888,1109
5139.095965,2677233589,2677234694,16061,1105
5139.107979,2677242469,2677243574,15858,1105
5139.120008,2677251331,2677252440,15910,1109
5139.132030,2677260194,2677261297,15965,1103
5139.144048,2677269040,2677270138,15939,1098
5139.156076,2677277896,2677279000,15912,1104
5139.180116,2677295623,2677296729,15847,1106
5139.192144,2677304483,2677305589,15819,1106
5139.204168,2677313340,2677314449,15913,1109
5139.216185,2677322207,2677323306,15857,1099
5139.228214,2677331058,2677332165,15862,1107
5139.240235,2677339918,2677341027,15958,1109
5139.252258,2677348777,2677349885,15905,1108
5139.280329,2677370933,2677372037,15988,1104
5139.297339,2677382023,2677383132,15848,1109
5139.309369,2677390921,2677392027,15987,1106
5139.321391,2677399785,2677400894,16055,1109
5139.340434,2677415302,2677416406,15842,1104
5139.357461,2677426383,2677427492,15993,1109
5139.369477,2677435249,2677436354,15787,1105
5139.384513,2677446316,2677447421,15988,1105
5139.396528,2677455174,2677456283,15831,1109
5139.423579,2677475104,2677476212,15843,1108
5139.435610,2677483958,2677485076,15910,1118
5139.447631,2677492839,2677493952,15971,1113
5139.459648,2677501694,2677502799,15830,1105
5139.471677,2677510573,2677511679,15910,1106
5139.483701,2677519432,2677520538,15991,1106
5139.495716,2677528291,2677529401,15826,1110
5139.507747,2677537153,2677538257,15879,1104
5139.519768,2677546010,2677547119,15930,1109
5139.531785,2677554880,2677555985,15851,1105
5139.543816,2677563739,2677564846,15921,1107
5139.555839,2677572599,2677573707,15999,1108
5139.567854,2677581457,2677582571,15840,1114
5139.579882,2677590321,2677591432,15967,1111
5139.591907,2677599182,2677600299,16074,1117
5139.603922,2677608073,2677609182,15849,1109
5139.615953,2677616931,2677618045,15905,1114
5139.649014,2677641277,2677642377,15904,1100
5139.661037,2677650121,2677651225,15820,1104
5139.694094,2677674510,2677675614,15831,1104
5139.706126,2677683355,2677684460,15909,1105
5139.736180,2677705534,2677706640,15975,1106
5139.748204,2677714826,2677715934,15906,1108
5139.760226,2677723702,2677724809,15908,1107
5139.772250,2677732581,2677733691,15990,1110
5139.784265,2677741443,2677742557,15832,1114
5139.796294,2677750310,2677751418,15911,1108
5139.808318,2677759185,2677760290,15976,1105
5139.877449,2677810114,2677811218,15905,1104
5139.889473,2677818962,2677820076,15995,1114
5139.907506,2677832238,2677833347,15975,1109
5139.931551,2677849965,2677851071,15903,1106
5139.943573,2677858831,2677859937,15965,1106
5139.955591,2677867703,2677868812,15844,1109
5139.967618,2677876558,2677877669,15905,1111
5139.979643,2677885432,2677886540,15933,1108
5139.991660,2677894308,2677895417,15800,1109
5140.003688,2677903167,2677904271,15988,1104
5140.015710,2677912031,2677913136,16042,1105
5140.027728,2677920890,2677921998,15941,1108
5140.045767,2677934199,2677935313,15911,1114
5140.057790,2677943062,2677944165,15906,1103
5140.105882,2677978490,2677979599,15962,1109
5140.117900,2677987346,2677988455,15857,1109
5140.129930,2677996422,2677997533,15902,1111
5140.141952,2678005297,2678006402,15976,1105
5140.153969,2678014160,2678015260,15831,1100
5140.165998,2678023015,2678024129,15905,1114
5140.217088,2678060653,2678061762,15842,1109
5140.229119,2678069523,2678070631,15986,1108
5140.241141,2678078385,2678079498,15977,1113
5140.253157,2678087247,2678088352,15832,1105
5140.265186,2678096121,2678097227,15906,1106
5140.280209,2678107196,2678108301,15824,1105
5140.325294,2678140403,2678141512,15842,1109
5140.337323,2678149408,2678150522,15907,1114
5140.349346,2678158274,2678159379,15978,1105
5140.428496,2678218061,2678219169,15958,1108
5140.445528,2678229148,2678230257,15912,1109
5140.457552,2678238011,2678239116,15930,1105
5140.493619,2678264577,2678265686,15912,1109
5140.505639,2678273429,2678274529,15857,1100
5140.532688,2678293349,2678294458,15854,1109
5140.544718,2678302385,2678303494,15912,1109
5140.559740,2678313462,2678314573,15832,1111
5140.571769,2678322317,2678323426,15990,1109
5140.583793,2678331172,2678332272,16071,1100
5140.640900,2678373270,2678374378,15906,1108
5140.652924,2678382127,2678383231,15994,1104
5140.673965,2678397620,2678398720,15995,1100
5140.685980,2678406457,2678407565,15831,1108
5140.713032,2678426358,2678427463,15843,1105
5140.725062,2678435206,2678436306,15909,1100
5140.740088,2678446274,2678447378,15905,1104
5140.752110,2678455127,2678456231,15903,1104
5140.764135,2678463992,2678465106,15979,1114
5140.776152,2678472850,2678473960,15843,1110
5140.788179,2678481708,2678482817,15912,1109
5140.806215,2678494999,2678496104,15900,1105
5140.818236,2678503860,2678504965,15959,1105
5140.830254,2678512722,2678513825,15857,1103
5140.852328,2678530453,2678531557,15977,1104
5140.905403,2678568099,2678569207,15901,1108
5140.917425,2678576958,2678578067,15966,1109
5140.929443,2678585817,2678586922,15859,1105
5140.941471,2678594670,2678595779,15906,1109
5140.953495,2678603559,2678604663,15973,1104
5140.965512,2678612424,2678613535,15846,1111
5140.980547,2678623502,2678624611,15973,1109
5140.992563,2678632369,2678633476,15855,1107
5141.007596,2678643431,2678644535,15961,1104
5141.019614,2678652308,2678653413,15857,1105
5141.031644,2678661154,2678662268,15902,1114
5141.043667,2678670032,2678671137,15981,1105
5141.055683,2678678891,2678679996,15844,1105
5141.067711,2678687747,2678688856,15813,1109
5141.079735,2678696624,2678697731,15894,1107
5141.091751,2678705486,2678706589,15857,1103
5141.103781,2678714344,2678715450,15908,1106
5141.115802,2678723211,2678724316,15963,1105
5141.133837,2678736511,2678737619,15961,1108
5141.145855,2678745379,2678746484,15890,1105
5141.163889,2678758701,2678759815,15765,1114
5141.175920,2678767574,2678768677,15903,1103
5141.187941,2678776450,2678777559,15868,1109
5141.199958,2678785341,2678786446,15844,1105
5141.211988,2678794190,2678795294,15909,1104
5141.224009,2678803043,2678804157,15887,1114
5141.236032,2678811906,2678813005,15905,1099
5141.248055,2678820764,2678821873,15906,1109
5141.260080,2678829816,2678830930,15991,1114
5141.273603,2678840205,2678841308,15971,1103
5141.288632,2678851280,2678852384,15908,1104
5141.351754,2678897778,2678898884,15903,1106
5141.363775,2678906674,2678907779,16054,1105
5141.375792,2678915526,2678916631,15853,1105
5141.387821,2678924392,2678925501,15916,1109
5141.399845,2678933278,2678934382,15900,1104
5141.411861,2678942135,2678943241,15830,1106
5141.423890,2678950994,2678952099,15822,1105
5141.480999,2678993101,2678994210,15981,1109
5141.493015,2679001956,2679003063,15838,1107
5141.538101,2679035166,2679036269,15843,1103
5141.550131,2679044017,2679045123,15906,1106
5141.562154,2679052882,2679053981,15976,1099
5141.574169,2679061729,2679062838,15851,1109
5141.589206,2679072809,2679073922,16039,1113
5141.601221,2679081677,2679082786,15831,1109
5141.691392,2679148156,2679149259,15826,1103
5141.703421,2679157013,2679158122,15906,1109
5141.715446,2679165879,2679166979,15992,1100
5141.727460,2679174734,2679175848,15785,1114
5141.739493,2679183621,2679184730,15925,1109
5141.751513,2679192463,2679193567,15970,1104
5141.763534,2679201338,2679202447,15882,1109
5141.776562,2679212430,2679213539,15973,1109
5141.799598,2679227971,2679229076,15912,1105
5141.811627,2679236839,2679237944,15911,1105
5141.823651,2679245706,2679246810,15981,1104
5141.835667,2679254574,2679255679,15838,1105
5141.847699,2679263496,2679264610,15940,1114
5141.895782,2679298792,2679299892,15960,1100
5141.907801,2679307581,2679308687,15626,1106
5141.919830,2679316426,2679317537,15865,1111
5141.931851,2679325289,2679326403,15849,1114
5141.943870,2679334125,2679335228,15599,1103
5141.955901,2679342944,2679344018,15809,1074
5141.967919,2679351776,2679352885,15945,1109
5141.979946,2679360578,2679361681,15787,1103
5141.991967,2679369410,2679370519,15947,1109
5142.003987,2679378264,2679379373,15967,1109
5142.016007,2679387071,2679388172,15626,1101
5142.028036,2679395906,2679397016,16027,1110
5142.046070,2679409167,2679410276,15945,1109
5142.058091,2679417990,2679419097,15960,1107
5142.121212,2679464308,2679465413,15935,1105
5142.133232,2679473134,2679474238,15739,1104
5142.154276,2679488569,2679489674,16022,1105
5142.169298,2679499580,2679500683,15704,1103
5142.181331,2679508433,2679509542,15997,1109
5142.193348,2679517263,2679518367,15962,1104
5142.205367,2679526058,2679527159,15622,1101
5142.220399,2679537069,2679538173,15963,1104
5142.232421,2679545910,2679547015,15782,1105
5142.247451,2679556951,2679558055,15964,1104
5142.259470,2679565753,2679566856,15625,1103
5142.331610,2679618656,2679619756,15823,1100
5142.343636,2679627469,2679628575,15948,1106
5142.355657,2679636287,2679637400,16047,1113
5142.367676,2679645100,2679646202,15714,1102
5142.379710,2679653935,2679655040,15996,1105
5142.391725,2679662754,2679663860,15966,1106
5142.403744,2679671547,2679672650,15633,1103
5142.415773,2679680347,2679681461,15949,1114
5142.433812,2679693581,2679694695,15960,1114
5142.445828,2679702423,2679703528,15964,1105
5142.505944,2679746488,2679747597,16031,1109
5142.517966,2679755318,2679756423,16005,1105
5142.549030,2679779538,2679780643,16026,1105
5142.581088,2679801569,2679802678,15954,1109
5142.593107,2679810414,2679811524,15865,1110
5142.605133,2679819243,2679820351,16027,1108
5142.653223,2679854524,2679855633,15972,1109
5142.665242,2679863370,2679864476,15670,1106
5142.677273,2679872184,2679873293,15968,1109
5142.728365,2679909591,2679910691,15917,1100
5142.740390,2679918394,2679919499,15952,1105
5142.755413,2679929404,2679930502,15698,1098
5142.767442,2679938233,2679939338,15951,1105
5142.777471,2679946161,2679947269,15948,1108
5142.789988,2679955007,2679956116,16086,1109
5142.802007,2679963889,2679964995,15936,1106
5142.814024,2679972667,2679973767,15629,1100
5142.826057,2679981480,2679982596,16035,1116
5142.841079,2679992528,2679993638,15828,1110
5142.853111,2680001373,2680002456,15817,1083
5142.868127,2680012348,2680013451,15629,1103
5142.880161,2680021206,2680022315,15968,1109
5142.892178,2680030026,2680031135,15971,1109
5142.904196,2680038853,2680039954,15552,1101
5142.922238,2680052053,2680053154,15710,1101
5142.934259,2680060841,2680061945,15908,1104
5142.946280,2680069663,2680070772,15963,1109
5142.976336,2680091768,2680092876,15843,1108
5142.988362,2680100598,2680101707,15951,1109
5143.000383,2680109404,2680110513,15960,1109
5143.012401,2680118217,2680119322,15703,1105
5143.024434,2680127042,2680128146,15994,1104
5143.076533,2680166703,2680167808,16042,1105
5143.159691,2680226141,2680227221,15811,1080
5143.180727,2680241613,2680242727,15932,1114
5143.192744,2680250396,2680251498,15587,1102
5143.207777,2680261428,2680262532,15974,1104
5143.219803,2680270242,2680271353,15709,1111
5143.231825,2680279079,2680280184,15910,1105
5143.243845,2680287902,2680289011,15924,1109
5143.255865,2680296702,2680297808,15628,1106
5143.273902,2680309971,2680311069,15830,1098
5143.285928,2680318786,2680319895,15953,1109
5143.397138,2680400244,2680401348,16047,1104
5143.409156,2680409082,2680410188,15590,1106
5143.421188,2680417914,2680419019,16074,1105
5143.499331,2680475309,2680476421,15834,1112
5143.511357,2680484148,2680485254,16028,1106
5143.523380,2680492987,2680494090,15864,1103
5143.541412,2680506212,2680507317,16049,1105
5143.553430,2680515037,2680516139,15672,1102
5143.604531,2680552514,2680553618,16045,1104
5143.616560,2680561343,2680562449,15979,1106
5143.628580,2680570187,2680571296,15955,1109
5143.704732,2680627499,2680628608,15638,1109
5143.751808,2680660571,2680661669,15628,1098
5143.763837,2680669369,2680670478,15952,1109
5143.775858,2680678244,2680679353,15937,1109
5143.787882,2680687118,2680688222,15837,1104
5143.799907,2680695978,2680697089,16014,1111
5143.811926,2680704832,2680705946,16047,1114
5143.823945,2680713673,2680714779,15706,1106
5143.835978,2680722572,2680723687,15875,1115
5143.847995,2680731436,2680732541,16012,1105
5143.860016,2680740302,2680741407,15845,1105
5143.872045,2680749191,2680750301,15862,1110
5143.893087,2680764759,2680765870,15984,1111
5143.905102,2680773656,2680774767,15826,1111
5143.926146,2680789129,2680790243,15955,1114
5143.938167,2680797991,2680799104,15912,1113
5143.977237,2680826611,2680827713,15673,1102
5143.989266,2680835432,2680836540,15960,1108
5144.001286,2680844266,2680845370,15976,1104
5144.013313,2680853058,2680854164,15713,1106
5144.031340,2680866323,2680867434,15595,1111
5144.043373,2680875392,2680876495,15921,1103
5144.055389,2680884203,2680885303,15920,1100
5144.073425,2680897445,2680898550,15931,1105
5144.085442,2680906228,2680907330,15626,1102
5144.136543,2680943692,2680944801,15960,1109
5144.148563,2680952512,2680953615,15549,1103
5144.160592,2680961321,2680962436,15861,1115
5144.172613,2680970194,2680971301,15934,1107
5144.235732,2681016502,2681017611,15966,1109
5144.249258,2681026454,2681027554,15975,1100
5144.264291,2681037517,2681038625,15960,1108
5144.276312,2681046345,2681047445,15962,1100
5144.288334,2681055593,2681056701,15936,1108
5144.340439,2681095361,2681096468,15704,1107
5144.441620,2681168079,2681169181,15629,1102
5144.453654,2681176956,2681178062,15873,1106
5144.465672,2681185812,2681186916,15947,1104
5144.544821,2681245320,2681246425,15960,1105
5144.615962,2681295987,2681297095,16044,1108
5144.627978,2681304804,2681305913,16048,1109
5144.639996,2681313586,2681314691,15632,1105
5144.652028,2681322414,2681323518,15954,1104
5144.664050,2681331279,2681332392,16035,1113
5144.676069,2681340110,2681341210,15824,1100
5144.688095,2681348941,2681350049,15949,1108
5144.700115,2681357766,2681358866,15966,1100
5144.712137,2681366597,2681367706,15828,1109
5144.745201,2681390872,2681391982,15970,1110
5144.757228,2681399665,2681400772,15787,1107
5144.778266,2681415143,2681416252,16027,1109
5144.790287,2681423969,2681425073,15968,1104
5144.841391,2681461471,2681462576,15968,1105
5144.853407,2681470293,2681471393,15969,1100
5144.865426,2681479100,2681480208,15627,1108
5144.877459,2681487947,2681489050,15961,1103
5144.904511,2681507800,2681508914,15968,1114
5144.916528,2681516665,2681517774,15936,1109
5144.967626,2681554116,2681555221,15950,1105
5144.979647,2681562939,2681564048,15961,1109
5144.991666,2681571720,2681572821,15664,1101
5145.003695,2681580554,2681581658,16034,1104
5145.015717,2681589396,2681590504,15986,1108
5145.027734,2681598190,2681599297,15705,1107
5145.045769,2681611410,2681612507,15624,1097
5145.057801,2681620212,2681621321,16079,1109
5145.075832,2681633459,2681634567,15949,1108
5145.087854,2681642294,2681643398,16044,1104
5145.099871,2681651102,2681652198,15628,1096
5145.111905,2681659948,2681661052,15965,1104
5145.123922,2681668791,2681669901,16055,1110
5145.135940,2681677603,2681678709,15590,1106
5145.147969,2681686423,2681687532,16033,1109
5145.159992,2681695272,2681696386,16031,1114
5145.190043,2681717287,2681718393,15704,1106
5145.202072,2681726114,2681727223,15954,1109
5145.262183,2681770197,2681771302,15907,1105
5145.274209,2681779045,2681780155,15946,1110
5145.292244,2681792250,2681793357,15949,1107
5145.304264,2681801076,2681802185,15855,1109
5145.316283,2681809896,2681810997,15671,1101
5145.328314,2681818714,2681819823,16021,1109
5145.392437,2681867178,2681868281,16044,1103
5145.469574,2681922243,2681923344,15705,1101
5145.481604,2681931060,2681932165,16034,1105
5145.496626,2681942071,2681943177,15625,1106
5145.508659,2681950935,2681952049,15965,1114
5145.577780,2682001627,2682002728,15625,1101
5145.589809,2682010459,2682011573,16029,1114
5145.676969,2682074374,2682075480,15627,1106
5145.688998,2682083211,2682084318,15859,1107
5145.704023,2682094246,2682095360,15824,1114
5145.716050,2682103075,2682104178,15953,1103
5145.728070,2682111896,2682112996,16001,1100
5145.740089,2682120693,2682121797,15625,1104
5145.752121,2682129516,2682130620,15997,1104
5145.764139,2682138342,2682139451,15969,1109
5145.776157,2682147120,2682148230,15625,1110
5145.788189,2682155953,2682157030,15902,1077
5145.800207,2682164753,2682165853,15934,1100
5145.812229,2682173985,2682175095,15653,1110
5145.824255,2682182796,2682183901,15956,1105
5145.836276,2682191615,2682192721,15961,1106
5145.848303,2682200402,2682201505,15710,1103
5145.863327,2682211436,2682212549,15959,1113
5145.884363,2682226863,2682227964,15592,1101
5145.896392,2682235697,2682236792,15903,1095
5145.908414,2682244558,2682245662,15934,1104
5145.929449,2682259938,2682261036,15620,1098
5145.941478,2682268758,2682269867,15901,1109
5146.031650,2682334858,2682335972,16027,1114
5146.043670,2682343690,2682344795,15964,1105
5146.061704,2682356911,2682358020,16041,1109
5146.073724,2682365701,2682366811,15628,1110
5146.088756,2682376754,2682377863,16045,1109
5146.100777,2682385584,2682386688,15824,1104
5146.136843,2682412033,2682413136,15624,1103
5146.148876,2682420883,2682421987,15998,1104
5146.184941,2682447357,2682448466,15949,1109
5146.196962,2682456167,2682457266,15767,1099
5146.237044,2682487043,2682488156,15946,1113
5146.257079,2682500268,2682501372,15946,1104
5146.269099,2682509090,2682510204,15963,1114
5146.296150,2682528928,2682530033,15841,1105
5146.308169,2682537781,2682538883,15584,1102
5146.320199,2682546606,2682547715,15951,1109
5146.332219,2682555430,2682556534,15965,1104
5146.344245,2682564232,2682565339,15713,1107
5146.356267,2682573069,2682574184,15947,1115
5146.368287,2682581899,2682583004,15958,1105
5146.407358,2682610587,2682611685,15594,1098
5146.419389,2682619398,2682620476,15727,1078
5146.431407,2682628177,2682629291,15878,1114
5146.443434,2682636973,2682638074,15671,1101
5146.455456,2682645793,2682646898,15859,1105
5146.467476,2682654594,2682655699,16047,1105
5146.479495,2682663394,2682664500,15709,1106
5146.497532,2682676643,2682677752,15826,1109
5146.509558,2682685500,2682686604,15950,1104
5146.552647,2682718522,2682719628,16036,1106
5146.599734,2682751647,2682752752,16033,1105
5146.611751,2682760468,2682761568,16051,1100
5146.623770,2682769272,2682770377,15589,1105
5146.635799,2682778103,2682779208,15951,1105
5146.647822,2682786911,2682788016,15955,1105
5146.659838,2682795688,2682796791,15622,1103
5146.671867,2682804502,2682805606,15952,1104
5146.689904,2682817691,2682818769,15881,1078
5146.701923,2682826503,2682827611,15972,1108
5146.757035,2682868369,2682869476,15702,1107
5146.825159,2682916890,2682917993,15943,1103
5146.837179,2682925719,2682926828,15966,1109
5146.849198,2682934500,2682935611,15624,1111
5146.868332,2682943995,2682944614,12011,619
5146.883777,2682949177,2682949999,13419,822
5146.895798,2682958087,2682959246,16402,1159
5146.907815,2682967341,2682968529,16270,1188
5146.919840,2682976797,2682977981,16300,1184
5146.931865,2682986193,2682987353,16388,1160
5146.943881,2682995626,2682996789,16259,1163
5146.955908,2683005078,2683006242,16312,1164
5146.967934,2683014523,2683015708,16309,1185
5146.979949,2683023971,2683025155,16178,1184
5146.991978,2683033454,2683034645,16315,1191
5147.004002,2683042913,2683044080,16386,1167
5147.049086,2683078582,2683079770,16368,1188
5147.061107,2683088063,2683089247,16294,1184
5147.097172,2683116537,2683117734,16252,1197
5147.109200,2683126084,2683127277,16313,1193
5147.124224,2683138008,2683139173,16255,1165
5147.136253,2683147513,2683148706,16316,1193
5147.148276,2683157030,2683158194,16387,1164
5147.160293,2683166501,2683167686,16204,1185
5147.172320,2683176023,2683177217,16316,1194
5147.200374,2683199735,2683200923,16371,1188
5147.235442,2683225860,2683227021,16313,1161
5147.247464,2683235354,2683236547,16389,1193
5147.265499,2683249587,2683250751,16382,1164
5147.277515,2683259059,2683260252,16203,1193
5147.295550,2683273312,2683274504,16272,1192
5147.307579,2683282850,2683284042,16314,1192
5147.319603,2683293576,2683294755,16295,1179
5147.331618,2683303123,2683304322,16253,1199
5147.343647,2683312653,2683313842,16226,1189
5147.355672,2683322184,2683323377,16395,1193
5147.369198,2683330916,2683332026,15917,1110
5147.381213,2683339800,2683340906,15812,1106
5147.396248,2683350899,2683352011,15901,1112
5147.408264,2683359797,2683360909,15758,1112
5147.423300,2683370919,2683372025,15978,1106
5147.435321,2683379818,2683380921,15885,1103
5147.453350,2683393124,2683394226,15826,1102
5147.465379,2683401984,2683403095,15909,1111
5147.480401,2683413048,2683414157,15831,1109
5147.492432,2683421917,2683423021,15823,1104
5147.504453,2683430772,2683431883,16058,1111
5147.516470,2683439648,2683440759,15893,1111
5147.528499,2683448535,2683449644,15905,1109
5147.540522,2683457413,2683458519,15975,1106
5147.564566,2683475115,2683476219,15820,1104
5147.576590,2683483988,2683485087,15889,1099
5147.600636,2683501706,2683502817,15908,1111
5147.612658,2683510576,2683511681,15875,1105
5147.624676,2683519452,2683520556,15858,1104
5147.636704,2683528316,2683529418,15907,1102
5147.651727,2683539397,2683540506,15843,1109
5147.672772,2683554916,2683556030,15912,1114
5147.684797,2683563800,2683564905,15935,1105
5147.696812,2683572671,2683573780,15856,1109
5147.711846,2683583763,2683584874,15963,1111
5147.723864,2683592618,2683593722,15855,1104
5147.741899,2683605922,2683607031,15825,1109
5147.753928,2683614787,2683615896,15910,1109
5147.765952,2683623657,2683624772,15985,1115
5147.777968,2683632539,2683633653,15827,1114
5147.814036,2683659129,2683660238,15843,1109
5147.826066,2683668007,2683669111,15903,1104
5147.844100,2683681298,2683682407,15909,1109
5147.856124,2683690154,2683691263,15903,1109
5147.868139,2683699016,2683700125,15833,1109
5147.880168,2683707890,2683708999,15910,1109
5147.910225,2683730039,2683731152,15943,1113
5147.922242,2683738908,2683740012,15799,1104
5147.937278,2683749984,2683751088,15991,1104
5147.949293,2683758849,2683759958,15746,1109
5147.961322,2683767718,2683768821,15903,1103
5147.976348,2683778803,2683779911,15816,1108
5147.988375,2683787657,2683788767,15907,1110
5148.000396,2683796535,2683797648,15969,1113
5148.012413,2683805396,2683806495,15847,1099
5148.024443,2683814269,2683815375,15818,1106
5148.040480,2683827550,2683828661,15907,1111
5148.057502,2683838620,2683839729,15859,1109
5148.069528,2683847504,2683848608,15912,1104
5148.081551,2683856358,2683857467,15913,1109
5148.093567,2683865210,2683866315,15841,1105
5148.105597,2683874078,2683875192,15906,1114
5148.117619,2683882939,2683884044,15971,1105
5148.132648,2683894022,2683895130,15918,1108
5148.144672,2683902882,2683903987,15971,1105
5148.159699,2683913979,2683915088,15863,1109
5148.201773,2683945026,2683946135,15845,1109
5148.213804,2683953896,2683955003,15902,1107
5148.231837,2683967197,2683968306,15908,1109
5148.243861,2683976057,2683977166,15988,1109
5148.255876,2683984941,2683986045,15809,1104
5148.297962,2684015965,2684017071,15973,1106
5148.309979,2684024814,2684025919,15843,1105
5148.340043,2684046974,2684048088,15910,1114
5148.352067,2684055854,2684056965,15990,1111
5148.364082,2684064750,2684065855,15833,1105
5148.382116,2684078027,2684079131,15835,1104
5148.394148,2684086900,2684088009,15926,1109
5148.409167,2684097979,2684099083,15837,1104
5148.421198,2684106830,2684107940,15818,1110
5148.457266,2684133423,2684134532,15905,1109
5148.469290,2684142302,2684143408,15872,1106
5148.481305,2684151162,2684152265,15843,1103
5148.493335,2684160011,2684161117,15907,1106
5148.529403,2684186585,2684187694,15918,1109
5148.541427,2684195458,2684196567,15990,1109
5148.556454,2684206555,2684207664,15907,1109
5148.568478,2684215451,2684216554,15905,1103
5148.596537,2684237610,2684238718,15842,1108
5148.637608,2684266413,2684267519,15909,1106
5148.649633,2684275284,2684276390,15993,1106
5148.661648,2684284136,2684285247,15830,1111
5148.673677,2684292996,2684294105,15901,1109
5148.709747,2684319578,2684320691,15907,1113
5148.721768,2684328443,2684329557,15969,1114
5148.745814,2684346179,2684347285,15910,1106
5148.757838,2684355059,2684356163,15988,1104
5148.775871,2684368330,2684369435,15996,1105
5148.787888,2684377201,2684378315,15842,1114
5148.799917,2684386114,2684387228,15864,1114
5148.811941,2684395016,2684396130,15904,1114
5148.823963,2684403910,2684405020,15817,1110
5148.835987,2684413234,2684414345,15913,1111
5148.848008,2684422145,2684423255,15929,1110
5148.860025,2684431031,2684432140,15760,1109
5148.872055,2684439905,2684441014,15906,1109
5148.884080,2684448790,2684449895,16072,1105
5148.896094,2684457646,2684458751,15829,1105
5148.908123,2684466508,2684467607,15860,1099
5148.953210,2684499702,2684500812,15905,1110
5148.965231,2684508589,2684509694,15973,1105
5148.977248,2684517449,2684518556,15829,1107
5148.989279,2684526326,2684527436,15907,1110
5149.064420,2684581640,2684582748,15975,1108
5149.079448,2684592717,2684593826,15901,1109
5149.091473,2684601576,2684602691,15989,1115
5149.103488,2684610441,2684611550,15831,1109
5149.115517,2684619281,2684620389,15816,1108
5149.127540,2684628133,2684629246,15892,1113
5149.139557,2684636998,2684638097,15757,1099
5149.151587,2684645850,2684646952,15907,1102
5149.172626,2684661352,2684662466,15909,1114
5149.184642,2684670224,2684671328,15844,1104
5149.196670,2684679084,2684680190,15817,1106
5149.208694,2684687960,2684689065,15977,1105
5149.223723,2684699031,2684700137,15908,1106
5149.235744,2684707897,2684709008,15967,1111
5149.247762,2684716753,2684717857,15856,1104
5149.259791,2684725622,2684726728,15908,1106
5149.301865,2684756650,2684757757,15822,1107
5149.313893,2684765511,2684766620,15907,1109
5149.364985,2684803156,2684804260,15857,1104
5149.377014,2684812024,2684813138,15901,1114
5149.404066,2684831971,2684833085,15907,1114
5149.416090,2684840843,2684841954,15985,1111
5149.428105,2684849697,2684850801,15760,1104
5149.440136,2684858556,2684859660,15820,1104
5149.452157,2684867428,2684868533,15890,1105
5149.464174,2684876300,2684877404,15846,1104
5149.482208,2684889606,2684890710,15822,1104
5149.494237,2684898455,2684899564,15902,1109
5149.515279,2684913973,2684915082,15991,1109
5149.527294,2684922832,2684923937,15843,1105
5149.539324,2684931680,2684932789,15817,1109
5149.551346,2684940524,2684941623,15975,1099
5149.569381,2684953803,2684954910,15907,1107
5149.581397,2684962682,2684963786,15827,1104
5149.623483,2684993699,2684994803,15978,1104
5149.635500,2685002555,2685003659,15759,1104
5149.647531,2685011409,2685012513,15829,1104
5149.665565,2685024684,2685025790,15904,1106
5149.677587,2685033553,2685034667,15942,1114
5149.719668,2685064567,2685065676,15909,1109
5149.731689,2685073419,2685074527,15884,1108
5149.743705,2685082275,2685083379,15764,1104
5149.755736,2685091137,2685092241,15906,1104
5149.767759,2685100003,2685101107,15912,1104
5149.779776,2685108879,2685109993,15825,1114
5149.791803,2685117747,2685118852,15904,1105
5149.803827,2685126603,2685127711,15986,1108
5149.815850,2685135474,2685136578,15907,1104
5149.827873,2685144332,2685145441,15866,1109
5149.839895,2685153186,2685154285,15975,1099
5149.851914,2685162045,2685163158,15784,1113
5149.863942,2685170911,2685172025,15911,1114
5149.875965,2685179774,2685180883,15871,1109
5149.896997,2685195289,2685196398,15826,1109
5149.909026,2685204163,2685205272,15906,1109
5149.936079,2685224127,2685225232,15949,1105
5149.948101,2685232987,2685234092,15977,1105
5149.960117,2685241843,2685242949,15849,1106
5149.972146,2685250701,2685251806,15858,1105
5149.984171,2685259568,2685260668,15977,1100
5149.996186,2685268430,2685269539,15845,1109
5150.008213,2685277287,2685278401,15908,1114
5150.020236,2685286174,2685287283,16049,1109
5150.032254,2685295031,2685296139,15943,1108
5150.044283,2685303891,2685304997,15951,1106
5150.056305,2685312759,2685313869,15968,1110
5150.077340,2685328281,2685329386,15836,1105
5150.089367,2685337140,2685338250,15902,1110
5150.101392,2685346000,2685347107,15933,1107
5150.113415,2685354866,2685355970,15912,1104
5150.149477,2685381456,2685382556,15858,1100
5150.161506,2685390307,2685391416,15865,1109
5150.185546,2685408010,2685409117,15839,1107
5150.197575,2685416893,2685417999,15905,1106
5150.209599,2685425742,2685426848,15902,1106
5150.227632,2685439053,2685440162,15971,1109
5150.239649,2685447906,2685449011,15846,1105
5150.251680,2685456744,2685457850,15911,1106
5150.329821,2685514329,2685515438,15850,1109
5150.340348,2685522284,2685523391,15986,1107
5150.352363,2685531176,2685532288,15878,1112
5150.364394,2685540052,2685541161,15823,1109
5150.391445,2685560008,2685561114,15821,1106
5150.403466,2685568871,2685569981,15976,1110
5150.415483,2685577724,2685578833,15740,1109
5150.436529,2685593218,2685594323,15905,1105
5150.448554,2685602068,2685603173,15988,1105
5150.556759,2685681881,2685682985,15989,1104
5150.568774,2685690736,2685691844,15760,1108
5150.592827,2685708449,2685709555,15977,1106
5150.604843,2685717335,2685718440,15755,1105
5150.628897,2685735044,2685736148,15990,1104
5150.640912,2685743897,2685745001,15744,1104
5150.661960,2685759406,2685760515,15910,1109
5150.673981,2685768262,2685769362,15976,1100
5150.698028,2685785981,2685787085,15906,1104
5150.710051,2685794841,2685795949,15915,1108
5150.746119,2685821452,2685822557,15990,1105
5150.758142,2685830302,2685831407,15910,1105
5150.777183,2685845792,2685846898,15907,1106
5150.794203,2685856865,2685857976,15847,1111
5150.806235,2685865741,2685866847,15906,1106
5150.869354,2685912242,2685913357,15911,1115
5150.881375,2685921113,2685922227,15947,1114
5150.908428,2685941063,2685942169,15911,1106
5150.920444,2685949933,2685951033,15831,1100
5150.956520,2685976495,2685977608,15905,1113
5150.968543,2685985358,2685986466,15911,1108
5150.984577,2685998659,2685999772,15906,1113
5150.996594,2686007543,2686008652,15971,1109
5151.020646,2686025273,2686026378,15905,1105
5151.037666,2686036347,2686037461,15759,1114
5151.049694,2686045207,2686046307,15861,1100
5151.061716,2686054084,2686055189,15949,1105
5151.079747,2686067301,2686068412,15962,1111
5151.091766,2686076106,2686077209,15643,1103
5151.103795,2686084923,2686086027,15935,1104
5151.115817,2686093756,2686094856,15934,1100
5151.127835,2686102551,2686103657,15644,1106
5151.139863,2686111360,2686112466,15897,1106
5151.151884,2686120171,2686121280,15919,1109
5151.163903,2686128944,2686130047,15642,1103
5151.188962,2686148777,2686149880,15640,1103
5151.208992,2686162026,2686163126,15842,1100
5151.221018,2686170852,2686171957,15934,1105
5151.233039,2686179685,2686180788,15965,1103
5151.293159,2686223792,2686224901,15956,1109
5151.305176,2686232622,2686233732,15866,1110
5151.395348,2686298709,2686299819,15965,1110
5151.407369,2686307531,2686308637,15821,1106
5151.419396,2686316369,2686317480,16040,1111
5151.431416,2686325204,2686326309,16050,1105
5151.449451,2686338443,2686339538,15967,1095
5151.461469,2686347271,2686348368,15605,1097
5151.503553,2686378087,2686379196,15870,1109
5151.515573,2686386927,2686388024,15610,1097
5151.527600,2686395728,2686396837,15848,1109
5151.539622,2686404557,2686405662,15969,1105
5151.560658,2686419952,2686421058,15634,1106
5151.572686,2686428773,2686429880,15935,1107
5151.608759,2686455216,2686456322,15930,1106
5151.620776,2686464054,2686465157,15962,1103
5151.644823,2686481672,2686482777,16017,1105
5151.656847,2686490491,2686491605,15946,1114
5151.689909,2686514693,2686515802,16018,1109
5151.701930,2686523518,2686524632,15869,1114
5151.713950,2686532352,2686533455,15616,1103
5151.725977,2686541174,2686542278,16020,1104
5151.786087,2686585254,2686586351,15642,1097
5151.798115,2686594060,2686595165,15937,1105
5151.810137,2686602898,2686604007,15939,1109
5151.822155,2686611684,2686612786,15637,1102
5151.837189,2686622769,2686623874,15974,1105
5151.848334,2686631984,2686633088,15897,1104
5151.909324,2686676142,2686677248,15962,1106
5151.921346,2686684946,2686686052,15705,1106
5151.945394,2686702637,2686703742,16046,1105
5151.957413,2686711439,2686712542,15707,1103
5152.020535,2686757763,2686758868,15902,1105
5152.032566,2686766604,2686767703,16049,1099
5152.065618,2686790822,2686791928,15623,1106
5152.077648,2686799638,2686800744,15952,1106
5152.120733,2686832772,2686833881,15959,1109
5152.161807,2686861481,2686862593,16015,1112
5152.173825,2686870290,2686871395,15667,1105
5152.188857,2686881338,2686882453,15965,1115
5152.224926,2686907798,2686908903,16047,1105
5152.236944,2686916612,2686917719,15670,1107
5152.252989,2686929866,2686930971,15829,1105
5152.270011,2686940903,2686942008,15970,1105
5152.325124,2686982792,2686983903,15703,1111
5152.360184,2687007106,2687008205,15939,1099
5152.372202,2687015923,2687017026,15671,1103
5152.384233,2687024739,2687025818,15808,1079
5152.396251,2687033530,2687034634,15860,1104
5152.408270,2687042364,2687043470,15591,1106
5152.420304,2687051201,2687052306,15972,1105
5152.432320,2687060025,2687061127,16041,1102
5152.444349,2687068812,2687069918,15709,1106
5152.543535,2687141588,2687142689,15788,1101
5152.555557,2687150406,2687151516,15954,1110
5152.567577,2687159234,2687160345,15882,1111
5152.585611,2687172468,2687173577,16043,1109
5152.597633,2687181300,2687182413,15831,1113
5152.648735,2687218816,2687219924,15958,1108
5152.662257,2687228925,2687230024,15969,1099
5152.743411,2687288353,2687289462,15855,1109
5152.755430,2687297180,2687298283,15593,1103
5152.767462,2687305998,2687307077,15808,1079
5152.779480,2687314793,2687315898,15969,1105
5152.791507,2687323595,2687324702,15717,1107
5152.803528,2687332412,2687333522,15952,1110
5152.815548,2687341247,2687342359,16007,1112
5152.827567,2687350051,2687351153,15705,1102
5152.839597,2687358878,2687359983,16035,1105
5152.851619,2687367716,2687368821,15934,1105
5152.869651,2687380948,2687382054,15962,1106
5152.881672,2687389750,2687390850,15627,1100
5152.905720,2687407384,2687408494,15967,1110
5152.917739,2687416164,2687417276,15705,1112
5152.935773,2687429438,2687430546,15589,1108
5152.947807,2687438294,2687439399,16043,1105
5152.959823,2687447116,2687448225,16047,1109
5152.971842,2687455911,2687457014,15629,1103
5152.983873,2687464776,2687465851,15776,1075
5152.995895,2687473564,2687474672,16034,1108
5153.007915,2687482344,2687483455,15645,1111
5153.025945,2687495544,2687496654,15631,1110
5153.037974,2687504350,2687505459,15866,1109
5153.062013,2687521999,2687523096,15625,1097
5153.074042,2687530819,2687531933,15908,1114
5153.089068,2687541843,2687542949,15664,1106
5153.101094,2687550661,2687551767,15951,1106
5153.116117,2687561661,2687562771,15628,1110
5153.158201,2687592620,2687593728,15935,1108
5153.170219,2687601425,2687602528,15623,1103
5153.191269,2687616850,2687617964,15994,1114
5153.203286,2687625701,2687626806,15923,1105
5153.215305,2687634486,2687635595,15629,1109
5153.233342,2687647725,2687648834,15902,1109
5153.245373,2687656568,2687657678,16029,1110
5153.257389,2687665377,2687666476,16046,1099
5153.269410,2687674200,2687675304,15906,1104
5153.281439,2687683036,2687684108,15801,1072
5153.299472,2687696194,2687697302,15954,1108
5153.311492,2687705032,2687706137,15921,1105
5153.323510,2687713825,2687714927,15626,1102
5153.335540,2687722643,2687723757,15943,1114
5153.347561,2687731516,2687732614,15932,1098
5153.359579,2687740308,2687741411,15623,1103
5153.371613,2687749575,2687750688,15961,1113
5153.383629,2687758382,2687759488,15961,1106
5153.395648,2687767173,2687768279,15544,1106
5153.407677,2687775989,2687777098,15948,1109
5153.419699,2687784832,2687785937,15875,1105
5153.431717,2687793628,2687794738,15629,1110
5153.443750,2687802490,2687803604,15963,1114
5153.455766,2687811323,2687812423,15962,1100
5153.473800,2687824534,2687825643,15957,1109
5153.485827,2687833327,2687834434,15713,1107
5153.497849,2687842160,2687843263,15907,1103
5153.509869,2687850983,2687852092,15922,1109
5153.521888,2687859799,2687860907,15625,1108
5153.533917,2687868631,2687869745,15947,1114
5153.624088,2687934794,2687935903,15943,1109
5153.636109,2687943626,2687944735,15851,1109
5153.654144,2687956891,2687957996,16043,1105
5153.666162,2687965688,2687966794,15629,1106
5153.693214,2687985518,2687986621,15701,1103
5153.705243,2687994346,2687995456,15864,1110
5153.726281,2688009779,2688010888,15967,1109
5153.768364,2688040676,2688041781,15958,1105
5153.780383,2688049498,2688050612,15959,1114
5153.792402,2688058291,2688059394,15625,1103
5153.828471,2688084667,2688085778,15622,1111
5153.840504,2688093550,2688094655,15959,1105
5153.897605,2688135372,2688136468,15941,1096
5153.909625,2688144203,2688145310,15631,1107
5153.928670,2688159714,2688160825,16028,1111
5153.993791,2688206136,2688207246,15947,1110
5154.005812,2688214962,2688216071,15918,1109
5154.032864,2688234836,2688235951,15852,1115
5154.044883,2688243678,2688244790,15595,1112
5154.105001,2688287760,2688288870,15967,1110
5154.117024,2688296590,2688297704,15825,1114
5154.133062,2688309850,2688310959,15936,1109
5154.237259,2688384750,2688385864,15957,1114
5154.249275,2688393588,2688394696,15962,1108
5154.261294,2688402410,2688403511,15588,1101
5154.292361,2688426687,2688427789,15936,1102
5154.312395,2688439894,2688440999,15963,1105
5154.324414,2688448696,2688449797,15625,1101
5154.345460,2688464178,2688465287,15953,1109
5154.357484,2688473045,2688474144,15936,1099
5154.372512,2688484038,2688485143,15943,1105
5154.408581,2688510521,2688511626,15952,1105
5154.420601,2688519345,2688520453,15964,1108
5154.432622,2688528159,2688529274,15830,1115
5154.444649,2688536991,2688538096,15950,1105
5154.459671,2688547970,2688549081,15623,1111
5154.471701,2688556794,2688557908,15955,1114
5154.483724,2688565617,2688566726,15951,1109
5154.501755,2688578871,2688579975,15959,1104
5154.513774,2688587665,2688588765,15624,1100
5154.532820,2688603164,2688604273,15940,1109
5154.564876,2688625221,2688626330,15974,1109
5154.576904,2688634078,2688635182,15908,1104
5154.665074,2688700222,2688701332,15623,1110
5154.724181,2688742135,2688743240,15954,1105
5154.742215,2688755382,2688756491,16030,1109
5154.760249,2688768630,2688769730,15944,1100
5154.772270,2688777454,2688778554,15876,1100
5154.784289,2688786221,2688787327,15702,1106
5154.796318,2688795027,2688796137,15952,1110
5154.823369,2688814865,2688815970,16029,1105
5154.835391,2688823727,2688824836,16015,1109
5154.847409,2688832509,2688833608,15623,1099
5154.859438,2688841309,2688842419,15950,1110
5154.869954,2688849429,2688850545,15914,1116
5154.881987,2688858299,2688859408,16026,1109
5154.894002,2688867140,2688868245,16052,1105
5154.909032,2688878179,2688879292,15949,1113
5154.921053,2688887001,2688888111,15966,1110
5154.933072,2688895786,2688896891,15628,1105
5154.949114,2688908998,2688910109,15627,1111
5154.990186,2688937697,2688938802,15946,1105
5155.002207,2688946512,2688947620,15963,1108
5155.017238,2688957529,2688958633,15971,1104
5155.029261,2688966341,2688967450,15950,1109
5155.080362,2689003776,2689004883,15964,1107
5155.092379,2689012605,2689013710,15960,1105
5155.104398,2689021419,2689022525,15548,1106
5155.140466,2689047826,2689048932,15630,1106
5155.152495,2689056653,2689057755,15951,1102
5155.192577,2689087465,2689088573,15701,1108
5155.257689,2689133723,2689134824,15706,1101
5155.269718,2689142523,2689143628,16031,1105
5155.281740,2689151371,2689152477,15938,1106
5155.299773,2689164591,2689165696,16043,1105
5155.311792,2689173394,2689174501,15629,1107
5155.323824,2689182217,2689183317,15996,1100
5155.335842,2689191048,2689192157,15975,1109
5155.347861,2689199873,2689200973,15594,1100
5155.359892,2689208710,2689209788,15807,1078
5155.371910,2689217542,2689218651,15844,1109
5155.383929,2689226377,2689227480,15594,1103
5155.395958,2689235199,2689236301,15952,1102
5155.407978,2689243997,2689245103,15963,1106
5155.420005,2689252783,2689253886,15709,1103
5155.432027,2689261578,2689262687,15949,1109
5155.444047,2689270410,2689271509,16050,1099
5155.465086,2689285816,2689286931,15903,1115
5155.477118,2689294684,2689295758,15877,1074
5155.498150,2689310059,2689311175,16045,1116
5155.510169,2689318864,2689319967,15702,1103
5155.522201,2689327689,2689328788,16074,1099
5155.534219,2689336511,2689337620,15964,1109
5155.546238,2689345308,2689346399,15699,1091
5155.573292,2689365201,2689366310,15827,1109
5155.585318,2689374018,2689375126,15950,1108
5155.624393,2689402655,2689403763,15961,1108
5155.639424,2689413681,2689414758,15885,1077
5155.724592,2689477560,2689478663,15589,1103
5155.756644,2689499589,2689500694,15946,1105
5155.768665,2689508457,2689509562,15923,1105
5155.780684,2689517276,2689518378,15596,1102
5155.828781,2689552562,2689553671,16027,1109
5155.840802,2689561402,2689562507,16041,1105
5155.852821,2689570179,2689571284,15628,1105
5155.909936,2689612055,2689613160,16034,1105
5155.921959,2689620864,2689621969,16033,1105
5155.964043,2689651808,2689652921,15964,1113
5155.976060,2689660680,2689661789,15846,1109
5155.988078,2689669477,2689670583,15551,1106
5156.000107,2689678304,2689679417,15954,1113
5156.021147,2689693735,2689694839,15951,1104
5156.033164,2689702519,2689703620,15628,1101
5156.060215,2689722353,2689723459,15624,1106
5156.080332,2689731685,2689732305,12018,620
5156.148894,2689778633,2689779792,16310,1159
5156.160917,2689788072,2689789255,16402,1183
5156.172934,2689797580,2689798739,16234,1159
5156.184962,2689807010,2689808193,16268,1183
5156.212013,2689828298,2689829456,16317,1158
5156.224036,2689837750,2689838939,16341,1189
5156.236052,2689847237,2689848426,16206,1189
5156.248083,2689856736,2689857927,16323,1191
5156.260106,2689866187,2689867371,16409,1184
5156.272121,2689875681,2689876870,16238,1189
5156.284150,2689885144,2689886333,16318,1189
5156.296174,2689894637,2689895797,16404,1160
5156.308190,2689904105,2689905298,16234,1193
5156.320220,2689913612,2689914796,16308,1184
5156.332244,2689923142,2689924330,16312,1188
5156.344258,2689932648,2689933832,16256,1184
5156.356288,2689942086,2689943249,16318,1163
5156.368312,2689951532,2689952721,16314,1189
5156.384836,2689965323,2689966506,16249,1183
5156.443447,2690012193,2690013384,16239,1191
5156.455476,2690021699,2690022888,16311,1189
5156.467499,2690031203,2690032397,16360,1194
5156.479516,2690040672,2690041862,16166,1190
5156.491546,2690050149,2690051333,16317,1184
5156.512586,2690066752,2690067948,16320,1196
5156.524601,2690076303,2690077496,16234,1193
5156.536630,2690085765,2690086954,16311,1189
5156.548654,2690095217,2690096406,16396,1189
5156.560678,2690104754,2690105942,16305,1188
5156.575704,2690116617,2690117780,16380,1163
5156.589232,2690125261,2690126370,15966,1109
5156.601247,2690134124,2690135235,15817,1111
5156.613278,2690142989,2690144098,15913,1109
5156.643333,2690165144,2690166250,15969,1106
5156.655350,2690174020,2690175125,15844,1105
5156.667378,2690182878,2690183982,15857,1104
5156.679403,2690191725,2690192828,15960,1103
5156.697437,2690205007,2690206114,15943,1107
5156.709460,2690213887,2690214995,15903,1108
5156.721483,2690222743,2690223852,15908,1109
5156.733505,2690231598,2690232707,15972,1109
5156.745525,2690240471,2690241579,15796,1108
5156.757552,2690249345,2690250451,15906,1106
5156.769575,2690258215,2690259320,15981,1105
5156.781593,2690267082,2690268190,15853,1108
5156.793621,2690275970,2690277079,15992,1109
5156.817659,2690293702,2690294811,15840,1109
5156.829689,2690302572,2690303676,15886,1104
5156.841711,2690311421,2690312532,15976,1111
5156.853727,2690320286,2690321391,15845,1105
5156.871761,2690333574,2690334678,15834,1104
5156.883790,2690342440,2690343545,15912,1105
5156.895815,2690351285,2690352388,15993,1103
5156.907837,2690360144,2690361253,15899,1109
5156.919860,2690369007,2690370117,15907,1110
5156.931882,2690377866,2690378972,15980,1106
5156.943898,2690386725,2690387831,15849,1106
5156.955929,2690395576,2690396681,15907,1105
5156.967952,2690404426,2690405530,15988,1104
5156.979967,2690413275,2690414380,15745,1105
5156.991996,2690422134,2690423243,15908,1109
5157.016036,2690439863,2690440972,15849,1109
5157.028066,2690448735,2690449840,15910,1105
5157.040088,2690457607,2690458712,15973,1105
5157.052105,2690466463,2690467572,15847,1109
5157.064133,2690475314,2690476420,15906,1106
5157.076157,2690484184,2690485293,15993,1109
5157.094192,2690497477,2690498581,15985,1104
5157.112225,2690510754,2690511856,15978,1102
5157.124242,2690519618,2690520724,15850,1106
5157.136272,2690528483,2690529589,15906,1106
5157.148293,2690537362,2690538471,15973,1109
5157.160310,2690546223,2690547337,15828,1114
5157.172339,2690555100,2690556205,15905,1105
5157.184364,2690563960,2690565074,15993,1114
5157.196379,2690572808,2690573914,15825,1106
5157.208408,2690581700,2690582806,15915,1106
5157.220429,2690590550,2690591656,15963,1106
5157.232447,2690599415,2690600530,15861,1115
5157.244476,2690608283,2690609386,15906,1103
5157.256499,2690617132,2690618237,15995,1105
5157.271526,2690628192,2690629298,15988,1106
5157.283551,2690637066,2690638179,15981,1113
5157.295567,2690645918,2690647022,15842,1104
5157.307596,2690654785,2690655889,15908,1104
5157.319618,2690663642,2690664754,15916,1112
5157.331636,2690672525,2690673634,15860,1109
5157.343665,2690681401,2690682517,15886,1116
5157.361698,2690694704,2690695816,15906,1112
5157.373722,2690703585,2690704691,15977,1106
5157.385739,2690712453,2690713557,15844,1104
5157.397767,2690721300,2690722404,15909,1104
5157.415804,2690734614,2690735728,15910,1114
5157.427825,2690743485,2690744584,15975,1099
5157.439842,2690752343,2690753448,15843,1105
5157.451872,2690761213,2690762323,15905,1110
5157.463895,2690770090,2690771195,15988,1105
5157.475910,2690778964,2690780075,15830,1111
5157.487939,2690787833,2690788942,15907,1109
5157.499964,2690796681,2690797786,15987,1105
5157.511979,2690805545,2690806652,15856,1107
5157.524009,2690814412,2690815520,15907,1108
5157.536031,2690823306,2690824410,16054,1104
5157.548047,2690832164,2690833269,15928,1105
5157.560076,2690841010,2690842115,15911,1105
5157.572101,2690849895,2690851002,16047,1107
5157.584116,2690858774,2690859878,15909,1104
5157.596145,2690867631,2690868737,15913,1106
5157.614181,2690880883,2690881994,15909,1111
5157.632215,2690894201,2690895310,15903,1109
5157.644237,2690903072,2690904175,15930,1103
5157.656253,2690911948,2690913048,15901,1100
5157.668282,2690920795,2690921897,15993,1102
5157.680307,2690929649,2690930764,15999,1115
5157.692322,2690938511,2690939616,15906,1105
5157.704352,2690947369,2690948478,15824,1109
5157.716373,2690956240,2690957349,15972,1109
5157.728392,2690965118,2690966229,15845,1111
5157.749438,2690980638,2690981744,15908,1106
5157.761461,2690989529,2690990640,15986,1111
5157.773476,2690998390,2690999498,15825,1108
5157.785505,2691007248,2691008353,15907,1105
5157.797529,2691016124,2691017228,15987,1104
5157.809545,2691024992,2691026097,15847,1105
5157.821575,2691033856,2691034967,15905,1111
5157.857642,2691060484,2691061593,15905,1109
5157.869667,2691069355,2691070454,15991,1099
5157.893711,2691087061,2691088160,15987,1099
5157.905736,2691096333,2691097440,16078,1107
5157.929781,2691114073,2691115185,15903,1112
5157.941802,2691122948,2691124057,15972,1109
5157.953819,2691131820,2691132929,15735,1109
5157.965848,2691140696,2691141805,15867,1109
5157.977874,2691149554,2691150657,16008,1103
5157.989888,2691158427,2691159536,15828,1109
5158.028970,2691187232,2691188346,15909,1114
5158.040991,2691196114,2691197218,15970,1104
5158.062025,2691211628,2691212741,15829,1113
5158.077061,2691222719,2691223817,15986,1098
5158.089076,2691231558,2691232667,15830,1109
5158.137176,2691267006,2691268115,15988,1109
5158.149199,2691275872,2691276975,15920,1103
5158.161213,2691284723,2691285830,15825,1107
5158.203300,2691315758,2691316864,15976,1106
5158.215316,2691324612,2691325716,15801,1104
5158.233350,2691337917,2691339026,15844,1109
5158.245380,2691346782,2691347890,15907,1108
5158.257402,2691355663,2691356781,15862,1118
5158.269419,2691364541,2691365650,15838,1109
5158.281447,2691373409,2691374519,15863,1110
5158.317517,2691400016,2691401125,15906,1109
5158.329539,2691408880,2691409984,16045,1104
5158.341556,2691417734,2691418838,15941,1104
5158.356593,2691428808,2691429917,15999,1109
5158.368608,2691437665,2691438774,15926,1109
5158.407688,2691466483,2691467592,15905,1109
5158.419710,2691475342,2691476447,15919,1105
5158.431728,2691484210,2691485318,15859,1108
5158.443760,2691493080,2691494178,15904,1098
5158.455781,2691501956,2691503065,15988,1109
5158.473815,2691515256,2691516365,15984,1109
5158.485831,2691524107,2691525211,15829,1104
5158.545953,2691568350,2691569459,15909,1109
5158.557968,2691577218,2691578322,15828,1104
5158.645141,2691641464,2691642578,15911,1114
5158.657157,2691650361,2691651466,15825,1105
5158.753347,2691721202,2691722311,15985,1109
5158.765365,2691730064,2691731182,15860,1118
5158.777391,2691738941,2691740047,15988,1106
5158.789416,2691747823,2691748928,16069,1105
5158.852536,2691794378,2691795483,16070,1105
5158.864551,2691803240,2691804354,15783,1114
5158.885597,2691818737,2691819846,15906,1109
5158.897620,2691827584,2691828688,15977,1104
5158.909637,2691836442,2691837549,15844,1107
5158.921668,2691845318,2691846427,15908,1109
5158.951725,2691867466,2691868570,15989,1104
5158.963740,2691876328,2691877437,15783,1109
5158.975768,2691885197,2691886306,15905,1109
5158.987792,2691894086,2691895197,15974,1111
5158.999808,2691902977,2691904086,15754,1109
5159.011837,2691911871,2691912984,15817,1113
5159.023862,2691920768,2691921879,15995,1111
5159.035877,2691929663,2691930777,15836,1114
5159.047907,2691938567,2691939681,15905,1114
5159.059929,2691947453,2691948556,15976,1103
5159.080962,2691962972,2691964081,15841,1109
5159.092992,2691971846,2691972945,15909,1099
5159.114033,2691987321,2691988435,15989,1114
5159.126049,2691996194,2691997298,15918,1104
5159.156113,2692018327,2692019441,15913,1114
5159.168135,2692027189,2692028299,16057,1110
5159.180151,2692036048,2692037148,15927,1100
5159.192181,2692044911,2692046024,15915,1113
5159.204205,2692053801,2692054901,15988,1100
5159.216220,2692062663,2692063774,15836,1111
5159.228249,2692071528,2692072641,15909,1113
5159.240272,2692080385,2692081498,15923,1113
5159.252288,2692089251,2692090359,15851,1108
5159.264319,2692098112,2692099216,15911,1104
5159.291369,2692118059,2692119164,15906,1105
5159.303394,2692126927,2692128031,15992,1104
5159.315409,2692135769,2692136874,15829,1105
5159.333443,2692149059,2692150172,15830,1113
5159.345473,2692157934,2692159042,15906,1108
5159.396563,2692195592,2692196697,15829,1105
5159.408592,2692204449,2692205554,15862,1105
5159.432632,2692222594,2692223703,15911,1109
5159.444662,2692231443,2692232549,15908,1106
5159.459683,2692242516,2692243627,15921,1111
5159.471713,2692251380,2692252485,15907,1105
5159.483735,2692260248,2692261361,15888,1113
5159.495752,2692269109,2692270209,15746,1100
5159.507780,2692277949,2692279053,15866,1104
5159.519805,2692286809,2692287923,15948,1114
5159.531820,2692295692,2692296800,15745,1108
5159.543850,2692304555,2692305662,15909,1107
5159.555872,2692313413,2692314519,15970,1106
5159.567888,2692322273,2692323382,15843,1109
5159.588935,2692337777,2692338888,15907,1111
5159.600959,2692346633,2692347742,15992,1109
5159.612975,2692355484,2692356588,15834,1104
5159.625003,2692364336,2692365445,15907,1109
5159.676094,2692401981,2692403083,15841,1102
5159.688122,2692410852,2692411965,15982,1113
5159.700147,2692419714,2692420823,15984,1109
5159.712163,2692428565,2692429679,15889,1114
5159.733208,2692444063,2692445172,15900,1109
5159.745230,2692452929,2692454043,15959,1114
5159.760261,2692464012,2692465118,15902,1106
5159.772282,2692472857,2692473962,15920,1105
5159.784305,2692481711,2692482814,15860,1103
5159.796328,2692490567,2692491676,15863,1109
5159.812366,2692503846,2692504956,15898,1110
5159.859450,2692537076,2692538178,15908,1102
5159.871471,2692545925,2692547034,15920,1109
5159.883495,2692554804,2692555913,15901,1109
5159.895516,2692563667,2692564771,15905,1104
5159.907541,2692572519,2692573633,15977,1114
5159.919558,2692581374,2692582483,15847,1109
5159.931585,2692590250,2692591350,15906,1100
5159.943608,2692599088,2692600194,15960,1106
5159.955626,2692607954,2692609067,15859,1113
5159.967655,2692616819,2692617933,15903,1114
5159.979677,2692625690,2692626799,15959,1109
5159.991694,2692634546,2692635646,15848,1100
5160.003722,2692643398,2692644503,15907,1105
5160.015747,2692652255,2692653369,15979,1114
5160.027763,2692661131,2692662240,15840,1109
5160.084877,2692703250,2692704360,15910,1110
5160.096901,2692712130,2692713234,15971,1104
5160.108917,2692721011,2692722111,15843,1100
5160.120945,2692729844,2692730948,15816,1104
5160.135969,2692740896,2692742007,15851,1111
5160.147998,2692749769,2692750879,15904,1110
5160.160019,2692758635,2692759742,15888,1107
5160.172037,2692767446,2692768547,15835,1101
5160.184066,2692776247,2692777361,15985,1114
5160.196084,2692785096,2692786202,15965,1106
5160.208106,2692793903,2692794974,15875,1071
5160.220131,2692802689,2692803798,15981,1109
5160.232153,2692811532,2692812636,15861,1104
5160.244172,2692820353,2692821460,15611,1107
5160.256200,2692829178,2692830287,16021,1109
5160.268223,2692838047,2692839155,15933,1108
5160.280249,2692846879,2692847983,15940,1104
5160.292269,2692855693,2692856800,15939,1107
5160.304291,2692864579,2692865679,15848,1100
5160.316308,2692873356,2692874468,15639,1112
5160.328337,2692882176,2692883288,15932,1112
5160.352378,2692899841,2692900942,15641,1101
5160.364406,2692908654,2692909763,15896,1109
5160.452578,2692974747,2692975861,16018,1114
5160.496652,2693005601,2693006704,15644,1103
5160.508680,2693014436,2693015539,15933,1103
5160.520702,2693023259,2693024369,16046,1110
5160.556770,2693049749,2693050858,15967,1109
5160.568789,2693058548,2693059654,15639,1106
5160.656968,2693124620,2693125727,15834,1107
5160.704046,2693157706,2693158808,15609,1102
5160.716079,2693166558,2693167667,15977,1109
5160.728096,2693175420,2693176531,15859,1111
5160.740118,2693184273,2693185382,15843,1109
5160.752143,2693193096,2693194200,15939,1104
5160.764164,2693201913,2693203013,15956,1100
5160.872371,2693281231,2693282340,16045,1109
5160.884389,2693290031,2693291137,15646,1106
5160.905435,2693305436,2693306541,15938,1105
5160.917457,2693314312,2693315425,15937,1113
5160.927982,2693322425,2693323541,16045,1116
5160.939999,2693331277,2693332381,16047,1104
5160.952018,2693340064,2693341169,15644,1105
5160.964046,2693348869,2693349978,15935,1109
5160.976068,2693357726,2693358827,15858,1101
5160.988092,2693366549,2693367624,15867,1075
5161.000119,2693375378,2693376488,15909,1110
5161.012138,2693384223,2693385328,15933,1105
5161.030174,2693397439,2693398543,15945,1104
5161.042190,2693406226,2693407329,15646,1103
5161.096292,2693445928,2693447036,15640,1108
5161.108321,2693454753,2693455860,15854,1107
5161.123350,2693465827,2693466929,15597,1102
5161.135372,2693474674,2693475779,15846,1105
5161.147393,2693483491,2693484600,15959,1109
5161.159412,2693492290,2693493395,15639,1105
5161.171443,2693501120,2693502198,15709,1078
5161.183463,2693509949,2693511058,15933,1109
5161.195480,2693518740,2693519843,15638,1103
5161.207509,2693527553,2693528658,15935,1105
5161.219531,2693536398,2693537507,15920,1109
5161.231549,2693545175,2693546277,15677,1102
5161.243580,2693553996,2693555075,15791,1079
5161.255599,2693562792,2693563896,16045,1104
5161.267618,2693571559,2693572660,15718,1101
5161.279651,2693580404,2693581507,15989,1103
5161.291668,2693589202,2693590305,15975,1103
5161.303686,2693597984,2693599087,15641,1103
5161.315719,2693606823,2693607927,15951,1104
5161.327741,2693615694,2693616794,15949,1100
5161.339755,2693624499,2693625602,15640,1103
5161.351783,2693633326,2693634435,15940,1109
5161.363805,2693642137,2693643241,15972,1104
5161.375826,2693650962,2693652066,15923,1104
5161.387856,2693659807,2693660912,15954,1105
5161.408891,2693675269,2693676372,16046,1103
5161.420918,2693684138,2693685238,15984,1100
5161.481029,2693728188,2693729288,16014,1100
5161.493046,2693736962,2693738067,15643,1105
5161.520105,2693756765,2693757871,15786,1106
5161.532126,2693765615,2693766720,16020,1105
5161.544144,2693774457,2693775565,15891,1108
5161.562183,2693787669,2693788783,15963,1114
5161.574204,2693796539,2693797644,15839,1105
5161.637321,2693842782,2693843893,15625,1111
5161.649352,2693851614,2693852717,15967,1103
5161.692437,2693884700,2693885803,15945,1103
5161.724490,2693906670,2693907779,15904,1109
5161.736510,2693915500,2693916610,15623,1110
5161.769577,2693939772,2693940877,15862,1105
5161.781596,2693948603,2693949709,15592,1106
5161.793625,2693957428,2693958537,15986,1109
5161.841714,2693992675,2693993779,15970,1104
5161.853733,2694001478,2694002584,15706,1106
5161.895817,2694032384,2694033484,16051,1100
5161.907842,2694041204,2694042277,15855,1073
5161.919868,2694049986,2694051089,15999,1103
5161.931885,2694058807,2694059912,15972,1105
5161.943907,2694067636,2694068737,15821,1101
5161.955934,2694076461,2694077566,15949,1105
5161.967954,2694085271,2694086380,15857,1109
5161.979979,2694094094,2694095169,15848,1075
5161.992002,2694102889,2694104002,15949,1113
5162.004023,2694111705,2694112814,15968,1109
5162.016049,2694120489,2694121592,15709,1103
5162.028072,2694129302,2694130415,15716,1113
5162.046110,2694142596,2694143705,15955,1109
5162.058125,2694151448,2694152561,15968,1113
5162.073161,2694162540,2694163623,15797,1083
5162.085178,2694171373,2694172483,15932,1110
5162.097195,2694180210,2694181315,15708,1105
5162.112228,2694191277,2694192387,15955,1110
5162.124248,2694200117,2694201223,15637,1106
5162.142285,2694213380,2694214457,15856,1077
5162.155807,2694223335,2694224445,15634,1110
5162.167840,2694232204,2694233318,16077,1114
5162.181363,2694242264,2694243379,16040,1115
5162.203905,2694259057,2694260171,15939,1114
5162.215926,2694267937,2694269048,15843,1111
5162.227944,2694276807,2694277918,15592,1111
5162.245978,2694290080,2694291192,15619,1112
5162.258008,2694298935,2694300047,15946,1112
5162.276042,2694312164,2694313271,15942,1107
5162.288063,2694320992,2694322098,15961,1106
5162.300081,2694329784,2694330885,15627,1101
5162.318119,2694343032,2694344141,15823,1109
5162.330145,2694351846,2694352955,15944,1109
5162.348180,2694365067,2694366180,15949,1113
5162.360201,2694373944,2694375049,15933,1105
5162.372219,2694382743,2694383843,15628,1100
5162.384250,2694391568,2694392677,15860,1109
5162.396268,2694400387,2694401496,15962,1109
5162.408287,2694409188,2694410290,15626,1102
5162.423321,2694420237,2694421337,15929,1100
5162.435344,2694429437,2694430545,15820,1108
5162.483437,2694464768,2694465871,16023,1103
5162.495457,2694473568,2694474677,15969,1109
5162.507479,2694482368,2694483437,15851,1069
5162.519511,2694491180,2694492254,15732,1074
5162.531526,2694499969,2694501081,15966,1112
5162.543544,2694508765,2694509871,15621,1106
5162.555578,2694517571,2694518675,16011,1104
5162.567598,2694526397,2694527502,15952,1105
5162.579613,2694535218,2694536318,15590,1100
5162.591642,2694544032,2694545139,15945,1107
5162.603663,2694552861,2694553969,15962,1108
5162.615685,2694561692,2694562796,15829,1104
5162.627711,2694570504,2694571609,15949,1105
5162.648749,2694585937,2694587042,15966,1105
5162.660775,2694594728,2694595836,15706,1108
5162.696836,2694621167,2694622268,15700,1101
5162.708865,2694629985,2694631091,15949,1106
5162.756956,2694665290,2694666393,15935,1103
5162.768973,2694674247,2694675349,15629,1102
5162.797037,2694696308,2694697408,16028,1100
5162.889208,2694762425,2694763534,15952,1109
5162.901229,2694771244,2694772348,15970,1104
5162.913251,2694780069,2694781178,15830,1109
5162.964352,2694817571,2694818679,15951,1108
5162.976368,2694826378,2694827488,15697,1110
5163.004431,2694848410,2694849513,16027,1103
5163.081572,2694903533,2694904638,15960,1105
5163.093594,2694912349,2694913452,15779,1103
5163.108623,2694923365,2694924473,15850,1108
5163.120642,2694932188,2694933289,15585,1101
5163.171743,2694969621,2694970726,15964,1105
5163.183762,2694978424,2694979530,15618,1106
5163.195791,2694987260,2694988365,15901,1105
5163.207812,2694996096,2694997203,15843,1107
5163.225849,2695009318,2695010422,15946,1104
5163.237865,2695018121,2695019228,15623,1107
5163.261918,2695035752,2695036861,15950,1109
5163.273933,2695044529,2695045634,15587,1105
5163.285965,2695053354,2695054432,15795,1078
5163.297972,2695062116,2695063212,15682,1096
5163.310005,2695070920,2695072019,15782,1099
5163.325035,2695081930,2695083042,15959,1112
5163.337053,2695090729,2695091832,15625,1103
5163.361107,2695108387,2695109490,15959,1103
5163.376134,2695119397,2695120511,16022,1114
5163.388156,2695128293,2695129397,15932,1104
5163.400174,2695137084,2695138192,15626,1108
5163.412207,2695145941,2695147050,15871,1109
5163.424224,2695154747,2695155850,15964,1103
5163.442258,2695167952,2695169052,15957,1100
5163.454284,2695176749,2695177856,15709,1107
5163.529426,2695231840,2695232946,15946,1106
5163.541446,2695240652,2695241763,15963,1111
5163.580516,2695269244,2695270350,15623,1106
5163.592546,2695278069,2695279174,15945,1105
5163.604567,2695286885,2695287984,15931,1099
5163.640636,2695313320,2695314427,15978,1107
5163.652665,2695322115,2695323218,15789,1103
5163.740836,2695388132,2695389236,15827,1104
5163.787911,2695421132,2695422233,15627,1101
5163.799940,2695429970,2695431076,15945,1106
5163.811962,2695438812,2695439915,15938,1103
5163.823983,2695447592,2695448662,15911,1070
5163.836012,2695456337,2695457446,15985,1109
5163.848018,2695465107,2695466215,15676,1108
5163.860051,2695473908,2695475017,15833,1109
5163.908151,2695509062,2695510176,15999,1114
5163.944218,2695535415,2695536524,15974,1109
5163.956238,2695544645,2695545752,15933,1107
5163.968257,2695553426,2695554523,15567,1097
5163.980285,2695562208,2695563318,15874,1110
5163.992293,2695570974,2695572082,15598,1108
5164.004321,2695579856,2695580966,15835,1110
5164.016353,2695588709,2695589822,15959,1113
5164.040394,2695606292,2695607399,15649,1107
5164.052421,2695615124,2695616238,15851,1114
5164.067446,2695626148,2695627256,15651,1108
5164.079475,2695634981,2695636095,15986,1114
5164.091481,2695643789,2695644897,15682,1108
5164.103510,2695652610,2695653724,15830,1114
5164.115542,2695661446,2695662556,15916,1110
5164.127550,2695670234,2695671342,15677,1108
5164.160628,2695694388,2695695492,15961,1104
5164.172635,2695703114,2695704217,15683,1103
5164.196698,2695720695,2695721799,15983,1104
5164.208716,2695729548,2695730652,15943,1104
5164.232766,2695747088,2695748187,15981,1099
5164.244773,2695755838,2695756945,15641,1107
5164.259818,2695766806,2695767909,15974,1103
5164.277852,2695779984,2695781094,15977,1110
5164.289858,2695788760,2695789861,15597,1101
5164.301887,2695797557,2695798666,15811,1109
5164.313921,2695806343,2695807452,15979,1109
5164.381055,2695856740,2695857843,15623,1103
5164.410098,2695876533,2695877644,15631,1111
5164.422130,2695885380,2695886487,16050,1107
5164.458195,2695911657,2695912766,16054,1109
5164.470201,2695920413,2695921525,15681,1112
5164.482235,2695929204,2695930304,15634,1100
5164.494264,2695938002,2695939107,16055,1105
5164.551357,2695979701,2695980804,15756,1103
5164.563385,2695988491,2695989593,15718,1102
5164.575417,2695997265,2695998379,16040,1114
5164.588447,2696008209,2696009315,15650,1106
5164.620502,2696030185,2696031294,16003,1109
5164.632512,2696038998,2696040100,15757,1102
5164.692641,2696082852,2696083962,15980,1110
5164.704660,2696091714,2696092816,15936,1102
5164.792831,2696157444,2696158549,15636,1105
5164.827898,2696181572,2696182678,15984,1106
5164.839906,2696190379,2696191487,15638,1108
5164.851938,2696199138,2696200244,15634,1106
5164.863967,2696207930,2696209038,15973,1108
5164.875973,2696216678,2696217781,15681,1103
5164.888007,2696225433,2696226525,15636,1092
5164.906040,2696238635,2696239748,15814,1113
5164.918066,2696247472,2696248581,15940,1109
5164.966145,2696282511,2696283611,15678,1100
5164.981193,2696294579,2696295692,15964,1113
5164.993203,2696303390,2696304491,15632,1101
5165.005229,2696312191,2696313294,15731,1103
5165.017258,2696320990,2696322094,15970,1104
5165.032281,2696331994,2696333092,15634,1098
5165.044309,2696340819,2696341928,15984,1109
5165.056316,2696349590,2696350692,15681,1102
5165.077364,2696364949,2696366055,15626,1106
5165.095400,2696378150,2696379259,15828,1109
5165.107427,2696386964,2696388073,15944,1109
5165.119440,2696395723,2696396827,15757,1104
5165.131469,2696404481,2696405584,15634,1103
5165.149504,2696417608,2696418709,15630,1101
5165.161534,2696426418,2696427528,15965,1110
5165.175062,2696433260,2696433911,13617,651
5165.188327,2696439077,2696439702,12067,625
5165.205106,2696448100,2696449249,16004,1149
5165.217139,2696457314,2696458498,16350,1184
5165.229162,2696466644,2696467832,16403,1188
5165.241178,2696476009,2696477198,16236,1189
5165.253207,2696485422,2696486585,16336,1163
5165.268224,2696497173,2696498335,15965,1162
5165.307312,2696527784,2696528953,16430,1169
5165.319334,2696537217,2696538403,16307,1186
5165.331346,2696546599,2696547786,16081,1187
5165.343380,2696555982,2696557171,16347,1189
5165.355402,2696565408,2696566597,16402,1189
5165.367417,2696574815,2696575975,16000,1160
5165.379449,2696584205,2696585365,16350,1160
5165.391470,2696593588,2696594777,16394,1189
5165.403484,2696602929,2696604119,16010,1190
5165.415519,2696612370,2696613559,16372,1189
5165.427538,2696621801,2696622992,16349,1191
5165.439553,2696631199,2696632391,16006,1192
5165.451585,2696640704,2696641896,16384,1192
5165.463606,2696650868,2696652032,16423,1164
5165.475621,2696660322,2696661507,16100,1185
5165.487653,2696669832,2696671028,16427,1196
5165.499674,2696679345,2696680543,16454,1198
5165.511690,2696688756,2696689938,16105,1182
5165.523719,2696698171,2696699338,16157,1167
5165.541755,2696712358,2696713522,16318,1164
5165.553777,2696721763,2696722943,16409,1180
5165.565792,2696731113,2696732301,16015,1188
5165.577825,2696740571,2696741759,16438,1188
5165.589845,2696750066,2696751265,16441,1199
5165.604876,2696761894,2696763090,16349,1196
5165.643948,2696792692,2696793881,16451,1189
5165.655964,2696802355,2696803544,16019,1189
5165.667994,2696811758,2696812955,16303,1197
5165.681522,2696820543,2696821653,15907,1110
5165.708573,2696840411,2696841520,16018,1109
5165.720594,2696849250,2696850350,16036,1100
5165.744640,2696866825,2696867900,15752,1075
5165.756662,2696875609,2696876723,15959,1114
5165.768678,2696884415,2696885526,15655,1111
5165.780710,2696893239,2696894348,16016,1109
5165.816779,2696919712,2696920790,15830,1078
5165.828800,2696928515,2696929614,15952,1099
5165.849833,2696943917,2696945022,15619,1105
5165.861866,2696952772,2696953877,15908,1105
5165.885902,2696970399,2696971502,15602,1103
5165.897934,2696979240,2696980349,15906,1109
5165.909955,2696988071,2696989176,16013,1105
5165.921970,2696996858,2696997960,15640,1102
5165.934003,2697005690,2697006799,15946,1109
5165.952038,2697018894,2697020000,15940,1106
5165.964058,2697027722,2697028828,15971,1106
5165.982093,2697040951,2697042059,15970,1108
5166.021158,2697069584,2697070684,15603,1100
5166.033192,2697078454,2697079536,15753,1082
5166.054230,2697093867,2697094979,15968,1112
5166.066244,2697102712,2697103815,15604,1103
5166.076327,2697111532,2697112632,15932,1100
5166.090298,2697120361,2697121470,15973,1109
5166.120347,2697142393,2697143490,15604,1097
5166.132377,2697151210,2697152285,15703,1075
5166.156419,2697168811,2697169920,15848,1109
5166.168449,2697177634,2697178743,15898,1109
5166.192484,2697195289,2697196392,15602,1103
5166.204518,2697204107,2697205209,15854,1102
5166.228553,2697221750,2697222852,15603,1102
5166.240586,2697230559,2697231667,15936,1108
5166.252607,2697239387,2697240487,15975,1100
5166.273639,2697254885,2697255991,15603,1106
5166.285672,2697263728,2697264834,15939,1106
5166.297693,2697272554,2697273659,15972,1105
5166.309707,2697281387,2697282493,15603,1106
5166.327742,2697294607,2697295720,15599,1113
5166.339775,2697303422,2697304527,15941,1105
5166.351796,2697312248,2697313358,16055,1110
5166.363810,2697321049,2697322155,15679,1106
5166.375843,2697329906,2697331016,15989,1110
5166.387864,2697338736,2697339848,15977,1112
5166.399875,2697347569,2697348675,15487,1106
5166.411915,2697356365,2697357470,15943,1105
5166.423932,2697365197,2697366306,15967,1109
5166.435947,2697374007,2697375114,15682,1107
5166.447980,2697382824,2697383929,15940,1105
5166.466015,2697396043,2697397157,15945,1114
5166.478036,2697404933,2697406038,15970,1105
5166.509101,2697429179,2697430287,15943,1108
5166.553170,2697460057,2697461153,15603,1096
5166.565204,2697468870,2697469979,15942,1109
5166.601272,2697495347,2697496461,15946,1114
5166.613293,2697504172,2697505276,15946,1104
5166.628323,2697515175,2697516281,16019,1106
5166.667396,2697543831,2697544939,15974,1108
5166.679410,2697552647,2697553754,15613,1107
5166.691442,2697561461,2697562565,15851,1104
5166.703463,2697570315,2697571421,15871,1106
5166.715479,2697579096,2697580203,15537,1107
5166.727510,2697587956,2697589061,15907,1105
5166.739532,2697596764,2697597877,15955,1113
5166.751547,2697605557,2697606655,15625,1098
5166.772597,2697620988,2697622092,15941,1104
5166.784617,2697629814,2697630922,15957,1108
5166.811669,2697649642,2697650750,15955,1108
5166.823686,2697658439,2697659545,15615,1106
5166.835716,2697667275,2697668379,15856,1104
5166.847738,2697676094,2697677203,15950,1109
5166.859753,2697684933,2697686041,15615,1108
5166.871785,2697693792,2697694897,15825,1105
5166.883808,2697702646,2697703755,15968,1109
5166.895821,2697711446,2697712549,15517,1103
5166.907855,2697720260,2697721369,15934,1109
5166.919876,2697729098,2697730205,15970,1107
5166.931887,2697737910,2697739011,15564,1101
5166.943923,2697746775,2697747884,15912,1109
5166.955944,2697755581,2697756690,15925,1109
5166.967959,2697764380,2697765481,15604,1101
5166.979994,2697773600,2697774705,16037,1105
5166.992014,2697782438,2697783543,15972,1105
5167.004028,2697791259,2697792369,15603,1110
5167.016061,2697800086,2697801194,15941,1108
5167.028082,2697808913,2697810018,15990,1105
5167.040096,2697817700,2697818810,15600,1110
5167.052130,2697826551,2697827650,15943,1099
5167.064150,2697835369,2697836473,15970,1104
5167.076165,2697844160,2697845258,15603,1098
5167.088198,2697853027,2697854136,15822,1109
5167.100219,2697861856,2697862966,15974,1110
5167.112237,2697870686,2697871800,15853,1114
5167.124267,2697879505,2697880610,15942,1105
5167.136288,2697888338,2697889451,16057,1113
5167.148302,2697897146,2697898252,15683,1106
5167.160335,2697905968,2697907073,15945,1105
5167.205421,2697938957,2697940067,15937,1110
5167.217442,2697947781,2697948885,16050,1104
5167.253511,2697974285,2697975396,15974,1111
5167.265525,2697983088,2697984193,15677,1105
5167.283559,2697996286,2697997389,15600,1103
5167.295591,2698005119,2698006223,16022,1104
5167.307612,2698013957,2698015059,16018,1102
5167.319627,2698022758,2698023860,15448,1102
5167.331660,2698031582,2698032691,15939,1109
5167.352698,2698047064,2698048179,15952,1115
5167.364713,2698055889,2698056990,15601,1101
5167.400782,2698082346,2698083452,15599,1106
5167.412816,2698091152,2698092261,15942,1109
5167.433853,2698106581,2698107681,15967,1100
5167.445871,2698115413,2698116523,15847,1110
5167.463902,2698128660,2698129762,15604,1102
5167.475935,2698137472,2698138586,16024,1114
5167.487956,2698146309,2698147414,15881,1105
5167.505991,2698159516,2698160625,15973,1109
5167.518005,2698168338,2698169439,15604,1101
5167.554074,2698194806,2698195906,15562,1100
5167.656279,2698269702,2698270808,15940,1106
5167.668300,2698278532,2698279643,16050,1111
5167.692347,2698296175,2698297284,15941,1109
5167.704369,2698305052,2698306161,15931,1109
5167.767488,2698351416,2698352525,15969,1109
5167.779502,2698360230,2698361337,15560,1107
5167.791536,2698369056,2698370165,15948,1109
5167.809571,2698382273,2698383350,15827,1077
5167.821590,2698391067,2698392180,15986,1113
5167.872690,2698428501,2698429606,16019,1105
5167.884711,2698437327,2698438431,15975,1104
5167.896725,2698446110,2698447220,15602,1110
5167.908757,2698454961,2698456061,15950,1100
5167.944826,2698481458,2698482563,15947,1105
5167.956847,2698490291,2698491400,15961,1109
5167.980895,2698507920,2698509024,16020,1104
5167.992915,2698516756,2698517859,15962,1103
5168.013948,2698532137,2698533243,15617,1106
5168.025980,2698541000,2698542104,15908,1104
5168.081081,2698582917,2698584031,15954,1114
5168.104119,2698598331,2698599438,15692,1107
5168.116153,2698607171,2698608280,15857,1109
5168.128174,2698615981,2698617084,15884,1103
5168.158222,2698638003,2698639111,15602,1108
5168.170256,2698646833,2698647946,15938,1113
5168.188291,2698660042,2698661147,15940,1105
5168.200311,2698668877,2698669977,15972,1100
5168.212325,2698677676,2698678781,15608,1105
5168.239377,2698697476,2698698583,15677,1107
5168.251411,2698706325,2698707403,15758,1078
5168.269442,2698719499,2698720579,15816,1080
5168.281465,2698728295,2698729400,16056,1105
5168.296496,2698739288,2698740392,15943,1104
5168.308517,2698748104,2698749214,16052,1110
5168.323548,2698759140,2698760249,15941,1109
5168.335568,2698767975,2698769086,16053,1111
5168.347580,2698776772,2698777884,15647,1112
5168.359616,2698785593,2698786703,15938,1110
5168.371637,2698794422,2698795531,15973,1109
5168.383651,2698803216,2698804319,15604,1103
5168.395685,2698812073,2698813148,15716,1075
5168.407706,2698820880,2698821993,15968,1113
5168.467822,2698864935,2698866039,16026,1104
5168.479843,2698873761,2698874867,15972,1106
5168.490366,2698881681,2698882797,15869,1116
5168.505383,2698892759,2698893862,15596,1103
5168.517416,2698901586,2698902685,15942,1099
5168.536448,2698917057,2698918162,15972,1105
5168.553485,2698928107,2698929220,15942,1113
5168.565506,2698936982,2698938086,15986,1104
5168.580537,2698947988,2698949094,15938,1106
5168.592557,2698956821,2698957927,15972,1106
5168.608585,2698970033,2698971142,16054,1109
5168.679725,2699020757,2699021862,15947,1105
5168.691746,2699029587,2699030695,15976,1108
5168.703760,2699038388,2699039500,15679,1112
5168.715795,2699047215,2699048321,15937,1106
5168.727815,2699056054,2699057163,15955,1109
5168.739831,2699064904,2699066008,15857,1104
5168.751860,2699073740,2699074844,15939,1104
5168.763882,2699082559,2699083663,15978,1104
5168.775897,2699091346,2699092453,15619,1107
5168.808968,2699115648,2699116762,15955,1114
5168.820985,2699124465,2699125563,15613,1098
5168.845036,2699142121,2699143224,15956,1103
5168.857052,2699150929,2699152032,15619,1103
5168.881105,2699168585,2699169694,16018,1109
5168.893120,2699177367,2699178476,15682,1109
5168.905154,2699186186,2699187291,15981,1105
5168.917174,2699195012,2699196112,15972,1100
5168.929189,2699203808,2699204916,15682,1108
5168.941221,2699212635,2699213741,15897,1106
5168.995324,2699252279,2699253387,15939,1108
5169.007345,2699261108,2699262221,15957,1113
5169.019363,2699270007,2699271120,15862,1113
5169.031390,2699278917,2699280028,15911,1111
5169.043413,2699287779,2699288893,15912,1114
5169.055431,2699296639,2699297752,15856,1113
5169.067461,2699305509,2699306614,15951,1105
5169.079482,2699314361,2699315475,15961,1114
5169.091497,2699323180,2699324282,15621,1102
5169.103529,2699331986,2699333102,16023,1116
5169.115550,2699340828,2699341937,16042,1109
5169.127566,2699349623,2699350724,15696,1101
5169.141092,2699359539,2699360645,15646,1106
5169.156128,2699370576,2699371675,15959,1099
5169.168143,2699379408,2699380518,15615,1110
5169.180172,2699388233,2699389307,15820,1074
5169.192196,2699397034,2699398139,16038,1105
5169.204211,2699405831,2699406929,15691,1098
5169.216241,2699414645,2699415720,15748,1075
5169.228265,2699423433,2699424542,15962,1109
5169.240280,2699432260,2699433358,15618,1098
5169.252312,2699441077,2699442189,15925,1112
5169.267334,2699452128,2699453232,15859,1104
5169.285366,2699465359,2699466468,15617,1109
5169.297398,2699474196,2699475302,15939,1106
5169.309421,2699483066,2699484176,15947,1110
5169.339476,2699505020,2699506124,15954,1104
5169.351496,2699513858,2699514967,15813,1109
5169.363525,2699522684,2699523793,15987,1109
5169.375530,2699531436,2699532544,15676,1108
5169.387564,2699540187,2699541289,15636,1102
5169.399594,2699548974,2699550051,15823,1077
5169.411600,2699557726,2699558828,15598,1102
5169.429633,2699570873,2699571975,15675,1102
5169.441663,2699579637,2699580743,15592,1106
5169.453695,2699588427,2699589536,15975,1109
5169.465703,2699597221,2699598324,15678,1103
5169.543865,2699654245,2699655350,16043,1105
5169.555881,2699663049,2699664151,15606,1102
5169.567907,2699671848,2699672952,15715,1104
5169.579936,2699680647,2699681760,15976,1113
5169.597969,2699693781,2699694886,15978,1105
5169.609976,2699702593,2699703693,15681,1100
5169.661091,2699739847,2699740946,15989,1099
5169.673096,2699748587,2699749688,15682,1101
5169.706175,2699772734,2699773845,16038,1111
5169.718182,2699781493,2699782602,15682,1109
5169.730216,2699790255,2699791367,15642,1112
5169.742244,2699799013,2699800127,15980,1114
5169.754264,2699807799,2699808897,15645,1098
5169.766284,2699816586,2699817692,15555,1106
5169.871473,2699893373,2699894475,15754,1102
5169.883507,2699902131,2699903229,15716,1098
5169.895536,2699910910,2699912015,15982,1105
5169.907542,2699919698,2699920800,15638,1102
5169.919576,2699928445,2699929552,15638,1107
5169.931606,2699937235,2699938308,15822,1073
5169.952635,2699952515,2699953618,15635,1103
5169.964662,2699961342,2699962446,15820,1104
5169.985708,2699976715,2699977823,15986,1108
5169.997715,2699985530,2699986636,15681,1106
5170.008253,2699993476,2699994593,15945,1117
5170.020258,2700002351,2700003459,15639,1108
5170.032290,2700011118,2700012226,15642,1108
5170.044318,2700019920,2700021025,15935,1105
5170.056325,2700028686,2700029789,15682,1103
5170.071370,2700039656,2700040762,15968,1106
5170.096407,2700059429,2700060529,15976,1100
5170.164530,2700107621,2700108722,15677,1101
5170.176564,2700116431,2700117540,15815,1109
5170.188592,2700125218,2700126327,15973,1109
5170.200607,2700133974,2700135079,15641,1105
5170.212634,2700142756,2700143859,15638,1103
5170.224661,2700151547,2700152656,15979,1109
5170.248709,2700169061,2700170163,15785,1102
5170.260730,2700177845,2700178956,16058,1111
5170.272750,2700186611,2700187715,16038,1104
5170.284770,2700195366,2700196471,15676,1105
5170.308811,2700212891,2700213994,15665,1103
5170.320839,2700221675,2700222778,15640,1103
5170.377953,2700263366,2700264470,15978,1104
5170.389961,2700272130,2700273233,15679,1103
5170.409019,2700287485,2700288586,15645,1101
5170.444062,2700311611,2700312716,15681,1105
5170.456096,2700320360,2700321460,15641,1100
5170.468124,2700329127,2700330234,15980,1107
5170.480131,2700337897,2700339003,15682,1106
5170.501177,2700353250,2700354356,15810,1106
5170.513212,2700362035,2700363118,15787,1083
5170.588337,2700416804,2700417907,15682,1103
5170.600365,2700425624,2700426728,15892,1104
5170.621416,2700440984,2700442090,15978,1106
5170.633425,2700449804,2700450903,15685,1099
5170.696554,2700495928,2700497033,15857,1105
5170.708579,2700504741,2700505812,15861,1071
5170.720604,2700513486,2700514596,15973,1110
5170.795738,2700568269,2700569366,15638,1097
5170.807764,2700577125,2700578234,15829,1109
5170.819793,2700585912,2700587017,15974,1105
5170.831800,2700594681,2700595781,15637,1100
5170.852851,2700610004,2700611109,15633,1105
5170.864879,2700618781,2700619886,15974,1105
5170.909966,2700651725,2700652834,15961,1109
5170.921981,2700660450,2700661555,15629,1105
5170.937016,2700671401,2700672505,15969,1104
5170.952040,2700682338,2700683440,15642,1102
5170.964069,2700691110,2700692184,15832,1074
5170.976074,2700699859,2700700960,15688,1101
5170.994116,2700713000,2700714096,15711,1096
5171.006140,2700721833,2700722931,15555,1098
5171.036202,2700743803,2700744912,15944,1109
5171.048212,2700752601,2700753702,15603,1101
5171.060245,2700761390,2700762496,15642,1106
5171.078280,2700774531,2700775631,15633,1100
5171.111331,2700798652,2700799753,15682,1101
5171.123365,2700807394,2700808498,15560,1104
5171.135395,2700816179,2700817254,15823,1075
5171.147402,2700824900,2700826003,15680,1103
5171.159430,2700833687,2700834788,15714,1101
5171.180480,2700849070,2700850144,15900,1074
5171.192493,2700857788,2700858894,15643,1106
5171.204519,2700866590,2700867695,15712,1105
5171.216545,2700875419,2700876526,15860,1107
5171.240595,2700892932,2700894044,15705,1112
5171.252617,2700901754,2700902859,15995,1105
5171.285674,2700925926,2700927031,15636,1105
5171.297703,2700934756,2700935866,15997,1110
5171.316739,2700950112,2700951218,16027,1106
5171.336760,2700963271,2700964368,15758,1097
5171.348794,2700972030,2700973126,15652,1096
5171.363825,2700983032,2700984141,16032,1109
5171.399886,2701009366,2701010469,15676,1103
5171.411913,2701018128,2701019234,15650,1106
5171.423938,2701026960,2701028066,15932,1106
5171.435948,2701035714,2701036817,15679,1103
5171.447978,2701044504,2701045616,15693,1112
5171.460009,2701053299,2701054399,16045,1100
5171.472019,2701062097,2701063205,15682,1108
5171.484051,2701070853,2701071924,15835,1071
5171.502085,2701083982,2701085078,15709,1096
5171.514113,2701092743,2701093852,15984,1109
5171.526128,2701101921,2701103021,15713,1100
5171.565206,2701130453,2701131550,15640,1097
5171.577233,2701139240,2701140344,15977,1104
5171.589247,2701147999,2701149108,15711,1109
5171.616292,2701167756,2701168859,15759,1103
5171.628326,2701176557,2701177661,15835,1104
5171.667405,2701205020,2701206125,15978,1105
5171.679412,2701213800,2701214902,15680,1102
5171.691441,2701222590,2701223698,15813,1108
5171.709479,2701235781,2701236857,15940,1076
5171.721508,2701244535,2701245644,16061,1109
5171.751549,2701266444,2701267555,15684,1111
5171.763582,2701275206,2701276309,15640,1103
5171.775608,2701284016,2701285130,15945,1114
5171.787625,2701292786,2701293893,15639,1107
5171.808668,2701308150,2701309226,15826,1076
5171.820697,2701316888,2701317997,15889,1109
5171.835724,2701327868,2701328973,15632,1105
5171.847748,2701336665,2701337768,15980,1103
5171.859755,2701345420,2701346517,15686,1097
5171.871789,2701354189,2701355301,15641,1112
5171.883817,2701362967,2701364075,15973,1108
5171.907857,2701380537,2701381648,15639,1111
5171.976978,2701431043,2701432150,15682,1107
5171.989010,2701439868,2701440975,15828,1107
5172.001039,2701448651,2701449766,15975,1115
5172.034104,2701472714,2701473817,15710,1103
5172.046126,2701481570,2701482678,15958,1108
5172.058132,2701490345,2701491445,15680,1100
5172.085191,2701510044,2701511150,15633,1106
5172.097217,2701518845,2701519948,15559,1103
5172.160338,2701564832,2701565938,15641,1106
5172.172365,2701573619,2701574723,15974,1104
5172.184379,2701582372,2701583478,15635,1106
5172.236493,2701621939,2701623040,15753,1101
5172.253520,2701632930,2701634043,15978,1113
5172.265526,2701641723,2701642828,15755,1105
5172.289590,2701659298,2701660402,16077,1104
5172.301595,2701668103,2701669209,15681,1106
5172.391779,2701733972,2701735081,15939,1109
5172.403800,2701742737,2701743839,15714,1102
5172.415829,2701751508,2701752619,15979,1111
5172.445869,2701773481,2701774582,15754,1101
5172.457903,2701782245,2701783343,15730,1098
5172.469931,2701791029,2701792129,16049,1100
5172.481945,2701799814,2701800924,15650,1110
5172.493972,2701808619,2701809725,15723,1106
5172.505996,2701817457,2701818565,16010,1108
5172.518006,2701826229,2701827339,15679,1110
5172.597173,2701885445,2701886550,15676,1105
5172.653264,2701924877,2701925987,15684,1110
5172.665298,2701933759,2701934862,15653,1103
5172.708392,2701966668,2701967766,15643,1098
5172.776514,2702015015,2702016120,16057,1105
5172.788523,2702023812,2702024914,15760,1102
5172.800555,2702032591,2702033701,15641,1110
5172.812583,2702041393,2702042493,15985,1100
5172.824591,2702050172,2702051278,15757,1106
5172.860658,2702076491,2702077594,15681,1103
5172.872692,2702085355,2702086458,15641,1103
5172.905743,2702109499,2702110600,15679,1101
5172.917778,2702118264,2702119362,15643,1098
5172.929806,2702127043,2702128152,15870,1109
5172.941812,2702135807,2702136912,15678,1105
5172.968864,2702155519,2702156620,15684,1101
5172.980893,2702164313,2702165413,15783,1100
5172.996939,2702177455,2702178560,15635,1105
5173.025990,2702197157,2702198265,15706,1108
5173.041010,2702208565,2702209671,15633,1106
5173.056046,2702219525,2702220639,15972,1114
5173.068052,2702228294,2702229400,15680,1106
5173.080081,2702237090,2702238190,15810,1100
5173.092112,2702245913,2702247022,15939,1109
5173.104121,2702254679,2702255777,15684,1098
5173.116155,2702263428,2702264504,15838,1076
5173.128183,2702272190,2702273300,15954,1110
5173.140189,2702280974,2702282076,15682,1102
5173.152220,2702289783,2702290893,15597,1110
5173.248395,2702359909,2702361018,15682,1109
5173.260429,2702368675,2702369781,15640,1106
5173.272458,2702377457,2702378570,15984,1113
5173.284466,2702386312,2702387413,15759,1101
5173.296498,2702395066,2702396162,15643,1096
5173.320533,2702412678,2702413783,15682,1105
5173.332566,2702421427,2702422529,15716,1102
5173.356602,2702439023,2702440123,15761,1100
5173.368635,2702447820,2702448932,15634,1112
5173.416731,2702482968,2702484077,15993,1109
5173.428738,2702491730,2702492827,15598,1097
5173.440772,2702500477,2702501548,15835,1071
5173.456814,2702513598,2702514704,15643,1106
5173.479854,2702529006,2702530111,15994,1105
5173.491860,2702537810,2702538910,15756,1100
5173.503891,2702546568,2702547677,15844,1109
5173.515922,2702555352,2702556428,15821,1076
5173.527927,2702564067,2702565179,15681,1112
5173.545961,2702577231,2702578332,15755,1101
5173.557995,2702585988,2702587090,15718,1102
5173.570023,2702594765,2702595865,16064,1100
5173.582032,2702603586,2702604691,15761,1105
5173.672209,2702669361,2702670468,15635,1107
5173.684236,2702678164,2702679272,15716,1108
5173.702270,2702691366,2702692468,15636,1102
5173.714299,2702700190,2702701292,15964,1102
5173.772414,2702744036,2702745141,15807,1105
5173.789436,2702755047,2702756156,15897,1109
5173.831520,2702785721,2702786825,15976,1104
5173.843528,2702794462,2702795573,15686,1111
5173.855559,2702803257,2702804332,15648,1075
5173.876608,2702818616,2702819719,15995,1103
5173.888613,2702827399,2702828501,15678,1102
5173.900646,2702836211,2702837314,15827,1103
5173.912675,2702845004,2702846108,16061,1104
5173.945733,2702869093,2702870191,15715,1098
5173.957761,2702877870,2702878979,16063,1109
5173.972779,2702888834,2702889943,15814,1109
5173.984812,2702897638,2702898738,15983,1100
5173.996819,2702906429,2702907530,15681,1101
5174.056948,2702950301,2702951409,16049,1108
5174.068965,2702959058,2702960168,15657,1110
5174.084999,2702972330,2702973438,15676,1108
5174.102038,2702983397,2702984508,16042,1111
5174.114042,2702992204,2702993312,15687,1108
5174.162144,2703027380,2703028486,15728,1106
5174.174172,2703036209,2703037314,15987,1105
5174.192205,2703049345,2703050445,16043,1100
5174.204215,2703058150,2703059253,15688,1103
5174.216254,2703066919,2703068022,15624,1103
5174.228277,2703075702,2703076780,15826,1078
5174.249299,2703091006,2703092111,15683,1105
5174.261333,2703099798,2703100901,15599,1103
5174.297402,2703126109,2703127209,15642,1100
5174.309427,2703134939,2703136044,15942,1105
5174.322956,2703141745,2703142393,13714,648
5174.336332,2703147640,2703148259,12063,619
5174.350006,2703154407,2703155561,16375,1154
5174.362023,2703163640,2703164819,16161,1179
5174.374053,2703172969,2703174127,16355,1158
5174.398089,2703191721,2703192886,16011,1165
5174.410121,2703201094,2703202282,16438,1188
5174.422142,2703210460,2703211624,16449,1164
5174.434158,2703219801,2703220987,16088,1186
5174.446190,2703229212,2703230396,16406,1184
5174.461209,2703240925,2703242091,16011,1166
5174.473241,2703250279,2703251473,16360,1194
5174.485262,2703259712,2703260900,16367,1188
5174.497280,2703269127,2703270312,16267,1185
5174.509311,2703278557,2703279746,16268,1189
5174.521332,2703287962,2703289152,16385,1190
5174.533346,2703297323,2703298509,16093,1186
5174.545378,2703307588,2703308780,16338,1192
5174.560398,2703319465,2703320650,16093,1185
5174.572429,2703328957,2703330121,16425,1164
5174.584451,2703338364,2703339553,16364,1189
5174.647572,2703387702,2703388869,16379,1167
5174.659590,2703397060,2703398256,16099,1196
5174.671619,2703406577,2703407741,16322,1164
5174.683641,2703415999,2703417188,16291,1189
5174.701677,2703430163,2703431352,16396,1189
5174.713691,2703439607,2703440771,16092,1164
5174.728727,2703451339,2703452522,16392,1183
5174.740741,2703460801,2703461991,16016,1190
5174.752774,2703470205,2703471403,16356,1198
5174.764794,2703479750,2703480945,16393,1195
5174.776809,2703489159,2703490346,16018,1187
5174.827914,2703529395,2703530559,16363,1164
5174.841439,2703538180,2703539284,15926,1104
5174.853455,2703546980,2703548091,15614,1111
5174.865487,2703555826,2703556934,15938,1108
5174.877508,2703564646,2703565760,16035,1114
5174.895543,2703577930,2703579044,15956,1114
5174.907558,2703586745,2703587846,15690,1101
5174.919590,2703595609,2703596715,15825,1106
5174.931611,2703604429,2703605538,15869,1109
5174.943626,2703613236,2703614339,15615,1103
5174.955658,2703622077,2703623186,15826,1109
5174.967681,2703630912,2703632021,15933,1109
5174.979698,2703639747,2703640854,15779,1107
5174.997729,2703652986,2703654087,15612,1101
5175.009761,2703661814,2703662924,15941,1110
5175.033801,2703679494,2703680603,15859,1109
5175.045830,2703688343,2703689443,15938,1100
5175.063864,2703701584,2703702695,15938,1111
5175.075885,2703710449,2703711559,15869,1110
5175.087901,2703719230,2703720335,15615,1105
5175.099933,2703728052,2703729161,16019,1109
5175.111954,2703736914,2703738018,15973,1104
5175.123970,2703745720,2703746832,15601,1112
5175.136003,2703754549,2703755649,16021,1100
5175.148024,2703763353,2703764464,15975,1111
5175.160038,2703772162,2703773265,15677,1103
5175.172072,2703781024,2703782130,15868,1106
5175.184092,2703789855,2703790955,15966,1100
5175.196106,2703798636,2703799742,15598,1106
5175.208140,2703807472,2703808586,15941,1114
5175.220161,2703816303,2703817417,15973,1114
5175.232178,2703825164,2703826269,15851,1105
5175.244209,2703833997,2703835106,16023,1109
5175.256229,2703842857,2703843966,16050,1109
5175.268244,2703851656,2703852757,15603,1101
5175.280278,2703860477,2703861590,16022,1113
5175.292298,2703869349,2703870454,15976,1105
5175.304313,2703878135,2703879232,15677,1097
5175.319350,2703889160,2703890269,15974,1109
5175.331364,2703897993,2703899100,15601,1107
5175.343397,2703906821,2703907926,15937,1105
5175.355418,2703915661,2703916770,15881,1109
5175.367433,2703924470,2703925572,15522,1102
5175.380463,2703935510,2703936614,15971,1104
5175.404518,2703953192,2703954281,15750,1089
5175.424552,2703966394,2703967503,16022,1109
5175.436573,2703975269,2703976378,15971,1109
5175.460621,2703992906,2703994011,15942,1105
5175.472641,2704001729,2704002838,15968,1109
5175.484659,2704010547,2704011651,15846,1104
5175.496689,2704019365,2704020474,16019,1109
5175.511707,2704030403,2704031495,15640,1092
5175.523740,2704039208,2704040312,16022,1104
5175.535761,2704048081,2704049186,15968,1105
5175.547776,2704056860,2704057968,15602,1108
5175.559809,2704065695,2704066803,15943,1108
5175.571830,2704074563,2704075668,15924,1105
5175.583847,2704083393,2704084498,15829,1105
5175.595877,2704092227,2704093331,15816,1104
5175.607898,2704101069,2704102178,15981,1109
5175.619910,2704109884,2704110996,15567,1112
5175.631948,2704118748,2704119852,15868,1104
5175.649980,2704131988,2704133088,15933,1100
5175.662001,2704140836,2704141941,15968,1105
5175.677029,2704151822,2704152900,15748,1078
5175.689054,2704160649,2704161748,15985,1099
5175.716104,2704180439,2704181548,15965,1109
5175.728118,2704189255,2704190361,15600,1106
5175.740151,2704198134,2704199234,15909,1100
5175.752173,2704206958,2704208066,16014,1108
5175.764187,2704215755,2704216864,15602,1109
5175.785238,2704231226,2704232329,16016,1103
5175.797259,2704240056,2704241170,15979,1114
5175.816328,2704255539,2704256644,15839,1105
5175.887430,2704306221,2704307326,16051,1105
5175.899447,2704315034,2704316148,15845,1114
5175.911477,2704323899,2704325008,15994,1109
5175.923498,2704332736,2704333841,15969,1105
5175.935518,2704341556,2704342670,15841,1114
5175.947546,2704350413,2704351519,15872,1106
5175.959567,2704359262,2704360372,15923,1110
5175.971582,2704368063,2704369166,15520,1103
5175.983614,2704376910,2704378019,15869,1109
5175.995636,2704385732,2704386839,15967,1107
5176.007653,2704394566,2704395675,15846,1109
5176.019683,2704403435,2704404538,15871,1103
5176.031705,2704412294,2704413399,15971,1105
5176.043721,2704421137,2704422243,15844,1106
5176.055753,2704430391,2704431500,15907,1109
5176.097824,2704461425,2704462534,15754,1109
5176.109855,2704470295,2704471403,15821,1108
5176.121878,2704479168,2704480270,15975,1102
5176.133893,2704488022,2704489131,15844,1109
5176.145922,2704496888,2704497996,15905,1108
5176.157944,2704505715,2704506824,15967,1109
5176.169962,2704514576,2704515681,15863,1105
5176.218059,2704550008,2704551113,15988,1105
5176.230081,2704558871,2704559977,16042,1106
5176.260133,2704581001,2704582105,15857,1104
5176.272162,2704589854,2704590964,15906,1110
5176.284183,2704598728,2704599838,15963,1110
5176.296201,2704607597,2704608701,15774,1104
5176.308230,2704616452,2704617557,15911,1105
5176.320252,2704625313,2704626426,15958,1113
5176.332270,2704634187,2704635293,15857,1106
5176.344302,2704643059,2704644173,15989,1114
5176.356322,2704651929,2704653040,16059,1111
5176.392391,2704678524,2704679633,15979,1109
5176.404408,2704687365,2704688474,15851,1109
5176.416438,2704696225,2704697334,15912,1109
5176.428459,2704705081,2704706193,15972,1112
5176.521631,2704773785,2704774890,15843,1105
5176.533661,2704782635,2704783739,15908,1104
5176.545682,2704791498,2704792605,15932,1107
5176.557701,2704800358,2704801467,15857,1109
5176.636861,2704860190,2704861295,15857,1105
5176.741054,2704935448,2704936557,15988,1109
5176.753075,2704944316,2704945420,15999,1104
5176.765094,2704953188,2704954293,15847,1105
5176.777124,2704962045,2704963149,15817,1104
5176.846249,2705012958,2705014070,15862,1112
5176.858280,2705021825,2705022930,15864,1105
5176.873299,2705032900,2705034008,15802,1108
5176.885329,2705041746,2705042855,15906,1109
5176.897351,2705050611,2705051724,15943,1113
5176.951454,2705090493,2705091598,15969,1105
5176.963472,2705099374,2705100483,15925,1109
5176.975501,2705108251,2705109356,15907,1105
5176.993535,2705121527,2705122636,15902,1109
5177.005557,2705130390,2705131494,15973,1104
5177.068677,2705176916,2705178025,15966,1109
5177.080694,2705185786,2705186889,15758,1103
5177.113763,2705210131,2705211234,15973,1103
5177.125779,2705219000,2705220104,15851,1104
5177.140814,2705230087,2705231196,16055,1109
5177.161848,2705245602,2705246704,15926,1102
5177.173879,2705254670,2705255775,15904,1105
5177.227980,2705294531,2705295640,15991,1109
5177.240001,2705303387,2705304492,15875,1105
5177.252019,2705312237,2705313344,15681,1107
5177.265050,2705323313,2705324422,15956,1109
5177.297105,2705345467,2705346571,15857,1104
5177.309134,2705354313,2705355417,15908,1104
5177.321156,2705363164,2705364277,15960,1113
5177.342189,2705378666,2705379775,15851,1109
5177.354220,2705387519,2705388624,15905,1105
5177.366241,2705396373,2705397483,15957,1110
5177.381274,2705407465,2705408569,15863,1104
5177.417341,2705434047,2705435152,15914,1105
5177.429363,2705442886,2705443995,16056,1109
5177.456415,2705462795,2705463899,15980,1104
5177.468431,2705471653,2705472756,15848,1103
5177.543581,2705527018,2705528122,15909,1104
5177.555603,2705535860,2705536969,15976,1109
5177.567620,2705545112,2705546222,15848,1110
5177.579650,2705554004,2705555111,15885,1107
5177.591671,2705562875,2705563975,15895,1100
5177.603688,2705571731,2705572835,15759,1104
5177.615718,2705580572,2705581676,15819,1104
5177.627740,2705589427,2705590534,15937,1107
5177.639755,2705598292,2705599392,15761,1100
5177.651787,2705607145,2705608249,15859,1104
5177.663809,2705616016,2705617130,15882,1114
5177.675825,2705624897,2705626006,15760,1109
5177.687856,2705633762,2705634867,15865,1105
5177.699879,2705642628,2705643733,15885,1105
5177.711894,2705651489,2705652592,15927,1103
5177.723924,2705660347,2705661451,15907,1104
5177.744963,2705675825,2705676931,16053,1106
5177.756980,2705684685,2705685789,15926,1104
5177.778027,2705700174,2705701277,15986,1103
5177.790049,2705709052,2705710157,15987,1105
5177.802066,2705717910,2705719016,15845,1106
5177.814096,2705726781,2705727885,15908,1104
5177.898255,2705788792,2705789901,15973,1109
5177.928305,2705810970,2705812078,15845,1108
5177.940336,2705819824,2705820928,15905,1104
5177.952357,2705828699,2705829807,15976,1108
5177.985421,2705853058,2705854168,15905,1110
5177.997443,2705861927,2705863031,15975,1104
5178.021490,2705879636,2705880745,15908,1109
5178.033511,2705888502,2705889606,15972,1104
5178.045529,2705897337,2705898448,15841,1111
5178.060563,2705908408,2705909520,15929,1112
5178.072580,2705917270,2705918374,15799,1104
5178.099631,2705937212,2705938325,15847,1113
5178.111662,2705946063,2705947176,15864,1113
5178.123684,2705954919,2705956033,15974,1114
5178.144717,2705970445,2705971548,15926,1103
5178.156749,2705979301,2705980410,15928,1109
5178.192816,2706005870,2706006968,15913,1098
5178.204837,2706014721,2706015826,16053,1105
5178.216855,2706023589,2706024698,15843,1109
5178.228885,2706032450,2706033559,15906,1109
5178.243906,2706043523,2706044630,15844,1107
5178.255936,2706052393,2706053501,15822,1108
5178.273970,2706065669,2706066769,15864,1100
5178.285992,2706074511,2706075620,15989,1109
5178.298008,2706083372,2706084482,15845,1110
5178.322060,2706101106,2706102210,15973,1104
5178.334076,2706109983,2706111091,15786,1108
5178.388180,2706149859,2706150972,15840,1113
5178.400211,2706158722,2706159831,15823,1109
5178.413241,2706169817,2706170926,15884,1109
5178.472348,2706211904,2706213013,15909,1109
5178.484369,2706220763,2706221867,15993,1104
5178.505403,2706236248,2706237353,15844,1105
5178.517433,2706245107,2706246221,15913,1114
5178.529459,2706254330,2706255443,15890,1113
5178.568515,2706282953,2706284054,15761,1101
5178.580552,2706291773,2706292878,15961,1105
5178.592575,2706300621,2706301721,15949,1100
5178.604583,2706309394,2706310497,15689,1103
5178.616616,2706318206,2706319310,15734,1104
5178.628645,2706327015,2706328124,15976,1109
5178.640652,2706335845,2706336952,15647,1107
5178.728833,2706402039,2706403149,15602,1110
5178.793944,2706448296,2706449406,15731,1110
5178.805975,2706457136,2706458210,15652,1074
5178.818005,2706465922,2706467031,15978,1109
5178.830018,2706474723,2706475834,15602,1111
5178.842045,2706483587,2706484691,15828,1104
5178.914180,2706536507,2706537610,15818,1103
5178.926211,2706545322,2706546426,15980,1104
5178.938218,2706554097,2706555195,15603,1098
5178.950249,2706562932,2706564040,15824,1108
5178.977304,2706582799,2706583880,15756,1081
5178.989329,2706591627,2706592731,16031,1104
5179.001338,2706600412,2706601515,15720,1103
5179.013369,2706609232,2706610331,15894,1099
5179.025399,2706618073,2706619173,15966,1100
5179.037407,2706626880,2706627987,15647,1107
5179.052451,2706637897,2706639015,15979,1118
5179.064458,2706646738,2706647841,15684,1103
5179.080997,2706659073,2706660177,15813,1104
5179.145613,2706706648,2706707751,15682,1103
5179.157646,2706715545,2706716655,15744,1110
5179.175683,2706728850,2706729960,15886,1110
5179.187706,2706737752,2706738866,15927,1114
5179.199715,2706746578,2706747684,15684,1106
5179.211746,2706755428,2706756542,15822,1114
5179.223776,2706764288,2706765398,15975,1110
5179.235794,2706773151,2706774256,15951,1105
5179.247815,2706782013,2706783118,15824,1105
5179.259845,2706790831,2706791939,15977,1108
5179.271864,2706799651,2706800760,15942,1109
5179.283883,2706808516,2706809620,15825,1104
5179.295913,2706817332,2706818437,15974,1105
5179.307923,2706826144,2706827252,15710,1108
5179.319952,2706835008,2706836113,15829,1105
5179.331983,2706843846,2706844957,15992,1111
5179.343994,2706852640,2706853746,15726,1106
5179.374061,2706874705,2706875814,15878,1109
5179.386084,2706883551,2706884655,15861,1104
5179.437174,2706920976,2706922081,15818,1105
5179.449206,2706929808,2706930908,15939,1100
5179.464226,2706940785,2706941890,15897,1105
5179.476254,2706949610,2706950721,15953,1111
5179.488264,2706958429,2706959535,15763,1106
5179.500291,2706967277,2706968354,15662,1077
5179.512325,2706976067,2706977171,15962,1104
5179.581450,2707026758,2707027864,15850,1106
5179.599479,2707040038,2707041121,15691,1083
5179.611514,2707048834,2707049943,15913,1109
5179.623530,2707057645,2707058754,15842,1109
5179.641555,2707070880,2707071976,15683,1096
5179.653588,2707079736,2707080841,15825,1105
5179.684651,2707104007,2707105109,15763,1102
5179.701686,2707115032,2707116135,15982,1103
5179.713693,2707123869,2707124977,15757,1108
5179.788842,2707178968,2707180077,15801,1109
5179.800874,2707187841,2707188951,15912,1110
5179.851964,2707225307,2707226421,15901,1114
5179.863994,2707234173,2707235283,15954,1110
5179.876013,2707242994,2707244100,15910,1106
5179.888028,2707251832,2707252909,15552,1077
5179.906067,2707265030,2707266139,15814,1109
5179.918097,2707273885,2707274990,15956,1105
5179.996238,2707331216,2707332321,15819,1105
5180.008268,2707340038,2707341148,15976,1110
5180.020281,2707348822,2707349928,15598,1106
5180.041324,2707364240,2707365349,15822,1109
5180.053354,2707373097,2707374202,15962,1105
5180.101430,2707408371,2707409474,15685,1103
5180.113461,2707417196,2707418310,15811,1114
5180.125491,2707426068,2707427178,15939,1110
5180.161560,2707452472,2707453577,16057,1105
5180.173580,2707461293,2707462393,15955,1100
5180.204632,2707485565,2707486670,15980,1105
5180.239701,2707509842,2707510946,15816,1104
5180.251731,2707518675,2707519774,15916,1099
5180.263750,2707527483,2707528588,15851,1105
5180.275769,2707536346,2707537448,15842,1102
5180.287798,2707545203,2707546307,15946,1104
5180.299807,2707553980,2707555081,15687,1101
5180.311838,2707562807,2707563911,15825,1104
5180.323869,2707571643,2707572747,15989,1104
5180.335876,2707580427,2707581533,15682,1106
5180.347902,2707589271,2707590345,15614,1074
5180.365947,2707602429,2707603538,15878,1109
5180.377970,2707611268,2707612373,15943,1105
5180.420040,2707642088,2707643197,15812,1109
5180.432074,2707650933,2707652043,15979,1110
5180.444082,2707659719,2707660822,15680,1103
5180.462116,2707672962,2707674060,15759,1098
5180.474147,2707681830,2707682928,15839,1098
5180.522246,2707717067,2707718176,15993,1109
5180.534253,2707725865,2707726972,15682,1107
5180.552288,2707739071,2707740176,15640,1105
5180.564326,2707747910,2707748988,15749,1078
5180.579339,2707758916,2707760012,15677,1096
5180.589878,2707767042,2707768156,16004,1114
5180.601887,2707775898,2707777005,15719,1107
5180.613920,2707784748,2707785848,15818,1100
5180.631947,2707797981,2707799087,15901,1106
5180.643977,2707806785,2707807890,15981,1105
5180.655985,2707815566,2707816667,15683,1101
5180.668016,2707824413,2707825522,15845,1109
5180.680049,2707833282,2707834393,15871,1111
5180.692053,2707842098,2707843206,15605,1108
5180.704084,2707850957,2707852061,15744,1104
5180.716112,2707859751,2707860860,15911,1109
5180.737139,2707875201,2707876299,15682,1098
5180.749170,2707884065,2707885173,15833,1108
5180.761200,2707892922,2707894031,16040,1109
5180.839341,2707950198,2707951302,15901,1104
5180.851372,2707959015,2707960124,15983,1109
5180.863385,2707967801,2707968909,15599,1108
5180.876424,2707978879,2707979979,15872,1100
5180.905475,2707998708,2707999812,16062,1104
5180.917494,2708007537,2708008646,15961,1109
5180.947548,2708029575,2708030684,15827,1109
5180.959577,2708038436,2708039544,15962,1108
5180.971596,2708047253,2708048358,15942,1105
5180.983616,2708056118,2708057223,15830,1105
5180.995646,2708064937,2708066047,15981,1110
5181.007653,2708073730,2708074841,15765,1111
5181.019685,2708082592,2708083698,15849,1106
5181.031715,2708091403,2708092512,16055,1109
5181.043722,2708100199,2708101290,15722,1091
5181.055753,2708109027,2708110132,15830,1105
5181.067784,2708117852,2708118956,15989,1104
5181.079803,2708126685,2708127789,15850,1104
5181.091821,2708135523,2708136629,15827,1106
5181.103852,2708144379,2708145482,15964,1103
5181.115872,2708153220,2708154320,15958,1100
5181.127891,2708162036,2708163141,15829,1105
5181.139921,2708170856,2708171957,15983,1101
5181.151928,2708179638,2708180739,15686,1101
5181.163959,2708188494,2708189599,15932,1105
5181.175989,2708197292,2708198400,15989,1108
5181.194023,2708210575,2708211680,16056,1105
5181.206031,2708219366,2708220464,15687,1098
5181.257143,2708256864,2708257974,15958,1110
5181.269151,2708265652,2708266750,15643,1098
5181.281181,2708274457,2708275562,15824,1105
5181.293212,2708283499,2708284608,15959,1109
5181.305220,2708292291,2708293394,15605,1103
5181.384383,2708351832,2708352929,15682,1097
5181.449494,2708398135,2708399242,15682,1107
5181.461521,2708406977,2708408085,15809,1108
5181.473555,2708415825,2708416934,15962,1109
5181.488576,2708426854,2708427963,15818,1109
5181.500607,2708435844,2708436948,15957,1104
5181.545692,2708468892,2708469997,15977,1105
5181.557705,2708477696,2708478806,15686,1110
5181.593768,2708504103,2708505208,15760,1105
5181.605807,2708512960,2708514069,15994,1109
5181.617829,2708521810,2708522919,15949,1109
5181.641867,2708539404,2708540512,15820,1108
5181.653898,2708548258,2708549371,15912,1113
5181.695970,2708579131,2708580242,15823,1111
5181.708000,2708588187,2708589295,15919,1108
5181.720019,2708597066,2708598171,15855,1105
5181.741056,2708612512,2708613620,15821,1108
5181.753086,2708621346,2708622445,15957,1099
5181.801167,2708656568,2708657670,15814,1102
5181.813193,2708665436,2708666550,15885,1114
5181.897361,2708727171,2708728275,15982,1104
5181.909381,2708736136,2708737240,15958,1104
5182.005564,2708806572,2708807680,15947,1108
5182.017574,2708815395,2708816498,15604,1103
5182.032618,2708826422,2708827531,15974,1109
5182.056652,2708844030,2708845134,15891,1104
5182.068687,2708852887,2708853997,16041,1110
5182.096738,2708874928,2708876025,15759,1097
5182.108334,2708884096,2708885206,15841,1110
5182.124284,2708894245,2708895359,15886,1114
5182.136315,2708903113,2708904221,15956,1108
5182.148334,2708911929,2708913034,15939,1105
5182.224473,2708969229,2708970336,15978,1107
5182.247522,2708984692,2708985797,15937,1105
5182.259542,2708993557,2708994662,15824,1105
5182.283580,2709011171,2709012274,15758,1103
5182.295606,2709020015,2709021092,15615,1077
5182.307640,2709028789,2709029898,15985,1109
5182.319659,2709037638,2709038744,15940,1106
5182.331680,2709046491,2709047600,15829,1109
5182.343710,2709055317,2709056421,15929,1104
5182.355729,2709064132,2709065236,15954,1104
5182.367748,2709072986,2709074086,15796,1100
5182.379778,2709081797,2709082902,15971,1105
5182.391797,2709090610,2709091715,15944,1105
5182.409820,2709103845,2709104942,15680,1097
5182.421851,2709112656,2709113759,15818,1103
5182.448910,2709132512,2709133616,15904,1104
5182.463934,2709143584,2709144693,15940,1109
5182.509009,2709176670,2709177772,15683,1102
5182.521041,2709185496,2709186596,15825,1100
5182.533070,2709194376,2709195480,15964,1104
5182.549099,2709207623,2709208732,16045,1109
5182.569138,2709220914,2709222019,15961,1105
5182.581157,2709229731,2709230840,15938,1109
5182.602190,2709245194,2709246303,15814,1109
5182.614224,2709254050,2709255159,15969,1109
5182.629245,2709265069,2709266169,15906,1100
5182.656297,2709284927,2709286032,15927,1105
5182.668326,2709293780,2709294884,16023,1104
5182.719417,2709331277,2709332380,15820,1103
5182.731447,2709340135,2709341243,15958,1108
5182.743465,2709348951,2709350065,15939,1114
5182.755486,2709357815,2709358915,15827,1100
5182.767516,2709366665,2709367778,15961,1113
5182.785550,2709379946,2709381050,15953,1104
5182.797567,2709388798,2709389907,15841,1109
5182.857686,2709432961,2709434066,15946,1105
5182.869694,2709441760,2709442867,15683,1107
5182.908777,2709470485,2709471589,15816,1104
5182.920807,2709479315,2709480425,15956,1110
5182.932826,2709488172,2709489277,15853,1105
5182.960888,2709510210,2709511317,15798,1107
5183.050050,2709574216,2709575325,15953,1109
5183.062068,2709583074,2709584179,15844,1105
5183.080103,2709596342,2709597453,15844,1111
5183.092132,2709605206,2709606309,15951,1103
5183.104151,2709614034,2709615139,16019,1105
5183.128202,2709631715,2709632824,16061,1109
5183.140220,2709640559,2709641663,15940,1104
5183.152240,2709649402,2709650508,15744,1106
5183.164270,2709658226,2709659331,15958,1105
5183.176289,2709667029,2709668135,15941,1106
5183.188309,2709675890,2709676985,15744,1095
5183.200339,2709684743,2709685847,15942,1104
5183.239403,2709713399,2709714509,15718,1110
5183.251428,2709722232,2709723337,15833,1105
5183.263459,2709731067,2709732172,15960,1105
5183.275477,2709739885,2709740990,15940,1105
5183.287498,2709748746,2709749855,15914,1109
5183.299528,2709757620,2709758725,15948,1105
5183.311546,2709766445,2709767549,15946,1104
5183.323561,2709775297,2709776373,15611,1076
5183.335597,2709784140,2709785245,16005,1105
5183.347614,2709792964,2709794068,16020,1104
5183.359634,2709801800,2709802909,15929,1109
5183.380680,2709817301,2709818411,16025,1110
5183.392699,2709826115,2709827221,15929,1106
5183.464837,2709879170,2709880279,15942,1109
5183.476856,2709887984,2709889084,15806,1100
5183.500906,2709905711,2709906817,16025,1106
5183.515939,2709916785,2709917889,15959,1104
5183.527957,2709925601,2709926706,16019,1105
5183.538485,2709931305,2709932142,14551,837
5183.552009,2709937686,2709938305,12054,619
5183.565535,2709943452,2709944602,15990,1150
5183.577552,2709952692,2709953850,16304,1158
5183.589579,2709962028,2709963188,16319,1160
5183.601601,2709971447,2709972634,16321,1187
5183.616623,2709983178,2709984367,16321,1189
5183.628334,2709993382,2709994579,16365,1197
5183.640671,2710002900,2710004089,16163,1189
5183.652694,2710012383,2710013547,16244,1164
5183.679746,2710033619,2710034807,16269,1188
5183.691773,2710043109,2710044298,16334,1189
5183.703792,2710052610,2710053804,16347,1194
5183.715812,2710062088,2710063277,16241,1189
5183.727842,2710071578,2710072767,16318,1189
5183.739859,2710080977,2710082139,16330,1162
5183.751880,2710090445,2710091609,16243,1164
5183.763910,2710099873,2710101038,16363,1165
5183.775929,2710109211,2710110380,16356,1169
5183.787957,2710118662,2710119824,16207,1162
5183.799979,2710128134,2710129332,16449,1198
5183.811998,2710137625,2710138818,16348,1193
5183.824018,2710147139,2710148309,16247,1170
5183.836047,2710156595,2710157784,16360,1189
5183.848067,2710166072,2710167261,16361,1189
5183.860086,2710175542,2710176702,16248,1160
5183.872116,2710185000,2710186193,16372,1193
5183.884132,2710194456,2710195645,16328,1189
5183.896155,2710203924,2710205088,16244,1164
5183.908185,2710213358,2710214547,16373,1189
5183.920202,2710222813,2710224007,16337,1194
5183.932224,2710232268,2710233454,16244,1186
5183.944253,2710241711,2710242895,16354,1184
5183.956274,2710251194,2710252385,16278,1191
5183.968293,2710260660,2710261851,16158,1191
5183.980322,2710270144,2710271337,16274,1193
5184.043442,2710319858,2710321017,16395,1159
5184.056967,2710328630,2710329739,16026,1109
5184.068984,2710337511,2710338620,15895,1109
5184.084018,2710348589,2710349700,15944,1111
5184.096038,2710357403,2710358511,15951,1108
5184.108058,2710366249,2710367358,15838,1109
5184.120088,2710375114,2710376223,15958,1109
5184.132107,2710383924,2710385030,15858,1106
5184.144122,2710392772,2710393847,15539,1075
5184.157159,2710403796,2710404905,16024,1109
5184.169187,2710412675,2710413780,15829,1105
5184.186208,2710423725,2710424829,15865,1104
5184.198225,2710432617,2710433697,15635,1080
5184.210262,2710441482,2710442596,16011,1114
5184.220328,2710450347,2710451454,15922,1107
5184.240310,2710463608,2710464723,15961,1115
5184.252328,2710472517,2710473595,15615,1078
5184.264363,2710481348,2710482456,16084,1108
5184.276381,2710490196,2710491305,16028,1109
5184.288401,2710499036,2710500144,15853,1108
5184.303431,2710510067,2710511181,15927,1114
5184.315448,2710518932,2710520006,15661,1074
5184.327482,2710527760,2710528864,15975,1104
5184.339498,2710536597,2710537703,16037,1106
5184.351516,2710545426,2710546504,15614,1078
5184.363551,2710554276,2710555386,15874,1110
5184.375568,2710563127,2710564235,15841,1108
5184.387590,2710571982,2710573086,15850,1104
5184.399620,2710580840,2710581945,15964,1105
5184.411636,2710589659,2710590765,15933,1106
5184.423653,2710598520,2710599599,15623,1079
5184.435686,2710607301,2710608404,15990,1103
5184.447705,2710616121,2710617232,15841,1111
5184.459722,2710624957,2710626036,15619,1079
5184.471758,2710633745,2710634848,16087,1103
5184.483773,2710642563,2710643671,15861,1108
5184.495790,2710651417,2710652495,15635,1078
5184.507827,2710660224,2710661328,16090,1104
5184.519842,2710669036,2710670139,15931,1103
5184.531872,2710677871,2710678949,15834,1078
5184.543894,2710686671,2710687776,16082,1105
5184.555910,2710695464,2710696573,16005,1109
5184.567928,2710704314,2710705392,15660,1078
5184.579963,2710713106,2710714207,16169,1101
5184.591981,2710721978,2710723084,15944,1106
5184.603997,2710730798,2710731873,15537,1075
5184.616032,2710739590,2710740698,16090,1108
5184.628048,2710748426,2710749532,15839,1106
5184.640065,2710757225,2710758305,15613,1080
5184.652100,2710766003,2710767111,16083,1108
5184.664117,2710774826,2710775934,16008,1108
5184.676138,2710783661,2710784770,15840,1109
5184.688168,2710792518,2710793631,15944,1113
5184.700188,2710801363,2710802468,16083,1105
5184.712202,2710810192,2710811267,15615,1075
5184.724238,2710818976,2710820080,16025,1104
5184.736256,2710827814,2710828923,15950,1109
5184.748270,2710836676,2710837754,15615,1078
5184.760306,2710845462,2710846568,15995,1106
5184.772322,2710854313,2710855417,15929,1104
5184.787356,2710865340,2710866456,15935,1116
5184.799374,2710874183,2710875292,15942,1109
5184.811391,2710882978,2710884058,15624,1080
5184.823426,2710891779,2710892889,16086,1110
5184.835441,2710900611,2710901716,15870,1105
5184.847459,2710909418,2710910496,15619,1078
5184.865494,2710922608,2710923683,15619,1075
5184.877528,2710931431,2710932541,15959,1110
5184.889547,2710940300,2710941411,16022,1111
5184.901563,2710949128,2710950205,15621,1077
5184.932637,2710973295,2710974408,15950,1113
5184.967701,2710997566,2710998669,16085,1103
5184.979717,2711006404,2711007513,15779,1109
5184.991734,2711015255,2711016333,15635,1078
5185.036820,2711048307,2711049385,15684,1078
5185.048855,2711057087,2711058191,16088,1104
5185.060871,2711065914,2711067023,15968,1109
5185.072888,2711074734,2711075817,15617,1083
5185.096940,2711092409,2711093519,15945,1110
5185.108957,2711101293,2711102371,15624,1078
5185.130006,2711116687,2711117796,15996,1109
5185.142025,2711125517,2711126622,15927,1105
5185.154045,2711134749,2711135822,15596,1073
5185.169077,2711145763,2711146866,15929,1103
5185.181099,2711154631,2711155737,15836,1106
5185.193129,2711163459,2711164563,16169,1104
5185.205145,2711172287,2711173390,16009,1103
5185.217169,2711181133,2711182242,15916,1109
5185.229195,2711189966,2711191069,15997,1103
5185.241214,2711198789,2711199893,15983,1104
5185.253231,2711207622,2711208699,15613,1077
5185.265266,2711216473,2711217582,15969,1109
5185.289300,2711234148,2711235226,15703,1078
5185.301335,2711242939,2711244046,16092,1107
5185.313353,2711251782,2711252889,15942,1107
5185.325381,2711260612,2711261686,15832,1074
5185.337403,2711269424,2711270532,15965,1108
5185.349421,2711278278,2711279388,15943,1110
5185.361437,2711287097,2711288170,15624,1073
5185.373473,2711295883,2711296991,16131,1108
5185.388488,2711306987,2711308064,15659,1077
5185.415540,2711326822,2711327902,15621,1080
5185.427574,2711335644,2711336749,16051,1105
5185.439593,2711344498,2711345612,15901,1114
5185.451608,2711353352,2711354426,15623,1074
5185.463644,2711362134,2711363236,16087,1102
5185.475660,2711370950,2711372064,15860,1114
5185.488692,2711382037,2711383151,15943,1114
5185.517748,2711401915,2711403025,16170,1110
5185.529762,2711410755,2711411869,15961,1114
5185.544798,2711421770,2711422874,16168,1104
5185.556814,2711430587,2711431698,16007,1111
5185.580864,2711448241,2711449346,15936,1105
5185.592883,2711457096,2711458205,15899,1109
5185.619934,2711476941,2711478047,15924,1106
5185.631956,2711485796,2711486900,15814,1104
5185.643987,2711494625,2711495728,16088,1103
5185.656002,2711503436,2711504545,15923,1109
5185.668020,2711512260,2711513338,15621,1078
5185.689073,2711527675,2711528785,16082,1110
5185.701089,2711536467,2711537570,15930,1103
5185.722135,2711551907,2711553022,15913,1115
5185.734157,2711560763,2711561867,15963,1104
5185.749174,2711571804,2711572882,15619,1078
5185.761210,2711580578,2711581686,16083,1108
5185.788262,2711600434,2711601542,16094,1108
5185.800277,2711609273,2711610382,15931,1109
5185.812297,2711618116,2711619190,15640,1074
5185.824327,2711626918,2711628023,15998,1105
5185.836346,2711635743,2711636845,15902,1102
5185.863397,2711655603,2711656712,15943,1109
5185.875419,2711664423,2711665528,15866,1105
5185.887450,2711673241,2711674342,16085,1101
5185.899466,2711682017,2711683131,15880,1114
5185.911485,2711690857,2711691931,15561,1074
5185.923516,2711699635,2711700739,15998,1104
5185.935534,2711708461,2711709560,15895,1099
5185.947552,2711717270,2711718343,15620,1073
5185.965586,2711730485,2711731559,15612,1074
5185.977619,2711739308,2711740417,15929,1109
5185.992638,2711750323,2711751401,15621,1078
5186.004673,2711759126,2711760228,16086,1102
5186.031725,2711778948,2711780051,16086,1103
5186.043740,2711787783,2711788894,15932,1111
5186.055758,2711796609,2711797688,15615,1079
5186.088826,2711820871,2711821982,15941,1111
5186.100843,2711829696,2711830774,15625,1078
5186.112879,2711838488,2711839597,16087,1109
5186.127899,2711849518,2711850627,15829,1109
5186.151946,2711867162,2711868271,15930,1109
5186.163963,2711876028,2711877103,15619,1075
5186.175996,2711884853,2711885958,15924,1105
5186.188016,2711893680,2711894793,15943,1113
5186.200037,2711902505,2711903614,15838,1109
5186.212067,2711911357,2711912461,16087,1104
5186.224082,2711920186,2711921296,15959,1110
5186.236100,2711929023,2711930106,15534,1083
5186.248135,2711937823,2711938931,15999,1108
5186.260152,2711946636,2711947745,15931,1109
5186.317268,2711988536,2711989614,15835,1078
5186.329290,2711997322,2711998426,16080,1104
5186.341306,2712006122,2712007227,15924,1105
5186.353323,2712014949,2712016021,15635,1072
5186.365358,2712023725,2712024829,16036,1104
5186.380375,2712034751,2712035829,15631,1078
5186.404426,2712052348,2712053461,15928,1113
5186.416456,2712061215,2712062293,15756,1078
5186.431478,2712072218,2712073323,15929,1105
5186.443499,2712081051,2712082156,15835,1105
5186.455530,2712089912,2712091026,15961,1114
5186.467546,2712098757,2712099860,15847,1103
5186.485580,2712112010,2712113114,16003,1104
5186.497598,2712120821,2712121899,15655,1078
5186.545702,2712156091,2712157195,16095,1104
5186.557718,2712164917,2712166026,15926,1109
5186.611821,2712204666,2712205775,15927,1109
5186.623838,2712213504,2712214578,15591,1074
5186.635874,2712222301,2712223413,16048,1112
5186.647889,2712231140,2712232248,15921,1108
5186.659906,2712239974,2712241052,15619,1078
5186.671940,2712249203,2712250310,15849,1107
5186.683958,2712258045,2712259157,16023,1112
5186.695975,2712266876,2712267950,15699,1074
5186.708011,2712275675,2712276779,16173,1104
5186.720025,2712284511,2712285623,15963,1112
5186.732044,2712293351,2712294428,15623,1077
5186.744079,2712302127,2712303229,16088,1102
5186.762113,2712315294,2712316391,16167,1097
5186.774133,2712324138,2712325242,15951,1104
5186.786146,2712332966,2712334044,15622,1078
5186.798182,2712341741,2712342848,16079,1107
5186.816213,2712354974,2712356085,15993,1111
5186.828232,2712363825,2712364934,15884,1109
5186.840249,2712372654,2712373729,15539,1075
5186.852285,2712381440,2712382547,16085,1107
5186.868327,2712394685,2712395800,15931,1115
5186.888353,2712407920,2712409030,16088,1110
5186.900369,2712416760,2712417863,15928,1103
5186.912399,2712425568,2712426641,15756,1073
5186.972508,2712469642,2712470750,15916,1108
5186.984524,2712478472,2712479550,15632,1078
5186.996559,2712487271,2712488373,16171,1102
5187.020592,2712504919,2712505996,15615,1077
5187.035627,2712515920,2712517030,15923,1110
5187.047644,2712524744,2712525827,15696,1083
5187.059679,2712533555,2712534658,16172,1103
5187.071697,2712542422,2712543531,15944,1109
5187.083715,2712551256,2712552334,15623,1078
5187.095748,2712560040,2712561143,16087,1103
5187.107764,2712568854,2712569963,15931,1109
5187.125798,2712582077,2712583182,15928,1105
5187.137815,2712590931,2712592015,15698,1084
5187.176902,2712619638,2712620745,16091,1107
5187.188918,2712628478,2712629583,16010,1105
5187.209965,2712643890,2712644973,15757,1083
5187.221988,2712652680,2712653787,16087,1107
5187.234004,2712661520,2712662615,15927,1095
5187.246022,2712670354,2712671432,15621,1078
5187.258055,2712679181,2712680295,15955,1114
5187.273073,2712690259,2712691334,15624,1075
5187.285108,2712699057,2712700165,16093,1108
5187.369263,2712760764,2712761875,15945,1111
5187.381278,2712769606,2712770684,15537,1078
5187.393313,2712778431,2712779539,15960,1108
5187.405330,2712787240,2712788344,15930,1104
5187.436394,2712811485,2712812589,16164,1104
5187.456434,2712824713,2712825820,16087,1107
5187.468451,2712833560,2712834668,15943,1108
5187.495501,2712853446,2712854554,16007,1108
5187.507531,2712862314,2712863392,15762,1078
5187.519554,2712871092,2712872195,16167,1103
5187.531569,2712879922,2712881036,16008,1114
5187.543587,2712888754,2712889832,15695,1078
5187.555622,2712897563,2712898666,16146,1103
5187.567639,2712906429,2712907528,15941,1099
5187.585675,2712919661,2712920767,16024,1106
5187.597690,2712928477,2712929555,15699,1078
5187.609722,2712937278,2712938386,16074,1108
5187.621741,2712946103,2712947208,15932,1105
5187.648793,2712965931,2712967036,15927,1105
5187.660814,2712974763,2712975872,15851,1109
5187.672846,2712983590,2712984703,16092,1113
5187.687861,2712994637,2712995715,15620,1078
5187.699897,2713003431,2713004540,16083,1109
5187.711911,2713012468,2713013573,15963,1105
5187.756999,2713045510,2713046619,15866,1109
5187.769015,2713054358,2713055434,15633,1076
5187.781051,2713063140,2713064239,16003,1099
5187.820119,2713091806,2713092916,15928,1110
5187.832135,2713100636,2713101711,15616,1075
5187.844172,2713109427,2713110531,16092,1104
5187.856187,2713118245,2713119354,15866,1109
5187.869219,2713129298,2713130409,16090,1111
5187.907289,2713155743,2713156851,15997,1108
5187.920328,2713166782,2713167864,15616,1082
5187.973410,2713204307,2713205411,15934,1104
5187.985427,2713213124,2713214196,15695,1072
5188.024515,2713241722,2713242829,16095,1107
5188.036530,2713250546,2713251656,15929,1110
5188.060581,2713268153,2713269257,15936,1104
5188.072598,2713277000,2713278109,15943,1109
5188.105666,2713301276,2713302385,16001,1109
5188.117684,2713310095,2713311204,16008,1109
5188.129706,2713318929,2713320040,15893,1111
5188.141737,2713327804,2713328909,16048,1105
5188.153753,2713336659,2713337769,15932,1110
5188.168788,2713347712,2713348818,15968,1106
5188.180333,2713356965,2713358079,15935,1114
5188.201851,2713372444,2713373554,15910,1110
5188.213874,2713381294,2713382399,15882,1105
5188.225892,2713390147,2713391247,15860,1100
5188.240925,2713401211,2713402316,15970,1105
5188.261961,2713416696,2713417799,15948,1103
5188.273982,2713425541,2713426646,15828,1105
5188.349129,2713480813,2713481890,15790,1077
5188.361146,2713489598,2713490697,15934,1099
5188.373165,2713498408,2713499512,15829,1104
5188.451319,2713555733,2713556844,15851,1111
5188.463337,2713564575,2713565676,15591,1101
5188.475368,2713573407,2713574511,15965,1104
5188.487387,2713582229,2713583328,15966,1099
5188.508424,2713597605,2713598711,15623,1106
5188.520453,2713606438,2713607544,15956,1106
5188.559527,2713635133,2713636238,15945,1105
5188.571543,2713643953,2713645061,15671,1108
5188.583573,2713652783,2713653881,15954,1098
5188.595594,2713661639,2713662744,15939,1105
5188.616632,2713677068,2713678172,15824,1104
5188.628660,2713685896,2713686969,15806,1073
5188.664731,2713712330,2713713439,16047,1109
5188.676749,2713721195,2713722300,16013,1105
5188.688769,2713730030,2713731134,15821,1104
5188.700798,2713738891,2713739997,16044,1106
5188.712816,2713747707,2713748816,16050,1109
5188.724835,2713756538,2713757634,15665,1096
5188.736864,2713765358,2713766463,16029,1105
5188.772933,2713791805,2713792914,15956,1109
5188.784953,2713800622,2713801727,16004,1105
5188.809001,2713818230,2713819329,15952,1099
5188.821021,2713827043,2713828152,15963,1109
5188.873123,2713866687,2713867792,15963,1105
5188.893159,2713879952,2713881056,15957,1104
5188.905178,2713888746,2713889844,15586,1098
5188.977315,2713941652,2713942750,15627,1098
5188.989344,2713950467,2713951572,15945,1105
5189.001367,2713959292,2713960398,16030,1106
5189.013384,2713968076,2713969179,15708,1103
5189.025413,2713976892,2713978005,16032,1113
5189.037433,2713985718,2713986827,16038,1109
5189.080517,2714018834,2714019937,15970,1103
5189.097553,2714029915,2714031020,15967,1105
5189.109570,2714038730,2714039844,15961,1114
5189.157658,2714074010,2714075116,15592,1106
5189.169687,2714082834,2714083939,15947,1105
5189.181708,2714091659,2714092768,15966,1109
5189.193735,2714100438,2714101546,15707,1108
5189.223793,2714122459,2714123536,15858,1077
5189.235811,2714131246,2714132351,15969,1105
5189.247832,2714140079,2714141184,15832,1105
5189.265863,2714153305,2714154405,15669,1100
5189.277897,2714162192,2714163310,15912,1118
5189.292924,2714173319,2714174432,15904,1113
5189.304945,2714182263,2714183374,15904,1111
5189.316970,2714191153,2714192262,15979,1109
5189.398122,2714250782,2714251887,15946,1105
5189.410138,2714259570,2714260676,15636,1106
5189.422170,2714268414,2714269524,15958,1110
5189.437199,2714279527,2714280638,15905,1111
5189.500309,2714326099,2714327206,15637,1107
5189.512338,2714335097,2714336201,15849,1104
5189.524359,2714343916,2714345029,15964,1113
5189.536381,2714352758,2714353872,15835,1114
5189.605513,2714403489,2714404593,15961,1104
5189.617533,2714412278,2714413383,15628,1105
5189.692685,2714467401,2714468510,16002,1109
5189.704704,2714476661,2714477775,16020,1114
5189.719733,2714487726,2714488840,15859,1114
5189.731754,2714496552,2714497652,15917,1100
5189.743775,2714505359,2714506468,15826,1109
5189.755802,2714514197,2714515297,15947,1100
5189.767822,2714522993,2714524101,15964,1108
5189.815909,2714558260,2714559359,15624,1099
5189.827942,2714567086,2714568163,15811,1077
5189.839959,2714575851,2714576956,15857,1105
5189.851978,2714584673,2714585774,15515,1101
5189.864007,2714593508,2714594612,15951,1104
5189.876030,2714602357,2714603467,15943,1110
5189.894065,2714615608,2714616713,15944,1105
5189.906081,2714624378,2714625480,15628,1102
5189.921114,2714635402,2714636511,16043,1109
5189.933132,2714644206,2714645316,15627,1110
5189.945166,2714653048,2714654157,15961,1109
5190.032321,2714716913,2714718002,15623,1089
5190.044356,2714725742,2714726820,15808,1078
5190.056371,2714734536,2714735641,15921,1105
5190.116488,2714778551,2714779659,16029,1108
5190.128508,2714787381,2714788490,16045,1109
5190.161574,2714811627,2714812736,15948,1109
5190.173594,2714820442,2714821556,15961,1114
5190.236714,2714866757,2714867861,15852,1104
5190.248736,2714875620,2714876722,15826,1102
5190.263766,2714886647,2714887756,16046,1109
5190.287817,2714904256,2714905365,16075,1109
5190.299834,2714913096,2714914201,15968,1105
5190.311853,2714921887,2714922999,15627,1112
5190.323882,2714930689,2714931789,15955,1100
5190.335903,2714939517,2714940621,15851,1104
5190.347922,2714948365,2714949471,15591,1106
5190.359955,2714957219,2714958328,15967,1109
5190.371972,2714966052,2714967154,15877,1102
5190.383998,2714974832,2714975935,15631,1103
5190.396019,2714983649,2714984758,15864,1109
5190.408040,2714992444,2714993549,15967,1105
5190.426074,2715005640,2715006749,15959,1109
5190.438096,2715014451,2715015560,15828,1109
5190.462143,2715032115,2715033222,15921,1107
5190.474162,2715040908,2715042015,15631,1107
5190.528264,2715080528,2715081630,15703,1102
5190.540298,2715089386,2715090495,15875,1109
5190.552314,2715098209,2715099313,16046,1104
5190.567345,2715109212,2715110319,16027,1107
5190.664533,2715181932,2715183037,15950,1105
5190.732657,2715230424,2715231528,15931,1104
5190.744676,2715239268,2715240374,15512,1106
5190.756705,2715248085,2715249190,15862,1105
5190.768726,2715256922,2715258022,15962,1100
5190.780752,2715265755,2715266861,15674,1106
5190.792774,2715274583,2715275692,16034,1109
5190.804794,2715283424,2715284529,16045,1105
5190.816813,2715292236,2715293340,15698,1104
5190.855894,2715320912,2715322019,15956,1107
5190.867914,2715329729,2715330838,15958,1109
5190.879941,2715338526,2715339626,15715,1100
5190.897968,2715351744,2715352840,15701,1096
5190.909997,2715360575,2715361684,16035,1109
5190.925019,2715371599,2715372700,15593,1101
5190.937052,2715380450,2715381555,15960,1105
5190.952070,2715391474,2715392576,15664,1102
5190.964104,2715400323,2715401423,15967,1100
5190.982137,2715413544,2715414651,16071,1107
5191.048257,2715462060,2715463157,16043,1097
5191.060279,2715470858,2715471967,15906,1109
5191.072307,2715479676,2715480759,15811,1083
5191.084329,2715488466,2715489571,15955,1105
5191.096345,2715497262,2715498365,15626,1103
5191.111378,2715508298,2715509403,15967,1105
5191.123396,2715517078,2715518186,15627,1108
5191.135430,2715525922,2715527033,15967,1111
5191.147449,2715534799,2715535903,15932,1104
5191.168482,2715550204,2715551310,15625,1106
5191.180515,2715559021,2715560126,15993,1105
5191.195533,2715570031,2715571132,15623,1101
5191.206059,2715577970,2715579076,15890,1106
5191.218083,2715586814,2715587921,15856,1107
5191.230108,2715595639,2715596748,15994,1109
5191.242126,2715604450,2715605559,15968,1109
5191.254145,2715613226,2715614333,15629,1107
5191.266174,2715622043,2715623154,15953,1111
5191.278195,2715630856,2715631965,15853,1109
5191.305246,2715650697,2715651806,15966,1109
5191.317267,2715659507,2715660618,15629,1111
5191.347328,2715681534,2715682627,16033,1093
5191.359349,2715690348,2715691458,16049,1110
5191.371368,2715699133,2715700234,15707,1101
5191.383401,2715707971,2715709080,15968,1109
5191.395417,2715716796,2715717896,15965,1100
5191.416454,2715732204,2715733315,15626,1111
5191.428486,2715741042,2715742147,16082,1105
5191.521658,2715809340,2715810449,15963,1109
5191.533677,2715818130,2715819235,15631,1105
5191.551711,2715831345,2715832456,15706,1111
5191.563740,2715840183,2715841287,15947,1104
5191.575761,2715849003,2715850107,15770,1104
5191.593795,2715862251,2715863360,15967,1109
5191.605814,2715871084,2715872185,15597,1101
5191.629866,2715888757,2715889857,15950,1100
5191.641882,2715897551,2715898654,15627,1103
5191.709018,2715948262,2715949367,15939,1105
5191.733068,2715965866,2715966971,15948,1105
5191.756103,2715981280,2715982385,15962,1105
5191.768123,2715990165,2715991262,15628,1097
5191.780156,2715998993,2716000101,16050,1108
5191.792172,2716007818,2716008918,15980,1100
5191.804191,2716016607,2716017709,15710,1102
5191.816220,2716025426,2716026535,15954,1109
5191.828244,2716034251,2716035353,15956,1102
5191.840260,2716043034,2716044134,15634,1100
5191.852289,2716051853,2716052956,15955,1103
5191.879345,2716071739,2716072848,15967,1109
5191.891362,2716080597,2716081699,15892,1102
5191.903380,2716089374,2716090476,15629,1102
5191.951477,2716124645,2716125750,15944,1105
5191.963498,2716133497,2716134601,15965,1104
5191.975520,2716142326,2716143435,15827,1109
5191.987552,2716151176,2716152249,15814,1073
5191.999566,2716159949,2716161058,16006,1109
5192.011585,2716168749,2716169851,15704,1102
5192.023618,2716177562,2716178670,16078,1108
5192.035635,2716186384,2716187488,15975,1104
5192.047654,2716195171,2716196285,15637,1114
5192.059683,2716203999,2716205104,15959,1105
5192.071706,2716212810,2716213915,15857,1105
5192.083722,2716221634,2716222731,15589,1097
5192.095752,2716230459,2716231572,15953,1113
5192.107773,2716239285,2716240388,15966,1103
5192.119799,2716248099,2716249202,15674,1103
5192.137826,2716261322,2716262425,15631,1103
5192.149855,2716270114,2716271227,15951,1113
5192.164880,2716281174,2716282282,15826,1108
5192.176913,2716290041,2716291146,16010,1105
5192.240027,2716336296,2716337405,15958,1109
5192.252047,2716345122,2716346231,15970,1109
5192.264066,2716353905,2716355010,15532,1105
5192.282100,2716367170,2716368273,15596,1103
5192.294129,2716375972,2716377075,16037,1103
5192.306150,2716384779,2716385884,16050,1105
5192.330198,2716402401,2716403500,15953,1099
5192.342220,2716411245,2716412354,15945,1109
5192.354237,2716420050,2716421157,15623,1107
5192.366266,2716428871,2716429980,16027,1109
5192.378288,2716437744,2716438844,16016,1100
5192.388327,2716446554,2716447661,15707,1107
5192.489494,2716519235,2716520337,15627,1102
5192.501524,2716528055,2716529169,15949,1114
5192.585681,2716589751,2716590856,15970,1105
5192.597701,2716598611,2716599721,15628,1110
5192.693888,2716669195,2716670306,15938,1111
5192.705906,2716678007,2716679118,15668,1111
5192.728332,2716689563,2716690170,12021,607
5192.740334,2716694185,2716694806,12269,621
5192.754008,2716702552,2716703711,16394,1159
5192.766024,2716711813,2716713007,16262,1194
5192.778053,2716721242,2716722405,16314,1163
5192.790076,2716730673,2716731861,16391,1188
5192.802093,2716740080,2716741269,16246,1189
5192.841172,2716770693,2716771858,16314,1165
5192.853193,2716780122,2716781307,16370,1185
5192.904292,2716820198,2716821387,16311,1189
5192.916314,2716829667,2716830856,16379,1189
5192.928331,2716839119,2716840308,16268,1189
5192.944373,2716853353,2716854529,16258,1176
5192.976429,2716877015,2716878208,16312,1193
5192.988452,2716886474,2716887663,16341,1189
5193.000469,2716895960,2716897149,16252,1189
5193.012498,2716905404,2716906596,16316,1192
5193.027526,2716917245,2716918438,16308,1193
5193.045561,2716931675,2716932864,16290,1189
5193.060589,2716943610,2716944808,16315,1198
5193.072612,2716953173,2716954371,16317,1198
5193.087641,2716965094,2716966291,16298,1197
5193.099663,2716974577,2716975745,16308,1168
5193.117699,2716988731,2716989928,16324,1197
5193.129722,2716998292,2716999484,16316,1192
5193.144753,2717010183,2717011377,16339,1194
5193.156774,2717019625,2717020794,16336,1169
5193.168799,2717029088,2717030282,16322,1194
5193.180818,2717038602,2717039800,16318,1198
5193.192842,2717048087,2717049256,16316,1169
5193.207871,2717059972,2717061138,16315,1166
5193.219892,2717069466,2717070638,16317,1172
5193.233416,2717080306,2717081500,16316,1194
5193.255961,2717095634,2717096745,15905,1111
5193.267983,2717104548,2717105662,15906,1114
5193.280006,2717113473,2717114585,15905,1112
5193.292029,2717122358,2717123473,15861,1115
5193.304050,2717131246,2717132359,15958,1113
5193.316069,2717140121,2717141230,15863,1109
5193.328098,2717149003,2717150106,15992,1103
5193.340119,2717157861,2717158970,15966,1109
5193.352137,2717166747,2717167852,15861,1105
5193.364167,2717175615,2717176723,15989,1108
5193.376188,2717184474,2717185578,16043,1104
5193.397223,2717199977,2717201087,15855,1110
5193.409252,2717208875,2717209984,15888,1109
5193.424275,2717219967,2717221071,15858,1104
5193.436305,2717228823,2717229927,15902,1104
5193.448327,2717237685,2717238791,16056,1106
5193.460342,2717246563,2717247667,15914,1104
5193.472373,2717255423,2717256532,15909,1109
5193.484395,2717264286,2717265395,15970,1109
5193.496412,2717273153,2717274266,15842,1113
5193.532480,2717299724,2717300827,15842,1103
5193.544511,2717308585,2717309685,15909,1100
5193.556532,2717317443,2717318546,15977,1103
5193.580579,2717335142,2717336252,15909,1110
5193.592602,2717344012,2717345117,15973,1105
5193.604618,2717352866,2717353971,15843,1105
5193.616648,2717361742,2717362852,15908,1110
5193.628670,2717370599,2717371693,15971,1094
5193.643700,2717381693,2717382799,15904,1106
5193.655721,2717390562,2717391671,15973,1109
5193.667738,2717399425,2717400534,15842,1109
5193.679768,2717408277,2717409390,15905,1113
5193.691790,2717417140,2717418253,15974,1113
5193.703807,2717426030,2717427135,15848,1105
5193.715837,2717434891,2717435991,15824,1100
5193.727858,2717443754,2717444858,15889,1104
5193.760923,2717468095,2717469200,15912,1105
5193.772944,2717476944,2717478058,16060,1114
5193.796992,2717494654,2717495759,15907,1105
5193.809013,2717503528,2717504633,16068,1105
5193.836064,2717523472,2717524577,15971,1105
5193.848081,2717532346,2717533451,15847,1105
5193.860111,2717541216,2717542325,15818,1109
5193.872132,2717550078,2717551183,15885,1105
5193.884149,2717558934,2717560038,15847,1104
5193.896180,2717567780,2717568889,15989,1109
5193.908201,2717576655,2717577764,15991,1109
5193.920218,2717585510,2717586612,15843,1102
5193.932248,2717594376,2717595486,15908,1110
5193.944270,2717603237,2717604342,16019,1105
5193.956285,2717612098,2717613207,15835,1109
5193.968317,2717620943,2717622052,15910,1109
5193.983338,2717632007,2717633113,15926,1106
5193.995368,2717640873,2717641971,15823,1098
5194.007390,2717649750,2717650858,15994,1108
5194.019407,2717658611,2717659716,15850,1105
5194.032933,2717668796,2717669901,15831,1105
5194.048974,2717682079,2717683178,15822,1099
5194.109082,2717726327,2717727433,15990,1106
5194.153167,2717757341,2717758445,15909,1104
5194.165191,2717766191,2717767302,15994,1111
5194.180218,2717777274,2717778385,15870,1111
5194.213275,2717801631,2717802740,15824,1109
5194.225304,2717810484,2717811593,15909,1109
5194.243339,2717823788,2717824892,15906,1104
5194.256866,2717834476,2717835586,15901,1110
5194.307955,2717872115,2717873219,15848,1104
5194.319986,2717880976,2717882089,15889,1113
5194.332007,2717889845,2717890949,15974,1104
5194.344024,2717898703,2717899812,15842,1109
5194.356054,2717907575,2717908683,15907,1108
5194.368075,2717916427,2717917526,15971,1099
5194.380093,2717925279,2717926389,15845,1110
5194.392123,2717934132,2717935237,15866,1105
5194.404144,2717942974,2717944088,15984,1114
5194.416161,2717951852,2717952966,15847,1114
5194.428192,2717960745,2717961854,15917,1109
5194.440213,2717969642,2717970751,15988,1109
5194.452238,2717978543,2717979654,15916,1111
5194.464259,2717987439,2717988552,15912,1113
5194.500327,2718014115,2718015223,15904,1108
5194.512349,2718022977,2718024085,15874,1108
5194.533385,2718038494,2718039598,15862,1104
5194.545413,2718047348,2718048459,15820,1111
5194.569452,2718065081,2718066186,15856,1105
5194.581482,2718073926,2718075036,15906,1110
5194.605521,2718091622,2718092731,15862,1109
5194.617551,2718100488,2718101597,15955,1109
5194.635585,2718113779,2718114893,15987,1114
5194.647606,2718122650,2718123757,16039,1107
5194.659624,2718131531,2718132635,15802,1104
5194.677658,2718144808,2718145902,15837,1094
5194.689689,2718153652,2718154761,15904,1109
5194.707723,2718166949,2718168058,15903,1109
5194.719745,2718175797,2718176901,15932,1104
5194.731762,2718184664,2718185768,15846,1104
5194.743792,2718193513,2718194619,15912,1106
5194.755813,2718202389,2718203498,15972,1109
5194.767830,2718211247,2718212355,15757,1108
5194.779860,2718220101,2718221210,15951,1109
5194.791882,2718228966,2718230074,15971,1108
5194.809916,2718242247,2718243356,15974,1109
5194.821933,2718251088,2718252193,15802,1105
5194.848983,2718271030,2718272134,15831,1104
5194.861017,2718279895,2718281003,15913,1108
5194.888066,2718299828,2718300939,15905,1111
5194.900090,2718308710,2718309810,16008,1100
5194.912104,2718317547,2718318653,15847,1106
5194.924135,2718326425,2718327534,15910,1109
5194.936156,2718335292,2718336401,15974,1109
5194.948171,2718344147,2718345251,15831,1104
5194.960204,2718353014,2718354127,15907,1113
5194.972225,2718361909,2718363014,15978,1105
5194.984241,2718370757,2718371856,15845,1099
5194.996272,2718379594,2718380702,15822,1108
5195.008293,2718388453,2718389558,15973,1105
5195.020310,2718397310,2718398419,15845,1109
5195.035345,2718408369,2718409478,15971,1109
5195.056379,2718423875,2718424975,15839,1100
5195.068408,2718432753,2718433867,15819,1114
5195.113494,2718465971,2718467080,15910,1109
5195.125515,2718474832,2718475931,15915,1099
5195.143549,2718488130,2718489238,15959,1108
5195.155567,2718496986,2718498095,15863,1109
5195.167596,2718505858,2718506967,15908,1109
5195.179618,2718514724,2718515830,15872,1106
5195.257768,2718572228,2718573337,15906,1109
5195.272792,2718583354,2718584454,15798,1100
5195.284821,2718592211,2718593317,15906,1106
5195.299841,2718603281,2718604390,15800,1109
5195.311872,2718612131,2718613235,15909,1104
5195.323894,2718620990,2718622093,15979,1103
5195.341928,2718634278,2718635377,15977,1099
5195.353944,2718643109,2718644218,15840,1109
5195.368979,2718654204,2718655309,15968,1105
5195.380996,2718663059,2718664172,15835,1113
5195.393027,2718671937,2718673046,15862,1109
5195.414065,2718687428,2718688533,15977,1105
5195.426082,2718696286,2718697395,15849,1109
5195.468168,2718727285,2718728392,15978,1107
5195.480185,2718736179,2718737288,15844,1109
5195.492215,2718745047,2718746156,15903,1109
5195.504236,2718753908,2718755011,15972,1103
5195.516253,2718762748,2718763852,15800,1104
5195.528284,2718771612,2718772716,15908,1104
5195.540305,2718780483,2718781594,15947,1111
5195.561339,2718795987,2718797091,15840,1104
5195.573369,2718804859,2718805964,15907,1105
5195.591404,2718818145,2718819254,15905,1109
5195.603425,2718826999,2718828104,15978,1105
5195.615442,2718835858,2718836963,15845,1105
5195.627472,2718844724,2718845822,15913,1098
5195.648511,2718860239,2718861343,15965,1104
5195.660528,2718869076,2718870181,15929,1105
5195.672558,2718877930,2718879043,15993,1113
5195.684580,2718886794,2718887900,15971,1106
5195.753712,2718937743,2718938852,15908,1109
5195.765735,2718946993,2718948102,15946,1109
5195.789781,2718964753,2718965857,15902,1104
5195.801802,2718973619,2718974723,15971,1104
5195.879953,2719031227,2719032335,15906,1108
5195.891974,2719040106,2719041215,15989,1109
5195.910008,2719053404,2719054517,15971,1113
5195.922025,2719062275,2719063380,15843,1105
5195.976128,2719102109,2719103223,15846,1114
5195.988158,2719110993,2719112102,15912,1109
5196.000182,2719119862,2719120976,15975,1114
5196.012196,2719128727,2719129837,15926,1110
5196.024227,2719137585,2719138689,15995,1104
5196.036248,2719146444,2719147553,16052,1109
5196.072317,2719173025,2719174130,15977,1105
5196.084334,2719181882,2719182986,15851,1104
5196.096363,2719190753,2719191862,15909,1109
5196.168500,2719243932,2719245041,15908,1109
5196.180521,2719252784,2719253888,15958,1104
5196.192539,2719261646,2719262755,15859,1109
5196.207572,2719272741,2719273850,15957,1109
5196.219591,2719281587,2719282692,15864,1105
5196.237624,2719294877,2719295991,15840,1114
5196.249654,2719303741,2719304850,15903,1109
5196.261676,2719312599,2719313710,15963,1111
5196.291728,2719334747,2719335856,15857,1109
5196.303759,2719343611,2719344711,15907,1100
5196.315780,2719352476,2719353581,15978,1105
5196.327797,2719361329,2719362437,15843,1108
5196.339827,2719370177,2719371291,15906,1114
5196.351849,2719379053,2719380153,15975,1100
5196.363865,2719387903,2719389008,15842,1105
5196.375895,2719396774,2719397888,15843,1114
5196.387917,2719405639,2719406743,15905,1104
5196.399934,2719414487,2719415596,15845,1109
5196.417968,2719427789,2719428898,15843,1109
5196.429999,2719436649,2719437754,15905,1105
5196.442020,2719445516,2719446621,15970,1105
5196.454036,2719454363,2719455471,15844,1108
5196.481088,2719474289,2719475389,15844,1100
5196.493118,2719483142,2719484250,15911,1108
5196.514157,2719498671,2719499784,15973,1113
5196.526174,2719507539,2719508641,15825,1102
5196.604329,2719565131,2719566236,15973,1105
5196.616346,2719574004,2719575108,15806,1104
5196.631380,2719585060,2719586164,15975,1104
5196.643399,2719593920,2719595021,15828,1101
5196.655427,2719602788,2719603892,15907,1104
5196.667449,2719611649,2719612754,15972,1105
5196.679465,2719620489,2719621594,15844,1105
5196.691496,2719629348,2719630454,15910,1106
5196.703518,2719638215,2719639329,15965,1114
5196.715534,2719647102,2719648207,15862,1105
5196.727563,2719655957,2719657070,15905,1113
5196.739584,2719664816,2719665925,15956,1109
5196.751602,2719673669,2719674778,15856,1109
5196.763631,2719682547,2719683657,15818,1110
5196.775653,2719691420,2719692520,15958,1100
5196.808717,2719715772,2719716876,15907,1104
5196.820739,2719724623,2719725728,15961,1105
5196.841774,2719740134,2719741243,15858,1109
5196.853803,2719748998,2719750104,15907,1106
5196.904894,2719786654,2719787759,15858,1105
5196.916924,2719795525,2719796630,15904,1105
5196.928946,2719804376,2719805486,15975,1110
5196.940969,2719813259,2719814373,15864,1114
5196.956996,2719826490,2719827590,16046,1100
5197.001080,2719857329,2719858433,15949,1104
5197.013101,2719866144,2719867249,15876,1105
5197.061188,2719901432,2719902541,15625,1109
5197.073218,2719910265,2719911374,15867,1109
5197.112288,2719938899,2719940011,16014,1112
5197.124313,2719947751,2719948851,15776,1100
5197.136342,2719956588,2719957692,15947,1104
5197.151360,2719967601,2719968707,15633,1106
5197.164390,2719978664,2719979764,15964,1100
5197.193444,2719998532,2719999645,16045,1113
5197.205463,2720007343,2720008444,15702,1101
5197.217492,2720016159,2720017263,16033,1104
5197.259566,2720047027,2720048131,15626,1104
5197.271595,2720055851,2720056956,15949,1105
5197.283619,2720065103,2720066211,15955,1108
5197.295634,2720073929,2720075035,15591,1106
5197.307663,2720082758,2720083871,15951,1113
5197.319685,2720091635,2720092738,15938,1103
5197.331706,2720100510,2720101624,15825,1114
5197.343732,2720109341,2720110451,15955,1110
5197.355753,2720118163,2720119263,15960,1100
5197.367772,2720126934,2720128042,15628,1108
5197.379804,2720135788,2720136888,15961,1100
5197.448926,2720186462,2720187564,15629,1102
5197.460955,2720195276,2720196387,15947,1111
5197.472975,2720204097,2720205211,15968,1114
5197.488006,2720215092,2720216197,15947,1105
5197.524075,2720241521,2720242621,16031,1100
5197.536097,2720250387,2720251487,16014,1100
5197.548114,2720259189,2720260295,15702,1106
5197.560143,2720268007,2720269111,15957,1104
5197.572164,2720276836,2720277940,15969,1104
5197.584183,2720285629,2720286731,15629,1102
5197.596212,2720294450,2720295559,15948,1109
5197.608233,2720303292,2720304395,15966,1103
5197.620252,2720312112,2720313223,15595,1111
5197.632285,2720320969,2720322082,15964,1113
5197.644301,2720329771,2720330878,15962,1107
5197.656320,2720338565,2720339675,15627,1110
5197.695401,2720367188,2720368297,15943,1109
5197.707421,2720376016,2720377119,15965,1103
5197.719440,2720384814,2720385920,15629,1106
5197.731474,2720393661,2720394770,15962,1109
5197.743492,2720402512,2720403617,15935,1105
5197.755509,2720411355,2720412461,15593,1106
5197.767538,2720420177,2720421281,15950,1104
5197.800594,2720444395,2720445501,15624,1106
5197.812624,2720453219,2720454324,15947,1105
5197.863715,2720490762,2720491859,15625,1097
5197.875747,2720499565,2720500657,15993,1092
5197.887764,2720508360,2720509460,15878,1100
5197.899783,2720517139,2720518245,15627,1106
5197.911816,2720525992,2720527097,15964,1105
5197.923833,2720534802,2720535911,15851,1109
5197.935853,2720543655,2720544753,15595,1098
5197.947881,2720552462,2720553570,15948,1108
5197.959902,2720561273,2720562377,15964,1104
5198.004988,2720594325,2720595429,15968,1104
5198.017006,2720603143,2720604244,15511,1101
5198.105186,2720669233,2720670334,15623,1101
5198.122210,2720680267,2720681377,15856,1110
5198.134229,2720689107,2720690208,15591,1101
5198.146262,2720697980,2720699093,15961,1113
5198.158279,2720706810,2720707912,16008,1102
5198.185330,2720726640,2720727749,15970,1109
5198.197349,2720735449,2720736550,15626,1101
5198.215383,2720748661,2720749762,15629,1101
5198.227417,2720757515,2720758624,15968,1109
5198.239433,2720766347,2720767456,15963,1109
5198.251452,2720775141,2720776247,15625,1106
5198.296538,2720808207,2720809313,15625,1106
5198.308567,2720817018,2720818116,15948,1098
5198.320587,2720825820,2720826928,15848,1108
5198.332606,2720834651,2720835752,15550,1101
5198.347639,2720845705,2720846807,15917,1102
5198.359658,2720854487,2720855593,15628,1106
5198.371690,2720863332,2720864437,15997,1105
5198.383707,2720872141,2720873246,15964,1105
5198.395726,2720880928,2720882038,15627,1110
5198.413760,2720894127,2720895229,15617,1102
5198.425794,2720902978,2720904087,15966,1109
5198.473882,2720938199,2720939304,15956,1105
5198.485898,2720946995,2720948092,15627,1097
5198.533996,2720982263,2720983368,16027,1105
5198.546016,2720991073,2720992172,15965,1099
5198.564050,2721004320,2721005428,15970,1108
5198.576069,2721013107,2721014212,15703,1105
5198.588098,2721021905,2721023010,15948,1105
5198.600119,2721030726,2721031834,16049,1108
5198.612138,2721039517,2721040623,15700,1106
5198.642202,2721061630,2721062734,16027,1104
5198.654222,2721070449,2721071557,15962,1108
5198.744394,2721136491,2721137596,16045,1105
5198.756417,2721145355,2721146464,15827,1109
5198.783463,2721165171,2721166282,15625,1111
5198.793493,2721173140,2721174245,15938,1105
5198.845090,2721210611,2721211719,15971,1108
5198.857108,2721219428,2721220537,15963,1109
5198.869130,2721228253,2721229361,15828,1108
5198.908212,2721256956,2721258069,15964,1113
5198.920231,2721265787,2721266891,15954,1104
5198.932247,2721274586,2721275689,15513,1103
5198.944276,2721283394,2721284507,15950,1113
5198.956299,2721292233,2721293338,15877,1105
5198.968318,2721301067,2721302172,15827,1105
5198.983348,2721312079,2721313188,15962,1109
5198.995367,2721320882,2721321990,15629,1108
5199.013409,2721334084,2721335186,15708,1102
5199.025431,2721342880,2721343984,15909,1104
5199.049470,2721360492,2721361592,15627,1100
5199.061499,2721369310,2721370410,15951,1100
5199.157676,2721439774,2721440873,15630,1099
5199.172710,2721450827,2721451931,16013,1104
5199.184727,2721459623,2721460730,15628,1107
5199.196756,2721468464,2721469569,15953,1105
5199.208777,2721477281,2721478389,16044,1108
5199.220795,2721486082,2721487192,15706,1110
5199.232825,2721494893,2721496002,16036,1109
5199.272911,2721525754,2721526861,15671,1107
5199.304962,2721547775,2721548881,15948,1106
5199.316985,2721556610,2721557714,15953,1104
5199.329004,2721565425,2721566528,15818,1103
5199.377099,2721600677,2721601791,15949,1114
5199.389121,2721609565,2721610669,15933,1104
5199.479291,2721675656,2721676765,15966,1109
5199.491313,2721684559,2721685668,15844,1109
5199.503342,2721693449,2721694560,15907,1111
5199.515365,2721702342,2721703456,15976,1114
5199.527382,2721711245,2721712353,15844,1108
5199.539412,2721720137,2721721250,15910,1113
5199.551433,2721729030,2721730143,15974,1113
5199.563450,2721737914,2721739023,15829,1109
5199.575476,2721746725,2721747835,15952,1110
5199.587497,2721755553,2721756657,15964,1104
5199.599516,2721764357,2721765463,15703,1106
5199.611548,2721773182,2721774282,15995,1100
5199.623565,2721781984,2721783087,15964,1103
5199.635584,2721790770,2721791873,15628,1103
5199.647614,2721799566,2721800675,15947,1109
5199.659639,2721808400,2721809510,15739,1110
5199.671656,2721817293,2721818401,15843,1108
5199.707730,2721843958,2721845068,15904,1110
5199.719754,2721852842,2721853953,15908,1111
5199.731771,2721861671,2721862785,15965,1114
5199.743790,2721870460,2721871561,15707,1101
5199.755821,2721879262,2721880336,15808,1074
5199.767841,2721888080,2721889184,15941,1104
5199.779859,2721896857,2721897962,15631,1105
5199.791890,2721905692,2721906801,16049,1109
5199.803908,2721914521,2721915626,16045,1105
5199.815927,2721923320,2721924427,15702,1107
5199.861016,2721956409,2721957508,15825,1099
5199.873042,2721965222,2721966331,15914,1109
5199.909114,2721991627,2721992741,15994,1114
5199.921131,2722000461,2722001566,15923,1105
5199.993268,2722053341,2722054446,15963,1105
5200.005295,2722062139,2722063245,15789,1106
5200.024335,2722077584,2722078693,16036,1109
5200.065407,2722106260,2722107365,15940,1105
5200.077425,2722115080,2722116186,15593,1106
5200.128526,2722152645,2722153747,15965,1102
5200.143557,2722163681,2722164781,15940,1100
5200.200663,2722205557,2722206661,15966,1104
5200.212682,2722214366,2722215472,15628,1106
5200.224711,2722223198,2722224303,15951,1105
5200.236732,2722232004,2722233110,15965,1106
5200.248750,2722240808,2722241916,15625,1108
5200.263784,2722251871,2722252971,15933,1100
5200.281817,2722265090,2722266199,15959,1109
5200.293836,2722273865,2722274966,15549,1101
5200.304333,2722283067,2722284176,15992,1109
5200.344938,2722311711,2722312810,15968,1099
5200.356959,2722320547,2722321658,15922,1111
5200.408060,2722358005,2722359107,15947,1102
5200.420076,2722366797,2722367898,15627,1101
5200.432106,2722375617,2722376721,15950,1104
5200.444126,2722384443,2722385546,15966,1103
5200.456148,2722393247,2722394350,15828,1103
5200.468174,2722402071,2722403180,15956,1109
5200.480196,2722410939,2722412043,15941,1104
5200.501238,2722426377,2722427480,15672,1103
5200.513265,2722435249,2722436327,15815,1078
5200.552332,2722463856,2722464965,15859,1109
5200.564351,2722472692,2722473794,15670,1102
5200.612449,2722507913,2722509020,15955,1107
5200.624470,2722516770,2722517877,16016,1107
5200.652530,2722538849,2722539963,15834,1114
5200.693607,2722567516,2722568623,15963,1107
5200.705626,2722576356,2722577460,15957,1104
5200.756727,2722613859,2722614964,15960,1105
5200.768744,2722622708,2722623820,15893,1112
5200.807813,2722651305,2722652408,15628,1103
5200.819843,2722660127,2722661237,15957,1110
5200.856915,2722688846,2722689950,16017,1104
5200.904003,2722721915,2722723015,15949,1100
5200.916019,2722730708,2722731804,15636,1096
5200.928049,2722739523,2722740632,15861,1109
5200.940068,2722748345,2722749453,15961,1108
5200.961105,2722763798,2722764904,15590,1106
5200.973135,2722772617,2722773726,15954,1109
5201.033242,2722816722,2722817824,15626,1102
5201.045271,2722825551,2722826660,15951,1109
5201.069311,2722843189,2722844286,15708,1097
5201.081340,2722852002,2722853106,15954,1104
5201.096370,2722862997,2722864098,15788,1101
5201.108391,2722871812,2722872917,15951,1105
5201.120412,2722880641,2722881745,15968,1104
5201.147463,2722900453,2722901558,15934,1105
5201.177517,2722922463,2722923563,15631,1100
5201.189550,2722931318,2722932426,15969,1108
5201.204568,2722942340,2722943445,15698,1105
5201.216598,2722951145,2722952248,16040,1103
5201.240640,2722968753,2722969857,15829,1104
5201.252670,2722977639,2722978745,15943,1106
5201.267688,2722988638,2722989741,15668,1103
5201.285722,2723001851,2723002956,15593,1105
5201.297755,2723010686,2723011795,16041,1109
5201.309772,2723019478,2723020583,15963,1105
5201.321791,2723028268,2723029374,15626,1106
5201.387924,2723076718,2723077831,15947,1113
5201.399947,2723085570,2723086678,15909,1108
5201.411962,2723094350,2723095456,15629,1106
5201.423991,2723103158,2723104269,15994,1111
5201.442026,2723116368,2723117482,15947,1114
5201.454051,2723125233,2723126337,15951,1104
5201.493125,2723153842,2723154953,15712,1111
5201.505146,2723162676,2723163776,15952,1100
5201.544218,2723191307,2723192421,15856,1114
5201.556237,2723200140,2723201242,15597,1102
5201.568268,2723208961,2723210039,15809,1078
5201.589304,2723224337,2723225445,15960,1108
5201.601322,2723233131,2723234229,15627,1098
5201.640403,2723261749,2723262863,15954,1114
5201.652425,2723270605,2723271712,15939,1107
5201.673460,2723285994,2723287096,15626,1102
5201.685489,2723294794,2723295901,15948,1107
5201.700512,2723305793,2723306895,15625,1102
5201.757626,2723347679,2723348784,15953,1105
5201.769647,2723356506,2723357605,16046,1099
5201.788691,2723371914,2723373024,15980,1110
5201.805715,2723382960,2723384071,15968,1111
5201.820746,2723393985,2723395098,16032,1113
5201.832768,2723403251,2723404351,15849,1100
5201.859820,2723423104,2723424218,15937,1114
5201.871837,2723431938,2723433038,15551,1100
5201.895890,2723449546,2723450655,15950,1109
5201.907909,2723458356,2723459465,15829,1109
5201.925940,2723471579,2723472684,15621,1105
5201.937969,2723480397,2723481501,15951,1104
5201.951500,2723487218,2723487872,13717,654
5201.964334,2723493229,2723493853,12026,624
5202.023634,2723535028,2723536217,16381,1189
5202.035651,2723544479,2723545636,16244,1157
5202.059703,2723563383,2723564541,16381,1158
5202.071719,2723572882,2723574059,16239,1177
5202.083747,2723582312,2723583501,16318,1189
5202.119818,2723610627,2723611821,16315,1194
5202.131839,2723620091,2723621280,16317,1189
5202.143857,2723629480,2723630664,16243,1184
5202.155886,2723638975,2723640168,16321,1193
5202.167909,2723648432,2723649620,16385,1188
5202.179925,2723657833,2723658996,16203,1163
5202.191955,2723667314,2723668502,16296,1188
5202.203978,2723676775,2723677968,16387,1193
5202.215994,2723686228,2723687417,16243,1189
5202.228022,2723695694,2723696887,16322,1193
5202.240047,2723705182,2723706348,16407,1166
5202.252063,2723714593,2723715752,16267,1159
5202.264092,2723724048,2723725217,16317,1169
5202.276116,2723733559,2723734723,16395,1164
5202.288130,2723742975,2723744153,16220,1178
5202.300160,2723752434,2723753623,16312,1189
5202.312187,2723761928,2723763116,16424,1188
5202.324200,2723771390,2723772584,16231,1194
5202.336229,2723780843,2723782031,16315,1188
5202.348254,2723790332,2723791496,16371,1164
5202.360269,2723799741,2723800926,16234,1185
5202.372298,2723809236,2723810427,16315,1191
5202.384322,2723818765,2723819958,16397,1193
5202.396337,2723828290,2723829479,16141,1189
5202.447442,2723868612,2723869806,16395,1194
5202.460968,2723877393,2723878503,15958,1110
5202.472983,2723886277,2723887383,15827,1106
5202.485011,2723895145,2723896254,15901,1109
5202.497035,2723904026,2723905134,15976,1108
5202.509052,2723912902,2723914007,15841,1105
5202.521079,2723921777,2723922886,15911,1109
5202.557148,2723948380,2723949488,15908,1108
5202.569172,2723957248,2723958357,15976,1109
5202.590206,2723972748,2723973857,15838,1109
5202.602234,2723981613,2723982724,15914,1111
5202.614258,2723990474,2723991584,15982,1110
5202.626275,2723999339,2724000448,15918,1109
5202.636326,2724008201,2724009315,15986,1114
5202.659344,2724023730,2724024839,15977,1109
5202.671360,2724032595,2724033692,15845,1097
5202.683391,2724041468,2724042576,15966,1108
5202.695416,2724050330,2724051439,16020,1109
5202.707429,2724059188,2724060297,15828,1109
5202.719458,2724068046,2724069155,15914,1109
5202.737492,2724081342,2724082456,15913,1114
5202.749516,2724090223,2724091332,15995,1109
5202.768557,2724105722,2724106826,15911,1104
5202.788583,2724119026,2724120130,15827,1104
5202.800612,2724127883,2724128987,15915,1104
5202.812637,2724136754,2724137868,15993,1114
5202.827664,2724147843,2724148957,15908,1114
5202.839688,2724156713,2724157823,15989,1110
5202.851704,2724165573,2724166682,15831,1109
5202.863732,2724174418,2724175528,15865,1110
5202.875757,2724183255,2724184359,15946,1104
5202.887774,2724192134,2724193233,15827,1099
5202.899801,2724200977,2724202083,15822,1106
5202.917836,2724214282,2724215387,15909,1105
5202.929859,2724223141,2724224250,15945,1109
5202.956911,2724243069,2724244177,15987,1108
5202.968926,2724251927,2724253036,15827,1109
5202.980955,2724260799,2724261908,15906,1109
5202.992979,2724269644,2724270753,15982,1109
5203.029048,2724296199,2724297304,15989,1105
5203.041063,2724305055,2724306164,15741,1109
5203.056100,2724316125,2724317235,15941,1110
5203.068115,2724325003,2724326111,15743,1108
5203.080144,2724333850,2724334964,15910,1114
5203.092169,2724342747,2724343860,15947,1113
5203.104186,2724351622,2724352733,15876,1111
5203.116211,2724360488,2724361602,15907,1114
5203.128235,2724369360,2724370467,15974,1107
5203.140252,2724378211,2724379322,15847,1111
5203.152279,2724387078,2724388180,15916,1102
5203.164304,2724395948,2724397063,15981,1115
5203.176321,2724404834,2724405947,15924,1113
5203.191356,2724415928,2724417027,15977,1099
5203.203372,2724424794,2724425898,15761,1104
5203.215399,2724433660,2724434764,15909,1104
5203.236441,2724449158,2724450269,15972,1111
5203.248458,2724458042,2724459151,15840,1109
5203.260485,2724466910,2724468014,15911,1104
5203.272509,2724475776,2724476891,15975,1115
5203.284526,2724484658,2724485766,15843,1108
5203.296558,2724493529,2724494635,15911,1106
5203.308580,2724502388,2724503497,15961,1109
5203.329611,2724517890,2724518995,15813,1105
5203.341641,2724527137,2724528246,15910,1109
5203.396746,2724569254,2724570357,15987,1103
5203.425803,2724589169,2724590283,15990,1114
5203.437818,2724598018,2724599129,15827,1111
5203.449847,2724606886,2724607989,15908,1103
5203.461872,2724615748,2724616853,15989,1105
5203.497940,2724642343,2724643452,15991,1109
5203.509955,2724651318,2724652421,15827,1103
5203.540019,2724673469,2724674578,15910,1109
5203.552043,2724682338,2724683447,15945,1109
5203.564058,2724691177,2724692286,15837,1109
5203.585104,2724706677,2724707791,15908,1114
5203.597128,2724715538,2724716646,15988,1108
5203.621173,2724733264,2724734377,15909,1113
5203.633197,2724742161,2724743265,15989,1104
5203.645212,2724751023,2724752128,15830,1105
5203.657241,2724759868,2724760977,15906,1109
5203.672264,2724770943,2724772049,15830,1106
5203.684293,2724779807,2724780911,15910,1104
5203.696317,2724788667,2724789771,15993,1104
5203.708333,2724797534,2724798639,15825,1105
5203.720361,2724806408,2724807502,15911,1094
5203.732386,2724815266,2724816375,15989,1109
5203.744401,2724824112,2724825217,15827,1105
5203.756430,2724832971,2724834076,15906,1105
5203.783482,2724852918,2724854023,15914,1105
5203.795506,2724861767,2724862872,15991,1105
5203.807522,2724870618,2724871726,15833,1108
5203.819551,2724879486,2724880595,15913,1109
5203.837584,2724892775,2724893879,15910,1104
5203.849608,2724901637,2724902742,15987,1105
5203.904718,2724943665,2724944776,15829,1111
5203.924743,2724956956,2724958059,15786,1103
5203.936771,2724965823,2724966927,15906,1104
5203.948796,2724974697,2724975802,15977,1105
5203.960812,2724983537,2724984640,15839,1103
5203.972840,2724992379,2724993489,15904,1110
5203.984865,2725001241,2725002346,15978,1105
5204.017926,2725025592,2725026703,15907,1111
5204.029950,2725034453,2725035558,15974,1105
5204.041967,2725043306,2725044413,15839,1107
5204.078036,2725069865,2725070979,15844,1114
5204.090063,2725078731,2725079842,15909,1111
5204.105087,2725089808,2725090917,15841,1109
5204.117118,2725098688,2725099796,15909,1108
5204.129140,2725107548,2725108653,15901,1105
5204.144167,2725118605,2725119719,15906,1114
5204.168207,2725136324,2725137429,15827,1105
5204.180236,2725145171,2725146280,15826,1109
5204.192260,2725154035,2725155149,15986,1114
5204.204276,2725162904,2725164008,15909,1104
5204.216305,2725171766,2725172869,15992,1103
5204.228329,2725180629,2725181738,16072,1109
5204.240345,2725189476,2725190581,15835,1105
5204.252374,2725198326,2725199430,15911,1104
5204.267396,2725209380,2725210485,15818,1105
5204.279425,2725218253,2725219366,15913,1113
5204.291449,2725227111,2725228224,15900,1113
5204.303464,2725235966,2725237078,15832,1112
5204.315494,2725244828,2725245937,15994,1109
5204.327517,2725253713,2725254822,15988,1109
5204.339533,2725262591,2725263700,15826,1109
5204.351562,2725271466,2725272571,15908,1105
5204.363586,2725280311,2725281414,15987,1103
5204.375602,2725289169,2725290283,15830,1114
5204.387631,2725298030,2725299138,15915,1108
5204.405665,2725311310,2725312424,15908,1114
5204.417689,2725320171,2725321276,15987,1105
5204.436730,2725335690,2725336796,15825,1106
5204.519875,2725395461,2725396563,15816,1102
5204.531905,2725404372,2725405485,15909,1113
5204.543929,2725413278,2725414391,15973,1113
5204.555944,2725422174,2725423288,15859,1114
5204.567973,2725431080,2725432194,15889,1114
5204.579995,2725439975,2725441089,15874,1114
5204.592013,2725448870,2725449980,15859,1110
5204.613059,2725464397,2725465506,15902,1109
5204.625080,2725473247,2725474356,15958,1109
5204.646116,2725488775,2725489880,15859,1105
5204.658144,2725497637,2725498746,15988,1109
5204.724269,2725546359,2725547463,15960,1104
5204.736287,2725555217,2725556324,15843,1107
5204.751322,2725566295,2725567399,15965,1104
5204.763339,2725575161,2725576270,15844,1109
5204.775369,2725584011,2725585121,15908,1110
5204.787391,2725592877,2725593987,15971,1110
5204.799407,2725601758,2725602862,15847,1104
5204.811438,2725610618,2725611727,15906,1109
5204.847507,2725637208,2725638314,15911,1106
5204.857524,2725645166,2725646276,15857,1110
5204.870048,2725654079,2725655183,15906,1104
5204.882072,2725662925,2725664030,15983,1105
5204.906116,2725680654,2725681763,15904,1109
5204.918141,2725689515,2725690624,15921,1109
5204.930156,2725698378,2725699483,15828,1105
5204.942183,2725707266,2725708371,15904,1105
5204.963225,2725722787,2725723891,15978,1104
5204.978252,2725733859,2725734973,15908,1114
5205.032355,2725773723,2725774829,15908,1106
5205.044379,2725782568,2725783667,15976,1099
5205.065412,2725798062,2725799171,15832,1109
5205.077441,2725806929,2725808035,15906,1106
5205.095475,2725820218,2725821323,15905,1105
5205.107499,2725829070,2725830174,15975,1104
5205.119516,2725837934,2725839044,15844,1110
5205.131543,2725846806,2725847912,15913,1106
5205.143569,2725855681,2725856785,15988,1104
5205.155585,2725864525,2725865634,15829,1109
5205.167613,2725873386,2725874495,15822,1109
5205.179638,2725882242,2725883352,15982,1110
5205.191653,2725891106,2725892210,15807,1104
5205.203682,2725899962,2725901071,15823,1109
5205.215707,2725908833,2725909947,15917,1114
5205.227722,2725917692,2725918801,15828,1109
5205.239751,2725926560,2725927669,15864,1109
5205.251775,2725935414,2725936523,15987,1109
5205.281825,2725957574,2725958683,15825,1109
5205.293854,2725966439,2725967544,15906,1105
5205.305878,2725975290,2725976399,15988,1109
5205.320905,2725986368,2725987474,15906,1106
5205.332930,2725995235,2725996343,15900,1108
5205.344945,2726004124,2726005238,15742,1114
5205.356974,2726013006,2726014115,15904,1109
5205.368998,2726021863,2726022970,15988,1107
5205.385027,2726035148,2726036256,15984,1108
5205.438128,2726072804,2726073910,15906,1106
5205.450152,2726081659,2726082768,16071,1109
5205.489219,2726110456,2726111564,15836,1108
5205.501248,2726119325,2726120429,15991,1104
5205.543322,2726150340,2726151448,15833,1108
5205.555349,2726159230,2726160335,15812,1105
5205.567374,2726168087,2726169194,15974,1107
5205.579390,2726176960,2726178064,15841,1104
5205.591418,2726185793,2726186897,15859,1104
5205.603443,2726194643,2726195753,15893,1110
5205.615459,2726203515,2726204620,15842,1105
5205.639511,2726221229,2726222334,15976,1105
5205.651528,2726230087,2726231193,15850,1106
5205.663555,2726238958,2726240067,15820,1109
5205.675580,2726247818,2726248927,15976,1109
5205.687597,2726256687,2726257797,15851,1110
5205.699624,2726265543,2726266648,15907,1105
5205.711648,2726274426,2726275535,15988,1109
5205.723665,2726283281,2726284386,15844,1105
5205.735692,2726292136,2726293242,15948,1106
5205.747717,2726300992,2726302096,16059,1104
5205.771763,2726318724,2726319830,15901,1106
5205.783787,2726327577,2726328686,15991,1109
5205.795803,2726336456,2726337560,15829,1104
5205.807832,2726345314,2726346420,15908,1106
5205.819856,2726354159,2726355269,15987,1110
5205.831871,2726363019,2726364128,15830,1109
5205.843900,2726371876,2726372980,15909,1104
5205.855924,2726380750,2726381855,15986,1105
5205.867939,2726389608,2726390712,15827,1104
5205.879968,2726398481,2726399596,15907,1115
5205.891993,2726407348,2726408457,15899,1109
5205.904008,2726416223,2726417328,15832,1105
5205.916037,2726425097,2726426202,15906,1105
5205.928061,2726433952,2726435057,15988,1105
5205.940077,2726442819,2726443919,15832,1100
5205.952105,2726451667,2726452776,15907,1109
5205.973147,2726467180,2726468289,15985,1109
5205.985163,2726476032,2726477125,15832,1093
5205.997192,2726484881,2726485991,15870,1110
5206.009216,2726493748,2726494853,16001,1105
5206.021231,2726502592,2726503706,15831,1114
5206.033260,2726511465,2726512571,15907,1106
5206.120420,2726575688,2726576795,15831,1107
5206.132448,2726584550,2726585664,15818,1114
5206.144473,2726593412,2726594517,15991,1105
5206.156489,2726602436,2726603547,15845,1111
5206.171520,2726613499,2726614608,15952,1109
5206.183541,2726622341,2726623446,16052,1105
5206.195559,2726631151,2726632262,15667,1111
5206.207592,2726639964,2726641073,16079,1109
5206.228627,2726655390,2726656499,16042,1109
5206.249663,2726670824,2726671930,15633,1106
5206.261696,2726679683,2726680791,15966,1108
5206.333829,2726732547,2726733646,15951,1099
5206.345849,2726741368,2726742477,16045,1109
5206.363885,2726754618,2726755722,15934,1104
5206.377411,2726765024,2726766129,15930,1105
5206.389428,2726773823,2726774924,15625,1101
5206.401458,2726782630,2726783732,15953,1102
5206.416480,2726793684,2726794785,15590,1101
5206.440529,2726811298,2726812402,15965,1104
5206.452559,2726820120,2726821233,15900,1113
5206.551745,2726892796,2726893901,15784,1105
5206.563766,2726901616,2726902725,15956,1109
5206.575787,2726910463,2726911567,15965,1104
5206.587805,2726919257,2726920362,15627,1105
5206.599835,2726928085,2726929191,15952,1106
5206.620872,2726943541,2726944646,15956,1105
5206.632891,2726952331,2726953423,15629,1092
5206.659943,2726972133,2726973236,15626,1103
5206.671972,2726980947,2726982056,15948,1109
5206.683992,2726989771,2726990875,15963,1104
5206.696011,2726998560,2726999666,15629,1106
5206.717058,2727014032,2727015127,15942,1095
5206.729078,2727022848,2727023952,15965,1104
5206.765147,2727049247,2727050351,15962,1104
5206.777171,2727058085,2727059189,15822,1104
5206.789195,2727066915,2727068019,15905,1104
5206.801216,2727075732,2727076845,15855,1113
5206.855321,2727115418,2727116527,15948,1109
5206.867340,2727124238,2727125341,15826,1103
5206.879366,2727133054,2727134158,15946,1104
5206.891387,2727141863,2727142967,16044,1104
5206.903409,2727150683,2727151797,15835,1114
5206.921440,2727163908,2727165018,15629,1110
5206.933469,2727172737,2727173841,16035,1104
5206.972541,2727201384,2727202489,15964,1105
5206.984560,2727210179,2727211283,15625,1104
5207.072740,2727276329,2727277435,15627,1106
5207.152887,2727333587,2727334693,16031,1106
5207.164903,2727342375,2727343476,15703,1101
5207.176933,2727351178,2727352277,16035,1099
5207.188954,2727360180,2727361290,15848,1110
5207.209989,2727375630,2727376727,15513,1097
5207.222018,2727384452,2727385566,15948,1114
5207.240053,2727397653,2727398761,15953,1108
5207.252076,2727406458,2727407563,15956,1105
5207.264092,2727415274,2727416371,15595,1097
5207.276121,2727424079,2727425189,15952,1110
5207.288142,2727432906,2727434009,15963,1103
5207.300163,2727441718,2727442832,15786,1114
5207.312189,2727450546,2727451657,16033,1111
5207.330228,2727463807,2727464911,15965,1104
5207.342244,2727472609,2727473714,15972,1105
5207.369296,2727492458,2727493569,15969,1111
5207.381315,2727501245,2727502345,15632,1100
5207.399352,2727514484,2727515594,15823,1110
5207.411378,2727523308,2727524412,15952,1104
5207.423399,2727532123,2727533227,15968,1104
5207.435417,2727540901,2727542007,15625,1106
5207.447450,2727549729,2727550833,15998,1104
5207.459467,2727558536,2727559645,15965,1109
5207.477500,2727571706,2727572813,15932,1107
5207.489520,2727580484,2727581585,15585,1101
5207.508568,2727595970,2727597074,15965,1104
5207.588708,2727653229,2727654334,15828,1105
5207.600743,2727662111,2727663212,15954,1101
5207.612759,2727670913,2727672013,15972,1100
5207.627790,2727681940,2727683053,16030,1113
5207.687898,2727726065,2727727166,15586,1101
5207.699931,2727734903,2727736011,15963,1108
5207.711948,2727743729,2727744833,15967,1104
5207.723966,2727752543,2727753640,15594,1097
5207.735996,2727761344,2727762453,15957,1109
5207.748019,2727770156,2727771259,15954,1103
5207.760035,2727778938,2727780044,15630,1106
5207.772064,2727787744,2727788848,15955,1104
5207.784085,2727796564,2727797669,16050,1105
5207.796106,2727805386,2727806495,15905,1109
5207.821163,2727825230,2727826333,15629,1103
5207.850206,2727845055,2727846160,15628,1105
5207.862236,2727853876,2727854985,15948,1109
5207.881271,2727869304,2727870402,15918,1098
5207.893301,2727877212,2727878318,15970,1106
5207.905818,2727886069,2727887171,15936,1102
5207.924860,2727901470,2727902580,15702,1110
5208.002006,2727956662,2727957773,16044,1111
5208.014023,2727965541,2727966650,15936,1109
5208.026043,2727974337,2727975445,15630,1108
5208.131245,2728051492,2728052600,15961,1108
5208.146280,2728062524,2728063627,15964,1103
5208.167313,2728077950,2728079053,16044,1103
5208.179332,2728086733,2728087834,15704,1101
5208.191365,2728095525,2728096639,16080,1114
5208.203382,2728104354,2728105468,16046,1114
5208.215403,2728113196,2728114305,15817,1109
5208.233435,2728126405,2728127504,15622,1099
5208.245469,2728135244,2728136346,15965,1102
5208.257485,2728144079,2728145185,15966,1106
5208.269507,2728152911,2728154015,15828,1104
5208.281533,2728161729,2728162833,16027,1104
5208.348671,2728212396,2728213497,15594,1101
5208.413778,2728258625,2728259731,15625,1106
5208.425807,2728267448,2728268547,15951,1099
5208.452859,2728287311,2728288416,15949,1105
5208.464880,2728296162,2728297271,15931,1109
5208.553049,2728362198,2728363307,15964,1109
5208.618171,2728408463,2728409572,15966,1109
5208.630190,2728417270,2728418373,15628,1103
5208.642223,2728426115,2728427220,15963,1105
5208.657241,2728437129,2728438229,15627,1100
5208.669271,2728445950,2728447054,15953,1104
5208.693310,2728463541,2728464647,15624,1106
5208.705339,2728472350,2728473455,15946,1105
5208.759442,2728512062,2728513166,15951,1104
5208.771463,2728520880,2728521984,15922,1104
5208.783491,2728529714,2728530818,15904,1104
5208.795511,2728538526,2728539631,15952,1105
5208.807531,2728547341,2728548446,15966,1105
5208.819550,2728556121,2728557222,15627,1101
5208.837587,2728569404,2728570504,15923,1100
5208.849613,2728578229,2728579332,15948,1103
5208.873652,2728595844,2728596946,15624,1102
5208.885685,2728604651,2728605755,15991,1104
5208.897703,2728613461,2728614574,15969,1113
5208.912733,2728624450,2728625555,15949,1105
5208.924754,2728633263,2728634366,15963,1103
5208.975854,2728670724,2728671828,15948,1104
5208.987877,2728679539,2728680648,15946,1109
5208.999893,2728688339,2728689443,15707,1104
5209.017927,2728701542,2728702650,15623,1108
5209.029957,2728710344,2728711453,15950,1109
5209.078046,2728745668,2728746772,15962,1104
5209.090064,2728754499,2728755605,15545,1106
5209.150183,2728798590,2728799698,15967,1108
5209.162201,2728807421,2728808526,15591,1105
5209.174231,2728816240,2728817347,15911,1107
5209.186254,2728825068,2728826176,15944,1108
5209.225321,2728853711,2728854812,15704,1101
5209.237355,2728862563,2728863666,16040,1103
5209.252374,2728873618,2728874715,15600,1097
5209.264402,2728882432,2728883536,15956,1104
5209.280436,2728895654,2728896763,15998,1109
5209.351561,2728946295,2728947402,15629,1107
5209.363591,2728955130,2728956235,15951,1105
5209.375613,2728963964,2728965064,15939,1100
5209.396648,2728979370,2728980471,15625,1101
5209.408683,2728988628,2728989739,15967,1111
5209.444745,2729015108,2729016217,15948,1109
5209.456766,2729023957,2729025062,15929,1105
5209.484830,2729045976,2729047080,15827,1104
5209.589024,2729120898,2729122003,15968,1105
5209.601039,2729129756,2729130870,15843,1114
5209.640119,2729158658,2729159772,15907,1114
5209.652144,2729167558,2729168672,15983,1114
5209.664159,2729176480,2729177590,15827,1110
5209.676188,2729185380,2729186490,15911,1110
5209.688212,2729194277,2729195390,15994,1113
5209.700228,2729203184,2729204292,15810,1108
5209.718263,2729216426,2729217526,15962,1100
5209.730284,2729225282,2729226395,15840,1113
5209.799417,2729275996,2729277107,16046,1111
5209.811436,2729284800,2729285905,15629,1105
5209.823465,2729293616,2729294726,15951,1110
5209.841502,2729306851,2729307929,15878,1078
5209.853520,2729315652,2729316757,16046,1105
5209.868555,2729326676,2729327779,15967,1103
5209.880575,2729335512,2729336616,15953,1104
5209.895603,2729346505,2729347610,15955,1105
5209.907623,2729355341,2729356446,15972,1105
5209.919645,2729364165,2729365269,15824,1104
5210.024846,2729441344,2729442453,15924,1109
5210.036864,2729450174,2729451277,15591,1103
5210.048896,2729458991,2729460068,15884,1077
5210.060914,2729467787,2729468896,16043,1109
5210.125045,2729516253,2729517362,15905,1109
5210.148083,2729531711,2729532815,15945,1104
5210.229241,2729591123,2729592227,15956,1104
5210.241257,2729599954,2729601053,15961,1099
5210.259293,2729613223,2729614331,15932,1108
5210.280328,2729628680,2729629780,15595,1100
5210.292357,2729637487,2729638592,15949,1105
5210.304377,2729646297,2729647402,15964,1105
5210.316396,2729655094,2729656197,15627,1103
5210.343448,2729674926,2729676036,15630,1110
5210.355478,2729683745,2729684850,15954,1105
5210.367499,2729692595,2729693699,15939,1104
5210.379516,2729701385,2729702490,15627,1105
5210.391548,2729710206,2729711284,15806,1078
5210.403567,2729719030,2729720140,15927,1110
5210.451653,2729754276,2729755382,15623,1106
5210.463685,2729763104,2729764181,15724,1077
5210.475705,2729771882,2729772991,15962,1109
5210.487722,2729780687,2729781785,15630,1098
5210.499751,2729789502,2729790608,15951,1106
5210.511769,2729798329,2729799436,15890,1107
5210.523794,2729807197,2729808296,15803,1099
5210.535820,2729815999,2729817104,15951,1105
5210.556858,2729831419,2729832523,15962,1104
5210.568886,2729840230,2729841336,15673,1106
5210.641014,2729893123,2729894229,15596,1106
5210.653043,2729901946,2729903051,15970,1105
5210.665064,2729910742,2729911855,16046,1113
5210.677083,2729919544,2729920650,15631,1106
5210.761249,2729981309,2729982414,15942,1105
5210.773272,2729990121,2729991226,15947,1105
5210.872461,2730062757,2730063861,15948,1104
5210.887492,2730073748,2730074826,15809,1078
5210.900524,2730084817,2730085916,15825,1099
5210.912541,2730093644,2730094747,15953,1103
5210.928070,2730103995,2730105104,15967,1109
5210.940088,2730112877,2730113980,15977,1103
5210.952106,2730121680,2730122785,15712,1105
5210.964135,2730130485,2730131583,15946,1098
5210.976156,2730139330,2730140434,15939,1104
5210.988174,2730148110,2730149213,15635,1103
5211.000205,2730156926,2730158038,16031,1112
5211.012224,2730165756,2730166865,15965,1109
5211.024243,2730174543,2730175643,15636,1100
5211.036272,2730183350,2730184455,15949,1105
5211.048292,2730192140,2730193243,15966,1103
5211.060311,2730200926,2730202037,15626,1111
5211.093378,2730225256,2730226365,15963,1109
5211.105397,2730234058,2730235164,15708,1106
5211.117429,2730242882,2730243996,16003,1114
5211.147481,2730264965,2730266076,16044,1111
5211.171534,2730276511,2730277134,12059,623
5211.185063,2730281691,2730282473,13324,782
5211.197082,2730290546,2730291699,16374,1153
5211.209100,2730299813,2730300971,16283,1158
5211.233149,2730318595,2730319764,16389,1169
5211.245166,2730327996,2730329153,16254,1157
5211.257195,2730337420,2730338608,16316,1188
5211.272217,2730349208,2730350373,16231,1165
5211.284245,2730358652,2730359837,16316,1185
5211.296271,2730368074,2730369263,16399,1189
5211.308285,2730377546,2730378710,16227,1164
5211.320314,2730386903,2730388092,16314,1189
5211.335337,2730398640,2730399804,16253,1164
5211.356383,2730415209,2730416373,16314,1164
5211.368406,2730424646,2730425835,16385,1189
5211.380423,2730434061,2730435243,16239,1182
5211.419505,2730464779,2730465938,16311,1159
5211.431526,2730474202,2730475399,16387,1197
5211.443543,2730483685,2730484873,16233,1188
5211.479612,2730512066,2730513251,16236,1185
5211.491642,2730521543,2730522706,16294,1163
5211.503666,2730530978,2730532147,16416,1169
5211.524697,2730547565,2730548763,16226,1198
5211.536728,2730557109,2730558293,16249,1184
5211.548750,2730566578,2730567775,16395,1197
5211.560773,2730576038,2730577227,16220,1189
5211.599847,2730606867,2730608065,16312,1198
5211.611870,2730616346,2730617535,16325,1189
5211.623886,2730625859,2730627048,16175,1189
5211.641922,2730640078,2730641270,16262,1192
5211.653949,2730649522,2730650711,16313,1189
5211.664331,2730656352,2730657252,15123,900
5211.676492,2730665019,2730666130,15821,1111
5211.700531,2730682738,2730683842,15829,1104
5211.712563,2730691618,2730692726,15916,1108
5211.733599,2730707132,2730708242,15960,1110
5211.745617,2730716018,2730717122,15858,1104
5211.760652,2730727103,2730728211,15918,1108
5211.772669,2730735973,2730737078,15842,1105
5211.796721,2730753706,2730754814,15977,1108
5211.808743,2730762576,2730763685,15863,1109
5211.832788,2730780303,2730781414,15963,1111
5211.844806,2730789165,2730790275,15859,1110
5211.860848,2730802467,2730803567,15838,1100
5211.880875,2730815758,2730816866,15844,1108
5211.892902,2730824630,2730825736,15883,1106
5211.907932,2730835717,2730836831,15909,1114
5211.919955,2730844600,2730845709,15817,1109
5211.931977,2730853468,2730854577,15874,1109
5211.943994,2730862325,2730863425,15858,1100
5211.956023,2730871182,2730872292,15909,1110
5211.968046,2730880031,2730881135,15974,1104
5211.980063,2730888900,2730890015,15841,1115
5211.993093,2730899987,2730901092,15972,1105
5212.028161,2730924338,2730925441,15908,1103
5212.040182,2730933202,2730934307,15966,1105
5212.052200,2730942058,2730943167,15840,1109
5212.064228,2730950912,2730952019,15906,1107
5212.076254,2730959780,2730960885,15976,1105
5212.088269,2730968656,2730969760,15846,1104
5212.100296,2730977515,2730978625,15905,1110
5212.112320,2730986387,2730987496,15969,1109
5212.124337,2730995267,2730996370,15844,1103
5212.136368,2731004126,2731005235,15822,1109
5212.148390,2731012994,2731014103,15947,1109
5212.160406,2731021865,2731022969,15783,1104
5212.176448,2731035151,2731036263,15861,1112
5212.196475,2731048460,2731049565,15788,1105
5212.208505,2731057321,2731058430,15906,1109
5212.220527,2731066173,2731067278,15890,1105
5212.232543,2731075039,2731076153,15846,1114
5212.244573,2731083898,2731085007,15909,1109
5212.256596,2731092764,2731093869,15913,1105
5212.280641,2731110475,2731111588,15905,1113
5212.292665,2731119365,2731120473,16069,1108
5212.316711,2731137088,2731138197,15910,1109
5212.328732,2731145993,2731147098,15887,1105
5212.349766,2731161504,2731162613,15844,1109
5212.361795,2731170366,2731171472,15988,1106
5212.376818,2731181452,2731182556,15839,1104
5212.388847,2731190329,2731191438,15990,1109
5212.400871,2731199188,2731200288,15988,1100
5212.412886,2731208052,2731209151,15843,1099
5212.427922,2731219131,2731220240,15979,1109
5212.439940,2731228375,2731229489,15849,1114
5212.451969,2731237255,2731238364,15988,1109
5212.463991,2731246129,2731247242,15987,1113
5212.476007,2731254995,2731256099,15833,1104
5212.488035,2731263839,2731264943,15905,1104
5212.524105,2731290385,2731291488,15957,1103
5212.536127,2731299242,2731300345,15977,1103
5212.548143,2731308098,2731309207,15844,1109
5212.560173,2731316960,2731318064,15907,1104
5212.578207,2731330256,2731331365,15905,1109
5212.590231,2731339131,2731340241,15987,1110
5212.605262,2731350218,2731351323,15911,1105
5212.641329,2731376780,2731377889,15911,1109
5212.653351,2731385636,2731386745,15916,1109
5212.665367,2731394513,2731395623,15827,1110
5212.677395,2731403374,2731404478,15905,1104
5212.692418,2731414450,2731415557,15828,1107
5212.704450,2731423302,2731424407,15824,1105
5212.728486,2731441014,2731442113,15847,1099
5212.740519,2731449880,2731450989,15910,1109
5212.755538,2731460947,2731462050,15782,1103
5212.767567,2731469815,2731470928,15904,1113
5212.785601,2731483114,2731484224,15903,1110
5212.797626,2731491976,2731493087,15945,1111
5212.821672,2731509706,2731510820,15917,1114
5212.833693,2731518588,2731519697,15982,1109
5212.845709,2731527436,2731528538,15845,1102
5212.857738,2731536281,2731537396,15904,1115
5212.869763,2731545154,2731546259,15990,1105
5212.881779,2731554005,2731555110,15793,1105
5212.893807,2731562866,2731563971,15870,1105
5212.905830,2731571730,2731572838,15978,1108
5212.917847,2731580610,2731581719,15847,1109
5212.929877,2731589463,2731590575,15908,1112
5212.941899,2731598333,2731599442,15978,1109
5212.953917,2731607197,2731608306,15837,1109
5212.965942,2731616061,2731617174,15900,1113
5213.002013,2731642668,2731643776,15913,1108
5213.038081,2731669253,2731670367,15906,1114
5213.050104,2731678111,2731679220,15873,1109
5213.065131,2731689167,2731690271,15900,1104
5213.077156,2731698023,2731699132,15978,1109
5213.092182,2731709074,2731710183,15903,1109
5213.104206,2731717930,2731719035,15968,1105
5213.116224,2731726795,2731727904,15857,1109
5213.128253,2731735657,2731736757,15910,1100
5213.140275,2731744510,2731745618,15960,1108
5213.152292,2731753355,2731754468,15840,1113
5213.164321,2731762238,2731763344,15905,1106
5213.176346,2731771094,2731772203,15992,1109
5213.188361,2731779966,2731781079,15824,1113
5213.200392,2731788834,2731789943,15868,1109
5213.216426,2731802121,2731803220,15908,1099
5213.257500,2731830901,2731832005,15990,1104
5213.269516,2731839758,2731840867,15833,1109
5213.287550,2731853040,2731854145,15832,1105
5213.299580,2731861886,2731862991,15827,1105
5213.317614,2731875155,2731876264,15902,1109
5213.329636,2731884028,2731885134,15979,1106
5213.353681,2731901744,2731902858,15905,1114
5213.365706,2731910615,2731911719,15942,1104
5213.383741,2731923908,2731925022,15990,1114
5213.395763,2731932792,2731933903,15908,1111
5213.407786,2731941655,2731942764,15907,1109
5213.419808,2731950519,2731951624,15975,1105
5213.431824,2731959377,2731960486,15847,1109
5213.443855,2731968233,2731969343,15911,1110
5213.479922,2731994786,2731995889,15907,1103
5213.491946,2732003636,2732004743,15991,1107
5213.503962,2732012474,2732013579,15763,1105
5213.515991,2732021324,2732022433,15823,1109
5213.528013,2732030182,2732031296,15973,1114
5213.540030,2732039043,2732040147,15846,1104
5213.552059,2732047918,2732049026,15906,1108
5213.564083,2732056775,2732057883,15995,1108
5213.576099,2732065639,2732066748,15828,1109
5213.627202,2732103294,2732104399,15974,1105
5213.642232,2732114383,2732115487,15906,1104
5213.729390,2732178583,2732179695,15850,1112
5213.741420,2732187455,2732188560,15908,1105
5213.756441,2732198530,2732199635,15826,1105
5213.768470,2732207379,2732208488,15910,1109
5213.783493,2732218476,2732219576,15790,1100
5213.795524,2732227328,2732228436,15910,1108
5213.807545,2732236188,2732237293,15933,1105
5213.819561,2732245049,2732246154,15845,1105
5213.831592,2732253910,2732255010,15909,1100
5213.843615,2732262759,2732263867,15916,1108
5213.855630,2732271630,2732272734,15832,1104
5213.867659,2732280489,2732281594,15913,1105
5213.888701,2732295998,2732297107,15992,1109
5213.900716,2732304859,2732305968,15847,1109
5213.927767,2732324782,2732325886,15845,1104
5213.939798,2732333634,2732334738,15911,1104
5213.951823,2732342891,2732343994,15968,1103
5213.975865,2732360637,2732361746,15904,1109
5213.987889,2732369511,2732370617,15987,1106
5213.999904,2732378368,2732379471,15846,1103
5214.011935,2732387212,2732388315,15825,1103
5214.023956,2732396089,2732397197,15889,1108
5214.035973,2732404949,2732406058,15805,1109
5214.048002,2732413818,2732414926,15864,1108
5214.060028,2732422651,2732423764,15990,1113
5214.072042,2732431517,2732432622,15832,1105
5214.084071,2732440385,2732441489,15908,1104
5214.096094,2732449243,2732450350,15978,1107
5214.159215,2732495737,2732496851,15989,1114
5214.174242,2732506821,2732507926,15868,1105
5214.198282,2732524522,2732525626,15858,1104
5214.213315,2732535592,2732536698,15965,1106
5214.225333,2732544431,2732545536,15866,1105
5214.237362,2732553295,2732554400,15907,1105
5214.261402,2732571024,2732572135,15925,1111
5214.276437,2732582119,2732583224,16058,1105
5214.288459,2732590976,2732592080,15903,1104
5214.312504,2732608680,2732609789,15918,1109
5214.324522,2732617531,2732618640,15776,1109
5214.364604,2732648505,2732649609,15975,1104
5214.384643,2732661817,2732662922,15892,1105
5214.396659,2732670692,2732671799,15848,1107
5214.408689,2732679552,2732680661,15822,1109
5214.420711,2732688423,2732689532,15933,1109
5214.432728,2732697290,2732698399,15762,1109
5214.444757,2732706147,2732707250,15825,1103
5214.471808,2732726056,2732727165,15907,1109
5214.483832,2732734914,2732736022,15904,1108
5214.501865,2732748203,2732749312,15974,1109
5214.513882,2732757064,2732758169,15846,1105
5214.549951,2732783623,2732784732,15831,1109
5214.561980,2732792491,2732793603,15906,1112
5214.574004,2732801352,2732802459,15991,1107
5214.589032,2732812424,2732813538,15908,1114
5214.601054,2732821315,2732822423,15975,1108
5214.613070,2732830167,2732831277,15800,1110
5214.625101,2732839022,2732840131,15901,1109
5214.664175,2732867811,2732868924,15818,1113
5214.676191,2732876672,2732877777,15838,1105
5214.688221,2732885528,2732886637,15914,1109
5214.700242,2732894388,2732895494,15975,1106
5214.721276,2732909896,2732911001,15841,1105
5214.733305,2732918793,2732919906,15912,1113
5214.760358,2732938818,2732939932,15910,1114
5214.772380,2732947717,2732948831,15889,1114
5214.784404,2732956606,2732957716,15907,1110
5214.796425,2732965499,2732966612,15911,1113
5214.808450,2732974379,2732975486,15993,1107
5214.883591,2733029772,2733030881,15908,1109
5214.895614,2733038644,2733039758,15902,1114
5214.919654,2733056365,2733057474,15830,1109
5214.931683,2733065212,2733066321,15910,1109
5214.943705,2733074072,2733075171,15976,1099
5214.955722,2733082920,2733084034,15846,1114
5214.967753,2733091791,2733092900,15908,1109
5214.979774,2733100648,2733101759,16060,1111
5214.991791,2733109523,2733110632,15917,1109
5215.003820,2733118390,2733119499,15914,1109
5215.015844,2733127265,2733128374,15990,1109
5215.027859,2733136134,2733137245,15829,1111
5215.039889,2733144989,2733146092,15908,1103
5215.060929,2733160482,2733161590,15975,1108
5215.072945,2733169356,2733170468,15764,1112
5215.087982,2733180424,2733181538,15993,1114
5215.099997,2733189300,2733190405,15829,1105
5215.112026,2733198175,2733199282,15911,1107
5215.124050,2733207038,2733208143,15991,1105
5215.136065,2733215889,2733216994,15843,1105
5215.148096,2733224737,2733225842,15908,1105
5215.160117,2733233595,2733234694,15976,1099
5215.208202,2733269008,2733270108,15829,1100
5215.220232,2733277885,2733278989,15911,1104
5215.232254,2733286754,2733287864,15919,1110
5215.244271,2733295625,2733296740,15846,1115
5215.256301,2733304501,2733305605,15906,1104
5215.268323,2733313378,2733314489,15975,1111
5215.304393,2733339953,2733341062,15991,1109
5215.316409,2733348846,2733349954,15831,1108
5215.361494,2733382013,2733383117,15851,1104
5215.373524,2733390871,2733391977,15906,1106
5215.385544,2733399727,2733400832,15936,1105
5215.397559,2733408533,2733409635,15707,1102
5215.415597,2733421776,2733422881,15903,1105
5215.427627,2733430649,2733431755,15964,1106
5215.439645,2733439516,2733440625,15935,1109
5215.457678,2733452754,2733453859,15970,1105
5215.468205,2733460659,2733461768,16061,1109
5215.480221,2733469508,2733470618,15850,1110
5215.492244,2733478332,2733479442,15614,1110
5215.504269,2733487164,2733488264,15948,1100
5215.516289,2733495977,2733497081,15967,1104
5215.528316,2733504764,2733505870,15707,1106
5215.624495,2733575310,2733576413,15966,1103
5215.636516,2733584252,2733585363,15627,1111
5215.693629,2733626154,2733627261,16027,1107
5215.705650,2733634998,2733636104,16050,1106
5215.735705,2733657053,2733658162,15906,1109
5215.747736,2733665900,2733667008,15967,1108
5215.759752,2733674719,2733675812,15968,1093
5215.777786,2733687917,2733689024,15850,1107
5215.789805,2733696751,2733697848,15599,1097
5215.831893,2733727579,2733728681,15951,1102
5215.843908,2733736427,2733737529,15592,1102
5215.855937,2733745280,2733746389,15967,1109
5215.867958,2733754113,2733755218,15966,1105
5215.879980,2733762923,2733764037,15829,1114
5215.892006,2733771733,2733772833,16035,1100
5215.913044,2733787184,2733788293,15966,1109
5215.925071,2733795973,2733797079,15794,1106
5215.946114,2733811447,2733812556,15967,1109
5215.958131,2733820276,2733821385,15967,1109
5215.976164,2733833507,2733834616,15863,1109
5215.988182,2733842345,2733843446,15597,1101
5216.000216,2733851193,2733852297,15968,1104
5216.012232,2733860006,2733861111,16045,1105
5216.024262,2733868807,2733869888,16022,1081
5216.036281,2733877582,2733878687,16033,1105
5216.048303,2733886439,2733887551,15863,1112
5216.060323,2733895274,2733896385,15781,1111
5216.159509,2733968040,2733969135,15629,1095
5216.240663,2734027548,2734028654,15625,1106
5216.252692,2734036382,2734037491,15955,1109
5216.264713,2734045217,2734046316,15979,1099
5216.297778,2734069458,2734070563,15946,1105
5216.309798,2734078280,2734079392,15961,1112
5216.327836,2734091497,2734092602,15949,1105
5216.339851,2734100304,2734101379,15811,1075
5216.351883,2734109081,2734110164,15801,1083
5216.363901,2734117838,2734118938,15966,1100
5216.375923,2734126656,2734127755,15787,1099
5216.387949,2734135483,2734136592,15950,1109
5216.399970,2734144304,2734145403,16043,1099
5216.457074,2734186070,2734187178,15629,1108
5216.469104,2734194890,2734196000,15949,1110
5216.481126,2734203764,2734204868,15936,1104
5216.493143,2734212586,2734213687,15597,1101
5216.520202,2734232399,2734233501,15710,1102
5216.532224,2734241227,2734242327,15953,1100
5216.544244,2734250048,2734251152,15921,1104
5216.556269,2734258869,2734259944,15809,1075
5216.568294,2734267646,2734268720,15760,1074
5216.580315,2734276418,2734277532,15942,1114
5216.601348,2734291828,2734292930,15622,1102
5216.613382,2734300661,2734301766,15958,1105
5216.625401,2734309477,2734310575,15947,1098
5216.664469,2734338069,2734339170,15703,1101
5216.676502,2734346921,2734348023,15963,1102
5216.688519,2734355728,2734356841,15970,1113
5216.796725,2734435109,2734436214,16045,1105
5216.808743,2734443902,2734444997,15630,1095
5216.820776,2734452696,2734453795,15995,1099
5216.871867,2734490067,2734491171,15829,1104
5216.883897,2734498924,2734500029,15965,1105
5216.895913,2734507729,2734508834,16045,1105
5216.907932,2734516517,2734517625,15621,1108
5216.919964,2734525327,2734526438,15952,1111
5216.931981,2734534152,2734535255,15957,1103
5216.968050,2734560558,2734561668,15855,1110
5216.980072,2734569772,2734570875,15598,1103
5217.010133,2734591796,2734592904,15945,1108
5217.022156,2734600621,2734601730,15950,1109
5217.034172,2734609402,2734610507,15633,1105
5217.076258,2734640326,2734641430,15935,1104
5217.088275,2734649113,2734650223,15631,1110
5217.100308,2734657972,2734659077,15967,1105
5217.115334,2734668971,2734670074,15786,1103
5217.157410,2734699818,2734700922,15963,1104
5217.169432,2734708630,2734709739,15823,1109
5217.181462,2734717497,2734718606,15961,1109
5217.217530,2734743915,2734745019,15995,1104
5217.229547,2734752737,2734753851,15963,1114
5217.256599,2734772531,2734773640,16047,1109
5217.268620,2734781359,2734782473,15830,1114
5217.280647,2734790188,2734791297,15946,1109
5217.292669,2734799047,2734800148,15847,1101
5217.304686,2734807829,2734808934,15633,1105
5217.319722,2734818904,2734820013,15951,1109
5217.331738,2734827701,2734828809,15629,1108
5217.343772,2734836552,2734837663,15973,1111
5217.361801,2734849774,2734850878,15942,1104
5217.373823,2734858614,2734859722,16013,1108
5217.415907,2734889445,2734890554,16072,1109
5217.427925,2734898247,2734899352,15970,1105
5217.439944,2734907032,2734908138,15705,1106
5217.457978,2734920257,2734921358,15623,1101
5217.470011,2734929105,2734930210,15961,1105
5217.482027,2734937906,2734939011,15914,1105
5217.494048,2734946695,2734947805,15623,1110
5217.533127,2734975327,2734976436,15945,1109
5217.545148,2734984151,2734985251,15875,1100
5217.560179,2734995173,2734996287,15940,1114
5217.635319,2735050301,2735051410,15960,1109
5217.647338,2735059096,2735060200,15627,1104
5217.659367,2735067897,2735069004,16029,1107
5217.671389,2735076742,2735077855,15995,1113
5217.683410,2735085565,2735086674,15915,1109
5217.695438,2735094406,2735095511,15960,1105
5217.707456,2735103218,2735104322,15918,1104
5217.719478,2735112010,2735113085,15809,1075
5217.731504,2735120793,2735121902,15862,1109
5217.743524,2735129640,2735130749,15933,1109
5217.755546,2735138442,2735139549,15620,1107
5217.767577,2735147290,2735148398,15966,1108
5217.779594,2735156110,2735157219,15965,1109
5217.791612,2735164903,2735166013,15628,1110
5217.803642,2735173721,2735174825,15949,1104
5217.821681,2735186940,2735188019,15804,1079
5217.833697,2735195693,2735196803,15964,1110
5217.857745,2735213346,2735214455,15964,1109
5217.869766,2735222212,2735223322,15850,1110
5217.896816,2735242015,2735243129,16045,1114
5217.908843,2735250834,2735251938,15714,1104
5217.923868,2735261875,2735262978,15962,1103
5217.959936,2735288278,2735289384,15850,1106
5217.971955,2735297104,2735298212,15555,1108
5217.983985,2735305930,2735307035,15985,1105
5217.996005,2735314766,2735315875,16044,1109
5218.008031,2735323586,2735324698,15712,1112
5218.020057,2735332447,2735333552,15969,1105
5218.032074,2735341252,2735342355,15966,1103
5218.044092,2735350027,2735351129,15705,1102
5218.056122,2735358856,2735359965,16029,1109
5218.068144,2735367715,2735368818,15935,1103
5218.086176,2735380911,2735382010,16046,1099
5218.098195,2735389671,2735390769,15704,1098
5218.113231,2735400769,2735401883,15948,1114
5218.125246,2735409579,2735410683,15625,1104
5218.155310,2735431612,2735432717,15940,1105
5218.176348,2735447079,2735448188,15962,1109
5218.188366,2735455931,2735457045,15587,1114
5218.257503,2735506556,2735507654,15856,1098
5218.269521,2735515365,2735516462,15553,1097
5218.281550,2735524172,2735525276,15856,1104
5218.308605,2735543963,2735545067,15990,1104
5218.320621,2735552825,2735553927,15880,1102
5218.344671,2735570440,2735571549,15942,1109
5218.356691,2735579256,2735580366,15853,1110
5218.380739,2735596891,2735597991,15949,1100
5218.392760,2735605706,2735606820,15968,1114
5218.480932,2735671866,2735672975,15932,1109
5218.497962,2735683033,2735684138,15939,1105
5218.517493,2735697710,2735698816,15596,1106
5218.529522,2735706535,2735707643,15947,1108
5218.583625,2735746205,2735747310,16031,1105
5218.595645,2735755041,2735756151,15844,1110
5218.607667,2735763867,2735764969,15830,1102
5218.619694,2735772672,2735773776,15989,1104
5218.640731,2735788115,2735789217,16046,1102
5218.652758,2735796890,2735797992,15709,1102
5218.688819,2735823342,2735824448,15622,1106
5218.700848,2735832171,2735833274,15952,1103
5218.724887,2735849814,2735850924,15630,1110
5218.736920,2735858680,2735859785,15878,1105
5218.789019,2735898299,2735899401,15946,1102
5218.857145,2735946831,2735947939,15958,1108
5218.869161,2735955607,2735956702,15625,1095
5218.893212,2735973202,2735974316,16046,1114
5218.905233,2735982026,2735983135,15879,1109
5218.920263,2735993071,2735994174,16048,1103
5218.932285,2736001878,2736002982,15866,1104
5218.944311,2736010711,2736011820,15942,1109
5218.983383,2736039353,2736040455,15967,1102
5218.995402,2736048143,2736049244,15624,1101
5219.007437,2736056980,2736058083,15875,1103
5219.019452,2736065791,2736066896,15967,1105
5219.040487,2736081179,2736082288,15703,1109
5219.052519,2736089996,2736091101,16073,1105
5219.104619,2736129585,2736130685,16044,1100
5219.136674,2736151621,2736152726,15969,1105
5219.148701,2736160411,2736161517,15701,1106
5219.160722,2736169246,2736170359,15950,1113
5219.208813,2736204507,2736205621,15944,1114
5219.220830,2736213349,2736214446,15592,1097
5219.241877,2736228782,2736229887,15945,1105
5219.253900,2736237591,2736238700,15955,1109
5219.309014,2736279511,2736280617,15590,1106
5219.338053,2736299339,2736300441,15589,1102
5219.350086,2736308159,2736309263,15954,1104
5219.362105,2736316984,2736318092,15963,1108
5219.374121,2736325765,2736326870,15629,1105
5219.386151,2736334573,2736335682,15941,1109
5219.419208,2736358809,2736359911,15634,1102
5219.434240,2736369838,2736370943,15964,1105
5219.446267,2736378629,2736379734,15790,1105
5219.521409,2736433695,2736434795,15952,1100
5219.533430,2736442533,2736443632,16019,1099
5219.560480,2736462339,2736463444,15969,1105
5219.572499,2736471135,2736472228,15703,1093
5219.623601,2736508599,2736509701,16046,1102
5219.635619,2736517405,2736518511,15626,1106
5219.647652,2736526222,2736527327,15999,1105
5219.665683,2736539443,2736540552,16026,1109
5219.677703,2736548252,2736549361,16046,1109
5219.695737,2736561462,2736562573,15937,1111
5219.707756,2736570299,2736571401,15598,1102
5219.719788,2736579117,2736580195,15807,1078
5219.737820,2736592248,2736593348,16029,1100
5219.749840,2736601084,2736602199,15675,1115
5219.767874,2736614424,2736615529,15847,1105
5219.779902,2736623326,2736624436,15908,1110
5219.791924,2736632222,2736633337,15962,1115
5219.803942,2736641124,2736642228,15939,1104
5219.815971,2736649990,2736651099,15991,1109
5219.827990,2736658822,2736659930,16016,1108
5219.840012,2736667649,2736668761,15973,1112
5219.852030,2736676432,2736677538,15642,1106
5219.873076,2736691880,2736692989,15931,1109
5219.885101,2736700714,2736701825,15891,1111
5219.909147,2736718479,2736719593,15905,1114
5219.921171,2736727381,2736728499,15951,1118
5219.945217,2736745157,2736746262,15908,1105
5219.957235,2736753957,2736755060,15924,1103
5219.969253,2736762785,2736763896,15607,1111
5220.005322,2736789258,2736790359,15605,1101
5220.017356,2736798518,2736799623,15952,1105
5220.041397,2736816106,2736817212,15789,1106
5220.053418,2736824925,2736826034,16013,1109
5220.092492,2736853428,2736854539,15947,1111
5220.104510,2736862260,2736863363,15610,1103
5220.116541,2736871044,2736872153,15967,1109
5220.161628,2736903879,2736904984,15996,1105
5220.176652,2736914835,2736915941,15711,1106
5220.188677,2736923680,2736924789,15945,1109
5220.239778,2736960934,2736962039,15780,1105
5220.251797,2736969771,2736970885,16026,1114
5220.264831,2736980745,2736981845,15913,1100
5220.296887,2737002756,2737003861,15998,1105
5220.308894,2737011531,2737012632,15680,1101
5220.320928,2737020360,2737021431,15890,1071
5220.360007,2737048932,2737050042,15961,1110
5220.372012,2737057690,2737058791,15685,1101
5220.390057,2737068218,2737068872,13643,654
5220.400327,2737072345,2737072974,12107,629
5220.414109,2737077770,2737078929,15455,1159
5220.426125,2737086995,2737088155,16248,1160
5220.438154,2737096297,2737097455,16291,1158
5220.450177,2737105584,2737106746,16380,1162
5220.468211,2737119621,2737120809,16377,1188
5220.480226,2737128972,2737130153,16000,1181
5220.492259,2737138303,2737139467,16344,1164
5220.507277,2737150107,2737151297,15999,1190
5220.519310,2737159504,2737160661,16347,1157
5220.531331,2737168849,2737170038,16291,1189
5220.543348,2737178271,2737179455,16232,1184
5220.555376,2737187659,2737188792,16106,1133
5220.567401,2737197046,2737198235,16396,1189
5220.579414,2737206503,2737207686,15997,1183
5220.591448,2737215923,2737217117,16351,1194
5220.603468,2737225353,2737226542,16377,1189
5220.615483,2737235017,2737236194,16082,1177
5220.627516,2737244442,2737245632,16350,1190
5220.639539,2737253858,2737255045,16419,1187
5220.651551,2737263258,2737264449,16002,1191
5220.663583,2737272683,2737273852,16350,1169
5220.675609,2737282159,2737283318,16416,1159
5220.687620,2737291532,2737292693,16000,1161
5220.699653,2737300934,2737302122,16307,1188
5220.711674,2737310385,2737311579,16377,1194
5220.723689,2737319757,2737320942,16000,1185
5220.735721,2737329176,2737330364,16341,1188
5220.747743,2737338681,2737339874,16381,1193
5220.759757,2737348124,2737349307,15962,1183
5220.771789,2737357607,2737358790,16345,1183
5220.783813,2737367098,2737368292,16310,1194
5220.795828,2737376510,2737377700,16205,1190
5220.807859,2737385990,2737387155,16350,1165
5220.819880,2737395452,2737396641,16292,1189
5220.831898,2737404870,2737406061,16014,1191
5220.843929,2737414368,2737415532,16365,1164
5220.855949,2737423828,2737424995,16381,1167
5220.867960,2737433227,2737434414,15881,1187
5220.879996,2737442705,2737443897,16263,1192
5220.892331,2737451883,2737452790,15291,907
5220.905544,2737460545,2737461658,15980,1113
5220.924587,2737475979,2737477080,15567,1101
5220.941612,2737487013,2737488127,15969,1114
5220.953626,2737495878,2737496978,15521,1100
5220.965659,2737504702,2737505808,15934,1106
5220.992711,2737524562,2737525668,15900,1106
5221.004732,2737533408,2737534518,15969,1110
5221.020762,2737546687,2737547790,15963,1103
5221.032793,2737555534,2737556640,15681,1106
5221.061832,2737575369,2737576472,15606,1103
5221.073865,2737584209,2737585320,15895,1111
5221.100914,2737604032,2737605115,15745,1083
5221.112938,2737612825,2737613931,15972,1106
5221.124952,2737621633,2737622736,15599,1103
5221.136985,2737630475,2737631589,15909,1114
5221.152004,2737641525,2737642626,15606,1101
5221.164034,2737650337,2737651415,15748,1078
5221.176058,2737659125,2737660234,15884,1109
5221.188072,2737667924,2737669022,15606,1098
5221.206109,2737681158,2737682261,15801,1103
5221.218140,2737689995,2737691103,15936,1108
5221.242175,2737707650,2737708753,15606,1103
5221.254208,2737716510,2737717621,15903,1111
5221.266229,2737725342,2737726451,15980,1109
5221.276328,2737734169,2737735275,15611,1106
5221.290277,2737742986,2737744094,15946,1108
5221.308311,2737756212,2737757321,15938,1109
5221.320332,2737765041,2737766155,15972,1114
5221.344380,2737782676,2737783786,15942,1110
5221.356401,2737791496,2737792605,15931,1109
5221.372428,2737804721,2737805826,15969,1105
5221.413500,2737833308,2737834415,15679,1107
5221.425534,2737842134,2737843244,16019,1110
5221.437555,2737851014,2737852114,15886,1100
5221.449569,2737859801,2737860907,15602,1106
5221.476623,2737879672,2737880777,15844,1105
5221.488654,2737888498,2737889614,15942,1116
5221.512689,2737906128,2737907238,15715,1110
5221.524334,2737915365,2737916475,15940,1110
5221.545760,2737930859,2737931968,16053,1109
5221.557777,2737939659,2737940765,15601,1106
5221.575810,2737952884,2737953987,15607,1103
5221.587842,2737961707,2737962807,15940,1100
5221.599864,2737970525,2737971630,15979,1105
5221.611878,2737979306,2737980412,15678,1106
5221.623911,2737988148,2737989252,15914,1104
5221.635932,2737996988,2737998093,15870,1105
5221.647946,2738005789,2738006892,15619,1103
5221.659978,2738014616,2738015725,15937,1109
5221.681016,2738030110,2738031219,15969,1109
5221.693032,2738038940,2738040046,15617,1106
5221.705064,2738047749,2738048858,16025,1109
5221.756152,2738085261,2738086363,15695,1102
5221.768186,2738094083,2738095192,15942,1109
5221.780205,2738102913,2738104022,15972,1109
5221.837307,2738144764,2738145860,15599,1096
5221.849340,2738153621,2738154730,15916,1109
5221.867375,2738166859,2738167968,15942,1109
5221.879395,2738175692,2738176806,15983,1114
5221.891409,2738184510,2738185620,15601,1110
5221.912460,2738199978,2738201087,15990,1109
5221.924480,2738208806,2738209914,16053,1108
5221.969567,2738241846,2738242955,15976,1109
5221.981581,2738250645,2738251756,15639,1111
5221.993615,2738259458,2738260562,15895,1104
5222.005635,2738268278,2738269385,15972,1107
5222.017649,2738277086,2738278187,15603,1101
5222.029683,2738285895,2738286995,15851,1100
5222.044701,2738296901,2738298008,15601,1107
5222.056733,2738305733,2738306845,15943,1112
5222.068754,2738314564,2738315673,15958,1109
5222.080769,2738323359,2738324466,15620,1107
5222.096815,2738336578,2738337679,15689,1101
5222.108836,2738345394,2738346503,16018,1109
5222.149909,2738374093,2738375197,15965,1104
5222.161924,2738382931,2738384036,15578,1105
5222.173956,2738391759,2738392863,15896,1104
5222.185975,2738400553,2738401664,15935,1111
5222.197992,2738409349,2738410445,15617,1096
5222.216026,2738422554,2738423660,15619,1106
5222.228059,2738431378,2738432487,16024,1109
5222.240079,2738440256,2738441361,15961,1105
5222.252095,2738449045,2738450148,15616,1103
5222.264129,2738457871,2738458985,15945,1114
5222.285167,2738473330,2738474439,15964,1109
5222.297183,2738482128,2738483226,15601,1098
5222.312218,2738493153,2738494258,15968,1105
5222.324233,2738501938,2738503045,15597,1107
5222.342267,2738515174,2738516276,15674,1102
5222.357304,2738526213,2738527317,16049,1104
5222.369318,2738535030,2738536136,15604,1106
5222.393373,2738552687,2738553796,15984,1109
5222.405387,2738561522,2738562626,15606,1104
5222.420424,2738572547,2738573651,16050,1104
5222.432438,2738581335,2738582442,15680,1107
5222.456493,2738599024,2738600131,15977,1107
5222.468507,2738607870,2738608973,15599,1103
5222.480540,2738616692,2738617796,15941,1104
5222.496574,2738629912,2738631017,16023,1105
5222.567698,2738680617,2738681726,15853,1109
5222.579729,2738689456,2738690562,15942,1106
5222.591750,2738698278,2738699383,15978,1105
5222.603764,2738707081,2738708178,15679,1097
5222.615797,2738715899,2738717004,15938,1105
5222.627818,2738724723,2738725832,15975,1109
5222.645853,2738737950,2738739054,15965,1104
5222.657867,2738746728,2738747833,15602,1105
5222.675904,2738760033,2738761143,15933,1110
5222.687935,2738768858,2738769964,15949,1106
5222.699955,2738777675,2738778784,15971,1109
5222.711975,2738786533,2738787641,15851,1108
5222.724003,2738795356,2738796466,16022,1110
5222.736024,2738804176,2738805280,15883,1104
5222.748038,2738812975,2738814076,15524,1101
5222.760072,2738821781,2738822890,15939,1109
5222.781110,2738837286,2738838395,15970,1109
5222.793124,2738846077,2738847175,15524,1098
5222.814175,2738861515,2738862619,15938,1104
5222.826196,2738870364,2738871468,15967,1104
5222.844230,2738883594,2738884703,16051,1109
5222.856244,2738892409,2738893517,15605,1108
5222.868278,2738901219,2738902324,15944,1105
5222.907350,2738929915,2738931026,15950,1111
5222.919361,2738938781,2738939888,15567,1107
5222.931398,2738947627,2738948736,15942,1109
5222.943418,2738956446,2738957550,16051,1104
5222.955433,2738965236,2738966347,15606,1111
5222.967466,2738974058,2738975162,15943,1104
5222.979487,2738982868,2738983976,15976,1108
5222.991501,2738991686,2738992788,15598,1102
5223.003535,2739000502,2739001604,15940,1102
5223.015556,2739009310,2739010417,16056,1107
5223.027570,2739018108,2739019211,15679,1103
5223.039605,2739027365,2739028479,15928,1114
5223.051624,2739036227,2739037339,15971,1112
5223.063639,2739045031,2739046137,15527,1106
5223.075672,2739053855,2739054964,15857,1109
5223.087693,2739062715,2739063821,15972,1106
5223.099707,2739071513,2739072613,15524,1100
5223.111740,2739080331,2739081437,15854,1106
5223.123762,2739089155,2739090263,15973,1108
5223.135776,2739097929,2739099030,15603,1101
5223.159830,2739115630,2739116732,15969,1102
5223.183878,2739133272,2739134381,16022,1109
5223.195898,2739142117,2739143217,15883,1100
5223.207913,2739150916,2739152017,15603,1101
5223.219947,2739159750,2739160853,15939,1103
5223.231967,2739168565,2739169670,15972,1105
5223.243982,2739177358,2739178464,15603,1106
5223.256015,2739186202,2739187308,15937,1106
5223.268036,2739195028,2739196133,15986,1105
5223.280055,2739203864,2739204973,15846,1109
5223.292083,2739212692,2739213796,15921,1104
5223.304104,2739221517,2739222619,15930,1102
5223.316119,2739230322,2739231425,15601,1103
5223.328153,2739239165,2739240248,15757,1083
5223.340173,2739247974,2739249078,15884,1104
5223.352187,2739256775,2739257882,15604,1107
5223.364221,2739265605,2739266714,15938,1109
5223.382252,2739278823,2739279906,15745,1083
5223.394276,2739287636,2739288741,15970,1105
5223.409307,2739298646,2739299755,15943,1109
5223.421327,2739307460,2739308563,15982,1103
5223.457396,2739333949,2739335054,15972,1105
5223.469410,2739342754,2739343857,15604,1103
5223.481444,2739351605,2739352710,15919,1105
5223.523513,2739382506,2739383613,15605,1107
5223.535546,2739391343,2739392452,16025,1109
5223.547567,2739400166,2739401275,15976,1109
5223.559582,2739408970,2739410071,15679,1101
5223.571615,2739417790,2739418899,16023,1109
5223.589649,2739430999,2739432108,15935,1109
5223.601670,2739439817,2739440926,15972,1109
5223.625718,2739457429,2739458534,15938,1105
5223.637739,2739466252,2739467359,15971,1107
5223.673807,2739492652,2739493757,15966,1105
5223.685822,2739501457,2739502560,15605,1103
5223.704872,2739516967,2739518076,15941,1109
5223.721890,2739527996,2739529105,15604,1109
5223.733921,2739536818,2739537901,15748,1083
5223.751958,2739550018,2739551132,15943,1114
5223.763979,2739558878,2739559983,15944,1105
5223.775994,2739567680,2739568786,15564,1106
5223.794028,2739580898,2739582005,15604,1107
5223.806061,2739589716,2739590827,15940,1111
5223.866165,2739633818,2739634925,15605,1107
5223.878200,2739642640,2739643739,15854,1099
5223.893216,2739653647,2739654750,15603,1103
5223.905250,2739662464,2739663573,15938,1109
5223.917271,2739671332,2739672437,15885,1105
5223.972382,2739713278,2739714387,15823,1109
5223.984405,2739722179,2739723288,15824,1109
5224.001431,2739733318,2739734428,15883,1110
5224.013453,2739742216,2739743324,15904,1108
5224.028482,2739753352,2739754462,15906,1110
5224.040505,2739762247,2739763357,15900,1110
5224.052527,2739771141,2739772249,15812,1108
5224.067557,2739782259,2739783372,15912,1113
5224.085591,2739795609,2739796718,15906,1109
5224.097614,2739804505,2739805619,15900,1114
5224.109639,2739813402,2739814512,15909,1110
5224.121164,2739823452,2739824566,15885,1114
5224.138191,2739834583,2739835697,15820,1114
5224.150214,2739843487,2739844597,15903,1110
5224.162236,2739852381,2739853491,15898,1110
5224.174258,2739861276,2739862390,15913,1114
5224.189286,2739872407,2739873521,15905,1114
5224.207322,2739885772,2739886883,15906,1111
5224.240386,2739910234,2739911344,15915,1110
5224.252408,2739919127,2739920227,15868,1100
5224.264429,2739927945,2739929051,15953,1106
5224.276444,2739936761,2739937867,15617,1106
5224.288477,2739945573,2739946687,15849,1114
5224.300498,2739954404,2739955512,15957,1108
5224.312513,2739963251,2739964356,15616,1105
5224.324547,2739972111,2739973217,15937,1106
5224.336568,2739980938,2739982049,15971,1111
5224.348585,2739989772,2739990877,15847,1105
5224.360616,2739998581,2739999685,15939,1104
5224.393667,2740022843,2740023949,15598,1106
5224.405702,2740031660,2740032769,15937,1109
5224.465805,2740075727,2740076830,15600,1103
5224.477839,2740084552,2740085666,15945,1114
5224.504890,2740104410,2740105528,15943,1118
5224.516910,2740113261,2740114370,16009,1109
5224.543962,2740133113,2740134213,15973,1100
5224.555981,2740142486,2740143595,15863,1109
5224.568010,2740151355,2740152455,15940,1100
5224.580031,2740160179,2740161288,15967,1109
5224.592045,2740168988,2740170085,15601,1097
5224.604079,2740177781,2740178887,15713,1106
5224.616100,2740186578,2740187687,15979,1109
5224.628119,2740195411,2740196524,15936,1113
5224.640140,2740204176,2740205277,15635,1101
5224.652168,2740212953,2740214056,15976,1103
5224.664176,2740221736,2740222842,15682,1106
5224.676209,2740230494,2740231594,15640,1100
5224.694243,2740243634,2740244709,15829,1075
5224.706271,2740252429,2740253534,15958,1105
5224.721295,2740263327,2740264438,15636,1111
5224.733320,2740272170,2740273279,15938,1109
5224.745329,2740280935,2740282032,15678,1097
5224.757358,2740289722,2740290826,15807,1104
5224.772381,2740300679,2740301782,15675,1103
5224.784410,2740309454,2740310555,15630,1101
5224.796443,2740318305,2740319415,15906,1110
5224.808467,2740327163,2740328273,15940,1110
5224.824493,2740340450,2740341560,16052,1110
5224.844534,2740353758,2740354869,15982,1111
5224.856551,2740362627,2740363731,15826,1104
5224.871569,2740373634,2740374740,15681,1106
5224.883603,2740382391,2740383497,15640,1106
5224.895632,2740391179,2740392284,15978,1105
5224.907638,2740399942,2740401043,15680,1101
5224.919672,2740408714,2740409793,15864,1079
5224.931702,2740417486,2740418600,15987,1114
5224.943707,2740426289,2740427397,15642,1108
5224.955735,2740435108,2740436217,15815,1109
5224.967768,2740443888,2740444984,16059,1096
5224.979777,2740452661,2740453758,15753,1097
5224.991809,2740461388,2740462493,15708,1105
5225.003837,2740470167,2740471275,15957,1108
5225.015844,2740478931,2740480037,15675,1106
5225.027878,2740487746,2740488821,15649,1075
5225.039908,2740496509,2740497623,15974,1114
5225.051920,2740505267,2740506378,15638,1111
5225.063946,2740514069,2740515171,15635,1102
5225.075974,2740522842,2740523956,15975,1114
5225.087981,2740531595,2740532692,15678,1097
5225.100022,2740540343,2740541418,15903,1075
5225.112043,2740549086,2740550194,15982,1108
5225.124049,2740557837,2740558938,15680,1101
5225.136084,2740566627,2740567740,15793,1113
5225.148112,2740575468,2740576577,15977,1109
5225.160120,2740584245,2740585350,15723,1105
5225.172152,2740593000,2740594108,15717,1108
5225.184182,2740601779,2740602857,15825,1078
5225.196189,2740610545,2740611652,15681,1107
5225.208220,2740619305,2740620380,15835,1075
5225.220250,2740628064,2740629142,15901,1078
5225.232257,2740636812,2740637909,15761,1097
5225.244289,2740645594,2740646705,15715,1111
5225.256319,2740654426,2740655531,15990,1105
5225.268324,2740663182,2740664289,15762,1107
5225.337472,2740713686,2740714791,15983,1105
5225.349486,2740722492,2740723595,15605,1103
5225.385547,2740748816,2740749916,15679,1100
5225.397587,2740757559,2740758665,15709,1106
5225.445677,2740792635,2740793739,15972,1104
5225.457688,2740801426,2740802528,15680,1102
5225.544866,2740864964,2740866069,16056,1105
5225.556874,2740873804,2740874912,15756,1108
5225.568907,2740882561,2740883664,15714,1103
5225.662089,2740950557,2740951661,15981,1104
5225.674095,2740959317,2740960427,15753,1110
5225.686130,2740968085,2740969187,15634,1102
5225.752262,2741016342,2741017454,15997,1112
5225.764268,2741025187,2741026293,15756,1106
5225.776301,2741033949,2741035052,15635,1103
5225.791320,2741044939,2741046040,15753,1101
5225.869483,2741101983,2741103093,15982,1110
5225.881490,2741110747,2741111852,15756,1105
5225.893530,2741119499,2741120599,15669,1100
5225.905552,2741128279,2741129384,15973,1105
5225.917565,2741137035,2741138132,15718,1097
5225.956644,2741165539,2741166640,15631,1101
5225.968669,2741174358,2741175462,15952,1104
5225.980679,2741183148,2741184250,15681,1102
5225.992719,2741191941,2741193047,15709,1106
5226.025765,2741216040,2741217146,15684,1106
5226.037798,2741224836,2741225947,15638,1111
5226.061835,2741242445,2741243547,15678,1102
5226.073867,2741251659,2741252763,15824,1104
5226.088886,2741262712,2741263820,15678,1108
5226.149015,2741306581,2741307686,15981,1105
5226.161021,2741315340,2741316446,15676,1106
5226.173053,2741324132,2741325241,15813,1109
5226.185084,2741332921,2741334032,15974,1111
5226.200107,2741343859,2741344957,15633,1098
5226.218142,2741357033,2741358137,15714,1104
5226.230169,2741365810,2741366915,16057,1105
5226.242183,2741374565,2741375671,15716,1106
5226.254210,2741383366,2741384469,15638,1103
5226.299294,2741416291,2741417396,15915,1105
5226.311323,2741425089,2741426207,15984,1118
5226.323334,2741433878,2741434979,15757,1101
5226.368426,2741466764,2741467875,15931,1111
5226.380450,2741475531,2741476638,15637,1107
5226.392478,2741484312,2741485417,15953,1105
5226.404485,2741493068,2741494180,15682,1112
5226.416518,2741501879,2741502977,15640,1098
5226.504697,2741567610,2741568721,15707,1111
5226.572821,2741615889,2741616993,15979,1104
5226.584834,2741624693,2741625802,15736,1109
5226.599871,2741635714,2741636813,16045,1099
5226.611893,2741644520,2741645619,16028,1099
5226.623912,2741653271,2741654372,15649,1101
5226.635939,2741662047,2741663148,15918,1101
5226.647949,2741670824,2741671925,15683,1101
5226.659981,2741679572,2741680675,15649,1103
5226.696050,2741705863,2741706969,15654,1106
5226.708078,2741714642,2741715716,15806,1074
5226.720085,2741723372,2741724475,15682,1103
5226.732116,2741732148,2741733257,15818,1109
5226.744148,2741740989,2741742093,15992,1104
5226.756157,2741749740,2741750844,15774,1104
5226.768187,2741758519,2741759593,15913,1074
5226.780215,2741767269,2741768378,16062,1109
5226.825300,2741800179,2741801292,15959,1113
5226.837315,2741808974,2741810086,15568,1112
5226.909445,2741861599,2741862701,15681,1102
5226.921472,2741870393,2741871499,15552,1106
5226.984605,2741916465,2741917575,15704,1110
5226.996629,2741925258,2741926362,15994,1104
5227.029685,2741949348,2741950449,15642,1101
5227.041714,2741958168,2741959274,15999,1106
5227.053719,2741966921,2741968024,15676,1103
5227.131884,2742023942,2742025046,15975,1104
5227.143892,2742032727,2742033825,15677,1098
5227.192990,2742069948,2742071052,15990,1104
5227.234070,2742098430,2742099534,15636,1104
5227.246096,2742107230,2742108336,15677,1106
5227.258125,2742116036,2742117145,16006,1109
5227.270131,2742124791,2742125897,15755,1106
5227.336262,2742173013,2742174117,15811,1104
5227.348296,2742181810,2742182914,16059,1104
5227.360316,2742190620,2742191729,15954,1109
5227.399388,2742219123,2742220214,15638,1091
5227.411417,2742228133,2742229242,15965,1109
5227.423422,2742236904,2742238006,15676,1102
5227.435451,2742245687,2742246797,15811,1110
5227.447486,2742254515,2742255617,15936,1102
5227.459498,2742263319,2742264419,15635,1100
5227.477525,2742276472,2742277573,15750,1101
5227.489559,2742285219,2742286322,15714,1103
5227.552679,2742331264,2742332365,15708,1101
5227.564707,2742340067,2742341171,16012,1104
5227.579737,2742351042,2742352143,15710,1101
5227.590251,2742358915,2742360021,16026,1106
5227.602272,2742367742,2742368847,15633,1105
5227.620308,2742380932,2742382035,15714,1103
5227.632336,2742389714,2742390816,15961,1102
5227.665394,2742413772,2742414883,15640,1111
5227.677422,2742422580,2742423679,16030,1099
5227.689430,2742431390,2742432491,15756,1101
5227.701463,2742440144,2742441250,15646,1106
5227.713492,2742448919,2742449992,15822,1073
5227.752549,2742477353,2742478454,15761,1101
5227.764582,2742486130,2742487206,15837,1076
5227.809668,2742519097,2742520200,15711,1103
5227.821693,2742527922,2742529031,16021,1109
5227.875799,2742567374,2742568483,15983,1109
5227.887807,2742576181,2742577282,15720,1101
5227.899840,2742584914,2742586018,15633,1104
5227.911865,2742593730,2742594835,15948,1105
5227.923874,2742602487,2742603588,15683,1101
5227.935905,2742611246,2742612349,15603,1103
5227.947937,2742620058,2742621163,16047,1105
5227.959943,2742628811,2742629912,15760,1101
5227.971977,2742637553,2742638651,15641,1098
5227.984006,2742646343,2742647447,15997,1104
5227.996011,2742655095,2742656198,15681,1103
5228.008045,2742663832,2742664935,15603,1103
5228.020073,2742672621,2742673724,16069,1103
5228.032080,2742681371,2742682471,15685,1100
5228.050114,2742694499,2742695601,15757,1102
5228.074176,2742712065,2742713175,16062,1110
5228.086185,2742720860,2742721961,15717,1101
5228.098213,2742729656,2742730762,15636,1106
5228.110245,2742738454,2742739563,16059,1109
5228.149303,2742766938,2742768038,15757,1100
5228.161337,2742775696,2742776798,15713,1102
5228.173365,2742784481,2742785590,16058,1109
5228.185373,2742793288,2742794391,15752,1103
5228.200416,2742804248,2742805351,16055,1103
5228.212423,2742813006,2742814103,15679,1097
5228.236484,2742830608,2742831717,15964,1109
5228.248505,2742839390,2742840484,16031,1094
5228.260525,2742848128,2742849234,15708,1106
5228.272554,2742856926,2742858026,16065,1100
5228.299603,2742876654,2742877760,16044,1106
5228.329646,2742898544,2742899655,15758,1111
5228.341679,2742907301,2742908407,15724,1106
5228.353706,2742916104,2742917214,16043,1110
5228.365714,2742924870,2742925976,15685,1106
5228.392767,2742944660,2742945760,15757,1100
5228.404799,2742953402,2742954478,15915,1076
5228.425845,2742968744,2742969853,15954,1109
5228.437864,2742977567,2742978679,15889,1112
5228.509989,2743030227,2743031333,15681,1106
5228.522029,2743039010,2743040112,15710,1102
5228.612194,2743104847,2743105958,15641,1111
5228.624222,2743113623,2743114730,15952,1107
5228.636243,2743122410,2743123519,15951,1109
5228.648263,2743131201,2743132301,15634,1100
5228.660291,2743139989,2743141088,15977,1099
5228.672305,2743148765,2743149870,15604,1105
5228.684327,2743157574,2743158686,15633,1112
5228.723411,2743186101,2743187210,15956,1109
5228.735417,2743194894,2743195997,15682,1103
5228.747444,2743203658,2743204755,15558,1097
5228.759477,2743212458,2743213562,15946,1104
5228.777515,2743225632,2743226739,15993,1107
5228.789520,2743234370,2743235471,15681,1101
5228.828606,2743262814,2743263915,15651,1101
5228.840634,2743271620,2743272734,15984,1114
5228.852651,2743280448,2743281552,15962,1104
5228.864674,2743289199,2743290302,15656,1103
5228.897726,2743313319,2743314414,15681,1095
5228.909760,2743322060,2743323166,15654,1106
5228.933795,2743339593,2743340705,15762,1112
5228.945829,2743348403,2743349510,15634,1107
5229.035996,2743414197,2743415303,15631,1106
5229.048029,2743423066,2743424170,15957,1104
5229.060035,2743431826,2743432933,15641,1107
5229.078071,2743445048,2743446145,15679,1097
5229.090103,2743453810,2743454913,15639,1103
5229.100332,2743462986,2743464093,15970,1107
5229.147214,2743495919,2743497029,15937,1110
5229.162240,2743506859,2743507961,15556,1102
5229.243395,2743566120,2743567227,15654,1107
5229.255418,2743575094,2743576203,15929,1109
5229.288476,2743599267,2743600368,15724,1101
5229.300504,2743608076,2743609186,15937,1110
5229.312528,2743616901,2743618010,15945,1109
5229.324549,2743625665,2743626770,15641,1105
5229.336578,2743634506,2743635620,16043,1114
5229.351600,2743645450,2743646556,15715,1106
5229.363628,2743654235,2743655330,16062,1095
5229.375636,2743663016,2743664116,15758,1100
5229.393669,2743676141,2743677249,15678,1108
5229.405703,2743684917,2743685992,15835,1075
5229.417731,2743693667,2743694777,15955,1110
5229.429738,2743702425,2743703537,15758,1112
5229.447772,2743715579,2743716674,15759,1095
5229.459802,2743724369,2743725472,15554,1103
5229.471836,2743733193,2743734303,15995,1110
5229.489870,2743746387,2743747497,16045,1110
5229.501875,2743755139,2743756240,15761,1101
5229.568007,2743803434,2743804534,15810,1100
5229.580040,2743812233,2743813332,15984,1099
5229.592048,2743821011,2743822113,15684,1102
5229.616111,2743832515,2743833138,12021,623
5229.629639,2743837725,2743838555,13486,830
5229.641658,2743846640,2743847799,16399,1159
5229.653671,2743855830,2743856987,16001,1157
5229.665706,2743865160,2743866323,16317,1163
5229.683738,2743879203,2743880366,16349,1163
5229.695761,2743888584,2743889767,16346,1183
5229.707774,2743897884,2743899045,15998,1161
5229.737842,2743921337,2743922526,16429,1189
5229.749864,2743930741,2743931909,16400,1168
5229.764892,2743942391,2743943554,16301,1163
5229.776914,2743951804,2743952997,16385,1193
5229.791944,2743963584,2743964742,16306,1158
5229.803967,2743972949,2743974111,16395,1162
5229.815984,2743982297,2743983490,16246,1193
5229.828012,2743991712,2743992871,16311,1159
5229.840036,2744001077,2744002271,16272,1194
5229.852057,2744010494,2744011663,16318,1169
5229.864081,2744019916,2744021084,16235,1168
5229.876103,2744029502,2744030671,16315,1169
5229.888124,2744038896,2744040094,16312,1198
5229.900149,2744048412,2744049577,16335,1165
5229.918181,2744062530,2744063699,16314,1169
5229.930205,2744071977,2744073171,16381,1194
5229.942219,2744081336,2744082523,16012,1187
5229.993324,2744121481,2744122643,16384,1162
5230.005340,2744130850,2744132039,16020,1189
5230.020377,2744142660,2744143853,16356,1193
5230.032390,2744152113,2744153274,16010,1161
5230.056444,2744170955,2744172139,16449,1184
5230.068460,2744180286,2744181473,16096,1187
5230.089510,2744196793,2744197982,16424,1189
5230.101531,2744206278,2744207464,16465,1186
5230.119568,2744220499,2744221692,16484,1193
5230.131587,2744228215,2744229323,15872,1108
5230.143613,2744237084,2744238190,15905,1106
5230.155634,2744245913,2744247022,15970,1109
5230.191703,2744272416,2744273527,15969,1111
5230.203717,2744281221,2744282322,15600,1101
5230.215748,2744290078,2744291183,15908,1105
5230.228782,2744301072,2744302183,15597,1111
5230.248806,2744314369,2744315472,15843,1103
5230.260836,2744323191,2744324300,15943,1109
5230.272857,2744332013,2744333117,15976,1104
5230.284871,2744340930,2744342033,15597,1103
5230.299909,2744351955,2744353061,15969,1106
5230.311925,2744360793,2744361897,15736,1104
5230.323957,2744369617,2744370723,15940,1106
5230.335978,2744378442,2744379548,15928,1106
5230.347989,2744387286,2744388385,15569,1099
5230.384061,2744413728,2744414836,15682,1108
5230.396094,2744422541,2744423640,15941,1099
5230.408116,2744431341,2744432449,15908,1108
5230.441180,2744455602,2744456708,16025,1106
5230.453200,2744464483,2744465592,15976,1109
5230.465217,2744473306,2744474415,15848,1109
5230.480252,2744484340,2744485440,15979,1100
5230.492266,2744493180,2744494285,15480,1105
5230.504299,2744502017,2744503123,15936,1106
5230.516321,2744510857,2744511965,15984,1108
5230.528334,2744519649,2744520755,15604,1106
5230.543372,2744530683,2744531788,15973,1105
5230.585454,2744561580,2744562685,15916,1105
5230.597474,2744570442,2744571549,15970,1107
5230.609492,2744579267,2744580367,15782,1100
5230.620018,2744587435,2744588556,15975,1121
5230.632032,2744596285,2744597387,15603,1102
5230.644062,2744605097,2744606174,15823,1077
5230.656088,2744613881,2744614990,15917,1109
5230.668100,2744622719,2744623822,15591,1103
5230.680134,2744631547,2744632656,16020,1109
5230.692156,2744640392,2744641497,15955,1105
5230.704175,2744649191,2744650294,15689,1103
5230.716201,2744658003,2744659107,15940,1104
5230.746258,2744680092,2744681206,16052,1114
5230.761286,2744691136,2744692241,15987,1105
5230.773309,2744699951,2744701056,16052,1105
5230.785327,2744708742,2744709847,15697,1105
5230.797356,2744717610,2744718723,15904,1113
5230.809378,2744726446,2744727545,15978,1099
5230.821392,2744735209,2744736312,15677,1103
5230.833425,2744744033,2744745142,15946,1109
5230.845446,2744752869,2744753974,15969,1105
5230.857463,2744761701,2744762807,15827,1106
5230.893529,2744788165,2744789266,15601,1101
5230.905561,2744796995,2744798101,15902,1106
5230.917582,2744805830,2744806940,16038,1110
5230.944634,2744825659,2744826768,16040,1109
5230.956651,2744834487,2744835591,15921,1104
5230.971686,2744845569,2744846677,16056,1108
5230.983700,2744854358,2744855469,15691,1111
5230.996731,2744865388,2744866493,16031,1105
5231.064855,2744913948,2744915058,15614,1110
5231.076887,2744922780,2744923889,16002,1109
5231.100930,2744940406,2744941509,15683,1103
5231.112957,2744949243,2744950342,16019,1099
5231.158041,2744982303,2744983408,15992,1105
5231.197115,2745011009,2745012121,15978,1112
5231.209130,2745019825,2745020928,15605,1103
5231.233184,2745037524,2745038630,15980,1106
5231.245198,2745046335,2745047446,15601,1111
5231.260237,2745057425,2745058533,15981,1108
5231.272254,2745066265,2745067369,15851,1104
5231.284282,2745075097,2745076201,15944,1104
5231.296304,2745083927,2745085026,16059,1099
5231.308318,2745092759,2745093871,15678,1112
5231.320351,2745101619,2745102723,15944,1104
5231.332371,2745110437,2745111545,15959,1108
5231.344387,2745119244,2745120350,15618,1106
5231.368439,2745136917,2745138021,15955,1104
5231.380455,2745145704,2745146808,15617,1104
5231.392484,2745154539,2745155612,15739,1073
5231.404508,2745163363,2745164474,15962,1111
5231.431559,2745183176,2745184285,15957,1109
5231.443575,2745191983,2745193089,15614,1106
5231.461609,2745205242,2745206342,15614,1100
5231.473641,2745214053,2745215159,15941,1106
5231.485662,2745222872,2745223977,15962,1105
5231.497684,2745231666,2745232771,15685,1105
5231.509710,2745240498,2745241607,15941,1109
5231.521733,2745249336,2745250449,15871,1113
5231.533746,2745258143,2745259249,15615,1106
5231.545779,2745266978,2745268081,15944,1103
5231.560798,2745278009,2745279112,15614,1103
5231.572830,2745286818,2745287927,15942,1109
5231.593869,2745302324,2745303429,15962,1105
5231.605884,2745311143,2745312249,15617,1106
5231.696062,2745377278,2745378389,15685,1111
5231.708087,2745386110,2745387219,16024,1109
5231.720109,2745394921,2745396030,15958,1109
5231.741141,2745410360,2745411461,15675,1101
5231.753173,2745419218,2745420326,15997,1108
5231.798261,2745452244,2745453358,15911,1114
5231.810281,2745461107,2745462217,16057,1110
5231.837333,2745480936,2745482035,15973,1099
5231.849350,2745489762,2745490876,15825,1114
5231.861380,2745498605,2745499719,15944,1114
5231.897449,2745525064,2745526171,15906,1107
5231.909470,2745533912,2745535021,15973,1109
5231.921484,2745542717,2745543823,15680,1106
5231.933515,2745551589,2745552698,15903,1109
5231.957552,2745569238,2745570339,15689,1101
5231.969585,2745578038,2745579148,15944,1110
5232.005653,2745604508,2745605613,16021,1105
5232.017674,2745613358,2745614467,15966,1109
5232.071777,2745652985,2745654088,16041,1103
5232.083792,2745661793,2745662899,15688,1106
5232.101827,2745674997,2745676104,15613,1107
5232.113858,2745683853,2745684961,15916,1108
5232.125880,2745692679,2745693783,15959,1104
5232.140910,2745704123,2745705228,15972,1105
5232.152933,2745712995,2745714100,15977,1105
5232.164947,2745721787,2745722900,15695,1113
5232.185996,2745737284,2745738390,15914,1106
5232.198017,2745746103,2745747218,15959,1115
5232.210032,2745754909,2745756019,15614,1110
5232.222065,2745763731,2745764837,15938,1106
5232.237084,2745774768,2745775866,15614,1098
5232.253127,2745788018,2745789119,15614,1101
5232.306223,2745825502,2745826611,15958,1109
5232.318238,2745834305,2745835408,15617,1103
5232.333278,2745845369,2745846478,15973,1109
5232.345293,2745854233,2745855337,15826,1104
5232.357322,2745863085,2745864194,15860,1109
5232.369346,2745871924,2745873033,15987,1109
5232.420443,2745909547,2745910652,15917,1105
5232.432467,2745918410,2745919514,15981,1104
5232.456510,2745936121,2745937225,15907,1104
5232.468535,2745944982,2745946091,15988,1109
5232.480550,2745953844,2745954958,15828,1114
5232.492581,2745962708,2745963817,15916,1109
5232.507602,2745973785,2745974891,15845,1106
5232.519632,2745982641,2745983750,15908,1109
5232.531653,2745991507,2745992612,15976,1105
5232.543672,2746000400,2746001514,15842,1114
5232.555698,2746009254,2746010359,15908,1105
5232.567722,2746018115,2746019224,15976,1109
5232.639859,2746071299,2746072408,15911,1109
5232.651878,2746080165,2746081272,15872,1107
5232.663903,2746089032,2746090141,15904,1109
5232.675928,2746097901,2746099015,15984,1114
5232.687950,2746106757,2746107866,15908,1109
5232.705978,2746120037,2746121141,15860,1104
5232.718007,2746128891,2746129996,15908,1105
5232.745057,2746148829,2746149939,15904,1110
5232.757082,2746157710,2746158813,15977,1103
5232.841235,2746219702,2746220806,15836,1104
5232.853263,2746228559,2746229665,15909,1106
5232.871298,2746241843,2746242948,15860,1105
5232.883322,2746250696,2746251805,16058,1109
5232.901355,2746263991,2746265095,15966,1104
5232.913373,2746272853,2746273966,15941,1113
5232.952452,2746301669,2746302783,15911,1114
5232.964477,2746310553,2746311662,15973,1109
5232.985516,2746326050,2746327155,15902,1105
5232.997539,2746334886,2746335995,15911,1109
5233.060658,2746381372,2746382476,15913,1104
5233.072682,2746390234,2746391343,16062,1109
5233.099733,2746410175,2746411280,15968,1105
5233.111750,2746419020,2746420127,15861,1107
5233.129784,2746432314,2746433417,15855,1103
5233.141812,2746441167,2746442272,15909,1105
5233.159846,2746454445,2746455550,15908,1105
5233.171871,2746463326,2746464440,15977,1114
5233.183893,2746472305,2746473408,15908,1103
5233.195917,2746481150,2746482257,15822,1107
5233.207938,2746490007,2746491121,15878,1114
5233.228973,2746505503,2746506611,15861,1108
5233.241001,2746514365,2746515465,15914,1100
5233.262042,2746529837,2746530944,16063,1107
5233.274059,2746538692,2746539806,15848,1114
5233.289093,2746549758,2746550862,15972,1104
5233.304122,2746560818,2746561927,15901,1109
5233.325161,2746576323,2746577432,15965,1109
5233.337178,2746585192,2746586301,15852,1109
5233.349206,2746594058,2746595167,15921,1109
5233.361231,2746602921,2746604035,15987,1114
5233.373247,2746611817,2746612922,15826,1105
5233.385280,2746620688,2746621793,15929,1105
5233.397301,2746629548,2746630648,15972,1100
5233.448397,2746667160,2746668265,15911,1105
5233.460421,2746676020,2746677114,15907,1094
5233.493484,2746700385,2746701490,15911,1105
5233.505505,2746709233,2746710340,15977,1107
5233.517522,2746718078,2746719184,15806,1106
5233.532558,2746729175,2746730285,15910,1110
5233.544573,2746738042,2746739155,15743,1113
5233.556602,2746746906,2746748009,15818,1103
5233.568627,2746755753,2746756861,15991,1108
5233.580650,2746764617,2746765727,15863,1110
5233.604694,2746782354,2746783458,15977,1104
5233.616711,2746791228,2746792342,15800,1114
5233.644777,2746813357,2746814467,15905,1110
5233.660301,2746823505,2746824608,15907,1103
5233.672322,2746832394,2746833506,15975,1112
5233.696368,2746850125,2746851230,15903,1105
5233.708393,2746858975,2746860084,15989,1109
5233.777524,2746909910,2746911024,15904,1114
5233.789546,2746918795,2746919904,15934,1109
5233.804572,2746929873,2746930987,15900,1114
5233.816599,2746938748,2746939862,15973,1114
5233.828619,2746947621,2746948734,15887,1113
5233.864682,2746974320,2746975420,15898,1100
5233.876712,2746983139,2746984239,15984,1100
5233.897737,2746998528,2746999639,15762,1111
5233.909768,2747007352,2747008451,15826,1099
5233.960857,2747044857,2747045968,15687,1111
5233.972888,2747053683,2747054788,15820,1105
5233.984918,2747062497,2747063602,15990,1105
5233.996937,2747071340,2747072454,15984,1114
5234.011970,2747082359,2747083466,16038,1107
5234.121175,2747163899,2747165006,15683,1107
5234.150217,2747183770,2747184877,15681,1107
5234.162248,2747192590,2747193699,15900,1109
5234.174278,2747201419,2747202523,16061,1104
5234.186285,2747210204,2747211305,15753,1101
5234.196332,2747219066,2747220174,15826,1108
5234.231384,2747243316,2747244422,15959,1106
5234.243402,2747252175,2747253279,15850,1104
5234.255432,2747261004,2747262113,15976,1109
5234.328575,2747316064,2747317177,15960,1113
5234.396693,2747364603,2747365707,15818,1104
5234.408724,2747373466,2747374570,15956,1104
5234.420731,2747382302,2747383402,15680,1100
5234.435774,2747393352,2747394457,16028,1105
5234.447794,2747402214,2747403318,15945,1104
5234.459812,2747411027,2747412131,15792,1104
5234.471844,2747419851,2747420956,15974,1105
5234.483851,2747428648,2747429751,15682,1103
5234.495883,2747437466,2747438545,15653,1079
5234.507913,2747446243,2747447352,15932,1109
5234.519920,2747455040,2747456140,15605,1100
5234.531951,2747463862,2747464971,15841,1109
5234.543980,2747472709,2747473816,15947,1107
5234.565006,2747488106,2747489209,15677,1103
5234.577033,2747496934,2747498043,15814,1109
5234.604088,2747516779,2747517883,15818,1104
5234.616118,2747525638,2747526741,15958,1103
5234.628138,2747534465,2747535577,15967,1112
5234.640155,2747543273,2747544382,15801,1109
5234.652187,2747552095,2747553206,15980,1111
5234.664195,2747560872,2747561973,15683,1101
5234.676221,2747569693,2747570802,15813,1109
5234.688256,2747578558,2747579658,15959,1100
5234.700263,2747587358,2747588468,15677,1110
5234.712294,2747596180,2747597289,15901,1109
5234.769410,2747638044,2747639149,16058,1105
5234.781417,2747646819,2747647924,15683,1105
5234.808469,2747666645,2747667748,15682,1103
5234.820506,2747675469,2747676573,15887,1104
5234.871595,2747712900,2747714011,15606,1111
5234.883620,2747721780,2747722891,15843,1111
5234.895649,2747730664,2747731778,15903,1114
5234.907674,2747739561,2747740675,15905,1114
5234.919696,2747748445,2747749550,15904,1105
5234.931719,2747757331,2747758441,15911,1110
5234.943741,2747766223,2747767335,15977,1112
5234.955757,2747775117,2747776222,15847,1105
5234.967787,2747783931,2747785036,15984,1105
5234.979806,2747792754,2747793862,15944,1108
5234.991827,2747801629,2747802738,15908,1109
5235.003856,2747810451,2747811560,15980,1109
5235.015863,2747819246,2747820351,15684,1105
5235.027894,2747828118,2747829222,15848,1104
5235.039925,2747836937,2747838041,16025,1104
5235.051932,2747845756,2747846854,15693,1098
5235.069972,2747858947,2747860053,15600,1106
5235.081997,2747867761,2747868866,15821,1105
5235.097018,2747878773,2747879880,15759,1107
5235.109051,2747887589,2747888702,15846,1113
5235.148130,2747916250,2747917358,15980,1108
5235.166164,2747929455,2747930565,16056,1110
5235.176678,2747937741,2747938857,15880,1116
5235.188708,2747946596,2747947701,15964,1105
5235.200728,2747955426,2747956529,15852,1103
5235.221759,2747970854,2747971963,15893,1109
5235.233793,2747979718,2747980828,15954,1110
5235.245801,2747988517,2747989613,15683,1096
5235.257831,2747997329,2747998433,15812,1104
5235.269859,2748006139,2748007247,15944,1108
5235.287896,2748019381,2748020486,15981,1105
5235.299903,2748028167,2748029268,15683,1101
5235.317943,2748041419,2748042520,15602,1101
5235.329969,2748050226,2748051336,15815,1110
5235.344989,2748061213,2748062316,15693,1103
5235.357021,2748070030,2748071108,15649,1078
5235.405119,2748105262,2748106368,15980,1106
5235.417132,2748114064,2748115172,15610,1108
5235.429157,2748122889,2748123998,15818,1109
5235.441187,2748131752,2748132858,15874,1106
5235.465232,2748149363,2748150473,15877,1110
5235.477254,2748158204,2748159317,15939,1113
5235.489263,2748167005,2748168107,15687,1102
5235.508327,2748182457,2748183560,15820,1103
5235.612514,2748257392,2748258496,15979,1104
5235.624532,2748266244,2748267348,15937,1104
5235.636551,2748275064,2748276169,15825,1105
5235.648582,2748283927,2748285026,15873,1099
5235.712702,2748332358,2748333462,15845,1104
5235.816891,2748407254,2748408367,15810,1113
5235.831915,2748418294,2748419386,15685,1092
5235.843945,2748427107,2748428216,15815,1109
5235.855977,2748435972,2748437076,16040,1104
5235.867996,2748444800,2748445903,15954,1103
5235.880015,2748453654,2748454758,15921,1104
5235.892045,2748462460,2748463569,15978,1109
5235.913075,2748477844,2748478956,15645,1112
5235.925101,2748486682,2748487756,15657,1074
5235.937133,2748495483,2748496597,15990,1114
5236.009268,2748548393,2748549503,16058,1110
5236.021275,2748557194,2748558290,15727,1096
5236.036320,2748568231,2748569336,15985,1105
5236.048338,2748577103,2748578207,16022,1104
5236.063370,2748588152,2748589259,15964,1107
5236.075382,2748596994,2748598094,15759,1100
5236.087407,2748605801,2748606901,15883,1100
5236.105444,2748619012,2748620089,15652,1077
5236.117474,2748627807,2748628911,15947,1104
5236.147526,2748649845,2748650959,15941,1114
5236.201618,2748689578,2748690681,15763,1103
5236.213645,2748698381,2748699485,15899,1104
5236.240700,2748718226,2748719335,15899,1109
5236.252731,2748727080,2748728190,16044,1110
5236.359424,2748805473,2748806577,15606,1104
5236.371449,2748814338,2748815442,15832,1104
5236.383479,2748823145,2748824253,16055,1108
5236.395487,2748831937,2748833038,15760,1101
5236.407523,2748840759,2748841859,15888,1100
5236.419546,2748849599,2748850703,15952,1104
5236.437582,2748862851,2748863950,16040,1099
5236.449590,2748871628,2748872730,15763,1102
5236.461616,2748880408,2748881512,15891,1104
5236.473651,2748889267,2748890376,15963,1109
5236.488672,2748900278,2748901392,15823,1114
5236.500702,2748909128,2748910230,15955,1102
5236.581858,2748968618,2748969726,16065,1108
5236.593864,2748977458,2748978565,15760,1107
5236.669015,2749032512,2749033616,15820,1104
5236.681045,2749041378,2749042482,15867,1104
5236.693054,2749050565,2749051670,15759,1105
5236.789251,2749121156,2749122266,15980,1110
5236.804279,2749132224,2749133332,15900,1108
5236.816303,2749141071,2749142171,15961,1100
5236.831324,2749152060,2749153165,15811,1105
5236.876410,2749185135,2749186248,15820,1113
5236.888440,2749194008,2749195108,15957,1100
5236.900447,2749202807,2749203913,15760,1106
5236.915490,2749213871,2749214975,15945,1104
5236.936516,2749229265,2749230370,15758,1105
5236.948547,2749238082,2749239187,15901,1105
5236.960577,2749246907,2749248012,15946,1105
5237.005661,2749279940,2749281050,15955,1110
5237.017670,2749288768,2749289873,15766,1105
5237.029701,2749297592,2749298697,15899,1105
5237.041732,2749306450,2749307559,15965,1109
5237.083804,2749337242,2749338351,15821,1109
5237.095834,2749346108,2749347217,15961,1109
5237.107854,2749354961,2749356071,15952,1110
5237.192009,2749416661,2749417769,15821,1108
5237.204037,2749425492,2749426601,15956,1109
5237.216047,2749434334,2749435440,15685,1106
5237.228078,2749443176,2749444290,15816,1114
5237.240109,2749452006,2749453115,15973,1109
5237.252121,2749460792,2749461895,15602,1103
5237.288185,2749487183,2749488290,15683,1107
5237.300222,2749496047,2749497151,15907,1104
5237.312246,2749504907,2749506012,15867,1105
5237.324253,2749513711,2749514799,15682,1088
5237.336284,2749522555,2749523659,15826,1104
5237.348314,2749531416,2749532526,15955,1110
5237.360321,2749540204,2749541316,15685,1112
5237.372353,2749549021,2749550130,15824,1109
5237.384383,2749557902,2749559007,15958,1105
5237.399411,2749568934,2749570043,15901,1109
5237.435473,2749595365,2749596465,15823,1100
5237.447503,2749604232,2749605341,15956,1109
5237.459511,2749613018,2749614129,15692,1111
5237.471541,2749621887,2749622997,15832,1110
5237.483572,2749630706,2749631810,15937,1104
5237.495590,2749639547,2749640650,15936,1103
5237.507610,2749648395,2749649509,15828,1114
5237.519640,2749657225,2749658330,15975,1105
5237.531647,2749666003,2749667106,15684,1103
5237.543678,2749674832,2749675932,15822,1100
5237.652889,2749756313,2749757422,15988,1109
5237.696976,2749787143,2749788247,15881,1104
5237.708999,2749796013,2749797119,15860,1106
5237.757077,2749831221,2749832320,15684,1099
5237.769107,2749840026,2749841126,15823,1100
5237.859279,2749906173,2749907281,15903,1108
5237.871309,2749915031,2749916142,15957,1111
5237.883317,2749923831,2749924939,15606,1108
5237.895355,2749932693,2749933798,15880,1105
5237.908381,2749943726,2749944827,15685,1101
5237.964471,2749983394,2749984500,15683,1106
5237.976501,2749992220,2749993336,15819,1116
5237.988532,2750001079,2750002186,15956,1107
5238.069686,2750060473,2750061582,15982,1109
5238.081704,2750069332,2750070432,15939,1100
5238.108756,2750089204,2750090310,15938,1106
5238.120776,2750098054,2750099163,15801,1109
5238.171869,2750135491,2750136598,15731,1107
5238.183896,2750144349,2750145458,15832,1109
5238.195924,2750153169,2750154274,15949,1105
5238.207938,2750162412,2750163521,15725,1109
5238.219965,2750171267,2750172375,15831,1108
5238.231995,2750180100,2750181210,15977,1110
5238.244012,2750188924,2750190028,15844,1104
5238.256033,2750197770,2750198865,15827,1095
5238.274068,2750210973,2750212077,15817,1104
5238.286098,2750219826,2750220931,15957,1105
5238.322166,2750246356,2750247465,15953,1109
5238.334173,2750255178,2750256274,15685,1096
5238.352208,2750268439,2750269542,15674,1103
5238.364239,2750277303,2750278408,15812,1105
5238.376269,2750286109,2750287208,15893,1099
5238.397306,2750301564,2750302673,15949,1109
5238.409325,2750310418,2750311533,15830,1115
5238.472445,2750356673,2750357777,15819,1104
5238.484475,2750365520,2750366630,15955,1110
5238.500508,2750378767,2750379876,15944,1109
5238.529561,2750398657,2750399766,16015,1109
5238.541574,2750407470,2750408570,15604,1100
5238.568620,2750427284,2750428387,15759,1103
5238.580650,2750436079,2750437188,15898,1109
5238.604688,2750453765,2750454873,15684,1108
5238.616719,2750462593,2750463698,15820,1105
5238.704899,2750528749,2750529856,15804,1107
5238.736956,2750550821,2750551920,15956,1099
5238.748973,2750559681,2750560790,15933,1109
5238.760993,2750568515,2750569615,15815,1100
5238.809092,2750603817,2750604918,15974,1101
5238.824113,2750614862,2750615964,15821,1102
5238.842151,2750625449,2750626098,13681,649
5238.856334,2750631205,2750631822,12096,617
5238.869199,2750637409,2750638563,16143,1154
5238.881229,2750646647,2750647826,16362,1179
5238.893246,2750655910,2750657098,16217,1188
5238.917298,2750674586,2750675748,16367,1162
5238.929305,2750683915,2750685102,16084,1187
5238.944348,2750695675,2750696864,16449,1189
5238.956370,2750705300,2750706468,16272,1168
5238.977405,2750721761,2750722925,16242,1164
5238.989435,2750731201,2750732395,16337,1194
5239.004456,2750742959,2750744123,16221,1164
5239.016486,2750752392,2750753581,16362,1189
5239.028494,2750761761,2750762948,16084,1187
5239.040521,2750771200,2750772387,16232,1187
5239.052556,2750780623,2750781806,16366,1183
5239.064574,2750790040,2750791209,16346,1169
5239.076593,2750799434,2750800619,16218,1185
5239.103647,2750820776,2750821969,16255,1193
5239.115675,2750830218,2750831402,16275,1184
5239.133708,2750844316,2750845499,16361,1183
5239.145717,2750853729,2750854920,16084,1191
5239.157748,2750863189,2750864375,16247,1186
5239.169778,2750872658,2750873851,16344,1193
5239.181784,2750882048,2750883209,16086,1161
5239.223881,2750914939,2750916105,16382,1166
5239.235894,2750924367,2750925553,15965,1186
5239.253927,2750938527,2750939714,16133,1187
5239.265954,2750947992,2750949186,16214,1194
5239.280985,2750959781,2750960964,16348,1183
5239.293006,2750969219,2750970408,16200,1189
5239.305035,2750978683,2750979872,16359,1189
5239.317054,2750988134,2750989327,16354,1193
5239.329074,2750997662,2750998855,16243,1193
5239.344099,2751009549,2751010738,16220,1189
5239.357623,2751018342,2751019444,15842,1102
5239.369654,2751027214,2751028314,15838,1100
5239.384681,2751038296,2751039405,15846,1109
5239.396702,2751047168,2751048273,15828,1105
5239.417749,2751062655,2751063766,15953,1111
5239.429768,2751071488,2751072592,15939,1104
5239.453818,2751089206,2751090320,15953,1114
5239.465834,2751098024,2751099137,15884,1113
5239.483866,2751111293,2751112394,15604,1101
5239.495891,2751120139,2751121248,15832,1109
5239.516938,2751135547,2751136661,15975,1114
5239.528957,2751144420,2751145525,15941,1105
5239.553007,2751162130,2751163235,15963,1105
5239.565026,2751170997,2751172097,15937,1100
5239.577046,2751180018,2751181132,15794,1114
5239.589075,2751188887,2751189996,15895,1109
5239.601094,2751197718,2751198817,15950,1099
5239.613114,2751206538,2751207643,15824,1105
5239.625144,2751215391,2751216503,15960,1112
5239.637164,2751224265,2751225377,15954,1112
5239.649178,2751233129,2751234207,15612,1078
5239.661213,2751241937,2751243041,15957,1104
5239.673232,2751250782,2751251886,15940,1104
5239.685251,2751259653,2751260761,15847,1108
5239.697281,2751268525,2751269635,15950,1110
5239.712304,2751279581,2751280686,15796,1105
5239.724333,2751288832,2751289940,15956,1108
5239.736352,2751297713,2751298822,15952,1109
5239.772420,2751324296,2751325410,15944,1114
5239.784440,2751333181,2751334290,15832,1109
5239.796470,2751342049,2751343158,15952,1109
5239.808489,2751350879,2751351988,15939,1109
5239.824522,2751364178,2751365283,15945,1105
5239.844558,2751377472,2751378577,15898,1105
5239.856577,2751386327,2751387435,15836,1108
5239.880624,2751404028,2751405136,15842,1108
5239.892646,2751412882,2751413986,15829,1104
5239.908688,2751426223,2751427337,15861,1114
5239.928720,2751439576,2751440689,15909,1113
5239.940743,2751448466,2751449579,15905,1113
5239.952768,2751457372,2751458483,15994,1111
5239.968797,2751470725,2751471836,15990,1111
5239.985832,2751481832,2751482940,15943,1108
5239.997849,2751490689,2751491792,15938,1103
5240.009869,2751499547,2751500649,15837,1102
5240.021898,2751508397,2751509502,15953,1105
5240.033918,2751517221,2751518321,15955,1100
5240.045937,2751526069,2751527174,15847,1105
5240.057966,2751534918,2751536029,15935,1111
5240.069975,2751543713,2751544824,15649,1111
5240.082006,2751552565,2751553679,15844,1114
5240.094036,2751561442,2751562547,15910,1105
5240.109057,2751572505,2751573605,15831,1100
5240.125101,2751585798,2751586903,15910,1105
5240.137121,2751594647,2751595751,15959,1104
5240.154143,2751605710,2751606815,15918,1105
5240.166174,2751614532,2751615634,16117,1102
5240.184207,2751627768,2751628878,16018,1110
5240.196226,2751636610,2751637719,15943,1109
5240.208246,2751645492,2751646601,15753,1109
5240.220276,2751654353,2751655461,15954,1108
5240.232296,2751663171,2751664275,15962,1104
5240.244314,2751672020,2751673129,15851,1109
5240.256345,2751680851,2751681954,16081,1103
5240.268363,2751689681,2751690785,15944,1104
5240.295415,2751709583,2751710689,15943,1106
5240.307435,2751718443,2751719548,15834,1105
5240.319466,2751727259,2751728361,16086,1102
5240.331485,2751736107,2751737214,15960,1107
5240.343499,2751744952,2751746030,15622,1078
5240.355534,2751753740,2751754842,16086,1102
5240.367551,2751762583,2751763688,15941,1105
5240.388585,2751778051,2751779125,15633,1074
5240.400619,2751786877,2751787986,15918,1109
5240.439689,2751815677,2751816784,15941,1107
5240.451705,2751824533,2751825611,15582,1078
5240.463739,2751833344,2751834452,15955,1108
5240.484775,2751848857,2751849956,15944,1099
5240.496790,2751857707,2751858786,15694,1079
5240.508826,2751866497,2751867605,16093,1108
5240.520843,2751875355,2751876464,15946,1109
5240.544894,2751893049,2751894149,15959,1100
5240.556912,2751901896,2751903001,15945,1105
5240.568927,2751910754,2751911828,15620,1074
5240.592979,2751928399,2751929508,15944,1109
5240.604997,2751937270,2751938353,15623,1083
5240.617031,2751946116,2751947229,16038,1113
5240.629046,2751954972,2751956077,15961,1105
5240.641065,2751963794,2751964872,15580,1078
5240.665116,2751981386,2751982489,15926,1103
5240.677138,2751990242,2751991347,15792,1105
5240.689169,2751999065,2752000169,16165,1104
5240.701185,2752007900,2752009009,16014,1109
5240.716222,2752018934,2752020038,16086,1104
5240.728235,2752027757,2752028861,15959,1104
5240.740253,2752036567,2752037650,15616,1083
5240.752288,2752045368,2752046474,16082,1106
5240.764306,2752054226,2752055333,15943,1107
5240.776326,2752063044,2752064149,15865,1105
5240.788357,2752071870,2752072976,16089,1106
5240.800375,2752080722,2752081831,15945,1109
5240.815409,2752091762,2752092873,16089,1111
5240.827424,2752100609,2752101723,15955,1114
5240.839442,2752109490,2752110568,15620,1078
5240.851478,2752118277,2752119384,16090,1107
5240.863493,2752127089,2752128197,15928,1108
5240.875515,2752135912,2752137017,15871,1105
5240.893545,2752149153,2752150231,15616,1078
5240.905580,2752157933,2752159040,16087,1107
5240.923612,2752171148,2752172253,15993,1105
5240.935630,2752179973,2752181082,15926,1109
5240.947648,2752188798,2752189875,15700,1077
5240.959683,2752197587,2752198691,16171,1104
5240.980717,2752213031,2752214135,16017,1104
5240.992734,2752221871,2752222951,15697,1080
5241.007768,2752232884,2752233993,15938,1109
5241.019797,2752241713,2752242793,15755,1080
5241.031822,2752250526,2752251630,16084,1104
5241.043837,2752259362,2752260471,15898,1109
5241.055854,2752268174,2752269249,15622,1075
5241.067889,2752276965,2752278073,16086,1108
5241.079906,2752285831,2752286935,15940,1104
5241.091923,2752294649,2752295727,15623,1078
5241.103957,2752303442,2752304539,16082,1097
5241.121990,2752316675,2752317778,15962,1103
5241.134008,2752325494,2752326603,15930,1109
5241.149043,2752336503,2752337605,16033,1102
5241.161059,2752345280,2752346383,15927,1103
5241.212163,2752382742,2752383849,16087,1107
5241.224334,2752392906,2752394012,15998,1106
5241.239216,2752403235,2752404345,16167,1110
5241.254231,2752414261,2752415344,15699,1083
5241.266266,2752423064,2752424175,16089,1111
5241.320366,2752462732,2752463831,16075,1099
5241.332385,2752471553,2752472663,16013,1110
5241.389488,2752513414,2752514493,15699,1079
5241.401523,2752522197,2752523301,16168,1104
5241.416552,2752533229,2752534306,15758,1077
5241.428575,2752542031,2752543133,16087,1102
5241.440591,2752550843,2752551952,15843,1109
5241.509730,2752601530,2752602631,16091,1101
5241.521744,2752610335,2752611446,15953,1111
5241.533763,2752619167,2752620245,15703,1078
5241.545798,2752627943,2752629052,16170,1109
5241.557816,2752636818,2752637926,15944,1108
5241.575850,2752650065,2752651174,15952,1109
5241.587866,2752658868,2752659945,15703,1077
5241.599900,2752667658,2752668761,16166,1103
5241.617931,2752680818,2752681922,15992,1104
5241.629956,2752689696,2752690800,15962,1104
5241.641968,2752698520,2752699598,15623,1078
5241.654004,2752707314,2752708422,16085,1108
5241.693071,2752735985,2752737095,16009,1110
5241.705088,2752744795,2752745870,15623,1075
5241.750174,2752777847,2752778925,15625,1078
5241.762209,2752786631,2752787735,16085,1104
5241.828328,2752835129,2752836234,15931,1105
5241.840350,2752843956,2752845065,15792,1109
5241.867401,2752863836,2752864940,15867,1104
5241.879433,2752872664,2752873771,16092,1107
5241.891448,2752881483,2752882582,15930,1099
5241.903465,2752890309,2752891387,15621,1078
5241.915497,2752899092,2752900203,15906,1111
5241.936534,2752914510,2752915619,15929,1109
5241.948552,2752923328,2752924407,15626,1079
5241.960586,2752932113,2752933217,16088,1104
5241.972604,2752940969,2752942074,15946,1105
5242.035722,2752987251,2752988360,15930,1109
5242.047740,2752996106,2752997180,15543,1074
5242.059775,2753004907,2753006011,16083,1104
5242.071793,2753013767,2753014873,15859,1106
5242.083808,2753022584,2753023657,15622,1073
5242.095844,2753031385,2753032489,16049,1104
5242.107860,2753040194,2753041305,15839,1111
5242.119877,2753049017,2753050095,15539,1078
5242.131912,2753057810,2753058916,15993,1106
5242.143929,2753066587,2753067690,15930,1103
5242.189014,2753099637,2753100743,15927,1106
5242.201036,2753108459,2753109564,15838,1105
5242.240119,2753137152,2753138253,16093,1101
5242.252134,2753145979,2753147084,16010,1105
5242.291203,2753174697,2753175777,15624,1080
5242.306237,2753185707,2753186816,16013,1109
5242.318255,2753194529,2753195603,15621,1074
5242.333288,2753205521,2753206630,16007,1109
5242.345306,2753214358,2753215432,15696,1074
5242.357342,2753223133,2753224234,16170,1101
5242.384392,2753242999,2753244105,15970,1106
5242.396411,2753251857,2753252957,16031,1100
5242.417443,2753267290,2753268368,15616,1078
5242.429477,2753276104,2753277215,15957,1111
5242.444500,2753287073,2753288147,15737,1074
5242.456530,2753295876,2753296988,16082,1112
5242.501616,2753328987,2753330091,16085,1104
5242.513630,2753337843,2753338948,15959,1105
5242.528667,2753348840,2753349944,16088,1104
5242.540683,2753357654,2753358757,15934,1103
5242.567736,2753377487,2753378592,15948,1105
5242.579751,2753386309,2753387392,15699,1083
5242.591788,2753395114,2753396221,16093,1107
5242.603803,2753403948,2753405055,15928,1107
5242.615820,2753412774,2753413852,15621,1078
5242.627855,2753421552,2753422656,16079,1104
5242.639871,2753430339,2753431443,15929,1104
5242.651889,2753439152,2753440230,15624,1078
5242.672942,2753454622,2753455730,16178,1108
5242.684957,2753463453,2753464557,15935,1104
5242.712008,2753483266,2753484374,16038,1108
5242.724026,2753492139,2753493216,15620,1077
5242.736062,2753500928,2753502027,16080,1099
5242.748081,2753510197,2753511306,15944,1109
5242.760099,2753519008,2753520117,15859,1109
5242.772128,2753527845,2753528957,16113,1112
5242.784146,2753536684,2753537793,15948,1109
5242.796163,2753545502,2753546580,15621,1078
5242.808196,2753554281,2753555385,15998,1104
5242.820214,2753563100,2753564207,15928,1107
5242.832234,2753571925,2753573008,15700,1083
5242.844267,2753580737,2753581850,16090,1113
5242.856283,2753589566,2753590670,15872,1104
5242.872327,2753602819,2753603919,16007,1100
5242.895352,2753618285,2753619363,15627,1078
5242.907384,2753627090,2753628194,16076,1104
5242.919403,2753635908,2753637022,16011,1114
5242.931421,2753644744,2753645822,15678,1078
5242.943457,2753653559,2753654663,16105,1104
5242.955472,2753662368,2753663483,15947,1115
5242.967489,2753671238,2753672313,15633,1075
5242.979524,2753680031,2753681139,16167,1108
5242.991540,2753688839,2753689949,16012,1110
5243.003570,2753697666,2753698742,15759,1076
5243.015592,2753706465,2753707569,16083,1104
5243.027611,2753715405,2753716505,15951,1100
5243.039626,2753724236,2753725312,15615,1076
5243.060677,2753739668,2753740773,16025,1105
5243.072695,2753748509,2753749608,15944,1099
5243.084712,2753757307,2753758381,15580,1074
5243.111764,2753777149,2753778226,15617,1077
5243.123799,2753785936,2753787039,16005,1103
5243.135814,2753794765,2753795874,15924,1109
5243.153849,2753807996,2753809097,15908,1101
5243.165866,2753816846,2753817924,15637,1078
5243.177902,2753825625,2753826734,16090,1109
5243.189917,2753834436,2753835539,15932,1103
5243.201947,2753843232,2753844310,15828,1078
5243.241022,2753871852,2753872954,16100,1102
5243.253038,2753880660,2753881768,15870,1108
5243.268074,2753891702,2753892803,16052,1101
5243.280089,2753900538,2753901643,16012,1105
5243.292107,2753909365,2753910439,15698,1074
5243.313159,2753924760,2753925858,16168,1098
5243.325174,2753933569,2753934683,16010,1114
5243.337192,2753942394,2753943476,15618,1082
5243.349229,2753951186,2753952289,16092,1103
5243.448417,2754023819,2754024918,16091,1099
5243.460434,2754032656,2754033761,15942,1105
5243.472449,2754041471,2754042545,15700,1074
5243.484485,2754050268,2754051370,16089,1102
5243.548601,2754098702,2754099804,15860,1102
5243.625741,2754153755,2754154833,15697,1078
5243.637777,2754162535,2754163647,16098,1112
5243.652797,2754173560,2754174665,15946,1105
5243.664826,2754182414,2754183528,15953,1114
5243.676843,2754191247,2754192352,15940,1105
5243.688865,2754200077,2754201182,15830,1105
5243.700894,2754208893,2754209995,16000,1102
5243.712912,2754217712,2754218821,15927,1109
5243.761003,2754252979,2754254086,15846,1107
5243.776032,2754264001,2754265106,15936,1105
5243.863206,2754327831,2754328934,16180,1103
5243.878221,2754338835,2754339913,15622,1078
5243.890258,2754347640,2754348753,16097,1113
5243.908290,2754360909,2754362018,15970,1109
5243.965392,2754402791,2754403902,16025,1111
5243.977410,2754411650,2754412728,15623,1078
5243.989446,2754420441,2754421549,16095,1108
5244.001460,2754429250,2754430347,16045,1097
5244.013478,2754438055,2754439133,15697,1078
5244.028512,2754449044,2754450148,15925,1104
5244.073598,2754482105,2754483216,15931,1111
5244.085618,2754490933,2754492012,15622,1079
5244.103650,2754504171,2754505248,15618,1077
5244.115685,2754512943,2754514050,16044,1107
5244.127701,2754521755,2754522860,15933,1105
5244.139719,2754530571,2754531645,15620,1074
5244.151752,2754539374,2754540483,15936,1109
5244.163769,2754548191,2754549302,15938,1111
5244.175786,2754557014,2754558088,15614,1074
5244.187823,2754565791,2754566901,16093,1110
5244.199837,2754574621,2754575730,15961,1109
5244.211855,2754583432,2754584505,15619,1073
5244.223891,2754592247,2754593347,15968,1100
5244.235906,2754601051,2754602159,15929,1108
5244.247928,2754609872,2754610977,15864,1105
5244.259962,2754619097,2754620201,16051,1104
5244.271975,2754627921,2754629030,15935,1109
5244.283993,2754636731,2754637805,15618,1074
5244.296027,2754645536,2754646635,15959,1099
5244.308044,2754654355,2754655459,15884,1104
5244.320061,2754663199,2754664271,15618,1072
5244.332097,2754671971,2754673079,16089,1108
5244.344112,2754680831,2754681944,15848,1113
5244.356130,2754689691,2754690769,15618,1078
5244.368165,2754698476,2754699588,16087,1112
5244.380180,2754707316,2754708419,15890,1103
5244.392211,2754716127,2754717200,15731,1073
5244.410233,2754729332,2754730406,15619,1074
5244.422268,2754738103,2754739207,16089,1104
5244.441298,2754753531,2754754635,15862,1104
5244.497407,2754793221,2754794330,15962,1109
5244.509426,2754802094,2754803197,15744,1103
5244.521457,2754810952,2754812057,15967,1105
5244.533474,2754819820,2754820923,15941,1103
5244.551509,2754833110,2754834218,15944,1108
5244.563529,2754841957,2754843066,15834,1109
5244.575559,2754850841,2754851950,15966,1109
5244.587577,2754859696,2754860805,15947,1109
5244.599598,2754868553,2754869657,15828,1104
5244.612628,2754879622,2754880722,15945,1100
5244.647698,2754903957,2754905034,15797,1077
5244.659715,2754912762,2754913867,15899,1105
5244.671735,2754921604,2754922709,15825,1105
5244.704799,2754945917,2754947026,15970,1109
5244.721331,2754958266,2754959370,15828,1104
5244.733359,2754967125,2754968228,15967,1103
5244.817515,2755029018,2755030121,15948,1103
5244.829531,2755037810,2755038911,15625,1101
5244.868612,2755066483,2755067597,15946,1114
5244.880633,2755075300,2755076409,15963,1109
5244.904681,2755092966,2755094070,15951,1104
5244.916701,2755101777,2755102879,15963,1102
5244.937747,2755117224,2755118333,15981,1109
5244.949771,2755126134,2755127241,15989,1107
5244.967805,2755139493,2755140607,15905,1114
5244.979827,2755148389,2755149499,15932,1110
5244.991843,2755157282,2755158396,15825,1114
5245.003872,2755166180,2755167291,15820,1111
5245.015896,2755175067,2755176170,15901,1103
5245.027909,2755183884,2755184990,15591,1106
5245.039941,2755192724,2755193824,15963,1100
5245.051959,2755201541,2755202652,15963,1111
5245.124096,2755254458,2755255567,16047,1109
5245.136122,2755263272,2755264378,15713,1106
5245.148144,2755272100,2755273209,15859,1109
5245.160166,2755280963,2755282063,15933,1100
5245.172184,2755289741,2755290844,15631,1103
5245.184212,2755298540,2755299644,15860,1104
5245.205251,2755314003,2755315112,15963,1109
5245.217269,2755322824,2755323917,15595,1093
5245.244321,2755342597,2755343700,15630,1103
5245.256349,2755351424,2755352523,15922,1099
5245.319470,2755397690,2755398804,16034,1114
5245.331492,2755406518,2755407621,16043,1103
5245.343509,2755415304,2755416402,15705,1098
5245.355539,2755424137,2755425242,15953,1105
5245.367559,2755432961,2755434068,15978,1107
5245.379578,2755441770,2755442873,15631,1103
5245.391612,2755450600,2755451679,15885,1079
5245.448713,2755492436,2755493549,15966,1113
5245.460732,2755501225,2755502328,15704,1103
5245.484781,2755518847,2755519955,15864,1108
5245.496800,2755527680,2755528786,15592,1106
5245.532877,2755554143,2755555249,15786,1106
5245.544899,2755562975,2755564080,16034,1105
5245.577955,2755587200,2755588300,15626,1100
5245.589988,2755596059,2755597164,15968,1105
5245.656107,2755644494,2755645603,16047,1109
5245.668126,2755653290,2755654393,15705,1103
5245.680160,2755662119,2755663228,15966,1109
5245.692177,2755670983,2755672088,15935,1105
5245.704195,2755679765,2755680872,15627,1107
5245.725241,2755695193,2755696303,15950,1110
5245.737262,2755704024,2755705131,15894,1107
5245.755296,2755717252,2755718355,15968,1103
5245.767317,2755726438,2755727537,15627,1099
5245.779346,2755735272,2755736375,15925,1103
5245.791366,2755744103,2755745207,15932,1104
5245.803386,2755752927,2755754032,15830,1105
5245.815413,2755761766,2755762869,16038,1103
5245.827433,2755770589,2755771698,16051,1109
5245.839452,2755779373,2755780474,15626,1101
5245.851481,2755788189,2755789304,16000,1115
5245.863502,2755797002,2755798111,15968,1109
5245.884543,2755812463,2755813581,15873,1118
5245.896567,2755821284,2755822396,15958,1112
5245.908588,2755830102,2755831201,16048,1099
5245.920606,2755838878,2755839979,15625,1101
5245.944656,2755856498,2755857603,15970,1105
5245.956675,2755865295,2755866401,15626,1106
5245.984738,2755887369,2755888474,15956,1105
5246.025812,2755916018,2755917126,15935,1108
5246.037832,2755924842,2755925946,15829,1104
5246.088932,2755962246,2755963346,15934,1100
5246.100949,2755971039,2755972142,15543,1103
5246.152051,2756008456,2756009561,15968,1105
5246.164069,2756017263,2756018371,15626,1108
5246.176099,2756026077,2756027176,15953,1099
5246.188121,2756034922,2756036021,15937,1099
5246.200138,2756043709,2756044814,15627,1105
5246.212170,2756052521,2756053595,15806,1074
5246.224188,2756061305,2756062410,15922,1105
5246.236207,2756070104,2756071206,15545,1102
5246.248236,2756078934,2756080037,15949,1103
5246.260256,2756087741,2756088850,15966,1109
5246.278290,2756100966,2756102080,15852,1114
5246.300338,2756118563,2756119677,15950,1114
5246.344413,2756149371,2756150474,15631,1103
5246.356442,2756158178,2756159283,15956,1105
5246.371464,2756169182,2756170283,15708,1101
5246.383497,2756177998,2756179107,15967,1109
5246.395514,2756186847,2756187952,15960,1105
5246.504730,2756268335,2756269447,15703,1112
5246.536785,2756290376,2756291480,15954,1104
5246.548805,2756299185,2756300286,15963,1101
5246.563837,2756310172,2756311280,15953,1108
5246.575857,2756318994,2756320103,15852,1109
5246.587878,2756327860,2756328964,15825,1104
5246.599905,2756336675,2756337781,15954,1106
5246.611925,2756345479,2756346589,15964,1110
5246.623954,2756354289,2756355387,15709,1098
5246.635973,2756363099,2756364208,15949,1109
5246.647994,2756371918,2756373018,15922,1100
5246.660013,2756380686,2756381792,15623,1106
5246.696084,2756407134,2756408248,15823,1114
5246.708111,2756415958,2756417068,15946,1110
5246.720131,2756424785,2756425890,15960,1105
5246.732152,2756433581,2756434680,15627,1099
5246.744179,2756442386,2756443500,15951,1114
5246.756199,2756451216,2756452321,15970,1105
5246.768219,2756460033,2756461140,15669,1107
5246.780252,2756468917,2756470017,16002,1100
5246.792268,2756477716,2756478816,16008,1100
5246.804287,2756486501,2756487598,15668,1097
5246.816316,2756495293,2756496397,15951,1104
5246.837350,2756510758,2756511869,15962,1111
5246.849373,2756519573,2756520679,15704,1106
5246.909491,2756563679,2756564784,15969,1105
5246.921517,2756572472,2756573578,15703,1106
5246.939544,2756585666,2756586769,15625,1103
5246.951573,2756594475,2756595579,15955,1104
5246.963594,2756603323,2756604437,15917,1114
5246.975618,2756612152,2756613257,15828,1105
5246.987642,2756620949,2756622048,15945,1099
5246.999663,2756629762,2756630871,15965,1109
5247.011681,2756638562,2756639667,15631,1105
5247.029716,2756651780,2756652886,15623,1106
5247.041745,2756660600,2756661708,15951,1108
5247.152955,2756742154,2756743259,15967,1105
5247.167985,2756753197,2756754305,15944,1108
5247.186020,2756766447,2756767552,16033,1105
5247.198040,2756775255,2756776365,15968,1110
5247.210059,2756784052,2756785163,15626,1111
5247.253157,2756817091,2756818194,15596,1103
5247.273181,2756830342,2756831456,15824,1114
5247.284334,2756839579,2756840686,16084,1107
5247.336299,2756877001,2756878104,15628,1103
5247.348328,2756885822,2756886915,15943,1093
5247.360348,2756894636,2756895736,15966,1100
5247.393416,2756918891,2756919970,15803,1079
5247.405435,2756927738,2756928840,15845,1102
5247.424482,2756943139,2756944244,15661,1105
5247.465552,2756971773,2756972881,16037,1108
5247.477573,2756980639,2756981748,15935,1109
5247.549707,2757033522,2757034631,15932,1109
5247.561727,2757042315,2757043418,15629,1103
5247.576761,2757053385,2757054490,15926,1105
5247.591791,2757064364,2757065469,15950,1105
5247.603813,2757073209,2757074313,15936,1104
5247.615838,2757082005,2757083116,15700,1111
5247.669936,2757121673,2757122786,15909,1113
5247.681962,2757130499,2757131612,16035,1113
5247.693983,2757139317,2757140422,15967,1105
5247.706002,2757148106,2757149218,15624,1112
5247.721037,2757159148,2757160252,15952,1104
5247.733054,2757167924,2757169031,15630,1107
5247.778139,2757201003,2757202101,15590,1098
5247.790168,2757209815,2757210920,15902,1105
5247.805190,2757220794,2757221900,15624,1106
5247.817223,2757229640,2757230745,15996,1105
5247.829240,2757238465,2757239569,15963,1104
5247.880340,2757275940,2757277049,15953,1109
5247.892360,2757284764,2757285873,15964,1109
5247.907396,2757295799,2757296902,15962,1103
5247.980530,2757350883,2757351988,15965,1105
5248.012593,2757372903,2757374004,15785,1101
5248.024614,2757381727,2757382831,15953,1104
5248.044332,2757391044,2757391657,12024,613
5248.074213,2757407412,2757408566,16374,1154
5248.086228,2757416735,2757417897,16248,1162
5248.098257,2757426135,2757427302,16274,1167
5248.113278,2757437855,2757439039,16238,1184
5248.125312,2757447316,2757448474,16316,1158
5248.149348,2757466125,2757467294,16250,1169
5248.161378,2757475534,2757476698,16309,1164
5248.173400,2757484848,2757486032,16392,1184
5248.200451,2757506142,2757507305,16386,1163
5248.212466,2757515591,2757516779,16211,1188
5248.224500,2757525224,2757526412,16323,1188
5248.236521,2757534704,2757535867,16396,1163
5248.248537,2757544119,2757545306,16207,1187
5248.263573,2757555872,2757557061,16416,1189
5248.299641,2757584191,2757585380,16401,1189
5248.311655,2757593655,2757594824,16221,1169
5248.323687,2757603101,2757604290,16251,1189
5248.341721,2757617324,2757618513,16314,1189
5248.353743,2757626766,2757627955,16385,1189
5248.419862,2757678824,2757679983,16233,1159
5248.431891,2757688691,2757689854,16292,1163
5248.443916,2757698086,2757699250,16400,1164
5248.455931,2757707526,2757708710,16162,1184
5248.476977,2757724123,2757725311,16304,1188
5248.489001,2757733565,2757734729,16399,1164
5248.528068,2757764433,2757765596,16237,1163
5248.540097,2757773884,2757775048,16306,1164
5248.553623,2757782611,2757783717,15904,1106
5248.565647,2757791480,2757792591,15993,1111
5248.577663,2757800337,2757801443,15909,1106
5248.589691,2757809214,2757810320,15913,1106
5248.607725,2757822514,2757823628,15901,1114
5248.619750,2757831386,2757832494,15990,1108
5248.631765,2757840246,2757841355,15829,1109
5248.643794,2757849107,2757850215,15906,1108
5248.655819,2757857976,2757859075,15987,1099
5248.667834,2757866818,2757867923,15829,1105
5248.679863,2757875678,2757876787,15991,1109
5248.691887,2757884541,2757885650,16045,1109
5248.703902,2757893403,2757894512,15829,1109
5248.715931,2757902257,2757903361,15988,1104
5248.727956,2757911122,2757912227,15985,1105
5248.739971,2757919984,2757921089,15834,1105
5248.752000,2757928842,2757929948,15905,1106
5248.764024,2757937699,2757938800,16070,1101
5248.776039,2757946552,2757947661,15827,1109
5248.788068,2757955402,2757956511,15906,1109
5248.800095,2757964676,2757965785,16005,1109
5248.812109,2757973545,2757974654,15834,1109
5248.824137,2757982414,2757983518,15912,1104
5248.836162,2757991261,2757992366,15988,1105
5248.848177,2758000135,2758001245,15829,1110
5248.860206,2758009002,2758010111,15905,1109
5248.872232,2758017874,2758018988,15988,1114
5248.884245,2758026735,2758027835,15830,1100
5248.896274,2758035590,2758036690,15906,1100
5248.908298,2758044445,2758045553,15999,1108
5248.920315,2758053309,2758054414,15834,1105
5248.932343,2758062173,2758063278,15908,1105
5248.944367,2758071050,2758072159,15993,1109
5248.968412,2758088760,2758089869,15908,1109
5248.980436,2758097616,2758098714,15987,1098
5249.004480,2758115322,2758116425,15905,1103
5249.016505,2758124167,2758125280,15906,1113
5249.028520,2758133040,2758134144,15830,1104
5249.040550,2758141912,2758143021,15909,1109
5249.052573,2758150773,2758151879,15986,1106
5249.073605,2758166270,2758167374,15829,1104
5249.085634,2758175138,2758176243,15906,1105
5249.097659,2758183975,2758185079,15987,1104
5249.109674,2758192840,2758193945,15827,1105
5249.121703,2758201701,2758202814,15906,1113
5249.133727,2758210577,2758211677,15942,1100
5249.148754,2758221651,2758222760,15907,1109
5249.160779,2758230513,2758231613,15994,1100
5249.176807,2758243802,2758244911,16067,1109
5249.193841,2758254889,2758256000,15992,1111
5249.205865,2758263739,2758264843,16002,1104
5249.217880,2758272594,2758273703,15827,1109
5249.229909,2758281457,2758282550,15911,1093
5249.241933,2758290293,2758291397,15990,1104
5249.253948,2758299154,2758300268,15817,1114
5249.265977,2758308029,2758309138,15886,1109
5249.278002,2758316895,2758318005,15991,1110
5249.320080,2758347890,2758348994,15909,1104
5249.332105,2758356735,2758357840,15987,1105
5249.344120,2758365591,2758366691,15834,1100
5249.356149,2758374432,2758375541,15905,1109
5249.368173,2758383274,2758384379,15985,1105
5249.380189,2758392134,2758393241,15829,1107
5249.392220,2758400997,2758402110,15913,1113
5249.404242,2758409856,2758410967,15918,1111
5249.416257,2758418718,2758419823,15835,1105
5249.428287,2758427568,2758428678,15905,1110
5249.449328,2758443075,2758444186,15949,1111
5249.461343,2758451965,2758453069,15826,1104
5249.476379,2758463026,2758464135,15981,1109
5249.488394,2758471871,2758472974,15739,1103
5249.512447,2758489573,2758490675,15989,1102
5249.524463,2758498432,2758499541,15826,1109
5249.596600,2758551606,2758552702,15822,1096
5249.608629,2758560462,2758561567,15907,1105
5249.629671,2758575965,2758577067,15988,1102
5249.641686,2758584835,2758585940,15836,1105
5249.653715,2758593681,2758594785,15913,1104
5249.665739,2758602553,2758603658,15980,1105
5249.696804,2758626927,2758628041,15907,1114
5249.708822,2758635817,2758636926,16063,1109
5249.731857,2758651324,2758652433,15828,1109
5249.743886,2758660186,2758661291,15908,1105
5249.761921,2758673448,2758674553,15907,1105
5249.773945,2758682310,2758683419,15942,1109
5249.785960,2758691160,2758692264,15790,1104
5249.797989,2758700018,2758701126,15911,1108
5249.810016,2758708859,2758709965,15987,1106
5249.834058,2758726559,2758727663,15906,1104
5249.846082,2758735408,2758736515,15986,1107
5249.858097,2758744282,2758745381,15830,1099
5249.870125,2758753150,2758754254,15905,1104
5249.882149,2758762008,2758763120,15970,1112
5249.894166,2758770881,2758771995,15841,1114
5249.909201,2758781954,2758783063,15972,1109
5249.921217,2758790826,2758791931,15847,1105
5249.936253,2758801885,2758802990,15977,1105
5250.000378,2758850603,2758851712,15839,1109
5250.017406,2758861675,2758862780,15973,1105
5250.029423,2758870518,2758871625,15847,1107
5250.041452,2758879419,2758880532,15908,1113
5250.056475,2758890547,2758891661,15864,1114
5250.068505,2758899455,2758900568,15907,1113
5250.080525,2758908352,2758909465,15956,1113
5250.092545,2758917255,2758918369,15863,1114
5250.104572,2758926139,2758927253,15908,1114
5250.125611,2758941724,2758942837,15962,1113
5250.137629,2758950628,2758951742,15857,1114
5250.149658,2758959533,2758960632,15904,1099
5250.192744,2758992731,2758993841,15901,1110
5250.227800,2759017112,2759018216,15854,1104
5250.239830,2759025961,2759027065,15909,1104
5250.251851,2759034817,2759035920,15959,1103
5250.263869,2759043668,2759044777,15773,1109
5250.275898,2759052540,2759053646,15905,1106
5250.287920,2759061395,2759062500,15958,1105
5250.299937,2759070243,2759071351,15856,1108
5250.311968,2759079653,2759080770,15909,1117
5250.323988,2759088526,2759089630,15958,1104
5250.336006,2759097374,2759098483,15856,1109
5250.348037,2759106225,2759107333,15865,1108
5250.360057,2759115077,2759116181,15961,1104
5250.372075,2759123933,2759125032,15857,1099
5250.384104,2759132789,2759133893,15991,1104
5250.396125,2759141657,2759142764,15970,1107
5250.408143,2759150516,2759151621,15867,1105
5250.420172,2759159366,2759160479,15911,1113
5250.441211,2759174870,2759175975,15964,1105
5250.453229,2759183718,2759184825,15860,1107
5250.474275,2759199198,2759200306,15908,1108
5250.489298,2759210285,2759211384,15856,1099
5250.501327,2759219141,2759220241,15913,1100
5250.552418,2759256808,2759257910,15861,1102
5250.564447,2759265660,2759266768,15914,1108
5250.600515,2759292260,2759293363,15907,1103
5250.612537,2759301123,2759302216,15963,1093
5250.633572,2759316624,2759317733,15856,1109
5250.645601,2759325471,2759326578,15907,1107
5250.657624,2759334334,2759335447,15871,1113
5250.681670,2759352044,2759353147,15734,1103
5250.693693,2759360915,2759362029,15989,1114
5250.717740,2759378624,2759379733,15911,1109
5250.729761,2759387484,2759388596,15972,1112
5250.744791,2759398561,2759399670,15905,1109
5250.756812,2759407447,2759408551,15929,1104
5250.771843,2759418527,2759419640,15907,1113
5250.792881,2759434033,2759435138,15990,1105
5250.804898,2759442893,2759444002,15847,1109
5250.816928,2759451742,2759452847,15907,1105
5250.831950,2759462813,2759463917,15843,1104
5250.843980,2759471670,2759472780,15909,1110
5250.856001,2759480516,2759481624,15973,1108
5250.877035,2759496035,2759497144,15840,1109
5250.889065,2759504902,2759506007,15910,1105
5250.901087,2759513781,2759514890,15973,1109
5250.913104,2759522636,2759523741,15845,1105
5250.946173,2759546988,2759548101,15972,1113
5250.958189,2759555859,2759556968,15845,1109
5251.063396,2759633362,2759634471,15971,1109
5251.084429,2759648878,2759649981,15834,1103
5251.096460,2759657734,2759658839,15823,1105
5251.108481,2759666603,2759667717,15884,1114
5251.147550,2759695371,2759696476,15837,1105
5251.171601,2759713059,2759714164,15969,1105
5251.183618,2759721940,2759723044,15800,1104
5251.195649,2759730810,2759731916,15827,1106
5251.207670,2759739679,2759740787,15977,1108
5251.219687,2759748537,2759749646,15757,1109
5251.231717,2759757400,2759758504,15909,1104
5251.243739,2759766256,2759767365,15977,1109
5251.255755,2759775109,2759776220,15839,1111
5251.273790,2759788394,2759789499,15845,1105
5251.285820,2759797245,2759798350,15907,1105
5251.303854,2759810530,2759811644,15885,1114
5251.315875,2759819422,2759820531,15882,1109
5251.327893,2759828297,2759829405,15846,1108
5251.339923,2759837169,2759838274,15909,1105
5251.351944,2759846007,2759847112,15973,1105
5251.363961,2759854887,2759856001,15754,1114
5251.375992,2759863749,2759864849,15907,1100
5251.394026,2759877019,2759878119,15910,1100
5251.406047,2759885860,2759886974,15973,1114
5251.496219,2759952290,2759953400,15972,1110
5251.508235,2759961136,2759962241,15799,1105
5251.520265,2759970007,2759971111,15867,1104
5251.532286,2759978862,2759979966,15957,1104
5251.544304,2759987711,2759988809,15860,1098
5251.556333,2759996565,2759997675,15903,1110
5251.568355,2760005424,2760006533,15871,1109
5251.583385,2760016498,2760017603,15903,1105
5251.607425,2760034220,2760035324,15860,1104
5251.619453,2760043100,2760044209,15911,1109
5251.631475,2760051949,2760053063,15964,1114
5251.643493,2760060825,2760061930,15942,1105
5251.655521,2760069682,2760070787,15991,1105
5251.667543,2760078535,2760079640,16042,1105
5251.679561,2760087395,2760088505,15861,1110
5251.691590,2760096248,2760097357,15919,1109
5251.703612,2760105096,2760106205,15969,1109
5251.715631,2760113963,2760115068,15854,1105
5251.727659,2760122832,2760123934,15907,1102
5251.739680,2760131692,2760132801,15960,1109
5251.751698,2760140557,2760141656,15855,1099
5251.763727,2760149413,2760150521,15907,1108
5251.781762,2760162688,2760163796,15901,1108
5251.793783,2760171549,2760172658,15959,1109
5251.817831,2760189268,2760190371,15908,1103
5251.829852,2760198542,2760199660,15959,1118
5251.901989,2760251682,2760252796,15959,1114
5251.914007,2760260546,2760261654,15853,1108
5251.926038,2760269424,2760270532,15909,1108
5251.938059,2760278288,2760279397,15974,1109
5251.950076,2760287152,2760288257,15821,1105
5251.962106,2760296023,2760297127,15908,1104
5251.986145,2760313737,2760314846,15845,1109
5251.998175,2760322605,2760323708,15909,1103
5252.028230,2760344727,2760345836,15970,1109
5252.040247,2760353595,2760354704,15841,1109
5252.052278,2760362465,2760363570,15907,1105
5252.064299,2760371327,2760372432,15928,1105
5252.076316,2760380171,2760381276,15843,1105
5252.100367,2760397876,2760398985,15973,1109
5252.112385,2760406735,2760407840,15846,1105
5252.124417,2760415605,2760416710,15908,1105
5252.136437,2760424461,2760425574,15977,1113
5252.148454,2760433313,2760434422,15849,1109
5252.193539,2760466534,2760467637,15843,1103
5252.205569,2760475409,2760476513,15866,1104
5252.217591,2760484274,2760485379,15974,1105
5252.229606,2760493127,2760494231,15787,1104
5252.241629,2760501963,2760503063,15633,1100
5252.253657,2760510783,2760511892,15951,1109
5252.295730,2760541613,2760542720,15704,1107
5252.307762,2760550427,2760551500,15843,1073
5252.319781,2760559227,2760560332,16013,1105
5252.331802,2760568055,2760569160,15828,1105
5252.343830,2760576873,2760577977,15951,1104
5252.355848,2760585709,2760586818,15964,1109
5252.367867,2760594491,2760595596,15705,1105
5252.379899,2760603325,2760604430,15966,1105
5252.391917,2760612151,2760613260,15971,1109
5252.403936,2760620939,2760622041,15634,1102
5252.415965,2760629739,2760630848,15954,1109
5252.427986,2760638576,2760639682,15932,1106
5252.449022,2760654001,2760655104,15624,1103
5252.461051,2760662830,2760663941,15949,1111
5252.488102,2760682653,2760683758,15949,1105
5252.500123,2760691460,2760692569,15967,1109
5252.512145,2760700267,2760701372,15825,1105
5252.524171,2760709091,2760710200,15951,1109
5252.536193,2760717947,2760719052,15935,1105
5252.548213,2760726743,2760727852,15825,1109
5252.560239,2760735575,2760736677,15957,1102
5252.572260,2760744370,2760745475,15966,1105
5252.584279,2760753146,2760754257,15625,1111
5252.617346,2760777372,2760778472,15962,1100
5252.629367,2760786198,2760787308,15826,1110
5252.647402,2760799441,2760800548,15780,1107
5252.659430,2760808266,2760809380,15944,1114
5252.671449,2760817093,2760818197,15963,1104
5252.683468,2760825889,2760826986,15630,1097
5252.695499,2760834684,2760835762,15721,1078
5252.707519,2760843519,2760844622,15934,1103
5252.731570,2760861110,2760862219,15947,1109
5252.743587,2760869930,2760871023,15972,1093
5252.755607,2760878769,2760879874,15831,1105
5252.767634,2760887585,2760888689,15953,1104
5252.779657,2760896392,2760897501,15950,1109
5252.791674,2760905191,2760906294,15625,1103
5252.803703,2760914004,2760915109,15953,1105
5252.815722,2760922867,2760923979,15878,1112
5252.827745,2760931686,2760932798,15824,1112
5252.839772,2760940498,2760941607,15955,1109
5252.851792,2760949329,2760950433,15960,1104
5252.863814,2760958166,2760959271,15822,1105
5252.875843,2760966988,2760968087,15915,1099
5252.887862,2760975842,2760976942,15933,1100
5252.899882,2760984650,2760985758,15824,1108
5252.935951,2761011132,2761012236,15824,1104
5252.947977,2761019978,2761021085,15943,1107
5252.959997,2761028786,2761029885,15967,1099
5252.972024,2761037577,2761038685,15713,1108
5252.984049,2761046437,2761047550,15875,1113
5252.996066,2761055270,2761056374,16048,1104
5253.008088,2761064087,2761065192,15906,1105
5253.020114,2761072902,2761074013,16034,1111
5253.032136,2761081782,2761082891,16016,1109
5253.044156,2761090586,2761091698,15827,1112
5253.062188,2761103841,2761104946,15665,1105
5253.074220,2761112649,2761113752,16077,1103
5253.140341,2761161085,2761162194,15963,1109
5253.152359,2761169892,2761170999,15625,1107
5253.180425,2761191900,2761193000,15946,1100
5253.257564,2761246927,2761248030,15963,1103
5253.269590,2761255727,2761256830,15666,1103
5253.284615,2761266736,2761267850,15960,1114
5253.296634,2761275526,2761276622,15627,1096
5253.320684,2761293162,2761294261,15937,1099
5253.337214,2761305509,2761306614,15889,1105
5253.347734,2761313486,2761314590,16014,1104
5253.359754,2761322316,2761323415,15591,1099
5253.371786,2761331133,2761332242,16000,1109
5253.383805,2761339991,2761341101,15848,1110
5253.396834,2761351018,2761352131,15957,1113
5253.501027,2761425885,2761426989,16047,1104
5253.513045,2761434694,2761435804,15663,1110
5253.525078,2761443558,2761444660,16050,1102
5253.552126,2761463378,2761464483,15953,1105
5253.564148,2761472242,2761473352,15935,1110
5253.576165,2761481028,2761482123,15630,1095
5253.597212,2761496431,2761497540,15951,1109
5253.609232,2761505257,2761506351,16046,1094
5253.639286,2761527334,2761528440,15591,1106
5253.651315,2761536146,2761537256,15951,1110
5253.663335,2761544957,2761546070,15965,1113
5253.675354,2761553761,2761554864,15625,1103
5253.696400,2761569171,2761570280,15945,1109
5253.708422,2761578021,2761579130,15858,1109
5253.756508,2761613275,2761614377,15704,1102
5253.768542,2761622114,2761623223,15909,1109
5253.780558,2761630921,2761632031,15877,1110
5253.792577,2761639704,2761640795,15629,1091
5253.819631,2761659595,2761660699,15825,1104
5253.831657,2761668392,2761669501,15945,1109
5253.843678,2761677220,2761678327,15959,1107
5253.864722,2761692622,2761693725,15711,1103
5253.876743,2761701422,2761702529,16031,1107
5253.888764,2761710248,2761711356,16044,1108
5253.903795,2761721263,2761722370,15949,1107
5253.927834,2761738881,2761739993,15664,1112
5253.939867,2761747751,2761748861,15965,1110
5253.951883,2761756553,2761757658,15967,1105
5253.963910,2761765325,2761766426,15709,1101
5253.975936,2761774179,2761775277,15964,1098
5253.987953,2761783007,2761784114,15964,1107
5253.999971,2761791802,2761792908,15628,1106
5254.012003,2761800663,2761801741,15778,1078
5254.024022,2761809488,2761810602,15941,1114
5254.036040,2761818325,2761819428,15597,1103
5254.054074,2761831526,2761832623,15625,1097
5254.066106,2761840365,2761841470,15962,1105
5254.121211,2761882242,2761883345,15928,1103
5254.144246,2761897621,2761898733,15629,1112
5254.156275,2761906440,2761907549,15953,1109
5254.168298,2761915256,2761916361,15954,1105
5254.180314,2761924089,2761925187,15625,1098
5254.244446,2761972515,2761973624,15949,1109
5254.261476,2761983528,2761984625,15786,1097
5254.339621,2762040776,2762041880,15966,1104
5254.351642,2762049573,2762050679,15624,1106
5254.363672,2762058396,2762059505,15996,1109
5254.375690,2762067217,2762068319,15965,1102
5254.387708,2762076035,2762077131,15627,1096
5254.399742,2762084873,2762085978,15963,1105
5254.411759,2762093680,2762094785,15938,1105
5254.423777,2762102523,2762103624,15677,1101
5254.435811,2762111380,2762112485,16048,1105
5254.447827,2762120209,2762121313,16043,1104
5254.459853,2762128995,2762130095,15706,1100
5254.471875,2762137819,2762138923,16034,1104
5254.483896,2762146631,2762147735,15964,1104
5254.495914,2762155423,2762156520,15703,1097
5254.507944,2762164217,2762165331,15957,1114
5254.519965,2762173074,2762174183,15939,1109
5254.531983,2762181868,2762182974,15632,1106
5254.544012,2762190696,2762191807,16032,1111
5254.556033,2762199511,2762200616,16045,1105
5254.568052,2762208297,2762209402,15707,1105
5254.580081,2762217134,2762218240,16026,1106
5254.592103,2762226035,2762227128,15934,1093
5254.604123,2762234848,2762235957,15822,1109
5254.616154,2762243711,2762244815,15945,1104
5254.628170,2762252518,2762253627,15967,1109
5254.640189,2762261322,2762262420,15634,1098
5254.652218,2762270134,2762271243,15951,1109
5254.664241,2762278962,2762280065,15953,1103
5254.676257,2762287740,2762288844,15702,1104
5254.688289,2762296541,2762297655,16035,1114
5254.700307,2762305351,2762306460,15964,1109
5254.712329,2762314185,2762315284,15831,1099
5254.784463,2762367003,2762368104,15627,1101
5254.796492,2762375979,2762377083,15988,1104
5254.844582,2762411373,2762412477,16044,1104
5254.856334,2762420588,2762421697,15980,1109
5254.889668,2762444841,2762445940,16050,1099
5254.901688,2762453665,2762454766,15597,1101
5254.919720,2762466912,2762468018,15594,1106
5254.931754,2762475755,2762476864,15971,1109
5254.943770,2762484577,2762485687,15973,1110
5254.955797,2762493387,2762494495,15638,1108
5254.967823,2762502276,2762503381,15992,1105
5254.985855,2762515609,2762516722,15970,1113
5254.997873,2762524514,2762525624,15851,1110
5255.009899,2762533418,2762534532,15906,1114
5255.021924,2762542305,2762543416,15972,1111
5255.033940,2762551195,2762552309,15854,1114
5255.048975,2762562314,2762563419,15969,1105
5255.060992,2762571204,2762572317,15839,1113
5255.073020,2762580110,2762581214,15841,1104
5255.089551,2762592540,2762593653,15959,1113
5255.104581,2762603670,2762604780,15900,1110
5255.116604,2762612575,2762613686,15974,1111
5255.128621,2762621479,2762622592,15776,1113
5255.140648,2762630377,2762631490,15889,1113
5255.152672,2762639281,2762640395,15975,1114
5255.164689,2762648179,2762649293,15854,1114
5255.197757,2762672637,2762673747,15962,1110
5255.209776,2762681538,2762682652,15929,1114
5255.312981,2762758794,2762759902,15960,1108
5255.336016,2762774224,2762775329,15963,1105
5255.348035,2762783024,2762784125,15709,1101
5255.360070,2762791876,2762792960,15813,1084
5255.372085,2762800643,2762801748,15968,1105
5255.384104,2762809447,2762810550,15636,1103
5255.396133,2762818273,2762819377,15957,1104
5255.408156,2762827084,2762828186,16037,1102
5255.426188,2762840332,2762841440,15967,1108
5255.438209,2762849187,2762850292,15830,1105
5255.528381,2762915353,2762916462,15826,1109
5255.540411,2762924207,2762925316,16042,1109
5255.552428,2762933029,2762934133,15855,1104
5255.612544,2762977048,2762978157,16030,1109
5255.624565,2762985883,2762986981,15963,1098
5255.657634,2763010099,2763011208,16049,1109
5255.669651,2763018911,2763020011,16053,1100
5255.729767,2763062984,2763064093,15948,1109
5255.741788,2763071798,2763072902,16042,1104
5255.753809,2763080627,2763081741,15830,1114
5255.768842,2763091670,2763092770,16039,1100
5255.780858,2763100449,2763101546,15702,1097
5255.795889,2763111441,2763112543,15942,1102
5255.807910,2763120229,2763121324,15664,1095
5255.819939,2763129038,2763130142,16026,1104
5255.840976,2763144504,2763145611,15964,1107
5255.853000,2763153341,2763154446,15824,1105
5255.864339,2763162453,2763163566,15894,1113
5255.877045,2763171305,2763172413,16049,1108
5255.898089,2763186722,2763187824,15713,1102
5255.910111,2763195532,2763196641,16035,1109
5255.922131,2763204354,2763205459,16044,1105
5255.955202,2763228579,2763229692,15972,1113
5255.970218,2763239593,2763240690,15703,1097
5256.024321,2763279203,2763280302,15629,1099
5256.036355,2763288042,2763289152,15965,1110
5256.057389,2763303496,2763304598,15934,1102
5256.069407,2763312293,2763313395,15631,1102
5256.084440,2763323326,2763324431,15975,1105
5256.147560,2763369594,2763370698,15849,1104
5256.159578,2763378410,2763379525,15673,1115
5256.171608,2763387235,2763388344,15957,1109
5256.183629,2763396090,2763397199,15934,1109
5256.195655,2763404888,2763405991,15712,1103
5256.207676,2763413697,2763414802,16034,1105
5256.219697,2763422521,2763423627,16049,1106
5256.231716,2763431300,2763432407,15706,1107
5256.243745,2763440130,2763441237,15955,1107
5256.255767,2763448998,2763450103,15938,1105
5256.273800,2763462225,2763463318,16050,1093
5256.285818,2763471049,2763472150,15594,1101
5256.360968,2763526149,2763527254,15953,1105
5256.372334,2763535355,2763536464,15886,1109
5256.394032,2763550814,2763551916,15712,1102
5256.406054,2763559632,2763560736,16037,1104
5256.418074,2763568472,2763569577,16049,1105
5256.436108,2763581678,2763582783,16047,1105
5256.448130,2763590549,2763591658,15906,1109
5256.460159,2763599374,2763600457,15807,1083
5256.472178,2763608196,2763609296,15941,1100
5256.484198,2763617022,2763618132,15828,1110
5256.496228,2763625873,2763626983,15963,1110
5256.508246,2763634692,2763635800,15967,1108
5256.520264,2763643481,2763644582,15632,1101
5256.541311,2763658889,2763659995,15945,1106
5256.553332,2763667743,2763668850,15894,1107
5256.583384,2763689734,2763690842,15624,1108
5256.595416,2763698556,2763699663,15996,1107
5256.607435,2763707379,2763708490,15974,1111
5256.619453,2763716203,2763717306,15602,1103
5256.640504,2763731663,2763732764,15973,1101
5256.652521,2763740528,2763741635,15936,1107
5256.664539,2763749313,2763750419,15630,1106
5256.679572,2763760344,2763761447,15970,1103
5256.691598,2763769152,2763770254,15638,1102
5256.709625,2763782389,2763783494,15629,1105
5256.721654,2763791207,2763792311,15959,1104
5256.796797,2763846318,2763847422,15951,1104
5256.811825,2763857332,2763858446,16028,1114
5256.847898,2763883774,2763884888,15920,1114
5256.859914,2763892596,2763893696,15962,1100
5256.871933,2763901376,2763902482,15627,1106
5256.883963,2763910199,2763911313,15951,1114
5256.895985,2763919021,2763920130,15950,1109
5256.908004,2763927813,2763928917,15627,1104
5256.920031,2763936629,2763937733,15951,1104
5256.932051,2763945441,2763946546,15970,1105
5256.944073,2763954271,2763955376,15831,1105
5256.956100,2763963071,2763964171,16037,1100
5256.968120,2763971877,2763972987,16052,1110
5256.980139,2763980681,2763981783,15704,1102
5256.992171,2763989498,2763990608,15998,1110
5257.013206,2764004908,2764006006,16046,1098
5257.025225,2764013687,2764014794,15672,1107
5257.052276,2764033510,2764034618,15594,1108
5257.064305,2764042343,2764043452,15971,1109
5257.076326,2764051146,2764052260,15878,1114
5257.115396,2764079795,2764080896,15628,1101
5257.127426,2764088625,2764089734,15868,1109
5257.139446,2764097435,2764098539,15855,1104
5257.151465,2764106272,2764107383,15598,1111
5257.163496,2764115147,2764116220,15783,1073
5257.184532,2764130525,2764131630,15966,1105
5257.196550,2764139310,2764140416,15626,1106
5257.220600,2764156963,2764158072,16046,1109
5257.232619,2764165773,2764166881,15705,1108
5257.259677,2764179500,2764180119,11973,619
5257.273204,2764184807,2764185525,13240,718
5257.285225,2764193536,2764194689,16359,1153
5257.297247,2764202780,2764203939,16340,1159
5257.309263,2764212123,2764213284,16032,1161
5257.324296,2764223815,2764225003,16353,1188
5257.336324,2764233121,2764234277,16120,1156
5257.351348,2764244842,2764246004,16357,1162
5257.387417,2764272860,2764274018,16252,1158
5257.399439,2764282221,2764283385,16240,1164
5257.411465,2764291570,2764292759,16355,1189
5257.423486,2764300993,2764302179,16459,1186
5257.435513,2764310389,2764311550,16205,1161
5257.447534,2764319753,2764320917,16442,1164
5257.459553,2764329104,2764330293,16452,1189
5257.471574,2764338534,2764339695,16000,1161
5257.483602,2764347902,2764349066,16359,1164
5257.495624,2764357344,2764358508,16343,1164
5257.507643,2764366684,2764367870,16033,1186
5257.519671,2764376095,2764377284,16359,1189
5257.531692,2764385479,2764386648,16381,1169
5257.543711,2764394795,2764395985,15956,1190
5257.555742,2764404197,2764405355,16209,1158
5257.567760,2764413579,2764414743,16348,1164
5257.579779,2764422892,2764424054,16037,1162
5257.591812,2764432346,2764433544,16353,1198
5257.603830,2764441813,2764442977,16343,1164
5257.615848,2764451192,2764452388,16039,1196
5257.627878,2764460662,2764461848,16371,1186
5257.639899,2764470125,2764471320,16346,1195
5257.651916,2764479608,2764480793,16038,1185
5257.663945,2764489032,2764490215,16355,1183
5257.677474,2764499807,2764500996,16366,1189
5257.689495,2764509208,2764510399,16444,1191
5257.701511,2764518537,2764519729,16116,1192
5257.713544,2764527971,2764529160,16451,1189
5257.752612,2764558654,2764559848,16456,1194
5257.766137,2764567241,2764568349,15965,1108
5257.778159,2764576068,2764577179,15601,1111
5257.790190,2764584934,2764586047,15960,1113
5257.802206,2764593767,2764594871,15965,1104
5257.814225,2764602574,2764603682,15631,1108
5257.826259,2764611427,2764612532,15960,1105
5257.838278,2764620256,2764621362,15950,1106
5257.859311,2764635676,2764636779,15634,1103
5257.871340,2764644514,2764645618,15945,1104
5257.883361,2764653794,2764654898,15848,1104
5257.896886,2764664117,2764665226,15960,1109
5257.908905,2764672916,2764674018,15632,1102
5257.923938,2764683935,2764685043,15968,1108
5257.935959,2764692778,2764693878,15802,1100
5257.947988,2764701600,2764702675,15881,1075
5257.960006,2764710365,2764711470,15962,1105
5257.972025,2764719142,2764720239,15630,1097
5257.984059,2764727969,2764729073,15991,1104
5257.996075,2764736786,2764737894,15960,1108
5258.008094,2764745572,2764746678,15630,1106
5258.020123,2764754388,2764755501,15950,1113
5258.032143,2764763273,2764764376,15845,1103
5258.044165,2764772133,2764773238,15830,1105
5258.056193,2764780948,2764782019,15803,1071
5258.068212,2764789743,2764790848,15876,1105
5258.080243,2764798591,2764799700,15989,1109
5258.092260,2764807431,2764808535,15940,1104
5258.116299,2764825027,2764826138,15705,1111
5258.128328,2764833855,2764834959,16027,1104
5258.140350,2764842699,2764843803,15932,1104
5258.152371,2764851525,2764852634,15831,1109
5258.164397,2764860344,2764861447,15897,1103
5258.179427,2764871361,2764872467,15716,1106
5258.191450,2764880187,2764881292,15941,1105
5258.203470,2764889017,2764890122,15965,1105
5258.215488,2764897808,2764898916,15707,1108
5258.227517,2764906636,2764907741,15944,1105
5258.239539,2764915486,2764916598,16011,1112
5258.251557,2764924290,2764925396,15637,1106
5258.275606,2764941959,2764943064,15962,1105
5258.287625,2764950779,2764951885,15709,1106
5258.299654,2764959599,2764960704,15953,1105
5258.311675,2764968416,2764969521,16048,1105
5258.323694,2764977197,2764978304,15549,1107
5258.335727,2764986045,2764987153,15960,1108
5258.347743,2764994874,2764995983,15966,1109
5258.359763,2765003663,2765004764,15632,1101
5258.371794,2765012483,2765013557,15805,1074
5258.383815,2765021283,2765022397,15948,1114
5258.395833,2765030088,2765031194,15628,1106
5258.407860,2765038897,2765040011,15943,1114
5258.419881,2765047724,2765048828,15974,1104
5258.431902,2765056583,2765057692,15926,1109
5258.443929,2765065408,2765066511,16023,1103
5258.455950,2765074235,2765075342,15965,1107
5258.467968,2765083028,2765084134,15629,1106
5258.480000,2765091852,2765092959,15996,1107
5258.492018,2765100834,2765101939,15964,1105
5258.504037,2765109672,2765110770,15597,1098
5258.516066,2765118480,2765119584,15953,1104
5258.528086,2765127280,2765128390,15934,1110
5258.540109,2765136120,2765137224,15908,1104
5258.552134,2765144945,2765146049,16031,1104
5258.564155,2765153788,2765154887,16046,1099
5258.576184,2765162595,2765163699,15946,1104
5258.588203,2765171409,2765172516,15952,1107
5258.600224,2765180240,2765181349,15977,1109
5258.612243,2765189039,2765190136,15631,1097
5258.624272,2765197844,2765198949,15946,1105
5258.636293,2765206701,2765207801,15938,1100
5258.648311,2765215495,2765216605,15714,1110
5258.660340,2765224324,2765225429,16023,1105
5258.687392,2765244150,2765245259,16028,1109
5258.699414,2765253037,2765254137,15935,1100
5258.711432,2765261833,2765262934,15632,1101
5258.723462,2765270643,2765271717,15927,1074
5258.735483,2765279461,2765280566,15945,1105
5258.747500,2765288260,2765289365,15633,1105
5258.765534,2765301468,2765302564,15632,1096
5258.777566,2765310284,2765311392,15991,1108
5258.804615,2765330147,2765331250,15956,1103
5258.816636,2765338982,2765340092,15964,1110
5258.828657,2765347806,2765348916,15834,1110
5258.840686,2765356644,2765357749,16084,1105
5258.876755,2765383066,2765384175,15990,1109
5258.888772,2765391899,2765393002,15965,1103
5258.904804,2765405139,2765406248,15961,1109
5258.921842,2765416193,2765417296,16001,1103
5258.933859,2765425054,2765426154,15938,1100
5258.945877,2765433851,2765434952,15633,1101
5258.981946,2765460283,2765461389,15629,1106
5258.993974,2765469101,2765470206,15939,1105
5259.012009,2765482318,2765483430,16022,1112
5259.024029,2765491149,2765492257,15810,1108
5259.036049,2765499956,2765501053,15597,1097
5259.048077,2765508759,2765509864,15944,1105
5259.060098,2765517579,2765518684,15876,1105
5259.072125,2765526370,2765527470,15713,1100
5259.084146,2765535180,2765536284,15944,1104
5259.096167,2765543997,2765545107,15964,1110
5259.117206,2765559574,2765560679,15829,1105
5259.129236,2765568435,2765569535,15858,1100
5259.145266,2765581642,2765582747,15901,1105
5259.220405,2765636732,2765637840,15852,1108
5259.261477,2765665372,2765666478,15625,1106
5259.273509,2765674187,2765675294,15987,1107
5259.300560,2765694039,2765695117,15799,1078
5259.312580,2765702879,2765703987,15943,1108
5259.324601,2765711730,2765712840,15838,1110
5259.336626,2765720561,2765721665,15953,1104
5259.348648,2765729386,2765730496,15969,1110
5259.369691,2765744828,2765745934,15710,1106
5259.381712,2765753639,2765754747,15944,1108
5259.396735,2765764657,2765765757,15631,1100
5259.408765,2765773983,2765775083,15968,1100
5259.420784,2765782809,2765783911,15848,1102
5259.435815,2765793843,2765794948,15940,1105
5259.447835,2765802676,2765803780,15962,1104
5259.459854,2765811460,2765812563,15706,1103
5259.471887,2765820280,2765821384,15997,1104
5259.489918,2765833479,2765834586,16029,1107
5259.501939,2765842300,2765843414,15965,1114
5259.525990,2765860025,2765861127,15952,1102
5259.538007,2765868841,2765869934,15967,1093
5259.562055,2765886464,2765887573,15947,1109
5259.574079,2765895293,2765896398,15949,1105
5259.604129,2765917286,2765918391,15629,1105
5259.616158,2765926108,2765927221,15944,1113
5259.628180,2765934966,2765936075,15935,1109
5259.640197,2765943747,2765944853,15630,1106
5259.652227,2765952588,2765953694,15946,1106
5259.664247,2765961418,2765962523,15964,1105
5259.682281,2765974636,2765975750,16037,1114
5259.712334,2765996683,2765997784,15707,1101
5259.724368,2766005549,2766006654,15957,1105
5259.748407,2766023199,2766024309,15831,1110
5259.760432,2766032022,2766033136,15904,1114
5259.829558,2766082712,2766083813,15600,1101
5259.841587,2766091530,2766092635,15943,1105
5259.853610,2766100371,2766101473,15877,1102
5259.901695,2766135674,2766136780,15629,1106
5259.913724,2766144481,2766145586,15945,1105
5259.925750,2766153335,2766154439,15950,1104
5259.937764,2766162129,2766163234,15590,1105
5259.949793,2766170942,2766172051,15952,1109
5260.009901,2766215000,2766216108,15627,1108
5260.021935,2766223871,2766224949,15807,1078
5260.052995,2766248059,2766249159,15630,1100
5260.070021,2766259102,2766260211,15947,1109
5260.082038,2766267889,2766268995,15709,1106
5260.094071,2766276778,2766277888,15907,1110
5260.121121,2766296792,2766297900,15901,1108
5260.133146,2766305704,2766306818,15989,1114
5260.148172,2766316824,2766317934,15816,1110
5260.163202,2766327933,2766329042,15910,1109
5260.178225,2766338971,2766340075,15963,1104
5260.190244,2766347743,2766348846,15591,1103
5260.202273,2766356555,2766357669,15942,1114
5260.214293,2766365408,2766366517,15839,1109
5260.232328,2766378663,2766379772,15964,1109
5260.244346,2766387440,2766388541,15631,1101
5260.259379,2766398461,2766399566,15963,1105
5260.272413,2766409457,2766410571,15938,1114
5260.328512,2766449172,2766450281,15948,1109
5260.340532,2766458080,2766459189,15816,1109
5260.376601,2766484758,2766485872,15826,1114
5260.388630,2766493654,2766494768,15911,1114
5260.400654,2766502540,2766503649,15946,1109
5260.445735,2766535625,2766536730,15947,1105
5260.457756,2766544446,2766545551,15965,1105
5260.472787,2766555443,2766556557,15948,1114
5260.487810,2766566450,2766567555,15627,1105
5260.499838,2766575269,2766576381,15945,1112
5260.511859,2766584098,2766585212,15854,1114
5260.523878,2766592931,2766594028,15597,1097
5260.535907,2766601726,2766602835,15944,1109
5260.547929,2766610587,2766611696,15933,1109
5260.559954,2766619389,2766620500,15716,1111
5260.571975,2766628224,2766629333,16027,1109
5260.593014,2766643675,2766644780,15968,1105
5260.605035,2766652477,2766653582,15834,1105
5260.617065,2766661328,2766662438,15942,1110
5260.629082,2766670163,2766671262,15967,1099
5260.650118,2766685536,2766686637,15635,1101
5260.662150,2766694342,2766695451,15997,1109
5260.680182,2766707568,2766708677,15949,1109
5260.692202,2766716398,2766717502,15965,1104
5260.704223,2766725195,2766726300,15703,1105
5260.734285,2766747255,2766748359,16031,1104
5260.767341,2766771523,2766772625,15592,1102
5260.779370,2766780334,2766781443,15952,1109
5260.791391,2766789165,2766790270,15969,1105
5260.803412,2766798013,2766799115,15911,1102
5260.815442,2766806870,2766807980,15945,1110
5260.827459,2766815676,2766816776,15970,1100
5260.839479,2766824491,2766825597,15600,1106
5260.851507,2766833298,2766834412,16028,1114
5260.863531,2766842123,2766843226,15953,1103
5260.875547,2766850934,2766852040,15593,1106
5260.896593,2766866342,2766867447,16024,1105
5260.907119,2766874457,2766875569,15942,1112
5260.922142,2766885569,2766886673,15931,1104
5260.934159,2766894345,2766895456,15637,1111
5260.946188,2766903176,2766904281,15949,1105
5260.958209,2766912040,2766913154,15845,1114
5261.016327,2766956174,2766957277,15950,1103
5261.033347,2766967171,2766968277,15590,1106
5261.045376,2766975993,2766977093,15955,1100
5261.057397,2766984820,2766985928,15860,1108
5261.069416,2766993651,2766994757,15602,1106
5261.093465,2767011301,2767012406,15965,1105
5261.105492,2767020090,2767021195,15799,1105
5261.120517,2767031105,2767032217,15964,1112
5261.153582,2767055320,2767056431,15948,1111
5261.165604,2767064190,2767065299,15939,1109
5261.207688,2767095053,2767096160,15993,1107
5261.219705,2767103880,2767104978,15974,1098
5261.231724,2767112673,2767113771,15631,1098
5261.243753,2767121485,2767122590,15906,1105
5261.255774,2767130305,2767131413,15946,1108
5261.321896,2767178780,2767179880,15633,1100
5261.333927,2767187603,2767188706,15953,1103
5261.345947,2767196446,2767197551,16017,1105
5261.357969,2767205281,2767206386,15824,1105
5261.369994,2767214108,2767215213,15946,1105
5261.385016,2767225096,2767226203,15628,1107
5261.397045,2767233920,2767235029,15954,1109
5261.418083,2767249370,2767250474,15964,1104
5261.430102,2767258162,2767259268,15628,1106
5261.445134,2767269194,2767270303,15962,1109
5261.514268,2767319845,2767320949,15951,1104
5261.544323,2767341876,2767342983,15966,1107
5261.556344,2767350694,2767351797,15826,1103
5261.572384,2767363931,2767365037,15625,1106
5261.649526,2767418939,2767420044,15951,1105
5261.661547,2767427803,2767428913,15933,1110
5261.703631,2767458641,2767459752,16081,1111
5261.715649,2767467477,2767468581,16048,1104
5261.727668,2767476276,2767477382,15705,1106
5261.745702,2767489482,2767490584,15627,1102
5261.757735,2767498329,2767499438,15966,1109
5261.769752,2767507168,2767508270,15967,1102
5261.781770,2767515970,2767517071,15629,1101
5261.860937,2767575423,2767576529,15590,1106
5261.895992,2767599664,2767600767,15962,1103
5261.908010,2767608450,2767609556,15587,1106
5261.920039,2767617269,2767618367,15944,1098
5261.932060,2767626069,2767627173,15965,1104
5261.944079,2767634860,2767635963,15630,1103
5261.956112,2767643704,2767644806,15960,1102
5261.968128,2767652523,2767653625,15967,1102
5261.980151,2767661482,2767662587,15823,1105
5261.992177,2767670315,2767671418,15946,1103
5262.004200,2767679151,2767680257,16036,1106
5262.016216,2767687958,2767689061,15625,1103
5262.028246,2767696758,2767697872,16038,1114
5262.040266,2767705587,2767706692,16047,1105
5262.052288,2767714416,2767715520,15831,1104
5262.067317,2767725446,2767726555,16042,1109
5262.088354,2767740834,2767741940,15706,1106
5262.100386,2767749636,2767750741,16080,1105
5262.112403,2767758463,2767759572,15966,1109
5262.127437,2767769463,2767770546,15805,1083
5262.181541,2767809203,2767810312,15967,1109
5262.193561,2767818070,2767819175,15932,1105
5262.205576,2767826864,2767827965,15631,1101
5262.217605,2767835677,2767836785,16033,1108
5262.259679,2767866521,2767867624,15670,1103
5262.280725,2767881975,2767883085,16035,1110
5262.292746,2767890794,2767891899,16002,1105
5262.376902,2767952511,2767953612,15627,1101
5262.388936,2767961347,2767962456,15966,1109
5262.400956,2767970222,2767971317,15908,1095
5262.415983,2767981210,2767982313,15860,1103
5262.427999,2767990618,2767991722,15881,1104
5262.500144,2768043488,2768044588,15951,1100
5262.512160,2768052310,2768053407,15596,1097
5262.524189,2768061116,2768062221,15946,1105
5262.536209,2768069917,2768071021,15967,1104
5262.548230,2768078726,2768079831,15743,1105
5262.560257,2768087551,2768088656,15865,1105
5262.572278,2768096368,2768097477,15920,1109
5262.584297,2768105171,2768106272,15550,1101
5262.596329,2768113991,2768115095,15994,1104
5262.617365,2768129537,2768130651,16020,1114
5262.629382,2768138360,2768139472,15592,1112
5262.665451,2768164880,2768165981,15669,1101
5262.677480,2768173679,2768174788,16031,1109
5262.689501,2768182486,2768183590,15967,1104
5262.701519,2768191295,2768192391,15595,1096
5262.719557,2768204520,2768205628,15904,1108
5262.731587,2768213372,2768214472,16049,1100
5262.743604,2768222229,2768223340,15846,1111
5262.755622,2768231050,2768232152,15589,1102
5262.776669,2768246442,2768247547,15950,1105
5262.788689,2768255256,2768256365,15922,1109
5262.803720,2768266263,2768267370,15950,1107
5262.821755,2768279492,2768280595,16030,1103
5262.833778,2768288346,2768289451,15933,1105
5262.899896,2768336827,2768337930,15629,1103
5262.920943,2768352194,2768353299,15954,1105
5262.932966,2768360996,2768362100,15968,1104
5262.944985,2768369813,2768370917,15825,1104
5263.008103,2768416146,2768417243,15626,1097
5263.020132,2768424940,2768426050,15965,1110
5263.032153,2768433755,2768434865,15968,1110
5263.044174,2768442600,2768443714,15755,1114
5263.062205,2768455830,2768456930,15623,1100
5263.074234,2768464636,2768465741,15958,1105
5263.137355,2768510892,2768511996,16029,1104
5263.149376,2768519759,2768520868,15943,1109
5263.161394,2768528561,2768529662,15626,1101
5263.212495,2768565999,2768567104,15965,1105
5263.224514,2768574796,2768575906,15630,1110
5263.239546,2768585827,2768586932,15851,1105
5263.251569,2768594694,2768595805,15827,1111
5263.263595,2768603499,2768604608,15952,1109
5263.275615,2768612316,2768613421,15962,1105
5263.296651,2768627730,2768628831,15589,1101
5263.308680,2768636534,2768637634,15945,1100
5263.344753,2768662974,2768664078,15957,1104
5263.356770,2768671787,2768672892,15965,1105
5263.368788,2768680561,2768681667,15600,1106
5263.383822,2768691572,2768692680,15970,1108
5263.419890,2768718052,2768719166,15967,1114
5263.431908,2768726877,2768727978,15629,1101
5263.443942,2768735716,2768736826,15969,1110
5263.455959,2768744544,2768745653,15969,1109
5263.467977,2768753363,2768754473,15598,1110
5263.480011,2768762215,2768763320,15968,1105
5263.492030,2768771030,2768772132,15953,1102
5263.504046,2768779820,2768780926,15629,1106
5263.516075,2768788645,2768789754,15950,1109
5263.528095,2768797454,2768798558,15923,1104
5263.546131,2768810698,2768811802,15930,1104
5263.558149,2768819482,2768820588,15630,1106
5263.594217,2768845904,2768847005,15631,1101
5263.606246,2768854713,2768855822,15955,1109
5263.624281,2768867928,2768869032,15953,1104
5263.636301,2768876787,2768877897,15844,1110
5263.664363,2768898818,2768899920,15632,1102
5263.720457,2768938416,2768939521,15626,1105
5263.732487,2768947230,2768948334,15953,1104
5263.744508,2768956095,2768957200,15937,1105
5263.768555,2768973638,2768974745,16033,1107
5263.780575,2768982462,2768983561,16048,1099
5263.828663,2769017639,2769018741,15626,1102
5263.840697,2769026507,2769027616,15961,1109
5263.868745,2769048590,2769049692,15967,1102
5263.897799,2769068448,2769069552,15964,1104
5263.909817,2769077228,2769078329,15628,1101
5263.933867,2769094902,2769096001,15841,1099
5263.945890,2769104135,2769105232,15636,1097
5263.957915,2769112926,2769114031,15947,1105
5263.976951,2769128348,2769129453,15969,1105
5264.036060,2769170243,2769171353,15824,1110
5264.048087,2769179084,2769180188,16032,1104
5264.060107,2769187920,2769189019,16048,1099
5264.078141,2769201111,2769202220,15969,1109
5264.090160,2769209915,2769211018,15707,1103
5264.105193,2769220954,2769222063,15968,1109
5264.117212,2769229785,2769230884,15598,1099
5264.159296,2769260687,2769261796,15965,1109
5264.183347,2769278324,2769279428,15996,1104
5264.195364,2769287151,2769288265,15922,1114
5264.207383,2769295934,2769297040,15632,1106
5264.219412,2769304769,2769305878,15950,1109
5264.231433,2769313593,2769314692,15859,1099
5264.243456,2769322445,2769323553,15825,1108
5264.255481,2769331261,2769332375,15943,1114
5264.267502,2769340111,2769341217,15967,1106
5264.279528,2769348902,2769350002,15709,1100
5264.291550,2769357721,2769358830,15950,1109
5264.303571,2769366589,2769367694,15932,1105
5264.315589,2769375358,2769376464,15630,1106
5264.327618,2769384172,2769385279,15952,1107
5264.339640,2769393019,2769394129,15851,1110
5264.351658,2769401825,2769402932,15590,1107
5264.363687,2769410635,2769411742,15950,1107
5264.375707,2769419453,2769420562,15967,1109
5264.387729,2769428274,2769429376,15826,1102
5264.399757,2769437086,2769438164,15803,1078
5264.411776,2769445873,2769446982,15962,1109
5264.423795,2769454647,2769455755,15629,1108
5264.435828,2769463492,2769464600,15959,1108
5264.447846,2769472324,2769473429,16047,1105
5264.459866,2769481141,2769482254,15907,1113
5264.471893,2769489964,2769491073,16029,1109
5264.483916,2769498781,2769499891,15952,1110
5264.495932,2769507573,2769508675,15631,1102
5264.516981,2769522990,2769524062,15807,1072
5264.528999,2769531768,2769532877,15936,1109
5264.586103,2769573649,2769574757,15629,1108
5264.598133,2769582493,2769583598,15949,1105
5264.616167,2769595706,2769596815,15956,1109
5264.628187,2769604562,2769605662,15842,1100
5264.640206,2769613367,2769614477,15592,1110
5264.652236,2769622187,2769623301,15968,1114
5264.664256,2769631030,2769632133,15964,1103
5264.676283,2769639837,2769640947,15669,1110
5264.691308,2769650852,2769651961,15962,1109
5264.712343,2769666232,2769667332,15629,1100
5264.724373,2769675059,2769676162,15951,1103
5264.736395,2769683913,2769685013,15938,1100
5264.751425,2769694909,2769696023,15953,1114
5264.832583,2769754366,2769755470,16048,1104
5264.844599,2769763186,2769764291,16045,1105
5264.871650,2769783044,2769784153,16045,1109
5264.883669,2769791833,2769792936,15630,1103
5264.895699,2769800652,2769801757,15957,1105
5264.907719,2769809470,2769810579,15969,1109
5264.919738,2769818275,2769819378,15626,1103
5264.931773,2769827145,2769828254,16094,1109
5264.943789,2769836003,2769837107,16016,1104
5264.955807,2769844814,2769845917,15630,1103
5264.967836,2769853618,2769854723,16036,1105
5264.979859,2769862479,2769863586,16035,1107
5264.997890,2769875684,2769876783,15965,1099
5265.009910,2769884460,2769885561,15628,1101
5265.048990,2769913172,2769914272,15952,1100
5265.061012,2769921987,2769923089,15962,1102
5265.130149,2769972631,2769973735,15963,1104
5265.142165,2769981457,2769982561,15970,1104
5265.157198,2769992484,2769993598,16033,1114
5265.169211,2770001349,2770002461,15871,1112
5265.181235,2770010173,2770011285,15636,1112
5265.253373,2770063169,2770064266,15626,1097
5265.265408,2770072022,2770073125,15966,1103
5265.277425,2770080825,2770081935,15951,1110
5265.289441,2770089624,2770090726,15621,1102
5265.328526,2770118269,2770119374,15962,1105
5265.340542,2770127097,2770128196,15963,1099
5265.356574,2770140278,2770141387,15959,1109
5265.385628,2770160062,2770161171,16047,1109
5265.400662,2770171052,2770172125,15811,1073
5265.412679,2770179825,2770180934,15972,1109
5265.448748,2770206322,2770207426,16049,1104
5265.460769,2770215511,2770216613,15635,1102
5265.568980,2770294788,2770295896,15706,1108
5265.581002,2770303604,2770304709,15945,1105
5265.608054,2770323417,2770324521,15909,1104
5265.620074,2770332233,2770333336,15854,1103
5265.632093,2770341046,2770342152,15555,1106
5265.644122,2770349858,2770350962,15865,1104
5265.656143,2770358665,2770359769,15967,1104
5265.668169,2770367443,2770368546,15715,1103
5265.683194,2770378483,2770379589,16050,1106
5265.698225,2770389519,2770390619,15955,1100
5265.737297,2770418188,2770419297,16048,1109
5265.752328,2770429184,2770430294,15947,1110
5265.764348,2770438002,2770439107,15995,1105
5265.785384,2770453431,2770454528,15589,1097
5265.797413,2770462230,2770463339,15954,1109
5265.872557,2770517339,2770518449,15954,1110
5265.887586,2770528329,2770529438,15954,1109
5265.899607,2770537384,2770538486,15849,1102
5265.911624,2770546201,2770547298,15510,1097
5265.923658,2770555051,2770556160,15963,1109
5265.935674,2770563896,2770565000,15960,1104
5265.947693,2770572690,2770573787,15626,1097
5265.959722,2770581503,2770582612,15945,1109
5265.977756,2770594714,2770595814,15941,1100
5265.989777,2770603527,2770604632,15962,1105
5266.004807,2770614536,2770615640,15944,1104
5266.016828,2770623378,2770624481,15839,1103
5266.031862,2770634398,2770635475,15896,1077
5266.043880,2770643183,2770644288,16048,1105
5266.055899,2770652003,2770653104,15672,1101
5266.067931,2770660821,2770661930,15999,1109
5266.088965,2770676250,2770677350,16041,1100
5266.103996,2770687249,2770688363,15947,1114
5266.116017,2770696071,2770697177,15853,1106
5266.128039,2770704927,2770706036,15826,1109
5266.140069,2770713803,2770714903,15965,1100
5266.152085,2770722618,2770723723,15962,1105
5266.170123,2770735849,2770736949,15956,1100
5266.182139,2770744631,2770745727,15629,1096
5266.197171,2770755657,2770756766,15960,1109
5266.209190,2770764441,2770765548,15633,1107
5266.224224,2770775524,2770776632,15934,1108
5266.236242,2770784308,2770785409,15586,1101
5266.248271,2770793122,2770794225,15952,1103
5266.260291,2770801942,2770803050,15965,1108
5266.272311,2770810732,2770811838,15595,1106
5266.284340,2770819538,2770820648,15950,1110
5266.296360,2770828368,2770829473,15963,1105
5266.308379,2770837197,2770838307,15625,1110
5266.323413,2770848254,2770849363,15943,1109
5266.335430,2770857043,2770858149,15625,1106
5266.347460,2770865866,2770866980,15956,1114
5266.366996,2770877132,2770877774,13396,642
5266.380334,2770882929,2770883551,12076,622
5266.394044,2770889686,2770890833,16246,1147
5266.406074,2770898921,2770900075,16300,1154
5266.442144,2770927019,2770928182,16313,1163
5266.505262,2770976513,2770977706,16310,1193
5266.517285,2770986001,2770987195,16302,1194
5266.532314,2770997792,2770998978,16313,1186
5266.544338,2771007194,2771008382,16399,1188
5266.568382,2771026027,2771027190,16314,1163
5266.580406,2771035430,2771036588,16402,1158
5266.631503,2771075627,2771076815,16318,1188
5266.643525,2771084998,2771086185,16383,1187
5266.655542,2771094470,2771095654,16251,1184
5266.691613,2771122870,2771124058,16283,1188
5266.703641,2771132332,2771133501,16269,1169
5266.715663,2771141780,2771142972,16373,1192
5266.727678,2771151236,2771152420,16240,1184
5266.739707,2771160694,2771161858,16313,1164
5266.751733,2771170194,2771171363,16403,1169
5266.763747,2771179624,2771180788,16243,1164
5266.775775,2771189078,2771190257,16295,1179
5266.787800,2771198502,2771199691,16396,1189
5266.799816,2771207969,2771209162,16355,1193
5266.811845,2771217412,2771218572,16406,1160
5266.860944,2771257685,2771258848,16248,1163
5266.876331,2771266830,2771267731,15177,901
5266.900513,2771284366,2771285471,15960,1105
5266.912530,2771293236,2771294341,15845,1105
5266.924560,2771302088,2771303197,15909,1109
5266.939582,2771313191,2771314302,15808,1111
5266.951610,2771322053,2771323164,15903,1111
5266.963636,2771331333,2771332436,15949,1103
5266.976664,2771342446,2771343552,15904,1106
5266.988681,2771351309,2771352409,15968,1100
5267.005715,2771362393,2771363498,15908,1105
5267.017738,2771371238,2771372342,15944,1104
5267.029754,2771380098,2771381203,15831,1105
5267.041782,2771388950,2771390054,15902,1104
5267.056812,2771400001,2771401106,15908,1105
5267.068835,2771408850,2771409961,15907,1111
5267.083857,2771419931,2771421036,15845,1105
5267.095887,2771428782,2771429886,15911,1104
5267.107910,2771437631,2771438735,15914,1104
5267.119925,2771446491,2771447600,15824,1109
5267.131952,2771455367,2771456471,15903,1104
5267.143977,2771464246,2771465352,15974,1106
5267.155999,2771473103,2771474207,15905,1104
5267.174028,2771486368,2771487472,15813,1104
5267.186057,2771495232,2771496336,15862,1104
5267.198080,2771504104,2771505215,15960,1111
5267.210096,2771512968,2771514077,15839,1109
5267.225131,2771524033,2771525142,15976,1109
5267.237148,2771532893,2771533996,15756,1103
5267.249175,2771541744,2771542849,15903,1105
5267.261198,2771550615,2771551724,15960,1109
5267.294263,2771574941,2771576041,15906,1100
5267.324320,2771597093,2771598201,15975,1108
5267.339347,2771608174,2771609283,15904,1109
5267.351371,2771617049,2771618156,15929,1107
5267.363388,2771625904,2771627018,15857,1114
5267.375417,2771634760,2771635864,15905,1104
5267.387438,2771643611,2771644720,15960,1109
5267.399458,2771652482,2771653591,15811,1109
5267.411484,2771661343,2771662446,15906,1103
5267.423508,2771670209,2771671314,15975,1105
5267.435525,2771679059,2771680168,15758,1109
5267.447553,2771687926,2771689030,15905,1104
5267.459576,2771696783,2771697893,15879,1110
5267.471593,2771705618,2771706721,15863,1103
5267.483623,2771714485,2771715590,15910,1105
5267.495644,2771723352,2771724456,15960,1104
5267.519690,2771741064,2771742168,15907,1104
5267.531714,2771749919,2771751027,15977,1108
5267.543731,2771758775,2771759880,15841,1105
5267.555761,2771767642,2771768750,15823,1108
5267.567783,2771776500,2771777614,15975,1114
5267.579799,2771785352,2771786452,15842,1100
5267.591830,2771794202,2771795311,15907,1109
5267.603853,2771803055,2771804160,15917,1105
5267.615868,2771811906,2771813015,15782,1109
5267.627897,2771820756,2771821865,15817,1109
5267.639921,2771829617,2771830726,15946,1109
5267.651944,2771838479,2771839588,15904,1109
5267.663967,2771847332,2771848435,15908,1103
5267.675989,2771856196,2771857299,15969,1103
5267.688005,2771865043,2771866146,15842,1103
5267.700035,2771873900,2771875004,15909,1104
5267.712058,2771882758,2771883862,15986,1104
5267.724074,2771891598,2771892706,15826,1108
5267.736103,2771900464,2771901573,15905,1109
5267.748127,2771909314,2771910426,15992,1112
5267.760143,2771918213,2771919319,15852,1106
5267.772171,2771927066,2771928171,15909,1105
5267.784193,2771935926,2771937040,15873,1114
5267.796211,2771944788,2771945896,15859,1108
5267.808238,2771953673,2771954778,15904,1105
5267.820263,2771962526,2771963631,15972,1105
5267.832280,2771971399,2771972513,15849,1114
5267.844307,2771980266,2771981380,15904,1114
5267.856331,2771989136,2771990241,15967,1105
5267.907427,2772026759,2772027868,15905,1109
5267.952515,2772059986,2772061094,15908,1108
5267.964536,2772068851,2772069954,15960,1103
5267.979566,2772079906,2772081015,15902,1109
5268.016636,2772108694,2772109797,15977,1103
5268.033667,2772119766,2772120870,15903,1104
5268.045692,2772128612,2772129717,15975,1105
5268.060720,2772139687,2772140791,15913,1104
5268.072742,2772148552,2772149655,15877,1103
5268.084759,2772157394,2772158507,15810,1113
5268.120828,2772183983,2772185088,15851,1105
5268.132856,2772192855,2772193968,15987,1113
5268.144880,2772201722,2772202831,15939,1109
5268.156896,2772210560,2772211660,15857,1100
5268.168927,2772219442,2772220551,15904,1109
5268.192966,2772237133,2772238238,15845,1105
5268.204994,2772246011,2772247116,15907,1105
5268.226036,2772261503,2772262608,15987,1105
5268.238052,2772270372,2772271481,15829,1109
5268.256086,2772283665,2772284769,15846,1104
5268.268116,2772292522,2772293626,15907,1104
5268.280138,2772301378,2772302477,15974,1099
5268.292154,2772310236,2772311345,15846,1109
5268.304183,2772319100,2772320208,15902,1108
5268.316207,2772327946,2772329055,15990,1109
5268.328223,2772336796,2772337901,15833,1105
5268.340252,2772345646,2772346750,15903,1104
5268.352275,2772354484,2772355593,16057,1109
5268.364292,2772363334,2772364437,15853,1103
5268.376320,2772372208,2772373317,15906,1109
5268.388342,2772381063,2772382172,15965,1109
5268.439439,2772418688,2772419793,15913,1105
5268.451462,2772427552,2772428662,16045,1110
5268.463480,2772436407,2772437505,15857,1098
5268.475511,2772445673,2772446782,15925,1109
5268.487531,2772454533,2772455642,15960,1109
5268.499548,2772463392,2772464495,15839,1103
5268.511577,2772472244,2772473353,15910,1109
5268.523600,2772481097,2772482206,15979,1109
5268.535618,2772489946,2772491053,15848,1107
5268.547647,2772498814,2772499921,15910,1107
5268.565681,2772512095,2772513199,15908,1104
5268.577705,2772520963,2772522067,15971,1104
5268.607755,2772543096,2772544201,15831,1105
5268.619783,2772551939,2772553053,15819,1114
5268.631807,2772560793,2772561899,15947,1106
5268.643830,2772569653,2772570758,15902,1105
5268.655854,2772578522,2772579623,15826,1101
5268.667875,2772587389,2772588498,15931,1109
5268.679892,2772596236,2772597335,15845,1099
5268.691922,2772605081,2772606190,15907,1109
5268.703945,2772613953,2772615056,15994,1103
5268.715960,2772622803,2772623916,15832,1113
5268.727989,2772631660,2772632769,15864,1109
5268.740014,2772640509,2772641614,15902,1105
5268.752029,2772649354,2772650459,15838,1105
5268.764059,2772658194,2772659303,15905,1109
5268.776081,2772667068,2772668175,15971,1107
5268.788097,2772675926,2772677035,15843,1109
5268.800126,2772684779,2772685882,15843,1103
5268.812151,2772693625,2772694734,15902,1109
5268.824166,2772702485,2772703594,15741,1109
5268.836195,2772711344,2772712454,15909,1110
5268.848218,2772720208,2772721319,16063,1111
5268.860235,2772729083,2772730188,15926,1105
5268.872265,2772737945,2772739054,15989,1109
5268.905321,2772762313,2772763417,15832,1104
5268.917349,2772771162,2772772267,15860,1105
5268.929374,2772780044,2772781142,15984,1098
5268.941396,2772788893,2772789998,15899,1105
5268.953419,2772797745,2772798854,15907,1109
5268.965441,2772806604,2772807714,15929,1110
5268.977458,2772815470,2772816569,15840,1099
5268.989486,2772824344,2772825453,15903,1109
5269.055611,2772873032,2772874141,15961,1109
5269.067629,2772881902,2772883007,15812,1105
5269.079658,2772890759,2772891870,15870,1111
5269.091681,2772899637,2772900743,15914,1106
5269.103697,2772908490,2772909598,15840,1108
5269.115725,2772917338,2772918447,15820,1109
5269.133759,2772930625,2772931734,15897,1109
5269.145783,2772939485,2772940578,15916,1093
5269.169829,2772957169,2772958269,15906,1100
5269.181851,2772966003,2772967108,15959,1105
5269.201391,2772980609,2772981714,15902,1105
5269.213413,2772989465,2772990567,15976,1102
5269.225430,2772998310,2772999414,15844,1104
5269.261498,2773024901,2773026008,15832,1107
5269.273527,2773033778,2773034884,15913,1106
5269.285551,2773042641,2773043745,15995,1104
5269.384740,2773115728,2773116833,15989,1105
5269.396755,2773124614,2773125720,15815,1106
5269.444851,2773160015,2773161120,15907,1105
5269.456875,2773168866,2773169969,15974,1103
5269.492942,2773195422,2773196527,15963,1105
5269.504960,2773204284,2773205388,15858,1104
5269.592132,2773268459,2773269568,15961,1109
5269.605660,2773278639,2773279748,15989,1109
5269.623694,2773291938,2773293047,15991,1109
5269.635717,2773300796,2773301900,15987,1104
5269.647740,2773309654,2773310760,15913,1106
5269.665774,2773322953,2773324062,15907,1109
5269.677796,2773331804,2773332913,16059,1109
5269.704849,2773351744,2773352848,15992,1104
5269.716864,2773360604,2773361713,15831,1109
5269.737911,2773376092,2773377191,15910,1099
5269.749933,2773384946,2773386055,15973,1109
5269.761949,2773393811,2773394914,15760,1103
5269.773980,2773402663,2773403769,15908,1106
5269.798018,2773420346,2773421454,15787,1108
5269.810045,2773429206,2773430311,15902,1105
5269.852121,2773460235,2773461344,15858,1109
5269.864150,2773469087,2773470198,15908,1111
5269.876171,2773477937,2773479042,15961,1105
5269.897206,2773493419,2773494524,15840,1105
5269.909234,2773502257,2773503366,15906,1109
5269.936288,2773522209,2773523317,15907,1108
5269.948309,2773531063,2773532171,15916,1108
5269.963339,2773542142,2773543255,15907,1113
5269.975360,2773551013,2773552113,15959,1100
5269.987380,2773560280,2773561393,15839,1113
5269.999406,2773569141,2773570246,15907,1105
5270.011432,2773578009,2773579109,15988,1100
5270.023447,2773586870,2773587975,15832,1105
5270.035477,2773595741,2773596855,15868,1114
5270.047499,2773604622,2773605731,15976,1109
5270.059515,2773613498,2773614603,15842,1105
5270.071546,2773622356,2773623460,15913,1104
5270.089578,2773635654,2773636763,15901,1109
5270.101603,2773644505,2773645610,15900,1105
5270.132668,2773668893,2773670004,15904,1111
5270.173739,2773697668,2773698777,15977,1109
5270.185755,2773706522,2773707627,15741,1105
5270.203790,2773719863,2773720973,15831,1110
5270.215820,2773728773,2773729884,15824,1111
5270.227842,2773737671,2773738785,15930,1114
5270.239860,2773746568,2773747675,15827,1107
5270.251887,2773755445,2773756558,15908,1113
5270.311995,2773799816,2773800922,15845,1106
5270.324026,2773808680,2773809789,15821,1109
5270.336049,2773817536,2773818641,15991,1105
5270.348064,2773826385,2773827489,15743,1104
5270.360093,2773835240,2773836345,15905,1105
5270.372117,2773844097,2773845201,15993,1104
5270.384132,2773852963,2773854074,15840,1111
5270.396163,2773861818,2773862922,15910,1104
5270.408185,2773870678,2773871783,15979,1105
5270.420201,2773879557,2773880661,15803,1104
5270.432230,2773888427,2773889536,15889,1109
5270.444254,2773897292,2773898387,15990,1095
5270.456267,2773906254,2773907365,15592,1111
5270.468296,2773915067,2773916171,15949,1104
5270.480317,2773923887,2773924997,15853,1110
5270.492336,2773932712,2773933815,15515,1103
5270.513382,2773948117,2773949222,15949,1105
5270.525402,2773956938,2773958052,15918,1114
5270.552454,2773976782,2773977886,15962,1104
5270.564473,2773985557,2773986660,15625,1103
5270.615574,2774022994,2774024101,15961,1107
5270.627600,2774031819,2774032920,15707,1101
5270.645627,2774045034,2774046139,15623,1105
5270.657658,2774053858,2774054969,15951,1111
5270.729797,2774106768,2774107878,16074,1110
5270.741814,2774115597,2774116704,16048,1107
5270.756849,2774126615,2774127719,15963,1104
5270.768865,2774135437,2774136546,16044,1109
5270.792918,2774153092,2774154201,15960,1109
5270.804934,2774161912,2774163021,15968,1109
5270.816953,2774170703,2774171806,15623,1103
5270.831988,2774181744,2774182849,15906,1105
5270.844005,2774190535,2774191638,15629,1103
5270.856036,2774199342,2774200419,15806,1077
5270.868054,2774208124,2774209234,15966,1110
5270.880076,2774216959,2774218068,15822,1109
5270.910136,2774238970,2774240073,15949,1103
5270.922158,2774247830,2774248934,15933,1104
5270.973257,2774285239,2774286338,15946,1099
5270.985278,2774294085,2774295185,15932,1100
5271.024355,2774322688,2774323784,15674,1096
5271.036376,2774331526,2774332635,15966,1109
5271.075449,2774360163,2774361267,15857,1104
5271.087467,2774369000,2774370101,15591,1101
5271.099501,2774377845,2774378950,15960,1105
5271.117531,2774391051,2774392151,15945,1100
5271.129554,2774399868,2774400976,15908,1108
5271.159605,2774421911,2774423013,15629,1102
5271.180655,2774437335,2774438438,15957,1103
5271.192672,2774446150,2774447256,15967,1106
5271.231742,2774474743,2774475844,15704,1101
5271.243771,2774483573,2774484680,15952,1107
5271.255791,2774492383,2774493493,15968,1110
5271.267811,2774501171,2774502272,15631,1101
5271.279843,2774510001,2774511107,16045,1106
5271.291862,2774518833,2774519938,16046,1105
5271.303879,2774527621,2774528722,15627,1101
5271.315908,2774536434,2774537542,15949,1108
5271.327931,2774545254,2774546357,15863,1103
5271.339948,2774554052,2774555155,15632,1103
5271.389046,2774591557,2774592657,15958,1100
5271.436135,2774624555,2774625659,15967,1104
5271.448153,2774633364,2774634465,15619,1101
5271.460183,2774642194,2774643296,16034,1102
5271.472203,2774651015,2774652120,15855,1105
5271.484222,2774659841,2774660952,15594,1111
5271.496253,2774669084,2774670193,16029,1109
5271.508272,2774677924,2774679031,15877,1107
5271.520298,2774686719,2774687820,15709,1101
5271.532320,2774695529,2774696629,15969,1100
5271.544340,2774704335,2774705441,15958,1106
5271.604457,2774748335,2774749442,15948,1107
5271.616477,2774757132,2774758235,15962,1103
5271.640525,2774774740,2774775844,15950,1104
5271.652547,2774783622,2774784732,15939,1110
5271.704647,2774823259,2774824362,15968,1103
5271.751735,2774856325,2774857428,15967,1103
5271.763754,2774865117,2774866218,15625,1101
5271.775787,2774873959,2774875064,16044,1105
5271.787804,2774882830,2774883933,16014,1103
5271.799822,2774891613,2774892714,15708,1101
5271.811853,2774900434,2774901516,15807,1082
5271.823875,2774909216,2774910326,15995,1110
5271.835890,2774917991,2774919099,15706,1108
5271.847920,2774926814,2774927919,16028,1105
5271.859942,2774935697,2774936801,15938,1104
5271.871962,2774944547,2774945661,15835,1114
5271.908028,2774971003,2774972103,15592,1100
5272.019249,2775052665,2775053768,15992,1103
5272.031266,2775061470,2775062573,15963,1103
5272.044328,2775072454,2775073537,15801,1083
5272.064332,2775085618,2775086721,15906,1103
5272.076353,2775094481,2775095579,15849,1098
5272.124443,2775129695,2775130804,15828,1109
5272.136469,2775138516,2775139625,15948,1109
5272.148489,2775147345,2775148459,15874,1114
5272.224642,2775204580,2775205678,15944,1098
5272.236659,2775213387,2775214491,15960,1104
5272.256695,2775226630,2775227736,15920,1106
5272.268717,2775235458,2775236562,15779,1104
5272.280743,2775244279,2775245388,15860,1109
5272.295765,2775255291,2775256393,15591,1102
5272.307795,2775264093,2775265198,15909,1105
5272.319818,2775272907,2775274009,15951,1102
5272.331834,2775281685,2775282781,15543,1096
5272.343864,2775290495,2775291602,15950,1107
5272.391952,2775325775,2775326887,15962,1112
5272.403971,2775334625,2775335730,15560,1105
5272.416003,2775343428,2775344531,16001,1103
5272.428021,2775352234,2775353346,15965,1112
5272.440042,2775361026,2775362101,15852,1075
5272.452071,2775369812,2775370911,15952,1099
5272.464089,2775378628,2775379737,15894,1109
5272.476108,2775387442,2775388539,15513,1097
5272.488137,2775396238,2775397343,15863,1105
5272.506176,2775409486,2775410591,15959,1105
5272.518195,2775418292,2775419387,15949,1095
5272.554262,2775444737,2775445842,15935,1105
5272.656451,2775519584,2775520690,15707,1106
5272.668484,2775528450,2775529549,15966,1099
5272.680502,2775537310,2775538413,15938,1103
5272.692520,2775546130,2775547230,15672,1100
5272.743621,2775583577,2775584678,16047,1101
5272.755640,2775592366,2775593472,15708,1106
5272.767676,2775601226,2775602334,16050,1108
5272.779689,2775610038,2775611143,15967,1105
5272.791708,2775618812,2775619918,15700,1106
5272.803737,2775627628,2775628732,15946,1104
5272.815761,2775636505,2775637607,16031,1102
5272.836794,2775651888,2775652994,15704,1106
5272.848823,2775660681,2775661790,16034,1109
5272.869862,2775676133,2775677236,15938,1103
5272.881881,2775685118,2775686223,15624,1105
5272.893913,2775693959,2775695071,15962,1112
5272.905930,2775702788,2775703897,15966,1109
5272.917948,2775711589,2775712691,15627,1102
5272.932983,2775722652,2775723757,15938,1105
5272.973064,2775753503,2775754602,15944,1099
5272.996101,2775768939,2775770039,15963,1100
5273.008131,2775778266,2775779379,15895,1113
5273.020154,2775787134,2775788243,15967,1109
5273.032170,2775795952,2775797061,15920,1109
5273.044189,2775804755,2775805862,15707,1107
5273.056218,2775813582,2775814691,16036,1109
5273.068240,2775822448,2775823556,16019,1108
5273.080260,2775831244,2775832353,15881,1109
5273.092291,2775840090,2775841194,15974,1104
5273.104307,2775848911,2775850020,15878,1109
5273.116326,2775857706,2775858813,15629,1107
5273.149392,2775881969,2775883083,15962,1114
5273.164428,2775893016,2775894123,15959,1107
5273.176445,2775901821,2775902924,15968,1103
5273.191475,2775912856,2775913965,15953,1109
5273.203495,2775921674,2775922779,15968,1105
5273.215514,2775930455,2775931560,15630,1105
5273.227544,2775939262,2775940376,15949,1114
5273.248581,2775954703,2775955817,15963,1114
5273.260603,2775963524,2775964632,15824,1108
5273.284650,2775981162,2775982271,15963,1109
5273.296673,2775989917,2775991019,15919,1102
5273.320718,2776007566,2776008671,15962,1105
5273.332740,2776016358,2776017430,15935,1072
5273.344768,2776025124,2776026198,15807,1074
5273.383840,2776053821,2776054926,16015,1105
5273.395857,2776062620,2776063722,15703,1102
5273.413894,2776075872,2776076977,15906,1105
5273.425923,2776084694,2776085767,15800,1073
5273.498058,2776137386,2776138489,15950,1103
5273.510081,2776146433,2776147545,15950,1112
5273.603259,2776214700,2776215803,15707,1103
5273.618284,2776225741,2776226845,15875,1104
5273.633319,2776236754,2776237853,15958,1099
5273.705455,2776289622,2776290727,15990,1105
5273.717474,2776298687,2776299791,15890,1104
5273.801636,2776360321,2776361427,15710,1106
5273.813658,2776369140,2776370244,15939,1104
5273.831692,2776382336,2776383444,16026,1108
5273.843713,2776391152,2776392265,15967,1113
5273.855734,2776399964,2776401077,15834,1113
5273.867761,2776408791,2776409895,15949,1104
5273.885796,2776421989,2776423096,16026,1107
5273.897816,2776430791,2776431900,16045,1109
5273.912847,2776441774,2776442881,15948,1107
5273.927869,2776452773,2776453876,15620,1103
5273.939898,2776461698,2776462803,15946,1105
5273.951919,2776470519,2776471622,15857,1103
5273.963937,2776479331,2776480432,15594,1101
5273.975967,2776488140,2776489242,15947,1102
5273.987987,2776496936,2776498040,15881,1104
5274.006024,2776510148,2776511248,15945,1100
5274.018040,2776518915,2776520021,15629,1106
5274.037086,2776534335,2776535443,15945,1108
5274.054112,2776545366,2776546470,15826,1104
5274.066140,2776554176,2776555249,15758,1073
5274.132262,2776602554,2776603663,15962,1109
5274.144280,2776611348,2776612450,15620,1102
5274.156314,2776620218,2776621328,15961,1110
5274.243469,2776684092,2776685195,15707,1103
5274.255503,2776692926,2776694035,16050,1109
5274.336653,2776752366,2776753480,16031,1114
5274.348675,2776761272,2776762375,15771,1103
5274.360692,2776770088,2776771198,15588,1110
5274.408790,2776805309,2776806411,15946,1102
5274.420810,2776814127,2776815231,15972,1104
5274.432833,2776822909,2776823984,15860,1075
5274.448872,2776836123,2776837237,15903,1114
5274.516996,2776884581,2776885685,15942,1104
5274.528331,2776893791,2776894896,15963,1105
5274.550055,2776909280,2776910390,15825,1110
5274.562082,2776918134,2776919239,16022,1105
5274.574102,2776926954,2776928058,15969,1104
5274.658258,2776988529,2776989635,15623,1106
5274.670287,2776997350,2776998459,16031,1109
5274.692334,2777014959,2777016065,15705,1106
5274.757447,2777061261,2777062353,15669,1092
5274.769482,2777070124,2777071229,15963,1105
5274.793522,2777087736,2777088842,15785,1106
5274.805544,2777096542,2777097651,16026,1109
5274.817565,2777105356,2777106456,16043,1100
5274.856635,2777133986,2777135089,15667,1103
5274.868667,2777142797,2777143902,16031,1105
5274.889702,2777158203,2777159312,15962,1109
5274.901721,2777166997,2777168098,15625,1101
5274.919755,2777180204,2777181305,15624,1101
5274.931785,2777189031,2777190145,15948,1114
5274.943805,2777197831,2777198937,15855,1106
5274.961839,2777211050,2777212150,15958,1100
5274.973858,2777219834,2777220937,15625,1103
5275.082064,2777299175,2777300281,15696,1106
5275.094096,2777308007,2777309114,15995,1107
5275.148200,2777347687,2777348796,15962,1109
5275.169234,2777363095,2777364195,15963,1100
5275.181252,2777371872,2777372978,15698,1106
5275.193285,2777380691,2777381795,16032,1104
5275.211316,2777393937,2777395042,15941,1105
5275.223337,2777402779,2777403893,15964,1114
5275.235354,2777411616,2777412722,15549,1106
5275.247389,2777420495,2777421605,15900,1110
5275.259405,2777429340,2777430453,16046,1113
5275.295477,2777455878,2777456978,16031,1100
5275.307496,2777464658,2777465743,15938,1085
5275.319526,2777473488,2777474593,15965,1105
5275.331542,2777482318,2777483423,16044,1105
5275.343564,2777491126,2777492235,15831,1109
5275.355590,2777499954,2777501059,15950,1105
5275.367612,2777508795,2777509904,15940,1109
5275.379629,2777517582,2777518692,15622,1110
5275.391662,2777526408,2777527520,16074,1112
5275.409694,2777539635,2777540739,15950,1104
5275.421714,2777548453,2777549562,15967,1109
5275.433732,2777557295,2777558401,15669,1106
5275.451767,2777570521,2777571618,15587,1097
5275.462303,2777576164,2777576992,14587,828
5275.472332,2777581454,2777582065,11966,611
5275.532924,2777621748,2777622932,16338,1184
5275.544955,2777631125,2777632318,16312,1193
5275.556976,2777640534,2777641692,16386,1158
5275.568993,2777649922,2777651084,16232,1162
5275.581023,2777659343,2777660531,16310,1188
5275.596044,2777671068,2777672232,16237,1164
5275.608075,2777680468,2777681660,16322,1192
5275.626107,2777694673,2777695838,16311,1165
5275.638132,2777704043,2777705206,16327,1163
5275.653159,2777715788,2777716952,16312,1164
5275.689228,2777744269,2777745433,16318,1164
5275.701250,2777753725,2777754909,16295,1184
5275.722285,2777770228,2777771391,16252,1163
5275.743331,2777786765,2777787929,16314,1164
5275.755354,2777796184,2777797372,16393,1188
5275.767370,2777805631,2777806795,16236,1164
5275.779399,2777815055,2777816215,16315,1160
5275.797435,2777829154,2777830343,16310,1189
5275.809457,2777838630,2777839819,16293,1189
5275.824486,2777850494,2777851686,16295,1192
5275.836508,2777859962,2777861151,16336,1189
5275.848525,2777869464,2777870653,16240,1189
5275.881594,2777895483,2777896672,16388,1189
5275.893611,2777904905,2777906099,16343,1194
5275.905641,2777914336,2777915500,16331,1164
5275.953732,2777952274,2777953463,16474,1189
5275.965748,2777961760,2777962947,16257,1187
5276.003326,2777988080,2777989183,16061,1103
5276.015342,2777996944,2777998052,15846,1108
5276.033382,2778010231,2778011336,15891,1105
5276.045408,2778019487,2778020595,15932,1108
5276.063440,2778032798,2778033910,15911,1112
5276.075464,2778041682,2778042790,15990,1108
5276.087479,2778050557,2778051662,15836,1105
5276.105513,2778063848,2778064953,15758,1105
5276.117544,2778072715,2778073824,15915,1109
5276.141582,2778090441,2778091554,15838,1113
5276.153611,2778099298,2778100401,15992,1103
5276.165635,2778108151,2778109260,15989,1109
5276.177651,2778117019,2778118128,15832,1109
5276.207715,2778139167,2778140271,15908,1104
5276.219737,2778148037,2778149146,15974,1109
5276.231759,2778156886,2778157994,15905,1108
5276.243782,2778165764,2778166873,15909,1109
5276.255807,2778174647,2778175746,15992,1099
5276.267822,2778183486,2778184597,15829,1111
5276.279851,2778192355,2778193460,15906,1105
5276.291874,2778201203,2778202317,15976,1114
5276.303891,2778210076,2778211180,15847,1104
5276.315921,2778218931,2778220035,15821,1104
5276.327942,2778227782,2778228887,15971,1105
5276.339959,2778236638,2778237747,15832,1109
5276.357993,2778249894,2778251004,15848,1110
5276.370024,2778258769,2778259878,15889,1109
5276.382048,2778267599,2778268707,15906,1108
5276.394062,2778276455,2778277560,15912,1105
5276.406091,2778285306,2778286403,15914,1097
5276.425127,2778300803,2778301908,15998,1105
5276.442161,2778311856,2778312966,15916,1110
5276.454182,2778320706,2778321815,15927,1109
5276.478230,2778338368,2778339472,15936,1104
5276.490252,2778347229,2778348332,15988,1103
5276.502268,2778356088,2778357192,15830,1104
5276.524327,2778373803,2778374907,16068,1104
5276.544354,2778387045,2778388150,16056,1105
5276.556371,2778395915,2778397018,15832,1103
5276.580424,2778413568,2778414678,15870,1110
5276.592439,2778422411,2778423520,15827,1109
5276.616492,2778440135,2778441240,15985,1105
5276.628513,2778448964,2778450065,15762,1101
5276.640539,2778457803,2778458909,15916,1106
5276.652559,2778466636,2778467741,15970,1105
5276.668587,2778479859,2778480964,15970,1105
5276.685622,2778490909,2778492018,15908,1109
5276.697646,2778499771,2778500879,15981,1108
5276.721693,2778517405,2778518510,16020,1105
5276.733714,2778526222,2778527321,15973,1099
5276.752758,2778541612,2778542715,15605,1103
5276.775796,2778557049,2778558153,15936,1104
5276.787818,2778565902,2778567011,15986,1109
5276.799831,2778574699,2778575806,15602,1107
5276.811864,2778583544,2778584647,15907,1103
5276.823885,2778592340,2778593443,16052,1103
5276.835900,2778601150,2778602262,15676,1112
5276.847933,2778609972,2778611076,15942,1104
5276.859954,2778618778,2778619882,15970,1104
5276.871968,2778627569,2778628672,15601,1103
5276.893019,2778643032,2778644141,15931,1109
5276.905040,2778651912,2778653007,15974,1095
5276.950125,2778684982,2778686088,15972,1106
5276.962139,2778693784,2778694887,15600,1103
5276.998209,2778720220,2778721328,15606,1108
5277.010242,2778729037,2778730145,15936,1108
5277.022263,2778737854,2778738957,15979,1103
5277.034277,2778746645,2778747751,15600,1106
5277.061329,2778766514,2778767626,15608,1112
5277.073360,2778775352,2778776454,15934,1102
5277.097397,2778792984,2778794090,15625,1106
5277.109430,2778801817,2778802917,15892,1100
5277.124455,2778812813,2778813916,15680,1103
5277.148503,2778830456,2778831565,15966,1109
5277.160520,2778839313,2778840422,15853,1109
5277.175556,2778850371,2778851474,15914,1103
5277.187565,2778859210,2778860308,15570,1098
5277.199599,2778868032,2778869110,15745,1078
5277.211623,2778876826,2778877931,15971,1105
5277.223645,2778885615,2778886717,15686,1102
5277.235671,2778894432,2778895536,15942,1104
5277.247690,2778903281,2778904385,15871,1104
5277.259705,2778912067,2778913168,15613,1101
5277.271738,2778920883,2778921982,15937,1099
5277.283760,2778929732,2778930836,15974,1104
5277.295774,2778938515,2778939616,15618,1101
5277.307806,2778947340,2778948453,15940,1113
5277.319827,2778956168,2778957278,15959,1110
5277.331843,2778964972,2778966075,15618,1103
5277.343876,2778973793,2778974897,15946,1104
5277.355895,2778982636,2778983738,16042,1102
5277.367911,2778991433,2778992534,15697,1101
5277.379941,2779000280,2779001385,15908,1105
5277.391964,2779009091,2779010200,16038,1109
5277.403980,2779017884,2779018987,15622,1103
5277.416012,2779026690,2779027795,15940,1105
5277.428033,2779035521,2779036631,15963,1110
5277.440048,2779044314,2779045424,15619,1110
5277.452080,2779053175,2779054284,15908,1109
5277.464101,2779061989,2779063094,15957,1105
5277.476120,2779070799,2779071899,15754,1100
5277.488149,2779079630,2779080734,15833,1104
5277.500170,2779088438,2779089543,15870,1105
5277.512186,2779097233,2779098338,15618,1105
5277.524216,2779106090,2779107199,15916,1109
5277.536239,2779114907,2779116012,15956,1105
5277.548254,2779123684,2779124787,15534,1103
5277.569304,2779139479,2779140589,15939,1110
5277.581326,2779148359,2779149464,15889,1105
5277.596355,2779159367,2779160480,15941,1113
5277.635427,2779188021,2779189126,15956,1105
5277.647443,2779196800,2779197903,15617,1103
5277.659477,2779205638,2779206743,15945,1105
5277.671499,2779214466,2779215566,15912,1100
5277.683508,2779223310,2779224422,15566,1112
5277.695545,2779232129,2779233238,15944,1109
5277.707566,2779240941,2779242051,16057,1110
5277.725600,2779254188,2779255292,15940,1104
5277.737614,2779262987,2779264088,15599,1101
5277.824789,2779326879,2779327984,15975,1105
5277.836803,2779335672,2779336778,15598,1106
5277.851840,2779346697,2779347805,15977,1108
5277.863855,2779355510,2779356622,15603,1112
5277.875886,2779364385,2779365494,15913,1109
5277.887909,2779373204,2779374303,16052,1099
5277.899923,2779381987,2779383085,15678,1098
5277.929991,2779404057,2779405170,15917,1113
5277.942012,2779412890,2779413999,15974,1109
5278.053215,2779494535,2779495636,15600,1101
5278.065249,2779503396,2779504500,15946,1104
5278.155419,2779569491,2779570597,15941,1106
5278.167441,2779578311,2779579415,15869,1104
5278.179454,2779587140,2779588246,15610,1106
5278.191487,2779595976,2779597081,15979,1105
5278.203507,2779604788,2779605901,15957,1113
5278.215530,2779613572,2779614680,15686,1108
5278.257611,2779644453,2779645557,15964,1104
5278.269631,2779653317,2779654431,15849,1114
5278.281658,2779662149,2779663263,15851,1114
5278.293679,2779670975,2779672077,15915,1102
5278.368817,2779726075,2779727183,15835,1108
5278.380847,2779734905,2779736010,15940,1105
5278.395869,2779745955,2779747064,15815,1109
5278.407898,2779754779,2779755885,15939,1106
5278.419919,2779763610,2779764719,15961,1109
5278.431935,2779772421,2779773524,15621,1103
5278.443967,2779781271,2779782384,15910,1113
5278.455987,2779790101,2779791213,15959,1112
5278.477021,2779805562,2779806674,15676,1112
5278.489056,2779814434,2779815546,15908,1112
5278.504072,2779825457,2779826559,15602,1102
5278.516105,2779834273,2779835382,15861,1109
5278.528126,2779843101,2779844211,15975,1110
5278.540141,2779851883,2779852996,15603,1113
5278.552174,2779860714,2779861823,15946,1109
5278.564196,2779869529,2779870634,15911,1105
5278.576210,2779878345,2779879445,15601,1100
5278.588240,2779887152,2779888225,15747,1073
5278.600264,2779895940,2779897045,15931,1105
5278.615294,2779906945,2779908053,15882,1108
5278.669395,2779946615,2779947720,15904,1105
5278.681420,2779955497,2779956602,15945,1105
5278.693432,2779964309,2779965416,15595,1107
5278.705466,2779973137,2779974245,16022,1108
5278.717487,2779981975,2779983078,15982,1103
5278.729501,2779990754,2779991861,15602,1107
5278.792621,2780037049,2780038147,15604,1098
5278.804652,2780045850,2780046932,15747,1082
5278.825693,2780061330,2780062430,15974,1100
5278.837707,2780070155,2780071265,15604,1110
5278.849737,2780078973,2780080051,15746,1078
5278.864760,2780089988,2780091090,15820,1102
5278.876789,2780098836,2780099950,15912,1114
5278.888814,2780107712,2780108814,15986,1102
5278.900827,2780116492,2780117597,15604,1105
5278.912860,2780125307,2780126407,15899,1100
5278.951933,2780153984,2780155093,16059,1109
5278.963949,2780162841,2780163950,15824,1109
5278.975980,2780171668,2780172777,15851,1109
5278.988001,2780180501,2780181601,15886,1100
5279.000015,2780189300,2780190401,15522,1101
5279.012048,2780198126,2780199234,15903,1108
5279.030083,2780211322,2780212431,15941,1109
5279.042104,2780220158,2780221258,15973,1100
5279.069157,2780240029,2780241134,15985,1105
5279.081173,2780249268,2780250377,15840,1109
5279.093202,2780258114,2780259218,15941,1104
5279.105223,2780266954,2780268060,15959,1106
5279.123256,2780280202,2780281307,15961,1105
5279.138288,2780291196,2780292306,16024,1110
5279.159327,2780306633,2780307747,15992,1114
5279.225446,2780355162,2780356262,15939,1100
5279.237476,2780363983,2780365086,16022,1103
5279.252495,2780374987,2780376097,15614,1110
5279.264525,2780383841,2780384945,15823,1104
5279.288563,2780401478,2780402580,15616,1102
5279.300598,2780410314,2780411419,15856,1105
5279.324633,2780427919,2780429027,15606,1108
5279.336666,2780436748,2780437853,15939,1105
5279.432839,2780507234,2780508335,15602,1101
5279.444871,2780516087,2780517192,15910,1105
5279.468907,2780533761,2780534862,15680,1101
5279.480941,2780542575,2780543684,16028,1109
5279.495958,2780553566,2780554669,15604,1103
5279.507991,2780562392,2780563497,15911,1105
5279.526025,2780575641,2780576750,15994,1109
5279.538046,2780584483,2780585593,15961,1110
5279.553076,2780595539,2780596634,15939,1095
5279.565098,2780604389,2780605503,15975,1114
5279.580127,2780615454,2780616554,15908,1100
5279.592134,2780624199,2780625304,15759,1105
5279.604173,2780632958,2780634037,15915,1079
5279.646246,2780663561,2780664662,15746,1101
5279.658266,2780672336,2780673441,15831,1105
5279.700341,2780703084,2780704190,15757,1106
5279.712374,2780711877,2780712982,15838,1105
5279.724402,2780720672,2780721782,15886,1110
5279.736422,2780729437,2780730537,15918,1100
5279.751453,2780740386,2780741489,15980,1103
5279.763461,2780749212,2780750320,15678,1108
5279.775494,2780757973,2780759076,15636,1103
5279.787522,2780766746,2780767851,15979,1105
5279.808545,2780782070,2780783172,15677,1102
5279.820580,2780790816,2780791915,15563,1099
5279.856643,2780817168,2780818275,15810,1107
5279.868676,2780825959,2780827058,15975,1099
5279.880696,2780834726,2780835840,15949,1114
5279.892716,2780843480,2780844581,15599,1101
5279.913763,2780858839,2780859945,15963,1106
5279.925770,2780867609,2780868712,15676,1103
5279.937801,2780876379,2780877481,15835,1102
5279.949830,2780885169,2780886269,15973,1100
5279.964850,2780896202,2780897313,15606,1111
5279.976882,2780904988,2780906093,15941,1105
5279.988888,2780913770,2780914876,15680,1106
5280.040000,2780951107,2780952217,15966,1110
5280.052020,2780959887,2780960996,15956,1109
5280.064042,2780968664,2780969739,15884,1075
5280.082076,2780981776,2780982881,15646,1105
5280.094103,2780990549,2780991662,15962,1113
5280.124146,2781012490,2781013592,15686,1102
5280.136180,2781021254,2781022355,15657,1101
5280.148206,2781030023,2781031122,15963,1099
5280.169245,2781045397,2781046497,15952,1100
5280.181265,2781054182,2781055283,15652,1101
5280.236365,2781095800,2781096908,15978,1108
5280.265431,2781115551,2781116661,16060,1110
5280.277453,2781124332,2781125441,15955,1109
5280.295471,2781137476,2781138579,15681,1103
5280.307506,2781146227,2781147332,15638,1105
5280.319534,2781155019,2781156127,16062,1108
5280.331556,2781163835,2781164935,16031,1100
5280.343570,2781172621,2781173721,15711,1100
5280.355603,2781181484,2781182597,16050,1113
5280.367613,2781190332,2781191440,15643,1108
5280.379649,2781199193,2781200303,15902,1110
5280.391670,2781208048,2781209158,15973,1110
5280.403685,2781216873,2781217979,15520,1106
5280.415719,2781225718,2781226829,15944,1111
5280.427739,2781234598,2781235707,15885,1109
5280.439746,2781243337,2781244435,15681,1098
5280.451775,2781252126,2781253226,15811,1100
5280.487848,2781278454,2781279556,15642,1102
5280.499876,2781287247,2781288351,15954,1104
5280.511883,2781295972,2781297075,15685,1103
5280.523917,2781304774,2781305880,15638,1106
5280.535947,2781313587,2781314690,15989,1103
5280.547959,2781322344,2781323440,15641,1096
5280.559985,2781331114,2781332217,15640,1103
5280.572014,2781339896,2781341001,15892,1105
5280.584036,2781349083,2781350183,15949,1100
5280.602069,2781362274,2781363377,15953,1103
5280.614089,2781371062,2781372169,15712,1107
5280.626116,2781379841,2781380945,15973,1104
5280.704256,2781436853,2781437955,15677,1102
5280.716289,2781445664,2781446774,16047,1110
5280.728298,2781454418,2781455524,15721,1106
5280.740329,2781463246,2781464350,15908,1104
5280.804445,2781511517,2781512626,16057,1109
5280.839517,2781535633,2781536734,15640,1101
5280.851546,2781544463,2781545563,15996,1100
5280.863553,2781553237,2781554338,15683,1101
5280.875586,2781561993,2781563069,15836,1076
5280.887615,2781570744,2781571821,15828,1077
5280.899620,2781579461,2781580572,15679,1111
5280.911654,2781588226,2781589329,15642,1103
5280.923682,2781597013,2781598117,15975,1104
5280.935694,2781605778,2781606884,15714,1106
5280.947722,2781614603,2781615713,15828,1110
5280.968768,2781629955,2781631055,15979,1100
5280.980775,2781638705,2781639808,15681,1103
5281.001822,2781654096,2781655197,15635,1101
5281.013855,2781662873,2781663951,15823,1078
5281.088981,2781717602,2781718700,15687,1098
5281.101014,2781726367,2781727468,15734,1101
5281.125049,2781743942,2781745048,15756,1106
5281.137083,2781752700,2781753805,15638,1105
5281.149113,2781761525,2781762625,16036,1100
5281.161118,2781770292,2781771394,15684,1102
5281.212231,2781807476,2781808581,15975,1105
5281.224238,2781816232,2781817338,15680,1106
5281.236268,2781825032,2781826136,15633,1104
5281.251291,2781836039,2781837145,15676,1106
5281.263323,2781844789,2781845891,15636,1102
5281.332444,2781895229,2781896337,15677,1108
5281.344472,2781904013,2781905091,15602,1078
5281.356502,2781912806,2781913911,15853,1105
5281.368512,2781921561,2781922667,15644,1106
5281.432656,2781969809,2781970906,15638,1097
5281.449668,2781980806,2781981912,15638,1106
5281.512788,2782026889,2782027986,15681,1097
5281.524820,2782035643,2782036750,15641,1107
5281.536849,2782044440,2782045541,15973,1101
5281.548856,2782053250,2782054356,15679,1106
5281.608987,2782097164,2782098269,15966,1105
5281.620992,2782105901,2782107010,15680,1109
5281.637040,2782119061,2782120164,15638,1103
5281.741227,2782193641,2782194751,15808,1110
5281.753260,2782202438,2782203546,15896,1108
5281.771295,2782215660,2782216764,15977,1104
5281.783301,2782224402,2782225508,15686,1106
5281.795335,2782233191,2782234296,15655,1105
5281.816381,2782248569,2782249678,15985,1109
5281.828386,2782257368,2782258476,15681,1108
5281.855452,2782277147,2782278247,16031,1100
5281.867472,2782285893,2782286999,15718,1106
5281.879500,2782294691,2782295790,15981,1099
5281.891507,2782303428,2782304529,15683,1101
5281.912558,2782318787,2782319859,15829,1072
5281.924587,2782327517,2782328590,15786,1073
5281.960655,2782353774,2782354879,15978,1105
5281.972674,2782362659,2782363758,15892,1099
5281.993712,2782378023,2782379129,15640,1106
5282.005740,2782386815,2782387919,15974,1104
5282.023774,2782399946,2782401049,15973,1103
5282.035789,2782408694,2782409793,15640,1099
5282.053815,2782421856,2782422967,15678,1111
5282.065849,2782430611,2782431686,15787,1075
5282.089884,2782448148,2782449251,15681,1103
5282.100422,2782456067,2782457171,15948,1104
5282.112428,2782464890,2782465990,15598,1100
5282.124459,2782473672,2782474782,15835,1110
5282.148495,2782491239,2782492336,15682,1097
5282.160529,2782499990,2782501091,15652,1101
5282.172556,2782508782,2782509891,16056,1109
5282.184571,2782517546,2782518637,15650,1091
5282.259718,2782572329,2782573430,15712,1101
5282.289782,2782594306,2782595411,15999,1105
5282.301787,2782603098,2782604199,15679,1101
5282.373924,2782655739,2782656836,15679,1097
5282.385959,2782664550,2782665654,15826,1104
5282.409993,2782682086,2782683187,15679,1101
5282.422027,2782690839,2782691940,15637,1101
5282.494164,2782743423,2782744526,15636,1103
5282.506192,2782752213,2782753312,15931,1099
5282.525228,2782767493,2782768598,15676,1105
5282.584330,2782809179,2782810276,15814,1097
5282.596361,2782817999,2782819104,15853,1105
5282.701558,2782894744,2782895848,15647,1104
5282.713585,2782903536,2782904636,16043,1100
5282.791726,2782960444,2782961545,15637,1101
5282.803755,2782969271,2782970369,15944,1098
5282.815766,2782978056,2782979153,15674,1097
5282.827805,2782986796,2782987904,15709,1108
5282.839826,2782995579,2782996689,15971,1110
5282.851833,2783004340,2783005444,15681,1104
5282.869867,2783017495,2783018602,15680,1107
5282.881896,2783026303,2783027412,15809,1109
5282.908953,2783046050,2783047161,15636,1111
5282.920981,2783054826,2783055926,15979,1100
5282.954038,2783078919,2783080025,15650,1106
5282.966065,2783087705,2783088805,16049,1100
5282.996107,2783109612,2783110715,15753,1103
5283.008140,2783118440,2783119549,15844,1109
5283.020168,2783127231,2783128335,15967,1104
5283.032192,2783136021,2783137125,15951,1104
5283.044207,2783144806,2783145910,15812,1104
5283.056238,2783153587,2783154687,15972,1100
5283.068244,2783162334,2783163439,15680,1105
5283.080273,2783171117,2783172227,15811,1110
5283.092305,2783179947,2783181025,15790,1078
5283.107330,2783190848,2783191923,15831,1075
5283.119358,2783199589,2783200698,15981,1109
5283.131365,2783208403,2783209503,15684,1100
5283.143398,2783217150,2783218225,15832,1075
5283.200513,2783258774,2783259883,15986,1109
5283.212521,2783267575,2783268683,15680,1108
5283.224559,2783276339,2783277441,15670,1102
5283.248588,2783293927,2783295034,15680,1107
5283.260621,2783302724,2783303827,15633,1103
5283.348800,2783368490,2783369595,15707,1105
5283.407907,2783410118,2783411217,16065,1099
5283.419926,2783418944,2783420043,15941,1099
5283.431947,2783427694,2783428795,15641,1101
5283.443975,2783436470,2783437580,15986,1110
5283.455994,2783445293,2783446402,15937,1109
5283.558183,2783519851,2783520956,15599,1105
5283.570215,2783528619,2783529733,16057,1114
5283.606282,2783554971,2783556073,15961,1102
5283.619811,2783565283,2783566390,15932,1107
5283.667885,2783600383,2783601484,15684,1101
5283.679915,2783609185,2783610291,15675,1106
5283.691947,2783617943,2783619048,16061,1105
5283.703967,2783626745,2783627844,16033,1099
5283.715987,2783635505,2783636603,15633,1098
5283.728017,2783644298,2783645407,16000,1109
5283.740026,2783653059,2783654169,15768,1110
5283.758057,2783666204,2783667315,15761,1111
5283.770097,2783674956,2783676062,15747,1106
5283.785108,2783685914,2783687015,15759,1101
5283.800153,2783696885,2783697988,15982,1103
5283.818187,2783710096,2783711209,15977,1113
5283.830197,2783718936,2783720042,15679,1106
5283.842228,2783727679,2783728777,15602,1098
5283.887314,2783760531,2783761636,15642,1105
5283.899342,2783769305,2783770414,15983,1109
5283.911354,2783778137,2783779243,15633,1106
5283.923377,2783786923,2783788033,15815,1110
5283.935411,2783795740,2783796849,15980,1109
5283.947417,2783804492,2783805595,15645,1103
5283.959450,2783813248,2783814323,15832,1075
5283.971478,2783821976,2783823080,15952,1104
5283.983485,2783830738,2783831843,15681,1105
5283.995519,2783839497,2783840602,15600,1105
5284.007548,2783848319,2783849424,15964,1105
5284.025583,2783861488,2783862590,15987,1102
5284.037589,2783870292,2783871393,15758,1101
5284.073657,2783896561,2783897663,15693,1102
5284.085686,2783905356,2783906462,15674,1106
5284.104721,2783920739,2783921853,15982,1114
5284.121755,2783931749,2783932853,15815,1104
5284.148811,2783951477,2783952574,15636,1097
5284.160836,2783960292,2783961401,15947,1109
5284.172845,2783969052,2783970150,15684,1098
5284.208914,2783995347,2783996452,15756,1105
5284.220943,2784004128,2784005237,15807,1109
5284.232973,2784012952,2784014065,15946,1113
5284.244984,2784021759,2784022856,15600,1097
5284.257016,2784030514,2784031615,15641,1101
5284.309126,2784069934,2784071042,15642,1108
5284.353188,2784100658,2784101768,15684,1110
5284.365228,2784109425,2784110531,15708,1106
5284.377250,2784118208,2784119312,15978,1104
5284.413319,2784144460,2784145569,15973,1109
5284.425327,2784153240,2784154341,15680,1101
5284.437360,2784161997,2784163099,15639,1102
5284.449385,2784170824,2784171927,15934,1103
5284.515504,2784218960,2784220071,15638,1111
5284.527527,2784227804,2784228906,15594,1102
5284.539560,2784236634,2784237733,15923,1099
5284.551565,2784245383,2784246486,15678,1103
5284.572617,2784260674,2784261779,15639,1105
5284.599670,2784274340,2784274962,11960,622
5284.613202,2784279512,2784280340,13394,828
5284.625221,2784288349,2784289508,16382,1159
5284.637230,2784297503,2784298657,16087,1154
5284.652274,2784309266,2784310420,16471,1154
5284.664288,2784318630,2784319815,16087,1185
5284.676313,2784328007,2784329192,15962,1185
5284.688338,2784337336,2784338530,16345,1194
5284.727400,2784367705,2784368886,16083,1181
5284.739434,2784376993,2784378175,16123,1182
5284.757468,2784391005,2784392191,16042,1186
5284.769497,2784400436,2784401595,16453,1159
5284.787531,2784414448,2784415617,16472,1169
5284.799539,2784423716,2784424869,16084,1153
5284.811578,2784433028,2784434158,16327,1130
5284.829605,2784447013,2784448198,16117,1185
5284.841633,2784456397,2784457561,16467,1164
5284.853643,2784465753,2784466939,16081,1186
5284.865669,2784475055,2784476243,16232,1188
5284.901743,2784503278,2784504439,16049,1161
5284.913770,2784512590,2784513754,16360,1164
5284.925777,2784521866,2784523054,16044,1188
5284.937811,2784531230,2784532416,16044,1186
5284.949838,2784540591,2784541772,16336,1181
5284.961853,2784549911,2784551096,16041,1185
5284.973881,2784559302,2784560465,16230,1163
5284.988897,2784570929,2784572110,16157,1181
5285.000931,2784580184,2784581350,16049,1166
5285.012959,2784589535,2784590728,16364,1193
5285.027979,2784601254,2784602440,16120,1186
5285.040012,2784610651,2784611784,16228,1133
5285.052030,2784620009,2784621173,16424,1164
5285.065055,2784631742,2784632904,16379,1162
5285.088087,2784648216,2784649402,16080,1186
5285.101611,2784656864,2784657970,15639,1106
5285.113641,2784665656,2784666765,15818,1109
5285.125673,2784674439,2784675544,15967,1105
5285.140695,2784685837,2784686947,15633,1110
5285.161742,2784701211,2784702311,15954,1100
5285.173749,2784709998,2784711104,15640,1106
5285.185780,2784718802,2784719905,15633,1103
5285.200814,2784729800,2784730911,15949,1111
5285.212829,2784738593,2784739693,15896,1100
5285.227855,2784749551,2784750657,15761,1106
5285.239884,2784758338,2784759443,15826,1105
5285.251913,2784767110,2784768220,15972,1110
5285.264943,2784778054,2784779160,15626,1106
5285.276951,2784786840,2784787951,15974,1111
5285.299989,2784802222,2784803327,15678,1105
5285.312022,2784811032,2784812141,15836,1109
5285.324050,2784819829,2784820938,15972,1109
5285.336070,2784828649,2784829754,15929,1105
5285.348091,2784837418,2784838515,15560,1097
5285.360118,2784846252,2784847362,15867,1110
5285.372125,2784855028,2784856138,15596,1110
5285.384160,2784863794,2784864906,15651,1112
5285.396187,2784872688,2784873800,15905,1112
5285.408213,2784881538,2784882652,16014,1114
5285.420228,2784890438,2784891547,15869,1109
5285.432256,2784899289,2784900398,15852,1109
5285.444277,2784908173,2784909287,15955,1114
5285.456299,2784917009,2784918117,15646,1108
5285.468326,2784925889,2784927003,16014,1114
5285.480343,2784934731,2784935841,15964,1110
5285.492366,2784943536,2784944640,15921,1104
5285.504390,2784952359,2784953465,15847,1106
5285.516402,2784961157,2784962262,15680,1105
5285.528434,2784969948,2784971051,15643,1103
5285.540462,2784978728,2784979835,16053,1107
5285.552469,2784987481,2784988587,15755,1106
5285.564503,2784996250,2784997358,15650,1108
5285.576531,2785005031,2785006104,15720,1073
5285.591552,2785015999,2785017110,15809,1111
5285.603583,2785024827,2785025932,15967,1105
5285.615591,2785033625,2785034725,15683,1100
5285.633623,2785046753,2785047855,15682,1102
5285.645657,2785055510,2785056611,15643,1101
5285.657684,2785064290,2785065399,16030,1109
5285.669706,2785073087,2785074186,15947,1099
5285.681726,2785081847,2785082958,15641,1111
5285.693754,2785090642,2785091751,15975,1109
5285.705768,2785099471,2785100574,15599,1103
5285.741831,2785125832,2785126934,15681,1102
5285.753870,2785134587,2785135690,15713,1103
5285.765890,2785143363,2785144469,15927,1106
5285.777911,2785152135,2785153234,15956,1099
5285.796955,2785167471,2785168579,15630,1108
5285.813968,2785178501,2785179598,15678,1097
5285.826000,2785187248,2785188320,15831,1072
5285.838025,2785196028,2785197132,16023,1104
5285.850035,2785204777,2785205888,15679,1111
5285.868078,2785217936,2785219041,15673,1105
5285.880101,2785226764,2785227868,15819,1104
5285.892130,2785235547,2785236656,15882,1109
5285.904145,2785244332,2785245430,15633,1098
5285.916171,2785253107,2785254212,15641,1105
5285.928199,2785261893,2785262997,15973,1104
5285.949231,2785277356,2785278466,15610,1110
5285.961263,2785286214,2785287324,15941,1110
5285.973286,2785295107,2785296220,16058,1113
5285.988312,2785306153,2785307232,15743,1079
5286.000334,2785315014,2785316127,15941,1113
5286.012357,2785323886,2785324996,15856,1110
5286.033400,2785339428,2785340541,16024,1113
5286.045422,2785348338,2785349442,15971,1104
5286.063455,2785361624,2785362732,15950,1108
5286.076986,2785371607,2785372715,15987,1108
5286.088999,2785380692,2785381803,15944,1111
5286.101029,2785389552,2785390665,15862,1113
5286.113049,2785398424,2785399537,15950,1113
5286.125068,2785407293,2785408407,15810,1114
5286.152117,2785427220,2785428323,15615,1103
5286.164143,2785436011,2785437113,15737,1102
5286.176171,2785444781,2785445859,15801,1078
5286.188178,2785453492,2785454600,15676,1108
5286.215229,2785473309,2785474415,15681,1106
5286.230274,2785484271,2785485380,15978,1109
5286.242281,2785493042,2785494143,15680,1101
5286.257324,2785504020,2785505093,15797,1073
5286.269334,2785512773,2785513881,15682,1108
5286.288387,2785528263,2785529367,15826,1104
5286.308418,2785541415,2785542521,15642,1106
5286.320447,2785550206,2785551315,15974,1109
5286.356515,2785576613,2785577720,15987,1107
5286.368535,2785585415,2785586519,15951,1104
5286.392582,2785602944,2785604044,15981,1100
5286.404589,2785611695,2785612796,15682,1101
5286.419634,2785622675,2785623782,15968,1107
5286.431641,2785631428,2785632534,15682,1106
5286.443675,2785640188,2785641289,15640,1101
5286.455704,2785649058,2785650167,15957,1109
5286.467710,2785657815,2785658916,15684,1101
5286.479743,2785666607,2785667709,15639,1102
5286.491768,2785675445,2785676550,15938,1105
5286.509805,2785688620,2785689724,15967,1104
5286.521812,2785697380,2785698487,15681,1107
5286.560897,2785725955,2785727064,15817,1109
5286.572925,2785734738,2785735842,15977,1104
5286.596973,2785752254,2785753359,15712,1105
5286.608996,2785761041,2785762114,15822,1073
5286.624018,2785771942,2785773014,15915,1072
5286.636046,2785780728,2785781833,15961,1105
5286.648063,2785789942,2785791058,15838,1116
5286.660082,2785798785,2785799891,15606,1106
5286.672114,2785807572,2785808677,15978,1105
5286.684121,2785816354,2785817456,15685,1102
5286.696161,2785825140,2785826246,15714,1106
5286.708180,2785833956,2785835065,15939,1109
5286.720190,2785842715,2785843812,15760,1097
5286.732224,2785851457,2785852558,15643,1101
5286.744253,2785860241,2785861350,15980,1109
5286.756259,2785869037,2785870140,15682,1103
5286.771303,2785879991,2785881100,15969,1109
5286.783310,2785888747,2785889848,15688,1101
5286.795350,2785897492,2785898602,15711,1110
5286.807368,2785906326,2785907436,15938,1110
5286.819378,2785915074,2785916175,15681,1101
5286.831408,2785923842,2785924951,15638,1109
5286.843440,2785932631,2785933741,15970,1110
5286.855448,2785941420,2785942523,15680,1103
5286.867481,2785950168,2785951266,15640,1098
5286.879511,2785958932,2785960005,15824,1073
5286.891530,2785967735,2785968840,15952,1105
5286.909550,2785980895,2785982001,15760,1106
5286.921584,2785989645,2785990743,15721,1098
5286.933611,2785998434,2785999540,16051,1106
5286.951648,2786011659,2786012764,16071,1105
5286.963654,2786020500,2786021598,15757,1098
5286.975687,2786029255,2786030361,15641,1106
5286.996732,2786044600,2786045698,15955,1098
5287.008740,2786053400,2786054506,15609,1106
5287.047819,2786081929,2786083032,15813,1103
5287.059851,2786090720,2786091826,16052,1106
5287.071858,2786099471,2786100573,15682,1102
5287.083892,2786108232,2786109343,15644,1111
5287.095920,2786117042,2786118142,15951,1100
5287.107927,2786125801,2786126902,15685,1101
5287.119961,2786134540,2786135638,15645,1098
5287.131989,2786143320,2786144427,15981,1107
5287.144003,2786152107,2786153204,15637,1097
5287.162031,2786165326,2786166422,15680,1096
5287.174064,2786174084,2786175185,15719,1101
5287.267246,2786242050,2786243150,16053,1100
5287.282270,2786252978,2786254089,15645,1111
5287.297289,2786263999,2786265103,15683,1104
5287.309320,2786272932,2786274036,15826,1104
5287.369425,2786316878,2786317980,15760,1102
5287.381459,2786325662,2786326767,15725,1105
5287.465620,2786387072,2786388186,15944,1114
5287.477632,2786395836,2786396937,15684,1101
5287.489671,2786404620,2786405722,15713,1102
5287.501692,2786413397,2786414511,15972,1114
5287.516712,2786424465,2786425566,15605,1101
5287.528743,2786433246,2786434355,15972,1109
5287.573829,2786466203,2786467312,15971,1109
5287.585837,2786475002,2786476105,15680,1103
5287.597869,2786483751,2786484856,15601,1105
5287.609897,2786492517,2786493619,15970,1102
5287.676007,2786540709,2786541815,15677,1106
5287.688047,2786549466,2786550571,15712,1105
5287.700069,2786558253,2786559367,15974,1114
5287.712092,2786567071,2786568166,15956,1095
5287.724110,2786575851,2786576953,15722,1102
5287.736139,2786584670,2786585777,15964,1107
5287.748146,2786593455,2786594562,15681,1107
5287.760174,2786602238,2786603344,15636,1106
5287.772208,2786611037,2786612117,15821,1080
5287.790241,2786624212,2786625321,15960,1109
5287.802249,2786633045,2786634147,15683,1102
5287.841328,2786661540,2786662644,15823,1104
5287.853363,2786670399,2786671477,15803,1078
5287.892419,2786698903,2786700009,15677,1106
5287.904449,2786707698,2786708805,15634,1107
5287.916482,2786716497,2786717604,15898,1107
5287.928487,2786725260,2786726361,15682,1101
5287.943533,2786736276,2786737381,15990,1105
5287.955539,2786745046,2786746148,15681,1102
5287.967573,2786753814,2786754916,15643,1102
5287.979600,2786762608,2786763711,15976,1103
5287.991607,2786771368,2786772476,15676,1108
5288.003641,2786780125,2786781231,15646,1106
5288.015671,2786788993,2786790098,15956,1105
5288.069772,2786828530,2786829634,16052,1104
5288.081779,2786837288,2786838400,15686,1112
5288.120864,2786865767,2786866842,15913,1075
5288.132893,2786874602,2786875711,15911,1109
5288.153916,2786889986,2786891083,15675,1097
5288.164454,2786898136,2786899252,16025,1116
5288.176461,2786906999,2786908105,15756,1106
5288.188488,2786915775,2786916883,15895,1108
5288.200518,2786924587,2786925692,15936,1105
5288.221544,2786939973,2786941084,15678,1111
5288.233585,2786948749,2786949851,15709,1102
5288.263641,2786970649,2786971755,15974,1106
5288.305715,2787001347,2787002453,15639,1106
5288.317744,2787010118,2787011228,15977,1110
5288.329751,2787018881,2787019986,15677,1105
5288.344796,2787029891,2787030994,15961,1103
5288.356802,2787038645,2787039747,15681,1102
5288.371847,2787049606,2787050709,15974,1103
5288.383861,2787058408,2787059514,15638,1106
5288.395887,2787067232,2787068305,15656,1073
5288.407915,2787075981,2787077089,15973,1108
5288.419923,2787084761,2787085862,15682,1101
5288.440973,2787100106,2787101212,15648,1106
5288.452996,2787108921,2787110030,15838,1109
5288.469021,2787122083,2787123187,15960,1104
5288.489070,2787135234,2787136343,15983,1109
5288.501078,2787144026,2787145132,15677,1106
5288.525138,2787161600,2787162707,15974,1107
5288.537157,2787170423,2787171532,15926,1109
5288.549177,2787179264,2787180373,15836,1109
5288.561204,2787188100,2787189205,16021,1105
5288.573215,2787196928,2787198030,15755,1102
5288.636334,2787243019,2787244125,15756,1106
5288.648368,2787251790,2787252901,15713,1111
5288.663387,2787262812,2787263921,15678,1109
5288.675419,2787271573,2787272681,15639,1108
5288.687448,2787280409,2787281518,15988,1109
5288.699454,2787289173,2787290275,15679,1102
5288.711486,2787298003,2787299112,15823,1109
5288.723515,2787306797,2787307901,15885,1104
5288.735522,2787315538,2787316645,15602,1107
5288.747557,2787324376,2787325489,15830,1113
5288.759585,2787333250,2787334363,15951,1113
5288.771593,2787342053,2787343154,15681,1101
5288.789627,2787355273,2787356381,15683,1108
5288.801658,2787364106,2787365210,15818,1104
5288.813691,2787373064,2787374173,15980,1109
5288.825695,2787381855,2787382963,15759,1108
5288.852747,2787401666,2787402772,15686,1106
5288.864777,2787410478,2787411593,15819,1115
5288.903860,2787439124,2787440229,15979,1105
5288.915867,2787447909,2787449014,15681,1105
5288.927901,2787456720,2787457794,15681,1074
5288.948945,2787472109,2787473219,15975,1110
5288.960954,2787480953,2787482053,15756,1100
5289.057151,2787551392,2787552497,15978,1105
5289.069159,2787560225,2787561327,15683,1102
5289.156340,2787624026,2787625126,15977,1100
5289.172856,2787636205,2787637313,15677,1108
5289.184887,2787645049,2787646158,15849,1109
5289.223969,2787673687,2787674801,15981,1114
5289.235976,2787682473,2787683574,15680,1101
5289.248007,2787691261,2787692370,15903,1109
5289.266041,2787704465,2787705569,15900,1104
5289.278070,2787713328,2787714431,16041,1103
5289.365229,2787777204,2787778313,15817,1109
5289.377258,2787786219,2787787319,15870,1100
5289.449397,2787839040,2787840145,15984,1105
5289.461405,2787847816,2787848912,15768,1096
5289.572630,2787929307,2787930412,15965,1105
5289.584656,2787938184,2787939289,16020,1105
5289.599676,2787949190,2787950294,15901,1104
5289.611706,2787958017,2787959130,15981,1113
5289.623722,2787966855,2787967965,15849,1110
5289.644762,2787982339,2787983417,15651,1078
5289.656792,2787991119,2787992228,15985,1109
5289.668799,2787999888,2788000993,15682,1105
5289.680831,2788009130,2788010242,15927,1112
5289.695851,2788020197,2788021305,15690,1108
5289.707881,2788029032,2788030137,15822,1105
5289.719912,2788037876,2788038979,15959,1103
5289.737946,2788051097,2788052197,15961,1100
5289.749953,2788059861,2788060964,15683,1103
5289.761984,2788068675,2788069787,15821,1112
5289.774012,2788077503,2788078612,15981,1109
5289.786033,2788086356,2788087456,15936,1100
5289.798053,2788095205,2788096314,15824,1109
5289.813074,2788106211,2788107312,15691,1101
5289.825101,2788115030,2788116139,15732,1109
5289.837135,2788123858,2788124969,15977,1111
5289.849142,2788132675,2788133776,15682,1101
5289.861173,2788141494,2788142598,15822,1104
5289.897242,2788167927,2788169042,15829,1115
5289.909272,2788176739,2788177843,15981,1104
5289.921285,2788185553,2788186651,15603,1098
5289.933310,2788194391,2788195499,15790,1108
5289.945340,2788203210,2788204317,15975,1107
5289.960361,2788214200,2788215309,15818,1109
5289.972389,2788223026,2788224131,15948,1105
5289.993416,2788238480,2788239575,15684,1095
5290.005447,2788247299,2788248407,15824,1108
5290.024490,2788262764,2788263869,15940,1105
5290.128673,2788337623,2788338723,15680,1100
5290.140704,2788346432,2788347542,15815,1110
5290.161752,2788361829,2788362932,15957,1103
5290.173772,2788370644,2788371753,15958,1109
5290.185789,2788379469,2788380573,15715,1104
5290.200811,2788390450,2788391552,15688,1102
5290.212842,2788399324,2788400432,15832,1108
5290.224872,2788408179,2788409292,15941,1113
5290.239893,2788419168,2788420282,15820,1114
5290.251924,2788428038,2788429147,15958,1109
5290.281976,2788450098,2788451203,15940,1105
5290.293994,2788458920,2788460029,15841,1109
5290.342095,2788494191,2788495300,15984,1109
5290.354102,2788502993,2788504094,15757,1101
5290.384168,2788525039,2788526139,15908,1100
5290.396198,2788533865,2788534979,15979,1114
5290.408216,2788542717,2788543826,15939,1109
5290.420233,2788551585,2788552696,15817,1111
5290.432266,2788560435,2788561542,15975,1107
5290.444274,2788569253,2788570360,15694,1107
5290.456307,2788578105,2788579216,15824,1111
5290.555493,2788650895,2788652002,15900,1107
5290.567521,2788659716,2788660823,15952,1107
5290.579531,2788668524,2788669627,15687,1103
5290.591563,2788677331,2788678409,15657,1078
5290.603592,2788686115,2788687213,15982,1098
5290.615611,2788694927,2788696036,15848,1109
5290.627630,2788703741,2788704845,15815,1104
5290.664698,2788732359,2788733464,15947,1105
5290.729832,2788778643,2788779749,15983,1106
5290.741840,2788787427,2788788529,15687,1102
5290.759874,2788800642,2788801745,15688,1103
5290.771906,2788809507,2788810616,15845,1109
5290.783935,2788818327,2788819430,15976,1103
5290.795943,2788827121,2788828232,15691,1111
5290.807974,2788835952,2788837061,15779,1109
5290.820006,2788844778,2788845887,16067,1109
5290.832011,2788853573,2788854669,15683,1096
5290.844042,2788862391,2788863499,15736,1108
5290.856072,2788871241,2788872354,15870,1113
5290.874106,2788884516,2788885630,15947,1114
5290.889128,2788895563,2788896662,15781,1099
5290.904148,2788906573,2788907673,15683,1100
5290.922183,2788919766,2788920872,15682,1106
5290.934214,2788928563,2788929676,15824,1113
5290.946244,2788937402,2788938512,15979,1110
5290.985302,2788966021,2788967127,15683,1106
5290.997336,2788974873,2788975977,15827,1104
5291.021371,2788992488,2788993588,15683,1100
5291.033405,2789001351,2789002451,15840,1100
5291.081499,2789036649,2789037758,16028,1109
5291.093520,2789045498,2789046592,15945,1094
5291.159648,2789093982,2789095086,15877,1104
5291.184702,2789113856,2789114965,15800,1109
5291.201716,2789125337,2789126443,15681,1106
5291.233275,2789148688,2789149794,15686,1106
5291.245307,2789157535,2789158645,15829,1110
5291.257335,2789166396,2789167496,15953,1100
5291.269343,2789175169,2789176267,15685,1098
5291.299408,2789197249,2789198358,15817,1109
5291.311436,2789206079,2789207182,15947,1103
5291.323446,2789214918,2789216025,15684,1107
5291.341480,2789228112,2789229213,15678,1101
5291.353511,2789236922,2789238022,15816,1100
5291.371545,2789250125,2789251239,15820,1114
5291.404600,2789274333,2789275438,15682,1105
5291.416631,2789283188,2789284293,15800,1105
5291.428661,2789291999,2789293106,15979,1107
5291.443682,2789302993,2789304097,15820,1104
5291.464730,2789318475,2789319578,16031,1103
5291.476737,2789327259,2789328369,15684,1110
5291.509813,2789351526,2789352631,15955,1105
5291.521822,2789360352,2789361454,15756,1102
5291.593964,2789413214,2789414318,15841,1104
5291.605996,2789422025,2789423136,15965,1111
5291.648063,2789452885,2789453993,15682,1108
5291.660090,2789461729,2789462833,15889,1104
5291.690158,2789483719,2789484833,15982,1114
5291.702166,2789492509,2789493609,15682,1100
5291.717208,2789503586,2789504695,16021,1109
5291.783320,2789552051,2789553152,15760,1101
5291.795351,2789560857,2789561971,15826,1114
5291.807379,2789569684,2789570793,15955,1109
5291.819399,2789578526,2789579631,15940,1105
5291.831418,2789587328,2789588437,15799,1109
5291.852467,2789602748,2789603861,15975,1113
5291.864486,2789611603,2789612711,15941,1108
5291.897553,2789635874,2789636981,15958,1107
5291.912574,2789646888,2789648001,15842,1113
5291.924606,2789655707,2789656806,15888,1099
5291.975694,2789693158,2789694261,15820,1103
5291.987724,2789701969,2789703073,15974,1104
5291.999732,2789710751,2789711853,15600,1102
5292.017766,2789723961,2789725069,15682,1108
5292.029799,2789732827,2789733941,15810,1114
5292.059862,2789754870,2789755978,15996,1108
5292.071869,2789763675,2789764778,15602,1103
5292.083900,2789772532,2789773636,15828,1104
5292.101940,2789785718,2789786832,15876,1114
5292.113963,2789794566,2789795675,15859,1109
5292.128986,2789805563,2789806674,15818,1111
5292.141016,2789814428,2789815535,15957,1107
5292.162041,2789829829,2789830931,15685,1102
5292.177085,2789840818,2789841920,15975,1102
5292.189092,2789849607,2789850707,15684,1100
5292.231188,2789880456,2789881565,15975,1109
5292.246209,2789891480,2789892575,15772,1095
5292.258239,2789900316,2789901420,15898,1104
5292.270248,2789909104,2789910202,15683,1098
5292.285291,2789920155,2789921254,16060,1099
5292.297298,2789928945,2789930047,15761,1102
5292.309329,2789937796,2789938909,15851,1113
5292.324349,2789948846,2789949953,15755,1107
5292.340393,2789962063,2789963164,15685,1101
5292.393496,2789999489,2790000599,15973,1110
5292.405515,2790008314,2790009423,15952,1109
5292.444586,2790036914,2790038019,15817,1105
5292.459606,2790047939,2790049041,15682,1102
5292.480654,2790063399,2790064503,15811,1104
5292.492685,2790072237,2790073346,15957,1109
5292.504704,2790081088,2790082190,15958,1102
5292.544774,2790111927,2790113036,15981,1109
5292.648972,2790186836,2790187939,15604,1103
5292.664010,2790197883,2790198992,15969,1109
5292.677045,2790208904,2790210013,15824,1109
5292.709095,2790231001,2790232105,15949,1104
5292.721106,2790240180,2790241283,15685,1103
5292.733135,2790249017,2790250126,15822,1109
5292.760186,2790268847,2790269955,15824,1108
5292.772217,2790277705,2790278814,15961,1109
5292.784224,2790286488,2790287591,15686,1103
5292.796261,2790295292,2790296400,15884,1108
5292.808284,2790304149,2790305258,15944,1109
5292.820293,2790312950,2790314057,15691,1107
5292.832323,2790321762,2790322871,15818,1109
5292.847349,2790332768,2790333871,15597,1103
5292.871406,2790350446,2790351556,15981,1110
5292.883411,2790359275,2790360380,15760,1105
5292.895450,2790368119,2790369223,15899,1104
5292.907473,2790376965,2790378070,15953,1105
5292.919481,2790385746,2790386852,15686,1106
5292.931512,2790394607,2790395717,15834,1110
5292.943542,2790403431,2790404534,16057,1103
5292.955549,2790412225,2790413333,15762,1108
5292.967580,2790421092,2790422205,15908,1113
5292.979611,2790429927,2790431037,16059,1110
5292.991618,2790438710,2790439801,15763,1091
5293.003649,2790447530,2790448634,15842,1104
5293.015679,2790456344,2790457449,15976,1105
5293.027698,2790465162,2790466271,15943,1109
5293.039718,2790474010,2790475120,15829,1110
5293.051749,2790482825,2790483929,15995,1104
5293.063755,2790491607,2790492712,15684,1105
5293.081789,2790504855,2790505961,15681,1106
5293.093827,2790513683,2790514786,15885,1103
5293.129889,2790540165,2790541275,15815,1110
5293.141919,2790549020,2790550123,15957,1103
5293.160954,2790564402,2790565513,15682,1111
5293.172984,2790573231,2790574326,15811,1095
5293.193015,2790586437,2790587541,15881,1104
5293.205038,2790595294,2790596408,15941,1114
5293.256129,2790632679,2790633783,15816,1104
5293.268160,2790641498,2790642601,16059,1103
5293.280178,2790650320,2790651429,16019,1109
5293.292207,2790659185,2790660292,15860,1107
5293.304228,2790668063,2790669166,15956,1103
5293.316235,2790676855,2790677960,15687,1105
5293.328266,2790685718,2790686820,15825,1102
5293.340297,2790694567,2790695672,15956,1105
5293.352304,2790703363,2790704469,15686,1106
5293.364336,2790712185,2790713263,15653,1078
5293.391392,2790732002,2790733107,15883,1105
5293.403415,2790740845,2790741954,15942,1109
5293.415424,2790749635,2790750740,15687,1105
5293.481558,2790798085,2790799185,15816,1100
5293.493587,2790806919,2790808024,15960,1105
5293.505608,2790815805,2790816914,15945,1109
5293.604784,2790888571,2790889679,15686,1108
5293.616815,2790897396,2790898496,15815,1100
5293.700981,2790959095,2790960198,15947,1103
5293.807670,2791037546,2791038643,15687,1097
5293.831733,2791049067,2791049685,12030,618
5293.845261,2791054251,2791055081,13483,830
5293.857279,2791063125,2791064274,16352,1149
5293.869295,2791072401,2791073559,16247,1158
5293.881324,2791081737,2791082897,16315,1160
5293.893347,2791091112,2791092295,16385,1183
5293.908376,2791102841,2791104027,16314,1186
5293.920400,2791112284,2791113447,16401,1163
5293.948457,2791135839,2791137034,16233,1195
5293.992536,2791168936,2791170103,16384,1167
5294.007566,2791180764,2791181923,16296,1159
5294.019589,2791190146,2791191308,16395,1162
5294.031604,2791199541,2791200726,16236,1185
5294.043634,2791208982,2791210172,16317,1190
5294.055656,2791218332,2791219525,16378,1193
5294.067672,2791227775,2791228964,16251,1189
5294.079703,2791237230,2791238418,16311,1188
5294.115772,2791265525,2791266689,16320,1164
5294.127793,2791274912,2791276106,16289,1194
5294.139810,2791284333,2791285512,16142,1179
5294.151838,2791293764,2791294953,16314,1189
5294.163863,2791303255,2791304448,16396,1193
5294.175878,2791312772,2791313960,16235,1188
5294.187909,2791322131,2791323325,16249,1194
5294.199930,2791331594,2791332754,16382,1160
5294.224978,2791352803,2791353967,16380,1164
5294.237008,2791361820,2791363022,16308,1202
5294.249525,2791371363,2791372552,16384,1189
5294.261542,2791380769,2791381958,16244,1189
5294.279576,2791394925,2791396094,16244,1169
5294.291605,2791404413,2791405609,16302,1196
5294.303629,2791413885,2791415079,16400,1194
5294.315645,2791423372,2791424537,16241,1165
5294.328331,2791432547,2791433443,15123,896
5294.341200,2791441198,2791442306,15905,1108
5294.353222,2791450059,2791451173,15970,1114
5294.365241,2791458913,2791460026,15828,1113
5294.377269,2791467786,2791468892,15902,1106
5294.395302,2791481087,2791482195,15906,1108
5294.407326,2791489955,2791491066,15987,1111
5294.419341,2791498801,2791499910,15827,1109
5294.431370,2791507656,2791508761,15909,1105
5294.443393,2791516500,2791517610,15935,1110
5294.464427,2791532005,2791533115,15802,1110
5294.476457,2791540856,2791541971,15904,1115
5294.488480,2791549736,2791550850,15989,1114
5294.500496,2791558588,2791559692,15828,1104
5294.512525,2791567437,2791568542,15907,1105
5294.524549,2791576269,2791577376,15988,1107
5294.536564,2791585138,2791586241,15800,1103
5294.548595,2791593992,2791595105,15906,1113
5294.572633,2791611720,2791612829,15849,1109
5294.584662,2791620594,2791621703,15909,1109
5294.599685,2791631669,2791632778,15836,1109
5294.611713,2791640540,2791641649,15864,1109
5294.623737,2791649411,2791650511,15946,1100
5294.635753,2791658256,2791659370,15841,1114
5294.653787,2791671547,2791672661,15841,1114
5294.665818,2791680390,2791681495,15821,1105
5294.677839,2791689247,2791690352,15974,1105
5294.689856,2791698109,2791699213,15824,1104
5294.701885,2791706976,2791708079,15908,1103
5294.713909,2791715823,2791716932,15949,1109
5294.725925,2791724681,2791725790,15827,1109
5294.743959,2791737971,2791739075,15862,1104
5294.755987,2791746826,2791747925,15904,1099
5294.768010,2791755687,2791756796,15962,1109
5294.780032,2791764550,2791765650,15887,1100
5294.792055,2791773410,2791774523,15907,1113
5294.804079,2791782272,2791783374,15976,1102
5294.816096,2791791126,2791792235,15843,1109
5294.828124,2791799986,2791801100,15910,1114
5294.840147,2791808842,2791809937,15965,1095
5294.852164,2791817671,2791818776,15862,1105
5294.864194,2791826507,2791827611,15905,1104
5294.876215,2791835370,2791836481,15959,1111
5294.888233,2791844225,2791845339,15841,1114
5294.900263,2791853106,2791854216,15908,1110
5294.912285,2791861974,2791863078,15976,1104
5294.924302,2791870817,2791871924,15845,1107
5294.936331,2791879674,2791880783,15906,1109
5294.948352,2791888558,2791889663,15873,1105
5294.960370,2791897419,2791898527,15856,1108
5294.972399,2791906253,2791907362,15908,1109
5294.996439,2791923987,2791925102,15845,1115
5295.008467,2791932862,2791933971,15905,1109
5295.032507,2791950578,2791951683,15851,1105
5295.044536,2791959439,2791960550,15989,1111
5295.056558,2791968313,2791969412,16042,1099
5295.068576,2791977162,2791978267,15864,1105
5295.092628,2791994876,2791995987,15977,1111
5295.104647,2792003732,2792004841,15843,1109
5295.143725,2792032496,2792033604,15903,1108
5295.155747,2792041377,2792042486,15960,1109
5295.167765,2792050245,2792051353,15858,1108
5295.203834,2792076823,2792077932,15845,1109
5295.215861,2792085680,2792086789,15906,1109
5295.227884,2792094541,2792095646,15913,1105
5295.239902,2792103388,2792104497,15856,1109
5295.251931,2792112254,2792113353,15911,1099
5295.263952,2792121090,2792122199,15962,1109
5295.275975,2792129936,2792131042,15825,1106
5295.294005,2792143209,2792144318,15840,1109
5295.306032,2792152085,2792153183,15822,1098
5295.316331,2792160930,2792162034,15975,1104
5295.330073,2792169780,2792170894,15855,1114
5295.348108,2792183074,2792184188,15858,1114
5295.360138,2792191938,2792193043,15819,1105
5295.372160,2792200797,2792201901,15974,1104
5295.384176,2792209627,2792210732,15826,1105
5295.396205,2792218478,2792219582,15911,1104
5295.408230,2792227318,2792228422,15992,1104
5295.420245,2792236176,2792237285,15829,1109
5295.432275,2792245056,2792246161,15902,1105
5295.444296,2792253935,2792255048,15904,1113
5295.465337,2792269511,2792270621,15913,1110
5295.477360,2792278406,2792279516,15909,1110
5295.489383,2792287302,2792288410,15910,1108
5295.513428,2792305086,2792306194,15913,1108
5295.525452,2792313947,2792315056,15913,1109
5295.544494,2792329468,2792330582,15869,1114
5295.561520,2792340570,2792341670,15929,1100
5295.573542,2792349406,2792350512,15904,1106
5295.612617,2792378177,2792379286,15990,1109
5295.624640,2792387025,2792388129,15998,1104
5295.648687,2792404736,2792405841,15909,1105
5295.660709,2792413605,2792414719,15914,1114
5295.684756,2792431398,2792432512,15911,1114
5295.696777,2792440293,2792441406,15885,1113
5295.720824,2792458070,2792459179,15911,1109
5295.732847,2792466902,2792468007,15991,1105
5295.744863,2792475749,2792476855,15824,1106
5295.756893,2792484995,2792486102,15906,1107
5295.776423,2792499595,2792500701,15792,1106
5295.788451,2792508467,2792509571,15821,1104
5295.812491,2792526184,2792527293,15828,1109
5295.824521,2792535046,2792536153,15996,1107
5295.840556,2792548341,2792549453,15989,1112
5295.860590,2792561639,2792562748,15914,1109
5295.872613,2792570499,2792571594,15911,1095
5295.884628,2792579350,2792580455,15825,1105
5295.896657,2792588201,2792589306,15821,1105
5295.911680,2792599281,2792600390,15832,1109
5295.923710,2792608145,2792609256,15915,1111
5295.935731,2792617002,2792618116,15974,1114
5295.947748,2792625865,2792626974,15844,1109
5295.965782,2792639143,2792640252,15843,1109
5295.977810,2792648016,2792649125,15906,1109
5296.040931,2792694470,2792695579,15903,1109
5296.052953,2792703324,2792704429,15961,1105
5296.064971,2792712205,2792713313,15854,1108
5296.149138,2792774195,2792775303,15916,1108
5296.161161,2792783062,2792784167,15967,1105
5296.173177,2792791925,2792793028,15801,1103
5296.185206,2792800798,2792801907,15905,1109
5296.200228,2792811857,2792812966,15824,1109
5296.212257,2792820726,2792821835,15865,1109
5296.224280,2792829570,2792830674,15982,1104
5296.237311,2792840612,2792841722,15903,1110
5296.263348,2792858309,2792859413,15844,1104
5296.329481,2792907005,2792908114,15910,1109
5296.341503,2792915863,2792916974,15976,1111
5296.353520,2792924729,2792925828,15810,1099
5296.365551,2792933574,2792934678,15911,1104
5296.377574,2792942431,2792943545,15993,1114
5296.392601,2792953510,2792954615,15904,1105
5296.425657,2792977882,2792978991,15853,1109
5296.437687,2792986748,2792987862,15912,1114
5296.473755,2793013301,2793014410,15908,1109
5296.485779,2793022170,2793023273,15947,1103
5296.575951,2793088534,2793089642,15992,1108
5296.587968,2793097407,2793098502,15834,1095
5296.599995,2793106264,2793107373,15964,1109
5296.612019,2793115122,2793116226,16044,1104
5296.624034,2793123978,2793125081,15852,1103
5296.645082,2793139470,2793140574,15990,1104
5296.657104,2793148328,2793149436,15981,1108
5296.681149,2793166063,2793167172,15915,1109
5296.693174,2793174932,2793176035,15995,1103
5296.717219,2793192646,2793193756,15913,1110
5296.729241,2793201490,2793202595,15987,1105
5296.741257,2793210330,2793211440,15898,1110
5296.789355,2793245755,2793246867,15912,1112
5296.801380,2793254806,2793255906,15956,1100
5296.813402,2793263670,2793264779,15915,1109
5296.825425,2793272531,2793273645,15913,1114
5296.840446,2793283589,2793284699,15853,1110
5296.852476,2793292446,2793293551,15915,1105
5296.892557,2793323440,2793324545,15837,1105
5296.924614,2793345580,2793346689,15915,1109
5296.936635,2793354443,2793355548,15982,1105
5296.969698,2793378819,2793379929,15911,1110
5296.981722,2793387685,2793388791,16000,1106
5296.996749,2793398774,2793399879,15829,1105
5297.011779,2793409850,2793410955,15906,1105
5297.023801,2793418698,2793419806,15911,1108
5297.035822,2793427560,2793428669,15966,1109
5297.047840,2793436398,2793437502,15866,1104
5297.059870,2793445269,2793446383,15919,1114
5297.071892,2793454124,2793455236,15898,1112
5297.089927,2793467428,2793468539,15980,1111
5297.101943,2793476295,2793477401,15852,1106
5297.150041,2793511702,2793512810,15915,1108
5297.162064,2793520562,2793521667,15879,1105
5297.193128,2793544889,2793545994,15909,1105
5297.213161,2793558184,2793559294,15920,1110
5297.225183,2793567079,2793568189,15881,1110
5297.258247,2793591399,2793592503,15914,1104
5297.273270,2793602880,2793603992,15851,1112
5297.315354,2793633899,2793635005,15968,1106
5297.327372,2793642782,2793643886,15849,1104
5297.345406,2793656055,2793657169,15860,1114
5297.357435,2793664904,2793666019,15914,1115
5297.393503,2793691458,2793692567,15918,1109
5297.405527,2793700322,2793701434,15983,1112
5297.417544,2793709168,2793710268,15824,1100
5297.429576,2793718046,2793719155,15916,1109
5297.441595,2793726909,2793728015,15984,1106
5297.453612,2793735763,2793736867,15844,1104
5297.480664,2793755716,2793756826,15837,1110
5297.492692,2793764585,2793765695,15912,1110
5297.513733,2793780105,2793781214,15984,1109
5297.525749,2793788958,2793790063,15855,1105
5297.552801,2793808870,2793809974,15853,1104
5297.567836,2793819934,2793821039,15989,1105
5297.600898,2793844266,2793845375,15916,1109
5297.612921,2793853115,2793854217,16068,1102
5297.624938,2793861962,2793863071,15936,1109
5297.640980,2793875475,2793876574,15860,1099
5297.718122,2793930808,2793931912,15916,1104
5297.730143,2793939671,2793940780,15981,1109
5297.757196,2793959587,2793960692,15921,1105
5297.769212,2793968460,2793969569,15850,1109
5297.793265,2793986163,2793987273,15990,1110
5297.805287,2793995022,2793996134,15914,1112
5297.832332,2794014984,2794016089,15863,1105
5297.844365,2794023846,2794024959,15918,1113
5297.859384,2794034903,2794036012,15835,1109
5297.871413,2794043748,2794044851,15874,1103
5297.889447,2794057022,2794058126,15911,1104
5297.901472,2794065858,2794066972,15997,1114
5297.928522,2794085793,2794086907,15982,1114
5297.943551,2794096885,2794097990,15909,1105
5298.021692,2794154455,2794155561,15851,1106
5298.033722,2794163317,2794164422,15916,1105
5298.050250,2794175779,2794176889,15902,1110
5298.143419,2794244101,2794245181,15616,1080
5298.155452,2794252894,2794254000,16000,1106
5298.167471,2794261705,2794262809,15934,1104
5298.179488,2794270515,2794271588,15618,1073
5298.191524,2794279303,2794280407,16091,1104
5298.203539,2794288123,2794289218,15867,1095
5298.215556,2794296957,2794298030,15707,1073
5298.227593,2794305722,2794306834,16093,1112
5298.239608,2794314550,2794315653,15929,1103
5298.251638,2794323382,2794324460,15672,1078
5298.263661,2794332166,2794333274,16097,1108
5298.275676,2794341004,2794342113,16013,1109
5298.287693,2794349808,2794350881,15536,1073
5298.299729,2794358607,2794359719,15996,1112
5298.311747,2794367422,2794368527,15946,1105
5298.323762,2794376236,2794377314,15599,1078
5298.335797,2794385045,2794386143,16042,1098
5298.347813,2794393825,2794394934,15836,1109
5298.359831,2794402644,2794403722,15618,1078
5298.371866,2794411413,2794412519,16084,1106
5298.453018,2794470867,2794471959,15995,1092
5298.465040,2794479680,2794480788,16029,1108
5298.477054,2794488496,2794489574,15695,1078
5298.565240,2794554603,2794555676,15616,1073
5298.585260,2794567814,2794568893,15619,1079
5298.597297,2794576603,2794577706,16170,1103
5298.609313,2794585446,2794586545,15990,1099
5298.621329,2794594252,2794595328,15622,1076
5298.633364,2794603025,2794604129,16089,1104
5298.645379,2794611842,2794612951,15920,1109
5298.660416,2794622834,2794623935,16090,1101
5298.672431,2794631636,2794632744,15926,1108
5298.684449,2794640477,2794641556,15618,1079
5298.700497,2794653685,2794654796,15858,1111
5298.768621,2794702168,2794703275,16085,1107
5298.780332,2794711373,2794712481,15919,1108
5298.804687,2794729051,2794730161,15934,1110
5298.816706,2794737886,2794738986,15945,1100
5298.828723,2794746703,2794747777,15599,1074
5298.840758,2794755521,2794756620,15967,1099
5298.879827,2794784247,2794785352,15949,1105
5298.891843,2794793073,2794794147,15615,1074
5298.903876,2794801896,2794803000,15933,1104
5298.921913,2794815109,2794816211,16091,1102
5298.933928,2794823922,2794825031,16009,1109
5298.945957,2794832740,2794833814,15830,1074
5298.985033,2794861336,2794862435,16173,1099
5298.997048,2794870131,2794871240,15944,1109
5299.012084,2794881165,2794882269,16095,1104
5299.048150,2794907591,2794908693,15998,1102
5299.060168,2794916392,2794917491,15930,1099
5299.072186,2794925196,2794926274,15619,1078
5299.084221,2794933983,2794935086,16088,1103
5299.096237,2794942808,2794943912,15945,1104
5299.108254,2794951663,2794952741,15629,1078
5299.120290,2794960441,2794961546,16096,1105
5299.147338,2794980249,2794981351,16000,1102
5299.207443,2795024340,2795025418,15694,1078
5299.219478,2795033123,2795034225,16090,1102
5299.231495,2795041919,2795043027,16016,1108
5299.243524,2795050722,2795051800,15750,1078
5299.255547,2795059503,2795060610,16089,1107
5299.291616,2795085904,2795087002,16088,1098
5299.303633,2795094746,2795095847,15946,1101
5299.315648,2795103591,2795104664,15617,1073
5299.327685,2795112383,2795113492,16090,1109
5299.339700,2795121201,2795122301,15929,1100
5299.351717,2795130001,2795131079,15616,1078
5299.363753,2795138794,2795139901,16089,1107
5299.375768,2795147612,2795148721,15927,1109
5299.387786,2795156446,2795157519,15619,1073
5299.399819,2795165281,2795166395,15936,1114
5299.411839,2795174142,2795175246,15944,1104
5299.423855,2795182963,2795184037,15620,1074
5299.435890,2795191742,2795192846,16088,1104
5299.447905,2795200563,2795201672,15959,1109
5299.459923,2795209358,2795210438,15620,1080
5299.477957,2795222584,2795223658,15688,1074
5299.489993,2795231355,2795232448,16138,1093
5299.508028,2795244588,2795245692,16092,1104
5299.520043,2795253392,2795254505,15934,1113
5299.532060,2795262241,2795263321,15618,1080
5299.550094,2795275450,2795276531,15606,1081
5299.562130,2795284234,2795285327,16091,1093
5299.655300,2795352493,2795353597,16011,1104
5299.667317,2795361317,2795362391,15618,1074
5299.679353,2795370099,2795371206,16091,1107
5299.697385,2795383329,2795384443,16016,1114
5299.709405,2795392164,2795393274,15944,1110
5299.757489,2795427420,2795428506,15618,1086
5299.769526,2795436231,2795437335,16088,1104
5299.859696,2795502322,2795503428,16050,1106
5299.871712,2795511134,2795512238,16009,1104
5299.889746,2795524347,2795525451,15940,1104
5299.901763,2795533196,2795534274,15632,1078
5299.913801,2795542014,2795543108,16087,1094
5299.925815,2795550811,2795551911,15930,1100
5299.967902,2795581611,2795582711,16092,1100
5299.979919,2795590468,2795591578,15898,1110
5299.991939,2795599280,2795600380,15776,1100
5300.003968,2795608147,2795609250,15953,1103
5300.015986,2795616965,2795618075,15851,1110
5300.028004,2795625787,2795626864,15615,1077
5300.040036,2795634565,2795635672,15988,1107
5300.073089,2795658785,2795659863,15620,1078
5300.085126,2795667577,2795668684,16092,1107
5300.109158,2795685230,2795686303,15693,1073
5300.121193,2795694033,2795695145,16092,1112
5300.148244,2795713908,2795715011,16048,1103
5300.181295,2795738165,2795739245,15694,1080
5300.193329,2795746986,2795748094,15941,1108
5300.205346,2795755793,2795756895,15942,1102
5300.236411,2795779976,2795781081,16067,1105
5300.259449,2795795382,2795796492,15932,1110
5300.283502,2795813028,2795814131,16173,1103
5300.293521,2795820976,2795822084,15924,1108
5300.306045,2795829816,2795830915,16055,1099
5300.318061,2795838618,2795839713,16012,1095
5300.330078,2795847444,2795848522,15694,1078
5300.357130,2795867275,2795868349,15625,1074
5300.369164,2795876100,2795877213,16047,1113
5300.393198,2795893693,2795894770,15693,1077
5300.405234,2795902484,2795903587,16175,1103
5300.426266,2795917905,2795919014,15935,1109
5300.495406,2795968602,2795969705,16097,1103
5300.507421,2795977456,2795978570,15901,1114
5300.519438,2795986312,2795987388,15700,1076
5300.531474,2795995132,2795996244,16173,1112
5300.543491,2796004022,2796005136,16028,1114
5300.555507,2796012873,2796013956,15700,1083
5300.567542,2796021692,2796022801,16096,1109
5300.579558,2796030535,2796031638,15933,1103
5300.591575,2796039351,2796040429,15619,1078
5300.603611,2796048123,2796049225,16103,1102
5300.615630,2796056983,2796058087,16027,1104
5300.627644,2796065789,2796066863,15623,1074
5300.639678,2796074589,2796075699,15939,1110
5300.651695,2796083413,2796084512,15946,1099
5300.663713,2796092225,2796093298,15619,1073
5300.712812,2796129619,2796130728,15929,1109
5300.729851,2796140603,2796141707,16090,1104
5300.741868,2796149480,2796150584,15948,1104
5300.777935,2796175892,2796177006,15971,1114
5300.789953,2796184704,2796185782,15653,1078
5300.817009,2796204498,2796205603,15914,1105
5300.829042,2796213315,2796214427,16176,1112
5300.904177,2796268517,2796269622,15947,1105
5300.916197,2796277353,2796278458,15836,1105
5300.928228,2796286204,2796287309,15924,1105
5300.940246,2796295062,2796296162,15948,1100
5300.952266,2796303911,2796305018,15831,1107
5300.964296,2796312765,2796313878,15959,1113
5300.976314,2796321613,2796322720,15944,1107
5300.997351,2796337078,2796338178,15837,1100
5301.009382,2796345923,2796347023,15965,1100
5301.021400,2796354782,2796355877,15860,1095
5301.033422,2796363624,2796364729,15758,1105
5301.045450,2796372471,2796373576,16048,1105
5301.057468,2796381290,2796382390,16021,1100
5301.132609,2796436499,2796437604,15849,1105
5301.144642,2796445369,2796446443,15878,1074
5301.156657,2796454173,2796455273,15940,1100
5301.168674,2796462970,2796464072,15554,1102
5301.225789,2796504765,2796505865,15954,1100
5301.237811,2796513618,2796514726,15938,1108
5301.261858,2796531236,2796532339,15951,1103
5301.273878,2796540048,2796541151,15962,1103
5301.337000,2796586316,2796587424,15935,1108
5301.349022,2796595144,2796596256,15819,1112
5301.439189,2796661209,2796662305,15669,1096
5301.454221,2796672226,2796673331,15969,1105
5301.481275,2796692022,2796693131,15958,1109
5301.493294,2796700843,2796701942,15832,1099
5301.508324,2796711851,2796712963,16047,1112
5301.544393,2796738290,2796739390,15968,1100
5301.556412,2796747197,2796748304,15629,1107
5301.649595,2796815466,2796816576,16034,1110
5301.661616,2796824296,2796825403,15925,1107
5301.751787,2796890432,2796891543,15963,1111
5301.765313,2796900357,2796901457,15975,1100
5301.777334,2796909170,2796910279,15735,1109
5301.789361,2796917981,2796919086,16029,1105
5301.801381,2796926792,2796927899,15965,1107
5301.813400,2796935987,2796937089,15625,1102
5301.825434,2796944828,2796945932,15998,1104
5301.868514,2796977857,2796978962,15949,1105
5301.897567,2796997705,2796998814,15957,1109
5301.912589,2797008697,2797009794,15623,1097
5301.924620,2797017544,2797018656,15874,1112
5301.957675,2797041741,2797042844,15626,1103
5301.969704,2797050558,2797051672,16030,1114
5302.056863,2797114441,2797115539,15634,1098
5302.071896,2797125461,2797126571,15848,1110
5302.083915,2797134285,2797135391,15509,1106
5302.095944,2797143104,2797144209,15947,1105
5302.107964,2797151922,2797153022,15964,1100
5302.119991,2797160697,2797161800,15710,1103
5302.132012,2797169519,2797170624,15950,1105
5302.144033,2797178326,2797179436,15961,1110
5302.156052,2797187116,2797188219,15627,1103
5302.168083,2797195919,2797197024,16053,1105
5302.180102,2797204772,2797205871,16011,1099
5302.192120,2797213571,2797214669,15703,1098
5302.204150,2797222399,2797223509,16027,1110
5302.216170,2797231218,2797232320,16089,1102
5302.228189,2797239988,2797241093,15703,1105
5302.255240,2797259817,2797260922,15624,1105
5302.303338,2797295069,2797296174,16028,1105
5302.315359,2797303901,2797305009,16048,1108
5302.327378,2797312690,2797313792,15629,1102
5302.339411,2797321524,2797322634,15871,1110
5302.351428,2797330351,2797331457,15968,1106
5302.363446,2797339160,2797340260,15596,1100
5302.375480,2797348017,2797349120,16010,1103
5302.387496,2797356814,2797357914,15918,1100
5302.399514,2797365630,2797366726,15596,1096
5302.411544,2797374439,2797375547,15950,1108
5302.423569,2797383251,2797384365,15949,1114
5302.435584,2797392028,2797393135,15629,1107
5302.447613,2797400862,2797401967,15949,1105
5302.459633,2797409657,2797410765,15966,1108
5302.471655,2797418471,2797419579,15825,1108
5302.483683,2797427285,2797428361,15807,1076
5302.495702,2797436066,2797437171,15964,1105
5302.507720,2797444846,2797445949,15630,1103
5302.519753,2797453652,2797454751,15997,1099
5302.531771,2797462494,2797463596,15936,1102
5302.543789,2797471275,2797472385,15628,1110
5302.564835,2797486670,2797487780,15952,1110
5302.576856,2797495558,2797496667,15878,1109
5302.588875,2797504333,2797505438,15631,1105
5302.600904,2797513145,2797514255,15951,1110
5302.636973,2797539577,2797540691,15948,1114
5302.648993,2797548411,2797549510,15963,1099
5302.737159,2797614495,2797615603,16040,1108
5302.778235,2797643119,2797644230,15590,1111
5302.841355,2797689375,2797690473,15630,1098
5302.853384,2797698173,2797699278,16027,1105
5302.907487,2797737870,2797738980,15952,1110
5302.919510,2797746711,2797747816,15951,1105
5302.931527,2797755469,2797756572,15630,1103
5302.943556,2797764274,2797765381,15949,1107
5302.955576,2797773088,2797774191,15917,1103
5302.967598,2797781884,2797782997,15824,1113
5302.979627,2797790713,2797791792,15812,1079
5302.991645,2797799523,2797800626,15965,1103
5303.003664,2797808313,2797809414,15704,1101
5303.015696,2797817159,2797818263,16006,1104
5303.027713,2797825973,2797827082,15969,1109
5303.039732,2797834771,2797835868,15628,1097
5303.063782,2797846338,2797846951,11966,613
5303.077311,2797851516,2797852278,13336,762
5303.089337,2797860308,2797861467,16313,1159
5303.101360,2797869602,2797870761,16385,1159
5303.113374,2797878924,2797880083,16239,1159
5303.125405,2797888347,2797889530,16271,1183
5303.137428,2797897765,2797898952,16391,1187
5303.149444,2797907160,2797908335,16249,1175
5303.161473,2797916635,2797917829,16314,1194
5303.188524,2797937899,2797939063,16314,1164
5303.200549,2797947352,2797948516,16399,1164
5303.251646,2797987488,2797988650,16331,1162
5303.263669,2797996856,2797998038,16417,1182
5303.275684,2798006301,2798007456,16254,1155
5303.293719,2798020381,2798021550,16240,1169
5303.305749,2798029792,2798030981,16318,1189
5303.317772,2798039229,2798040418,16353,1189
5303.328294,2798047984,2798049173,16317,1189
5303.340313,2798057521,2798058710,16335,1189
5303.352332,2798066972,2798068165,16263,1193
5303.368373,2798081167,2798082356,16229,1189
5303.397416,2798102519,2798103717,16236,1198
5303.409444,2798112345,2798113509,16310,1164
5303.433484,2798131119,2798132302,16264,1183
5303.445511,2798140569,2798141758,16316,1189
5303.457536,2798150028,2798151207,16387,1179
5303.472563,2798161893,2798163082,16309,1189
5303.496604,2798180848,2798182036,16247,1188
5303.508633,2798190371,2798191569,16230,1198
5303.559723,2798230640,2798231799,16236,1159
5303.573249,2798239423,2798240532,15902,1109
5303.585279,2798248287,2798249395,15912,1108
5303.600301,2798259356,2798260464,15902,1108
5303.612332,2798268242,2798269351,15905,1109
5303.624353,2798277091,2798278205,15972,1114
5303.636370,2798285963,2798287072,15845,1109
5303.657418,2798301458,2798302562,15907,1104
5303.669439,2798310318,2798311428,15972,1110
5303.687473,2798323612,2798324725,15973,1113
5303.699490,2798332472,2798333574,15827,1102
5303.717524,2798345758,2798346863,15842,1105
5303.729556,2798354603,2798355712,15914,1109
5303.744576,2798365692,2798366796,15848,1104
5303.756606,2798374546,2798375651,15907,1105
5303.768628,2798383402,2798384509,15973,1107
5303.780644,2798392270,2798393381,15846,1111
5303.792675,2798401119,2798402219,15914,1100
5303.804696,2798409964,2798411069,15979,1105
5303.816713,2798418827,2798419935,15846,1108
5303.831748,2798429895,2798431007,15976,1112
5303.843764,2798438755,2798439859,15842,1104
5303.855795,2798447596,2798448698,15912,1102
5303.873829,2798460868,2798461973,15907,1105
5303.885850,2798469714,2798470828,15973,1114
5303.900881,2798480784,2798481890,15911,1106
5303.912902,2798489636,2798490745,15975,1109
5303.924919,2798498494,2798499603,15842,1109
5303.936949,2798507351,2798508461,15908,1110
5303.973018,2798533920,2798535024,15915,1104
5303.985039,2798542761,2798543870,15973,1109
5304.000069,2798553818,2798554929,15908,1111
5304.012091,2798562683,2798563787,15973,1104
5304.024108,2798571634,2798572743,15843,1109
5304.036138,2798580495,2798581605,15910,1110
5304.048159,2798589371,2798590467,15981,1096
5304.060176,2798598225,2798599334,15929,1109
5304.072207,2798607075,2798608182,15996,1107
5304.105260,2798631425,2798632530,15831,1105
5304.117292,2798640279,2798641387,15911,1108
5304.135326,2798653563,2798654667,15910,1104
5304.147348,2798662420,2798663529,15972,1109
5304.171395,2798680145,2798681254,15916,1109
5304.183416,2798689000,2798690110,15892,1110
5304.195433,2798697847,2798698946,15850,1099
5304.207463,2798706709,2798707813,15911,1104
5304.219486,2798715564,2798716669,15965,1105
5304.231502,2798724422,2798725524,15857,1102
5304.243531,2798733267,2798734376,15910,1109
5304.261565,2798746546,2798747650,15909,1104
5304.273586,2798755399,2798756506,15962,1107
5304.292630,2798770895,2798771999,15851,1104
5304.324685,2798793029,2798794137,15905,1108
5304.336706,2798801890,2798803000,15875,1110
5304.348725,2798810758,2798811871,15856,1113
5304.369771,2798826270,2798827375,15867,1105
5304.381792,2798835121,2798836222,15919,1101
5304.411844,2798857273,2798858377,15855,1104
5304.423877,2798866144,2798867253,15911,1109
5304.435896,2798875019,2798876126,15928,1107
5304.447914,2798883880,2798884982,15840,1102
5304.459944,2798892746,2798893850,15824,1104
5304.471965,2798901582,2798902692,15968,1110
5304.526068,2798941452,2798942556,15800,1104
5304.538087,2798950309,2798951423,15757,1114
5304.550116,2798959177,2798960282,15909,1105
5304.562137,2798968022,2798969131,15976,1109
5304.625257,2799014513,2799015618,15975,1105
5304.637276,2799023377,2799024479,15846,1102
5304.649304,2799032228,2799033335,15865,1107
5304.661325,2799041067,2799042169,15932,1102
5304.673342,2799049919,2799051019,15803,1100
5304.685372,2799058765,2799059870,15911,1105
5304.697396,2799067601,2799068700,15888,1099
5304.709411,2799076484,2799077598,15825,1114
5304.721441,2799085333,2799086438,15910,1105
5304.733462,2799094191,2799095305,15974,1114
5304.745479,2799103051,2799104165,15843,1114
5304.757510,2799111923,2799113026,15866,1103
5304.772531,2799122995,2799124108,15845,1113
5304.811613,2799151782,2799152891,15917,1109
5304.823634,2799160640,2799161753,15989,1113
5304.835652,2799169503,2799170607,15798,1104
5304.847682,2799178772,2799179872,15911,1100
5304.877737,2799200895,2799202005,15972,1110
5304.889754,2799209755,2799210864,15846,1109
5304.901786,2799218621,2799219727,15827,1106
5304.913805,2799227490,2799228595,15977,1105
5304.925822,2799236347,2799237456,15852,1109
5304.937853,2799245192,2799246301,15913,1109
5304.952874,2799256274,2799257374,15927,1100
5304.964904,2799265129,2799266236,15913,1107
5304.991956,2799285080,2799286185,15909,1105
5305.003977,2799293947,2799295046,15930,1099
5305.015994,2799302798,2799303908,15847,1110
5305.028024,2799311644,2799312753,15914,1109
5305.040046,2799320529,2799321637,15965,1108
5305.052062,2799329382,2799330487,15865,1105
5305.064091,2799338249,2799339356,15913,1107
5305.076112,2799347125,2799348225,15963,1100
5305.088131,2799355978,2799357083,15773,1105
5305.100160,2799364816,2799365924,15907,1108
5305.112181,2799373698,2799374803,15958,1105
5305.124199,2799382545,2799383655,15861,1110
5305.136228,2799391416,2799392525,15907,1109
5305.148250,2799400278,2799401390,15972,1112
5305.160268,2799409146,2799410251,15859,1105
5305.172297,2799418011,2799419111,15910,1100
5305.184318,2799426842,2799427949,15961,1107
5305.241422,2799468846,2799469951,15860,1105
5305.253455,2799477722,2799478831,15905,1109
5305.265474,2799486581,2799487695,15976,1114
5305.277491,2799495443,2799496548,15845,1105
5305.289521,2799504298,2799505393,15910,1095
5305.301543,2799513124,2799514233,15972,1109
5305.313559,2799521973,2799523072,15843,1099
5305.352641,2799550734,2799551843,15911,1109
5305.364663,2799559582,2799560680,15976,1098
5305.385697,2799575068,2799576182,15846,1114
5305.397727,2799583940,2799585052,15904,1112
5305.409748,2799592810,2799593923,15927,1113
5305.448817,2799621589,2799622699,15848,1110
5305.460846,2799630445,2799631554,15908,1109
5305.472867,2799639316,2799640419,15959,1103
5305.484886,2799648158,2799649253,15816,1095
5305.511937,2799668044,2799669149,15856,1105
5305.523966,2799676902,2799678011,15909,1109
5305.542000,2799690178,2799691287,15903,1109
5305.554021,2799699067,2799700177,15911,1110
5305.573063,2799714640,2799715749,15908,1109
5305.593096,2799728004,2799729113,15914,1109
5305.605119,2799736899,2799738009,15910,1110
5305.617141,2799745790,2799746900,15906,1110
5305.632170,2799756860,2799757975,15903,1115
5305.656211,2799774555,2799775664,15848,1109
5305.668240,2799783438,2799784540,15902,1102
5305.680264,2799792304,2799793411,15988,1107
5305.692278,2799801156,2799802259,15819,1103
5305.704309,2799810012,2799811117,15908,1105
5305.716333,2799818859,2799819966,15902,1107
5305.785463,2799869771,2799870876,15906,1105
5305.797487,2799878606,2799879710,15986,1104
5305.824539,2799898523,2799899632,15988,1109
5305.836554,2799907370,2799908475,15828,1105
5305.860608,2799925057,2799926166,15993,1109
5305.872623,2799933929,2799935024,15787,1095
5305.887659,2799944981,2799946090,15947,1109
5305.899674,2799953853,2799954967,15829,1114
5305.911703,2799962716,2799963830,15905,1114
5305.944760,2799987091,2799988195,15832,1104
5305.956789,2799995945,2799997054,15912,1109
5305.989845,2800020297,2800021406,15821,1109
5306.001874,2800029139,2800030241,15905,1102
5306.064994,2800075617,2800076725,15909,1108
5306.077019,2800084495,2800085597,15995,1102
5306.092046,2800095555,2800096657,15989,1102
5306.104070,2800104390,2800105495,15994,1105
5306.116086,2800113251,2800114360,15748,1109
5306.128115,2800122112,2800123214,15841,1102
5306.140139,2800130959,2800132061,15918,1102
5306.152155,2800139814,2800140919,15826,1105
5306.185225,2800164178,2800165282,15987,1104
5306.197240,2800173040,2800174152,15837,1112
5306.257362,2800217301,2800218406,15988,1105
5306.269377,2800226171,2800227285,15809,1114
5306.284412,2800237267,2800238371,15977,1104
5306.296429,2800246116,2800247218,15828,1102
5306.347532,2800283729,2800284833,15980,1104
5306.359548,2800293003,2800294108,15737,1105
5306.371576,2800301872,2800302981,15907,1109
5306.383601,2800310712,2800311817,15983,1105
5306.395617,2800319551,2800320654,15845,1103
5306.407645,2800328410,2800329519,15821,1109
5306.419670,2800337273,2800338378,15891,1105
5306.431686,2800346138,2800347248,15846,1110
5306.443713,2800354989,2800356098,15908,1109
5306.476771,2800379356,2800380460,15841,1104
5306.488803,2800388217,2800389326,15906,1109
5306.500825,2800397055,2800398164,15989,1109
5306.512840,2800405912,2800407008,15828,1096
5306.524869,2800414766,2800415874,15905,1108
5306.536893,2800423631,2800424745,16003,1114
5306.569955,2800447978,2800449082,15910,1104
5306.581979,2800456826,2800457935,15994,1109
5306.621046,2800485624,2800486729,15827,1105
5306.633075,2800494489,2800495594,15822,1105
5306.666132,2800518842,2800519960,15831,1118
5306.678160,2800527705,2800528810,15910,1105
5306.690185,2800536547,2800537652,15989,1105
5306.702202,2800545423,2800546527,15843,1104
5306.726252,2800563120,2800564229,15980,1109
5306.753304,2800583044,2800584149,15977,1105
5306.768331,2800594109,2800595213,15907,1104
5306.780355,2800602945,2800604052,15981,1107
5306.804399,2800620658,2800621763,15910,1105
5306.816424,2800629497,2800630601,15975,1104
5306.828440,2800638367,2800639472,15836,1105
5306.840468,2800647210,2800648323,15907,1113
5306.855492,2800658281,2800659381,15759,1100
5306.867519,2800667147,2800668261,15913,1114
5306.879544,2800676018,2800677124,15977,1106
5306.903588,2800693720,2800694820,15911,1100
5306.915613,2800702549,2800703656,15976,1107
5306.927629,2800711408,2800712517,15841,1109
5306.939657,2800720274,2800721383,15914,1109
5306.951681,2800729141,2800730250,15978,1109
5306.963698,2800737988,2800739095,15923,1107
5306.975725,2800746853,2800747958,15992,1105
5306.987749,2800755694,2800756799,15981,1105
5306.999766,2800764537,2800765641,15843,1104
5307.011794,2800773393,2800774497,15909,1104
5307.023818,2800782235,2800783344,15975,1109
5307.035835,2800791098,2800792198,15849,1100
5307.047862,2800799954,2800801059,15911,1105
5307.059886,2800808812,2800809926,15975,1114
5307.071903,2800817667,2800818772,15844,1105
5307.083931,2800826507,2800827616,15907,1109
5307.095955,2800835371,2800836471,15981,1100
5307.107972,2800844211,2800845316,15841,1105
5307.126006,2800857508,2800858615,15823,1107
5307.138035,2800866376,2800867481,15907,1105
5307.150060,2800875238,2800876352,15989,1114
5307.162077,2800884092,2800885190,15825,1098
5307.174104,2800892945,2800894050,15988,1105
5307.210172,2800919478,2800920587,15910,1109
5307.222197,2800928345,2800929451,15998,1106
5307.246241,2800946060,2800947171,15991,1111
5307.258265,2800954924,2800956034,16074,1110
5307.270285,2800963833,2800964936,15934,1103
5307.312364,2800994673,2800995780,15951,1107
5307.327394,2801005697,2801006800,15681,1103
5307.339416,2801014525,2801015634,15952,1109
5307.351436,2801023350,2801024457,15968,1107
5307.363458,2801032155,2801033260,15907,1105
5307.375485,2801040980,2801042089,15957,1109
5307.387507,2801049833,2801050941,15935,1108
5307.417558,2801071861,2801072963,15629,1102
5307.429590,2801080679,2801081786,15995,1107
5307.468660,2801109313,2801110426,15969,1113
5307.480680,2801118176,2801119282,15841,1106
5307.495711,2801129177,2801130275,15966,1098
5307.507729,2801137962,2801139064,15627,1102
5307.519759,2801146769,2801147877,15860,1108
5307.531782,2801155589,2801156699,15949,1110
5307.549813,2801168837,2801169950,15921,1113
5307.561832,2801177623,2801178718,15585,1095
5307.576865,2801188701,2801189810,15844,1109
5307.588884,2801197528,2801198630,15598,1102
5307.603916,2801208558,2801209667,15963,1109
5307.677063,2801263620,2801264726,15828,1106
5307.721139,2801294469,2801295573,15971,1104
5307.733158,2801303239,2801304336,15627,1097
5307.745192,2801312107,2801313214,15964,1107
5307.781260,2801338554,2801339659,15965,1105
5307.793277,2801347370,2801348470,15970,1100
5307.805295,2801356194,2801357295,15671,1101
5307.817324,2801364984,2801366084,15903,1100
5307.859398,2801395794,2801396895,15626,1101
5307.869427,2801403700,2801404807,15929,1107
5307.887957,2801416965,2801418078,15965,1113
5307.899975,2801425810,2801426916,15595,1106
5307.912005,2801434644,2801435745,16034,1101
5307.924025,2801443445,2801444549,15852,1104
5307.936044,2801452248,2801453344,15595,1096
5307.948073,2801461065,2801462174,15953,1109
5307.960095,2801469922,2801471031,15940,1109
5307.972120,2801478728,2801479834,15708,1106
5307.984142,2801487541,2801488646,15952,1105
5307.996162,2801496368,2801497471,16049,1103
5308.014197,2801509596,2801510701,16045,1105
5308.107370,2801577869,2801578966,15700,1097
5308.119403,2801586691,2801587790,16047,1099
5308.131418,2801595523,2801596635,15881,1112
5308.143438,2801604320,2801605422,15625,1102
5308.209571,2801652804,2801653903,15953,1099
5308.221591,2801661611,2801662720,15850,1109
5308.233610,2801670432,2801671535,15514,1103
5308.245639,2801679250,2801680359,15948,1109
5308.257659,2801688072,2801689177,15960,1105
5308.269686,2801696855,2801697956,15709,1101
5308.317776,2801732059,2801733163,15945,1104
5308.329798,2801740902,2801742011,15931,1109
5308.344828,2801751895,2801752988,15946,1093
5308.365865,2801767305,2801768405,15965,1100
5308.377884,2801776086,2801777186,15626,1100
5308.416965,2801804740,2801805848,15943,1108
5308.428987,2801813593,2801814705,15935,1112
5308.517158,2801879681,2801880786,15921,1105
5308.552223,2801903886,2801904989,16038,1103
5308.564242,2801912711,2801913818,15967,1107
5308.576261,2801921492,2801922595,15623,1103
5308.588291,2801930316,2801931425,15956,1109
5308.600311,2801939138,2801940244,15964,1106
5308.612330,2801947940,2801949051,15705,1111
5308.628377,2801961212,2801962319,15591,1107
5308.693484,2802007462,2802008558,15700,1096
5308.705513,2802016271,2802017380,16028,1109
5308.732565,2802036141,2802037255,15949,1114
5308.744585,2802044981,2802046073,16041,1092
5308.756604,2802053755,2802054847,15625,1092
5308.768637,2802062550,2802063652,15991,1102
5308.832755,2802111034,2802112137,15967,1103
5308.897877,2802157320,2802158430,16045,1110
5308.909896,2802166135,2802167242,15624,1107
5308.921931,2802174992,2802176069,15809,1077
5308.936947,2802185973,2802187074,15702,1101
5308.948977,2802194772,2802195883,16031,1111
5308.964007,2802205776,2802206882,15787,1106
5308.982036,2802219026,2802220126,15824,1100
5308.994063,2802227850,2802228953,15863,1103
5309.033134,2802256526,2802257629,15965,1103
5309.045153,2802265301,2802266406,15629,1105
5309.066202,2802280727,2802281836,15990,1109
5309.078220,2802289541,2802290648,15964,1107
5309.129324,2802326999,2802328109,15970,1110
5309.144341,2802338005,2802339114,15701,1109
5309.156371,2802346856,2802347958,15953,1102
5309.168394,2802355662,2802356776,15947,1114
5309.180410,2802364478,2802365581,15629,1103
5309.252548,2802417349,2802418447,15629,1098
5309.264580,2802426173,2802427278,15992,1105
5309.288616,2802443766,2802444869,15625,1103
5309.300645,2802452591,2802453700,15958,1109
5309.351736,2802490010,2802491113,15626,1103
5309.363769,2802498815,2802499918,16083,1103
5309.375786,2802507622,2802508726,15965,1104
5309.389313,2802518172,2802519277,15932,1105
5309.404347,2802529193,2802530303,15964,1110
5309.464454,2802573302,2802574407,15910,1105
5309.479484,2802584364,2802585469,16014,1105
5309.512552,2802608554,2802609663,16003,1109
5309.524568,2802617367,2802618470,15925,1103
5309.536588,2802626164,2802627264,15546,1100
5309.564650,2802648232,2802649341,15960,1109
5309.581674,2802659232,2802660332,15589,1100
5309.593703,2802668061,2802669154,15953,1093
5309.641792,2802703341,2802704450,15965,1109
5309.653811,2802712111,2802713219,15630,1108
5309.668845,2802723197,2802724301,15936,1104
5309.683876,2802734215,2802735293,15801,1078
5309.768033,2802795857,2802796965,15937,1108
5309.780051,2802804662,2802805766,15665,1104
5309.792082,2802813495,2802814595,15885,1100
5309.804100,2802822314,2802823409,15966,1095
5309.816120,2802831089,2802832187,15630,1098
5309.828149,2802839904,2802841009,15953,1105
5309.840169,2802848719,2802849823,15962,1104
5309.852188,2802857497,2802858602,15631,1105
5309.864222,2802866364,2802867473,15965,1109
5309.876238,2802875167,2802876260,15969,1093
5309.888256,2802883943,2802885045,15630,1102
5309.900286,2802892752,2802893857,15950,1105
5309.993460,2802960986,2802962083,16047,1097
5310.016005,2802977746,2802978851,15886,1105
5310.028022,2802986535,2802987636,15627,1101
5310.040051,2802995336,2802996436,15959,1100
5310.052072,2803004145,2803005254,15968,1109
5310.064091,2803012922,2803014029,15628,1107
5310.076120,2803021746,2803022844,16027,1098
5310.088141,2803030588,2803031693,16045,1105
5310.100160,2803039369,2803040475,15704,1106
5310.112195,2803048210,2803049320,15968,1110
5310.124205,2803057031,2803058139,15887,1108
5310.142246,2803070281,2803071381,15944,1100
5310.154270,2803079076,2803080184,15706,1108
5310.199348,2803112106,2803113217,15629,1111
5310.211381,2803120977,2803122090,16002,1113
5310.223398,2803129808,2803130916,15965,1108
5310.241432,2803143000,2803144100,15969,1100
5310.253459,2803151775,2803152885,15710,1110
5310.280502,2803171569,2803172670,15701,1101
5310.292534,2803180384,2803181457,15809,1073
5310.316571,2803197991,2803199097,15593,1106
5310.328600,2803206798,2803207903,15957,1105
5310.343622,2803217785,2803218890,15627,1105
5310.403741,2803261861,2803262963,15841,1102
5310.415760,2803270697,2803271803,15595,1106
5310.427789,2803279519,2803280623,15948,1104
5310.439809,2803288336,2803289440,15963,1104
5310.451836,2803297127,2803298233,15712,1106
5310.463857,2803305942,2803307047,15905,1105
5310.475879,2803314791,2803315885,15935,1094
5310.487897,2803323561,2803324663,15632,1102
5310.499928,2803332393,2803333472,15804,1079
5310.511948,2803341199,2803342304,15889,1105
5310.529981,2803354401,2803355513,15959,1112
5310.542000,2803363205,2803364301,15587,1096
5310.608136,2803411676,2803412781,15964,1105
5310.620152,2803420486,2803421595,15956,1109
5310.632171,2803429256,2803430357,15626,1101
5310.644200,2803438053,2803439162,15859,1109
5310.656222,2803446900,2803448014,15922,1114
5310.668243,2803455797,2803456910,15830,1113
5310.680269,2803464641,2803465751,15947,1110
5310.692289,2803473486,2803474593,16051,1107
5310.704311,2803482337,2803483447,15910,1110
5310.716338,2803491200,2803492310,15945,1110
5310.740377,2803508849,2803509950,15628,1101
5310.752409,2803517660,2803518769,16000,1109
5310.791478,2803546277,2803547382,16042,1105
5310.803500,2803555085,2803556184,15905,1099
5310.815528,2803563912,2803565016,16046,1104
5310.827547,2803572726,2803573831,15967,1105
5310.839565,2803581507,2803582603,15625,1096
5310.851598,2803590325,2803591434,16037,1109
5310.863615,2803599131,2803600231,15966,1100
5310.884651,2803614533,2803615639,15704,1106
5310.896683,2803623760,2803624869,15955,1109
5310.917718,2803639200,2803640309,15966,1109
5310.929737,2803647986,2803649087,15629,1101
5310.948784,2803663481,2803664595,15963,1114
5311.016907,2803711949,2803713059,15967,1110
5311.028926,2803720756,2803721859,15626,1103
5311.052979,2803738359,2803739467,16034,1108
5311.064995,2803747190,2803748296,15630,1106
5311.080027,2803758217,2803759325,15963,1108
5311.092046,2803766998,2803768092,15629,1094
5311.104079,2803775842,2803776946,15971,1104
5311.122109,2803789049,2803790154,16029,1105
5311.134130,2803797869,2803798983,16045,1114
5311.158178,2803815483,2803816583,15953,1100
5311.170198,2803824286,2803825391,16044,1105
5311.182217,2803833091,2803834197,15620,1106
5311.224301,2803863942,2803865047,15962,1105
5311.236320,2803872739,2803873840,15629,1101
5311.264383,2803894721,2803895826,16032,1105
5311.281406,2803905724,2803906824,15701,1100
5311.305457,2803923374,2803924479,15931,1105
5311.317474,2803932169,2803933275,15628,1106
5311.329508,2803941022,2803942127,15968,1105
5311.341524,2803949817,2803950925,16041,1108
5311.368576,2803969620,2803970725,15971,1105
5311.380595,2803978400,2803979502,15704,1102
5311.428692,2804013694,2804014804,15948,1110
5311.440715,2804022520,2804023619,15962,1099
5311.476782,2804048899,2804050008,15967,1109
5311.488800,2804057722,2804058828,15593,1106
5311.527881,2804086359,2804087468,15947,1109
5311.539901,2804095181,2804096290,15962,1109
5311.551920,2804103958,2804105064,15625,1106
5311.576984,2804123832,2804124935,15593,1103
5311.654121,2804178863,2804179973,15946,1110
5311.666142,2804187688,2804188790,16045,1102
5311.681172,2804198684,2804199784,15949,1100
5311.693193,2804207505,2804208613,15933,1108
5311.783364,2804273533,2804274638,16043,1105
5311.795386,2804282363,2804283468,15829,1105
5311.807412,2804291156,2804292265,15951,1109
5311.819433,2804299995,2804301095,15972,1100
5311.831452,2804308819,2804309921,15559,1102
5311.843485,2804317631,2804318740,15953,1109
5311.855503,2804326472,2804327574,15935,1102
5311.873536,2804339695,2804340799,15958,1104
5311.885555,2804348485,2804349591,15627,1106
5311.897588,2804357327,2804358427,15958,1100
5311.909606,2804366134,2804367239,15960,1105
5312.005790,2804436632,2804437736,16026,1104
5312.017811,2804445471,2804446585,15940,1114
5312.065898,2804480661,2804481763,15705,1102
5312.077928,2804489498,2804490598,15951,1100
5312.107982,2804511516,2804512614,15967,1098
5312.120001,2804520359,2804521465,15553,1106
5312.132030,2804529179,2804530278,15947,1099
5312.144050,2804537986,2804539093,15896,1107
5312.168103,2804555615,2804556720,15920,1105
5312.180119,2804564430,2804565534,15963,1104
5312.192141,2804573223,2804574335,15738,1112
5312.204167,2804582025,2804583140,15950,1115
5312.216188,2804590856,2804591961,15964,1105
5312.228210,2804599644,2804600751,15641,1107
5312.240239,2804608457,2804609557,15990,1100
5312.252258,2804617282,2804618385,15940,1103
5312.264278,2804626093,2804627202,15825,1109
5312.284332,2804635380,2804635999,12063,619
5312.301858,2804642216,2804643358,15852,1142
5312.313872,2804651420,2804652579,16265,1159
5312.325900,2804660738,2804661901,16317,1163
5312.337923,2804670091,2804671255,16318,1164
5312.349941,2804679506,2804680694,16248,1188
5312.364976,2804691256,2804692420,16385,1164
5312.380003,2804703079,2804704261,16308,1182
5312.392026,2804712525,2804713682,16373,1157
5312.404044,2804722789,2804723975,16250,1186
5312.425090,2804739375,2804740561,16230,1186
5312.437113,2804748803,2804749991,16323,1188
5312.467164,2804772401,2804773586,16260,1185
5312.482198,2804784197,2804785386,16288,1189
5312.494216,2804793599,2804794783,16165,1184
5312.506244,2804803085,2804804274,16268,1189
5312.533295,2804824325,2804825509,16310,1184
5312.545319,2804833757,2804834951,16338,1194
5312.560347,2804845516,2804846705,16308,1189
5312.572372,2804854959,2804856148,16290,1189
5312.596416,2804873929,2804875118,16306,1189
5312.608439,2804883413,2804884600,16385,1187
5312.659537,2804923672,2804924837,16327,1165
5312.671559,2804933086,2804934249,16384,1163
5312.689593,2804947210,2804948393,16380,1183
5312.701610,2804956662,2804957851,16250,1189
5312.713637,2804966098,2804967267,16314,1169
5312.725662,2804975510,2804976672,16390,1162
5312.776759,2805015668,2805016837,16314,1169
5312.788782,2805023174,2805024279,15964,1105
5312.815832,2805043099,2805044208,15965,1109
5312.827849,2805051958,2805053062,15856,1104
5312.839877,2805060807,2805061907,15819,1100
5312.851902,2805069660,2805070764,16056,1104
5312.863918,2805078510,2805079610,15921,1100
5312.875946,2805087360,2805088470,15912,1110
5312.887969,2805096240,2805097345,16044,1105
5312.899987,2805105095,2805106205,15860,1110
5312.912019,2805113973,2805115086,15901,1113
5312.924039,2805122827,2805123934,15975,1107
5312.936055,2805131691,2805132805,15830,1114
5312.948084,2805140552,2805141661,15909,1109
5312.960109,2805149400,2805150505,15904,1105
5312.972124,2805158251,2805159350,15834,1099
5312.984155,2805167102,2805168211,15912,1109
5312.996176,2805175941,2805177051,15974,1110
5313.008193,2805184804,2805185908,15804,1104
5313.020222,2805193678,2805194787,15903,1109
5313.032246,2805202521,2805203627,15914,1106
5313.044261,2805211362,2805212471,15831,1109
5313.056290,2805220211,2805221316,15910,1105
5313.068314,2805229051,2805230160,15987,1109
5313.080337,2805237918,2805239027,15905,1109
5313.092360,2805246780,2805247889,15913,1109
5313.104382,2805255645,2805256750,15975,1105
5313.116400,2805264521,2805265621,15835,1100
5313.128429,2805273378,2805274483,15906,1105
5313.140452,2805282229,2805283331,15946,1102
5313.152467,2805291081,2805292183,15829,1102
5313.176520,2805308803,2805309907,15989,1104
5313.188536,2805317650,2805318759,15851,1109
5313.212588,2805335396,2805336506,15974,1110
5313.224604,2805344266,2805345375,15844,1109
5313.236633,2805353128,2805354233,15903,1105
5313.248658,2805362002,2805363111,15992,1109
5313.260673,2805370868,2805371972,15834,1104
5313.284725,2805388579,2805389683,16062,1104
5313.296741,2805397432,2805398536,15850,1104
5313.317789,2805412923,2805414037,15864,1114
5313.352353,2805438382,2805439491,15972,1109
5313.364370,2805447238,2805448348,15758,1110
5313.388423,2805464958,2805466067,15946,1109
5313.400439,2805473795,2805474895,15828,1100
5313.415474,2805484844,2805485947,15900,1103
5313.427499,2805493708,2805494816,15902,1108
5313.439520,2805502571,2805503680,15906,1109
5313.451542,2805511432,2805512536,15895,1104
5313.463559,2805520255,2805521365,15847,1110
5313.475589,2805529123,2805530229,15907,1106
5313.487612,2805537983,2805539092,15992,1109
5313.499627,2805546843,2805547949,15828,1106
5313.511656,2805555705,2805556810,15818,1105
5313.523680,2805564539,2805565636,15986,1097
5313.535698,2805573401,2805574510,15861,1109
5313.547725,2805582277,2805583377,15915,1100
5313.559747,2805591114,2805592224,15966,1110
5313.571764,2805599992,2805601101,15943,1109
5313.584795,2805611067,2805612172,15973,1105
5313.601826,2805622127,2805623241,15988,1114
5313.619860,2805635427,2805636532,15987,1105
5313.631884,2805644265,2805645374,16043,1109
5313.643901,2805653121,2805654230,15859,1109
5313.655931,2805661963,2805663068,15914,1105
5313.667953,2805670820,2805671929,15964,1109
5313.679970,2805679683,2805680797,15838,1114
5313.691998,2805688542,2805689652,15909,1110
5313.704022,2805697390,2805698494,15887,1104
5313.722056,2805710674,2805711783,15970,1109
5313.734075,2805719537,2805720646,15852,1109
5313.770142,2805746099,2805747208,15840,1109
5313.782170,2805754947,2805756058,15902,1111
5313.845292,2805801445,2805802554,15905,1109
5313.857314,2805810318,2805811421,15975,1103
5313.893383,2805836901,2805838005,15986,1104
5313.905399,2805845752,2805846862,15828,1110
5313.917430,2805855004,2805856109,15906,1105
5313.929451,2805864095,2805865204,15951,1109
5313.944481,2805875193,2805876303,15865,1110
5313.956504,2805884050,2805885157,15973,1107
5313.968519,2805892905,2805894016,15842,1111
5313.980548,2805901768,2805902872,15864,1104
5313.995570,2805912837,2805913945,15832,1108
5314.007600,2805921679,2805922783,15867,1104
5314.019624,2805930543,2805931648,15948,1105
5314.031639,2805939422,2805940536,15845,1114
5314.049674,2805952701,2805953810,15848,1109
5314.061704,2805961574,2805962683,15863,1109
5314.097771,2805988178,2805989282,15908,1104
5314.109795,2805997027,2805998131,15944,1104
5314.133841,2806014725,2806015834,15913,1109
5314.145862,2806023598,2806024711,15972,1113
5314.164906,2806039075,2806040180,15818,1105
5314.181933,2806050140,2806051253,15986,1113
5314.193948,2806058991,2806060096,15828,1105
5314.208984,2806070069,2806071174,15986,1105
5314.221006,2806078927,2806080041,15904,1114
5314.245051,2806096642,2806097747,15975,1105
5314.257068,2806105482,2806106583,15844,1101
5314.272104,2806116540,2806117645,15909,1105
5314.284119,2806125393,2806126498,15829,1105
5314.296148,2806134248,2806135357,15907,1109
5314.308172,2806143092,2806144207,15988,1115
5314.320195,2806151953,2806153062,15909,1109
5314.332218,2806160812,2806161916,15909,1104
5314.344240,2806169684,2806170793,16041,1109
5314.356256,2806178556,2806179663,15861,1107
5314.368285,2806187419,2806188519,15907,1100
5314.380308,2806196261,2806197375,15979,1114
5314.392325,2806205119,2806206228,15842,1109
5314.455445,2806251569,2806252673,15860,1104
5314.467474,2806260445,2806261561,15909,1116
5314.479497,2806269311,2806270414,15975,1103
5314.491514,2806278174,2806279281,15755,1107
5314.503541,2806287054,2806288163,15904,1109
5314.515565,2806295906,2806297018,15977,1112
5314.527582,2806304780,2806305894,15859,1114
5314.539611,2806313625,2806314736,15828,1111
5314.557647,2806326927,2806328033,15903,1106
5314.569669,2806335785,2806336894,15909,1109
5314.584697,2806346840,2806347944,15907,1104
5314.596721,2806355687,2806356787,15992,1100
5314.701919,2806433178,2806434287,15901,1109
5314.713944,2806442014,2806443119,15989,1105
5314.725959,2806450869,2806451978,15841,1109
5314.737990,2806459725,2806460825,15905,1100
5314.750011,2806468583,2806469688,15977,1105
5314.762028,2806477455,2806478560,15842,1105
5314.805122,2806510655,2806511769,15826,1114
5314.888268,2806570407,2806571510,15827,1103
5314.900297,2806579247,2806580358,15862,1111
5314.921337,2806594737,2806595846,15978,1109
5314.933354,2806603607,2806604712,15843,1105
5314.957406,2806621325,2806622430,15974,1105
5314.969422,2806630197,2806631311,15825,1114
5314.987456,2806643481,2806644586,15827,1105
5314.999486,2806652323,2806653429,15864,1106
5315.011510,2806661188,2806662298,15986,1110
5315.023525,2806670025,2806671133,15842,1108
5315.035556,2806678876,2806679985,15911,1109
5315.047577,2806687724,2806688835,15978,1111
5315.065613,2806701006,2806702115,15915,1109
5315.077628,2806709845,2806710954,15825,1109
5315.113704,2806736373,2806737473,15901,1100
5315.125727,2806745238,2806746343,15904,1105
5315.149765,2806762955,2806764057,15848,1102
5315.161796,2806771827,2806772936,15907,1109
5315.176817,2806782928,2806784028,15845,1100
5315.209886,2806807267,2806808376,15975,1109
5315.221903,2806816141,2806817237,15864,1096
5315.257971,2806842675,2806843782,15859,1107
5315.269998,2806851541,2806852646,15905,1105
5315.330108,2806895819,2806896924,15853,1105
5315.342137,2806904675,2806905779,15864,1104
5315.369187,2806924583,2806925692,15901,1109
5315.381212,2806933452,2806934557,15975,1105
5315.402246,2806948946,2806950056,15842,1110
5315.414275,2806957792,2806958901,15914,1109
5315.424330,2806967030,2806968136,15920,1106
5315.441328,2806978133,2806979240,15912,1107
5315.453348,2806987006,2806988115,15873,1109
5315.489418,2807013576,2807014684,15978,1108
5315.501434,2807022444,2807023549,15840,1105
5315.528486,2807042344,2807043447,15860,1103
5315.540514,2807051167,2807052272,15906,1105
5315.576582,2807077727,2807078835,15905,1108
5315.588606,2807086624,2807087724,15890,1100
5315.600623,2807095465,2807096575,15844,1110
5315.648720,2807130867,2807131970,15911,1103
5315.660743,2807139720,2807140830,15908,1110
5315.672760,2807148611,2807149723,15842,1112
5315.717845,2807181936,2807183050,15857,1114
5315.729874,2807190833,2807191944,15904,1111
5315.748910,2807206369,2807207476,15955,1107
5315.783976,2807230711,2807231819,15901,1108
5315.796001,2807239591,2807240700,15933,1109
5315.808023,2807248453,2807249557,15903,1104
5315.820046,2807257316,2807258420,15913,1104
5315.832068,2807266186,2807267288,15958,1102
5315.868138,2807292751,2807293855,16051,1104
5315.880154,2807301609,2807302718,15847,1109
5315.892182,2807310463,2807311572,15904,1109
5315.913222,2807325952,2807327057,15960,1105
5315.925240,2807334807,2807335911,15771,1104
5315.937269,2807343661,2807344765,15909,1104
5315.949290,2807352513,2807353618,15958,1105
5315.961309,2807361373,2807362478,15838,1105
5315.976344,2807372438,2807373547,15974,1109
5315.988360,2807381313,2807382423,15841,1110
5316.000389,2807390185,2807391289,15821,1104
5316.012412,2807399028,2807400136,15979,1108
5316.069515,2807441113,2807442212,15833,1099
5316.081544,2807449959,2807451059,15865,1100
5316.129635,2807485406,2807486511,15974,1105
5316.141652,2807494255,2807495359,15849,1104
5316.156688,2807505315,2807506429,15996,1114
5316.168703,2807514170,2807515273,15909,1103
5316.189749,2807529645,2807530751,15906,1106
5316.201775,2807538509,2807539613,16071,1104
5316.213789,2807547391,2807548496,15928,1105
5316.240841,2807567325,2807568434,15849,1109
5316.252870,2807576177,2807577286,15908,1109
5316.276909,2807593879,2807594986,15825,1107
5316.288938,2807602739,2807603847,15906,1108
5316.303968,2807613820,2807614923,15909,1103
5316.377113,2807669189,2807670294,15905,1105
5316.400151,2807684670,2807685772,15942,1102
5316.412166,2807693539,2807694643,15857,1104
5316.424195,2807702378,2807703487,15907,1109
5316.436216,2807711243,2807712347,15891,1104
5316.448232,2807720032,2807721132,15640,1100
5316.460264,2807728876,2807729985,15949,1109
5316.472281,2807737682,2807738791,15960,1109
5316.484300,2807746492,2807747595,15560,1103
5316.496328,2807755300,2807756400,15937,1100
5316.512366,2807768513,2807769613,15948,1100
5316.533900,2807791766,2807792894,15818,1128
5316.545930,2807803769,2807804901,15955,1132
5316.557949,2807815685,2807816795,15955,1110
5316.569973,2807827939,2807829052,15876,1113
5316.582000,2807840311,2807841436,15961,1125
5316.594016,2807852529,2807853656,15930,1127
5316.606037,2807863969,2807865092,15838,1123
5316.618067,2807875596,2807876712,16054,1116
5316.630085,2807887136,2807888251,16027,1115
5316.642105,2807898698,2807899827,15914,1129
5316.654135,2807910193,2807911310,15974,1117
5316.666154,2807921583,2807922702,15954,1119
5316.678176,2807933645,2807934770,15839,1125
5316.690205,2807946270,2807947402,15970,1132
5316.702221,2807958392,2807959520,15926,1128
5316.714243,2807969990,2807971112,15904,1122
5316.726273,2807982376,2807983498,16044,1122
5316.738290,2807993929,2807995052,15932,1123
5316.750320,2808006138,2808007262,15905,1124
5316.762344,2808017911,2808019038,15979,1127
5316.774357,2808029600,2808030720,15882,1120
5316.786381,2808041051,2808042175,15831,1124
5316.798411,2808052288,2808053410,15960,1122
5316.810428,2808064159,2808065280,16018,1121
5316.822448,2808075602,2808076733,15830,1131
5316.841987,2808094802,2808095919,15872,1117
5316.894586,2808151071,2808152197,15910,1126
5316.906614,2808163156,2808164299,15875,1143
5316.918633,2808174927,2808176050,15940,1123
5316.930656,2808186395,2808187522,15869,1127
5316.942686,2808197416,2808198537,15973,1121
5316.954704,2808209090,2808210216,15960,1126
5316.966723,2808220625,2808221752,15849,1127
5316.978753,2808231332,2808232457,15952,1125
5316.990771,2808241073,2808242192,15910,1119
5317.007299,2808255409,2808256532,15806,1123
5317.019327,2808264814,2808265929,15924,1115
5317.031347,2808273765,2808274880,15871,1115
5317.043367,2808283340,2808284455,15827,1115
5317.058399,2808295581,2808296691,15910,1110
5317.070420,2808305482,2808306594,15860,1112
5317.082449,2808314408,2808315519,15903,1111
5317.094468,2808324223,2808325338,15930,1115
5317.106489,2808334270,2808335383,15841,1113
5317.118517,2808343420,2808344535,15947,1115
5317.130536,2808352809,2808353918,15924,1109
5317.142557,2808362257,2808363372,15834,1115
5317.154586,2808372354,2808373470,15934,1116
5317.171113,2808385808,2808386921,15910,1113
5317.183133,2808395803,2808396920,15839,1117
5317.195160,2808404367,2808405485,10378,1118
5317.207180,2808409935,2808410553,12085,618
5317.219198,2808414073,2808414695,8830,622
5317.231236,2808418335,2808418923,11962,588
5317.243250,2808422462,2808423076,12044,614
5317.255272,2808426565,2808427179,11974,614
5317.274809,2808433068,2808433679,12059,611
5317.286828,2808436976,2808437579,8884,603
5317.298861,2808440945,2808441557,9184,612
5317.310880,2808444948,2808445561,9314,613
5317.322894,2808448884,2808449500,8879,616
5317.334930,2808452885,2808453504,9272,619
5317.346945,2808456850,2808457460,9073,610
5317.358962,2808460770,2808461375,8856,605
5317.370999,2808464748,2808465364,9272,616
5317.383012,2808468706,2808469316,9280,610
5317.395045,2808472820,2808473437,11915,617
5317.407066,2808477029,2808477647,12101,618
5317.419085,2808481245,2808481861,12082,616
5317.431110,2808485412,2808486026,11853,614
5317.443137,2808489645,2808490258,12071,613
5317.455153,2808493850,2808494465,12124,615
5317.467174,2808497902,2808498522,11835,620
5317.479207,2808502018,2808502631,12110,613
5317.491220,2808506121,2808506732,12056,611
5317.503243,2808510197,2808510801,11814,604
5317.515274,2808514299,2808514885,11945,586
5317.527290,2808518338,2808518949,12088,611
5317.539312,2808522360,2808522975,11845,615
5317.551343,2808526465,2808527051,11973,586
5317.561858,2808529902,2808530362,7578,460
5317.573893,2808533680,2808534122,7452,442
5317.585907,2808537477,2808538084,9269,607
5317.597929,2808541452,2808542065,8962,613
5317.609956,2808545394,2808545980,9231,586
5317.621975,2808549333,2808549952,9256,619
5317.633988,2808553280,2808553890,8821,610
5317.646024,2808557226,2808557837,9224,611
5317.658043,2808561216,2808561828,9282,612
5317.670056,2808565137,2808565745,8820,608
5317.682093,2808569065,2808569652,9235,587
5317.694108,2808573001,2808573613,9065,612
5317.706127,2808576926,2808577541,8833,615
5317.718166,2808580855,2808581442,9206,587
5317.730180,2808584805,2808585416,9218,611
5317.742206,2808588681,2808589296,8927,615
5317.754232,2808592608,2808593192,9187,584
5317.766249,2808596534,2808597146,9289,612
5317.778266,2808600612,2808601227,11807,615
5317.790297,2808604673,2808605260,11973,587
5317.802317,2808608610,2808609222,9211,612
5317.814332,2808612501,2808613116,8882,615
5317.826370,2808616412,2808616998,9252,586
5317.838384,2808620373,2808620991,9258,618
5317.850402,2808624315,2808624930,8884,615
5317.862435,2808628229,2808628846,9194,617
5317.874454,2808632205,2808632817,9261,612
5317.886469,2808636098,2808636701,8892,603
5317.898508,2808640042,2808640627,9241,585
5317.910521,2808643974,2808644580,9271,606
5317.922539,2808647843,2808648448,8872,605
5317.934574,2808651781,2808652367,9207,586
5317.946591,2808655716,2808656338,9277,622
5317.958606,2808659607,2808660216,8855,609
5317.970638,2808663552,2808664173,9183,621
5317.982658,2808667516,2808668128,9291,612
5317.994680,2808671594,2808672211,11991,617
5318.006704,2808675673,2808676284,12069,611
5318.018726,2808679637,2808680249,9267,612
5318.030744,2808683505,2808684115,8924,610
5318.042778,2808687426,2808688038,9230,612
5318.054796,2808691380,2808692003,9254,623
5318.066811,2808695280,2808695890,8923,610
5318.078845,2808699202,2808699814,9204,612
5318.090861,2808703321,2808703928,11988,607
5318.102880,2808707222,2808707825,8913,603
5318.114912,2808711156,2808711773,9227,617
5318.126929,2808715090,2808715695,9275,605
5318.138958,2808718960,2808719580,8956,620
5318.150983,2808722946,2808723558,9243,612
5318.162998,2808726865,2808727481,9248,616
5318.175015,2808730799,2808731409,8827,610
5318.187051,2808734900,2808735485,11946,585
5318.202073,2808741618,2808742757,15304,1139
5318.214102,2808755511,2808756701,16382,1190
5318.226118,2808770127,2808771349,16297,1222
5318.238147,2808784755,2808786010,16319,1255
5318.250171,2808799384,2808800719,16461,1335
5318.262189,2808814070,2808815415,16435,1345
5318.274209,2808828834,2808830230,16322,1396
5318.290746,2808849657,2808851047,16455,1390
5318.302765,2808864465,2808865860,16349,1395
5318.314785,2808879267,2808880668,16270,1401
5318.326816,2808894080,2808895482,16422,1402
5318.346346,2808918991,2808920393,16325,1402
5318.358376,2808933856,2808935253,16493,1397
5318.370391,2808948713,2808950114,16332,1401
5318.382410,2808958402,2808959259,9113,857
5318.394446,2808963236,2808963853,9213,617
5318.406464,2808967411,2808968032,12047,621
5318.418482,2808971342,2808971954,8889,612
5318.430517,2808975313,2808975901,9201,588
5318.444334,2808980881,2808981495,11953,614
5318.471088,2808989246,2808989860,9197,614
5318.483108,2808993465,2808994076,12096,611
5318.495124,2808997527,2808998143,8911,616
5318.507158,2809001691,2809002303,12072,612
5318.519175,2809005856,2809006460,12058,604
5318.531200,2809009901,2809010517,11819,616
5318.543231,2809014020,2809014637,12086,617
5318.555245,2809018112,2809018723,12092,611
5318.567267,2809022139,2809022748,11828,609
5318.579297,2809026073,2809026685,9211,612
5318.591313,2809030051,2809030663,9274,612
5318.603337,2809034057,2809034665,11882,608
5318.613859,2809037547,2809038164,9298,617
5318.625877,2809041467,2809042076,8871,609
5318.637911,2809045410,2809046027,9241,617
5318.649926,2809049367,2809049983,9261,616
5318.661946,2809053312,2809053922,8907,610
5318.673979,2809057213,2809057805,9225,592
5318.685997,2809061160,2809061774,9089,614
5318.698011,2809065083,2809065685,8853,602
5318.710048,2809069099,2809069685,11963,586
5318.722065,2809073043,2809073655,9269,612
5318.734093,2809076961,2809077570,8950,609
5318.746118,2809080882,2809081469,9184,587
5318.758134,2809084816,2809085433,9285,617
5318.770150,2809088690,2809089299,8859,609
5318.782185,2809092630,2809093214,9216,584
5318.794200,2809096689,2809097300,12047,611
5318.806218,2809100774,2809101386,11968,612
5318.818253,2809104684,2809105271,9211,587
5318.830271,2809108621,2809109238,9298,617
5318.842288,2809112560,2809113170,8861,610
5318.854324,2809116483,2809117070,9137,587
5318.866341,2809120440,2809121056,9237,616
5318.878354,2809124383,2809124998,8871,615
5318.890392,2809128363,2809128949,9227,586
5318.902408,2809132313,2809132933,9254,620
5318.914424,2809136226,2809136840,8890,614
5318.926461,2809140170,2809140781,9269,611
5318.938478,2809144137,2809144754,9284,617
5318.950492,2809148010,2809148625,8848,615
5318.962527,2809151945,2809152531,9166,586
5318.974544,2809155867,2809156484,9254,617
5318.986569,2809159781,2809160391,8958,610
5318.998594,2809163705,2809164321,9188,616
5319.010614,2809167797,2809168409,12047,612
5319.022633,2809171842,2809172449,11979,607
5319.034665,2809175757,2809176369,9232,612
5319.046683,2809179719,2809180331,9284,612
5319.058698,2809183591,2809184194,8847,603
5319.070733,2809187508,2809188095,9236,587
5319.082748,2809191439,2809192056,9095,617
5319.094768,2809195392,2809195996,8872,604
5319.106800,2809199326,2809199938,9178,612
5319.118819,2809203300,2809203900,9316,600
5319.130846,2809207167,2809207777,8996,610
5319.142874,2809211120,2809211705,9230,585
5319.154884,2809215008,2809215618,9282,610
5319.174428,2809221376,2809221988,12122,612
5319.186448,2809225330,2809225946,9238,616
5319.198466,2809229210,2809229815,8904,605
5319.210496,2809233282,2809233888,12086,606
5319.222517,2809237367,2809237979,12061,612
5319.234540,2809241289,2809241896,8939,607
5319.246566,2809245210,2809245821,9198,611
5319.258583,2809249142,2809249747,9178,605
5319.270601,2809253067,2809253682,8835,615
5319.282636,2809257005,2809257622,9188,617
5319.294655,2809260966,2809261578,9292,612
5319.306676,2809264868,2809265479,8963,611
5319.318705,2809268786,2809269375,9237,589
5319.330719,2809272684,2809273283,9096,599
5319.342737,2809276568,2809277178,8883,610
5319.354773,2809280467,2809281089,9237,622
5319.366790,2809284443,2809285055,9288,612
5319.378818,2809288319,2809288939,8977,620
5319.390840,2809292237,2809292854,9225,617
5319.402859,2809296205,2809296809,9270,604
5319.414873,2809300069,2809300673,8871,604
5319.426908,2809304133,2809304745,12086,612
5319.438923,2809308233,2809308843,12057,610
5319.450944,2809312110,2809312714,8870,604
5319.462978,2809316069,2809316681,9263,612
5319.474996,2809320030,2809320637,9277,607
5319.487011,2809323979,2809324593,8821,614
5319.499045,2809328092,2809328677,11963,585
5319.511060,2809332113,2809332728,9263,615
5319.523083,2809336120,2809336732,8937,612
5319.535118,2809340313,2809340917,12085,604
5319.547132,2809344436,2809345046,12079,610
5319.559155,2809348528,2809349137,11857,609
5319.571183,2809352633,2809353239,12065,606
5319.583202,2809356736,2809357343,12041,607
5319.595218,2809360610,2809361213,8874,603
5319.607253,2809364544,2809365150,9208,606
5319.619269,2809368599,2809369208,12083,609
5319.631295,2809372631,2809373242,12011,611
5319.643324,2809376671,2809377277,12151,606
5319.655337,2809380719,2809381328,12080,609
5319.667361,2809384744,2809385354,11841,610
5319.677886,2809388374,2809388836,7444,462
5319.689906,2809392207,2809392814,8915,607
5319.701935,2809396114,2809396696,9228,582
5319.713949,2809400013,2809400623,9254,610
5319.725977,2809403965,2809404575,11877,610
5319.738000,2809407918,2809408530,12068,612
5319.750021,2809411876,2809412483,9238,607
5319.762036,2809415752,2809416362,8865,610
5319.774074,2809419646,2809420231,9221,585
5319.786087,2809423548,2809424157,9224,609
5319.798103,2809427446,2809428055,8872,609
5319.810138,2809431502,2809432088,11975,586
5319.822159,2809435553,2809436164,12074,611
5319.834173,2809439472,2809440081,8846,609
5319.846209,2809443395,2809443981,9179,586
5319.858226,2809447316,2809447933,9276,617
5319.870243,2809451185,2809451793,8915,608
5319.882280,2809455249,2809455835,9244,586
5319.894295,2809459314,2809459920,12060,606
5319.946888,2809476025,2809476634,11820,609
5319.958922,2809480566,2809481177,12083,611
5319.970938,2809484537,2809485149,9269,612
5319.982956,2809488460,2809489069,8863,609
5319.994994,2809492418,2809493004,9242,586
5320.007008,2809496338,2809496955,9266,617
5320.019031,2809500366,2809500968,11845,602
5320.031062,2809504550,2809505136,11969,586
5320.043075,2809508668,2809509278,12119,610
5320.055095,2809512814,2809513421,12049,607
5320.067127,2809516985,2809517592,12088,607
5320.079145,2809521135,2809521745,12043,610
5320.091168,2809525265,2809525874,11856,609
5320.103196,2809529440,2809530027,11945,587
5320.115212,2809533493,2809534103,12079,610
5320.127235,2809537427,2809538039,8932,612
5320.139264,2809541363,2809541948,9212,585
5320.151277,2809545249,2809545851,9233,602
5320.163302,2809549230,2809549834,11839,604
5320.175332,2809553274,2809553879,12083,605
5320.185843,2809556716,2809557329,8824,613
5320.197879,2809560646,2809561231,9270,585
5320.209894,2809564543,2809565005,7390,462
5320.221921,2809568362,2809568974,12039,612
5320.233947,2809572292,2809572878,9221,586
5320.245965,2809576231,2809576842,9244,611
5320.257979,2809580135,2809580743,8850,608
5320.282028,2809587833,2809588438,12033,605
5320.294047,2809591761,2809592365,8883,604
5320.306083,2809595639,2809596224,9174,585
5320.318100,2809599561,2809600170,9305,609
5320.330116,2809603470,2809604079,8891,609
5320.342148,2809607515,2809608101,11960,586
5320.354165,2809611520,2809612135,12059,615
5320.366187,2809615425,2809616034,8886,609
5320.378224,2809619328,2809619914,9208,586
5320.390239,2809623242,2809623859,9308,617
5320.402252,2809627143,2809627751,8839,608
5320.414288,2809631070,2809631656,9242,586
5320.426302,2809635152,2809635763,12022,611
5320.438327,2809639191,2809639801,11988,610
5320.450358,2809643090,2809643676,9216,586
5320.462376,2809647013,2809647624,9278,611
5320.474399,2809650943,2809651553,8968,610
5320.486424,2809654847,2809655454,9204,607
5320.498444,2809658803,2809659413,9304,610
5320.510459,2809662703,2809663312,8872,609
5320.522494,2809666612,2809667218,9201,606
5320.534513,2809670567,2809671176,9273,609
5320.546527,2809674430,2809675034,8863,604
5320.558562,2809678539,2809679125,11982,586
5320.570578,2809682618,2809683224,11999,606
5320.582596,2809686509,2809687113,8885,604
5320.594628,2809690435,2809691051,9205,616
5320.606650,2809694406,2809695018,9315,612
5320.618676,2809698278,2809698897,8961,619
5320.630698,2809702228,2809702845,9231,617
5320.642718,2809706328,2809706934,12039,606
5320.654737,2809710345,2809710952,11994,607
5320.666768,2809714249,2809714835,9220,586
5320.678787,2809718157,2809718762,9222,605
5320.690813,2809722076,2809722698,8917,622
5320.702839,2809726234,2809726851,12086,617
5320.714854,2809730232,2809730853,8943,621
5320.726881,2809734233,2809734848,8922,615
5320.738905,2809738222,2809738839,9269,617
5320.750923,2809742232,2809742852,8997,620
5320.762949,2809746235,2809746856,8881,621
5320.774975,2809750388,2809751005,12091,617
5320.786989,2809754522,2809755134,11974,612
5320.799018,2809758706,2809759318,12083,612
5320.811046,2809762685,2809763270,9219,585
5320.823060,2809766712,2809767327,9288,615
5320.835083,2809770808,2809771416,11845,608
5320.847110,2809775017,2809775623,12073,606
5320.859127,2809779111,2809779721,12093,610
5320.871152,2809783188,2809783800,12010,612
5320.883180,2809787329,2809787910,11964,581
5320.895196,2809791391,2809791996,12083,605
5320.907220,2809795462,2809796076,11853,614
5320.919250,2809799544,2809800157,12097,613
5320.931264,2809803584,2809804193,12085,609
5320.943282,2809807477,2809808085,8921,608
5320.955316,2809811400,2809811986,9248,586
5320.967328,2809815437,2809816050,11984,613
5320.979357,2809819473,2809820082,11837,609
5320.989880,2809822953,2809823564,9268,611
5321.001893,2809826879,2809827493,8822,614
5321.013929,2809830799,2809831385,9235,586
5321.025944,2809834727,2809835333,12017,606
5321.037968,2809838666,2809839283,11990,617
5321.049999,2809842571,2809843156,9201,585
5321.062016,2809846490,2809847095,9278,605
5321.074031,2809850372,2809850981,8880,609
5321.086063,2809854299,2809854911,9218,612
5321.098083,2809858259,2809858869,9308,610
5321.110100,2809862145,2809862753,8890,608
5321.122139,2809866087,2809866672,9257,585
5321.134152,2809870001,2809870610,9269,609
5321.146176,2809873921,2809874531,8926,610
5321.191259,2809888318,2809888927,11838,609
5321.203287,2809892396,2809893007,12071,611
5321.215303,2809896436,2809897040,11985,604
5321.227320,2809900326,2809900930,8823,604
5321.239355,2809904220,2809904806,9207,586
5321.249868,2809907632,2809908230,8900,598
5321.261906,2809911569,2809912010,7422,441
5321.302475,2809924290,2809924896,9227,606
5321.314495,2809928226,2809928837,9138,611
5321.326510,2809932110,2809932719,8874,609
5321.338543,2809936025,2809936637,9245,612
5321.350563,2809939971,2809940585,9278,614
5321.362590,2809943835,2809944449,8942,614
5321.374615,2809947923,2809948534,12088,611
5321.386632,2809952021,2809952627,12052,606
5321.398648,2809955884,2809956488,8877,604
5321.410680,2809959801,2809960418,9222,617
5321.422700,2809963742,2809964353,9250,611
5321.434718,2809967606,2809968213,8824,607
5321.446750,2809971750,2809972361,12018,611
5321.456331,2809975388,2809975993,11981,605
5321.468334,2809980090,2809980702,12016,612
5321.506861,2809992309,2809992914,12012,605
5321.518885,2809996254,2809996876,8908,622
5321.530910,2810000214,2810000824,9246,610
5321.542928,2810004165,2810004775,8982,610
5321.554954,2810008105,2810008722,8931,617
5321.566976,2810012072,2810012681,9201,609
5321.578996,2810016013,2810016618,8949,605
5321.591026,2810020096,2810020713,12038,617
5321.603046,2810024327,2810024933,12102,606
5321.615066,2810028501,2810029113,12007,612
5321.627091,2810032557,2810033167,8932,610
5321.639115,2810036586,2810037202,9209,616
5321.651135,2810040747,2810041363,12011,616
5321.663160,2810044934,2810045545,12054,611
5321.675185,2810049062,2810049673,12088,611
5321.687202,2810053149,2810053765,12008,616
5321.699232,2810057248,2810057859,12041,611
5321.711255,2810061328,2810061945,12047,617
5321.723273,2810065434,2810066045,12005,611
5321.735302,2810069513,2810070125,12043,612
5321.747323,2810073590,2810074195,12063,605
5321.759343,2810077544,2810078161,9024,617
5321.769874,2810081061,2810081539,7601,478
5321.781886,2810085232,2810085703,7587,471
5321.793912,2810089107,2810089728,8905,621
5321.805937,2810093130,2810093752,9176,622
5321.817954,2810097145,2810097755,8984,610
5321.829981,2810101146,2810101768,8947,622
5321.842004,2810105138,2810105753,12085,615
5321.854019,2810109141,2810109751,11978,610
5321.866049,2810113113,2810113719,8963,606
5321.878073,2810117072,2810117683,9250,611
5321.890092,2810121003,2810121620,8991,617
5321.902118,2810124955,2810125577,8870,622
5321.914141,2810128936,2810129552,9220,616
5321.926159,2810132901,2810133506,8979,605
5321.938185,2810136846,2810137457,8903,611
5321.951712,2810141443,2810142049,12018,606
5321.962227,2810144912,2810145517,8987,605
5321.974254,2810149012,2810149617,12040,605
5321.986276,2810153108,2810153713,12081,605
5321.998292,2810157204,2810157819,12034,615
5322.010322,2810161170,2810161781,8897,611
5322.022346,2810165285,2810165896,12113,611
5322.034365,2810169232,2810169848,8962,616
5322.046390,2810173195,2810173806,8917,611
5322.058413,2810177291,2810177901,12051,610
5322.070429,2810181417,2810182033,11994,616
5322.082459,2810185364,2810185970,8930,606
5322.094482,2810189461,2810190067,12086,606
5322.111007,2810194840,2810195451,8999,611
5322.123036,2810199034,2810199646,8940,612
5322.135060,2810203076,2810203687,9235,611
5322.147078,2810207160,2810207772,9007,612
5322.174131,2810216118,2810216729,12018,611
5322.186158,2810220208,2810220819,12034,611
5322.198180,2810224291,2810224907,12110,616
5322.210200,2810228257,2810228872,8992,615
5322.222227,2810232217,2810232822,8929,605
5322.234251,2810236159,2810236765,9250,606
5322.246268,2810240123,2810240734,8985,611
5322.258297,2810244073,2810244684,8975,611
5322.270317,2810248172,2810248783,12091,611
5322.282337,2810252128,2810252727,8984,599
5322.294364,2810256075,2810256680,8929,605
5322.304882,2810259547,2810260158,12032,611
5322.322913,2810265538,2810266149,12012,611
5322.334939,2810269656,2810270267,12035,611
5322.346960,2810273614,2810274225,9196,611
5322.358979,2810277569,2810278185,8981,616
5322.371006,2810281536,2810282158,8875,622
5322.383032,2810285648,2810286255,12084,607
5322.395048,2810289818,2810290424,12013,606
5322.407077,2810294036,2810294642,12041,606
5322.419099,2810298252,2810298857,12086,605
5322.429618,2810301844,2810302454,8929,610
5322.462675,2810312623,2810313234,11983,611
5322.474705,2810316714,2810317319,12038,605
5322.486726,2810320796,2810321407,12089,611
5322.498746,2810324741,2810325347,8974,606
5322.510773,2810328688,2810329300,8926,612
5322.522798,2810332613,2810333218,9230,605
5322.534812,2810336714,2810337325,11983,611
5322.546842,2810340663,2810341273,8961,610
5322.558863,2810344597,2810345213,9259,616
5322.570882,2810348560,2810349171,8974,611
5322.582909,2810352508,2810353110,8923,602
5322.594934,2810356443,2810357055,9235,612
5322.606953,2810360556,2810361161,12011,605
5322.618979,2810364655,2810365266,12036,611
5322.631000,2810368602,2810369208,9153,606
5322.643019,2810372631,2810373237,8970,606
5322.655047,2810376800,2810377411,12038,611
5322.667073,2810380958,2810381574,12119,616
5322.679090,2810385188,2810385799,12054,611
5322.691118,2810389331,2810389942,12041,611
5322.703139,2810393486,2810394092,12045,606
5322.715157,2810397572,2810398178,12015,606
5322.727184,2810401710,2810402321,12038,611
5322.739208,2810405947,2810406557,12109,610
5322.751232,2810410036,2810410641,12037,605
5322.763255,2810414115,2810414726,12038,611
5322.775277,2810418170,2810418780,9235,610
5322.787295,2810422115,2810422731,8960,616
5322.799322,2810426199,2810426813,12044,614
5322.811347,2810430290,2810430906,12072,616
5322.821868,2810433755,2810434372,8973,617
5322.833890,2810437729,2810438346,9243,617
5322.845910,2810441697,2810442163,7551,466
5322.857936,2810445514,2810446125,8922,611
5322.869959,2810449489,2810450099,12104,610
5322.881978,2810453443,2810454043,9012,600
5322.894004,2810457393,2810458005,8959,612
5322.906027,2810461359,2810461975,9246,616
5322.918047,2810465304,2810465919,9009,615
5322.930073,2810469255,2810469865,8983,610
5322.942094,2810473488,2810474099,12084,611
5322.966140,2810481403,2810482017,12035,614
5322.978163,2810485851,2810486462,9199,611
5322.990178,2810489934,2810490540,11992,606
5323.002207,2810494035,2810494641,12034,606
5323.014233,2810497966,2810498582,9210,616
5323.026250,2810501928,2810502545,8944,617
5323.038277,2810505876,2810506487,8891,611
5323.050300,2810509842,2810510452,9010,610
5323.062319,2810513814,2810514425,8927,611
5323.074345,2810517750,2810518361,8911,611
5323.086368,2810521835,2810522446,12100,611
5323.098391,2810525944,2810526549,12039,605
5323.110413,2810529880,2810530485,8974,605
5323.138964,2810539200,2810539811,12004,611
5323.150991,2810543169,2810543780,8937,611
5323.163015,2810547105,2810547716,9273,611
5323.175033,2810551074,2810551679,8980,605
5323.187059,2810555128,2810555739,8955,611
5323.199084,2810559326,2810559929,12046,603
5323.211103,2810563522,2810564128,12010,606
5323.223131,2810567728,2810568334,12039,606
5323.235151,2810571889,2810572494,12070,605
5323.247175,2810575994,2810576599,12036,605
5323.259198,2810580129,2810580734,12041,605
5323.271221,2810584224,2810584835,12087,611
5323.283240,2810588290,2810588895,12014,605
5323.295267,2810592366,2810592976,12078,610
5323.307290,2810596440,2810597056,12085,616
5323.319307,2810600531,2810601136,12009,605
5323.331336,2810604604,2810605209,12038,605
5323.343358,2810608673,2810609279,12069,606
5323.353877,2810612168,2810612779,8912,611
5323.365902,2810616115,2810616735,9281,620
5323.377916,2810620104,2810620715,11980,611
5323.462082,2810646987,2810647598,12052,611
5323.474107,2810650947,2810651563,9262,616
5323.486125,2810654902,2810655508,8948,606
5323.498152,2810658844,2810659453,8942,609
5323.510176,2810662804,2810663409,9246,605
5323.522194,2810666739,2810667350,8931,611
5323.534220,2810670688,2810671303,8838,615
5323.546243,2810674640,2810675262,9034,622
5323.558264,2810678607,2810679213,8950,606
5323.570290,2810682549,2810683160,8950,611
5323.582315,2810686501,2810687115,9262,614
5323.594337,2810690444,2810691055,9004,611
5323.606359,2810694523,2810695129,12042,606
5323.618381,2810698603,2810699214,12092,611
5323.630400,2810702558,2810703164,8983,606
5323.642425,2810706504,2810707126,8880,622
5323.663466,2810713328,2810713940,9203,612
5323.673987,2810716795,2810717401,8913,606
5323.686012,2810720732,2810721342,9235,610
5323.698030,2810724678,2810725283,8995,605
5323.710056,2810728629,2810729240,8947,611
5323.722080,2810732577,2810733188,9227,611
5323.734098,2810736525,2810737131,8961,606
5323.746123,2810740455,2810741071,8959,616
5323.767163,2810747397,2810748007,9207,610
5323.779181,2810751494,2810752105,12014,611
5323.791207,2810755432,2810756038,8944,606
5323.803229,2810759393,2810760003,9242,610
5323.815251,2810763464,2810764072,12010,608
5323.827278,2810767518,2810768118,12040,600
5323.839299,2810771575,2810772181,12070,606
5323.851318,2810775666,2810776278,12011,612
5323.863347,2810779737,2810780343,12080,606
5323.873863,2810783216,2810783826,8987,610
5323.885890,2810787168,2810787778,8894,610
5323.897913,2810791118,2810791722,9242,604
5323.909932,2810795055,2810795661,8950,606
5323.921959,2810798995,2810799600,8950,605
5323.933983,2810802927,2810803538,9226,611
5323.945999,2810806874,2810807489,8953,615
5323.958029,2810810855,2810811466,12039,611
5323.970051,2810814787,2810815402,9234,615
5323.982070,2810818751,2810819359,8953,608
5323.994096,2810822701,2810823311,8934,610
5324.006120,2810826778,2810827382,12084,604
5324.018134,2810830828,2810831444,11978,616
5324.030165,2810834766,2810835377,8953,611
5324.042188,2810838722,2810839327,9067,605
5324.054207,2810842654,2810843264,9005,610
5324.066232,2810846593,2810847204,8947,611
5324.078258,2810850533,2810851144,9216,611
5324.090280,2810854479,2810855089,8977,610
5324.102302,2810858418,2810859023,8887,605
5324.114327,2810862338,2810862948,9233,610
5324.126344,2810866283,2810866894,8983,611
5324.138371,2810870227,2810870837,8966,610
5324.150394,2810874158,2810874769,9212,611
5324.162412,2810878104,2810878710,8940,606
5324.174439,2810882018,2810882629,8924,611
5324.186463,2810885955,2810886560,9254,605
5324.198481,2810889896,2810890505,8979,609
5324.210508,2810893845,2810894466,8951,621
5324.222531,2810897961,2810898572,12091,611
5324.234546,2810902058,2810902664,11979,606
5324.246576,2810906008,2810906619,8969,611
5324.258599,2810910088,2810910704,12102,616
5324.270618,2810914042,2810914648,8987,606
5324.282645,2810917991,2810918606,8934,615
5324.294667,2810921951,2810922567,9219,616
5324.306686,2810925910,2810926526,8985,616
5324.318714,2810929976,2810930582,12039,606
5324.330736,2810933924,2810934529,9221,605
5324.342755,2810937881,2810938487,8986,606
5324.354781,2810941827,2810942439,8919,612
5324.366803,2810945816,2810946427,9269,611
5324.470500,2810978831,2810979437,12076,606
5324.482518,2810983228,2810983845,8981,617
5324.494546,2810987205,2810987815,8958,610
5324.506570,2810991156,2810991761,9229,605
5324.518588,2810995091,2810995697,9007,606
5324.530615,2810999047,2810999651,8952,604
5324.542637,2811003001,2811003617,9211,616
5324.554657,2811006939,2811007554,8953,615
5324.566683,2811010873,2811011488,8934,615
5324.578708,2811014820,2811015436,9233,616
5324.590725,2811018760,2811019371,8937,611
5324.602752,2811022693,2811023304,8939,611
5324.614776,2811026622,2811027230,9217,608
5324.626793,2811030549,2811031160,8984,611
5324.638822,2811034621,2811035226,12040,605
5324.650842,2811038694,2811039305,12086,611
5324.662861,2811042636,2811043246,8879,610
5324.674887,2811046576,2811047197,8925,621
5324.686910,2811050529,2811051140,9065,611
5324.698929,2811054467,2811055077,8903,610
5324.710956,2811058398,2811059009,8949,611
5324.722980,2811062353,2811062958,9216,605
5324.735003,2811066436,2811067047,12026,611
5324.747028,2811070506,2811071116,12039,610
5324.759049,2811074639,2811075250,12069,611
5324.771068,2811078812,2811079423,12010,611
5324.783096,2811083007,2811083618,12029,611
5324.795121,2811087131,2811087736,12082,605
5324.807136,2811091170,2811091776,8952,606
5324.819163,2811095198,2811095809,8894,611
5324.831189,2811099305,2811099918,12083,613
5324.843206,2811103420,2811104026,12015,606
5324.855235,2811107486,2811108092,12039,606
5324.867255,2811111571,2811112176,12099,605
5324.879274,2811115639,2811116244,12014,605
5324.891302,2811119712,2811120323,12083,611
5324.903326,2811123791,2811124396,12081,605
5324.915344,2811127875,2811128486,12016,611
5324.925870,2811131342,2811131959,9268,617
5324.937888,2811135313,2811135767,7583,454
5324.949914,2811139086,2811139691,8889,605
5324.961938,2811143020,2811143625,9236,605
5324.973957,2811146949,2811147560,9010,611
5324.985982,2811150890,2811151501,8935,611
5324.998006,2811154827,2811155442,9192,615
5325.010024,2811158760,2811159365,8990,605
5325.022049,2811162739,2811163354,12042,615
5325.034072,2811166775,2811167381,12044,606
5325.046092,2811170707,2811171312,8982,605
5325.056616,2811174299,2811174908,12079,609
5325.094186,2811186331,2811186942,8968,611
5325.106212,2811190262,2811190867,9253,605
5325.118229,2811194194,2811194800,8987,606
5325.130256,2811198134,2811198753,8963,619
5325.142279,2811202070,2811202675,9230,605
5325.154297,2811206010,2811206616,8985,606
5325.166324,2811209938,2811210549,8930,611
5325.178349,2811213880,2811214496,9265,616
5325.190368,2811217849,2811218465,8985,616
5325.202394,2811221785,2811222401,8910,616
5325.214419,2811225718,2811226326,9233,608
5325.226436,2811229655,2811230261,9025,606
5325.238463,2811233736,2811234348,12044,612
5325.250485,2811237846,2811238450,12134,604
5325.262505,2811241769,2811242380,8933,611
5325.274531,2811245782,2811246393,8930,611
5325.286554,2811249712,2811250322,9237,610
5325.298573,2811253648,2811254259,8960,611
5325.310600,2811257597,2811258208,8979,611
5325.322624,2811261543,2811262148,9233,605
5325.334641,2811265490,2811266096,8969,606
5325.346668,2811269423,2811270027,8939,604
5325.358692,2811273358,2811273973,9216,615
5325.370710,2811277289,2811277900,8974,611
5325.382737,2811281222,2811281832,8932,610
5325.394761,2811285154,2811285770,9205,616
5325.406779,2811289091,2811289702,8960,611
5325.418805,2811293022,2811293631,8916,609
5325.430826,2811296938,2811297547,9021,609
5325.442846,2811300886,2811301501,8948,615
5325.454876,2811304986,2811305597,12040,611
5325.466895,2811309068,2811309673,12090,605
5325.478917,2811313001,2811313610,8987,609
5325.490941,2811316925,2811317536,8919,611
5325.502965,2811320856,2811321461,9241,605
5325.514974,2811324929,2811325531,8884,602
5325.527006,2811328839,2811329450,9181,611
5325.539027,2811332844,2811333454,9265,610
5325.551047,2811336799,2811337404,8851,605
5325.563078,2811340920,2811341519,12087,599
5325.575097,2811345089,2811345693,12063,604
5325.587114,2811349183,2811349761,12002,578
5325.599150,2811353319,2811353929,12084,610
5325.611162,2811357368,2811357975,11918,607
5325.623184,2811361221,2811361803,8927,582
5325.635217,2811365172,2811365776,9228,604
5325.647231,2811369192,2811369797,11872,605
5325.659252,2811373196,2811373779,11954,583
5325.671284,2811377219,2811377799,11963,580
5325.683301,2811381251,2811381862,12039,611
5325.695322,2811385245,2811385843,11879,598
5325.707353,2811389259,2811389869,12112,610
5325.717875,2811392754,2811393365,8960,611
5325.729905,2811396754,2811397218,7479,464
5325.741917,2811400596,2811401211,8988,615
5325.753944,2811404613,2811405229,12043,616
5325.765965,2811408620,2811409240,12089,620
5325.777983,2811412598,2811413209,8961,611
5325.790005,2811416516,2811417099,8960,583
5325.802035,2811420402,2811420987,9228,585
5325.814050,2811424254,2811424869,9253,615
5325.826080,2811428167,2811428744,8990,577
5325.838100,2811432133,2811432717,11948,584
5325.850122,2811436147,2811436761,12076,614
5325.862141,2811440051,2811440634,8982,583
5325.874173,2811443923,2811444508,9175,585
5325.886191,2811447805,2811448420,9286,615
5325.898207,2811451697,2811452275,8939,578
5325.910240,2811455541,2811456125,9161,584
5325.922258,2811459418,2811460023,9304,605
5325.934282,2811463319,2811463925,8961,606
5325.946310,2811467179,2811467761,9199,582
5325.958328,2811471072,2811471677,9237,605
5325.970345,2811475097,2811475699,11832,602
5325.984334,2811480521,2811481127,12034,606
5325.998903,2811485081,2811485687,9287,606
5326.022953,2811492783,2811493387,12112,604
5326.034970,2811496695,2811497299,9208,604
5326.046990,2811500502,2811501083,8937,581
5326.059021,2811504534,2811505145,12087,611
5326.071042,2811508679,2811509284,12045,605
5326.083061,2811512814,2811513415,11976,601
5326.095091,2811516922,2811517507,11970,585
5326.107111,2811521101,2811521706,12045,605
5326.119131,2811525177,2811525779,11852,602
5326.131160,2811529287,2811529893,12088,606
5326.143174,2811533380,2811533976,11875,596
5326.155193,2811537264,2811537871,8877,607
5326.167228,2811541223,2811541833,9222,610
5326.179248,2811545288,2811545893,12045,605
5326.191269,2811549239,2811549842,11844,603
5326.203297,2811553375,2811553979,12093,604
5326.215309,2811557376,2811557982,11861,606
5326.227339,2811561390,2811561989,12012,599
5326.237857,2811564817,2811565276,7401,459
5326.249883,2811568611,2811569066,7566,455
5326.261912,2811572357,2811572942,9202,585
5326.273927,2811576234,2811576839,9106,605
5326.285949,2811580127,2811580710,8990,583
5326.297979,2811583967,2811584553,9241,586
5326.309993,2811587802,2811588411,9190,609
5326.322024,2811591713,2811592295,8962,582
5326.334048,2811595570,2811596155,9221,585
5326.346063,2811599425,2811600039,9199,614
5326.358086,2811603331,2811603913,8991,582
5326.370115,2811607345,2811607929,11959,584
5326.382135,2811611355,2811611955,12075,600
5326.394154,2811615206,2811615788,8902,582
5326.406186,2811619065,2811619651,9227,586
5326.418202,2811622967,2811623572,9302,605
5326.430223,2811626872,2811627452,8962,580
5326.442252,2811630749,2811631333,9219,584
5326.454266,2811634776,2811635381,12021,605
5326.466290,2811638786,2811639397,12028,611
5326.478324,2811642723,2811643308,9255,585
5326.490336,2811646609,2811647218,9237,609
5326.502361,2811650482,2811651058,8957,576
5326.514390,2811654346,2811654931,9212,585
5326.526406,2811658254,2811658864,9242,610
5326.538427,2811662142,2811662723,8955,581
5326.550459,2811665982,2811666565,9240,583
5326.562477,2811669882,2811670484,9284,602
5326.574498,2811673751,2811674357,8947,606
5326.586524,2811677807,2811678392,11983,585
5326.598545,2811681839,2811682445,12078,606
5326.610567,2811685717,2811686328,8952,611
5326.622595,2811689609,2811690214,9192,605
5326.634613,2811693533,2811694138,9258,605
5326.646634,2811697364,2811697945,8912,581
5326.658663,2811701235,2811701820,9150,585
5326.670678,2811705239,2811705844,11991,605
5326.682701,2811709252,2811709857,11965,605
5326.694733,2811713119,2811713703,9154,584
5326.706747,2811716990,2811717594,9203,604
5326.718776,2811720806,2811721413,8966,607
5326.730799,2811724699,2811725304,9221,605
5326.742817,2811728612,2811729217,9274,605
5326.754833,2811732487,2811733079,8863,592
5326.766867,2811736315,2811736898,9158,583
5326.778884,2811740170,2811740789,9261,619
5326.790906,2811743998,2811744580,8888,582
5326.802937,2811748035,2811748620,11934,585
5326.814952,2811751939,2811752543,9279,604
5326.894602,2811776611,2811777214,11804,603
5327.014829,2811808319,2811808921,9153,602
5327.026851,2811812186,2811812794,8885,608
5327.038883,2811816059,2811816663,9186,604
5327.050903,2811819952,2811820557,9306,605
5327.062924,2811823750,2811824331,8974,581
5327.074953,2811827605,2811828188,9185,583
5327.086973,2811831603,2811832213,12042,610
5327.098993,2811835589,2811836194,11973,605
5327.111022,2811839565,2811840164,12089,599
5327.123043,2811843685,2811844290,12044,605
5327.135058,2811847724,2811848306,11949,582
5327.147092,2811851778,2811852362,12006,584
5327.159109,2811855767,2811856372,9227,605
5327.171123,2811859667,2811860269,8851,602
5327.183159,2811863629,2811864233,9241,604
5327.195177,2811867625,2811868230,11906,605
5327.207201,2811871604,2811872212,11861,608
5327.219231,2811875618,2811876224,12100,606
5327.231242,2811879625,2811880226,11868,601
5327.398061,2811926005,2811926611,6173,606
5327.410093,2811929302,2811929871,6517,569
5327.422112,2811933175,2811933785,9323,610
5327.434131,2811937083,2811937665,8915,582
5327.446165,2811940901,2811941485,9158,584
5327.458180,2811944745,2811945350,9303,605
5327.470197,2811948777,2811949379,11798,602
5327.482229,2811952739,2811953323,11974,584
5327.494247,2811957087,2811957692,9262,605
5327.506269,2811960986,2811961567,8911,581
5327.518300,2811964886,2811965471,9176,585
5327.530315,2811968781,2811969390,9224,609
5327.542336,2811972604,2811973185,8974,581
5327.554368,2811976469,2811977052,9196,583
5327.566386,2811980358,2811980963,9298,605
5327.578406,2811984202,2811984782,8939,580
5327.590435,2811988073,2811988652,9155,579
5327.602452,2811992109,2811992719,12062,610
5327.614474,2811996109,2811996713,11981,604
5327.626505,2811999973,2812000557,9190,584
5327.638524,2812003897,2812004502,9274,605
5327.650543,2812007733,2812008315,8877,582
5327.662573,2812011594,2812012203,9122,609
5327.674589,2812015506,2812016110,9275,604
5327.686606,2812019504,2812020086,11960,582
5327.698638,2812023492,2812024075,11962,583
5327.710663,2812027375,2812027975,9237,600
5327.722676,2812031197,2812031800,8857,603
5327.734712,2812035076,2812035681,9256,605
5327.746728,2812038990,2812039601,9200,611
5327.758742,2812042810,2812043411,8853,601
5327.770774,2812046706,2812047316,9214,610
5327.782795,2812050612,2812051217,9249,605
5327.794816,2812054420,2812054999,8913,579
5327.806848,2812058243,2812058825,9189,582
5327.818866,2812062257,2812062862,12058,605
5327.830881,2812066227,2812066829,11799,602
5327.842914,2812070123,2812070707,9207,584
5327.854931,2812073996,2812074606,9275,610
5327.866947,2812077862,2812078465,8897,603
5327.878983,2812081742,2812082325,9172,583
5327.891001,2812085633,2812086243,9254,610
5327.903023,2812089643,2812090246,11858,603
5327.915051,2812093734,2812094339,12072,605
5327.927072,2812097895,2812098494,12040,599
5327.939087,2812101944,2812102526,11952,582
5327.951121,2812106042,2812106647,12068,605
5327.963141,2812110154,2812110759,12048,605
5327.975157,2812114274,2812114856,11961,582
5327.987189,2812118148,2812118731,9179,583
5327.999204,2812121993,2812122596,9256,603
5328.011228,2812125988,2812126595,11981,607
5328.023258,2812130037,2812130647,12087,610
5328.035272,2812134048,2812134649,11873,601
5328.045804,2812137506,2812138090,9226,584
5328.071342,2812145553,2812146164,9157,611
5328.081876,2812148948,2812149387,7475,439
5328.093887,2812152656,2812153260,9253,604
5328.105905,2812156516,2812157097,8929,581
5328.117944,2812160390,2812160974,9254,584
5328.129955,2812164229,2812164834,9229,605
5328.141978,2812168107,2812168669,8942,562
5328.199091,2812185831,2812186440,12125,609
5328.211110,2812190014,2812190616,12077,602
5328.223132,2812194050,2812194657,11846,607
5328.235158,2812198115,2812198725,12075,610
5328.245674,2812201750,2812202359,11981,609
5328.259201,2812206096,2812206706,8988,610
5328.442546,2812250578,2812251182,9230,604
5328.454579,2812253590,2812254194,9053,604
5328.466599,2812257054,2812257663,9290,609
5328.478620,2812260959,2812261569,9295,610
5328.490641,2812264790,2812265367,8950,577
5328.502667,2812268762,2812269340,11965,578
5328.514689,2812272749,2812273354,12074,605
5328.526704,2812276557,2812277159,8815,602
5328.538739,2812280438,2812281022,9202,584
5328.550755,2812284303,2812284908,9231,605
5328.562774,2812288164,2812288741,8909,577
5328.574804,2812291996,2812292604,9256,608
5328.586823,2812295847,2812296448,9226,601
5328.598847,2812299681,2812300286,8986,605
5328.610876,2812303562,2812304169,9218,607
5328.622891,2812307441,2812308045,9270,604
5328.634911,2812311404,2812311986,11953,582
5328.646940,2812315410,2812316015,12077,605
5328.658961,2812319341,2812319946,9250,605
5328.670981,2812323159,2812323737,8971,578
5328.683011,2812326978,2812327587,9253,609
5328.695031,2812331011,2812331619,12042,608
5328.707049,2812335065,2812335665,12026,600
5328.719080,2812339176,2812339760,11962,584
5328.731096,2812343220,2812343824,12060,604
5328.743118,2812347289,2812347871,11952,582
5328.755152,2812351343,2812351942,12119,599
5328.767169,2812355345,2812355955,12041,610
5328.779185,2812359285,2812359867,11953,582
5328.791215,2812363303,2812363882,11949,579
5328.803229,2812367112,2812367708,8967,596
5328.815252,2812370992,2812371577,8876,585
5328.827288,2812374932,2812375538,12131,606
5328.839300,2812378908,2812379508,11867,600
5328.851334,2812382880,2812383483,11876,603
5328.861849,2812386335,2812386940,9253,605
5328.992594,2812426378,2812426973,11929,595
5329.006115,2812431346,2812431947,11949,601
5329.018146,2812435339,2812435916,11999,577
5329.030169,2812439256,2812439861,12072,605
5329.042188,2812443115,2812443724,9290,609
5329.054208,2812447005,2812447590,8861,585
5329.066244,2812450895,2812451479,9159,584
5329.078262,2812454802,2812455411,9272,609
5329.090284,2812458657,2812459239,8955,582
5329.102310,2812462640,2812463244,12135,604
5329.114329,2812466680,2812467289,12062,609
5329.126350,2812470540,2812471117,8977,577
5329.138380,2812474390,2812474974,9221,584
5329.150395,2812478268,2812478872,9115,604
5329.162415,2812482093,2812482695,8837,602
5329.174450,2812485970,2812486553,9247,583
5329.186467,2812489854,2812490459,9262,605
5329.198494,2812493712,2812494297,8946,585
5329.210517,2812497574,2812498156,9200,582
5329.222534,2812501453,2812502058,9289,605
5329.234550,2812505447,2812506029,11976,582
5329.246580,2812509447,2812510051,12068,604
5329.258603,2812513363,2812513968,9312,605
5329.414894,2812555692,2812556296,11947,604
5329.426924,2812558603,2812559212,9279,609
5329.438945,2812562443,2812563053,9252,610
5329.450956,2812566464,2812567048,11786,584
5329.462992,2812570475,2812571080,12082,605
5329.475012,2812574387,2812574991,9239,604
5329.487036,2812578389,2812578991,11839,602
5329.499066,2812582490,2812583100,12127,610
5329.511075,2812586554,2812587165,11827,611
5329.523104,2812590583,2812591191,11810,608
5329.535131,2812594673,2812595277,12084,604
5329.547150,2812598741,2812599346,11998,605
5329.559172,2812602743,2812603340,11839,597
5329.571202,2812606736,2812607320,11961,584
5329.583212,2812610653,2812611258,11865,605
5329.595250,2812614605,2812615211,11887,606
5329.607273,2812618629,2812619213,11966,584
5329.619286,2812622443,2812623049,9182,606
5329.631308,2812626280,2812626885,8898,605
5329.643342,2812630315,2812630897,11973,582
5329.653856,2812633647,2812634229,9016,582
5329.665883,2812637482,2812638066,9194,584
5329.677899,2812641381,2812641986,9307,605
5329.735006,2812659074,2812659676,11827,602
5329.747037,2812663090,2812663695,12126,605
5329.759044,2812667150,2812667742,11847,592
5329.771076,2812671138,2812671714,11959,576
5329.783107,2812675228,2812675812,12007,584
5329.795118,2812679234,2812679844,11818,610
5329.807141,2812683244,2812683821,11958,577
5329.819174,2812687066,2812687649,9232,583
5329.831193,2812690921,2812691526,9295,605
5329.843218,2812694846,2812695445,11889,599
5329.855241,2812698877,2812699482,12068,605
5329.867252,2812702827,2812703433,11831,606
5329.877787,2812706501,2812707085,11970,584
5329.942408,2812726500,2812727076,12048,576
5330.074650,2812760417,2812761016,9268,599
5330.086680,2812763957,2812764563,9311,606
5330.098701,2812767872,2812768470,9257,598
5330.110722,2812771675,2812772256,8933,581
5330.122751,2812775552,2812776136,9147,584
5330.134758,2812779517,2812780119,11861,602
5330.146789,2812783484,2812784089,11960,605
5330.245982,2812809867,2812810468,11846,601
5330.258002,2812813465,2812814070,6206,605
5330.270028,2812817337,2812817918,8875,581
5330.282055,2812821273,2812821857,9202,584
5330.294073,2812825111,2812825716,9286,605
5330.426321,2812849503,2812850103,8598,600
5330.438350,2812852337,2812852946,8470,609
5330.450372,2812855364,2812855969,9164,605
5330.462393,2812858670,2812859277,11828,607
5330.474418,2812861950,2812862555,9245,605
5330.486438,2812865878,2812866483,9192,605
5330.498460,2812869704,2812870286,8997,582
5330.510487,2812874250,2812874854,12081,604
5330.522504,2812878350,2812878960,11985,610
5330.532331,2812881958,2812882558,12091,600
5330.599149,2812902767,2812903369,11840,602
5330.611180,2812906809,2812907414,12064,605
5330.623201,2812910859,2812911464,12085,605
5330.635219,2812914748,2812915358,8953,610
5330.647250,2812918667,2812919250,8916,583
5330.659272,2812922676,2812923277,12081,601
5330.671288,2812926679,2812927276,11853,597
5330.683317,2812930693,2812931276,11967,583
5330.693828,2812934383,2812934985,11808,602
5330.717887,2812942011,2812942469,7453,458
5330.729907,2812945839,2812946454,8972,615
5330.741930,2812949846,2812950460,12039,614
5330.753954,2812953824,2812954443,8984,619
5330.765977,2812957800,2812958415,8964,615
5330.777999,2812961781,2812962401,8926,620
5330.790022,2812965765,2812966380,8917,615
5330.802040,2812969701,2812970306,8936,605
5330.814068,2812973601,2812974185,8895,584
5330.826088,2812977464,2812978070,9206,606
5330.838109,2812981370,2812981974,8901,604
5330.850135,2812985412,2812986016,12041,604
5330.862157,2812989441,2812990040,12094,599
5330.874177,2812993345,2812993950,8923,605
5330.886206,2812997240,2812997824,8963,584
5330.898226,2813001276,2813001880,9178,604
5330.910244,2813005166,2813005771,8929,605
5330.922272,2813009069,2813009652,8884,583
5330.934295,2813012952,2813013562,9241,610
5330.946312,2813016844,2813017449,8918,605
5330.958341,2813020737,2813021320,8923,583
5330.970364,2813024622,2813025227,9231,605
5330.982382,2813028517,2813029121,9020,604
5330.994409,2813032401,2813033011,8939,610
5331.006431,2813036343,2813036947,9210,604
5331.018449,2813040251,2813040856,8985,605
5331.030481,2813044300,2813044884,8888,584
5331.042501,2813048192,2813048800,9248,608
5331.054519,2813052118,2813052723,8994,605
5331.066544,2813056192,2813056802,12083,610
5331.078568,2813060284,2813060889,12103,605
5331.090587,2813064203,2813064808,8970,605
5331.101111,2813067738,2813068346,12074,608
5331.119147,2813073701,2813074305,12096,604
5331.131162,2813077726,2813078332,11827,606
5331.143192,2813081811,2813082421,12106,610
5331.155216,2813085843,2813086448,12084,605
5331.167232,2813089754,2813090359,8980,605
5331.179259,2813093787,2813094392,12046,605
5331.191285,2813097833,2813098432,12088,599
5331.203299,2813101846,2813102448,11842,602
5331.215331,2813105912,2813106496,11926,584
5331.225847,2813109329,2813109932,9002,603
5331.237879,2813113269,2813113728,7712,459
5331.249903,2813117037,2813117502,7474,465
5331.261916,2813120842,2813121302,7587,460
5331.273943,2813124588,2813125166,8908,578
5331.285962,2813128456,2813129059,9190,603
5331.297984,2813132344,2813132949,8976,605
5331.310008,2813136236,2813136820,8936,584
5331.343060,2813146765,2813147377,11828,612
5331.355093,2813150769,2813151373,8975,604
5331.367115,2813154756,2813155361,9260,605
5331.379132,2813158827,2813159436,11980,609
5331.391160,2813162876,2813163480,12061,604
5331.403187,2813166911,2813167516,12088,605
5331.415202,2813170992,2813171589,11839,597
5331.427231,2813174997,2813175612,12063,615
5331.439255,2813179062,2813179671,12090,609
5331.451271,2813182967,2813183572,8975,605
5331.463299,2813186843,2813187453,8913,610
5331.475322,2813190897,2813191504,12073,607
5331.487339,2813194927,2813195529,11821,602
5331.497867,2813198373,2813198977,9276,604
5331.509883,2813202446,2813203055,8976,609
5331.533932,2813210061,2813210668,12079,607
5331.545953,2813214004,2813214604,9005,600
5331.557981,2813217880,2813218463,8871,583
5331.570004,2813221786,2813222391,9278,605
5331.582015,2813225669,2813226277,11805,608
5331.594049,2813229621,2813230231,12039,610
5331.606071,2813233539,2813234154,9229,615
5331.618090,2813237455,2813238054,8978,599
5331.630119,2813241334,2813241918,8943,584
5331.640630,2813244770,2813245364,12026,594
5331.663169,2813252058,2813252660,11828,602
5331.675202,2813256059,2813256666,12060,607
5331.687225,2813259965,2813260570,9211,605
5331.699242,2813263932,2813264538,11885,606
5331.709770,2813267518,2813268122,12093,604
5331.726298,2813272850,2813273454,8991,604
5331.738326,2813276723,2813277307,8921,584
5331.750349,2813280616,2813281226,9217,610
5331.762366,2813284548,2813285153,8955,605
5331.774395,2813288429,2813289011,8883,582
5331.786417,2813292312,2813292915,9230,603
5331.798434,2813296202,2813296806,8963,604
5331.810462,2813300070,2813300675,8957,605
5331.822484,2813303981,2813304591,9253,610
5331.834503,2813307869,2813308473,8999,604
5331.846531,2813311741,2813312320,8903,579
5331.858554,2813315633,2813316236,9212,603
5331.870572,2813319511,2813320116,8985,605
5331.882599,2813323568,2813324151,11923,583
5331.894619,2813327573,2813328180,12099,607
5331.911144,2813333037,2813333636,12001,599
5331.923173,2813337129,2813337712,11925,583
5331.935197,2813341196,2813341799,12089,603
5331.947213,2813345178,2813345786,11860,608
5331.959243,2813349270,2813349875,12062,605
5331.971267,2813353321,2813353924,12092,603
5331.983282,2813357235,2813357839,8958,604
5331.995309,2813361144,2813361749,8885,605
5332.007334,2813365189,2813365793,12100,604
5332.017860,2813369104,2813369569,7742,465
5332.029877,2813372868,2813373477,9253,609
5332.041897,2813376771,2813377374,8983,603
5332.053925,2813380657,2813381241,8920,584
5332.065947,2813384574,2813385179,12086,605
5332.077962,2813388488,2813389092,11979,604
5332.089993,2813392384,2813392947,8929,563
5332.102016,2813396265,2813396853,9183,588
5332.114034,2813400158,2813400768,8980,610
5332.126062,2813404044,2813404628,8924,584
5332.142590,2813409349,2813409962,9245,613
5332.159119,2813414684,2813415289,8973,605
5332.171147,2813418832,2813419436,12039,604
5332.183169,2813422770,2813423373,9207,603
5332.195187,2813426654,2813427264,8975,610
5332.207215,2813430657,2813431261,12061,604
5332.219240,2813434693,2813435298,12085,605
5332.231256,2813438693,2813439295,11847,602
5332.243287,2813442718,2813443302,11931,584
5332.255307,2813446725,2813447333,12083,608
5332.286867,2813456893,2813457492,12075,599
5332.298885,2813460944,2813461550,11820,606
5332.310914,2813464969,2813465574,12058,605
5332.322932,2813468907,2813469506,9276,599
5332.334951,2813472803,2813473413,8986,610
5332.346980,2813476685,2813477295,8945,610
5332.359001,2813480600,2813481210,9218,610
5332.371020,2813484490,2813485093,8943,603
5332.383048,2813488418,2813489028,8928,610
5332.395069,2813492397,2813493006,9219,609
5332.407089,2813496482,2813497073,11844,591
5332.419115,2813500570,2813501154,11928,584
5332.431141,2813504645,2813505248,12088,603
5332.443156,2813508656,2813509263,11846,607
5332.455184,2813512666,2813513275,12059,609
5332.467208,2813516579,2813517183,9220,604
5332.479226,2813520431,2813521035,9000,604
5332.491254,2813524442,2813525045,12062,603
5332.503279,2813528470,2813529074,12089,604
5332.515294,2813532452,2813533058,11848,606
5332.527325,2813536533,2813537131,12038,598
5332.539347,2813540572,2813541166,12069,594
5332.549869,2813543945,2813544528,8922,583
5332.561892,2813547817,2813548421,9216,604
5332.573910,2813551728,2813552335,8983,607
5332.585938,2813555615,2813556199,8893,584
5332.597959,2813559496,2813560101,12076,605
5332.609972,2813563418,2813564025,11801,607
5332.622007,2813567316,2813567900,8941,584
5332.634029,2813571196,2813571800,9251,604
5332.646038,2813575047,2813575649,8820,602
5332.658073,2813578916,2813579499,8901,583
5332.670096,2813582783,2813583393,9200,610
5332.682108,2813586754,2813587356,11814,602
5332.694138,2813590732,2813591316,11912,584
5332.706165,2813594633,2813595237,9176,604
5332.718178,2813598509,2813599116,8902,607
5332.730211,2813602487,2813603071,8906,584
5332.742234,2813606323,2813606933,9219,610
5332.806856,2813626564,2813627172,12060,608
5332.818878,2813630477,2813631081,9241,604
5332.830897,2813634460,2813635067,11847,607
5332.842924,2813638305,2813638915,8947,610
5332.854946,2813642225,2813642834,9253,609
5332.866958,2813646052,2813646654,8817,602
5332.878993,2813649928,2813650511,8890,583
5332.891018,2813653955,2813654563,12084,608
5332.903032,2813657991,2813658593,11879,602
5332.915062,2813662101,2813662711,12063,610
5332.927084,2813666260,2813666863,12090,603
5332.939093,2813670251,2813670854,8855,603
5332.951129,2813674365,2813674975,12061,610
5332.963151,2813678426,2813679030,12131,604
5332.975168,2813682463,2813683071,11848,608
5332.987197,2813686494,2813687099,12061,605
5332.999219,2813690407,2813691015,9248,608
5333.011237,2813694259,2813694869,8939,610
5333.023265,2813698292,2813698875,11927,583
5333.035290,2813702313,2813702916,12102,603
5333.047306,2813706280,2813706882,11843,602
5333.059335,2813710227,2813710831,12062,604
5333.069847,2813713615,2813714217,8852,602
5333.081882,2813717498,2813717932,7620,434
5333.093909,2813721216,2813721676,7498,460
5333.105913,2813724964,2813725561,8824,597
5333.117949,2813728854,2813729438,8941,584
5333.129971,2813732698,2813733307,9231,609
5333.141982,2813736880,2813737483,11811,603
5333.190082,2813752006,2813752587,11916,581
5333.202108,2813755868,2813756477,9241,609
5333.214119,2813759836,2813760438,11820,602
5333.226153,2813763839,2813764443,12056,604
5333.238177,2813767734,2813768343,9242,609
5333.250189,2813771635,2813772237,8871,602
5333.262223,2813775484,2813776063,8919,579
5333.274247,2813779323,2813779931,9178,608
5333.286256,2813783204,2813783806,8836,602
5333.298289,2813787208,2813787791,11918,583
5333.310313,2813791192,2813791795,12098,603
5333.322325,2813795056,2813795653,8854,597
5333.334360,2813798910,2813799492,8887,582
5333.346384,2813802800,2813803408,9265,608
5333.358393,2813806670,2813807273,8877,603
5333.370428,2813810536,2813811120,8915,584
5333.382451,2813814414,2813815018,9269,604
5333.394470,2813818299,2813818897,8940,598
5333.406498,2813822152,2813822734,8922,582
5333.418521,2813826028,2813826632,9226,604
5333.430535,2813830037,2813830638,11847,601
5333.442566,2813834057,2813834667,12053,610
5333.454588,2813837954,2813838557,9266,603
5333.466600,2813841785,2813842382,8880,597
5333.478635,2813845654,2813846238,8924,584
5333.490658,2813849532,2813850135,9253,603
5333.502669,2813853389,2813853996,8830,607
5333.514700,2813857413,2813857997,11915,584
5333.526725,2813861936,2813862540,12084,604
5333.538738,2813865789,2813866391,8853,602
5333.550771,2813869667,2813870251,8905,584
5333.562793,2813873563,2813874166,9192,603
5333.574803,2813877413,2813878016,8864,603
5333.586839,2813881279,2813881889,8929,610
5333.598859,2813885176,2813885786,9233,610
5333.610879,2813889059,2813889663,8982,604
5333.622907,2813892897,2813893505,8911,608
5333.634929,2813896777,2813897381,9160,604
5333.646949,2813900768,2813901371,11847,603
5333.658977,2813904779,2813905378,12097,599
5333.670997,2813908696,2813909298,9252,602
5333.683010,2813912550,2813913152,8899,602
5333.695045,2813916483,2813917066,8863,583
5333.707070,2813920600,2813921208,12131,608
5333.719085,2813924699,2813925306,11855,607
5333.731112,2813928787,2813929396,12061,609
5333.743136,2813932916,2813933524,12080,608
5333.755145,2813936924,2813937520,8871,596
5333.767179,2813940964,2813941547,11934,583
5333.779203,2813944965,2813945573,12073,608
5333.791221,2813948930,2813949533,11854,603
5333.803248,2813952946,2813953550,12057,604
5333.815271,2813956856,2813957460,9210,604
5333.827289,2813960773,2813961377,8970,604
5333.839320,2813964787,2813965395,12044,608
5333.851336,2813968688,2813969295,9231,607
5333.863356,2813972655,2813973257,11836,602
5333.875385,2813976615,2813977213,12079,598
5333.885898,2813980005,2813980607,8822,602
5333.897932,2813983896,2813984480,8919,584
5333.909954,2813987775,2813988384,12103,609
5333.921965,2813991673,2813992275,8822,602
5333.934000,2813995546,2813996125,8923,579
5333.946022,2813999420,2814000019,12107,599
5333.958034,2814003567,2814004169,11810,602
5334.022665,2814023725,2814024326,12165,601
5334.034679,2814027573,2814028175,8921,602
5334.046713,2814031637,2814032241,12037,604
5334.072259,2814039887,2814040488,12122,601
5334.106817,2814050880,2814051480,11836,600
5334.118851,2814054752,2814055362,8930,610
5334.130873,2814058801,2814059405,12072,604
5334.142889,2814062799,2814063397,12013,598
5334.154919,2814066648,2814067226,8905,578
5334.166941,2814070620,2814071224,9204,604
5334.178952,2814074447,2814075054,8831,607
5334.190986,2814078320,2814078904,8942,584
5334.203009,2814082220,2814082829,9224,609
5334.215022,2814086147,2814086744,8901,597
5334.225553,2814089630,2814090233,12072,603
5334.251091,2814097829,2814098436,11830,607
5334.263127,2814101940,2814102549,12058,609
5334.275147,2814106044,2814106652,12069,608
5334.287166,2814110079,2814110686,11843,607
5334.299193,2814113909,2814114522,8928,613
5334.311215,2814117824,2814118433,9241,609
5334.323235,2814121798,2814122402,11848,604
5334.335263,2814125805,2814126403,12062,598
5334.347287,2814129824,2814130428,12087,604
5334.359303,2814133787,2814134386,11998,599
5334.371330,2814137798,2814138397,12060,599
5334.383353,2814141838,2814142446,12081,608
5334.393874,2814145204,2814145788,8940,584
5334.405898,2814149029,2814149631,9221,602
5334.417910,2814152922,2814153519,8813,597
5334.429944,2814156816,2814157400,11940,584
5334.441966,2814160671,2814161275,12102,604
5334.453977,2814164545,2814165147,8810,602
5334.466012,2814168414,2814168998,8924,584
5334.478035,2814172306,2814172910,9279,604
5334.490047,2814176193,2814176794,8851,601
5334.502082,2814180065,2814180649,8932,584
5334.514102,2814184005,2814184608,12069,603
5334.526119,2814188141,2814188745,12019,604
5334.538145,2814191993,2814192569,8985,576
5334.550173,2814195815,2814196399,9215,584
5334.562184,2814199616,2814200217,9114,601
5334.574212,2814203461,2814204039,8966,578
5334.766585,2814250265,2814250849,9229,584
5334.778595,2814253607,2814254210,9163,603
5334.790625,2814256906,2814257513,9334,607
5334.802649,2814260747,2814261349,9286,602
5334.814669,2814264582,2814265162,8992,580
5334.826700,2814268393,2814268976,9157,583
5334.838709,2814272188,2814272787,9189,599
5334.850735,2814276004,2814276564,8936,560
5334.862764,2814279982,2814280560,11986,578
5334.874771,2814283930,2814284526,11863,596
5334.886807,2814287712,2814288288,9000,576
5334.898835,2814291675,2814292257,12003,582
5334.910850,2814295501,2814296097,9213,596
5334.922868,2814299269,2814299874,8835,605
5334.934899,2814303139,2814303748,9225,609
5334.946910,2814307143,2814307740,11870,597
5334.958939,2814311086,2814311690,11984,604
5334.970965,2814314950,2814315554,9202,604
5334.982986,2814318892,2814319494,9175,602
5334.995008,2814322776,2814323373,11851,597
5335.007038,2814326754,2814327338,11988,584
5335.019049,2814330767,2814331369,11863,602
5335.031073,2814335166,2814335768,8806,602
5335.043103,2814339171,2814339769,9156,598
5335.154313,2814373274,2814373871,12055,597
5335.175352,2814379995,2814380594,11968,599
5335.185876,2814383397,2814383998,9182,601
5335.197899,2814387228,2814387793,8960,565
5335.209927,2814391055,2814391638,9168,583
5335.221941,2814394877,2814395477,9205,600
5335.233968,2814398746,2814399320,8925,574
5335.245996,2814402579,2814403157,11960,578
5335.258010,2814406417,2814407011,11921,594
5335.270037,2814410260,2814410836,8976,576
5335.282063,2814414093,2814414676,9199,583
5335.294076,2814417888,2814418484,9191,596
5335.306102,2814421733,2814422314,8972,581
5335.318134,2814425531,2814426115,9193,584
5335.330142,2814429426,2814430028,11933,602
5335.342172,2814433388,2814433972,11841,584
5335.354202,2814437223,2814437807,9228,584
5335.366214,2814441019,2814441621,9136,602
5335.378239,2814444870,2814445447,8901,577
5335.390264,2814448686,2814449290,9132,604
5335.493968,2814479603,2814480170,5610,567
5335.505979,2814483357,2814483964,11943,607
5335.518007,2814487200,2814487781,8946,581
5335.530038,2814490988,2814491571,9201,583
5335.542050,2814494829,2814495437,12072,608
5335.554075,2814498691,2814499267,8947,576
5335.566107,2814502475,2814503051,9220,576
5335.578116,2814506285,2814506887,9163,602
5335.590141,2814510387,2814510983,11851,596
5335.686324,2814536100,2814536695,8694,595
5335.698353,2814539241,2814539846,8485,605
5335.710368,2814543029,2814543631,9198,602
5335.722396,2814546871,2814547450,8956,579
5335.734425,2814550720,2814551304,9216,584
5335.746435,2814554570,2814555176,9003,606
5335.758458,2814558524,2814559108,11813,584
5335.770491,2814562411,2814562994,9166,583
5335.782503,2814566407,2814567012,11862,605
5335.794538,2814570371,2814570952,9004,581
5335.806557,2814574244,2814574863,9220,619
5335.818572,2814578145,2814578757,9175,612
5335.830602,2814581998,2814582579,8968,581
5335.842633,2814585822,2814586405,9228,583
5335.854644,2814589646,2814590246,9247,600
5335.866668,2814593467,2814594041,8965,574
5335.878696,2814597441,2814598024,11929,583
5335.890703,2814601412,2814602013,11865,601
5335.902740,2814605255,2814605836,8981,581
5335.914768,2814609068,2814609650,9242,582
5335.926777,2814612860,2814613462,9171,602
5335.938805,2814616617,2814617192,8957,575
5335.950838,2814620446,2814621027,9271,581
5335.962840,2814624428,2814625029,11864,601
5335.974869,2814628367,2814628945,11809,578
5335.986897,2814632225,2814632823,9219,598
5335.998919,2814636085,2814636687,9148,602
5336.010937,2814639894,2814640495,8885,601
5336.022971,2814643759,2814644343,9190,584
5336.034981,2814647549,2814648151,9154,602
5336.047004,2814651379,2814651956,8834,577
5336.059036,2814655213,2814655817,9149,604
5336.071047,2814659272,2814659871,11859,599
5336.083080,2814663257,2814663833,11965,576
5336.095109,2814667309,2814667913,12090,604
5336.107116,2814671389,2814671991,11862,602
5336.119148,2814675306,2814675882,11962,576
5336.131176,2814679331,2814679935,12077,604
5336.143193,2814683284,2814683886,11828,602
5336.194295,2814699057,2814699659,12139,602
5336.206312,2814702921,2814703521,9216,600
5336.237872,2814712734,2814713331,11895,597
5336.258912,2814719461,2814720065,11974,604
5336.386657,2814752892,2814753487,9241,595
5336.398678,2814755923,2814756522,9032,599
5336.410714,2814759833,2814760416,9247,583
5336.422721,2814763651,2814764246,9149,595
5336.434750,2814767426,2814768002,8942,576
5336.446781,2814771246,2814771830,9210,584
5336.458787,2814775053,2814775655,9197,602
5336.470816,2814778833,2814779412,8982,579
5336.482849,2814782644,2814783221,9211,577
5336.494853,2814786608,2814787205,11870,597
5336.506885,2814790560,2814791161,11870,601
5336.518912,2814794401,2814795005,9228,604
5336.532334,2814799139,2814799751,12051,612
5336.550474,2814804959,2814805519,11955,560
5336.562488,2814808782,2814809377,9145,595
5336.574510,2814812732,2814813311,11814,579
5336.586548,2814816542,2814817120,9203,578
5336.598559,2814820339,2814820934,9169,595
5336.610582,2814824259,2814824835,8952,576
5336.622610,2814828091,2814828695,9182,604
5336.634625,2814831927,2814832529,9184,602
5336.646653,2814835727,2814836303,8946,576
5336.658684,2814839524,2814840107,9208,583
5336.670691,2814843322,2814843916,9158,594
5336.682719,2814847100,2814847675,8955,575
5336.694751,2814851105,2814851688,11976,583
5336.706755,2814855010,2814855606,11864,596
5336.718788,2814858793,2814859374,8980,581
5336.730820,2814862605,2814863182,9222,577
5336.742830,2814866413,2814867020,9253,607
5336.754858,2814870222,2814870802,8958,580
5336.766887,2814874036,2814874618,9223,582
5336.778894,2814878007,2814878604,11879,597
5336.790919,2814881936,2814882520,11833,584
5336.802954,2814885727,2814886324,9194,597
5336.814971,2814889574,2814890176,9243,602
5336.826989,2814893385,2814893987,8878,602
5336.839026,2814897393,2814897996,12119,603
5336.851032,2814901371,2814901973,11864,602
5336.863063,2814905232,2814905808,8967,576
5336.875094,2814909084,2814909662,9262,578
5336.887109,2814913071,2814913670,11840,599
5336.899126,2814917075,2814917657,11947,582
5336.911159,2814921136,2814921719,11975,583
5336.923171,2814925077,2814925679,11903,602
5336.935209,2814929013,2814929594,12021,581
5336.947229,2814932971,2814933548,11960,577
5336.959237,2814936906,2814937508,11838,602
5336.971268,2814940808,2814941409,11815,601
5336.983296,2814944801,2814945384,11964,583
5336.995307,2814948767,2814949363,11867,596
5337.007338,2814952660,2814953264,11997,604
5337.017861,2814956193,2814956646,7419,453
5337.029882,2814959900,2814960478,8949,578
5337.041911,2814963740,2814964323,9164,583
5337.053924,2814967550,2814968148,9161,598
5337.065951,2814971382,2814971963,8996,581
5337.077980,2814975208,2814975786,11961,578
5337.089987,2814979033,2814979628,11870,595
5337.102020,2814982827,2814983408,8974,581
5337.114051,2814986637,2814987215,9188,578
5337.126061,2814990437,2814991033,9152,596
5337.138082,2814994272,2814994849,8841,577
5337.150115,2814998174,2814998751,11979,577
5337.162128,2815001958,2815002559,9098,601
5337.174151,2815005793,2815006371,8843,578
5337.186185,2815009555,2815010152,9190,597
5337.198199,2815013364,2815013959,9159,595
5337.210223,2815017206,2815017781,8957,575
5337.222250,2815021255,2815021854,12078,599
5337.255303,2815031538,2815032116,11823,578
5337.267337,2815035362,2815035946,9219,584
5337.277853,2815038744,2815039178,7560,434
5337.289889,2815042404,2815042862,7536,458
5337.301894,2815046041,2815046638,9185,597
5337.313922,2815049878,2815050440,8947,562
5337.325953,2815053652,2815054230,9187,578
5337.337969,2815057441,2815058042,9186,601
5337.349992,2815061255,2815061830,8936,575
5337.362023,2815065045,2815065628,9198,583
5337.374035,2815068837,2815069439,9230,602
5337.386053,2815072672,2815073250,8907,578
5337.398090,2815076489,2815077073,9229,584
5337.410104,2815080252,2815080846,9200,594
5337.422125,2815084189,2815084788,8948,599
5337.510802,2815111282,2815111858,11994,576
5337.522808,2815115192,2815115793,11863,601
5337.534836,2815119012,2815119590,8839,578
5337.546872,2815122816,2815123398,9229,582
5337.558880,2815126599,2815127200,9181,601
5337.570907,2815130366,2815130925,8937,559
5337.582937,2815134166,2815134769,9254,603
5337.594952,2815138014,2815138610,9207,596
5337.606977,2815141971,2815142575,11971,604
5337.619007,2815145832,2815146414,9188,582
5337.631016,2815149670,2815150272,9012,602
5337.643046,2815153686,2815154288,11843,602
5337.655072,2815157746,2815158345,12086,599
5337.667084,2815161764,2815162360,11875,596
5337.679119,2815165584,2815166160,9006,576
5337.691140,2815169406,2815170002,9235,596
5337.703151,2815173340,2815173944,11866,604
5337.715185,2815177253,2815177855,11819,602
5337.727213,2815181252,2815181851,12127,599
5337.739222,2815185173,2815185775,11840,602
5337.751252,2815189087,2815189663,11960,576
5337.763282,2815192997,2815193599,12100,602
5337.775289,2815196951,2815197546,11872,595
5337.787320,2815200925,2815201505,11958,580
5337.799347,2815204881,2815205463,11958,582
5337.809865,2815208250,2815208683,7547,433
5337.821894,2815211858,2815212464,9162,606
5337.833914,2815215865,2815216314,7381,449
5337.845933,2815219551,2815220130,8937,579
5337.857965,2815223355,2815223938,9247,583
5337.869975,2815227169,2815227774,9160,605
5337.881997,2815231023,2815231601,8896,578
5337.894031,2815234858,2815235436,11961,578
5337.906039,2815238673,2815239275,11866,602
5337.918073,2815242492,2815243068,8961,576
5337.930100,2815246328,2815246937,9268,609
5337.942113,2815250188,2815250785,9131,597
5337.954141,2815254004,2815254585,8947,581
5337.966170,2815257805,2815258389,9182,584
5337.978183,2815261701,2815262300,11988,599
5337.990207,2815265560,2815266139,8940,579
5338.002238,2815269380,2815269963,9226,583
5338.014249,2815273164,2815273766,9108,602
5338.026283,2815276977,2815277558,9052,581
5338.039798,2815281907,2815282506,11999,599
5338.050321,2815285287,2815285889,9231,602
5338.062346,2815289117,2815289693,8923,576
5338.074377,2815292887,2815293470,9224,583
5338.086392,2815296693,2815297297,9191,604
5338.098414,2815300537,2815301112,8947,575
5338.110445,2815304348,2815304923,9255,575
5338.122448,2815308321,2815308917,11866,596
5338.134484,2815312125,2815312700,8972,575
5338.146513,2815315939,2815316522,9190,583
5338.158526,2815319787,2815320388,9198,601
5338.170549,2815323597,2815324177,8968,580
5338.182582,2815327471,2815328053,9233,582
5338.194593,2815331308,2815331910,9198,602
5338.206614,2815335097,2815335681,8840,584
5338.218651,2815338892,2815339469,9240,577
5338.230660,2815342675,2815343270,9190,595
5338.242687,2815346488,2815347064,8927,576
5338.254713,2815350452,2815351051,12074,599
5338.310315,2815367582,2815368158,12016,576
5338.322343,2815371551,2815372155,12092,604
5338.334362,2815375399,2815375994,9136,595
5338.346386,2815379197,2815379773,8937,576
5338.358416,2815383013,2815383596,9202,583
5338.370427,2815386831,2815387432,9116,601
5338.382454,2815390670,2815391246,8976,576
5338.394487,2815394442,2815395024,9214,582
5338.406501,2815398289,2815398898,9224,609
5338.418524,2815402091,2815402672,8970,581
5338.430553,2815405944,2815406527,9236,583
5338.442567,2815409782,2815410386,9247,604
5338.454584,2815413611,2815414207,8887,596
5338.534246,2815438046,2815438621,12026,575
5338.546259,2815441877,2815442478,9135,601
5338.558289,2815445672,2815446253,8979,581
5338.570319,2815449466,2815450048,9165,582
5338.582333,2815453307,2815453909,9203,602
5338.594358,2815457114,2815457695,9004,581
5338.606388,2815460923,2815461506,9202,583
5338.618402,2815464706,2815465316,9162,610
5338.630426,2815468566,2815469147,8983,581
5338.642454,2815472414,2815472997,9199,583
5338.654463,2815476253,2815476848,9196,595
5338.846843,2815519591,2815520174,9169,583
5338.858857,2815522438,2815523035,9152,597
5338.870887,2815525721,2815526325,9110,604
5338.882903,2815529563,2815530159,9228,596
5338.894925,2815533341,2815533921,8965,580
5338.906959,2815537140,2815537723,9223,583
5338.918975,2815540928,2815541531,9249,603
5338.930990,2815544704,2815545300,8860,596
5338.943024,2815548721,2815549320,12072,599
5338.955030,2815552712,2815553314,11862,602
5338.967062,2815556711,2815557287,11962,576
5338.979093,2815560680,2815561258,12004,578
5338.991101,2815564635,2815565231,11835,596
5339.003127,2815568536,2815569137,8838,601
5339.015161,2815572540,2815573142,12118,602
5339.027178,2815576397,2815576994,9252,597
5339.039198,2815580180,2815580784,8946,604
5339.051228,2815584130,2815584728,12093,598
5339.063239,2815588210,2815588812,11865,602
5339.075270,2815592152,2815592754,11857,602
5339.087298,2815596092,2815596675,11959,583
5339.099308,2815600013,2815600603,11856,590
5339.111333,2815603766,2815604362,8896,596
5339.121864,2815607137,2815607589,7411,452
5339.133884,2815610854,2815611432,8936,578
5339.145915,2815614646,2815615227,9215,581
5339.254117,2815647647,2815648244,12102,597
5339.270640,2815652897,2815653501,9240,604
5339.335265,2815672213,2815672815,9201,602
5339.347282,2815676253,2815676849,11883,596
5339.359311,2815680181,2815680783,11825,602
5339.371338,2815684167,2815684765,12121,598
5339.381851,2815687508,2815688086,8932,578
5339.393886,2815691246,2815691828,9204,582
5339.405898,2815695013,2815695615,9157,602
5339.417922,2815698847,2815699447,8895,600
5339.429955,2815702648,2815703229,9209,581
5339.441965,2815706450,2815707052,12029,602
5339.453989,2815710315,2815710914,11953,599
5339.466022,2815714322,2815714904,11938,582
5339.478033,2815718147,2815718743,9184,596
5339.490062,2815721944,2815722519,8965,575
5339.502094,2815725697,2815726277,9192,580
5339.514112,2815729503,2815730103,9270,600
5339.539652,2815737846,2815738450,11952,604
5339.551684,2815742412,2815743030,12785,618
5339.590748,2815754457,2815755064,9200,607
5339.602773,2815758284,2815758865,8943,581
5339.614804,2815762126,2815762708,8967,582
5339.626819,2815765931,2815766531,9181,600
5339.638838,2815769749,2815770332,8907,583
5339.650872,2815773563,2815774145,9234,582
5339.662891,2815777379,2815777981,9305,602
5339.674908,2815781395,2815781971,12002,576
5339.686937,2815785204,2815785801,9217,597
5339.698951,2815789055,2815789660,9226,605
5339.710979,2815792849,2815793425,8936,576
5339.723004,2815796683,2815797287,9177,604
5339.735015,2815800627,2815801226,11877,599
5339.747048,2815804612,2815805217,11818,605
5339.759075,2815808682,2815809265,11936,583
5339.771089,2815812685,2815813290,11904,605
5339.783116,2815816688,2815817284,11879,596
5339.795143,2815820695,2815821278,11958,583
5339.807155,2815824646,2815825248,11870,602
5339.819186,2815828592,2815829193,11872,601
5339.831212,2815832583,2815833181,12079,598
5339.843228,2815836402,2815837001,9154,599
5339.855248,2815840193,2815840755,8864,562
5339.867279,2815844153,2815844761,12109,608
5339.879291,2815848260,2815848857,11866,597
5339.891322,2815852185,2815852787,11823,602
5339.910865,2815858306,2815858906,9251,600
5339.922882,2815862129,2815862705,8970,576
5339.934912,2815865914,2815866491,9200,577
5339.946921,2815869714,2815870310,9107,596
5339.958951,2815873647,2815874228,11968,581
5339.970975,2815877624,2815878228,12058,604
5339.982989,2815881434,2815882036,9200,602
5339.995019,2815885338,2815885933,11817,595
5340.007049,2815889332,2815889930,12117,598
5340.019058,2815893365,2815893971,11873,606
5340.031085,2815897412,2815897988,11954,576
5340.043116,2815901351,2815901959,9212,608
5340.070167,2815909975,2815910571,12098,596
5340.082187,2815913993,2815914592,12061,599
5340.094212,2815917807,2815918383,8962,576
5340.106240,2815921612,2815922195,9205,583
5340.118249,2815925607,2815926209,12025,602
5340.130279,2815929465,2815930040,8887,575
5340.142306,2815933386,2815933963,11968,577
5340.166345,2815940905,2815941486,8938,581
5340.178376,2815944738,2815945316,9154,578
5340.190388,2815948566,2815949172,9172,606
5340.202416,2815952389,2815952964,8997,575
5340.214440,2815956380,2815956984,12066,604
5340.226458,2815960182,2815960783,9191,601
5340.236986,2815963563,2815964170,12143,607
5340.255016,2815969367,2815969963,12111,596
5340.274551,2815975688,2815976269,11983,581
5340.285071,2815979121,2815979728,12050,607
5340.306110,2815985703,2815986283,8963,580
5340.318142,2815989531,2815990112,9206,581
5340.330155,2815993346,2815993947,9199,601
5340.342179,2815997276,2815997852,11983,576
5340.354208,2816001171,2816001754,11973,583
5340.366224,2816005035,2816005638,9255,603
5340.378250,2816008888,2816009464,8882,576
5340.390280,2816012693,2816013275,9238,582
5340.402291,2816016459,2816017055,9182,596
5340.414317,2816020304,2816020879,8952,575
5340.426350,2816024083,2816024666,9225,583
5340.438365,2816027864,2816028463,9269,599
5340.450389,2816031697,2816032276,8998,579
5340.462417,2816035523,2816036106,9235,583
5340.474427,2816039371,2816039972,9189,601
5340.484958,2816042859,2816043440,12036,581
5340.512008,2816051417,2816052000,11964,583
5340.551075,2816063550,2816064154,11883,604
5340.563101,2816067560,2816068155,11845,595
5340.575128,2816071615,2816072211,12138,596
5340.587140,2816075618,2816076213,11881,595
5340.599168,2816079464,2816080068,8990,604
5340.611196,2816083486,2816084095,12105,609
5340.623208,2816087326,2816087922,9162,596
5340.635236,2816091247,2816091823,12009,576
5340.647263,2816095225,2816095802,11961,577
5340.659281,2816099057,2816099655,9296,598
5340.671302,2816102870,2816103468,8943,598
5340.683331,2816106830,2816107438,12078,608
5340.693845,2816110342,2816110919,8880,577
5340.705878,2816114169,2816114752,9000,583
5340.716387,2816117640,2816118236,11836,596
5340.741947,2816125598,2816126175,12019,577
5340.753969,2816129401,2816129998,12124,597
5340.765985,2816133230,2816133809,8964,579
5340.778018,2816137023,2816137605,9199,582
5340.790028,2816140841,2816141438,9156,597
5340.802063,2816144706,2816145289,8906,583
5340.814083,2816148710,2816149329,12089,619
5340.826097,2816152616,2816153223,8865,607
5340.838131,2816156520,2816157103,8932,583
5340.850154,2816160386,2816160993,9230,607
5340.862163,2816164270,2816164870,8806,600
5340.874191,2816168235,2816168811,12047,576
5340.886216,2816172162,2816172766,12068,604
5340.898238,2816176091,2816176687,9210,596
5340.910259,2816179972,2816180552,8886,580
5340.922287,2816183743,2816184352,9225,609
5340.967373,2816197591,2816198191,12080,600
5340.977884,2816200947,2816201525,8908,578
5340.989921,2816204728,2816205311,9188,583
5341.001940,2816208466,2816209069,9244,603
5341.013958,2816212333,2816212911,8958,578
5341.025987,2816216114,2816216691,11982,577
5341.037999,2816219890,2816220492,9147,602
5341.051534,2816224778,2816225382,12069,604
5341.062056,2816228154,2816228737,9240,583
5341.074065,2816232032,2816232628,11929,596
5341.086095,2816235951,2816236552,11835,601
5341.096614,2816239555,2816240157,12087,602
5341.110141,2816243899,2816244499,9165,600
5341.122165,2816247745,2816248320,8909,575
5341.134195,2816251552,2816252134,9247,582
5341.146208,2816255361,2816255958,9272,597
5341.174770,2816264354,2816264962,12106,608
5341.194301,2816270555,2816271131,8931,576
5341.206330,2816274355,2816274938,9225,583
5341.218342,2816278141,2816278743,9185,602
5341.230371,2816281970,2816282550,8973,580
5341.242402,2816285753,2816286335,9227,582
5341.254418,2816289687,2816290291,12119,604
5341.270939,2816294857,2816295435,8874,578
5341.282975,2816298693,2816299275,9208,582
5341.294985,2816302506,2816303112,9115,606
5341.307012,2816306538,2816307113,11961,575
5341.319041,2816310554,2816311158,12078,604
5341.331053,2816314578,2816315174,11858,596
5341.341589,2816318004,2816318586,11980,582
5341.374642,2816328361,2816328936,11984,575
5341.386669,2816332333,2816332916,11958,583
5341.398693,2816336151,2816336752,9272,601
5341.410711,2816339938,2816340514,8915,576
5341.422745,2816343729,2816344312,9239,583
5341.434751,2816347509,2816348106,9151,597
5341.446780,2816351304,2816351879,8926,575
5341.458811,2816355084,2816355664,9204,580
5341.470826,2816358921,2816359525,9254,604
5341.482851,2816362707,2816363286,8989,579
5341.494879,2816366503,2816367085,9212,582
5341.506887,2816370488,2816371084,11870,596
5341.518914,2816374451,2816375047,11827,596
5341.530946,2816378299,2816378881,9178,582
5341.542956,2816382108,2816382703,9142,595
5341.554985,2816385884,2816386460,8987,576
5341.567013,2816389695,2816390275,9192,580
5341.579026,2816393630,2816394226,11866,596
5341.591054,2816397649,2816398245,11816,596
5341.603079,2816401708,2816402311,12109,603
5341.615092,2816405757,2816406353,11869,596
5341.627125,2816409699,2816410300,11820,601
5341.639154,2816413627,2816414204,12004,577
5341.651172,2816417581,2816418185,12044,604
5341.663193,2816421495,2816422091,11845,596
5341.675217,2816425328,2816425932,9245,604
5341.687236,2816429160,2816429758,9232,598
5341.699261,2816433047,2816433647,11841,600
5341.711284,2816437060,2816437642,9139,582
5341.723298,2816440986,2816441582,11860,596
5341.735329,2816444901,2816445500,11819,599
5341.747358,2816448863,2816449466,12064,603
5341.757875,2816452261,2816452844,8925,583
5341.769908,2816456046,2816456477,7450,431
5341.781918,2816459664,2816460261,9214,597
5341.793942,2816463523,2816464100,8873,577
5341.805973,2816467334,2816467914,9261,580
5341.817986,2816471118,2816471726,9190,608
5341.830006,2816474979,2816475557,8858,578
5341.842042,2816478754,2816479337,9251,583
5341.854054,2816482539,2816483143,9262,604
5341.866081,2816486352,2816486931,8999,579
5341.878109,2816490160,2816490743,9207,583
5341.890121,2816494013,2816494618,11882,605
5341.902142,2816497961,2816498556,11826,595
5341.914177,2816501996,2816502579,11989,583
5341.926193,2816505834,2816506430,9186,596
5341.938211,2816509661,2816510239,8897,578
5341.950247,2816513466,2816514048,9200,582
5341.962263,2816517242,2816517836,9197,594
5341.974283,2816521188,2816521769,11984,581
5341.986312,2816525096,2816525679,11977,583
5341.998330,2816528921,2816529519,9218,598
5342.010354,2816532722,2816533303,8930,581
5342.022386,2816536532,2816537114,9248,582
5342.034396,2816540303,2816540900,9158,597
5342.046421,2816544124,2816544725,8850,601
5342.058453,2816547950,2816548532,9207,582
5342.070467,2816551754,2816552357,9205,603
5342.082490,2816555545,2816556119,8922,574
5342.094524,2816559337,2816559919,9079,582
5342.106531,2816563269,2816563869,11869,600
5342.117062,2816566754,2816567330,12034,576
5342.159135,2816579803,2816580404,11840,601
5342.171163,2816583818,2816584401,11961,583
5342.183174,2816587752,2816588352,11872,600
5342.195203,2816591664,2816592265,11814,601
5342.207231,2816595581,2816596178,12069,597
5342.219249,2816599535,2816600132,12045,597
5342.231268,2816603408,2816603984,11956,576
5342.243300,2816607328,2816607932,12065,604
5342.255312,2816611300,2816611895,11884,595
5342.270357,2816615963,2816616544,9202,581
5342.282367,2816619690,2816620289,9178,599
5342.294392,2816623512,2816624108,8889,596
5342.306423,2816627466,2816628043,12067,577
5342.316935,2816630956,2816631553,11974,597
5342.383066,2816651239,2816651845,12137,606
5342.395085,2816655377,2816655981,12037,604
5342.407105,2816659372,2816659973,11818,601
5342.419131,2816663404,2816664001,12078,597
5342.431143,2816667357,2816667953,11911,596
5342.443176,2816671259,2816671860,11814,601
5342.455202,2816675170,2816675774,12078,604
5342.467214,2816679090,2816679690,11823,600
5342.479243,2816683006,2816683602,11834,596
5342.491273,2816686992,2816687575,11935,583
5342.503292,2816690875,2816691473,9299,598
5342.515309,2816694766,2816695345,11953,579
5342.527338,2816698744,2816699353,9197,609
5342.537852,2816702120,2816702702,8860,582
5342.549886,2816705931,2816706512,9121,581
5342.561903,2816710252,2816710861,9252,609
5342.573923,2816714136,2816714714,8912,578
5342.585956,2816717920,2816718501,9229,581
5342.597965,2816721674,2816722265,9177,591
5342.609992,2816725516,2816726094,8864,578
5342.622026,2816729320,2816729901,9272,581
5342.634037,2816733133,2816733714,9197,581
5342.646061,2816736958,2816737539,8937,581
5342.658095,2816740752,2816741335,9212,583
5342.670109,2816744577,2816745174,9271,597
5342.682133,2816748383,2816748940,8985,557
5342.694161,2816752169,2816752752,9240,583
5342.706169,2816756112,2816756708,11930,596
5342.718197,2816760031,2816760621,11871,590
5342.730228,2816764129,2816764706,12002,577
5342.742246,2816767978,2816768576,9287,598
5342.754270,2816771790,2816772371,8942,581
5342.766299,2816775587,2816776169,9167,582
5342.778313,2816779347,2816779941,9159,594
5342.790336,2816783202,2816783798,8944,596
5342.802366,2816787156,2816787734,12018,578
5342.814379,2816790937,2816791533,9161,596
5342.826405,2816794763,2816795338,8937,575
5342.838437,2816798569,2816799146,9078,577
5342.850446,2816802365,2816802967,9208,602
5342.862474,2816806172,2816806747,8994,575
5342.874506,2816809929,2816810512,9219,583
5342.886524,2816813739,2816814343,9294,604
5342.898538,2816817581,2816818160,8936,579
5342.910573,2816821390,2816821973,9231,583
5342.922577,2816825357,2816825958,11867,601
5342.933115,2816828872,2816829448,12039,576
5343.047324,2816863665,2816864255,11839,590
5343.059349,2816867626,2816868233,12079,607
5343.069864,2816870980,2816871557,8863,577
5343.081901,2816874740,2816875313,9246,573
5343.093913,2816878560,2816879164,9268,604
5343.105931,2816882448,2816883031,11836,583
5343.117963,2816886256,2816886858,12091,602
5343.129977,2816890080,2816890682,9177,602
5343.142001,2816893975,2816894558,8898,583
5343.154037,2816897790,2816898373,9192,583
5343.193099,2816909877,2816910465,11913,588
5343.230679,2816921567,2816922148,11978,581
5343.242696,2816925404,2816926000,9244,596
5343.254718,2816929226,2816929802,8916,576
5343.266746,2816933183,2816933767,11955,584
5343.278759,2816936991,2816937586,9206,595
5343.290787,2816940817,2816941391,8976,574
5343.302817,2816944589,2816945171,9211,582
5343.314828,2816948411,2816949009,9205,598
5343.326853,2816952201,2816952776,8951,575
5343.338882,2816956174,2816956757,9142,583
5343.349394,2816959672,2816960254,11816,582
5343.406513,2816977191,2816977772,12008,581
5343.418527,2816981144,2816981746,12100,602
5343.430555,2816984959,2816985518,8994,559
5343.442584,2816988773,2816989356,9239,583
5343.454600,2816992586,2816993185,9200,599
5343.466625,2816996403,2816996980,8972,577
5343.478653,2817000193,2817000775,9209,582
5343.490668,2817003979,2817004582,9176,603
5343.502685,2817007782,2817008343,8838,561
5343.514722,2817011558,2817012133,9196,575
5343.526730,2817015327,2817015923,9188,596
5343.538757,2817019443,2817020019,11963,576
5343.550784,2817023420,2817024013,12070,593
5343.562800,2817027227,2817027823,9204,596
5343.574826,2817030999,2817031574,8956,575
5343.586858,2817034831,2817035409,9214,578
5343.598866,2817038623,2817039222,9171,599
5343.610894,2817042427,2817043007,8926,580
5343.622927,2817046206,2817046788,9187,582
5343.634939,2817050113,2817050715,12084,602
5343.646964,2817053881,2817054456,8975,575
5343.658994,2817057660,2817058240,9212,580
5343.671004,2817061519,2817062113,11830,594
5343.683034,2817065452,2817066059,11843,607
5343.695060,2817069510,2817070088,11988,578
5343.707073,2817073428,2817074028,9156,600
5343.719100,2817077260,2817077864,8980,604
5343.731133,2817081211,2817081816,12071,605
5343.743140,2817085220,2817085821,11827,601
5343.755171,2817089250,2817089840,11822,590
5343.767197,2817093306,2817093909,12080,603
5343.779222,2817097229,2817097830,11984,601
5343.791234,2817101156,2817101732,11953,576
5343.803265,2817105121,2817105724,12080,603
5343.815276,2817109073,2817109672,11871,599
5343.827303,2817113019,2817113595,11966,576
5343.839335,2817116963,2817117540,11961,577
5343.849852,2817120294,2817120897,8986,603
5343.861881,2817124060,2817124641,9208,581
5343.873896,2817127835,2817128429,9235,594
5343.885916,2817131668,2817132245,8848,577
5343.897951,2817135423,2817136003,9204,580
5343.909964,2817139198,2817139800,9192,602
5343.921983,2817143082,2817143665,11828,583
5343.934013,2817146882,2817147480,12070,598
5343.946032,2817150656,2817151245,9208,589
5343.958055,2817154497,2817155075,8912,578
5343.970088,2817158293,2817158875,9243,582
5343.982102,2817162120,2817162723,9275,603
5344.003142,2817168659,2817169240,8978,581
5344.015169,2817172679,2817173286,12081,607
5344.027194,2817176626,2817177227,11977,601
5344.039208,2817180564,2817181165,8904,601
5344.051237,2817184519,2817185123,12083,604
5344.063259,2817188914,2817189518,12043,604
5344.085792,2817196096,2817196692,11928,596
5344.114361,2817205043,2817205622,12010,579
5344.145922,2817214732,2817215313,9171,581
5344.165453,2817221009,2817221583,8992,574
5344.237589,2817243077,2817243652,12004,575
5344.258633,2817249727,2817250307,11988,580
5344.354802,2817272923,2817273503,8902,580
5344.366838,2817276813,2817277416,12091,603
5344.378855,2817280659,2817281252,9283,593
5344.390879,2817284410,2817284985,8986,575
5344.402908,2817288224,2817288806,9214,582
5344.414920,2817292005,2817292614,9188,609
5344.426945,2817295808,2817296409,8910,601
5344.438975,2817299620,2817300198,9193,578
5344.450993,2817303416,2817304019,9262,603
5344.463012,2817307359,2817307935,11985,576
5344.475042,2817311336,2817311898,11927,562
5344.487056,2817315337,2817315938,11903,601
5344.499086,2817319306,2817319887,11965,581
5344.511116,2817323296,2817323873,11978,577
5344.523133,2817327180,2817327781,9278,601
5344.535150,2817331014,2817331611,8961,597
5344.547181,2817334952,2817335532,11985,580
5344.559194,2817338878,2817339474,11859,596
5344.571224,2817342887,2817343483,11864,596
5344.583250,2817346868,2817347471,12072,603
5344.595260,2817350800,2817351401,11872,601
5344.607290,2817354702,2817355277,11962,575
5344.619317,2817358645,2817359228,11958,583
5344.631329,2817362587,2817363191,11888,604
5344.641865,2817365929,2817366510,9222,581
5344.653883,2817369768,2817370225,7376,457
5344.665906,2817373435,2817374038,8968,603
5344.677934,2817377248,2817377830,9246,582
5344.689950,2817381048,2817381648,9142,600
5344.701975,2817384874,2817385449,8984,575
5344.714004,2817388625,2817389198,9182,573
5344.726012,2817392421,2817393023,9167,602
5344.738039,2817396343,2817396918,12004,575
5344.750067,2817400179,2817400755,11972,576
5344.762084,2817403978,2817404554,9181,576
5344.774112,2817407791,2817408389,8940,598
5344.786136,2817411604,2817412202,9187,598
5344.798150,2817415413,2817416013,9121,600
5344.810173,2817419229,2817419807,8892,578
5344.822206,2817423024,2817423627,9053,603
5344.834221,2817426874,2817427472,9238,598
5344.846245,2817430712,2817431294,8917,582
5344.858273,2817434512,2817435109,9211,597
5344.870296,2817438472,2817439073,12025,601
5344.882315,2817442324,2817442923,8935,599
5344.894346,2817446189,2817446771,9196,582
5344.906356,2817450011,2817450607,9160,596
5344.918379,2817453826,2817454404,8843,578
5344.930415,2817457654,2817458227,9240,573
5344.942429,2817461465,2817462059,9212,594
5344.954446,2817465439,2817466013,11954,574
5344.966478,2817469389,2817469985,12085,596
5344.978497,2817473235,2817473826,9197,591
5344.990516,2817477049,2817477627,8879,578
5345.002550,2817480873,2817481476,9205,603
5345.014566,2817484712,2817485311,9179,599
5345.026584,2817488576,2817489154,8846,578
5345.038617,2817492370,2817492973,9227,603
5345.050632,2817496212,2817496809,9206,597
5345.062656,2817500041,2817500624,8960,583
5345.074688,2817503890,2817504492,9240,602
5345.086704,2817507743,2817508333,9251,590
5345.098728,2817511542,2817512145,8921,603
5345.110757,2817515415,2817516012,9266,597
5345.122771,2817519244,2817519847,9299,603
5345.134790,2817523052,2817523630,8876,578
5345.146823,2817526892,2817527493,9197,601
5345.170860,2817534532,2817535130,11993,598
5345.182891,2817538547,2817539150,12101,603
5345.194907,2817542367,2817542961,9198,594
5345.206926,2817546183,2817546761,8826,578
5345.218957,2817550017,2817550598,9055,581
5345.230975,2817553840,2817554430,9185,590
5345.242993,2817557806,2817558383,11850,577
5345.255029,2817561796,2817562398,12098,602
5345.267048,2817565730,2817566328,9293,598
5345.279063,2817569803,2817570380,11827,577
5345.291096,2817573804,2817574413,12094,609
5345.303109,2817577836,2817578437,11842,601
5345.315137,2817581804,2817582402,11990,598
5345.327166,2817585864,2817586467,12081,603
5345.339181,2817589691,2817590292,9221,601
5345.351199,2817593504,2817594087,8903,583
5345.363234,2817597457,2817598061,12093,604
5345.375242,2817601420,2817602021,11868,601
5345.387266,2817605419,2817606002,11789,583
5345.399301,2817609393,2817610002,12082,609
5345.411312,2817613331,2817613932,11869,601
5345.423345,2817617318,2817617916,11996,598
5345.433866,2817620703,2817621306,9262,603
5345.445882,2817624529,2817625111,8866,582
5345.457917,2817628336,2817628933,9192,597
5345.469934,2817632225,2817632823,12075,598
5345.481953,2817636067,2817636670,11972,603
5345.493985,2817639894,2817640496,9215,602
5345.506001,2817643766,2817644370,9269,604
5345.518025,2817647622,2817648214,8974,592
5345.530055,2817651443,2817652053,9219,610
5345.542072,2817655325,2817655926,9270,601
5345.554086,2817659275,2817659852,11813,577
5345.568334,2817664572,2817665182,12045,610
5345.581142,2817668757,2817669355,11989,598
5345.606700,2817676742,2817677344,9201,602
5345.618715,2817680592,2817681200,9282,608
5345.630733,2817684433,2817685014,8907,581
5345.642766,2817688282,2817688885,9201,603
5345.654783,2817692133,2817692729,9162,596
5345.666808,2817695955,2817696552,8965,597
5345.678837,2817699808,2817700426,9196,618
5345.690850,2817703640,2817704241,9188,601
5345.702868,2817707654,2817708237,11806,583
5345.714902,2817711495,2817712099,9062,604
5345.726918,2817715324,2817715919,9200,595
5345.738938,2817719143,2817719720,8928,577
5345.750971,2817722959,2817723555,9243,596
5345.762991,2817726751,2817727350,9246,599
5345.775008,2817730608,2817731186,8870,578
5345.787041,2817734611,2817735215,9246,604
5345.799050,2817738676,2817739272,11879,596
5345.811073,2817742763,2817743340,11809,577
5345.823111,2817746806,2817747403,12095,597
5345.835117,2817750732,2817751333,11878,601
5345.847150,2817754774,2817755381,12004,607
5345.859176,2817758783,2817759392,12100,609
5345.871192,2817762627,2817763233,9204,606
5345.883214,2817766475,2817767052,8845,577
5345.895247,2817770607,2817771213,12051,606
5345.907269,2817774537,2817775156,9193,619
5345.919287,2817778624,2817779227,12015,603
5345.931317,2817782688,2817783295,12043,607
5345.943336,2817786742,2817787345,12075,603
5345.953865,2817790220,2817790678,7714,458
5345.965881,2817793977,2817794430,7373,453
5345.977895,2817797654,2817798232,8883,578
5345.989927,2817801445,2817802047,9171,602
5346.001945,2817805310,2817805913,9299,603
5346.013969,2817809136,2817809740,8942,604
5346.025996,2817812981,2817813583,9272,602
5346.038015,2817816844,2817817447,9282,603
5346.050035,2817820712,2817821290,8949,578
5346.062065,2817824531,2817825115,9010,584
5346.074083,2817828375,2817828973,9256,598
5346.086098,2817832313,2817832891,11839,578
5346.098133,2817836234,2817836841,12167,607
5346.110156,2817840111,2817840714,9304,603
5346.122173,2817843965,2817844548,8978,583
5346.134203,2817847782,2817848385,9283,603
5346.146219,2817851630,2817852232,9259,602
5346.191294,2817865716,2817866312,11841,596
5346.203327,2817869731,2817870334,12002,603
5346.215353,2817873752,2817874350,12070,598
5346.225865,2817877110,2817877688,8866,578
5346.237900,2817880902,2817881504,9249,602
5346.249919,2817884755,2817885353,9249,598
5346.261941,2817888566,2817889168,8953,602
5346.273968,2817892364,2817892971,9268,607
5346.285979,2817896240,2817896836,11958,596
5346.298005,2817900068,2817900646,11849,578
5346.310037,2817903883,2817904490,8989,607
5346.322055,2817907780,2817908383,9235,603
5346.334071,2817911605,2817912166,8886,561
5346.346106,2817915378,2817915978,9272,600
5346.358126,2817919236,2817919834,9300,598
5346.370141,2817923221,2817923823,11975,602
5346.382173,2817927179,2817927782,12076,603
5346.394189,2817931005,2817931601,9188,596
5346.406211,2817934980,2817935541,8937,561
5346.418243,2817938802,2817939405,9259,603
5346.430258,2817942642,2817943243,9237,601
5346.442277,2817946462,2817947039,8900,577
5346.454311,2817950280,2817950883,9202,603
5346.466328,2817954162,2817954755,9235,593
5346.478344,2817957976,2817958558,8864,582
5346.490379,2817961805,2817962413,9195,608
5346.502391,2817965786,2817966387,11935,601
5346.514415,2817969822,2817970420,11987,598
5346.526449,2817973626,2817974223,9307,597
5346.538465,2817977471,2817978072,9221,601
5346.550483,2817981296,2817981879,8880,583
5346.562518,2817985122,2817985724,9206,602
5346.574534,2817988975,2817989570,9186,595
5346.586546,2817992990,2817993568,11801,578
5346.598584,2817996937,2817997538,12166,601
5346.610602,2818000798,2818001395,9277,597
5346.622619,2818004629,2818005212,8868,583
5346.634652,2818008447,2818009045,9224,598
5346.646671,2818012267,2818012868,9181,601
5346.658694,2818016106,2818016709,8976,603
5346.670721,2818019980,2818020583,9237,603
5346.682738,2818023825,2818024423,9257,598
5346.694756,2818027636,2818028218,8887,582
5346.706788,2818031479,2818032078,9073,599
5346.718801,2818035453,2818036048,11865,595
5346.730828,2818039441,2818040019,11868,578
5346.742858,2818043292,2818043895,9258,603
5346.754877,2818047101,2818047702,9233,601
5346.766895,2818050934,2818051512,8899,578
5346.778927,2818054779,2818055379,9222,600
5346.790942,2818058599,2818059195,9203,596
5346.802959,2818062595,2818063178,11786,583
5346.814994,2818066608,2818067206,12098,598
5346.827006,2818070584,2818071180,11869,596
5346.839030,2818074546,2818075124,11849,578
5346.851065,2818078603,2818079206,12075,603
5346.863073,2818082702,2818083298,11867,596
5346.875099,2818086736,2818087314,11810,578
5346.887133,2818090640,2818091238,9267,598
5346.899152,2818094531,2818095129,9333,598
5346.966776,2818115502,2818116098,9207,596
5346.978799,2818119350,2818119931,8920,581
5346.990831,2818123195,2818123793,9212,598
5347.002854,2818127126,2818127721,11996,595
5347.014866,2818131129,2818131727,11949,598
5347.026899,2818134999,2818135596,9202,597
5347.038914,2818138813,2818139409,9219,596
5347.050935,2818142654,2818143231,8916,577
5347.062967,2818146507,2818147110,9239,603
5347.076334,2818151822,2818152432,11927,610
5347.142606,2818171937,2818172533,11869,596
5347.154638,2818175780,2818176383,8993,603
5347.166665,2818179616,2818180213,9231,597
5347.178681,2818183448,2818184053,9187,605
5347.190703,2818187281,2818187864,8851,583
5347.202733,2818191256,2818191859,12063,603
5347.214752,2818195291,2818195889,12060,598
5347.226772,2818199146,2818199707,8947,561
5347.238801,2818202987,2818203589,9234,602
5347.250821,2818206801,2818207397,9295,596
5347.262840,2818210642,2818211219,8910,577
5347.274871,2818214488,2818215091,9223,603
5347.286887,2818218335,2818218931,9234,596
5347.298904,2818222146,2818222729,8909,583
5347.310939,2818225996,2818226604,9250,608
5347.322954,2818229822,2818230423,9214,601
5347.334971,2818233815,2818234393,11789,578
5347.347006,2818237822,2818238419,12095,597
5347.359016,2818241765,2818242361,11872,596
5347.371046,2818245652,2818246235,8878,583
5347.383074,2818249560,2818250169,9210,609
5347.395087,2818253620,2818254213,11866,593
5347.407106,2818257695,2818258273,11790,578
5347.419143,2818261727,2818262330,9210,603
5347.431156,2818265759,2818266360,11867,601
5347.443179,2818269703,2818270281,11871,578
5347.455213,2818273670,2818274263,12086,593
5347.467220,2818277579,2818278175,11883,596
5347.479247,2818281542,2818282125,11805,583
5347.491280,2818285521,2818286119,12071,598
5347.503298,2818289357,2818289960,9270,603
5347.515320,2818293192,2818293788,8997,596
5347.527349,2818297152,2818297753,12090,601
5347.537860,2818300513,2818301091,8873,578
5347.549892,2818304354,2818304958,9036,604
5347.561911,2818308221,2818308817,9293,596
5347.573930,2818312044,2818312622,8912,578
5347.585962,2818315845,2818316441,12188,596
5347.597986,2818319682,2818320279,12119,597
5347.610002,2818323532,2818324108,8883,576
5347.622031,2818327358,2818327954,9254,596
5347.634050,2818331226,2818331829,9232,603
5347.646067,2818335051,2818335629,8850,578
5347.658100,2818338877,2818339479,9239,602
5347.670118,2818342732,2818343336,9221,604
5347.682135,2818346562,2818347145,8881,583
5347.694170,2818350345,2818350945,9233,600
5347.706184,2818354189,2818354790,9153,601
5347.718203,2818358208,2818358786,11836,578
5347.730237,2818362149,2818362752,12056,603
5347.742255,2818365997,2818366593,9198,596
5347.754272,2818369835,2818370413,8917,578
5347.766307,2818373658,2818374261,9208,603
5347.778322,2818377500,2818378103,9230,603
5347.790343,2818381335,2818381913,8953,578
5347.802374,2818385298,2818385901,12082,603
5347.814381,2818389292,2818389893,11870,601
5347.826411,2818393260,2818393838,8916,578
5347.838444,2818397110,2818397708,9235,598
5347.850461,2818400965,2818401568,9253,603
5347.862483,2818404811,2818405393,8935,582
5347.874512,2818408653,2818409236,9159,583
5347.885022,2818412508,2818413128,11956,620
5347.895547,2818417029,2818418159,15130,1130
5347.906071,2818423220,2818423887,8937,667
5347.918093,2818427478,2818428087,12086,609
5347.930108,2818431524,2818432133,11967,609
5347.942139,2818435459,2818436068,8944,609
5347.954163,2818439386,2818439994,9261,608
5347.966175,2818443292,2818443870,8920,578
5347.978210,2818447090,2818447685,9250,595
5347.990225,2818450916,2818451511,9158,595
5348.002241,2818454897,2818455475,11878,578
5348.014277,2818458849,2818459446,12081,597
5348.026295,2818462690,2818463281,9203,591
5348.038315,2818466692,2818467270,8931,578
5348.050345,2818470513,2818471111,9259,598
5348.062363,2818474326,2818474928,9213,602
5348.074384,2818478175,2818478752,8918,577
5348.086414,2818481975,2818482573,9190,598
5348.098432,2818485827,2818486430,9226,603
5348.110449,2818489651,2818490232,8884,581
5348.122482,2818493462,2818494065,9234,603
5348.134490,2818497434,2818498024,11875,590
5348.146519,2818501387,2818501991,11968,604
5348.166050,2818507609,2818508205,11882,596
5348.178081,2818511462,2818512043,8914,581
5348.190110,2818515247,2818515849,9235,602
5348.202123,2818519189,2818519795,11971,606
5348.214150,2818523156,2818523734,11845,578
5348.226182,2818526947,2818527544,9222,597
5348.238193,2818531091,2818531693,12023,602
5348.254725,2818536468,2818537066,11957,598
5348.389985,2818575488,2818576074,5370,586
5348.402016,2818579042,2818579639,12216,597
5348.414033,2818582932,2818583527,12063,595
5348.426054,2818586774,2818587353,8909,579
5348.438084,2818590613,2818591215,9244,602
5348.450100,2818594455,2818595056,9102,601
5348.462122,2818598291,2818598874,8958,583
5348.474152,2818602104,2818602711,9212,607
5348.486170,2818605960,2818606563,9234,603
5348.498187,2818609801,2818610384,8885,583
5348.510222,2818613595,2818614195,9298,600
5348.522238,2818617414,2818618004,9217,590
5348.534255,2818621384,2818621962,11833,578
5348.546290,2818625414,2818626017,12053,603
5348.560331,2818630550,2818631147,12022,597
5348.579347,2818636460,2818637058,12003,598
5348.589873,2818640393,2818640991,9228,598
5348.601891,2818644253,2818644835,8941,582
5348.613922,2818648114,2818648568,7664,454
5348.625941,2818651847,2818652445,9243,598
5348.637959,2818655736,2818656345,8901,609
5348.649985,2818659644,2818660247,8897,603
5348.662009,2818663507,2818664111,9191,604
5348.674027,2818667408,2818668011,8983,603
5348.686054,2818671281,2818671884,8935,603
5348.698077,2818675149,2818675752,9199,603
5348.710095,2818679039,2818679646,8959,607
5348.722122,2818682937,2818683545,8965,608
5348.734145,2818686945,2818687552,12083,607
5348.746161,2818690945,2818691548,11977,603
5348.758191,2818694825,2818695423,8949,598
5348.770215,2818698701,2818699304,9199,603
5348.782232,2818702574,2818703172,8927,598
5348.794259,2818706452,2818707059,8958,607
5348.806282,2818710335,2818710943,9231,608
5348.818301,2818714220,2818714828,8952,608
5348.830328,2818718255,2818718852,12040,597
5348.842350,2818722124,2818722722,9202,598
5348.854369,2818726118,2818726721,8945,603
5348.866396,2818730000,2818730603,8925,603
5348.878421,2818733876,2818734480,9202,604
5348.890438,2818737755,2818738353,8995,598
5348.902464,2818741638,2818742246,8933,608
5348.914489,2818745511,2818746114,9226,603
5348.926507,2818749380,2818749977,9036,597
5348.938533,2818753249,2818753852,8953,603
5348.950556,2818757260,2818757858,12089,598
5348.962571,2818761272,2818761870,11976,598
5348.974601,2818765152,2818765755,8888,603
5348.986626,2818769030,2818769633,9199,603
5348.998644,2818772901,2818773498,8961,597
5349.010670,2818776775,2818777377,8926,602
5349.022694,2818780636,2818781239,9243,603
5349.034711,2818784660,2818785263,12013,603
5349.046741,2818788862,2818789466,12039,604
5349.058762,2818792739,2818793332,9252,593
5349.070780,2818796614,2818797217,8940,603
5349.082808,2818800643,2818801241,12029,598
5349.094829,2818804514,2818805123,9204,609
5349.106847,2818808378,2818808959,8973,581
5349.118874,2818812219,2818812822,8986,603
5349.130899,2818816103,2818816701,9237,598
5349.141419,2818819618,2818820215,12038,597
5349.169969,2818828653,2818829257,12026,604
5349.181996,2818832524,2818833127,8939,603
5349.194020,2818836402,2818837003,9187,601
5349.206038,2818840277,2818840874,9010,597
5349.218065,2818844163,2818844761,8950,598
5349.230089,2818848117,2818848715,12087,598
5349.242107,2818851990,2818852582,8954,592
5349.254135,2818855988,2818856591,12035,603
5349.266158,2818859857,2818860460,9214,603
5349.278177,2818863747,2818864351,8959,604
5349.290204,2818867623,2818868226,8897,603
5349.302228,2818871488,2818872096,9208,608
5349.314246,2818875370,2818875968,8983,598
5349.326272,2818879247,2818879852,8959,605
5349.338296,2818883132,2818883735,9235,603
5349.350310,2818887169,2818887767,11976,598
5349.362340,2818891206,2818891809,12036,603
5349.372853,2818894736,2818895340,11992,604
5349.390889,2818900518,2818901121,9013,603
5349.402919,2818904546,2818905144,12039,598
5349.414939,2818908408,2818909011,9248,603
5349.426956,2818912433,2818913035,11976,602
5349.438985,2818916321,2818916924,8948,603
5349.451011,2818920322,2818920925,12102,603
5349.463025,2818924359,2818924967,11979,608
5349.475053,2818928346,2818928939,8977,593
5349.487080,2818932452,2818933055,12092,603
5349.499095,2818936454,2818937057,8942,603
5349.511122,2818940575,2818941183,12042,608
5349.523148,2818944660,2818945263,12113,603
5349.535163,2818948607,2818949210,9027,603
5349.547190,2818952499,2818953107,8881,608
5349.559217,2818956533,2818957135,12091,602
5349.571234,2818960544,2818961147,12012,603
5349.583262,2818964563,2818965166,12041,603
5349.595283,2818968554,2818969158,12070,604
5349.607302,2818972551,2818973154,12011,603
5349.619329,2818976579,2818977177,12043,598
5349.631352,2818980601,2818981204,12129,603
5349.641873,2818983997,2818984595,8996,598
5349.653895,2818987864,2818988471,9215,607
5349.670423,2818993288,2818993891,9021,603
5349.682450,2818997143,2818997746,8990,603
5349.694474,2819001007,2819001611,9237,604
5349.704993,2819004526,2819005129,12056,603
5349.717014,2819008406,2819009009,9220,603
5349.732043,2819013360,2819013963,12036,603
5349.747066,2819018180,2819018788,8946,608
5349.759095,2819022326,2819022927,12038,601
5349.771119,2819026451,2819027049,12086,598
5349.783135,2819030530,2819031133,12004,603
5349.795163,2819034586,2819035184,12043,598
5349.807186,2819038621,2819039224,12119,603
5349.819204,2819042632,2819043230,12014,598
5349.831232,2819046627,2819047225,12040,598
5349.843253,2819050480,2819051086,9196,606
5349.855274,2819054508,2819055106,12008,598
5349.867299,2819058642,2819059245,12039,603
5349.879321,2819062624,2819063227,12068,603
5349.891341,2819066642,2819067235,12014,593
5349.901867,2819070027,2819070625,9242,598
5349.913884,2819073894,2819074492,8990,598
5349.925912,2819077765,2819078366,8962,601
5349.937933,2819081635,2819082233,9275,598
5349.970995,2819092195,2819092798,12039,603
5349.983021,2819096231,2819096834,12092,603
5349.995037,2819100263,2819100861,12018,598
5350.007067,2819104360,2819104963,12046,603
5350.019088,2819108454,2819109057,12117,603
5350.031105,2819112563,2819113166,12027,603
5350.043132,2819116525,2819117125,8903,600
5350.055158,2819120628,2819121231,12091,603
5350.067176,2819124682,2819125280,12017,598
5350.079205,2819128733,2819129331,12040,598
5350.091226,2819133273,2819133876,12064,603
5350.103246,2819137333,2819137915,12016,582
5350.115273,2819141291,2819141872,12039,581
5350.127295,2819145274,2819145881,12118,607
5350.139313,2819149290,2819149893,12013,603
5350.151339,2819153170,2819153773,8965,603
5350.161858,2819156590,2819157037,7611,447
5350.173885,2819160321,2819160924,8956,603
5350.185906,2819164219,2819164816,9128,597
5350.205450,2819170431,2819170879,7667,448
5350.243009,2819182098,2819182700,8974,602
5350.255038,2819186116,2819186714,12039,598
5350.270060,2819191101,2819191705,11990,604
5350.282088,2819194977,2819195584,8901,607
5350.294113,2819198852,2819199441,9229,589
5350.306130,2819202736,2819203334,8911,598
5350.318157,2819206609,2819207212,8894,603
5350.330181,2819210468,2819211071,9210,603
5350.342199,2819214336,2819214937,8981,601
5350.352724,2819217775,2819218378,12084,603
5350.387280,2819228814,2819229417,11985,603
5350.399312,2819232815,2819233418,12062,603
5350.411332,2819236815,2819237413,12115,598
5350.421854,2819240208,2819240795,8903,587
5350.433879,2819244033,2819244635,9266,602
5350.445897,2819247899,2819248497,8942,598
5350.457923,2819251792,2819252410,8921,618
5350.469947,2819255686,2819256289,9235,603
5350.481965,2819259704,2819260302,8902,598
5350.493992,2819263584,2819264181,8926,597
5350.506016,2819267452,2819268050,9206,598
5350.518033,2819271334,2819271937,8962,603
5350.530060,2819275221,2819275822,8932,601
5350.542085,2819279079,2819279680,9196,601
5350.554102,2819282965,2819283568,8995,603
5350.566128,2819286940,2819287543,12041,603
5350.578152,2819290933,2819291541,12101,608
5350.590171,2819294808,2819295400,8971,592
5350.602197,2819298691,2819299299,8956,608
5350.614222,2819302598,2819303195,9244,597
5350.626239,2819306464,2819307061,8960,597
5350.638265,2819310313,2819310916,8980,603
5350.650290,2819314180,2819314782,9217,602
5350.662308,2819318060,2819318663,8957,603
5350.674334,2819321922,2819322524,8970,602
5350.686360,2819325837,2819326445,9265,608
5350.698378,2819329717,2819330319,8990,602
5350.710405,2819333590,2819334194,8922,604
5350.722429,2819337479,2819338092,9184,613
5350.734446,2819341364,2819341957,8937,593
5350.746473,2819345230,2819345843,8936,613
5350.758498,2819349107,2819349708,9235,601
5350.770515,2819352964,2819353578,9009,614
5350.782540,2819356990,2819357591,12051,601
5350.794565,2819361026,2819361634,12104,608
5350.806583,2819364906,2819365504,9006,598
5350.818609,2819368767,2819369365,8971,598
5350.830635,2819372623,2819373226,9274,603
5350.842652,2819376504,2819377106,8994,602
5350.854678,2819380401,2819381004,8932,603
5350.866703,2819384282,2819384880,9268,598
5350.878720,2819388179,2819388782,8956,603
5350.890746,2819392072,2819392670,8980,598
5350.902770,2819395950,2819396553,9224,603
5350.914792,2819399870,2819400473,8918,603
5350.926814,2819403963,2819404567,12046,604
5350.938837,2819407909,2819408512,8972,603
5350.950859,2819411835,2819412444,8922,609
5350.962883,2819415773,2819416386,8921,613
5350.974906,2819419716,2819420333,8922,617
5350.986928,2819423650,2819424258,8913,608
5350.998951,2819427725,2819428333,12039,608
5351.010976,2819431817,2819432412,12040,595
5351.022993,2819435687,2819436285,8934,598
5351.035022,2819439694,2819440297,12043,603
5351.047044,2819443592,2819444195,9216,603
5351.059063,2819447699,2819448301,12010,602
5351.071091,2819451821,2819452424,12043,603
5351.083111,2819455826,2819456424,9207,598
5351.095128,2819459990,2819460587,11990,597
5351.107159,2819464040,2819464643,12043,603
5351.119181,2819468104,2819468707,12074,603
5351.131200,2819472126,2819472724,12014,598
5351.143229,2819476141,2819476749,12068,608
5351.155249,2819480025,2819480628,9222,603
5351.170280,2819484958,2819485561,12036,603
5351.182302,2819488984,2819489587,12084,603
5351.194317,2819492986,2819493584,11976,598
5351.206348,2819496861,2819497454,8936,593
5351.218372,2819500729,2819501332,9252,603
5351.230389,2819504595,2819505198,8941,603
5351.242416,2819508445,2819509047,8906,602
5351.254439,2819512319,2819512917,9192,598
5351.266458,2819516186,2819516789,8944,603
5351.278484,2819520057,2819520660,8895,603
5351.290507,2819523930,2819524542,9233,612
5351.302525,2819527821,2819528418,8926,597
5351.314552,2819531691,2819532294,8958,603
5351.326576,2819535569,2819536168,9212,599
5351.338593,2819539427,2819540030,8983,603
5351.350620,2819543303,2819543911,8921,608
5351.362644,2819547183,2819547781,9229,598
5351.374662,2819551052,2819551653,8968,601
5351.386689,2819554912,2819555517,8891,605
5351.398712,2819558965,2819559563,12098,598
5351.410727,2819562987,2819563590,11979,603
5351.422757,2819566858,2819567461,8944,603
5351.434782,2819570727,2819571335,9260,608
5351.446797,2819574603,2819575205,9012,602
5351.458826,2819578487,2819579089,8905,602
5351.470849,2819582353,2819582960,9245,607
5351.482866,2819586221,2819586824,9001,603
5351.494893,2819590084,2819590687,8933,603
5351.506917,2819593968,2819594566,9177,598
5351.518934,2819597838,2819598441,8980,603
5351.530961,2819601710,2819602308,8930,598
5351.542986,2819605578,2819606177,9249,599
5351.555003,2819609472,2819610070,8952,598
5351.567030,2819613343,2819613951,8929,608
5351.579054,2819617298,2819617896,9235,598
5351.591074,2819621411,2819622018,12008,607
5351.603102,2819625902,2819626505,12048,603
5351.615123,2819630050,2819630652,12075,602
5351.627139,2819634067,2819634670,11986,603
5351.639169,2819638113,2819638711,12043,598
5351.651192,2819642151,2819642753,12079,602
5351.663209,2819646180,2819646778,12017,598
5351.675239,2819650191,2819650793,12036,602
5351.687260,2819654187,2819654784,12066,597
5351.699277,2819658041,2819658624,8996,583
5351.711305,2819661929,2819662511,8916,582
5351.723332,2819665894,2819666492,12088,598
5351.733852,2819669305,2819669886,8946,581
5351.745874,2819673152,2819673734,9227,582
5351.757893,2819677006,2819677612,8961,606
5351.769920,2819680893,2819681476,8917,583
5351.781943,2819684760,2819685363,12086,603
5351.793958,2819688646,2819689244,11974,598
5351.805988,2819692514,2819693112,8946,598
5351.818013,2819696385,2819696998,9263,613
5351.830030,2819700260,2819700858,8928,598
5351.842057,2819704139,2819704746,8948,607
5351.854081,2819707997,2819708584,9246,587
5351.866099,2819711867,2819712465,8876,598
5351.878125,2819715731,2819716334,8938,603
5351.890150,2819719603,2819720206,9249,603
5351.902168,2819723480,2819724077,8943,597
5351.914191,2819727553,2819728155,12044,602
5351.926216,2819731548,2819732146,12099,598
5351.938234,2819735427,2819736030,8961,603
5351.950261,2819739303,2819739911,8951,608
5351.962285,2819743175,2819743778,9218,603
5351.974303,2819747047,2819747648,8924,601
5351.986329,2819750919,2819751522,8951,603
5351.998353,2819754933,2819755536,12084,603
5352.010368,2819758962,2819759570,11970,608
5352.022398,2819762821,2819763418,8944,597
5352.034422,2819766697,2819767300,9261,603
5352.046440,2819770563,2819771171,8989,608
5352.058466,2819774440,2819775037,8977,597
5352.070491,2819778317,2819778915,9196,598
5352.082508,2819782199,2819782796,8949,597
5352.094533,2819786062,2819786664,8924,602
5352.106559,2819790113,2819790721,12093,608
5352.118578,2819794022,2819794620,8980,598
5352.130604,2819798053,2819798650,12041,597
5352.142629,2819801924,2819802505,9235,581
5352.237309,2819831574,2819832172,12084,598
5352.249323,2819835589,2819836187,11977,598
5352.262852,2819840056,2819840639,12014,583
5352.274878,2819843896,2819844502,8917,606
5352.286902,2819847751,2819848354,9264,603
5352.298919,2819851630,2819852227,8953,597
5352.310946,2819855530,2819856132,8888,602
5352.322970,2819859418,2819860026,9222,608
5352.334988,2819863294,2819863882,8940,588
5352.347017,2819867278,2819867886,12044,608
5352.359040,2819871358,2819871962,12086,604
5352.371059,2819875391,2819875994,12013,603
5352.383083,2819879371,2819879974,8927,603
5352.395108,2819883351,2819883954,9221,603
5352.407128,2819887493,2819888099,12016,606
5352.419154,2819891582,2819892164,12040,582
5352.431177,2819895562,2819896170,12072,608
5352.443194,2819899589,2819900187,12026,598
5352.455224,2819903591,2819904189,12038,598
5352.467245,2819907598,2819908195,12079,597
5352.479262,2819911598,2819912180,12013,582
5352.491292,2819915589,2819916201,12059,612
5352.503312,2819919578,2819920181,12072,603
5352.515330,2819923450,2819924053,8988,603
5352.525863,2819926930,2819927383,7524,453
5352.537874,2819930654,2819931252,8944,598
5352.549908,2819934643,2819935089,7532,446
5352.561922,2819938337,2819938934,9240,597
5352.573943,2819942185,2819942759,8888,574
5352.585972,2819945990,2819946591,9212,601
5352.597987,2819949874,2819950477,12022,603
5352.610010,2819953729,2819954327,11975,598
5352.622040,2819957538,2819958128,9235,590
5352.634057,2819961342,2819961936,9166,594
5352.646078,2819965169,2819965746,8908,577
5352.658108,2819968981,2819969581,9010,600
5352.670126,2819972842,2819973445,9259,603
5352.682146,2819976686,2819977263,8876,577
5352.694176,2819980490,2819981086,9213,596
5352.706197,2819984330,2819984930,9230,600
5352.718215,2819988167,2819988743,8940,576
5352.730247,2819992130,2819992721,12173,591
5352.742262,2819996134,2819996732,12059,598
5352.754281,2819999951,2820000528,8894,577
5352.766314,2820003764,2820004360,9213,596
5352.778331,2820007581,2820008172,9285,591
5352.790348,2820011399,2820011979,8831,580
5352.802382,2820015214,2820015806,9217,592
5352.814394,2820019173,2820019774,11933,601
5352.826421,2820023136,2820023739,11975,603
5352.838454,2820026942,2820027533,9258,591
5352.850467,2820030764,2820031360,9243,596
5352.862486,2820034620,2820035197,8909,577
5352.874522,2820038429,2820039031,9239,602
5352.886538,2820042259,2820042860,9224,601
5352.898555,2820046068,2820046645,8882,577
5352.910589,2820049869,2820050467,9204,598
5352.922605,2820053703,2820054298,9260,595
5352.934627,2820057555,2820058117,8895,562
5352.946655,2820061532,2820062135,12054,603
5352.958675,2820065518,2820066116,12103,598
5352.970692,2820069350,2820069912,8870,562
5352.982727,2820073165,2820073763,9236,598
5352.994745,2820077014,2820077612,9236,598
5353.006767,2820080829,2820081429,8945,600
5353.018795,2820084680,2820085283,9260,603
5353.030803,2820088671,2820089267,11887,596
5353.042831,2820092617,2820093219,11978,602
5353.054863,2820096445,2820097048,9082,603
5353.066878,2820100289,2820100884,9214,595
5353.078896,2820104089,2820104666,8879,577
5353.090931,2820107897,2820108503,9251,606
5353.102952,2820112186,2820112799,12078,613
5353.114968,2820116045,2820116622,8930,577
5353.126999,2820119876,2820120473,9193,597
5353.139014,2820123707,2820124313,9199,606
5353.151036,2820127586,2820128162,8897,576
5353.163070,2820131677,2820132269,12088,592
5353.175076,2820135704,2820136305,11878,601
5353.187100,2820139771,2820140347,11826,576
5353.199137,2820143721,2820144329,9189,608
5353.211154,2820147680,2820148278,9202,598
5353.223171,2820151652,2820152232,11839,580
5353.235205,2820155629,2820156227,12070,598
5353.247212,2820159551,2820160152,11868,601
5353.259246,2820163519,2820164112,11994,593
5353.286292,2820172042,2820172620,11828,578
5353.298327,2820175856,2820176458,9245,602
5353.310344,2820179709,2820180317,9276,608
5353.322361,2820183521,2820184082,8898,561
5353.334392,2820187349,2820187952,9248,603
5353.346406,2820191345,2820191941,11931,596
5353.358433,2820195358,2820195956,11986,598
5353.370463,2820199190,2820199772,9233,582
5353.382479,2820203005,2820203600,9240,595
5353.394501,2820206831,2820207408,8892,577
5353.406534,2820210671,2820211271,9191,600
5353.418549,2820214500,2820215096,9201,596
5353.430562,2820218501,2820219084,11804,583
5353.442601,2820222461,2820223058,12144,597
5353.454617,2820226317,2820226914,9241,597
5353.466634,2820230128,2820230705,8860,577
5353.478668,2820233935,2820234538,9221,603
5353.490684,2820237763,2820238358,9209,595
5353.502711,2820241582,2820242185,8971,603
5353.514739,2820245436,2820246013,9228,577
5353.526756,2820249264,2820249867,9279,603
5353.538776,2820253206,2820253782,8932,576
5353.550804,2820257042,2820257650,9009,608
5353.562813,2820261018,2820261613,11868,595
5353.574843,2820265025,2820265615,11976,590
5353.586873,2820268873,2820269476,9200,603
5353.598893,2820272706,2820273307,9271,601
5353.610912,2820276535,2820277097,8919,562
5353.622942,2820280352,2820280944,9239,592
5353.634954,2820284123,2820284719,9198,596
5353.646974,2820288090,2820288667,11788,577
5353.659010,2820292059,2820292660,12137,601
5353.671023,2820296017,2820296613,11866,596
5353.683044,2820300058,2820300634,11830,576
5353.695079,2820304094,2820304692,12077,598
5353.707088,2820308185,2820308785,11868,600
5353.719119,2820312161,2820312739,11838,578
5353.731148,2820316117,2820316720,9239,603
5353.743164,2820320106,2820320698,9237,592
5353.755181,2820324078,2820324660,11799,582
5353.767216,2820328051,2820328654,12091,603
5353.779228,2820332004,2820332600,11864,596
5353.791254,2820335939,2820336537,11986,598
5353.803284,2820339922,2820340525,12098,603
5353.815300,2820343763,2820344359,9223,596
5353.827319,2820347573,2820348156,8861,583
5353.839354,2820351517,2820352117,12084,600
5353.849870,2820354891,2820355489,8960,598
5353.861898,2820358751,2820359359,9230,608
5353.873916,2820362609,2820363212,9242,603
5353.885932,2820366426,2820367003,8816,577
5353.897967,2820370207,2820370814,9085,607
5353.909985,2820374080,2820374677,9231,597
5353.922003,2820377888,2820378470,8831,582
5353.934036,2820381706,2820382307,9164,601
5353.946056,2820385610,2820386208,12070,598
5353.956578,2820389127,2820389727,12161,600
5354.127902,2820435135,2820435740,9308,605
5354.138416,2820437966,2820438572,8943,606
5354.150444,2820441798,2820442390,9251,592
5354.162463,2820445668,2820446266,9240,598
5354.174485,2820449638,2820450231,11978,593
5354.186517,2820453474,2820454055,9263,581
5354.198532,2820457323,2820457926,9280,603
5354.210550,2820461136,2820461712,8856,576
5354.222584,2820464951,2820465551,9244,600
5354.234600,2820468813,2820469407,9127,594
5354.246621,2820472783,2820473381,11980,598
5354.258652,2820476783,2820477381,12095,598
5354.270668,2820480606,2820481195,9208,589
5354.282683,2820484585,2820485162,11803,577
5354.294720,2820488408,2820489011,8991,603
5354.306735,2820492246,2820492847,9201,601
5354.318756,2820496055,2820496638,8904,583
5354.330789,2820499868,2820500465,9244,597
5354.342809,2820503695,2820504298,9311,603
5354.354828,2820507645,2820508223,8945,578
5354.366857,2820511473,2820512070,9255,597
5354.378867,2820515425,2820516020,11875,595
5354.390893,2820519409,2820520002,12005,593
5354.402927,2820523262,2820523865,9260,603
5354.414941,2820527105,2820527701,9220,596
5354.426959,2820530906,2820531467,8862,561
5354.438993,2820534724,2820535318,9220,594
5354.451004,2820538712,2820539313,11870,601
5354.463026,2820542683,2820543260,11793,577
5354.475064,2820546680,2820547281,12104,601
5354.487075,2820550745,2820551341,11871,596
5354.499094,2820554782,2820555358,11818,576
5354.511134,2820558820,2820559423,12093,603
5354.523140,2820562838,2820563444,11843,606
5354.535164,2820566793,2820567354,11821,561
5354.547199,2820570600,2820571203,9280,603
5354.559220,2820574560,2820575163,9308,603
5354.571234,2820578500,2820579077,11842,577
5354.583267,2820582472,2820583069,12072,597
5354.595289,2820586413,2820587006,12052,593
5354.608334,2820591290,2820591896,12052,606
5354.692968,2820617288,2820617870,11974,582
5354.759104,2820637762,2820638363,12193,601
5354.771115,2820641872,2820642467,11869,595
5354.783138,2820645864,2820646440,11818,576
5354.795172,2820649830,2820650428,12090,598
5354.807182,2820653797,2820654398,11867,601
5354.819208,2820657772,2820658354,11824,582
5354.831239,2820661767,2820662369,12072,602
5354.843257,2820665582,2820666175,9256,593
5354.855276,2820669513,2820670093,11871,580
5354.867311,2820673486,2820674083,12079,597
5354.879318,2820677383,2820677979,11880,596
5354.889852,2820680697,2820681299,9049,602
5354.901868,2820684501,2820685102,9175,601
5354.961989,2820702909,2820703510,12097,601
5354.974007,2820706796,2820707394,12059,598
5354.986026,2820710606,2820711183,8894,577
5354.998059,2820714444,2820715045,9231,601
5355.010075,2820718245,2820718846,9208,601
5355.022093,2820722058,2820722639,8856,581
5355.034128,2820725869,2820726465,9233,596
5355.046146,2820729716,2820730317,9216,601
5355.058164,2820733658,2820734266,11976,608
5355.070196,2820737511,2820738107,9223,596
5355.082212,2820741327,2820741922,9183,595
5355.094231,2820745147,2820745723,8863,576
5355.106266,2820748925,2820749521,9281,596
5355.118282,2820752768,2820753366,9217,598
5355.130298,2820756571,2820757153,8859,582
5355.142333,2820760387,2820760990,9220,603
5355.166367,2820768056,2820768633,11870,577
5355.178402,2820772040,2820772643,12084,603
5355.190419,2820776028,2820776631,12057,603
5355.202436,2820779841,2820780417,8891,576
5355.214472,2820783664,2820784262,9279,598
5355.226487,2820787529,2820788124,9220,595
5355.238512,2820791359,2820791955,8931,596
5355.250540,2820795218,2820795816,9234,598
5355.262546,2820799178,2820799774,11873,596
5355.274576,2820803141,2820803744,11974,603
5355.286607,2820806986,2820807578,9083,592
5355.298624,2820810828,2820811422,9213,594
5355.310642,2820814642,2820815219,8906,577
5355.322676,2820818431,2820819029,9213,598
5355.334696,2820822273,2820822879,9233,606
5355.346713,2820826103,2820826679,8902,576
5355.358743,2820829885,2820830481,9227,596
5355.370759,2820833710,2820834308,9170,598
5355.382785,2820837520,2820838102,8947,582
5355.394812,2820841505,2820842108,12089,603
5355.406818,2820845493,2820846093,11867,600
5355.418850,2820849297,2820849874,8925,577
5355.430881,2820853128,2820853736,9190,608
5355.442896,2820856976,2820857571,9204,595
5355.454914,2820860776,2820861357,8903,581
5355.466948,2820864608,2820865205,9230,597
5355.478956,2820868564,2820869159,11869,595
5355.490987,2820872541,2820873144,11974,603
5355.503020,2820876542,2820877134,12088,592
5355.515027,2820880528,2820881108,11863,580
5355.527052,2820884541,2820885118,11812,577
5355.539087,2820888575,2820889178,12094,603
5355.551096,2820892664,2820893260,11843,596
5355.563119,2820896575,2820897158,8871,583
5355.575153,2820900425,2820901028,9190,603
5355.587173,2820904454,2820905061,12089,607
5355.599191,2820908409,2820908986,11817,577
5355.611224,2820912307,2820912903,12099,596
5355.623231,2820916243,2820916844,11858,601
5355.635264,2820920183,2820920775,11991,592
5355.647294,2820924164,2820924762,12088,598
5355.659300,2820928108,2820928688,11841,580
5355.671326,2820932015,2820932588,11815,573
5355.683361,2820935964,2820936556,12045,592
5355.693874,2820939305,2820939882,8958,577
5355.705904,2820943095,2820943697,9225,602
5355.717922,2820946941,2820947544,9270,603
5355.729940,2820950747,2820951328,8813,581
5355.741973,2820954554,2820955149,9212,595
5355.753988,2820958323,2820958922,9202,599
5355.766007,2820962137,2820962719,8880,582
5355.778042,2820965981,2820966582,12165,601
5355.790062,2820969899,2820970497,12076,598
5355.802077,2820973711,2820974288,8884,577
5355.814111,2820977518,2820978119,9235,601
5355.826128,2820981345,2820981943,9226,598
5355.838146,2820985208,2820985783,8862,575
5355.850179,2820989039,2820989640,9183,601
5355.862196,2820992889,2820993481,9271,592
5355.874213,2820996826,2820997403,11815,577
5355.886249,2821000625,2821001223,9212,598
5355.898265,2821004447,2821005050,9210,603
5355.910283,2821008264,2821008841,8878,577
5355.922319,2821012080,2821012682,9264,602
5355.934340,2821015991,2821016599,9233,608
5355.946354,2821020042,2821020650,11992,608
5355.958386,2821023938,2821024551,8975,613
5355.970409,2821027851,2821028463,9260,612
5355.982426,2821031759,2821032371,8977,612
5355.994450,2821035848,2821036456,12038,608
5356.006460,2821039852,2821040447,11858,595
5356.018492,2821043691,2821044269,8952,578
5356.030520,2821047522,2821048120,9057,598
5356.042538,2821051372,2821051962,9215,590
5356.054557,2821055175,2821055750,8861,575
5356.066590,2821058995,2821059597,9230,602
5356.078610,2821062812,2821063413,9204,601
5356.090627,2821066794,2821067392,11954,598
5356.102657,2821070589,2821071185,9267,596
5356.116335,2821075925,2821076535,11939,610
5356.146233,2821084992,2821085589,12020,597
5356.186804,2821097653,2821098253,11892,600
5356.198834,2821101511,2821102073,8921,562
5356.210866,2821105475,2821106073,12087,598
5356.222872,2821109460,2821110055,11887,595
5356.234898,2821113284,2821113861,8880,577
5356.246931,2821117130,2821117727,9200,597
5356.258940,2821121107,2821121708,11872,601
5356.270971,2821124943,2821125518,8953,575
5356.283000,2821128767,2821129370,9232,603
5356.295010,2821132782,2821133378,11872,596
5356.307038,2821136768,2821137360,11958,592
5356.319069,2821140804,2821141401,12076,597
5356.331089,2821144884,2821145482,12043,598
5356.343104,2821149003,2821149586,11811,583
5356.355139,2821153069,2821153669,12088,600
5356.367149,2821157070,2821157676,11879,606
5356.379179,2821160900,2821161503,8990,603
5356.391205,2821164770,2821165368,9240,598
5356.403216,2821168786,2821169380,11843,594
5356.415241,2821172713,2821173290,11822,577
5356.427274,2821176675,2821177278,12047,603
5356.439286,2821180615,2821181211,11881,596
5356.451310,2821184553,2821185131,11858,578
5356.463342,2821188526,2821189129,12084,603
5356.473860,2821191903,2821192480,8927,577
5356.485890,2821195733,2821196328,9229,595
5356.497906,2821199547,2821200150,9232,603
5356.509923,2821203370,2821203952,8895,582
5356.521959,2821207170,2821207772,9289,602
5356.533976,2821211045,2821211643,9273,598
5356.545996,2821214876,2821215452,8925,576
5356.558027,2821218678,2821219273,9254,595
5356.570044,2821222528,2821223134,9230,606
5356.582060,2821226378,2821226960,8898,582
5356.594094,2821230251,2821230848,12177,597
5356.606112,2821234250,2821234853,12063,603
5356.618129,2821238059,2821238636,8880,577
5356.630164,2821241905,2821242503,9256,598
5356.642179,2821245733,2821246336,9235,603
5356.654196,2821249547,2821250123,8868,576
5356.666231,2821253362,2821253964,9245,602
5356.678250,2821257201,2821257804,9233,603
5356.690265,2821261000,2821261582,8894,582
5356.702300,2821264813,2821265414,9220,601
5356.714317,2821268684,2821269280,9284,596
5356.726341,2821272502,2821273105,8965,603
5356.738369,2821276343,2821276940,9277,597
5356.750385,2821280199,2821280775,9245,576
5356.762404,2821284012,2821284589,8845,577
5356.774436,2821287789,2821288389,9081,600
5356.786454,2821291625,2821292219,9183,594
5356.798473,2821295415,2821295992,8883,577
5356.810502,2821299416,2821300014,12073,598
5356.822527,2821303398,2821303998,12006,600
5356.834544,2821307244,2821307836,8932,592
5356.846575,2821311086,2821311689,9188,603
5356.858590,2821314906,2821315500,9215,594
5356.870611,2821318727,2821319308,8897,581
5356.882643,2821322556,2821323158,9230,602
5356.894647,2821326548,2821327148,11869,600
5357.002857,2821359776,2821360375,11840,599
5357.014884,2821363589,2821364171,8912,582
5357.026916,2821367548,2821368151,12080,603
5357.038922,2821371505,2821372105,11908,600
5357.050955,2821375315,2821375877,8903,562
5357.062983,2821379124,2821379727,9267,603
5357.075001,2821382976,2821383579,9214,603
5357.087020,2821386947,2821387527,11816,580
5357.099053,2821390984,2821391580,12081,596
5357.111067,2821394905,2821395500,9175,595
5357.123092,2821398946,2821399544,11983,598
5357.135122,2821403077,2821403675,12087,598
5357.147131,2821406998,2821407599,11870,601
5357.159163,2821410977,2821411554,11871,577
5357.171191,2821414901,2821415498,12084,597
5357.183207,2821418885,2821419488,12042,603
5357.195230,2821422699,2821423302,8976,603
5357.207258,2821426540,2821427136,9255,596
5357.219282,2821430541,2821431127,12129,586
5357.231295,2821434498,2821435101,11978,603
5357.243327,2821438500,2821439103,12133,603
5357.255344,2821442459,2821443057,12037,598
5357.383092,2821482118,2821482716,9203,598
5357.395109,2821486055,2821486637,9273,582
5357.407132,2821490023,2821490626,8981,603
5357.419160,2821494013,2821494621,9042,608
5357.431181,2821498062,2821498659,12044,597
5357.443203,2821501989,2821502589,11841,600
5357.455229,2821505951,2821506549,12086,598
5357.467253,2821509936,2821510532,12087,596
5357.479269,2821513868,2821514468,11855,600
5357.491297,2821517832,2821518408,11949,576
5357.503318,2821521801,2821522404,12045,603
5357.515340,2821525782,2821526382,11840,600
5357.525862,2821529171,2821529612,7399,441
5357.537875,2821532811,2821533407,8877,596
5357.564331,2821541580,2821542183,12007,603
5357.614525,2821557012,2821557607,11843,595
5357.624334,2821561472,2821562069,12055,597
5357.670135,2821574938,2821575541,9280,603
5357.682153,2821578768,2821579369,8821,601
5357.694184,2821582609,2821583217,9235,608
5357.706204,2821586473,2821587055,9253,582
5357.718226,2821590278,2821590884,8920,606
5357.730250,2821594119,2821594727,9199,608
5357.742268,2821598149,2821598762,12020,613
5357.754289,2821601952,2821602553,8856,601
5357.766323,2821605788,2821606385,9090,597
5357.778341,2821609632,2821610219,9267,587
5357.790356,2821613414,2821614015,8866,601
5357.802390,2821617211,2821617818,9217,607
5357.814412,2821621082,2821621685,9281,603
5357.826425,2821625004,2821625605,8878,601
5357.838458,2821628989,2821629566,11962,577
5357.850475,2821632799,2821633389,9205,590
5357.862493,2821636574,2821637153,8890,579
5357.874528,2821640427,2821641030,9185,603
5357.886542,2821644283,2821644884,9235,601
5357.898564,2821648088,2821648682,8871,594
5357.910600,2821651915,2821652497,9236,582
5357.922615,2821655767,2821656365,9266,598
5357.934630,2821659547,2821660155,8805,608
5357.946665,2821663417,2821664014,9214,597
5357.958679,2821667236,2821667832,9207,596
5357.970699,2821671048,2821671649,8894,601
5357.982735,2821674884,2821675461,9232,577
5357.994749,2821678684,2821679280,9248,596
5358.006767,2821682459,2821683060,8886,601
5358.018806,2821686275,2821686857,9252,582
5358.030817,2821690094,2821690695,9270,601
5358.042840,2821694056,2821694656,11843,600
5358.056332,2821698550,2821699153,11973,603
5358.090938,2821709437,2821710035,12071,598
5358.102957,2821713459,2821714062,12042,603
5358.117994,2821718220,2821718826,9240,606
5358.130011,2821722104,2821722712,9238,608
5358.142030,2821726045,2821726643,11990,598
5358.154056,2821729952,2821730555,12069,603
5358.166079,2821733814,2821734412,9251,598
5358.178094,2821737606,2821738195,8785,589
5358.190129,2821741420,2821742001,9179,581
5358.202146,2821745246,2821745849,9281,603
5358.214171,2821749067,2821749670,8969,603
5358.224686,2821752551,2821753152,12091,601
5358.236709,2821756552,2821757155,12008,603
5358.250233,2821760955,2821761549,11827,594
5358.262266,2821764807,2821765410,8997,603
5358.274285,2821768664,2821769267,9252,603
5358.286299,2821772468,2821773074,8857,606
5358.298333,2821776278,2821776874,9206,596
5358.310355,2821780146,2821780749,9308,603
5358.322370,2821783974,2821784568,8878,594
5358.334401,2821787817,2821788423,9211,606
5358.346422,2821791708,2821792306,9293,598
5358.358441,2821795674,2821796269,11850,595
5358.370469,2821799531,2821800129,9238,598
5358.382490,2821803389,2821803987,9282,598
5358.394505,2821807177,2821807762,8893,585
5358.406540,2821811022,2821811625,9260,603
5358.418554,2821815008,2821815614,12067,606
5358.430573,2821818834,2821819440,8882,606
5358.442607,2821822867,2821823470,12084,603
5358.454622,2821826870,2821827471,12056,601
5358.466643,2821830689,2821831283,8873,594
5358.478678,2821834539,2821835121,9211,582
5358.490693,2821838345,2821838941,9255,596
5358.502710,2821842130,2821842725,8865,595
5358.514746,2821845971,2821846569,9209,598
5358.526760,2821849811,2821850406,9259,595
5358.538784,2821853757,2821854360,11990,603
5358.570345,2821863776,2821864376,11840,600
5358.582376,2821867611,2821868193,9189,582
5358.594393,2821871439,2821872042,9253,603
5358.606407,2821875230,2821875824,8878,594
5358.618440,2821879231,2821879834,12087,603
5358.630460,2821883097,2821883693,9263,596
5358.642477,2821887097,2821887692,8902,595
5358.654511,2821891090,2821891692,12095,602
5358.666528,2821894936,2821895531,9250,595
5358.678544,2821898910,2821899508,11972,598
5358.690583,2821902775,2821903357,9243,582
5358.702597,2821906630,2821907238,9244,608
5358.714614,2821910454,2821911054,8885,600
5358.726649,2821914312,2821914915,9226,603
5358.738668,2821918182,2821918778,9262,596
5358.750682,2821922004,2821922608,8875,604
5358.762717,2821925851,2821926448,9224,597
5358.774731,2821929817,2821930418,12054,601
5358.786751,2821933614,2821934219,8798,605
5358.798788,2821937455,2821938032,9231,577
5358.810803,2821941277,2821941880,9232,603
5358.822821,2821945047,2821945646,8906,599
5358.834855,2821948901,2821949504,9232,603
5358.846872,2821952779,2821953382,9235,603
5358.858892,2821956764,2821957362,11986,598
5358.870921,2821960751,2821961328,11991,577
5358.882937,2821964576,2821965170,9238,594
5358.894959,2821968552,2821969149,11984,597
5358.919005,2821976229,2821976824,12028,595
5358.931031,2821980158,2821980759,11849,601
5358.943055,2821984066,2821984669,9237,603
5358.955082,2821988033,2821988636,9336,603
5358.967101,2821992070,2821992684,11840,614
5358.979129,2821996157,2821996755,12069,598
5358.991144,2822000128,2822000724,12081,596
5359.003166,2822004097,2822004697,11813,600
5359.015196,2822008141,2822008739,12078,598
5359.027209,2822011987,2822012588,9274,601
5359.039231,2822015781,2822016376,8884,595
5359.051269,2822019823,2822020405,9206,582
5359.063280,2822023640,2822024241,9260,601
5359.075303,2822027594,2822028194,11840,600
5359.087334,2822031594,2822032202,12085,608
5359.099350,2822035531,2822036120,12094,589
5359.109880,2822038873,2822039455,9255,582
5359.121896,2822042710,2822043307,9222,597
5359.133918,2822047170,2822047771,8947,601
5359.145947,2822050988,2822051570,9193,582
5359.157965,2822054867,2822055470,12070,603
5359.169986,2822058738,2822059336,11995,598
5359.182014,2822062615,2822063197,11968,582
5359.194032,2822066460,2822067052,9248,592
5359.206052,2822070395,2822070986,11980,591
5359.218081,2822074216,2822074799,9182,583
5359.246626,2822083237,2822083832,11825,595
5359.258659,2822087255,2822087858,12085,603
5359.270674,2822091245,2822091846,12054,601
5359.282695,2822095038,2822095637,8853,599
5359.294729,2822098900,2822099498,9278,598
5359.306748,2822102745,2822103348,9306,603
5359.318762,2822106543,2822107138,8846,595
5359.330794,2822110375,2822110973,9168,598
5359.342810,2822114222,2822114823,9193,601
5359.354838,2822118045,2822118642,8964,597
5359.366868,2822122046,2822122625,11985,579
5359.378880,2822125855,2822126456,9244,601
5359.390907,2822129843,2822130444,11846,601
5359.402933,2822133679,2822134287,8974,608
5359.414949,2822137530,2822138125,9178,595
5359.426967,2822141314,2822141909,8897,595
5359.439002,2822145142,2822145740,9230,598
5359.451028,2822149123,2822149724,12131,601
5359.463042,2822153197,2822153792,11849,595
5359.475070,2822157250,2822157853,12119,603
5359.487086,2822161340,2822161935,12056,595
5359.499111,2822165353,2822165941,11834,588
5359.511142,2822169364,2822169967,12082,603
5359.523156,2822173351,2822173946,12094,595
5359.535178,2822177279,2822177880,11841,601
5359.547208,2822181326,2822181903,11964,577
5359.559223,2822185284,2822185878,12099,594
5359.619345,2822203809,2822204417,12081,608
5359.629854,2822207172,2822207761,8826,589
5359.641896,2822211000,2822211431,7441,431
5359.653912,2822214707,2822215160,7393,453
5359.665923,2822218435,2822219024,8843,589
5359.677958,2822222266,2822222826,9202,560
5359.689976,2822226083,2822226686,9203,603
5359.702001,2822229911,2822230513,8954,602
5359.714025,2822233762,2822234364,9212,602
5359.726045,2822237637,2822238239,9302,602
5359.738060,2822241425,2822242018,8824,593
5359.750095,2822245233,2822245834,9046,601
5359.762112,2822249109,2822249712,9243,603
5359.774129,2822253018,2822253618,11827,600
5359.786160,2822256935,2822257533,12081,598
5359.798186,2822260803,2822261406,9281,603
5359.810199,2822264641,2822265235,8877,594
5359.822234,2822268466,2822269048,9216,582
5359.834251,2822272281,2822272884,9232,603
5359.846266,2822276081,2822276687,8846,606
5359.858300,2822280052,2822280650,12102,598
5359.870319,2822284049,2822284646,12057,597
5359.882335,2822287840,2822288434,8863,594
5359.894365,2822291818,2822292416,12073,598
5359.910890,2822297041,2822297647,9274,606
5359.922911,2822300833,2822301433,8920,600
5359.934946,2822304692,2822305300,9217,608
5359.946964,2822308553,2822309151,9242,598
5359.958978,2822312367,2822312967,8861,600
5359.971013,2822316233,2822316836,9275,603
5359.983029,2822320190,2822320789,12052,599
5359.995056,2822324174,2822324763,11820,589
5360.007083,2822328261,2822328864,12082,603
5360.019100,2822332312,2822332908,12091,596
5360.031123,2822336266,2822336866,11836,600
5360.043150,2822340112,2822340672,9205,560
5360.055168,2822344003,2822344606,9248,603
5360.067186,2822347921,2822348521,8918,600
5360.079219,2822351992,2822352595,12072,603
5360.091236,2822355948,2822356543,12086,595
5360.103260,2822359921,2822360523,12008,602
5360.115289,2822363911,2822364502,12086,591
5360.127303,2822367834,2822368425,12058,591
5360.139330,2822371761,2822372356,11818,595
5360.149855,2822375164,2822375621,7409,457
5360.161866,2822378829,2822379435,8825,606
5360.173908,2822382680,2822383112,7437,432
5360.185921,2822386337,2822386783,7395,446
5360.197942,2822389996,2822390599,8997,603
5360.209971,2822393842,2822394424,9219,582
5360.221988,2822397693,2822398296,9252,603
5360.234006,2822401503,2822402099,8842,596
5360.246039,2822405346,2822405944,9074,598
5360.258054,2822409275,2822409876,12009,601
5360.291122,2822419702,2822420300,12095,598
5360.303140,2822423751,2822424347,12112,596
5360.315161,2822427671,2822428260,11838,589
5360.327191,2822431658,2822432261,12077,603
5360.339207,2822435631,2822436227,12055,596
5360.351233,2822439602,2822440208,11814,606
5360.363262,2822443597,2822444195,12084,598
5360.375275,2822447434,2822448035,9223,601
5360.387291,2822451264,2822451864,8897,600
5360.399329,2822455244,2822455845,12085,601
5360.411344,2822459196,2822459791,12067,595
5360.421875,2822462565,2822463147,9251,582
5360.433892,2822466415,2822467014,9317,599
5360.445914,2822470261,2822470852,9020,591
5360.457943,2822474069,2822474651,11993,582
5360.469960,2822477921,2822478517,12061,596
5360.481976,2822481732,2822482320,8837,588
5360.494009,2822485564,2822486167,9104,603
5360.506027,2822489429,2822490032,9233,603
5360.518046,2822493203,2822493799,8888,596
5360.530079,2822497022,2822497630,9213,608
5360.542101,2822500884,2822501487,9281,603
5360.554111,2822504692,2822505287,8834,595
5360.566150,2822508492,2822509072,9199,580
5360.578164,2822512341,2822512939,9277,598
5360.590182,2822516267,2822516857,11836,590
5360.602210,2822520248,2822520845,12067,597
5360.614233,2822524113,2822524710,9193,597
5360.626251,2822527911,2822528506,8881,595
5360.636334,2822531919,2822532506,12032,587
5360.674350,2822543681,2822544282,12138,601
5360.686372,2822547722,2822548319,12058,597
5360.698386,2822551541,2822552139,8902,598
5360.710419,2822555378,2822555976,9181,598
5360.722439,2822559235,2822559833,9245,598
5360.734456,2822563029,2822563630,8905,601
5360.746492,2822566899,2822567502,9230,603
5360.758509,2822570753,2822571361,9270,608
5360.770523,2822574557,2822575152,8851,595
5360.782560,2822578384,2822578964,9209,580
5360.794576,2822582230,2822582833,9287,603
5360.806595,2822586198,2822586799,11842,601
5360.818622,2822590218,2822590800,11964,582
5360.830641,2822594046,2822594647,9248,601
5360.842669,2822597868,2822598476,8947,608
5360.854696,2822601716,2822602292,9162,576
5360.866711,2822605513,2822606115,9313,602
5360.878729,2822609297,2822609877,8850,580
5360.890761,2822613279,2822613866,12054,587
5360.902778,2822617236,2822617837,12062,601
5360.914799,2822621040,2822621628,8882,588
5360.926835,2822624846,2822625428,9210,582
5360.938851,2822628646,2822629247,9243,601
5360.950865,2822632470,2822633074,8877,604
5360.962898,2822636334,2822636937,9255,603
5360.974921,2822640227,2822640829,9219,602
5360.986940,2822644165,2822644757,8945,592
5360.998967,2822648067,2822648667,8964,600
5361.010991,2822651976,2822652589,9224,613
5361.023011,2822656033,2822656636,12024,603
5361.035037,2822660083,2822660696,12037,613
5361.047053,2822664153,2822664754,12061,601
5361.059079,2822668182,2822668782,11821,600
5361.071107,2822672118,2822672721,9208,603
5361.083121,2822676078,2822676675,9240,597
5361.095148,2822680118,2822680724,11840,606
5361.107175,2822684135,2822684732,12070,597
5361.119191,2822688098,2822688699,12080,601
5361.131213,2822692006,2822692600,11818,594
5361.143243,2822696008,2822696606,12112,598
5361.158263,2822700734,2822701335,8843,601
5361.170295,2822704562,2822705160,9176,598
5361.182315,2822708412,2822709013,9278,601
5361.194329,2822712239,2822712834,8844,595
5361.206364,2822716152,2822716755,12107,603
5361.218383,2822720175,2822720771,12108,596
5361.230398,2822723963,2822724557,8828,594
5361.242435,2822727818,2822728400,9195,582
5361.254451,2822731801,2822732397,12067,596
5361.266469,2822735732,2822736339,11848,607
5361.278502,2822739592,2822740174,9198,582
5361.290519,2822743525,2822744128,9245,603
5361.302538,2822747484,2822748075,11982,591
5361.314564,2822751317,2822751918,9178,601
5361.394214,2822775955,2822776550,12078,595
5361.406235,2822779882,2822780482,11829,600
5361.418266,2822783850,2822784432,11959,582
5361.430287,2822787693,2822788284,9235,591
5361.442300,2822791503,2822792104,8827,601
5361.454336,2822795337,2822795940,9284,603
5361.466353,2822799195,2822799783,9270,588
5361.478372,2822802988,2822803583,8867,595
5361.490403,2822806976,2822807579,12066,603
5361.502422,2822810991,2822811583,12052,592
5361.514438,2822814776,2822815364,8901,588
5361.526471,2822818612,2822819204,9201,592
5361.538491,2822822445,2822823041,9236,596
5361.550514,2822826540,2822827133,11981,593
5361.606117,2822843742,2822844337,12100,595
5361.670745,2822863779,2822864387,12077,608
5361.682766,2822867619,2822868215,9198,596
5361.694783,2822871401,2822871996,8884,595
5361.706817,2822875408,2822876005,12083,597
5361.718831,2822879394,2822879995,12053,601
5361.730848,2822883184,2822883773,8820,589
5361.742887,2822887022,2822887604,9265,582
5361.754897,2822890836,2822891437,9202,601
5361.766918,2822894627,2822895227,8906,600
5361.778952,2822898495,2822899098,9256,603
5361.790967,2822902316,2822902907,9281,591
5361.802985,2822906079,2822906679,8880,600
5361.815022,2822910055,2822910651,12085,596
5361.827037,2822914105,2822914700,12055,595
5361.839063,2822918129,2822918718,11858,589
5361.851091,2822922209,2822922812,12115,603
5361.863106,2822926274,2822926875,12078,601
5361.875128,2822930252,2822930847,11832,595
5361.887159,2822934238,2822934815,11973,577
5361.899174,2822938143,2822938745,12057,602
5361.911198,2822942122,2822942723,11846,601
5361.923228,2822946120,2822946723,12069,603
5361.935243,2822950088,2822950685,12042,597
5361.947265,2822954000,2822954594,11841,594
5361.959293,2822957966,2822958564,12116,598
5361.971310,2822961905,2822962506,12054,601
5361.983336,2822965851,2822966447,11978,596
5361.993858,2822969247,2822969843,9266,596
5362.005880,2822973065,2822973508,7538,443
5362.017915,2822976748,2822977179,7431,431
5362.029931,2822980424,2822981021,9315,597
5362.041943,2822984247,2822984841,8870,594
5362.053982,2822988116,2822988697,9228,581
5362.065996,2822991955,2822992552,9177,597
5362.078010,2822995765,2822996360,8892,595
5362.090046,2822999610,2823000186,9205,576
5362.102063,2823003492,2823004088,12069,596
5362.114079,2823007279,2823007872,8888,593
5362.126115,2823011129,2823011706,9208,577
5362.138131,2823014959,2823015556,9243,597
5362.150148,2823019333,2823019934,8834,601
5362.162180,2823023166,2823023769,9226,603
5362.174201,2823027008,2823027605,9267,597
5362.186215,2823030809,2823031409,8847,600
5362.198247,2823034615,2823035217,9227,602
5362.210269,2823038462,2823039065,9219,603
5362.222285,2823042426,2823043026,11830,600
5362.234319,2823046429,2823047032,12066,603
5362.246337,2823050294,2823050891,9222,597
5362.258355,2823054081,2823054676,8869,595
5362.270390,2823057928,2823058519,9219,591
5362.282406,2823061788,2823062385,9238,597
5362.294421,2823065584,2823066184,8860,600
5362.306453,2823069407,2823070010,9199,603
5362.318474,2823073418,2823074010,12051,592
5362.330498,2823077242,2823077811,8988,569
5362.342524,2823081043,2823081646,9174,603
5362.354544,2823084894,2823085485,9218,591
5362.366558,2823088664,2823089259,8822,595
5362.378593,2823092490,2823093087,8998,597
5362.390611,2823096323,2823096920,9232,597
5362.402629,2823100113,2823100708,8875,595
5362.414666,2823103921,2823104496,9249,575
5362.426682,2823107714,2823108294,9197,580
5362.438701,2823111673,2823112268,11855,595
5362.450731,2823115647,2823116250,12122,603
5362.462746,2823119490,2823120079,9269,589
5362.474764,2823123274,2823123868,8827,594
5362.486802,2823127137,2823127719,9229,582
5362.498812,2823130951,2823131547,9216,596
5362.510833,2823134733,2823135313,8852,580
5362.522872,2823138731,2823139308,11995,577
5362.534883,2823142669,2823143265,12057,596
5362.546900,2823146461,2823147049,8879,588
5362.558935,2823150298,2823150896,9235,598
5362.570949,2823154120,2823154716,9217,596
5362.582969,2823157936,2823158537,8882,601
5362.595005,2823161809,2823162386,9198,577
5362.607019,2823165613,2823166209,9199,596
5362.619037,2823169477,2823170078,8872,601
5362.631073,2823173492,2823174099,12070,607
5362.643088,2823177533,2823178134,12065,601
5362.655113,2823181535,2823182136,11816,601
5362.667142,2823185573,2823186171,12076,598
5362.679160,2823189601,2823190204,12040,603
5362.691183,2823193520,2823194110,11844,590
5362.703209,2823197517,2823198115,12071,598
5362.715227,2823201431,2823202038,12087,607
5362.727248,2823205432,2823206035,12030,603
5362.739279,2823209420,2823209996,11991,576
5362.751294,2823213327,2823213923,12056,596
5362.763319,2823217249,2823217836,11837,587
5362.775349,2823221235,2823221838,12045,603
5362.785855,2823224575,2823225175,8900,600
5362.797894,2823228378,2823228959,9205,581
5362.809907,2823232185,2823232780,9192,595
5362.821926,2823236030,2823236620,11832,590
5362.833957,2823239877,2823240454,11962,577
5362.845978,2823243712,2823244303,9226,591
5362.857996,2823247490,2823248085,8903,595
5362.870034,2823251349,2823251931,9244,582
5362.882048,2823255189,2823255787,9259,598
5362.894062,2823258972,2823259550,8852,578
5362.906100,2823262762,2823263339,9237,577
5362.918114,2823266595,2823267191,9271,596
5362.930129,2823270412,2823271005,8802,593
5362.942162,2823274248,2823274846,9236,598
5362.954180,2823278064,2823278659,9199,595
5362.966201,2823281848,2823282448,8835,600
5362.978236,2823285673,2823286276,9168,603
5362.990250,2823289505,2823290106,9230,601
5363.002267,2823293283,2823293878,8837,595
5363.014300,2823297105,2823297707,9216,602
5363.026320,2823300962,2823301564,9251,602
5363.038337,2823304913,2823305508,11832,595
5363.050368,2823308889,2823309487,12080,598
5363.062389,2823312761,2823313358,9262,597
5363.074414,2823316572,2823317175,8977,603
5363.086441,2823320424,2823321027,9166,603
5363.098456,2823324275,2823324876,9240,601
5363.110474,2823328073,2823328668,8817,595
5363.122507,2823331925,2823332533,9054,608
5363.134525,2823335966,2823336563,12059,597
5363.146544,2823339753,2823340324,8847,571
5363.238221,2823367850,2823368444,12014,594
5363.250243,2823371783,2823372386,11988,603
5363.262275,2823375625,2823376201,9222,576
5363.274291,2823379449,2823380052,9274,603
5363.286310,2823383243,2823383843,8891,600
5363.298342,2823387061,2823387669,9185,608
5363.310362,2823390912,2823391509,9293,597
5363.322384,2823394714,2823395316,8983,602
5363.334415,2823398553,2823399134,9232,581
5363.346430,2823402392,2823402987,9251,595
5363.358445,2823406150,2823406728,8858,578
5363.370478,2823409973,2823410576,9016,603
5363.382497,2823413835,2823414426,9235,591
5363.394515,2823417628,2823418222,8881,594
5363.406554,2823421410,2823421987,9232,577
5363.418571,2823425228,2823425810,9284,582
5363.430582,2823429026,2823429626,8876,600
5363.442617,2823432855,2823433436,9129,581
5363.454631,2823436790,2823437370,12058,580
5363.466654,2823440714,2823441310,11984,596
5363.478686,2823444559,2823445156,9222,597
5363.490700,2823448389,2823448985,9225,596
5363.502721,2823452179,2823452774,8879,595
5363.514756,2823456003,2823456611,9224,608
5363.526770,2823459836,2823460432,9216,596
5363.538788,2823463755,2823464356,8902,601
5363.550823,2823467604,2823468202,9243,598
5363.562835,2823471423,2823472016,9243,593
5363.574856,2823475230,2823475826,8893,596
5363.586892,2823479054,2823479650,9249,596
5363.598906,2823482887,2823483483,9177,596
5363.610923,2823486679,2823487280,8845,601
5363.622962,2823490496,2823491078,9233,582
5363.634976,2823494316,2823494913,9293,597
5363.646997,2823498255,2823498860,11832,605
5363.686080,2823510943,2823511520,11935,577
5363.698100,2823514782,2823515384,9245,602
5363.710114,2823518593,2823519193,8870,600
5363.722149,2823522440,2823523038,9236,598
5363.734166,2823526287,2823526889,9196,602
5363.746183,2823530087,2823530695,8810,608
5363.758215,2823533908,2823534511,9229,603
5363.770235,2823537756,2823538359,9269,603
5363.782253,2823541544,2823542139,8862,595
5363.794286,2823545339,2823545942,9243,603
5363.806305,2823549179,2823549775,9265,596
5363.818327,2823552987,2823553584,8976,597
5363.830355,2823556802,2823557382,9201,580
5363.842372,2823560643,2823561246,9252,603
5363.854389,2823564583,2823565173,11840,590
5363.866421,2823568528,2823569119,12060,591
5363.878441,2823572353,2823572944,9270,591
5363.890458,2823576128,2823576723,8848,595
5363.902494,2823579980,2823580583,9188,603
5363.914514,2823583836,2823584438,9282,602
5363.926525,2823587643,2823588238,8878,595
5363.938557,2823591495,2823592093,9256,598
5363.950577,2823595407,2823595998,9244,591
5363.962596,2823599190,2823599783,8888,593
5363.974630,2823602999,2823603560,9184,561
5363.986648,2823606801,2823607399,9312,598
5363.998663,2823610567,2823611167,8883,600
5364.010698,2823614399,2823615002,9275,603
5364.022712,2823618236,2823618831,9248,595
5364.034733,2823622014,2823622609,8850,595
5364.046765,2823625834,2823626436,9179,602
5364.058782,2823629677,2823630273,9219,596
5364.070807,2823633620,2823634215,11838,595
5364.082835,2823637607,2823638204,12093,597
5364.094849,2823641433,2823642028,9214,595
5364.106866,2823645216,2823645816,8868,600
5364.118905,2823649041,2823649618,9190,577
5364.130916,2823652852,2823653445,9222,593
5364.142937,2823656632,2823657227,8883,595
5364.166989,2823664369,2823664966,12041,597
5364.179011,2823668287,2823668875,11846,588
5364.191039,2823672291,2823672894,12112,603
5364.203056,2823676358,2823676937,12083,579
5364.215077,2823680373,2823680970,11975,597
5364.227107,2823684416,2823685019,12088,603
5364.239122,2823688478,2823689079,12055,601
5364.251143,2823692345,2823692945,8925,600
5364.287215,2823703704,2823704310,11836,606
5364.297738,2823707082,2823707685,9234,603
5364.318771,2823713631,2823714231,8886,600
5364.329297,2823717165,2823717766,12002,601
5364.347331,2823722951,2823723551,12136,600
5364.357862,2823726373,2823726950,9247,577
5364.369877,2823730309,2823730756,7345,447
5364.381898,2823733939,2823734383,7519,444
5364.393927,2823737621,2823738198,9233,577
5364.405944,2823741431,2823742028,9220,597
5364.417961,2823745247,2823745847,8849,600
5364.429991,2823749051,2823749654,9229,603
5364.550215,2823784458,2823785060,7162,602
5364.562241,2823788291,2823788891,8943,600
5364.574270,2823792131,2823792708,9202,577
5364.586284,2823796130,2823796712,12015,582
5364.598305,2823799898,2823800493,8930,595
5364.610339,2823803720,2823804322,9044,602
5364.622357,2823807562,2823808159,9223,597
5364.634372,2823811349,2823811949,8810,600
5364.646409,2823815154,2823815731,9233,577
5364.658429,2823818991,2823819594,9278,603
5364.670444,2823822978,2823823573,11812,595
5364.682470,2823826910,2823827501,12071,591
5364.694492,2823830762,2823831359,9267,597
5364.706511,2823834548,2823835142,8866,594
5364.718545,2823838387,2823838985,9227,598
5364.730563,2823842239,2823842836,9223,597
5364.742577,2823846020,2823846620,8866,600
5364.754609,2823849834,2823850437,9189,603
5364.766630,2823853711,2823854314,9244,603
5364.778647,2823857512,2823858115,8903,603
5364.790683,2823861366,2823861969,9241,603
5364.802695,2823865351,2823865946,12136,595
5364.814715,2823869167,2823869747,8906,580
5364.826747,2823872976,2823873558,9202,582
5364.838765,2823876776,2823877356,9204,580
5364.850783,2823880533,2823881127,8846,594
5364.862818,2823884344,2823884946,9207,602
5364.874830,2823888179,2823888775,9211,596
5364.886855,2823892128,2823892723,11851,595
5364.898884,2823896112,2823896708,12098,596
5364.910902,2823899969,2823900561,9276,592
5364.922920,2823903753,2823904348,8902,595
5364.934956,2823907572,2823908153,9247,581
5364.946969,2823911398,2823911999,9242,601
5364.958994,2823915211,2823915809,8979,598
5364.971025,2823919073,2823919650,9235,577
5364.983037,2823922930,2823923531,9232,601
5364.995063,2823926939,2823927547,11839,608
5365.007091,2823931032,2823931629,12045,597
5365.019107,2823935022,2823935618,12052,596
5365.031132,2823938956,2823939551,11830,595
5365.043160,2823942919,2823943522,12084,603
5365.055179,2823946745,2823947346,9309,601
5365.067191,2823950569,2823951164,8898,595
5365.079231,2823954532,2823955113,11965,581
5365.091244,2823958459,2823959054,12056,595
5365.103270,2823962355,2823962956,11852,601
5365.115297,2823966270,2823966846,11970,576
5365.127314,2823970169,2823970759,12083,590
5365.139337,2823974080,2823974680,11830,600
5365.149859,2823977466,2823978063,9239,597
5365.161885,2823981877,2823982327,7566,450
5365.173909,2823985602,2823986178,9208,576
5365.185924,2823989450,2823990052,12020,602
5365.197947,2823993296,2823993896,11805,600
5365.209983,2823997151,2823997728,9195,577
5365.221998,2824000958,2824001555,9237,597
5365.234011,2824004766,2824005366,8793,600
5365.246050,2824008549,2824009131,9217,582
5365.258065,2824012386,2824012977,9261,591
5365.270082,2824016259,2824016848,11829,589
5365.282113,2824020181,2824020758,11958,577
5365.294133,2824024020,2824024611,9249,591
5365.306158,2824027822,2824028420,8999,598
5365.318186,2824031661,2824032264,9240,603
5365.330203,2824035518,2824036115,9239,597
5365.342218,2824039304,2824039899,8875,595
5365.354253,2824043100,2824043708,9031,608
5365.366269,2824046966,2824047563,9250,597
5365.378286,2824050746,2824051345,8836,599
5365.390319,2824054564,2824055167,9171,603
5365.402342,2824058554,2824059151,12066,597
5365.414357,2824062513,2824063107,11822,594
5365.426389,2824066341,2824066938,9222,597
5365.438408,2824070176,2824070772,9296,596
5365.450423,2824073931,2824074531,8843,600
5365.462454,2824077743,2824078346,9199,603
5365.474476,2824081591,2824082182,9254,591
5365.486495,2824085536,2824086136,11837,600
5365.498524,2824089490,2824090067,11962,577
5365.510545,2824093311,2824093902,9274,591
5365.522562,2824097111,2824097701,8870,590
5365.534597,2824100937,2824101535,9213,598
5365.546614,2824104783,2824105386,9292,603
5365.558628,2824108594,2824109189,8859,595
5365.570660,2824112403,2824113001,9214,598
5365.582681,2824116268,2824116865,9242,597
5365.594700,2824120048,2824120646,8851,598
5365.606735,2824123917,2824124514,9259,597
5365.618749,2824127898,2824128499,12093,601
5365.630768,2824131697,2824132297,8857,600
5365.642803,2824135527,2824136130,9221,603
5365.654819,2824139373,2824139975,9292,602
5365.666835,2824143155,2824143749,8868,594
5365.678867,2824146975,2824147578,9208,603
5365.690883,2824150815,2824151411,9255,596
5365.702908,2824154803,2824155406,11989,603
5365.714937,2824158798,2824159394,12097,596
5365.726951,2824162627,2824163222,9260,595
5365.738972,2824166386,2824166982,8886,596
5365.751006,2824170211,2824170787,9032,576
5365.763023,2824174138,2824174733,12096,595
5365.775046,2824178116,2824178706,11842,590
5365.787074,2824182096,2824182693,9242,597
5365.799096,2824186074,2824186677,9262,603
5365.811113,2824190104,2824190706,11840,602
5365.823141,2824194132,2824194735,12095,603
5365.835159,2824198099,2824198689,12066,590
5365.847183,2824202010,2824202605,11817,595
5365.859216,2824205983,2824206559,11969,576
5365.871227,2824209775,2824210371,9264,596
5365.883245,2824213574,2824214169,8835,595
5365.895278,2824217553,2824218155,12090,602
5365.941861,2824231961,2824232560,11840,599
5365.958399,2824237178,2824237781,9199,603
5365.970420,2824241026,2824241629,9249,603
5365.982441,2824244933,2824245535,8936,602
5365.994467,2824248760,2824249361,9219,601
5366.006487,2824252613,2824253211,9219,598
5366.018508,2824256554,2824257154,11884,600
5366.030533,2824260607,2824261210,12061,603
5366.042556,2824264672,2824265280,12046,608
5366.054573,2824268572,2824269171,8862,599
5366.066604,2824272450,2824273052,9189,602
5366.078626,2824276345,2824276958,9255,613
5366.090639,2824280209,2824280814,8821,605
5366.102676,2824284216,2824284798,11970,582
5366.114694,2824288209,2824288806,12058,597
5366.126711,2824292001,2824292595,8898,594
5366.138746,2824295849,2824296452,9219,603
5366.150763,2824299687,2824300283,9223,596
5366.162778,2824303470,2824304069,8873,599
5366.174816,2824307330,2824307912,9210,582
5366.186828,2824311207,2824311809,9249,602
5366.198853,2824315014,2824315617,9016,603
5366.210881,2824318849,2824319429,9208,580
5366.222896,2824322652,2824323253,9248,601
5366.234921,2824326597,2824327192,11842,595
5366.246950,2824330577,2824331173,12077,596
5366.258966,2824334553,2824335154,12095,601
5366.270984,2824338324,2824338919,8920,595
5366.283018,2824342144,2824342742,9239,598
5366.295042,2824346113,2824346708,12142,595
5366.307056,2824350113,2824350707,11848,594
5366.319088,2824354195,2824354798,12108,603
5366.331102,2824358246,2824358847,12058,601
5366.343126,2824362208,2824362802,11816,594
5366.355157,2824366225,2824366802,11970,577
5366.367172,2824370173,2824370774,12087,601
5366.379193,2824374090,2824374685,11842,595
5366.391222,2824378221,2824378818,12096,597
5366.403237,2824382049,2824382645,9260,596
5366.415258,2824385851,2824386445,8856,594
5366.427293,2824389839,2824390433,12074,594
5366.439308,2824393765,2824394361,12077,596
5366.451332,2824397696,2824398296,11810,600
5366.461855,2824401086,2824401689,9258,603
5366.473872,2824404892,2824405487,8871,595
5366.485912,2824408718,2824409150,7427,432
5366.497923,2824412410,2824413007,12057,597
5366.509941,2824416178,2824416772,8847,594
5366.521976,2824420007,2824420584,9235,577
5366.533993,2824423834,2824424431,9240,597
5366.546014,2824427666,2824428274,8976,608
5366.568331,2824435069,2824435672,12022,603
5366.582076,2824439446,2824440040,11804,594
5366.594111,2824443334,2824443939,9045,605
5366.606130,2824447201,2824447783,9172,582
5366.618147,2824451152,2824451747,11806,595
5366.630178,2824455105,2824455682,11963,577
5366.642204,2824458956,2824459547,9326,591
5366.654212,2824462749,2824463354,8840,605
5366.664335,2824466728,2824467328,12042,600
5366.694793,2824476217,2824476825,11984,608
5366.706824,2824480085,2824480682,9214,597
5366.718840,2824484072,2824484673,12061,601
5366.730861,2824488022,2824488619,11974,597
5366.742890,2824491883,2824492485,9067,602
5366.754906,2824495727,2824496328,9247,601
5366.766927,2824499514,2824500092,8850,578
5366.778963,2824503337,2824503919,9239,582
5366.790981,2824507158,2824507759,9290,601
5366.802994,2824510985,2824511585,8849,600
5366.815029,2824514859,2824515457,9275,598
5366.827045,2824518899,2824519509,12075,610
5366.839069,2824522987,2824523587,11843,600
5366.851100,2824527079,2824527676,12081,597
5366.863115,2824531094,2824531690,12079,596
5366.875138,2824535062,2824535657,11837,595
5366.887162,2824538881,2824539472,9183,591
5366.899183,2824542737,2824543334,9304,597
5366.911207,2824546649,2824547244,11855,595
5366.923235,2824550648,2824551251,12072,603
5366.935250,2824554595,2824555191,12062,596
5366.947277,2824558554,2824559157,11998,603
5366.959303,2824562518,2824563113,12079,595
5366.971321,2824566450,2824567046,12095,596
5366.983343,2824570355,2824570950,11817,595
5366.993866,2824573733,2824574334,9294,601
5367.005888,2824577741,2824578191,7503,450
5367.017922,2824581426,2824581858,7413,432
5367.029935,2824585139,2824585736,12060,597
5367.041958,2824588962,2824589563,8955,601
5367.053986,2824592814,2824593396,9174,582
5367.066003,2824596783,2824597380,9246,597
5367.078020,2824600603,2824601209,8883,606
5367.090055,2824604445,2824605042,9104,597
5367.102072,2824608306,2824608903,9281,597
5367.114093,2824612256,2824612857,11978,601
5367.126124,2824616089,2824616664,9210,575
5367.138147,2824619938,2824620541,9277,603
5367.150153,2824623809,2824624404,8853,595
5367.162186,2824627663,2824628259,12067,596
5367.172702,2824631202,2824631794,11979,592
5367.186226,2824635476,2824636065,8847,589
5367.198258,2824639293,2824639890,9229,597
5367.210279,2824643298,2824643899,9298,601
5367.222291,2824647124,2824647724,8842,600
5367.232816,2824650625,2824651219,12065,594
5367.246344,2824655012,2824655614,12022,602
5367.258362,2824658832,2824659432,8852,600
5367.270393,2824662669,2824663265,9196,596
5367.282414,2824666547,2824667150,9186,603
5367.294431,2824670365,2824670966,8856,601
5367.306464,2824674212,2824674815,9181,603
5367.318484,2824678091,2824678682,9260,591
5367.330502,2824682032,2824682630,11988,598
5367.342533,2824686018,2824686614,12083,596
5367.354551,2824689874,2824690466,9258,592
5367.366570,2824693652,2824694247,8901,595
5367.378603,2824697458,2824698061,9232,603
5367.390622,2824701474,2824702077,12113,603
5367.402640,2824705449,2824706039,11842,590
5367.413159,2824708991,2824709587,12016,596
5367.438708,2824717096,2824717693,11990,597
5367.474777,2824728367,2824728962,11841,595
5367.486807,2824732224,2824732827,9074,603
5367.498824,2824736082,2824736679,9232,597
5367.510843,2824739879,2824740478,8882,599
5367.522880,2824743732,2824744315,9260,583
5367.534897,2824747708,2824748303,12117,595
5367.546916,2824751692,2824752289,12006,597
5367.558947,2824755571,2824756152,9228,581
5367.570958,2824759381,2824759977,9280,596
5367.582978,2824763180,2824763785,8888,605
5367.595017,2824767168,2824767750,11967,582
5367.607030,2824771134,2824771729,12071,595
5367.619048,2824775024,2824775619,8890,595
5367.631082,2824778953,2824779556,9238,603
5367.643097,2824782894,2824783488,9244,594
5367.655123,2824786922,2824787517,11833,595
5367.667151,2824790935,2824791512,11967,577
5367.679167,2824794895,2824795491,12136,596
5367.691190,2824798854,2824799448,11844,594
5367.703220,2824802808,2824803411,12111,603
5367.715235,2824806655,2824807251,9204,596
5367.727257,2824810572,2824811172,11838,600
5367.739288,2824814584,2824815187,12086,603
5367.751302,2824818548,2824819143,12053,595
5367.763329,2824822546,2824823149,12015,603
5367.775360,2824826546,2824827122,11970,576
5367.785872,2824829859,2824830461,8997,602
5367.797901,2824833676,2824834258,9199,582
5367.809918,2824837503,2824838104,9253,601
5367.821935,2824841511,2824842110,11832,599
5367.833969,2824845374,2824845982,12060,608
5367.845987,2824849264,2824849860,12061,596
5367.858001,2824853075,2824853669,8824,594
5367.870038,2824856917,2824857498,9197,581
5367.882060,2824860754,2824861351,9329,597
5367.894072,2824864574,2824865175,8878,601
5367.949682,2824881737,2824882333,12124,596
5367.987259,2824893546,2824894148,12071,602
5367.999276,2824897509,2824898105,12107,596
5368.011297,2824901430,2824902025,11838,595
5368.023326,2824905444,2824906047,12065,603
5368.033845,2824908856,2824909309,7605,453
5368.045878,2824912545,2824912977,7458,432
5368.057891,2824916248,2824916846,9250,598
5368.069906,2824920030,2824920625,8883,595
5368.081940,2824923882,2824924479,9108,597
5368.093958,2824927732,2824928335,9270,603
5368.105976,2824931581,2824932176,8834,595
5368.118011,2824935419,2824935996,9179,577
5368.130033,2824939270,2824939867,12103,597
5368.142042,2824943086,2824943679,8814,593
5368.163088,2824949807,2824950410,12064,603
5368.175110,2824954297,2824954898,9279,601
5368.187128,2824958282,2824958882,8863,600
5368.199162,2824962354,2824962952,12067,598
5368.211182,2824966438,2824967041,12073,603
5368.223203,2824970403,2824970982,11847,579
5368.235231,2824974384,2824974982,9227,598
5368.247248,2824978241,2824978842,9264,601
5368.259270,2824982162,2824982761,11854,599
5368.290824,2824991988,2824992588,8828,600
5368.302863,2824995844,2824996420,9283,576
5368.314875,2824999691,2825000288,9224,597
5368.326894,2825003492,2825004093,8887,601
5368.338928,2825007347,2825007943,9234,596
5368.350945,2825011324,2825011920,12089,596
5368.362967,2825015280,2825015888,11986,608
5368.375000,2825019147,2825019728,9249,581
5368.387012,2825022963,2825023564,9189,601
5368.399036,2825026928,2825027528,11841,600
5368.411067,2825030971,2825031579,12115,608
5368.423082,2825035032,2825035632,12126,600
5368.435098,2825039003,2825039598,8935,595
5368.447133,2825042945,2825043546,9235,601
5368.459150,2825046922,2825047526,12083,604
5368.471171,2825050858,2825051453,11832,595
5368.483201,2825054799,2825055402,12068,603
5368.495217,2825058773,2825059369,12062,596
5368.507243,2825062712,2825063297,11817,585
5368.519273,2825066686,2825067268,12078,582
5368.531291,2825070667,2825071265,12041,598
5368.543311,2825074578,2825075188,11883,610
5368.555339,2825078581,2825079157,11941,576
5368.565849,2825081901,2825082496,8870,595
5368.577882,2825085703,2825086300,9079,597
5368.589902,2825089573,2825090175,9220,602
5368.601918,2825093366,2825093961,8844,595
5368.613954,2825097200,2825097777,9167,577
5368.625976,2825101031,2825101631,9248,600
5368.637988,2825105036,2825105631,11825,595
5368.650018,2825108866,2825109443,11989,577
5368.662039,2825112735,2825113332,12074,597
5368.674056,2825116512,2825117107,8860,595
5368.686091,2825120351,2825120928,9199,577
5368.698108,2825124184,2825124787,9236,603
5368.710123,2825127955,2825128556,8805,601
5368.722161,2825131764,2825132345,9215,581
5368.734175,2825135612,2825136213,9229,601
5368.746196,2825139527,2825140125,11991,598
5368.758228,2825143339,2825143897,9175,558
5368.770242,2825147146,2825147741,9256,595
5368.782260,2825150983,2825151583,8856,600
5368.794292,2825154800,2825155397,9189,597
5368.806312,2825158651,2825159248,9283,597
5368.818330,2825162425,2825163025,8877,600
5368.830365,2825166279,2825166877,9215,598
5368.842382,2825170130,2825170731,9187,601
5368.854397,2825173933,2825174533,8919,600
5368.866433,2825177791,2825178373,9234,582
5368.878448,2825181775,2825182377,12046,602
5368.890467,2825185561,2825186156,8898,595
5368.902499,2825189415,2825190012,9233,597
5368.914519,2825193287,2825193884,9299,597
5368.926541,2825197102,2825197711,8958,609
5368.938569,2825200963,2825201545,9192,582
5368.950586,2825204799,2825205400,9246,601
5368.962607,2825208761,2825209364,11989,603
5368.974639,2825212606,2825213207,9095,601
5368.986653,2825216437,2825217028,9287,591
5368.998671,2825220211,2825220806,8887,595
5369.010703,2825224041,2825224644,9171,603
5369.022727,2825227909,2825228517,9298,608
5369.034742,2825231728,2825232328,8852,600
5369.046776,2825235556,2825236159,9217,603
5369.058791,2825239414,2825240013,9196,599
5369.070808,2825243203,2825243803,8880,600
5369.082845,2825247235,2825247812,11970,577
5369.094857,2825251193,2825251794,12059,601
5369.106877,2825254984,2825255584,8861,600
5369.118912,2825258823,2825259426,9238,603
5369.130930,2825262680,2825263283,9260,603
5369.142944,2825266476,2825267076,8827,600
5369.157981,2825271284,2825271880,12063,596
5369.169998,2825275103,2825275698,8862,595
5369.182037,2825278953,2825279530,9252,577
5369.194052,2825282778,2825283375,9215,597
5369.206066,2825286599,2825287194,8814,595
5369.218104,2825290399,2825290981,9245,582
5369.230118,2825294235,2825294837,9260,602
5369.242137,2825298024,2825298622,8887,598
5369.254168,2825301866,2825302469,9211,603
5369.266185,2825305866,2825306462,12022,596
5369.278208,2825309836,2825310437,11993,601
5369.290240,2825313674,2825314254,9264,580
5369.302257,2825317501,2825318098,9200,597
5369.314272,2825321294,2825321894,8828,600
5369.326306,2825325142,2825325745,9189,603
5369.338324,2825329004,2825329600,9275,596
5369.350342,2825332826,2825333426,8940,600
5369.362373,2825336654,2825337251,9222,597
5369.374394,2825340505,2825341105,9247,600
5369.386409,2825344303,2825344888,8859,585
5369.398447,2825348139,2825348720,9235,581
5369.410461,2825351953,2825352549,9207,596
5369.422486,2825355760,2825356363,8958,603
5369.434514,2825359585,2825360161,9199,576
5369.446531,2825363404,2825364006,9240,602
5369.458545,2825367229,2825367828,8862,599
5369.470580,2825371049,2825371652,9065,603
5369.482598,2825375055,2825375651,12041,596
5369.494616,2825378986,2825379575,11804,589
5369.506654,2825382791,2825383373,9221,582
5369.518673,2825386628,2825387231,9287,603
5369.530682,2825390437,2825391037,8846,600
5369.542717,2825394259,2825394847,9223,588
5369.554732,2825398100,2825398695,9257,595
5369.566754,2825401928,2825402533,8910,605
5369.578782,2825405915,2825406517,12067,602
5369.590801,2825409737,2825410331,9233,594
5369.602820,2825413532,2825414127,8891,595
5369.614855,2825417362,2825417970,9258,608
5369.626868,2825421213,2825421814,9258,601
5369.638889,2825425015,2825425609,8914,594
5369.650920,2825428847,2825429434,9194,587
5369.662940,2825432713,2825433315,9225,602
5369.676334,2825437457,2825438059,12035,602
5369.702008,2825445468,2825446073,8836,605
5369.714048,2825449349,2825449930,9228,581
5369.726062,2825453192,2825453788,9271,596
5369.738078,2825456996,2825457596,8892,600
5369.750117,2825460795,2825461377,9182,582
5369.762132,2825464637,2825465228,9255,591
5369.774146,2825468444,2825469042,8826,598
5369.786182,2825472283,2825472864,9218,581
5369.798199,2825476122,2825476724,9256,602
5369.810217,2825479902,2825480496,8876,594
5369.822255,2825483725,2825484302,9159,577
5369.834266,2825487524,2825488124,9202,600
5369.846283,2825491315,2825491910,8887,595
5369.858318,2825495214,2825495815,9239,601
5369.870338,2825499058,2825499655,9282,597
5369.882354,2825503038,2825503633,11803,595
5369.894383,2825506987,2825507573,12066,586
5369.906406,2825510840,2825511438,9294,598
5369.918428,2825514641,2825515244,8973,603
5369.930456,2825518480,2825519078,9276,598
5369.942472,2825522337,2825522941,9284,604
5369.954491,2825526107,2825526701,8872,594
5369.966525,2825529911,2825530509,9073,598
5369.978542,2825533805,2825534412,9236,607
5369.990557,2825537608,2825538201,8878,593
5370.002593,2825541432,2825542009,9183,577
5370.014615,2825545243,2825545845,9344,602
5370.026627,2825549044,2825549639,8875,595
5370.038663,2825552868,2825553450,9171,582
5370.050677,2825556677,2825557278,9241,601
5370.062701,2825560535,2825561138,8987,603
5370.074726,2825564366,2825564967,9185,601
5370.086747,2825568247,2825568850,9243,603
5370.098766,2825572212,2825572802,11838,590
5370.110795,2825576172,2825576749,11959,577
5370.122814,2825580012,2825580615,9253,603
5370.134834,2825583812,2825584391,8864,579
5370.146867,2825587641,2825588238,9243,597
5370.182932,2825598824,2825599432,9195,608
5370.194949,2825602653,2825603249,9227,596
5370.206967,2825606438,2825607031,8837,593
5370.219003,2825610305,2825610908,9167,603
5370.231019,2825614288,2825614889,12055,601
5370.243043,2825618294,2825618888,11821,594
5370.255072,2825622306,2825622909,12086,603
5370.271594,2825627659,2825628255,9224,596
5370.282126,2825631118,2825631693,11999,575
5370.294144,2825635078,2825635675,12073,597
5370.306158,2825638856,2825639434,8878,578
5370.318195,2825642703,2825643285,9221,582
5370.330210,2825646540,2825647143,9267,603
5370.342228,2825650348,2825650948,8797,600
5370.354267,2825654151,2825654732,9257,581
5370.366280,2825658001,2825658604,9210,603
5370.378302,2825661829,2825662426,8939,597
5370.390326,2825665654,2825666265,9215,611
5370.402347,2825669527,2825670114,9201,587
5370.414372,2825673329,2825673926,8947,597
5370.426396,2825677151,2825677747,9183,596
5370.438417,2825681003,2825681606,9215,603
5370.450432,2825684797,2825685397,8861,600
5370.462466,2825688651,2825689259,9065,608
5370.474485,2825692524,2825693126,9255,602
5370.486503,2825696323,2825696922,8830,599
5370.498537,2825700257,2825700834,11987,577
5370.510559,2825704245,2825704847,12099,602
5370.522568,2825708078,2825708667,8838,589
5370.534605,2825711908,2825712490,9185,582
5370.546621,2825715730,2825716332,9277,602
5370.558640,2825719533,2825720130,8827,597
5370.570671,2825723670,2825724231,11967,561
5370.582692,2825727475,2825728077,9270,602
5370.594713,2825731295,2825731898,8979,603
5370.606738,2825735116,2825735705,9251,589
5370.618759,2825738965,2825739567,9274,602
5370.630777,2825742751,2825743351,8873,600
5370.642808,2825746571,2825747174,9143,603
5370.654825,2825750398,2825750993,9285,595
5370.666841,2825754206,2825754806,8867,600
5370.678880,2825758032,2825758635,9288,603
5370.690893,2825761881,2825762476,9256,595
5370.702909,2825765692,2825766287,8851,595
5370.714949,2825769675,2825770251,11970,576
5370.726961,2825773629,2825774235,12055,606
5370.738981,2825777426,2825778016,8896,590
5370.751019,2825781284,2825781866,9200,582
5370.763033,2825785312,2825785909,12042,597
5370.775056,2825789321,2825789923,11842,602
5370.787082,2825793405,2825793981,11948,576
5370.799099,2825797294,2825797890,9262,596
5370.811124,2825801174,2825801764,8961,590
5370.823152,2825805169,2825805759,12087,590
5370.835169,2825809141,2825809737,12102,596
5370.847192,2825813071,2825813666,11844,595
5370.859220,2825817004,2825817600,12066,596
5370.871236,2825820936,2825821532,12063,596
5370.883261,2825825124,2825825719,11840,595
5370.895290,2825828934,2825829537,9214,603
5370.907313,2825832911,2825833509,12184,598
5370.919329,2825836846,2825837447,11840,601
5370.931357,2825840819,2825841415,12115,596
5370.941868,2825844179,2825844773,8834,594
5370.953905,2825848007,2825848584,9215,577
5370.965921,2825851850,2825852447,9246,597
5370.977943,2825855656,2825856253,8971,597
5370.989972,2825859451,2825860024,9212,573
5371.001988,2825863291,2825863893,9253,602
5371.014005,2825867151,2825867746,11822,595
5371.026036,2825871043,2825871640,12078,597
5371.038054,2825874874,2825875464,9215,590
5371.050074,2825878684,2825879273,8894,589
5371.062113,2825882487,2825883064,9261,577
5371.074127,2825886313,2825886920,9307,607
5371.086154,2825890458,2825891070,12039,612
5371.098177,2825894503,2825895106,12119,603
5371.110192,2825898524,2825899127,11987,603
5371.122222,2825902435,2825903042,8927,607
5371.134247,2825906334,2825906947,9250,613
5371.146264,2825910249,2825910857,8956,608
5371.174821,2825919276,2825919878,12097,602
5371.186840,2825923776,2825924384,9263,608
5371.206382,2825930137,2825930747,12033,610
5371.218401,2825934083,2825934691,9245,608
5371.230418,2825938068,2825938668,11847,600
5371.242449,2825941890,2825942472,9192,582
5371.254470,2825945866,2825946467,12096,601
5371.283027,2825954828,2825955424,12137,596
5371.295043,2825958776,2825959373,9274,597
5371.307066,2825962810,2825963412,12031,602
5371.319095,2825966888,2825967485,12085,597
5371.331111,2825970958,2825971559,12097,601
5371.343137,2825974903,2825975511,12016,608
5371.355163,2825978932,2825979535,12045,603
5371.367180,2825982928,2825983529,12097,601
5371.379202,2825986845,2825987440,11813,595
5371.391232,2825990815,2825991419,12116,604
5371.403256,2825994777,2825995378,12137,601
5371.415264,2825998617,2825999207,8803,590
5371.427300,2826002459,2826003036,9168,577
5371.439317,2826006360,2826006949,12057,589
5371.451342,2826010266,2826010861,11851,595
5371.461864,2826013648,2826014244,9270,596
5371.473879,2826017434,2826018033,8846,599
5371.485915,2826021266,2826021843,9216,577
5371.497929,2826025125,2826025721,12032,596
5371.509951,2826028992,2826029595,11992,603
5371.521983,2826032796,2826033372,9179,576
5371.534000,2826036620,2826037221,9254,601
5371.546018,2826040436,2826041036,8806,600
5371.558055,2826044279,2826044856,9176,577
5371.570070,2826048111,2826048713,9250,602
5371.582085,2826051911,2826052505,8801,594
5371.594122,2826055710,2826056287,9209,577
5371.606137,2826059565,2826060165,9270,600
5371.618154,2826063362,2826063962,8861,600
5371.630190,2826067316,2826067893,11984,577
5371.642208,2826071268,2826071860,12074,592
5371.654229,2826075089,2826075697,8955,608
5371.666257,2826078907,2826079484,9193,577
5371.678274,2826082746,2826083343,9283,597
5371.690292,2826086556,2826087134,8846,578
5371.702326,2826090383,2826090980,9105,597
5371.714341,2826094378,2826094975,12018,597
5371.726363,2826098338,2826098929,11981,591
5371.738390,2826102131,2826102728,9195,597
5371.750415,2826105987,2826106589,9334,602
5371.762429,2826109797,2826110387,8930,590
5371.774463,2826113805,2826114403,12083,598
5371.786482,2826117662,2826118264,9295,602
5371.798496,2826121489,2826122084,8831,595
5371.810528,2826125316,2826125919,9194,603
5371.822545,2826129156,2826129738,9238,582
5371.834566,2826132920,2826133520,8831,600
5371.846598,2826136901,2826137498,12070,597
5371.858617,2826140909,2826141506,12056,597
5371.870633,2826144684,2826145278,8894,594
5371.882666,2826148471,2826149053,9198,582
5371.894684,2826152459,2826153062,12057,603
5371.908208,2826156860,2826157456,12088,596
5372.099070,2826204461,2826205061,9007,600
5372.111093,2826207434,2826208031,8932,597
5372.123125,2826211315,2826211917,9234,602
5372.135141,2826215412,2826216006,12081,594
5372.147171,2826219225,2826219820,8976,595
5372.198260,2826235114,2826235714,11992,600
5372.210278,2826238939,2826239544,8859,605
5372.222317,2826242741,2826243319,9221,578
5372.234331,2826246575,2826247178,9252,603
5372.246358,2826250524,2826251124,11902,600
5372.258383,2826254542,2826255144,12097,602
5372.270401,2826258382,2826258964,9302,582
5372.282416,2826262137,2826262732,8882,595
5372.294449,2826265933,2826266535,9235,602
5372.306467,2826269804,2826270406,9295,602
5372.318487,2826273600,2826274200,8896,600
5372.330520,2826277558,2826278160,12108,602
5372.342538,2826281550,2826282147,12065,597
5372.354553,2826285367,2826285961,8880,594
5372.366589,2826289178,2826289760,9178,582
5372.378605,2826293006,2826293602,9243,596
5372.390623,2826296796,2826297391,8877,595
5372.402662,2826300656,2826301233,9241,577
5372.414675,2826304473,2826305070,9295,597
5372.426697,2826308265,2826308857,9005,592
5372.438721,2826312061,2826312661,9222,600
5372.450743,2826315911,2826316513,9219,602
5372.462763,2826319857,2826320457,11883,600
5372.474789,2826323831,2826324429,12065,598
5372.486807,2826327660,2826328261,9229,601
5372.498836,2826331486,2826332084,8991,598
5372.510864,2826335623,2826336220,12155,597
5372.522875,2826339436,2826340030,9246,594
5372.534895,2826343250,2826343845,8858,595
5372.546933,2826347218,2826347815,12097,597
5372.558946,2826351202,2826351793,12056,591
5372.570963,2826354999,2826355594,8886,595
5372.582995,2826358855,2826359458,9215,603
5372.595011,2826362845,2826363446,11981,601
5372.607039,2826366847,2826367442,11833,595
5372.619069,2826370925,2826371523,12071,598
5372.631082,2826374848,2826375444,9207,596
5372.643112,2826378801,2826379402,8990,601
5372.655136,2826382855,2826383433,12085,578
5372.667153,2826386803,2826387409,12094,606
5372.679174,2826390762,2826391362,11839,600
5372.691206,2826395195,2826395792,12087,597
5372.703219,2826399215,2826399811,12051,596
5372.715240,2826403017,2826403606,8871,589
5372.727274,2826406860,2826407463,9228,603
5372.739290,2826410827,2826411421,12084,594
5372.751312,2826414765,2826415365,11831,600
5372.763342,2826418697,2826419273,11967,576
5372.773851,2826422040,2826422619,8886,579
5372.785887,2826425824,2826426401,9258,577
5372.797904,2826429671,2826430273,9234,602
5372.809922,2826433482,2826434082,8851,600
5372.821957,2826437311,2826437886,9196,575
5372.833971,2826441096,2826441697,9213,601
5372.845993,2826444967,2826445570,11977,603
5372.858020,2826448826,2826449429,12068,603
5372.870042,2826452675,2826453278,9271,603
5372.882056,2826456491,2826457069,8863,578
5372.894092,2826460308,2826460905,9248,597
5372.915122,2826466926,2826467522,9182,596
5372.927140,2826470844,2826471439,8918,595
5372.939179,2826474828,2826475388,11988,560
5372.951193,2826478756,2826479352,12086,596
5372.963215,2826482700,2826483300,11841,600
5372.975245,2826486646,2826487248,12136,602
5372.987260,2826490612,2826491207,12057,595
5372.999285,2826494565,2826495158,11822,593
5373.011314,2826498540,2826499138,12085,598
5373.023330,2826502506,2826503112,12088,606
5373.035353,2826506457,2826507057,11836,600
5373.045876,2826509879,2826510330,7367,451
5373.057897,2826513566,2826514011,7538,445
5373.069923,2826517229,2826517832,9177,603
5373.081944,2826521094,2826521690,9243,596
5373.093968,2826524906,2826525504,8961,598
5373.105997,2826528702,2826529284,9202,582
5373.118011,2826532505,2826533106,9194,601
5373.130029,2826536373,2826536973,11828,600
5373.142063,2826540270,2826540867,12106,597
5373.154082,2826544110,2826544706,9260,596
5373.166097,2826547893,2826548498,8860,605
5373.178135,2826551725,2826552306,9215,581
5373.190148,2826555568,2826556171,9047,603
5373.202168,2826559385,2826559979,8877,594
5373.214202,2826563202,2826563784,9172,582
5373.226220,2826567026,2826567629,9256,603
5373.238246,2826570830,2826571429,8955,599
5373.250270,2826574673,2826575250,9164,577
5373.262285,2826578647,2826579238,12018,591
5373.274303,2826582581,2826583174,11838,593
5373.286338,2826586404,2826586980,9223,576
5373.298357,2826590222,2826590825,9294,603
5373.310371,2826594036,2826594630,8864,594
5373.322408,2826597835,2826598411,9177,576
5373.334424,2826601665,2826602262,9209,597
5373.346442,2826605638,2826606233,11811,595
5373.358470,2826609610,2826610213,12068,603
5373.370492,2826613487,2826614078,9255,591
5373.382510,2826617277,2826617877,8854,600
5373.394547,2826621090,2826621668,9223,578
5373.406559,2826624896,2826625497,9268,601
5373.418577,2826628710,2826629289,8842,579
5373.430614,2826632513,2826633090,9180,577
5373.442629,2826636353,2826636950,9275,597
5373.454647,2826640131,2826640729,8914,598
5373.466682,2826643966,2826644548,9212,582
5373.478698,2826647951,2826648554,12037,603
5373.490718,2826651919,2826652517,11987,598
5373.502747,2826655722,2826656325,9197,603
5373.514764,2826659579,2826660175,9223,596
5373.526782,2826663358,2826663958,8887,600
5373.538818,2826667191,2826667793,9227,602
5373.550835,2826671055,2826671652,9304,597
5373.562859,2826675010,2826675605,11882,595
5373.574882,2826678954,2826679551,12066,597
5373.586899,2826682789,2826683363,9105,574
5373.598917,2826686583,2826687178,8819,595
5373.610953,2826690434,2826691037,9263,603
5373.622967,2826694279,2826694885,9238,606
5373.634998,2826698069,2826698663,8990,594
5373.647027,2826701927,2826702504,9222,577
5373.659040,2826705855,2826706463,9207,608
5373.671064,2826709900,2826710503,11843,603
5373.683090,2826713956,2826714554,12069,598
5373.695108,2826717978,2826718574,12079,596
5373.707129,2826722038,2826722638,11859,600
5373.719159,2826725995,2826726598,12085,603
5373.731175,2826729951,2826730552,12052,601
5373.743196,2826733860,2826734454,8893,594
5373.755230,2826737816,2826738393,11962,577
5373.767243,2826741763,2826742358,12077,595
5373.779266,2826745701,2826746295,11849,594
5373.791297,2826749662,2826750238,11968,576
5373.803313,2826753597,2826754192,12082,595
5373.815334,2826757512,2826758106,11844,594
5373.827364,2826761459,2826762036,11964,577
5373.837882,2826764807,2826765408,9016,601
5373.849910,2826768634,2826769211,9240,577
5373.861924,2826772496,2826773092,12021,596
5373.873944,2826776358,2826776963,11801,605
5373.885979,2826780170,2826780772,9185,602
5373.897997,2826784042,2826784645,9306,603
5373.910012,2826787835,2826788429,8864,594
5373.922048,2826791686,2826792268,9211,582
5373.934062,2826795512,2826796113,9055,601
5373.946081,2826799443,2826800038,11816,595
5373.958112,2826803380,2826803956,11961,576
5373.970133,2826807230,2826807832,9284,602
5373.982160,2826811053,2826811653,8930,600
5373.994189,2826814905,2826815487,9245,582
5374.006203,2826818743,2826819346,9215,603
5374.018218,2826822532,2826823111,8801,579
5374.030255,2826826309,2826826891,9171,582
5374.042271,2826830159,2826830757,9254,598
5374.054286,2826833968,2826834567,8858,599
5374.066321,2826837807,2826838384,9207,577
5374.078336,2826841770,2826842372,12030,602
5374.090355,2826845762,2826846356,11805,594
5374.102386,2826849565,2826850163,9218,598
5374.114407,2826853431,2826854028,9265,597
5374.126425,2826857227,2826857822,8812,595
5374.138460,2826861069,2826861672,9283,603
5374.150477,2826864936,2826865533,9278,597
5374.162496,2826868894,2826869489,11837,595
5374.174523,2826872872,2826873470,12070,598
5374.186545,2826876744,2826877341,9222,597
5374.198560,2826881035,2826881629,8880,594
5374.254171,2826898291,2826898895,12080,604
5374.278226,2826905941,2826906518,12007,577
5374.290242,2826909895,2826910498,12077,603
5374.302257,2826913709,2826914304,8849,595
5374.314295,2826917529,2826918106,9201,577
5374.326310,2826921366,2826921947,9259,581
5374.338326,2826925172,2826925778,8879,606
5374.350364,2826929177,2826929759,9194,582
5374.362377,2826933168,2826933771,12017,603
5374.374399,2826937153,2826937751,11974,598
5374.386432,2826940991,2826941588,9168,597
5374.398445,2826944831,2826945432,9254,601
5374.410463,2826948630,2826949225,8879,595
5374.422495,2826952455,2826953058,9210,603
5374.433010,2826955888,2826956491,11991,603
5374.443530,2826959377,2826959978,12055,601
5374.454059,2826962754,2826963335,9220,581
5374.464570,2826966156,2826966759,11986,603
5374.475092,2826969559,2826970157,9252,598
5374.487114,2826973614,2826974213,11817,599
5374.499140,2826977614,2826978191,11979,577
5374.511158,2826981579,2826982180,12054,601
5374.523183,2826985526,2826986126,11845,600
5374.535211,2826989529,2826990132,12077,603
5374.545720,2826992996,2826993590,8808,594
5374.578786,2827003360,2827003955,12025,595
5374.694507,2827038812,2827039412,11991,600
5374.706535,2827042821,2827043424,12073,603
5374.718557,2827046666,2827047268,9283,602
5374.730580,2827050479,2827051087,9015,608
5374.742604,2827054324,2827054922,9214,598
5374.754625,2827058209,2827058817,9264,608
5374.766640,2827062022,2827062623,8856,601
5374.778676,2827066016,2827066613,12123,597
5374.790691,2827070000,2827070600,12055,600
5374.802709,2827073803,2827074397,8901,594
5374.814741,2827077628,2827078231,9216,603
5374.826760,2827081499,2827082097,9062,598
5374.838779,2827085311,2827085906,8880,595
5374.850817,2827089127,2827089709,9249,582
5374.862830,2827092971,2827093562,9297,591
5374.874856,2827096769,2827097369,8995,600
5374.886877,2827100600,2827101206,9190,606
5374.898901,2827104617,2827105214,12044,597
5374.910920,2827108569,2827109164,11840,595
5374.922950,2827112566,2827113164,12090,598
5374.934964,2827116393,2827116994,9229,601
5374.946982,2827120188,2827120783,8872,595
5374.959018,2827124020,2827124618,9262,598
5374.971035,2827128029,2827128635,12079,606
5374.983056,2827132060,2827132655,11839,595
5374.995087,2827136145,2827136721,11953,576
5375.007103,2827140174,2827140775,12123,601
5375.019124,2827144226,2827144814,11842,588
5375.031157,2827148265,2827148841,11982,576
5375.043170,2827152211,2827152812,12072,601
5375.055196,2827156154,2827156749,11841,595
5375.067224,2827160147,2827160748,12081,601
5375.079241,2827163996,2827164599,9237,603
5375.091255,2827167805,2827168410,8869,605
5375.103293,2827171758,2827172365,12085,607
5375.115307,2827175742,2827176338,12052,596
5375.127335,2827179689,2827180292,12026,603
5375.139360,2827183669,2827184272,12090,603
5375.149870,2827187064,2827187658,8845,594
5375.170922,2827193757,2827194334,9178,577
5375.182939,2827197599,2827198202,9241,603
5375.194960,2827201568,2827202163,11837,595
5375.206988,2827205534,2827206116,11982,582
5375.219007,2827209496,2827210090,12090,594
5375.231029,2827213488,2827214089,11813,601
5375.243059,2827217476,2827218079,12109,603
5375.255073,2827221554,2827222155,12047,601
5375.267100,2827225577,2827226173,11824,596
5375.279129,2827229477,2827230059,9197,582
5375.291144,2827233417,2827234014,9300,597
5375.303166,2827237347,2827237951,11843,604
5375.315194,2827241352,2827241928,11936,576
5375.327215,2827245301,2827245904,12084,603
5375.339235,2827249243,2827249838,11842,595
5375.351264,2827253192,2827253769,11965,577
5375.363280,2827257144,2827257739,12081,595
5375.375306,2827261233,2827261836,12003,603
5375.387334,2827265221,2827265797,11973,576
5375.399348,2827269155,2827269756,12133,601
5375.409876,2827272530,2827273107,9205,577
5375.421891,2827276316,2827276912,9051,596
5375.433910,2827280150,2827280750,8869,600
5375.445948,2827283960,2827284536,9229,576
5375.457963,2827287786,2827288383,9293,597
5375.469990,2827291622,2827292231,8915,609
5375.482015,2827295490,2827296072,9193,582
5375.494029,2827299347,2827299944,12018,597
5375.506051,2827303203,2827303801,11976,598
5375.518083,2827307014,2827307591,9263,577
5375.530101,2827310857,2827311460,9258,603
5375.542116,2827314694,2827315294,8818,600
5375.554154,2827318504,2827319082,9215,578
5375.566168,2827322338,2827322935,9251,597
5375.578188,2827326277,2827326875,11989,598
5375.588332,2827330354,2827330952,12060,598
5375.654830,2827350315,2827350915,8836,600
5375.666861,2827354169,2827354777,9182,608
5375.678880,2827358034,2827358632,9263,598
5375.690898,2827361826,2827362426,8868,600
5375.702935,2827366309,2827366915,12065,606
5375.714950,2827370188,2827370785,9249,597
5375.726972,2827374158,2827374748,11877,590
5375.739002,2827378174,2827378777,12097,603
5375.751017,2827382165,2827382761,12091,596
5375.763040,2827386141,2827386742,11821,601
5375.775070,2827390204,2827390807,12080,603
5375.787090,2827394319,2827394922,9272,603
5375.799109,2827398424,2827399020,11866,596
5375.811138,2827402464,2827403046,11941,582
5375.823156,2827406452,2827407055,12042,603
5375.835178,2827410392,2827410986,11840,594
5375.847207,2827414387,2827414985,12103,598
5375.859223,2827418351,2827418947,12081,596
5375.871248,2827422288,2827422891,12007,603
5375.883279,2827426305,2827426882,11968,577
5375.895291,2827430260,2827430856,12050,596
5375.941885,2827444796,2827445372,11944,576
5375.953903,2827448590,2827449190,9196,600
5375.965929,2827452453,2827453057,8904,604
5375.977958,2827456306,2827456888,9178,582
5375.989972,2827460196,2827460799,9235,603
5376.001989,2827464068,2827464656,8796,588
5376.014026,2827467902,2827468484,9219,582
5376.026044,2827471752,2827472328,9286,576
5376.038059,2827475534,2827476134,8801,600
5376.050094,2827479391,2827479973,9185,582
5376.062111,2827483224,2827483816,9236,592
5376.074129,2827487078,2827487684,8816,606
5376.086168,2827491106,2827491682,9238,576
5376.098182,2827494938,2827495541,9232,603
5376.110198,2827498928,2827499523,11808,595
5376.120724,2827502502,2827503104,12044,602
5376.143263,2827509843,2827510449,12078,606
5376.155286,2827513831,2827514431,11821,600
5376.167316,2827517883,2827518485,12096,602
5376.179329,2827521922,2827522522,12048,600
5376.189866,2827525306,2827525738,7470,432
5376.201878,2827529069,2827529680,9287,611
5376.213904,2827532952,2827533553,8927,601
5376.225933,2827536831,2827537407,9218,576
5376.237942,2827540632,2827541235,9285,603
5376.251467,2827545094,2827545691,12041,597
5376.261997,2827548463,2827549046,9192,583
5376.274016,2827552303,2827552900,9248,597
5376.286028,2827556132,2827556730,8843,598
5376.302570,2827561361,2827561962,9163,601
5376.314589,2827565236,2827565833,9094,597
5376.326612,2827569230,2827569831,11814,601
5376.338638,2827573220,2827573828,12121,608
5376.350659,2827577101,2827577697,9240,596
5376.362685,2827581044,2827581645,11882,601
5376.374709,2827584905,2827585513,9172,608
5376.386729,2827588795,2827589404,9267,609
5376.398750,2827592692,2827593295,8953,603
5376.410775,2827596771,2827597373,12075,602
5376.422796,2827600639,2827601236,9259,597
5376.433322,2827604149,2827604755,12098,606
5376.454355,2827610913,2827611515,12042,602
5376.466382,2827614772,2827615380,8974,608
5376.478410,2827618619,2827619180,9239,561
5376.490427,2827622443,2827623046,9263,603
5376.502441,2827626244,2827626853,8842,609
5376.514478,2827630105,2827630708,9231,603
5376.526495,2827634129,2827634731,12039,602
5376.538513,2827638105,2827638708,11985,603
5376.550541,2827641934,2827642536,9208,602
5376.562560,2827645960,2827646563,11988,603
5376.574579,2827649799,2827650394,8842,595
5376.586618,2827653636,2827654219,9181,583
5376.598629,2827657455,2827658045,9269,590
5376.610655,2827661290,2827661885,8960,595
5376.622684,2827665124,2827665700,9233,576
5376.634702,2827669105,2827669701,12072,596
5376.646716,2827672915,2827673516,8856,601
5376.658753,2827676759,2827677342,9215,583
5376.670769,2827680607,2827681205,9198,598
5376.682784,2827684395,2827684995,8846,600
5376.694818,2827688200,2827688798,9187,598
5376.706835,2827692074,2827692672,9272,598
5376.718851,2827695898,2827696497,8901,599
5376.730887,2827699751,2827700333,9251,582
5376.742904,2827703623,2827704221,9233,598
5376.754926,2827707577,2827708179,11975,602
5376.765451,2827711011,2827711464,7385,453
5376.777471,2827714737,2827715340,8981,603
5376.803024,2827722868,2827723471,12098,603
5376.815043,2827726960,2827727568,12047,608
5376.827059,2827730942,2827731543,8893,601
5376.839093,2827734924,2827735527,9232,603
5376.851110,2827738933,2827739521,12095,588
5376.863134,2827742871,2827743474,12007,603
5376.875163,2827746876,2827747479,12120,603
5376.887178,2827750890,2827751495,12093,605
5376.899202,2827754848,2827755449,11822,601
5376.911228,2827758717,2827759325,9254,608
5376.923246,2827762591,2827763189,9278,598
5376.935270,2827766517,2827767114,11841,597
5376.947297,2827770506,2827771088,11939,582
5376.959310,2827774463,2827775059,11986,596
5376.971337,2827778444,2827779042,12010,598
5376.981862,2827781854,2827782457,9273,603
5376.993877,2827785695,2827786289,8856,594
5377.005915,2827789511,2827790093,9202,582
5377.017929,2827793389,2827794000,9255,611
5377.029947,2827797264,2827797859,8806,595
5377.041982,2827801141,2827801723,11970,582
5377.053999,2827804984,2827805586,9284,602
5377.066014,2827808847,2827809448,8884,601
5377.078052,2827812696,2827813278,9230,582
5377.090066,2827816545,2827817148,9247,603
5377.102084,2827820366,2827820971,8859,605
5377.114122,2827824252,2827824834,9197,582
5377.126133,2827828235,2827828838,12018,603
5377.138154,2827832175,2827832777,11977,602
5377.150187,2827836129,2827836706,11995,577
5377.162205,2827839989,2827840592,9225,603
5377.174219,2827843823,2827844418,8849,595
5377.186257,2827847635,2827848219,9247,584
5377.198272,2827851500,2827852097,9227,597
5377.210294,2827855815,2827856418,8978,603
5377.222326,2827859776,2827860359,9224,583
5377.234341,2827863641,2827864247,9280,606
5377.246357,2827867650,2827868245,11816,595
5377.258390,2827871532,2827872134,9227,602
5377.277918,2827877728,2827878322,11810,594
5377.289953,2827881566,2827882142,9225,576
5377.301967,2827885388,2827885990,9269,602
5377.313988,2827889255,2827889851,8884,596
5377.326018,2827893122,2827893705,11954,583
5377.338037,2827897002,2827897605,12060,603
5377.350056,2827900865,2827901460,8883,595
5377.362094,2827904744,2827905325,9235,581
5377.374105,2827908571,2827909172,9236,601
5377.386121,2827912388,2827912984,8819,596
5377.398158,2827916228,2827916789,9241,561
5377.410175,2827920063,2827920660,9261,597
5377.422195,2827924184,2827924787,11987,603
5377.434227,2827928049,2827928608,9189,559
5377.446243,2827931874,2827932472,9239,598
5377.458265,2827935836,2827936434,11980,598
5377.470292,2827939664,2827940267,9237,603
5377.482314,2827943542,2827944145,9252,603
5377.494327,2827947337,2827947938,8857,601
5377.506364,2827951195,2827951798,9219,603
5377.518382,2827955067,2827955668,9261,601
5377.530396,2827958903,2827959504,8865,601
5377.542430,2827962906,2827963484,11988,578
5377.554448,2827966905,2827967508,12002,603
5377.566464,2827970733,2827971328,8864,595
5377.578496,2827974578,2827975186,9223,608
5377.590517,2827978454,2827979057,9232,603
5377.602545,2827982260,2827982862,8930,602
5377.614567,2827986109,2827986707,9225,598
5377.626587,2827989999,2827990596,9295,597
5377.638609,2827993827,2827994430,8940,603
5377.650634,2827997678,2827998289,9196,611
5377.662655,2828001554,2828002157,9243,603
5377.674675,2828005504,2828006104,11838,600
5377.686703,2828009338,2828009941,9169,603
5377.698720,2828013203,2828013805,9223,602
5377.710739,2828017043,2828017644,8866,601
5377.722774,2828020872,2828021449,9196,577
5377.734792,2828024708,2828025315,9291,607
5377.746810,2828028518,2828029119,8881,601
5377.758846,2828032530,2828033107,11979,577
5377.770858,2828036504,2828037105,12058,601
5377.782875,2828040304,2828040905,8870,601
5377.794910,2828044172,2828044755,9230,583
5377.806927,2828048008,2828048611,9233,603
5377.818945,2828051824,2828052426,8836,602
5377.830980,2828055694,2828056276,9198,582
5377.842997,2828059557,2828060160,9278,603
5377.855020,2828063420,2828064018,8921,598
5377.867051,2828067513,2828068073,11992,560
5377.879065,2828071587,2828072188,12083,601
5377.891088,2828075602,2828076198,11847,596
5377.903114,2828079676,2828080279,12081,603
5377.915132,2828083694,2828084295,12069,601
5377.927149,2828087501,2828088096,8881,595
5377.939187,2828091331,2828091908,9241,577
5377.951201,2828095291,2828095890,11986,599
5377.963225,2828099259,2828099860,11847,601
5377.975254,2828103213,2828103790,11967,577
5377.987271,2828107225,2828107825,12083,600
5377.999299,2828111162,2828111763,11883,601
5378.011322,2828115129,2828115712,11987,583
5378.023342,2828119126,2828119728,12040,602
5378.033873,2828122635,2828123070,7469,435
5378.045884,2828126313,2828126916,9265,603
5378.057908,2828130175,2828130621,7531,446
5378.069931,2828133923,2828134531,12064,608
5378.081951,2828137778,2828138381,9236,603
5378.093969,2828141634,2828142235,8850,601
5378.106007,2828145482,2828146060,9215,578
5378.118022,2828149353,2828149955,9271,602
5378.130038,2828153181,2828153781,8839,600
5378.142073,2828157082,2828157665,11992,583
5378.182645,2828169873,2828170476,12084,603
5378.194666,2828173759,2828174365,9267,606
5378.206683,2828177619,2828178214,8866,595
5378.218718,2828181471,2828182049,9196,578
5378.230735,2828185327,2828185935,9316,608
5378.242751,2828189181,2828189782,8869,601
5378.254786,2828193190,2828193793,12084,603
5378.314890,2828211941,2828212541,11843,600
5378.326919,2828215793,2828216396,9236,603
5378.338940,2828219671,2828220269,9259,598
5378.350963,2828223501,2828224103,8999,602
5378.362988,2828227348,2828227951,9211,603
5378.375008,2828231330,2828231931,12093,601
5378.387027,2828236543,2828237664,15153,1121
5378.399056,2828246973,2828248100,16353,1127
5378.411077,2828257867,2828259000,16343,1133
5378.423096,2828268852,2828269991,16250,1139
5378.435126,2828279877,2828281023,16357,1146
5378.447144,2828291029,2828292169,16266,1140
5378.456334,2828299329,2828300471,16358,1142
5378.468181,2828308049,2828309201,16258,1152
5378.478704,2828316675,2828317820,16352,1145
5378.488333,2828325226,2828326371,16358,1145
5378.499742,2828333470,2828334604,16272,1134
5378.508330,2828342222,2828343367,16352,1145
5378.520349,2828350644,2828351788,16362,1144
5378.531301,2828359244,2828360387,16260,1143
5378.540331,2828367880,2828369026,16344,1146
5378.552333,2828376530,2828377676,16342,1146
5378.562862,2828385152,2828386289,16251,1137
5378.572332,2828393584,2828394724,16356,1140
5378.583908,2828402197,2828403340,16363,1143
5378.594430,2828410627,2828411773,16319,1146
5378.604334,2828419224,2828420381,16349,1157
5378.615467,2828427685,2828428841,16235,1156
5378.624333,2828436268,2828437419,16256,1151
5378.636332,2828444959,2828446110,16055,1151
5378.647031,2828453623,2828454776,16370,1153
5378.656331,2828462039,2828463190,16287,1151
5378.668064,2828470440,2828471597,16341,1157
5378.678590,2828478762,2828479919,16369,1157
5378.688334,2828487066,2828488210,16236,1144
5378.699627,2828495399,2828496544,16373,1145
5378.710151,2828504046,2828505193,16373,1147
5378.720335,2828513258,2828514403,16245,1145
5378.731186,2828522662,2828523808,16333,1146
5378.743212,2828533453,2828534599,16318,1146
5378.755236,2828544274,2828545419,16370,1145
5378.764331,2828553550,2828554690,16246,1140
5378.776269,2828563077,2828564218,16347,1141
5378.786797,2828572295,2828573446,16373,1151
5378.796332,2828581912,2828583058,16231,1146
5378.807830,2828591111,2828592257,16347,1146
5378.818356,2828600638,2828601784,16357,1146
5378.830375,2828611682,2828612828,16362,1146
5378.840332,2828621166,2828622313,16381,1147
5378.851412,2828630872,2828632020,16254,1148
5378.860335,2828640159,2828641311,16361,1152
5378.872331,2828648583,2828649729,16373,1146
5378.882971,2828656843,2828657987,16246,1144
5378.892330,2828665194,2828666345,16266,1151
5378.904019,2828673650,2828674801,16380,1151
5378.914532,2828681872,2828683018,16242,1146
5378.924328,2828690244,2828691385,16337,1141
5378.935577,2828698484,2828699629,16377,1145
5378.944328,2828706717,2828707864,16262,1147
5378.956328,2828715114,2828716256,16357,1142
5378.967139,2828723349,2828724504,16376,1155
5378.976332,2828731896,2828733042,16222,1146
5378.988172,2828740121,2828741267,16355,1146
5378.998697,2828748337,2828749478,16335,1141
5379.008332,2828756597,2828757743,16230,1146
5379.019732,2828764799,2828765945,16354,1146
5379.028334,2828773051,2828774197,16379,1146
5379.040334,2828781253,2828782399,16319,1146
5379.051294,2828789486,2828790634,16372,1148
5379.060335,2828797715,2828798860,16373,1145
5379.072331,2828806092,2828807238,16239,1146
5379.082853,2828814507,2828815652,16352,1145
5379.092334,2828822854,2828824000,16389,1146
5379.103890,2828831081,2828832227,16236,1146
5379.114414,2828839599,2828840735,16358,1136
5379.124327,2828847830,2828848976,16375,1146
5379.135451,2828856058,2828857204,16236,1146
5379.144332,2828864302,2828865448,16327,1146
5379.156328,2828872522,2828873668,16358,1146
5379.167013,2828880773,2828881914,16274,1141
5379.176329,2828889122,2828890268,16344,1146
5379.188055,2828897384,2828898530,16361,1146
5379.198574,2828905617,2828906763,16276,1146
5379.208327,2828913954,2828915100,16358,1146
5379.219619,2828922171,2828923308,16366,1137
5379.228327,2828930471,2828931617,16236,1146
5379.240336,2828938749,2828939894,16261,1145
5379.251178,2828946981,2828948125,16375,1144
5379.260334,2828955317,2828956465,16243,1148
5379.272212,2828963582,2828964728,16348,1146
5379.282738,2828971894,2828973042,16362,1148
5379.292333,2828980307,2828981449,16243,1142
5379.303773,2828988518,2828989664,16357,1146
5379.312334,2828996758,2828997895,16368,1137
5379.324328,2829005129,2829006280,16246,1151
5379.335333,2829013401,2829014544,16354,1143
5379.344327,2829021693,2829022839,16375,1146
5379.356329,2829030096,2829031242,16258,1146
5379.366894,2829038542,2829039691,16348,1149
5379.376329,2829046929,2829048070,16359,1141
5379.387937,2829055148,2829056294,16319,1146
5379.398454,2829063412,2829064558,16358,1146
5379.408330,2829071740,2829072880,16379,1140
5379.419492,2829080047,2829081193,16246,1146
5379.428335,2829088302,2829089448,16375,1146
5379.440327,2829096543,2829097690,16386,1147
5379.451051,2829104908,2829106054,16260,1146
5379.460330,2829113427,2829114573,16369,1146
5379.472097,2829121691,2829122838,16373,1147
5379.482611,2829130177,2829131326,16239,1149
5379.492330,2829138467,2829139613,16356,1146
5379.503658,2829146693,2829147835,16374,1142
5379.512327,2829154917,2829156063,16241,1146
5379.524330,2829163177,2829164319,16355,1142
5379.535218,2829171421,2829172563,16381,1142
5379.544336,2829179701,2829180844,16244,1143
5379.556252,2829187917,2829189063,16353,1146
5379.566778,2829196226,2829197375,16378,1149
5379.576335,2829204649,2829205791,16210,1142
5379.587812,2829213130,2829214277,16255,1147
5379.598341,2829221651,2829222797,16394,1146
5379.608329,2829230007,2829231148,16238,1141
5379.619373,2829238294,2829239440,16359,1146
5379.628327,2829246590,2829247736,16366,1146
5379.640334,2829254892,2829256038,16237,1146
5379.650934,2829263320,2829264466,16355,1146
5379.660334,2829271598,2829272746,16440,1148
5379.671972,2829280089,2829281232,16235,1143
5379.682494,2829288493,2829289642,16351,1149
5379.692331,2829296976,2829298123,16368,1147
5379.703532,2829305327,2829306474,16239,1147
5379.712329,2829313541,2829314687,16356,1146
5379.724328,2829321769,2829322921,16379,1152
5379.735098,2829330083,2829331229,16315,1146
5379.744331,2829338585,2829339736,16357,1151
5379.756137,2829346896,2829348042,16376,1146
5379.766651,2829355318,2829356464,16237,1146
5379.776332,2829363839,2829364985,16357,1146
5379.787696,2829372323,2829373468,16379,1145
5379.796326,2829380916,2829382057,16235,1141
5379.808331,2829389367,2829390513,16352,1146
5379.819258,2829397579,2829398730,16376,1151
5379.828332,2829406014,2829407161,16230,1147
5379.840294,2829414232,2829415378,16373,1146
5379.850819,2829422578,2829423724,16382,1146
5379.860331,2829430968,2829432114,16241,1146
5379.871855,2829439218,2829440369,16362,1151
5379.882379,2829447445,2829448588,16375,1143
5379.892330,2829455815,2829456972,16240,1157
5379.903413,2829464263,2829465408,16360,1145
5379.912333,2829472525,2829473670,16378,1145
5379.924333,2829480847,2829481994,16238,1147
5379.934973,2829489166,2829490317,16262,1151
5379.944333,2829497479,2829498625,16378,1146
5379.956012,2829505887,2829507038,16241,1151
5379.966534,2829514437,2829515588,16402,1151
5379.976331,2829522850,2829523997,16379,1147
5379.987570,2829531243,2829532389,16258,1146
5379.996332,2829539755,2829540890,16356,1135
5380.008333,2829548201,2829549352,16372,1151
5380.019131,2829556690,2829557836,16247,1146
5380.028332,2829565359,2829566501,16358,1142
5380.040178,2829573893,2829575044,16362,1151
5380.050692,2829582392,2829583549,16236,1157
5380.060328,2829590701,2829591847,16356,1146
5380.071737,2829599122,2829600269,16427,1147
5380.080327,2829607426,2829608580,16323,1154
5380.092331,2829615741,2829616893,16349,1152
5380.103298,2829624202,2829625355,16376,1153
5380.112328,2829632562,2829633714,16237,1152
5380.124331,2829640907,2829642054,16360,1147
5380.134857,2829649248,2829650394,16369,1146
5380.144332,2829657544,2829658696,16273,1152
5380.155893,2829665962,2829667119,16348,1157
5380.166419,2829674508,2829675659,16376,1151
5380.176327,2829682963,2829684115,16239,1152
5380.187457,2829691193,2829692339,16346,1146
5380.196328,2829699644,2829700790,16363,1146
5380.208335,2829707966,2829709111,16240,1145
5380.219014,2829716541,2829717692,16355,1151
5380.228327,2829724943,2829726094,16368,1151
5380.240050,2829733427,2829734574,16239,1147
5380.250575,2829741890,2829743028,16355,1138
5380.260329,2829750644,2829751796,16365,1152
5380.271613,2829759252,2829760398,16323,1146
5380.280329,2829767691,2829768845,16272,1154
5380.292330,2829775930,2829777077,16451,1147
5380.303171,2829784231,2829785378,16255,1147
5380.312327,2829792533,2829793685,16441,1152
5380.324218,2829800795,2829801936,16396,1141
5380.334731,2829809058,2829810204,16332,1146
5380.344330,2829817325,2829818467,16359,1142
5380.355779,2829825615,2829826767,16463,1152
5380.366294,2829834117,2829835272,16256,1155
5380.378323,2829844976,2829846127,16398,1151
5380.388332,2829854661,2829855840,16289,1179
5380.399358,2829864221,2829865382,16392,1161
5380.409883,2829874073,2829875255,16460,1182
5380.421901,2829885256,2829886418,16433,1162
5380.432331,2829894622,2829895785,16427,1163
5380.442938,2829903261,2829904418,16327,1157
5380.452333,2829911702,2829912859,16355,1157
5380.463986,2829920211,2829921358,16378,1147
5380.475995,2829929862,2829931008,16309,1146
5380.486528,2829938363,2829939510,16365,1147
5380.496335,2829946890,2829948033,16243,1143
5380.507562,2829955426,2829956573,16350,1147
5380.516331,2829963834,2829964981,16375,1147
5380.528336,2829972252,2829973399,16307,1147
5380.539123,2829980707,2829981859,16351,1152
5380.548331,2829989363,2829990515,16371,1152
5380.560160,2829997839,2829998991,16240,1152
5380.570683,2830006189,2830007336,16358,1147
5380.580331,2830014533,2830015684,16374,1151
5380.591719,2830022868,2830024015,16240,1147
5380.600335,2830031358,2830032504,16360,1146
5380.612328,2830039744,2830040891,16373,1147
5380.623280,2830048176,2830049328,16240,1152
5380.632327,2830056774,2830057921,16370,1147
5380.644326,2830065329,2830066476,16377,1147
5380.654840,2830073790,2830074941,16243,1151
5380.664327,2830082345,2830083501,16355,1156
5380.675889,2830090890,2830092037,16375,1147
5380.686402,2830099349,2830100501,16235,1152
5380.696333,2830107859,2830109005,16354,1146
5380.707448,2830116351,2830117498,16375,1147
5380.716331,2830124846,2830125993,16233,1147
5380.728334,2830133364,2830134521,16258,1157
5380.739008,2830141988,2830143135,16377,1147
5380.748327,2830150453,2830151607,16237,1154
5380.760042,2830158856,2830160003,16356,1147
5380.770568,2830167269,2830168416,16376,1147
5380.780333,2830175660,2830176800,16254,1140
5380.791602,2830183960,2830185102,16348,1142
5380.800331,2830192222,2830193368,16378,1146
5380.812333,2830200672,2830201819,16231,1147
5380.823164,2830209083,2830210230,16355,1147
5380.832330,2830217577,2830218724,16362,1147
5380.844200,2830226055,2830227207,16240,1152
5380.854724,2830234543,2830235690,16360,1147
5380.864329,2830242900,2830244050,16377,1150
5380.875766,2830251218,2830252369,16320,1151
5380.884332,2830259760,2830260907,16278,1147
5380.896332,2830268278,2830269430,16377,1152
5380.907321,2830276576,2830277722,16232,1146
5380.916332,2830284969,2830286116,16357,1147
5380.928330,2830293464,2830294616,16377,1152
5380.938880,2830301964,2830303111,16245,1147
5380.948329,2830310276,2830311428,16351,1152
5380.959927,2830318753,2830319900,16378,1147
5380.970441,2830327221,2830328368,16237,1147
5380.980330,2830335544,2830336693,16369,1149
5380.991488,2830343942,2830345092,16377,1150
5381.000327,2830352582,2830353729,16242,1147
5381.012332,2830361135,2830362287,16352,1152
5381.023049,2830369640,2830370791,16383,1151
5381.032333,2830378384,2830379536,16238,1152
5381.044082,2830387060,2830388207,16355,1147
5381.054608,2830395870,2830397022,16377,1152
5381.064334,2830404515,2830405665,16241,1150
5381.075643,2830412954,2830414106,16261,1152
5381.084326,2830421480,2830422637,16384,1157
5381.096332,2830429922,2830431064,16246,1142
5381.107203,2830438439,2830439586,16355,1147
5381.116329,2830447021,2830448173,16377,1152
5381.128239,2830455674,2830456821,16257,1147
5381.138765,2830464405,2830465552,16358,1147
5381.148329,2830472928,2830474086,16378,1158
5381.159799,2830481444,2830482591,16237,1147
5381.168331,2830489942,2830491089,16354,1147
5381.180328,2830498463,2830499624,16363,1161
5381.191360,2830507126,2830508273,16237,1147
5381.200327,2830515541,2830516692,16379,1151
5381.212329,2830524058,2830525220,16324,1162
5381.222926,2830532400,2830533552,16317,1152
5381.232330,2830540940,2830542097,16387,1157
5381.243965,2830549459,2830550615,16325,1156
5381.254481,2830557864,2830559026,16255,1162
5381.264330,2830566363,2830567519,16409,1156
5381.275528,2830574780,2830575927,16381,1147
5381.284329,2830583097,2830584250,16236,1153
5381.296334,2830591458,2830592605,16373,1147
5381.307089,2830599834,2830600981,16377,1147
5381.316333,2830608539,2830609691,16237,1152
5381.328123,2830617073,2830618220,16363,1147
5381.338648,2830625519,2830626666,16376,1147
5381.348328,2830634001,2830635145,16233,1144
5381.359683,2830642396,2830643542,16356,1146
5381.368329,2830650947,2830652095,16371,1148
5381.380335,2830659446,2830660602,16239,1156
5381.391243,2830667758,2830668904,16358,1146
5381.400335,2830676220,2830677367,16380,1147
5381.412279,2830684719,2830685871,16241,1152
5381.422802,2830693172,2830694319,16257,1147
5381.432331,2830701612,2830702769,16382,1157
5381.443840,2830710204,2830711360,16242,1156
5381.454364,2830718587,2830719733,16354,1146
5381.464336,2830727085,2830728231,16367,1146
5381.475400,2830735406,2830736564,16255,1158
5381.484328,2830743762,2830744909,16355,1147
5381.496330,2830752302,2830753449,16414,1147
5381.506960,2830760768,2830761914,16235,1146
5381.516334,2830769459,2830770612,16350,1153
5381.528007,2830778061,2830779208,16361,1147
5381.538521,2830786528,2830787675,16242,1147
5381.548328,2830795021,2830796170,16356,1149
5381.559568,2830803506,2830804653,16380,1147
5381.568330,2830811934,2830813087,16309,1153
5381.580330,2830820450,2830821600,16356,1150
5381.591128,2830828905,2830830063,16378,1158
5381.600329,2830837446,2830838595,16235,1149
5381.612162,2830846099,2830847246,16356,1147
5381.622687,2830854619,2830855766,16380,1147
5381.632328,2830863167,2830864315,16237,1148
5381.643723,2830871664,2830872812,16354,1148
5381.652327,2830880169,2830881327,16372,1158
5381.664329,2830888673,2830889829,16230,1156
5381.675285,2830897115,2830898273,16370,1158
5381.684327,2830905802,2830906955,16373,1153
5381.696319,2830914085,2830915237,16237,1152
5381.706845,2830922522,2830923669,16363,1147
5381.716333,2830930993,2830932149,16376,1156
5381.727882,2830939445,2830940592,16242,1147
5381.738405,2830947870,2830949018,16353,1148
5381.748327,2830956185,2830957344,16359,1159
5381.759442,2830964700,2830965851,16242,1151
5381.768331,2830973212,2830974359,16258,1147
5381.780331,2830981776,2830982931,16376,1155
5381.791001,2830990309,2830991461,16237,1152
5381.800329,2830998908,2831000055,16357,1147
5381.812047,2831007434,2831008587,16377,1153
5381.822561,2831015911,2831017063,16257,1152
5381.832330,2831024541,2831025693,16357,1152
5381.843608,2831033099,2831034257,16378,1158
5381.852335,2831041473,2831042625,16243,1152
5381.864330,2831049970,2831051127,16355,1157
5381.875169,2831058364,2831059511,16354,1147
5381.884330,2831066913,2831068066,16245,1153
5381.896203,2831075423,2831076581,16352,1158
5381.906729,2831083991,2831085149,16429,1158
5381.916336,2831092655,2831093807,16322,1152
5381.927763,2831101073,2831102219,16350,1146
5381.938291,2831109724,2831110878,16373,1154
5381.950307,2831120614,2831121800,16347,1186
5381.960332,2831130215,2831131406,16378,1191
5381.971343,2831139752,2831140937,16244,1185
5381.981868,2831149555,2831150749,16399,1194
5381.992332,2831159227,2831160409,16368,1182
5382.004331,2831170076,2831171239,16341,1163
5382.014935,2831178954,2831180115,16371,1161
5382.024335,2831187746,2831188903,16247,1157
5382.035969,2831196339,2831197493,16438,1154
5382.046497,2831204878,2831206025,16463,1147
5382.056328,2831213323,2831214499,16326,1176
5382.067527,2831221671,2831222824,16268,1153
5382.076335,2831230208,2831231391,16457,1183
5382.088332,2831238811,2831239964,16248,1153
5382.099089,2831247494,2831248647,16428,1153
5382.108327,2831256109,2831257272,16438,1163
5382.120126,2831264822,2831265969,16257,1147
5382.130650,2831273134,2831274285,16350,1151
5382.140328,2831281824,2831282977,16367,1153
5382.151686,2831290453,2831291601,16229,1148
5382.160328,2831299075,2831300228,16353,1153
5382.172333,2831307649,2831308812,16362,1163
5382.183247,2831316085,2831317241,16238,1156
5382.192330,2831324770,2831325947,16356,1177
5382.204293,2831333241,2831334392,16381,1151
5382.214815,2831341755,2831342913,16307,1158
5382.224331,2831350393,2831351546,16355,1153
5382.235855,2831358878,2831360026,16375,1148
5382.246369,2831367480,2831368655,16238,1175
5382.256331,2831375998,2831377155,16354,1157
5382.267414,2831384659,2831385812,16378,1153
5382.276334,2831393106,2831394289,16234,1183
5382.288328,2831401781,2831402934,16346,1153
5382.298977,2831410305,2831411463,16370,1158
5382.308328,2831419108,2831420256,16242,1148
5382.320011,2831427760,2831428908,16372,1148
5382.330535,2831436343,2831437524,16380,1181
5382.340336,2831444758,2831445909,16232,1151
5382.351571,2831453452,2831454599,16357,1147
5382.360330,2831461880,2831463058,16377,1178
5382.372335,2831470488,2831471646,16243,1158
5382.383129,2831479070,2831480223,16358,1153
5382.392327,2831487858,2831489042,16376,1184
5382.404166,2831496446,2831497604,16239,1158
5382.414688,2831505076,2831506260,16256,1184
5382.424332,2831513685,2831514843,16369,1158
5382.435727,2831522393,2831523545,16246,1152
5382.444331,2831530923,2831532098,16351,1175
5382.456336,2831539525,2831540678,16371,1153
5382.467286,2831548003,2831549151,16254,1148
5382.476328,2831556561,2831557744,16358,1183
5382.488333,2831565130,2831566313,16378,1183
5382.498849,2831573773,2831574926,16238,1153
5382.508329,2831582294,2831583472,16351,1178
5382.519896,2831590865,2831592018,16430,1153
5382.530407,2831599451,2831600627,16243,1176
5382.540333,2831607983,2831609135,16348,1152
5382.551454,2831616677,2831617825,16381,1148
5382.560327,2831625478,2831626661,16319,1183
5382.572330,2831634185,2831635366,16347,1181
5382.583015,2831642946,2831644099,16373,1153
5382.592332,2831651606,2831652783,16240,1177
5382.604050,2831660293,2831661450,16356,1157
5382.614575,2831668859,2831670017,16378,1158
5382.624335,2831677546,2831678730,16238,1184
5382.635610,2831686170,2831687328,16354,1158
5382.644336,2831694506,2831695673,16378,1167
5382.656334,2831703110,2831704298,16234,1188
5382.667172,2831711763,2831712946,16372,1183
5382.676337,2831720611,2831721774,16365,1163
5382.688208,2831729272,2831730424,16242,1152
5382.698730,2831737778,2831738926,16354,1148
5382.708333,2831746112,2831747260,16375,1148
5382.719767,2831754767,2831755920,16191,1153
5382.728330,2831763382,2831764535,16357,1153
5382.740333,2831771948,2831773106,16378,1158
5382.751327,2831780459,2831781617,16246,1158
5382.760336,2831789063,2831790215,16256,1152
5382.772329,2831797779,2831798966,16370,1187
5382.782889,2831806436,2831807618,16257,1182
5382.792326,2831815203,2831816386,16349,1183
5382.803934,2831824012,2831825174,16378,1162
5382.814447,2831832521,2831833704,16260,1183
5382.824333,2831841165,2831842342,16355,1177
5382.835496,2831849704,2831850856,16372,1152
5382.844327,2831858258,2831859423,16269,1165
5382.856329,2831866847,2831868010,16349,1163
5382.867055,2831875520,2831876677,16359,1157
5382.876329,2831884359,2831885537,16245,1178
5382.888091,2831892960,2831894113,16342,1153
5382.898615,2831901525,2831902689,16381,1164
5382.908327,2831910077,2831911235,16316,1158
5382.919649,2831918774,2831919923,16354,1149
5382.928333,2831927215,2831928372,16359,1157
5382.940331,2831935874,2831937062,16239,1188
5382.951210,2831944241,2831945399,16356,1158
5382.960330,2831952925,2831954103,16380,1178
5382.972249,2831961438,2831962625,16261,1187
5382.982770,2831970041,2831971219,16359,1178
5382.992328,2831978887,2831980040,16363,1153
5383.003807,2831987616,2831988799,16229,1183
5383.012327,2831996180,2831997334,16372,1154
5383.024328,2832004617,2832005804,16382,1187
5383.035367,2832013142,2832014325,16244,1183
5383.044328,2832021836,2832022998,16352,1162
5383.056329,2832030488,2832031665,16378,1177
5383.066928,2832039344,2832040502,16241,1158
5383.076328,2832048087,2832049274,16354,1187
5383.087974,2832056992,2832058153,16377,1161
5383.098489,2832065686,2832066873,16240,1187
5383.108331,2832074390,2832075569,16257,1179
5383.119535,2832083160,2832084318,16378,1158
5383.128328,2832091795,2832092952,16238,1157
5383.140330,2832100480,2832101673,16354,1193
5383.151095,2832109140,2832110299,16366,1159
5383.160334,2832118054,2832119236,16257,1182
5383.172130,2832126968,2832128130,16356,1162
5383.182655,2832135540,2832136693,16376,1153
5383.192334,2832144240,2832145426,16243,1186
5383.203691,2832153046,2832154221,16356,1175
5383.212330,2832161615,2832162774,16410,1159
5383.224334,2832169965,2832171147,16268,1182
5383.235249,2832178533,2832179686,16356,1153
5383.244333,2832187142,2832188302,16374,1160
5383.256295,2832195915,2832197098,16309,1183
5383.266810,2832204710,2832205892,16359,1182
5383.276331,2832213466,2832214622,16406,1156
5383.287846,2832222295,2832223443,16215,1148
5383.298371,2832231111,2832232274,16328,1163
5383.308331,2832239902,2832241079,16376,1177
5383.319408,2832248714,2832249896,16239,1182
5383.328328,2832257477,2832258668,16359,1191
5383.340331,2832266149,2832267297,16349,1148
5383.350970,2832274844,2832276031,16280,1187
5383.360333,2832283379,2832284552,16371,1173
5383.372013,2832292100,2832293257,16353,1157
5383.382530,2832300844,2832302026,16285,1182
5383.392329,2832309988,2832311180,16343,1192
5383.403574,2832318811,2832320004,16365,1193
5383.412330,2832327660,2832328843,16259,1183
5383.424332,2832336469,2832337651,16340,1182
5383.435133,2832345176,2832346362,16363,1186
5383.444331,2832354099,2832355283,16257,1184
5383.456168,2832362854,2832364031,16271,1177
5383.466694,2832371691,2832372875,16367,1184
5383.476328,2832380579,2832381766,16259,1187
5383.487729,2832389359,2832390546,16352,1187
5383.496332,2832398141,2832399325,16368,1184
5383.508327,2832407041,2832408229,16270,1188
5383.522294,2832419882,2832421075,16252,1193
5383.532333,2832429445,2832430632,16343,1187
5383.543340,2832439202,2832440384,16365,1182
5383.553863,2832449150,2832450343,16361,1193
5383.564331,2832458880,2832460071,16344,1191
5383.574901,2832468461,2832469648,16379,1187
5383.584333,2832478160,2832479351,16241,1191
5383.595935,2832486993,2832488182,16352,1189
5383.606460,2832496005,2832497187,16379,1182
5383.616334,2832504844,2832506021,16234,1177
5383.627496,2832513597,2832514784,16345,1187
5383.636328,2832522393,2832523576,16379,1183
5383.648331,2832531130,2832532311,16243,1181
5383.659057,2832539815,2832541006,16373,1191
5383.668330,2832548662,2832549844,16378,1182
5383.680093,2832557590,2832558775,16242,1185
5383.690617,2832566298,2832567475,16344,1177
5383.700329,2832575115,2832576302,16378,1187
5383.711655,2832583940,2832585127,16230,1187
5383.720327,2832592654,2832593842,16348,1188
5383.732330,2832601357,2832602539,16378,1182
5383.743213,2832609978,2832611131,16240,1153
5383.752328,2832618897,2832620084,16258,1187
5383.764260,2832627767,2832628958,16379,1191
5383.774774,2832636813,2832638000,16240,1187
5383.784329,2832646033,2832647230,16358,1197
5383.795822,2832655178,2832656338,16367,1160
5383.804328,2832664050,2832665227,16257,1177
5383.816332,2832672843,2832674030,16354,1187
5383.827380,2832681508,2832682690,16380,1182
5383.836327,2832690331,2832691524,16238,1193
5383.848334,2832699310,2832700497,16351,1187
5383.858942,2832708235,2832709422,16362,1187
5383.868327,2832717155,2832718332,16241,1177
5383.879975,2832726044,2832727232,16352,1188
5383.890502,2832734939,2832736121,16377,1182
5383.900330,2832743835,2832745018,16310,1183
5383.911537,2832752851,2832754027,16354,1176
5383.920330,2832761652,2832762840,16374,1188
5383.932335,2832770444,2832771622,16239,1178
5383.943092,2832779305,2832780466,16346,1161
5383.952327,2832788426,2832789613,16381,1187
5383.964132,2832797246,2832798434,16239,1188
5383.974657,2832806069,2832807256,16349,1187
5383.984335,2832814844,2832816031,16378,1187
5383.995695,2832823562,2832824748,16241,1186
5384.004330,2832832225,2832833406,16371,1181
5384.016328,2832841137,2832842330,16378,1193
5384.027253,2832850115,2832851297,16237,1182
5384.036332,2832858910,2832860096,16347,1186
5384.048300,2832867829,2832869016,16365,1187
5384.058813,2832876705,2832877891,16243,1186
5384.068329,2832885550,2832886743,16354,1193
5384.079860,2832894155,2832895343,16377,1188
5384.090374,2832902960,2832904118,16238,1158
5384.100333,2832911776,2832912969,16258,1193
5384.111421,2832920594,2832921780,16377,1186
5384.120333,2832929594,2832930772,16241,1178
5384.132330,2832938528,2832939721,16345,1193
5384.142982,2832947457,2832948644,16378,1187
5384.152330,2832956308,2832957500,16247,1192
5384.164015,2832965157,2832966319,16356,1162
5384.174542,2832974158,2832975321,16378,1163
5384.184327,2832983036,2832984229,16244,1193
5384.195576,2832991915,2832993101,16347,1186
5384.204327,2833000808,2833001996,16360,1188
5384.216331,2833009680,2833010866,16238,1186
5384.227136,2833018608,2833019785,16358,1177
5384.236328,2833027536,2833028729,16381,1193
5384.248180,2833036461,2833037647,16319,1186
5384.258696,2833045583,2833046774,16358,1191
5384.268326,2833054510,2833055692,16376,1182
5384.279733,2833063417,2833064610,16242,1193
5384.288331,2833072411,2833073597,16350,1186
5384.300335,2833081210,2833082392,16377,1182
5384.311293,2833090094,2833091245,16237,1151
5384.320331,2833099149,2833100328,16357,1179
5384.332334,2833108099,2833109282,16376,1183
5384.342854,2833116998,2833118191,16242,1193
5384.352327,2833125677,2833126856,16379,1179
5384.363901,2833134518,2833135706,16378,1188
5384.374415,2833143533,2833144720,16238,1187
5384.384331,2833152320,2833153506,16357,1186
5384.395460,2833161106,2833162292,16374,1186
5384.404332,2833170166,2833171340,16232,1174
5384.416327,2833179159,2833180345,16352,1186
5384.427022,2833188218,2833189401,16379,1183
5384.436334,2833197275,2833198468,16238,1193
5384.448055,2833205980,2833207159,16257,1179
5384.458582,2833214904,2833216092,16378,1188
5384.468327,2833223854,2833225037,16238,1183
5384.479616,2833232693,2833233876,16355,1183
5384.488328,2833241662,2833242851,16379,1189
5384.500328,2833250495,2833251683,16256,1188
5384.511178,2833259500,2833260691,16358,1191
5384.520327,2833268602,2833269789,16369,1187
5384.532213,2833277560,2833278747,16240,1187
5384.542737,2833286544,2833287732,16350,1188
5384.552331,2833295562,2833296750,16355,1188
5384.563774,2833304377,2833305565,16237,1188
5384.572327,2833313538,2833314726,16352,1188
5384.600332,2833328330,2833328942,12006,612
5384.611877,2833332272,2833332888,12097,616
5384.622394,2833339120,2833340268,16329,1148
5384.632334,2833347786,2833348965,16239,1179
5384.643431,2833356298,2833357450,16390,1152
5384.652334,2833364959,2833366118,16328,1159
5384.664329,2833373657,2833374809,16256,1152
5384.674993,2833382608,2833383794,16408,1186
5384.684328,2833391529,2833392721,16326,1192
5384.696024,2833400362,2833401554,16226,1192
5384.706552,2833409318,2833410506,16388,1188
5384.716330,2833418171,2833419353,16327,1182
5384.727585,2833427059,2833428240,16254,1181
5384.736328,2833436109,2833437297,16408,1188
5384.748328,2833444828,2833446016,16331,1188
5384.759147,2833453614,2833454798,16179,1184
5384.768331,2833462633,2833463821,16391,1188
5384.780191,2833471689,2833472870,16326,1181
5384.790706,2833480452,2833481639,16261,1187
5384.800333,2833489304,2833490492,16392,1188
5384.811753,2833498157,2833499348,16326,1191
5384.820333,2833507038,2833508221,16239,1183
5384.832328,2833515886,2833517079,16391,1193
5384.843311,2833524791,2833525979,16312,1188
5384.852328,2833533860,2833535052,16256,1192
5384.864336,2833542812,2833544000,16403,1188
5384.874874,2833551687,2833552880,16324,1193
5384.884328,2833560821,2833562004,16245,1183
5384.895911,2833569828,2833571021,16412,1193
5384.906432,2833578502,2833579690,16325,1188
5384.916334,2833587428,2833588614,16255,1186
5384.927473,2833596430,2833597609,16406,1179
5384.936327,2833605295,2833606488,16329,1193
5384.948332,2833614206,2833615399,16243,1193
5384.959032,2833623296,2833624479,16392,1183
5384.968335,2833632160,2833633353,16327,1193
5384.980066,2833641170,2833642357,16260,1187
5384.990593,2833650024,2833651212,16408,1188
5385.000327,2833658944,2833660132,16329,1188
5385.011625,2833667891,2833669078,16234,1187
5385.020327,2833676948,2833678130,16389,1182
5385.032336,2833685892,2833687077,16325,1185
5385.043184,2833694795,2833695977,16247,1182
5385.052334,2833703687,2833704873,16411,1186
5385.064232,2833712744,2833713907,16326,1163
5385.074746,2833721697,2833722880,16243,1183
5385.084329,2833730831,2833732019,16391,1188
5385.098801,2833739923,2833741031,15960,1108
5385.110814,2833749192,2833750298,15825,1106
5385.120332,2833757360,2833758468,16000,1108
5385.131860,2833765824,2833766937,15905,1113
5385.142375,2833774174,2833775282,15841,1108
5385.152331,2833782705,2833783808,15988,1103
5385.163423,2833791072,2833792187,15998,1115
5385.172332,2833798982,2833800096,15831,1114
5385.184332,2833806766,2833807880,15971,1114
5385.194980,2833814568,2833815675,15906,1107
5385.204327,2833822366,2833823471,15847,1105
5385.216023,2833830156,2833831261,15991,1105
5385.226542,2833837943,2833839046,15927,1103
5385.236334,2833845714,2833846819,15841,1105
5385.247581,2833853503,2833854616,16060,1113
5385.256334,2833861304,2833862411,15926,1107
5385.268335,2833869079,2833870182,15856,1103
5385.279141,2833876853,2833877961,15997,1108
5385.288330,2833884467,2833885575,15915,1108
5385.300173,2833892255,2833893358,15834,1103
5385.310701,2833900040,2833901148,15982,1108
5385.320334,2833907820,2833908928,15899,1108
5385.331734,2833915605,2833916718,15843,1113
5385.340328,2833923390,2833924498,16009,1108
5385.352334,2833931169,2833932268,15915,1099
5385.363293,2833938949,2833940052,15830,1103
5385.372329,2833946741,2833947848,15968,1107
5385.384331,2833954523,2833955631,15899,1108
5385.394854,2833962315,2833963423,15939,1108
5385.404328,2833970101,2833971204,16053,1103
5385.415900,2833977881,2833978989,15928,1108
5385.426414,2833985667,2833986775,15931,1108
5385.436328,2833993444,2833994557,16052,1113
5385.447459,2834001227,2834002331,16002,1104
5385.456328,2834009008,2834010122,15869,1114
5385.468328,2834016798,2834017906,15984,1108
5385.479020,2834024582,2834025682,15916,1100
5385.488327,2834032352,2834033461,15835,1109
5385.500058,2834040136,2834041243,15965,1107
5385.510580,2834047920,2834049031,15918,1111
5385.520332,2834055705,2834056818,15858,1113
5385.531622,2834063494,2834064603,15983,1109
5385.540332,2834071285,2834072394,15922,1109
5385.552333,2834079068,2834080172,15928,1104
5385.563179,2834086850,2834087955,15976,1105
5385.572331,2834094639,2834095742,15921,1103
5385.584215,2834102435,2834103540,15862,1105
5385.594740,2834110218,2834111320,15979,1102
5385.604328,2834118001,2834119110,16002,1109
5385.615773,2834125787,2834126890,15855,1103
5385.624335,2834133557,2834134670,16051,1113
5385.636330,2834141359,2834142461,15997,1102
5385.647334,2834149130,2834150238,15875,1108
5385.656326,2834156928,2834158028,15982,1100
5385.668337,2834164696,2834165800,15907,1104
5385.678894,2834172472,2834173581,15853,1109
5385.688331,2834180263,2834181368,15973,1105
5385.699940,2834188048,2834189151,15917,1103
5385.710455,2834195829,2834196930,15868,1101
5385.720330,2834203612,2834204719,15982,1107
5385.731500,2834211406,2834212514,15919,1108
5385.740328,2834219196,2834220299,15853,1103
5385.752327,2834226973,2834228081,15968,1108
5385.763059,2834234752,2834235856,15919,1104
5385.772331,2834242534,2834243637,15864,1103
5385.784101,2834250306,2834251409,15980,1103
5385.794624,2834258092,2834259200,15919,1108
5385.804331,2834265881,2834266986,15847,1105
5385.815661,2834273665,2834274770,15968,1105
5385.824330,2834281446,2834282546,15912,1100
5385.836331,2834289222,2834290320,15851,1098
5385.847221,2834296987,2834298090,15986,1103
5385.856329,2834304769,2834305867,15915,1098
5385.868255,2834312545,2834313653,15850,1108
5385.878779,2834320330,2834321444,15967,1114
5385.888327,2834328118,2834329231,15908,1113
5385.899814,2834335912,2834337017,15863,1105
5385.910342,2834343695,2834344806,15981,1111
5385.920328,2834351481,2834352581,15915,1100
5385.931375,2834359268,2834360372,15845,1104
5385.940333,2834367040,2834368144,15965,1104
5385.952329,2834374820,2834375922,15913,1102
5385.962935,2834382599,2834383702,15862,1103
5385.972335,2834390378,2834391487,15981,1109
5385.983980,2834398134,2834399237,15913,1103
5385.994495,2834405902,2834407005,15849,1103
5386.004334,2834413682,2834414790,15970,1108
5386.015540,2834421466,2834422574,15918,1108
5386.024328,2834429242,2834430336,15873,1094
5386.036335,2834437009,2834438114,16073,1105
5386.047101,2834444790,2834445895,15922,1105
5386.056329,2834452596,2834453699,15922,1103
5386.068139,2834460371,2834461473,15977,1102
5386.078660,2834468149,2834469262,16002,1113
5386.088334,2834475936,2834477035,15950,1099
5386.099700,2834483702,2834484806,16065,1104
5386.108332,2834491475,2834492581,15925,1106
5386.120332,2834499261,2834500366,15929,1105
5386.131259,2834507040,2834508139,15969,1099
5386.140332,2834514812,2834515921,15917,1109
5386.152293,2834522601,2834523709,15862,1108
5386.162822,2834530386,2834531495,15985,1109
5386.172332,2834538179,2834539283,15916,1104
5386.183853,2834545963,2834547072,15840,1109
5386.194382,2834553743,2834554841,16027,1098
5386.204327,2834561515,2834562617,15993,1102
5386.215422,2834569308,2834570422,15911,1114
5386.224332,2834577110,2834578224,16010,1114
5386.236329,2834584906,2834586018,15913,1112
5386.246983,2834592710,2834593824,15916,1114
5386.256327,2834600500,2834601614,15909,1114
5386.268023,2834608301,2834609413,15910,1112
5386.278543,2834616095,2834617210,15718,1115
5386.288330,2834623893,2834624996,15913,1103
5386.299584,2834631676,2834632784,15910,1108
5386.308327,2834639461,2834640571,15914,1110
5386.320329,2834647263,2834648372,15917,1109
5386.331142,2834655056,2834656166,15912,1110
5386.340328,2834662843,2834663952,15828,1109
5386.352180,2834670627,2834671730,15981,1103
5386.362701,2834678415,2834679524,15915,1109
5386.372331,2834686208,2834687311,15852,1103
5386.383742,2834693987,2834695100,16018,1113
5386.392329,2834701786,2834702894,15901,1108
5386.404333,2834709585,2834710688,15833,1103
5386.415300,2834717365,2834718473,15977,1108
5386.424329,2834725151,2834726248,15905,1097
5386.436331,2834732930,2834734028,15862,1098
5386.446863,2834740695,2834741803,16074,1108
5386.456330,2834748474,2834749573,15923,1099
5386.467894,2834756239,2834757347,15914,1108
5386.478422,2834764028,2834765136,15989,1108
5386.488329,2834771812,2834772921,15996,1109
5386.499456,2834779598,2834780703,15858,1105
5386.508332,2834787392,2834788494,16084,1102
5386.520328,2834795175,2834796278,15921,1103
5386.531014,2834802956,2834804064,15907,1108
5386.540333,2834810737,2834811836,15984,1099
5386.552061,2834818510,2834819618,15920,1108
5386.562575,2834826287,2834827390,15852,1103
5386.572327,2834834073,2834835183,16002,1110
5386.583622,2834841860,2834842965,15915,1105
5386.592329,2834849648,2834850755,15828,1107
5386.604330,2834857449,2834858558,15966,1109
5386.615179,2834865234,2834866337,15912,1103
5386.624331,2834873009,2834874112,15848,1103
5386.636222,2834880790,2834881899,15989,1109
5386.646742,2834888568,2834889671,15908,1103
5386.656329,2834896339,2834897448,15849,1109
5386.667779,2834904111,2834905216,15968,1105
5386.678300,2834912466,2834913575,15822,1109
5386.690325,2834922099,2834923203,15981,1104
5386.700331,2834930445,2834931552,15902,1107
5386.711358,2834938786,2834939896,15834,1110
5386.721884,2834947147,2834948259,15874,1112
5386.732332,2834955495,2834956606,15914,1111
5386.742918,2834963497,2834964607,15862,1110
5386.752333,2834971299,2834972412,15984,1113
5386.763964,2834979091,2834980198,15915,1107
5386.774478,2834986883,2834987997,15848,1114
5386.784329,2834994681,2834995790,15965,1109
5386.795522,2835002457,2835003566,15906,1109
5386.804331,2835010143,2835011248,15867,1105
5386.816334,2835017919,2835019026,15986,1107
5386.827084,2835025701,2835026808,15913,1107
5386.836331,2835033480,2835034589,15841,1109
5386.848122,2835041270,2835042380,15966,1110
5386.858643,2835049067,2835050176,15913,1109
5386.868330,2835056856,2835057960,15866,1104
5386.879684,2835064633,2835065738,16008,1105
5386.888328,2835072420,2835073525,15995,1105
5386.900333,2835080207,2835081315,15860,1108
5386.911243,2835087989,2835089099,16042,1110
5386.920330,2835095771,2835096884,15915,1113
5386.932277,2835103559,2835104668,15948,1109
5386.942805,2835111345,2835112448,16065,1103
5386.952328,2835119131,2835120236,15994,1105
5386.963838,2835126910,2835128010,15855,1100
5386.974364,2835134681,2835135790,15966,1109
5386.984330,2835142470,2835143581,15927,1111
5386.995399,2835150261,2835151368,15865,1107
5387.004330,2835158060,2835159169,15995,1109
5387.016328,2835165842,2835166951,15916,1109
5387.026957,2835173624,2835174729,15867,1105
5387.036332,2835181403,2835182511,15984,1108
5387.048004,2835189190,2835190298,15916,1108
5387.058519,2835196980,2835198089,15854,1109
5387.068331,2835204771,2835205874,15999,1103
5387.079565,2835212549,2835213657,15912,1108
5387.088330,2835220346,2835221451,15836,1105
5387.100328,2835228138,2835229247,15986,1109
5387.111124,2835235910,2835237016,15992,1106
5387.120329,2835243700,2835244805,15856,1105
5387.132164,2835251491,2835252604,16077,1113
5387.142686,2835259280,2835260383,15986,1103
5387.152327,2835267057,2835268157,15904,1100
5387.163723,2835274833,2835275941,15977,1108
5387.172333,2835282636,2835283745,15996,1109
5387.184330,2835290426,2835291535,15857,1109
5387.195285,2835298207,2835299309,16071,1102
5387.204329,2835305989,2835307102,15923,1113
5387.216317,2835313786,2835314895,15839,1109
5387.226845,2835321557,2835322669,15996,1112
5387.236333,2835329348,2835330453,15916,1105
5387.247880,2835337140,2835338245,15854,1105
5387.258406,2835344922,2835346021,15996,1099
5387.268329,2835352703,2835353808,15917,1105
5387.279438,2835360483,2835361592,15837,1109
5387.288330,2835368271,2835369379,15982,1108
5387.300328,2835376057,2835377156,15919,1099
5387.310998,2835383839,2835384944,15846,1105
5387.320334,2835391621,2835392725,15993,1104
5387.332047,2835399398,2835400502,15919,1104
5387.342559,2835407167,2835408273,15831,1106
5387.352331,2835414953,2835416056,15978,1103
5387.363606,2835422729,2835423828,15915,1099
5387.372330,2835430506,2835431605,15842,1099
5387.384337,2835438301,2835439406,16002,1105
5387.395166,2835446069,2835447171,15916,1102
5387.404331,2835453848,2835454957,15833,1109
5387.416205,2835461544,2835462644,15981,1100
5387.426725,2835469328,2835470441,15916,1113
5387.436327,2835477122,2835478230,15852,1108
5387.447768,2835484910,2835486018,15985,1108
5387.456329,2835492704,2835493799,15909,1095
5387.468336,2835500492,2835501591,15837,1099
5387.479324,2835508267,2835509371,15978,1104
5387.488334,2835516056,2835517155,15908,1099
5387.500328,2835523828,2835524937,15846,1109
5387.510886,2835531616,2835532714,16002,1098
5387.520328,2835539393,2835540498,15913,1105
5387.531918,2835547176,2835548285,15825,1109
5387.542445,2835554977,2835556087,15982,1110
5387.552333,2835562759,2835563870,15926,1111
5387.563478,2835570555,2835571663,15932,1108
5387.572332,2835578340,2835579440,16021,1100
5387.584330,2835586121,2835587229,15998,1108
5387.595038,2835593901,2835595010,15845,1109
5387.604328,2835601683,2835602786,16062,1103
5387.616083,2835609401,2835610504,15909,1103
5387.626599,2835617189,2835618293,15848,1104
5387.636330,2835624984,2835626084,15996,1100
5387.647645,2835632742,2835633850,15910,1108
5387.656328,2835640540,2835641649,15836,1109
5387.668329,2835648327,2835649436,15978,1109
5387.679205,2835656112,2835657226,15913,1114
5387.688329,2835663905,2835665013,15846,1108
5387.700247,2835671685,2835672795,15996,1110
5387.710766,2835679475,2835680580,15911,1105
5387.720335,2835687270,2835688368,15823,1098
5387.731804,2835695045,2835696154,15987,1109
5387.740329,2835702822,2835703930,15911,1108
5387.752331,2835710602,2835711711,15853,1109
5387.763366,2835718393,2835719503,15996,1110
5387.772330,2835726179,2835727288,15917,1109
5387.784330,2835733969,2835735083,15832,1114
5387.794925,2835741765,2835742873,15984,1108
5387.804332,2835749557,2835750665,15915,1108
5387.815958,2835757340,2835758449,15849,1109
5387.826485,2835765149,2835766260,15986,1111
5387.836334,2835772949,2835774063,15905,1114
5387.847518,2835780744,2835781858,15846,1114
5387.856328,2835788537,2835789635,15967,1098
5387.868328,2835796318,2835797420,15902,1102
5387.879078,2835804092,2835805200,15862,1108
5387.888329,2835811824,2835812929,15986,1105
5387.900124,2835819596,2835820702,15905,1106
5387.910639,2835827383,2835828492,15851,1109
5387.920329,2835835181,2835836280,15985,1099
5387.931683,2835842964,2835844073,15912,1109
5387.940331,2835850749,2835851854,15863,1105
5387.952327,2835858538,2835859652,15983,1114
5387.963245,2835866329,2835867438,15913,1109
5387.972331,2835874107,2835875201,15853,1094
5387.984283,2835881879,2835882984,15970,1105
5387.994804,2835889652,2835890760,15923,1108
5388.004327,2835897419,2835898528,15862,1109
5388.015846,2835905209,2835906314,15988,1105
5388.026367,2835913013,2835914118,15911,1105
5388.036336,2835920807,2835921916,15840,1109
5388.047405,2835928594,2835929703,15967,1109
5388.056334,2835936386,2835937489,15916,1103
5388.068329,2835944169,2835945278,15839,1109
5388.078966,2835951955,2835953064,16001,1109
5388.088327,2835959752,2835960866,15914,1114
5388.099998,2835967526,2835968635,15826,1109
5388.110526,2835975314,2835976418,15982,1104
5388.120330,2835983103,2835984214,15915,1111
5388.131560,2835990893,2835992001,15841,1108
5388.140330,2835998684,2835999790,15999,1106
5388.152328,2836006463,2836007568,15904,1105
5388.163118,2836014244,2836015349,15831,1105
5388.172329,2836022032,2836023135,15980,1103
5388.184164,2836029808,2836030916,15917,1108
5388.194680,2836037590,2836038695,15853,1105
5388.204335,2836045380,2836046486,16000,1106
5388.215725,2836053171,2836054280,15911,1109
5388.224329,2836060965,2836062075,15822,1110
5388.236334,2836068767,2836069871,15964,1104
5388.250293,2836079186,2836080294,15954,1108
5388.262308,2836088664,2836089771,15845,1107
5388.272331,2836097032,2836098145,15967,1113
5388.283352,2836105379,2836106487,15918,1108
5388.293868,2836113929,2836115049,15903,1120
5388.304331,2836122298,2836123412,15972,1114
5388.314915,2836130480,2836131594,15899,1114
5388.324335,2836138534,2836139642,15848,1108
5388.335951,2836146350,2836147464,15956,1114
5388.346473,2836154158,2836155268,15886,1110
5388.356328,2836161972,2836163075,15866,1103
5388.367515,2836169784,2836170885,16018,1101
5388.376330,2836177582,2836178695,15914,1113
5388.388330,2836185394,2836186503,15849,1109
5388.399074,2836193180,2836194285,15987,1105
5388.408329,2836200958,2836202067,15914,1109
5388.420108,2836208746,2836209855,15861,1109
5388.432135,2836217635,2836218740,15889,1105
5388.442651,2836225424,2836226531,15839,1107
5388.452331,2836233215,2836234323,15968,1108
5388.463695,2836241003,2836242112,15913,1109
5388.472330,2836248793,2836249902,15858,1109
5388.484329,2836256588,2836257699,15986,1111
5388.495257,2836264383,2836265497,15911,1114
5388.504328,2836272175,2836273281,15848,1106
5388.516294,2836279959,2836281067,15980,1108
5388.526815,2836287744,2836288853,15913,1109
5388.536330,2836295540,2836296649,15862,1109
5388.547856,2836303334,2836304444,15956,1110
5388.558377,2836311133,2836312244,15910,1111
5388.568328,2836318945,2836320054,15880,1109
5388.579417,2836326750,2836327859,15965,1109
5388.588335,2836334497,2836335597,15849,1100
5388.600328,2836342287,2836343396,15946,1109
5388.610978,2836350077,2836351186,15958,1109
5388.620328,2836357853,2836358968,15851,1115
5388.632012,2836365651,2836366760,15943,1109
5388.642539,2836373464,2836374578,15954,1114
5388.652331,2836381264,2836382373,15831,1109
5388.663573,2836389050,2836390159,15845,1109
5388.672331,2836396840,2836397935,15970,1095
5388.684336,2836404626,2836405726,15826,1100
5388.695133,2836412400,2836413503,15954,1103
5388.704330,2836420182,2836421287,15967,1105
5388.716169,2836427963,2836429071,15849,1108
5388.726694,2836435743,2836436847,15948,1104
5388.736329,2836443532,2836444638,15971,1106
5388.747730,2836451322,2836452427,15832,1105
5388.756336,2836459120,2836460232,15946,1112
5388.768334,2836466900,2836468009,15946,1109
5388.779291,2836474686,2836475788,15834,1102
5388.788327,2836482481,2836483590,15943,1109
5388.800335,2836490255,2836491365,15971,1110
5388.810858,2836498046,2836499161,15908,1115
5388.820329,2836505847,2836506961,15947,1114
5388.831897,2836513640,2836514745,15968,1105
5388.842413,2836521442,2836522548,15836,1106
5388.852331,2836529236,2836530345,15956,1109
5388.863458,2836537031,2836538149,16050,1118
5388.872328,2836544843,2836545941,15834,1098
5388.884327,2836552625,2836553729,15978,1104
5388.895018,2836560412,2836561521,15977,1109
5388.904330,2836568206,2836569314,15947,1108
5388.916052,2836576000,2836577108,15921,1108
5388.926580,2836583792,2836584900,16100,1108
5388.936328,2836591594,2836592700,15845,1106
5388.947614,2836599411,2836600524,16031,1113
5388.956335,2836607194,2836608307,15972,1113
5388.968331,2836614996,2836616103,15951,1107
5388.979174,2836622810,2836623916,15938,1106
5388.988330,2836630599,2836631694,16045,1095
5389.000209,2836638395,2836639501,15840,1106
5389.010733,2836646201,2836647304,15928,1103
5389.020334,2836654006,2836655109,15975,1103
5389.031770,2836661808,2836662912,15917,1104
5389.040327,2836669597,2836670710,15932,1113
5389.052329,2836677412,2836678522,15939,1110
5389.063331,2836685230,2836686343,15862,1113
5389.072327,2836693041,2836694154,15949,1113
5389.084330,2836700842,2836701955,15955,1113
5389.094894,2836708643,2836709762,15878,1119
5389.104331,2836716466,2836717570,15947,1104
5389.115936,2836724265,2836725375,15941,1110
5389.126451,2836732072,2836733182,15848,1110
5389.136328,2836739877,2836740995,15918,1118
5389.147498,2836747692,2836748806,15961,1114
5389.156328,2836755494,2836756607,15911,1113
5389.168334,2836763314,2836764429,15944,1115
5389.179057,2836771118,2836772227,15937,1109
5389.188329,2836778946,2836780054,15845,1108
5389.200092,2836786750,2836787856,15950,1106
5389.210616,2836794533,2836795642,15955,1109
5389.220334,2836802332,2836803441,15851,1109
5389.231653,2836810134,2836811247,15937,1113
5389.240333,2836817947,2836819066,15957,1119
5389.252333,2836825719,2836826823,15838,1104
5389.263215,2836833517,2836834625,15955,1108
5389.272328,2836841309,2836842416,15949,1107
5389.284249,2836849109,2836850210,15843,1101
5389.294774,2836856902,2836858009,15947,1107
5389.304333,2836864713,2836865812,15969,1099
5389.315814,2836872498,2836873608,15877,1110
5389.324331,2836880289,2836881404,15944,1115
5389.336329,2836888108,2836889226,15952,1118
5389.347370,2836895896,2836897005,15847,1109
5389.356332,2836903694,2836904798,15863,1104
5389.368330,2836911488,2836912597,15958,1109
5389.378931,2836919297,2836920408,15835,1111
5389.388329,2836927111,2836928224,15945,1113
5389.399977,2836934915,2836936023,15986,1108
5389.410493,2836942706,2836943819,15885,1113
5389.420331,2836950518,2836951622,15941,1104
5389.431538,2836958322,2836959426,15976,1104
5389.440333,2836966125,2836967232,15822,1107
5389.452328,2836973945,2836975058,15943,1113
5389.463098,2836981764,2836982873,15997,1109
5389.472335,2836989601,2836990717,15842,1116
5389.484132,2836997422,2836998530,15941,1108
5389.494659,2837005231,2837006344,15966,1113
5389.504330,2837013050,2837014156,15897,1106
5389.515694,2837020845,2837021960,15918,1115
5389.524328,2837028655,2837029764,15970,1109
5389.536327,2837036441,2837037551,15830,1110
5389.547253,2837044245,2837045344,15947,1099
5389.556328,2837052039,2837053150,15970,1111
5389.568290,2837059846,2837060957,15834,1111
5389.578814,2837067644,2837068748,15952,1104
5389.588328,2837075447,2837076550,15965,1103
5389.599850,2837083256,2837084366,15835,1110
5389.610376,2837091053,2837092162,15965,1109
5389.620329,2837098852,2837099962,15961,1110
5389.631411,2837106658,2837107764,15834,1106
5389.640329,2837114454,2837115567,15938,1113
5389.652327,2837122247,2837123361,15965,1114
5389.662972,2837130076,2837131186,15833,1110
5389.672328,2837137877,2837138990,15942,1113
5389.684017,2837145668,2837146777,15971,1109
5389.694531,2837153469,2837154582,15831,1113
5389.704327,2837161281,2837162389,15851,1108
5389.715578,2837169089,2837170199,15972,1110
5389.724333,2837176894,2837178008,15819,1114
5389.736331,2837184707,2837185815,15947,1108
5389.747139,2837192511,2837193622,15971,1111
5389.756332,2837200295,2837201405,15848,1110
5389.768173,2837208113,2837209223,15947,1110
5389.778699,2837215937,2837217042,15968,1105
5389.788332,2837223749,2837224849,15828,1100
5389.799734,2837231545,2837232654,15945,1109
5389.808334,2837239334,2837240442,15946,1108
5389.820332,2837247148,2837248257,15838,1109
5389.834298,2837258128,2837259243,15833,1115
5389.844332,2837266321,2837267433,15953,1112
5389.855343,2837274882,2837275983,15970,1101
5389.865858,2837283550,2837284665,15870,1115
5389.876334,2837291737,2837292849,15946,1112
5389.886904,2837300103,2837301216,15956,1113
5389.896330,2837308562,2837309677,15820,1115
5389.907942,2837316397,2837317506,15960,1109
5389.918465,2837324214,2837325321,15966,1107
5389.928327,2837332023,2837333133,15835,1110
5389.939501,2837339837,2837340940,15936,1103
5389.948328,2837347651,2837348770,15967,1119
5389.960334,2837355474,2837356584,15826,1110
5389.971060,2837363300,2837364409,15944,1109
5389.980330,2837371138,2837372247,15962,1109
5389.992096,2837378958,2837380066,15831,1108
5390.002618,2837386770,2837387885,15853,1115
5390.012331,2837394578,2837395687,15966,1109
5390.023657,2837402390,2837403501,15827,1111
5390.032334,2837410199,2837411312,15943,1113
5390.044333,2837418022,2837419135,15959,1113
5390.055216,2837425838,2837426951,15847,1113
5390.064330,2837433626,2837434739,15945,1113
5390.076263,2837441444,2837442559,15964,1115
5390.086777,2837449267,2837450380,15833,1113
5390.096331,2837457084,2837458198,15947,1114
5390.107824,2837464900,2837466013,15950,1113
5390.118338,2837472701,2837473815,15831,1114
5390.128327,2837480510,2837481619,15947,1109
5390.139385,2837488320,2837489435,15969,1115
5390.148329,2837496136,2837497244,15911,1108
5390.160333,2837503941,2837505054,15944,1113
5390.170945,2837511757,2837512874,15968,1117
5390.180328,2837519580,2837520687,15833,1107
5390.191979,2837527400,2837528514,15946,1114
5390.202504,2837535233,2837536346,15970,1113
5390.212331,2837543054,2837544168,15832,1114
5390.223541,2837550879,2837551990,15931,1111
5390.232329,2837558689,2837559802,15970,1113
5390.244327,2837566508,2837567623,15835,1115
5390.255102,2837574331,2837575439,15964,1108
5390.264330,2837582132,2837583240,15966,1108
5390.276138,2837589969,2837591079,15837,1110
5390.286660,2837597781,2837598885,15945,1104
5390.296329,2837605589,2837606699,15969,1110
5390.307697,2837613400,2837614513,15835,1113
5390.316331,2837621216,2837622331,15941,1115
5390.328332,2837629038,2837630156,15966,1118
5390.339257,2837636857,2837637961,15822,1104
5390.348328,2837644662,2837645769,15840,1107
5390.360304,2837652462,2837653566,15970,1104
5390.370817,2837660270,2837661380,15821,1110
5390.380329,2837668096,2837669206,15948,1110
5390.391864,2837675912,2837677022,15967,1110
5390.402377,2837683723,2837684835,15853,1112
5390.412329,2837691538,2837692648,15948,1110
5390.423426,2837699367,2837700474,15967,1107
5390.432336,2837707190,2837708304,15832,1114
5390.444333,2837715009,2837716119,15944,1110
5390.454985,2837722817,2837723927,15949,1110
5390.464335,2837730631,2837731741,15837,1110
5390.476021,2837738457,2837739560,16035,1103
5390.486545,2837746267,2837747386,16038,1119
5390.496330,2837754091,2837755210,15979,1119
5390.507580,2837761913,2837763031,16028,1118
5390.516330,2837769733,2837770847,16051,1114
5390.528335,2837777566,2837778684,15838,1118
5390.539140,2837785377,2837786476,15957,1099
5390.548328,2837793183,2837794289,15980,1106
5390.560176,2837800995,2837802105,15913,1110
5390.570700,2837808807,2837809920,16032,1113
5390.580332,2837816630,2837817744,16035,1114
5390.591738,2837824451,2837825561,15852,1110
5390.600331,2837832267,2837833380,16036,1113
5390.612331,2837840090,2837841204,15975,1114
5390.623297,2837847899,2837849011,15844,1112
5390.632329,2837855719,2837856828,15960,1109
5390.644335,2837863536,2837864645,16044,1109
5390.654860,2837871359,2837872467,15908,1108
5390.664329,2837879167,2837880276,16028,1109
5390.675907,2837886982,2837888092,16051,1110
5390.686418,2837894789,2837895899,15831,1110
5390.696330,2837902612,2837903727,15853,1115
5390.707465,2837910425,2837911543,15958,1118
5390.716328,2837918247,2837919364,15832,1117
5390.728328,2837926075,2837927184,15947,1109
5390.739025,2837933887,2837935003,15962,1116
5390.748330,2837941716,2837942824,15852,1108
5390.760059,2837949531,2837950645,15952,1114
5390.770586,2837957345,2837958454,15974,1109
5390.780328,2837965167,2837966280,15832,1113
5390.791620,2837972993,2837974103,15945,1110
5390.800330,2837980801,2837981914,15953,1113
5390.812331,2837988624,2837989733,15837,1109
5390.823180,2837996442,2837997550,15944,1108
5390.832327,2838004253,2838005368,15966,1115
5390.844224,2838012074,2838013193,15911,1119
5390.854741,2838019894,2838021004,15933,1110
5390.864329,2838027704,2838028817,15966,1113
5390.875778,2838035525,2838036639,15836,1114
5390.884329,2838043342,2838044451,15887,1109
5390.896332,2838051176,2838052290,15971,1114
5390.907337,2838059008,2838060127,15832,1119
5390.916332,2838066836,2838067944,15949,1108
5390.928333,2838074648,2838075763,15967,1115
5390.938900,2838082483,2838083597,15834,1114
5390.948329,2838090302,2838091412,15961,1110
5390.959944,2838098129,2838099241,15966,1112
5390.970458,2838105948,2838107060,15831,1112
5390.980330,2838113764,2838114878,15947,1114
5390.991505,2838121593,2838122703,15966,1110
5391.000332,2838129421,2838130535,15837,1114
5391.012333,2838137248,2838138358,15941,1110
5391.023065,2838145062,2838146173,15968,1111
5391.032328,2838152878,2838153997,15829,1119
5391.044098,2838160690,2838161799,15854,1109
5391.054626,2838168500,2838169610,15968,1110
5391.064330,2838176324,2838177434,15834,1110
5391.075660,2838184151,2838185264,15939,1113
5391.084329,2838191979,2838193087,16021,1108
5391.096328,2838199798,2838200908,15846,1110
5391.107220,2838207618,2838208734,15939,1116
5391.116331,2838215440,2838216556,15966,1116
5391.128256,2838223250,2838224363,15820,1113
5391.138780,2838231070,2838232188,15949,1118
5391.148328,2838238899,2838240009,15952,1110
5391.159817,2838246721,2838247835,15840,1114
5391.170341,2838254548,2838255658,15942,1110
5391.180329,2838262367,2838263482,15955,1115
5391.191385,2838270191,2838271310,15900,1119
5391.200328,2838278011,2838279121,15949,1110
5391.212328,2838285835,2838286945,15968,1110
5391.222938,2838293652,2838294766,15832,1114
5391.232332,2838301465,2838302584,15938,1119
5391.243985,2838309296,2838310406,15969,1110
5391.254498,2838317111,2838318220,15829,1109
5391.264328,2838324927,2838326041,15943,1114
5391.275545,2838332749,2838333864,15950,1115
5391.284330,2838340581,2838341700,15820,1119
5391.296333,2838348428,2838349543,15963,1115
5391.307105,2838356251,2838357370,15967,1119
5391.316328,2838364088,2838365205,15836,1117
5391.328140,2838371917,2838373035,15946,1118
5391.338665,2838379740,2838380852,15968,1112
5391.348328,2838387560,2838388679,15833,1119
5391.359700,2838395379,2838396489,15947,1110
5391.368329,2838403200,2838404310,15966,1110
5391.380335,2838411017,2838412132,15837,1115
5391.391259,2838418842,2838419961,15845,1119
5391.403282,2838428184,2838429291,15825,1107
5391.415310,2838437673,2838438782,15912,1109
5391.427328,2838447118,2838448225,15976,1107
5391.436332,2838455254,2838456364,15984,1110
5391.448334,2838463633,2838464748,15914,1115
5391.458889,2838472030,2838473140,15951,1110
5391.468331,2838480419,2838481537,16036,1118
5391.479925,2838488892,2838490006,15907,1114
5391.491955,2838497842,2838498951,15984,1109
5391.502470,2838505650,2838506768,15831,1118
5391.512333,2838513480,2838514590,15946,1110
5391.523518,2838521291,2838522405,15969,1114
5391.532334,2838529117,2838530231,15837,1114
5391.544328,2838536938,2838538052,15964,1114
5391.555077,2838544759,2838545873,15969,1114
5391.564333,2838552598,2838553707,15831,1109
5391.576111,2838560419,2838561529,15929,1110
5391.586637,2838568237,2838569356,15967,1119
5391.596330,2838576067,2838577180,15838,1113
5391.607673,2838583881,2838584995,15932,1114
5391.616331,2838591714,2838592828,15967,1114
5391.628330,2838599537,2838600651,15834,1114
5391.639230,2838607360,2838608468,15853,1108
5391.648331,2838615179,2838616289,15966,1110
5391.660268,2838622999,2838624113,15834,1114
5391.670792,2838630812,2838631927,15949,1115
5391.680328,2838638630,2838639744,15966,1114
5391.691829,2838646459,2838647579,15842,1120
5391.702355,2838654280,2838655390,15942,1110
5391.712329,2838662106,2838663220,15963,1114
5391.723390,2838669928,2838671043,15827,1115
5391.732329,2838677751,2838678860,15949,1109
5391.744330,2838685557,2838686670,15946,1113
5391.754950,2838693380,2838694498,15833,1118
5391.764331,2838701197,2838702307,15942,1110
5391.775996,2838709012,2838710121,15967,1109
5391.786517,2838716833,2838717953,15912,1120
5391.796328,2838724661,2838725780,15941,1119
5391.807557,2838732498,2838733612,15973,1114
5391.816332,2838740331,2838741442,15834,1111
5391.828331,2838748156,2838749274,15951,1118
5391.839116,2838755983,2838757100,15972,1117
5391.848331,2838763839,2838764958,15832,1119
5391.860153,2838771663,2838772773,15938,1110
5391.870678,2838779475,2838780593,15959,1118
5391.880330,2838787303,2838788416,15824,1113
5391.891715,2838795124,2838796237,15962,1113
5391.900337,2838802946,2838804061,16012,1115
5391.912331,2838810767,2838811881,15829,1114
5391.923272,2838818591,2838819707,15944,1116
5391.932328,2838826411,2838827524,15962,1113
5391.944309,2838834223,2838835333,15832,1110
5391.954832,2838842047,2838843161,15945,1114
5391.964332,2838849870,2838850981,15967,1111
5391.975869,2838857685,2838858798,15834,1113
5391.986392,2838865496,2838866606,15851,1110
5391.996331,2838873310,2838874420,15970,1110
5392.007430,2838881121,2838882235,15831,1114
5392.016328,2838888952,2838890066,15940,1114
5392.028328,2838896771,2838897890,15955,1119
5392.038990,2838904596,2838905708,15853,1112
5392.048331,2838912409,2838913523,15945,1114
5392.060038,2838920227,2838921341,15965,1114
5392.070550,2838928048,2838929168,15834,1120
5392.080329,2838935880,2838936991,15945,1111
5392.091596,2838943700,2838944814,15951,1114
5392.100332,2838951524,2838952639,15836,1115
5392.112329,2838959359,2838960474,15946,1115
5392.123157,2838967189,2838968305,15959,1116
5392.132329,2838975014,2838976125,15908,1111
5392.144191,2838982827,2838983932,15946,1105
5392.154717,2838990636,2838991750,15965,1114
5392.164330,2838998456,2838999566,15824,1110
5392.175752,2839006274,2839007384,15949,1110
5392.184331,2839014091,2839015204,15970,1113
5392.196335,2839021914,2839023027,15836,1113
5392.207312,2839029734,2839030843,15945,1109
5392.216330,2839037565,2839038675,15955,1110
5392.228328,2839045393,2839046512,15841,1119
5392.238874,2839053223,2839054337,15951,1114
5392.248334,2839061034,2839062148,15972,1114
5392.259910,2839068847,2839069961,15834,1114
5392.270434,2839076666,2839077781,15952,1115
5392.280331,2839084484,2839085593,15956,1109
5392.291472,2839092303,2839093419,15839,1116
5392.300331,2839100132,2839101249,15942,1117
5392.312333,2839107908,2839109022,15964,1114
5392.323030,2839115742,2839116862,15835,1120
5392.332331,2839123566,2839124677,15846,1111
5392.344077,2839131373,2839132482,15971,1109
5392.354591,2839139196,2839140304,15837,1108
5392.364330,2839147006,2839148118,15940,1112
5392.375637,2839154822,2839155934,15968,1112
5392.384327,2839162653,2839163768,15850,1115
5392.396332,2839170475,2839171588,15951,1113
5392.407197,2839178292,2839179407,15965,1115
5392.416327,2839186121,2839187232,15838,1111
5392.428232,2839193948,2839195062,15946,1114
5392.438759,2839201761,2839202869,15951,1108
5392.448332,2839209577,2839210691,15840,1114
5392.459793,2839217399,2839218514,15939,1115
5392.468329,2839225217,2839226321,15967,1104
5392.480331,2839233025,2839234144,15893,1119
5392.491353,2839240849,2839241966,15944,1117
5392.500333,2839248677,2839249796,15969,1119
5392.512334,2839256510,2839257620,15831,1110
5392.522913,2839264315,2839265436,15950,1121
5392.532327,2839272144,2839273258,15970,1114
5392.543949,2839279958,2839281069,15831,1111
5392.554473,2839287773,2839288890,15949,1117
5392.564332,2839295596,2839296707,15967,1111
5392.575509,2839303422,2839304532,15834,1110
5392.584327,2839311251,2839312370,15950,1119
5392.596328,2839319067,2839320178,15965,1111
5392.607070,2839326897,2839328013,15835,1116
5392.616327,2839334744,2839335853,15945,1109
5392.628116,2839342559,2839343669,15971,1110
5392.638630,2839350380,2839351489,15821,1109
5392.648329,2839358196,2839359310,15942,1114
5392.659677,2839366005,2839367118,15959,1113
5392.668329,2839373827,2839374943,15835,1116
5392.680328,2839381653,2839382763,15852,1110
5392.691239,2839389465,2839390576,15969,1111
5392.700328,2839397278,2839398388,15832,1110
5392.712272,2839405093,2839406207,15948,1114
5392.722798,2839412925,2839414037,15946,1112
5392.732328,2839420752,2839421863,15846,1111
5392.743832,2839428569,2839429687,15940,1118
5392.754358,2839436405,2839437513,15964,1108
5392.764328,2839444218,2839445329,15833,1111
5392.775394,2839452043,2839453154,15943,1111
5392.784327,2839459876,2839460990,15947,1114
5392.796331,2839467702,2839468817,15832,1115
5392.806952,2839475520,2839476633,15943,1113
5392.816330,2839483338,2839484458,15969,1120
5392.827997,2839491164,2839492275,15909,1111
5392.838513,2839498980,2839500099,15988,1119
5392.848330,2839506808,2839507918,15969,1110
5392.859551,2839514623,2839515737,15839,1114
5392.868327,2839522440,2839523549,15937,1109
5392.880335,2839530263,2839531379,15963,1116
5392.891109,2839538094,2839539203,15834,1109
5392.900328,2839545934,2839547047,15945,1113
5392.912157,2839553778,2839554889,15953,1111
5392.922672,2839561636,2839562757,15832,1121
5392.932330,2839569465,2839570571,15955,1106
5392.943719,2839577276,2839578390,15971,1114
5392.952331,2839585093,2839586206,15836,1113
5392.964329,2839592921,2839594032,15938,1111
5392.975277,2839600739,2839601848,15969,1109
5392.984335,2839608894,2839610009,15834,1115
5392.996314,2839617287,2839618406,15916,1119
5393.006838,2839625709,2839626827,15954,1118
5393.018856,2839635215,2839636337,15939,1122
5393.030876,2839644551,2839645664,15848,1113
5393.040333,2839652756,2839653874,15939,1118
5393.051924,2839661040,2839662158,15970,1118
5393.062436,2839668902,2839670017,15833,1115
5393.072328,2839676731,2839677842,15947,1111
5393.083485,2839684557,2839685673,15951,1116
5393.092335,2839692392,2839693508,15833,1116
5393.104329,2839700223,2839701340,15945,1117
5393.115043,2839708050,2839709169,15966,1119
5393.124333,2839715869,2839716984,15899,1115
5393.136080,2839723685,2839724799,15948,1114
5393.146604,2839731510,2839732626,15969,1116
5393.156330,2839739341,2839740455,15827,1114
5393.167638,2839747169,2839748279,15948,1110
5393.176331,2839754983,2839756094,15970,1111
5393.188328,2839762813,2839763929,15833,1116
5393.199199,2839770638,2839771747,15946,1109
5393.208330,2839778451,2839779567,15965,1116
5393.220236,2839786273,2839787391,15834,1118
5393.230761,2839794090,2839795205,15954,1115
5393.240328,2839801913,2839803029,15969,1116
5393.251797,2839809753,2839810872,15836,1119
5393.260328,2839817579,2839818688,15939,1109
5393.272330,2839825399,2839826517,15965,1118
5393.283356,2839833227,2839834337,15839,1110
5393.292328,2839841050,2839842162,15937,1112
5393.304329,2839848871,2839849980,15972,1109
5393.314916,2839856688,2839857802,15823,1114
5393.324329,2839864526,2839865642,15855,1116
5393.335963,2839872360,2839873475,15963,1115
5393.346476,2839880187,2839881301,15835,1114
5393.356328,2839887997,2839889105,15945,1108
5393.367523,2839895814,2839896923,15967,1109
5393.376333,2839903630,2839904740,15850,1110
5393.388328,2839911451,2839912569,15948,1118
5393.399084,2839919272,2839920386,15954,1114
5393.408327,2839927117,2839928232,15834,1115
5393.420118,2839934938,2839936052,15949,1114
5393.430644,2839942760,2839943874,15950,1114
5393.440328,2839950591,2839951701,15831,1110
5393.451679,2839958410,2839959524,15947,1114
5393.460328,2839966239,2839967350,15971,1111
5393.472333,2839974057,2839975177,15916,1120
5393.483239,2839981880,2839982990,15945,1110
5393.492327,2839989684,2839990798,15971,1114
5393.504275,2839997502,2839998616,15837,1114
5393.514799,2840005329,2840006444,15947,1115
5393.524334,2840013147,2840014258,15967,1111
5393.535837,2840020978,2840022088,15832,1110
5393.546360,2840028802,2840029912,15946,1110
5393.556330,2840036617,2840037733,15957,1116
5393.567396,2840044442,2840045552,15833,1110
5393.576328,2840052261,2840053376,15963,1115
5393.604332,2840066337,2840066963,11969,626
5393.615500,2840070333,2840070955,12089,622
5393.624328,2840076709,2840077817,15912,1108
5393.636328,2840084504,2840085615,15834,1111
5393.647055,2840092305,2840093414,15952,1109
5393.656329,2840100131,2840101242,15915,1111
5393.668087,2840107953,2840109064,15852,1111
5393.678616,2840115778,2840116894,15993,1116
5393.688329,2840123604,2840124714,15922,1110
5393.699647,2840131421,2840132536,15833,1115
5393.708329,2840139245,2840140359,15983,1114
5393.720334,2840147066,2840148180,15899,1114
5393.731207,2840154884,2840155998,15847,1114
5393.740333,2840162706,2840163822,15994,1116
5393.752254,2840170542,2840171651,15923,1109
5393.762768,2840178359,2840179479,15907,1120
5393.772329,2840186198,2840187307,16081,1109
5393.783813,2840194023,2840195143,15998,1120
5393.792330,2840201853,2840202969,15933,1116
5393.804328,2840209686,2840210797,16000,1111
5393.815375,2840217512,2840218632,15925,1120
5393.824329,2840225346,2840226466,15838,1120
5393.836328,2840233175,2840234289,15988,1114
5393.846936,2840240996,2840242112,15997,1116
5393.856328,2840248819,2840249934,15934,1115
5393.867974,2840256651,2840257766,16076,1115
5393.878497,2840264478,2840265588,15928,1110
5393.888327,2840272296,2840273412,15838,1116
5393.899534,2840280123,2840281238,15990,1115
5393.908334,2840287937,2840289052,15917,1115
5393.920329,2840295763,2840296877,15842,1114
5393.931095,2840303592,2840304703,16077,1111
5393.940328,2840311427,2840312544,15901,1117
5393.952129,2840319264,2840320379,15838,1115
5393.962654,2840327091,2840328204,15978,1113
5393.972330,2840334922,2840336039,15912,1117
5393.983690,2840342760,2840343871,15840,1111
5393.992333,2840350587,2840351702,15991,1115
5394.004331,2840358431,2840359548,15923,1117
5394.015247,2840366263,2840367383,15831,1120
5394.024329,2840374098,2840375209,15971,1111
5394.036294,2840381922,2840383037,15918,1115
5394.046808,2840389760,2840390872,15850,1112
5394.056328,2840397584,2840398695,15985,1111
5394.067856,2840405411,2840406525,15909,1114
5394.078369,2840413240,2840414351,15836,1111
5394.088327,2840421059,2840422166,15986,1107
5394.099414,2840427400,2840428512,15791,1112
5394.108334,2840435215,2840436330,15853,1115
5394.120334,2840443035,2840444153,16009,1118
5394.130976,2840450865,2840451976,15911,1111
5394.140329,2840458709,2840459817,15828,1108
5394.152013,2840466549,2840467660,15966,1111
5394.162533,2840474377,2840475497,15912,1120
5394.172330,2840482208,2840483328,15866,1120
5394.183575,2840490052,2840491163,15979,1111
5394.192329,2840497871,2840498985,15913,1114
5394.204333,2840505688,2840506804,15847,1116
5394.215133,2840513523,2840514640,15967,1117
5394.224328,2840521382,2840522502,15918,1120
5394.236167,2840529216,2840530331,15858,1115
5394.246694,2840537040,2840538156,15981,1116
5394.256328,2840544864,2840545975,15918,1111
5394.267726,2840552691,2840553807,15837,1116
5394.276330,2840560527,2840561642,15963,1115
5394.288331,2840568353,2840569473,15995,1120
5394.299288,2840576187,2840577307,15946,1120
5394.308329,2840584009,2840585124,15987,1115
5394.320330,2840591844,2840592959,16002,1115
5394.330849,2840599672,2840600791,15854,1119
5394.340330,2840607497,2840608613,15955,1116
5394.351895,2840615343,2840616449,15920,1106
5394.362409,2840623162,2840624276,15933,1114
5394.372332,2840630983,2840632095,16003,1112
5394.383456,2840638818,2840639934,16004,1116
5394.392331,2840646647,2840647767,15911,1120
5394.404330,2840654487,2840655608,15983,1121
5394.415014,2840662317,2840663437,15917,1120
5394.424327,2840670154,2840671270,15848,1116
5394.436055,2840677988,2840679103,15994,1115
5394.446577,2840685811,2840686927,15920,1116
5394.456331,2840693631,2840694751,15839,1120
5394.467614,2840701461,2840702577,15991,1116
5394.476327,2840709296,2840710404,15920,1108
5394.488331,2840717124,2840718240,15848,1116
5394.499176,2840724959,2840726074,15995,1115
5394.508331,2840732792,2840733909,15919,1117
5394.520207,2840740630,2840741745,15837,1115
5394.530734,2840748460,2840749577,15970,1117
5394.540336,2840756293,2840757409,15920,1116
5394.551768,2840764212,2840765332,15790,1120
5394.562298,2840772797,2840773912,15985,1115
5394.572335,2840781190,2840782314,15915,1124
5394.583328,2840789810,2840790927,15823,1117
5394.593856,2840798236,2840799352,16023,1116
5394.604331,2840806478,2840807601,15917,1123
5394.614889,2840815104,2840816224,15841,1120
5394.624332,2840823419,2840824541,15993,1122
5394.635936,2840831289,2840832410,15905,1121
5394.646452,2840839153,2840840275,15868,1122
5394.656331,2840847016,2840848130,15978,1114
5394.667494,2840854842,2840855959,15914,1117
5394.676333,2840862673,2840863791,15881,1118
5394.688328,2840870512,2840871630,15998,1118
5394.699056,2840878334,2840879445,15919,1111
5394.708331,2840886166,2840887281,15836,1115
5394.720094,2840893993,2840895111,15975,1118
5394.730615,2840901838,2840902958,15910,1120
5394.740329,2840909680,2840910795,15844,1115
5394.751656,2840917505,2840918620,15989,1115
5394.760332,2840925300,2840926420,15917,1120
5394.772330,2840933142,2840934257,15833,1115
5394.783214,2840940977,2840942096,15981,1119
5394.792327,2840948811,2840949926,15917,1115
5394.804247,2840956645,2840957756,15856,1111
5394.814777,2840964476,2840965592,16008,1116
5394.824327,2840972307,2840973422,15911,1115
5394.835808,2840980137,2840981253,15838,1116
5394.844331,2840987975,2840989090,15980,1115
5394.856330,2840995802,2840996913,15917,1111
5394.867369,2841003628,2841004749,15844,1121
5394.876331,2841011459,2841012569,15998,1110
5394.888330,2841019288,2841020409,15923,1121
5394.898929,2841027110,2841028225,15834,1115
5394.908334,2841034937,2841036047,15986,1110
5394.919974,2841042769,2841043887,15911,1118
5394.930489,2841050609,2841051729,15845,1120
5394.940330,2841058437,2841059554,15996,1117
5394.951536,2841066267,2841067383,15916,1116
5394.960330,2841074110,2841075230,15897,1120
5394.972329,2841081946,2841083062,15987,1116
5394.983094,2841089780,2841090899,15913,1119
5394.992336,2841097641,2841098765,15932,1124
5395.004135,2841105475,2841106596,16004,1121
5395.014657,2841113308,2841114425,15925,1117
5395.024331,2841120980,2841122095,15841,1115
5395.035695,2841128807,2841129921,15984,1114
5395.044328,2841136638,2841137748,15916,1110
5395.056333,2841144457,2841145567,15936,1110
5395.067256,2841152279,2841153394,16076,1115
5395.076331,2841160100,2841161219,16001,1119
5395.088288,2841167936,2841169047,15843,1111
5395.098815,2841175790,2841176908,15988,1118
5395.108330,2841183626,2841184747,15922,1121
5395.119848,2841191460,2841192578,15893,1118
5395.130377,2841199303,2841200427,16050,1124
5395.140331,2841207144,2841208259,15918,1115
5395.151409,2841214979,2841216090,15838,1111
5395.160332,2841222806,2841223917,15999,1111
5395.172349,2841230649,2841231766,15909,1117
5395.182969,2841238479,2841239594,15848,1115
5395.192329,2841246306,2841247416,15991,1110
5395.204016,2841254131,2841255243,15903,1112
5395.214529,2841261986,2841263104,15838,1118
5395.224328,2841269819,2841270939,15979,1120
5395.235575,2841277656,2841278775,15920,1119
5395.244327,2841285496,2841286613,15845,1117
5395.256335,2841293334,2841294451,15999,1117
5395.267136,2841301168,2841302285,15922,1117
5395.276329,2841309038,2841310149,15838,1111
5395.288176,2841316879,2841317999,16000,1120
5395.298695,2841324719,2841325837,15921,1118
5395.308331,2841332551,2841333667,15826,1116
5395.319735,2841340386,2841341505,15998,1119
5395.328330,2841348215,2841349331,15913,1116
5395.340336,2841356041,2841357161,15834,1120
5395.351296,2841363864,2841364975,15978,1111
5395.360327,2841371692,2841372811,15915,1119
5395.372330,2841379586,2841380706,15856,1120
5395.382857,2841387426,2841388536,15994,1110
5395.392329,2841395244,2841396354,15919,1110
5395.403888,2841403061,2841404177,15835,1116
5395.414416,2841410892,2841412012,15979,1120
5395.424329,2841418725,2841419840,15914,1115
5395.435450,2841426577,2841427690,15831,1113
5395.444328,2841434405,2841435520,16003,1115
5395.456330,2841442237,2841443352,15998,1115
5395.467009,2841450066,2841451181,15909,1115
5395.476330,2841457885,2841459002,16062,1117
5395.488054,2841465711,2841466828,15922,1117
5395.498570,2841473550,2841474662,15861,1112
5395.508330,2841481366,2841482486,16015,1120
5395.519616,2841489203,2841490321,15926,1118
5395.528337,2841497038,2841498158,15841,1120
5395.540329,2841504881,2841505995,16065,1114
5395.551175,2841512730,2841513843,16004,1113
5395.560329,2841520574,2841521686,15939,1112
5395.572216,2841528416,2841529527,16063,1111
5395.582737,2841536245,2841537356,15919,1111
5395.592328,2841544093,2841545218,15868,1125
5395.603774,2841551943,2841553058,15970,1115
5395.612329,2841559802,2841560922,15913,1120
5395.624337,2841567652,2841568768,15848,1116
5395.635337,2841575487,2841576601,15997,1114
5395.644328,2841583330,2841584450,15918,1120
5395.656330,2841591168,2841592278,15827,1110
5395.666895,2841598988,2841600099,15986,1111
5395.676329,2841606817,2841607938,15921,1121
5395.687930,2841614660,2841615773,15933,1113
5395.698457,2841622502,2841623622,16047,1120
5395.708327,2841630375,2841631494,15996,1119
5395.719489,2841638213,2841639329,15909,1116
5395.728331,2841646062,2841647173,16056,1111
5395.740329,2841653895,2841655016,15934,1121
5395.751049,2841661754,2841662863,15855,1109
5395.760335,2841669599,2841670719,15997,1120
5395.772096,2841677461,2841678584,16004,1123
5395.782610,2841685320,2841686441,15837,1121
5395.792329,2841693171,2841694289,15981,1118
5395.803654,2841701023,2841702148,15912,1125
5395.812330,2841708882,2841710000,15847,1118
5395.824328,2841716728,2841717845,15996,1117
5395.835216,2841724583,2841725702,15915,1119
5395.844329,2841732450,2841733570,15836,1120
5395.856256,2841740296,2841741413,15999,1117
5395.866776,2841748149,2841749272,15916,1123
5395.876334,2841756014,2841757135,15849,1121
5395.887818,2841763881,2841764997,16007,1116
5395.896328,2841771718,2841772842,15918,1124
5395.908331,2841779592,2841780716,15831,1124
5395.919375,2841787452,2841788576,15979,1124
5395.928327,2841795335,2841796453,15918,1118
5395.940328,2841803189,2841804311,15880,1122
5395.950937,2841811037,2841812147,15997,1110
5395.960329,2841818872,2841819993,15918,1121
5395.971968,2841826714,2841827826,15836,1112
5395.982498,2841834572,2841835689,15986,1117
5395.992328,2841842400,2841843520,15914,1120
5396.003528,2841850260,2841851378,15808,1118
5396.012329,2841858116,2841859233,15994,1117
5396.024331,2841865949,2841867069,15919,1120
5396.035091,2841873793,2841874916,15861,1123
5396.044334,2841881681,2841882798,15981,1117
5396.056135,2841889515,2841890631,15910,1116
5396.066650,2841897357,2841898476,15851,1119
5396.076330,2841905220,2841906344,15997,1124
5396.087698,2841913084,2841914200,15916,1116
5396.096328,2841920917,2841922036,15866,1119
5396.108331,2841928766,2841929881,15981,1115
5396.119255,2841936653,2841937776,15919,1123
5396.128335,2841945003,2841946118,15847,1115
5396.140296,2841953430,2841954548,15995,1118
5396.150817,2841961866,2841962988,15917,1122
5396.160331,2841970305,2841971422,15832,1117
5396.171855,2841978726,2841979850,15988,1124
5396.182377,2841987153,2841988284,15908,1131
5396.192333,2841995888,2841997010,15853,1122
5396.203417,2842003762,2842004881,16008,1119
5396.212329,2842011629,2842012753,15918,1124
5396.224330,2842019500,2842020625,15820,1125
5396.234975,2842027372,2842028492,15986,1120
5396.244328,2842035216,2842036332,15919,1116
5396.256009,2842043075,2842044200,15844,1125
5396.266537,2842050943,2842052062,15985,1119
5396.276333,2842058790,2842059909,15910,1119
5396.287569,2842066659,2842067775,15829,1116
5396.296336,2842074548,2842075666,15981,1118
5396.308327,2842082420,2842083544,15915,1124
5396.319132,2842090292,2842091412,15861,1120
5396.328332,2842098191,2842099315,15995,1124
5396.340176,2842105949,2842107074,15910,1125
5396.350688,2842113830,2842114953,15821,1123
5396.360330,2842121705,2842122828,15986,1123
5396.371735,2842129581,2842130706,15914,1125
5396.380331,2842137462,2842138582,15851,1120
5396.392334,2842145324,2842146436,15990,1112
5396.403296,2842153170,2842154292,15917,1122
5396.412330,2842161012,2842162123,15833,1111
5396.424330,2842168853,2842169972,15980,1119
5396.434856,2842176689,2842177811,15921,1122
5396.444332,2842184562,2842185686,15847,1124
5396.455896,2842192423,2842193540,15994,1117
5396.466418,2842200292,2842201416,15908,1124
5396.476333,2842208151,2842209274,15864,1123
5396.487455,2842216000,2842217118,15951,1118
5396.496332,2842223844,2842224969,15918,1125
5396.508331,2842231718,2842232838,15844,1120
5396.519017,2842239589,2842240713,16000,1124
5396.528332,2842247492,2842248617,15916,1125
5396.540057,2842255340,2842256458,15921,1118
5396.550578,2842263187,2842264310,15919,1123
5396.560329,2842270966,2842272092,15916,1126
5396.571617,2842278840,2842279964,15920,1124
5396.580329,2842286690,2842287810,15915,1120
5396.592329,2842294568,2842295693,15916,1125
5396.603173,2842302438,2842303563,15859,1125
5396.612329,2842310320,2842311441,15987,1121
5396.624215,2842318186,2842319306,15904,1120
5396.634730,2842326036,2842327156,15848,1120
5396.644335,2842333902,2842335022,16002,1120
5396.655778,2842341770,2842342889,15923,1119
5396.664329,2842349622,2842350741,15831,1119
5396.676329,2842357458,2842358571,15982,1113
5396.687336,2842365344,2842366465,15916,1121
5396.696330,2842373224,2842374344,15834,1120
5396.708334,2842381075,2842382194,15973,1119
5396.718897,2842388944,2842390068,15916,1124
5396.728327,2842396785,2842397910,15836,1125
5396.739937,2842404661,2842405786,15987,1125
5396.750456,2842412512,2842413636,15914,1124
5396.760333,2842420387,2842421510,15847,1123
5396.771499,2842428261,2842429384,15993,1123
5396.780333,2842436133,2842437258,15921,1125
5396.792329,2842443991,2842445111,15834,1120
5396.803054,2842451851,2842452968,15970,1117
5396.812329,2842459737,2842460861,15909,1124
5396.824090,2842467605,2842468728,15862,1123
5396.834616,2842475505,2842476625,15986,1120
5396.844331,2842483373,2842484497,15905,1124
5396.855649,2842491235,2842492356,15848,1121
5396.864330,2842499104,2842500228,15974,1124
5396.876329,2842506984,2842508108,15915,1124
5396.887210,2842514857,2842515978,15861,1121
5396.896331,2842522717,2842523831,16022,1114
5396.908255,2842530561,2842531686,15918,1125
5396.918769,2842538405,2842539521,15846,1116
5396.928332,2842546289,2842547414,15969,1125
5396.939816,2842554148,2842555265,15901,1117
5396.948327,2842561999,2842563123,15867,1124
5396.960336,2842569866,2842570990,15986,1124
5396.971376,2842577735,2842578856,15916,1121
5396.980327,2842585633,2842586754,15843,1121
5396.992330,2842593528,2842594653,15968,1125
5397.002939,2842601418,2842602543,15912,1125
5397.012328,2842609294,2842610411,15826,1117
5397.023977,2842617153,2842618270,16003,1117
5397.034498,2842625022,2842626145,15916,1123
5397.044328,2842632892,2842634011,15816,1119
5397.055536,2842640758,2842641882,15986,1124
5397.064335,2842648638,2842649758,15915,1120
5397.076328,2842656504,2842657628,15847,1124
5397.087097,2842664380,2842665504,15997,1124
5397.096328,2842672279,2842673399,15917,1120
5397.108129,2842680146,2842681262,15830,1116
5397.118657,2842688005,2842689125,15982,1120
5397.128329,2842695873,2842696998,15919,1125
5397.139690,2842703749,2842704868,15845,1119
5397.148329,2842711621,2842712738,15996,1117
5397.160330,2842719489,2842720610,15915,1121
5397.171249,2842727358,2842728479,15830,1121
5397.180329,2842735203,2842736328,15943,1125
5397.192295,2842743079,2842744204,15909,1125
5397.202808,2842750934,2842752069,15812,1135
5397.212328,2842758812,2842759924,15997,1112
5397.223857,2842766663,2842767781,15919,1118
5397.234370,2842774526,2842775650,15821,1124
5397.244330,2842782401,2842783522,15999,1121
5397.255416,2842790270,2842791395,15917,1125
5397.264328,2842798171,2842799294,15852,1123
5397.276333,2842806046,2842807169,15998,1123
5397.286978,2842813908,2842815025,15891,1117
5397.296328,2842821770,2842822894,15837,1124
5397.308015,2842829646,2842830771,15983,1125
5397.318537,2842837517,2842838642,15920,1125
5397.328331,2842845400,2842846520,15847,1120
5397.339577,2842853268,2842854392,16002,1124
5397.348335,2842861148,2842862271,15911,1123
5397.360330,2842869012,2842870131,15832,1119
5397.371136,2842876870,2842877994,15983,1124
5397.380328,2842884743,2842885868,15916,1125
5397.392167,2842892610,2842893731,15830,1121
5397.402698,2842900471,2842901593,16000,1122
5397.412331,2842908357,2842909479,15917,1122
5397.423731,2842916234,2842917359,15831,1125
5397.432333,2842924106,2842925226,15982,1120
5397.444329,2842931974,2842933097,15906,1123
5397.455290,2842939849,2842940969,15850,1120
5397.464328,2842947752,2842948873,15996,1121
5397.476330,2842955628,2842956746,15923,1118
5397.486851,2842963504,2842964627,15834,1123
5397.496327,2842971376,2842972494,15985,1118
5397.507896,2842979248,2842980372,15914,1124
5397.518411,2842987169,2842988294,15849,1125
5397.528328,2842995054,2842996178,15989,1124
5397.539458,2843002928,2843004052,15917,1124
5397.548331,2843010797,2843011920,15830,1123
5397.560336,2843018669,2843019789,15990,1120
5397.571016,2843026534,2843027655,15915,1121
5397.580333,2843034429,2843035554,15838,1125
5397.592057,2843042300,2843043424,16004,1124
5397.602571,2843050366,2843051491,15840,1125
5397.612332,2843058258,2843059373,15882,1115
5397.623617,2843066125,2843067249,15969,1124
5397.632328,2843073998,2843075121,15835,1123
5397.644326,2843081876,2843083002,15965,1126
5397.655178,2843089780,2843090899,15974,1119
5397.664330,2843097674,2843098794,15827,1120
5397.676212,2843105541,2843106662,15945,1121
5397.686738,2843113414,2843114533,15973,1119
5397.698758,2843123000,2843124119,15940,1119
5397.708332,2843131246,2843132370,15969,1124
5397.719792,2843139872,2843140997,15830,1125
5397.730318,2843148315,2843149435,15944,1120
5397.742339,2843158056,2843159181,15844,1125
5397.752333,2843166498,2843167618,15948,1120
5397.763384,2843174901,2843176033,15959,1132
5397.772327,2843183575,2843184690,15837,1115
5397.784332,2843191441,2843192560,15948,1119
5397.794944,2843199315,2843200437,15949,1122
5397.804327,2843207179,2843208303,15835,1124
5397.815971,2843215067,2843216187,15926,1120
5397.826504,2843222947,2843224071,15958,1124
5397.836330,2843230822,2843231947,15918,1125
5397.847538,2843238698,2843239817,15928,1119
5397.856329,2843246573,2843247688,15973,1115
5397.868335,2843254438,2843255561,15828,1123
5397.879099,2843262313,2843263431,15952,1118
5397.888328,2843270200,2843271320,15973,1120
5397.900137,2843278076,2843279198,15833,1122
5397.910659,2843285952,2843287075,15937,1123
5397.920328,2843293832,2843294957,15962,1125
5397.931695,2843301712,2843302827,15835,1115
5397.940330,2843309572,2843310694,15952,1122
5397.952330,2843317436,2843318557,15968,1121
5397.963256,2843325301,2843326421,15831,1120
5397.972327,2843333171,2843334296,15938,1125
5397.984305,2843341054,2843342175,15972,1121
5397.994817,2843348925,2843350047,15828,1122
5398.004327,2843356796,2843357920,15942,1124
5398.015863,2843364667,2843365785,15968,1118
5398.026377,2843372538,2843373663,15836,1125
5398.036331,2843380417,2843381536,15847,1119
5398.047425,2843388284,2843389408,15966,1124
5398.056328,2843396159,2843397284,15829,1125
5398.068329,2843404035,2843405158,15953,1123
5398.078983,2843411908,2843413033,15966,1125
5398.088333,2843419789,2843420905,15837,1116
5398.100020,2843427657,2843428778,15944,1121
5398.110544,2843435532,2843436656,15971,1124
5398.120329,2843443394,2843444514,15836,1120
5398.131579,2843451285,2843452406,15945,1121
5398.140328,2843459182,2843460307,15952,1125
5398.152332,2843467054,2843468178,15837,1124
5398.163139,2843474922,2843476040,15945,1118
5398.172333,2843482816,2843483936,15973,1120
5398.184183,2843490691,2843491815,15907,1124
5398.194699,2843498572,2843499692,15931,1120
5398.204332,2843506474,2843507594,15971,1120
5398.215735,2843514343,2843515462,15831,1119
5398.224328,2843522224,2843523344,15942,1120
5398.236328,2843530095,2843531218,15975,1123
5398.247296,2843537963,2843539082,15832,1119
5398.256331,2843545836,2843546956,15943,1120
5398.268332,2843553698,2843554823,15966,1125
5398.278857,2843561581,2843562706,15832,1125
5398.288332,2843569460,2843570579,15956,1119
5398.299903,2843577341,2843578463,15970,1122
5398.310417,2843585245,2843586369,15829,1124
5398.320327,2843593119,2843594244,15947,1125
5398.331464,2843600996,2843602118,15973,1122
5398.340327,2843608862,2843609988,15833,1126
5398.352334,2843616769,2843617893,15944,1124
5398.363024,2843624670,2843625791,15963,1121
5398.372332,2843632542,2843633667,15832,1125
5398.384056,2843640413,2843641535,15849,1122
5398.394585,2843648288,2843649407,15969,1119
5398.404330,2843656164,2843657289,15834,1125
5398.415618,2843664039,2843665158,15947,1119
5398.424327,2843671906,2843673026,15970,1120
5398.436330,2843679792,2843680911,15845,1119
5398.447179,2843687691,2843688816,15950,1125
5398.456329,2843695593,2843696718,15964,1125
5398.468215,2843703470,2843704594,15837,1124
5398.478739,2843711349,2843712471,15944,1122
5398.488328,2843719224,2843720348,15946,1124
5398.499776,2843727121,2843728244,15834,1123
5398.508329,2843735000,2843736119,15941,1119
5398.520332,2843742862,2843743987,15973,1125
5398.531343,2843750729,2843751849,15899,1120
5398.540329,2843758601,2843759720,15945,1119
5398.552330,2843766473,2843767592,15970,1119
5398.562896,2843774345,2843775465,15822,1120
5398.572332,2843782260,2843783379,15948,1119
5398.583942,2843790136,2843791257,15970,1121
5398.594457,2843798004,2843799123,15833,1119
5398.604328,2843805877,2843806999,15941,1122
5398.615504,2843813755,2843814876,15969,1121
5398.624332,2843821628,2843822749,15836,1121
5398.636334,2843829446,2843830572,15963,1126
5398.647063,2843837326,2843838446,15953,1120
5398.656331,2843845224,2843846345,15841,1121
5398.668098,2843853126,2843854251,15949,1125
5398.678623,2843861031,2843862156,15957,1125
5398.688327,2843868910,2843870035,15847,1125
5398.699659,2843876812,2843877935,15946,1123
5398.708332,2843884693,2843885819,15954,1126
5398.720333,2843892563,2843893682,15841,1119
5398.731217,2843900465,2843901575,15865,1110
5398.740328,2843908332,2843909449,15956,1117
5398.752255,2843916199,2843917320,15845,1121
5398.762779,2843924063,2843925188,15947,1125
5398.772332,2843931990,2843933111,15957,1121
5398.783816,2843939859,2843940978,15849,1119
5398.794340,2843947741,2843948866,15942,1125
5398.804333,2843955619,2843956739,15954,1120
5398.815376,2843963497,2843964621,15843,1124
5398.824328,2843971369,2843972494,15947,1125
5398.836329,2843979262,2843980381,15979,1119
5398.846937,2843987133,2843988254,15851,1121
5398.856335,2843995007,2843996132,15942,1125
5398.867982,2844002886,2844004011,15957,1125
5398.878503,2844010766,2844011890,15912,1124
5398.888328,2844018643,2844019767,15948,1124
5398.899543,2844026514,2844027636,15947,1122
5398.908328,2844034390,2844035512,15843,1122
5398.920331,2844042265,2844043390,15934,1125
5398.931102,2844050140,2844051260,15957,1120
5398.940332,2844058034,2844059153,15846,1119
5398.952138,2844065907,2844067025,15947,1118
5398.962663,2844073781,2844074903,15948,1122
5398.972329,2844081663,2844082783,15848,1120
5398.983700,2844089533,2844090658,15961,1125
5398.992329,2844097410,2844098535,15964,1125
5399.004329,2844105295,2844106413,15846,1118
5399.015259,2844113169,2844114292,15937,1123
5399.024327,2844121048,2844122168,15958,1120
5399.036295,2844128923,2844130048,15843,1125
5399.046819,2844136817,2844137943,15940,1126
5399.056328,2844144696,2844145821,15951,1125
5399.067856,2844152576,2844153696,15845,1120
5399.078379,2844160442,2844161566,15858,1124
5399.088330,2844168321,2844169446,15954,1125
5399.099416,2844176192,2844177316,15843,1124
5399.108333,2844184066,2844185187,15945,1121
5399.120335,2844191928,2844193053,15955,1125
5399.130977,2844199801,2844200927,15859,1126
5399.140329,2844207670,2844208794,15942,1124
5399.152022,2844215538,2844216663,15951,1125
5399.162537,2844223439,2844224561,15851,1122
5399.172331,2844231322,2844232447,15941,1125
5399.183583,2844239199,2844240317,15944,1118
5399.192329,2844247069,2844248189,15848,1120
5399.204330,2844254947,2844256073,15945,1126
5399.215143,2844262831,2844263951,15958,1120
5399.224330,2844270723,2844271849,15899,1126
5399.236179,2844278598,2844279722,15944,1124
5399.246705,2844286515,2844287641,16025,1126
5399.256328,2844294415,2844295537,15833,1122
5399.267739,2844302288,2844303413,15938,1125
5399.278265,2844310753,2844311885,15959,1132
5399.288332,2844319039,2844320163,15832,1124
5399.299300,2844327675,2844328795,15941,1120
5399.308331,2844336130,2844337254,16017,1124
5399.320331,2844344618,2844345737,15811,1119
5399.330861,2844353113,2844354233,15953,1120
5399.340334,2844361943,2844363072,15971,1129
5399.351898,2844370038,2844371159,15839,1121
5399.362420,2844377918,2844379034,15948,1116
5399.372330,2844385789,2844386911,15971,1122
5399.383456,2844393739,2844394860,15834,1121
5399.392330,2844401603,2844402723,15949,1120
5399.404337,2844409476,2844410601,15975,1125
5399.415016,2844417347,2844418467,15829,1120
5399.424335,2844425218,2844426343,15852,1125
5399.436063,2844433122,2844434248,15961,1126
5399.448075,2844442113,2844443236,15895,1123
5399.458608,2844450012,2844451134,15971,1122
5399.468329,2844457893,2844459015,15833,1122
5399.479644,2844465772,2844466897,15962,1125
5399.488336,2844473677,2844474803,15966,1126
5399.500335,2844481564,2844482689,15831,1125
5399.511202,2844489453,2844490579,15935,1126
5399.520327,2844497334,2844498458,15971,1124
5399.532241,2844505205,2844506328,15834,1123
5399.542763,2844513077,2844514201,15947,1124
5399.552334,2844520945,2844522070,15971,1125
5399.563800,2844528826,2844529946,15830,1120
5399.572327,2844536696,2844537817,15854,1121
5399.584330,2844544558,2844545683,15972,1125
5399.595359,2844552441,2844553567,15832,1126
5399.604329,2844560322,2844561448,15941,1126
5399.616328,2844568203,2844569329,15958,1126
5399.626920,2844576081,2844577205,15849,1124
5399.636332,2844583958,2844585077,15951,1119
5399.647967,2844591857,2844592980,15967,1123
5399.658481,2844599754,2844600877,15839,1123
5399.668331,2844607620,2844608746,15943,1126
5399.679527,2844615496,2844616616,15953,1120
5399.688328,2844623367,2844624491,15824,1124
5399.700332,2844631267,2844632391,15948,1124
5399.711088,2844639142,2844640262,15962,1120
5399.720328,2844647032,2844648156,15902,1124
5399.732122,2844654911,2844656033,15934,1122
5399.742648,2844662786,2844663910,15957,1124
5399.752330,2844670692,2844671813,15821,1121
5399.763684,2844678567,2844679691,15945,1124
5399.772327,2844686442,2844687567,15971,1125
5399.784328,2844694316,2844695441,15834,1125
5399.795243,2844702193,2844703312,15948,1119
5399.804327,2844710072,2844711193,15967,1121
5399.816278,2844717941,2844719065,15833,1124
5399.826805,2844725827,2844726953,15959,1126
5399.836327,2844733707,2844734833,15961,1126
5399.847839,2844741593,2844742718,15829,1125
5399.858365,2844749485,2844750611,15943,1126
5399.868329,2844757401,2844758523,15967,1122
5399.879399,2844765283,2844766407,15834,1124
5399.888332,2844773165,2844774291,15943,1126
5399.900329,2844781035,2844782160,15970,1125
5399.910960,2844788913,2844790038,15830,1125
5399.920334,2844796793,2844797915,15847,1122
5399.932007,2844804666,2844805786,15959,1120
5399.942520,2844812574,2844813691,15827,1117
5399.952329,2844820504,2844821629,15945,1125
5399.963568,2844828376,2844829496,15966,1120
5399.972329,2844836244,2844837365,15848,1121
5399.984330,2844844108,2844845233,15949,1125
5399.995128,2844851981,2844853101,15970,1120
5400.004328,2844859906,2844861031,15833,1125
5400.016162,2844867788,2844868914,15935,1126
5400.026688,2844875673,2844876797,15952,1124
5400.036328,2844883554,2844884676,15833,1122
5400.047722,2844891426,2844892551,15949,1125
5400.056331,2844899302,2844900427,15976,1125
5400.068331,2844907191,2844908317,15911,1126
5400.079283,2844915069,2844916188,15947,1119
5400.088336,2844922935,2844924057,15964,1122
5400.100319,2844930814,2844931940,15836,1126
5400.110843,2844938694,2844939816,15944,1122
5400.120327,2844946574,2844947698,15966,1124
5400.131879,2844954446,2844955571,15830,1125
5400.142404,2844962324,2844963449,15948,1125
5400.152328,2844970202,2844971324,15967,1122
5400.163440,2844978070,2844979190,15828,1120
5400.172327,2844985943,2844987063,15955,1120
5400.184328,2844993809,2844994931,15972,1122
5400.195002,2845001693,2845002819,15827,1126
5400.204333,2845009613,2845010735,15949,1122
5400.216049,2845017509,2845018631,15969,1122
5400.226561,2845025385,2845026511,15835,1126
5400.236328,2845033266,2845034388,15944,1122
5400.247608,2845041180,2845042304,15961,1124
5400.256332,2845049077,2845050202,15826,1125
5400.268330,2845056970,2845058093,15862,1123
5400.279168,2845064850,2845065969,15965,1119
5400.288327,2845072717,2845073842,15831,1125
5400.300202,2845080598,2845081720,15944,1122
5400.310728,2845088475,2845089601,15969,1126
5400.320330,2845096342,2845097461,15847,1119
5400.331762,2845104214,2845105338,15944,1124
5400.340333,2845112096,2845113218,15972,1122
5400.352334,2845119974,2845121094,15833,1120
5400.363323,2845127830,2845128949,15945,1119
5400.372328,2845135696,2845136821,15955,1125
5400.384328,2845143574,2845144700,15823,1126
5400.394884,2845151449,2845152570,15946,1121
5400.404329,2845159320,2845160445,15975,1125
5400.415927,2845167200,2845168319,15912,1119
5400.426443,2845175082,2845176208,15942,1126
5400.436330,2845182991,2845184116,15969,1125
5400.447480,2845190867,2845191990,15830,1123
5400.456329,2845198747,2845199868,15945,1121
5400.468330,2845206658,2845207784,16012,1126
5400.479040,2845214551,2845215677,15832,1126
5400.488330,2845222453,2845223575,15947,1122
5400.500089,2845230334,2845231460,15968,1126
5400.510601,2845238239,2845239362,15831,1123
5400.520329,2845246114,2845247240,15962,1126
5400.531647,2845253990,2845255114,15968,1124
5400.540327,2845261867,2845262992,15831,1125
5400.552332,2845269746,2845270871,15948,1125
5400.563208,2845277627,2845278747,15970,1120
5400.572331,2845285525,2845286649,15827,1124
5400.584242,2845293404,2845294530,15944,1126
5400.594768,2845301300,2845302418,15960,1118
5400.604330,2845309168,2845310290,15833,1122
5400.615801,2845317052,2845318178,15835,1126
5400.624328,2845324934,2845326059,15974,1125
5400.636328,2845332826,2845333952,15818,1126
5400.647363,2845340703,2845341828,15946,1125
5400.656331,2845348590,2845349709,15973,1119
5400.668330,2845356468,2845357594,15838,1126
5400.678924,2845364362,2845365486,15950,1124
5400.688328,2845372247,2845373367,15968,1120
5400.699961,2845380114,2845381240,15830,1126
5400.710484,2845387999,2845389124,15946,1125
5400.720329,2845395873,2845396999,15956,1126
5400.731520,2845403753,2845404877,15821,1124
5400.740328,2845411639,2845412762,15939,1123
5400.752335,2845419517,2845420636,15972,1119
5400.763088,2845427401,2845428527,15911,1126
5400.772331,2845435309,2845436431,15948,1122
5400.784128,2845443183,2845444309,15969,1126
5400.794641,2845451092,2845452215,15832,1123
5400.804330,2845458972,2845460092,15941,1120
5400.815686,2845466847,2845467973,15973,1126
5400.824331,2845474730,2845475852,15829,1122
5400.836329,2845482599,2845483724,15947,1125
5400.850252,2845493130,2845494263,15940,1133
5400.860333,2845501389,2845502515,15973,1126
5400.871286,2845510095,2845511225,15832,1130
5400.880334,2845518542,2845519664,15868,1122
5400.892333,2845526837,2845527967,15956,1130
5400.902847,2845535332,2845536462,15848,1130
5400.912334,2845543896,2845545024,15860,1128
5400.923894,2845552030,2845553152,15960,1122
5400.934407,2845559939,2845561065,15845,1126
5400.944335,2845567830,2845568956,15948,1126
5400.955452,2845575703,2845576829,15959,1126
5400.964332,2845583590,2845584716,15861,1126
5400.976335,2845591476,2845592601,15931,1125
5400.987013,2845599349,2845600475,15958,1126
5400.996331,2845607217,2845608337,15835,1120
5401.008048,2845615094,2845616216,15933,1122
5401.018573,2845622966,2845624091,15940,1125
5401.028334,2845630838,2845631959,15839,1121
5401.039610,2845638715,2845639841,15930,1126
5401.048327,2845646586,2845647711,15945,1125
5401.060329,2845654466,2845655589,15900,1123
5401.071169,2845662345,2845663470,15943,1125
5401.080330,2845670261,2845671387,16027,1126
5401.092206,2845678138,2845679264,15833,1126
5401.102729,2845686019,2845687142,15947,1123
5401.112332,2845693906,2845695031,15973,1125
5401.123766,2845701789,2845702914,15830,1125
5401.132331,2845709696,2845710822,15949,1126
5401.144332,2845717576,2845718701,15968,1125
5401.155326,2845725453,2845726578,15830,1125
5401.164332,2845733332,2845734456,15960,1124
5401.176329,2845741215,2845742340,15971,1125
5401.186887,2845749098,2845750222,15836,1124
5401.196329,2845756979,2845758098,15944,1119
5401.207934,2845764856,2845765981,15974,1125
5401.218447,2845772735,2845773858,15831,1123
5401.228327,2845780618,2845781739,15940,1121
5401.239494,2845788494,2845789619,15968,1125
5401.248334,2845796423,2845797550,15829,1127
5401.260328,2845804308,2845805433,15852,1125
5401.271055,2845812191,2845813317,15968,1126
5401.280332,2845820097,2845821222,15831,1125
5401.292090,2845828018,2845829144,15943,1126
5401.302614,2845835902,2845837028,15965,1126
5401.312327,2845843779,2845844904,15845,1125
5401.323649,2845851657,2845852779,15935,1122
5401.332336,2845859536,2845860661,15970,1125
5401.344328,2845867417,2845868540,15834,1123
5401.355209,2845875300,2845876425,15947,1125
5401.364327,2845883176,2845884301,15945,1125
5401.376246,2845891065,2845892185,15824,1120
5401.386770,2845898938,2845900064,15946,1126
5401.396327,2845906827,2845907946,15979,1119
5401.407815,2845914709,2845915831,15934,1122
5401.416334,2845922589,2845923712,15844,1123
5401.428330,2845930470,2845931596,15996,1126
5401.439374,2845938388,2845939514,15914,1126
5401.448329,2845946274,2845947400,15836,1126
5401.460331,2845954158,2845955284,15994,1126
5401.470927,2845962044,2845963164,15826,1120
5401.480329,2845969922,2845971048,15945,1126
5401.491976,2845977822,2845978945,15967,1123
5401.502488,2845985726,2845986853,15824,1127
5401.512328,2845993637,2845994759,15961,1122
5401.523534,2846001507,2846002632,15967,1125
5401.532334,2846009376,2846010499,15821,1123
5401.544327,2846017262,2846018388,15943,1126
5401.555095,2846025145,2846026271,15968,1126
5401.564329,2846033071,2846034195,15830,1124
5401.576131,2846040952,2846042078,15949,1126
5401.586655,2846048831,2846049957,15971,1126
5401.596328,2846056712,2846057835,15836,1123
5401.607687,2846064587,2846065713,15850,1126
5401.616332,2846072469,2846073596,15968,1127
5401.628327,2846080353,2846081479,15832,1126
5401.639250,2846088232,2846089356,15947,1124
5401.648332,2846096119,2846097243,15967,1124
5401.660286,2846104003,2846105128,15839,1125
5401.670810,2846111893,2846113018,15934,1125
5401.680326,2846119777,2846120904,15970,1127
5401.691849,2846127747,2846128873,15832,1126
5401.702371,2846135625,2846136751,15951,1126
5401.712329,2846143507,2846144633,15939,1126
5401.723406,2846151388,2846152514,15836,1126
5401.732328,2846159272,2846160397,15944,1125
5401.744329,2846167155,2846168281,15967,1126
5401.754974,2846175039,2846176162,15907,1123
5401.764334,2846182923,2846184050,15943,1127
5401.776014,2846190798,2846191924,15966,1126
5401.786528,2846198681,2846199804,15826,1123
5401.796329,2846206589,2846207713,15937,1124
5401.807573,2846214493,2846215619,15967,1126
5401.816333,2846222380,2846223502,15833,1122
5401.828335,2846230258,2846231375,15948,1117
5401.839135,2846238110,2846239233,15964,1123
5401.848330,2846246013,2846247138,15829,1125
5401.860170,2846253892,2846255018,15961,1126
5401.870695,2846261771,2846262897,15974,1126
5401.880333,2846269661,2846270783,15819,1122
5401.891729,2846277538,2846278660,15944,1122
5401.900332,2846285433,2846286556,15958,1123
5401.912330,2846293348,2846294474,15820,1126
5401.923290,2846301243,2846302373,15917,1130
5401.932328,2846309135,2846310258,15970,1123
5401.944326,2846317013,2846318139,15831,1126
5401.954848,2846324898,2846326024,15852,1126
5401.964330,2846332781,2846333903,15974,1122
5401.975887,2846340649,2846341775,15833,1126
5401.986410,2846348537,2846349659,15946,1122
5401.996329,2846356407,2846357529,15955,1122
5402.007446,2846364291,2846365417,15847,1126
5402.016329,2846372187,2846373313,15945,1126
5402.028333,2846380071,2846381192,15967,1121
5402.039007,2846387949,2846389075,15833,1126
5402.048327,2846395827,2846396950,15950,1123
5402.060054,2846403708,2846404833,15955,1125
5402.070567,2846411608,2846412735,15826,1127
5402.080328,2846419510,2846420633,15940,1123
5402.091614,2846427417,2846428542,15965,1125
5402.100332,2846435338,2846436464,15905,1126
5402.112327,2846443252,2846444374,15946,1122
5402.123175,2846451130,2846452253,15966,1123
5402.132331,2846459008,2846460136,15829,1128
5402.144209,2846466893,2846468016,15944,1123
5402.154733,2846474802,2846475928,15970,1126
5402.164329,2846482715,2846483841,15833,1126
5402.175771,2846490609,2846491733,15940,1124
5402.184332,2846498494,2846499619,15968,1125
5402.196331,2846506375,2846507500,15833,1125
5402.207331,2846514261,2846515388,15959,1127
5402.216332,2846522153,2846523274,15968,1121
5402.228329,2846530031,2846531153,15840,1122
5402.238888,2846537946,2846539075,15880,1129
5402.248330,2846545853,2846546979,15973,1126
5402.259926,2846553728,2846554850,15834,1122
5402.270451,2846561607,2846562734,15937,1127
5402.280328,2846569495,2846570620,15958,1125
5402.291489,2846577408,2846578531,15831,1123
5402.300327,2846585297,2846586424,15851,1127
5402.312330,2846593202,2846594327,15970,1125
5402.323048,2846601107,2846602232,15829,1125
5402.332332,2846609017,2846610139,15947,1122
5402.344094,2846616926,2846618053,15966,1127
5402.354608,2846624889,2846626015,15848,1126
5402.364327,2846632769,2846633892,15935,1123
5402.375655,2846640666,2846641792,15957,1126
5402.384327,2846648572,2846649698,15832,1126
5402.396335,2846656463,2846657587,15948,1124
5402.407215,2846664345,2846665471,15946,1126
5402.416328,2846672252,2846673379,15831,1127
5402.431253,2846683176,2846684302,15822,1126
5402.443283,2846692889,2846694020,15956,1131
5402.452331,2846701310,2846702441,15930,1131
5402.464317,2846709876,2846711007,15951,1131
5402.474843,2846718390,2846719519,15961,1129
5402.484331,2846726998,2846728129,15836,1131
5402.495879,2846735975,2846737107,16029,1132
5402.507899,2846745284,2846746413,15822,1129
5402.518422,2846753197,2846754328,15938,1131
5402.528332,2846761196,2846762317,15956,1121
5402.539459,2846769088,2846770214,15847,1126
5402.548328,2846776973,2846778100,15863,1127
5402.560332,2846784889,2846786011,15956,1122
5402.571019,2846792798,2846793922,15844,1124
5402.580327,2846800738,2846801865,15948,1127
5402.592064,2846808675,2846809801,15954,1126
5402.616332,2846821612,2846822240,12045,628
5402.628137,2846825640,2846826268,12130,628
5402.638651,2846832342,2846833460,15881,1118
5402.648329,2846840213,2846841338,15857,1125
5402.659693,2846848100,2846849223,15935,1123
5402.668333,2846855965,2846857089,15842,1124
5402.680333,2846863837,2846864958,15933,1121
5402.691253,2846871713,2846872837,15942,1124
5402.700332,2846879621,2846880747,15866,1126
5402.712283,2846887525,2846888650,15939,1125
5402.722815,2846895416,2846896542,15964,1126
5402.732330,2846903302,2846904429,15836,1127
5402.743847,2846911209,2846912342,15881,1133
5402.754376,2846919092,2846920217,15952,1125
5402.764332,2846926977,2846928100,15837,1123
5402.775410,2846934866,2846935992,15948,1126
5402.784333,2846942738,2846943863,15960,1125
5402.796328,2846950620,2846951742,15914,1122
5402.806970,2846958506,2846959631,15947,1125
5402.816327,2846966391,2846967517,15960,1126
5402.828007,2846974275,2846975402,15837,1127
5402.838531,2846982180,2846983303,15947,1123
5402.848333,2846990050,2846991175,15965,1125
5402.859567,2846997952,2846999077,15840,1125
5402.868327,2847005861,2847006988,15946,1127
5402.880334,2847013746,2847014872,15955,1126
5402.891128,2847021656,2847022781,15829,1125
5402.900331,2847029556,2847030682,15951,1126
5402.912174,2847037466,2847038586,15958,1120
5402.922689,2847045365,2847046492,15839,1127
5402.932327,2847053255,2847054378,15946,1123
5402.943735,2847061138,2847062265,15957,1127
5402.952330,2847069026,2847070153,15837,1127
5402.964336,2847076919,2847078042,15946,1123
5402.975295,2847084795,2847085921,15965,1126
5402.984329,2847092731,2847093854,15835,1123
5402.996327,2847100642,2847101766,15849,1124
5403.006855,2847108528,2847109654,15966,1126
5403.016329,2847116488,2847117615,15821,1127
5403.027890,2847124380,2847125501,15944,1121
5403.038416,2847132254,2847133376,15964,1122
5403.048332,2847140127,2847141252,15840,1125
5403.059450,2847148010,2847149133,15943,1123
5403.068330,2847155894,2847157017,15966,1123
5403.080331,2847163812,2847164935,15831,1123
5403.091010,2847171694,2847172828,15948,1134
5403.100327,2847179619,2847180746,15943,1127
5403.112047,2847186073,2847187197,15746,1124
5403.122571,2847194041,2847195168,15939,1127
5403.132330,2847201922,2847203044,15966,1122
5403.143615,2847209799,2847210923,15917,1124
5403.152331,2847217690,2847218813,15939,1123
5403.164333,2847225598,2847226722,15960,1124
5403.175170,2847233482,2847234616,15862,1134
5403.184330,2847241424,2847242547,15946,1123
5403.196213,2847249336,2847250457,15967,1121
5403.206729,2847257231,2847258355,15829,1124
5403.216330,2847265160,2847266284,15947,1124
5403.227775,2847273062,2847274182,15955,1120
5403.236332,2847280947,2847282070,15839,1123
5403.248337,2847288878,2847290004,15955,1126
5403.259335,2847296768,2847297893,15965,1125
5403.268331,2847304736,2847305866,15864,1130
5403.280335,2847312627,2847313750,15945,1123
5403.290898,2847320516,2847321641,16013,1125
5403.300332,2847328400,2847329526,15908,1126
5403.311930,2847336288,2847337408,16013,1120
5403.323950,2847345304,2847346429,15810,1125
5403.334474,2847353192,2847354316,15941,1124
5403.344331,2847361070,2847362195,15953,1125
5403.355513,2847368995,2847370118,15838,1123
5403.364330,2847376871,2847377998,15944,1127
5403.376333,2847384771,2847385897,15967,1126
5403.387074,2847392652,2847393782,15864,1130
5403.396328,2847400585,2847401710,15967,1125
5403.408117,2847408497,2847409623,15963,1126
5403.418631,2847416443,2847417570,15846,1127
5403.428330,2847424222,2847425354,15915,1132
5403.439678,2847432127,2847433254,15958,1127
5403.448333,2847440038,2847441164,15840,1126
5403.460328,2847447922,2847449045,15943,1123
5403.471238,2847455801,2847456926,15961,1125
5403.480329,2847463693,2847464816,15839,1123
5403.492271,2847471570,2847472696,15860,1126
5403.502798,2847479460,2847480593,16048,1133
5403.512336,2847487408,2847488535,15916,1127
5403.523835,2847496142,2847497275,15952,1133
5403.534360,2847505441,2847506575,15952,1134
5403.546380,2847515168,2847516297,15960,1129
5403.556333,2847523216,2847524346,15964,1130
5403.567414,2847531156,2847532284,15914,1128
5403.576331,2847539078,2847540208,15944,1130
5403.588331,2847547025,2847548151,16036,1126
5403.598974,2847554940,2847556073,15838,1133
5403.608330,2847562908,2847564039,15944,1131
5403.620020,2847570822,2847571949,15963,1127
5403.630534,2847578706,2847579828,15824,1122
5403.640328,2847586611,2847587738,15843,1127
5403.651585,2847594600,2847595727,15985,1127
5403.660329,2847602529,2847603656,15838,1127
5403.672329,2847610476,2847611601,15942,1125
5403.683143,2847618405,2847619530,16013,1125
5403.692328,2847626411,2847627545,15850,1134
5403.704175,2847634405,2847635535,15889,1130
5403.714702,2847642314,2847643445,15952,1131
5403.724330,2847650227,2847651353,15837,1126
5403.735738,2847658120,2847659246,15947,1126
5403.744330,2847666014,2847667140,15950,1126
5403.756329,2847673940,2847675066,15817,1126
5403.767297,2847681818,2847682945,15948,1127
5403.776330,2847689708,2847690837,15963,1129
5403.788329,2847697610,2847698741,15914,1131
5403.798854,2847705561,2847706695,15892,1134
5403.808334,2847713485,2847714610,15962,1125
5403.819893,2847721394,2847722521,15836,1127
5403.830417,2847729329,2847730455,15943,1126
5403.840330,2847737217,2847738343,15967,1126
5403.851455,2847745108,2847746230,15834,1122
5403.860328,2847753006,2847754131,15944,1125
5403.872333,2847760947,2847762077,15967,1130
5403.883014,2847768836,2847769959,15832,1123
5403.892327,2847776721,2847777843,15968,1122
5403.904062,2847784644,2847785768,15968,1124
5403.914574,2847792606,2847793737,15839,1131
5403.924328,2847800432,2847801558,15945,1126
5403.935621,2847808442,2847809576,16022,1134
5403.944332,2847816325,2847817453,15837,1128
5403.956327,2847824210,2847825338,15939,1128
5403.967181,2847832131,2847833256,15954,1125
5403.976330,2847840084,2847841210,15829,1126
5403.988215,2847848031,2847849158,15843,1127
5403.998743,2847855976,2847857110,15967,1134
5404.008334,2847864465,2847865595,15836,1130
5404.019776,2847873049,2847874179,15945,1130
5404.030302,2847881630,2847882760,15960,1130
5404.042322,2847891538,2847892669,15958,1131
5404.052331,2847900102,2847901235,15959,1133
5404.063357,2847908686,2847909819,15838,1133
5404.072329,2847917717,2847918850,15938,1133
5404.084334,2847925642,2847926772,15963,1130
5404.094917,2847933587,2847934718,15839,1131
5404.104328,2847941544,2847942673,15944,1129
5404.115964,2847949462,2847950595,15966,1133
5404.126478,2847957421,2847958551,15839,1130
5404.136328,2847965353,2847966488,15850,1135
5404.147524,2847973302,2847974425,15966,1123
5404.156334,2847981255,2847982378,15818,1123
5404.168332,2847989244,2847990374,15946,1130
5404.179085,2847997222,2847998353,15984,1131
5404.188329,2848005292,2848006423,15852,1131
5404.200119,2848013219,2848014350,15945,1131
5404.210645,2848021162,2848022289,15965,1127
5404.220329,2848029115,2848030241,15817,1126
5404.231679,2848037073,2848038199,15944,1126
5404.240332,2848045017,2848046144,15972,1127
5404.252327,2848052911,2848054041,15860,1130
5404.263240,2848060909,2848062040,15942,1131
5404.272334,2848068883,2848070013,15960,1130
5404.284284,2848076783,2848077914,15917,1131
5404.294800,2848084737,2848085868,15943,1131
5404.304327,2848092770,2848093901,15964,1131
5404.315837,2848100668,2848101798,15836,1130
5404.326360,2848108636,2848109767,15947,1131
5404.336334,2848116560,2848117690,15961,1130
5404.347401,2848124494,2848125628,15880,1134
5404.356328,2848132430,2848133561,15914,1131
5404.368327,2848140341,2848141472,15947,1131
5404.378960,2848148295,2848149426,15879,1131
5404.388328,2848156222,2848157356,15968,1134
5404.400003,2848164189,2848165314,16038,1125
5404.410518,2848172158,2848173284,15854,1126
5404.420328,2848180083,2848181217,15916,1134
5404.431563,2848188013,2848189144,15954,1131
5404.440328,2848195945,2848197075,15847,1130
5404.452332,2848203847,2848204981,15921,1134
5404.463123,2848211816,2848212946,15948,1130
5404.472328,2848219748,2848220872,15855,1124
5404.484157,2848227676,2848228806,15854,1130
5404.494684,2848235589,2848236716,15954,1127
5404.504331,2848243539,2848244670,15851,1131
5404.515720,2848251467,2848252601,15937,1134
5404.524327,2848259397,2848260527,15952,1130
5404.536328,2848267367,2848268497,15856,1130
5404.547278,2848275310,2848276444,15935,1134
5404.556332,2848283260,2848284391,15949,1131
5404.568316,2848291201,2848292328,15933,1127
5404.578840,2848299130,2848300261,15942,1131
5404.588328,2848307038,2848308168,16015,1130
5404.599876,2848314995,2848316117,15860,1122
5404.610401,2848322880,2848324010,15950,1130
5404.620328,2848330835,2848331965,15961,1130
5404.631444,2848338764,2848339895,15996,1131
5404.640333,2848346701,2848347832,15950,1131
5404.652329,2848354675,2848355806,16029,1131
5404.662997,2848362673,2848363804,15855,1131
5404.672330,2848370668,2848371802,16025,1134
5404.684041,2848378665,2848379796,15953,1131
5404.694557,2848386609,2848387737,15850,1128
5404.704330,2848394588,2848395719,15946,1131
5404.715604,2848402491,2848403623,15976,1132
5404.724327,2848410465,2848411595,15853,1130
5404.736329,2848418387,2848419518,15963,1131
5404.747163,2848426309,2848427443,15944,1134
5404.756332,2848434257,2848435380,15847,1123
5404.768199,2848442167,2848443297,15945,1130
5404.778726,2848450108,2848451234,15969,1126
5404.788331,2848458018,2848459148,15860,1130
5404.799759,2848465908,2848467031,16025,1123
5404.808327,2848473843,2848474972,15957,1129
5404.820327,2848481747,2848482879,15964,1132
5404.831318,2848489739,2848490872,15861,1133
5404.840330,2848497716,2848498849,16037,1133
5404.852334,2848505669,2848506803,15857,1134
5404.862881,2848513646,2848514776,16014,1130
5404.872328,2848521597,2848522730,15963,1133
5404.883919,2848529560,2848530683,15945,1123
5404.894441,2848537511,2848538643,16026,1132
5404.904331,2848545509,2848546639,16036,1130
5404.915477,2848553435,2848554561,15852,1126
5404.924328,2848561379,2848562511,16030,1132
5404.936326,2848569428,2848570559,15945,1131
5404.947037,2848577399,2848578533,15938,1134
5404.956329,2848585390,2848586520,15946,1130
5404.968083,2848593407,2848594538,15952,1131
5404.978604,2848601828,2848602959,15651,1131
5404.988331,2848609991,2848611125,15941,1134
5404.999643,2848617999,2848619129,15954,1130
5405.008328,2848625963,2848627096,15853,1133
5405.020333,2848633910,2848635044,15953,1134
5405.031202,2848641858,2848642988,16028,1130
5405.040328,2848649841,2848650971,15858,1130
5405.052239,2848657759,2848658894,16014,1135
5405.062764,2848665740,2848666871,15958,1131
5405.072331,2848673740,2848674870,15939,1130
5405.083801,2848681738,2848682869,15968,1131
5405.092334,2848689666,2848690793,16022,1127
5405.104331,2848697621,2848698751,15856,1130
5405.115360,2848705513,2848706639,15953,1126
5405.124329,2848713436,2848714569,16034,1133
5405.136337,2848721355,2848722487,15856,1132
5405.146920,2848729274,2848730407,16026,1133
5405.156328,2848737208,2848738339,15977,1131
5405.167959,2848745130,2848746260,15877,1130
5405.178479,2848753046,2848754180,15856,1134
5405.188332,2848760974,2848762105,15952,1131
5405.199518,2848768903,2848770035,15848,1132
5405.208330,2848776851,2848777981,15943,1130
5405.220331,2848784756,2848785886,15977,1130
5405.231077,2848792724,2848793856,15866,1132
5405.240332,2848800631,2848801765,15952,1134
5405.252123,2848808542,2848809672,15957,1130
5405.262639,2848816516,2848817647,15856,1131
5405.272332,2848824463,2848825598,15942,1135
5405.283683,2848832417,2848833550,15936,1133
5405.292329,2848840371,2848841500,15899,1129
5405.304330,2848848343,2848849473,15942,1130
5405.315244,2848856316,2848857447,15948,1131
5405.324328,2848864338,2848865468,15907,1130
5405.336280,2848872284,2848873415,15943,1131
5405.346804,2848880259,2848881395,15955,1136
5405.356329,2848888223,2848889355,15851,1132
5405.367841,2848896154,2848897289,15937,1135
5405.378363,2848904093,2848905223,15946,1130
5405.388327,2848912072,2848913203,15853,1131
5405.399400,2848920041,2848921173,15946,1132
5405.408335,2848927975,2848929107,15951,1132
5405.420329,2848935899,2848937030,15856,1131
5405.430962,2848943851,2848944982,15963,1131
5405.440327,2848951796,2848952926,15955,1130
5405.451999,2848959773,2848960903,15863,1130
5405.462522,2848967697,2848968829,15948,1132
5405.472329,2848975681,2848976812,15941,1131
5405.483558,2848983668,2848984802,15869,1134
5405.492331,2848991610,2848992739,15940,1129
5405.504331,2848999566,2849000696,15955,1130
5405.515117,2849007534,2849008665,15847,1131
5405.524329,2849015491,2849016622,15858,1131
5405.536163,2849023446,2849024580,15950,1134
5405.546678,2849031455,2849032585,15853,1130
5405.556327,2849039381,2849040513,15947,1132
5405.567726,2849047402,2849048533,16005,1131
5405.576334,2849055908,2849057045,15873,1137
5405.588331,2849064455,2849065587,15949,1132
5405.599284,2849073024,2849074155,16029,1131
5405.608332,2849081769,2849082898,15860,1129
5405.620319,2849090348,2849091479,16026,1131
5405.630846,2849098930,2849100065,15951,1135
5405.640331,2849107946,2849109076,15854,1130
5405.651879,2849115952,2849117083,15945,1131
5405.662405,2849123904,2849125036,15955,1132
5405.672331,2849131892,2849133022,15918,1130
5405.683440,2849139835,2849140966,15948,1131
5405.692335,2849147813,2849148940,15950,1127
5405.704328,2849155770,2849156900,15853,1130
5405.715001,2849163700,2849164832,15945,1132
5405.724327,2849171697,2849172832,15952,1135
5405.736037,2849179653,2849180788,15853,1135
5405.746561,2849187632,2849188765,15944,1133
5405.756333,2849195592,2849196725,15957,1133
5405.767598,2849203536,2849204666,15853,1130
5405.776331,2849211478,2849212610,15957,1132
5405.788329,2849219415,2849220546,15943,1131
5405.799158,2849227392,2849228521,15851,1129
5405.808334,2849235357,2849236481,15943,1124
5405.820203,2849243276,2849244410,15954,1134
5405.830718,2849251281,2849252415,15849,1134
5405.840329,2849259205,2849260334,15947,1129
5405.851763,2849267126,2849268257,15951,1131
5405.860327,2849275097,2849276228,15850,1131
5405.872330,2849283028,2849284159,15877,1131
5405.883324,2849290950,2849292084,15932,1134
5405.892328,2849298934,2849300061,15851,1127
5405.904328,2849306872,2849308001,15941,1129
5405.914884,2849314837,2849315969,15953,1132
5405.924329,2849322834,2849323965,15860,1131
5405.935920,2849330790,2849331921,15950,1131
5405.946445,2849338772,2849339902,15951,1130
5405.956328,2849346720,2849347852,15852,1132
5405.967481,2849354670,2849355803,15947,1133
5405.976329,2849362626,2849363758,16024,1132
5405.988336,2849370631,2849371761,15841,1130
5405.999040,2849378578,2849379713,15944,1135
5406.008330,2849386562,2849387692,15968,1130
5406.020085,2849394557,2849395692,15923,1135
5406.030601,2849402538,2849403670,16028,1132
5406.040329,2849410553,2849411684,15959,1131
5406.051638,2849418538,2849419670,15918,1132
5406.060327,2849426490,2849427625,16028,1135
5406.072330,2849434498,2849435632,16050,1134
5406.083199,2849442500,2849443631,15845,1131
5406.092327,2849450454,2849451583,16028,1129
5406.104245,2849458450,2849459580,15968,1130
5406.114758,2849466443,2849467577,15923,1134
5406.124328,2849474364,2849475495,15959,1131
5406.135805,2849482342,2849483473,16049,1131
5406.144330,2849490264,2849491395,15918,1131
5406.156328,2849498191,2849499322,16023,1131
5406.167365,2849506140,2849507270,16035,1130
5406.176329,2849514093,2849515226,15915,1133
5406.188333,2849522078,2849523210,15943,1132
5406.198928,2849530004,2849531135,15959,1131
5406.208330,2849537957,2849539087,15838,1130
5406.219959,2849545916,2849547046,15848,1130
5406.230486,2849553886,2849555017,15958,1131
5406.240328,2849561829,2849562961,15835,1132
5406.251521,2849569776,2849570907,15946,1131
5406.260327,2849577747,2849578878,15970,1131
5406.272334,2849585697,2849586827,15850,1130
5406.283081,2849593641,2849594775,15938,1134
5406.292330,2849601641,2849602775,15972,1134
5406.304118,2849609629,2849610761,15833,1132
5406.314641,2849617573,2849618705,15942,1132
5406.324328,2849625551,2849626686,15949,1135
5406.335680,2849633532,2849634664,15834,1132
5406.344327,2849641537,2849642672,15938,1135
5406.356332,2849649546,2849650680,15955,1134
5406.367245,2849657472,2849658607,15914,1135
5406.376330,2849665427,2849666558,15941,1131
5406.388286,2849673499,2849674629,15950,1130
5406.398798,2849681440,2849682570,15837,1130
5406.408327,2849689374,2849690503,15932,1129
5406.419844,2849697298,2849698432,15958,1134
5406.430366,2849705223,2849706354,15895,1131
5406.440334,2849713175,2849714311,15836,1136
5406.451405,2849721131,2849722262,15996,1131
5406.460333,2849729054,2849730188,15924,1134
5406.472328,2849737030,2849738161,15843,1131
5406.482964,2849744954,2849746086,15983,1132
5406.492327,2849752903,2849754037,16002,1134
5406.504001,2849760910,2849762041,16029,1131
5406.514525,2849768842,2849769973,15958,1131
5406.524331,2849776849,2849777983,15850,1134
5406.535561,2849784781,2849785915,15943,1134
5406.544331,2849792708,2849793841,15968,1133
5406.556335,2849800662,2849801793,15841,1131
5406.567120,2849808616,2849809750,15850,1134
5406.576331,2849816592,2849817725,15970,1133
5406.588158,2849826197,2849827338,15823,1141
5406.598684,2849834565,2849835701,15937,1136
5406.608329,2849842537,2849843669,15971,1132
5406.619718,2849850523,2849851659,15847,1136
5406.628333,2849858531,2849859665,15963,1134
5406.640330,2849866531,2849867662,15966,1131
5406.651278,2849874503,2849875637,15852,1134
5406.660329,2849882506,2849883640,15945,1134
5406.672325,2849890466,2849891600,15970,1134
5406.682839,2849898412,2849899547,15839,1135
5406.692331,2849906370,2849907500,15944,1130
5406.703886,2849914327,2849915463,15976,1136
5406.714407,2849922265,2849923399,15912,1134
5406.724332,2849930248,2849931383,15950,1135
5406.735446,2849938236,2849939365,15963,1129
5406.744331,2849946251,2849947386,15836,1135
5406.756330,2849954245,2849955378,15937,1133
5406.767006,2849962200,2849963332,15973,1132
5406.776333,2849970152,2849971284,15833,1132
5406.788041,2849978101,2849979233,15947,1132
5406.798567,2849986143,2849987279,15939,1136
5406.808332,2849994148,2849995282,15835,1134
5406.819603,2850002131,2850003263,15962,1132
5406.828332,2850010087,2850011217,15970,1130
5406.840332,2850018069,2850019200,15828,1131
5406.851161,2850026070,2850027201,15942,1131
5406.860327,2850034090,2850035222,15965,1132
5406.872199,2850042020,2850043154,15832,1134
5406.882721,2850049948,2850051080,15944,1132
5406.892333,2850057873,2850059008,15962,1135
5406.903758,2850065824,2850066953,15827,1129
5406.912331,2850073744,2850074876,15852,1132
5406.924329,2850081675,2850082808,15953,1133
5406.935318,2850089625,2850090760,15845,1135
5406.944330,2850097577,2850098708,15961,1131
5406.956332,2850105513,2850106646,15968,1133
5406.966880,2850113467,2850114602,15847,1135
5406.976331,2850121398,2850122534,15948,1136
5406.987928,2850129380,2850130511,15963,1131
5406.998441,2850137320,2850138452,15828,1132
5407.008331,2850145282,2850146411,15948,1129
5407.019486,2850153211,2850154341,15958,1130
5407.028327,2850161134,2850162266,15830,1132
5407.040328,2850169086,2850170217,15945,1131
5407.051047,2850177064,2850178195,15970,1131
5407.060327,2850185058,2850186192,15905,1134
5407.072080,2850193027,2850194158,15929,1131
5407.082606,2850200981,2850202113,15955,1132
5407.092328,2850209011,2850210145,15831,1134
5407.103641,2850216942,2850218076,15947,1134
5407.112328,2850224899,2850226030,15971,1131
5407.124333,2850232820,2850233952,15833,1132
5407.135202,2850240751,2850241881,15942,1130
5407.144330,2850249196,2850250330,15966,1134
5407.156240,2850257845,2850258976,15854,1131
5407.166763,2850266386,2850267521,15943,1135
5407.176331,2850275091,2850276227,15960,1136
5407.187800,2850283852,2850284987,15839,1135
5407.198324,2850292453,2850293589,15912,1136
5407.208333,2850301274,2850302406,15969,1132
5407.219359,2850309335,2850310465,15850,1130
5407.228330,2850317337,2850318469,15967,1132
5407.240333,2850325342,2850326474,15971,1132
5407.250919,2850333343,2850334474,15833,1131
5407.260330,2850341357,2850342489,15851,1132
5407.271966,2850349311,2850350446,15950,1135
5407.282480,2850357244,2850358378,15828,1134
5407.292327,2850365199,2850366331,15948,1132
5407.303526,2850373169,2850374303,15969,1134
5407.312334,2850381180,2850382312,15848,1132
5407.324327,2850389192,2850390328,15948,1136
5407.335087,2850397152,2850398287,15971,1135
5407.344328,2850405136,2850406272,15836,1136
5407.356121,2850413117,2850414252,15946,1135
5407.366647,2850421155,2850422287,15958,1132
5407.376331,2850429132,2850430263,15825,1131
5407.387682,2850437138,2850438274,15942,1136
5407.396330,2850445098,2850446231,15953,1133
5407.408333,2850453089,2850454219,15908,1130
5407.419242,2850461073,2850462205,15935,1132
5407.428335,2850469025,2850470160,15967,1135
5407.440278,2850476980,2850478115,15824,1135
5407.450802,2850484987,2850486118,15950,1131
5407.460332,2850492918,2850494048,15990,1130
5407.471838,2850500918,2850502051,15846,1133
5407.482364,2850508902,2850510033,15966,1131
5407.492330,2850516851,2850517985,15947,1134
5407.503398,2850524834,2850525966,15851,1132
5407.512330,2850532808,2850533943,15949,1135
5407.524333,2850540815,2850541948,15953,1133
5407.534958,2850548831,2850549962,15846,1131
5407.544329,2850556834,2850557964,15950,1130
5407.556008,2850564788,2850565920,15967,1132
5407.566520,2850572742,2850573874,15832,1132
5407.576328,2850580705,2850581836,15944,1131
5407.587566,2850588701,2850589835,15974,1134
5407.596335,2850596681,2850597816,15837,1135
5407.608330,2850604647,2850605776,15852,1129
5407.619124,2850612579,2850613715,15947,1136
5407.628331,2850620585,2850621719,15863,1134
5407.640161,2850628569,2850629699,15943,1130
5407.650684,2850636571,2850637703,15942,1132
5407.660331,2850644549,2850645682,15847,1133
5407.671721,2850652502,2850653633,15941,1131
5407.680327,2850660452,2850661584,15944,1132
5407.692336,2850668451,2850669583,15844,1132
5407.703281,2850676372,2850677503,15930,1131
5407.712328,2850684401,2850685536,15929,1135
5407.724318,2850692377,2850693509,15848,1132
5407.734843,2850700329,2850701463,15931,1134
5407.744330,2850708316,2850709447,15957,1131
5407.755884,2850716290,2850717422,15911,1132
5407.766405,2850724219,2850725354,15960,1135
5407.776332,2850732198,2850733330,15941,1132
5407.787440,2850740201,2850741332,15847,1131
5407.796328,2850748173,2850749304,15945,1131
5407.808332,2850756124,2850757254,15957,1130
5407.819000,2850764065,2850765201,15863,1136
5407.828331,2850772000,2850773135,15945,1135
5407.840045,2850779988,2850781124,15956,1136
5407.850559,2850788005,2850789138,15844,1133
5407.860327,2850796001,2850797132,15948,1131
5407.871605,2850804033,2850805165,15957,1132
5407.880331,2850812036,2850813168,15863,1132
5407.892328,2850819987,2850821119,15965,1132
5407.903166,2850827990,2850829122,15955,1132
5407.912334,2850835991,2850837126,15864,1135
5407.924203,2850843925,2850845055,15940,1130
5407.934726,2850851921,2850853057,15957,1136
5407.944333,2850859888,2850861022,15848,1134
5407.955762,2850867921,2850869053,15866,1132
5407.964328,2850875930,2850877064,15934,1134
5407.976328,2850883898,2850885030,15853,1132
5407.987322,2850891883,2850893015,15938,1132
5407.996328,2850899878,2850901009,15938,1131
5408.008330,2850907834,2850908965,15863,1131
5408.018886,2850915780,2850916912,15965,1132
5408.028330,2850923721,2850924853,15955,1132
5408.039918,2850931649,2850932778,15864,1129
5408.050445,2850939623,2850940755,15963,1132
5408.060327,2850947546,2850948677,15953,1131
5408.071479,2850955523,2850956658,15851,1135
5408.080328,2850963506,2850964638,15930,1132
5408.092328,2850971478,2850972610,15953,1132
5408.103044,2850979463,2850980598,15907,1135
5408.112332,2850987512,2850988646,15938,1134
5408.124085,2850995535,2850996669,15934,1134
5408.134600,2851003521,2851004653,15863,1132
5408.144328,2851011482,2851012617,15936,1135
5408.155646,2851019435,2851020566,15981,1131
5408.164331,2851027388,2851028519,15846,1131
5408.176327,2851035361,2851036493,15950,1132
5408.187206,2851043338,2851044470,15952,1132
5408.196329,2851051376,2851052508,15866,1132
5408.208241,2851059387,2851060514,15941,1127
5408.218767,2851067401,2851068546,15990,1145
5408.228329,2851075423,2851076558,15849,1135
5408.239801,2851083364,2851084495,15946,1131
5408.248327,2851091328,2851092460,15958,1132
5408.260328,2851099305,2851100437,15850,1132
5408.271362,2851107332,2851108466,15930,1134
5408.280331,2851115313,2851116445,15964,1132
5408.292328,2851123289,2851124424,15849,1135
5408.302921,2851131287,2851132423,15870,1136
5408.312327,2851139248,2851140380,15954,1132
5408.323959,2851147182,2851148315,15852,1133
5408.334482,2851155164,2851156296,15936,1132
5408.344332,2851163124,2851164257,15947,1133
5408.355519,2851171082,2851172217,15841,1135
5408.364328,2851179012,2851180144,15946,1132
5408.376332,2851186934,2851188069,15955,1135
5408.387080,2851194865,2851196001,15853,1136
5408.396329,2851202921,2851204053,15942,1132
5408.408125,2851210851,2851211980,15984,1129
5408.418641,2851218801,2851219936,15850,1135
5408.428334,2851226771,2851227908,15964,1137
5408.439688,2851234731,2851235864,15969,1133
5408.448327,2851242714,2851243845,15905,1131
5408.460333,2851250637,2851251767,15943,1130
5408.471247,2851258568,2851259703,15971,1135
5408.480328,2851266541,2851267673,15833,1132
5408.492282,2851274492,2851275623,15946,1131
5408.502807,2851282469,2851283603,15986,1134
5408.512329,2851290401,2851291536,15832,1135
5408.523843,2851298388,2851299523,15948,1135
5408.534369,2851306401,2851307533,15962,1132
5408.544329,2851314401,2851315537,15833,1136
5408.555400,2851322389,2851323522,15857,1133
5408.564333,2851330321,2851331452,15987,1131
5408.576329,2851338255,2851339387,15908,1132
5408.586960,2851346234,2851347366,15833,1132
5408.596328,2851354265,2851355397,15996,1132
5408.608006,2851362221,2851363350,15918,1129
5408.618524,2851370166,2851371297,15964,1131
5408.628328,2851378250,2851379386,15995,1136
5408.639559,2851386287,2851387419,15834,1132
5408.648329,2851394302,2851395439,15847,1137
5408.660328,2851402236,2851403367,15970,1131
5408.671120,2851410246,2851411377,15833,1131
5408.680334,2851418275,2851419407,15949,1132
5408.692166,2851426232,2851427364,15966,1132
5408.702681,2851434240,2851435372,15833,1132
5408.714713,2851443778,2851444915,15962,1137
5408.726729,2851453403,2851454537,15910,1134
5408.736331,2851462072,2851463205,15967,1133
5408.747772,2851470740,2851471875,15912,1135
5408.758291,2851479602,2851480738,15935,1136
5408.770309,2851489829,2851490964,15784,1135
5408.780334,2851499100,2851500236,15951,1136
5408.791356,2851507326,2851508460,15962,1134
5408.800332,2851515339,2851516472,15847,1133
5408.812331,2851523328,2851524460,15945,1132
5408.822916,2851531368,2851532498,15967,1130
5408.832329,2851539333,2851540466,15825,1133
5408.843952,2851547313,2851548447,15946,1134
5408.854476,2851555373,2851556506,15949,1133
5408.864329,2851563332,2851564468,15823,1136
5408.875513,2851571296,2851572429,15944,1133
5408.884332,2851579255,2851580390,15959,1135
5408.896330,2851587188,2851588319,15910,1131
5408.907072,2851595169,2851596298,15944,1129
5408.916333,2851603239,2851604371,15972,1132
5408.928110,2851611168,2851612300,15818,1132
5408.938632,2851619174,2851620310,15947,1136
5408.948332,2851627181,2851628313,15956,1132
5408.959668,2851635118,2851636250,15835,1132
5408.968327,2851643099,2851644231,15946,1132
5408.980333,2851651066,2851652198,15968,1132
5408.991229,2851659018,2851660147,15837,1129
5409.000328,2851666973,2851668109,15945,1136
5409.012275,2851674961,2851676093,15967,1132
5409.022789,2851682947,2851684079,15833,1132
5409.032330,2851690970,2851692102,15942,1132
5409.043836,2851698962,2851700097,16036,1135
5409.054349,2851706945,2851708082,15911,1137
5409.064327,2851714985,2851716117,16154,1132
5409.075394,2851722970,2851724107,16033,1137
5409.084328,2851731004,2851732135,15830,1131
5409.096330,2851739040,2851740173,15851,1133
5409.106956,2851747002,2851748131,15968,1129
5409.116329,2851755034,2851756166,15841,1132
5409.127991,2851763035,2851764169,15946,1134
5409.138517,2851771046,2851772177,15970,1131
5409.148336,2851779078,2851780211,15825,1133
5409.159553,2851787090,2851788222,15937,1132
5409.168331,2851795072,2851796206,15964,1134
5409.180331,2851803027,2851804162,15825,1135
5409.191112,2851811057,2851812188,15932,1131
5409.200330,2851819167,2851820302,15950,1135
5409.212148,2851827102,2851828236,15835,1134
5409.222672,2851835131,2851836264,15937,1133
5409.232327,2851843162,2851844293,15971,1131
5409.243715,2851851146,2851852279,15909,1133
5409.252331,2851859130,2851860264,15945,1134
5409.264333,2851867108,2851868240,15967,1132
5409.275268,2851875118,2851876255,15831,1137
5409.284332,2851883105,2851884241,15935,1136
5409.296314,2851891087,2851892220,15965,1133
5409.306829,2851899070,2851900205,15824,1135
5409.316329,2851907027,2851908159,15948,1132
5409.327901,2851914994,2851916129,16215,1135
5409.338390,2851922935,2851924067,15840,1132
5409.348327,2851930925,2851932055,15932,1130
5409.359437,2851938875,2851940010,15977,1135
5409.368335,2851946858,2851947991,15875,1133
5409.380327,2851954919,2851956052,15921,1133
5409.390995,2851963507,2851964640,15945,1133
5409.400329,2851971547,2851972683,15839,1136
5409.412031,2851979539,2851980673,15946,1134
5409.422557,2851987524,2851988659,15958,1135
5409.432330,2851995532,2851996665,15839,1133
5409.443586,2852003668,2852004802,15808,1134
5409.452330,2852011678,2852012811,15968,1133
5409.464328,2852019663,2852020796,15831,1133
5409.475152,2852027659,2852028796,15945,1137
5409.484328,2852035676,2852036808,15958,1132
5409.496187,2852043631,2852044763,15850,1132
5409.506712,2852051643,2852052777,15947,1134
5409.516327,2852059626,2852060757,15958,1131
5409.527749,2852067586,2852068717,15838,1131
5409.536329,2852075511,2852076643,15945,1132
5409.548333,2852083435,2852084567,15951,1132
5409.559309,2852091392,2852092527,15836,1135
5409.568328,2852099421,2852100558,15948,1137
5409.580328,2852107403,2852108535,15966,1132
5409.590876,2852115334,2852116465,15907,1131
5409.600327,2852123335,2852124465,15936,1130
5409.611918,2852131316,2852132451,15969,1135
5409.622431,2852139280,2852140415,15838,1135
5409.632329,2852147270,2852148401,15943,1131
5409.643475,2852155273,2852156408,15970,1135
5409.652331,2852163331,2852164463,15832,1132
5409.664327,2852171287,2852172420,15941,1133
5409.675037,2852179212,2852180345,15971,1133
5409.684332,2852187315,2852188447,15834,1132
5409.696071,2852195314,2852196446,15946,1132
5409.706597,2852203344,2852204475,15968,1131
5409.716327,2852211286,2852212422,15833,1136
5409.727631,2852219242,2852220374,15950,1132
5409.736327,2852227193,2852228329,15957,1136
5409.748329,2852235198,2852236329,15836,1131
5409.759192,2852243123,2852244255,15948,1132
5409.768331,2852251077,2852252212,15968,1135
5409.780228,2852259046,2852260182,15824,1136
5409.790750,2852266980,2852268111,15852,1131
5409.800330,2852274983,2852276115,15971,1132
5409.811790,2852282944,2852284077,15825,1133
5409.820331,2852290956,2852292088,15946,1132
5409.832334,2852298936,2852300070,15958,1134
5409.843351,2852307110,2852308242,15845,1132
5409.852334,2852315103,2852316234,15938,1131
5409.864333,2852323036,2852324167,15958,1131
5409.874909,2852331044,2852332180,15834,1136
5409.884334,2852339025,2852340156,15946,1131
5409.895957,2852346932,2852348065,16088,1133
5409.906470,2852354922,2852356050,15915,1128
5409.916329,2852362882,2852364015,16029,1133
5409.927518,2852370845,2852371976,15992,1131
5409.936333,2852378783,2852379917,15994,1134
5409.948330,2852386735,2852387870,15948,1135
5409.959077,2852394734,2852395865,16054,1131
5409.968331,2852402795,2852403927,15841,1132
5409.980111,2852410799,2852411930,16026,1131
5409.990638,2852418784,2852419916,15967,1132
5410.000330,2852426757,2852427889,15929,1132
5410.011672,2852434727,2852435863,15947,1136
5410.020331,2852442758,2852443890,16051,1132
5410.032327,2852450704,2852451836,15838,1132
5410.043233,2852458632,2852459764,16049,1132
5410.052331,2852466623,2852467754,15982,1131
5410.064270,2852474586,2852475719,15828,1133
5410.074792,2852482536,2852483670,15944,1134
5410.084329,2852490516,2852491648,16053,1132
5410.095831,2852498493,2852499629,15827,1136
5410.106353,2852506532,2852507666,15953,1134
5410.116327,2852514549,2852515681,15976,1132
5410.127389,2852522532,2852523664,15906,1132
5410.136332,2852530591,2852531724,15855,1133
5410.148328,2852538653,2852539785,16053,1132
5410.158949,2852546657,2852547789,15840,1132
5410.168333,2852554657,2852555790,16024,1133
5410.179996,2852562647,2852563783,15992,1136
5410.190510,2852570619,2852571755,15931,1136
5410.200329,2852578606,2852579739,15944,1133
5410.211556,2852586517,2852587649,16073,1132
5410.220335,2852594466,2852595601,15839,1135
5410.232331,2852602396,2852603526,16017,1130
5410.243117,2852610363,2852611495,16007,1132
5410.252330,2852618409,2852619540,15917,1131
5410.264153,2852626501,2852627637,15945,1136
5410.274677,2852634448,2852635585,16071,1137
5410.284330,2852642414,2852643549,15914,1135
5410.298716,2852653644,2852654776,15856,1132
5410.310746,2852663351,2852664486,15967,1135
5410.320332,2852671893,2852673030,15911,1137
5410.331779,2852680822,2852681958,15946,1136
5410.342307,2852689580,2852690716,16080,1136
5410.352332,2852698461,2852699596,15843,1135
5410.363341,2852707528,2852708665,16009,1137
5410.372329,2852715561,2852716697,15989,1136
5410.384329,2852723609,2852724745,15906,1136
5410.394903,2852731635,2852732772,15949,1137
5410.404331,2852739605,2852740736,15989,1131
5410.415939,2852747633,2852748766,15913,1133
5410.426462,2852755574,2852756710,15955,1136
5410.436329,2852763611,2852764744,16053,1133
5410.447499,2852771637,2852772772,15841,1135
5410.456332,2852779594,2852780726,15936,1132
5410.468332,2852787577,2852788709,15982,1132
5410.479058,2852795562,2852796697,15832,1135
5410.488335,2852803597,2852804727,15963,1130
5410.500105,2852811564,2852812696,15989,1132
5410.510619,2852819500,2852820630,15837,1130
5410.520328,2852827482,2852828617,15948,1135
5410.531665,2852835454,2852836587,15988,1133
5410.540330,2852843412,2852844544,15832,1132
5410.552333,2852851444,2852852577,15944,1133
5410.563226,2852859430,2852860562,15988,1132
5410.572331,2852867478,2852868615,15879,1137
5410.584258,2852875490,2852876625,15850,1135
5410.594786,2852883477,2852884610,15969,1133
5410.604332,2852891494,2852892627,15832,1133
5410.615820,2852899439,2852900572,15950,1133
5410.626347,2852907492,2852908625,15983,1133
5410.636331,2852915553,2852916689,15847,1136
5410.647381,2852923515,2852924651,15942,1136
5410.656335,2852931496,2852932629,15971,1133
5410.668328,2852939521,2852940656,15930,1135
5410.678942,2852947547,2852948683,15936,1136
5410.688329,2852955590,2852956724,16030,1134
5410.699978,2852963615,2852964747,15829,1132
5410.710501,2852971593,2852972728,16033,1135
5410.720327,2852979580,2852980716,15981,1136
5410.731547,2852987568,2852988703,15995,1135
5410.740330,2852995572,2852996705,16023,1133
5410.752334,2853003490,2853004625,16054,1135
5410.763098,2853011456,2853012588,15827,1132
5410.772330,2853019556,2853020691,15950,1135
5410.784146,2853027544,2853028680,15977,1136
5410.794661,2853035588,2853036721,15922,1133
5410.804330,2853043622,2853044757,15936,1135
5410.815706,2853051610,2853052741,16055,1131
5410.824328,2853059608,2853060741,15916,1133
5410.836328,2853067642,2853068778,16027,1136
5410.847266,2853075669,2853076805,15993,1136
5410.856335,2853083710,2853084843,15840,1133
5410.868300,2853091736,2853092873,15948,1137
5410.878826,2853099749,2853100883,15972,1134
5410.888336,2853107719,2853108851,15845,1132
5410.899860,2853115673,2853116806,15952,1133
5410.910388,2853123668,2853124801,15960,1133
5410.920334,2853131601,2853132733,15833,1132
5410.931419,2853139599,2853140729,15849,1130
5410.940330,2853147635,2853148768,15967,1133
5410.952331,2853155621,2853156757,15862,1136
5410.962981,2853163584,2853164717,15948,1133
5410.972328,2853171529,2853172661,15974,1132
5410.984022,2853179516,2853180651,15876,1135
5410.994541,2853187556,2853188691,15943,1135
5411.004330,2853195521,2853196652,15977,1131
5411.015578,2853203552,2853204685,15826,1133
5411.024333,2853211513,2853212646,15959,1133
5411.036330,2853219516,2853220649,15949,1133
5411.047138,2853227498,2853228634,15821,1136
5411.056336,2853235484,2853236620,15948,1136
5411.068183,2853243458,2853244594,15913,1136
5411.078705,2853251511,2853252644,15910,1133
5411.088329,2853259497,2853260632,15962,1135
5411.099745,2853267470,2853268607,15984,1137
5411.108329,2853275427,2853276558,15821,1131
5411.120328,2853283381,2853284516,15950,1135
5411.131305,2853291324,2853292457,15973,1133
5411.140331,2853299390,2853300523,15845,1133
5411.152331,2853307429,2853308561,15949,1132
5411.162867,2853315446,2853316578,15988,1132
5411.172331,2853323449,2853324581,15848,1132
5411.183901,2853331483,2853332620,15942,1137
5411.194424,2853339483,2853340616,15923,1133
5411.204331,2853347550,2853348681,15862,1131
5411.215461,2853355497,2853356627,15945,1130
5411.224330,2853363441,2853364573,15983,1132
5411.236329,2853371420,2853372553,15840,1133
5411.247023,2853379404,2853380536,15939,1132
5411.256327,2853387364,2853388495,15974,1131
5411.268058,2853395370,2853396502,15846,1132
5411.280089,2853404488,2853405618,16000,1130
5411.290604,2853412501,2853413637,15835,1136
5411.300327,2853420571,2853421705,15950,1134
5411.311647,2853428515,2853429651,16060,1136
5411.320329,2853436455,2853437585,15838,1130
5411.332332,2853444441,2853445573,16025,1132
5411.343209,2853452429,2853453562,15969,1133
5411.352332,2853460420,2853461555,15918,1135
5411.364243,2853468433,2853469565,15950,1132
5411.374771,2853476449,2853477582,16066,1133
5411.384331,2853484457,2853485588,15836,1131
5411.395804,2853492432,2853493567,16027,1135
5411.404328,2853500392,2853501528,16069,1136
5411.416327,2853508368,2853509504,15945,1136
5411.427362,2853516357,2853517492,15853,1135
5411.436327,2853524348,2853525480,16092,1132
5411.448335,2853532360,2853533495,15835,1135
5411.458924,2853540392,2853541525,16030,1133
5411.468331,2853548362,2853549495,16059,1133
5411.479967,2853556304,2853557438,15923,1134
5411.490482,2853564303,2853565435,15865,1132
5411.500332,2853572336,2853573469,15985,1133
5411.511527,2853580318,2853581451,15916,1133
5411.520331,2853588257,2853589389,15926,1132
5411.532328,2853596259,2853597394,15986,1135
5411.543084,2853604239,2853605372,15873,1133
5411.552327,2853612410,2853613543,15940,1133
5411.564127,2853620454,2853621587,15970,1133
5411.574649,2853628522,2853629653,15912,1131
5411.584328,2853636501,2853637634,15949,1133
5411.595688,2853644466,2853645598,15972,1132
5411.604327,2853652454,2853653587,15832,1133
5411.618233,2853658968,2853659787,13906,819
5411.632334,2853665065,2853665695,11967,630
5411.643780,2853670229,2853671357,15998,1128
5411.652330,2853678132,2853679268,15910,1136
5411.664330,2853686097,2853687232,15841,1135
5411.675342,2853694063,2853695196,15918,1133
5411.684331,2853702084,2853703216,15914,1132
5411.696331,2853710109,2853711240,15834,1131
5411.706901,2853718040,2853719176,15985,1136
5411.716333,2853726076,2853727211,15915,1135
5411.727934,2853734084,2853735217,15845,1133
5411.738461,2853742113,2853743247,15998,1134
5411.748327,2853750104,2853751237,15914,1133
5411.759493,2853758141,2853759277,15845,1136
5411.768332,2853766176,2853767314,15982,1138
5411.780330,2853774250,2853775387,15895,1137
5411.791053,2853782216,2853783348,15834,1132
5411.800328,2853790320,2853791456,15985,1136
5411.812098,2853798367,2853799504,15913,1137
5411.822619,2853806401,2853807534,15909,1133
5411.832328,2853814449,2853815586,15980,1137
5411.843659,2853822493,2853823630,15907,1137
5411.852328,2853830566,2853831702,15831,1136
5411.864335,2853838586,2853839723,15987,1137
5411.875222,2853847206,2853848343,15897,1137
5411.887244,2853857272,2853858407,15992,1135
5411.899259,2853867283,2853868418,15745,1135
5411.911287,2853877466,2853878601,15909,1135
5411.923310,2853887484,2853888617,15887,1133
5411.935327,2853897423,2853898558,15843,1135
5411.945858,2853906482,2853907628,16031,1146
5411.956330,2853915580,2853916719,15912,1139
5411.966888,2853923644,2853924782,15835,1138
5411.976334,2853931724,2853932860,15991,1136
5411.987936,2853939772,2853940907,15914,1135
5411.998448,2853947821,2853948957,15837,1136
5412.008329,2853955867,2853957003,15978,1136
5412.019494,2853963914,2853965051,15915,1137
5412.028327,2853971939,2853973073,15841,1134
5412.040329,2853979932,2853981068,15978,1136
5412.051054,2853987879,2853989016,15919,1137
5412.060335,2853996008,2853997145,15858,1137
5412.072093,2854003983,2854005119,15914,1136
5412.082614,2854012057,2854013191,15917,1134
5412.092329,2854020051,2854021183,15852,1132
5412.103655,2854028054,2854029185,15988,1131
5412.115669,2854036070,2854037075,15279,1005
5412.124333,2854043954,2854045087,15991,1133
5412.136331,2854051920,2854053053,15908,1133
5412.147230,2854059870,2854061004,15853,1134
5412.156329,2854067880,2854069014,15940,1134
5412.168275,2854075900,2854077037,16003,1137
5412.178791,2854083956,2854085092,15836,1136
5412.188331,2854092032,2854093163,15993,1131
5412.199837,2854100048,2854101184,15891,1136
5412.210351,2854108092,2854109226,15852,1134
5412.220330,2854116150,2854117286,15920,1136
5412.231395,2854124223,2854125357,15912,1134
5412.240329,2854132288,2854133422,15846,1134
5412.252330,2854140359,2854141495,16004,1136
5412.262957,2854148373,2854149509,15895,1136
5412.272327,2854156413,2854157547,15864,1134
5412.283997,2854164451,2854165587,15971,1136
5412.294516,2854172481,2854173615,15918,1134
5412.304335,2854180567,2854181704,15850,1137
5412.315560,2854188629,2854189766,16079,1137
5412.324332,2854196699,2854197835,16002,1136
5412.336334,2854204748,2854205884,15849,1136
5412.347117,2854212771,2854213907,15990,1136
5412.356331,2854220961,2854222098,15902,1137
5412.368156,2854229018,2854230151,15895,1133
5412.378677,2854237059,2854238195,15983,1136
5412.388328,2854245082,2854246219,15915,1137
5412.399713,2854253127,2854254260,15875,1133
5412.408334,2854261117,2854262253,15998,1136
5412.420330,2854269170,2854270301,15920,1131
5412.431273,2854277194,2854278331,15877,1137
5412.440329,2854285191,2854286328,15978,1137
5412.452317,2854293241,2854294379,15919,1138
5412.462833,2854301285,2854302422,15877,1137
5412.472329,2854309308,2854310445,16077,1137
5412.483878,2854317301,2854318437,15928,1136
5412.494392,2854325368,2854326500,15816,1132
5412.504330,2854333407,2854334543,15972,1136
5412.515439,2854341435,2854342569,15933,1134
5412.524330,2854349395,2854350528,15834,1133
5412.536332,2854357413,2854358549,15975,1136
5412.546997,2854365437,2854366571,15914,1134
5412.556329,2854373481,2854374617,15845,1136
5412.568036,2854381551,2854382687,15914,1136
5412.578558,2854389628,2854390766,15917,1138
5412.588326,2854397679,2854398814,15853,1135
5412.599598,2854405729,2854406862,15998,1133
5412.608329,2854413704,2854414840,15914,1136
5412.620328,2854421760,2854422895,15850,1135
5412.631158,2854429808,2854430945,15998,1137
5412.640329,2854437961,2854439095,15917,1134
5412.652192,2854446039,2854447176,15836,1137
5412.662720,2854454096,2854455232,15995,1136
5412.672330,2854462145,2854463282,15913,1137
5412.683751,2854470197,2854471330,15836,1133
5412.692330,2854478275,2854479412,15980,1137
5412.704327,2854486330,2854487465,15905,1135
5412.715317,2854494369,2854495505,15911,1136
5412.724331,2854502441,2854503575,15972,1134
5412.736328,2854510493,2854511626,15893,1133
5412.746871,2854518438,2854519575,15847,1137
5412.756335,2854526473,2854527608,15995,1135
5412.767917,2854534505,2854535642,15916,1137
5412.778432,2854542504,2854543641,15851,1137
5412.788329,2854550532,2854551669,15999,1137
5412.799478,2854558557,2854559693,15919,1136
5412.808330,2854566604,2854567736,15837,1132
5412.820332,2854574654,2854575789,16087,1135
5412.831039,2854582673,2854583810,15918,1137
5412.840328,2854590762,2854591899,15838,1137
5412.852078,2854598841,2854599974,16006,1133
5412.862597,2854606871,2854608006,15998,1135
5412.872335,2854614952,2854616090,15918,1138
5412.883638,2854622947,2854624082,16083,1135
5412.892333,2854631021,2854632159,15999,1138
5412.904327,2854639089,2854640225,15853,1136
5412.915197,2854647087,2854648221,15914,1134
5412.924330,2854655082,2854656219,15910,1137
5412.936230,2854663077,2854664213,15848,1136
5412.946759,2854671155,2854672292,15999,1137
5412.956330,2854679180,2854680317,15908,1137
5412.967791,2854687206,2854688343,15842,1137
5412.976330,2854695198,2854696334,16002,1136
5412.988327,2854703218,2854704352,15935,1134
5412.999350,2854711230,2854712366,15823,1136
5413.008328,2854719252,2854720386,15980,1134
5413.020330,2854727320,2854728455,15909,1135
5413.030912,2854735344,2854736478,15840,1134
5413.040327,2854743411,2854744549,15975,1138
5413.051957,2854751440,2854752577,15919,1137
5413.062477,2854759491,2854760628,15904,1137
5413.072330,2854767485,2854768618,15978,1133
5413.083517,2854775556,2854776689,15916,1133
5413.092327,2854783635,2854784772,15847,1137
5413.104327,2854791663,2854792798,15989,1135
5413.115076,2854799742,2854800885,15906,1143
5413.124334,2854807844,2854808978,15861,1134
5413.136117,2854815902,2854817035,15987,1133
5413.146638,2854823967,2854825103,15917,1136
5413.156326,2854831948,2854833085,15874,1137
5413.167678,2854839964,2854841097,15989,1133
5413.176329,2854847952,2854849085,15912,1133
5413.188331,2854856002,2854857140,15850,1138
5413.199236,2854864049,2854865183,15966,1134
5413.208326,2854872124,2854873259,15916,1135
5413.220271,2854880167,2854881301,15857,1134
5413.230796,2854888188,2854889324,15978,1136
5413.240327,2854896234,2854897372,15996,1138
5413.251831,2854904312,2854905444,15874,1132
5413.262356,2854912389,2854913525,15923,1136
5413.272328,2854920413,2854921550,15915,1137
5413.283392,2854928439,2854929573,15865,1134
5413.292333,2854936518,2854937652,15985,1134
5413.304330,2854944577,2854945713,15914,1136
5413.314951,2854952575,2854953709,15861,1134
5413.324333,2854960640,2854961775,15998,1135
5413.335998,2854968664,2854969800,15919,1136
5413.346512,2854976657,2854977794,15904,1137
5413.356329,2854984684,2854985821,16053,1137
5413.367559,2854992686,2854993819,15997,1133
5413.376329,2855000734,2855001868,15916,1134
5413.388328,2855008774,2855009912,16071,1138
5413.399120,2855016800,2855017937,15918,1137
5413.408328,2855025013,2855026148,15912,1135
5413.420157,2855033008,2855034144,15979,1136
5413.430678,2855041054,2855042191,15902,1137
5413.440331,2855049117,2855050251,15841,1134
5413.451721,2855057191,2855058328,15999,1137
5413.460334,2855065812,2855066949,15909,1137
5413.472333,2855074676,2855075811,15936,1135
5413.483279,2855083537,2855084674,16075,1137
5413.495296,2855093611,2855094746,15913,1135
5413.507323,2855103679,2855104814,15995,1135
5413.516332,2855112279,2855113417,15841,1138
5413.528334,2855120958,2855122095,15977,1137
5413.538885,2855129590,2855130736,15914,1146
5413.548334,2855137661,2855138798,15851,1137
5413.559925,2855145743,2855146879,15924,1136
5413.570444,2855153774,2855154908,15907,1134
5413.580330,2855161821,2855162958,15847,1137
5413.591484,2855169901,2855171032,16004,1131
5413.600330,2855177930,2855179059,15908,1129
5413.612333,2855185951,2855187089,15835,1138
5413.623046,2855193960,2855195093,16001,1133
5413.632334,2855202126,2855203260,15915,1134
5413.644076,2855210209,2855211342,15830,1133
5413.654604,2855218279,2855219413,15979,1134
5413.664328,2855226303,2855227434,15911,1131
5413.675637,2855234327,2855235464,15829,1137
5413.684328,2855242382,2855243516,15982,1134
5413.696330,2855250412,2855251547,15916,1135
5413.707203,2855258459,2855259592,15917,1133
5413.716332,2855266483,2855267614,15965,1131
5413.728243,2855274487,2855275620,15916,1133
5413.738757,2855282559,2855283693,15848,1134
5413.748336,2855290637,2855291772,15996,1135
5413.759804,2855298720,2855299853,15899,1133
5413.768329,2855306770,2855307904,15851,1134
5413.780329,2855314771,2855315904,15996,1133
5413.791364,2855322796,2855323930,15909,1134
5413.800329,2855330820,2855331951,15837,1131
5413.812334,2855338904,2855340037,15998,1133
5413.822925,2855346933,2855348068,15911,1135
5413.832328,2855354989,2855356124,15831,1135
5413.843962,2855363058,2855364193,15973,1135
5413.854483,2855371059,2855372193,15901,1134
5413.864335,2855379134,2855380269,15831,1135
5413.875525,2855387208,2855388343,15980,1135
5413.884330,2855395281,2855396415,15905,1134
5413.896331,2855403338,2855404473,15847,1135
5413.907084,2855411388,2855412519,15917,1131
5413.916331,2855419489,2855420621,15904,1132
5413.928118,2855427534,2855428665,15847,1131
5413.938644,2855435607,2855436742,15986,1135
5413.948328,2855443667,2855444801,15910,1134
5413.959676,2855451719,2855452854,15854,1135
5413.968327,2855459775,2855460907,15983,1132
5413.980335,2855467802,2855468937,15913,1135
5413.991237,2855475805,2855476939,15842,1134
5414.000331,2855483852,2855484980,15964,1128
5414.012282,2855491889,2855493024,15899,1135
5414.022797,2855499949,2855501084,15854,1135
5414.032332,2855508006,2855509139,16047,1133
5414.043841,2855516026,2855517161,15912,1135
5414.054362,2855524098,2855525233,15988,1135
5414.064329,2855532132,2855533263,15975,1131
5414.075401,2855540128,2855541263,15994,1135
5414.084327,2855548204,2855549339,15865,1135
5414.096329,2855556285,2855557420,16057,1135
5414.106962,2855564383,2855565518,15927,1135
5414.116333,2855572461,2855573595,15858,1134
5414.128004,2855580517,2855581650,16064,1133
5414.138526,2855588586,2855589716,15885,1130
5414.148328,2855596671,2855597806,15851,1135
5414.159563,2855604693,2855605828,15982,1135
5414.168336,2855612747,2855613882,15912,1135
5414.180330,2855620832,2855621967,15843,1135
5414.191123,2855628908,2855630043,15961,1135
5414.200330,2855637054,2855638186,15911,1132
5414.212156,2855645112,2855646247,15846,1135
5414.222683,2855653192,2855654327,15962,1135
5414.232332,2855661273,2855662408,15914,1135
5414.243716,2855669353,2855670487,15860,1134
5414.252329,2855677442,2855678577,15915,1135
5414.264336,2855685444,2855686574,15909,1130
5414.275278,2855693520,2855694651,15860,1131
5414.284328,2855701647,2855702778,15981,1131
5414.296323,2855709708,2855710843,15904,1135
5414.306837,2855717708,2855718839,15860,1131
5414.316328,2855725781,2855726915,15981,1134
5414.327883,2855733805,2855734939,15898,1134
5414.339907,2855743032,2855744168,16091,1136
5414.350427,2855751119,2855752253,15915,1134
5414.360337,2855759147,2855760282,15828,1135
5414.371465,2855767204,2855768339,15977,1135
5414.380328,2855775281,2855776414,15911,1133
5414.392328,2855783285,2855784418,15849,1133
5414.403026,2855791341,2855792471,15918,1130
5414.412331,2855799462,2855800597,15913,1135
5414.424059,2855807518,2855808653,15844,1135
5414.434588,2855815574,2855816706,15988,1132
5414.444330,2855823658,2855824793,15912,1135
5414.455620,2855831724,2855832860,15842,1136
5414.464329,2855839799,2855840933,15999,1134
5414.476330,2855847847,2855848982,15913,1135
5414.487180,2855855880,2855857015,15830,1135
5414.496328,2855864060,2855865195,15976,1135
5414.508229,2855872137,2855873270,15909,1133
5414.518741,2855880193,2855881326,15829,1133
5414.528333,2855888273,2855889407,15972,1134
5414.539786,2855896310,2855897445,15908,1135
5414.548332,2855904357,2855905492,15905,1135
5414.560328,2855912422,2855913557,15978,1135
5414.571346,2855920477,2855921612,15897,1135
5414.580328,2855928533,2855929667,15853,1134
5414.592327,2855936664,2855937798,15994,1134
5414.602907,2855944712,2855945846,15921,1134
5414.612336,2855952730,2855953865,15845,1135
5414.623947,2855960784,2855961919,15995,1135
5414.634469,2855968864,2855969996,15914,1132
5414.644329,2855976952,2855978083,15823,1131
5414.655508,2855984991,2855986125,15996,1134
5414.664328,2855993077,2855994208,15912,1131
5414.676328,2856001101,2856002236,15830,1135
5414.687067,2856009106,2856010241,15980,1135
5414.696328,2856017326,2856018457,15909,1131
5414.708099,2856025376,2856026507,15823,1131
5414.718627,2856033432,2856034566,15979,1134
5414.728334,2856041464,2856042598,15912,1134
5414.739660,2856049510,2856050645,15845,1135
5414.748336,2856057500,2856058634,15913,1134
5414.760332,2856065536,2856066671,15909,1135
5414.771220,2856073562,2856074697,15851,1135
5414.780330,2856081617,2856082752,15980,1135
5414.792265,2856089663,2856090794,15904,1131
5414.802780,2856097745,2856098876,15857,1131
5414.812329,2856105795,2856106929,16063,1134
5414.823826,2856113844,2856114977,15915,1133
5414.834341,2856121922,2856123053,15849,1131
5414.844332,2856129979,2856131114,15972,1135
5414.855386,2856138049,2856139184,15984,1135
5414.864330,2856146132,2856147267,15848,1135
5414.876327,2856154185,2856155316,16053,1131
5414.886946,2856162262,2856163397,15917,1135
5414.896336,2856170341,2856171476,15989,1135
5414.907986,2856178425,2856179559,15973,1134
5414.918506,2856186494,2856187629,15915,1135
5414.928331,2856194577,2856195708,15855,1131
5414.939547,2856202653,2856203787,16060,1134
5414.948330,2856210686,2856211820,15910,1134
5414.960334,2856218783,2856219918,15862,1135
5414.971106,2856226817,2856227948,15977,1131
5414.980330,2856235009,2856236141,15911,1132
5414.992142,2856243061,2856244196,15838,1135
5415.002668,2856251109,2856252245,15982,1136
5415.012330,2856259190,2856260324,15909,1134
5415.023700,2856267256,2856268388,15847,1132
5415.032332,2856275288,2856276418,15965,1130
5415.046250,2856285003,2856286137,15898,1134
5415.058272,2856295012,2856296147,15909,1135
5415.068334,2856303656,2856304788,15866,1132
5415.079312,2856312968,2856314107,15972,1139
5415.088332,2856321794,2856322929,15930,1135
5415.100331,2856330763,2856331900,15855,1137
5415.110874,2856339783,2856340925,15977,1142
5415.120327,2856348250,2856349393,15909,1143
5415.131908,2856356343,2856357477,15839,1134
5415.142432,2856364428,2856365559,16043,1131
5415.152328,2856372499,2856373631,15991,1132
5415.163466,2856380566,2856381701,15838,1135
5415.172330,2856388655,2856389787,15961,1132
5415.184330,2856396761,2856397893,15914,1132
5415.195033,2856404794,2856405930,15990,1136
5415.204329,2856412889,2856414023,16045,1134
5415.216073,2856420913,2856422047,15996,1134
5415.226587,2856428969,2856430104,15863,1135
5415.236330,2856437027,2856438159,15988,1132
5415.247631,2856445109,2856446244,15921,1135
5415.256327,2856453212,2856454347,15865,1135
5415.268335,2856461220,2856462356,16065,1136
5415.279193,2856469200,2856470332,15907,1132
5415.288330,2856477320,2856478455,15928,1135
5415.300233,2856485373,2856486506,16072,1133
5415.310754,2856493421,2856494553,15912,1132
5415.320328,2856501442,2856502578,15847,1136
5415.331792,2856509495,2856510629,15962,1134
5415.340327,2856517557,2856518693,15913,1136
5415.352333,2856525640,2856526776,15846,1136
5415.363352,2856533708,2856534839,15969,1131
5415.372327,2856541734,2856542869,15910,1135
5415.384335,2856549769,2856550902,15850,1133
5415.394913,2856557801,2856558936,15914,1135
5415.404327,2856565885,2856567017,15911,1132
5415.415945,2856573961,2856575096,15857,1135
5415.426473,2856581978,2856583110,15979,1132
5415.436331,2856590063,2856591199,15912,1136
5415.447508,2856598138,2856599274,15853,1136
5415.456332,2856606227,2856607359,15980,1132
5415.468327,2856614282,2856615419,15954,1137
5415.479066,2856622350,2856623480,15843,1130
5415.488329,2856630527,2856631659,15956,1132
5415.500112,2856638482,2856639616,15911,1134
5415.510627,2856646586,2856647721,15843,1135
5415.520330,2856654663,2856655798,15960,1135
5415.531671,2856662742,2856663878,15913,1136
5415.540330,2856670798,2856671933,15901,1135
5415.552329,2856678859,2856679991,15960,1132
5415.563234,2856686869,2856688004,15857,1135
5415.572330,2856694949,2856696081,15849,1132
5415.584275,2856702984,2856704117,15992,1133
5415.594793,2856711013,2856712144,15915,1131
5415.604331,2856719036,2856720172,15849,1136
5415.615834,2856727115,2856728250,15985,1135
5415.626355,2856735361,2856736496,15961,1135
5415.636333,2856743451,2856744586,15837,1135
5415.647390,2856751535,2856752665,15952,1130
5415.656332,2856759594,2856760726,15983,1132
5415.668329,2856767668,2856768804,15827,1136
5415.678950,2856775751,2856776883,15940,1132
5415.688331,2856783815,2856784950,15975,1135
5415.699986,2856791850,2856792982,15832,1132
5415.710510,2856799923,2856801058,15939,1135
5415.720331,2856807961,2856809095,15980,1134
5415.731546,2856816037,2856817172,15830,1135
5415.740330,2856824116,2856825248,15848,1132
5415.752330,2856832184,2856833319,15962,1135
5415.763107,2856840241,2856841376,15828,1135
5415.772328,2856848506,2856849640,15949,1134
5415.784154,2856856586,2856857720,15969,1134
5415.794668,2856864663,2856865794,15846,1131
5415.804334,2856872744,2856873876,15939,1132
5415.815716,2856880807,2856881939,15986,1132
5415.824335,2856888856,2856889991,15836,1135
5415.836327,2856896936,2856898070,16020,1134
5415.847274,2856905003,2856906135,16030,1132
5415.856329,2856913060,2856914195,15912,1135
5415.868308,2856921133,2856922267,16021,1134
5415.878835,2856929182,2856930317,15985,1135
5415.888332,2856937262,2856938396,15907,1134
5415.899868,2856945323,2856946456,15940,1133
5415.910397,2856953393,2856954528,16052,1135
5415.920331,2856961469,2856962603,15911,1134
5415.931429,2856969524,2856970655,16026,1131
5415.940331,2856977591,2856978726,16063,1135
5415.952329,2856985689,2856986824,15837,1135
5415.962989,2856993776,2856994907,15942,1131
5415.972331,2857001835,2857002970,16021,1135
5415.984027,2857009846,2857010980,15831,1134
5415.994551,2857017878,2857019009,15956,1131
5416.004329,2857025940,2857027075,16064,1135
5416.015588,2857034023,2857035154,15916,1131
5416.024333,2857042068,2857043203,16018,1135
5416.036328,2857050156,2857051291,15971,1135
5416.047147,2857058242,2857059378,15840,1136
5416.056329,2857066396,2857067531,15941,1135
5416.068194,2857074407,2857075540,15983,1133
5416.078708,2857082459,2857083594,15915,1135
5416.088328,2857090505,2857091639,15924,1134
5416.099754,2857098557,2857099686,16049,1129
5416.108326,2857106582,2857107717,15909,1135
5416.120330,2857114639,2857115771,15943,1132
5416.131315,2857122703,2857123835,15985,1132
5416.140327,2857130787,2857131923,15854,1136
5416.152334,2857138874,2857140009,15944,1135
5416.162875,2857146951,2857148086,15987,1135
5416.172330,2857155036,2857156168,15838,1132
5416.183908,2857163127,2857164261,15938,1134
5416.194436,2857171168,2857172299,15939,1131
5416.204328,2857179248,2857180384,15829,1136
5416.215469,2857187308,2857188443,15935,1135
5416.224329,2857195328,2857196463,15983,1135
5416.236335,2857203382,2857204518,15899,1136
5416.247030,2857211466,2857212601,15939,1135
5416.256329,2857219581,2857220715,15982,1134
5416.268066,2857227664,2857228800,15835,1136
5416.278591,2857235770,2857236906,15937,1136
5416.288335,2857243760,2857244895,15984,1135
5416.299626,2857251831,2857252964,15820,1133
5416.308332,2857259857,2857260992,15940,1135
5416.320350,2857267922,2857269058,15970,1136
5416.331189,2857275985,2857277119,15831,1134
5416.340328,2857284093,2857285228,15956,1135
5416.352234,2857292172,2857293304,15985,1132
5416.362748,2857300255,2857301390,15833,1135
5416.372335,2857308310,2857309445,15933,1135
5416.383796,2857316383,2857317514,15980,1131
5416.392328,2857324464,2857325598,15830,1134
5416.404327,2857332477,2857333611,15939,1134
5416.415355,2857340540,2857341675,15982,1135
5416.424326,2857348623,2857349758,15827,1135
5416.436334,2857356677,2857357812,15848,1135
5416.446915,2857364736,2857365868,15966,1132
5416.456331,2857372811,2857373946,15834,1135
5416.467948,2857380865,2857382000,15936,1135
5416.478477,2857388912,2857390048,15984,1136
5416.488336,2857396979,2857398114,15894,1135
5416.499515,2857405061,2857406193,15977,1132
5416.508329,2857413172,2857414307,15915,1135
5416.520332,2857421255,2857422390,15853,1135
5416.531075,2857429338,2857430473,15994,1135
5416.540328,2857437523,2857438659,15910,1136
5416.552106,2857445581,2857446716,15839,1135
5416.562631,2857453643,2857454774,15949,1131
5416.572332,2857461705,2857462836,15983,1131
5416.583675,2857469962,2857471097,15861,1135
5416.592328,2857478050,2857479185,15941,1135
5416.604330,2857486127,2857487259,16038,1132
5416.615228,2857494188,2857495323,15926,1135
5416.624334,2857502883,2857504017,16001,1134
5416.636274,2857511509,2857512652,15991,1143
5416.646787,2857520373,2857521509,15847,1136
5416.656331,2857529319,2857530458,15949,1139
5416.667835,2857538381,2857539523,15984,1142
5416.678348,2857547531,2857548674,15920,1143
5416.688330,2857556590,2857557733,16036,1143
5416.699394,2857564856,2857565988,15967,1132
5416.708330,2857572941,2857574077,15845,1136
5416.720329,2857581000,2857582132,15941,1132
5416.730954,2857589079,2857590216,16053,1137
5416.740329,2857597165,2857598300,15924,1135
5416.751989,2857605242,2857606377,15943,1135
5416.762514,2857613279,2857614414,15967,1135
5416.772329,2857621333,2857622467,15851,1134
5416.783550,2857629419,2857630554,15869,1135
5416.792332,2857637492,2857638626,15963,1134
5416.804337,2857645573,2857646707,15828,1134
5416.815110,2857653587,2857654721,15942,1134
5416.824333,2857661732,2857662866,16065,1134
5416.836146,2857669803,2857670935,15837,1132
5416.846670,2857677882,2857679018,15946,1136
5416.856332,2857685974,2857687106,15979,1132
5416.867707,2857694057,2857695192,15836,1135
5416.876330,2857702090,2857703224,15946,1134
5416.888329,2857710136,2857711272,16030,1136
5416.899269,2857718186,2857719314,15918,1128
5416.908328,2857726240,2857727374,16024,1134
5416.920314,2857734328,2857735463,15967,1135
5416.930835,2857742388,2857743523,15898,1135
5416.940327,2857750434,2857751568,15941,1134
5416.951875,2857758476,2857759610,16067,1134
5416.962388,2857766528,2857767663,15897,1135
5416.972332,2857774574,2857775709,16021,1135
5416.983435,2857782633,2857783768,16063,1135
5416.992330,2857790722,2857791858,15914,1136
5417.004328,2857798804,2857799936,15948,1132
5417.014996,2857806816,2857807947,15983,1131
5417.024328,2857814890,2857816026,15838,1136
5417.036031,2857822974,2857824105,16037,1131
5417.046556,2857831041,2857832177,16066,1136
5417.056330,2857839129,2857840265,15912,1136
5417.067590,2857847209,2857848344,16016,1135
5417.076327,2857855264,2857856400,16054,1136
5417.088329,2857863352,2857864488,15834,1136
5417.099150,2857871416,2857872549,15948,1133
5417.108330,2857879608,2857880744,15987,1136
5417.120186,2857887684,2857888820,15916,1136
5417.130709,2857895739,2857896874,15933,1135
5417.140331,2857903826,2857904962,16042,1136
5417.151747,2857911914,2857913050,15826,1136
5417.160331,2857919998,2857921134,16020,1136
5417.172333,2857928043,2857929175,15987,1132
5417.183307,2857936099,2857937235,15850,1136
5417.192331,2857944176,2857945311,15950,1135
5417.204330,2857952227,2857953363,15984,1136
5417.214868,2857960280,2857961415,15829,1135
5417.224329,2857968342,2857969480,15921,1138
5417.235914,2857976431,2857977566,15944,1135
5417.246430,2857984490,2857985622,15827,1132
5417.256327,2857992548,2857993684,15926,1136
5417.267475,2858000631,2858001767,15966,1136
5417.276330,2858008689,2858009825,15903,1136
5417.288331,2858016744,2858017879,15938,1135
5417.299036,2858024794,2858025928,15983,1134
5417.308333,2858032903,2858034035,15830,1132
5417.320069,2858040986,2858042120,15937,1134
5417.330596,2858049076,2858050210,15981,1134
5417.340334,2858057152,2858058286,15826,1134
5417.351630,2858065235,2858066367,15943,1132
5417.360330,2858073285,2858074420,15964,1135
5417.372331,2858081392,2858082528,15821,1136
5417.383191,2858089478,2858090613,15946,1135
5417.392330,2858097576,2858098712,15982,1136
5417.404228,2858105690,2858106826,15848,1136
5417.414751,2858113751,2858114886,15932,1135
5417.424328,2858121832,2858122964,15963,1132
5417.435787,2858129912,2858131044,15830,1132
5417.444331,2858138000,2858139132,15941,1132
5417.456329,2858146039,2858147175,15983,1136
5417.467349,2858154126,2858155262,15835,1136
5417.476332,2858162210,2858163345,15848,1135
5417.488328,2858170265,2858171401,15962,1136
5417.498908,2858178350,2858179484,15830,1134
5417.508332,2858186409,2858187544,15943,1135
5417.519954,2858194434,2858195570,15978,1136
5417.530468,2858202509,2858203643,15842,1134
5417.540331,2858210615,2858211751,15937,1136
5417.551515,2858218648,2858219784,15964,1136
5417.560328,2858226706,2858227838,15832,1132
5417.572330,2858234749,2858235884,15939,1135
5417.583076,2858242818,2858243950,15951,1132
5417.592328,2858251037,2858252173,15825,1136
5417.604103,2858259114,2858260250,16002,1136
5417.614636,2858267218,2858268349,16019,1131
5417.624331,2858275294,2858276425,15989,1131
5417.635670,2858283372,2858284508,15944,1136
5417.644332,2858291447,2858292579,16065,1132
5417.656329,2858299530,2858300666,15826,1136
5417.667230,2858307619,2858308751,16021,1132
5417.676335,2858315737,2858316873,15983,1136
5417.688266,2858323790,2858324922,15912,1132
5417.698791,2858331878,2858333008,16014,1130
5417.708329,2858339984,2858341120,16048,1136
5417.719827,2858348076,2858349212,15839,1136
5417.730353,2858356152,2858357288,15959,1136
5417.740329,2858364224,2858365359,15986,1135
5417.751387,2858372278,2858373413,15917,1135
5417.760330,2858380330,2858381464,15940,1134
5417.772330,2858388389,2858389525,16049,1136
5417.782949,2858396474,2858397610,15918,1136
5417.792327,2858404551,2858405687,16023,1136
5417.803994,2858412619,2858413755,15981,1136
5417.814508,2858420770,2858421904,15820,1134
5417.824328,2858428862,2858429996,15850,1134
5417.835555,2858436902,2858438033,15964,1131
5417.844328,2858444979,2858446115,15830,1136
5417.856329,2858453017,2858454149,15941,1132
5417.867116,2858461059,2858462194,15979,1135
5417.876329,2858469261,2858470397,15848,1136
5417.888150,2858477343,2858478479,15939,1136
5417.898677,2858485403,2858486537,15970,1134
5417.908330,2858493458,2858494594,15835,1136
5417.919710,2858501522,2858502658,15934,1136
5417.928336,2858509573,2858510704,15944,1131
5417.940334,2858517646,2858518781,15830,1135
5417.951271,2858525737,2858526873,15940,1136
5417.960329,2858533831,2858534967,15966,1136
5417.972314,2858541891,2858543024,15904,1133
5417.982831,2858549949,2858551085,15944,1136
5417.992331,2858558017,2858559153,15957,1136
5418.003867,2858566098,2858567234,15828,1136
5418.014393,2858574175,2858575309,15931,1134
5418.024333,2858582225,2858583361,16068,1136
5418.035427,2858590279,2858591411,15834,1132
5418.044327,2858598338,2858599472,16018,1134
5418.056333,2858606392,2858607528,15970,1136
5418.066988,2858614477,2858615609,15919,1132
5418.076332,2858622557,2858623689,15959,1132
5418.088035,2858630601,2858631737,16067,1136
5418.098549,2858638664,2858639798,15914,1134
5418.108327,2858646743,2858647875,16021,1132
5418.119595,2858654796,2858655932,15985,1136
5418.128332,2858662850,2858663987,15911,1137
5418.140336,2858670923,2858672059,15935,1136
5418.151156,2858678982,2858680118,16046,1136
5418.160337,2858687118,2858688252,15833,1134
5418.172189,2858695199,2858696335,15931,1136
5418.182716,2858703284,2858704420,16049,1136
5418.192328,2858711343,2858712479,15913,1136
5418.203752,2858720165,2858721301,15942,1136
5418.214277,2858729055,2858730193,15983,1138
5418.224331,2858738222,2858739362,15844,1140
5418.235310,2858747286,2858748429,15938,1143
5418.247331,2858757736,2858758874,15824,1138
5418.257855,2858766799,2858767943,15979,1144
5418.268333,2858775848,2858776992,15961,1144
5418.278894,2858784018,2858785160,15825,1142
5418.288329,2858792139,2858793275,15932,1136
5418.299939,2858800218,2858801354,16061,1136
5418.310452,2858808304,2858809440,15911,1136
5418.320328,2858816365,2858817500,15917,1135
5418.331499,2858824511,2858825650,16049,1139
5418.340326,2858832569,2858833704,15909,1135
5418.352328,2858840578,2858841714,15939,1136
5418.363059,2858848664,2858849800,15966,1136
5418.372329,2858856891,2858858023,15855,1132
5418.384093,2858865022,2858866157,16023,1135
5418.394619,2858873098,2858874232,16065,1134
5418.404331,2858881176,2858882312,15904,1136
5418.415653,2858889308,2858890445,16018,1137
5418.424334,2858897409,2858898541,16023,1132
5418.436329,2858905491,2858906627,15839,1136
5418.447214,2858913560,2858914695,15947,1135
5418.456328,2858921651,2858922787,15987,1136
5418.468257,2858929711,2858930847,15992,1136
5418.478774,2858937827,2858938960,16015,1133
5418.488330,2858945918,2858947053,16055,1135
5418.499811,2858954015,2858955151,15842,1136
5418.510335,2858962075,2858963209,15943,1134
5418.520328,2858970174,2858971306,15986,1132
5418.531371,2858978288,2858979419,15836,1131
5418.540328,2858986392,2858987526,15944,1134
5418.552330,2858994508,2858995644,16045,1136
5418.562931,2859002606,2859003741,15912,1135
5418.572327,2859010668,2859011804,16039,1136
5418.583979,2859018742,2859019877,15988,1135
5418.594492,2859026826,2859027961,15835,1135
5418.604329,2859034936,2859036069,15944,1133
5418.615539,2859043006,2859044138,15985,1132
5418.624327,2859051151,2859052288,15836,1137
5418.636333,2859059245,2859060381,15930,1136
5418.647101,2859067347,2859068482,16045,1135
5418.656331,2859075531,2859076668,15830,1137
5418.668131,2859083623,2859084759,15848,1136
5418.678659,2859091713,2859092845,15965,1132
5418.688330,2859099777,2859100912,15821,1135
5418.699693,2859107859,2859108995,15938,1136
5418.708335,2859115938,2859117074,15983,1136
5418.720333,2859124021,2859125153,15834,1132
5418.731254,2859132054,2859133188,15939,1134
5418.740333,2859140140,2859141272,15986,1132
5418.752290,2859148223,2859149358,15825,1135
5418.762815,2859156281,2859157417,15944,1136
5418.772330,2859164343,2859165479,15950,1136
5418.783851,2859172402,2859173538,15831,1136
5418.794374,2859180467,2859181598,15941,1131
5418.804335,2859188536,2859189671,15979,1135
5418.815418,2859196568,2859197705,15907,1137
5418.824329,2859204630,2859205764,15938,1134
5418.836329,2859212732,2859213868,15986,1136
5418.846972,2859220786,2859221920,15832,1134
5418.856334,2859228869,2859230003,15945,1134
5418.868020,2859236954,2859238090,16062,1136
5418.878532,2859245087,2859246222,15915,1135
5418.888331,2859253169,2859254301,16022,1132
5418.899579,2859261163,2859262294,15987,1131
5418.908330,2859269250,2859270382,15911,1132
5418.920336,2859277332,2859278468,15963,1136
5418.931140,2859285387,2859286521,15989,1134
5418.940329,2859293497,2859294630,15838,1133
5418.952173,2859301608,2859302744,16021,1136
5418.962699,2859309648,2859310783,16061,1135
5418.972328,2859317710,2859318846,15910,1136
5418.983734,2859325773,2859326909,15945,1136
5418.992329,2859333891,2859335027,16064,1136
5419.004329,2859341979,2859343111,15838,1132
5419.015293,2859350029,2859351165,15846,1136
5419.024327,2859358117,2859359253,15969,1136
5419.036330,2859366255,2859367386,15926,1131
5419.046855,2859374343,2859375478,16027,1135
5419.056328,2859382392,2859383528,16059,1136
5419.067891,2859390475,2859391610,15857,1135
5419.078415,2859398552,2859399688,15947,1136
5419.088330,2859406623,2859407759,15990,1136
5419.099451,2859414758,2859415893,15891,1135
5419.108328,2859422845,2859423981,15940,1136
5419.120329,2859430927,2859432062,16032,1135
5419.131013,2859438956,2859440087,15920,1131
5419.140327,2859447038,2859448174,16019,1136
5419.152059,2859455096,2859456231,15985,1135
5419.162579,2859463179,2859464312,15907,1133
5419.172333,2859471267,2859472399,15940,1132
5419.183619,2859479348,2859480484,16064,1136
5419.192328,2859487457,2859488590,15842,1133
5419.204328,2859495534,2859496670,16016,1136
5419.215179,2859503575,2859504707,16065,1132
5419.224329,2859511721,2859512857,15911,1136
5419.236206,2859519769,2859520901,15912,1132
5419.246740,2859527845,2859528979,15940,1134
5419.256327,2859535939,2859537074,15832,1135
5419.267775,2859543966,2859545099,15956,1133
5419.276334,2859552011,2859553143,15980,1132
5419.288331,2859560066,2859561202,15827,1136
5419.299334,2859568154,2859569290,15942,1136
5419.308328,2859576202,2859577338,15972,1136
5419.320331,2859584266,2859585402,15825,1136
5419.330895,2859592320,2859593455,15933,1135
5419.340331,2859600398,2859601533,15964,1135
5419.351931,2859608456,2859609592,15829,1136
5419.362454,2859616568,2859617701,15849,1133
5419.372328,2859624686,2859625822,15961,1136
5419.383491,2859632798,2859633933,15830,1135
5419.392327,2859640885,2859642025,15941,1140
5419.404332,2859648985,2859650121,15981,1136
5419.415051,2859657071,2859658208,15842,1137
5419.424330,2859665323,2859666459,15941,1136
5419.436098,2859673381,2859674513,15981,1132
5419.446612,2859681454,2859682588,15828,1134
5419.456330,2859689537,2859690669,15936,1132
5419.467659,2859697623,2859698759,15951,1136
5419.476327,2859705710,2859706845,15837,1135
5419.488327,2859713772,2859714904,15934,1132
5419.499219,2859721820,2859722956,15983,1136
5419.508327,2859729931,2859731066,15902,1135
5419.520255,2859738025,2859739161,15939,1136
5419.530780,2859746096,2859747231,15980,1135
5419.540330,2859754175,2859755311,15825,1136
5419.551814,2859762210,2859763345,15942,1135
5419.560327,2859770320,2859771455,15968,1135
5419.572329,2859778396,2859779532,15830,1136
5419.583375,2859786480,2859787615,15936,1135
5419.592328,2859794550,2859795681,15979,1131
5419.604331,2859802636,2859803770,15823,1134
5419.614936,2859810723,2859811860,15954,1137
5419.624331,2859818760,2859819892,15984,1132
5419.635971,2859826812,2859827948,15832,1136
5419.646495,2859834936,2859836069,15936,1133
5419.656329,2859842986,2859844121,15983,1135
5419.667532,2859851063,2859852199,15833,1136
5419.676328,2859859153,2859860288,15939,1135
5419.688336,2859867147,2859868284,15983,1137
5419.699093,2859875158,2859876291,15830,1133
5419.708333,2859883211,2859884346,15849,1135
5419.720138,2859891303,2859892443,15965,1140
5419.730653,2859899358,2859900493,15832,1135
5419.740336,2859907442,2859908578,15941,1136
5419.751699,2859915517,2859916651,15985,1134
5419.760331,2859923579,2859924715,15844,1136
5419.772333,2859931666,2859932802,15941,1136
5419.783262,2859940489,2859941632,15986,1143
5419.792331,2859949489,2859950632,15819,1143
5419.804295,2859958275,2859959419,15932,1144
5419.814820,2859967279,2859968422,15943,1143
5419.826837,2859977493,2859978636,15937,1143
5419.838858,2859987569,2859988711,15826,1142
5419.848333,2859996930,2859998074,15863,1144
5419.859906,2860005247,2860006391,15982,1144
5419.870418,2860013390,2860014532,15833,1142
5419.880329,2860021481,2860022616,15940,1135
5419.891465,2860029571,2860030713,15981,1142
5419.900335,2860037741,2860038883,15830,1142
5419.912328,2860045807,2860046943,15950,1136
5419.923026,2860053884,2860055020,15979,1136
5419.932327,2860062035,2860063179,15829,1144
5419.944060,2860070102,2860071234,15938,1132
5419.954586,2860078173,2860079309,15974,1136
5419.964333,2860086266,2860087403,15838,1137
5419.975621,2860094354,2860095489,15935,1135
5419.984330,2860102428,2860103564,15980,1136
5419.996331,2860110509,2860111639,15838,1130
5420.007179,2860118615,2860119751,15847,1136
5420.016328,2860126720,2860127859,15947,1139
5420.028219,2860134819,2860135955,15828,1136
5420.038741,2860142902,2860144038,15937,1136
5420.048329,2860150984,2860152120,15973,1136
5420.059777,2860159058,2860160191,15837,1133
5420.068328,2860167149,2860168284,15942,1135
5420.080333,2860175248,2860176380,15976,1132
5420.091340,2860183338,2860184482,15863,1144
5420.100346,2860191450,2860192586,15941,1136
5420.112328,2860199565,2860200699,15947,1134
5420.122898,2860207676,2860208808,15827,1132
5420.132328,2860215760,2860216896,15935,1136
5420.143945,2860223838,2860224973,15980,1135
5420.154466,2860231937,2860233081,15908,1144
5420.164335,2860240067,2860241210,15940,1143
5420.175506,2860248244,2860249384,15978,1140
5420.184333,2860256337,2860257473,15829,1136
5420.196333,2860264379,2860265512,15939,1133
5420.207066,2860272444,2860273579,15980,1135
5420.216334,2860280620,2860281757,15833,1137
5420.228101,2860288778,2860289920,15935,1142
5420.238627,2860296877,2860298009,15983,1132
5420.248329,2860305002,2860306134,15830,1132
5420.259663,2860313074,2860314216,16037,1142
5420.268330,2860321176,2860322320,16068,1144
5420.280331,2860329296,2860330429,15913,1133
5420.291220,2860337353,2860338495,15939,1142
5420.300328,2860345512,2860346648,15985,1136
5420.312257,2860353590,2860354725,15838,1135
5420.322781,2860361707,2860362842,16024,1135
5420.332330,2860369830,2860370965,16067,1135
5420.343817,2860377921,2860379056,15912,1135
5420.354340,2860386012,2860387147,15852,1135
5420.364332,2860394102,2860395246,15969,1144
5420.375378,2860402217,2860403349,15834,1132
5420.384334,2860410290,2860411427,15946,1137
5420.396334,2860418393,2860419527,15991,1134
5420.406938,2860426479,2860427615,15923,1136
5420.416332,2860434585,2860435716,16027,1131
5420.427985,2860442662,2860443798,16068,1136
5420.438498,2860450750,2860451886,15839,1136
5420.448330,2860458874,2860460018,15947,1144
5420.459547,2860466981,2860468112,16023,1131
5420.468334,2860475172,2860476305,15829,1133
5420.480332,2860483309,2860484445,15937,1136
5420.491107,2860491395,2860492530,16063,1135
5420.500328,2860499510,2860500653,15992,1143
5420.512140,2860507641,2860508773,16018,1132
5420.522666,2860515726,2860516865,15975,1139
5420.532331,2860523810,2860524955,15864,1145
5420.543700,2860531997,2860533136,15940,1139
5420.552333,2860540076,2860541212,15990,1136
5420.564331,2860548209,2860549348,15904,1139
5420.575262,2860556332,2860557476,16018,1144
5420.584328,2860564471,2860565608,16045,1137
5420.596299,2860572585,2860573727,15939,1142
5420.606822,2860580694,2860581834,15935,1140
5420.616333,2860588805,2860589945,15986,1140
5420.639889,2860599911,2860600545,12021,634
5420.650412,2860604011,2860604645,12020,634
5420.660335,2860610694,2860611825,15988,1131
5420.671448,2860618700,2860619831,15915,1131
5420.680333,2860626750,2860627886,15830,1136
5420.692328,2860634816,2860635948,15984,1132
5420.703009,2860642882,2860644013,15914,1131
5420.712333,2860650959,2860652095,15834,1136
5420.724046,2860659021,2860660153,15974,1132
5420.734568,2860667079,2860668216,15916,1137
5420.744330,2860675158,2860676290,15845,1132
5420.755607,2860683246,2860684382,15981,1136
5420.764328,2860691348,2860692480,15912,1132
5420.776328,2860699458,2860700594,15846,1136
5420.787168,2860707541,2860708677,15993,1136
5420.796329,2860715618,2860716750,15920,1132
5420.808200,2860723700,2860724836,15846,1136
5420.818729,2860731819,2860732959,15992,1140
5420.828331,2860739944,2860741081,15905,1137
5420.839761,2860748105,2860749248,15827,1143
5420.848330,2860756279,2860757415,15911,1136
5420.860326,2860764401,2860765538,15932,1137
5420.871321,2860772507,2860773643,15813,1136
5420.880330,2860780623,2860781759,15976,1136
5420.892330,2860788755,2860789899,15905,1144
5420.902881,2860796842,2860797978,15834,1136
5420.912332,2860804990,2860806132,15975,1142
5420.923927,2860813095,2860814227,15904,1132
5420.934444,2860821231,2860822374,15874,1143
5420.944331,2860829499,2860830638,15992,1139
5420.955487,2860837624,2860838764,15912,1140
5420.964330,2860845717,2860846853,15848,1136
5420.976335,2860853810,2860854946,15991,1136
5420.987049,2860861917,2860863054,15913,1137
5420.996329,2860870075,2860871219,15910,1144
5421.008088,2860878233,2860879372,15962,1139
5421.018610,2860886390,2860887529,15915,1139
5421.028333,2860894525,2860895662,15827,1137
5421.039647,2860902655,2860903799,15980,1144
5421.048328,2860910796,2860911940,15916,1144
5421.060336,2860918910,2860920042,15834,1132
5421.071208,2860927045,2860928180,16006,1135
5421.080331,2860935262,2860936398,15909,1136
5421.092243,2860943365,2860944505,15874,1140
5421.102768,2860951456,2860952600,15981,1144
5421.112334,2860959557,2860960690,15914,1133
5421.123803,2860967667,2860968800,15844,1133
5421.132333,2860974247,2860975383,15700,1136
5421.144332,2860982337,2860983472,15907,1135
5421.155362,2860990431,2860991567,15848,1136
5421.164336,2860998530,2860999666,15990,1136
5421.176329,2861006629,2861007769,15913,1140
5421.186922,2861014837,2861015970,15848,1133
5421.196330,2861022917,2861024050,15915,1133
5421.207969,2861031018,2861032158,15905,1140
5421.218484,2861039204,2861040349,15848,1145
5421.228336,2861047392,2861048529,15991,1137
5421.239529,2861055570,2861056714,15914,1144
5421.248328,2861063687,2861064831,15843,1144
5421.260328,2861071825,2861072969,16074,1144
5421.271090,2861079992,2861081136,15915,1144
5421.280332,2861088378,2861089517,15851,1139
5421.292125,2861096493,2861097629,15963,1136
5421.302648,2861104529,2861105673,15907,1144
5421.312331,2861112665,2861113804,15840,1139
5421.323686,2861120803,2861121942,15965,1139
5421.332329,2861128932,2861130068,15930,1136
5421.344327,2861137020,2861138157,15911,1137
5421.358250,2861147964,2861149108,15770,1144
5421.370279,2861158182,2861159321,15906,1139
5421.380332,2861167380,2861168524,15871,1144
5421.391315,2861176589,2861177733,15945,1144
5421.403335,2861187207,2861188351,15951,1144
5421.412333,2861196359,2861197500,15956,1141
5421.424360,2861205175,2861206319,15984,1144
5421.434895,2861214053,2861215197,15861,1144
5421.444327,2861222316,2861223457,15919,1141
5421.455937,2861230485,2861231628,15995,1143
5421.466453,2861238623,2861239763,15942,1140
5421.476331,2861246759,2861247902,15986,1143
5421.487502,2861254966,2861256109,15911,1143
5421.496330,2861263102,2861264242,15845,1140
5421.508326,2861271352,2861272491,15995,1139
5421.519060,2861279488,2861280633,15987,1145
5421.528332,2861287766,2861288900,15840,1134
5421.540098,2861295966,2861297103,15976,1137
5421.550620,2861304484,2861305627,15908,1143
5421.560329,2861312767,2861313902,15838,1135
5421.571658,2861320858,2861322003,15947,1145
5421.580334,2861329067,2861330207,15916,1140
5421.592328,2861337215,2861338359,15913,1144
5421.603219,2861345352,2861346492,16064,1140
5421.612328,2861353741,2861354885,15991,1144
5421.624253,2861361882,2861363022,15846,1140
5421.634781,2861370065,2861371209,15985,1144
5421.644329,2861378193,2861379332,15909,1139
5421.655812,2861386301,2861387440,15850,1139
5421.666341,2861394373,2861395517,15991,1144
5421.676329,2861402635,2861403780,15905,1145
5421.687375,2861410796,2861411940,15836,1144
5421.696331,2861419056,2861420196,15994,1140
5421.708330,2861427249,2861428394,15994,1145
5421.718933,2861435389,2861436530,15929,1141
5421.728329,2861443530,2861444670,16076,1140
5421.739980,2861451711,2861452855,15993,1144
5421.750494,2861459911,2861461052,15861,1141
5421.760330,2861468056,2861469195,15987,1139
5421.771540,2861476183,2861477324,15922,1141
5421.780327,2861484363,2861485506,15865,1143
5421.792330,2861492551,2861493695,15922,1144
5421.803101,2861500748,2861501887,15919,1139
5421.812329,2861509100,2861510240,15907,1140
5421.824139,2861517302,2861518446,15978,1144
5421.834660,2861525449,2861526584,15993,1135
5421.844328,2861533601,2861534744,15939,1143
5421.855699,2861541777,2861542918,15988,1141
5421.864329,2861549952,2861551089,15936,1137
5421.876327,2861558043,2861559175,15852,1132
5421.887261,2861566146,2861567290,16026,1144
5421.896329,2861574286,2861575425,15909,1139
5421.908292,2861582449,2861583594,15845,1145
5421.918821,2861590761,2861591905,15997,1144
5421.928329,2861598948,2861600084,15930,1136
5421.939859,2861607189,2861608329,15907,1140
5421.950381,2861615420,2861616561,15996,1141
5421.960327,2861623761,2861624904,15996,1143
5421.971413,2861631900,2861633042,15844,1142
5421.980328,2861639907,2861641046,15956,1139
5421.992332,2861647992,2861649130,15919,1138
5422.002973,2861656153,2861657288,15914,1135
5422.012331,2861664406,2861665548,16062,1142
5422.024019,2861672614,2861673753,15919,1139
5422.034534,2861680874,2861682018,15927,1144
5422.044328,2861689115,2861690254,15982,1139
5422.055581,2861697246,2861698387,15991,1141
5422.064333,2861705383,2861706527,15930,1144
5422.076328,2861713513,2861714653,16076,1140
5422.087141,2861721612,2861722756,15921,1144
5422.096330,2861729913,2861731050,15857,1137
5422.108180,2861738054,2861739193,15983,1139
5422.118700,2861746227,2861747367,15911,1140
5422.128331,2861754436,2861755576,15846,1140
5422.139740,2861762596,2861763733,15937,1137
5422.148327,2861770663,2861771803,15914,1140
5422.160336,2861778816,2861779956,15831,1140
5422.171298,2861786948,2861788088,15969,1140
5422.180329,2861795126,2861796267,15913,1141
5422.192327,2861803260,2861804404,15844,1144
5422.202858,2861811398,2861812543,15963,1145
5422.212329,2861819567,2861820708,15913,1141
5422.223892,2861827711,2861828855,15860,1144
5422.234422,2861835975,2861837115,15968,1140
5422.244327,2861844187,2861845329,15909,1142
5422.255453,2861852323,2861853462,15862,1139
5422.264330,2861860475,2861861614,15981,1139
5422.276333,2861868654,2861869798,15915,1144
5422.287019,2861876870,2861878010,15904,1140
5422.296333,2861885091,2861886230,15989,1139
5422.308062,2861893300,2861894444,15919,1144
5422.318574,2861901531,2861902675,15915,1144
5422.328333,2861909665,2861910808,15984,1143
5422.339621,2861917883,2861919024,15921,1141
5422.348328,2861926020,2861927156,15811,1136
5422.360330,2861934221,2861935360,15980,1139
5422.371180,2861942355,2861943496,15909,1141
5422.380332,2861950584,2861951724,15838,1140
5422.392221,2861958717,2861959861,15980,1144
5422.402740,2861966849,2861967993,15915,1144
5422.412328,2861974990,2861976133,15845,1143
5422.423781,2861983133,2861984277,15985,1144
5422.432328,2861991277,2861992417,15909,1140
5422.444329,2861999396,2862000534,15878,1138
5422.455341,2862007529,2862008669,15990,1140
5422.464328,2862015765,2862016909,15919,1144
5422.476328,2862023923,2862025062,15826,1139
5422.486901,2862032056,2862033196,15920,1140
5422.496328,2862040192,2862041337,15914,1145
5422.507938,2862048325,2862049469,15847,1144
5422.518460,2862056518,2862057662,15977,1144
5422.528328,2862064727,2862065872,15913,1145
5422.539493,2862072945,2862074089,15826,1144
5422.548334,2862081148,2862082288,15981,1140
5422.560328,2862089453,2862090592,15909,1139
5422.571054,2862097585,2862098729,15850,1144
5422.580330,2862105841,2862106985,15989,1144
5422.592100,2862113924,2862115068,15911,1144
5422.602615,2862122064,2862123208,15847,1144
5422.612335,2862130199,2862131339,15985,1140
5422.623661,2862138301,2862139445,15911,1144
5422.632328,2862146460,2862147604,15910,1144
5422.644332,2862154656,2862155795,15993,1139
5422.655222,2862162792,2862163931,15914,1139
5422.664330,2862171049,2862172192,15831,1143
5422.676259,2862179183,2862180327,15979,1144
5422.686781,2862187327,2862188471,15918,1144
5422.696328,2862195460,2862196604,15834,1144
5422.707823,2862203613,2862204749,16000,1136
5422.716332,2862211722,2862212865,15918,1143
5422.728333,2862219853,2862220997,15852,1144
5422.739380,2862227990,2862229133,15974,1143
5422.748330,2862236226,2862237370,15907,1144
5422.760329,2862244447,2862245589,15844,1142
5422.770942,2862252656,2862253795,15990,1139
5422.780328,2862261052,2862262192,15913,1140
5422.791973,2862269259,2862270400,15849,1141
5422.802502,2862277390,2862278534,15989,1144
5422.812327,2862285576,2862286719,15992,1143
5422.823534,2862293718,2862294862,15903,1144
5422.832327,2862301879,2862303022,16003,1143
5422.844328,2862310013,2862311156,16001,1143
5422.855096,2862318130,2862319274,15863,1144
5422.864330,2862326318,2862327461,15986,1143
5422.876139,2862334454,2862335597,15915,1143
5422.886654,2862342631,2862343771,15912,1140
5422.896331,2862350781,2862351924,16061,1143
5422.907700,2862359131,2862360270,15846,1139
5422.916333,2862367297,2862368441,15859,1144
5422.928330,2862375490,2862376635,15982,1145
5422.942267,2862387388,2862388532,15972,1144
5422.952332,2862396255,2862397399,15909,1144
5422.963300,2862405692,2862406832,15837,1140
5422.975327,2862416016,2862417161,15904,1145
5422.985847,2862425310,2862426454,15920,1144
5422.997873,2862436682,2862437828,15952,1146
5423.008335,2862445208,2862446351,15891,1143
5423.018911,2862453474,2862454618,15976,1144
5423.028329,2862461694,2862462839,15914,1145
5423.039945,2862470003,2862471148,15862,1145
5423.050472,2862478176,2862479317,15981,1141
5423.060330,2862486416,2862487559,15917,1143
5423.071504,2862494735,2862495880,15836,1145
5423.080330,2862503150,2862504291,15917,1141
5423.092330,2862511410,2862512554,15908,1144
5423.103066,2862519664,2862520808,15843,1144
5423.112330,2862528001,2862529145,15977,1144
5423.124111,2862536198,2862537341,15913,1143
5423.134625,2862544334,2862545479,15829,1145
5423.144327,2862552499,2862553642,15977,1143
5423.155673,2862560636,2862561776,15910,1140
5423.164327,2862568774,2862569917,15833,1143
5423.176330,2862576935,2862578074,15988,1139
5423.187232,2862585045,2862586189,15915,1144
5423.196328,2862593427,2862594568,15848,1141
5423.208272,2862601638,2862602782,15996,1144
5423.218793,2862609845,2862610990,15914,1145
5423.228330,2862618035,2862619175,15909,1140
5423.239831,2862626266,2862627410,15974,1144
5423.250352,2862634405,2862635546,15906,1141
5423.260327,2862642591,2862643734,15928,1143
5423.271393,2862650738,2862651882,16000,1144
5423.280328,2862658890,2862660034,15898,1144
5423.292331,2862667078,2862668222,15856,1144
5423.302953,2862675260,2862676401,16068,1141
5423.312330,2862683446,2862684587,15994,1141
5423.323985,2862691663,2862692807,15831,1144
5423.334513,2862699768,2862700912,15996,1144
5423.344332,2862707906,2862709051,15900,1145
5423.355545,2862716085,2862717229,15835,1144
5423.364327,2862724361,2862725505,15967,1144
5423.376329,2862732564,2862733703,15915,1139
5423.387106,2862740700,2862741843,15830,1143
5423.396329,2862749031,2862750172,15977,1141
5423.408151,2862757172,2862758317,15913,1145
5423.418666,2862765330,2862766470,15847,1140
5423.428329,2862773492,2862774636,15916,1144
5423.439712,2862781627,2862782771,15916,1144
5423.448331,2862789765,2862790906,15836,1141
5423.460329,2862797900,2862799043,15995,1143
5423.471274,2862806098,2862807239,15913,1141
5423.480337,2862814259,2862815404,15846,1145
5423.492314,2862822372,2862823516,16075,1144
5423.502834,2862830558,2862831702,15919,1144
5423.512330,2862838697,2862839838,15824,1141
5423.523873,2862846887,2862848026,15973,1139
5423.534394,2862855107,2862856251,15910,1144
5423.544328,2862863273,2862864418,15835,1145
5423.555433,2862871434,2862872574,15995,1140
5423.564328,2862879650,2862880795,15916,1145
5423.576328,2862887792,2862888934,15906,1142
5423.586993,2862895934,2862897079,15994,1145
5423.596330,2862904075,2862905220,15913,1145
5423.608025,2862912216,2862913357,15834,1141
5423.618553,2862920463,2862921607,15975,1144
5423.628328,2862928596,2862929740,15918,1144
5423.639586,2862936722,2862937867,15828,1145
5423.648328,2862944855,2862945994,15991,1139
5423.660326,2862953036,2862954180,15915,1144
5423.671146,2862961322,2862962466,15830,1144
5423.680327,2862969725,2862970868,15994,1143
5423.692192,2862977866,2862979010,15913,1144
5423.702707,2862986003,2862987142,15847,1139
5423.712329,2862994188,2862995332,15994,1144
5423.723752,2863002468,2863003613,15863,1145
5423.732333,2863010734,2863011875,15859,1141
5423.744329,2863019044,2863020186,15979,1142
5423.755314,2863027234,2863028378,15907,1144
5423.764330,2863035391,2863036535,15844,1144
5423.776329,2863043549,2863044691,15921,1142
5423.786872,2863051713,2863052854,15911,1141
5423.796328,2863059896,2863061037,15848,1141
5423.807912,2863068154,2863069294,15965,1140
5423.818431,2863076419,2863077564,15908,1145
5423.828330,2863084618,2863085758,15835,1140
5423.839470,2863092758,2863093902,15968,1144
5423.848330,2863100995,2863102139,15906,1144
5423.860329,2863109171,2863110314,15849,1143
5423.871032,2863117313,2863118457,15983,1144
5423.880336,2863125593,2863126735,15907,1142
5423.892067,2863133831,2863134975,15859,1144
5423.902591,2863142021,2863143166,15966,1145
5423.912330,2863150337,2863151482,15916,1145
5423.923633,2863158507,2863159652,15907,1145
5423.932331,2863166656,2863167796,15987,1140
5423.944328,2863174784,2863175928,15917,1144
5423.955186,2863182920,2863184060,15914,1140
5423.964328,2863191183,2863192327,16060,1144
5423.976233,2863199322,2863200461,15989,1139
5423.986748,2863207453,2863208594,15828,1141
5423.996327,2863215642,2863216786,15986,1144
5424.007792,2863223840,2863224986,15917,1146
5424.016333,2863231975,2863233119,15855,1144
5424.028334,2863240242,2863241383,16084,1141
5424.039352,2863248379,2863249522,15994,1143
5424.048333,2863256515,2863257658,15931,1143
5424.060331,2863264648,2863265788,16076,1140
5424.070914,2863272838,2863273979,15918,1141
5424.080327,2863281051,2863282192,15852,1141
5424.091951,2863289208,2863290353,15978,1145
5424.102475,2863297379,2863298523,15999,1144
5424.112330,2863305546,2863306690,15915,1144
5424.123514,2863313756,2863314901,15999,1145
5424.132333,2863321914,2863323054,15899,1140
5424.144335,2863330123,2863331270,15833,1147
5424.155074,2863338274,2863339415,15999,1141
5424.164330,2863346579,2863347724,15917,1145
5424.176108,2863354856,2863355994,15838,1138
5424.186635,2863363043,2863364187,15983,1144
5424.196327,2863371270,2863372414,15915,1144
5424.207666,2863379478,2863380623,15822,1145
5424.216330,2863387683,2863388827,15996,1144
5424.228333,2863395895,2863397040,15914,1145
5424.239227,2863404038,2863405181,15833,1143
5424.248334,2863412175,2863413320,15996,1145
5424.260272,2863420382,2863421525,15913,1143
5424.270794,2863428576,2863429716,15910,1140
5424.280333,2863436708,2863437849,15997,1141
5424.291834,2863444979,2863446120,15911,1141
5424.302347,2863453314,2863454454,15831,1140
5424.312327,2863461475,2863462616,15980,1141
5424.323394,2863469656,2863470797,15907,1141
5424.332335,2863477848,2863478993,15856,1145
5424.344330,2863486024,2863487169,15988,1145
5424.354952,2863494164,2863495308,15908,1144
5424.364329,2863502312,2863503457,15845,1145
5424.375992,2863510482,2863511624,15982,1142
5424.386513,2863518701,2863519846,15916,1145
5424.396335,2863526863,2863528004,15861,1141
5424.407552,2863535029,2863536174,15979,1145
5424.416332,2863543234,2863544378,15909,1144
5424.428331,2863551375,2863552519,15846,1144
5424.439111,2863559522,2863560667,15957,1145
5424.448329,2863567839,2863568984,15917,1145
5424.460145,2863576107,2863577246,15862,1139
5424.470673,2863584343,2863585487,15919,1144
5424.480329,2863592587,2863593728,15908,1141
5424.491705,2863600720,2863601864,15846,1144
5424.500335,2863608935,2863610079,15973,1144
5424.512334,2863617729,2863618870,15899,1141
5424.523266,2863626938,2863628079,15841,1141
5424.535296,2863637744,2863638888,15909,1144
5424.547320,2863648155,2863649298,15967,1143
5424.559335,2863658586,2863659728,15828,1142
5424.568332,2863667657,2863668802,15914,1145
5424.580330,2863676453,2863677598,15914,1145
5424.590896,2863684775,2863685915,15826,1140
5424.600331,2863693034,2863694179,15942,1145
5424.611942,2863701182,2863702325,15919,1143
5424.622457,2863709375,2863710520,15824,1145
5424.632329,2863717743,2863718884,15934,1141
5424.643501,2863725889,2863727034,15991,1145
5424.652335,2863734034,2863735178,15835,1144
5424.664328,2863742174,2863743315,15934,1141
5424.675063,2863750329,2863751473,15952,1144
5424.684330,2863758640,2863759785,15829,1145
5424.696096,2863766857,2863767997,15934,1140
5424.706622,2863775066,2863776210,15989,1144
5424.716330,2863783249,2863784390,15911,1141
5424.727656,2863791384,2863792529,15938,1145
5424.736328,2863799660,2863800804,15958,1144
5424.748331,2863807858,2863809003,15817,1145
5424.759217,2863816048,2863817190,15939,1142
5424.768327,2863824340,2863825480,15964,1140
5424.780254,2863832477,2863833621,15822,1144
5424.790778,2863840664,2863841808,15937,1144
5424.800336,2863848922,2863850063,15999,1141
5424.811814,2863857112,2863858256,15828,1144
5424.822336,2863865284,2863866427,15882,1143
5424.832334,2863873488,2863874629,15967,1141
5424.843375,2863881693,2863882833,15830,1140
5424.852328,2863889828,2863890968,15940,1140
5424.864331,2863897959,2863899105,15967,1146
5424.874935,2863906172,2863907314,15820,1142
5424.884330,2863914319,2863915459,15942,1140
5424.895982,2863922460,2863923605,15946,1145
5424.906496,2863930650,2863931795,15828,1145
5424.916327,2863938802,2863939947,15848,1145
5424.927542,2863946968,2863948108,15966,1140
5424.936329,2863955104,2863956249,15823,1145
5424.948334,2863963371,2863964514,15950,1143
5424.959103,2863971523,2863972665,15942,1142
5424.968331,2863979920,2863981061,15844,1141
5424.980136,2863988129,2863989272,15939,1143
5424.990664,2863996357,2863997502,16000,1145
5425.000328,2864004546,2864005690,15823,1144
5425.011697,2864012678,2864013818,15942,1140
5425.020334,2864020931,2864022076,15940,1145
5425.032328,2864029200,2864030345,15848,1145
5425.043257,2864037512,2864038651,15932,1139
5425.052331,2864045896,2864047040,15981,1144
5425.064301,2864054109,2864055251,15908,1142
5425.074818,2864062279,2864063423,15937,1144
5425.084329,2864070423,2864071568,15964,1145
5425.095855,2864078558,2864079699,15828,1141
5425.106378,2864086744,2864087889,15934,1145
5425.116327,2864094985,2864096125,15957,1140
5425.127414,2864103170,2864104311,15844,1141
5425.136327,2864111373,2864112516,15941,1143
5425.148329,2864119572,2864120716,15987,1144
5425.158976,2864127840,2864128980,15835,1140
5425.168330,2864135984,2864137128,15938,1144
5425.180023,2864144171,2864145313,16001,1142
5425.190537,2864152404,2864153547,15831,1143
5425.200329,2864160602,2864161747,15950,1145
5425.211583,2864168813,2864169955,16079,1142
5425.220333,2864177142,2864178283,15836,1141
5425.232328,2864185282,2864186421,16016,1139
5425.243142,2864193433,2864194578,16050,1145
5425.252328,2864201747,2864202888,15909,1141
5425.264175,2864209941,2864211086,15855,1145
5425.274704,2864218091,2864219234,15969,1143
5425.284331,2864226415,2864227560,15831,1145
5425.295737,2864234633,2864235776,16020,1143
5425.304327,2864242794,2864243935,16077,1141
5425.316333,2864250937,2864252078,15850,1141
5425.327297,2864259100,2864260240,16023,1140
5425.336331,2864267305,2864268450,16077,1145
5425.348330,2864275545,2864276690,15830,1145
5425.358860,2864283782,2864284920,15922,1138
5425.368337,2864292002,2864293147,15951,1145
5425.379897,2864300265,2864301409,15837,1144
5425.390418,2864308416,2864309561,15935,1145
5425.400333,2864316658,2864317803,15972,1145
5425.411462,2864324771,2864325916,15921,1145
5425.420331,2864333006,2864334146,15941,1140
5425.432329,2864341217,2864342362,15996,1145
5425.443015,2864349382,2864350527,15829,1145
5425.452329,2864357646,2864358791,15934,1145
5425.464062,2864365865,2864367006,15984,1141
5425.474576,2864374051,2864375194,15825,1143
5425.484329,2864382245,2864383390,15946,1145
5425.495623,2864390473,2864391618,15984,1145
5425.504327,2864398619,2864399759,15828,1140
5425.516328,2864406748,2864407889,15952,1141
5425.527183,2864414904,2864416048,16001,1144
5425.536330,2864423274,2864424419,15830,1145
5425.548219,2864431520,2864432660,15939,1140
5425.558741,2864439839,2864440983,15987,1144
5425.568329,2864447999,2864449139,15828,1140
5425.579777,2864456190,2864457334,15929,1144
5425.588329,2864464474,2864465614,15961,1140
5425.600328,2864472661,2864473805,15844,1144
5425.611337,2864480831,2864481974,15852,1143
5425.620331,2864488961,2864490106,15966,1145
5425.632330,2864497136,2864498281,15829,1145
5425.642897,2864505421,2864506566,15938,1145
5425.652330,2864513620,2864514760,16069,1140
5425.663935,2864521851,2864522996,15849,1145
5425.674459,2864530246,2864531389,15936,1143
5425.684331,2864538602,2864539747,15989,1145
5425.695495,2864546743,2864547888,15904,1145
5425.704329,2864554888,2864556033,15941,1145
5425.716333,2864563012,2864564156,16026,1144
5425.727056,2864571184,2864572324,15833,1140
5425.736330,2864579540,2864580680,16023,1140
5425.748102,2864587676,2864588820,16004,1144
5425.758624,2864595919,2864597058,15913,1139
5425.768333,2864604072,2864605216,15942,1144
5425.779665,2864612244,2864613388,15971,1144
5425.788331,2864620432,2864621577,15826,1145
5425.800330,2864628679,2864629820,15938,1141
5425.811222,2864636849,2864637992,15962,1143
5425.820327,2864645263,2864646407,15830,1144
5425.832257,2864653405,2864654545,15939,1140
5425.842784,2864661530,2864662672,15997,1142
5425.852330,2864669671,2864670812,15827,1141
5425.863820,2864677833,2864678975,15965,1142
5425.872327,2864686046,2864687189,15960,1143
5425.884331,2864694270,2864695410,15826,1140
5425.895377,2864702478,2864703622,15937,1144
5425.904328,2864710629,2864711774,15999,1145
5425.916331,2864718801,2864719948,15832,1147
5425.926938,2864726960,2864728101,15940,1141
5425.936336,2864735131,2864736276,15976,1145
5425.947975,2864743325,2864744465,15835,1140
5425.958497,2864751559,2864752698,15853,1139
5425.968333,2864759741,2864760881,15999,1140
5425.979534,2864767883,2864769028,15821,1145
5425.988330,2864776029,2864777170,15944,1141
5426.000327,2864784180,2864785321,15980,1141
5426.011096,2864792362,2864793506,15836,1144
5426.020328,2864800667,2864801811,15936,1144
5426.032143,2864808801,2864809945,15982,1144
5426.042656,2864816972,2864818114,15828,1142
5426.052328,2864825201,2864826346,15942,1145
5426.063704,2864833350,2864834495,15940,1145
5426.072331,2864841489,2864842631,15831,1142
5426.084331,2864849752,2864850892,15922,1140
5426.095265,2864858859,2864860004,16005,1145
5426.104331,2864867840,2864868986,15908,1146
5426.116296,2864877023,2864878168,15935,1145
5426.126824,2864885869,2864887011,15999,1142
5426.136331,2864894999,2864896144,15828,1145
5426.147859,2864904194,2864905339,15940,1145
5426.158383,2864912863,2864914008,15958,1145
5426.168327,2864921117,2864922261,15918,1144
5426.179418,2864929366,2864930506,15937,1140
5426.188330,2864937553,2864938698,15983,1145
5426.200334,2864945799,2864946944,15828,1145
5426.210980,2864954045,2864955190,15956,1145
5426.220329,2864962225,2864963365,16003,1140
5426.232015,2864970360,2864971504,15833,1144
5426.242538,2864978579,2864979720,15937,1141
5426.252330,2864986813,2864987959,16010,1146
5426.263576,2864995088,2864996229,15827,1141
5426.272328,2865003224,2865004363,15953,1139
5426.284327,2865011392,2865012537,15995,1145
5426.295137,2865019584,2865020725,15816,1141
5426.304329,2865027919,2865029065,15848,1146
5426.316183,2865036096,2865037241,15961,1145
5426.326696,2865044319,2865045461,15811,1142
5426.336331,2865052505,2865053651,15941,1146
5426.347743,2865060649,2865061794,15962,1145
5426.356329,2865068845,2865069984,15845,1139
5426.368335,2865076980,2865078124,15934,1144
5426.379305,2865085126,2865086271,15999,1145
5426.388327,2865093299,2865094444,15828,1145
5426.400335,2865101458,2865102603,15937,1145
5426.410864,2865109665,2865110807,15969,1142
5426.420328,2865117861,2865119005,15857,1144
5426.431895,2865126129,2865127272,15884,1143
5426.442426,2865134409,2865135554,15954,1145
5426.452334,2865142624,2865143766,15908,1142
5426.463458,2865150763,2865151903,15942,1140
5426.472328,2865158946,2865160089,15979,1143
5426.484328,2865167136,2865168281,15839,1145
5426.495019,2865175425,2865176570,15932,1145
5426.504333,2865183784,2865184929,15972,1145
5426.516057,2865192027,2865193168,15831,1141
5426.526579,2865200186,2865201328,15939,1142
5426.536334,2865208413,2865209553,15959,1140
5426.547616,2865216529,2865217669,15835,1140
5426.556328,2865224744,2865225884,15984,1140
5426.568328,2865233031,2865234177,15653,1146
5426.579177,2865241287,2865242429,15793,1142
5426.588334,2865249730,2865250871,15988,1141
5426.600224,2865258072,2865259216,15919,1144
5426.610738,2865266215,2865267356,15853,1141
5426.620332,2865274477,2865275617,15993,1140
5426.631783,2865282697,2865283839,15962,1142
5426.640331,2865290875,2865292021,15841,1146
5426.652329,2865299124,2865300266,15846,1142
5426.663344,2865307296,2865308441,15952,1145
5426.672327,2865315545,2865316684,15838,1139
5426.684330,2865323782,2865324923,15944,1141
5426.694906,2865331978,2865333119,15979,1141
5426.704332,2865340164,2865341305,15845,1141
5426.715938,2865348402,2865349547,15938,1145
5426.726465,2865356567,2865357707,16004,1140
5426.736333,2865364882,2865366027,15831,1145
5426.747498,2865373297,2865374441,15933,1144
5426.756330,2865381629,2865382774,15962,1145
5426.768330,2865389773,2865390915,15833,1142
5426.779059,2865398063,2865399205,15923,1142
5426.788331,2865406334,2865407474,15985,1140
5426.800104,2865414646,2865415791,15907,1145
5426.810619,2865422873,2865424019,15941,1146
5426.820330,2865431034,2865432180,15985,1146
5426.831656,2865439277,2865440422,15916,1145
5426.840333,2865447500,2865448641,15946,1141
5426.852329,2865455727,2865456872,16047,1145
5426.863217,2865463942,2865465087,15836,1145
5426.872330,2865472324,2865473467,16022,1143
5426.884263,2865480492,2865481637,15989,1145
5426.894776,2865488653,2865489798,15914,1145
5426.904336,2865496897,2865498042,15959,1145
5426.915823,2865505073,2865506214,16055,1141
5426.926337,2865513258,2865514398,15837,1140
5426.936332,2865521420,2865522561,16024,1141
5426.947385,2865529609,2865530754,15976,1145
5426.956329,2865537830,2865538973,15901,1143
5426.968329,2865546052,2865547193,15942,1141
5426.978945,2865554225,2865555367,16053,1142
5426.988332,2865562354,2865563498,15825,1144
5426.999977,2865570603,2865571744,15847,1141
5427.010505,2865578765,2865579907,15963,1142
5427.020329,2865587057,2865588198,15832,1141
5427.031538,2865595271,2865596412,15937,1141
5427.040329,2865603522,2865604668,16075,1146
5427.052334,2865611695,2865612840,15852,1145
5427.063099,2865619838,2865620982,16019,1144
5427.072328,2865628147,2865629287,15987,1140
5427.084135,2865636318,2865637463,15911,1145
5427.094659,2865644616,2865645761,15943,1145
5427.104331,2865652815,2865653960,16034,1145
5427.115699,2865661008,2865662153,15857,1145
5427.124327,2865669320,2865670465,15941,1145
5427.136333,2865677581,2865678726,15984,1145
5427.147264,2865685715,2865686855,15994,1140
5427.156327,2865693999,2865695145,15939,1146
5427.168303,2865702264,2865703409,16045,1145
5427.178819,2865710487,2865711631,15859,1144
5427.188328,2865718668,2865719810,16024,1142
5427.199864,2865726894,2865728035,15967,1141
5427.210377,2865735042,2865736187,15831,1145
5427.220334,2865743194,2865744339,15938,1145
5427.231425,2865751424,2865752566,15992,1142
5427.240327,2865759716,2865760863,15912,1147
5427.252336,2865767990,2865769135,15937,1145
5427.262984,2865776149,2865777295,16080,1146
5427.272330,2865784320,2865785462,15838,1142
5427.284018,2865792561,2865793701,16022,1140
5427.294545,2865800762,2865801906,15990,1144
5427.304335,2865808877,2865810022,15911,1145
5427.315579,2865817096,2865818240,15945,1144
5427.324329,2865825258,2865826399,15986,1141
5427.336330,2865833494,2865834639,15841,1145
5427.347138,2865841715,2865842861,15925,1146
5427.356329,2865849988,2865851133,15960,1145
5427.368177,2865858182,2865859326,15908,1144
5427.378700,2865866497,2865867642,15942,1145
5427.388332,2865874715,2865875860,16043,1145
5427.399738,2865883003,2865884147,15854,1144
5427.408328,2865891333,2865892478,15938,1145
5427.420332,2865899509,2865900654,15953,1145
5427.431299,2865907657,2865908802,15876,1145
5427.440330,2865915820,2865916962,15936,1142
5427.452328,2865924168,2865925312,15928,1144
5427.462857,2865932487,2865933632,15847,1145
5427.472331,2865940759,2865941900,15883,1141
5427.483903,2865948896,2865950041,15949,1145
5427.494425,2865957120,2865958267,15911,1147
5427.504329,2865965491,2865966636,15942,1145
5427.515464,2865973830,2865974971,15982,1141
5427.524328,2865982235,2865983380,15807,1145
5427.536330,2865990595,2865991737,15933,1142
5427.547026,2865998875,2866000020,15981,1145
5427.556335,2866007196,2866008337,15830,1141
5427.568059,2866015491,2866016632,15938,1141
5427.578585,2866023723,2866024868,15983,1145
5427.588329,2866032024,2866033165,15827,1141
5427.599619,2866040344,2866041486,15949,1142
5427.608332,2866048485,2866049629,15967,1144
5427.620330,2866056732,2866057874,15828,1142
5427.631179,2866064921,2866066066,15912,1145
5427.640332,2866073168,2866074313,15977,1145
5427.652216,2866081311,2866082456,15830,1145
5427.667248,2866094687,2866095832,15848,1145
5427.679269,2866104953,2866106098,15788,1145
5427.691299,2866115363,2866116509,15970,1146
5427.703316,2866125777,2866126924,15936,1147
5427.712333,2866134767,2866135912,15982,1145
5427.724331,2866143937,2866145082,15834,1145
5427.734876,2866153244,2866154390,15934,1146
5427.744336,2866161588,2866162732,15979,1144
5427.755913,2866170013,2866171153,15827,1140
5427.766437,2866178444,2866179590,15911,1146
5427.776332,2866186865,2866188010,15987,1145
5427.787473,2866195118,2866196263,15830,1145
5427.796331,2866203382,2866204527,15953,1145
5427.808336,2866211618,2866212764,15976,1146
5427.819034,2866219915,2866221057,15829,1142
5427.828335,2866228181,2866229326,15938,1145
5427.840081,2866236399,2866237543,15986,1144
5427.850595,2866244648,2866245788,15911,1140
5427.860328,2866252879,2866254020,16006,1141
5427.871642,2866261012,2866262156,16066,1144
5427.880328,2866269177,2866270320,15912,1143
5427.892330,2866277345,2866278491,15856,1146
5427.903201,2866285596,2866286742,15969,1146
5427.912329,2866294050,2866295197,15841,1147
5427.924236,2866302330,2866303476,15984,1146
5427.934763,2866310610,2866311756,16066,1146
5427.944328,2866318796,2866319938,15921,1142
5427.955797,2866326990,2866328134,16021,1144
5427.964332,2866335122,2866336266,16065,1144
5427.976331,2866343365,2866344506,15835,1141
5427.987356,2866351577,2866352722,15940,1145
5427.996333,2866359780,2866360925,15952,1145
5428.008327,2866368088,2866369234,15818,1146
5428.018917,2866376332,2866377477,15938,1145
5428.028328,2866384498,2866385644,16061,1146
5428.039960,2866392670,2866393814,15986,1144
5428.050477,2866400810,2866401955,15944,1145
5428.060329,2866408973,2866410117,15989,1144
5428.071516,2866417188,2866418334,15869,1146
5428.080330,2866425466,2866426613,15946,1147
5428.092332,2866433702,2866434844,15988,1142
5428.103077,2866441902,2866443047,15857,1145
5428.112331,2866450231,2866451375,15936,1144
5428.124122,2866458417,2866459559,15983,1142
5428.134635,2866466589,2866467734,15830,1145
5428.144331,2866474799,2866475941,15957,1142
5428.155682,2866483032,2866484176,15978,1144
5428.164329,2866491322,2866492469,15827,1147
5428.176327,2866499638,2866500779,15936,1141
5428.187242,2866507946,2866509087,15984,1141
5428.196329,2866516205,2866517345,15830,1140
5428.208273,2866524497,2866525642,15887,1145
5428.218802,2866532703,2866533848,15947,1145
5428.228333,2866541048,2866542194,15815,1146
5428.239835,2866549254,2866550394,15849,1140
5428.250363,2866557596,2866558741,15961,1145
5428.260329,2866566177,2866567321,15854,1144
5428.271396,2866574400,2866575545,15943,1145
5428.280333,2866582611,2866583753,15973,1142
5428.292327,2866590870,2866592014,15848,1144
5428.302957,2866599015,2866600161,15940,1146
5428.312328,2866607304,2866608449,15987,1145
5428.323993,2866615518,2866616664,15829,1146
5428.334519,2866623866,2866625008,15940,1142
5428.344329,2866632351,2866633497,15945,1146
5428.355555,2866640547,2866641691,15835,1144
5428.364329,2866648810,2866649955,15933,1145
5428.376327,2866656958,2866658104,15963,1146
5428.387122,2866665178,2866666324,15914,1146
5428.396327,2866673595,2866674741,15912,1146
5428.408161,2866681752,2866682898,15974,1146
5428.418676,2866690116,2866691258,15914,1142
5428.428329,2866698457,2866699600,16021,1143
5428.439721,2866706687,2866707831,16063,1144
5428.448331,2866714979,2866716121,15915,1142
5428.460330,2866723148,2866724290,15932,1142
5428.471282,2866731317,2866732462,15986,1145
5428.480327,2866739655,2866740801,15825,1146
5428.492317,2866747927,2866749067,16037,1140
5428.502843,2866756183,2866757328,16070,1145
5428.512335,2866764402,2866765547,15898,1145
5428.523877,2866772698,2866773839,16030,1141
5428.534403,2866780920,2866782066,15968,1146
5428.544328,2866789152,2866790298,15840,1146
5428.555437,2866797367,2866798510,15939,1143
5428.564332,2866805631,2866806773,15985,1142
5428.576338,2866813952,2866815097,15913,1145
5428.586996,2866822119,2866823265,15932,1146
5428.596329,2866830284,2866831429,16045,1145
5428.608033,2866838519,2866839665,15834,1146
5428.620064,2866847910,2866849056,15980,1146
5428.630578,2866856261,2866857406,15830,1145
5428.640328,2866864548,2866865694,15956,1146
5428.651625,2866872839,2866873981,15976,1142
5428.660327,2866881075,2866882217,15832,1142
5428.672334,2866889262,2866890405,15938,1143
5428.683185,2866897466,2866898612,15965,1146
5428.692331,2866905707,2866906852,15833,1145
5428.704220,2866913917,2866915062,15934,1145
5428.714746,2866922153,2866923295,15982,1142
5428.724331,2866930326,2866931471,15862,1145
5428.735778,2866938523,2866939668,15850,1145
5428.744336,2866946960,2866948104,15965,1144
5428.756332,2866955323,2866956468,15836,1145
5428.767340,2866963544,2866964689,15941,1145
5428.776331,2866971862,2866973007,15961,1145
5428.788330,2866980183,2866981322,15850,1139
5428.798900,2866988413,2866989555,15939,1142
5428.808328,2866996698,2866997839,15982,1141
5428.819937,2867004990,2867006135,15830,1145
5428.830460,2867013370,2867014515,15936,1145
5428.840329,2867021628,2867022774,15944,1146
5428.851497,2867029817,2867030959,15828,1142
5428.860328,2867038105,2867039252,15936,1147
5428.872328,2867046371,2867047516,15961,1145
5428.883065,2867054565,2867055706,15906,1141
5428.892332,2867063001,2867064147,15939,1146
5428.904104,2867071293,2867072435,15983,1142
5428.914621,2867079636,2867080781,15860,1145
5428.924335,2867088002,2867089148,15925,1146
5428.935664,2867096178,2867097324,15969,1146
5428.944328,2867104450,2867105592,15823,1142
5428.956329,2867112649,2867113791,15941,1142
5428.967225,2867120807,2867121953,15981,1146
5428.976334,2867128997,2867130143,15838,1146
5428.988261,2867137288,2867138432,15956,1144
5428.998786,2867145557,2867146702,15963,1145
5429.008329,2867154001,2867155147,15832,1146
5429.019819,2867162403,2867163548,15938,1145
5429.030345,2867170709,2867171850,16015,1141
5429.040326,2867179101,2867180243,15829,1142
5429.051380,2867187301,2867188442,15938,1141
5429.060332,2867195530,2867196676,15985,1146
5429.072329,2867203685,2867204829,15829,1144
5429.082939,2867211861,2867213006,15850,1145
5429.092328,2867220009,2867221155,15969,1146
5429.103977,2867228163,2867229305,15831,1142
5429.114501,2867236547,2867237688,15932,1141
5429.124328,2867244889,2867246034,15962,1145
5429.135538,2867253132,2867254277,15843,1145
5429.144329,2867261376,2867262522,15946,1146
5429.156330,2867269569,2867270715,15984,1146
5429.167098,2867277939,2867279084,15829,1145
5429.176327,2867286430,2867287577,15937,1147
5429.188144,2867294675,2867295816,15948,1141
5429.198659,2867302790,2867303935,15828,1145
5429.208331,2867311112,2867312253,15943,1141
5429.219705,2867319310,2867320455,15964,1145
5429.228332,2867327575,2867328716,15911,1141
5429.240335,2867336502,2867337647,15881,1145
5429.254267,2867348741,2867349887,15933,1146
5429.264333,2867357621,2867358767,15966,1146
5429.275303,2867367176,2867368322,15834,1146
5429.284331,2867376142,2867377289,15961,1147
5429.296335,2867385410,2867386556,15970,1146
5429.306866,2867394428,2867395575,15837,1147
5429.316328,2867402806,2867403951,15936,1145
5429.327910,2867411202,2867412348,15971,1146
5429.338425,2867419504,2867420647,15836,1143
5429.348328,2867427772,2867428917,15889,1145
5429.359473,2867435993,2867437139,16006,1146
5429.368328,2867444310,2867445452,15823,1142
5429.380328,2867452501,2867453642,15843,1141
5429.391031,2867460690,2867461836,15966,1146
5429.400330,2867469111,2867470257,15857,1146
5429.412066,2867477414,2867478560,15944,1146
5429.422592,2867485659,2867486804,15997,1145
5429.432329,2867493912,2867495059,15822,1147
5429.443627,2867502299,2867503443,15946,1144
5429.452328,2867510493,2867511635,15968,1142
5429.464329,2867518803,2867519949,15864,1146
5429.475184,2867527098,2867528244,15886,1146
5429.484330,2867535611,2867536757,15947,1146
5429.496223,2867543903,2867545048,15827,1145
5429.506747,2867552249,2867553394,15941,1145
5429.516332,2867560570,2867561715,15967,1145
5429.527791,2867568905,2867570051,15909,1146
5429.536328,2867577170,2867578309,15935,1139
5429.548330,2867585417,2867586564,15966,1147
5429.559345,2867593688,2867594832,15835,1144
5429.568331,2867602011,2867603158,15946,1147
5429.580329,2867610266,2867611412,15964,1146
5429.590906,2867618521,2867619668,15831,1147
5429.600333,2867626768,2867627909,15940,1141
5429.611951,2867634994,2867636140,15966,1146
5429.622465,2867643346,2867644488,15834,1142
5429.642003,2867656102,2867656794,13769,692
5429.652332,2867661325,2867661957,12005,632
5429.664332,2867665717,2867666592,13860,875
5429.675069,2867673526,2867674660,15967,1134
5429.684336,2867681781,2867682922,15914,1141
5429.696103,2867689921,2867691067,15854,1146
5429.706631,2867698091,2867699235,15984,1144
5429.716327,2867706362,2867707504,15916,1142
5429.727662,2867714523,2867715669,15835,1146
5429.736332,2867722791,2867723931,15971,1140
5429.748330,2867731013,2867732160,15914,1147
5429.759224,2867739244,2867740391,15867,1147
5429.768327,2867747631,2867748772,15979,1141
5429.780269,2867755775,2867756917,15914,1142
5429.790785,2867763939,2867765084,15844,1145
5429.800328,2867772194,2867773340,15935,1146
5429.811828,2867780515,2867781661,15917,1146
5429.822345,2867788657,2867789799,15861,1142
5429.832327,2867796854,2867798000,15971,1146
5429.843390,2867805166,2867806312,15912,1146
5429.852328,2867813465,2867814610,15846,1145
5429.864330,2867821763,2867822904,15962,1141
5429.874950,2867829910,2867831052,15907,1142
5429.884333,2867838043,2867839185,15864,1142
5429.895989,2867846383,2867847528,15984,1145
5429.906511,2867854747,2867855893,15915,1146
5429.916329,2867863049,2867864195,15833,1146
5429.927549,2867871245,2867872387,15986,1142
5429.936332,2867879559,2867880700,15915,1141
5429.948330,2867887830,2867888976,15864,1146
5429.959112,2867896045,2867897191,15983,1146
5429.968335,2867904389,2867905534,15907,1145
5429.980143,2867912579,2867913725,15836,1146
5429.990669,2867920756,2867921903,15970,1147
5430.000328,2867929045,2867930187,15916,1142
5430.011703,2867937216,2867938362,15864,1146
5430.020333,2867945512,2867946656,15985,1144
5430.032328,2867953837,2867954983,15898,1146
5430.043264,2867962151,2867963297,15844,1146
5430.052328,2867970405,2867971547,15975,1142
5430.064309,2867978608,2867979751,15915,1143
5430.074823,2867986830,2867987975,15838,1145
5430.084331,2867995336,2867996483,15969,1147
5430.095875,2868003542,2868004686,15938,1144
5430.106385,2868011756,2868012901,15829,1145
5430.116334,2868019971,2868021117,15986,1146
5430.127430,2868028165,2868029311,15909,1146
5430.136327,2868036512,2868037651,15833,1139
5430.148335,2868043324,2868044458,15837,1134
5430.158993,2868051530,2868052671,15918,1141
5430.168334,2868059828,2868060970,15836,1142
5430.180032,2868068171,2868069317,15979,1146
5430.190551,2868076495,2868077641,15913,1146
5430.200328,2868084773,2868085920,15854,1147
5430.211594,2868092974,2868094115,16080,1141
5430.220327,2868101438,2868102583,15996,1145
5430.232334,2868109632,2868110775,15836,1143
5430.243151,2868117780,2868118925,15992,1145
5430.252330,2868126081,2868127226,15921,1145
5430.264185,2868134308,2868135451,15863,1143
5430.274711,2868142483,2868143624,16000,1141
5430.284328,2868150899,2868152041,15917,1142
5430.295743,2868159333,2868160474,15833,1141
5430.304330,2868167624,2868168770,15971,1146
5430.316329,2868175827,2868176974,15917,1147
5430.327304,2868184037,2868185182,15870,1145
5430.336330,2868192430,2868193574,15957,1144
5430.348331,2868200809,2868201955,15921,1146
5430.358865,2868209233,2868210379,15831,1146
5430.368326,2868217439,2868218585,15972,1146
5430.379909,2868225638,2868226784,15920,1146
5430.390428,2868233927,2868235072,15889,1145
5430.400333,2868242273,2868243415,16069,1142
5430.411470,2868250560,2868251705,15922,1145
5430.420331,2868258798,2868259940,15843,1142
5430.432327,2868267046,2868268191,15978,1145
5430.443029,2868275340,2868276487,15998,1147
5430.452331,2868283715,2868284860,15858,1145
5430.464073,2868292086,2868293230,16001,1144
5430.474591,2868300414,2868301559,15915,1145
5430.484333,2868308763,2868309904,15843,1141
5430.495630,2868317066,2868318212,15994,1146
5430.504334,2868325236,2868326382,15918,1146
5430.516331,2868333531,2868334676,15852,1145
5430.527191,2868341871,2868343014,15987,1143
5430.536327,2868350080,2868351220,15919,1140
5430.548223,2868358453,2868359599,15842,1146
5430.558749,2868366868,2868368015,15973,1147
5430.568335,2868375174,2868376320,15913,1146
5430.579784,2868383453,2868384599,15859,1146
5430.588330,2868391781,2868392922,16007,1141
5430.600335,2868400126,2868401272,15895,1146
5430.611344,2868408305,2868409451,15843,1146
5430.620330,2868416771,2868417914,16031,1143
5430.632334,2868425053,2868426198,15912,1145
5430.642904,2868433380,2868434523,15835,1143
5430.652329,2868441748,2868442892,15959,1144
5430.663950,2868449883,2868451025,15916,1142
5430.674467,2868458126,2868459271,15877,1145
5430.684330,2868466521,2868467668,15945,1147
5430.695509,2868474849,2868475992,15904,1143
5430.704329,2868483287,2868484435,15865,1148
5430.716327,2868491758,2868492903,15984,1145
5430.727071,2868499950,2868501095,15915,1145
5430.736329,2868508397,2868509537,15877,1140
5430.748109,2868516615,2868517756,15964,1141
5430.758630,2868524939,2868526082,15912,1143
5430.768334,2868533202,2868534349,15855,1147
5430.779671,2868541418,2868542564,15991,1146
5430.788334,2868549667,2868550813,15916,1146
5430.800331,2868557869,2868559014,15842,1145
5430.811231,2868566744,2868567890,15968,1146
5430.820331,2868575845,2868576990,15914,1145
5430.832263,2868585189,2868586335,15865,1146
5430.842791,2868594530,2868595675,15984,1145
5430.854808,2868605206,2868606352,15843,1146
5430.864332,2868614433,2868615578,15970,1145
5430.875854,2868624625,2868625797,15919,1172
5430.886368,2868633105,2868634273,15839,1168
5430.896328,2868641459,2868642605,15997,1146
5430.907415,2868649881,2868651026,15916,1145
5430.916329,2868658160,2868659331,15824,1171
5430.928332,2868666511,2868667656,15987,1145
5430.938974,2868675007,2868676154,15917,1147
5430.948327,2868683529,2868684674,15852,1145
5430.960014,2868691799,2868692942,15972,1143
5430.970536,2868700272,2868701416,15913,1144
5430.980332,2868708796,2868709941,15831,1145
5430.991574,2868717211,2868718358,15955,1147
5431.000330,2868725559,2868726705,15920,1146
5431.012335,2868733880,2868735026,15843,1146
5431.023135,2868742251,2868743397,15995,1146
5431.032327,2868750716,2868751864,15919,1148
5431.044167,2868759112,2868760259,15831,1147
5431.054696,2868767786,2868768932,16005,1146
5431.064328,2868776483,2868777628,15915,1145
5431.075729,2868784860,2868786002,15851,1142
5431.084331,2868793435,2868794575,16018,1140
5431.096333,2868801830,2868802976,15896,1146
5431.107288,2868810105,2868811248,15825,1143
5431.116328,2868818478,2868819624,15998,1146
5431.128333,2868826744,2868827886,15909,1142
5431.138848,2868835033,2868836178,15852,1145
5431.148329,2868843556,2868844726,15987,1170
5431.159897,2868851927,2868853073,15884,1146
5431.170409,2868860128,2868861267,15833,1139
5431.180332,2868868450,2868869595,15981,1145
5431.191454,2868876644,2868877790,15914,1146
5431.200333,2868885042,2868886188,15851,1146
5431.212332,2868893321,2868894463,16019,1142
5431.223016,2868901540,2868902686,15917,1146
5431.232327,2868910002,2868911147,15865,1145
5431.244053,2868918493,2868919639,15982,1146
5431.254574,2868926946,2868928092,15914,1146
5431.264331,2868935319,2868936464,15838,1145
5431.275616,2868943908,2868945049,16024,1141
5431.284332,2868952366,2868953507,15917,1141
5431.296334,2868960556,2868961697,15828,1141
5431.307174,2868968752,2868969894,15981,1142
5431.316330,2868977051,2868978197,15912,1146
5431.328209,2868985419,2868986561,15878,1142
5431.338737,2868993920,2868995064,16000,1144
5431.348330,2869002224,2869003369,15913,1145
5431.359767,2869010501,2869011646,15832,1145
5431.368330,2869018729,2869019874,15982,1145
5431.380332,2869027031,2869028178,15992,1147
5431.391327,2869035457,2869036602,15833,1145
5431.400329,2869043701,2869044842,16083,1141
5431.412333,2869052117,2869053265,15995,1148
5431.422888,2869060453,2869061598,15838,1145
5431.432333,2869068878,2869070019,16068,1141
5431.443933,2869077415,2869078561,15918,1146
5431.454453,2869085814,2869086961,15991,1147
5431.464334,2869094127,2869095268,16023,1141
5431.475495,2869102497,2869103643,15918,1146
5431.484331,2869110784,2869111927,15831,1143
5431.496329,2869119049,2869120192,15984,1143
5431.507054,2869127425,2869128572,15914,1147
5431.516327,2869136122,2869137270,15853,1148
5431.528095,2869144422,2869145568,15971,1146
5431.538617,2869152663,2869153809,15913,1146
5431.548334,2869160896,2869162042,15832,1146
5431.559654,2869169169,2869170316,15983,1147
5431.568329,2869177474,2869178619,15912,1145
5431.580330,2869185724,2869186867,15839,1143
5431.591214,2869194015,2869195156,15977,1141
5431.600328,2869202266,2869203412,15914,1146
5431.612248,2869210660,2869211805,15845,1145
5431.622775,2869219207,2869220354,15983,1147
5431.632332,2869227642,2869228789,15910,1147
5431.643812,2869235932,2869237078,15882,1146
5431.652331,2869244479,2869245624,15997,1145
5431.664335,2869252803,2869253948,15916,1145
5431.675368,2869261004,2869262150,15829,1146
5431.684330,2869269275,2869270420,15970,1145
5431.696335,2869277529,2869278675,15917,1146
5431.706928,2869285884,2869287031,15941,1147
5431.716329,2869294335,2869295481,15989,1146
5431.727974,2869302852,2869303995,15969,1143
5431.738488,2869311270,2869312416,15848,1146
5431.748333,2869319815,2869320961,16056,1146
5431.759533,2869328156,2869329301,15920,1145
5431.768328,2869336453,2869337622,15941,1169
5431.780328,2869344732,2869345879,15993,1147
5431.791094,2869353011,2869354158,15998,1147
5431.800329,2869361387,2869362533,15856,1146
5431.812135,2869369693,2869370838,16085,1145
5431.822653,2869378069,2869379215,15913,1146
5431.832332,2869386519,2869387666,15863,1147
5431.843695,2869394908,2869396053,15984,1145
5431.852333,2869403159,2869404306,15907,1147
5431.864329,2869411440,2869412586,15844,1146
5431.875253,2869419698,2869420846,15970,1148
5431.884329,2869428222,2869429366,15923,1144
5431.896289,2869436807,2869437954,15836,1147
5431.906817,2869445461,2869446608,16000,1147
5431.916329,2869453916,2869455062,15916,1146
5431.927848,2869462365,2869463512,15830,1147
5431.938376,2869470621,2869471766,15985,1145
5431.948334,2869478953,2869480099,15912,1146
5431.959406,2869487430,2869488577,15840,1147
5431.968329,2869495807,2869496953,15998,1146
5431.980330,2869504112,2869505259,15920,1147
5431.990968,2869512470,2869513617,15828,1147
5432.000335,2869520995,2869522141,15986,1146
5432.012013,2869529583,2869530729,15907,1146
5432.022529,2869538081,2869539227,15842,1146
5432.032333,2869546430,2869547575,15999,1145
5432.043576,2869554611,2869555757,15925,1146
5432.052333,2869563057,2869564202,15913,1145
5432.064332,2869571389,2869572558,15980,1169
5432.075135,2869579838,2869580985,16004,1147
5432.084327,2869588342,2869589486,15855,1144
5432.096176,2869596846,2869597992,15985,1146
5432.106696,2869605251,2869606397,15916,1146
5432.116328,2869613701,2869614848,15829,1147
5432.127736,2869622200,2869623347,15946,1147
5432.136332,2869630947,2869632093,15910,1146
5432.148329,2869639408,2869640555,15847,1147
5432.159296,2869647844,2869648990,16016,1146
5432.168328,2869656312,2869657457,15918,1145
5432.180327,2869664639,2869665784,15835,1145
5432.190855,2869673201,2869674348,15982,1147
5432.200329,2869681584,2869682730,15914,1146
5432.211887,2869689856,2869691002,15853,1146
5432.222417,2869698252,2869699394,15997,1142
5432.232327,2869706576,2869707724,15935,1148
5432.243448,2869715029,2869716176,15831,1147
5432.252328,2869723503,2869724649,15989,1146
5432.264330,2869731979,2869733124,15917,1145
5432.275008,2869740372,2869741518,15859,1146
5432.284330,2869748728,2869749872,16083,1144
5432.296055,2869757067,2869758209,15918,1142
5432.306568,2869765538,2869766685,15814,1147
5432.316327,2869773972,2869775118,15979,1146
5432.327614,2869782396,2869783541,15913,1145
5432.336331,2869790726,2869791872,15850,1146
5432.348336,2869799158,2869800304,15999,1146
5432.359178,2869807628,2869808775,15908,1147
5432.368336,2869816251,2869817395,15832,1144
5432.383216,2869827822,2869828964,15799,1142
5432.395245,2869838558,2869839705,15867,1147
5432.404331,2869847719,2869848866,15822,1147
5432.416284,2869857112,2869858259,15983,1147
5432.426804,2869866317,2869867460,15912,1143
5432.436332,2869875650,2869876796,15854,1146
5432.447846,2869885276,2869886448,15952,1172
5432.458366,2869894055,2869895202,15920,1147
5432.468332,2869902486,2869903631,15832,1145
5432.479403,2869911047,2869912194,15976,1147
5432.488327,2869919475,2869920623,15915,1148
5432.500332,2869927874,2869929023,15859,1149
5432.510964,2869936233,2869937380,15982,1147
5432.520329,2869944590,2869945735,15920,1145
5432.531998,2869953201,2869954346,15843,1145
5432.542523,2869961673,2869962817,15970,1144
5432.552328,2869970125,2869971269,15912,1144
5432.563557,2869978572,2869979717,15862,1145
5432.572331,2869987004,2869988154,15951,1150
5432.584330,2869995561,2869996707,15916,1146
5432.595118,2870003897,2870005043,15841,1146
5432.604329,2870012643,2870013789,15971,1146
5432.616161,2870021095,2870022240,15922,1145
5432.626680,2870029344,2870030488,15960,1144
5432.636328,2870037837,2870038983,15991,1146
5432.647724,2870046112,2870047258,16000,1146
5432.656330,2870054537,2870055685,15934,1148
5432.668330,2870062970,2870064115,16010,1145
5432.679282,2870071447,2870072592,15923,1145
5432.688332,2870080108,2870081255,15865,1147
5432.700325,2870088567,2870089714,15991,1147
5432.710844,2870096905,2870098053,15915,1148
5432.720330,2870105389,2870106532,15845,1143
5432.731882,2870113916,2870115060,15970,1144
5432.742402,2870122273,2870123420,15913,1147
5432.752334,2870130875,2870132021,15848,1146
5432.763444,2870139502,2870140649,15987,1147
5432.772332,2870148031,2870149178,15908,1147
5432.784331,2870156477,2870157624,15845,1147
5432.795002,2870164881,2870166027,15975,1146
5432.804331,2870173280,2870174428,15911,1148
5432.816036,2870181930,2870183075,15868,1145
5432.826564,2870190383,2870191529,15983,1146
5432.836329,2870198738,2870199886,15908,1148
5432.847596,2870207096,2870208241,15844,1145
5432.856328,2870215323,2870216470,15946,1147
5432.868329,2870223896,2870225041,15918,1145
5432.879162,2870232353,2870233500,15890,1147
5432.888329,2870240978,2870242125,15979,1147
5432.900203,2870249362,2870250509,15913,1147
5432.910717,2870257886,2870259034,15846,1148
5432.920329,2870266462,2870267609,15971,1147
5432.931761,2870274916,2870276059,15919,1143
5432.940328,2870283264,2870284411,15946,1147
5432.952332,2870291718,2870292862,16082,1144
5432.963323,2870300123,2870301272,15911,1149
5432.972335,2870308529,2870309675,15854,1146
5432.984335,2870316906,2870318053,15971,1147
5432.994883,2870325207,2870326354,16002,1147
5433.004336,2870333585,2870334731,15949,1146
5433.015923,2870341920,2870343067,16066,1147
5433.026444,2870350297,2870351445,15924,1148
5433.036334,2870358506,2870359654,15851,1148
5433.047482,2870367055,2870368202,15980,1147
5433.056327,2870375366,2870376512,15915,1146
5433.068329,2870383692,2870384833,15847,1141
5433.079044,2870391996,2870393142,15984,1146
5433.088330,2870400473,2870401621,15913,1148
5433.100077,2870408973,2870410119,15835,1146
5433.112105,2870418411,2870419556,15972,1145
5433.122622,2870426990,2870428138,15867,1148
5433.132329,2870435622,2870436770,16067,1148
5433.143666,2870444093,2870445240,15923,1147
5433.152331,2870452535,2870453680,15852,1145
5433.164331,2870460765,2870461912,15974,1147
5433.175226,2870469222,2870470368,15995,1146
5433.184330,2870477624,2870478766,15870,1142
5433.196265,2870485906,2870487051,16066,1145
5433.206787,2870494111,2870495256,15924,1145
5433.216332,2870502615,2870503758,15843,1143
5433.227826,2870510968,2870512111,15994,1143
5433.238346,2870519319,2870520465,15994,1146
5433.248328,2870527720,2870528863,15856,1143
5433.259387,2870536172,2870537319,16071,1147
5433.268329,2870544792,2870545940,15921,1148
5433.280331,2870553223,2870554371,15915,1148
5433.290945,2870561673,2870562820,15968,1147
5433.300331,2870569978,2870571120,15994,1142
5433.311979,2870578330,2870579477,15867,1147
5433.322509,2870586985,2870588130,16002,1145
5433.332328,2870595559,2870596706,15916,1147
5433.343540,2870603889,2870605037,15831,1148
5433.352331,2870612270,2870613416,15981,1146
5433.364328,2870620670,2870621818,15912,1148
5433.375101,2870629049,2870630197,15850,1148
5433.384327,2870637690,2870638835,15998,1145
5433.396147,2870645947,2870647093,15917,1146
5433.406661,2870654325,2870655471,15835,1146
5433.416329,2870662895,2870664042,15982,1147
5433.427706,2870671447,2870672589,15901,1142
5433.436328,2870679848,2870680991,15852,1143
5433.448336,2870688270,2870689416,16014,1146
5433.459268,2870696771,2870697918,15902,1147
5433.468328,2870705441,2870706586,15834,1145
5433.480306,2870713916,2870715063,15987,1147
5433.490827,2870722223,2870723369,15916,1146
5433.500334,2870730604,2870731748,15852,1144
5433.511868,2870738938,2870740085,15998,1147
5433.522390,2870747524,2870748671,15909,1147
5433.532327,2870755853,2870757001,15823,1148
5433.543426,2870764282,2870765429,15982,1147
5433.552327,2870772925,2870774072,15921,1147
5433.564335,2870781502,2870782649,15836,1147
5433.574989,2870789854,2870791002,15998,1148
5433.584327,2870798379,2870799525,15918,1146
5433.596018,2870806831,2870807977,15806,1146
5433.606548,2870815427,2870816570,15988,1143
5433.616330,2870823782,2870824929,15906,1147
5433.627580,2870832261,2870833409,15850,1148
5433.636327,2870840819,2870841966,16002,1147
5433.648330,2870849498,2870850646,15833,1148
5433.659144,2870857808,2870858956,15945,1148
5433.668330,2870866483,2870867630,15972,1147
5433.680179,2870875032,2870876179,15836,1147
5433.690704,2870883584,2870884731,15933,1147
5433.700328,2870892060,2870893205,15954,1145
5433.711741,2870900660,2870901807,15834,1147
5433.720332,2870908937,2870910084,15944,1147
5433.732331,2870917436,2870918582,15956,1146
5433.743308,2870925935,2870927083,15909,1148
5433.752326,2870934287,2870935434,15944,1147
5433.764327,2870942644,2870943791,15971,1147
5433.774861,2870951092,2870952238,15835,1146
5433.784329,2870959549,2870960695,15949,1146
5433.795907,2870968046,2870969192,15972,1146
5433.806421,2870976471,2870977618,15832,1147
5433.816330,2870984850,2870985996,15945,1146
5433.827468,2870993250,2870994393,15966,1143
5433.836333,2871001721,2871002868,15824,1147
5433.848327,2871010031,2871011178,15959,1147
5433.859029,2871018457,2871019602,15972,1145
5433.868328,2871027003,2871028151,15815,1148
5433.880063,2871035556,2871036703,15939,1147
5433.890589,2871043927,2871045074,15967,1147
5433.900331,2871052448,2871053593,15834,1145
5433.911625,2871060774,2871061917,15949,1143
5433.920327,2871069193,2871070339,15969,1146
5433.932332,2871077638,2871078809,15832,1171
5433.943182,2871086187,2871087333,15851,1146
5433.952328,2871094762,2871095908,15970,1146
5433.964221,2871104102,2871105249,15832,1147
5433.974743,2871113563,2871114706,15948,1143
5433.984331,2871123051,2871124221,15971,1170
5433.995782,2871132496,2871133643,15838,1147
5434.006304,2871141958,2871143102,15942,1144
5434.016332,2871151278,2871152424,15971,1146
5434.027341,2871160741,2871161912,15832,1171
5434.036334,2871169368,2871170538,15943,1170
5434.048328,2871177816,2871178962,15954,1146
5434.058901,2871186457,2871187604,15826,1147
5434.068327,2871194931,2871196079,15948,1148
5434.079948,2871203363,2871204510,15962,1147
5434.090468,2871211885,2871213033,15911,1148
5434.100334,2871220418,2871221563,15945,1145
5434.111508,2871228826,2871229968,15959,1142
5434.120331,2871237123,2871238270,15828,1147
5434.132335,2871245468,2871246616,15928,1148
5434.143067,2871254068,2871255214,15971,1146
5434.152329,2871262549,2871263698,15832,1149
5434.164103,2871271082,2871272229,15945,1147
5434.174630,2871279654,2871280801,15972,1147
5434.184331,2871288202,2871289348,15834,1146
5434.195666,2871296504,2871297650,15965,1146
5434.204331,2871304929,2871306076,15965,1147
5434.216330,2871313523,2871314669,15833,1146
5434.227223,2871321849,2871322996,15945,1147
5434.236327,2871330248,2871331396,15974,1148
5434.248261,2871338704,2871339851,15832,1147
5434.258784,2871347064,2871348210,15949,1146
5434.268330,2871355601,2871356748,15966,1147
5434.279821,2871364029,2871365176,15833,1147
5434.290344,2871372675,2871373822,15845,1147
5434.300330,2871381488,2871382634,15969,1146
5434.311381,2871390092,2871391239,15831,1147
5434.320328,2871398571,2871399718,15943,1147
5434.332329,2871407094,2871408242,15960,1148
5434.342942,2871415593,2871416739,15848,1146
5434.352328,2871424145,2871425293,15941,1148
5434.363988,2871432822,2871433968,15977,1146
5434.374501,2871441253,2871442400,15828,1147
5434.384332,2871449556,2871450702,15943,1146
5434.395548,2871458181,2871459328,15952,1147
5434.404330,2871466463,2871467610,15834,1147
5434.416330,2871475027,2871476174,15942,1147
5434.427109,2871483401,2871484548,15969,1147
5434.436330,2871491971,2871493118,15912,1147
5434.448143,2871500470,2871501616,15945,1146
5434.458669,2871508696,2871509843,15969,1147
5434.468331,2871517166,2871518314,15822,1148
5434.479705,2871525619,2871526766,15938,1147
5434.488331,2871533923,2871535069,15973,1146
5434.500330,2871542351,2871543496,15818,1145
5434.511264,2871550822,2871551968,15949,1146
5434.520329,2871559344,2871560491,15971,1147
5434.532300,2871567605,2871568752,15837,1147
5434.542825,2871576100,2871577244,15958,1144
5434.552332,2871584554,2871585697,15975,1143
5434.563860,2871592886,2871594030,15825,1144
5434.574387,2871601211,2871602355,15940,1144
5434.584331,2871609715,2871610861,15966,1146
5434.595421,2871618044,2871619191,15834,1147
5434.604330,2871626474,2871627646,15890,1172
5434.616330,2871634875,2871636022,15963,1147
5434.626982,2871643297,2871644443,15830,1146
5434.636333,2871651882,2871653029,15848,1147
5434.648028,2871660506,2871661652,15968,1146
5434.658541,2871668952,2871670100,15822,1148
5434.668330,2871677730,2871678876,15945,1146
5434.679589,2871686229,2871687376,15970,1147
5434.688331,2871694530,2871695677,15847,1147
5434.700331,2871702956,2871704099,15946,1143
5434.711149,2871711280,2871712451,15969,1171
5434.720336,2871719753,2871720900,15834,1147
5434.732181,2871728130,2871729277,15895,1147
5434.742710,2871736585,2871737732,15999,1147
5434.752329,2871745166,2871746317,15860,1151
5434.763743,2871753575,2871754722,15945,1147
5434.772329,2871762084,2871763230,15969,1146
5434.784332,2871770608,2871771754,15910,1146
5434.795304,2871778992,2871780140,15945,1148
5434.804329,2871787443,2871788591,15971,1148
5434.816331,2871795843,2871796989,15832,1146
5434.826864,2871804224,2871805372,15944,1148
5434.836326,2871812753,2871813899,15974,1146
5434.847901,2871821157,2871822304,15831,1147
5434.858425,2871829581,2871830727,15944,1146
5434.868331,2871837986,2871839133,15967,1147
5434.879464,2871846486,2871847633,15868,1147
5434.888332,2871854962,2871856105,15963,1143
5434.900330,2871863485,2871864626,15970,1141
5434.911022,2871872227,2871873375,15839,1148
5434.920332,2871881078,2871882224,15946,1146
5434.932068,2871889602,2871890753,15959,1151
5434.942582,2871898085,2871899231,15829,1146
5434.952330,2871906703,2871907851,15956,1148
5434.963629,2871915156,2871916299,15971,1143
5434.972334,2871923524,2871924671,15832,1147
5434.984328,2871931973,2871933120,15885,1147
5434.995190,2871940310,2871941456,15965,1146
5435.004329,2871948711,2871949858,15830,1147
5435.016223,2871957117,2871958262,15945,1145
5435.026749,2871965595,2871966738,15971,1143
5435.036331,2871973948,2871975095,15847,1147
5435.047786,2871982299,2871983442,15948,1143
5435.056327,2871990722,2871991868,15969,1146
5435.068331,2871999047,2872000195,15829,1148
5435.079344,2872007361,2872008507,15948,1146
5435.088329,2872015854,2872017025,15950,1171
5435.100333,2872024391,2872025536,15834,1145
5435.110904,2872033018,2872034166,15947,1148
5435.120331,2872041394,2872042541,15969,1147
5435.131950,2872050053,2872051200,15907,1147
5435.142465,2872058575,2872059721,15930,1146
5435.152329,2872067364,2872068510,16007,1146
5435.163501,2872075893,2872077037,15821,1144
5435.172330,2872084395,2872085566,15948,1171
5435.184329,2872093050,2872094198,15963,1148
5435.195064,2872101669,2872102817,15862,1148
5435.204327,2872110258,2872111429,15924,1171
5435.216108,2872118935,2872120082,15964,1147
5435.226625,2872127677,2872128849,15863,1172
5435.236331,2872136256,2872137403,15961,1147
5435.247670,2872144911,2872146060,15970,1149
5435.256329,2872153630,2872154776,15833,1146
5435.268333,2872162087,2872163260,15921,1173
5435.279229,2872170597,2872171744,15972,1147
5435.288327,2872179194,2872180365,15862,1171
5435.300263,2872187771,2872188917,15949,1146
5435.310791,2872196599,2872197746,15984,1147
5435.320328,2872205026,2872206172,15831,1146
5435.331824,2872213524,2872214671,15842,1147
5435.342350,2872222053,2872223199,15967,1146
5435.352328,2872230796,2872231967,15831,1171
5435.363384,2872239316,2872240462,15944,1146
5435.372327,2872248021,2872249170,16017,1149
5435.384336,2872256497,2872257645,15847,1148
5435.394945,2872264971,2872266117,15929,1146
5435.404327,2872273424,2872274572,15958,1148
5435.415981,2872281943,2872283089,15814,1146
5435.426506,2872290442,2872291614,15934,1172
5435.436329,2872298992,2872300139,15961,1147
5435.447541,2872307642,2872308788,15831,1146
5435.456331,2872316123,2872317269,15936,1146
5435.468327,2872324667,2872325814,15970,1147
5435.479109,2872333270,2872334418,15912,1148
5435.488327,2872341995,2872343141,15944,1146
5435.500150,2872350571,2872351716,15958,1145
5435.510663,2872359215,2872360358,15821,1143
5435.520334,2872367661,2872368807,15949,1146
5435.534712,2872379877,2872381049,15951,1172
5435.546733,2872390440,2872391610,15852,1170
5435.556332,2872399841,2872400989,15934,1148
5435.567780,2872409635,2872410806,15967,1171
5435.578300,2872419104,2872420253,15987,1149
5435.590323,2872430165,2872431317,16048,1152
5435.600330,2872439674,2872440846,15912,1172
5435.611356,2872448348,2872449496,15939,1148
5435.620327,2872457103,2872458251,15971,1148
5435.632328,2872465653,2872466823,15874,1170
5435.642916,2872474373,2872475521,15940,1148
5435.652329,2872483217,2872484389,15973,1172
5435.663952,2872491776,2872492923,15835,1147
5435.674476,2872500350,2872501500,15923,1150
5435.684327,2872508857,2872510005,15952,1148
5435.695512,2872517382,2872518529,15834,1147
5435.704328,2872526128,2872527299,15944,1171
5435.716328,2872534678,2872535820,15967,1142
5435.727081,2872543181,2872544328,15910,1147
5435.736330,2872552117,2872553266,15945,1149
5435.748121,2872560745,2872561893,15966,1148
5435.758634,2872569196,2872570345,15835,1149
5435.768334,2872577718,2872578866,15959,1148
5435.779681,2872586274,2872587446,15971,1172
5435.788329,2872594929,2872596102,15860,1173
5435.800330,2872603461,2872604608,15938,1147
5435.811242,2872611894,2872613066,15969,1172
5435.820333,2872620540,2872621688,15838,1148
5435.832278,2872629005,2872630177,15933,1172
5435.842803,2872637608,2872638783,15972,1175
5435.852328,2872646255,2872647402,15833,1147
5435.863836,2872654741,2872655889,15951,1148
5435.874362,2872663320,2872664469,15960,1149
5435.884329,2872672000,2872673176,15828,1176
5435.895397,2872680685,2872681856,15944,1171
5435.904330,2872689139,2872690286,15974,1147
5435.916327,2872697714,2872698884,15832,1170
5435.926956,2872706391,2872707539,15852,1148
5435.936327,2872715039,2872716186,15973,1147
5435.947996,2872723591,2872724737,15854,1146
5435.958516,2872732188,2872733360,15917,1172
5435.968330,2872740899,2872742048,16007,1149
5435.979556,2872749580,2872750728,15865,1148
5435.988331,2872758206,2872759378,15942,1172
5436.000326,2872766678,2872767825,15960,1147
5436.011116,2872775209,2872776380,15863,1171
5436.020329,2872783978,2872785150,15916,1172
5436.032160,2872792682,2872793829,15955,1147
5436.042674,2872801462,2872802610,15832,1148
5436.052329,2872810062,2872811235,15942,1173
5436.063721,2872818688,2872819834,15969,1146
5436.072334,2872827487,2872828659,15914,1172
5436.084329,2872836037,2872837208,15915,1171
5436.095281,2872844611,2872845757,15974,1146
5436.104332,2872853405,2872854554,15833,1149
5436.116316,2872862059,2872863204,15948,1145
5436.126840,2872870636,2872871782,15971,1146
5436.136328,2872879424,2872880595,15863,1171
5436.147878,2872887982,2872889130,15946,1148
5436.158402,2872896534,2872897705,15970,1171
5436.168331,2872905106,2872906252,15832,1146
5436.179438,2872913821,2872914969,15957,1148
5436.188331,2872922383,2872923530,15959,1147
5436.200328,2872930938,2872932086,15825,1148
5436.210996,2872939514,2872940658,15944,1144
5436.220330,2872947918,2872949066,15970,1148
5436.232036,2872956523,2872957694,15863,1171
5436.242557,2872965268,2872966440,15944,1172
5436.252330,2872974017,2872975165,15967,1148
5436.263593,2872982695,2872983867,15826,1172
5436.272329,2872991313,2872992489,15847,1176
5436.284328,2872999896,2873001068,15961,1172
5436.295153,2873008524,2873009700,15832,1176
5436.304329,2873017279,2873018425,15947,1146
5436.316201,2873025901,2873027047,15958,1146
5436.326717,2873034456,2873035604,15874,1148
5436.336332,2873043179,2873044326,15940,1147
5436.347761,2873051561,2873052709,15969,1148
5436.356329,2873060041,2873061214,15863,1173
5436.368331,2873068670,2873069816,15946,1146
5436.379321,2873077163,2873078311,15958,1148
5436.388333,2873085839,2873086986,15826,1147
5436.400330,2873094367,2873095538,15952,1171
5436.410882,2873102900,2873104047,15972,1147
5436.420328,2873111673,2873112845,15910,1172
5436.431916,2873120081,2873121250,15943,1169
5436.442442,2873128775,2873129923,15966,1148
5436.452330,2873137529,2873138702,15835,1173
5436.463476,2873146113,2873147260,15917,1147
5436.472329,2873154737,2873155884,15959,1147
5436.484328,2873163143,2873164290,15830,1147
5436.495038,2873171866,2873173012,15910,1146
5436.504327,2873180372,2873181518,15968,1146
5436.516073,2873189022,2873190196,15837,1174
5436.526601,2873197585,2873198733,15961,1148
5436.536328,2873205965,2873207113,15968,1148
5436.547634,2873214604,2873215776,15837,1172
5436.556328,2873223298,2873224446,15947,1148
5436.568332,2873231825,2873232973,15972,1148
5436.579194,2873240460,2873241607,15789,1147
5436.588329,2873249107,2873250254,15987,1147
5436.600240,2873257660,2873258833,15908,1173
5436.610754,2873266466,2873267614,15830,1148
5436.620330,2873274991,2873276138,15923,1147
5436.631801,2873283574,2873284722,15916,1148
5436.640333,2873292135,2873293306,15832,1171
5436.652328,2873300687,2873301858,15980,1171
5436.663363,2873309260,2873310408,15969,1148
5436.672330,2873317831,2873319002,15844,1171
5436.684330,2873326312,2873327461,15949,1149
5436.694922,2873334945,2873336092,15964,1147
5436.704328,2873343622,2873344771,15838,1149
5436.715957,2873352399,2873353545,15945,1146
5436.726483,2873361151,2873362323,15949,1172
5436.736331,2873369967,2873371115,15832,1148
5436.747517,2873378547,2873379718,15936,1171
5436.756331,2873387079,2873388228,15966,1149
5436.768328,2873395565,2873396714,15904,1149
5436.779076,2873403797,2873404945,15945,1148
5436.788328,2873412479,2873413650,15970,1171
5436.800114,2873421200,2873422371,15832,1171
5436.810637,2873430075,2873431222,15933,1147
5436.820329,2873438848,2873440020,15975,1172
5436.831673,2873447548,2873448693,15822,1145
5436.840337,2873456317,2873457490,15944,1173
5436.852327,2873464776,2873465948,15968,1172
5436.863236,2873473138,2873474310,15831,1172
5436.872327,2873481986,2873483133,15964,1147
5436.884283,2873490587,2873491762,15970,1175
5436.894797,2873499396,2873500544,15833,1148
5436.904328,2873508101,2873509249,15950,1148
5436.915843,2873516802,2873517973,15968,1171
5436.926355,2873525504,2873526676,15827,1172
5436.936330,2873534258,2873535429,15945,1171
5436.947402,2873542986,2873544134,15970,1148
5436.956331,2873551638,2873552811,15830,1173
5436.968335,2873560026,2873561173,15852,1147
5436.978962,2873568634,2873569783,15972,1149
5436.988331,2873577145,2873578312,15830,1167
5436.999996,2873585595,2873586742,15942,1147
5437.010522,2873594223,2873595371,15967,1148
5437.020329,2873602896,2873604043,15848,1147
5437.031556,2873611701,2873612846,15950,1145
5437.040333,2873620184,2873621356,15962,1172
5437.052336,2873628685,2873629835,15831,1150
5437.063117,2873637319,2873638467,15935,1148
5437.072330,2873645914,2873647085,15951,1171
5437.084154,2873654537,2873655709,15838,1172
5437.094677,2873663116,2873664263,15937,1147
5437.106699,2873673351,2873674499,15819,1148
5437.118726,2873684024,2873685196,15965,1172
5437.128332,2873693404,2873694576,15816,1172
5437.139762,2873702947,2873704119,15944,1172
5437.150289,2873712493,2873713666,15960,1173
5437.160331,2873721972,2873723145,15831,1173
5437.171326,2873731322,2873732471,15948,1149
5437.180328,2873740276,2873741446,15972,1170
5437.192329,2873748852,2873749999,15829,1147
5437.202883,2873757523,2873758671,15926,1148
5437.212328,2873766176,2873767323,15971,1147
5437.223919,2873774609,2873775756,15835,1147
5437.234443,2873783108,2873784256,15948,1148
5437.244327,2873791911,2873793082,15988,1171
5437.255481,2873800395,2873801542,15825,1147
5437.264329,2873808989,2873810134,15889,1145
5437.276333,2873817739,2873818886,15968,1147
5437.287039,2873826289,2873827460,15826,1171
5437.296327,2873835068,2873836239,15948,1171
5437.308087,2873843766,2873844913,15972,1147
5437.318602,2873852240,2873853412,15846,1172
5437.328331,2873860724,2873861896,15951,1172
5437.339649,2873869255,2873870402,15971,1147
5437.348327,2873877978,2873879126,15834,1148
5437.360330,2873886800,2873887948,15950,1148
5437.371208,2873895403,2873896551,15953,1148
5437.380329,2873904173,2873905341,15834,1168
5437.392242,2873912676,2873913825,15945,1149
5437.402769,2873921200,2873922348,15952,1148
5437.412327,2873929604,2873930775,15907,1171
5437.423802,2873938234,2873939381,15948,1147
5437.432331,2873947012,2873948160,15969,1148
5437.444327,2873955405,2873956577,15831,1172
5437.455363,2873964065,2873965213,15948,1148
5437.464330,2873972634,2873973806,15975,1172
5437.476332,2873981344,2873982515,15819,1171
5437.486923,2873989962,2873991110,15949,1148
5437.496335,2873998599,2873999769,15969,1170
5437.507959,2874007136,2874008284,15819,1148
5437.518485,2874015746,2874016895,15964,1149
5437.528333,2874024384,2874025556,15972,1172
5437.539520,2874033018,2874034165,15830,1147
5437.548330,2874041668,2874042815,15939,1147
5437.560329,2874050414,2874051585,15970,1171
5437.571080,2874059183,2874060331,15835,1148
5437.580330,2874067893,2874069035,15947,1142
5437.592128,2874076522,2874077670,15968,1148
5437.602641,2874085173,2874086321,15916,1148
5437.612327,2874093717,2874094861,15860,1144
5437.623689,2874102343,2874103490,16050,1147
5437.632328,2874110970,2874112145,15915,1175
5437.644328,2874119626,2874120797,16029,1171
5437.655248,2874128236,2874129408,15975,1172
5437.664330,2874136691,2874137863,15929,1172
5437.676282,2874145143,2874146288,15950,1145
5437.686808,2874153763,2874154936,16054,1173
5437.696333,2874162460,2874163631,15844,1171
5437.707842,2874171084,2874172256,16026,1172
5437.718369,2874179858,2874181006,15952,1148
5437.728331,2874188539,2874189686,15914,1147
5437.739403,2874197093,2874198242,15941,1149
5437.748327,2874206014,2874207187,15975,1173
5437.760328,2874214609,2874215757,15917,1148
5437.770963,2874223161,2874224310,16027,1149
5437.780328,2874231795,2874232942,15963,1147
5437.792000,2874240318,2874241465,15916,1147
5437.804030,2874250019,2874251166,15982,1147
5437.814546,2874258598,2874259768,15875,1170
5437.824329,2874267396,2874268569,15892,1173
5437.835591,2874276149,2874277321,15966,1172
5437.844332,2874284803,2874285976,15860,1173
5437.856330,2874293232,2874294403,15886,1171
5437.867151,2874301666,2874302813,15952,1147
5437.876330,2874310517,2874311664,15813,1147
5437.888185,2874319095,2874320244,15937,1149
5437.898711,2874327878,2874329048,15997,1170
5437.908328,2874336550,2874337722,15910,1172
5437.919745,2874345137,2874346285,15948,1148
5437.928334,2874353763,2874354910,15991,1147
5437.940329,2874362166,2874363314,15813,1148
5437.951305,2874370816,2874371988,15944,1172
5437.960329,2874379370,2874380542,15970,1172
5437.972337,2874387947,2874389120,15830,1173
5437.982866,2874396553,2874397699,15948,1146
5437.992330,2874405060,2874406236,15959,1176
5438.003903,2874413720,2874414867,15816,1147
5438.014425,2874422402,2874423576,15905,1174
5438.024330,2874431084,2874432257,15998,1173
5438.035465,2874439641,2874440815,15863,1174
5438.044329,2874448466,2874449613,15939,1147
5438.056329,2874457219,2874458388,15966,1169
5438.067026,2874465631,2874466803,15862,1172
5438.076335,2874474513,2874475685,15945,1172
5438.088072,2874483242,2874484386,16009,1144
5438.098584,2874491840,2874492987,15871,1147
5438.108327,2874500321,2874501469,15849,1148
5438.119631,2874508707,2874509856,15970,1149
5438.128329,2874517087,2874518235,15812,1148
5438.140328,2874525736,2874526907,15941,1171
5438.151191,2874534362,2874535510,15969,1148
5438.160329,2874543036,2874544184,15847,1148
5438.172225,2874551612,2874552755,15941,1143
5438.182751,2874560446,2874561593,15966,1147
5438.192327,2874568928,2874570103,15855,1175
5438.203786,2874577437,2874578584,15949,1147
5438.212333,2874586080,2874587250,16023,1170
5438.224334,2874594492,2874595668,15860,1176
5438.235346,2874603049,2874604198,15947,1149
5438.244328,2874611803,2874612950,15989,1147
5438.256329,2874620620,2874621793,15895,1173
5438.266907,2874629124,2874630297,15947,1173
5438.276330,2874637537,2874638709,16017,1172
5438.287942,2874646143,2874647292,15829,1149
5438.298466,2874654748,2874655920,15947,1172
5438.308334,2874663259,2874664431,15967,1172
5438.319503,2874671863,2874673008,15805,1145
5438.328330,2874680641,2874681812,15948,1171
5438.340332,2874689240,2874690387,15969,1147
5438.351063,2874697503,2874698651,15831,1148
5438.360335,2874705984,2874707132,15962,1148
5438.372112,2874714535,2874715709,16002,1174
5438.382624,2874723068,2874724213,15825,1145
5438.392328,2874731794,2874732966,15931,1172
5438.403674,2874740402,2874741551,16019,1149
5438.412328,2874749125,2874750292,15832,1167
5438.424334,2874757723,2874758894,15890,1171
5438.435231,2874766208,2874767380,15967,1172
5438.444327,2874774957,2874776128,15830,1171
5438.456264,2874783706,2874784853,15846,1147
5438.466791,2874792463,2874793635,15969,1172
5438.476333,2874801171,2874802344,15828,1173
5438.487825,2874809851,2874810998,15949,1147
5438.498354,2874818482,2874819630,16011,1148
5438.508333,2874827179,2874828351,15850,1172
5438.519386,2874835952,2874837127,15940,1175
5438.528328,2874844809,2874845958,15970,1149
5438.540331,2874853468,2874854616,15833,1148
5438.550944,2874861975,2874863123,15886,1148
5438.560332,2874870634,2874871806,15999,1172
5438.571984,2874879357,2874880505,15812,1148
5438.582507,2874888160,2874889309,15946,1149
5438.592331,2874896845,2874897993,15961,1148
5438.603552,2874905341,2874906489,15911,1148
5438.612329,2874914145,2874915289,15945,1144
5438.624334,2874922626,2874923800,15969,1174
5438.635104,2874931192,2874932340,15811,1148
5438.660331,2874945774,2874946410,12025,636
5438.671175,2874949960,2874950597,11985,637
5438.686208,2874961657,2874962805,15942,1148
5438.696333,2874970016,2874971161,15912,1145
5438.710254,2874982538,2874983710,15905,1172
5438.720332,2874991747,2874992895,15853,1148
5438.731294,2875001440,2875002614,16001,1174
5438.740332,2875011286,2875012461,15903,1175
5438.752332,2875020239,2875021387,15897,1148
5438.762855,2875028971,2875030120,16000,1149
5438.772330,2875037846,2875039019,15920,1173
5438.783889,2875046552,2875047724,15859,1172
5438.794414,2875055184,2875056334,15974,1150
5438.804331,2875063745,2875064917,15904,1172
5438.815446,2875072373,2875073521,15810,1148
5438.824331,2875081067,2875082239,15974,1172
5438.836328,2875089821,2875090993,15912,1172
5438.847010,2875098623,2875099792,15891,1169
5438.856332,2875107424,2875108572,15972,1148
5438.868052,2875116252,2875117424,15934,1172
5438.878567,2875125010,2875126159,15846,1149
5438.888330,2875133798,2875134969,15981,1171
5438.899613,2875142284,2875143458,15921,1174
5438.908329,2875151014,2875152186,15894,1172
5438.920333,2875159792,2875160965,15952,1173
5438.931174,2875168489,2875169635,15914,1146
5438.940332,2875177319,2875178491,15834,1172
5438.952214,2875186202,2875187350,15920,1148
5438.962733,2875194789,2875195934,15913,1145
5438.972331,2875203493,2875204665,15845,1172
5438.983771,2875212245,2875213422,15969,1177
5438.992332,2875220903,2875222075,15916,1172
5439.004328,2875229508,2875230656,15841,1148
5439.015331,2875238121,2875239268,15970,1147
5439.024328,2875247066,2875248238,15908,1172
5439.036331,2875255915,2875257088,15865,1173
5439.046894,2875264669,2875265839,15981,1170
5439.056330,2875273518,2875274691,15909,1173
5439.067927,2875282199,2875283347,15858,1148
5439.078454,2875290706,2875291879,15961,1173
5439.088333,2875299507,2875300680,15900,1173
5439.099493,2875308379,2875309553,15889,1174
5439.108330,2875317084,2875318255,15958,1171
5439.120333,2875325854,2875327027,15903,1173
5439.131047,2875334631,2875335803,15846,1172
5439.140329,2875343387,2875344535,15970,1148
5439.152094,2875350745,2875351778,15240,1033
5439.162610,2875359410,2875360582,15891,1172
5439.172331,2875368478,2875369650,15985,1172
5439.183652,2875377284,2875378434,15914,1150
5439.192327,2875386039,2875387187,15819,1148
5439.204332,2875394617,2875395766,15988,1149
5439.215213,2875403502,2875404649,15903,1147
5439.224333,2875412185,2875413334,15849,1149
5439.236252,2875421045,2875422218,15960,1173
5439.246772,2875429587,2875430733,15914,1146
5439.256330,2875438346,2875439519,15846,1173
5439.267813,2875447178,2875448327,15964,1149
5439.276330,2875456115,2875457288,15915,1173
5439.288329,2875464849,2875466023,15945,1174
5439.299371,2875473455,2875474604,15923,1149
5439.308329,2875482088,2875483261,15992,1173
5439.320330,2875490826,2875491975,15947,1149
5439.330934,2875499584,2875500732,15986,1148
5439.340334,2875508238,2875509411,15909,1173
5439.351968,2875517044,2875518217,15890,1173
5439.362494,2875525775,2875526947,15982,1172
5439.372330,2875534584,2875535756,15902,1172
5439.383527,2875543413,2875544561,15844,1148
5439.392332,2875552070,2875553247,15958,1177
5439.404334,2875560757,2875561906,15918,1149
5439.415089,2875569320,2875570493,15877,1173
5439.424331,2875578123,2875579272,15967,1149
5439.436133,2875586723,2875587896,15913,1173
5439.446653,2875595599,2875596743,15914,1144
5439.456331,2875604378,2875605552,15966,1174
5439.467693,2875613179,2875614352,15918,1173
5439.476329,2875621939,2875623112,15860,1173
5439.488331,2875630892,2875632065,15985,1173
5439.499254,2875639700,2875640848,15908,1148
5439.508331,2875648532,2875649705,15854,1173
5439.520294,2875657318,2875658491,15975,1173
5439.530814,2875666001,2875667174,15918,1173
5439.540327,2875674739,2875675912,15846,1173
5439.551853,2875683465,2875684614,15976,1149
5439.562374,2875692313,2875693484,15913,1171
5439.572329,2875701024,2875702173,15850,1149
5439.583412,2875709680,2875710828,15967,1148
5439.592327,2875718654,2875719827,15922,1173
5439.604331,2875727266,2875728438,15876,1172
5439.614973,2875735890,2875737062,15939,1172
5439.624329,2875744765,2875745938,15909,1173
5439.636008,2875753683,2875754855,15866,1172
5439.646535,2875762454,2875763624,15922,1170
5439.656331,2875771234,2875772406,15914,1172
5439.667567,2875779937,2875781109,15849,1172
5439.676330,2875788708,2875789880,15995,1172
5439.688333,2875797385,2875798559,15910,1174
5439.699127,2875806071,2875807220,15843,1149
5439.708336,2875814834,2875816007,15998,1173
5439.720174,2875823587,2875824735,15914,1148
5439.730690,2875832147,2875833319,15859,1172
5439.740330,2875840951,2875842099,15981,1148
5439.751735,2875849728,2875850900,15915,1172
5439.760333,2875858355,2875859527,15829,1172
5439.772328,2875867159,2875868308,15981,1149
5439.783293,2875875886,2875877060,15906,1174
5439.792328,2875884973,2875886146,15907,1173
5439.804331,2875893677,2875894822,15984,1145
5439.814854,2875902546,2875903718,15922,1172
5439.824328,2875911312,2875912484,15852,1172
5439.835894,2875920209,2875921382,15984,1173
5439.846414,2875929183,2875930358,15922,1175
5439.856330,2875937816,2875938989,15861,1173
5439.867453,2875946537,2875947686,15978,1149
5439.876330,2875955248,2875956421,15909,1173
5439.888333,2875963945,2875965118,15841,1173
5439.899014,2875972749,2875973898,15986,1149
5439.908333,2875981701,2875982849,15911,1148
5439.920046,2875990585,2875991734,15849,1149
5439.930573,2875999430,2876000605,15969,1175
5439.940328,2876008227,2876009400,15917,1173
5439.951606,2876017031,2876018175,15845,1144
5439.960332,2876025825,2876026997,15965,1172
5439.972330,2876034579,2876035750,15920,1171
5439.983170,2876043210,2876044381,15881,1171
5439.992330,2876051965,2876053138,15919,1173
5440.004211,2876060912,2876062060,15921,1148
5440.014728,2876069444,2876070593,15869,1149
5440.024328,2876078104,2876079277,15982,1173
5440.035773,2876086831,2876088004,15915,1173
5440.044334,2876095996,2876097167,15933,1171
5440.056331,2876104799,2876105968,15907,1169
5440.067337,2876113923,2876115102,15910,1179
5440.076331,2876122773,2876123947,15936,1174
5440.088331,2876131573,2876132720,15913,1147
5440.098895,2876140576,2876141727,15709,1151
5440.108331,2876149545,2876150719,15680,1174
5440.119935,2876158641,2876159813,15895,1172
5440.130455,2876167554,2876168703,15913,1149
5440.140330,2876176281,2876177455,15923,1174
5440.151495,2876185169,2876186341,15895,1172
5440.160329,2876194197,2876195369,15915,1172
5440.172333,2876203031,2876204205,15910,1174
5440.183056,2876211912,2876213085,15920,1173
5440.192329,2876220985,2876222159,15905,1174
5440.204094,2876229944,2876231117,15908,1173
5440.214616,2876238805,2876239977,15914,1172
5440.224327,2876247531,2876248706,15910,1175
5440.235649,2876256526,2876257700,15823,1174
5440.244329,2876265355,2876266525,15998,1170
5440.256334,2876276003,2876277177,15897,1174
5440.268333,2876285373,2876286546,16062,1173
5440.279237,2876295128,2876296301,15920,1173
5440.288353,2876304490,2876305664,15916,1174
5440.300277,2876313641,2876314816,15986,1175
5440.310797,2876322720,2876323892,15918,1172
5440.320334,2876331560,2876332734,15846,1174
5440.331837,2876340444,2876341593,15997,1149
5440.342358,2876349223,2876350396,15920,1173
5440.352330,2876358021,2876359194,15850,1173
5440.363398,2876366606,2876367782,15967,1176
5440.372334,2876375421,2876376593,15914,1172
5440.384333,2876384021,2876385196,15937,1175
5440.394959,2876392775,2876393924,16079,1149
5440.404328,2876401597,2876402770,15998,1173
5440.415993,2876410299,2876411472,15940,1173
5440.426518,2876419167,2876420339,16036,1172
5440.436330,2876427970,2876429142,15917,1172
5440.447550,2876436882,2876438054,15832,1172
5440.456331,2876445838,2876447011,16027,1173
5440.468330,2876454747,2876455919,15920,1172
5440.479114,2876463431,2876464601,15891,1170
5440.488331,2876472348,2876473521,15921,1173
5440.500156,2876480999,2876482148,15997,1149
5440.510671,2876489757,2876490930,15943,1173
5440.520332,2876498682,2876499855,16043,1173
5440.531716,2876507483,2876508631,15923,1148
5440.540332,2876516102,2876517275,15972,1173
5440.552328,2876524757,2876525929,15966,1172
5440.563277,2876533518,2876534689,15918,1171
5440.572328,2876542390,2876543563,15856,1173
5440.584314,2876551166,2876552315,16050,1149
5440.594837,2876559864,2876561011,15983,1147
5440.604331,2876568685,2876569858,15927,1173
5440.615876,2876577474,2876578622,15990,1148
5440.626396,2876586475,2876587647,15919,1172
5440.636329,2876595378,2876596551,15899,1173
5440.647435,2876603858,2876605031,15969,1173
5440.656329,2876612581,2876613754,15912,1173
5440.668332,2876621400,2876622544,15851,1144
5440.678997,2876630054,2876631221,15989,1167
5440.688330,2876638866,2876640038,15898,1172
5440.700030,2876647820,2876648969,15866,1149
5440.710557,2876656690,2876657864,15974,1174
5440.720332,2876665461,2876666634,15902,1173
5440.731590,2876674485,2876675659,15923,1174
5440.740332,2876683359,2876684532,16015,1173
5440.752329,2876692081,2876693254,15988,1173
5440.763150,2876700960,2876702133,15929,1173
5440.772327,2876709734,2876710907,16047,1173
5440.784194,2876718470,2876719642,15921,1172
5440.794711,2876727385,2876728557,15852,1172
5440.804331,2876736128,2876737301,15974,1173
5440.815755,2876744977,2876746150,15993,1173
5440.824333,2876753895,2876755068,15868,1173
5440.836331,2876762595,2876763767,15923,1172
5440.847315,2876771492,2876772639,15895,1147
5440.856328,2876780316,2876781492,15860,1176
5440.868335,2876788966,2876790138,15985,1172
5440.878877,2876797813,2876798986,15916,1173
5440.888328,2876806636,2876807809,15858,1173
5440.899917,2876815432,2876816605,15991,1173
5440.910438,2876824232,2876825405,15897,1173
5440.920333,2876833178,2876834350,15847,1172
5440.931476,2876842027,2876843199,15968,1172
5440.940330,2876851015,2876852188,15915,1173
5440.952329,2876859600,2876860772,15842,1172
5440.963036,2876868445,2876869617,15976,1172
5440.972334,2876877389,2876878565,15925,1176
5440.984074,2876886191,2876887364,15992,1173
5440.994598,2876894987,2876896158,16075,1171
5441.004332,2876903830,2876905003,16001,1173
5441.015630,2876912648,2876913819,15867,1171
5441.024328,2876921444,2876922617,16085,1173
5441.036333,2876930170,2876931342,15926,1172
5441.047191,2876938910,2876940054,15945,1144
5441.056328,2876947616,2876948788,15987,1172
5441.068236,2876956381,2876957556,15910,1175
5441.078751,2876965012,2876966184,15848,1172
5441.088330,2876973910,2876975082,15980,1172
5441.099797,2876982681,2876983855,15917,1174
5441.108331,2876991559,2876992733,15849,1174
5441.120331,2877000435,2877001608,15972,1173
5441.131355,2877009179,2877010352,15906,1173
5441.140332,2877017976,2877019149,15849,1173
5441.152329,2877026988,2877028160,15968,1172
5441.162916,2877035801,2877036974,15915,1173
5441.172332,2877044391,2877045561,15868,1170
5441.183955,2877053208,2877054380,15998,1172
5441.194476,2877061877,2877063047,15988,1170
5441.204332,2877070739,2877071912,15936,1173
5441.215516,2877079681,2877080853,15991,1172
5441.224329,2877088670,2877089843,15994,1173
5441.236330,2877097387,2877098560,15865,1173
5441.247079,2877106201,2877107348,16088,1147
5441.256331,2877114999,2877116171,15922,1172
5441.268109,2877123981,2877125152,15928,1171
5441.278639,2877132867,2877134040,16069,1173
5441.288328,2877141587,2877142761,15980,1174
5441.299670,2877150328,2877151500,15840,1172
5441.308332,2877159102,2877160276,16057,1174
5441.320335,2877167943,2877169116,15918,1173
5441.331238,2877176598,2877177770,15996,1172
5441.340329,2877185541,2877186715,15980,1174
5441.352276,2877194333,2877195507,15988,1174
5441.362792,2877203074,2877204248,15928,1174
5441.372333,2877212026,2877213200,16104,1174
5441.383837,2877220825,2877222001,15928,1176
5441.394351,2877229649,2877230821,15849,1172
5441.404329,2877238541,2877239714,16005,1173
5441.415398,2877247236,2877248409,15977,1173
5441.424328,2877255976,2877257148,15836,1172
5441.436334,2877264888,2877266060,16082,1172
5441.446959,2877273801,2877274975,15925,1174
5441.456328,2877282615,2877283788,15916,1173
5441.467996,2877291313,2877292486,15989,1173
5441.478520,2877300187,2877301358,15892,1171
5441.488329,2877308863,2877310039,15828,1176
5441.499559,2877317565,2877318713,16000,1148
5441.508328,2877326259,2877327433,15924,1174
5441.520330,2877335054,2877336231,15930,1177
5441.531117,2877343925,2877345097,15912,1172
5441.540328,2877352739,2877353911,16000,1172
5441.552150,2877361624,2877362796,15852,1172
5441.562680,2877370405,2877371576,16006,1171
5441.572327,2877379292,2877380464,15923,1172
5441.583711,2877388153,2877389327,15922,1174
5441.592331,2877397020,2877398191,16002,1171
5441.604334,2877405802,2877406974,15920,1172
5441.615272,2877414625,2877415798,15910,1173
5441.624336,2877423208,2877424379,15986,1171
5441.636318,2877432176,2877433324,15978,1148
5441.646831,2877440938,2877442110,15841,1172
5441.656329,2877449759,2877450932,16057,1173
5441.667877,2877458604,2877459776,15917,1172
5441.679900,2877468456,2877469629,15923,1173
5441.690419,2877477349,2877478521,15910,1172
5441.700331,2877486015,2877487187,15863,1172
5441.711460,2877494852,2877496029,15977,1177
