time,start,end,count,diff
28438.720331,2060913472,2060914662,16300,1190
28438.730864,2060921197,2060922228,15327,1031
28438.740335,2060930009,2060931114,15985,1105
28438.752334,2060942244,2060943353,15968,1109
28438.766934,2060952408,2060953520,15837,1112
28438.776336,2060961704,2060962824,15901,1120
28438.788338,2060973437,2060974549,15895,1112
28438.803009,2060983347,2060984463,15914,1116
28438.812336,2060992699,2060993817,15899,1118
28438.824339,2061003347,2061004463,15980,1116
28438.839077,2061014797,2061015913,15991,1116
28438.848336,2061023814,2061024935,15891,1121
28438.860339,2061034497,2061035612,15890,1115
28438.875146,2061046035,2061047147,15916,1112
28438.884332,2061054810,2061055927,15962,1117
28438.896340,2061065548,2061066663,15952,1115
28438.911215,2061077044,2061078159,15986,1115
28438.920335,2061085920,2061087042,15903,1122
28438.932339,2061096599,2061097715,15893,1116
28438.947284,2061108447,2061109564,15909,1117
28438.960330,2061121325,2061122447,15860,1122
28438.972339,2061131962,2061133088,15756,1126
28438.984336,2061142059,2061143174,15898,1115
28438.996336,2061152492,2061153605,15880,1113
28439.008339,2061164537,2061165649,15876,1112
28439.022426,2061174937,2061176053,15918,1116
28439.032331,2061186363,2061187487,15990,1124
28439.044337,2061197015,2061198138,15955,1123
28439.056336,2061205875,2061206993,15909,1118
28439.068336,2061217649,2061218762,15889,1113
28439.082540,2061228218,2061229339,15902,1121
28439.092336,2061238614,2061239727,15905,1113
28439.106585,2061249065,2061250184,15916,1119
28439.118608,2061259326,2061260445,15907,1119
28439.128336,2061268436,2061269551,15901,1115
28439.140338,2061278756,2061279872,15822,1116
28439.154677,2061290237,2061291356,15981,1119
28439.164337,2061299425,2061300544,15906,1119
28439.175715,2061308436,2061309567,15869,1131
28439.186239,2061317355,2061318478,15910,1123
28439.196338,2061326406,2061327523,15903,1117
28439.210284,2061337897,2061339020,15896,1123
28439.220335,2061346967,2061348079,15904,1112
28439.232336,2061357565,2061358682,15817,1117
28439.246352,2061369049,2061370168,15905,1119
28439.256336,2061378137,2061379255,15893,1118
28439.268337,2061388737,2061389844,15904,1107
28439.282423,2061400257,2061401376,15902,1119
28439.292335,2061409430,2061410547,15888,1117
28439.304339,2061419812,2061420932,15985,1120
28439.318491,2061431365,2061432483,15898,1118
28439.328339,2061440360,2061441477,15892,1117
28439.340337,2061450930,2061452051,15819,1121
28439.354560,2061462471,2061463589,15897,1118
28439.364337,2061471562,2061472678,15908,1116
28439.375599,2061480548,2061481664,15904,1116
28439.386119,2061489885,2061491000,15908,1115
28439.396333,2061499096,2061500221,15904,1125
28439.408334,2061509892,2061511016,15909,1124
28439.422187,2061522217,2061523337,15951,1120
28439.432341,2061531063,2061532177,15900,1114
28439.446232,2061543687,2061544810,15903,1123
28439.462764,2061559406,2061560517,15947,1111
28439.474780,2061570579,2061571695,15837,1116
28439.486808,2061581543,2061582659,15902,1116
28439.498832,2061592942,2061594056,15976,1114
28439.510848,2061604277,2061605393,15841,1116
28439.522876,2061615410,2061616526,15906,1116
28439.537901,2061630133,2061631262,15817,1129
28439.549929,2061641695,2061642815,15910,1120
28439.561953,2061653531,2061654649,15972,1118
28439.578480,2061669452,2061670559,15856,1107
28439.590508,2061680707,2061681820,15909,1113
28439.602531,2061691710,2061692826,15983,1116
28439.614546,2061702820,2061703932,15838,1112
28439.626577,2061713946,2061715064,15906,1118
28439.638598,2061724907,2061726025,15936,1118
28439.650615,2061736134,2061737257,15839,1123
28439.667152,2061751886,2061752998,15903,1112
28439.682175,2061766018,2061767138,15803,1120
28439.694204,2061777250,2061778372,15899,1122
28439.706228,2061787988,2061789105,16000,1117
28439.718244,2061799193,2061800315,15826,1122
28439.730272,2061810575,2061811702,15908,1127
28439.742298,2061822197,2061823320,15988,1123
28439.754315,2061833603,2061834731,15844,1128
28439.766341,2061845752,2061846876,15899,1124
28439.778365,2061857013,2061858148,15948,1135
28439.790382,2061867195,2061868317,15812,1122
28439.802408,2061877015,2061878134,15901,1119
28439.814432,2061888301,2061889421,15947,1120
28439.826450,2061899995,2061901111,15838,1116
28439.838476,2061911352,2061912466,15909,1114
28439.850501,2061922657,2061923776,15977,1119
28439.867026,2061939182,2061940295,15839,1113
28439.879055,2061950418,2061951536,15906,1118
28439.891076,2061961778,2061962885,15953,1107
28439.903093,2061972990,2061974113,15838,1123
28439.915123,2061984327,2061985440,15905,1113
28439.927144,2061995987,2061997116,15931,1129
28439.982753,2062056402,2062057526,15906,1124
28439.994777,2062068608,2062069729,15993,1121
28440.006791,2062080032,2062081153,15841,1121
28440.023330,2062097300,2062098429,15884,1129
28440.035350,2062108697,2062109813,15951,1116
28440.102983,2062183075,2062184199,15987,1124
28440.114999,2062195144,2062196268,15888,1124
28440.130034,2062210900,2062212033,15957,1133
28440.140336,2062219730,2062220848,15991,1118
28440.154079,2062230905,2062232023,16011,1118
28440.169097,2062241982,2062243092,15605,1110
28440.181132,2062250836,2062251945,16043,1109
28440.193151,2062259694,2062260804,16052,1110
28440.217199,2062277395,2062278504,15936,1109
28440.232217,2062288399,2062289506,15597,1107
28440.244251,2062297240,2062298352,15940,1112
28440.256272,2062306107,2062307211,15885,1104
28440.268285,2062314952,2062316052,15603,1100
28440.280319,2062323770,2062324884,15939,1114
28440.292340,2062332658,2062333765,15885,1107
28440.304355,2062341463,2062342564,15611,1101
28440.316387,2062350287,2062351396,15846,1109
28440.352456,2062376769,2062377877,15913,1108
28440.364477,2062385595,2062386699,15885,1104
28440.376491,2062394388,2062395493,15684,1105
28440.403543,2062414239,2062415341,15601,1102
28440.415575,2062423074,2062424182,15944,1108
28440.433609,2062436324,2062437431,16017,1107
28440.445630,2062445138,2062446244,15956,1106
28440.457645,2062453924,2062455031,15613,1107
28440.469678,2062462757,2062463861,15942,1104
28440.481698,2062471643,2062472752,15958,1109
28440.493717,2062480475,2062481587,15856,1112
28440.505746,2062489315,2062490423,15856,1108
28440.517767,2062498157,2062499270,15963,1113
28440.529783,2062506945,2062508046,15535,1101
28440.541815,2062515771,2062516878,15938,1107
28440.553836,2062524612,2062525725,15871,1113
28440.568866,2062535608,2062536713,15937,1105
28440.580887,2062544441,2062545549,15911,1108
28440.607938,2062564266,2062565370,15956,1104
28440.619951,2062573081,2062574179,15482,1098
28440.631988,2062581893,2062583006,15940,1113
28440.644008,2062590742,2062591855,15884,1113
28440.656023,2062599537,2062600639,15602,1102
28440.668057,2062608351,2062609460,15945,1109
28440.713142,2062641453,2062642566,15948,1113
28440.725163,2062650284,2062651392,15969,1108
28440.737177,2062659095,2062660200,15603,1105
28440.749210,2062667935,2062669042,15939,1107
28440.761229,2062676969,2062678067,15947,1098
28440.776255,2062687895,2062689001,15640,1106
28440.788283,2062696681,2062697789,15984,1108
28440.809307,2062712005,2062713107,15678,1102
28440.821341,2062720772,2062721877,15558,1105
28440.833369,2062729556,2062730669,15887,1113
28440.845383,2062738324,2062739427,15640,1103
28440.857409,2062747110,2062748214,15637,1104
28440.872428,2062758073,2062759175,15680,1102
28440.884461,2062766871,2062767972,15641,1101
28440.905506,2062782238,2062783346,16061,1108
28440.917513,2062791000,2062792102,15750,1102
28440.929547,2062799759,2062800863,15642,1104
28440.977643,2062834889,2062835987,16058,1098
28440.989650,2062843641,2062844748,15685,1107
28441.016702,2062863330,2062864429,15678,1099
28441.028735,2062872102,2062873206,15642,1104
28441.043760,2062883078,2062884178,15632,1100
28441.055787,2062891862,2062892964,15564,1102
28441.069320,2062901806,2062902918,15922,1112
28441.081340,2062910668,2062911780,15950,1112
28441.093354,2062919507,2062920612,15606,1105
28441.129423,2062946029,2062947136,15614,1107
28441.141452,2062954878,2062955955,15658,1077
28441.159483,2062967984,2062969089,15571,1105
28441.171511,2062976787,2062977895,15878,1108
28441.183518,2062985564,2062986666,15683,1102
28441.195547,2062994369,2062995481,15867,1112
28441.207580,2063003179,2063004255,15805,1076
28441.225614,2063016312,2063017424,15959,1112
28441.237623,2063025133,2063026240,15683,1107
28441.291732,2063064639,2063065741,15652,1102
28441.303758,2063073423,2063074528,15571,1105
28441.315785,2063082209,2063083317,15964,1108
28441.327793,2063090969,2063092069,15685,1100
28441.339832,2063099707,2063100812,15709,1105
28441.351854,2063108493,2063109602,15959,1109
28441.384912,2063132612,2063133717,15650,1105
28441.396941,2063141414,2063142516,15936,1102
28441.433008,2063167692,2063168796,15961,1104
28441.445032,2063176493,2063177604,15950,1111
28441.502135,2063218185,2063219292,15646,1107
28441.514162,2063226970,2063228074,15962,1104
28441.526170,2063235741,2063236838,15680,1097
28441.538209,2063244481,2063245590,15707,1109
28441.604333,2063292747,2063293850,15957,1103
28441.616342,2063301493,2063302600,15679,1107
28441.637398,2063316832,2063317934,15706,1102
28441.649424,2063325660,2063326768,16040,1108
28441.673461,2063343186,2063344296,15641,1110
28441.685489,2063351983,2063353091,15982,1108
28441.709530,2063369524,2063370623,15713,1099
28441.721558,2063378314,2063379422,15983,1108
28441.733565,2063387059,2063388170,15681,1111
28441.745599,2063395811,2063396916,15711,1105
28441.799702,2063435276,2063436377,15711,1101
28441.811729,2063444064,2063445172,15984,1108
28441.823736,2063452832,2063453942,15756,1110
28441.835777,2063461592,2063462667,15913,1075
28441.853804,2063474705,2063475779,15824,1074
28441.865832,2063483514,2063484627,15948,1113
28441.883868,2063496749,2063497857,15973,1108
28441.895875,2063505557,2063506664,15760,1107
28441.907907,2063514365,2063515470,15663,1105
28441.919935,2063523147,2063524254,16064,1107
28441.931942,2063531913,2063533012,15675,1099
28441.943975,2063540674,2063541747,15831,1073
28441.956004,2063549405,2063550514,15897,1109
28441.968010,2063558199,2063559309,15682,1110
28441.980044,2063566958,2063568063,15633,1105
28441.998079,2063580162,2063581273,15633,1111
28442.010106,2063588960,2063590057,15976,1097
28442.025130,2063599909,2063601015,15639,1106
28442.037158,2063608700,2063609804,15959,1104
28442.061198,2063626250,2063627359,15639,1109
28442.073224,2063635092,2063636201,15943,1109
28442.136347,2063681178,2063682282,15961,1104
28442.148353,2063689966,2063691071,15678,1105
28442.184430,2063716284,2063717386,15633,1102
28442.196456,2063725067,2063726169,15637,1102
28442.236544,2063755756,2063756863,15678,1107
28442.268593,2063777682,2063778787,15639,1105
28442.280619,2063786528,2063787636,15938,1108
28442.295645,2063797516,2063798618,15641,1102
28442.340731,2063830403,2063831509,15642,1106
28442.352759,2063839194,2063840307,15980,1113
28442.440914,2063904961,2063906059,16056,1098
28442.475988,2063929112,2063930214,15710,1102
28442.488017,2063937996,2063939095,15994,1099
28442.500022,2063946746,2063947850,15677,1104
28442.512056,2063955481,2063956593,15637,1112
28442.524084,2063964271,2063965384,15976,1113
28442.549120,2063983998,2063985106,15980,1108
28442.602227,2064021361,2064022463,15713,1102
28442.614256,2064030153,2064031261,16059,1108
28442.626262,2064038910,2064040016,15678,1106
28442.653315,2064058677,2064059777,15756,1100
28442.665348,2064067450,2064068555,15636,1105
28442.680372,2064078413,2064079518,15710,1105
28442.692399,2064087220,2064088325,15638,1105
28442.755520,2064133230,2064134335,15639,1105
28442.767547,2064142034,2064143138,15976,1104
28442.779562,2064150781,2064151880,15638,1099
28442.791588,2064159573,2064160675,15641,1102
28442.803616,2064168363,2064169468,15977,1105
28442.815622,2064177122,2064178227,15680,1105
28442.827663,2064185887,2064186993,15710,1106
28442.845691,2064199023,2064200120,15631,1097
28442.857719,2064207813,2064208916,15978,1103
28442.872743,2064218795,2064219901,15641,1106
28442.887761,2064229813,2064230920,15675,1107
28442.919320,2064252837,2064253943,15681,1106
28442.931348,2064261640,2064262745,15811,1105
28442.943382,2064270420,2064271522,16060,1102
28442.955388,2064279173,2064280269,15759,1096
28442.967422,2064287903,2064289008,15720,1105
28442.979450,2064296682,2064297791,16037,1109
28443.081628,2064371241,2064372343,15678,1102
28443.093664,2064379992,2064381101,15641,1109
28443.105689,2064388839,2064389947,15898,1108
28443.177827,2064441506,2064442615,16031,1109
28443.189834,2064450266,2064451371,15757,1105
28443.203361,2064460231,2064461331,15754,1100
28443.284516,2064519470,2064520575,15678,1105
28443.296548,2064528222,2064529336,15639,1114
28443.312585,2064541435,2064542537,15634,1102
28443.395737,2064600664,2064601776,15634,1112
28443.407765,2064609481,2064610590,15980,1109
28443.419773,2064618329,2064619436,15683,1107
28443.431805,2064627099,2064628208,15641,1109
28443.452851,2064642482,2064643580,15974,1098
28443.464857,2064651234,2064652340,15683,1106
28443.503942,2064679802,2064680913,15636,1111
28443.515972,2064688679,2064689783,15959,1104
28443.527977,2064697458,2064698568,15679,1110
28443.540011,2064706234,2064707339,15637,1105
28443.552039,2064715030,2064716143,15972,1113
28443.612149,2064758911,2064760017,15639,1106
28443.624176,2064767709,2064768817,15954,1108
28443.636182,2064776471,2064777578,15675,1107
28443.648217,2064785245,2064786347,15640,1102
28443.660245,2064794028,2064795139,15978,1111
28443.672259,2064802796,2064803902,15637,1106
28443.684285,2064811594,2064812691,15640,1097
28443.696313,2064820372,2064821485,15973,1113
28443.708320,2064829137,2064830236,15679,1099
28443.720358,2064837937,2064839048,15719,1111
28443.732382,2064846737,2064847851,15892,1114
28443.753406,2064862127,2064863232,15676,1105
28443.765440,2064870881,2064871983,15641,1102
28443.783474,2064884073,2064885169,15636,1096
28443.795502,2064892868,2064893971,15982,1103
28443.807509,2064901668,2064902764,15686,1096
28443.819547,2064910470,2064911580,15809,1110
28443.831573,2064919329,2064920442,15833,1113
28443.844335,2064929901,2064931018,15883,1117
28443.858625,2064941269,2064942386,15912,1117
28443.873645,2064952413,2064953522,15818,1109
28443.887171,2064963746,2064964863,15848,1117
28443.902207,2064974854,2064975966,15982,1112
28443.914223,2064984859,2064985972,15932,1113
28443.927747,2064996206,2064997323,15861,1117
28443.939777,2065005104,2065006216,15937,1112
28443.950292,2065013437,2065014554,15842,1117
28443.962319,2065023488,2065024603,15906,1115
28443.981852,2065039448,2065040564,15886,1116
28443.993880,2065048341,2065049451,15914,1110
28444.005902,2065058568,2065059687,15963,1119
28444.017925,2065067421,2065068532,15701,1111
28444.029947,2065076225,2065077334,15952,1109
28444.041968,2065086405,2065087519,15932,1114
28444.053988,2065095239,2065096345,15646,1106
28444.066018,2065105316,2065106435,15947,1119
28444.087053,2065122403,2065123513,15933,1110
28444.105074,2065135615,2065136721,15672,1106
28444.118612,2065146882,2065147991,15862,1109
28444.128641,2065155758,2065156867,15597,1109
28444.147173,2065169695,2065170803,15946,1108
28444.165208,2065182972,2065184086,15970,1114
28444.186241,2065200055,2065201170,15840,1115
28444.198270,2065209728,2065210845,15916,1117
28444.214801,2065222608,2065223720,15965,1112
28444.232834,2065235940,2065237050,15970,1110
28444.253870,2065253041,2065254157,15807,1116
28444.265900,2065261933,2065263047,16037,1114
28444.277921,2065272164,2065273279,15981,1115
28444.292952,2065283690,2065284803,15988,1113
28444.313988,2065300144,2065301256,15980,1112
28444.326009,2065310333,2065311447,15948,1114
28444.341040,2065321390,2065322490,15981,1100
28444.354567,2065332724,2065333836,16044,1112
28444.369584,2065343780,2065344894,15895,1114
28444.383114,2065355109,2065356225,15908,1116
28444.402654,2065370838,2065371952,15937,1114
28444.417686,2065381870,2065382987,16033,1117
28444.431212,2065393213,2065394324,15953,1111
28444.446235,2065404212,2065405327,15728,1115
28444.458263,2065414243,2065415355,16029,1112
28444.470269,2065423079,2065424182,15672,1103
28444.482303,2065433082,2065434193,15928,1111
28444.497320,2065444082,2065445197,15752,1115
28444.510860,2065455414,2065456526,16014,1112
28444.525891,2065466438,2065467546,15977,1108
28444.537912,2065476480,2065477591,15923,1111
28444.552939,2065487945,2065489057,15940,1112
28444.573968,2065504391,2065505501,15675,1110
28444.586001,2065514532,2065515646,15833,1114
28444.600331,2065526759,2065527879,15925,1120
28444.622076,2065542325,2065543439,15919,1114
28444.634100,2065551242,2065552352,15996,1110
28444.644334,2065560536,2065561646,15839,1110
28444.661152,2065572462,2065573575,15981,1113
28444.677671,2065585072,2065586183,15671,1111
28444.688334,2065595284,2065596400,15843,1116
28444.701230,2065604156,2065605266,15917,1110
28444.718248,2065615310,2065616417,15600,1107
28444.736283,2065628583,2065629693,15601,1110
28444.748315,2065637467,2065638581,16025,1114
28444.808413,2065681458,2065682563,15685,1105
28444.820446,2065690269,2065691375,15638,1106
28444.832474,2065699068,2065700177,15977,1109
28444.844481,2065707836,2065708942,15680,1106
28444.871534,2065727697,2065728803,15681,1106
28444.883566,2065736466,2065737572,15636,1106
28444.904612,2065751857,2065752966,15977,1109
28444.916618,2065760633,2065761739,15681,1106
28444.928652,2065769358,2065770465,15639,1107
28444.940680,2065778159,2065779264,15978,1105
28444.954208,2065788267,2065789377,15972,1110
28444.969229,2065799220,2065800328,15636,1108
28444.996279,2065819015,2065820125,15836,1110
28445.048390,2065858578,2065859681,15634,1103
28445.095469,2065891499,2065892605,15637,1106
28445.107497,2065900303,2065901416,15982,1113
28445.119505,2065909130,2065910236,15680,1106
28445.131538,2065917878,2065918953,15833,1075
28445.143566,2065926643,2065927757,15973,1114
28445.161103,2065941134,2065942248,15807,1114
28445.197172,2065967499,2065968606,15633,1107
28445.209179,2065976300,2065977410,16031,1110
28445.226218,2065987245,2065988353,15638,1108
28445.238243,2065996094,2065997202,15944,1108
28445.253269,2066007051,2066008157,15639,1106
28445.265299,2066015876,2066016985,15993,1109
28445.316389,2066053092,2066054193,15635,1101
28445.328417,2066061898,2066063008,15974,1110
28445.343441,2066072838,2066073949,15632,1111
28445.360985,2066087336,2066088442,15678,1106
28445.456162,2066155404,2066156507,15709,1103
28445.468183,2066164203,2066165307,16058,1104
28445.480189,2066172965,2066174071,15605,1106
28445.492223,2066181729,2066182840,15634,1111
28445.504252,2066190518,2066191632,15981,1114
28445.516268,2066199298,2066200404,15706,1106
28445.528292,2066208070,2066209181,15639,1111
28445.543310,2066219061,2066220164,15678,1103
28445.555350,2066227809,2066228911,15713,1102
28445.567369,2066236649,2066237762,15941,1113
28445.579380,2066245440,2066246545,15677,1105
28445.591412,2066254202,2066255313,15641,1111
28445.639509,2066289390,2066290490,16061,1100
28445.651516,2066298153,2066299254,15758,1101
28445.663549,2066306916,2066308028,15719,1112
28445.675577,2066315708,2066316817,15985,1109
28445.687589,2066324495,2066325603,15800,1108
28445.699618,2066333314,2066334390,15833,1076
28445.711647,2066342118,2066343232,16074,1114
28445.723653,2066350914,2066352020,15685,1106
28445.735687,2066359684,2066360785,15641,1101
28445.747716,2066368492,2066369570,15825,1078
28445.767251,2066379677,2066380336,13652,659
28445.776331,2066384499,2066385126,12933,627
28445.809331,2066404718,2066405911,16348,1193
28445.821346,2066414227,2066415418,16016,1191
28445.833377,2066423730,2066424924,16352,1194
28445.845401,2066433253,2066434440,16386,1187
28445.896498,2066473652,2066474840,16347,1188
28445.908521,2066483146,2066484339,16390,1193
28445.920534,2066492647,2066493839,16019,1192
28445.971641,2066533080,2066534269,16384,1189
28445.983654,2066542819,2066544007,16012,1188
28445.995685,2066552325,2066553519,16326,1194
28446.013720,2066566581,2066567769,16336,1188
28446.025743,2066576079,2066577271,16382,1192
28446.037761,2066585559,2066586775,15990,1216
28446.049790,2066595111,2066596309,16259,1198
28446.064808,2066607008,2066608200,16015,1192
28446.076841,2066616503,2066617697,16346,1194
28446.088862,2066626004,2066627193,16367,1189
28446.100884,2066635482,2066636673,16089,1191
28446.121926,2066652103,2066653291,16341,1188
28446.133949,2066661614,2066662808,16378,1194
28446.145963,2066671097,2066672288,15997,1191
28446.157995,2066680644,2066681837,16316,1193
28446.170017,2066690154,2066691348,16382,1194
28446.182033,2066699693,2066700876,16020,1183
28446.194064,2066709224,2066710416,16349,1192
28446.224120,2066733024,2066734216,16469,1192
28446.236134,2066742572,2066743764,16016,1192
28446.248166,2066752102,2066753296,16324,1194
28446.281220,2066778255,2066779450,16019,1195
28446.292758,2066787310,2066788419,15765,1109
28446.309783,2066798444,2066799558,15971,1114
28446.321797,2066807329,2066808441,15614,1112
28446.333831,2066816234,2066817345,15907,1111
28446.345851,2066825097,2066826206,15962,1109
28446.357866,2066833965,2066835073,15689,1108
28446.369898,2066842835,2066843949,15935,1114
28446.381919,2066851700,2066852811,15956,1111
28446.393937,2066860548,2066861653,15619,1105
28446.405965,2066869431,2066870537,15907,1106
28446.430003,2066887108,2066888211,15616,1103
28446.442037,2066895995,2066897109,15907,1114
28446.466071,2066913686,2066914795,15688,1109
28446.478104,2066922532,2066923643,15946,1111
28446.502146,2066940243,2066941356,15947,1113
28446.514170,2066949108,2066950186,15744,1078
28446.526193,2066957923,2066959032,15954,1109
28446.538209,2066966733,2066967845,15531,1112
28446.548327,2066975620,2066976729,15902,1109
28446.562264,2066984475,2066985584,15972,1109
28446.574278,2066993294,2066994401,15677,1107
28446.589315,2067004357,2067005459,15976,1102
28446.601332,2067013270,2067014378,15825,1108
28446.613363,2067022109,2067023223,15938,1114
28446.625383,2067030959,2067032068,15965,1109
28446.637394,2067039782,2067040889,15565,1107
28446.649431,2067048632,2067049743,15904,1111
28446.661452,2067057477,2067058591,15966,1114
28446.673466,2067066308,2067067416,15602,1108
28446.685500,2067075152,2067076256,15940,1104
28446.697522,2067083997,2067085111,15918,1114
28446.709534,2067092844,2067093956,15671,1112
28446.721569,2067101700,2067102805,15946,1105
28446.736586,2067112783,2067113890,15676,1107
28446.748620,2067121633,2067122742,15909,1109
28446.775671,2067141515,2067142625,16020,1110
28446.787692,2067150356,2067151465,15977,1109
28446.805728,2067163652,2067164766,16067,1114
28446.817743,2067172511,2067173623,15599,1112
28446.841795,2067190221,2067191335,15974,1114
28446.853810,2067199056,2067200168,15682,1112
28446.877863,2067216773,2067217887,15974,1114
28446.889878,2067225606,2067226712,15603,1106
28446.913932,2067243297,2067244405,15966,1108
28446.925946,2067252125,2067253238,15598,1113
28446.950001,2067269831,2067270940,15972,1109
28446.960328,2067278689,2067279800,15842,1111
28446.974049,2067287537,2067288644,15941,1107
28446.986071,2067296407,2067297518,15992,1111
28446.998086,2067305272,2067306390,15827,1118
28447.013121,2067316340,2067317449,15967,1109
28447.025135,2067325224,2067326332,15598,1108
28447.041182,2067338554,2067339665,15899,1111
28447.058209,2067349622,2067350737,15949,1115
28447.070223,2067358444,2067359551,15675,1107
28447.112309,2067389408,2067390519,16049,1111
28447.124324,2067398224,2067399332,15600,1108
28447.136357,2067407073,2067408160,15768,1087
28447.148378,2067415899,2067417009,16055,1110
28447.160392,2067424734,2067425846,15640,1112
28447.193465,2067449081,2067450187,15907,1106
28447.205478,2067457944,2067459042,15598,1098
28447.217512,2067466784,2067467898,15941,1114
28447.229532,2067475704,2067476813,15970,1109
28447.260596,2067500024,2067501138,15931,1114
28447.277617,2067511077,2067512189,15602,1112
28447.289649,2067519921,2067521028,15940,1107
28447.304667,2067530990,2067532092,15604,1102
28447.316700,2067539833,2067540937,15938,1104
28447.331718,2067550867,2067551973,15595,1106
28447.343751,2067559712,2067560818,15905,1106
28447.355772,2067568573,2067569686,15971,1113
28447.367787,2067577408,2067578515,15607,1107
28447.388837,2067592916,2067594030,15931,1114
28447.400859,2067601814,2067602932,15957,1118
28447.415889,2067612858,2067613972,15932,1114
28447.427908,2067621721,2067622830,15958,1109
28447.439930,2067630556,2067631666,15686,1110
28447.460973,2067646055,2067647160,16002,1105
28447.472996,2067654908,2067656019,15975,1111
28447.485010,2067663751,2067664862,15618,1111
28447.500048,2067674865,2067675979,15979,1114
28447.512063,2067683759,2067684874,15837,1115
28447.524093,2067692615,2067693725,15936,1110
28447.536116,2067701465,2067702571,16058,1106
28447.548129,2067710284,2067711391,15616,1107
28447.566164,2067723562,2067724664,15691,1102
28447.578196,2067732422,2067733530,15922,1108
28447.590221,2067741291,2067742405,15917,1114
28447.605247,2067752394,2067753510,16016,1116
28447.617270,2067761262,2067762376,15943,1114
28447.629281,2067770111,2067771219,15564,1108
28447.641317,2067778979,2067780096,15902,1117
28447.677388,2067805544,2067806657,15955,1113
28447.689411,2067814400,2067815510,15915,1110
28447.719455,2067836524,2067837636,15600,1112
28447.731486,2067845372,2067846450,15741,1078
28447.743510,2067854198,2067855312,15897,1114
28447.764541,2067869674,2067870786,15594,1112
28447.776575,2067878526,2067879639,15936,1113
28447.788597,2067887393,2067888510,15910,1117
28447.800610,2067896293,2067897397,15596,1104
28447.815647,2067907390,2067908501,15968,1111
28447.827661,2067916222,2067917334,15601,1112
28447.839694,2067925104,2067926217,15948,1113
28447.851716,2067933968,2067935082,15971,1114
28447.872747,2067949450,2067950557,15598,1107
28447.884781,2067958311,2067959423,15936,1112
28447.911832,2067978280,2067979388,15940,1108
28447.923853,2067987138,2067988252,15973,1114
28447.935875,2067995967,2067997081,15647,1114
28447.947898,2068004824,2068005908,15724,1084
28447.959922,2068013653,2068014767,15972,1114
28447.971935,2068022459,2068023570,15599,1111
28447.989973,2068035759,2068036873,15820,1114
28448.002005,2068044630,2068045744,15941,1114
28448.041077,2068073441,2068074545,16074,1104
28448.053090,2068082324,2068083432,15601,1108
28448.098176,2068115547,2068116654,15603,1107
28448.110211,2068124439,2068125548,15954,1109
28448.122230,2068133299,2068134407,15976,1108
28448.134252,2068142121,2068143233,15681,1112
28448.200381,2068190808,2068191926,16021,1118
28448.212402,2068199682,2068200797,15979,1115
28448.227432,2068210716,2068211827,15938,1111
28448.239454,2068219592,2068220704,15975,1112
28448.251472,2068228514,2068229629,15843,1115
28448.263501,2068237385,2068238500,15940,1115
28448.275522,2068246262,2068247367,15969,1105
28448.287539,2068255127,2068256236,15828,1109
28448.299570,2068264006,2068265121,15945,1115
28448.311590,2068272866,2068273979,15944,1113
28448.323604,2068281685,2068282800,15601,1115
28448.335638,2068290553,2068291671,15904,1118
28448.347659,2068299418,2068300536,15940,1118
28448.359673,2068308259,2068309371,15602,1112
28448.371707,2068317098,2068318211,15935,1113
28448.419796,2068352581,2068353696,15972,1115
28448.431818,2068361483,2068362599,15684,1116
28448.443841,2068370353,2068371440,15744,1087
28448.455863,2068379198,2068380311,15954,1113
28448.467879,2068388037,2068389153,15616,1116
28448.479911,2068396910,2068398024,15943,1114
28448.497945,2068410231,2068411345,15913,1114
28448.509966,2068419082,2068420192,15956,1110
28448.528002,2068432376,2068433491,15976,1115
28448.540016,2068441216,2068442329,15623,1113
28448.552048,2068450089,2068451201,15943,1112
28448.564069,2068458976,2068460095,15952,1119
28448.630194,2068507798,2068508910,15737,1112
28448.642220,2068516687,2068517797,15942,1110
28448.657243,2068527744,2068528860,15713,1116
28448.669274,2068536623,2068537737,15955,1114
28448.732393,2068583233,2068584352,15910,1119
28448.744413,2068592122,2068593237,15942,1115
28448.789500,2068625436,2068626550,15984,1114
28448.801513,2068634287,2068635398,15603,1111
28448.832584,2068658684,2068659797,15974,1113
28448.864634,2068680834,2068681942,15603,1108
28448.876665,2068689682,2068690795,15939,1113
28448.888687,2068698598,2068699711,15943,1113
28448.900702,2068707470,2068708581,15615,1111
28448.936771,2068734106,2068735217,15616,1111
28448.948802,2068742973,2068744084,15936,1111
28448.960824,2068751846,2068752954,15955,1108
28448.984869,2068769604,2068770718,15908,1114
28448.996892,2068778456,2068779565,15955,1109
28449.017925,2068793935,2068795047,15616,1112
28449.029957,2068802809,2068803927,15905,1118
28449.041978,2068811702,2068812810,15956,1108
28449.053995,2068820570,2068821680,15617,1110
28449.066026,2068829453,2068830563,15938,1110
28449.129145,2068876070,2068877189,15903,1119
28449.141167,2068884984,2068886089,16011,1105
28449.207285,2068933829,2068934940,15613,1111
28449.219317,2068942706,2068943821,15936,1115
28449.231338,2068951586,2068952695,15870,1109
28449.243353,2068960448,2068961564,15611,1116
28449.255386,2068969331,2068970445,15938,1114
28449.276425,2068984859,2068985974,15911,1115
28449.291456,2068995982,2068997097,15942,1115
28449.303476,2069004881,2069005993,16051,1112
28449.315490,2069013735,2069014851,15679,1116
28449.327524,2069022631,2069023746,15982,1115
28449.339545,2069031519,2069032635,15972,1116
28449.351559,2069040351,2069041458,15603,1107
28449.363592,2069049259,2069050377,15913,1118
28449.375615,2069058191,2069059299,15913,1108
28449.387628,2069067073,2069068187,15609,1114
28449.399659,2069075955,2069077038,15741,1083
28449.411682,2069084809,2069085923,15972,1114
28449.423704,2069093651,2069094767,15682,1116
28449.435730,2069102541,2069103652,15919,1111
28449.447751,2069111429,2069112544,15972,1115
28449.465785,2069124715,2069125834,15974,1119
28449.477804,2069133604,2069134710,15824,1106
28449.489833,2069142514,2069143633,15901,1119
28449.501854,2069151398,2069152512,15974,1114
28449.513868,2069160256,2069161363,15600,1107
28449.525901,2069169129,2069170247,15905,1118
28449.537923,2069178011,2069179125,15974,1114
28449.576991,2069206874,2069207989,15910,1115
28449.589022,2069215768,2069216883,16023,1115
28449.634108,2069249039,2069250147,15940,1108
28449.646128,2069257933,2069259049,15970,1116
28449.682199,2069284604,2069285716,15989,1112
28449.692330,2069293533,2069294643,15856,1110
28449.706244,2069302437,2069303556,15934,1119
28449.718265,2069311324,2069312443,15971,1119
28449.730279,2069320191,2069321307,15596,1116
28449.784383,2069360174,2069361290,15603,1116
28449.796414,2069369107,2069370222,15911,1115
28449.832484,2069395752,2069396867,15940,1115
28449.844507,2069405850,2069406965,15969,1115
28449.856520,2069414753,2069415865,15560,1112
28449.871558,2069425884,2069426998,15913,1114
28449.883571,2069434766,2069435878,15552,1112
28449.895605,2069443679,2069444790,15940,1111
28449.907626,2069452563,2069453682,15969,1119
28449.919647,2069461466,2069462578,15601,1112
28449.931674,2069470342,2069471457,15942,1115
28449.943694,2069479231,2069480343,15927,1112
28449.955708,2069488079,2069489193,15598,1114
28449.967737,2069497152,2069498262,15932,1110
28449.979749,2069505990,2069507097,15762,1107
28449.991781,2069514841,2069515950,15635,1109
28450.003809,2069523676,2069524791,15978,1115
28450.015829,2069532530,2069533645,15952,1115
28450.027849,2069541337,2069542444,15633,1107
28450.039877,2069550178,2069551291,15887,1113
28450.051884,2069558990,2069560102,15681,1112
28450.063917,2069567792,2069568904,15567,1112
28450.077444,2069577830,2069578941,15652,1111
28450.089471,2069586664,2069587779,15959,1115
28450.101480,2069595513,2069596623,15674,1110
28450.124035,2069612882,2069614001,15952,1119
28450.136054,2069621740,2069622841,15652,1101
28450.148082,2069630577,2069631687,16052,1110
28450.160090,2069639430,2069640537,15682,1107
28450.172118,2069648263,2069649379,15902,1116
28450.193167,2069663724,2069664843,15965,1119
28450.205175,2069672545,2069673660,15756,1115
28450.226227,2069687967,2069689083,15652,1116
28450.238254,2069696807,2069697922,15966,1115
28450.280329,2069727744,2069728857,15631,1113
28450.292356,2069736599,2069737717,15959,1118
28450.304378,2069745459,2069746576,15907,1117
28450.328425,2069763137,2069764249,15961,1112
28450.340445,2069772016,2069773133,15848,1117
28450.376503,2069798503,2069799615,15509,1112
28450.388535,2069807298,2069808411,15596,1113
28450.400563,2069816142,2069817261,15972,1119
28450.428616,2069838192,2069839304,15677,1112
28450.505758,2069893357,2069894471,15635,1114
28450.517788,2069902247,2069903357,15985,1110
28450.532809,2069913258,2069914374,15632,1116
28450.544837,2069922104,2069923219,15974,1115
28450.632994,2069988352,2069989467,15959,1115
28450.713159,2070045788,2070046899,15705,1111
28450.725178,2070054680,2070055790,15947,1110
28450.737188,2070063500,2070064611,15757,1111
28450.749221,2070072354,2070073470,15711,1116
28450.824369,2070127544,2070128663,15978,1119
28450.836376,2070136371,2070137475,15685,1104
28450.884478,2070171650,2070172758,15635,1108
28450.896506,2070180471,2070181586,15978,1115
28450.920547,2070198105,2070199216,15639,1111
28450.932575,2070206956,2070208066,15991,1110
28450.983667,2070244507,2070245619,15715,1112
28451.016718,2070268826,2070269938,15756,1112
28451.028753,2070277628,2070278744,15715,1116
28451.043770,2070288668,2070289774,15679,1106
28451.055804,2070297531,2070298638,15711,1107
28451.067831,2070306421,2070307502,15803,1081
28451.079839,2070315222,2070316330,15683,1108
28451.091872,2070324057,2070325135,15833,1078
28451.103902,2070332876,2070333959,15906,1083
28451.121935,2070346070,2070347182,16051,1112
28451.133942,2070354884,2070356000,15680,1116
28451.145978,2070363719,2070364834,15641,1115
28451.158004,2070372559,2070373674,15986,1115
28451.242147,2070434396,2070435503,15754,1107
28451.257192,2070445405,2070446515,15973,1110
28451.269213,2070454295,2070455408,16015,1113
28451.332319,2070500638,2070501753,15679,1115
28451.344352,2070509495,2070510610,15841,1115
28451.356381,2070518332,2070519446,15926,1114
28451.368389,2070527186,2070528297,15679,1111
28451.380421,2070536032,2070537144,15558,1112
28451.401467,2070551473,2070552592,15975,1119
28451.413473,2070560302,2070561418,15679,1116
28451.473605,2070604486,2070605596,15972,1110
28451.485612,2070613344,2070614454,15684,1110
28451.500657,2070624446,2070625559,15978,1113
28451.545739,2070657573,2070658683,15960,1110
28451.557756,2070666415,2070667528,15648,1113
28451.576806,2070681956,2070683068,15823,1112
28451.623884,2070715199,2070716313,15652,1114
28451.635913,2070724076,2070725189,16041,1113
28451.690017,2070764024,2070765139,15976,1115
28451.702024,2070772916,2070774027,15681,1111
28451.732089,2070795112,2070796231,15823,1119
28451.744119,2070804009,2070805128,15986,1119
28451.756132,2070812878,2070813991,15605,1113
28451.768158,2070821759,2070822875,15821,1116
28451.780188,2070830646,2070831760,15976,1114
28451.792196,2070839504,2070840612,15682,1108
28451.813242,2070855042,2070856161,15812,1119
28451.825273,2070863931,2070865050,15974,1119
28451.885381,2070908275,2070909387,15816,1112
28451.897411,2070917161,2070918276,15974,1115
28451.912431,2070928240,2070929353,15816,1113
28451.924462,2070937123,2070938236,15980,1113
28451.939484,2070948192,2070949312,15812,1120
28451.960531,2070963725,2070964844,15988,1119
28451.972549,2070972600,2070973714,15936,1114
28451.984569,2070981492,2070982602,15819,1110
28452.005614,2070997038,2070998153,15946,1115
28452.017624,2071005954,2071007066,15683,1112
28452.041685,2071023707,2071024822,16056,1115
28452.053698,2071032555,2071033672,15601,1117
28452.107794,2071072475,2071073583,15681,1108
28452.119827,2071081349,2071082463,15827,1114
28452.131857,2071090229,2071091343,15982,1114
28452.173929,2071121272,2071122386,15900,1114
28452.185961,2071130176,2071131290,15979,1114
28452.200985,2071141266,2071142346,15678,1080
28452.213010,2071150160,2071151275,15942,1115
28452.240063,2071170141,2071171255,15974,1114
28452.252076,2071178993,2071180106,15604,1113
28452.264102,2071187880,2071188959,15651,1079
28452.285148,2071203384,2071204500,15971,1116
28452.297156,2071212255,2071213363,15687,1108
28452.318202,2071227830,2071228944,15794,1114
28452.330234,2071236722,2071237837,15973,1115
28452.384337,2071276706,2071277821,15981,1115
28452.396344,2071285587,2071286695,15684,1108
28452.420406,2071303372,2071304487,15979,1115
28452.432424,2071312308,2071313423,15937,1115
28452.520592,2071378893,2071380003,15682,1110
28452.591732,2071429996,2071431115,16059,1119
28452.603751,2071439011,2071440129,16034,1118
28452.615768,2071447917,2071449036,15806,1119
28452.627800,2071456853,2071457968,15963,1115
28452.639807,2071465707,2071466820,15757,1113
28452.651834,2071474573,2071475685,15820,1112
28452.669872,2071487882,2071488997,15899,1115
28452.681903,2071496780,2071497895,16058,1115
28452.729979,2071532283,2071533394,15682,1111
28452.742010,2071541214,2071542329,15910,1115
28452.796119,2071581176,2071582291,15884,1115
28452.808143,2071590128,2071591246,16024,1118
28452.820150,2071599008,2071600125,15680,1117
28452.832181,2071607894,2071609003,15819,1109
28452.850212,2071621222,2071622341,15805,1119
28452.862246,2071630163,2071631282,16041,1119
28452.883270,2071645677,2071646794,15682,1117
28452.904319,2071661267,2071662386,15924,1119
28452.916349,2071670175,2071671294,15986,1119
28452.937373,2071685704,2071686817,15760,1113
28452.949406,2071694626,2071695745,15924,1119
28452.997502,2071730153,2071731268,15967,1115
28453.009510,2071739057,2071740170,15683,1113
28453.045585,2071765685,2071766797,15603,1112
28453.057610,2071774605,2071775714,15827,1109
28453.105707,2071810189,2071811305,15942,1116
28453.117716,2071819043,2071820154,15680,1111
28453.147778,2071841245,2071842360,15811,1115
28453.159812,2071850127,2071851246,15976,1119
28453.171819,2071858986,2071860094,15766,1108
28453.183850,2071867865,2071868983,15826,1118
28453.204896,2071883452,2071884567,16023,1115
28453.216906,2071892325,2071893432,15681,1107
28453.255987,2071921186,2071922296,15817,1110
28453.268018,2071930066,2071931182,15978,1116
28453.280025,2071938937,2071940050,15754,1113
28453.358189,2071996714,2071997832,16061,1118
28453.370197,2072005573,2072006684,15760,1111
28453.412292,2072036774,2072037888,16056,1114
28453.424299,2072045688,2072046800,15684,1112
28453.436330,2072054581,2072055697,15814,1116
28453.448361,2072063462,2072064581,15989,1119
28453.460368,2072072329,2072073441,15681,1112
28453.481416,2072087890,2072089003,15822,1113
28453.493443,2072096764,2072097880,15943,1116
28453.568574,2072152300,2072153416,15682,1116
28453.580605,2072161202,2072162321,15821,1119
28453.616673,2072187874,2072188989,15823,1115
28453.628703,2072196813,2072197929,15957,1116
28453.640716,2072205673,2072206787,15597,1114
28453.673790,2072230105,2072231224,15981,1119
28453.685797,2072239005,2072240119,15687,1114
28453.769964,2072301205,2072302321,15812,1116
28453.781997,2072310114,2072311230,15979,1116
28453.794014,2072319037,2072320156,16035,1119
28453.806034,2072327948,2072329033,15710,1085
28453.824067,2072341241,2072342352,15895,1111
28453.836098,2072350158,2072351274,15953,1116
28453.848105,2072359026,2072360139,15682,1113
28453.860136,2072367912,2072369021,15820,1109
28453.878171,2072381222,2072382307,15647,1085
28453.890198,2072390078,2072391194,15945,1116
28453.929260,2072418969,2072420086,15682,1117
28453.941286,2072427873,2072428987,15813,1114
28453.959325,2072441181,2072442297,15822,1116
28453.971355,2072450073,2072451192,15978,1119
28453.989387,2072463401,2072464519,15938,1118
28454.001398,2072472319,2072473435,15682,1116
28454.028448,2072492299,2072493415,15759,1116
28454.043493,2072503429,2072504549,15994,1120
28454.055499,2072512505,2072513618,15602,1113
28454.067531,2072521399,2072522517,15863,1118
28454.079561,2072530294,2072531413,15978,1119
28454.091580,2072539182,2072540301,15868,1119
28454.103598,2072548083,2072549202,15792,1119
28454.184759,2072608166,2072609284,15885,1118
28454.196782,2072617102,2072618218,15949,1116
28454.208791,2072625968,2072627081,15689,1113
28454.247873,2072654834,2072655944,15811,1110
28454.265907,2072668190,2072669305,15809,1115
28454.277938,2072677103,2072678214,15960,1111
28454.314008,2072703810,2072704926,15980,1116
28454.326016,2072712722,2072713839,15683,1117
28454.410182,2072774941,2072776057,15820,1116
28454.422214,2072783848,2072784967,16055,1119
28454.452254,2072806026,2072807139,15762,1113
28454.464285,2072814917,2072816033,15820,1116
28454.476315,2072823809,2072824925,15974,1116
28454.516396,2072854908,2072856028,15818,1120
28454.533414,2072866011,2072867126,15593,1115
28454.545439,2072874908,2072876024,15735,1116
28454.620590,2072930479,2072931588,15972,1109
28454.632603,2072939375,2072940492,15601,1117
28454.656659,2072957171,2072958287,15977,1116
28454.668666,2072966029,2072967143,15679,1114
28454.680702,2072974935,2072976052,15884,1117
28454.725783,2073008273,2073009392,15821,1119
28454.737813,2073017213,2073018327,15943,1114
28454.824971,2073081610,2073082726,15815,1116
28454.837001,2073090538,2073091648,15852,1110
28454.861039,2073108296,2073109416,15820,1120
28454.876060,2073119416,2073120533,15681,1117
28454.888091,2073128349,2073129467,15828,1118
28454.900120,2073137266,2073138380,15887,1114
28454.912137,2073146201,2073147321,15807,1120
28454.924165,2073155143,2073156260,15911,1117
28454.936189,2073164093,2073165216,15945,1123
28454.948206,2073173053,2073174169,15842,1116
28454.960233,2073181979,2073183102,15818,1123
28454.978270,2073192801,2073193479,13786,678
28454.992334,2073198678,2073199306,12085,628
28455.005312,2073204852,2073205967,15806,1115
28455.017344,2073213724,2073214841,15969,1117
28455.029357,2073222591,2073223704,15604,1113
28455.053413,2073240362,2073241482,15972,1120
28455.065420,2073249268,2073250385,15685,1117
28455.077457,2073258166,2073259282,15885,1116
28455.113520,2073285041,2073286157,15820,1116
28455.125550,2073293984,2073295100,15953,1116
28455.176646,2073331726,2073332842,15881,1116
28455.188669,2073340664,2073341784,15939,1120
28455.209694,2073356184,2073357292,15683,1108
28455.221725,2073365066,2073366186,15820,1120
28455.236746,2073376185,2073377302,15678,1117
28455.248778,2073385086,2073386176,15658,1090
28455.284846,2073411801,2073412920,15845,1119
28455.296875,2073420752,2073421861,15999,1109
28455.347965,2073458517,2073459633,15817,1116
28455.359995,2073467437,2073468553,15881,1116
28455.372003,2073476295,2073477408,15685,1113
28455.384034,2073485218,2073486334,15850,1116
28455.396064,2073494129,2073495249,15887,1120
28455.408077,2073503016,2073504130,15792,1114
28455.420103,2073511959,2073513075,15911,1116
28455.432133,2073520860,2073521971,15992,1111
28455.444140,2073529736,2073530853,15685,1117
28455.456167,2073538671,2073539751,15621,1080
28455.468201,2073547538,2073548656,15960,1118
28455.480221,2073556436,2073557552,16032,1116
28455.493737,2073565168,2073566284,15768,1116
28455.505767,2073574075,2073575191,15824,1116
28455.520797,2073585249,2073586365,15937,1116
28455.532818,2073594188,2073595303,15835,1115
28455.553864,2073609789,2073610907,15977,1118
28455.565872,2073618658,2073619769,15762,1111
28455.584928,2073634220,2073635336,15900,1116
28455.596947,2073643157,2073644275,16035,1118
28455.608967,2073652053,2073653168,15685,1115
28455.638009,2073672121,2073673233,15687,1112
28455.650042,2073681009,2073682128,15822,1119
28455.662070,2073689946,2073691062,15954,1116
28455.686109,2073707717,2073708833,15902,1116
28455.698139,2073716649,2073717767,15960,1118
28455.716173,2073730043,2073731161,15976,1118
28455.728194,2073738994,2073740109,15960,1115
28455.740212,2073747920,2073749036,15829,1116
28455.752241,2073756820,2073757936,15970,1116
28455.764249,2073765695,2073766803,15765,1108
28455.776280,2073774617,2073775727,15923,1110
28455.788310,2073783552,2073784672,16041,1120
28455.800318,2073792414,2073793531,15763,1117
28455.824376,2073810215,2073811335,16032,1120
28455.836387,2073819110,2073820221,15690,1111
28455.857434,2073834673,2073835788,15820,1115
28455.869465,2073843606,2073844722,15956,1116
28455.887499,2073856978,2073858097,15974,1119
28455.905533,2073870330,2073871453,16051,1123
28455.917541,2073879265,2073880379,15762,1114
28455.929572,2073888222,2073889342,15930,1120
28455.956623,2073908270,2073909386,15820,1116
28455.968653,2073917225,2073918341,15958,1116
28455.983674,2073928358,2073929475,15822,1117
28455.995705,2073937258,2073938374,15978,1116
28456.007713,2073946153,2073947269,15688,1116
28456.019750,2073955085,2073956203,15909,1118
28456.031773,2073964028,2073965145,15955,1117
28456.043781,2073972903,2073974020,15685,1117
28456.055812,2073981830,2073982946,15832,1116
28456.067842,2073990770,2073991885,15952,1115
28456.079860,2073999667,2074000791,15942,1124
28456.091880,2074008629,2074009751,15832,1122
28456.103910,2074017532,2074018648,15973,1116
28456.115929,2074026450,2074027568,15939,1118
28456.127949,2074035392,2074036512,15832,1120
28456.139979,2074044308,2074045424,15972,1116
28456.151987,2074053176,2074054290,15685,1114
28456.164013,2074062116,2074063196,15619,1080
28456.176046,2074070973,2074072092,15974,1119
28456.188067,2074079891,2074081007,15950,1116
28456.200086,2074088788,2074089909,15736,1121
28456.212117,2074097740,2074098860,15874,1120
28456.224136,2074106682,2074107801,15870,1119
28456.236155,2074115622,2074116741,15830,1119
28456.248185,2074124545,2074125656,15945,1111
28456.269216,2074140084,2074141198,15604,1114
28456.281240,2074148985,2074150103,15823,1118
28456.317315,2074175681,2074176797,15888,1116
28456.329337,2074184624,2074185744,15934,1120
28456.353378,2074202407,2074203522,15826,1115
28456.365408,2074211335,2074212448,15954,1113
28456.443546,2074269193,2074270312,15791,1119
28456.455578,2074278157,2074279280,15945,1123
28456.467592,2074287050,2074288167,15683,1117
28456.479618,2074295992,2074297106,15921,1114
28456.491647,2074304892,2074306013,16044,1121
28456.503655,2074313814,2074314924,15723,1110
28456.515694,2074322749,2074323864,15928,1115
28456.527717,2074331703,2074332822,16026,1119
28456.539724,2074340640,2074341754,15680,1114
28456.551755,2074349578,2074350694,15826,1116
28456.563785,2074358503,2074359622,16059,1119
28456.575793,2074367396,2074368508,15688,1112
28456.587823,2074376328,2074377447,15832,1119
28456.599854,2074385290,2074386407,15869,1117
28456.611865,2074394162,2074395283,15655,1121
28456.623892,2074403123,2074404246,15848,1123
28456.635922,2074412028,2074413144,15971,1116
28456.653956,2074425381,2074426497,15971,1116
28456.665970,2074434254,2074435367,15601,1113
28456.681008,2074445406,2074446520,15980,1114
28456.693026,2074454314,2074455427,15849,1113
28456.705047,2074463216,2074464309,15660,1093
28456.720079,2074474368,2074475484,15870,1116
28456.732098,2074483317,2074484432,15834,1115
28456.744128,2074492270,2074493386,15952,1116
28456.756146,2074501168,2074502284,15935,1116
28456.768169,2074510096,2074511220,15873,1124
28456.780197,2074519009,2074520119,15980,1110
28456.792204,2074527880,2074528994,15605,1114
28456.804235,2074536820,2074537940,15812,1120
28456.816265,2074545757,2074546874,16051,1117
28456.840304,2074563579,2074564701,15903,1122
28456.852336,2074572533,2074573648,16007,1115
28456.864347,2074581454,2074582569,15680,1115
28456.876372,2074590348,2074591463,15904,1115
28456.888402,2074599287,2074600403,15954,1116
28456.900410,2074608159,2074609275,15682,1116
28456.912448,2074617079,2074618203,15905,1124
28456.933488,2074632710,2074633826,15972,1116
28456.945496,2074641806,2074642922,15687,1116
28456.984574,2074670757,2074671876,15866,1119
28456.996607,2074679708,2074680824,15945,1116
28457.017645,2074695305,2074696428,15926,1123
28457.029659,2074704265,2074705354,15632,1089
28457.089770,2074748809,2074749923,15688,1114
28457.104814,2074759949,2074761069,15967,1120
28457.116834,2074768868,2074769988,15958,1120
28457.137870,2074784503,2074785619,15822,1116
28457.149899,2074793451,2074794571,15907,1120
28457.161913,2074802336,2074803452,15525,1116
28457.173938,2074811236,2074812356,15823,1120
28457.185968,2074820181,2074821297,15957,1116
28457.197976,2074829088,2074830203,15686,1115
28457.210014,2074838026,2074839142,15909,1116
28457.222037,2074846969,2074848084,15955,1115
28457.252090,2074869275,2074870391,15939,1116
28457.264110,2074878241,2074879362,15850,1121
28457.276140,2074887152,2074888275,15977,1123
28457.288148,2074896034,2074897148,15697,1114
28457.309203,2074911704,2074912824,15913,1120
28457.321225,2074920642,2074921760,15956,1118
28457.345264,2074938442,2074939562,15733,1120
28457.357294,2074947404,2074948524,15951,1120
28457.405370,2074983054,2074984170,15686,1116
28457.417402,2074991990,2074993107,15849,1117
28457.477508,2075036555,2075037668,15687,1113
28457.489539,2075045500,2075046617,15838,1117
28457.507581,2075058888,2075060005,15906,1117
28457.519603,2075067830,2075068946,15957,1116
28457.537637,2075081212,2075082327,15958,1115
28457.549645,2075090114,2075091224,15605,1110
28457.567680,2075103500,2075104614,15687,1114
28457.579710,2075112436,2075113551,15834,1115
28457.591740,2075121386,2075122503,15916,1117
28457.603758,2075130331,2075131455,16021,1124
28457.615778,2075139290,2075140407,15836,1117
28457.627808,2075148243,2075149363,16039,1120
28457.645843,2075161593,2075162710,15980,1117
28457.657856,2075170516,2075171634,15604,1118
28457.705956,2075206203,2075207318,15969,1115
28457.717978,2075215138,2075216262,15941,1124
28457.757048,2075244134,2075245254,15643,1120
28457.769072,2075253071,2075254195,15824,1124
28457.802125,2075277589,2075278703,15689,1114
28457.814156,2075286538,2075287654,15847,1116
28457.826184,2075295488,2075296610,15966,1122
28457.838204,2075304418,2075305542,15882,1124
28457.889306,2075342378,2075343494,15963,1116
28457.901314,2075351275,2075352395,15685,1120
28457.913344,2075360247,2075361368,15934,1121
28457.925373,2075369196,2075370312,16025,1116
28457.943409,2075382601,2075383721,15959,1120
28457.955425,2075391512,2075392630,15661,1118
28457.967449,2075400504,2075401628,15845,1124
28457.979476,2075409493,2075410617,15944,1124
28457.997510,2075422925,2075424043,15944,1118
28458.009531,2075431893,2075433013,15866,1120
28458.027553,2075445298,2075446414,15681,1116
28458.039585,2075454266,2075455386,15835,1120
28458.051615,2075463252,2075464372,15959,1120
28458.063633,2075472228,2075473346,15857,1118
28458.075653,2075481190,2075482306,15833,1116
28458.087683,2075490107,2075491231,15980,1124
28458.099695,2075499020,2075500135,15653,1115
28458.117725,2075512442,2075513564,15682,1122
28458.129756,2075521410,2075522532,15748,1122
28458.147790,2075534827,2075535951,15820,1124
28458.159820,2075543814,2075544938,15937,1124
28458.171839,2075552770,2075553890,15936,1120
28458.183859,2075561732,2075562853,15746,1121
28458.195889,2075570696,2075571816,15957,1120
28458.207909,2075579636,2075580759,15959,1123
28458.219927,2075588613,2075589736,15852,1123
28458.231958,2075597555,2075598679,16064,1124
28458.243976,2075606533,2075607652,16021,1119
28458.255998,2075615476,2075616596,15959,1120
28458.274031,2075628900,2075630024,15911,1124
28458.286060,2075637857,2075638976,16038,1119
28458.364202,2075695917,2075697037,15908,1120
28458.376230,2075704898,2075706017,15963,1119
28458.388250,2075713831,2075714955,15936,1124
28458.400278,2075722816,2075723939,15910,1123
28458.412300,2075731783,2075732900,15956,1117
28458.464389,2075772039,2075773160,15927,1121
28458.499467,2075796674,2075797796,15901,1122
28458.511489,2075805655,2075806770,15956,1115
28458.523508,2075814565,2075815688,15939,1123
28458.535523,2075823543,2075824636,15622,1093
28458.547559,2075832491,2075833614,15966,1123
28458.559576,2075841465,2075842587,15937,1122
28458.571592,2075850425,2075851511,15619,1086
28458.585124,2075860615,2075861736,15831,1121
28458.597152,2075869595,2075870712,15953,1117
28458.618188,2075885239,2075886363,15940,1124
28458.628327,2075894215,2075895330,15816,1115
28458.642237,2075903192,2075904312,15959,1120
28458.654257,2075912137,2075913257,15959,1120
28458.666276,2075921117,2075922237,15850,1120
28458.681296,2075932323,2075933445,15682,1122
28458.780496,2076006348,2076007469,15935,1121
28458.792517,2076015347,2076016471,15832,1124
28458.807548,2076026568,2076027689,15933,1121
28458.819569,2076035550,2076036674,15837,1124
28458.831598,2076044526,2076045650,15912,1124
28458.843616,2076053510,2076054634,15938,1124
28458.855637,2076062485,2076063609,15872,1124
28458.867666,2076071472,2076072596,15952,1124
28458.879685,2076080436,2076081556,15937,1120
28458.900718,2076096114,2076097238,15821,1124
28458.912752,2076105090,2076106211,15954,1121
28458.924771,2076114044,2076115164,15938,1120
28458.975873,2076152142,2076153263,16114,1121
28458.987891,2076161084,2076162208,15936,1124
28458.999911,2076170054,2076171171,15910,1117
28459.011940,2076179039,2076180158,16034,1119
28459.023959,2076187956,2076189076,15850,1120
28459.035980,2076196924,2076198048,15828,1124
28459.081065,2076230527,2076231652,15826,1125
28459.093095,2076239509,2076240633,15957,1124
28459.105114,2076248448,2076249568,15937,1120
28459.193787,2076314736,2076315860,15908,1124
28459.205814,2076323726,2076324846,16007,1120
28459.304999,2076397788,2076398910,16079,1122
28459.317017,2076406718,2076407838,15915,1120
28459.401174,2076469532,2076470655,15826,1123
28459.413204,2076478533,2076479655,15957,1122
28459.425223,2076487485,2076488605,15948,1120
28459.516405,2076556916,2076558005,15617,1089
28459.593546,2076612924,2076614046,15999,1122
28459.605559,2076621833,2076622950,15670,1117
28459.617586,2076630819,2076631940,15830,1121
28459.635620,2076644300,2076645424,15831,1124
28459.695739,2076689059,2076690179,16045,1120
28459.707753,2076698042,2076699130,15694,1088
28459.719787,2076706983,2076708107,16042,1124
28459.731806,2076715935,2076717059,15945,1124
28459.743826,2076724924,2076726047,15929,1123
28459.755857,2076733864,2076734987,16168,1123
28459.767874,2076742812,2076743933,16024,1121
28459.785907,2076756259,2076757380,15932,1121
28459.797925,2076765245,2076766338,15623,1093
28459.812958,2076776393,2076777515,15931,1122
28459.824976,2076785376,2076786461,15621,1085
28459.846027,2076801025,2076802149,15944,1124
28459.858045,2076810012,2076811135,16024,1123
28459.870062,2076818999,2076820093,15635,1094
28459.882096,2076827918,2076829037,16093,1119
28459.912147,2076850280,2076851400,15928,1120
28459.924165,2076859252,2076860342,15623,1090
28459.936200,2076868162,2076869284,16086,1122
28459.948217,2076877113,2076878238,15949,1125
28459.966250,2076890533,2076891658,15925,1125
28459.978267,2076899520,2076900617,15620,1097
28460.020353,2076930780,2076931901,15933,1121
28460.032370,2076939723,2076940821,15619,1098
28460.044402,2076948703,2076949827,15912,1124
28460.059426,2076959946,2076961073,15930,1127
28460.071453,2076968939,2076970063,15921,1124
28460.083478,2076977930,2076979054,15986,1124
28460.095495,2076986921,2076988043,15870,1122
28460.107523,2076995892,2076997013,15910,1121
28460.125561,2077009339,2077010461,16097,1122
28460.137576,2077018269,2077019390,15873,1121
28460.155610,2077031704,2077032827,15950,1123
28460.167627,2077040657,2077041756,15615,1099
28460.233766,2077089776,2077090899,16093,1123
28460.245784,2077098774,2077099897,15944,1123
28460.275834,2077121092,2077122188,15620,1096
28460.287866,2077130014,2077131137,15914,1123
28460.299884,2077138967,2077140091,16008,1124
28460.311902,2077147910,2077149006,15622,1096
28460.323937,2077156833,2077157955,16089,1122
28460.335953,2077165782,2077166905,15877,1123
28460.347970,2077174761,2077175851,15630,1090
28460.360006,2077183690,2077184808,16177,1118
28460.372022,2077192638,2077193762,16009,1124
28460.384052,2077201589,2077202693,15749,1104
28460.396075,2077210521,2077211642,16096,1121
28460.408090,2077219467,2077220591,15842,1124
28460.420107,2077228412,2077229500,15531,1088
28460.432144,2077237324,2077238445,16003,1121
28460.444160,2077246306,2077247430,15855,1124
28460.456176,2077255272,2077256364,15538,1092
28460.468212,2077264194,2077265316,16004,1122
28460.480227,2077273147,2077274266,15841,1119
28460.492245,2077282099,2077283192,15535,1093
28460.504280,2077291005,2077292124,16090,1119
28460.516296,2077299962,2077301086,15923,1124
28460.528313,2077308919,2077310010,15621,1091
28460.540347,2077317867,2077318988,15851,1121
28460.555365,2077329058,2077330145,15612,1087
28460.567400,2077337975,2077339098,16092,1123
28460.579416,2077346929,2077348050,15923,1121
28460.591433,2077355886,2077356980,15609,1094
28460.603469,2077364792,2077365915,15998,1123
28460.615487,2077373703,2077374827,15927,1124
28460.627502,2077382649,2077383752,15579,1103
28460.639535,2077391620,2077392741,16016,1121
28460.651555,2077400577,2077401700,15943,1123
28460.663575,2077409531,2077410651,15833,1120
28460.675608,2077418489,2077419611,16000,1122
28460.687621,2077427448,2077428572,15955,1124
28460.699639,2077436392,2077437481,15616,1089
28460.717674,2077449803,2077450894,15615,1091
28460.729711,2077458721,2077459841,16086,1120
28460.744337,2077471398,2077472540,15794,1142
28460.756761,2077480391,2077481514,16007,1123
28460.819881,2077527328,2077528453,16091,1125
28460.831896,2077536291,2077537410,15781,1119
28460.843913,2077545280,2077546378,15629,1098
28460.855951,2077554221,2077555344,16003,1123
28460.867965,2077563179,2077564300,15933,1121
28460.879995,2077572127,2077573222,15750,1095
28460.904033,2077590014,2077591132,16012,1118
28460.916051,2077598954,2077600048,15694,1094
28460.928086,2077607876,2077608996,16096,1120
28460.940104,2077616861,2077617984,15859,1123
28460.952119,2077625807,2077626900,15620,1093
28460.964155,2077634724,2077635847,16094,1123
28460.976170,2077643683,2077644806,15925,1123
28460.988188,2077652636,2077653730,15617,1094
28461.000223,2077661546,2077662667,16085,1121
28461.012239,2077670461,2077671585,15927,1124
28461.024256,2077679421,2077680515,15616,1094
28461.045309,2077695063,2077696181,16087,1118
28461.057325,2077704003,2077705127,15934,1124
28461.096394,2077733088,2077734181,15619,1093
28461.108429,2077742014,2077743136,16090,1122
28461.129462,2077757660,2077758781,15820,1121
28461.141482,2077766648,2077767737,15635,1089
28461.225652,2077829240,2077830359,16089,1119
28461.237669,2077838225,2077839349,15857,1124
28461.252704,2077849390,2077850509,16087,1119
28461.264719,2077858342,2077859465,16010,1123
28461.276750,2077867309,2077868399,15755,1090
28461.340870,2077916520,2077917636,16098,1116
28461.445062,2077992503,2077993627,16026,1124
28461.457080,2078001468,2078002558,15619,1090
28461.472114,2078012629,2078013754,15928,1125
28461.484131,2078021581,2078022675,15541,1094
28461.496167,2078030493,2078031613,16007,1120
28461.514201,2078043909,2078045032,16093,1123
28461.526217,2078052858,2078053976,15779,1118
28461.556268,2078075248,2078076343,15617,1095
28461.568304,2078084179,2078085301,16086,1122
28461.640442,2078137863,2078138986,16101,1123
28461.652457,2078146818,2078147942,15937,1124
28461.664474,2078155762,2078156856,15618,1094
28461.676507,2078164687,2078165810,16003,1123
28461.688525,2078173636,2078174760,15930,1124
28461.700543,2078182598,2078183691,15622,1093
28461.745628,2078216170,2078217265,15617,1095
28461.757664,2078225095,2078226217,16176,1122
28461.793733,2078251909,2078253030,16087,1121
28461.805748,2078260868,2078261992,15844,1124
28461.820784,2078272036,2078273159,16080,1123
28461.832801,2078280982,2078282106,15947,1124
28461.844817,2078289943,2078291040,15544,1097
28461.865869,2078305577,2078306697,16090,1120
28461.877886,2078314537,2078315661,15959,1124
28461.892921,2078325712,2078326834,16088,1122
28461.904939,2078334675,2078335796,15947,1121
28461.974073,2078386111,2078387232,15996,1121
28461.986091,2078395060,2078396181,15926,1121
28461.998109,2078404044,2078405143,15620,1099
28462.010144,2078412967,2078414088,16092,1121
28462.022159,2078421918,2078423042,15867,1124
28462.034177,2078430903,2078432002,15625,1099
28462.079263,2078464457,2078465552,15616,1095
28462.094299,2078475628,2078476748,15928,1120
28462.112331,2078489056,2078490177,15933,1121
28462.124352,2078498011,2078499134,15942,1123
28462.151400,2078518180,2078519269,15620,1089
28462.163436,2078527105,2078528228,16099,1123
28462.175451,2078536061,2078537180,16045,1119
28462.196486,2078551718,2078552802,15614,1084
28462.208521,2078560636,2078561753,16097,1117
28462.280659,2078614327,2078615446,16092,1119
28462.292674,2078623273,2078624393,15926,1120
28462.304692,2078632232,2078633331,15697,1099
28462.316727,2078641161,2078642284,16173,1123
28462.376829,2078685941,2078687037,15693,1096
28462.388864,2078694867,2078695990,16166,1123
28462.400880,2078703827,2078704950,15933,1123
28462.494052,2078773203,2078774297,15620,1094
28462.506087,2078782136,2078783259,16173,1123
28462.530121,2078800086,2078801175,15695,1089
28462.542156,2078809011,2078810134,16097,1123
28462.569204,2078829139,2078830259,16079,1120
28462.581223,2078838082,2078839206,16005,1124
28462.593239,2078847042,2078848129,15616,1087
28462.605276,2078855956,2078857077,16095,1121
28462.617292,2078864910,2078866034,15868,1124
28462.632328,2078876106,2078877229,16048,1123
28462.644343,2078885068,2078886189,15927,1121
28462.659379,2078896229,2078897351,16085,1122
28462.707463,2078932028,2078933153,15923,1125
28462.719487,2078940989,2078942114,15847,1125
28462.731516,2078949956,2078951079,16174,1123
28462.743532,2078958912,2078960035,15937,1123
28462.755548,2078967873,2078968967,15618,1094
28462.767581,2078976806,2078977929,16003,1123
28462.779600,2078985764,2078986887,15932,1123
28462.791618,2078994728,2078995817,15698,1089
28462.803653,2079003645,2079004768,16173,1123
28462.821685,2079017094,2079018219,15937,1125
28462.833703,2079026062,2079027183,16024,1121
28462.857756,2079043934,2079045057,16096,1123
28462.869771,2079052896,2079054017,15965,1121
28462.920874,2079090906,2079092031,15942,1125
28462.932892,2079099870,2079100995,15945,1125
28462.944909,2079108840,2079109936,15578,1096
28462.983996,2079137938,2079139061,15971,1123
28462.996012,2079146889,2079148014,15927,1125
28463.008029,2079155851,2079156940,15622,1089
28463.020062,2079164804,2079165929,15847,1125
28463.032083,2079173731,2079174852,15947,1121
28463.044097,2079182693,2079183792,15615,1099
28463.056133,2079191622,2079192742,16085,1120
28463.068152,2079200571,2079201694,15966,1123
28463.080166,2079209528,2079210622,15616,1094
28463.101219,2079225163,2079226283,16084,1120
28463.113235,2079234079,2079235204,15864,1125
28463.137288,2079251992,2079253115,16086,1123
28463.149303,2079260964,2079262089,15927,1125
28463.176355,2079281104,2079282227,15931,1123
28463.188372,2079290058,2079291157,15618,1099
28463.239475,2079328088,2079329213,15928,1125
28463.251492,2079337063,2079338162,15619,1099
28463.269526,2079350489,2079351588,15690,1099
28463.281562,2079359411,2079360534,16174,1123
28463.305595,2079377316,2079378415,15619,1099
28463.317628,2079386280,2079387404,15941,1124
28463.344682,2079406406,2079407526,16174,1120
28463.356697,2079415574,2079416697,15928,1123
28463.443871,2079480499,2079481619,16094,1120
28463.455887,2079489463,2079490588,15931,1125
28463.473921,2079502883,2079504004,15926,1121
28463.485938,2079511832,2079512931,15619,1099
28463.552076,2079561044,2079562167,16089,1123
28463.564091,2079570214,2079571335,15966,1121
28463.576109,2079579201,2079580293,15537,1092
28463.594144,2079592609,2079593708,15616,1099
28463.606181,2079601547,2079602667,16091,1120
28463.636230,2079623968,2079625089,15933,1121
28463.657276,2079639684,2079640808,15910,1124
28463.669299,2079648683,2079649807,15969,1124
28463.687333,2079662162,2079663286,15970,1124
28463.699351,2079671144,2079672269,15945,1125
28463.711371,2079680135,2079681260,15851,1125
28463.723402,2079689125,2079690245,15972,1120
28463.735420,2079698115,2079699236,15944,1121
28463.747440,2079707105,2079708229,15746,1124
28463.759469,2079716115,2079717236,15962,1121
28463.771488,2079725112,2079726237,15860,1125
28463.783509,2079734123,2079735248,15849,1125
28463.795537,2079743116,2079744241,15959,1125
28463.807555,2079752114,2079753234,15947,1120
28463.819572,2079761075,2079762196,15925,1121
28463.849640,2079783459,2079784580,15974,1121
28463.861659,2079792437,2079793557,15952,1120
28463.873676,2079801385,2079802508,15928,1123
28463.888708,2079812597,2079813720,16024,1123
28463.900731,2079821577,2079822699,15918,1122
28463.912760,2079830558,2079831682,15971,1124
28463.960850,2079866457,2079867582,15967,1125
28463.972867,2079875410,2079876532,15561,1122
28463.984900,2079884403,2079885527,15958,1124
28463.996915,2079893368,2079894493,15963,1125
28464.008936,2079902330,2079903455,15924,1125
28464.084082,2079958326,2079959455,16017,1129
28464.096103,2079967297,2079968422,15967,1125
28464.114139,2079980753,2079981878,15931,1125
28464.126162,2079987124,2079987807,13723,683
28464.140331,2079993039,2079993665,12102,626
28464.153216,2079999243,2080000354,15682,1111
28464.165239,2080008169,2080009290,15883,1121
28464.177259,2080017107,2080018226,15918,1119
28464.192288,2080028275,2080029398,15941,1123
28464.204309,2080037227,2080038350,15769,1123
28464.216328,2080046196,2080047317,15518,1121
28464.240379,2080064111,2080065233,15970,1122
28464.252405,2080073077,2080074199,15602,1122
28464.264426,2080082040,2080083161,16031,1121
28464.321532,2080124574,2080125698,15964,1124
28464.333553,2080133503,2080134625,15704,1122
28464.345580,2080142459,2080143580,15945,1121
28464.357604,2080151416,2080152540,15953,1124
28464.369619,2080160357,2080161480,15629,1123
28464.384652,2080171553,2080172678,16042,1125
28464.423723,2080200669,2080201787,15549,1118
28464.435752,2080209635,2080210760,15953,1125
28464.447772,2080218602,2080219726,15962,1124
28464.459791,2080227535,2080228657,15630,1122
28464.471824,2080236518,2080237642,15955,1124
28464.489854,2080249937,2080251059,15939,1122
28464.501875,2080258899,2080260023,15854,1124
28464.531929,2080281306,2080282425,15629,1119
28464.543958,2080290264,2080291389,15946,1125
28464.555981,2080299226,2080300350,15953,1124
28464.567997,2080308166,2080309287,15630,1121
28464.580030,2080317147,2080318271,15880,1124
28464.592047,2080326107,2080327232,15968,1125
28464.604068,2080335236,2080336357,15742,1121
28464.616095,2080344195,2080345316,15948,1121
28464.628115,2080353153,2080354274,15958,1121
28464.641641,2080361786,2080362905,15894,1119
28464.653664,2080370786,2080371911,15923,1125
28464.668693,2080382007,2080383128,15963,1121
28464.680712,2080390930,2080392052,15592,1122
28464.701760,2080406579,2080407704,15902,1125
28464.713778,2080415534,2080416655,15921,1121
28464.725797,2080424461,2080425583,15551,1122
28464.737826,2080433411,2080434535,15904,1124
28464.752854,2080444610,2080445739,15853,1129
28464.764877,2080453603,2080454724,15955,1121
28464.797942,2080478201,2080479323,15713,1122
28464.809965,2080487170,2080488291,15943,1121
28464.837015,2080507310,2080508435,15951,1125
28464.849036,2080516278,2080517402,15859,1124
28464.873083,2080534191,2080535313,15952,1122
28464.885105,2080543186,2080544307,15935,1121
28464.900138,2080554350,2080555475,16077,1125
28464.912155,2080563318,2080564443,15876,1125
28464.924175,2080572255,2080573375,15555,1120
28464.936206,2080581210,2080582309,15807,1099
28464.957243,2080596886,2080598009,15931,1123
28464.969260,2080605835,2080606956,15632,1121
28464.984293,2080617038,2080618163,15973,1125
28464.996319,2080625973,2080627095,15676,1122
28465.011344,2080637195,2080638319,15966,1124
28465.023363,2080646132,2080647250,15555,1118
28465.035392,2080655093,2080656217,15901,1124
28465.047413,2080664066,2080665188,15770,1122
28465.059432,2080673012,2080674130,15597,1118
28465.071463,2080681970,2080683096,15863,1126
28465.083481,2080690930,2080692052,15958,1122
28465.101518,2080704351,2080705475,15947,1124
28465.113534,2080713291,2080714412,15629,1121
28465.137584,2080731229,2080732353,15962,1124
28465.149606,2080740176,2080741301,15833,1125
28465.167638,2080753605,2080754728,15637,1123
28465.179667,2080762567,2080763689,15954,1122
28465.191687,2080771523,2080772648,16049,1125
28465.203706,2080780464,2080781586,15710,1122
28465.215739,2080789466,2080790591,15962,1125
28465.227756,2080798431,2080799552,15971,1121
28465.239775,2080807372,2080808493,15632,1121
28465.251809,2080816364,2080817454,15725,1090
28465.263824,2080825321,2080826442,15872,1121
28465.275846,2080834275,2080835396,15829,1121
28465.287872,2080843233,2080844357,15863,1124
28465.299896,2080852221,2080853346,15952,1125
28465.311911,2080861170,2080862292,15631,1122
28465.323941,2080870128,2080871252,15953,1124
28465.335961,2080879096,2080880220,15969,1124
28465.347983,2080888081,2080889205,15827,1124
28465.360010,2080897043,2080898165,15905,1122
28465.372030,2080906016,2080907140,15967,1124
28465.384049,2080914980,2080916103,15637,1123
28465.396081,2080923976,2080925100,15876,1124
28465.408099,2080932945,2080934069,15970,1124
28465.420118,2080941901,2080943020,15632,1119
28465.432147,2080950852,2080951977,15956,1125
28465.444167,2080959819,2080960941,15859,1122
28465.456187,2080968780,2080969898,15679,1118
28465.477233,2080984439,2080985564,15953,1125
28465.489255,2080993418,2080994540,16002,1122
28465.505284,2081006844,2081007966,15967,1122
28465.517313,2081015786,2081016905,15702,1119
28465.540352,2081031463,2081032585,16024,1122
28465.552374,2081040454,2081041578,15929,1124
28465.564392,2081049389,2081050508,15711,1119
28465.585438,2081065065,2081066187,16028,1122
28465.597462,2081074032,2081075156,15951,1124
28465.612489,2081085237,2081086358,15963,1121
28465.624510,2081094203,2081095324,15964,1121
28465.636529,2081103141,2081104262,15551,1121
28465.648563,2081112131,2081113226,15800,1095
28465.660579,2081121063,2081122188,15879,1125
28465.672598,2081130001,2081131115,15631,1114
28465.684627,2081138944,2081140066,15947,1122
28465.696650,2081147909,2081149030,15951,1121
28465.729713,2081172512,2081173637,15947,1125
28465.741733,2081181477,2081182601,15852,1124
28465.768784,2081201626,2081202751,15965,1125
28465.780803,2081210559,2081211682,15632,1123
28465.795839,2081221770,2081222895,15951,1125
28465.807858,2081230735,2081231859,15827,1124
28465.819884,2081239702,2081240826,15939,1124
28465.837918,2081253144,2081254269,15945,1125
28465.849940,2081262133,2081263257,15940,1124
28465.864970,2081273316,2081274440,16031,1124
28465.876991,2081282287,2081283408,15972,1121
28465.889017,2081291229,2081292345,15709,1116
28465.901038,2081300187,2081301309,16028,1122
28465.913059,2081309151,2081310275,15882,1124
28465.937107,2081327054,2081328174,15945,1120
28465.949129,2081336042,2081337167,15933,1125
28465.961147,2081344967,2081346088,15629,1121
28465.973175,2081353932,2081355055,15946,1123
28465.985196,2081362888,2081364012,15968,1124
28465.997215,2081371823,2081372944,15708,1121
28466.009244,2081380781,2081381903,16023,1122
28466.024266,2081391972,2081393095,15628,1123
28466.036296,2081400937,2081402062,15948,1125
28466.048317,2081409935,2081411059,15936,1124
28466.108433,2081454676,2081455801,15942,1125
28466.120453,2081463648,2081464773,15962,1125
28466.132472,2081472586,2081473709,15625,1123
28466.208622,2081530799,2081531925,16045,1126
28466.228659,2081544226,2081545351,15968,1125
28466.240681,2081553207,2081554332,15831,1125
28466.312815,2081606935,2081608058,15631,1123
28466.324847,2081615894,2081616992,15801,1098
28466.336865,2081624832,2081625957,15852,1125
28466.348884,2081633801,2081634924,15600,1123
28466.360913,2081642762,2081643884,15859,1122
28466.375935,2081653953,2081655076,15551,1123
28466.387967,2081662920,2081664044,15904,1124
28466.399985,2081671891,2081673015,15880,1124
28466.418019,2081685321,2081686443,15959,1122
28466.436054,2081698761,2081699886,15855,1125
28466.448073,2081707746,2081708869,15515,1123
28466.460101,2081716721,2081717846,15858,1125
28466.472122,2081725687,2081726811,15879,1124
28466.493158,2081741336,2081742459,15627,1123
28466.505187,2081750294,2081751416,15950,1122
28466.529227,2081768181,2081769304,15631,1123
28466.541260,2081777172,2081778298,15958,1126
28466.580328,2081806279,2081807404,15972,1125
28466.592347,2081815221,2081816344,15628,1123
28466.631427,2081844321,2081845447,16030,1126
28466.643452,2081853336,2081854458,15934,1122
28466.655467,2081862273,2081863393,15631,1120
28466.667496,2081871233,2081872358,15948,1125
28466.679517,2081880198,2081881322,15969,1124
28466.691538,2081889153,2081890277,15832,1124
28466.709570,2081902585,2081903708,15627,1123
28466.721599,2081911550,2081912669,15864,1119
28466.739638,2081924999,2081926124,15944,1125
28466.751654,2081933965,2081935089,15966,1124
28466.763673,2081942902,2081944025,15552,1123
28466.775702,2081951856,2081952982,15947,1126
28466.796740,2081967539,2081968663,15967,1124
28466.808759,2081976515,2081977638,15598,1123
28466.841827,2082001171,2082002293,16016,1122
28466.853846,2082010156,2082011277,15550,1121
28466.889913,2082037008,2082038129,15631,1121
28466.901942,2082045962,2082047087,15856,1125
28466.919976,2082059393,2082060519,15945,1126
28466.931997,2082068351,2082069476,15860,1125
28466.944016,2082077322,2082078444,15677,1122
28466.956045,2082086288,2082087414,16028,1126
28466.974079,2082099724,2082100848,15943,1124
28466.986102,2082108698,2082109824,15954,1126
28467.037203,2082146748,2082147872,15964,1124
28467.049220,2082155714,2082156838,15962,1124
28467.152917,2082233232,2082234354,15966,1122
28467.164936,2082242172,2082243291,15708,1119
28467.258119,2082311618,2082312740,15947,1122
28467.270142,2082320825,2082321950,15929,1125
28467.363314,2082390270,2082391389,15630,1119
28467.375342,2082399234,2082400360,15940,1126
28467.387364,2082408229,2082409352,15930,1123
28467.399381,2082417172,2082418294,15627,1122
28467.411411,2082426142,2082427275,15943,1133
28467.423430,2082435135,2082436261,15865,1126
28467.435450,2082444082,2082445209,15634,1127
28467.465513,2082466498,2082467624,15946,1126
28467.477534,2082475486,2082476611,15858,1125
28467.495569,2082488953,2082490075,16046,1122
28467.507587,2082497898,2082499021,15547,1123
28467.519616,2082506854,2082507979,15949,1125
28467.531640,2082515818,2082516940,15955,1122
28467.543656,2082524764,2082525887,15631,1123
28467.555687,2082533721,2082534826,15718,1105
28467.567706,2082542676,2082543801,15962,1125
28467.588742,2082558370,2082559499,15595,1129
28467.600770,2082567336,2082568462,15945,1126
28467.633828,2082591957,2082593079,15630,1122
28467.645856,2082600915,2082602040,15947,1125
28467.660879,2082612086,2082613209,15635,1123
28467.672909,2082621052,2082622178,15963,1126
28467.684930,2082630064,2082631190,15933,1126
28467.696948,2082639010,2082640129,15628,1119
28467.720996,2082656947,2082658071,15949,1124
28467.733016,2082665907,2082667030,15590,1123
28467.745045,2082674869,2082675991,15942,1122
28467.769083,2082692769,2082693891,15628,1122
28467.781118,2082701759,2082702892,15900,1133
28467.796136,2082712974,2082714097,15628,1123
28467.808165,2082721929,2082723058,15898,1129
28467.820186,2082730916,2082732040,15882,1124
28467.832205,2082739860,2082740982,15635,1122
28467.844238,2082748848,2082749973,15873,1125
28467.865271,2082764535,2082765660,15962,1125
28467.877293,2082773502,2082774628,15828,1126
28467.892323,2082784736,2082785858,15959,1122
28467.904342,2082793679,2082794800,15630,1121
28467.916371,2082802658,2082803782,15949,1124
28467.928395,2082811668,2082812794,15954,1126
28467.952439,2082829551,2082830673,15946,1122
28467.964462,2082838543,2082839668,15935,1125
28467.976485,2082847521,2082848653,15863,1132
28467.988508,2082856510,2082857636,15951,1126
28468.003531,2082867715,2082868836,15705,1121
28468.021573,2082881151,2082882274,15710,1123
28468.033593,2082890142,2082891267,15946,1125
28468.045614,2082899143,2082900273,15924,1130
28468.084685,2082928302,2082929425,15595,1123
28468.096714,2082937283,2082938409,15943,1126
28468.117752,2082952983,2082954107,16049,1124
28468.129772,2082961944,2082963066,15628,1122
28468.141800,2082970910,2082972032,15946,1122
28468.153821,2082979892,2082981013,15961,1121
28468.195904,2083011300,2083012422,15960,1122
28468.207923,2083020286,2083021411,15965,1125
28468.219950,2083029235,2083030356,15674,1121
28468.231971,2083038225,2083039350,15943,1125
28468.243992,2083047195,2083048321,16044,1126
28468.256011,2083056383,2083057510,15625,1127
28468.268040,2083065349,2083066471,15954,1122
28468.280061,2083074356,2083075481,15935,1125
28468.292079,2083083296,2083084419,15628,1123
28468.304109,2083092272,2083093393,16034,1121
28468.331161,2083112448,2083113574,15963,1126
28468.346182,2083123650,2083124770,15703,1120
28468.361211,2083134879,2083136007,15882,1128
28468.424337,2083181970,2083183094,15957,1124
28468.436354,2083190904,2083192024,15702,1120
28468.496473,2083235800,2083236922,16015,1122
28468.508491,2083244747,2083245867,15628,1120
28468.523522,2083255989,2083257117,15883,1128
28468.535543,2083264940,2083266063,15631,1123
28468.547572,2083273933,2083275059,15864,1126
28468.565606,2083287431,2083288564,15946,1133
28468.577628,2083296439,2083297565,15937,1126
28468.640745,2083343522,2083344647,15954,1125
28468.652765,2083352479,2083353597,15624,1118
28468.709880,2083395116,2083396238,15949,1122
28468.724902,2083406313,2083407442,15620,1129
28468.736933,2083415315,2083416438,16051,1123
28468.776005,2083444526,2083445648,15932,1122
28468.788022,2083453472,2083454595,15626,1123
28468.800052,2083462462,2083463588,15952,1126
28468.812072,2083471443,2083472565,15962,1122
28468.824091,2083480378,2083481498,15626,1120
28468.836122,2083489347,2083490452,15806,1105
28468.848141,2083498310,2083499439,15961,1129
28468.860160,2083507279,2083508402,15626,1123
28468.872193,2083516280,2083517412,15964,1132
28468.884209,2083525262,2083526384,15967,1122
28468.905244,2083540911,2083542031,15625,1120
28468.917278,2083549869,2083551002,15997,1133
28468.929294,2083558855,2083559980,15952,1125
28468.941316,2083567850,2083568977,15641,1127
28468.959347,2083581306,2083582428,15622,1122
28468.971382,2083590311,2083591435,15952,1124
28468.983398,2083599286,2083600408,15963,1122
28468.995420,2083608240,2083609367,15585,1127
28469.061549,2083657628,2083658754,15960,1126
28469.073568,2083666659,2083667791,15880,1132
28469.136688,2083713758,2083714878,15951,1120
28469.148708,2083722724,2083723844,15703,1120
28469.163741,2083733939,2083735069,15925,1130
28469.175760,2083742931,2083744061,15597,1130
28469.187789,2083751914,2083753041,16037,1127
28469.199809,2083760906,2083762028,16042,1122
28469.211836,2083769848,2083770970,15785,1122
28469.223858,2083778826,2083779956,15955,1130
28469.235878,2083787824,2083788946,16008,1122
28469.253913,2083801312,2083802438,15971,1126
28469.265934,2083810344,2083811470,15849,1126
28469.277961,2083819327,2083820457,15953,1130
28469.289981,2083828309,2083829435,16024,1126
28469.302000,2083837269,2083838392,15623,1123
28469.320034,2083850736,2083851862,15627,1126
28469.332066,2083859730,2083860825,15811,1095
28469.344082,2083868665,2083869791,15854,1126
28469.356103,2083877651,2083878778,15628,1127
28469.374137,2083891157,2083892277,15586,1120
28469.386166,2083900144,2083901268,15949,1124
28469.449286,2083947274,2083948404,15948,1130
28469.461307,2083956251,2083957376,15853,1125
28469.491355,2083978729,2083979852,15582,1123
28469.503391,2083987725,2083988854,15966,1129
28469.521425,2084001236,2084002368,15956,1132
28469.533443,2084010251,2084011380,15952,1129
28469.545458,2084019233,2084020353,15585,1120
28469.557494,2084028226,2084029358,15961,1132
28469.596563,2084057512,2084058641,15949,1129
28469.608591,2084066537,2084067664,15691,1127
28469.696764,2084134009,2084135132,15587,1123
28469.752857,2084174436,2084175564,15628,1128
28469.764891,2084183490,2084184622,15972,1132
28469.800955,2084210469,2084211599,16029,1130
28469.812978,2084219446,2084220572,16032,1126
28469.834012,2084235149,2084236279,15626,1130
28469.846041,2084244163,2084245295,15947,1132
28469.897132,2084282366,2084283493,15630,1127
28469.909164,2084291351,2084292476,15991,1125
28469.921180,2084300342,2084301472,15948,1130
28469.960255,2084329598,2084330724,15824,1126
28469.978286,2084343083,2084344206,15623,1123
28469.988327,2084352076,2084353209,15945,1133
28470.011353,2084367806,2084368935,15896,1129
28470.023375,2084376802,2084377932,15753,1130
28470.035402,2084385802,2084386932,15959,1130
28470.047420,2084394806,2084395936,15950,1130
28470.059443,2084403796,2084404919,15838,1123
28470.071469,2084412795,2084413924,15950,1129
28470.083489,2084421809,2084422939,15949,1130
28470.095511,2084430781,2084431912,15648,1131
28470.107542,2084439803,2084440933,15999,1130
28470.119557,2084448823,2084449952,15950,1129
28470.131580,2084457825,2084458952,15627,1127
28470.143609,2084466844,2084467970,15970,1126
28470.164646,2084482607,2084483736,15931,1129
28470.176663,2084491611,2084492738,15592,1127
28470.228776,2084532178,2084533307,15589,1129
28470.281866,2084570524,2084571653,15953,1129
28470.293886,2084579516,2084580643,15627,1127
28470.311921,2084593002,2084594129,15625,1127
28470.323949,2084602013,2084603139,15946,1126
28470.335969,2084611038,2084612167,15949,1129
28470.372037,2084638105,2084639234,15942,1129
28470.384058,2084647084,2084648206,15630,1122
28470.396088,2084656063,2084657189,15966,1126
28470.408109,2084665067,2084666189,15847,1122
28470.420125,2084674030,2084675156,15624,1126
28470.432157,2084683007,2084684136,15923,1129
28470.444174,2084692013,2084693146,15946,1133
28470.456198,2084701027,2084702153,15829,1126
28470.468224,2084710043,2084711150,15864,1107
28470.480243,2084719026,2084720155,16030,1129
28470.492263,2084728025,2084729152,15628,1127
28470.504297,2084737039,2084738169,16010,1130
28470.516312,2084746056,2084747184,15948,1128
28470.544374,2084768551,2084769678,15704,1127
28470.567414,2084784354,2084785483,15967,1129
28470.580945,2084794726,2084795856,15996,1130
28470.592958,2084803772,2084804902,15832,1130
28470.604987,2084812825,2084813959,15826,1134
28470.620010,2084824142,2084825271,15829,1129
28470.638046,2084837717,2084838847,15842,1130
28470.650072,2084846723,2084847851,15631,1128
28470.728217,2084905293,2084906426,15970,1133
28470.740235,2084914304,2084915431,15590,1127
28470.752268,2084923311,2084924436,15974,1125
28470.773300,2084939053,2084940180,15931,1127
28470.785323,2084948050,2084949176,15701,1126
28470.827406,2084979641,2084980771,16027,1130
28470.839424,2084988669,2084989796,15667,1127
28470.851458,2084997701,2084998831,16038,1130
28470.863474,2085006722,2085007852,15967,1130
28470.881508,2085020219,2085021353,16036,1134
28470.893527,2085029227,2085030358,15624,1131
28470.908561,2085040536,2085041668,15930,1132
28470.920578,2085049525,2085050651,15543,1126
28470.935611,2085060792,2085061924,15962,1132
28470.947637,2085069805,2085070935,15680,1130
28470.965664,2085083309,2085084436,15623,1127
28470.980695,2085094565,2085095694,15940,1129
28470.992715,2085103638,2085104765,15626,1127
28471.004748,2085112685,2085113815,15958,1130
28471.016765,2085121700,2085122830,15960,1130
28471.028784,2085130693,2085131820,15621,1127
28471.040813,2085139718,2085140850,15955,1132
28471.052837,2085148733,2085149864,15953,1131
28471.067866,2085160037,2085161144,15800,1107
28471.079886,2085169065,2085170195,15845,1130
28471.091904,2085178070,2085179197,15550,1127
28471.103937,2085187116,2085188246,15963,1130
28471.124971,2085202890,2085204024,16044,1134
28471.136990,2085211875,2085213002,15636,1127
28471.149022,2085220899,2085222029,16001,1130
28471.161040,2085229919,2085231049,15964,1130
28471.176071,2085241177,2085242306,16039,1129
28471.188091,2085250205,2085251337,16044,1132
28471.206126,2085263965,2085265098,15844,1133
28471.218144,2085272966,2085274094,15544,1128
28471.236178,2085286472,2085287599,15619,1127
28471.248211,2085295489,2085296621,15997,1132
28471.260227,2085304501,2085305630,15831,1129
28471.272250,2085313525,2085314655,15738,1130
28471.284278,2085322542,2085323642,15805,1100
28471.296297,2085331539,2085332671,15753,1132
28471.308315,2085340569,2085341700,15590,1131
28471.323348,2085351847,2085352976,15968,1129
28471.335367,2085360828,2085361948,15625,1120
28471.347400,2085369814,2085370946,15911,1132
28471.359415,2085378838,2085379967,15857,1129
28471.371436,2085387818,2085388946,15630,1128
28471.383467,2085396827,2085397926,15729,1099
28471.395487,2085405827,2085406952,15853,1125
28471.407504,2085414838,2085415969,15512,1131
28471.428553,2085430631,2085431735,15805,1104
28471.440572,2085439623,2085440753,15978,1130
28471.452590,2085448651,2085449778,15672,1127
28471.467623,2085459935,2085461061,15973,1126
28471.479641,2085468934,2085470061,15621,1127
28471.491671,2085477950,2085479080,15956,1130
28471.509705,2085491497,2085492629,15952,1132
28471.521726,2085500521,2085501651,15882,1130
28471.536759,2085511807,2085512915,15811,1108
28471.548779,2085520796,2085521926,15866,1130
28471.563808,2085532050,2085533179,15953,1129
28471.575828,2085541064,2085542193,15961,1129
28471.587850,2085550081,2085551213,15734,1132
28471.599880,2085559120,2085560252,16013,1132
28471.611895,2085568164,2085569294,16033,1130
28471.623915,2085577168,2085578298,15627,1130
28471.635945,2085586190,2085587320,15864,1130
28471.653979,2085599707,2085600836,15952,1129
28471.666000,2085608731,2085609860,15963,1129
28471.681033,2085619981,2085621093,15813,1112
28471.693051,2085628974,2085630104,15760,1130
28471.708083,2085640255,2085641387,15955,1132
28471.720097,2085649247,2085650381,15785,1134
28471.732122,2085658248,2085659375,15632,1127
28471.744154,2085667270,2085668400,16000,1130
28471.756171,2085676284,2085677414,15959,1130
28471.768190,2085685277,2085686408,15625,1131
28471.780220,2085694287,2085695419,15952,1132
28471.792240,2085703308,2085704438,15844,1130
28471.804259,2085712348,2085713468,15591,1120
28471.816288,2085721349,2085722482,15953,1133
28471.828309,2085730368,2085731498,15970,1130
28471.840335,2085739373,2085740499,15682,1126
28471.879408,2085768663,2085769796,15864,1133
28471.891429,2085777696,2085778828,15766,1132
28471.903447,2085786714,2085787845,15510,1131
28471.915477,2085795736,2085796866,15951,1130
28471.927499,2085804786,2085805916,15939,1130
28471.939524,2085813785,2085814912,15674,1127
28471.951548,2085822793,2085823906,15810,1113
28471.969582,2085836303,2085837417,15805,1114
28471.981600,2085845306,2085846440,15920,1134
28471.996635,2085856592,2085857724,15880,1132
28472.008651,2085865622,2085866752,15964,1130
28472.020670,2085874608,2085875736,15629,1128
28472.032700,2085883628,2085884758,15952,1130
28472.104837,2085937731,2085938861,15950,1130
28472.116857,2085946751,2085947882,15964,1131
28472.128876,2085955755,2085956886,15625,1131
28472.140908,2085964773,2085965906,15913,1133
28472.210030,2086016611,2086017741,15705,1130
28472.222062,2086025630,2086026762,15992,1132
28472.240097,2086039155,2086040285,15999,1130
28472.252114,2086048179,2086049311,15969,1132
28472.264133,2086057190,2086058317,15621,1127
28472.285180,2086072971,2086074100,16030,1129
28472.297201,2086082012,2086083144,15937,1132
28472.333269,2086109045,2086110176,15970,1131
28472.345288,2086118079,2086119207,15598,1128
28472.393389,2086154152,2086155282,16049,1130
28472.405406,2086163175,2086164305,16045,1130
28472.417425,2086172170,2086173300,15634,1130
28472.429454,2086181203,2086182333,15956,1130
28472.441478,2086190236,2086191369,15950,1133
28472.519626,2086248848,2086249978,16028,1130
28472.531646,2086257865,2086258995,15971,1130
28472.549680,2086271387,2086272515,15962,1128
28472.561699,2086280381,2086281511,15627,1130
28472.636852,2086336725,2086337855,15998,1130
28472.648870,2086345977,2086347109,15850,1132
28472.693956,2086379805,2086380939,15935,1134
28472.705973,2086388829,2086389956,15597,1127
28472.742042,2086415854,2086416986,15702,1132
28472.754071,2086424866,2086425999,15952,1133
28472.820195,2086474488,2086475621,15962,1133
28472.832221,2086483493,2086484620,15630,1127
28472.844243,2086492514,2086493647,15907,1133
28472.856265,2086501778,2086502910,15936,1132
28472.868282,2086510780,2086511907,15630,1127
28472.880311,2086519784,2086520914,15863,1130
28472.904351,2086537832,2086538960,15624,1128
28472.916381,2086546847,2086547977,15954,1130
28472.952449,2086573882,2086575012,15862,1130
28472.964469,2086582913,2086584042,15876,1129
28472.985508,2086598681,2086599814,15828,1133
28472.997534,2086607701,2086608833,15862,1132
28473.009556,2086616757,2086617887,15933,1130
28473.048626,2086646004,2086647135,15632,1131
28473.060654,2086655027,2086656157,15951,1130
28473.165848,2086733938,2086735068,15699,1130
28473.177877,2086742964,2086744094,15957,1130
28473.192900,2086754250,2086755380,15594,1130
28473.253018,2086799371,2086800504,15963,1133
28473.272332,2086809205,2086809833,11964,628
28473.287586,2086814627,2086815448,12909,821
28473.299610,2086823276,2086824399,15953,1123
28473.311630,2086832253,2086833378,15970,1125
28473.323648,2086841266,2086842389,15520,1123
28473.335682,2086850295,2086851428,15959,1133
28473.347698,2086859319,2086860448,15965,1129
28473.359717,2086868322,2086869452,15635,1130
28473.377759,2086881849,2086882978,15718,1129
28473.389780,2086890870,2086892000,15955,1130
28473.401801,2086899893,2086901023,15964,1130
28473.416832,2086911182,2086912311,15952,1129
28473.428852,2086920202,2086921334,15770,1132
28473.464921,2086947279,2086948411,15961,1132
28473.476947,2086956268,2086957399,15634,1131
28473.510007,2086981094,2086982224,15970,1130
28473.522026,2086990127,2086991253,15519,1126
28473.546075,2087008190,2087009324,15881,1134
28473.558094,2087017194,2087018320,15551,1126
28473.588157,2087039713,2087040842,15903,1129
28473.600178,2087048736,2087049868,15882,1132
28473.612197,2087057742,2087058870,15631,1128
28473.636248,2087075805,2087076936,15849,1131
28473.648266,2087084800,2087085927,15550,1127
28473.660294,2087093815,2087094948,15946,1133
28473.672315,2087102835,2087103965,15886,1130
28473.684334,2087111837,2087112965,15632,1128
28473.696363,2087120865,2087121995,16032,1130
28473.708384,2087129892,2087131023,16007,1131
28473.720403,2087138912,2087140040,15675,1128
28473.732436,2087147961,2087149090,16039,1129
28473.744452,2087156975,2087158106,16043,1131
28473.756471,2087165976,2087167107,15627,1131
28473.768500,2087175003,2087176133,16034,1130
28473.782029,2087183814,2087184934,15939,1120
28473.809078,2087204068,2087205198,15948,1130
28473.824108,2087215338,2087216465,15786,1127
28473.836129,2087224354,2087225484,16028,1130
28473.848150,2087233367,2087234496,15965,1129
28473.860169,2087242365,2087243491,15634,1126
28473.872202,2087251415,2087252545,15965,1130
28473.884219,2087260464,2087261594,15932,1130
28473.896237,2087269489,2087270619,15624,1130
28473.908266,2087278503,2087279633,15951,1130
28473.920287,2087287520,2087288649,15966,1129
28473.932306,2087296515,2087297642,15631,1127
28473.956355,2087314565,2087315699,15963,1134
28473.968374,2087323574,2087324702,15633,1128
28473.989421,2087339378,2087340508,15944,1130
28474.001443,2087348426,2087349558,15933,1132
28474.019475,2087361946,2087363075,15961,1129
28474.031495,2087370960,2087372090,15634,1130
28474.043526,2087379975,2087381108,15952,1133
28474.061557,2087393498,2087394632,15942,1134
28474.073578,2087402537,2087403667,15860,1130
28474.091613,2087416084,2087417214,15965,1130
28474.103633,2087425099,2087426229,15591,1130
28474.115661,2087434125,2087435254,15857,1129
28474.127684,2087443152,2087444286,15905,1134
28474.139700,2087452165,2087453296,15629,1131
28474.151733,2087461218,2087462349,15957,1131
28474.163750,2087470248,2087471378,15968,1130
28474.175771,2087479273,2087480407,15738,1134
28474.187797,2087488303,2087489433,15860,1130
28474.199818,2087497335,2087498466,16046,1131
28474.223869,2087515372,2087516502,16074,1130
28474.235887,2087524396,2087525526,15964,1130
28474.247906,2087533410,2087534539,15632,1129
28474.259937,2087542440,2087543549,15805,1109
28474.271956,2087551436,2087552566,15942,1130
28474.283975,2087560462,2087561592,15603,1130
28474.296006,2087569494,2087570607,15882,1113
28474.308025,2087578533,2087579663,16016,1130
28474.320051,2087587537,2087588664,15743,1127
28474.332072,2087596551,2087597679,15952,1128
28474.344093,2087605565,2087606695,15961,1130
28474.356112,2087614574,2087615700,15632,1126
28474.368140,2087623610,2087624739,15944,1129
28474.380162,2087632662,2087633792,15931,1130
28474.392180,2087641672,2087642800,15631,1128
28474.413226,2087657461,2087658591,15943,1130
28474.425250,2087666492,2087667624,15953,1132
28474.440277,2087677791,2087678921,15938,1130
28474.452299,2087686809,2087687939,15920,1130
28474.476351,2087704890,2087706020,15957,1130
28474.488367,2087713911,2087715041,15879,1130
28474.500386,2087722911,2087724042,15552,1131
28474.512415,2087731948,2087733078,15944,1130
28474.524439,2087740971,2087742102,15955,1131
28474.539467,2087752259,2087753389,15943,1130
28474.552496,2087763550,2087764681,15823,1131
28474.569523,2087774860,2087775990,15852,1130
28474.581541,2087783884,2087785011,15678,1127
28474.593569,2087792909,2087794039,16030,1130
28474.629638,2087819963,2087821097,15948,1134
28474.641660,2087829020,2087830151,15934,1131
28474.653678,2087838025,2087839155,15632,1130
28474.665706,2087847057,2087848187,15945,1130
28474.707780,2087878637,2087879768,15628,1131
28474.719813,2087887679,2087888812,15997,1133
28474.731830,2087896707,2087897839,15961,1132
28474.743849,2087905712,2087906840,15628,1128
28474.755878,2087914729,2087915859,15947,1130
28474.767899,2087923755,2087924886,15810,1131
28474.779918,2087932790,2087933918,15597,1128
28474.791946,2087941813,2087942943,15947,1130
28474.858070,2087991418,2087992552,15962,1134
28474.870092,2088000452,2088001583,15828,1131
28474.885122,2088011751,2088012884,15963,1133
28474.897141,2088020756,2088021885,15632,1129
28474.912173,2088032044,2088033178,16048,1134
28474.924192,2088041075,2088042203,15630,1128
28474.936221,2088050099,2088051229,16025,1130
28474.948243,2088059155,2088060288,15938,1133
28474.960260,2088068168,2088069296,15628,1128
28474.972294,2088077215,2088078345,15966,1130
28474.984311,2088086242,2088087372,16047,1130
28475.023381,2088115564,2088116694,15631,1130
28475.035410,2088124575,2088125706,15941,1131
28475.047430,2088133608,2088134737,15964,1129
28475.059449,2088142616,2088143746,15629,1130
28475.071482,2088151659,2088152789,15961,1130
28475.083499,2088160680,2088161810,15965,1130
28475.095516,2088169699,2088170827,15548,1128
28475.107548,2088178730,2088179860,15871,1130
28475.119571,2088187758,2088188889,15935,1131
28475.131586,2088196923,2088198049,15630,1126
28475.143615,2088205947,2088207080,15948,1133
28475.155634,2088214976,2088216107,15953,1131
28475.167657,2088224001,2088225132,15838,1131
28475.179684,2088233027,2088234157,15946,1130
28475.191705,2088242061,2088243191,15963,1130
28475.224770,2088266880,2088268013,15947,1133
28475.236790,2088275906,2088277039,15875,1133
28475.248809,2088284903,2088286031,15635,1128
28475.260839,2088293916,2088295047,15945,1131
28475.272860,2088302964,2088304093,15938,1129
28475.284878,2088311978,2088313110,15630,1132
28475.296909,2088321014,2088322144,15951,1130
28475.320947,2088339072,2088340202,15632,1130
28475.332976,2088348104,2088349235,15865,1131
28475.369048,2088375182,2088376311,15965,1129
28475.381063,2088384202,2088385330,15950,1128
28475.396096,2088395466,2088396596,15946,1130
28475.408119,2088404524,2088405659,15864,1135
28475.426149,2088418066,2088419198,15944,1132
28475.438169,2088427067,2088428195,15547,1128
28475.453202,2088438363,2088439496,15883,1133
28475.465224,2088447403,2088448536,15798,1133
28475.498287,2088472251,2088473382,15961,1131
28475.528341,2088494833,2088495961,15629,1128
28475.540371,2088503867,2088504998,15956,1131
28475.573427,2088528704,2088529832,15599,1128
28475.585456,2088537725,2088538855,16029,1130
28475.600481,2088549012,2088550141,15841,1129
28475.615513,2088560295,2088561427,15947,1132
28475.636547,2088576055,2088577183,15550,1128
28475.648576,2088585069,2088586204,15860,1135
28475.663601,2088596367,2088597490,15829,1123
28475.675629,2088605390,2088606521,15960,1131
28475.687646,2088614418,2088615551,15947,1133
28475.699667,2088623423,2088624551,15626,1128
28475.711700,2088632445,2088633579,16072,1134
28475.723715,2088641489,2088642623,15957,1134
28475.735735,2088650502,2088651630,15631,1128
28475.748765,2088661790,2088662920,15875,1130
28475.768804,2088675349,2088676479,15936,1130
28475.780821,2088684365,2088685491,15548,1126
28475.796862,2088697898,2088699026,15628,1128
28475.813891,2088709187,2088710313,15956,1126
28475.825907,2088718222,2088719350,15674,1128
28475.886025,2088763402,2088764531,15966,1129
28475.898044,2088772419,2088773547,15625,1128
28475.913079,2088783708,2088784836,15952,1128
28475.925096,2088792723,2088793851,15706,1128
28475.937124,2088801749,2088802883,15949,1134
28475.952147,2088813065,2088814193,15592,1128
28475.964179,2088822115,2088823248,16033,1133
28475.976194,2088831147,2088832278,16025,1131
28475.988215,2088840154,2088841285,15626,1131
28476.000245,2088849176,2088850309,15943,1133
28476.012266,2088858210,2088859341,15934,1131
28476.024285,2088867232,2088868360,15635,1128
28476.036314,2088876257,2088877388,15963,1131
28476.048332,2088885284,2088886414,15939,1130
28476.129488,2088946178,2088947307,15962,1129
28476.141507,2088955183,2088956311,15624,1128
28476.231679,2089022908,2089024038,15626,1130
28476.243708,2089031943,2089033073,15948,1130
28476.255728,2089040981,2089042112,15855,1131
28476.267747,2089050020,2089051151,15518,1131
28476.279776,2089059047,2089060177,15865,1130
28476.291795,2089068081,2089069211,15953,1130
28476.303823,2089077090,2089078222,15711,1132
28476.340893,2089106427,2089107559,15948,1132
28476.364947,2089124496,2089125623,15596,1127
28476.445086,2089183144,2089184274,15942,1130
28476.457110,2089192194,2089193324,15844,1130
28476.481157,2089210248,2089211379,15963,1131
28476.493176,2089219246,2089220374,15636,1128
28476.550290,2089262092,2089263223,15948,1131
28476.568325,2089275715,2089276849,15942,1134
28476.580345,2089284748,2089285881,15964,1133
28476.595378,2089296021,2089297152,15966,1131
28476.607398,2089305043,2089306173,15930,1130
28476.619416,2089314038,2089315166,15631,1128
28476.637450,2089327570,2089328698,15630,1128
28476.649479,2089336604,2089337737,15856,1133
28476.664502,2089347900,2089349031,15592,1131
28476.676531,2089356932,2089358066,15952,1134
28476.709591,2089381738,2089382869,15649,1131
28476.721618,2089390768,2089391899,15968,1131
28476.733637,2089399800,2089400931,15962,1131
28476.745656,2089408812,2089409939,15629,1127
28476.757690,2089417874,2089419005,15967,1131
28476.769707,2089426933,2089428066,15932,1133
28476.808776,2089456238,2089457365,15705,1127
28476.820805,2089465258,2089466389,16031,1131
28476.877910,2089508179,2089509312,15944,1133
28476.889930,2089517195,2089518327,15629,1132
28476.904966,2089528484,2089529615,15951,1131
28476.916984,2089537514,2089538649,15741,1135
28476.932012,2089548816,2089549950,15939,1134
28476.956067,2089566886,2089568017,16019,1131
28476.968083,2089575926,2089577057,16049,1131
28476.980103,2089584966,2089586093,15521,1127
28476.992131,2089594007,2089595138,15947,1131
28477.091320,2089668472,2089669603,15955,1131
28477.103343,2089677502,2089678633,15865,1131
28477.115359,2089686500,2089687631,15632,1131
28477.127389,2089695533,2089696668,15962,1135
28477.139410,2089704599,2089705730,15934,1131
28477.151430,2089713623,2089714754,15842,1131
28477.163458,2089722649,2089723779,15963,1130
28477.175476,2089731721,2089732855,16030,1134
28477.187495,2089740748,2089741880,15623,1132
28477.199529,2089749792,2089750923,16083,1131
28477.211544,2089758825,2089759956,15961,1131
28477.223565,2089767830,2089768962,15626,1132
28477.235596,2089776857,2089777957,15800,1100
28477.247614,2089785863,2089786994,15851,1131
28477.259634,2089794900,2089796031,15679,1131
28477.271662,2089803927,2089805062,16029,1135
28477.283683,2089812951,2089814082,15963,1131
28477.295710,2089821951,2089823080,15714,1129
28477.319752,2089840000,2089841131,15967,1131
28477.331771,2089849027,2089850154,15602,1127
28477.343802,2089858048,2089859159,15721,1111
28477.355821,2089867086,2089868219,15932,1133
28477.367839,2089876099,2089877231,15551,1132
28477.379871,2089885168,2089886301,15951,1133
28477.391887,2089894203,2089895333,15946,1130
28477.403908,2089903205,2089904337,15551,1132
28477.415939,2089912452,2089913583,15967,1131
28477.427956,2089921485,2089922618,15952,1133
28477.439977,2089930504,2089931632,15702,1128
28477.452011,2089939552,2089940659,15734,1107
28477.464024,2089948552,2089949684,15946,1132
28477.476045,2089957572,2089958700,15550,1128
28477.488074,2089966602,2089967733,15949,1131
28477.500095,2089975619,2089976750,15843,1131
28477.512112,2089984615,2089985741,15622,1126
28477.524145,2089993653,2089994784,15948,1131
28477.537173,2090004937,2090006065,15625,1128
28477.578247,2090034300,2090035432,15963,1132
28477.590267,2090043353,2090044484,15953,1131
28477.641366,2090081713,2090082844,15944,1131
28477.653388,2090090776,2090091907,15936,1131
28477.695471,2090122375,2090123503,15992,1128
28477.707487,2090131397,2090132528,15953,1131
28477.719508,2090140415,2090141545,15628,1130
28477.744567,2090160744,2090161879,15818,1135
28477.785643,2090190123,2090191254,16033,1131
28477.797663,2090199184,2090200318,15937,1134
28477.815694,2090212734,2090213865,15948,1131
28477.848765,2090237569,2090238703,15964,1134
28477.860781,2090246602,2090247733,15964,1131
28477.896850,2090273690,2090274821,15929,1131
28477.908868,2090282692,2090283824,15548,1132
28477.920899,2090291724,2090292833,15805,1109
28477.932918,2090300737,2090301870,15959,1133
28477.953954,2090316551,2090317678,15596,1127
28477.965984,2090325569,2090326700,15957,1131
28477.993037,2090345861,2090346992,15991,1131
28478.009570,2090358714,2090359849,15986,1135
28478.021585,2090367779,2090368914,15839,1135
28478.033614,2090376850,2090377980,15905,1130
28478.045639,2090385918,2090387048,15993,1130
28478.062162,2090398622,2090399752,15833,1130
28478.074194,2090407706,2090408841,15979,1135
28478.089220,2090419058,2090420189,15900,1131
28478.101244,2090428125,2090429256,15859,1131
28478.168374,2090480181,2090481313,15622,1132
28478.185398,2090491480,2090492613,15957,1133
28478.200429,2090502773,2090503904,16030,1131
28478.212451,2090511846,2090512975,15850,1129
28478.257534,2090545738,2090546869,15958,1131
28478.269554,2090554770,2090555898,15588,1128
28478.281586,2090563798,2090564930,15950,1132
28478.377760,2090635990,2090637117,15627,1127
28478.389792,2090645021,2090646152,15995,1131
28478.407824,2090658554,2090659688,16032,1134
28478.419845,2090667627,2090668762,16020,1135
28478.431863,2090676666,2090677795,15670,1129
28478.443895,2090685726,2090686857,15961,1131
28478.455910,2090694756,2090695887,15948,1131
28478.476949,2090710531,2090711660,15628,1129
28478.488981,2090719563,2090720698,15998,1135
28478.537067,2090755688,2090756819,15838,1131
28478.549086,2090764734,2090765866,15589,1132
28478.597184,2090800838,2090801969,15955,1131
28478.612206,2090812113,2090813244,15622,1131
28478.624236,2090821160,2090822290,15877,1130
28478.636256,2090830191,2090831322,15855,1131
28478.663306,2090850550,2090851681,15960,1131
28478.675326,2090859559,2090860690,15632,1131
28478.687358,2090868593,2090869726,15997,1133
28478.699375,2090877620,2090878751,15876,1131
28478.711395,2090886640,2090887766,15630,1126
28478.723424,2090895674,2090896809,15866,1135
28478.735444,2090904725,2090905858,15863,1133
28478.747463,2090913772,2090914903,15592,1131
28478.759492,2090922799,2090923934,16034,1135
28478.771512,2090931835,2090932966,16048,1131
28478.783539,2090940842,2090941971,15784,1129
28478.816599,2090965671,2090966803,16048,1132
28478.828617,2090974737,2090975868,15545,1131
28478.849663,2090990570,2090991702,15938,1132
28478.861684,2090999620,2091000750,15873,1130
28478.921801,2091044731,2091045866,15950,1135
28478.933821,2091053781,2091054916,15763,1135
28478.984924,2091092180,2091093311,16077,1131
28478.996941,2091101208,2091102342,15967,1134
28479.017977,2091116986,2091118118,15700,1132
28479.030012,2091126193,2091127324,15969,1131
28479.048041,2091139756,2091140887,15953,1131
28479.060061,2091148786,2091149920,16044,1134
28479.072080,2091157795,2091158924,15703,1129
28479.090115,2091171347,2091172475,15629,1128
28479.102145,2091180373,2091181506,15960,1133
28479.129196,2091200669,2091201801,15956,1132
28479.141217,2091209724,2091210859,16018,1135
28479.216355,2091266103,2091267234,15622,1131
28479.228384,2091275136,2091276267,15908,1131
28479.247918,2091290079,2091291212,15738,1133
28479.259944,2091299116,2091300246,15952,1130
28479.271964,2091308154,2091309289,15963,1135
28479.283986,2091317180,2091318311,15829,1131
28479.296013,2091326220,2091327351,16035,1131
28479.308033,2091335248,2091336382,16041,1134
28479.338086,2091357810,2091358942,15628,1132
28479.350115,2091366846,2091367978,16032,1132
28479.401206,2091405190,2091406319,15631,1129
28479.413236,2091414234,2091415369,15953,1135
28479.437275,2091432275,2091433404,15626,1129
28479.449305,2091441525,2091442657,15951,1132
28479.540476,2091511529,2091512660,15963,1131
28479.560513,2091525098,2091526229,15961,1131
28479.572532,2091534117,2091535246,15592,1129
28479.605599,2091558988,2091560119,15963,1131
28479.617618,2091568008,2091569138,15635,1130
28479.635652,2091581560,2091582691,15625,1131
28479.647683,2091590621,2091591752,15964,1131
28479.659700,2091599662,2091600792,15867,1130
28479.671721,2091608672,2091609803,15549,1131
28479.683754,2091617733,2091618864,15965,1131
28479.695770,2091626775,2091627910,15967,1135
28479.707790,2091635795,2091636929,15635,1134
28479.719819,2091644832,2091645963,15956,1131
28479.731842,2091653862,2091654993,15950,1131
28479.743858,2091662870,2091663995,15635,1125
28479.761892,2091676399,2091677532,15620,1133
28479.773923,2091685440,2091686575,15945,1135
28479.849062,2091741887,2091743019,16044,1132
28479.861081,2091750934,2091752062,15629,1128
28479.882131,2091766758,2091767893,16039,1135
28479.894148,2091775804,2091776934,16047,1130
28479.912182,2091789343,2091790474,15963,1131
28479.924209,2091798354,2091799484,15715,1130
28479.936232,2091807390,2091808504,15809,1114
28479.954264,2091820906,2091822037,15950,1131
28479.969287,2091832188,2091833317,15626,1129
28479.981322,2091841242,2091842373,15963,1131
28479.996338,2091852537,2091853666,15706,1129
28480.008367,2091861564,2091862699,15953,1135
28480.056456,2091897706,2091898837,16045,1131
28480.068476,2091906763,2091907892,15550,1129
28480.080508,2091915826,2091916958,15960,1132
28480.168674,2091983557,2091984691,15953,1134
28480.185698,2091994865,2091995994,15592,1129
28480.197727,2092003902,2092005036,15945,1134
28480.209749,2092012969,2092014099,15930,1130
28480.239802,2092035527,2092036656,15631,1129
28480.251830,2092044566,2092045697,15955,1131
28480.263851,2092053597,2092054731,15963,1134
28480.275872,2092062780,2092063911,15823,1131
28480.293904,2092076327,2092077458,15625,1131
28480.305935,2092085375,2092086505,15952,1130
28480.402109,2092157670,2092158799,15626,1129
28480.414139,2092166716,2092167851,15953,1135
28480.468242,2092207348,2092208479,15954,1131
28480.480264,2092216418,2092217553,15933,1135
28480.492281,2092225450,2092226577,15625,1127
28480.504310,2092234481,2092235611,15952,1130
28480.516331,2092243541,2092244673,15969,1132
28480.552399,2092270656,2092271791,15968,1135
28480.564418,2092279673,2092280805,15622,1132
28480.576452,2092288725,2092289854,15966,1129
28480.612516,2092315819,2092316952,15949,1133
28480.624539,2092324862,2092325993,15950,1131
28480.636556,2092333869,2092335001,15631,1132
28480.652601,2092347465,2092348601,15855,1136
28480.672627,2092361064,2092362195,15832,1131
28480.684654,2092370142,2092371276,15910,1134
28480.711706,2092390530,2092391666,15909,1136
28480.723728,2092399598,2092400733,15961,1135
28480.735744,2092408631,2092409760,15719,1129
28480.747772,2092417669,2092418799,15895,1130
28480.759794,2092426699,2092427829,15964,1130
28480.777829,2092440262,2092441395,15935,1133
28480.789847,2092449301,2092450429,15607,1128
28480.828927,2092478652,2092479783,15939,1131
28480.840948,2092487690,2092488825,15876,1135
28480.874016,2092512518,2092513653,15955,1135
28480.886038,2092521592,2092522723,15863,1131
28480.898053,2092530618,2092531747,15629,1129
28480.910084,2092539673,2092540804,15966,1131
28480.934122,2092557727,2092558859,15628,1132
28480.946151,2092566763,2092567894,15946,1131
28480.985223,2092596146,2092597281,15967,1135
28480.997244,2092605196,2092606328,15824,1132
28481.036322,2092634564,2092635698,15945,1134
28481.048343,2092643606,2092644741,15958,1135
28481.060362,2092652624,2092653753,15629,1129
28481.084411,2092670708,2092671838,15965,1130
28481.096433,2092679790,2092680921,15823,1131
28481.136511,2092711414,2092712549,15964,1135
28481.240705,2092788162,2092789291,15703,1129
28481.252733,2092797187,2092798317,16028,1130
28481.291806,2092826568,2092827699,15961,1131
28481.303825,2092835619,2092836748,15629,1129
28481.315857,2092844657,2092845792,16001,1135
28481.327874,2092853704,2092854835,15963,1131
28481.339893,2092862727,2092863860,15634,1133
28481.351923,2092871758,2092872892,15949,1134
28481.363943,2092880798,2092881928,15854,1130
28481.375963,2092889830,2092890957,15521,1127
28481.397008,2092905623,2092906754,15949,1131
28481.409028,2092914656,2092915788,15965,1132
28481.457116,2092950748,2092951877,15627,1129
28481.469149,2092959811,2092960943,15966,1132
28481.496197,2092980119,2092981251,15959,1132
28481.508218,2092989197,2092990326,15931,1129
28481.520236,2092998219,2092999348,15626,1129
28481.538270,2093011772,2093012901,15624,1129
28481.560327,2093029840,2093030972,15855,1132
28481.577351,2093041151,2093042283,15949,1132
28481.589371,2093050201,2093051335,16050,1134
28481.607406,2093063766,2093064898,16045,1132
28481.619425,2093072779,2093073908,15710,1129
28481.631454,2093081806,2093082938,15960,1132
28481.667527,2093108926,2093110056,15966,1130
28481.679543,2093117979,2093119110,16045,1131
28481.691562,2093126998,2093128128,15631,1130
28481.703593,2093136052,2093137186,15978,1134
28481.715615,2093145076,2093146208,15960,1132
28481.727631,2093154106,2093155235,15708,1129
28481.739662,2093163145,2093164256,15886,1111
28481.751680,2093172163,2093173297,16007,1134
28481.763702,2093181211,2093182342,15909,1131
28481.781733,2093194764,2093195892,15626,1128
28481.793763,2093203800,2093204932,15957,1132
28481.805784,2093212847,2093213981,15969,1134
28481.844857,2093242241,2093243370,15642,1129
28481.856883,2093251285,2093252416,15965,1131
28481.868905,2093260347,2093261479,15938,1132
28481.883934,2093271647,2093272783,15948,1136
28481.895954,2093280693,2093281825,15959,1132
28481.907984,2093289742,2093290871,15980,1129
28481.920003,2093298768,2093299900,16037,1132
28481.932023,2093307805,2093308939,16048,1134
28481.944042,2093316812,2093317941,15631,1129
28481.956071,2093325835,2093326969,15959,1134
28481.968093,2093334902,2093336034,15938,1132
28481.980111,2093343935,2093345064,15628,1129
28481.995144,2093355245,2093356377,16044,1132
28482.025197,2093377811,2093378936,15630,1125
28482.037226,2093386850,2093387984,15954,1134
28482.049246,2093395893,2093397023,15969,1130
28482.097334,2093432052,2093433180,15627,1128
28482.109366,2093441082,2093442213,15992,1131
28482.121385,2093450174,2093451306,15910,1132
28482.133402,2093459191,2093460324,15627,1133
28482.193520,2093504393,2093505528,15964,1135
28482.205549,2093513413,2093514542,15713,1129
28482.301723,2093585723,2093586855,15886,1132
28482.313749,2093594776,2093595907,15635,1131
28482.328778,2093606101,2093607233,15970,1132
28482.340797,2093615150,2093616278,15597,1128
28482.403925,2093662616,2093663746,15713,1130
28482.415947,2093671664,2093672796,15959,1132
28482.426472,2093677830,2093678676,14591,846
28482.436331,2093683297,2093683928,12082,631
28482.518137,2093738672,2093739804,15819,1132
28482.530164,2093747743,2093748875,15905,1132
28482.542191,2093756817,2093757948,15977,1131
28482.554204,2093765883,2093767014,15829,1131
28482.569240,2093777210,2093778345,15976,1135
28482.581256,2093786290,2093787422,15818,1132
28482.632360,2093824837,2093825971,15976,1134
28482.644376,2093833911,2093835047,15840,1136
28482.656404,2093842989,2093844125,15905,1136
28482.707499,2093881534,2093882668,15866,1134
28482.719524,2093890611,2093891745,15820,1134
28482.731552,2093899706,2093900838,15987,1132
28482.743567,2093908775,2093909909,15826,1134
28482.755594,2093917848,2093918982,15906,1134
28482.767619,2093926920,2093928051,15990,1131
28482.827732,2093972283,2093973419,15907,1136
28482.839756,2093981362,2093982493,16001,1131
28482.851770,2093990440,2093991576,15816,1136
28482.863800,2093999519,2094000655,15821,1136
28482.881834,2094013116,2094014248,15898,1132
28482.893859,2094022176,2094023308,15986,1132
28482.905874,2094031250,2094032382,15830,1132
28482.920910,2094042583,2094043715,15989,1132
28482.932928,2094051660,2094052792,15829,1132
28482.944954,2094060720,2094061852,15819,1132
28482.956484,2094069530,2094070665,15912,1135
28482.980528,2094087669,2094088804,15838,1135
28482.992550,2094096737,2094097868,15908,1131
28483.015589,2094112596,2094113728,15973,1132
28483.027605,2094121652,2094122784,15844,1132
28483.039636,2094130728,2094131860,15823,1132
28483.051658,2094139800,2094140932,15903,1132
28483.063674,2094148878,2094150014,15764,1136
28483.075705,2094157956,2094159089,15823,1133
28483.100756,2094178355,2094179487,15909,1132
28483.132812,2094201040,2094202175,15888,1135
28483.144831,2094210118,2094211253,15951,1135
28483.168881,2094228262,2094229396,15978,1134
28483.180899,2094237343,2094238478,15873,1135
28483.192928,2094246409,2094247539,15911,1130
28483.204949,2094255482,2094256616,15977,1134
28483.216966,2094264549,2094265684,15845,1135
28483.228996,2094273617,2094274752,15968,1135
28483.241018,2094282698,2094283828,15980,1130
28483.253034,2094291764,2094292896,15848,1132
28483.277086,2094309905,2094311041,15975,1136
28483.289103,2094318984,2094320116,15843,1132
28483.310151,2094334855,2094335991,15989,1136
28483.322172,2094343926,2094345061,15982,1135
28483.340206,2094357520,2094358653,15975,1133
28483.352223,2094366597,2094367731,15849,1134
28483.364253,2094375674,2094376806,15889,1132
28483.379274,2094387010,2094388138,15820,1128
28483.412343,2094411975,2094413107,15971,1132
28483.424363,2094421056,2094422186,15873,1130
28483.436392,2094430126,2094431258,15837,1132
28483.451414,2094441452,2094442587,15872,1135
28483.463444,2094450529,2094451663,15931,1134
28483.475463,2094459597,2094460730,15986,1133
28483.487480,2094468664,2094469798,15759,1134
28483.499511,2094477745,2094478880,15903,1135
28483.512540,2094489090,2094490225,15841,1135
28483.529566,2094500442,2094501577,15976,1135
28483.541583,2094509524,2094510659,15823,1135
28483.571647,2094532230,2094533365,15914,1135
28483.583668,2094541304,2094542439,15962,1135
28483.595688,2094550390,2094551524,15869,1134
28483.607715,2094559463,2094560597,15822,1134
28483.619736,2094568536,2094569668,15962,1132
28483.631754,2094577596,2094578727,15858,1131
28483.643783,2094586671,2094587805,15818,1134
28483.655805,2094595746,2094596881,15961,1135
28483.667823,2094604828,2094605959,15866,1131
28483.679852,2094613895,2094615031,15907,1136
28483.691874,2094622973,2094624109,16049,1136
28483.703892,2094632056,2094633192,15941,1136
28483.715921,2094641134,2094642266,15844,1132
28483.727942,2094650205,2094651341,15875,1136
28483.739960,2094659282,2094660416,15773,1134
28483.751991,2094668371,2094669507,15909,1136
28483.764015,2094677455,2094678589,16000,1134
28483.776029,2094686526,2094687662,15758,1136
28483.788059,2094695607,2094696739,15885,1132
28483.800081,2094704675,2094705811,15978,1136
28483.812097,2094713769,2094714905,15925,1136
28483.824128,2094722855,2094723985,15905,1130
28483.836149,2094731929,2094733065,15979,1136
28483.854184,2094745537,2094746672,15976,1135
28483.866200,2094754611,2094755744,15824,1133
28483.884238,2094768221,2094769357,15874,1136
28483.902269,2094781832,2094782968,15843,1136
28483.921316,2094797717,2094798847,15919,1130
28483.953372,2094820394,2094821530,15975,1136
28483.965391,2094829481,2094830613,15788,1132
28484.013488,2094865755,2094866891,15904,1136
28484.025510,2094874836,2094875970,15980,1134
28484.040539,2094886186,2094887320,15905,1134
28484.052561,2094895262,2094896397,15952,1135
28484.079613,2094915673,2094916807,15979,1134
28484.091628,2094924743,2094925880,15751,1137
28484.103659,2094933829,2094934961,15909,1132
28484.115681,2094942905,2094944040,15972,1135
28484.127700,2094951989,2094953121,15843,1132
28484.139728,2094961058,2094962188,15906,1130
28484.151750,2094970142,2094971278,15980,1136
28484.163766,2094979230,2094980366,15843,1136
28484.175797,2094988301,2094989433,15910,1132
28484.187818,2094997372,2094998507,15975,1135
28484.199835,2095006454,2095007590,15843,1136
28484.211865,2095015536,2095016671,15909,1135
28484.223887,2095024623,2095025758,15975,1135
28484.235904,2095033712,2095034847,15846,1135
28484.247934,2095042798,2095043933,15909,1135
28484.259956,2095051876,2095053008,15979,1132
28484.271972,2095060956,2095062091,15759,1135
28484.284002,2095070036,2095071168,15822,1132
28484.296026,2095079111,2095080247,16000,1136
28484.308041,2095088177,2095089306,15841,1129
28484.320071,2095097256,2095098392,15910,1136
28484.332092,2095106339,2095107472,15888,1133
28484.344109,2095115415,2095116547,15848,1132
28484.356140,2095124493,2095125627,15910,1134
28484.368160,2095133588,2095134724,15962,1136
28484.380177,2095142669,2095143804,15857,1135
28484.392207,2095151748,2095152884,15908,1136
28484.404228,2095160815,2095161951,15936,1136
28484.416246,2095169886,2095171018,15861,1132
28484.428275,2095178970,2095180106,15904,1136
28484.440297,2095188050,2095189181,15892,1131
28484.452315,2095197137,2095198273,15774,1136
28484.464344,2095206222,2095207354,15909,1132
28484.545499,2095267486,2095268622,15907,1136
28484.557520,2095276567,2095277703,15934,1136
28484.569540,2095285644,2095286779,15884,1135
28484.581568,2095294767,2095295899,15907,1132
28484.647695,2095344685,2095345821,15995,1136
28484.659710,2095353757,2095354891,15760,1134
28484.671740,2095362829,2095363961,15991,1132
28484.683761,2095371903,2095373034,16058,1131
28484.695778,2095380977,2095382109,15764,1132
28484.707808,2095390056,2095391193,15821,1137
28484.725842,2095403680,2095404816,15901,1136
28484.737864,2095412762,2095413894,15904,1132
28484.755899,2095426379,2095427512,15980,1133
28484.767915,2095435466,2095436601,15846,1135
28484.779946,2095444553,2095445689,15913,1136
28484.791968,2095453631,2095454765,15985,1134
28484.803984,2095462710,2095463846,15926,1136
28484.816014,2095471789,2095472924,15986,1135
28484.858087,2095503566,2095504702,15925,1136
28484.870117,2095512654,2095513790,15916,1136
28484.885136,2095524008,2095525140,15913,1132
28484.897169,2095533080,2095534216,15910,1136
28484.909190,2095542159,2095543295,15976,1136
28484.921207,2095551231,2095552367,15850,1136
28484.936242,2095562585,2095563717,16073,1132
28484.948258,2095571666,2095572802,15932,1136
28484.960288,2095580751,2095581883,15990,1132
28484.972310,2095589830,2095590963,15981,1133
28484.993344,2095605730,2095606866,15758,1136
28485.005374,2095614815,2095615949,15820,1134
28485.017395,2095623884,2095625016,15947,1132
28485.032426,2095635222,2095636358,15906,1136
28485.071499,2095664731,2095665867,15980,1136
28485.083514,2095673812,2095674944,15829,1132
28485.095546,2095682891,2095684023,15912,1132
28485.113580,2095696510,2095697642,15905,1132
28485.125601,2095705594,2095706730,15976,1136
28485.149649,2095723752,2095724887,15908,1135
28485.161670,2095732828,2095733965,15978,1137
28485.176700,2095744191,2095745323,15990,1132
28485.188720,2095753273,2095754403,16041,1130
28485.263858,2095810023,2095811155,15860,1132
28485.275887,2095819090,2095820224,15820,1134
28485.293921,2095832723,2095833859,15899,1136
28485.305943,2095841811,2095842944,15874,1133
28485.332995,2095862245,2095863381,15975,1136
28485.345012,2095871321,2095872457,15776,1136
28485.378080,2095896294,2095897429,15963,1135
28485.390098,2095905381,2095906512,15853,1131
28485.402130,2095914521,2095915657,15988,1136
28485.450219,2095950822,2095951958,15977,1136
28485.462235,2095959907,2095961043,15847,1136
28485.483283,2095975801,2095976937,15907,1136
28485.495305,2095984888,2095986021,15974,1133
28485.513339,2095998502,2095999638,15974,1136
28485.525356,2096007587,2096008723,15760,1136
28485.585476,2096052980,2096054116,15975,1136
28485.597492,2096062058,2096063194,15842,1136
28485.609522,2096071143,2096072276,15902,1133
28485.621543,2096080234,2096081365,15915,1131
28485.633561,2096089312,2096090448,15816,1136
28485.645590,2096098395,2096099527,15903,1132
28485.672642,2096118821,2096119956,15908,1135
28485.684663,2096127909,2096129042,15963,1133
28485.696682,2096137001,2096138136,15860,1135
28485.708710,2096146082,2096147218,15920,1136
28485.720732,2096155170,2096156306,15972,1136
28485.732750,2096164249,2096165385,15861,1136
28485.780848,2096200583,2096201716,15907,1133
28485.792869,2096209662,2096210798,15961,1136
28485.804887,2096218748,2096219882,15860,1134
28485.816917,2096227849,2096228984,15904,1135
28485.828939,2096236928,2096238064,15985,1136
28485.840956,2096246015,2096247150,15845,1135
28485.852986,2096255096,2096256228,15905,1132
28485.898072,2096289149,2096290284,15909,1135
28485.910095,2096298230,2096299363,15933,1133
28485.922110,2096307306,2096308442,15757,1136
28485.934141,2096316392,2096317528,15909,1136
28485.958179,2096334544,2096335680,15841,1136
28485.970209,2096343635,2096344771,15822,1136
28485.982230,2096352714,2096353849,15972,1135
28485.997260,2096364061,2096365197,15818,1136
28486.012282,2096375422,2096376558,15845,1136
28486.024310,2096384512,2096385648,15904,1136
28486.045349,2096400409,2096401541,15958,1132
28486.057367,2096409485,2096410616,15857,1131
28486.072401,2096420836,2096421971,15963,1135
28486.108469,2096448068,2096449204,15960,1136
28486.120487,2096457166,2096458302,15857,1136
28486.144538,2096475338,2096476474,15962,1136
28486.156556,2096484406,2096485543,15772,1137
28486.213671,2096527528,2096528664,15908,1136
28486.225693,2096536655,2096537791,15977,1136
28486.264762,2096566177,2096567313,15857,1136
28486.276791,2096575256,2096576392,15824,1136
28486.291814,2096586614,2096587750,15860,1136
28486.303842,2096595697,2096596832,15904,1135
28486.316871,2096607058,2096608194,15854,1136
28486.336899,2096620683,2096621819,15856,1136
28486.348928,2096629770,2096630902,15993,1132
28486.421065,2096684258,2096685392,15986,1134
28486.433086,2096693543,2096694678,15962,1135
28486.454122,2096709438,2096710570,15859,1132
28486.469155,2096720798,2096721934,15958,1136
28486.481173,2096729881,2096731013,15859,1132
28486.526259,2096763930,2096765063,15937,1133
28486.538288,2096773015,2096774146,15990,1131
28486.583374,2096807053,2096808189,15906,1136
28486.595395,2096816127,2096817263,15960,1136
28486.607416,2096825521,2096826657,15847,1136
28486.619440,2096834561,2096835691,15704,1130
28486.631461,2096843658,2096844794,16040,1136
28486.727639,2096916125,2096917255,15640,1130
28486.739667,2096925183,2096926319,16022,1136
28486.751689,2096934257,2096935389,15968,1132
28486.763708,2096943285,2096944415,15642,1130
28486.775740,2096952365,2096953497,15864,1132
28486.787757,2096961415,2096962548,15876,1133
28486.799776,2096970453,2096971586,15563,1133
28486.817817,2096984054,2096985187,15674,1133
28486.829838,2096993109,2096994242,15937,1133
28486.841864,2097002198,2097003334,15935,1136
28486.853879,2097011259,2097012388,15637,1129
28486.920013,2097061084,2097062220,15986,1136
28486.932032,2097070153,2097071285,15968,1132
28486.944050,2097079186,2097080316,15640,1130
28486.957080,2097090509,2097091641,15961,1132
28486.986134,2097110909,2097112045,15967,1136
28486.998153,2097119959,2097121093,15640,1134
28487.025205,2097140319,2097141449,15717,1130
28487.037233,2097149369,2097150502,15945,1133
28487.058272,2097165252,2097166384,15968,1132
28487.164475,2097246796,2097247929,15864,1133
28487.241616,2097303358,2097304490,15639,1132
28487.253644,2097312428,2097313561,15938,1133
28487.268671,2097323760,2097324897,15839,1137
28487.280696,2097332833,2097333966,15937,1133
28487.368867,2097400744,2097401878,15949,1134
28487.446009,2097457332,2097458467,15961,1135
28487.458028,2097466419,2097467553,15639,1134
28487.473062,2097477782,2097478917,15934,1135
28487.485079,2097486836,2097487970,15639,1134
28487.497108,2097495891,2097497023,15896,1132
28487.575251,2097554759,2097555892,15609,1133
28487.590283,2097566085,2097567220,15877,1135
28487.623348,2097590979,2097592115,15933,1136
28487.635369,2097600048,2097601181,15964,1133
28487.653404,2097613630,2097614764,15964,1134
28487.665425,2097622731,2097623863,15839,1132
28487.684467,2097638583,2097639714,15935,1131
28487.752592,2097688373,2097689509,15963,1136
28487.764615,2097697428,2097698561,15765,1133
28487.788661,2097715562,2097716697,15959,1135
28487.800680,2097724611,2097725744,15639,1133
28487.860798,2097769898,2097771034,15867,1136
28487.872817,2097778966,2097780100,15628,1134
28487.887849,2097790305,2097791441,15962,1136
28487.911901,2097808406,2097809542,16003,1136
28487.923918,2097817475,2097818608,15965,1133
28487.935937,2097826525,2097827658,15704,1133
28487.947966,2097835586,2097836722,16036,1136
28487.959986,2097844656,2097845792,15936,1136
28487.972006,2097853712,2097854844,15598,1132
28487.984035,2097862779,2097863915,15964,1136
28487.996055,2097871847,2097872983,15978,1136
28488.008082,2097880915,2097882048,15676,1133
28488.020106,2097889980,2097891098,15811,1118
28488.032124,2097899033,2097900169,15963,1136
28488.044143,2097908079,2097909212,15634,1133
28488.056172,2097917127,2097918264,15951,1137
28488.068194,2097926206,2097927339,15848,1133
28488.080211,2097935471,2097936605,15627,1134
28488.092240,2097944529,2097945665,15866,1136
28488.104262,2097953600,2097954736,15970,1136
28488.116281,2097962663,2097963797,15523,1134
28488.128310,2097971728,2097972860,15951,1132
28488.227498,2098046438,2098047575,15952,1137
28488.239519,2098055496,2098056631,16049,1135
28488.251537,2098064569,2098065703,15596,1134
28488.263571,2098073651,2098074784,15969,1133
28488.275588,2098082727,2098083860,15960,1133
28488.287606,2098091772,2098092906,15547,1134
28488.299636,2098100831,2098101967,15957,1136
28488.311658,2098109902,2098111035,15955,1133
28488.332692,2098125742,2098126872,15624,1130
28488.344721,2098134805,2098135938,15955,1133
28488.443910,2098209519,2098210656,15950,1137
28488.455930,2098218593,2098219725,15855,1132
28488.467949,2098227652,2098228784,15597,1132
28488.479978,2098236761,2098237897,16054,1136
28488.491999,2098245832,2098246964,15967,1132
28488.504025,2098254897,2098256027,15716,1130
28488.522052,2098268478,2098269611,15624,1133
28488.534081,2098277540,2098278672,15953,1132
28488.558124,2098295654,2098296790,15912,1136
28488.570150,2098304712,2098305847,16037,1135
28488.618239,2098340939,2098342075,15964,1136
28488.630257,2098350010,2098351144,15516,1134
28488.660325,2098372679,2098373811,15963,1132
28488.675343,2098383991,2098385123,15630,1132
28488.688378,2098395351,2098396486,15845,1135
28488.760513,2098449704,2098450840,15940,1136
28488.777544,2098461030,2098462163,15957,1133
28488.789564,2098470094,2098471227,15971,1133
28488.864704,2098526714,2098527844,15669,1130
28488.876737,2098535800,2098536937,15972,1137
28488.891755,2098547128,2098548262,15699,1134
28488.903787,2098556195,2098557332,15991,1137
28488.915804,2098565271,2098566407,15969,1136
28488.927824,2098574316,2098575445,15627,1129
28488.939853,2098583364,2098584500,15948,1136
28488.951873,2098592421,2098593556,15855,1135
28488.963892,2098601484,2098602618,15601,1134
28488.975922,2098610546,2098611681,15957,1135
28488.987942,2098619624,2098620760,15962,1136
28489.085127,2098694364,2098695501,15966,1137
28489.105168,2098708010,2098709146,15958,1136
28489.117184,2098717087,2098718221,15594,1134
28489.189321,2098771454,2098772588,15629,1134
28489.201353,2098780527,2098781659,15999,1132
28489.220385,2098796377,2098797512,15961,1135
28489.255457,2098821275,2098822408,15951,1133
28489.267473,2098830344,2098831477,15966,1133
28489.279492,2098839387,2098840521,15556,1134
28489.291522,2098848454,2098849587,15956,1133
28489.303543,2098857712,2098858848,15963,1136
28489.315561,2098866775,2098867908,15593,1133
28489.327590,2098875841,2098876977,15957,1136
28489.339610,2098884910,2098886045,15963,1135
28489.360647,2098900778,2098901910,15594,1132
28489.372676,2098909830,2098910963,15949,1133
28489.405735,2098934732,2098935869,15825,1137
28489.417762,2098943807,2098944944,15954,1137
28489.480882,2098991349,2098992482,15960,1133
28489.495912,2099002677,2099003807,15792,1130
28489.521459,2099022166,2099023301,15947,1135
28489.533479,2099031245,2099032381,15967,1136
28489.545505,2099040301,2099041434,15710,1133
28489.608618,2099087885,2099089015,15592,1130
28489.620647,2099096945,2099098082,15950,1137
28489.635669,2099108256,2099109388,15542,1132
28489.707806,2099162624,2099163758,15591,1134
28489.719836,2099171894,2099173031,15949,1137
28489.731856,2099180962,2099182097,15974,1135
28489.743883,2099190000,2099191133,15707,1133
28489.755904,2099199071,2099200207,15946,1136
28489.767926,2099208141,2099209273,16052,1132
28489.779944,2099217199,2099218329,15587,1130
28489.791975,2099226251,2099227383,15804,1132
28489.810010,2099239846,2099240967,15805,1121
28489.822028,2099248902,2099250036,15963,1134
28489.885148,2099296460,2099297590,15968,1130
28489.897170,2099305530,2099306667,15828,1137
28489.912199,2099316874,2099318010,16047,1136
28489.924218,2099325976,2099327106,15625,1130
28489.936247,2099335038,2099336173,15948,1135
28489.948271,2099344111,2099345244,15957,1133
28489.969304,2099359975,2099361105,15621,1130
28489.981333,2099369032,2099370168,15950,1136
28489.996358,2099380359,2099381496,15824,1137
28490.008385,2099389430,2099390566,15953,1136
28490.020405,2099398487,2099399623,15968,1136
28490.036436,2099412083,2099413218,15958,1135
28490.053471,2099423398,2099424533,15957,1135
28490.089539,2099450563,2099451700,15947,1137
28490.101560,2099459656,2099460790,15930,1134
28490.113578,2099468689,2099469823,15629,1134
28490.125608,2099477756,2099478892,15957,1136
28490.140637,2099489062,2099490196,15784,1134
28490.152659,2099498124,2099499260,15952,1136
28490.164680,2099507195,2099508328,15965,1133
28490.176698,2099516234,2099517367,15631,1133
28490.188728,2099525292,2099526429,15948,1137
28490.240829,2099566096,2099567232,15991,1136
28490.311956,2099618194,2099619328,15629,1134
28490.323985,2099627307,2099628443,15969,1136
28490.336005,2099636380,2099637517,15961,1137
28490.348024,2099645427,2099646561,15625,1134
28490.360054,2099654494,2099655627,15863,1133
28490.372073,2099663563,2099664699,15955,1136
28490.447213,2099720193,2099721327,15627,1134
28490.462245,2099731537,2099732673,15965,1136
28490.525366,2099779134,2099780267,15963,1133
28490.537393,2099788218,2099789352,15681,1134
28490.549414,2099797289,2099798426,15954,1137
28490.561434,2099806364,2099807501,15963,1137
28490.636581,2099862987,2099864116,15717,1129
28490.648602,2099872048,2099873185,15862,1137
28490.660624,2099881136,2099882272,15848,1136
28490.732760,2099935530,2099936663,15962,1133
28490.744779,2099944682,2099945814,15706,1132
28490.765825,2099960568,2099961705,15941,1137
28490.777847,2099969652,2099970789,15933,1137
28490.792880,2099981014,2099982147,15946,1133
28490.804897,2099990082,2099991219,15964,1137
28490.837965,2100015009,2100016147,15995,1138
28490.849983,2100024083,2100025216,16044,1133
28490.862002,2100033157,2100034291,15703,1134
28490.874031,2100042219,2100043356,15958,1137
28490.886051,2100051294,2100052427,15847,1133
28490.922120,2100078480,2100079616,15876,1136
28490.934147,2100087536,2100088668,15630,1132
28490.952173,2100101155,2100102290,15593,1135
28490.964202,2100110246,2100111382,15858,1136
28490.976223,2100119312,2100120447,15962,1135
28490.988245,2100128372,2100129509,15825,1137
28491.000271,2100137438,2100138572,15956,1134
28491.015293,2100148765,2100149899,15705,1134
28491.027322,2100157820,2100158955,16036,1135
28491.039346,2100166885,2100168022,15953,1137
28491.051362,2100175937,2100177065,15627,1128
28491.063391,2100184987,2100186123,15958,1136
28491.075411,2100194061,2100195198,15970,1137
28491.087433,2100203122,2100204259,15829,1137
28491.108477,2100218974,2100220110,15948,1136
28491.120497,2100228045,2100229178,15962,1133
28491.144545,2100246147,2100247283,15953,1136
28491.156567,2100255246,2100256383,15939,1137
28491.184626,2100277926,2100279063,15904,1137
28491.240722,2100318710,2100319844,15626,1134
28491.252751,2100327766,2100328898,15860,1132
28491.288824,2100354980,2100356117,15957,1137
28491.303842,2100366297,2100367430,15625,1133
28491.351940,2100402538,2100403675,15950,1137
28491.363962,2100411644,2100412781,15945,1137
28491.375980,2100420710,2100421845,15595,1135
28491.388012,2100429792,2100430925,15969,1133
28491.400028,2100438872,2100440006,15968,1134
28491.412047,2100447921,2100449055,15545,1134
28491.424077,2100456984,2100458121,15953,1137
28491.436100,2100466049,2100467183,15952,1134
28491.448120,2100475102,2100476216,15851,1114
28491.466154,2100488662,2100489780,15853,1118
28491.478180,2100497713,2100498850,15951,1137
28491.502219,2100515861,2100516997,15626,1136
28491.514249,2100524932,2100526068,15952,1136
28491.529278,2100536304,2100537435,15597,1131
28491.541302,2100545364,2100546487,15800,1123
28491.553320,2100554397,2100555530,15878,1133
28491.571355,2100568031,2100569168,15960,1137
28491.583376,2100577101,2100578235,15825,1134
28491.595403,2100586171,2100587308,15948,1137
28491.619448,2100598645,2100599278,11969,633
28491.635984,2100605955,2100607087,15879,1132
28491.647997,2100615008,2100616144,15845,1136
28491.660023,2100624062,2100625192,15591,1130
28491.672048,2100633126,2100634262,15950,1136
28491.684072,2100642194,2100643327,15904,1133
28491.696091,2100651247,2100652366,15858,1119
28491.708117,2100660291,2100661423,15862,1132
28491.720138,2100669360,2100670493,15880,1133
28491.732159,2100678440,2100679576,15851,1136
28491.744186,2100687508,2100688645,15954,1137
28491.762220,2100701093,2100702230,15950,1137
28491.780257,2100714720,2100715857,15905,1137
28491.792275,2100723791,2100724927,15922,1136
28491.804294,2100732863,2100733997,15592,1134
28491.816323,2100741934,2100743068,15941,1134
28491.828344,2100751007,2100752144,15858,1137
28491.840363,2100760074,2100761205,15608,1131
28491.855395,2100771415,2100772552,15958,1137
28491.867414,2100780459,2100781592,15640,1133
28491.879446,2100789526,2100790659,15995,1133
28491.912503,2100814416,2100815550,15676,1134
28491.924529,2100823471,2100824607,15944,1136
28491.936551,2100832555,2100833692,15936,1137
28491.948568,2100841653,2100842793,15603,1140
28491.969615,2100857511,2100858648,16030,1137
28491.981638,2100866613,2100867750,15950,1137
28492.047757,2100916478,2100917612,15635,1134
28492.059786,2100925542,2100926679,15950,1137
28492.071806,2100934614,2100935752,15968,1138
28492.083825,2100943662,2100944790,15635,1128
28492.095856,2100952720,2100953841,15801,1121
28492.107875,2100961741,2100962874,15962,1133
28492.121401,2100970670,2100971803,15897,1133
28492.133420,2100979722,2100980851,15633,1129
28492.148452,2100991049,2100992186,15963,1137
28492.160471,2101000103,2101001237,15640,1134
28492.172500,2101009165,2101010302,15947,1137
28492.184523,2101018265,2101019404,15892,1139
28492.217586,2101043208,2101044345,15948,1137
28492.229609,2101052289,2101053422,15948,1133
28492.241626,2101061348,2101062482,15553,1134
28492.253654,2101070414,2101071551,15940,1137
28492.268677,2101081727,2101082861,15635,1134
28492.280710,2101090819,2101091953,15966,1134
28492.296740,2101104422,2101105555,15946,1133
28492.319778,2101120280,2101121417,15962,1137
28492.331800,2101129341,2101130451,15775,1110
28492.343826,2101138378,2101139515,15946,1137
28492.355847,2101147446,2101148583,15964,1137
28492.367866,2101156498,2101157634,15634,1136
28492.379898,2101165602,2101166735,16040,1133
28492.391916,2101174892,2101176029,15932,1137
28492.403934,2101183948,2101185078,15633,1130
28492.415963,2101193008,2101194143,15952,1135
28492.427986,2101202080,2101203215,15954,1135
28492.440003,2101211131,2101212265,15636,1134
28492.452032,2101220195,2101221331,15947,1136
28492.464052,2101229255,2101230392,15963,1137
28492.476074,2101238322,2101239459,15829,1137
28492.488104,2101247418,2101248550,15879,1132
28492.500121,2101256489,2101257623,15966,1134
28492.512140,2101265534,2101266665,15711,1131
28492.524171,2101274591,2101275729,15907,1138
28492.536189,2101283665,2101284796,15958,1131
28492.578275,2101315391,2101316527,15961,1136
28492.591798,2101325784,2101326921,15946,1137
28492.603818,2101334853,2101335987,15963,1134
28492.615837,2101343902,2101345029,15552,1127
28492.627870,2101352983,2101354120,15874,1137
28492.639887,2101362060,2101363197,15962,1137
28492.651905,2101371119,2101372252,15630,1133
28492.663935,2101380194,2101381326,15950,1132
28492.675959,2101389259,2101390396,15960,1137
28492.687980,2101398353,2101399467,15859,1114
28492.700003,2101407402,2101408533,15945,1131
28492.712024,2101416467,2101417600,15972,1133
28492.724046,2101425527,2101426664,15841,1137
28492.736072,2101434606,2101435743,15949,1137
28492.748093,2101443672,2101444809,15969,1137
28492.760111,2101452718,2101453852,15634,1134
28492.772143,2101461784,2101462922,15997,1138
28492.784161,2101470859,2101471997,16052,1138
28492.796180,2101479930,2101481064,15634,1134
28492.808209,2101489007,2101490141,15948,1134
28492.820229,2101498083,2101499220,15767,1137
28492.832249,2101507156,2101508289,15606,1133
28492.844277,2101516218,2101517351,15860,1133
28492.856298,2101525308,2101526444,15873,1136
28492.868325,2101534362,2101535493,15636,1131
28492.880347,2101543423,2101544560,15942,1137
28492.901384,2101559316,2101560453,15875,1137
28492.913406,2101568384,2101569503,15857,1119
28492.937452,2101586529,2101587666,15876,1137
28492.949472,2101595578,2101596710,15632,1132
28492.991554,2101627293,2101628425,16032,1132
28493.003578,2101636568,2101637701,15825,1133
28493.015603,2101645643,2101646773,15854,1130
28493.027626,2101654725,2101655858,15938,1133
28493.039642,2101663797,2101664927,15518,1130
28493.051672,2101672870,2101674006,15857,1136
28493.063693,2101681945,2101683082,15963,1137
28493.075711,2101691012,2101692145,15551,1133
28493.087740,2101700072,2101701209,15859,1137
28493.099762,2101709139,2101710270,15969,1131
28493.111786,2101718206,2101719325,15856,1119
28493.123813,2101727269,2101728402,15874,1133
28493.135830,2101736344,2101737481,15876,1137
28493.147848,2101745398,2101746532,15635,1134
28493.165891,2101758994,2101760127,15705,1133
28493.177913,2101768048,2101769183,15939,1135
28493.195946,2101781654,2101782790,16025,1136
28493.207968,2101790758,2101791891,15845,1133
28493.219988,2101799827,2101800961,15825,1134
28493.232015,2101808907,2101810042,15942,1135
28493.244035,2101817977,2101819110,15961,1133
28493.256054,2101827035,2101828170,15625,1135
28493.268086,2101836097,2101837234,16069,1137
28493.280104,2101845179,2101846311,16050,1132
28493.292123,2101854232,2101855363,15630,1131
28493.304154,2101863300,2101864418,15799,1118
28493.316173,2101872330,2101873466,15858,1136
28493.328192,2101881397,2101882531,15598,1134
28493.340221,2101890464,2101891600,15942,1136
28493.352241,2101899526,2101900663,16042,1137
28493.364268,2101908580,2101909715,15710,1135
28493.376290,2101917642,2101918779,15961,1137
28493.388309,2101926715,2101927851,15947,1136
28493.400329,2101935774,2101936910,15631,1136
28493.415362,2101947153,2101948289,15859,1136
28493.427380,2101956229,2101957363,15673,1134
28493.439410,2101965304,2101966441,15864,1137
28493.451430,2101974378,2101975511,15966,1133
28493.463456,2101983430,2101984565,15786,1135
28493.475480,2101992510,2101993633,15792,1123
28493.487499,2102001547,2102002684,16046,1137
28493.499521,2102010605,2102011725,15860,1120
28493.511548,2102019649,2102020766,15800,1117
28493.523569,2102028689,2102029826,16014,1137
28493.556633,2102053647,2102054784,15950,1137
28493.568656,2102062714,2102063850,15952,1136
28493.607723,2102092203,2102093336,15632,1133
28493.619757,2102101297,2102102434,15942,1137
28493.631773,2102110377,2102111512,16048,1135
28493.643791,2102119437,2102120567,15634,1130
28493.655823,2102128504,2102129631,15720,1127
28493.667844,2102137567,2102138704,15862,1137
28493.679860,2102146631,2102147766,15635,1135
28493.691889,2102155702,2102156839,15946,1137
28493.703910,2102164774,2102165911,15964,1137
28493.736975,2102189734,2102190871,15941,1137
28493.748994,2102198809,2102199945,15859,1136
28493.785064,2102226013,2102227150,16046,1137
28493.797087,2102235074,2102236188,15772,1114
28493.812116,2102246392,2102247525,15852,1133
28493.824134,2102255476,2102256609,15517,1133
28493.836164,2102264537,2102265674,15941,1137
28493.848184,2102273636,2102274767,15876,1131
28493.860211,2102282688,2102283824,15790,1136
28493.872233,2102291769,2102292906,16045,1137
28493.884252,2102300845,2102301982,16027,1137
28493.896272,2102309907,2102311042,15630,1135
28493.908301,2102318973,2102320110,15942,1137
28493.920323,2102328058,2102329190,15847,1132
28493.941358,2102343925,2102345060,15629,1135
28493.953387,2102353002,2102354138,15941,1136
28493.992457,2102382467,2102383603,15954,1136
28494.004476,2102391527,2102392662,15706,1135
28494.016511,2102400610,2102401747,15941,1137
28494.028529,2102409716,2102410854,15932,1138
28494.043558,2102421049,2102422185,15937,1136
28494.055579,2102430124,2102431259,15881,1135
28494.067598,2102439180,2102440310,15631,1130
28494.079627,2102448248,2102449388,15856,1140
28494.091649,2102457335,2102458468,15932,1133
28494.103666,2102466387,2102467522,15634,1135
28494.121701,2102480009,2102481139,15599,1130
28494.133730,2102489064,2102490198,15946,1134
28494.145749,2102498130,2102499266,15873,1136
28494.157779,2102507216,2102508351,15716,1135
28494.172802,2102518560,2102519696,15960,1136
28494.220889,2102554789,2102555923,15598,1134
28494.232918,2102563880,2102565013,15860,1133
28494.253956,2102579744,2102580881,16049,1137
28494.265975,2102588804,2102589939,15705,1135
28494.350141,2102652255,2102653387,16026,1132
28494.362166,2102661321,2102662454,15955,1133
28494.377193,2102672655,2102673792,15875,1137
28494.389212,2102681728,2102682860,15951,1132
28494.401232,2102690785,2102691920,15628,1135
28494.428283,2102711200,2102712334,15632,1134
28494.440313,2102720282,2102721418,15899,1136
28494.461354,2102736145,2102737282,15950,1137
28494.473369,2102745190,2102746323,15629,1133
28494.563541,2102813146,2102814279,15628,1133
28494.575572,2102822206,2102823328,15795,1122
28494.587591,2102831234,2102832373,15966,1139
28494.599609,2102840293,2102841423,15636,1130
28494.620658,2102856177,2102857297,15871,1120
28494.632676,2102865202,2102866341,15968,1139
28494.648707,2102878855,2102879992,15941,1137
28494.671747,2102894742,2102895873,15630,1131
28494.683776,2102903828,2102904964,15854,1136
28494.695797,2102912904,2102914042,15969,1138
28494.707819,2102921974,2102923109,15838,1135
28494.725852,2102935582,2102936700,15851,1118
28494.737879,2102944631,2102945768,15939,1137
28494.776951,2102974107,2102975240,15964,1133
28494.788970,2102983161,2102984296,15634,1135
28494.800998,2102992233,2102993370,15937,1137
28494.840074,2103021702,2103022836,15954,1134
28494.852100,2103030802,2103031936,15908,1134
28494.864119,2103039880,2103041011,15861,1131
28494.876140,2103048950,2103050086,15880,1136
28494.888158,2103058009,2103059144,15629,1135
28494.900187,2103067083,2103068219,15941,1136
28494.912209,2103076177,2103077314,15929,1137
28494.930242,2103089786,2103090922,16043,1136
28494.942261,2103098852,2103099986,15709,1134
28494.984346,2103130610,2103131742,16047,1132
28494.996364,2103139698,2103140833,15666,1135
28495.011398,2103151052,2103152189,15928,1137
28495.029431,2103164652,2103165788,15966,1136
28495.041453,2103173713,2103174829,15859,1116
28495.053482,2103182779,2103183914,15904,1135
28495.080530,2103203194,2103204326,15857,1132
28495.092549,2103212275,2103213412,15952,1137
28495.143652,2103250825,2103251961,15963,1136
28495.155674,2103259906,2103261052,15862,1146
28495.167690,2103268975,2103270108,15587,1133
28495.179721,2103278041,2103279162,15723,1121
28495.191740,2103287078,2103288214,15877,1136
28495.203761,2103296141,2103297279,15844,1138
28495.248852,2103330114,2103331249,15719,1135
28495.260876,2103339201,2103340338,16063,1137
28495.287929,2103359611,2103360745,16038,1134
28495.299946,2103368710,2103369847,15851,1137
28495.311963,2103377803,2103378944,15596,1141
28495.323998,2103386870,2103387992,15830,1122
28495.336017,2103395915,2103397051,15955,1136
28495.348040,2103404975,2103406109,15791,1134
28495.360062,2103414047,2103415181,16032,1134
28495.372085,2103423093,2103424230,16037,1137
28495.384105,2103432133,2103433271,15615,1138
28495.396133,2103441198,2103442331,15980,1133
28495.408153,2103450287,2103451426,15941,1139
28495.426186,2103463893,2103465026,15968,1133
28495.438208,2103472930,2103474060,15565,1130
28495.462254,2103491068,2103492206,15966,1138
28495.474275,2103500130,2103501260,15713,1130
28495.495319,2103516034,2103517171,15942,1137
28495.507341,2103525140,2103526277,15933,1137
28495.519361,2103534205,2103535347,15632,1142
28495.531388,2103543300,2103544437,15947,1137
28495.543407,2103552377,2103553514,15962,1137
28495.561441,2103565986,2103567124,15947,1138
28495.573461,2103575049,2103576184,15631,1135
28495.591500,2103588634,2103589769,15644,1135
28495.603526,2103597703,2103598825,15797,1122
28495.615535,2103606725,2103607860,15678,1135
28495.633583,2103620311,2103621448,15948,1137
28495.645606,2103629398,2103630533,15596,1135
28495.669640,2103647578,2103648709,15706,1131
28495.681667,2103656677,2103657813,15625,1136
28495.720748,2103686122,2103687259,16023,1137
28495.732759,2103695189,2103696323,15682,1134
28495.747804,2103706494,2103707631,15989,1137
28495.759813,2103715757,2103716892,15600,1135
28495.771843,2103724786,2103725921,15559,1135
28495.783872,2103733841,2103734979,15902,1138
28495.795888,2103742898,2103744036,15763,1138
28495.807903,2103752006,2103753140,15520,1134
28495.819940,2103761060,2103762197,15984,1137
28495.831946,2103770120,2103771255,15765,1135
28495.843987,2103779185,2103780321,15710,1136
28495.856008,2103788245,2103789382,15979,1137
28495.868016,2103797306,2103798441,15683,1135
28495.880048,2103806469,2103807599,15823,1130
28495.892075,2103815544,2103816682,15962,1138
28495.904085,2103824609,2103825740,15680,1131
28495.916117,2103833639,2103834770,15631,1131
28495.928145,2103842691,2103843828,16061,1137
28495.940152,2103851729,2103852864,15757,1135
28495.952185,2103860770,2103861905,15638,1135
28495.964214,2103869813,2103870950,15980,1137
28495.976222,2103878869,2103880000,15675,1131
28495.988254,2103887904,2103889039,15634,1135
28496.000283,2103896976,2103898113,15977,1137
28496.012294,2103906058,2103907192,15713,1134
28496.024323,2103915115,2103916250,15640,1135
28496.036351,2103924165,2103925302,15896,1137
28496.051374,2103935468,2103936603,15636,1135
28496.072417,2103951343,2103952480,15945,1137
28496.084432,2103960396,2103961531,15713,1135
28496.096455,2103969499,2103970635,15808,1136
28496.135542,2103998897,2104000030,16004,1133
28496.147548,2104007959,2104009094,15683,1135
28496.159581,2104017030,2104018165,15644,1135
28496.171608,2104026082,2104027219,15986,1137
28496.183615,2104035120,2104036255,15603,1135
28496.195643,2104044166,2104045287,15656,1121
28496.207677,2104053195,2104054333,15983,1138
28496.228701,2104069012,2104070146,15677,1134
28496.240741,2104078047,2104079178,15661,1131
28496.256776,2104091623,2104092758,15623,1135
28496.285813,2104112018,2104113149,15559,1131
28496.297852,2104121133,2104122279,15973,1146
28496.360969,2104168694,2104169839,15987,1145
28496.372977,2104177781,2104178916,15682,1135
28496.461158,2104245850,2104246980,15709,1130
28496.490206,2104266239,2104267374,15715,1135
28496.565352,2104322894,2104324025,15636,1131
28496.577380,2104331944,2104333080,15979,1136
28496.637495,2104377206,2104378342,15704,1136
28496.649519,2104386250,2104387384,15998,1134
28496.661527,2104395312,2104396445,15699,1133
28496.679558,2104408858,2104409991,15756,1133
28496.691587,2104417926,2104419045,15659,1119
28496.703622,2104427009,2104428142,15926,1133
28496.715626,2104436066,2104437208,15680,1142
28496.727660,2104445155,2104446294,15557,1139
28496.739689,2104454207,2104455345,15967,1138
28496.751695,2104463262,2104464393,15686,1131
28496.763722,2104472310,2104473446,15563,1136
28496.775759,2104481394,2104482531,15908,1137
28496.787776,2104490440,2104491577,15611,1137
28496.799791,2104499542,2104500675,15560,1133
28496.811826,2104508595,2104509728,15981,1133
28496.823834,2104517650,2104518786,15680,1136
28496.844883,2104533469,2104534583,15824,1114
28496.856913,2104542505,2104543627,15829,1122
28496.883963,2104562835,2104563972,15982,1137
28496.901998,2104576457,2104577602,15980,1145
28496.914012,2104585759,2104586894,15714,1135
28496.932038,2104599368,2104600503,15755,1135
28496.968107,2104626537,2104627680,15678,1143
28496.980140,2104635618,2104636739,15905,1121
28496.995159,2104646936,2104648070,15684,1134
28497.010205,2104658266,2104659402,16081,1136
28497.022212,2104667352,2104668482,15703,1130
28497.097363,2104724031,2104725166,15652,1135
28497.109391,2104733110,2104734255,16004,1145
28497.200565,2104803447,2104804580,15677,1133
28497.304758,2104880577,2104881712,15717,1135
28497.316786,2104889648,2104890789,16054,1141
28497.331816,2104901137,2104902272,15705,1135
28497.343837,2104910210,2104911355,15983,1145
28497.355844,2104919292,2104920431,15676,1139
28497.367878,2104928377,2104929512,15636,1135
28497.385907,2104941964,2104943102,15888,1138
28497.397941,2104951045,2104952182,16060,1137
28497.421982,2104969224,2104970362,15641,1138
28497.434009,2104978330,2104979471,16034,1141
28497.512152,2105037181,2105038318,15653,1137
28497.524179,2105046232,2105047368,15967,1136
28497.537708,2105056673,2105057811,15994,1138
28497.549715,2105065779,2105066914,15699,1135
28497.609843,2105111144,2105112281,15991,1137
28497.621852,2105120212,2105121347,15685,1135
28497.633879,2105129283,2105130421,15808,1138
28497.709033,2105185876,2105187014,15991,1138
28497.721044,2105194960,2105196099,15754,1139
28497.733067,2105204046,2105205187,15806,1141
28497.748090,2105215600,2105216741,15678,1141
28497.760124,2105224677,2105225812,15642,1135
28497.772152,2105233732,2105234869,15975,1137
28497.784164,2105242796,2105243931,15716,1135
28497.796193,2105251826,2105252963,15636,1137
28497.841279,2105285824,2105286963,15642,1139
28497.853307,2105294928,2105296064,15980,1136
28497.889376,2105322129,2105323264,15981,1135
28497.901384,2105331213,2105332347,15700,1134
28497.931444,2105353905,2105355043,15820,1138
28497.943475,2105363067,2105364212,15859,1145
28497.955488,2105372157,2105373300,15679,1143
28497.967518,2105381214,2105382349,15571,1135
28497.979546,2105390292,2105391431,15887,1139
28497.997580,2105403878,2105405020,15998,1142
28498.009587,2105412957,2105414092,15639,1135
28498.024631,2105424278,2105425412,15966,1134
28498.036640,2105433330,2105434469,15605,1139
28498.057689,2105449211,2105450350,15626,1139
28498.069717,2105458290,2105459431,15960,1141
28498.081724,2105467382,2105468520,15676,1138
28498.093758,2105476438,2105477565,15808,1127
28498.120810,2105496813,2105497948,15638,1135
28498.132841,2105505896,2105507033,16008,1137
28498.147858,2105517390,2105518529,15599,1139
28498.159890,2105526472,2105527617,16080,1145
28498.171897,2105535579,2105536713,15754,1134
28498.183930,2105544659,2105545798,15620,1139
28498.195958,2105553725,2105554864,15966,1139
28498.269096,2105610501,2105611635,15711,1134
28498.340233,2105662690,2105663835,16026,1145
28498.352241,2105671847,2105672990,15677,1143
28498.364273,2105680898,2105682036,15569,1138
28498.376299,2105690009,2105691150,15941,1141
28498.472484,2105762753,2105763892,15706,1139
28498.484503,2105771854,2105772991,15930,1137
28498.535599,2105810537,2105811680,15651,1143
28498.547627,2105819656,2105820794,15974,1138
28498.559633,2105828733,2105829867,15594,1134
28498.571673,2105837826,2105838958,15824,1132
28498.583695,2105846920,2105848063,15999,1143
28498.637795,2105887889,2105889027,15961,1138
28498.649805,2105896971,2105898115,15602,1144
28498.680868,2105921973,2105923111,15973,1138
28498.748993,2105971923,2105973057,15676,1134
28498.761025,2105981122,2105982258,15799,1136
28498.785062,2105999274,2106000413,15680,1139
28498.797096,2106008392,2106009531,15635,1139
28498.884251,2106074271,2106075406,15753,1135
28498.920327,2106101555,2106102694,15648,1139
28498.932353,2106110637,2106111775,15570,1138
28498.944380,2106119733,2106120877,15963,1144
28498.956388,2106128841,2106129980,15607,1139
28498.968428,2106137946,2106139076,15625,1130
28498.983441,2106149263,2106150394,15598,1131
28498.995473,2106158339,2106159479,15539,1140
28499.007501,2106167440,2106168585,15976,1145
28499.019515,2106176540,2106177679,15716,1139
28499.031542,2106185670,2106186810,15712,1140
28499.043572,2106194763,2106195887,15852,1124
28499.055576,2106203828,2106204966,15682,1138
28499.067617,2106212905,2106214044,15684,1139
28499.079639,2106222015,2106223157,15986,1142
28499.100662,2106237953,2106239095,15678,1142
28499.112696,2106247011,2106248153,15613,1142
28499.145748,2106272096,2106273239,15677,1143
28499.157782,2106281194,2106282328,15836,1134
28499.181817,2106299410,2106300553,15682,1143
28499.193851,2106308536,2106309676,15635,1140
28499.217893,2106326742,2106327881,15641,1139
28499.229919,2106335862,2106337004,15642,1142
28499.241948,2106344985,2106346126,15983,1141
28499.253954,2106354101,2106355242,15759,1141
28499.268998,2106365443,2106366581,15958,1138
28499.320086,2106404075,2106405215,15811,1140
28499.332119,2106413193,2106414338,15976,1145
28499.344126,2106422289,2106423427,15687,1138
28499.356160,2106431402,2106432544,15635,1142
28499.368188,2106440519,2106441660,15978,1141
28499.380200,2106449691,2106450834,15728,1143
28499.425282,2106483828,2106484966,15678,1138
28499.437314,2106492934,2106494077,15639,1143
28499.500434,2106540742,2106541882,15647,1140
28499.512461,2106549866,2106551006,15964,1140
28499.527485,2106561243,2106562385,15654,1142
28499.539512,2106570367,2106571512,15881,1145
28499.551520,2106579463,2106580606,15644,1143
28499.563559,2106588563,2106589702,15623,1139
28499.575582,2106597728,2106598870,15894,1142
28499.587588,2106606838,2106607981,15680,1143
28499.599622,2106615943,2106617085,15654,1142
28499.611649,2106625043,2106626189,15879,1146
28499.623658,2106634151,2106635290,15597,1139
28499.635691,2106643240,2106644379,15571,1139
28499.744892,2106727415,2106728561,15957,1146
28499.776948,2106750181,2106751319,15682,1138
28499.788982,2106759368,2106760510,15568,1142
28499.849086,2106804960,2106806098,15680,1138
28499.861126,2106814079,2106815220,15702,1141
28499.885154,2106832298,2106833436,15679,1138
28499.897187,2106842892,2106844038,15822,1146
28499.909216,2106852022,2106853167,15950,1145
28499.921224,2106861151,2106862294,15648,1143
28499.963319,2106893005,2106894150,15956,1145
28499.975326,2106902110,2106903249,15605,1139
28499.987360,2106911354,2106912496,15727,1142
28499.999387,2106920453,2106921599,15997,1146
28500.011402,2106929560,2106930704,15638,1144
28500.023428,2106938679,2106939822,15640,1143
28500.035456,2106947777,2106948923,15980,1146
28500.047463,2106956873,2106958016,15681,1143
28500.065497,2106970513,2106971656,15671,1143
28500.077531,2106979631,2106980775,15636,1144
28500.167703,2107047960,2107049099,15638,1139
28500.179731,2107057073,2107058215,15979,1142
28500.191752,2107066210,2107067350,15861,1140
28500.203771,2107075307,2107076445,15639,1138
28500.215803,2107084431,2107085571,15993,1140
28500.227806,2107093530,2107094673,15673,1143
28500.239840,2107102641,2107103783,15558,1142
28500.251870,2107111740,2107112863,15827,1123
28500.263875,2107120824,2107121967,15679,1143
28500.275908,2107129921,2107131042,15830,1121
28500.287936,2107139017,2107140163,15889,1146
28500.299944,2107148131,2107149274,15683,1143
28500.311972,2107157261,2107158407,15723,1146
28500.324005,2107166376,2107167517,15891,1141
28500.336012,2107175499,2107176642,15679,1143
28500.348046,2107184593,2107185734,15560,1141
28500.366082,2107198266,2107199394,15850,1128
28500.378108,2107207355,2107208496,15977,1141
28500.393131,2107218703,2107219841,15650,1138
28500.405156,2107227858,2107229004,15937,1146
28500.450246,2107262049,2107263193,15969,1144
28500.462252,2107271181,2107272325,15677,1144
28500.474286,2107280288,2107281426,15711,1138
28500.489303,2107291684,2107292823,15679,1139
28500.508362,2107307610,2107308752,15813,1142
28500.555447,2107341807,2107342950,15624,1143
28500.567468,2107350923,2107352068,15982,1145
28500.585502,2107364582,2107365724,15975,1142
28500.597509,2107373689,2107374833,15599,1144
28500.612555,2107385149,2107386291,15990,1142
28500.624562,2107394277,2107395418,15680,1141
28500.717749,2107464892,2107466034,15635,1142
28500.729776,2107474021,2107475166,15972,1145
28500.741783,2107483123,2107484265,15676,1142
28500.756828,2107494519,2107495663,15951,1144
28500.776332,2107504760,2107505394,12016,634
28500.803417,2107518982,2107520117,15933,1135
28500.815438,2107528112,2107529250,15960,1138
28500.827455,2107537182,2107538318,15617,1136
28500.839486,2107546262,2107547396,15939,1134
28500.851507,2107555371,2107556516,15956,1145
28500.863525,2107564514,2107565660,15858,1146
28500.875553,2107573647,2107574791,15865,1144
28500.887577,2107582784,2107583930,15909,1146
28500.899598,2107591936,2107593077,15826,1141
28500.911621,2107601095,2107602241,15828,1146
28500.923644,2107610248,2107611389,15824,1141
28500.935667,2107619406,2107620552,15914,1146
28500.947690,2107628558,2107629699,15917,1141
28500.959712,2107637693,2107638837,15960,1144
28500.971730,2107646834,2107647973,15615,1139
28500.983760,2107655960,2107657106,15941,1146
28500.995781,2107665105,2107666251,15965,1146
28501.007796,2107674261,2107675399,15653,1138
28501.019828,2107683391,2107684536,15912,1145
28501.031850,2107692535,2107693676,15960,1141
28501.043865,2107701647,2107702791,15623,1144
28501.055897,2107710779,2107711923,15944,1144
28501.067918,2107719916,2107721062,15965,1146
28501.079933,2107729042,2107730181,15620,1139
28501.091966,2107738193,2107739338,15940,1145
28501.103987,2107747326,2107748463,15974,1137
28501.116002,2107756437,2107757576,15614,1139
28501.146069,2107779267,2107780413,15933,1146
28501.158090,2107788403,2107789543,15960,1140
28501.177132,2107804404,2107805548,15617,1144
28501.194158,2107815834,2107816979,15954,1145
28501.206174,2107824961,2107826104,15623,1143
28501.230227,2107843267,2107844412,15955,1145
28501.242242,2107852397,2107853539,15619,1142
28501.257279,2107863825,2107864970,15962,1145
28501.269294,2107872962,2107874105,15614,1143
28501.280830,2107881918,2107883058,15608,1140
28501.309871,2107902458,2107903601,15613,1143
28501.321904,2107911584,2107912726,15944,1142
28501.339937,2107925286,2107926430,15935,1144
28501.351958,2107934435,2107935575,15967,1140
28501.363973,2107943550,2107944691,15614,1141
28501.376003,2107952686,2107953822,15741,1136
28501.388027,2107961808,2107962950,15869,1142
28501.400042,2107970945,2107972088,15612,1143
28501.412074,2107980101,2107981246,15908,1145
28501.424097,2107989435,2107990580,16035,1145
28501.436111,2107998587,2107999725,15615,1138
28501.448143,2108007725,2108008870,15941,1145
28501.460164,2108016863,2108018007,15910,1144
28501.472180,2108026008,2108027151,15625,1143
28501.493229,2108041998,2108043145,15939,1147
28501.505250,2108051177,2108052323,15953,1146
28501.517265,2108060304,2108061448,15694,1144
28501.529297,2108069450,2108070592,16023,1142
28501.541318,2108078587,2108079731,16043,1144
28501.553334,2108087719,2108088858,15616,1139
28501.577387,2108106009,2108107154,15953,1145
28501.589402,2108115150,2108116292,15614,1142
28501.601436,2108124297,2108125439,15942,1142
28501.613455,2108133435,2108134580,15954,1145
28501.625473,2108142578,2108143715,15601,1137
28501.637505,2108151711,2108152856,15938,1145
28501.649526,2108160858,2108162003,15978,1145
28501.661540,2108170023,2108171166,15605,1143
28501.673573,2108179168,2108180310,15941,1142
28501.685594,2108188310,2108189455,15970,1145
28501.700625,2108199729,2108200875,15942,1146
28501.712646,2108208877,2108210023,16053,1146
28501.751711,2108238565,2108239703,15600,1138
28501.763745,2108247702,2108248848,15939,1146
28501.775766,2108256856,2108257999,15980,1143
28501.787780,2108266003,2108267146,15604,1143
28501.800809,2108277433,2108278574,15971,1141
28501.817848,2108288870,2108290011,15941,1141
28501.829870,2108297933,2108299075,15966,1142
28501.848911,2108313922,2108315068,15836,1146
28501.871950,2108329925,2108331071,15938,1146
28501.883971,2108339076,2108340222,15969,1146
28501.895986,2108348213,2108349357,15599,1144
28501.908019,2108357371,2108358514,15931,1143
28501.920040,2108366522,2108367668,15970,1146
28501.932054,2108375662,2108376801,15680,1139
28501.944088,2108384788,2108385932,15933,1144
28501.956108,2108393928,2108395070,15968,1142
28501.968123,2108403079,2108404222,15605,1143
28501.980156,2108412239,2108413385,15911,1146
28501.992178,2108421391,2108422537,15976,1146
28502.005207,2108432820,2108433952,15743,1132
28502.028246,2108448820,2108449966,15974,1146
28502.040260,2108458148,2108459290,15601,1142
28502.052293,2108467297,2108468443,15936,1146
28502.064315,2108476442,2108477589,15972,1147
28502.076329,2108485593,2108486737,15605,1144
28502.115413,2108515292,2108516437,15904,1145
28502.127434,2108524427,2108525572,15967,1145
28502.139448,2108533559,2108534703,15602,1144
28502.151479,2108542704,2108543831,15744,1127
28502.163503,2108551828,2108552973,15969,1145
28502.175517,2108560970,2108562113,15609,1143
28502.187551,2108570116,2108571262,15938,1146
28502.199572,2108579259,2108580401,15978,1142
28502.211586,2108588391,2108589531,15601,1140
28502.223617,2108597527,2108598652,15820,1125
28502.241652,2108611242,2108612386,15936,1144
28502.253673,2108620408,2108621553,16040,1145
28502.265689,2108629535,2108630678,15620,1143
28502.325810,2108675229,2108676374,15958,1145
28502.337826,2108684368,2108685508,15692,1140
28502.352862,2108695793,2108696935,15961,1142
28502.364877,2108704924,2108706066,15616,1142
28502.379913,2108716345,2108717486,16033,1141
28502.391929,2108725480,2108726622,15610,1142
28502.403961,2108734617,2108735763,15943,1146
28502.415982,2108743774,2108744920,15968,1146
28502.428000,2108752925,2108754071,15856,1146
28502.440030,2108762273,2108763415,15935,1142
28502.452050,2108771425,2108772569,15948,1144
28502.464066,2108780577,2108781719,15610,1142
28502.476099,2108789717,2108790864,15942,1147
28502.489624,2108800247,2108801389,15935,1142
28502.501645,2108809379,2108810521,15959,1142
28502.516676,2108820808,2108821954,15945,1146
28502.528696,2108829951,2108831097,15957,1146
28502.540712,2108839089,2108840226,15616,1137
28502.552744,2108848221,2108849363,16025,1142
28502.588812,2108875645,2108876791,15936,1146
28502.600834,2108884793,2108885937,15960,1144
28502.612849,2108893952,2108895095,15618,1143
28502.633898,2108909948,2108911094,15936,1146
28502.740601,2108991150,2108992289,16062,1139
28502.752615,2109000296,2109001434,15602,1138
28502.776669,2109018594,2109019738,15973,1144
28502.788684,2109027729,2109028873,15519,1144
28502.845803,2109071123,2109072269,15943,1146
28502.857824,2109080486,2109081629,15971,1143
28502.893892,2109107904,2109109048,15970,1144
28502.905906,2109117020,2109118164,15604,1144
28502.917937,2109126164,2109127310,15743,1146
28502.949003,2109151309,2109152453,15602,1144
28502.984064,2109176457,2109177603,15974,1146
28502.996078,2109185611,2109186754,15601,1143
28503.008111,2109194761,2109195907,15940,1146
28503.020132,2109203900,2109205042,16052,1142
28503.032147,2109213021,2109214163,15678,1142
28503.044180,2109222161,2109223303,16022,1142
28503.056199,2109231326,2109232470,15956,1144
28503.068215,2109240474,2109241619,15620,1145
28503.080247,2109249631,2109250773,15910,1142
28503.092268,2109258763,2109259910,15864,1147
28503.104284,2109267906,2109269050,15620,1144
28503.116315,2109277035,2109278180,15939,1145
28503.143367,2109297576,2109298722,16019,1146
28503.155388,2109306728,2109307874,15966,1146
28503.167403,2109315881,2109317021,15615,1140
28503.179436,2109325016,2109326162,16024,1146
28503.191457,2109334160,2109335306,15964,1146
28503.209490,2109347884,2109349029,15959,1145
28503.221506,2109357028,2109358170,15696,1142
28503.233538,2109366158,2109367300,16018,1142
28503.245559,2109375301,2109376447,15962,1146
28503.257575,2109384431,2109385573,15619,1142
28503.269609,2109393603,2109394749,15914,1146
28503.305676,2109421031,2109422173,16020,1142
28503.317697,2109430173,2109431319,16039,1146
28503.347747,2109453045,2109454184,15691,1139
28503.359779,2109462185,2109463331,16019,1146
28503.371799,2109471334,2109472480,15958,1146
28503.389834,2109485048,2109486191,15955,1143
28503.401849,2109494183,2109495327,15616,1144
28503.461971,2109539878,2109541020,16037,1142
28503.473988,2109549020,2109550162,15604,1142
28503.576192,2109626736,2109627882,15939,1146
28503.588212,2109635884,2109637030,16055,1146
28503.600227,2109645023,2109646167,15599,1144
28503.618261,2109658731,2109659876,15598,1145
28503.636296,2109672441,2109673585,15602,1144
28503.657346,2109688444,2109689589,15905,1145
28503.669367,2109697588,2109698730,15968,1142
28503.681381,2109706908,2109708048,15678,1140
28503.693415,2109716047,2109717193,16022,1146
28503.705437,2109725197,2109726343,16051,1146
28503.801620,2109798323,2109799469,16014,1146
28503.813641,2109807481,2109808623,15971,1142
28503.876761,2109855498,2109856644,15965,1146
28503.890287,2109865815,2109866959,16017,1144
28503.905317,2109877254,2109878400,15939,1146
28503.917338,2109886424,2109887570,15971,1146
28503.932366,2109897850,2109898991,15742,1141
28503.989476,2109941234,2109942374,15972,1140
28504.001490,2109950379,2109951519,15604,1140
28504.031558,2109973235,2109974380,16023,1145
28504.043578,2109982382,2109983526,16055,1144
28504.055593,2109991529,2109992671,15605,1142
28504.073628,2110005244,2110006383,15713,1139
28504.085660,2110014387,2110015530,16019,1143
28504.103694,2110028143,2110029288,16022,1145
28504.115716,2110037297,2110038442,16058,1145
28504.127732,2110046452,2110047595,15604,1143
28504.139763,2110055607,2110056751,15940,1144
28504.151785,2110064759,2110065905,15976,1146
28504.163799,2110073911,2110075055,15523,1144
28504.175832,2110083067,2110084214,15937,1147
28504.187853,2110092215,2110093362,15974,1147
28504.199867,2110101355,2110102499,15602,1144
28504.229934,2110124219,2110125361,15908,1142
28504.241956,2110133356,2110134502,15973,1146
28504.256986,2110144789,2110145935,16024,1146
28504.269007,2110153941,2110155088,15886,1147
28504.293055,2110172213,2110173354,15940,1141
28504.305076,2110181385,2110182527,15972,1142
28504.333135,2110204227,2110205372,15675,1145
28504.377213,2110236226,2110237372,15989,1146
28504.389227,2110245361,2110246503,15683,1142
28504.437330,2110281922,2110283069,16017,1147
28504.449350,2110291074,2110292220,15976,1146
28504.497433,2110327656,2110328800,15604,1144
28504.509466,2110336810,2110337952,15904,1142
28504.536518,2110357375,2110358518,15942,1143
28504.548539,2110366528,2110367674,15967,1146
28504.575590,2110387109,2110388250,15991,1141
28504.587605,2110396260,2110397400,15606,1140
28504.599635,2110405400,2110406537,15747,1137
28504.611659,2110414532,2110415678,15970,1146
28504.623673,2110423679,2110424819,15608,1140
28504.635706,2110432836,2110433979,15912,1143
28504.647727,2110441988,2110443131,15968,1143
28504.659742,2110451130,2110452274,15600,1144
28504.671775,2110460270,2110461415,15935,1145
28504.683796,2110469416,2110470557,15974,1141
28504.695810,2110478551,2110479693,15606,1142
28504.707846,2110487886,2110489031,15941,1145
28504.719865,2110497036,2110498182,15882,1146
28504.731879,2110506183,2110507326,15524,1143
28504.743912,2110515322,2110516468,15848,1146
28504.755933,2110524479,2110525620,16053,1141
28504.767950,2110533630,2110534771,15928,1141
28504.779981,2110542785,2110543933,15941,1148
28504.792002,2110551936,2110553082,15969,1146
28504.804016,2110561083,2110562223,15605,1140
28504.816047,2110570230,2110571367,15747,1137
28504.828070,2110579369,2110580515,15883,1146
28504.840085,2110588514,2110589658,15601,1144
28504.852118,2110597659,2110598805,15941,1146
28504.864139,2110606808,2110607955,15968,1147
28504.876153,2110615944,2110617084,15605,1140
28504.888186,2110625093,2110626238,15947,1145
28504.906221,2110638800,2110639945,16027,1145
28504.918242,2110647995,2110649142,16052,1147
28504.930256,2110657148,2110658287,15681,1139
28504.969341,2110686881,2110688023,16021,1142
28504.981362,2110696040,2110697182,16054,1142
28504.993379,2110705174,2110706317,15846,1143
28505.005403,2110714675,2110715811,15641,1136
28505.017431,2110723800,2110724943,15980,1143
28505.029439,2110732930,2110734072,15600,1142
28505.041472,2110742042,2110743186,15634,1144
28505.080551,2110771720,2110772863,15974,1143
28505.092559,2110780855,2110781996,15602,1141
28505.113608,2110796815,2110797959,15638,1144
28505.125640,2110806146,2110807287,15991,1141
28505.140660,2110817552,2110818694,15638,1142
28505.180741,2110849478,2110850617,15683,1139
28505.257883,2110906514,2110907658,15638,1144
28505.269911,2110915638,2110916781,15955,1143
28505.284940,2110927094,2110928238,15938,1144
28505.296962,2110936253,2110937398,15973,1145
28505.308979,2110945403,2110946549,15859,1146
28505.321006,2110954557,2110955697,15819,1140
28505.342046,2110970766,2110971907,15955,1141
28505.354055,2110979905,2110981045,15679,1140
28505.390123,2111007300,2111008444,15680,1144
28505.402157,2111016417,2111017557,15652,1140
28505.480294,2111075723,2111076867,15675,1144
28505.492329,2111084836,2111085979,15573,1143
28505.507346,2111096233,2111097376,15673,1143
28505.528397,2111112195,2111113336,15655,1141
28505.540421,2111121354,2111122496,15884,1142
28505.552432,2111130482,2111131626,15680,1144
28505.597518,2111164686,2111165829,15680,1143
28505.609552,2111173823,2111174965,15652,1142
28505.624571,2111185252,2111186391,15678,1139
28505.636603,2111194373,2111195514,15654,1141
28505.672670,2111225651,2111226791,15607,1140
28505.684696,2111234787,2111235930,15933,1143
28505.705724,2111250755,2111251894,15687,1139
28505.717752,2111259905,2111261048,15813,1143
28505.735792,2111273569,2111274709,15640,1140
28505.749318,2111284103,2111285245,15634,1142
28505.840484,2111354844,2111355990,15971,1146
28505.884575,2111386833,2111387977,15637,1144
28505.896603,2111395957,2111397102,15888,1145
28505.941689,2111430176,2111431318,15973,1142
28505.953697,2111439522,2111440666,15756,1144
28505.965724,2111448700,2111449842,15891,1142
28505.983763,2111462417,2111463561,15718,1144
28505.995791,2111471548,2111472690,16063,1142
28506.007798,2111480672,2111481816,15674,1144
28506.019832,2111489799,2111490943,15643,1144
28506.031860,2111498930,2111500076,15983,1146
28506.043867,2111508042,2111509181,15681,1139
28506.055900,2111517160,2111518300,15716,1140
28506.067930,2111526329,2111527471,15965,1142
28506.085963,2111540010,2111541153,15972,1143
28506.097971,2111549163,2111550303,15684,1140
28506.116004,2111562840,2111563984,15678,1144
28506.128031,2111571979,2111573123,15558,1144
28506.140066,2111581108,2111582254,15886,1146
28506.152072,2111590256,2111591395,15597,1139
28506.164101,2111599514,2111600661,15815,1147
28506.176131,2111608667,2111609810,15939,1143
28506.218209,2111640610,2111641750,15639,1140
28506.230239,2111649738,2111650879,15830,1141
28506.249273,2111665704,2111666848,15675,1144
28506.269297,2111679397,2111680542,15678,1145
28506.281329,2111688526,2111689666,15555,1140
28506.311391,2111711359,2111712506,15961,1147
28506.323398,2111720496,2111721636,15599,1140
28506.335432,2111729605,2111730739,15759,1134
28506.347456,2111738747,2111739894,15843,1147
28506.359474,2111747878,2111749022,15572,1144
28506.371501,2111757039,2111758178,15634,1139
28506.443638,2111811813,2111812953,15643,1140
28506.455666,2111820941,2111822085,15886,1144
28506.473700,2111834663,2111835805,15969,1142
28506.485709,2111843785,2111844929,15680,1144
28506.563873,2111903085,2111904231,15965,1146
28506.575880,2111912242,2111913382,15673,1140
28506.589404,2111922796,2111923940,15680,1144
28506.613468,2111941051,2111942198,16077,1147
28506.625473,2111950175,2111951318,15683,1143
28506.637507,2111959294,2111960436,15642,1142
28506.680598,2111993535,2111994679,15635,1144
28506.727674,2112027789,2112028929,15631,1140
28506.739706,2112036919,2112038065,15891,1146
28506.757740,2112050618,2112051760,15948,1142
28506.769757,2112059724,2112060864,15674,1140
28506.784792,2112071227,2112072373,16056,1146
28506.796798,2112080359,2112081498,15675,1139
28506.884982,2112148848,2112149986,15675,1138
28506.920049,2112173974,2112175114,15977,1140
28506.932056,2112183082,2112184226,15688,1144
28506.944089,2112192217,2112193361,15640,1144
28506.956118,2112201375,2112202518,15869,1143
28506.968124,2112210499,2112211644,15601,1145
28506.980158,2112219617,2112220756,15637,1139
28506.998193,2112233332,2112234477,15635,1145
28507.016227,2112247064,2112248208,15634,1144
28507.028255,2112256197,2112257343,15981,1146
28507.040261,2112265318,2112266461,15677,1143
28507.052302,2112274439,2112275579,15788,1140
28507.073341,2112290409,2112291555,15979,1146
28507.085348,2112299523,2112300667,15761,1144
28507.104404,2112315530,2112316675,15811,1145
28507.184536,2112374908,2112376052,15681,1144
28507.196569,2112384182,2112385324,15835,1142
28507.208600,2112393326,2112394468,15998,1142
28507.223621,2112404741,2112405885,15633,1144
28507.247656,2112422987,2112424131,15678,1144
28507.259690,2112432112,2112433255,15645,1143
28507.271719,2112441249,2112442391,15743,1142
28507.283730,2112450359,2112451503,15637,1144
28507.295759,2112459471,2112460615,15642,1144
28507.307788,2112468619,2112469762,15904,1143
28507.319793,2112477735,2112478873,15604,1138
28507.331827,2112486856,2112487995,15641,1139
28507.343855,2112495982,2112497128,15980,1146
28507.355876,2112505112,2112506258,15952,1146
28507.367896,2112514225,2112515366,15562,1141
28507.379923,2112523377,2112524517,15716,1140
28507.397958,2112537058,2112538203,15974,1145
28507.409968,2112546403,2112547542,15600,1139
28507.428000,2112560114,2112561256,15685,1142
28507.440033,2112569245,2112570388,15636,1143
28507.452060,2112578377,2112579524,15874,1147
28507.470097,2112592078,2112593217,15824,1139
28507.482103,2112601213,2112602358,15681,1145
28507.530205,2112637745,2112638888,15642,1143
28507.542232,2112646910,2112648056,15973,1146
28507.605354,2112694909,2112696052,15988,1143
28507.617361,2112704073,2112705216,15683,1143
28507.635393,2112717807,2112718950,15673,1143
28507.689496,2112758870,2112760013,15680,1143
28507.701525,2112768003,2112769145,15809,1142
28507.713558,2112777129,2112778276,15978,1147
28507.732594,2112793118,2112794262,15675,1144
28507.752616,2112806803,2112807946,15756,1143
28507.764650,2112815922,2112817066,15719,1144
28507.779667,2112827343,2112828487,15674,1144
28507.815736,2112854802,2112855942,15754,1140
28507.827769,2112864136,2112865282,15744,1146
28507.839800,2112873298,2112874445,15979,1147
28507.851805,2112882460,2112883604,15686,1144
28507.863838,2112891611,2112892758,15779,1147
28507.875868,2112900759,2112901901,15982,1142
28507.887875,2112909903,2112911044,15684,1141
28507.899902,2112919057,2112920198,15644,1141
28507.911937,2112928198,2112929340,15912,1142
28507.923944,2112937346,2112938487,15606,1141
28507.935975,2112946500,2112947640,15654,1140
28507.957022,2112962492,2112963639,15953,1147
28507.969030,2112971619,2112972761,15682,1142
28508.020143,2113010477,2113011620,16040,1143
28508.038177,2113024187,2113025332,15974,1145
28508.050182,2113033422,2113034566,15682,1144
28508.156399,2113115741,2113116881,15686,1140
28508.224524,2113166039,2113167182,15824,1143
28508.236554,2113175213,2113176358,16038,1145
28508.260593,2113193495,2113194642,15907,1147
28508.272622,2113202644,2113203792,16059,1148
28508.359781,2113268896,2113270039,15896,1143
28508.371811,2113278064,2113279211,15966,1147
28508.383819,2113287201,2113288340,15766,1139
28508.395845,2113296342,2113297484,15892,1142
28508.431918,2113323795,2113324938,15824,1143
28508.443947,2113332969,2113334111,15956,1142
28508.455956,2113342094,2113343233,15602,1139
28508.467987,2113351253,2113352396,15819,1143
28508.480017,2113360407,2113361549,15978,1142
28508.492030,2113369547,2113370691,15608,1144
28508.504055,2113378706,2113379854,15819,1148
28508.516085,2113387859,2113389005,16062,1146
28508.528093,2113397001,2113398145,15766,1144
28508.540130,2113406160,2113407303,15880,1143
28508.552154,2113415297,2113416437,15960,1140
28508.582196,2113438147,2113439291,15760,1144
28508.594223,2113447331,2113448478,15815,1147
28508.636298,2113479356,2113480500,15761,1144
28508.648330,2113488522,2113489668,15849,1146
28508.669377,2113504517,2113505658,16018,1141
28508.681384,2113513666,2113514811,15603,1145
28508.711450,2113536567,2113537715,15826,1148
28508.723479,2113545773,2113546915,15967,1142
28508.735504,2113554930,2113556071,15993,1141
28508.747518,2113564110,2113565253,15831,1143
28508.759549,2113573279,2113574425,15911,1146
28508.771572,2113582451,2113583598,15971,1147
28508.783587,2113591632,2113592775,15739,1143
28508.795617,2113600791,2113601934,15909,1143
28508.807639,2113609960,2113611103,15976,1143
28508.819656,2113619131,2113620275,15927,1144
28508.831686,2113628301,2113629443,15964,1142
28508.843704,2113637460,2113638605,16020,1145
28508.855724,2113646638,2113647781,15744,1143
28508.867754,2113655788,2113656935,15889,1147
28508.879761,2113664947,2113666090,15684,1143
28508.903823,2113683206,2113684351,15976,1145
28508.915830,2113692352,2113693493,15684,1141
28508.927861,2113701494,2113702639,15819,1145
28508.939889,2113710643,2113711791,15947,1148
28508.951899,2113719802,2113720943,15686,1141
28508.963931,2113728947,2113730078,15654,1131
28508.975960,2113738076,2113739222,15974,1146
28508.987973,2113747230,2113748374,15604,1144
28508.999998,2113756377,2113757525,15816,1148
28509.012029,2113765540,2113766688,15975,1148
28509.024036,2113774703,2113775847,15686,1144
28509.036073,2113783855,2113785001,15886,1146
28509.048096,2113793023,2113794170,15945,1147
28509.060105,2113802182,2113803326,15685,1144
28509.072135,2113811342,2113812489,15819,1147
28509.084166,2113820504,2113821651,16059,1147
28509.096173,2113829660,2113830804,15760,1144
28509.114208,2113843400,2113844541,15683,1141
28509.225427,2113928030,2113929172,15819,1142
28509.237456,2113937193,2113938337,16045,1144
28509.255492,2113950931,2113952073,16063,1142
28509.267499,2113960112,2113961255,15686,1143
28509.279530,2113969256,2113970402,15733,1146
28509.291561,2113978397,2113979544,15992,1147
28509.303568,2113987549,2113988690,15684,1141
28509.315599,2113996690,2113997845,15572,1155
28509.327629,2114005841,2114006988,15977,1147
28509.339648,2114014993,2114016136,15868,1143
28509.351665,2114024180,2114025324,15796,1144
28509.363698,2114033328,2114034472,16063,1144
28509.375705,2114042477,2114043621,15761,1144
28509.387732,2114051639,2114052784,15892,1145
28509.399766,2114060791,2114061938,15981,1147
28509.411773,2114069926,2114071066,15687,1140
28509.423804,2114079091,2114080237,15814,1146
28509.435832,2114088238,2114089380,16030,1142
28509.447842,2114097388,2114098528,15763,1140
28509.459875,2114106543,2114107686,15835,1143
28509.471903,2114115719,2114116865,15958,1146
28509.483916,2114124873,2114126018,15602,1145
28509.495942,2114134008,2114135145,15655,1137
28509.507972,2114143151,2114144299,15977,1148
28509.519979,2114152292,2114153435,15685,1143
28509.532016,2114161438,2114162585,15884,1147
28509.550043,2114175169,2114176311,15798,1142
28509.661263,2114259819,2114260962,16056,1143
28509.692822,2114283888,2114285035,15945,1147
28509.704831,2114293044,2114294185,15686,1141
28509.737909,2114318226,2114319371,15990,1145
28509.749916,2114327369,2114328509,15686,1140
28509.764960,2114338802,2114339945,15970,1143
28509.779988,2114350263,2114351405,15877,1142
28509.801029,2114366305,2114367449,15888,1144
28509.813036,2114375443,2114376582,15687,1139
28509.825068,2114384589,2114385726,15653,1137
28509.865148,2114416569,2114417713,15684,1144
28509.888187,2114432628,2114433770,15837,1142
28509.900218,2114441776,2114442922,15976,1146
28509.912225,2114450927,2114452068,15683,1141
28509.924256,2114460079,2114461222,15831,1143
28509.936286,2114469231,2114470378,15987,1147
28509.948294,2114478367,2114479510,15685,1143
28509.960325,2114487508,2114488651,15816,1143
28509.975345,2114498957,2114500096,15679,1139
28509.993379,2114512699,2114513844,15681,1145
28510.016332,2114525267,2114525901,12025,634
28510.073039,2114562432,2114563575,15835,1143
28510.085068,2114571633,2114572777,15906,1144
28510.097090,2114580792,2114581934,15964,1142
28510.109107,2114589951,2114591093,15856,1142
28510.148187,2114619698,2114620841,15906,1143
28510.160211,2114628854,2114630002,15978,1148
28510.172228,2114638022,2114639168,15757,1146
28510.185256,2114649472,2114650618,15959,1146
28510.205296,2114663214,2114664361,15968,1147
28510.220325,2114674671,2114675818,15904,1147
28510.232348,2114683835,2114684977,15893,1142
28510.244365,2114692991,2114694138,15761,1147
28510.256393,2114702153,2114703296,15911,1143
28510.268417,2114711317,2114712459,15976,1142
28510.280433,2114720481,2114721624,15853,1143
28510.292464,2114729671,2114730818,15908,1147
28510.304485,2114738840,2114739984,15820,1144
28510.316508,2114748016,2114749163,15978,1147
28510.331537,2114759470,2114760617,15909,1147
28510.343559,2114768627,2114769770,15910,1143
28510.355583,2114777783,2114778929,15910,1146
28510.367605,2114786942,2114788082,15909,1140
28510.379622,2114796108,2114797256,15821,1148
28510.391653,2114805271,2114806418,15909,1147
28510.409687,2114819027,2114820170,15908,1143
28510.421711,2114828202,2114829349,15977,1147
28510.451759,2114851100,2114852248,15829,1148
28510.463788,2114860263,2114861409,15908,1146
28510.475811,2114869429,2114870576,15915,1147
28510.487828,2114878593,2114879740,15843,1147
28510.499857,2114887767,2114888910,15817,1143
28510.511878,2114896932,2114898079,15960,1147
28510.525404,2114906016,2114907161,15913,1145
28510.537422,2114915184,2114916330,15769,1146
28510.552455,2114926630,2114927773,15968,1143
28510.564473,2114935793,2114936940,15937,1147
28510.579509,2114947255,2114948398,15977,1143
28510.591525,2114956422,2114957564,15841,1142
28510.603553,2114965579,2114966727,15904,1148
28510.615577,2114974751,2114975898,15890,1147
28510.627594,2114983914,2114985057,15769,1143
28510.639622,2114993080,2114994223,15902,1143
28510.651644,2115002242,2115003387,15964,1145
28510.663662,2115011405,2115012552,15938,1147
28510.675690,2115020572,2115021718,15996,1146
28510.687714,2115029744,2115030891,15982,1147
28510.699733,2115038918,2115040063,15831,1145
28510.711760,2115048083,2115049229,15883,1146
28510.732800,2115064135,2115065281,15977,1146
28510.744817,2115073297,2115074439,15841,1142
28510.756847,2115082451,2115083598,15909,1147
28510.780885,2115100782,2115101929,15908,1147
28510.792914,2115109956,2115111103,15820,1147
28510.816954,2115128290,2115129431,15824,1141
28510.828984,2115137469,2115138615,15823,1146
28510.853022,2115155798,2115156941,15843,1143
28510.868057,2115167263,2115168408,15972,1145
28510.889091,2115183317,2115184464,15826,1147
28510.901122,2115192521,2115193662,15905,1141
28510.913144,2115201692,2115202836,15905,1144
28510.928173,2115213147,2115214294,15902,1147
28510.940194,2115222329,2115223472,15974,1143
28510.952211,2115231492,2115232636,15754,1144
28510.964242,2115240649,2115241791,15911,1142
28510.976264,2115249807,2115250950,15907,1143
28510.988279,2115258968,2115260116,15828,1148
28511.000309,2115268140,2115269281,15909,1141
28511.016345,2115281889,2115283037,15990,1148
28511.036379,2115295637,2115296785,15907,1148
28511.048400,2115304808,2115305954,16030,1146
28511.060417,2115313976,2115315123,15843,1147
28511.072446,2115323141,2115324287,15914,1146
28511.087468,2115334590,2115335738,15829,1148
28511.099497,2115343762,2115344908,15914,1146
28511.111522,2115352970,2115354117,15991,1147
28511.123537,2115362143,2115363290,15836,1147
28511.135567,2115371316,2115372458,15906,1142
28511.147589,2115380478,2115381624,15972,1146
28511.159605,2115389655,2115390801,15844,1146
28511.171635,2115398809,2115399953,15829,1144
28511.183659,2115407975,2115409119,15990,1144
28511.195674,2115417150,2115418297,15830,1147
28511.207703,2115426309,2115427453,15916,1144
28511.219726,2115435496,2115436638,15910,1142
28511.231743,2115444666,2115445808,15848,1142
28511.243773,2115453817,2115454964,15913,1147
28511.255795,2115462997,2115464145,15976,1148
28511.267817,2115472150,2115473297,15906,1147
28511.279840,2115481329,2115482477,15907,1148
28511.291865,2115490498,2115491644,16000,1146
28511.303880,2115499663,2115500811,15889,1148
28511.315907,2115508842,2115510011,15819,1169
28511.327930,2115518038,2115519182,15959,1144
28511.339948,2115527197,2115528340,15772,1143
28511.351977,2115536361,2115537509,15818,1148
28511.363999,2115545529,2115546677,15965,1148
28511.376017,2115554710,2115555858,15836,1148
28511.394051,2115568458,2115569600,15841,1142
28511.406079,2115577626,2115578773,15911,1147
28511.433131,2115598265,2115599410,15904,1145
28511.445153,2115607435,2115608582,15958,1147
28511.460183,2115618889,2115620036,15906,1147
28511.472206,2115628063,2115629209,15983,1146
28511.484223,2115637237,2115638384,15757,1147
28511.496250,2115646407,2115647551,15907,1144
28511.508275,2115655567,2115656714,15976,1147
28511.520291,2115664764,2115665911,15839,1147
28511.560372,2115696846,2115697990,15976,1144
28511.604458,2115728936,2115730083,15904,1147
28511.616480,2115738098,2115739241,15914,1143
28511.637514,2115754152,2115755295,15843,1143
28511.649545,2115763324,2115764469,15801,1145
28511.661566,2115772503,2115773646,15976,1143
28511.676595,2115783957,2115785099,15904,1142
28511.688621,2115793115,2115794262,15926,1147
28511.700634,2115802280,2115803423,15830,1143
28511.715669,2115813734,2115814880,15910,1146
28511.727686,2115822946,2115824092,15845,1146
28511.739716,2115832112,2115833258,15819,1146
28511.757750,2115845868,2115847012,15901,1144
28511.769776,2115855033,2115856179,15997,1146
28511.781789,2115864211,2115865358,15807,1147
28511.793818,2115873378,2115874526,15908,1148
28511.805842,2115882555,2115883702,15994,1147
28511.829888,2115900884,2115902030,15995,1146
28511.841909,2115910045,2115911192,15976,1147
28511.853926,2115919214,2115920361,15843,1147
28511.868962,2115930668,2115931811,15906,1143
28511.880977,2115939840,2115940982,15822,1142
28511.908029,2115960460,2115961606,15906,1146
28511.920059,2115969620,2115970768,15901,1148
28511.933088,2115981194,2115982339,15839,1145
28511.956128,2115997236,2115998383,15907,1147
28511.968151,2116006394,2116007541,15910,1147
28511.980166,2116015582,2116016724,15826,1142
28511.992195,2116024749,2116025892,15910,1143
28512.004219,2116033918,2116035065,15950,1147
28512.016237,2116043091,2116044261,15867,1170
28512.028265,2116052292,2116053439,15910,1147
28512.040286,2116061465,2116062612,15946,1147
28512.052303,2116070637,2116071786,15841,1149
28512.064332,2116079811,2116080959,15827,1148
28512.079355,2116091273,2116092416,15827,1143
28512.091383,2116100444,2116101591,15889,1147
28512.103408,2116109605,2116110748,15991,1143
28512.115423,2116118777,2116119922,15848,1145
28512.127456,2116127983,2116129125,15883,1142
28512.181555,2116169221,2116170364,15911,1143
28512.193579,2116178375,2116179519,15990,1144
28512.205595,2116187539,2116188686,15827,1147
28512.220629,2116198997,2116200144,15973,1147
28512.236658,2116212748,2116213895,15942,1147
28512.265716,2116233405,2116234551,16000,1146
28512.277732,2116242577,2116243720,15833,1143
28512.328835,2116281544,2116282687,15971,1143
28512.340851,2116290744,2116291891,15840,1147
28512.352882,2116299914,2116301059,15904,1145
28512.364905,2116309087,2116310234,15997,1147
28512.385940,2116325136,2116326286,15863,1150
28512.397966,2116334317,2116335464,15907,1147
28512.449057,2116373334,2116374480,15927,1146
28512.461087,2116382505,2116383648,15824,1143
28512.473111,2116391672,2116392817,15985,1145
28512.488138,2116403128,2116404272,15911,1144
28512.500162,2116412309,2116413452,15996,1143
28512.512177,2116421473,2116422622,15839,1149
28512.524208,2116430651,2116431800,15907,1149
28512.545247,2116446709,2116447856,15969,1147
28512.557269,2116455898,2116457041,15818,1143
28512.569292,2116465053,2116466201,15903,1148
28512.581317,2116474218,2116475366,15964,1148
28512.596344,2116485684,2116486829,15910,1145
28512.611369,2116497137,2116498285,15868,1148
28512.635418,2116515499,2116516647,15977,1148
28512.647435,2116524677,2116525825,15846,1148
28512.659464,2116533859,2116535005,15913,1146
28512.671489,2116543031,2116544178,15990,1147
28512.683504,2116552202,2116553373,15831,1171
28512.695533,2116561400,2116562543,15825,1143
28512.707555,2116570562,2116571709,15909,1147
28512.719572,2116579733,2116580880,15757,1147
28512.731602,2116588902,2116590048,15884,1146
28512.743624,2116598074,2116599218,15973,1144
28512.755648,2116607246,2116608394,15906,1148
28512.767670,2116616409,2116617556,15908,1147
28512.779694,2116625590,2116626736,15990,1146
28512.800726,2116641648,2116642795,15827,1147
28512.812757,2116650823,2116651970,15985,1147
28512.824778,2116660002,2116661150,15948,1148
28512.872863,2116696703,2116697847,15908,1144
28512.884893,2116705867,2116707010,15908,1143
28512.896917,2116715028,2116716175,15991,1147
28512.911946,2116726481,2116727625,15985,1144
28512.923967,2116735637,2116736784,15974,1147
28512.935986,2116744811,2116745958,15877,1147
28512.948014,2116754006,2116755153,15990,1147
28512.960036,2116763186,2116764333,15984,1147
28512.972052,2116772352,2116773498,15833,1146
28512.984080,2116781520,2116782668,15904,1148
28513.002114,2116795302,2116796449,15900,1147
28513.014137,2116804471,2116805618,15960,1147
28513.029167,2116815936,2116817080,15906,1144
28513.041189,2116825102,2116826249,15962,1147
28513.065234,2116843438,2116844581,15907,1143
28513.077258,2116852614,2116853758,15978,1144
28513.125344,2116889371,2116890518,15852,1147
28513.137373,2116898547,2116899695,15903,1148
28513.149394,2116907724,2116908868,15958,1144
28513.161412,2116916896,2116918044,15922,1148
28513.176449,2116928377,2116929521,15994,1144
28513.188464,2116937550,2116938694,15829,1144
28513.227546,2116967370,2116968514,15909,1144
28513.239569,2116976537,2116977684,16075,1147
28513.251590,2116985713,2116986861,15906,1148
28513.269618,2116999466,2117000638,15823,1172
28513.281647,2117008660,2117009800,15906,1140
28513.293672,2117017819,2117018966,15989,1147
28513.305686,2117027002,2117028151,15816,1149
28513.332741,2117047680,2117048828,15874,1148
28513.344769,2117056854,2117058027,15857,1173
28513.368807,2117075224,2117076373,15806,1149
28513.380834,2117084415,2117085559,15983,1144
28513.416906,2117111992,2117113138,16004,1146
28513.428926,2117121187,2117122334,15961,1147
28513.480023,2117160191,2117161362,15907,1171
28513.492048,2117169389,2117170537,15988,1148
28513.504063,2117178545,2117179688,15932,1143
28513.537132,2117203760,2117204904,16044,1144
28513.549154,2117212935,2117214082,15906,1147
28513.576204,2117233602,2117234749,15867,1147
28513.588230,2117242788,2117243931,15912,1143
28513.600253,2117251958,2117253105,15909,1147
28513.612272,2117261133,2117262280,15870,1147
28513.624300,2117270317,2117271465,15946,1148
28513.636322,2117279518,2117280665,16056,1147
28513.648345,2117288688,2117289860,15877,1172
28513.720476,2117343909,2117345055,15842,1146
28513.732506,2117353073,2117354221,15988,1148
28513.748540,2117366839,2117367986,15994,1147
28513.772585,2117385184,2117386327,15907,1143
28513.789615,2117396659,2117397806,15948,1147
28513.801630,2117405835,2117407008,15753,1173
28513.831695,2117428816,2117429961,15902,1145
28513.843716,2117437987,2117439133,15976,1146
28513.855733,2117447161,2117448309,15745,1148
28513.867762,2117456341,2117457489,15822,1148
28513.885796,2117470093,2117471240,15983,1147
28513.897819,2117479268,2117480412,15914,1144
28513.928885,2117504504,2117505650,15976,1146
28513.948916,2117518264,2117519408,15991,1144
28513.960941,2117527433,2117528580,16078,1147
28513.984985,2117545809,2117546957,15905,1148
28513.997008,2117555007,2117556150,15913,1143
28514.066139,2117607766,2117608914,15909,1148
28514.078164,2117616949,2117618097,15967,1148
28514.168335,2117685823,2117686970,15964,1147
28514.180353,2117695029,2117696200,15857,1171
28514.192379,2117704259,2117705407,15863,1148
28514.204401,2117713613,2117714760,15959,1147
28514.216418,2117723064,2117724213,15837,1149
28514.228448,2117732291,2117733434,15947,1143
28514.276525,2117769015,2117770162,15687,1147
28514.288555,2117778196,2117779340,15908,1144
28514.300586,2117787382,2117788555,15939,1173
28514.376735,2117847061,2117848208,15822,1147
28514.399775,2117863137,2117864305,15906,1168
28514.411793,2117872541,2117873688,15853,1147
28514.423813,2117881714,2117882862,15828,1148
28514.444858,2117897749,2117898893,15949,1144
28514.456878,2117906943,2117908115,15851,1172
28514.484941,2117929979,2117931128,15815,1149
28514.504967,2117943749,2117944897,15829,1148
28514.516998,2117952926,2117954070,15869,1144
28514.589135,2118007992,2118009139,15976,1147
28514.601153,2118017193,2118018364,15930,1171
28514.613176,2118026505,2118027675,15853,1170
28514.634220,2118042608,2118043754,15954,1146
28514.646240,2118051772,2118052918,15952,1146
28514.692337,2118088492,2118089642,15807,1150
28514.709359,2118099958,2118101107,15938,1149
28514.796529,2118166461,2118167603,15988,1142
28514.808547,2118175640,2118176788,16021,1148
28514.856636,2118212477,2118213621,15842,1144
28514.868665,2118221650,2118222822,15855,1172
28514.889693,2118237775,2118238917,15486,1142
28514.901721,2118246952,2118248124,15740,1172
28514.919756,2118260767,2118261914,15816,1147
28514.931786,2118269942,2118271089,15959,1147
28514.943806,2118279127,2118280270,15953,1143
28514.985889,2118311260,2118312408,15984,1148
28514.997897,2118320429,2118321569,15684,1140
28515.009928,2118329624,2118330769,15832,1145
28515.021959,2118338929,2118340076,15957,1147
28515.033977,2118348095,2118349239,16023,1144
28515.045996,2118357276,2118358418,15834,1142
28515.112130,2118407759,2118408908,16061,1149
28515.124147,2118416943,2118418091,15942,1148
28515.136175,2118426120,2118427264,15911,1144
28515.154202,2118439926,2118441074,15899,1148
28515.166234,2118449091,2118450236,16129,1145
28515.217322,2118488135,2118489285,15902,1150
28515.232354,2118499626,2118500775,15936,1149
28515.319524,2118566229,2118567380,15961,1151
28515.331542,2118575439,2118576588,15992,1149
28515.343565,2118584617,2118585763,15863,1146
28515.355592,2118593790,2118594938,15955,1148
28515.367611,2118602959,2118604107,15939,1148
28515.379626,2118612137,2118613307,15617,1170
28515.391660,2118621334,2118622481,15941,1147
28515.403679,2118630532,2118631676,15911,1144
28515.415695,2118639686,2118640829,15614,1143
28515.433741,2118653452,2118654600,15988,1148
28515.445764,2118662641,2118663788,16043,1147
28515.457782,2118671823,2118672967,15941,1144
28515.469802,2118680984,2118682131,15907,1147
28515.484832,2118692474,2118693620,15845,1146
28515.529909,2118726935,2118728077,15762,1142
28515.541935,2118736131,2118737298,15710,1167
28515.629101,2118802816,2118803960,15741,1144
28515.641130,2118812033,2118813177,15853,1144
28515.653159,2118821211,2118822383,15993,1172
28515.665177,2118830488,2118831656,15942,1168
28515.677193,2118839690,2118840857,15537,1167
28515.689227,2118848886,2118850030,15861,1144
28515.701246,2118858074,2118859222,15939,1148
28515.752348,2118897192,2118898335,16078,1143
28515.764363,2118906348,2118907498,15886,1150
28515.776381,2118915533,2118916704,15532,1171
28515.839505,2118963886,2118965034,15823,1148
28515.851536,2118973126,2118974270,15960,1144
28515.863552,2118982323,2118983470,15979,1147
28515.884591,2118998390,2118999537,15841,1147
28515.896623,2119007635,2119008802,16042,1167
28515.911638,2119019139,2119020310,15538,1171
28515.923673,2119028357,2119029501,15969,1144
28515.935692,2119037533,2119038677,15958,1144
28515.947707,2119046739,2119047912,15619,1173
28515.959742,2119055945,2119057093,15960,1148
28515.977776,2119069715,2119070862,15957,1147
28515.989794,2119078921,2119080095,15857,1174
28516.052912,2119127261,2119128408,15923,1147
28516.064934,2119136447,2119137619,15788,1172
28516.173136,2119219244,2119220412,15694,1168
28516.185169,2119228430,2119229573,15941,1143
28516.233254,2119265256,2119266400,15959,1144
28516.245272,2119274438,2119275602,15616,1164
28516.257308,2119283671,2119284841,15997,1170
28516.269323,2119292914,2119294061,15887,1147
28516.284359,2119304393,2119305541,15941,1148
28516.296376,2119313597,2119314743,15928,1146
28516.308392,2119322804,2119323966,15614,1162
28516.368513,2119368906,2119370054,15924,1148
28516.380534,2119378105,2119379253,15776,1148
28516.392566,2119387281,2119388452,16002,1171
28516.404581,2119396522,2119397694,15929,1172
28516.455686,2119435681,2119436824,16095,1143
28516.467705,2119444890,2119446039,15998,1149
28516.479723,2119454076,2119455222,15854,1146
28516.491754,2119463277,2119464424,16096,1147
28516.503770,2119472459,2119473632,15930,1173
28516.515787,2119481700,2119482848,15613,1148
28516.551856,2119509348,2119510491,15619,1143
28516.563891,2119518556,2119519703,16084,1147
28516.575906,2119527781,2119528953,15769,1172
28516.587924,2119536991,2119538133,15630,1142
28516.599960,2119546205,2119547376,16003,1171
28516.611975,2119555403,2119556549,15839,1146
28516.624005,2119564599,2119565765,15826,1166
28516.636029,2119573791,2119574962,16088,1171
28516.648044,2119582977,2119584124,16002,1147
28516.669079,2119599050,2119600193,15694,1143
28516.681112,2119608273,2119609444,15897,1171
28516.693130,2119617493,2119618641,15946,1148
28516.711165,2119631247,2119632399,15934,1152
28516.726197,2119642770,2119643917,16078,1147
28516.741216,2119654291,2119655458,15614,1167
28516.813353,2119709639,2119710807,15618,1168
28516.825386,2119718884,2119720032,16078,1148
28516.876474,2119758072,2119759220,15829,1148
28516.888509,2119767306,2119768452,16091,1146
28516.903524,2119778823,2119779985,15618,1162
28516.915562,2119788033,2119789179,16105,1146
28516.927575,2119797241,2119798388,15959,1147
28516.945610,2119811073,2119812243,16000,1170
28516.957628,2119820290,2119821428,15694,1138
28516.969663,2119829470,2119830617,16130,1147
28516.981680,2119838656,2119839828,15945,1172
28516.993696,2119847854,2119849026,15617,1172
28517.008730,2119859368,2119860515,16004,1147
28517.020761,2119868590,2119869757,15833,1167
28517.083868,2119916932,2119918075,15635,1143
28517.095903,2119926331,2119927501,16005,1170
28517.107919,2119935518,2119936666,15946,1148
28517.128953,2119951629,2119952794,15607,1165
28517.140989,2119960843,2119962012,16002,1169
28517.234159,2120032169,2120033313,15923,1144
28517.246177,2120041401,2120042567,15535,1166
28517.288262,2120073726,2120074874,16025,1148
28517.300279,2120082951,2120084123,15693,1172
28517.312315,2120092196,2120093342,16093,1146
28517.324329,2120101420,2120102593,15959,1173
28517.340361,2120115301,2120116452,16007,1151
28517.357403,2120126795,2120127962,16168,1167
28517.429537,2120182105,2120183251,16077,1146
28517.441554,2120191269,2120192416,15929,1147
28517.453571,2120200472,2120201644,15540,1172
28517.480626,2120221251,2120222396,15843,1145
28517.492658,2120230419,2120231589,16045,1170
28517.504673,2120239638,2120240787,15922,1149
28517.544754,2120272001,2120273148,16090,1147
28517.576812,2120295018,2120296165,15943,1147
28517.588828,2120304227,2120305393,15635,1166
28517.648948,2120350306,2120351455,15927,1149
28517.660962,2120359512,2120360676,15538,1164
28517.694033,2120384906,2120386053,15926,1147
28517.706052,2120394105,2120395248,15622,1143
28517.730102,2120412543,2120413690,15924,1147
28517.742119,2120421784,2120422946,15618,1162
28517.757154,2120433289,2120434439,15923,1150
28517.769175,2120442525,2120443698,15862,1173
28517.802239,2120467849,2120468997,16012,1148
28517.814269,2120477070,2120478231,15829,1161
28517.826292,2120486300,2120487447,16087,1147
28517.859343,2120511692,2120512829,15696,1137
28517.871376,2120520855,2120522002,15943,1147
28517.883394,2120530059,2120531207,15944,1148
28517.895411,2120539277,2120540425,15617,1148
28517.913458,2120553087,2120554259,15747,1172
28517.925481,2120562343,2120563490,16008,1147
28517.964548,2120592266,2120593416,15861,1150
28517.976565,2120601507,2120602679,15632,1172
28517.988601,2120610751,2120611922,16090,1171
28518.064750,2120670710,2120671859,15858,1149
28518.120840,2120712278,2120713445,15693,1167
28518.132875,2120721533,2120722680,15964,1147
28518.168942,2120749169,2120750343,15941,1174
28518.180959,2120758422,2120759570,15941,1148
28518.269126,2120827717,2120828864,15945,1147
28518.313215,2120860023,2120861192,16076,1169
28518.325234,2120869291,2120870438,15937,1147
28518.346268,2120885543,2120886709,15617,1166
28518.373320,2120906306,2120907475,15633,1169
28518.385358,2120915531,2120916702,16090,1171
28518.397371,2120924775,2120925923,15926,1148
28518.475528,2120984870,2120986016,16095,1146
28518.487542,2120994062,2120995210,15928,1148
28518.499559,2121003256,2121004423,15657,1167
28518.517594,2121017037,2121018195,15606,1158
28518.529630,2121026264,2121027411,16098,1147
28518.547664,2121040149,2121041295,16089,1146
28518.559680,2121049329,2121050501,15776,1172
28518.571697,2121058527,2121059693,15551,1166
28518.589731,2121072401,2121073575,15612,1174
28518.601767,2121081653,2121082800,16088,1147
28518.637836,2121109219,2121110366,16097,1147
28518.649851,2121118462,2121119609,15934,1147
28518.692933,2121153079,2121154227,16009,1148
28518.737024,2121185421,2121186567,16091,1146
28518.749039,2121194630,2121195775,15925,1145
28518.797126,2121231554,2121232728,15617,1174
28518.809158,2121240755,2121241925,15990,1170
28518.821177,2121249977,2121251126,15922,1149
28518.899333,2121309929,2121311078,15970,1149
28518.911347,2121319207,2121320355,15960,1148
28518.923366,2121328409,2121329581,15619,1172
28518.935401,2121337603,2121338774,16086,1171
28518.947419,2121346842,2121348014,15928,1172
28518.959438,2121356075,2121357221,15857,1146
28518.989504,2121379087,2121380234,16088,1147
28519.001520,2121388265,2121389436,15843,1171
28519.013538,2121397512,2121398680,15614,1168
28519.025573,2121406775,2121407946,16083,1171
28519.115744,2121476047,2121477196,15968,1149
28519.127760,2121485218,2121486389,15925,1171
28519.139774,2121494413,2121495580,15581,1167
28519.151815,2121503643,2121504790,16004,1147
28519.163830,2121512881,2121514029,15942,1148
28519.175846,2121522100,2121523266,15536,1166
28519.187882,2121531295,2121532441,16092,1146
28519.199897,2121540545,2121541693,15928,1148
28519.211911,2121549746,2121550917,15581,1171
28519.231458,2121562086,2121562913,13793,827
28519.244334,2121568633,2121569269,12043,636
28519.261509,2121577776,2121578927,15636,1151
28519.273544,2121586970,2121588112,16087,1142
28519.285560,2121596120,2121597268,15904,1148
28519.303594,2121609962,2121611110,15864,1148
28519.315616,2121619163,2121620331,15648,1168
28519.327647,2121628397,2121629566,16171,1169
28519.345682,2121642250,2121643397,16172,1147
28519.357698,2121651482,2121652629,15957,1147
28519.369717,2121660690,2121661857,15583,1167
28519.423818,2121702304,2121703448,15625,1144
28519.435852,2121711469,2121712615,16084,1146
28519.447869,2121720651,2121721798,15933,1147
28519.459886,2121729831,2121731001,15624,1170
28519.471923,2121739032,2121740179,16085,1147
28519.483937,2121748277,2121749449,15839,1172
28519.495954,2121757529,2121758677,15623,1148
28519.507988,2121766710,2121767882,15846,1172
28519.520006,2121775896,2121777070,15946,1174
28519.532023,2121785120,2121786269,15623,1149
28519.544058,2121794364,2121795534,15995,1170
28519.556074,2121803597,2121804770,15959,1173
28519.568092,2121812910,2121814081,15536,1171
28519.580127,2121822109,2121823280,16002,1171
28519.592144,2121831370,2121832540,15931,1170
28519.604165,2121840564,2121841713,15862,1149
28519.616196,2121849759,2121850905,16090,1146
28519.628212,2121858934,2121860083,15931,1149
28519.640229,2121868121,2121869261,15626,1140
28519.652261,2121877291,2121878437,15992,1146
28519.664280,2121886513,2121887660,15921,1147
28519.676297,2121895762,2121896927,15623,1165
28519.688333,2121905028,2121906174,15999,1146
28519.700349,2121914256,2121915429,15861,1173
28519.712366,2121923513,2121924686,15559,1173
28519.724402,2121932807,2121933977,15998,1170
28519.737926,2121942095,2121943243,16123,1148
28519.749943,2121951266,2121952416,15941,1150
28519.761965,2121960479,2121961629,15931,1150
28519.773998,2121969699,2121970846,16086,1147
28519.786012,2121978919,2121980090,15932,1171
28519.798042,2121988145,2121989317,15758,1172
28519.816064,2122002069,2122003241,15621,1172
28519.828099,2122011371,2122012538,16085,1167
28519.840114,2122020616,2122021765,15933,1149
28519.852136,2122029819,2122030992,15861,1173
28519.864167,2122039045,2122040216,16171,1171
28519.888200,2122057588,2122058756,15613,1168
28519.900233,2122066858,2122068029,15988,1171
28519.912252,2122076131,2122077302,16010,1171
28519.924269,2122085402,2122086569,15541,1167
28519.936304,2122094665,2122095808,16091,1143
28519.948320,2122103911,2122105058,15865,1147
28519.960338,2122113144,2122114312,15634,1168
28519.975374,2122124690,2122125838,15948,1148
28519.987389,2122133893,2122135061,15623,1168
28519.999422,2122143120,2122144269,15993,1149
28520.011442,2122152305,2122153453,15924,1148
28520.023458,2122161515,2122162677,15704,1162
28520.035492,2122170711,2122171858,15967,1147
28520.047509,2122179917,2122181062,15851,1145
28520.059530,2122189123,2122190270,15828,1147
28520.084590,2122209909,2122211058,15829,1149
28520.107630,2122226106,2122227277,15962,1171
28520.119648,2122235342,2122236490,15943,1148
28520.131668,2122244604,2122245775,15839,1171
28520.143698,2122253862,2122255035,16039,1173
28520.155717,2122263172,2122264346,16024,1174
28520.167737,2122272406,2122273554,15837,1148
28520.179769,2122281717,2122282890,15872,1173
28520.191785,2122290978,2122292150,15853,1172
28520.203805,2122300187,2122301359,15832,1172
28520.215836,2122309424,2122310567,15809,1143
28520.227851,2122318606,2122319752,15945,1146
28520.239874,2122327811,2122328960,15911,1149
28520.251905,2122337015,2122338157,15869,1142
28520.263922,2122346195,2122347367,15853,1172
28520.275943,2122355399,2122356570,15789,1171
28520.287974,2122364608,2122365780,15808,1172
28520.299990,2122373839,2122374988,16023,1149
28520.312007,2122383092,2122384267,15835,1175
28520.324041,2122392312,2122393483,15915,1171
28520.336058,2122401583,2122402756,15882,1173
28520.348079,2122410871,2122412019,15843,1148
28520.360108,2122420117,2122421265,15810,1148
28520.372128,2122429347,2122430519,15935,1172
28520.385659,2122439770,2122440941,15973,1171
28520.397674,2122448980,2122450151,15839,1171
28520.409703,2122458289,2122459437,15909,1148
28520.421728,2122467479,2122468651,16074,1172
28520.433745,2122476720,2122477893,15832,1173
28520.445772,2122486005,2122487154,15904,1149
28520.520909,2122543892,2122545041,15965,1149
28520.532928,2122553100,2122554269,15632,1169
28520.553974,2122569303,2122570475,15948,1172
28520.565995,2122578646,2122579794,15966,1148
28520.581026,2122590167,2122591316,15949,1149
28520.593047,2122599431,2122600603,15856,1172
28520.621106,2122622648,2122623793,15623,1145
28520.638136,2122634206,2122635378,15853,1172
28520.650155,2122643469,2122644638,15723,1169
28520.662180,2122652769,2122653942,15962,1173
28520.674201,2122661970,2122663118,15973,1148
28520.686223,2122671197,2122672368,15615,1171
28520.701253,2122682772,2122683946,15930,1174
28520.725303,2122701292,2122702464,15972,1172
28520.737323,2122710520,2122711668,15960,1148
28520.788420,2122750039,2122751188,16073,1149
28520.800442,2122759252,2122760400,15932,1148
28520.816472,2122773117,2122774264,15954,1147
28520.836510,2122786964,2122788136,15967,1172
28520.848528,2122796247,2122797416,15520,1169
28520.860559,2122805566,2122806716,15962,1150
28520.881595,2122821726,2122822874,15963,1148
28520.893617,2122830928,2122832100,15831,1172
28520.905643,2122840137,2122841286,15949,1149
28520.917664,2122849394,2122850567,15970,1173
28520.941714,2122867898,2122869047,16072,1149
28520.953733,2122877127,2122878275,15970,1148
28520.983785,2122900385,2122901530,15631,1145
28520.995819,2122909567,2122910740,15876,1173
28521.007835,2122918876,2122920048,15968,1172
28521.019854,2122928157,2122929322,15631,1165
28521.031887,2122937428,2122938600,15829,1172
28521.043907,2122946703,2122947877,15952,1174
28521.055926,2122955957,2122957126,15643,1169
28521.067952,2122965203,2122966350,15951,1147
28521.079972,2122974405,2122975580,15972,1175
28521.091994,2122983652,2122984824,15910,1172
28521.104020,2122992909,2122994081,15862,1172
28521.116041,2123002188,2123003336,15967,1148
28521.128060,2123011439,2123012609,15550,1170
28521.140092,2123020737,2123021907,15956,1170
28521.152110,2123030018,2123031190,15959,1172
28521.200197,2123067175,2123068320,15598,1145
28521.212226,2123076405,2123077578,15900,1173
28521.224247,2123085680,2123086852,15966,1172
28521.236274,2123094959,2123096129,15635,1170
28521.248294,2123104206,2123105379,15947,1173
28521.260315,2123113512,2123114685,15961,1173
28521.329449,2123167048,2123168221,16030,1173
28521.341472,2123176302,2123177477,15951,1175
28521.353488,2123185613,2123186782,15630,1169
28521.365517,2123194906,2123196077,15942,1171
28521.377538,2123204123,2123205270,15962,1147
28521.404590,2123224965,2123226136,15969,1171
28521.416609,2123234223,2123235394,15593,1171
28521.443663,2123255140,2123256289,15835,1149
28521.455689,2123264363,2123265534,16030,1171
28521.467709,2123273664,2123274837,16005,1173
28521.512796,2123308618,2123309765,15964,1147
28521.524814,2123317859,2123319031,15557,1172
28521.545861,2123334071,2123335219,15950,1148
28521.557881,2123343371,2123344544,15965,1173
28521.572912,2123354973,2123356144,15949,1171
28521.584932,2123364281,2123365454,15844,1173
28521.596952,2123373596,2123374766,15522,1170
28521.611984,2123385221,2123386393,15879,1172
28521.624003,2123394578,2123395746,15550,1168
28521.636035,2123403854,2123405026,15995,1172
28521.672101,2123431638,2123432787,15941,1149
28521.684121,2123440847,2123441997,15859,1150
28521.696140,2123450103,2123451273,15592,1170
28521.708169,2123459378,2123460551,15944,1173
28521.720190,2123468610,2123469783,15971,1173
28521.732217,2123477895,2123479065,15715,1170
28521.744238,2123487267,2123488439,16026,1172
28521.756259,2123496593,2123497765,15973,1172
28521.768278,2123505845,2123507014,15592,1169
28521.780308,2123515097,2123516270,15801,1173
28521.792328,2123524329,2123525478,15934,1149
28521.804346,2123533636,2123534807,15553,1171
28521.816375,2123542934,2123544105,15945,1171
28521.828396,2123552223,2123553370,15966,1147
28521.840415,2123561551,2123562721,15637,1170
28521.885503,2123596493,2123597666,15826,1173
28521.897531,2123605803,2123606976,15945,1173
28521.984692,2123673362,2123674511,15830,1149
28521.996718,2123682591,2123683764,15903,1173
28522.008739,2123691948,2123693124,15960,1176
28522.023769,2123703577,2123704750,15947,1173
28522.035793,2123712874,2123714043,15955,1169
28522.047809,2123722083,2123723249,15632,1166
28522.059838,2123731352,2123732523,15945,1171
28522.071859,2123740576,2123741749,15963,1173
28522.083880,2123749929,2123751103,15905,1174
28522.107928,2123768535,2123769683,15974,1148
28522.119946,2123777848,2123779018,15680,1170
28522.131978,2123787064,2123788213,16081,1149
28522.143996,2123796297,2123797447,16051,1150
28522.156015,2123805574,2123806741,15636,1167
28522.168044,2123814770,2123815939,15949,1169
28522.180064,2123824039,2123825210,15863,1171
28522.192084,2123833369,2123834538,15601,1169
28522.204112,2123842617,2123843786,16028,1169
28522.216133,2123851841,2123853014,15964,1173
28522.228160,2123861177,2123862347,15713,1170
28522.240181,2123870509,2123871659,16030,1150
28522.252202,2123879773,2123880945,16054,1172
28522.264221,2123889161,2123890333,15677,1172
28522.276249,2123898448,2123899620,16028,1172
28522.288271,2123907754,2123908926,15937,1172
28522.300289,2123917030,2123918199,15635,1169
28522.324339,2123935641,2123936814,16049,1173
28522.336358,2123944985,2123946130,15597,1145
28522.348387,2123954204,2123955351,15949,1147
28522.360407,2123963509,2123964682,15875,1173
28522.424536,2124014778,2124015948,15688,1170
28522.444564,2124028829,2124029998,15706,1169
28522.456592,2124038131,2124039303,15947,1172
28522.528735,2124093974,2124095146,16096,1172
28522.540750,2124103305,2124104477,16051,1172
28522.576819,2124131287,2124132462,15857,1175
28522.588835,2124140654,2124141822,15563,1168
28522.600869,2124149982,2124151154,15976,1172
28522.612888,2124159233,2124160405,15974,1172
28522.633923,2124175577,2124176750,15631,1173
28522.645953,2124185048,2124186221,15952,1173
28522.694042,2124222375,2124223547,15960,1172
28522.706061,2124231674,2124232843,15711,1169
28522.718090,2124240972,2124242144,16033,1172
28522.730113,2124250303,2124251476,16033,1173
28522.793230,2124299258,2124300431,15961,1173
28522.805249,2124308645,2124309812,15632,1167
28522.829302,2124327302,2124328473,15953,1171
28522.841318,2124336578,2124337747,15635,1169
28522.859352,2124350695,2124351840,15631,1145
28522.871381,2124359950,2124361121,15950,1171
28522.883403,2124369229,2124370374,16018,1145
28522.895425,2124378451,2124379620,15650,1169
28522.907452,2124387750,2124388923,15889,1173
28522.919471,2124397102,2124398273,15940,1171
28522.931490,2124406350,2124407497,15682,1147
28522.943518,2124415599,2124416772,15946,1173
28522.955540,2124424834,2124426002,15967,1168
28522.967558,2124434120,2124435267,15673,1147
28522.985596,2124447994,2124449164,15616,1170
28522.997621,2124457273,2124458447,15863,1174
28523.012647,2124468923,2124470072,15823,1149
28523.024676,2124478203,2124479377,15994,1174
28523.048712,2124496813,2124497980,15625,1167
28523.060742,2124506165,2124507339,15946,1174
28523.072762,2124515453,2124516625,15865,1172
28523.111832,2124545752,2124546897,15631,1145
28523.123865,2124555003,2124556172,16000,1169
28523.135882,2124564230,2124565379,15969,1149
28523.147901,2124573458,2124574605,15634,1147
28523.159930,2124582731,2124583881,15945,1150
28523.180969,2124599026,2124600202,15927,1176
28523.192987,2124608377,2124609522,15633,1145
28523.256107,2124657252,2124658422,15634,1170
28523.268136,2124666565,2124667738,15860,1173
28523.280158,2124675938,2124677111,15932,1173
28523.292176,2124685432,2124686577,15630,1145
28523.304205,2124694684,2124695831,15960,1147
28523.316225,2124703907,2124705080,15975,1173
28523.328244,2124713272,2124714441,15591,1169
28523.340273,2124722590,2124723763,15951,1173
28523.352293,2124731897,2124733069,15965,1172
28523.364313,2124741247,2124742418,15710,1171
28523.376346,2124750575,2124751748,15963,1173
28523.460499,2124815774,2124816946,15920,1172
28523.472521,2124825283,2124826457,15826,1174
28523.484548,2124834610,2124835782,16036,1172
28523.589741,2124916259,2124917431,15624,1172
28523.601771,2124925586,2124926755,15950,1169
28523.625810,2124944214,2124945385,15700,1171
28523.637839,2124953487,2124954657,15954,1170
28523.667894,2124976664,2124977814,15863,1150
28523.679913,2124985940,2124987086,15595,1146
28523.691942,2124995206,2124996381,15952,1175
28523.703964,2125004427,2125005571,16047,1144
28523.715989,2125013708,2125014854,15633,1146
28523.734016,2125027656,2125028826,15620,1170
28523.746045,2125037001,2125038174,15860,1173
28523.801148,2125081427,2125082599,15959,1172
28523.848235,2125116405,2125117552,15939,1147
28523.860256,2125125689,2125126861,15627,1172
28523.872289,2125135000,2125136173,15964,1173
28523.884305,2125144388,2125145560,15964,1172
28523.896324,2125153711,2125154882,15705,1171
28523.911357,2125165386,2125166559,15965,1173
28523.923376,2125174667,2125175838,15627,1171
28523.935405,2125183917,2125185065,15955,1148
28523.947425,2125193241,2125194415,15964,1174
28523.959444,2125202517,2125203665,15623,1148
28524.016563,2125246724,2125247873,16077,1149
28524.028580,2125256042,2125257190,15971,1148
28524.040599,2125265336,2125266505,15704,1169
28524.055631,2125277010,2125278183,15965,1173
28524.073667,2125290955,2125292128,15976,1173
28524.085687,2125300349,2125301520,15630,1171
28524.097714,2125309620,2125310769,15951,1149
28524.124765,2125330520,2125331692,15949,1172
28524.136786,2125339848,2125341019,15965,1171
28524.224954,2125410132,2125411305,15964,1173
28524.236983,2125419483,2125420654,15662,1171
28524.284062,2125454525,2125455696,15626,1171
28524.296091,2125463792,2125464965,15954,1173
28524.308111,2125473150,2125474323,15957,1173
28524.332160,2125491857,2125493030,15955,1173
28524.344180,2125501192,2125502365,15966,1173
28524.356199,2125510499,2125511669,15626,1170
28524.368233,2125519758,2125520931,15966,1173
28524.380249,2125529118,2125530291,15972,1173
28524.392267,2125538474,2125539646,15629,1172
28524.404299,2125547774,2125548940,15810,1166
28524.440365,2125575797,2125576969,15946,1172
28524.452385,2125585131,2125586304,15962,1173
28524.464408,2125594456,2125595633,15741,1177
28524.488454,2125613144,2125614321,15877,1177
28524.500473,2125622753,2125623899,15626,1146
28524.512506,2125632078,2125633250,15996,1172
28524.524523,2125641403,2125642572,15965,1169
28524.548571,2125660083,2125661256,15950,1173
28524.560592,2125669383,2125670531,15858,1148
28524.572611,2125678666,2125679837,15518,1171
28524.647760,2125737135,2125738312,15955,1177
28524.659780,2125746525,2125747673,15857,1148
28524.671800,2125755812,2125756984,15602,1172
28524.692846,2125772150,2125773299,15949,1149
28524.704866,2125781421,2125782590,15964,1169
28524.743936,2125811808,2125812953,15626,1145
28524.755967,2125821058,2125822231,15948,1173
28524.767987,2125830377,2125831550,15934,1173
28524.780005,2125839750,2125840920,15707,1170
28524.792034,2125849137,2125850314,16035,1177
28524.813074,2125865479,2125866651,16029,1172
28524.825091,2125874836,2125876006,15628,1170
28524.858157,2125900596,2125901769,15940,1173
28524.870177,2125909937,2125911104,15677,1167
28524.885209,2125921664,2125922833,15881,1169
28524.897228,2125930967,2125932137,15512,1170
28524.909260,2125940280,2125941453,15995,1173
28524.945325,2125968302,2125969475,15945,1173
28524.957346,2125977659,2125978832,15858,1173
28524.996417,2126007901,2126009048,15628,1147
28525.008449,2126017231,2126018403,16004,1172
28525.032486,2126035872,2126037018,15673,1146
28525.044517,2126045233,2126046400,15775,1167
28525.068554,2126063877,2126065043,15596,1166
28525.080583,2126073243,2126074415,15955,1172
28525.095605,2126084899,2126086069,15547,1170
28525.107639,2126094409,2126095581,15995,1172
28525.119654,2126103725,2126104897,15872,1172
28525.131674,2126113056,2126114225,15551,1169
28525.152720,2126129444,2126130612,15949,1168
28525.164742,2126138803,2126139978,15850,1175
28525.179772,2126150486,2126151659,15954,1173
28525.191792,2126159818,2126160991,15965,1173
28525.203819,2126169148,2126170290,15711,1142
28525.221845,2126183110,2126184281,15626,1171
28525.233874,2126192411,2126193584,15953,1173
28525.281963,2126229791,2126230964,15963,1173
28525.293983,2126239171,2126240341,15630,1170
28525.309018,2126250870,2126252043,15954,1173
28525.321034,2126260281,2126261456,15705,1175
28525.336067,2126271959,2126273131,15969,1172
28525.384154,2126309330,2126310473,15709,1143
28525.396183,2126318630,2126319803,16033,1173
28525.408207,2126327939,2126329111,15958,1172
28525.420223,2126337274,2126338443,15594,1169
28525.432251,2126346660,2126347835,15949,1175
28525.444272,2126356047,2126357220,15964,1173
28525.456294,2126365382,2126366555,15757,1173
28525.468323,2126374713,2126375887,15940,1174
28525.492360,2126393309,2126394478,15634,1169
28525.504393,2126402686,2126403858,16012,1172
28525.516409,2126411998,2126413170,15876,1172
28525.528429,2126421560,2126422732,15630,1172
28525.592559,2126472944,2126474117,15979,1173
28525.639646,2126507994,2126509142,16031,1148
28525.651667,2126517329,2126518502,15851,1173
28525.663686,2126526691,2126527863,15592,1172
28525.675715,2126535971,2126537144,15947,1173
28525.687735,2126545250,2126546424,16037,1174
28525.735823,2126582637,2126583803,15700,1166
28525.747851,2126591946,2126593119,15948,1173
28525.759873,2126601314,2126602463,15932,1149
28525.771895,2126610555,2126611725,15566,1170
28525.783921,2126619855,2126621003,15954,1148
28525.795942,2126629195,2126630367,15942,1172
28525.807960,2126638587,2126639757,15550,1170
28525.819991,2126647887,2126649058,15974,1171
28525.832010,2126657171,2126658343,15964,1172
28525.844029,2126666505,2126667676,15548,1171
28525.856062,2126675865,2126677039,15874,1174
28525.868078,2126685260,2126686433,15923,1173
28525.889118,2126701638,2126702809,15665,1171
28525.901148,2126711019,2126712191,16017,1172
28525.940215,2126741381,2126742553,16048,1172
28525.952237,2126750789,2126751960,15826,1171
28525.964264,2126760116,2126761288,15959,1172
28525.976280,2126769416,2126770591,15882,1175
28525.988303,2126778805,2126779978,15625,1173
28526.009349,2126795193,2126796366,16037,1173
28526.021365,2126804524,2126805699,15965,1175
28526.111541,2126874663,2126875835,15965,1172
28526.123564,2126883974,2126885145,15643,1171
28526.141594,2126897997,2126899168,15619,1171
28526.153627,2126907324,2126908496,15962,1172
28526.183678,2126930703,2126931876,15964,1173
28526.195705,2126940032,2126941203,15710,1171
28526.207726,2126949339,2126950514,15865,1175
28526.228764,2126965750,2126966922,15954,1172
28526.240787,2126975081,2126976252,15644,1171
28526.321937,2127038200,2127039373,15628,1173
28526.333967,2127047544,2127048716,15951,1172
28526.348991,2127059246,2127060422,15822,1176
28526.361018,2127068592,2127069766,15951,1174
28526.376040,2127080276,2127081447,15629,1171
28526.388070,2127089632,2127090805,15958,1173
28526.400092,2127098991,2127100163,15953,1172
28526.412109,2127108319,2127109491,15634,1172
28526.424138,2127117673,2127118845,15947,1172
28526.436158,2127127033,2127128205,15878,1172
28526.448179,2127136374,2127137547,15822,1173
28526.460209,2127145731,2127146905,15811,1174
28526.472227,2127155104,2127156277,15966,1173
28526.484246,2127164496,2127165668,15628,1172
28526.496279,2127173850,2127175023,15998,1173
28526.508295,2127183153,2127184326,16046,1173
28526.529332,2127199566,2127200737,15701,1171
28526.541361,2127208923,2127210097,16034,1174
28526.556386,2127220637,2127221786,15905,1149
28526.568412,2127230012,2127231184,15952,1172
28526.631533,2127279049,2127280222,15955,1173
28526.643551,2127288361,2127289533,15907,1172
28526.655585,2127297754,2127298927,15908,1173
28526.667604,2127307092,2127308270,15859,1178
28526.679620,2127316482,2127317656,15759,1174
28526.691651,2127325869,2127327043,15827,1174
28526.703674,2127335262,2127336436,15883,1174
28526.715690,2127344651,2127345824,15883,1173
28526.736726,2127361061,2127362233,15624,1172
28526.748759,2127370398,2127371571,15880,1173
28526.760776,2127379704,2127380881,15957,1177
28526.772795,2127389155,2127390325,15626,1170
28526.793844,2127405530,2127406698,15998,1168
28526.805862,2127414881,2127416053,15878,1172
28526.817881,2127424238,2127425410,15629,1172
28526.835915,2127438287,2127439455,15630,1168
28526.859964,2127457018,2127458192,15959,1174
28526.871984,2127466410,2127467585,15628,1175
28526.884015,2127475749,2127476917,15729,1168
28526.896036,2127485121,2127486295,15863,1174
28526.908052,2127494499,2127495670,15630,1171
28526.920081,2127503855,2127505030,15947,1175
28526.932101,2127513244,2127514416,15965,1172
28526.944123,2127522632,2127523809,15826,1177
28526.956150,2127531989,2127533164,15950,1175
28526.968170,2127541350,2127542522,15963,1172
28526.986205,2127555411,2127556585,15961,1174
28526.998226,2127564855,2127566026,15594,1171
28527.049326,2127604614,2127605790,15939,1176
28527.061344,2127613996,2127615167,15629,1171
28527.073373,2127623331,2127624507,15954,1176
28527.172561,2127700676,2127701826,15957,1150
28527.184581,2127710026,2127711202,15830,1176
28527.208630,2127728796,2127729970,15958,1174
28527.220650,2127738132,2127739306,16005,1174
28527.283771,2127787378,2127788552,16050,1174
28527.295789,2127796767,2127797937,15589,1170
28527.307821,2127806118,2127807291,15727,1173
28527.325857,2127820192,2127821365,15960,1173
28527.337873,2127829479,2127830653,15857,1174
28527.385968,2127866996,2127868166,15710,1170
28527.397996,2127876498,2127877675,15970,1177
28527.422029,2127895272,2127896443,15622,1171
28527.434061,2127904610,2127905782,15886,1172
28527.449085,2127916339,2127917509,15611,1170
28527.494167,2127951484,2127952655,15629,1171
28527.506196,2127960843,2127962017,15951,1174
28527.596367,2128031199,2128032372,15953,1173
28527.608389,2128040940,2128042113,15850,1173
28527.635439,2128062058,2128063235,15855,1177
28527.656472,2128078472,2128079618,15586,1146
28527.668504,2128087823,2128088998,15956,1175
28527.701561,2128113638,2128114808,15628,1170
28527.713590,2128123002,2128124176,15947,1174
28527.803762,2128193237,2128194411,15951,1174
28527.817287,2128204154,2128205326,15955,1172
28527.880407,2128253308,2128254481,15957,1173
28527.892429,2128262675,2128263847,15939,1172
28527.908459,2128276687,2128277862,16045,1175
28527.985604,2128335301,2128336474,15824,1173
28527.997632,2128344611,2128345784,15808,1173
28528.009651,2128353957,2128355130,15876,1173
28528.021173,2128364838,2128366011,15883,1173
28528.104331,2128428136,2128429310,16092,1174
28528.116350,2128437530,2128438677,15632,1147
28528.215539,2128514945,2128516116,15633,1171
28528.227567,2128524663,2128525836,16032,1173
28528.239590,2128534005,2128535179,15937,1174
28528.293691,2128576145,2128577319,15963,1174
28528.307218,2128583784,2128584608,13696,824
28528.320332,2128590435,2128591071,12061,636
28528.334269,2128597306,2128598449,15909,1143
28528.352302,2128611086,2128612236,15968,1150
28528.364322,2128620304,2128621476,15602,1172
28528.379354,2128632004,2128633177,15858,1173
28528.391373,2128641312,2128642486,15516,1174
28528.403402,2128650698,2128651871,15862,1173
28528.415422,2128660085,2128661257,15886,1172
28528.427445,2128669424,2128670595,15673,1171
28528.439471,2128678803,2128679976,15938,1173
28528.451492,2128688186,2128689359,15973,1173
28528.463510,2128697578,2128698749,15602,1171
28528.475539,2128706893,2128708063,16030,1170
28528.487559,2128716277,2128717449,15879,1172
28528.499583,2128725579,2128726749,15650,1170
28528.559698,2128772330,2128773504,15929,1174
28528.571719,2128781717,2128782888,15670,1171
28528.583751,2128791117,2128792288,15979,1171
28528.595766,2128800505,2128801679,15969,1174
28528.607785,2128809861,2128811004,15602,1143
28528.619816,2128819168,2128820341,15962,1173
28528.637850,2128833326,2128834498,15971,1172
28528.649868,2128842663,2128843834,15967,1171
28528.676920,2128863772,2128864921,15865,1149
28528.688939,2128873146,2128874317,15599,1171
28528.740040,2128912887,2128914060,15963,1173
28528.752059,2128922275,2128923446,15553,1171
28528.764087,2128931661,2128932835,15941,1174
28528.777117,2128943394,2128944567,15807,1173
28528.800156,2128959812,2128960984,15964,1172
28528.813686,2128969278,2128970452,16048,1174
28528.825703,2128978640,2128979815,15934,1175
28528.837727,2128988014,2128989189,15853,1175
28528.849750,2128997380,2128998551,15942,1171
28528.861771,2129006766,2129007940,15961,1174
28528.873798,2129016102,2129017272,15708,1170
28528.885821,2129025485,2129026658,15966,1173
28528.903854,2129039516,2129040693,15941,1177
28528.915874,2129048906,2129050055,15963,1149
28528.927896,2129058279,2129059453,15911,1174
28528.939926,2129067645,2129068818,16068,1173
28528.951943,2129077041,2129078214,15968,1173
28528.969977,2129091121,2129092295,15961,1174
28528.981999,2129100516,2129101689,15833,1173
28528.994030,2129109896,2129111070,15832,1174
28529.006050,2129119258,2129120428,15957,1170
28529.033099,2129140405,2129141577,16020,1172
28529.045120,2129149787,2129150960,15714,1173
28529.066164,2129166182,2129167354,15922,1172
28529.078186,2129175545,2129176718,15862,1173
28529.090199,2129184930,2129186102,15515,1172
28529.102233,2129194214,2129195388,15963,1174
28529.114251,2129203609,2129204781,15966,1172
28529.129287,2129215345,2129216513,15882,1168
28529.141306,2129224724,2129225898,15951,1174
28529.153325,2129234085,2129235257,15645,1172
28529.168354,2129245782,2129246954,15974,1172
28529.180373,2129255169,2129256345,15627,1176
28529.192402,2129264571,2129265744,15943,1173
28529.204423,2129273970,2129275143,15961,1173
28529.240491,2129302097,2129303270,15960,1173
28529.252514,2129311660,2129312830,15649,1170
28529.267543,2129323363,2129324538,15962,1175
28529.291591,2129342140,2129343313,15945,1173
28529.303612,2129351507,2129352682,15962,1175
28529.315633,2129360893,2129362063,15634,1170
28529.327664,2129370283,2129371456,15960,1173
28529.339683,2129379633,2129380805,16029,1172
28529.351699,2129389021,2129390196,15629,1175
28529.363732,2129398408,2129399577,15840,1169
28529.375751,2129407797,2129408969,15982,1172
28529.387773,2129417153,2129418327,15813,1174
28529.399799,2129426517,2129427687,15907,1170
28529.417830,2129440537,2129441713,15939,1176
28529.429853,2129449939,2129451112,15935,1173
28529.441873,2129459283,2129460457,15829,1174
28529.453904,2129468660,2129469834,15991,1174
28529.465921,2129478001,2129479173,15970,1172
28529.480951,2129489712,2129490885,15940,1173
28529.492968,2129499093,2129500266,15801,1173
28529.514007,2129515538,2129516709,15629,1171
28529.532042,2129529633,2129530805,15672,1172
28529.544071,2129539017,2129540190,15966,1173
28529.556092,2129548403,2129549576,15967,1173
28529.568119,2129557791,2129558962,15714,1171
28529.589158,2129574193,2129575367,15768,1174
28529.601177,2129583562,2129584737,15878,1175
28529.625230,2129602346,2129603520,15964,1174
28529.637246,2129611731,2129612904,15877,1173
28529.652277,2129623461,2129624636,15858,1175
28529.664297,2129632839,2129634013,15963,1174
28529.676317,2129642226,2129643397,15634,1171
28529.688345,2129651607,2129652780,15855,1173
28529.700367,2129660944,2129662117,15969,1173
28529.712385,2129670315,2129671486,15596,1171
28529.724418,2129679705,2129680880,15869,1175
28529.757471,2129705505,2129706679,15629,1174
28529.769503,2129714891,2129716069,16030,1178
28529.800563,2129740686,2129741860,15822,1174
28529.835623,2129766515,2129767688,15964,1173
28529.847642,2129775906,2129777081,15634,1175
28529.859673,2129785376,2129786551,16048,1175
28529.871695,2129794773,2129795949,16028,1176
28529.883711,2129804161,2129805332,15632,1171
28529.895740,2129813551,2129814725,15857,1174
28529.907761,2129822940,2129824114,15964,1174
28529.919782,2129832328,2129833501,15741,1173
28529.931811,2129841690,2129842863,15807,1173
28529.943830,2129851080,2129852259,15967,1179
28529.955848,2129860477,2129861649,15627,1172
28529.967880,2129869819,2129870992,15944,1173
28529.979899,2129879206,2129880380,15864,1174
28529.992929,2129890944,2129892118,15852,1174
28530.034000,2129921469,2129922644,15879,1175
28530.046020,2129930856,2129932028,15630,1172
28530.058050,2129940248,2129941423,15857,1175
28530.070072,2129949652,2129950825,15905,1173
28530.082088,2129959020,2129960190,15709,1170
28530.106138,2129977796,2129978971,16047,1175
28530.118159,2129987196,2129988370,15922,1174
28530.133190,2129998932,2130000107,15968,1175
28530.154226,2130015372,2130016546,15634,1174
28530.166257,2130024765,2130025937,15990,1172
28530.181277,2130036507,2130037678,15626,1171
28530.193305,2130045898,2130047073,15946,1175
28530.217348,2130064679,2130065855,15827,1176
28530.229377,2130074068,2130075242,15994,1174
28530.256426,2130095172,2130096346,15940,1174
28530.268447,2130104640,2130105814,15964,1174
28530.280465,2130114035,2130115206,15629,1171
28530.292494,2130123422,2130124595,15870,1173
28530.313532,2130139841,2130141015,15856,1174
28530.325554,2130149240,2130150412,15610,1172
28530.337580,2130158624,2130159798,15945,1174
28530.352603,2130170367,2130171539,15625,1172
28530.364636,2130179729,2130180904,16012,1175
28530.376652,2130189123,2130190297,15943,1174
28530.409717,2130214935,2130216110,15856,1175
28530.421739,2130224336,2130225510,15850,1174
28530.445786,2130243116,2130244290,15857,1174
28530.457807,2130252503,2130253677,15967,1174
28530.469827,2130261837,2130263007,15627,1170
28530.481858,2130271245,2130272417,15898,1172
28530.493882,2130280640,2130281813,15910,1173
28530.505897,2130290004,2130291178,15840,1174
28530.560005,2130332275,2130333446,15679,1171
28530.572025,2130341662,2130342836,15940,1174
28530.584047,2130351056,2130352230,15970,1174
28530.602081,2130365141,2130366314,15958,1173
28530.614102,2130374483,2130375656,15756,1173
28530.638149,2130393262,2130394438,15962,1176
28530.650168,2130402649,2130403825,15628,1176
28530.662200,2130412035,2130413209,15986,1174
28530.674218,2130421423,2130422596,15964,1173
28530.686237,2130431163,2130432338,15629,1175
28530.779420,2130503914,2130505089,16026,1175
28530.791442,2130513286,2130514460,15911,1174
28530.803460,2130522685,2130523856,15629,1171
28530.815493,2130532081,2130533254,15959,1173
28530.827509,2130541469,2130542642,16047,1173
28530.839528,2130550847,2130552019,15700,1172
28530.881612,2130583693,2130584865,15925,1172
28530.893633,2130593200,2130594371,15632,1171
28530.911669,2130607267,2130608442,15845,1175
28530.923695,2130616662,2130617836,15862,1174
28530.935715,2130626059,2130627232,15961,1173
28530.947734,2130635447,2130636619,15637,1172
28530.959766,2130644829,2130646004,15989,1175
28530.971784,2130654225,2130655398,15965,1173
28530.989818,2130668311,2130669484,15920,1173
28531.001842,2130677702,2130678880,15827,1178
28531.025887,2130696443,2130697617,15970,1174
28531.037906,2130705829,2130707000,15634,1171
28531.049935,2130715211,2130716387,15947,1176
28531.061959,2130724616,2130725790,15956,1174
28531.073975,2130734003,2130735173,15633,1170
28531.086003,2130743377,2130744552,15940,1175
28531.104037,2130757476,2130758650,15942,1174
28531.116060,2130766880,2130768054,16015,1174
28531.128081,2130776269,2130777441,15647,1172
28531.140106,2130785658,2130786832,15949,1174
28531.152127,2130795046,2130796220,15963,1174
28531.164149,2130804441,2130805612,15643,1171
28531.182180,2130818525,2130819695,15625,1170
28531.194209,2130827917,2130829093,15861,1176
28531.221260,2130849056,2130850231,15938,1175
28531.233281,2130858452,2130859625,15963,1173
28531.251315,2130872540,2130873717,16044,1177
28531.263335,2130881938,2130883108,15552,1170
28531.281369,2130896019,2130897187,15631,1168
28531.293398,2130905404,2130906579,15860,1175
28531.305418,2130914812,2130915988,15933,1176
28531.317443,2130924218,2130925389,15715,1171
28531.365535,2130961789,2130962962,15944,1173
28531.377556,2130971183,2130972357,15963,1174
28531.413626,2130999362,2131000532,15938,1170
28531.425643,2131008757,2131009930,15517,1173
28531.479746,2131050996,2131052171,15630,1175
28531.491777,2131060384,2131061558,15722,1174
28531.503798,2131069784,2131070957,15769,1173
28531.516826,2131081524,2131082697,15942,1173
28531.593967,2131140181,2131141355,15966,1174
28531.605989,2131149585,2131150758,15746,1173
28531.618016,2131158981,2131160156,15949,1175
28531.633037,2131170734,2131171906,15622,1172
28531.645067,2131180124,2131181299,15941,1175
28531.669109,2131198905,2131200077,15911,1172
28531.681137,2131208292,2131209464,15807,1172
28531.693156,2131217683,2131218857,15967,1174
28531.705177,2131227077,2131228250,15826,1173
28531.726220,2131243523,2131244697,15936,1174
28531.738243,2131252925,2131254102,15963,1177
28531.753275,2131264673,2131265847,15994,1174
28531.765293,2131274064,2131275238,15968,1174
28531.777315,2131283463,2131284638,15630,1175
28531.789341,2131292845,2131294023,16024,1178
28531.816392,2131313977,2131315151,16028,1174
28531.828413,2131323373,2131324547,15957,1174
28531.885518,2131367950,2131369122,15628,1172
28531.897547,2131377339,2131378510,15947,1171
28531.912569,2131389085,2131390257,15556,1172
28531.924598,2131398483,2131399657,15949,1174
28531.936619,2131407875,2131409053,15964,1178
28531.948646,2131417282,2131418453,15717,1171
28531.960667,2131426670,2131427848,15859,1178
28531.972688,2131436067,2131437241,15883,1174
28531.999739,2131457199,2131458374,15690,1175
28532.011758,2131466597,2131467769,15604,1172
28532.023787,2131475987,2131477161,15861,1174
28532.035808,2131485376,2131486549,15878,1173
28532.056844,2131501818,2131502993,15628,1175
28532.068872,2131511216,2131512390,15948,1174
28532.119964,2131551137,2131552309,15706,1172
28532.131997,2131560715,2131561889,15875,1174
28532.144013,2131570107,2131571280,15873,1173
28532.156032,2131579500,2131580673,15548,1173
28532.168061,2131588886,2131590060,15944,1174
28532.186095,2131602977,2131604150,15936,1173
28532.198116,2131612365,2131613538,15767,1173
28532.240198,2131645233,2131646408,15949,1175
28532.252222,2131654626,2131655800,15863,1174
28532.264238,2131664020,2131665189,15633,1169
28532.276269,2131673406,2131674579,15722,1173
28532.291290,2131685144,2131686316,15630,1172
28532.324357,2131710976,2131712154,16015,1178
28532.336375,2131720534,2131721705,15705,1171
28532.348407,2131729922,2131731096,15992,1174
28532.411524,2131779237,2131780412,15945,1175
28532.423545,2131788631,2131789808,15959,1177
28532.437070,2131799376,2131800549,16047,1173
28532.453104,2131813469,2131814642,15903,1173
28532.533256,2131874524,2131875702,15948,1178
28532.545278,2131883931,2131885107,15853,1176
28532.557296,2131893335,2131894508,15596,1173
28532.569324,2131902729,2131903902,15862,1173
28532.659496,2131973155,2131974330,15953,1175
28532.671516,2131982548,2131983722,15969,1174
28532.683535,2131991939,2131993112,15628,1173
28532.743653,2132038907,2132040081,15853,1174
28532.755677,2132048317,2132049489,15615,1172
28532.767704,2132057704,2132058879,15948,1175
28532.779722,2132067099,2132068272,15877,1173
28532.791749,2132076494,2132077666,15629,1172
28532.803770,2132085883,2132087058,15948,1175
28532.815791,2132095272,2132096446,15878,1174
28532.833825,2132109362,2132110536,15962,1174
28532.845847,2132118765,2132119940,15741,1175
28532.875908,2132142240,2132143415,15946,1175
28532.887929,2132151643,2132152817,15935,1174
28532.899947,2132161037,2132162208,15705,1171
28532.917981,2132175128,2132176300,15622,1172
28532.930010,2132184518,2132185690,16033,1172
28532.948049,2132198613,2132199792,16049,1179
28532.960066,2132208028,2132209202,15936,1174
28532.972084,2132217414,2132218586,15630,1172
28532.984113,2132226798,2132227976,15863,1178
28532.996136,2132236206,2132237379,15950,1173
28533.044224,2132273760,2132274935,15828,1175
28533.056250,2132283152,2132284327,15951,1175
28533.068271,2132292544,2132293718,15969,1174
28533.080290,2132301941,2132303111,15673,1170
28533.092322,2132311331,2132312506,15995,1175
28533.107341,2132323089,2132324261,15711,1172
28533.119373,2132332474,2132333648,15724,1174
28533.131391,2132341866,2132343040,15970,1174
28533.143413,2132351262,2132352436,15848,1174
28533.155441,2132360737,2132361912,15967,1175
28533.167460,2132370141,2132371315,15875,1174
28533.179479,2132379556,2132380726,15625,1170
28533.191511,2132388946,2132390123,15994,1177
28533.203528,2132398335,2132399511,15961,1176
28533.215547,2132407748,2132408922,15625,1174
28533.308731,2132480552,2132481725,15949,1173
28533.320751,2132489953,2132491127,15963,1174
28533.353816,2132515788,2132516963,15954,1175
28533.365839,2132525197,2132526370,15889,1173
28533.377856,2132534597,2132535768,15627,1171
28533.408920,2132560423,2132561598,15961,1175
28533.513113,2132640270,2132641442,15628,1172
28533.525142,2132649661,2132650834,15903,1173
28533.561211,2132677846,2132679022,15949,1176
28533.573230,2132687311,2132688484,15960,1173
28533.615316,2132720182,2132721355,15956,1173
28533.627334,2132729579,2132730753,15962,1174
28533.639356,2132738969,2132740142,15822,1173
28533.676432,2132769508,2132770681,15944,1173
28533.717506,2132800034,2132801214,15963,1180
28533.729525,2132809443,2132810616,15546,1173
28533.768605,2132839969,2132841144,15947,1175
28533.780627,2132849377,2132850551,15939,1174
28533.801662,2132865823,2132866994,15628,1171
28533.813691,2132875213,2132876387,15949,1174
28533.825712,2132884617,2132885791,15967,1174
28533.837733,2132894019,2132895192,15841,1173
28533.864782,2132915149,2132916321,15587,1172
28533.876811,2132924545,2132925723,15864,1178
28533.888835,2132933948,2132935124,15952,1176
28533.927902,2132964488,2132965662,15629,1174
28533.939935,2132973898,2132975077,15966,1179
28533.951951,2132983327,2132984501,15879,1174
28533.963970,2132992728,2132993901,15631,1173
28533.976000,2133002118,2133003292,15913,1174
28533.994034,2133016246,2133017421,15958,1175
28534.006055,2133025649,2133026824,15972,1175
28534.036111,2133049129,2133050305,15835,1176
28534.048137,2133058531,2133059705,15955,1174
28534.066171,2133072615,2133073791,15945,1176
28534.078191,2133082013,2133083187,15960,1174
28534.136327,2133129015,2133130190,15960,1175
28534.180390,2133161919,2133163093,15718,1174
28534.192411,2133171448,2133172623,15963,1175
28534.204432,2133180850,2133182025,15971,1175
28534.240502,2133209048,2133210222,16020,1174
28534.252519,2133218445,2133219617,15666,1172
28534.264548,2133227837,2133229012,15950,1175
28534.312637,2133265413,2133266585,15961,1172
28534.324657,2133274807,2133275979,15553,1172
28534.340702,2133288900,2133290072,15592,1172
28534.375758,2133314738,2133315913,16052,1175
28534.387776,2133324129,2133325302,15669,1173
28534.399810,2133333534,2133334710,15956,1176
28534.411826,2133342936,2133344108,15878,1172
28534.423849,2133352329,2133353501,15645,1172
28534.435878,2133361726,2133362904,15965,1178
28534.447895,2133371124,2133372298,15961,1174
28534.468931,2133387570,2133388743,15622,1173
28534.480963,2133396961,2133398139,15994,1178
28534.556101,2133455694,2133456869,15965,1175
28534.568119,2133465093,2133466264,15590,1171
28534.580152,2133474484,2133475660,16006,1176
28534.592169,2133483888,2133485065,15972,1177
28534.613205,2133500333,2133501504,15628,1171
28534.625234,2133509731,2133510906,15868,1175
28534.637257,2133519129,2133520303,15943,1174
28534.664306,2133540270,2133541445,15964,1175
28534.676333,2133549663,2133550834,15705,1171
28534.688355,2133559057,2133560232,15864,1175
28534.764504,2133620131,2133621302,15624,1171
28534.799563,2133645966,2133647142,16046,1176
28534.811582,2133655544,2133656714,15628,1170
28534.823611,2133664936,2133666111,15952,1175
28534.835633,2133674343,2133675516,15938,1173
28534.853667,2133688430,2133689606,15964,1176
28534.865685,2133697829,2133699004,15595,1175
28534.889735,2133716623,2133717798,15964,1175
28534.901754,2133726030,2133727202,15628,1172
28534.919789,2133740132,2133741309,15630,1177
28534.931822,2133749540,2133750715,15965,1175
28534.943838,2133758944,2133760119,15962,1175
28534.976906,2133784782,2133785957,15994,1175
28534.988923,2133794185,2133795360,15961,1175
28535.003955,2133805922,2133807097,15865,1175
28535.015976,2133815387,2133816561,15934,1174
28535.027996,2133824785,2133825958,15826,1173
28535.040023,2133834182,2133835359,15866,1177
28535.052044,2133843575,2133844749,15965,1174
28535.064062,2133852968,2133854140,15625,1172
28535.076095,2133862359,2133863533,15907,1174
28535.088112,2133871756,2133872931,15877,1175
28535.109148,2133888212,2133889383,15625,1171
28535.121177,2133897603,2133898778,15866,1175
28535.154234,2133923441,2133924614,15625,1173
28535.166263,2133932834,2133934008,15956,1174
28535.196318,2133956320,2133957496,15961,1176
28535.208337,2133965718,2133966892,15626,1174
28535.296515,2134036191,2134037362,15628,1171
28535.337589,2134066737,2134067912,15946,1175
28535.352611,2134078480,2134079651,15621,1171
28535.364640,2134087873,2134089047,15865,1174
28535.400709,2134116057,2134117232,15950,1175
28535.412729,2134125447,2134126621,15966,1174
28535.428764,2134139674,2134140847,15925,1173
28535.505903,2134198365,2134199536,15628,1171
28535.517936,2134207768,2134208942,16043,1174
28535.529954,2134217166,2134218340,15931,1174
28535.541971,2134226564,2134227735,15626,1171
28535.593073,2134266487,2134267662,15969,1175
28535.605091,2134275880,2134277051,15622,1171
28535.617123,2134285278,2134286454,15956,1176
28535.632143,2134297047,2134298220,15591,1173
28535.644172,2134306439,2134307612,15867,1173
28535.656193,2134315838,2134317013,15974,1175
28535.668220,2134325243,2134326417,15819,1174
28535.680243,2134334644,2134335818,15823,1174
28535.692268,2134344046,2134345221,15993,1175
28535.704283,2134353451,2134354626,15916,1175
28535.716312,2134362852,2134364027,15907,1175
28535.728335,2134372283,2134373457,15980,1174
28535.824519,2134447479,2134448655,16046,1176
28535.836537,2134456893,2134458068,15935,1175
28535.848555,2134466294,2134467466,15629,1172
28535.860584,2134475685,2134476858,16035,1173
28535.887635,2134496820,2134497993,15955,1173
28535.911674,2134515601,2134516773,15702,1172
28535.923708,2134525002,2134526177,15961,1175
28535.935724,2134534399,2134535574,16049,1175
28535.947748,2134543803,2134544978,15908,1175
28535.959772,2134553203,2134554379,16031,1176
28535.971795,2134562597,2134563776,15952,1179
28535.983812,2134571999,2134573170,15631,1171
28536.007861,2134590813,2134591988,15971,1175
28536.019883,2134600205,2134601380,15825,1175
28536.031909,2134609602,2134610780,15950,1178
28536.043931,2134619074,2134620246,15935,1172
28536.055949,2134628470,2134629642,15551,1172
28536.067981,2134637874,2134639048,15909,1174
28536.079999,2134647268,2134648442,15968,1174
28536.098033,2134661374,2134662549,16042,1175
28536.110052,2134670782,2134671953,15623,1171
28536.161153,2134710725,2134711898,15967,1173
28536.173172,2134720122,2134721297,15622,1175
28536.194218,2134736564,2134737739,15949,1175
28536.206239,2134745957,2134747132,15966,1175
28536.218260,2134755353,2134756528,15825,1175
28536.230287,2134764754,2134765932,15944,1178
28536.248321,2134778969,2134780144,15950,1175
28536.260342,2134788364,2134789536,15964,1172
28536.272360,2134797762,2134798935,15707,1173
28536.284394,2134807164,2134808338,16049,1174
28536.359530,2134865918,2134867093,15966,1175
28536.371549,2134875322,2134876496,15633,1174
28536.383578,2134884722,2134885897,15950,1175
28536.395599,2134894116,2134895290,16047,1174
28536.416638,2134910560,2134911735,15827,1175
28536.428666,2134919960,2134921136,15889,1176
28536.443686,2134931702,2134932871,15625,1169
28536.455716,2134941152,2134942327,15951,1175
28536.467739,2134950554,2134951730,15949,1176
28536.479755,2134959958,2134961131,15547,1173
28536.491784,2134969370,2134970545,15950,1175
28536.503806,2134978771,2134979945,15852,1174
28536.515826,2134988167,2134989342,15824,1175
28536.527853,2134997565,2134998740,16038,1175
28536.548890,2135014007,2135015182,15966,1175
28536.560917,2135023405,2135024577,15787,1172
28536.576951,2135037507,2135038679,15700,1172
28536.588971,2135046907,2135048081,16033,1174
28536.612010,2135063362,2135064537,15853,1175
28536.624029,2135072766,2135073939,15668,1173
28536.636058,2135082165,2135083339,16037,1174
28536.648079,2135091562,2135092736,15963,1174
28536.660108,2135100975,2135102148,15899,1173
28536.672127,2135110370,2135111545,15957,1175
28536.684147,2135119759,2135120934,15959,1175
28536.696166,2135129163,2135130336,15548,1173
28536.708196,2135138573,2135139748,15953,1175
28536.720218,2135147982,2135149157,15851,1175
28536.732235,2135157378,2135158551,15628,1173
28536.744265,2135166772,2135167947,15868,1175
28536.756285,2135176172,2135177347,15883,1175
28536.768304,2135185570,2135186743,15628,1173
28536.780333,2135194961,2135196135,15945,1174
28536.792353,2135204362,2135205535,15964,1173
28536.804372,2135213760,2135214933,15628,1173
28536.852472,2135251376,2135252551,15968,1175
28536.864493,2135260790,2135261965,15952,1175
28536.885527,2135277237,2135278410,15629,1173
28536.897556,2135286632,2135287807,15948,1175
28536.909576,2135296032,2135297205,15858,1173
28536.921595,2135305434,2135306607,15586,1173
28536.936628,2135317183,2135318358,15964,1175
28536.948646,2135326583,2135327754,15619,1171
28536.960679,2135335979,2135337157,15910,1178
28536.984715,2135354773,2135355947,15630,1174
28536.996744,2135364168,2135365343,15861,1175
28537.008765,2135373576,2135374751,15851,1175
28537.023796,2135385326,2135386500,15865,1174
28537.059867,2135413548,2135414720,15994,1172
28537.071886,2135423034,2135424210,15850,1176
28537.083904,2135432431,2135433604,15550,1173
28537.095933,2135441823,2135442997,15860,1174
28537.107954,2135451222,2135452398,15768,1176
28537.119974,2135460631,2135461808,15598,1177
28537.132002,2135470028,2135471203,15954,1175
28537.144022,2135479427,2135480601,15970,1174
28537.156048,2135488824,2135489995,15707,1171
28537.217172,2135538152,2135539329,15590,1177
28537.264249,2135573393,2135574571,15831,1178
28537.276276,2135582886,2135584058,15971,1172
28537.288296,2135592288,2135593462,15964,1174
28537.303328,2135604043,2135605218,15948,1175
28537.321362,2135618155,2135619330,15949,1175
28537.333382,2135627548,2135628722,15917,1174
28537.345401,2135636943,2135638116,15629,1173
28537.357433,2135646344,2135647519,15996,1175
28537.369453,2135655742,2135656941,15941,1199
28537.423554,2135698071,2135699246,15964,1175
28537.443099,2135710766,2135711476,13548,710
28537.456330,2135717228,2135717867,12027,639
28537.470147,2135724132,2135725306,15943,1174
28537.482166,2135733433,2135734608,15841,1175
28537.494194,2135742832,2135744006,15908,1174
28537.518233,2135761636,2135762811,15850,1175
28537.530263,2135771041,2135772217,15906,1176
28537.557314,2135792198,2135793371,15904,1173
28537.572336,2135803944,2135805118,15843,1174
28537.584366,2135813352,2135814526,15907,1174
28537.596387,2135822752,2135823929,15888,1177
28537.608404,2135832156,2135833331,15758,1175
28537.635456,2135853299,2135854477,15847,1178
28537.659507,2135872118,2135873290,15969,1172
28537.671524,2135881521,2135882701,15846,1180
28537.683556,2135890973,2135892148,15905,1175
28537.695576,2135900380,2135901554,15975,1174
28537.707593,2135909785,2135910960,15760,1175
28537.719623,2135919183,2135920359,15914,1176
28537.737658,2135933291,2135934467,15905,1176
28537.749679,2135942689,2135943863,15891,1174
28537.761695,2135952087,2135953263,15844,1176
28537.773728,2135961499,2135962674,15908,1175
28537.824816,2136001463,2136002638,15844,1175
28537.836846,2136010871,2136012047,15823,1176
28537.851866,2136022649,2136023825,15827,1176
28537.869901,2136036759,2136037937,15844,1178
28537.881932,2136046166,2136047340,15861,1174
28537.896952,2136057951,2136059127,15843,1176
28537.908983,2136067361,2136068539,15910,1178
28537.921005,2136076772,2136077947,15890,1175
28537.948056,2136097928,2136099104,15929,1176
28537.961583,2136107581,2136108756,15913,1175
28537.973599,2136116983,2136118160,15914,1177
28537.985629,2136126394,2136127571,15910,1177
28537.997652,2136135811,2136136990,15997,1179
28538.015686,2136149923,2136151098,16068,1175
28538.027701,2136159321,2136160496,15743,1175
28538.039730,2136168723,2136169899,15822,1176
28538.051755,2136178130,2136179306,15916,1176
28538.084816,2136203983,2136205160,15907,1177
28538.119382,2136231227,2136232402,15977,1175
28538.131399,2136240640,2136241815,15844,1175
28538.143429,2136250052,2136251226,15827,1174
28538.155451,2136259455,2136260629,16053,1174
28538.167467,2136268858,2136270034,15929,1176
28538.179498,2136278264,2136279440,15989,1176
28538.191519,2136287674,2136288850,16056,1176
28538.215567,2136306484,2136307658,15912,1174
28538.227588,2136315885,2136317060,15982,1175
28538.239605,2136325332,2136326508,15739,1176
28538.251635,2136334739,2136335915,15824,1176
28538.263656,2136344146,2136345320,15972,1174
28538.275673,2136353554,2136354726,15849,1172
28538.287703,2136362959,2136364133,15908,1174
28538.308742,2136379554,2136380727,15973,1173
28538.320759,2136388965,2136390140,15848,1175
28538.336801,2136403084,2136404260,15840,1176
28538.377875,2136433657,2136434831,15911,1174
28538.389896,2136443064,2136444238,15971,1174
28538.413944,2136461878,2136463055,15991,1177
28538.425965,2136471296,2136472470,15973,1174
28538.450012,2136490099,2136491273,15908,1174
28538.462034,2136499501,2136500675,15971,1174
28538.474050,2136508914,2136510090,15844,1176
28538.486081,2136518315,2136519490,15870,1175
28538.498102,2136527720,2136528896,15988,1176
28538.510120,2136537145,2136538320,15841,1175
28538.525154,2136548905,2136550079,15966,1174
28538.561222,2136577128,2136578304,15972,1176
28538.573239,2136586533,2136587708,15760,1175
28538.588274,2136598288,2136599463,15973,1175
28538.600291,2136607690,2136608866,15759,1176
28538.612320,2136617104,2136618280,15822,1176
28538.627342,2136628860,2136630034,15759,1174
28538.639372,2136638265,2136639440,15911,1175
28538.651394,2136647669,2136648846,15892,1177
28538.669428,2136661782,2136662958,15973,1176
28538.681445,2136671197,2136672375,15757,1178
28538.693475,2136680607,2136681783,15824,1176
28538.705497,2136690014,2136691188,15977,1174
28538.732549,2136711244,2136712419,15965,1175
28538.744563,2136720653,2136721828,15831,1175
28538.807685,2136770017,2136771192,15845,1175
28538.819717,2136779427,2136780601,15914,1174
28538.831737,2136788835,2136790011,15977,1176
28538.843752,2136798245,2136799419,15750,1174
28538.855784,2136807649,2136808828,15908,1179
28538.867805,2136817059,2136818233,15933,1174
28538.879822,2136826462,2136827638,15844,1176
28538.912891,2136852338,2136853513,15975,1175
28538.924908,2136861799,2136862977,15802,1178
28538.936938,2136871212,2136872389,15907,1177
28538.948960,2136880620,2136881796,15975,1176
28538.985028,2136908869,2136910045,15971,1176
28538.997048,2136918271,2136919474,15834,1203
28539.018092,2136934792,2136935967,15908,1175
28539.030116,2136944201,2136945376,15935,1175
28539.042130,2136953610,2136954784,15833,1174
28539.054161,2136963017,2136964192,15910,1175
28539.066182,2136972427,2136973602,15971,1175
28539.081212,2136984176,2136985355,15907,1179
28539.093234,2136993590,2136994765,15986,1175
28539.108264,2137005352,2137006527,15905,1175
28539.120286,2137014758,2137015933,15890,1175
28539.132302,2137024206,2137025382,15799,1176
28539.144332,2137033617,2137034795,15819,1178
28539.168371,2137052456,2137053632,15761,1176
28539.180401,2137061870,2137063047,15908,1177
28539.195422,2137073625,2137074799,15842,1174
28539.237508,2137106570,2137107745,15977,1175
28539.249525,2137116008,2137117184,15843,1176
28539.261555,2137125418,2137126593,15906,1175
28539.276577,2137137178,2137138353,15845,1175
28539.288607,2137146583,2137147781,15907,1198
28539.315658,2137167763,2137168941,15826,1178
28539.327680,2137177211,2137178386,15962,1175
28539.339695,2137186618,2137187794,15849,1176
28539.357731,2137200737,2137201910,15855,1173
28539.369760,2137210141,2137211317,15904,1176
28539.399816,2137233664,2137234841,15955,1177
28539.411834,2137243078,2137244256,15860,1178
28539.423862,2137252516,2137253692,15909,1176
28539.435885,2137262000,2137263180,15957,1180
28539.456919,2137278695,2137279870,15838,1175
28539.468947,2137288118,2137289295,15913,1177
28539.480971,2137297531,2137298707,15968,1176
28539.502005,2137314017,2137315195,15856,1178
28539.514033,2137323435,2137324610,15910,1175
28539.529056,2137335227,2137336401,15858,1174
28539.541087,2137344666,2137345841,15912,1175
28539.553108,2137354109,2137355283,15975,1174
28539.577156,2137372955,2137374130,15906,1175
28539.634263,2137417652,2137418828,15977,1176
28539.646280,2137427077,2137428251,15758,1174
28539.727434,2137490605,2137491779,15847,1174
28539.739466,2137500121,2137501297,15983,1176
28539.751486,2137509531,2137510706,16063,1175
28539.763504,2137518942,2137520116,15849,1174
28539.775532,2137528355,2137529531,15907,1176
28539.787555,2137537764,2137538940,15913,1176
28539.799571,2137547167,2137548343,15757,1176
28539.811601,2137556572,2137557748,15821,1176
28539.823623,2137565980,2137567155,15979,1175
28539.860699,2137596580,2137597756,15841,1176
28539.880725,2137610705,2137611879,15844,1174
28539.892756,2137620114,2137621290,15913,1176
28539.913795,2137636570,2137637745,16060,1175
28539.925811,2137645977,2137647152,15854,1175
28539.940846,2137657735,2137658935,16059,1200
28539.952863,2137667175,2137668351,15845,1176
28539.968906,2137681313,2137682489,15840,1176
28539.997949,2137702488,2137703665,15929,1177
28540.009979,2137711914,2137713089,15908,1175
28540.040035,2137735452,2137736626,15976,1174
28540.052051,2137744862,2137746040,15845,1178
28540.064082,2137754264,2137755438,15905,1174
28540.076103,2137763667,2137764843,15889,1176
28540.088120,2137773075,2137774249,15760,1174
28540.109168,2137789539,2137790714,15904,1175
28540.121189,2137798947,2137800147,15891,1200
28540.148240,2137820135,2137821310,15974,1175
28540.160257,2137829557,2137830735,15923,1178
28540.172287,2137838976,2137840152,15916,1176
28540.184309,2137848386,2137849560,16070,1174
28540.199339,2137860203,2137861379,15866,1176
28540.211361,2137869608,2137870784,15892,1176
28540.223377,2137879022,2137880195,15845,1173
28540.235407,2137888423,2137889631,15821,1208
28540.247429,2137897875,2137899054,15979,1179
28540.280493,2137923760,2137924936,15903,1176
28540.292515,2137933169,2137934368,15895,1199
28540.304531,2137942612,2137943788,15846,1176
28540.340600,2137970887,2137972060,15841,1173
28540.352630,2137980291,2137981467,15865,1176
28540.373669,2137996783,2137997956,15969,1173
28540.385688,2138006198,2138007374,15757,1176
28540.457823,2138062677,2138063855,15841,1178
28540.469853,2138072099,2138073274,15906,1175
28540.484877,2138083866,2138085049,15875,1183
28540.496904,2138093296,2138094476,15821,1180
28540.511926,2138105060,2138106236,15839,1176
28540.560024,2138142787,2138143962,15904,1175
28540.572047,2138152373,2138153550,15890,1177
28540.584063,2138161790,2138162966,15847,1176
28540.596093,2138171209,2138172384,15914,1175
28540.608115,2138180626,2138181810,16036,1184
28540.620132,2138190046,2138191222,15929,1176
28540.632162,2138199463,2138200639,15909,1176
28540.644184,2138208886,2138210062,15975,1176
28540.656200,2138218319,2138219494,15848,1175
28540.668231,2138227721,2138228897,15908,1176
28540.680254,2138237133,2138238310,16076,1177
28540.692269,2138246568,2138247742,15842,1174
28540.704298,2138255974,2138257152,15907,1178
28540.716322,2138265391,2138266565,15990,1174
28540.728336,2138274865,2138276041,15734,1176
28540.740366,2138284271,2138285447,15903,1176
28540.764406,2138303159,2138304338,15829,1179
28540.776433,2138312675,2138313851,15906,1176
28540.797475,2138329147,2138330321,15984,1174
28540.809491,2138338617,2138339792,15841,1175
28540.884639,2138397556,2138398732,15908,1176
28540.896664,2138406962,2138408137,15894,1175
28540.911691,2138418747,2138419923,15821,1176
28540.923715,2138428175,2138429350,15981,1175
28540.935731,2138437589,2138438766,15927,1177
28540.947759,2138447004,2138448180,15907,1176
28540.968801,2138463514,2138464690,16060,1176
28540.980818,2138472957,2138474133,15914,1176
28541.016887,2138501244,2138502420,15838,1176
28541.028915,2138510666,2138511842,15986,1176
28541.098040,2138564784,2138565959,15830,1175
28541.110070,2138574190,2138575366,15821,1176
28541.128104,2138588330,2138589506,15906,1176
28541.140129,2138597739,2138598913,15982,1174
28541.152143,2138607150,2138608326,15834,1176
28541.164172,2138616565,2138617744,15907,1179
28541.176197,2138625972,2138627148,16005,1176
28541.188212,2138635466,2138636641,15744,1175
28541.200241,2138644870,2138646045,15820,1175
28541.227293,2138666063,2138667244,15910,1181
28541.239317,2138675483,2138676686,15905,1203
28541.317464,2138736750,2138737926,15909,1176
28541.329488,2138746173,2138747348,15991,1175
28541.341504,2138755581,2138756756,15828,1175
28541.353532,2138764985,2138766162,15818,1177
28541.365557,2138774401,2138775577,15903,1176
28541.380584,2138786157,2138787332,15908,1175
28541.392608,2138795669,2138796843,15990,1174
28541.432689,2138828641,2138829817,15904,1176
28541.500814,2138880526,2138881701,16076,1175
28541.512829,2138889958,2138891134,15837,1176
28541.536883,2138908796,2138909973,15991,1177
28541.548898,2138918209,2138919387,15746,1178
28541.587979,2138948868,2138950043,15909,1175
28541.600003,2138958438,2138959614,15908,1176
28541.612018,2138967849,2138969025,15742,1176
28541.633064,2138984317,2138985497,15905,1180
28541.645088,2138993740,2138994915,15903,1175
28541.738259,2139067122,2139068297,15974,1175
28541.768320,2139090654,2139091828,15709,1174
28541.780342,2139100080,2139101256,15955,1176
28541.792362,2139109524,2139110700,15919,1176
28541.804386,2139118967,2139120149,15807,1182
28541.840450,2139147233,2139148406,15628,1173
28541.852479,2139156670,2139157847,15946,1177
28541.897564,2139191967,2139193144,16033,1177
28541.909585,2139201374,2139202551,16042,1177
28541.921606,2139210785,2139211961,15830,1176
28541.951668,2139234315,2139235491,15962,1176
28541.963687,2139243728,2139244912,16009,1184
28541.975707,2139253152,2139254325,15704,1173
28541.987736,2139262564,2139263739,16036,1175
28541.999756,2139271977,2139273153,15967,1176
28542.011776,2139281393,2139282566,15548,1173
28542.023809,2139290798,2139291974,15970,1176
28542.035825,2139300209,2139301389,15966,1180
28542.047844,2139309620,2139310794,15629,1174
28542.059873,2139319021,2139320197,15951,1176
28542.071896,2139328427,2139329603,15952,1176
28542.083913,2139337838,2139339010,15629,1172
28542.104961,2139354291,2139355461,15808,1170
28542.116979,2139363695,2139364871,15772,1176
28542.153048,2139391916,2139393092,15964,1176
28542.165075,2139401322,2139402522,15630,1200
28542.177096,2139410747,2139411922,15953,1175
28542.189116,2139420153,2139421328,15970,1175
28542.210156,2139436634,2139437809,15827,1175
28542.222186,2139446052,2139447226,15954,1174
28542.234202,2139455486,2139456660,15963,1174
28542.246221,2139464904,2139466084,15627,1180
28542.279288,2139490794,2139491970,16042,1176
28542.291307,2139500203,2139501378,15632,1175
28542.303338,2139509650,2139510830,15811,1180
28542.315356,2139519052,2139520227,15852,1175
28542.327376,2139528457,2139529634,15591,1177
28542.339405,2139537863,2139539039,15951,1176
28542.351425,2139547282,2139548458,15965,1176
28542.363452,2139556687,2139557863,15710,1176
28542.375473,2139566093,2139567269,15861,1176
28542.387495,2139575527,2139576702,15941,1175
28542.399513,2139584929,2139586102,15631,1173
28542.411546,2139594348,2139595547,15968,1199
28542.423563,2139603862,2139605039,15932,1177
28542.435581,2139613272,2139614446,15630,1174
28542.447611,2139622675,2139623851,15956,1176
28542.459631,2139632099,2139633274,15968,1175
28542.480667,2139648573,2139649777,15627,1204
28542.492696,2139658008,2139659183,15947,1175
28542.504717,2139667421,2139668596,15964,1175
28542.516738,2139676828,2139678003,15828,1175
28542.600902,2139742759,2139743935,16030,1176
28542.615927,2139754521,2139755696,15828,1175
28542.633959,2139768675,2139769848,15595,1173
28542.645988,2139778103,2139779278,15958,1175
28542.658008,2139787520,2139788696,15876,1176
28542.701091,2139822809,2139823986,15961,1177
28542.805284,2139902865,2139904036,15629,1171
28542.820318,2139914646,2139915820,15928,1174
28542.832336,2139924212,2139925385,15629,1173
28542.907486,2139982991,2139984167,15951,1176
28542.919507,2139992404,2139993578,15937,1174
28542.931525,2140001848,2140003021,15561,1173
28542.943554,2140011247,2140012422,15949,1175
28542.955574,2140020655,2140021830,15875,1175
28542.967593,2140030062,2140031236,15631,1174
28542.979623,2140039461,2140040637,15869,1176
28543.016694,2140070051,2140071227,15934,1176
28543.040742,2140088883,2140090061,15947,1178
28543.081814,2140119525,2140120705,15964,1180
28543.093833,2140128957,2140130129,15628,1172
28543.105863,2140138353,2140139529,15952,1176
28543.117884,2140147763,2140148939,15936,1176
28543.129902,2140157172,2140158345,15627,1173
28543.144934,2140168950,2140170126,15965,1176
28543.156961,2140178378,2140179552,15788,1174
28543.178004,2140194883,2140196091,15972,1208
28543.190020,2140204318,2140205494,16039,1176
28543.202039,2140213766,2140214942,15624,1176
28543.229091,2140234927,2140236100,15632,1173
28543.241119,2140244441,2140245621,15944,1180
28543.286205,2140279723,2140280899,15955,1176
28543.298226,2140289130,2140290304,15971,1174
28543.313261,2140300940,2140302119,16047,1179
28543.325277,2140310367,2140311543,15959,1176
28543.340308,2140322144,2140323319,16036,1175
28543.352328,2140331578,2140332754,15961,1176
28543.367359,2140343338,2140344513,16037,1175
28543.379380,2140352758,2140353934,16043,1176
28543.397414,2140366898,2140368074,15961,1176
28543.409436,2140376307,2140377507,15824,1200
28543.424466,2140388094,2140389269,16039,1175
28543.436484,2140397503,2140398676,15625,1173
28543.451517,2140409303,2140410478,15968,1175
28543.463536,2140418730,2140419903,15624,1173
28543.475565,2140428138,2140429313,15866,1175
28543.487586,2140437565,2140438762,15966,1197
28543.499605,2140446993,2140448167,15547,1174
28543.511638,2140456397,2140457578,15965,1181
28543.523655,2140465818,2140466994,15961,1176
28543.535674,2140475225,2140476399,15551,1174
28543.547705,2140484627,2140485803,15811,1176
28543.559727,2140494034,2140495210,15950,1176
28543.571742,2140503447,2140504619,15547,1172
28543.589776,2140517550,2140518722,15624,1172
28543.601806,2140526951,2140528150,15870,1199
28543.637874,2140555216,2140556389,15955,1173
28543.649896,2140564830,2140566009,15921,1179
28543.758103,2140649602,2140650778,15946,1176
28543.770119,2140659011,2140660184,15629,1173
28543.848271,2140720335,2140721511,15966,1176
28543.860290,2140729881,2140731055,15625,1174
28543.872320,2140739313,2140740491,15961,1178
28543.887342,2140751093,2140752269,15626,1176
28543.911393,2140769909,2140771090,15932,1181
28543.923411,2140779335,2140780509,15627,1174
28543.935440,2140788739,2140789917,15951,1178
28543.947462,2140798155,2140799332,15939,1177
28543.959479,2140807565,2140808737,15625,1172
28543.971508,2140817006,2140818181,15973,1175
28543.983529,2140826412,2140827588,15965,1176
28543.995548,2140835844,2140837018,15627,1174
28544.007581,2140845258,2140846433,15967,1175
28544.019597,2140854663,2140855862,16053,1199
28544.031617,2140864092,2140865266,15630,1174
28544.043648,2140873517,2140874692,15806,1175
28544.055668,2140882932,2140884132,15877,1200
28544.067685,2140892392,2140893565,15630,1173
28544.079715,2140901796,2140902972,15955,1176
28544.091735,2140911203,2140912378,15966,1175
28544.103756,2140920634,2140921808,15838,1174
28544.148847,2140955932,2140957106,15711,1174
28544.160869,2140965357,2140966556,15953,1199
28544.196937,2140993626,2140994802,15947,1176
28544.208959,2141003041,2141004217,15931,1176
28544.237018,2141026555,2141027729,15698,1174
28544.257048,2141040675,2141041851,15830,1176
28544.269076,2141050227,2141051402,15971,1175
28544.297126,2141073743,2141074920,15853,1177
28544.401322,2141153904,2141155080,15826,1176
28544.413349,2141163312,2141164488,15952,1176
28544.464439,2141203417,2141204591,15624,1174
28544.476469,2141212972,2141214173,15887,1201
28544.491491,2141224767,2141225942,15627,1175
28544.503524,2141234189,2141235362,15880,1173
28544.515543,2141243601,2141244777,15879,1176
28544.533575,2141257718,2141258898,15961,1180
28544.545602,2141267129,2141268301,15713,1172
28544.611726,2141318887,2141320063,15949,1176
28544.623747,2141328317,2141329492,15965,1175
28544.635765,2141337723,2141338895,15628,1172
28544.677849,2141370696,2141371871,15964,1175
28544.689869,2141380287,2141381491,15629,1204
28544.701902,2141389744,2141390919,16050,1175
28544.719932,2141403858,2141405034,16035,1176
28544.731952,2141413270,2141414445,15964,1175
28544.743979,2141422683,2141423856,15708,1173
28544.762005,2141436842,2141438018,15700,1176
28544.774035,2141446273,2141447450,16033,1177
28544.822124,2141483917,2141485092,16047,1175
28544.834143,2141493329,2141494527,15629,1198
28544.885243,2141533340,2141534517,15962,1177
28544.897265,2141542757,2141543956,15827,1199
28544.924314,2141563989,2141565164,15630,1175
28544.936343,2141573399,2141574599,15947,1200
28544.984432,2141611086,2141612261,15966,1175
28544.996454,2141620535,2141621712,15784,1177
28545.024514,2141644092,2141645269,15964,1177
28545.092638,2141696039,2141697215,15855,1176
28545.104656,2141705546,2141706720,15590,1174
28545.116687,2141714979,2141716156,15973,1177
28545.128707,2141724398,2141725575,15964,1177
28545.140736,2141733819,2141735018,15900,1199
28545.191827,2141773895,2141775071,15857,1176
28545.203846,2141783336,2141784510,15599,1174
28545.215875,2141792762,2141793938,15971,1176
28545.227895,2141802173,2141803349,15963,1176
28545.239926,2141811590,2141812768,15980,1178
28545.251944,2141821001,2141822178,15952,1177
28545.269978,2141835192,2141836367,15972,1175
28545.281999,2141844626,2141845801,15968,1175
28545.312052,2141868146,2141869320,15632,1174
28545.324081,2141877561,2141878740,15948,1179
28545.336103,2141887006,2141888180,15850,1174
28545.348120,2141896501,2141897674,15626,1173
28545.360149,2141905906,2141907082,15950,1176
28545.381187,2141922369,2141923545,15966,1176
28545.393209,2141931853,2141933030,15825,1177
28545.447309,2141974247,2141975421,15703,1174
28545.459338,2141983696,2141984873,15960,1177
28545.471358,2141993129,2141994304,15923,1175
28545.489392,2142007231,2142008408,15847,1177
28545.501412,2142016647,2142017821,15590,1174
28545.516445,2142028402,2142029577,15966,1175
28545.528463,2142037825,2142038999,15511,1174
28545.555515,2142059019,2142060193,15631,1174
28545.567544,2142068453,2142069630,15951,1177
28545.579564,2142077859,2142079035,15969,1176
28545.597600,2142091972,2142093147,15933,1175
28545.609617,2142101381,2142102555,15629,1174
28545.636677,2142122574,2142123747,15710,1173
28545.648698,2142132031,2142133207,15950,1176
28545.660719,2142141484,2142142662,15976,1178
28545.705803,2142176821,2142177994,15933,1173
28545.717823,2142186229,2142187426,15638,1197
28545.729857,2142195746,2142196923,15948,1177
28545.741876,2142205162,2142206385,15950,1223
28545.765921,2142224109,2142225288,16029,1179
28545.777941,2142233575,2142234774,16041,1199
28545.789963,2142243038,2142244215,15826,1177
28545.832045,2142276023,2142277199,16047,1176
28545.844064,2142285436,2142286612,15705,1176
28545.856093,2142294896,2142296073,15951,1177
28545.868114,2142304315,2142305490,15975,1175
28545.880136,2142313801,2142314982,15699,1181
28545.898166,2142327986,2142329164,15594,1178
28545.910196,2142337396,2142338573,15954,1177
28545.928232,2142351528,2142352703,15807,1175
28545.940252,2142361122,2142362300,15933,1178
28545.952270,2142370588,2142371782,15633,1194
28545.964298,2142380018,2142381222,15868,1204
28545.976319,2142389480,2142390657,15879,1177
28545.988340,2142398917,2142400117,15824,1200
28546.024406,2142427213,2142428387,15628,1174
28546.036439,2142436624,2142437799,16042,1175
28546.051458,2142448433,2142449608,15622,1175
28546.081521,2142471980,2142473157,15946,1177
28546.093543,2142481397,2142482573,15940,1176
28546.105560,2142490859,2142492034,15594,1175
28546.132620,2142512090,2142513263,15710,1173
28546.144641,2142521668,2142522844,15971,1176
28546.156662,2142531112,2142532317,15836,1205
28546.171693,2142542928,2142544105,15949,1177
28546.184722,2142554690,2142555867,15827,1177
28546.216778,2142578312,2142579489,15955,1177
28546.228799,2142587742,2142588917,15962,1175
28546.240818,2142597198,2142598371,15550,1173
28546.288920,2142634858,2142636035,15960,1177
28546.300936,2142644294,2142645469,15961,1175
28546.312955,2142653745,2142654928,15633,1183
28546.346020,2142679766,2142680941,15927,1175
28546.358041,2142689416,2142690593,15626,1177
28546.389107,2142715370,2142716550,15933,1180
28546.493295,2142795540,2142796714,15560,1174
28546.505327,2142804955,2142806133,15956,1178
28546.535385,2142828552,2142829727,15958,1175
28546.547404,2142837980,2142839154,15825,1174
28546.559432,2142847494,2142848670,15974,1176
28546.571450,2142856912,2142858091,15967,1179
28546.583472,2142866330,2142867510,15826,1180
28546.595499,2142875740,2142876915,15871,1175
28546.607519,2142885173,2142886349,15967,1176
28546.619538,2142894589,2142895762,15629,1173
28546.631570,2142904022,2142905199,16002,1177
28546.652605,2142920535,2142921711,16048,1176
28546.672331,2142931498,2142932141,11972,643
28546.714221,2142958002,2142959176,15822,1174
28546.726247,2142967427,2142968603,15941,1176
28546.738269,2142976872,2142978049,15933,1177
28546.756302,2142990982,2142992163,15959,1181
28546.768321,2143000581,2143001752,15555,1171
28546.780353,2143010021,2143011196,15993,1175
28546.801388,2143026574,2143027748,15962,1174
28546.813406,2143036032,2143037206,15627,1174
28546.825436,2143045504,2143046681,15946,1177
28546.837457,2143054941,2143056142,15847,1201
28546.852487,2143066728,2143067903,15937,1175
28546.864508,2143076144,2143077323,15966,1179
28546.876535,2143085566,2143086739,15683,1173
28546.888555,2143095037,2143096214,15946,1177
28546.921612,2143120943,2143122140,15630,1197
28546.933645,2143130374,2143131554,15958,1180
28546.945662,2143139785,2143140986,15962,1201
28546.957681,2143149223,2143150396,15635,1173
28546.972715,2143161103,2143162303,15931,1200
28546.984733,2143170581,2143171753,15631,1172
28547.047853,2143220076,2143221249,15597,1173
28547.059881,2143229531,2143230736,15945,1205
28547.077919,2143243746,2143244922,15993,1176
28547.089936,2143253154,2143254332,15875,1178
28547.104967,2143264962,2143266140,15940,1178
28547.116988,2143274420,2143275621,15877,1201
28547.153057,2143302786,2143303966,15968,1180
28547.165075,2143312227,2143313425,15523,1198
28547.186121,2143328061,2143329243,15939,1182
28547.198142,2143337476,2143338652,15966,1176
28547.213173,2143349265,2143350465,15945,1200
28547.225194,2143358723,2143359900,15810,1177
28547.237212,2143368138,2143369335,15518,1197
28547.249241,2143377619,2143378819,15860,1200
28547.261262,2143387059,2143388235,16051,1176
28547.273291,2143396509,2143397690,15788,1181
28547.285310,2143405976,2143407175,15859,1199
28547.297331,2143415411,2143416587,15878,1176
28547.309350,2143424845,2143426019,15628,1174
28547.321379,2143434303,2143435484,15853,1181
28547.339413,2143448438,2143449615,15942,1177
28547.351434,2143457847,2143459021,15964,1174
28547.363453,2143467255,2143468429,15630,1174
28547.375487,2143476686,2143477886,15922,1200
28547.389009,2143487749,2143488948,15966,1199
28547.425079,2143516083,2143517263,15994,1180
28547.437097,2143525550,2143526750,15965,1200
28547.464149,2143546784,2143547959,15966,1175
28547.476170,2143556278,2143557478,15739,1200
28547.488196,2143565765,2143566964,15857,1199
28547.500213,2143575216,2143576396,15885,1180
28547.521263,2143591742,2143592918,15822,1176
28547.533282,2143601157,2143602335,15948,1178
28547.545302,2143610633,2143611808,15973,1175
28547.557321,2143620048,2143621224,15637,1176
28547.572354,2143631867,2143633043,15933,1176
28547.584376,2143641344,2143642518,15917,1174
28547.608422,2143660179,2143661356,15876,1177
28547.620449,2143669610,2143670784,15716,1174
28547.635474,2143681371,2143682548,15878,1177
28547.647493,2143690787,2143691961,15637,1174
28547.659522,2143700200,2143701377,16026,1177
28547.671542,2143709641,2143710818,15853,1177
28547.683562,2143719087,2143720260,15520,1173
28547.695590,2143728536,2143729740,15942,1204
28547.707611,2143737975,2143739152,15966,1177
28547.719641,2143747391,2143748564,15949,1173
28547.731661,2143756794,2143757970,15803,1176
28547.743680,2143766244,2143767444,15883,1200
28547.755699,2143775706,2143776880,15595,1174
28547.767728,2143785137,2143786337,16033,1200
28547.779749,2143794627,2143795827,16019,1200
28547.792780,2143806500,2143807701,15956,1201
28547.836853,2143839568,2143840742,15631,1174
28547.848882,2143849008,2143850216,15946,1208
28547.872925,2143867960,2143869136,15830,1176
28547.884951,2143877403,2143878607,15863,1204
28547.899973,2143889200,2143890373,15635,1173
28547.912002,2143898653,2143899830,15946,1177
28547.924026,2143908065,2143909241,15864,1176
28547.936042,2143917475,2143918697,15632,1222
28547.948071,2143926928,2143928105,15863,1177
28547.960093,2143936410,2143937587,15939,1177
28547.972113,2143945844,2143947024,15829,1180
28547.990145,2143960018,2143961192,15635,1174
28548.002174,2143969482,2143970684,15953,1202
28548.021216,2143986032,2143987209,16028,1177
28548.041245,2144000149,2144001350,16048,1201
28548.053265,2144009683,2144010856,15709,1173
28548.108378,2144054513,2144055690,16022,1177
28548.156465,2144092286,2144093463,15970,1177
28548.197543,2144122979,2144124162,15564,1183
28548.209568,2144132522,2144133722,15878,1200
28548.221591,2144141989,2144143165,15864,1176
28548.233608,2144151429,2144152600,15549,1171
28548.245637,2144160833,2144162010,15946,1177
28548.260660,2144172710,2144173885,15631,1175
28548.281705,2144189182,2144190358,15951,1176
28548.293726,2144198646,2144199822,15973,1176
28548.317777,2144217508,2144218684,16123,1176
28548.329794,2144226930,2144228106,15965,1176
28548.353842,2144245942,2144247119,16023,1177
28548.365863,2144255442,2144256617,15934,1175
28548.377882,2144264852,2144266026,15600,1174
28548.401931,2144283713,2144284913,15962,1200
28548.416965,2144295730,2144296902,15989,1172
28548.445015,2144319314,2144320490,15963,1176
28548.486087,2144350127,2144351326,15706,1199
28548.498117,2144359647,2144360851,16026,1204
28548.522156,2144378595,2144379772,15714,1177
28548.534187,2144388037,2144389212,15947,1175
28548.552220,2144402152,2144403329,15943,1177
28548.564240,2144411579,2144412787,15856,1208
28548.576259,2144421093,2144422274,15603,1181
28548.597305,2144437760,2144438937,15951,1177
28548.609324,2144447192,2144448365,15710,1173
28548.631869,2144465067,2144466248,15964,1181
28548.643888,2144474559,2144475736,15597,1177
28548.655917,2144483998,2144485175,15945,1177
28548.667941,2144493411,2144494588,15961,1177
28548.679956,2144502866,2144504044,15601,1178
28548.691985,2144512277,2144513460,15950,1183
28548.704006,2144521747,2144522924,15963,1177
28548.737072,2144547624,2144548800,15951,1176
28548.749092,2144557076,2144558280,15970,1204
28548.776143,2144578383,2144579558,16043,1175
28548.788162,2144587857,2144589055,15628,1198
28548.800193,2144597289,2144598488,15801,1199
28548.812212,2144606721,2144607896,15861,1175
28548.824233,2144616183,2144617389,15739,1206
28548.836260,2144625706,2144626884,15944,1178
28548.848280,2144635211,2144636387,15961,1176
28548.860307,2144644644,2144645843,15714,1199
28548.872328,2144654102,2144655278,15907,1176
28548.884349,2144663534,2144664710,15884,1176
28548.905385,2144680058,2144681255,15632,1197
28548.917418,2144689516,2144690750,15962,1234
28548.947469,2144713206,2144714384,15964,1178
28548.959496,2144722617,2144723795,15718,1178
28548.977523,2144736799,2144737974,15631,1175
28548.989551,2144746210,2144747386,15943,1176
28549.019607,2144769896,2144771073,15930,1177
28549.031625,2144779496,2144780671,15636,1175
28549.043654,2144788930,2144790105,15947,1175
28549.061691,2144803075,2144804251,15989,1176
28549.073709,2144812510,2144813711,16047,1201
28549.091744,2144826733,2144827910,16046,1177
28549.103765,2144836147,2144837324,15827,1177
28549.121800,2144850350,2144851551,15613,1201
28549.133826,2144859816,2144861001,15944,1185
28549.152856,2144876426,2144877626,15962,1200
28549.205963,2144916628,2144917804,15944,1176
28549.217984,2144926083,2144927284,15935,1201
28549.236018,2144940252,2144941429,16051,1177
28549.248037,2144949723,2144950896,15604,1173
28549.260069,2144959212,2144960396,16042,1184
28549.272086,2144968679,2144969888,15837,1209
28549.284106,2144978174,2144979347,15635,1173
28549.296134,2144987610,2144988787,15943,1177
28549.308155,2144997039,2144998216,15855,1177
28549.320177,2145006485,2145007663,15803,1178
28549.359257,2145037243,2145038428,16025,1185
28549.374276,2145049049,2145050223,15629,1174
28549.428383,2145091757,2145092958,15669,1201
28549.440408,2145101368,2145102568,15937,1200
28549.461449,2145118056,2145119235,15953,1179
28549.473465,2145127512,2145128714,15595,1202
28549.536589,2145177372,2145178552,15908,1180
28549.548615,2145186823,2145187998,15950,1175
28549.563636,2145198666,2145199893,15702,1227
28549.575666,2145208129,2145209306,15949,1177
28549.593702,2145222311,2145223488,15793,1177
28549.605721,2145231839,2145233015,15853,1176
28549.635773,2145255463,2145256636,15625,1173
28549.647803,2145264981,2145266157,15944,1176
28549.659824,2145274457,2145275641,15897,1184
28549.671843,2145283894,2145285068,15626,1174
28549.737974,2145336063,2145337238,16042,1175
28549.749995,2145345499,2145346676,15969,1177
28549.762017,2145354910,2145356084,15860,1174
28549.777046,2145366665,2145367846,16046,1181
28549.789069,2145376204,2145377386,15647,1182
28549.801095,2145385624,2145386801,15944,1177
28549.840167,2145416498,2145417679,15964,1181
28549.852193,2145426186,2145427385,15705,1199
28549.864215,2145435708,2145436890,15858,1182
28549.876235,2145445158,2145446390,15925,1232
28549.888254,2145454638,2145455813,15627,1175
28549.900283,2145464062,2145465272,15941,1210
28549.912305,2145473612,2145474797,15910,1185
28549.924322,2145483153,2145484384,15819,1231
28549.987443,2145532934,2145534109,15699,1175
28549.999471,2145542387,2145543592,16022,1205
28550.011494,2145551871,2145553048,15931,1177
28550.023511,2145561355,2145562530,15628,1175
28550.035541,2145570776,2145571956,15946,1180
28550.047563,2145580320,2145581497,15970,1177
28550.059580,2145589735,2145590908,15632,1173
28550.071609,2145599216,2145600423,15946,1207
28550.083630,2145608716,2145609918,16057,1202
28550.095648,2145618185,2145619360,15674,1175
28550.107684,2145627625,2145628801,16041,1176
28550.119698,2145637089,2145638273,15920,1184
28550.131717,2145646569,2145647765,15629,1196
28550.143748,2145656025,2145657227,15798,1202
28550.155770,2145665526,2145666707,15951,1181
28550.167786,2145675006,2145676228,15630,1222
28550.179816,2145684465,2145685642,15797,1177
28550.191834,2145693901,2145695157,15949,1256
28550.203857,2145703526,2145704705,15840,1179
28550.215884,2145712945,2145714143,15941,1198
28550.227904,2145722453,2145723629,15962,1176
28550.239923,2145731868,2145733042,15634,1174
28550.251957,2145741478,2145742657,15989,1179
28550.263973,2145750899,2145752075,15966,1176
28550.275995,2145760384,2145761566,15668,1182
28550.288021,2145769894,2145771103,15960,1209
28550.300041,2145779460,2145780670,15858,1210
28550.312060,2145788964,2145790138,15600,1174
28550.324089,2145798425,2145799629,15946,1204
28550.336110,2145808004,2145809182,15876,1178
28550.348136,2145817478,2145818703,15692,1225
28550.360158,2145826944,2145828122,15947,1178
28550.372179,2145836414,2145837591,15968,1177
28550.384197,2145845835,2145847034,15703,1199
28550.396226,2145855317,2145856517,15941,1200
28550.408246,2145864843,2145866028,15881,1185
28550.420266,2145874310,2145875484,15601,1174
28550.432295,2145883722,2145884921,15942,1199
28550.453336,2145900313,2145901490,16033,1177
28550.465355,2145910001,2145911174,15667,1173
28550.516452,2145950332,2145951542,15915,1210
28550.528472,2145959947,2145961127,15622,1180
28550.552524,2145978894,2145980072,16028,1178
28550.564540,2145988468,2145989697,15627,1229
28550.588590,2146007511,2146008719,15834,1208
28550.600612,2146017009,2146018194,15909,1185
28550.633676,2146043157,2146044339,15968,1182
28550.645702,2146052608,2146053782,15792,1174
28550.660727,2146064536,2146065713,15963,1177
28550.672746,2146074383,2146075669,15550,1286
28550.696796,2146093428,2146094605,15853,1177
28550.708815,2146102999,2146104204,15600,1205
28550.735866,2146124431,2146125612,15630,1181
28550.747900,2146133953,2146135127,15985,1174
28550.759915,2146143444,2146144621,15840,1177
28550.771944,2146152942,2146154119,15909,1177
28550.783968,2146162445,2146163622,16067,1177
28550.795982,2146172007,2146173209,15819,1202
28550.808012,2146181530,2146182789,15910,1259
28550.820036,2146191245,2146192421,15993,1176
28550.832055,2146200880,2146202112,15959,1232
28550.845083,2146212786,2146213963,15993,1177
28550.868121,2146229493,2146230698,15874,1205
28550.880137,2146239276,2146240450,15589,1174
28550.892170,2146248690,2146249872,15948,1182
28550.904185,2146258212,2146259394,15756,1182
28550.916213,2146267720,2146268922,15537,1202
28550.928241,2146277248,2146278433,15801,1185
28550.940259,2146286795,2146287995,15919,1200
28550.952281,2146296266,2146297469,15638,1203
28550.964307,2146305783,2146307035,15942,1252
28550.985333,2146322574,2146323748,15676,1174
28550.997362,2146332028,2146333213,15812,1185
28551.057482,2146379683,2146380883,15962,1200
28551.069501,2146389292,2146390493,15515,1201
28551.084534,2146401356,2146402566,16048,1210
28551.111585,2146423052,2146424237,16051,1185
28551.123603,2146432578,2146433761,15671,1183
28551.135633,2146442130,2146443306,16027,1176
28551.147656,2146451572,2146452775,15932,1203
28551.160683,2146463426,2146464603,15947,1177
28551.195746,2146489651,2146490880,15850,1229
28551.207770,2146499139,2146500320,15861,1181
28551.219790,2146508592,2146509777,15835,1185
28551.231809,2146518115,2146519321,15544,1206
28551.264876,2146544241,2146545446,15960,1205
28551.276895,2146553743,2146554974,15622,1231
28551.324993,2146592097,2146593275,16027,1178
28551.337014,2146601669,2146602846,16047,1177
28551.365074,2146625291,2146626489,15623,1198
28551.466258,2146704036,2146705241,15642,1205
28551.478288,2146713574,2146714808,15898,1234
28551.500336,2146733001,2146734207,15625,1206
28551.517349,2146744912,2146746139,15753,1227
28551.571448,2146787721,2146788894,15678,1173
28551.583478,2146797136,2146798311,15702,1175
28551.595512,2146806579,2146807760,15971,1181
28551.613544,2146820836,2146822020,16059,1184
28551.625552,2146830474,2146831656,15761,1182
28551.637588,2146839923,2146841105,15762,1182
28551.679665,2146873113,2146874294,15926,1181
28551.691688,2146882717,2146883903,15836,1186
28551.709718,2146897010,2146898185,15623,1175
28551.721748,2146906472,2146907648,15947,1176
28551.751802,2146930152,2146931329,15957,1177
28551.763820,2146939684,2146940912,15806,1228
28551.775850,2146949256,2146950433,15949,1177
28551.787871,2146958842,2146960028,15855,1186
28551.808906,2146975613,2146976820,15619,1207
28551.820940,2146985290,2146986466,15965,1176
28551.847987,2147006733,2147007911,15994,1178
28551.860008,2147016240,2147017425,15970,1185
28551.872026,2147025714,2147026888,15627,1174
28551.884056,2147035252,2147036461,15939,1209
28551.896080,2147044806,2147045986,15935,1180
28551.908095,2147054450,2147055657,15591,1207
28551.920128,2147063985,2147065162,15816,1177
28551.932148,2147073439,2147074673,15860,1234
28551.944163,2147082980,2147084184,15559,1204
28551.956194,2147092656,2147093840,15786,1184
28551.968213,2147102233,2147103467,15873,1234
28551.980236,2147111828,2147113032,15625,1204
28552.004271,2147131041,2147132221,15677,1180
28552.016301,2147140584,2147141786,15590,1202
28552.073419,2147186215,2147187419,15981,1204
28552.085433,2147195711,2147196910,15631,1199
28552.097456,2147205244,2147206448,15674,1204
28552.116489,2147222110,2147223315,16054,1205
28552.193633,2147282139,2147283321,15679,1182
28552.205665,2147291743,2147292950,15565,1207
28552.223699,2147306182,2147307361,15641,1179
28552.235726,2147315664,2147316897,15859,1233
28552.304854,2147370460,2147371638,15640,1178
28552.316879,2147380321,2147381522,15943,1201
28552.328894,2147389911,2147391118,15787,1207
28552.361967,2147416048,2147417254,16060,1206
28552.373974,2147425607,2147426815,15756,1208
28552.386003,2147435197,2147436403,15718,1206
28552.398039,2147444701,2147445909,15875,1208
28552.413059,2147456705,2147457901,15720,1196
28552.512248,2147535386,2147536563,15647,1177
28552.525776,2147546433,2147547636,15636,1203
28552.585877,2147594483,2147595709,15760,1226
28552.597911,2147604069,2147605276,15652,1207
28552.621946,2147623220,2147624425,15676,1205
28552.633974,2147632754,2147633939,15904,1185
28552.718145,2147699745,2147700920,16079,1175
28552.730163,2147709345,2147710575,15644,1230
28552.757203,2147731281,2147732512,15678,1231
28552.769237,2147740983,2147742238,15554,1255
28552.824341,2147786659,2147787885,15979,1226
28552.841374,2147798703,2147799906,15636,1203
28552.853402,2147808239,2147809421,15981,1182
28552.868425,2147820296,2147821479,15821,1183
28552.889471,2147837029,2147838229,15898,1200
28552.901477,2147846516,2147847743,15596,1227
28552.937547,2147875278,2147876485,15680,1207
28552.949080,2147886427,2147887657,15755,1230
28552.984151,2147912943,2147914153,15977,1210
28553.002184,2147927413,2147928597,15966,1184
28553.014192,2147937098,2147938325,15680,1227
28553.044259,2147961071,2147962254,15645,1183
28553.056286,2147970747,2147971953,15963,1206
28553.068295,2147980407,2147981604,15598,1197
28553.080323,2147989902,2147991158,15736,1256
28553.092355,2147999478,2148000684,16002,1206
28553.104369,2148009183,2148010366,15731,1183
28553.128423,2148028400,2148029606,15969,1206
28553.140438,2148038201,2148039429,15650,1228
28553.156478,2148052841,2148054048,15681,1207
28553.224609,2148105602,2148106862,15682,1260
28553.236633,2148115177,2148116387,15836,1210
28553.260671,2148134542,2148135744,15636,1202
28553.272697,2148144216,2148145450,15939,1234
28553.347832,2148204433,2148205664,15757,1231
28553.359860,2148214292,2148215498,15642,1206
28553.371888,2148223900,2148225102,15981,1202
28553.383900,2148233400,2148234602,15758,1202
28553.395929,2148242953,2148244153,15652,1200
28553.407955,2148252546,2148253731,15968,1185
28553.419963,2148262059,2148263237,15682,1178
28553.431998,2148271570,2148272777,15656,1207
28553.444024,2148281143,2148282326,15965,1183
28553.456033,2148290703,2148291935,15598,1232
28553.468066,2148300291,2148301498,15829,1207
28553.480096,2148309913,2148311141,15988,1228
28553.552232,2148367842,2148369047,15967,1205
28553.564239,2148377729,2148378958,15599,1229
28553.576270,2148387334,2148388568,15850,1234
28553.588300,2148396981,2148398190,15980,1209
28553.600306,2148406641,2148407868,15599,1227
28553.612340,2148416323,2148417528,15636,1205
28553.636379,2148435755,2148436956,15640,1201
28553.648409,2148445346,2148446575,15569,1229
28553.684478,2148474159,2148475343,15653,1184
28553.699495,2148486225,2148487431,15674,1206
28553.756614,2148532019,2148533197,15725,1178
28553.768641,2148541727,2148542961,15979,1234
28553.780651,2148551403,2148552603,15597,1200
28553.864821,2148619874,2148621125,15636,1251
28553.876850,2148629510,2148630716,15992,1206
28553.888859,2148639119,2148640325,15760,1206
28553.900886,2148648729,2148649931,15595,1202
28553.912917,2148658257,2148659438,16051,1181
28553.964007,2148699438,2148700670,15696,1232
28553.976038,2148709185,2148710389,15945,1204
28553.988049,2148718736,2148719967,15631,1231
28554.000076,2148728382,2148729565,15635,1183
28554.021123,2148745272,2148746457,15950,1185
28554.033130,2148754834,2148756064,15602,1230
28554.090249,2148800790,2148802017,15636,1227
28554.153370,2148851265,2148852472,15641,1207
28554.165397,2148860943,2148862152,15982,1209
28554.183430,2148875543,2148876753,16000,1210
28554.195439,2148885113,2148886339,15602,1226
28554.207473,2148894761,2148895944,15643,1183
28554.225507,2148909103,2148910330,15648,1227
28554.237533,2148918755,2148919935,15964,1180
28554.300655,2148969347,2148970558,16017,1211
28554.312661,2148979059,2148980288,15607,1229
28554.372793,2149027000,2149028232,15990,1232
28554.384800,2149036742,2149037974,15679,1232
28554.399843,2149048804,2149049985,16055,1181
28554.441918,2149082627,2149083830,15611,1203
28554.453946,2149092258,2149093468,15977,1210
28554.465964,2149101859,2149103094,15773,1235
28554.508049,2149135933,2149137167,15977,1234
28554.520055,2149145544,2149146751,15682,1207
28554.532082,2149155212,2149156440,15474,1228
28554.550124,2149169834,2149171064,15639,1230
28554.562152,2149179519,2149180726,15984,1207
28554.580186,2149193904,2149195114,15975,1210
28554.592193,2149203570,2149204776,15675,1206
28554.604227,2149213350,2149214553,15562,1203
28554.616254,2149222902,2149224106,15956,1204
28554.628261,2149232507,2149233706,15678,1199
28554.727450,2149312084,2149313291,15677,1207
28554.739484,2149321691,2149322897,15718,1206
28554.751513,2149331253,2149332461,16048,1208
28554.763526,2149340879,2149342139,15639,1260
28554.775552,2149350570,2149351801,15835,1231
28554.793587,2149365248,2149366456,15634,1208
28554.805616,2149374891,2149376122,15978,1231
28554.836677,2149401340,2149402571,15646,1231
28554.859716,2149418314,2149419522,15966,1208
28554.871730,2149427932,2149429113,15756,1181
28554.883758,2149437607,2149438810,15654,1203
28554.919827,2149466483,2149467686,15639,1203
28554.931855,2149476120,2149477350,15973,1230
28554.943866,2149485759,2149486965,15763,1206
28554.955896,2149495303,2149496505,15619,1202
28554.967926,2149504840,2149506130,15998,1290
28554.979932,2149514603,2149515810,15680,1207
28554.997970,2149529225,2149530451,15758,1226
28555.010005,2149538930,2149540156,15710,1226
28555.022028,2149548622,2149549822,15997,1200
28555.052067,2149572654,2149573860,15671,1206
28555.064097,2149582241,2149583476,15819,1235
28555.076130,2149592123,2149593362,15979,1239
28555.088141,2149601871,2149603078,15713,1207
28555.100170,2149611463,2149612643,15832,1180
28555.112198,2149621149,2149622357,15953,1208
28555.130232,2149635559,2149636768,15971,1209
28555.142238,2149645283,2149646512,15679,1229
28555.160281,2149659729,2149660910,15636,1181
28555.172306,2149669477,2149670679,15824,1202
28555.184336,2149679199,2149680433,15893,1234
28555.199357,2149691352,2149692554,15627,1202
28555.211386,2149700957,2149702215,15995,1258
28555.223395,2149710560,2149711768,15695,1208
28555.235427,2149720260,2149721462,15713,1202
28555.247456,2149729810,2149731016,16060,1206
28555.268480,2149746768,2149747950,15756,1182
28555.280513,2149756435,2149757643,15671,1208
28555.368692,2149829236,2149830439,15638,1203
28555.403736,2149855845,2149857048,15755,1203
28555.415770,2149865544,2149866752,15614,1208
28555.427798,2149875165,2149876370,15978,1205
28555.439806,2149884828,2149886055,15602,1227
28555.451839,2149894556,2149895783,15559,1227
28555.463868,2149904224,2149905434,15903,1210
28555.475873,2149913840,2149915042,15600,1202
28555.487906,2149923480,2149924659,15636,1179
28555.508952,2149940460,2149941670,15962,1210
28555.520959,2149950217,2149951444,15677,1227
28555.584079,2150001132,2150002339,15679,1207
28555.596113,2150010758,2150011941,15835,1183
28555.608141,2150020297,2150021481,15953,1184
28555.620149,2150030127,2150031334,15600,1207
28555.632183,2150039722,2150040931,15860,1209
28555.686285,2150083300,2150084502,15643,1202
28555.788484,2150166180,2150167366,15973,1186
28555.800491,2150175897,2150177103,15676,1206
28555.812521,2150185585,2150186818,15600,1233
28555.824552,2150195463,2150196696,15889,1233
28555.851607,2150211684,2150212329,12024,645
28555.865133,2150217390,2150218271,13448,881
28555.877152,2150226502,2150227680,15968,1178
28555.889167,2150235987,2150237162,15602,1175
28555.904206,2150247810,2150249020,15905,1210
28555.916218,2150257324,2150258499,15602,1175
28555.928249,2150266755,2150267956,15746,1201
28555.940272,2150276271,2150277482,15885,1211
28555.952294,2150285913,2150287140,15605,1227
28555.964320,2150295659,2150296844,15933,1185
28555.976341,2150305253,2150306488,15884,1235
28555.991369,2150317215,2150318401,15742,1186
28556.003394,2150326798,2150328031,15865,1233
28556.015403,2150336396,2150337599,15569,1203
28556.027440,2150346119,2150347347,15823,1228
28556.039461,2150355781,2150357034,15972,1253
28556.051483,2150365486,2150366689,15692,1203
28556.063509,2150375118,2150376328,15941,1210
28556.075530,2150384772,2150385956,16057,1184
28556.096558,2150401718,2150402925,15561,1207
28556.108593,2150411338,2150412543,15911,1205
28556.123613,2150423406,2150424584,15605,1178
28556.144661,2150440259,2150441519,15938,1260
28556.156684,2150449982,2150451193,15978,1211
28556.168698,2150459685,2150460892,15603,1207
28556.201770,2150486295,2150487553,15906,1258
28556.213784,2150496210,2150497442,15603,1232
28556.225817,2150505958,2150507188,15942,1230
28556.237838,2150515776,2150516961,15942,1185
28556.279920,2150549536,2150550719,15930,1183
28556.291942,2150559175,2150560379,15976,1204
28556.303958,2150568882,2150570110,15822,1228
28556.321990,2150583493,2150584701,15600,1208
28556.334023,2150593268,2150594602,15856,1334
28556.344331,2150601006,2150602097,15158,1091
28556.372599,2150624844,2150626049,15939,1205
28556.384614,2150634587,2150635840,15974,1253
28556.413672,2150656332,2150657542,15964,1210
28556.425687,2150665976,2150667183,15599,1207
28556.437718,2150675649,2150676903,15742,1254
28556.449742,2150685496,2150686706,15912,1210
28556.476795,2150707490,2150708769,16073,1279
28556.488807,2150717260,2150718488,15601,1228
28556.500840,2150726895,2150728125,15816,1230
28556.512861,2150736633,2150737838,15968,1205
28556.524878,2150746318,2150747529,15840,1211
28556.536906,2150756250,2150757480,15733,1230
28556.548932,2150765984,2150767286,15871,1302
28556.560944,2150775705,2150776936,15673,1231
28556.572978,2150785496,2150786706,15938,1210
28556.584998,2150795254,2150796512,15970,1258
28556.597021,2150805003,2150806233,15689,1230
28556.609046,2150814980,2150816214,15899,1234
28556.621067,2150824717,2150825947,16055,1230
28556.633081,2150834528,2150835755,15516,1227
28556.645115,2150844253,2150845488,15942,1235
28556.657136,2150854091,2150855276,15973,1185
28556.690201,2150881104,2150882311,15945,1207
28556.702222,2150890753,2150891983,16053,1230
28556.714238,2150900568,2150901827,15811,1259
28556.744303,2150925129,2150926365,15935,1236
28556.756325,2150934901,2150936133,15939,1232
28556.792393,2150964289,2150965550,15974,1261
28556.804407,2150973939,2150975147,15597,1208
28556.816440,2150983653,2150984911,15848,1258
28556.828462,2150993389,2150994623,15880,1234
28556.840476,2151003039,2151004296,15680,1257
28556.852507,2151012844,2151014079,15992,1235
28556.864531,2151022709,2151023920,16022,1211
28556.878056,2151033886,2151035119,15969,1233
28556.897099,2151050916,2151052121,15822,1205
28556.926139,2151072702,2151073952,15599,1250
28556.938172,2151082474,2151083703,15944,1229
28556.956207,2151096972,2151098226,15940,1254
28556.968228,2151106659,2151107913,15933,1254
28556.980244,2151116445,2151117700,15759,1255
28556.992275,2151126161,2151127419,15855,1258
28557.004297,2151135955,2151137188,15899,1233
28557.028344,2151155361,2151156571,16019,1210
28557.040364,2151165001,2151166209,15884,1208
28557.064413,2151184507,2151185741,15852,1234
28557.076434,2151194572,2151195834,15959,1262
28557.100477,2151214121,2151215355,15860,1234
28557.112500,2151223762,2151224968,15965,1206
28557.127531,2151235863,2151237074,15941,1211
28557.139552,2151245467,2151246696,16040,1229
28557.157589,2151260163,2151261373,15993,1210
28557.169602,2151269853,2151271061,15606,1208
28557.181637,2151279665,2151280900,15986,1235
28557.193657,2151289328,2151290563,15915,1235
28557.205670,2151299076,2151300308,15601,1232
28557.217703,2151308822,2151310077,15940,1255
28557.235740,2151323605,2151324840,15958,1235
28557.247759,2151333295,2151334523,15978,1228
28557.259773,2151343010,2151344263,15564,1253
28557.277804,2151357725,2151358957,15562,1232
28557.289841,2151367833,2151369063,15944,1230
28557.331906,2151401970,2151403173,15550,1203
28557.343944,2151411699,2151412954,15907,1255
28557.361979,2151426471,2151427680,15939,1209
28557.373999,2151436094,2151437304,15972,1210
28557.386015,2151445890,2151447118,15602,1228
28557.398045,2151455565,2151456797,15909,1232
28557.440125,2151489657,2151490842,15985,1185
28557.452150,2151499298,2151500507,15851,1209
28557.470184,2151513890,2151515100,15933,1210
28557.482205,2151523545,2151524774,15971,1229
28557.495731,2151534562,2151535768,15972,1206
28557.507745,2151544151,2151545383,15601,1232
28557.519779,2151553884,2151555089,16018,1205
28557.531799,2151563601,2151564829,16053,1228
28557.543816,2151573255,2151574466,15830,1211
28557.555847,2151582923,2151584157,15939,1234
28557.567868,2151592628,2151593812,16057,1184
28557.579882,2151602315,2151603594,15603,1279
28557.591915,2151612033,2151613261,15907,1228
28557.603940,2151621796,2151623110,15960,1314
28557.615950,2151631777,2151633009,15596,1232
28557.627984,2151641606,2151642862,15936,1256
28557.640007,2151651272,2151652476,15914,1204
28557.652019,2151661029,2151662261,15601,1232
28557.664051,2151670918,2151672178,15828,1260
28557.676074,2151680634,2151681842,15887,1208
28557.688094,2151690370,2151691599,15600,1229
28557.700119,2151700237,2151701466,15844,1229
28557.712141,2151709972,2151711178,15873,1206
28557.724156,2151719594,2151720826,15696,1232
28557.736188,2151729306,2151730539,15943,1233
28557.748211,2151738922,2151740133,15978,1211
28557.760224,2151748606,2151749838,15616,1232
28557.772255,2151758386,2151759621,15746,1235
28557.784279,2151768061,2151769269,15973,1208
28557.796296,2151777709,2151778942,15943,1233
28557.808325,2151787592,2151788824,15945,1232
28557.829364,2151804615,2151805825,15950,1210
28557.865432,2151833893,2151835124,15960,1231
28557.877451,2151843647,2151844879,15632,1232
28557.892485,2151855934,2151857192,15977,1258
28557.904500,2151865864,2151867092,15604,1228
28557.916533,2151875679,2151876910,15900,1231
28557.928554,2151885344,2151886576,15884,1232
28557.979653,2151927193,2151928423,15940,1230
28557.991674,2151936928,2151938181,15972,1253
28558.016721,2151958844,2151960074,15986,1230
28558.093859,2152019980,2152021186,15675,1206
28558.105894,2152029766,2152031001,15910,1235
28558.120911,2152041947,2152043150,15601,1203
28558.132944,2152051573,2152052826,15942,1253
28558.208085,2152112779,2152113992,15973,1213
28558.220098,2152122516,2152123767,15598,1251
28558.232131,2152132442,2152133705,15822,1263
28558.244154,2152142237,2152143495,15969,1258
28558.256166,2152152083,2152153266,15603,1183
28558.268199,2152161769,2152162975,15744,1206
28558.304270,2152191065,2152192276,16017,1211
28558.316291,2152200939,2152202121,15972,1182
28558.328305,2152210675,2152211902,15678,1227
28558.340337,2152220312,2152221546,15910,1234
28558.433514,2152296360,2152297675,15900,1315
28558.445528,2152306308,2152307539,15563,1231
28558.457562,2152316114,2152317346,16018,1232
28558.469584,2152325944,2152327177,16066,1233
28558.505654,2152355256,2152356491,16013,1235
28558.517665,2152365089,2152366321,15600,1232
28558.535702,2152379750,2152380961,15824,1211
28558.547735,2152389576,2152390786,15905,1210
28558.559756,2152399439,2152400722,15961,1283
28558.571764,2152409219,2152410451,15550,1232
28558.583802,2152418996,2152420202,15908,1206
28558.595824,2152428786,2152430043,15955,1257
28558.607837,2152438454,2152439684,15602,1230
28558.628888,2152455494,2152456748,15938,1254
28558.640908,2152465327,2152466560,15969,1233
28558.655939,2152477444,2152478680,15935,1236
28558.667960,2152487215,2152488421,15977,1206
28558.679982,2152496875,2152498107,15764,1232
28558.692007,2152506598,2152507850,15951,1252
28558.704030,2152516377,2152517586,15988,1209
28558.728077,2152536005,2152537214,15942,1209
28558.740098,2152545881,2152547062,16063,1181
28558.752111,2152555619,2152556851,15676,1232
28558.764144,2152565419,2152566654,15937,1235
28558.776165,2152575254,2152576516,15972,1262
28558.788180,2152585079,2152586307,15603,1228
28558.800211,2152594791,2152596026,15748,1235
28558.812234,2152604588,2152605793,15975,1205
28558.824249,2152614250,2152615453,15607,1203
28558.836282,2152624089,2152625299,15762,1210
28558.869334,2152650896,2152652154,15599,1258
28558.881368,2152660717,2152661953,15902,1236
28558.917439,2152690480,2152691710,15936,1230
28558.929457,2152700343,2152701603,15894,1260
28558.941471,2152710258,2152711513,15599,1255
28558.953505,2152720086,2152721341,15935,1255
28558.971538,2152734983,2152736217,15913,1234
28558.983560,2152744795,2152745980,15971,1185
28558.995574,2152754438,2152755671,15519,1233
28559.007606,2152764233,2152765519,15850,1286
28559.019632,2152774225,2152775479,16012,1254
28559.031646,2152784149,2152785383,15848,1234
28559.043676,2152793914,2152795169,15935,1255
28559.055697,2152803718,2152804971,15925,1253
28559.067712,2152813550,2152814786,15606,1236
28559.079744,2152823545,2152824774,15819,1229
28559.091768,2152833231,2152834466,15971,1235
28559.103780,2152843055,2152844282,15519,1227
28559.121811,2152857726,2152858957,15566,1231
28559.133847,2152867510,2152868793,15833,1283
28559.145870,2152877438,2152878696,16064,1258
28559.157886,2152887296,2152888574,15612,1278
28559.187951,2152911809,2152912994,15901,1185
28559.199972,2152921599,2152922808,16053,1209
28559.211986,2152931375,2152932628,15598,1253
28559.224019,2152941163,2152942372,15936,1209
28559.236040,2152950941,2152952201,15939,1260
28559.248058,2152960726,2152961982,15617,1256
28559.290143,2152995037,2152996270,15969,1233
28559.302159,2153004858,2153006109,15604,1251
28559.329211,2153027142,2153028347,15846,1205
28559.341241,2153037099,2153038355,15941,1256
28559.392329,2153079014,2153080242,15690,1228
28559.404359,2153088783,2153090042,15742,1259
28559.443435,2153120707,2153121966,15943,1259
28559.455448,2153130449,2153131681,15614,1232
28559.467481,2153140196,2153141478,15941,1282
28559.479502,2153150057,2153151290,15962,1233
28559.491523,2153159822,2153161057,15968,1235
28559.503551,2153169660,2153170895,15912,1235
28559.515570,2153179503,2153180785,15958,1282
28559.527588,2153189411,2153190693,15854,1282
28559.539619,2153199442,2153200627,15912,1185
28559.551639,2153209211,2153210445,15961,1234
28559.563654,2153218959,2153220187,15537,1228
28559.575686,2153228691,2153229948,15822,1257
28559.587707,2153238476,2153239705,15962,1229
28559.599723,2153248287,2153249491,15615,1204
28559.611757,2153258117,2153259322,15937,1205
28559.623777,2153267874,2153269168,15902,1294
28559.635792,2153277839,2153279067,15618,1228
28559.656841,2153295042,2153296275,15943,1233
28559.668864,2153304892,2153306150,16063,1258
28559.692910,2153324958,2153326193,15934,1235
28559.704930,2153334794,2153336029,15913,1235
28559.716950,2153344674,2153345904,15630,1230
28559.741000,2153364634,2153365912,15977,1278
28559.753014,2153374602,2153375834,15617,1232
28559.810133,2153421320,2153422553,15940,1233
28559.822155,2153431088,2153432323,15910,1235
28559.888272,2153485473,2153486676,15689,1203
28559.912324,2153505353,2153506635,16037,1282
28559.924343,2153515718,2153516981,15918,1263
28559.936371,2153525827,2153527091,15940,1264
28559.948391,2153535838,2153537073,15906,1235
28559.960413,2153545973,2153547256,15726,1283
28559.972439,2153555989,2153557272,15942,1283
28559.984447,2153565944,2153567147,15675,1203
28560.020523,2153595650,2153596853,15729,1203
28560.032550,2153605538,2153606746,15653,1208
28560.044577,2153615577,2153616860,15957,1283
28560.120726,2153680428,2153681642,15838,1214
28560.137739,2153692643,2153693877,15682,1234
28560.149773,2153702532,2153703740,15712,1208
28560.188854,2153734916,2153736169,15993,1253
28560.200863,2153744902,2153746111,15701,1209
28560.224921,2153764549,2153765786,15982,1237
28560.239943,2153776994,2153778267,15547,1273
28560.251971,2153786829,2153788089,15874,1260
28560.270005,2153801820,2153803078,15935,1258
28560.282015,2153811856,2153813094,15678,1238
28560.297059,2153824106,2153825361,15974,1255
28560.312081,2153836441,2153837626,15630,1185
28560.333127,2153853509,2153854719,15981,1210
28560.345135,2153863579,2153864868,15677,1289
28560.357167,2153873351,2153874582,15642,1231
28560.378212,2153890809,2153892044,15977,1235
28560.390219,2153900684,2153901934,15759,1250
28560.435310,2153938041,2153939305,15759,1264
28560.447337,2153947887,2153949122,15690,1235
28560.459367,2153957746,2153958980,16056,1234
28560.477404,2153972433,2153973645,16008,1212
28560.489407,2153982248,2153983499,15755,1251
28560.537503,2154021726,2154022929,15556,1203
28560.549538,2154031473,2154032733,16020,1260
28560.564568,2154043799,2154045079,15681,1280
28560.576587,2154053780,2154055039,15941,1259
28560.633682,2154100658,2154101891,15756,1233
28560.645714,2154110505,2154111762,15630,1257
28560.693813,2154150350,2154151555,16051,1205
28560.705819,2154160239,2154161468,15682,1229
28560.717848,2154170036,2154171323,15640,1287
28560.741888,2154190013,2154191296,15678,1283
28560.753922,2154199998,2154201225,15642,1227
28560.771956,2154214902,2154216158,15673,1256
28560.783982,2154224982,2154226186,15957,1204
28560.795991,2154234591,2154235846,15682,1255
28560.808025,2154244554,2154245809,15632,1255
28560.820052,2154254343,2154255602,15893,1259
28560.838087,2154269243,2154270453,15972,1210
28560.850095,2154279112,2154280439,15604,1327
28560.886163,2154308814,2154310117,15687,1303
28560.898196,2154318680,2154319908,15560,1228
28560.910224,2154328599,2154329881,15893,1282
28560.922250,2154338610,2154339869,16005,1259
28560.937276,2154350954,2154352218,16002,1264
28560.956326,2154368441,2154369706,15943,1265
28560.976350,2154383600,2154384805,16051,1205
28560.988368,2154393657,2154394943,15606,1286
28561.060512,2154453756,2154455044,15767,1288
28561.075522,2154466406,2154467687,15671,1281
28561.129632,2154511415,2154512649,15730,1234
28561.141660,2154521451,2154522736,15643,1285
28561.153689,2154531416,2154532647,15822,1231
28561.183728,2154556022,2154557230,15678,1208
28561.195766,2154565905,2154567139,15567,1234
28561.207791,2154575745,2154577008,15987,1263
28561.264883,2154623287,2154624544,15675,1257
28561.276916,2154633365,2154634699,15551,1334
28561.288945,2154643436,2154644692,15887,1256
28561.300951,2154653316,2154654600,15679,1284
28561.365092,2154709082,2154710386,15651,1304
28561.388133,2154726643,2154727925,15928,1282
28561.406168,2154741675,2154742934,15975,1259
28561.418176,2154751583,2154752834,15676,1251
28561.469288,2154794136,2154795452,16018,1316
28561.481294,2154804048,2154805252,15681,1204
28561.571467,2154878876,2154880133,15769,1257
28561.583500,2154888870,2154890150,15642,1280
28561.595530,2154898818,2154900053,16010,1235
28561.607542,2154908656,2154909908,15564,1252
28561.619567,2154918497,2154919773,15545,1276
28561.631597,2154928352,2154929659,16001,1307
28561.679673,2154968617,2154969820,15676,1203
28561.691698,2154978498,2154979751,15552,1253
28561.703733,2154988508,2154989772,15977,1264
28561.715741,2154998307,2154999510,15676,1203
28561.727774,2155008148,2155009384,15612,1236
28561.739803,2155018173,2155019436,15824,1263
28561.751814,2155028139,2155029371,15763,1232
28561.769845,2155043154,2155044465,15679,1311
28561.781876,2155053216,2155054497,15742,1281
28561.793905,2155063452,2155064817,15890,1365
28561.805918,2155074020,2155075300,15568,1280
28561.820956,2155086706,2155087965,16057,1259
28561.866043,2155124413,2155125693,16075,1280
28561.878054,2155134531,2155135764,15788,1233
28561.896083,2155149525,2155150781,15753,1256
28561.908118,2155159523,2155160790,15864,1267
28561.920147,2155169692,2155170951,15825,1259
28561.932152,2155179852,2155181109,15681,1257
28561.944188,2155189709,2155190966,15859,1257
28561.956214,2155199737,2155201050,15967,1313
28561.968225,2155209834,2155211060,15717,1226
28561.986260,2155224727,2155225982,15708,1255
28562.001301,2155236925,2155238207,16036,1282
28562.013306,2155247160,2155248418,15677,1258
28562.088460,2155309182,2155310412,15647,1230
28562.100488,2155319180,2155320409,15982,1229
28562.116508,2155334058,2155335289,15977,1231
28562.151586,2155361792,2155363048,15708,1256
28562.163610,2155371766,2155372977,15996,1211
28562.181644,2155386866,2155388125,15818,1259
28562.193649,2155396907,2155398164,15678,1257
28562.208695,2155409319,2155410603,15974,1284
28562.220702,2155419657,2155420884,15678,1227
28562.328906,2155510266,2155511552,15757,1286
28562.340937,2155520364,2155521618,15668,1254
28562.352968,2155530420,2155531723,16039,1303
28562.416089,2155583969,2155585230,15972,1261
28562.428102,2155594225,2155595433,15712,1208
28562.440126,2155604224,2155605527,15534,1303
28562.461175,2155621960,2155623243,15955,1283
28562.473182,2155631954,2155633240,15680,1286
28562.485214,2155641929,2155643136,15637,1207
28562.497242,2155651863,2155653118,15970,1255
28562.509249,2155661956,2155663236,15674,1280
28562.540327,2155689553,2155690836,15973,1283
28562.599428,2155737047,2155738327,15653,1280
28562.611454,2155747234,2155748523,15788,1289
28562.623484,2155757326,2155758581,15999,1255
28562.635490,2155767296,2155768554,15760,1258
28562.665557,2155792579,2155793840,15714,1261
28562.677585,2155802622,2155803905,16058,1283
28562.695620,2155817623,2155818885,16056,1262
28562.707627,2155827568,2155828849,15680,1281
28562.719660,2155837579,2155838859,15638,1280
28562.731687,2155847467,2155848731,15955,1264
28562.743695,2155857463,2155858744,15679,1281
28562.755729,2155867698,2155868967,15899,1269
28562.767757,2155877611,2155878945,15934,1334
28562.779765,2155887654,2155888912,15682,1258
28562.797805,2155902646,2155903928,15632,1282
28562.809831,2155912614,2155913895,15758,1281
28562.824859,2155925117,2155926425,15792,1308
28562.839897,2155937903,2155939138,16018,1235
28562.851906,2155947928,2155949233,15760,1305
28562.863931,2155958142,2155959458,15601,1316
28562.875963,2155968222,2155969510,15997,1288
28562.887971,2155978136,2155979415,15697,1279
28562.899998,2155988151,2155989411,15828,1260
28562.918039,2156003194,2156004445,15848,1251
28562.930065,2156013133,2156014422,15887,1289
28562.969127,2156045914,2156047224,15745,1310
28562.984168,2156058603,2156059886,15970,1283
28563.044284,2156109411,2156110669,15714,1258
28563.056302,2156119524,2156120759,15891,1235
28563.068319,2156129630,2156130910,15653,1280
28563.080347,2156139721,2156140983,15646,1262
28563.095366,2156152378,2156153682,15581,1304
28563.113399,2156167428,2156168713,15676,1285
28563.125430,2156177557,2156178815,15733,1258
28563.143472,2156192319,2156193581,15691,1262
28563.155496,2156202339,2156203599,15825,1260
28563.167506,2156212493,2156213749,15677,1256
28563.179538,2156222344,2156223627,15849,1283
28563.191563,2156232364,2156233595,15976,1231
28563.203569,2156242263,2156243494,15677,1231
28563.248657,2156280508,2156281741,15699,1233
28563.260686,2156290608,2156291838,15816,1230
28563.272717,2156300604,2156301866,15975,1262
28563.284727,2156310804,2156312037,15699,1233
28563.380918,2156391450,2156392734,15921,1284
28563.392935,2156401570,2156402850,15635,1280
28563.462077,2156460312,2156461571,16057,1259
28563.474097,2156470546,2156471887,15975,1341
28563.585305,2156565383,2156566665,15615,1282
28563.597336,2156575611,2156576894,15944,1283
28563.609343,2156585763,2156587020,15696,1257
28563.621375,2156595862,2156597176,15615,1314
28563.636393,2156608568,2156609854,15596,1286
28563.648425,2156618762,2156620020,15542,1258
28563.672463,2156638996,2156640276,15599,1280
28563.684492,2156649265,2156650573,15758,1308
28563.696525,2156659407,2156660689,15983,1282
28563.756631,2156710571,2156711853,15616,1282
28563.768660,2156720752,2156722011,15893,1259
28563.807725,2156753817,2156755121,15706,1304
28563.819752,2156763909,2156765165,15844,1256
28563.831782,2156774051,2156775311,15993,1260
28563.879857,2156814964,2156816250,15755,1286
28563.891890,2156825124,2156826354,15740,1230
28563.903919,2156835219,2156836501,15909,1282
28563.915925,2156845374,2156846655,15680,1281
28563.927957,2156855530,2156856787,15623,1257
28563.939984,2156865571,2156866808,15855,1237
28563.951993,2156875593,2156876869,15681,1276
28563.964025,2156885733,2156887017,15638,1284
28563.976055,2156895878,2156897191,16018,1313
28563.988067,2156905905,2156907168,15639,1263
28564.000095,2156916045,2156917278,15842,1233
28564.021140,2156933963,2156935251,15964,1288
28564.033148,2156944184,2156945498,15673,1314
28564.048192,2156956920,2156958203,15979,1283
28564.060202,2156967031,2156968291,15762,1260
28564.072227,2156977198,2156978485,15580,1287
28564.090262,2156992590,2156993800,15796,1210
28564.102295,2157002600,2157003859,16026,1259
28564.120329,2157017507,2157018740,16082,1233
28564.132337,2157027524,2157028815,15768,1291
28564.147382,2157040245,2157041536,16048,1291
28564.159387,2157050486,2157051773,15760,1287
28564.171418,2157060699,2157062033,15597,1334
28564.183451,2157070830,2157072089,15816,1259
28564.204477,2157088686,2157090001,15742,1315
28564.216505,2157099023,2157100281,15617,1258
28564.231528,2157111704,2157112994,15845,1290
28564.243557,2157121991,2157123227,15885,1236
28564.255587,2157132072,2157133355,15956,1283
28564.267598,2157142398,2157143683,15777,1285
28564.279626,2157152477,2157153763,15814,1286
28564.291653,2157162643,2157163927,15857,1284
28564.304687,2157175398,2157176683,15816,1285
28564.351764,2157213935,2157215194,15819,1259
28564.363793,2157224061,2157225320,15975,1259
28564.375799,2157234225,2157235584,15669,1359
28564.387828,2157244657,2157245947,15833,1290
28564.399861,2157254890,2157256176,15980,1286
28564.411874,2157265030,2157266369,15756,1339
28564.423900,2157275143,2157276379,15817,1236
28564.435927,2157285224,2157286540,15942,1316
28564.447940,2157295567,2157296832,15728,1265
28564.459968,2157305786,2157307069,15818,1283
28564.472001,2157316136,2157317448,15968,1312
28564.502041,2157342360,2157343644,15779,1284
28564.514071,2157352620,2157353880,15833,1260
28564.568174,2157398592,2157399905,15822,1313
28564.580205,2157408871,2157410165,15870,1294
28564.592210,2157419091,2157420401,15686,1310
28564.604244,2157429166,2157430426,15657,1260
28564.616273,2157439262,2157440628,15891,1366
28564.628285,2157449388,2157450704,15751,1316
28564.640310,2157459583,2157460894,15727,1311
28564.652344,2157469794,2157471082,15999,1288
28564.676380,2157490107,2157491376,15815,1269
28564.688412,2157500514,2157501772,15957,1258
28564.709434,2157518390,2157519702,15685,1312
28564.721466,2157528597,2157529881,15836,1284
28564.776566,2157577396,2157578737,16049,1341
28564.880765,2157665023,2157666305,15590,1282
28564.892792,2157675490,2157676782,15816,1292
28564.904822,2157685720,2157687023,15855,1303
28564.916828,2157696125,2157697464,15680,1339
28564.928868,2157706462,2157707748,15903,1286
28564.943879,2157719242,2157720523,15667,1281
28564.967942,2157733358,2157734005,12027,647
28564.981470,2157739086,2157740021,13603,935
28564.993492,2157748372,2157749584,16051,1212
28565.005507,2157758022,2157759280,15834,1258
28565.023543,2157773066,2157774277,15938,1211
28565.035571,2157782950,2157784185,15988,1235
28565.047594,2157792968,2157794280,15880,1312
28565.059609,2157803297,2157804562,15832,1265
28565.071638,2157813564,2157814931,15820,1367
28565.083661,2157823861,2157825194,15937,1333
28565.095678,2157834054,2157835314,15844,1260
28565.107709,2157844204,2157845445,15920,1241
28565.119730,2157854208,2157855499,15952,1291
28565.131749,2157864513,2157865807,15779,1294
28565.143774,2157874782,2157876070,15904,1288
28565.155798,2157884916,2157886205,15977,1289
28565.167815,2157895196,2157896565,15764,1369
28565.179844,2157905626,2157906912,15805,1286
28565.191866,2157915774,2157917083,15966,1309
28565.203883,2157926017,2157927330,15862,1313
28565.215913,2157936182,2157937465,15908,1283
28565.236954,2157954198,2157955504,15994,1306
28565.248969,2157964618,2157965924,15840,1306
28565.276027,2157987953,2157989217,15912,1264
28565.288050,2157998374,2157999705,15802,1331
28565.300072,2158008656,2158010003,15963,1347
28565.312089,2158019209,2158020581,15778,1372
28565.324118,2158029444,2158030736,15819,1292
28565.336143,2158039920,2158041260,15985,1340
28565.348160,2158050284,2158051591,15741,1307
28565.360187,2158060671,2158062036,15907,1365
28565.372212,2158070965,2158072272,15902,1307
28565.384227,2158081124,2158082408,15847,1284
28565.396257,2158091358,2158092637,15820,1279
28565.408278,2158101565,2158102850,15980,1285
28565.420298,2158111879,2158113246,15880,1367
28565.444348,2158132765,2158134073,15990,1308
28565.456364,2158143340,2158144627,15809,1287
28565.469890,2158153420,2158154654,15849,1234
28565.481918,2158163321,2158164604,15904,1283
28565.493943,2158173529,2158174789,15988,1260
28565.505958,2158183892,2158185186,15907,1294
28565.530011,2158204606,2158205920,16064,1314
28565.542026,2158214999,2158216311,15844,1312
28565.554057,2158225225,2158226488,15985,1263
28565.566080,2158235530,2158236848,15953,1318
28565.590125,2158256408,2158257692,15906,1284
28565.602149,2158266690,2158268023,15987,1333
28565.614164,2158277023,2158278334,15824,1311
28565.629199,2158289795,2158291083,15977,1288
28565.641218,2158300282,2158301573,15872,1291
28565.656250,2158313294,2158314610,15969,1316
28565.668267,2158323854,2158325219,15797,1365
28565.704335,2158355029,2158356317,15820,1288
28565.716364,2158365431,2158366715,15905,1284
28565.728387,2158375724,2158377008,15979,1284
28565.740405,2158386074,2158387361,15840,1287
28565.755439,2158398915,2158400256,15946,1341
28565.767458,2158409274,2158410591,15869,1317
28565.779484,2158419653,2158421017,15818,1364
28565.791509,2158430053,2158431369,15872,1316
28565.812541,2158448391,2158449709,15823,1318
28565.824572,2158458976,2158460292,15821,1316
28565.839592,2158471946,2158473288,15839,1342
28565.851623,2158482274,2158483577,15908,1303
28565.863645,2158492606,2158493947,15859,1341
28565.875661,2158503153,2158504471,15826,1318
28565.887690,2158513552,2158514838,15907,1286
28565.899715,2158523839,2158525150,15991,1311
28565.911730,2158534296,2158535579,15823,1283
28565.941795,2158560673,2158561988,15904,1315
28565.953817,2158571203,2158572511,15878,1308
28565.965841,2158581601,2158582948,15870,1347
28565.977863,2158591942,2158593202,15900,1260
28565.989886,2158602136,2158603472,15820,1336
28566.001909,2158612495,2158613809,15908,1314
28566.013932,2158622865,2158624130,15908,1265
28566.025953,2158633309,2158634674,15980,1365
28566.043988,2158648772,2158650055,15976,1283
28566.056004,2158659241,2158660533,15843,1292
28566.068034,2158669559,2158670922,15818,1363
28566.080059,2158679845,2158681152,15944,1307
28566.092073,2158690340,2158691677,15783,1337
28566.104102,2158700682,2158702019,15866,1337
28566.116126,2158710988,2158712274,15993,1286
28566.128141,2158721466,2158722807,15885,1341
28566.140172,2158731910,2158733244,15911,1334
28566.152192,2158742283,2158743648,15956,1365
28566.164210,2158752918,2158754260,15813,1342
28566.176239,2158763379,2158764715,15836,1336
28566.188263,2158773515,2158774825,15978,1310
28566.200281,2158783885,2158785227,15945,1342
28566.248378,2158825732,2158827015,15930,1283
28566.260398,2158835987,2158837300,15971,1313
28566.284443,2158856701,2158858045,15988,1344
28566.296468,2158867373,2158868714,15980,1341
28566.320513,2158888290,2158889604,15908,1314
28566.332535,2158898813,2158900130,15963,1317
28566.348565,2158914886,2158916175,15956,1289
28566.371607,2158933106,2158934449,15850,1343
28566.383633,2158943498,2158944811,15905,1313
28566.395657,2158953944,2158955253,15897,1309
28566.413692,2158969408,2158970700,15955,1292
28566.425710,2158979812,2158981126,15872,1314
28566.437737,2158990208,2158991574,15820,1366
28566.449759,2159000759,2159002042,15974,1283
28566.488827,2159034621,2159035938,15830,1317
28566.500856,2159045135,2159046475,15902,1340
28566.515885,2159058195,2159059479,15895,1284
28566.551948,2159089641,2159090981,15844,1340
28566.563977,2159100031,2159101317,15819,1286
28566.576000,2159110219,2159111535,15986,1316
28566.588016,2159120491,2159121814,15828,1323
28566.600045,2159130819,2159132158,15903,1339
28566.612069,2159141408,2159142668,15994,1260
28566.624085,2159151789,2159153130,15757,1341
28566.636115,2159162184,2159163496,15820,1312
28566.654149,2159177898,2159179245,15904,1347
28566.666172,2159188402,2159189733,15824,1331
28566.678190,2159198881,2159200218,15773,1337
28566.690216,2159209326,2159210694,15861,1368
28566.702240,2159220067,2159221405,15905,1338
28566.714265,2159230567,2159231909,15815,1342
28566.726288,2159241008,2159242317,15926,1309
28566.759342,2159269986,2159271250,15842,1264
28566.771369,2159280590,2159281913,15902,1323
28566.783394,2159291005,2159292288,15980,1283
28566.795410,2159301404,2159302719,15819,1315
28566.807438,2159311879,2159313197,15908,1318
28566.819461,2159322293,2159323640,15935,1347
28566.831479,2159332810,2159334148,15859,1338
28566.843508,2159343167,2159344461,15905,1294
28566.873565,2159369529,2159370845,15973,1316
28566.885581,2159379958,2159381301,15841,1343
28566.912639,2159403627,2159404969,15905,1342
28566.924662,2159414421,2159415759,15860,1338
28566.963736,2159448889,2159450158,15913,1269
28566.975753,2159459355,2159460668,15743,1313
28566.987782,2159469897,2159471239,15950,1342
28566.999807,2159480291,2159481608,15989,1317
28567.011829,2159490655,2159492001,15818,1346
28567.023852,2159501159,2159502530,15819,1371
28567.035874,2159511892,2159513239,15978,1347
28567.047891,2159522378,2159523721,15924,1343
28567.059921,2159532871,2159534236,15985,1365
28567.071944,2159543590,2159544934,15993,1344
28567.083959,2159554171,2159555515,15911,1344
28567.095988,2159564542,2159565909,15907,1367
28567.108012,2159575061,2159576402,15986,1341
28567.120028,2159585651,2159586989,15843,1338
28567.132060,2159596196,2159597479,15889,1283
28567.144080,2159606690,2159608007,15977,1317
28567.156096,2159617222,2159618520,15844,1298
28567.168125,2159627765,2159629081,15900,1316
28567.180149,2159638233,2159639574,15960,1341
28567.192165,2159648634,2159650001,15745,1367
28567.204194,2159658935,2159660276,15819,1341
28567.216217,2159669428,2159670769,15948,1341
28567.228234,2159679903,2159681270,15927,1367
28567.240264,2159690455,2159691748,15918,1293
28567.252285,2159701015,2159702384,16042,1369
28567.264304,2159711533,2159712801,15934,1268
28567.276331,2159722131,2159723423,15985,1292
28567.333440,2159772635,2159773974,15983,1339
28567.345457,2159783278,2159784618,15845,1340
28567.372508,2159807373,2159808712,15830,1339
28567.384535,2159817954,2159819318,15902,1364
28567.396560,2159828546,2159829907,15975,1361
28567.420605,2159849583,2159850925,15986,1342
28567.432627,2159860116,2159861477,15964,1361
28567.447657,2159873254,2159874587,15910,1333
28567.459680,2159883683,2159885025,15919,1342
28567.480713,2159902253,2159903551,15838,1298
28567.492741,2159912805,2159914170,15907,1365
28567.540833,2159954998,2159956316,16048,1318
28567.552850,2159965593,2159966959,15858,1366
28567.579902,2159989454,2159990765,15841,1311
28567.591931,2160000071,2160001361,15910,1290
28567.603955,2160010571,2160011840,15992,1269
28567.621988,2160026181,2160027547,16052,1366
28567.634005,2160036739,2160038101,15848,1362
28567.646036,2160047378,2160048696,15916,1318
28567.658058,2160057918,2160059285,15997,1367
28567.673085,2160071146,2160072512,15911,1366
28567.685110,2160081728,2160083094,16065,1366
28567.697125,2160092249,2160093565,15827,1316
28567.721177,2160113246,2160114539,16057,1293
28567.733194,2160123792,2160125134,15852,1342
28567.751228,2160139553,2160140919,15850,1366
28567.766264,2160152928,2160154294,16070,1366
28567.778279,2160163541,2160164909,15820,1368
28567.793316,2160176776,2160178143,15959,1367
28567.805338,2160187344,2160188685,15909,1341
28567.853430,2160229806,2160231179,15991,1373
28567.865453,2160240493,2160241811,16070,1318
28567.889497,2160261760,2160263097,15987,1337
28567.904527,2160275103,2160276417,15899,1314
28567.916550,2160285803,2160287138,15822,1335
28567.955624,2160320398,2160321742,15917,1344
28567.967640,2160330980,2160332320,15786,1340
28567.979668,2160341502,2160342844,15906,1342
28568.003714,2160362717,2160363985,15901,1268
28568.015737,2160373236,2160374565,15907,1329
28568.027758,2160383789,2160385154,15960,1365
28568.039777,2160394470,2160395812,15772,1342
28568.051806,2160404969,2160406290,15825,1321
28568.063829,2160415492,2160416854,15891,1362
28568.075845,2160426049,2160427412,15752,1363
28568.087873,2160436581,2160437898,15906,1317
28568.099897,2160447072,2160448437,15982,1365
28568.120931,2160465717,2160467058,15939,1341
28568.132960,2160476262,2160477622,15909,1360
28568.169027,2160508372,2160509740,15908,1368
28568.181051,2160518995,2160520313,15975,1318
28568.193068,2160529594,2160530936,15842,1342
28568.205099,2160540338,2160541705,15910,1367
28568.232151,2160564318,2160565608,15917,1290
28568.244172,2160574738,2160576055,16058,1317
28568.256188,2160585340,2160586681,15824,1341
28568.274222,2160601299,2160602636,15819,1337
28568.286253,2160611898,2160613236,15904,1338
28568.361396,2160678373,2160679737,15984,1364
28568.373411,2160689015,2160690382,15831,1367
28568.400470,2160712813,2160714131,15983,1318
28568.412491,2160723500,2160724838,15818,1338
28568.475610,2160779439,2160780731,15904,1292
28568.487637,2160789994,2160791361,15972,1367
28568.499657,2160800541,2160801899,15817,1358
28568.511680,2160811095,2160812463,15906,1368
28568.532719,2160829715,2160831080,15957,1365
28568.544737,2160840337,2160841705,15775,1368
28568.583816,2160875142,2160876488,15910,1346
28568.595840,2160885842,2160887159,15975,1317
28568.607858,2160896416,2160897783,15945,1367
28568.619887,2160907062,2160908405,15815,1343
28568.631909,2160917564,2160918931,15891,1367
28568.652942,2160936224,2160937542,15827,1318
28568.664972,2160946875,2160948247,15992,1372
28568.676997,2160957553,2160958894,16073,1341
28568.693024,2160973348,2160974716,15992,1368
28568.713064,2160989262,2160990627,15979,1365
28568.728094,2161002632,2161003973,15917,1341
28568.746128,2161018570,2161019888,15909,1318
28568.758151,2161029139,2161030457,15989,1318
28568.770165,2161039835,2161041202,15904,1367
28568.785202,2161053219,2161054586,15989,1367
28568.797224,2161063743,2161065086,15901,1343
28568.812252,2161077078,2161078393,15982,1315
28568.824269,2161087741,2161089078,15845,1337
28568.836299,2161098424,2161099798,15907,1374
28568.884391,2161140957,2161142281,15989,1324
28568.896413,2161151622,2161152970,15901,1348
28568.911441,2161164836,2161166135,15971,1299
28568.953520,2161202182,2161203549,15982,1367
28568.965545,2161212907,2161214271,15903,1364
28568.977560,2161223579,2161224918,15828,1339
28568.989589,2161234298,2161235663,15817,1365
28569.001612,2161245008,2161246325,15974,1317
28569.016642,2161258333,2161259652,15906,1319
28569.028664,2161268882,2161270250,15974,1368
28569.067732,2161303578,2161304871,15828,1293
28569.079760,2161314196,2161315539,15905,1343
28569.091768,2161325104,2161326445,15678,1341
28569.103800,2161335646,2161337014,15755,1368
28569.115831,2161346222,2161347587,15975,1365
28569.127836,2161356886,2161358226,15678,1340
28569.139869,2161367473,2161368840,15908,1367
28569.151899,2161378063,2161379430,16058,1367
28569.163905,2161388679,2161390019,15762,1340
28569.175937,2161399196,2161400562,15825,1366
28569.187968,2161409826,2161411194,15976,1368
28569.199987,2161420479,2161421820,15956,1341
28569.212004,2161431218,2161432563,15658,1345
28569.224038,2161441722,2161443065,16056,1343
28569.236042,2161452444,2161453759,15679,1315
28569.248077,2161462967,2161464337,15869,1370
28569.260105,2161473524,2161474839,15976,1315
28569.278139,2161489374,2161490669,15975,1295
28569.290145,2161499923,2161501288,15601,1365
28569.323228,2161529272,2161530565,15979,1293
28569.338246,2161542481,2161543821,15819,1340
28569.425403,2161619801,2161621166,15684,1365
28569.437435,2161630495,2161631839,15829,1344
28569.449465,2161641073,2161642443,15942,1370
28569.461471,2161651695,2161653034,15676,1339
28569.527606,2161710194,2161711512,15817,1318
28569.539637,2161720916,2161722263,15875,1347
28569.551642,2161731575,2161732915,15600,1340
28569.563674,2161742264,2161743628,15738,1364
28569.581709,2161758322,2161759635,15635,1313
28569.593738,2161768906,2161770275,15965,1369
28569.632797,2161803540,2161804904,15684,1364
28569.644825,2161814504,2161815844,15815,1340
28569.695930,2161860025,2161861295,15953,1270
28569.707949,2161870466,2161871803,15843,1337
28569.719979,2161881153,2161882495,15972,1342
28569.738014,2161897104,2161898475,15979,1371
28569.750032,2161907852,2161909220,15940,1368
28569.768054,2161923941,2161925255,15681,1314
28569.780086,2161934613,2161935951,15830,1338
28569.792115,2161945347,2161946664,15878,1317
28569.804122,2161956019,2161957378,15645,1359
28569.816155,2161966736,2161968104,15826,1368
28569.828185,2161977392,2161978762,15982,1370
28569.840197,2161987929,2161989269,15591,1340
28569.852223,2161998517,2161999859,15816,1342
28569.864254,2162009162,2162010532,16037,1370
28569.876259,2162019658,2162020997,15602,1339
28569.888299,2162030400,2162031745,15817,1345
28569.900322,2162041105,2162042472,15959,1367
28569.912328,2162051716,2162053086,15677,1370
28569.957414,2162091882,2162093223,15684,1341
28569.969446,2162102608,2162103951,15823,1343
28569.984469,2162115874,2162117243,15729,1369
28569.996498,2162126735,2162128054,15844,1319
28570.011517,2162140178,2162141498,15682,1320
28570.044597,2162169541,2162170912,15977,1371
28570.056602,2162180267,2162181627,15599,1360
28570.068635,2162190964,2162192330,15742,1366
28570.152803,2162266014,2162267375,15974,1361
28570.164820,2162276665,2162278010,15855,1345
28570.185864,2162295509,2162296856,15985,1347
28570.197886,2162306243,2162307539,16039,1296
28570.209904,2162316785,2162318128,15843,1343
28570.224937,2162330235,2162331606,15954,1371
28570.236955,2162341049,2162342391,15841,1342
28570.248985,2162351740,2162353117,15918,1377
28570.261006,2162362560,2162363881,15953,1321
28570.277038,2162379203,2162380546,15962,1343
28570.294070,2162392607,2162393955,15986,1348
28570.306091,2162403352,2162404722,15967,1370
28570.381220,2162470395,2162471764,15681,1369
28570.393252,2162481289,2162482649,15796,1360
28570.456372,2162537549,2162538892,15822,1343
28570.468403,2162548243,2162549587,15958,1344
28570.483430,2162561493,2162562836,15881,1343
28570.495452,2162572228,2162573596,15943,1368
28570.507473,2162582920,2162584262,16023,1342
28570.519492,2162593671,2162595036,15912,1365
28570.531523,2162604253,2162605617,15983,1364
28570.543529,2162614888,2162616229,15681,1341
28570.588628,2162654915,2162656256,15958,1341
28570.600647,2162665659,2162667028,15919,1369
28570.633705,2162695224,2162696538,15587,1314
28570.645732,2162705720,2162707062,15814,1342
28570.663767,2162721880,2162723247,15825,1367
28570.675797,2162732711,2162734073,15868,1362
28570.687816,2162743301,2162744645,15954,1344
28570.699835,2162753979,2162755350,15841,1371
28570.711864,2162764626,2162765994,15860,1368
28570.723871,2162775313,2162776678,15604,1365
28570.735904,2162785927,2162787267,15759,1340
28570.753937,2162801963,2162803306,15632,1343
28570.765968,2162812681,2162814053,15958,1372
28570.793019,2162836742,2162838060,15944,1318
28570.805038,2162847426,2162848792,15938,1366
28570.826075,2162866243,2162867585,15820,1342
28570.838105,2162876933,2162878280,15942,1347
28570.868146,2162903728,2162905024,15681,1296
28570.880184,2162914421,2162915791,15877,1370
28570.904227,2162935751,2162937095,15941,1344
28570.916247,2162946534,2162947880,15822,1346
28570.928277,2162957317,2162958657,15976,1340
28570.940295,2162968000,2162969339,15937,1339
28570.952315,2162978608,2162979878,15636,1270
28570.964346,2162989204,2162990572,15955,1368
28570.976361,2162999950,2163001274,15836,1324
28570.988392,2163010497,2163011790,15908,1293
28571.000414,2163021129,2163022452,15977,1323
28571.012430,2163031899,2163033269,15837,1370
28571.072551,2163085929,2163087301,15973,1372
28571.084569,2163096850,2163098219,15860,1369
28571.111622,2163120977,2163122320,15940,1343
28571.123644,2163131832,2163133150,15826,1318
28571.135672,2163142549,2163143916,15941,1367
28571.147690,2163153183,2163154554,15942,1371
28571.165724,2163169366,2163170711,16016,1345
28571.177751,2163179925,2163181265,15944,1340
28571.220838,2163220350,2163221719,15915,1369
28571.237862,2163233833,2163235199,16024,1366
28571.279943,2163271420,2163272792,15944,1372
28571.291964,2163282300,2163283617,15941,1317
28571.303984,2163292985,2163294300,15845,1315
28571.316013,2163303602,2163304974,15949,1372
28571.328031,2163314304,2163315647,15940,1343
28571.349069,2163333053,2163334396,15793,1343
28571.361100,2163343772,2163345114,15872,1342
28571.433238,2163408491,2163409860,15949,1369
28571.445256,2163419384,2163420751,15851,1367
28571.484328,2163454501,2163455869,15846,1368
28571.496356,2163465293,2163466661,16027,1368
28571.508376,2163476133,2163477498,15852,1365
28571.535427,2163500435,2163501774,15942,1339
28571.547447,2163511164,2163512530,15740,1366
28571.559477,2163521961,2163523309,15956,1348
28571.571496,2163532664,2163534038,15945,1374
28571.583516,2163543438,2163544804,15827,1366
28571.604563,2163562393,2163563736,15958,1343
28571.616582,2163573058,2163574375,15946,1317
28571.637619,2163591757,2163593076,15831,1319
28571.649654,2163602473,2163603846,16014,1373
28571.703752,2163650858,2163652201,15954,1343
28571.715771,2163661518,2163662862,15943,1344
28571.727790,2163672223,2163673591,15838,1368
28571.748838,2163691042,2163692386,15961,1344
28571.760854,2163701736,2163703102,15887,1366
28571.772883,2163712502,2163713870,15902,1368
28571.787908,2163725996,2163727340,15935,1344
28571.817962,2163753010,2163754371,15831,1361
28571.829992,2163763800,2163765166,15948,1366
28571.841998,2163774471,2163775842,15682,1371
28571.857044,2163788025,2163789372,15966,1347
28571.869062,2163798794,2163800162,15858,1368
28571.884096,2163812181,2163813548,15877,1367
28571.908133,2163833874,2163835246,15828,1372
28571.920163,2163844616,2163845982,15928,1366
28571.932182,2163855428,2163856748,15942,1320
28571.944202,2163866116,2163867463,15826,1347
28571.956233,2163876846,2163878188,15886,1342
28571.968251,2163887557,2163888925,15943,1368
28571.980271,2163898248,2163899617,15742,1369
28571.992301,2163909091,2163910434,15955,1343
28572.004319,2163919752,2163921094,15944,1342
28572.067438,2163976087,2163977430,15929,1343
28572.079454,2163986815,2163988132,15606,1317
28572.091489,2163997559,2163998901,15957,1342
28572.103508,2164008377,2164009719,15949,1342
28572.115530,2164019144,2164020510,15828,1366
28572.127559,2164029929,2164031296,15951,1367
28572.139576,2164040753,2164042119,15859,1366
28572.157609,2164056921,2164058283,15918,1362
28572.169638,2164067715,2164069081,15905,1366
28572.193680,2164089075,2164090444,15944,1369
28572.205694,2164099752,2164101094,15602,1342
28572.232745,2164123925,2164125287,15695,1362
28572.244781,2164134610,2164135983,16041,1373
28572.280851,2164167027,2164168372,16111,1345
28572.292868,2164177746,2164179112,15941,1366
28572.316919,2164199390,2164200759,15966,1369
28572.328936,2164210237,2164211577,15939,1340
28572.381032,2164258797,2164260141,15925,1344
28572.485225,2164350555,2164351919,15604,1364
28572.500261,2164364059,2164365427,15896,1368
28572.521300,2164382902,2164384269,15865,1367
28572.533330,2164393612,2164394981,15907,1369
28572.545348,2164404378,2164405719,15944,1341
28572.588427,2164444564,2164445908,15926,1344
28572.692619,2164536311,2164537655,15602,1344
28572.704656,2164547145,2164548510,16110,1365
28572.731709,2164571352,2164572692,16116,1340
28572.743724,2164582124,2164583487,15841,1363
28572.755740,2164592944,2164594287,15523,1343
28572.767774,2164603723,2164605095,15883,1372
28572.779792,2164614419,2164615761,15928,1342
28572.791808,2164625155,2164626498,15520,1343
28572.803845,2164636005,2164637376,16015,1371
28572.821877,2164652036,2164653403,15932,1367
28572.833895,2164662801,2164664166,15946,1365
28572.872962,2164697804,2164699149,15597,1345
28572.884999,2164708475,2164709840,15967,1365
28572.906032,2164727273,2164728636,15935,1363
28572.936083,2164754260,2164755628,15678,1368
28572.948120,2164765166,2164766533,16189,1367
28572.960135,2164775926,2164777269,15934,1343
28572.978169,2164792023,2164793391,16007,1368
28572.990186,2164802766,2164804106,15681,1340
28573.017239,2164827056,2164828421,15851,1365
28573.029274,2164837910,2164839278,16115,1368
28573.119443,2164919036,2164920398,15931,1362
28573.131461,2164929851,2164931215,15943,1364
28573.143479,2164940672,2164941991,15661,1319
28573.155514,2164951424,2164952791,16184,1367
28573.167530,2164962185,2164963525,16054,1340
28573.185564,2164978334,2164979702,15928,1368
28573.197580,2164988975,2164990319,15607,1344
28573.228644,2165018581,2165019950,15942,1369
28573.245685,2165032154,2165033524,16186,1370
28573.332837,2165110557,2165111896,15604,1339
28573.344874,2165121221,2165122591,16098,1370
28573.356890,2165132052,2165133420,16014,1368
28573.433039,2165202227,2165203570,16101,1343
28573.537233,2165293915,2165295257,15933,1342
28573.549249,2165304622,2165305965,15601,1343
28573.564284,2165318201,2165319569,15970,1368
28573.576300,2165328941,2165330283,15604,1342
28573.588337,2165339783,2165341145,16100,1362
28573.645438,2165391136,2165392506,15925,1370
28573.657468,2165401939,2165403254,15750,1315
28573.672490,2165415452,2165416824,15932,1372
28573.747626,2165482887,2165484182,15579,1295
28573.759660,2165493572,2165494932,15961,1360
28573.771678,2165504348,2165505719,15928,1371
28573.783695,2165515189,2165516558,15603,1369
28573.852833,2165577219,2165578589,16008,1370
28573.864849,2165588074,2165589413,15675,1339
28573.876886,2165598766,2165600128,16018,1362
28573.897919,2165617692,2165619056,15842,1364
28573.909940,2165628452,2165629818,15862,1366
28573.921972,2165639249,2165640615,16102,1366
28573.961039,2165674380,2165675720,15970,1340
28573.973055,2165685490,2165686830,15601,1340
28573.985092,2165696282,2165697655,16017,1373
28574.066246,2165769352,2165770718,16105,1366
28574.078261,2165780074,2165781440,15840,1366
28574.090278,2165790834,2165792202,15564,1368
28574.102317,2165798729,2165799565,13910,836
28574.116331,2165805524,2165806176,11972,652
28574.129365,2165812112,2165813321,15913,1209
28574.141387,2165821905,2165823117,15978,1212
28574.168440,2165845476,2165846850,15996,1374
28574.180455,2165856319,2165857688,15832,1369
28574.192484,2165867111,2165868453,15911,1342
28574.204506,2165877801,2165879120,15834,1319
28574.216524,2165888578,2165889921,15764,1343
28574.228554,2165899410,2165900781,15914,1371
28574.249593,2165918317,2165919659,15988,1342
28574.261610,2165929003,2165930350,15917,1347
28574.297678,2165961427,2165962770,15916,1343
28574.309708,2165972154,2165973517,15912,1363
28574.321732,2165983030,2165984377,16065,1347
28574.333749,2165993910,2165995283,15957,1373
28574.345777,2166004681,2166006025,15914,1344
28574.360798,2166018103,2166019474,15909,1371
28574.372827,2166028948,2166030296,15992,1348
28574.384851,2166039761,2166041124,16079,1363
28574.396866,2166050552,2166051897,15910,1345
28574.408897,2166061462,2166062825,15910,1363
28574.420918,2166072315,2166073688,15983,1373
28574.435948,2166085922,2166087265,15908,1343
28574.496055,2166139995,2166141338,15832,1343
28574.508086,2166150881,2166152255,15913,1374
28574.520107,2166161737,2166163105,15898,1368
28574.532126,2166172566,2166173935,15849,1369
28574.556177,2166194287,2166195630,15999,1343
28574.568192,2166205215,2166206581,15835,1366
28574.580222,2166216043,2166217412,15824,1369
28574.598256,2166232374,2166233724,15910,1350
28574.610279,2166243156,2166244497,15981,1341
28574.620331,2166251268,2166252362,15243,1094
28574.632823,2166261536,2166262877,15973,1341
28574.656869,2166282973,2166284315,15915,1342
28574.668890,2166293782,2166295146,15981,1364
28574.680907,2166304528,2166305898,15767,1370
28574.692937,2166315308,2166316675,15827,1367
28574.704961,2166326186,2166327552,15998,1366
28574.729005,2166347903,2166349248,15919,1345
28574.741029,2166358765,2166360131,15995,1366
28574.756057,2166372319,2166373639,15914,1320
28574.768079,2166383162,2166384533,15982,1371
28574.780095,2166393997,2166395339,15848,1342
28574.792126,2166404873,2166406235,15913,1362
28574.804149,2166415773,2166417140,15998,1367
28574.816164,2166426633,2166428001,15792,1368
28574.828193,2166437433,2166438803,15829,1370
28574.840217,2166448328,2166449694,15990,1366
28574.852233,2166459224,2166460591,15851,1367
28574.864263,2166470110,2166471478,15911,1368
28574.876284,2166480885,2166482227,15981,1342
28574.888301,2166491667,2166493040,15764,1373
28574.900330,2166502492,2166503861,15999,1369
28574.921372,2166521509,2166522874,16040,1365
28574.933387,2166532330,2166533698,15840,1368
28574.951421,2166548359,2166549730,15847,1371
28574.963451,2166559109,2166560478,15912,1369
28574.975474,2166569937,2166571302,15987,1365
28574.987490,2166580826,2166582198,15829,1372
28575.023558,2166613464,2166614832,15850,1368
28575.035586,2166624372,2166625694,15916,1322
28575.047609,2166635170,2166636515,15878,1345
28575.059627,2166646011,2166647360,15864,1349
28575.071656,2166656750,2166658097,15912,1347
28575.083677,2166667504,2166668851,15973,1347
28575.119748,2166700075,2166701444,15986,1369
28575.131764,2166710912,2166712254,15849,1342
28575.143792,2166721716,2166723062,15911,1346
28575.155815,2166732524,2166733868,15967,1344
28575.167833,2166743339,2166744706,15863,1367
28575.179862,2166754155,2166755527,15911,1372
28575.191883,2166764936,2166766304,15970,1368
28575.203901,2166775763,2166777129,15834,1366
28575.215930,2166786546,2166787912,15911,1366
28575.227955,2166797323,2166798689,15998,1366
28575.239970,2166808141,2166809507,15833,1366
28575.252001,2166819008,2166820380,15829,1372
28575.264022,2166829819,2166831191,15899,1372
28575.276039,2166840761,2166842082,15853,1321
28575.288069,2166851502,2166852850,15914,1348
28575.300092,2166862370,2166863738,15999,1368
28575.312107,2166873242,2166874612,15832,1370
28575.324136,2166884073,2166885416,15915,1343
28575.336161,2166894928,2166896294,15998,1366
28575.348176,2166905847,2166907212,15929,1365
28575.360206,2166916728,2166918094,15917,1366
28575.372228,2166927508,2166928825,15985,1317
28575.384244,2166938327,2166939670,15851,1343
28575.396274,2166949181,2166950553,15919,1372
28575.408298,2166960108,2166961476,15995,1368
28575.420313,2166971048,2166972416,15833,1368
28575.432342,2166981939,2166983307,15916,1368
28575.456382,2167003760,2167005104,15852,1344
28575.468412,2167014593,2167015936,15918,1343
28575.495462,2167038871,2167040219,15912,1348
28575.507487,2167049575,2167050946,15998,1371
28575.519502,2167060487,2167061855,15837,1368
28575.573604,2167109349,2167110718,15853,1369
28575.585635,2167120227,2167121570,15917,1343
28575.597658,2167130988,2167132331,16006,1343
28575.612685,2167144606,2167145982,15914,1376
28575.624710,2167155569,2167156938,15997,1369
28575.636725,2167166375,2167167747,15835,1372
28575.651761,2167180009,2167181351,16001,1342
28575.676805,2167204457,2167205802,15979,1345
28575.693839,2167218027,2167219392,15920,1365
28575.705863,2167228929,2167230302,15971,1373
28575.732915,2167253289,2167254655,15996,1366
28575.744930,2167264213,2167265583,15845,1370
28575.768982,2167285984,2167287352,15983,1368
28575.780999,2167296883,2167298256,15849,1373
28575.805052,2167318661,2167320001,16003,1340
28575.817067,2167329497,2167330864,15745,1367
28575.829097,2167340418,2167341788,15911,1370
28575.841120,2167351237,2167352605,15924,1368
28575.877188,2167383739,2167385105,15981,1366
28575.889212,2167394651,2167395995,15909,1344
28575.913258,2167416379,2167417723,16078,1344
28575.925273,2167427157,2167428520,15841,1363
28575.943308,2167443423,2167444789,15855,1366
28575.955338,2167454392,2167455764,15999,1372
28575.967359,2167465292,2167466657,15893,1365
28575.979376,2167476114,2167477483,15764,1369
28575.991405,2167486987,2167488358,15917,1371
28576.003430,2167497885,2167499240,15994,1355
28576.015447,2167508713,2167510062,15861,1349
28576.027473,2167519586,2167520934,15915,1348
28576.039496,2167530450,2167531798,15919,1348
28576.051513,2167541284,2167542656,15852,1372
28576.063543,2167552092,2167553464,15913,1372
28576.075565,2167563012,2167564383,15982,1371
28576.087587,2167573892,2167575261,15864,1369
28576.099611,2167584774,2167586116,15918,1342
28576.111635,2167595608,2167596952,15999,1344
28576.123650,2167606432,2167607800,15835,1368
28576.135680,2167617286,2167618649,15831,1363
28576.147702,2167628168,2167629539,15974,1371
28576.201807,2167676939,2167678304,16000,1365
28576.213822,2167687791,2167689109,15831,1318
28576.228857,2167701329,2167702696,16028,1367
28576.240873,2167712300,2167713668,15863,1368
28576.264924,2167734043,2167735413,15967,1370
28576.276942,2167744885,2167746254,15862,1369
28576.297987,2167763986,2167765355,15922,1369
28576.310011,2167774833,2167776200,16067,1367
28576.415210,2167870127,2167871470,15914,1343
28576.430236,2167883671,2167885015,15828,1344
28576.517407,2167962549,2167963916,15998,1367
28576.529422,2167973456,2167974773,15895,1317
28576.544457,2167986995,2167988335,15984,1340
28576.556474,2167997937,2167999281,15851,1344
28576.583530,2168022430,2168023802,15901,1372
28576.595554,2168033318,2168034667,15910,1349
28576.607578,2168044189,2168045554,15999,1365
28576.619593,2168055088,2168056453,15831,1365
28576.631623,2168065925,2168067298,15907,1373
28576.661680,2168093057,2168094425,15982,1368
28576.673696,2168103933,2168105301,15755,1368
28576.685725,2168114815,2168116184,15910,1369
28576.736816,2168161136,2168162480,15838,1344
28576.748847,2168171948,2168173315,15865,1367
28576.775898,2168196516,2168197891,15907,1375
28576.787921,2168207471,2168208812,15993,1341
28576.799936,2168218304,2168219623,15827,1319
28576.811966,2168229165,2168230539,15912,1374
28576.823990,2168240114,2168241482,15909,1368
28576.836007,2168250942,2168252311,15860,1369
28576.848034,2168261781,2168263148,15904,1367
28576.860055,2168272731,2168274104,15959,1373
28576.884101,2168294469,2168295838,15826,1369
28576.896126,2168305258,2168306628,15894,1370
28576.908142,2168316108,2168317479,15841,1371
28576.920170,2168327027,2168328393,15909,1366
28576.932192,2168337870,2168339243,15833,1373
28576.944211,2168348807,2168350155,15857,1348
28576.956240,2168359659,2168361008,15914,1349
28576.968261,2168370549,2168371922,15870,1373
28576.980284,2168381443,2168382812,15902,1369
28577.001324,2168400436,2168401805,15823,1369
28577.013349,2168411314,2168412683,15977,1369
28577.025365,2168422189,2168423559,15840,1370
28577.044412,2168441285,2168442654,15903,1369
28577.061434,2168454868,2168456241,15840,1373
28577.073464,2168465778,2168467145,15903,1367
28577.115536,2168503972,2168505339,15826,1367
28577.127566,2168514776,2168516146,15910,1370
28577.139589,2168525641,2168527009,15974,1368
28577.151605,2168536564,2168537932,15760,1368
28577.163635,2168547486,2168548857,15840,1371
28577.175657,2168558319,2168559692,15934,1373
28577.187673,2168569247,2168570614,15827,1367
28577.205708,2168585523,2168586892,15905,1369
28577.217737,2168596389,2168597759,15911,1370
28577.229759,2168607275,2168608644,15996,1369
28577.241778,2168618059,2168619426,15768,1367
28577.268828,2168642522,2168643893,15859,1371
28577.280855,2168653441,2168654809,15909,1368
28577.308909,2168680605,2168681973,15972,1368
28577.343977,2168710399,2168711768,15906,1369
28577.355999,2168721238,2168722614,15875,1376
28577.368016,2168732031,2168733401,15772,1370
28577.380044,2168742871,2168744244,15825,1373
28577.392069,2168753793,2168755165,15981,1372
28577.404085,2168764702,2168766073,15851,1371
28577.416113,2168775604,2168776978,15920,1374
28577.437153,2168794676,2168796026,15961,1350
28577.449171,2168805549,2168806918,15842,1369
28577.461201,2168816438,2168817807,15908,1369
28577.476229,2168830012,2168831358,15912,1346
28577.488252,2168840910,2168842279,15914,1369
28577.569407,2168914562,2168915935,15912,1373
28577.581432,2168925411,2168926779,15997,1368
28577.635532,2168974525,2168975887,15974,1362
28577.660578,2168999099,2169000468,15972,1369
28577.680619,2169015492,2169016863,15992,1371
28577.692634,2169026350,2169027720,15827,1370
28577.704663,2169037262,2169038633,15911,1371
28577.780813,2169108009,2169109349,15832,1340
28577.800840,2169124318,2169125688,15829,1370
28577.812869,2169135271,2169136644,15829,1373
28577.824891,2169146160,2169147533,15914,1373
28577.836908,2169157098,2169158470,15756,1372
28577.848939,2169167992,2169169359,15816,1367
28577.860961,2169178885,2169180228,16065,1343
28577.872983,2169189784,2169191152,15893,1368
28577.885006,2169200738,2169202105,15909,1367
28577.900028,2169214379,2169215722,15822,1343
28577.945114,2169255446,2169256817,15843,1371
28577.957144,2169266362,2169267727,15908,1365
28577.984195,2169290827,2169292196,15909,1369
28578.002230,2169307181,2169308553,15912,1372
28578.014253,2169318095,2169319462,15945,1367
28578.053320,2169353640,2169355007,15846,1367
28578.068354,2169367321,2169368691,15890,1370
28578.080371,2169378255,2169379626,15825,1371
28578.092401,2169389106,2169390476,15912,1370
28578.104425,2169399996,2169401364,15986,1368
28578.167543,2169457310,2169458679,15889,1369
28578.179560,2169468183,2169469555,15831,1372
28578.191589,2169479089,2169480458,15911,1369
28578.203613,2169490037,2169491414,15966,1377
28578.224646,2169509179,2169510522,15837,1343
28578.236676,2169520065,2169521437,15909,1372
28578.263728,2169544615,2169545959,15905,1344
28578.275751,2169555547,2169556919,15998,1372
28578.287766,2169566421,2169567788,15825,1367
28578.299794,2169577499,2169578840,15973,1341
28578.311811,2169588384,2169589753,15944,1369
28578.421028,2169689246,2169690614,15840,1368
28578.468113,2169729961,2169731329,15710,1368
28578.480139,2169740870,2169742242,15920,1372
28578.492154,2169751712,2169753082,16028,1370
28578.504173,2169762571,2169763937,15612,1366
28578.516205,2169773463,2169774825,15968,1362
28578.528226,2169784361,2169785728,15938,1367
28578.540242,2169795131,2169796501,15609,1370
28578.555274,2169808710,2169810053,15941,1343
28578.600360,2169849582,2169850925,15944,1343
28578.612379,2169860496,2169861862,15617,1366
28578.624415,2169871421,2169872766,15796,1345
28578.639430,2169884945,2169886286,15608,1341
28578.672501,2169914837,2169916180,15948,1343
28578.684516,2169925728,2169927097,15617,1369
28578.696548,2169936572,2169937914,15972,1342
28578.736629,2169974574,2169975940,15615,1366
28578.825791,2170053556,2170054896,15932,1340
28578.837808,2170064470,2170065842,15613,1372
28578.879891,2170102723,2170104088,15944,1365
28578.891911,2170113757,2170115123,15611,1366
28578.903943,2170124599,2170125969,16009,1370
28578.915962,2170135478,2170136847,15930,1369
28578.927979,2170146237,2170147575,15658,1338
28578.940012,2170157106,2170158449,15810,1343
28578.958048,2170173339,2170174710,15992,1371
28578.970065,2170184220,2170185593,15900,1373
28578.985100,2170197849,2170199192,16040,1343
28578.997111,2170208777,2170210150,15875,1373
28579.018155,2170227922,2170229291,15900,1369
28579.030183,2170238844,2170240219,16050,1375
28579.054219,2170260651,2170262014,15614,1363
28579.066253,2170271576,2170272943,16082,1367
28579.084285,2170287851,2170289195,16050,1344
28579.096303,2170298782,2170300151,15948,1369
28579.108322,2170309652,2170311023,15616,1371
28579.156423,2170353203,2170354573,15964,1370
28579.168445,2170364086,2170365455,15950,1369
28579.207510,2170399533,2170400907,15616,1374
28579.219546,2170410431,2170411799,15862,1368
28579.231563,2170421335,2170422700,15941,1365
28579.243583,2170432217,2170433585,15823,1368
28579.255611,2170443136,2170444452,15966,1316
28579.273646,2170459409,2170460780,15963,1371
28579.285663,2170470291,2170471658,15910,1367
28579.364824,2170543985,2170545356,15955,1371
28579.469008,2170636623,2170637990,15613,1367
28579.481040,2170647543,2170648912,15967,1369
28579.493058,2170658444,2170659811,15859,1367
28579.505076,2170669494,2170670855,15689,1361
28579.526126,2170688545,2170689914,15964,1369
28579.538143,2170699414,2170700780,16031,1366
28579.577214,2170734842,2170736211,15611,1369
28579.592246,2170748383,2170749728,16024,1345
28579.637333,2170789220,2170790589,16036,1369
28579.649351,2170800138,2170801508,15576,1370
28579.679417,2170827416,2170828788,16048,1372
28579.691435,2170838256,2170839625,16034,1369
28579.703456,2170849129,2170850495,15615,1366
28579.715489,2170860000,2170861372,15911,1372
28579.727503,2170870906,2170872276,15947,1370
28579.748540,2170890037,2170891407,15612,1370
28579.760574,2170900970,2170902339,15914,1369
28579.772589,2170911880,2170913243,15953,1363
28579.784608,2170922782,2170924149,15612,1367
28579.796640,2170933689,2170935058,15967,1369
28579.808659,2170944625,2170945987,15843,1362
28579.883797,2171012966,2171014334,15616,1368
28579.896826,2171026578,2171027946,15951,1368
28579.908864,2171037537,2171038908,15901,1371
28579.998021,2171116790,2171118157,15937,1367
28580.010041,2171127705,2171129074,15840,1369
28580.040103,2171155026,2171156399,15961,1373
28580.052121,2171165994,2171167365,15955,1371
28580.064140,2171176942,2171178307,15583,1365
28580.076172,2171187818,2171189187,15987,1369
28580.088190,2171198741,2171200084,15955,1343
28580.100209,2171209602,2171210945,15619,1343
28580.112243,2171220483,2171221854,15864,1371
28580.124258,2171231579,2171232953,15946,1374
28580.212431,2171313537,2171314904,15944,1367
28580.236477,2171333226,2171334357,15557,1131
28580.295584,2171374642,2171375710,14921,1068
28580.307607,2171383079,2171384106,14824,1027
28580.319636,2171391405,2171392424,14855,1019
28580.331652,2171399730,2171400768,14821,1038
28580.343672,2171407993,2171409031,14553,1038
28580.355705,2171416224,2171417290,15050,1066
28580.367721,2171424525,2171425598,14996,1073
28580.388757,2171439565,2171440647,14810,1082
28580.400790,2171448291,2171449388,15265,1097
28580.427841,2171468367,2171469534,15767,1167
28580.439858,2171477811,2171479128,15885,1317
28580.451886,2171488524,2171489894,15714,1370
28580.463910,2171499263,2171500557,15811,1294
28580.484943,2171518222,2171519565,15945,1343
28580.496963,2171528970,2171530341,15534,1371
28580.521012,2171550656,2171551996,15945,1340
28580.533032,2171561514,2171562880,15608,1366
28580.641237,2171659387,2171660754,15612,1367
28580.653273,2171670225,2171671598,15999,1373
28580.728407,2171738464,2171739811,15946,1347
28580.740426,2171749388,2171750758,15532,1370
28580.839611,2171835665,2171837033,15588,1368
28580.851652,2171846184,2171847558,16055,1374
28580.863666,2171856659,2171858033,15924,1374
28580.884702,2171874925,2171876288,15591,1363
28580.896732,2171885408,2171886777,15818,1369
28580.935801,2171919912,2171921281,15909,1369
28580.947827,2171930351,2171931691,15662,1340
28580.959854,2171941017,2171942274,15850,1257
28580.971870,2171951664,2171953037,15862,1373
28580.983895,2171962515,2171963769,15534,1254
28580.995919,2171973168,2171974511,15956,1343
28581.031989,2172005062,2172006411,15948,1349
28581.044004,2172015730,2172016987,15690,1257
28581.056024,2172026385,2172027753,15519,1368
28581.068059,2172037140,2172038514,15974,1374
28581.080076,2172047870,2172049130,15745,1260
28581.092108,2172058632,2172059868,15838,1236
28581.104129,2172069323,2172070694,16047,1371
28581.116144,2172080123,2172081379,15786,1256
28581.128177,2172090673,2172091891,15875,1218
28581.140198,2172101237,2172102515,15861,1278
28581.152215,2172111741,2172113108,15788,1367
28581.164230,2172122255,2172123625,15516,1370
28581.176262,2172132813,2172134187,15953,1374
28581.188283,2172143537,2172144909,16045,1372
28581.287466,2172231250,2172232624,15866,1374
28581.299496,2172241971,2172243341,15858,1370
28581.317529,2172257908,2172259165,15647,1257
28581.329555,2172268472,2172269839,15940,1367
28581.344582,2172281633,2172283006,15605,1373
28581.356606,2172292355,2172293731,15949,1376
28581.395678,2172327016,2172328360,15841,1344
28581.407695,2172337651,2172339014,15575,1363
28581.419729,2172348172,2172349428,15895,1256
28581.431744,2172358727,2172360097,15912,1370
28581.443771,2172369354,2172370728,15688,1374
28581.464814,2172387826,2172389190,15832,1364
28581.476828,2172398477,2172399729,15788,1252
28581.503882,2172422284,2172423653,15879,1369
28581.515904,2172432970,2172434222,15541,1252
28581.527935,2172443420,2172444765,15778,1345
28581.539947,2172454061,2172455403,15870,1342
28581.551973,2172464639,2172465893,15543,1254
28581.564001,2172475142,2172476511,15973,1369
28581.582035,2172491210,2172492577,15934,1367
28581.594055,2172501878,2172503250,15842,1372
28581.613102,2172520229,2172521576,15614,1347
28581.672207,2172570631,2172572010,16013,1379
28581.684226,2172581183,2172582552,15925,1369
28581.696248,2172591720,2172592926,15711,1206
28581.717295,2172610280,2172611512,15731,1232
28581.729313,2172620884,2172622137,15751,1253
28581.756363,2172644818,2172646195,16042,1377
28581.768386,2172655500,2172656733,15556,1233
28581.820494,2172703227,2172704461,15731,1234
28581.888619,2172761698,2172762936,15966,1238
28581.900641,2172772266,2172773628,16008,1362
28581.924687,2172793451,2172794822,15912,1371
28581.936705,2172804188,2172805416,15814,1228
28581.963758,2172827924,2172829268,15969,1344
28581.975775,2172838719,2172839952,15540,1233
28581.987807,2172849109,2172850483,15885,1374
28582.029879,2172886201,2172887566,15688,1365
28582.041912,2172896829,2172898199,15957,1370
28582.053929,2172907566,2172908937,16047,1371
28582.068961,2172920856,2172922222,15904,1366
28582.089997,2172939382,2172940754,15771,1372
28582.102018,2172950057,2172951401,15599,1344
28582.133075,2172979235,2172980604,15921,1369
28582.168152,2173008281,2173009486,15892,1205
28582.180167,2173018826,2173020201,15881,1375
28582.192190,2173029453,2173030824,15822,1371
28582.210222,2173045501,2173046874,15637,1373
28582.237281,2173069410,2173070665,15611,1255
28582.249304,2173079860,2173081236,15929,1376
28582.312427,2173135335,2173136712,15959,1377
28582.327449,2173148551,2173149812,15616,1261
28582.339481,2173158955,2173160185,15976,1230
28582.351493,2173169494,2173170838,15967,1344
28582.363513,2173180026,2173181368,15688,1342
28582.375546,2173190683,2173192025,15968,1342
28582.387563,2173201307,2173202678,15846,1371
28582.399583,2173211869,2173213123,15524,1254
28582.411613,2173222438,2173223780,15976,1342
28582.423627,2173233045,2173234252,15772,1207
28582.435659,2173243718,2173245088,15789,1370
28582.447680,2173254303,2173255671,16010,1368
28582.465714,2173270327,2173271704,15982,1377
28582.477733,2173280955,2173282329,15761,1374
28582.556888,2173352333,2173353700,15881,1367
28582.576922,2173368152,2173369528,15817,1376
28582.588948,2173378894,2173380265,15687,1371
28582.637047,2173421224,2173422456,16017,1232
28582.649061,2173431885,2173433254,15964,1369
28582.661077,2173442388,2173443754,15509,1366
28582.673111,2173453216,2173454500,15893,1284
28582.763282,2173532929,2173534180,15898,1251
28582.775300,2173543452,2173544830,15950,1378
28582.787327,2173553844,2173555221,15784,1377
28582.799353,2173564641,2173565899,15897,1258
28582.811364,2173575103,2173576336,15771,1233
28582.823387,2173585593,2173586845,15521,1252
28582.856453,2173614801,2173616173,15888,1372
28582.868473,2173625510,2173626871,15670,1361
28582.919570,2173670540,2173671915,15870,1375
28582.931599,2173681027,2173682395,15632,1368
28582.943626,2173691616,2173692871,15895,1255
28582.955642,2173702130,2173703501,15895,1371
28582.967659,2173712696,2173714062,15549,1366
28582.979694,2173723507,2173724761,15890,1254
28582.997730,2173739304,2173740567,15977,1263
28583.009747,2173749905,2173751280,16011,1375
28583.081884,2173813686,2173815054,15926,1368
28583.093905,2173824296,2173825665,15595,1369
28583.111934,2173839931,2173841302,15547,1371
28583.123967,2173850584,2173851960,15874,1376
28583.142003,2173866314,2173867547,15881,1233
28583.154021,2173876781,2173878152,15927,1371
28583.185084,2173906120,2173907403,15911,1283
28583.202111,2173919350,2173920717,15643,1367
28583.221151,2173937848,2173939218,16110,1370
28583.289279,2173996430,2173997685,15807,1255
28583.312332,2174010650,2174011300,12026,650
28583.332863,2174021081,2174022372,15861,1291
28583.344889,2174031457,2174032799,15906,1342
28583.356913,2174042182,2174043551,15901,1369
28583.368929,2174053087,2174054455,15826,1368
28583.380960,2174064026,2174065399,15915,1373
28583.392981,2174074918,2174076285,15977,1367
28583.405000,2174085872,2174087243,15870,1371
28583.421040,2174102324,2174103698,15854,1374
28583.444076,2174121547,2174122915,15899,1368
28583.456101,2174132462,2174133830,15893,1368
28583.474135,2174148962,2174150339,15968,1377
28583.486151,2174159948,2174161321,15855,1373
28583.504186,2174176377,2174177755,15864,1378
28583.516215,2174187393,2174188764,15823,1371
28583.528238,2174197875,2174199134,15817,1259
28583.546273,2174213213,2174214472,15851,1259
28583.564308,2174228722,2174229982,15877,1260
28583.576329,2174239049,2174240286,15788,1237
28583.591357,2174251928,2174253299,15825,1371
28583.603377,2174262553,2174263926,15803,1373
28583.615407,2174273026,2174274402,15827,1376
28583.627428,2174283640,2174285012,15917,1372
28583.639447,2174294252,2174295597,15788,1345
28583.651474,2174304814,2174306184,15824,1370
28583.663496,2174315222,2174316597,15812,1375
28583.675519,2174325762,2174327017,15817,1255
28583.687542,2174336336,2174337705,15911,1369
28583.699564,2174346907,2174348277,15948,1370
28583.711580,2174357496,2174358752,15815,1256
28583.723611,2174368072,2174369442,15905,1370
28583.735636,2174378766,2174380020,15895,1254
28583.747653,2174389226,2174390458,15767,1232
28583.759679,2174399787,2174401159,15794,1372
28583.771703,2174410554,2174411806,15981,1252
28583.783719,2174420979,2174422263,15760,1284
28583.795748,2174431509,2174432885,15745,1376
28583.808331,2174442203,2174443304,15299,1101
28583.821299,2174452766,2174454139,15947,1373
28583.845343,2174473978,2174475356,15912,1378
28583.857368,2174484590,2174485959,15971,1369
28583.869383,2174495214,2174496443,15764,1229
28583.881413,2174505817,2174507077,15830,1260
28583.893436,2174516390,2174517623,15893,1233
28583.905452,2174527013,2174528295,15733,1282
28583.917480,2174537512,2174538884,15821,1372
28583.953547,2174569264,2174570640,15990,1376
28583.965571,2174580019,2174581390,15939,1371
28583.980601,2174593363,2174594622,15836,1259
28583.992622,2174603928,2174605298,15884,1370
28584.004638,2174614659,2174615919,15736,1260
28584.016668,2174625083,2174626452,15908,1369
28584.052737,2174657411,2174658742,15841,1331
28584.064762,2174667918,2174669174,15808,1256
28584.080789,2174683780,2174685063,15874,1283
28584.112845,2174710235,2174711489,15757,1254
28584.124876,2174720843,2174722127,15811,1284
28584.136897,2174731377,2174732659,15891,1282
28584.151925,2174744494,2174745868,15843,1374
28584.163951,2174755082,2174756342,15835,1260
28584.175966,2174765637,2174766873,15762,1236
28584.187993,2174776085,2174777455,15822,1370
28584.200019,2174786922,2174788151,15887,1229
28584.212035,2174797457,2174798825,15856,1368
28584.224065,2174808080,2174809314,15869,1234
28584.237090,2174821395,2174822652,15763,1257
28584.261132,2174842756,2174844016,15888,1260
28584.281173,2174858602,2174859881,15798,1279
28584.293188,2174869091,2174870459,15739,1368
28584.305217,2174879679,2174881055,15908,1376
28584.317240,2174890399,2174891723,15867,1324
28584.353309,2174922345,2174923717,16055,1372
28584.365326,2174932897,2174934269,15814,1372
28584.377356,2174943565,2174944795,15923,1230
28584.389377,2174953936,2174955196,15896,1260
28584.401395,2174964484,2174965867,15777,1383
28584.425446,2174985634,2174987008,15970,1374
28584.437465,2174996302,2174997669,15773,1367
28584.461514,2175017468,2175018843,15934,1375
28584.473534,2175027989,2175029365,15779,1376
28584.485559,2175038577,2175039952,15827,1375
28584.497581,2175049226,2175050598,15979,1372
28584.512613,2175062518,2175063801,15846,1283
28584.524635,2175073062,2175074322,15902,1260
28584.548681,2175094315,2175095573,15835,1258
28584.560705,2175104942,2175106197,15897,1255
28584.572720,2175115389,2175116761,15771,1372
28584.584750,2175126152,2175127410,15844,1258
28584.596772,2175136649,2175138020,15968,1371
28584.608790,2175147263,2175148636,15771,1373
28584.632839,2175168279,2175169653,15858,1374
28584.644857,2175178848,2175180218,15773,1370
28584.656887,2175189562,2175190822,15777,1260
28584.672921,2175205301,2175206671,16019,1370
28584.695961,2175223845,2175225217,15970,1372
28584.707977,2175234562,2175235931,15760,1369
28584.726012,2175250289,2175251660,15801,1371
28584.738040,2175260903,2175262283,15916,1380
28584.753064,2175273925,2175275293,15874,1368
28584.765093,2175284548,2175285808,15843,1260
28584.777114,2175295011,2175296390,15986,1379
28584.789132,2175305637,2175306893,15773,1256
28584.801162,2175316098,2175317332,15849,1234
28584.840237,2175350304,2175351560,15921,1256
28584.852252,2175361107,2175362485,15886,1378
28584.873295,2175379812,2175381191,15903,1379
28584.885319,2175390313,2175391685,16031,1372
28584.897338,2175400794,2175402168,15798,1374
28584.909364,2175411387,2175412763,15824,1376
28584.921387,2175422018,2175423391,16004,1373
28584.936416,2175435188,2175436563,15858,1375
28584.948438,2175445916,2175447286,15890,1370
28584.972484,2175467089,2175468466,15823,1377
28584.984509,2175477675,2175478934,15872,1259
28584.996526,2175488194,2175489426,15776,1232
28585.008554,2175498745,2175500000,15835,1255
28585.020576,2175509172,2175510551,15959,1379
28585.044622,2175530303,2175531679,15907,1376
28585.056644,2175541071,2175542445,15944,1374
28585.071673,2175554285,2175555648,15838,1363
28585.083697,2175565038,2175566265,15881,1227
28585.095715,2175575449,2175576828,15866,1379
28585.107741,2175586071,2175587443,15825,1372
28585.119765,2175596636,2175598004,15900,1368
28585.131783,2175607261,2175608633,15737,1372
28585.143808,2175617842,2175619221,15804,1379
28585.155835,2175628393,2175629648,15794,1255
28585.167849,2175639060,2175640367,15706,1307
28585.179878,2175649671,2175651045,15916,1374
28585.191902,2175660316,2175661685,15945,1369
28585.224963,2175689516,2175690887,15876,1371
28585.236989,2175700240,2175701526,15836,1286
28585.249007,2175710806,2175712184,15812,1378
28585.270052,2175729320,2175730693,15853,1373
28585.294090,2175750676,2175752049,15826,1373
28585.306122,2175761327,2175762588,15836,1261
28585.318143,2175771778,2175773148,15932,1370
28585.330161,2175782493,2175783722,15766,1229
28585.342189,2175793079,2175794453,15917,1374
28585.357212,2175806254,2175807630,15771,1376
28585.369241,2175817036,2175818294,15848,1258
28585.396294,2175840955,2175842215,15838,1260
28585.408317,2175851667,2175852924,15803,1257
28585.420330,2175862360,2175863729,15827,1369
28585.456401,2175894156,2175895528,15773,1372
28585.468426,2175904881,2175906257,15826,1376
28585.480450,2175915414,2175916790,15855,1376
28585.496479,2175931278,2175932509,15878,1231
28585.513514,2175944574,2175945945,15913,1371
28585.537556,2175966066,2175967437,15893,1371
28585.549580,2175976683,2175978053,15828,1370
28585.600675,2176021689,2176023062,15804,1373
28585.612704,2176032426,2176033638,15918,1212
28585.636741,2176053590,2176054933,15845,1343
28585.648772,2176064144,2176065402,15778,1258
28585.663795,2176077340,2176078666,15782,1326
28585.675824,2176088121,2176089332,15837,1211
28585.687848,2176098503,2176099757,15865,1254
28585.699861,2176109085,2176110314,15831,1229
28585.717896,2176124918,2176126176,15814,1258
28585.729928,2176135342,2176136602,15867,1260
28585.765994,2176167172,2176168545,15824,1373
28585.778016,2176177776,2176179144,15979,1368
28585.809083,2176206771,2176208141,15906,1370
28585.868190,2176257684,2176259057,15971,1373
28585.880207,2176268382,2176269753,15853,1371
28585.892237,2176278969,2176280204,15849,1235
28585.904260,2176289574,2176290830,15884,1256
28585.925293,2176308099,2176309467,15866,1368
28585.937320,2176318778,2176320148,15912,1370
28585.985412,2176361232,2176362605,15930,1373
28585.997428,2176371871,2176373239,15764,1368
28586.015462,2176387823,2176389053,15750,1230
28586.027492,2176398439,2176399812,15908,1373
28586.039516,2176409038,2176410383,15971,1345
28586.072578,2176438343,2176439711,15904,1368
28586.084601,2176448874,2176450244,16048,1370
28586.111653,2176472749,2176474118,15921,1369
28586.123673,2176483538,2176484910,15859,1372
28586.135697,2176494039,2176495413,15872,1374
28586.147721,2176504885,2176506233,16072,1348
28586.159736,2176515548,2176516923,15850,1375
28586.171766,2176526091,2176527442,15990,1351
28586.183789,2176536628,2176537837,15874,1209
28586.195807,2176547097,2176548466,15858,1369
28586.207835,2176557745,2176559086,15909,1341
28586.219859,2176568397,2176569741,15971,1344
28586.231876,2176578909,2176580271,15780,1362
28586.243906,2176589619,2176590964,15821,1345
28586.255927,2176600316,2176601660,15918,1344
28586.267942,2176610866,2176612240,15831,1374
28586.279972,2176621387,2176622759,15872,1372
28586.337081,2176671855,2176673223,15961,1368
28586.349096,2176682622,2176683995,15789,1373
28586.376147,2176706578,2176707814,15737,1236
28586.388178,2176717367,2176718734,15904,1367
28586.400199,2176728038,2176729406,15889,1368
28586.421236,2176746431,2176747778,15869,1347
28586.433264,2176757153,2176758332,15837,1179
28586.451297,2176772986,2176774335,15830,1349
28586.463320,2176783659,2176785027,15976,1368
28586.475339,2176794307,2176795669,15708,1362
28586.487368,2176805222,2176806590,15908,1368
28586.499390,2176816013,2176817382,15994,1369
28586.511407,2176826638,2176828011,15839,1373
28586.535458,2176847919,2176849266,15965,1347
28586.547474,2176858648,2176860016,15831,1368
28586.559504,2176869121,2176870493,15740,1372
28586.571527,2176879604,2176880972,15967,1368
28586.583544,2176890258,2176891625,15794,1367
28586.595572,2176900819,2176902051,15836,1232
28586.607594,2176911311,2176912685,15895,1374
28586.619610,2176922038,2176923290,15738,1252
28586.631641,2176932545,2176933890,15898,1345
28586.652681,2176950936,2176952306,15914,1370
28586.664696,2176961728,2176963073,15830,1345
28586.676725,2176972360,2176973732,15839,1372
28586.688750,2176983094,2176984462,15958,1368
28586.700772,2176993735,2176994938,15891,1203
28586.752876,2177041210,2177042554,15860,1344
28586.793949,2177075499,2177076839,15859,1340
28586.805973,2177086237,2177087441,15957,1204
28586.857070,2177131190,2177132508,15985,1318
28586.869092,2177141665,2177143039,15951,1374
28586.884122,2177154990,2177156174,15834,1184
28586.896143,2177165479,2177166772,15978,1293
28586.908159,2177175869,2177177211,15845,1342
28586.920187,2177186448,2177187812,15913,1364
28586.932212,2177197163,2177198499,16046,1336
28586.944228,2177207703,2177209049,15845,1346
28586.956257,2177218162,2177219525,15827,1363
28586.968280,2177228763,2177229991,15864,1228
28586.980296,2177239289,2177240496,15760,1207
28587.025384,2177278900,2177280219,15807,1319
28587.037412,2177289590,2177290911,15897,1321
28587.061451,2177310654,2177312028,15854,1374
28587.073480,2177321192,2177322509,15987,1317
28587.091513,2177336925,2177338273,15907,1348
28587.103540,2177347378,2177348701,15956,1323
28587.115553,2177358062,2177359292,15646,1230
28587.127584,2177368472,2177369815,15904,1343
28587.139607,2177378696,2177380068,15904,1372
28587.151622,2177389043,2177390295,15679,1252
28587.163652,2177399415,2177400779,15860,1364
28587.175676,2177409901,2177411129,15984,1228
28587.187693,2177420264,2177421557,15907,1293
28587.208740,2177438523,2177439705,15834,1182
28587.220762,2177448800,2177450168,15875,1368
28587.232777,2177459632,2177460998,15827,1366
28587.244805,2177470169,2177471538,15910,1369
28587.256831,2177480619,2177481879,15880,1260
28587.280875,2177501539,2177502882,15820,1343
28587.292897,2177512174,2177513542,15979,1368
28587.304914,2177522753,2177524122,15741,1369
28587.316943,2177533286,2177534495,15745,1209
28587.331968,2177546264,2177547603,15784,1339
28587.343994,2177556691,2177558038,15774,1347
28587.362028,2177572446,2177573630,15824,1184
28587.374052,2177582784,2177584149,15961,1365
28587.392086,2177598440,2177599782,15983,1342
28587.404103,2177609041,2177610410,15774,1369
28587.416132,2177619575,2177620946,15827,1371
28587.434164,2177635341,2177636659,15903,1318
28587.446187,2177645639,2177646958,15943,1319
28587.465230,2177664078,2177665421,15853,1343
28587.494278,2177687888,2177689234,15981,1346
28587.509311,2177700931,2177702113,15902,1182
28587.521325,2177711501,2177712843,15742,1342
28587.533356,2177721861,2177723202,15817,1341
28587.548377,2177734814,2177736128,15816,1314
28587.596476,2177776241,2177777558,16007,1317
28587.608494,2177786669,2177788010,15936,1341
28587.635542,2177810147,2177811438,15947,1291
28587.696668,2177864827,2177866166,15884,1339
28587.716696,2177880422,2177881685,15944,1263
28587.728720,2177891062,2177892395,15653,1333
28587.743750,2177904204,2177905498,15837,1294
28587.800857,2177953620,2177954958,15631,1338
28587.812884,2177963986,2177965270,15960,1284
28587.885022,2178026911,2178028229,15966,1318
28587.897044,2178037487,2178038827,15862,1340
28587.912074,2178050363,2178051679,15965,1316
28587.924091,2178060870,2178062154,15946,1284
28587.936114,2178071279,2178072617,15734,1338
28587.948145,2178081873,2178083253,15864,1380
28587.960160,2178092290,2178093574,15954,1284
28587.978194,2178107897,2178109240,15945,1343
28587.990222,2178118289,2178119651,15627,1362
28588.011262,2178136646,2178137962,15963,1316
28588.023280,2178146971,2178148256,15861,1285
28588.035298,2178157267,2178158627,15609,1360
28588.047335,2178167374,2178168632,15814,1258
28588.065365,2178182664,2178183978,16046,1314
28588.077383,2178193074,2178194417,16032,1343
28588.116453,2178226915,2178228205,15689,1290
28588.131486,2178239929,2178241213,15956,1284
28588.152522,2178258281,2178259597,15580,1316
28588.164554,2178268774,2178270089,15969,1315
28588.176571,2178279055,2178280368,16032,1313
28588.216650,2178314914,2178316224,15989,1310
28588.233679,2178327558,2178328848,15702,1290
28588.245711,2178337732,2178338996,15951,1264
28588.257726,2178347908,2178349142,15946,1234
28588.320846,2178401779,2178403062,15945,1283
28588.332864,2178412072,2178413305,15613,1233
28588.344900,2178422305,2178423594,15864,1289
28588.392987,2178463132,2178464420,15955,1288
28588.405003,2178473231,2178474512,15628,1281
28588.421045,2178488585,2178489866,15686,1281
28588.525239,2178574947,2178576183,15960,1236
28588.537259,2178585088,2178586400,15847,1312
28588.549276,2178595376,2178596688,15496,1312
28588.621416,2178655587,2178656844,15633,1257
28588.633447,2178665712,2178666972,15967,1260
28588.729625,2178745209,2178746442,15647,1233
28588.741654,2178755305,2178756565,15968,1260
28588.807772,2178810513,2178811778,16031,1265
28588.819787,2178820574,2178821806,15594,1232
28588.831826,2178830415,2178831678,15830,1263
28588.885929,2178875287,2178876579,16055,1292
28588.897944,2178885167,2178886394,15962,1227
28588.940032,2178919933,2178921164,15944,1231
28588.952049,2178929901,2178931084,15958,1183
28588.964067,2178939605,2178940859,15630,1254
28588.976097,2178949548,2178950832,15924,1284
28588.988119,2178959363,2178960568,15952,1205
28589.000135,2178969035,2178970267,15626,1232
28589.018169,2178984083,2178985315,15620,1232
28589.030200,2178993951,2178995233,15883,1282
28589.057250,2179016299,2179017533,15951,1234
28589.072273,2179028567,2179029829,15632,1262
28589.153427,2179094625,2179095881,15627,1256
28589.165456,2179104804,2179106015,16038,1211
28589.177475,2179114696,2179115987,15951,1291
28589.225564,2179154143,2179155394,15626,1251
28589.237598,2179164015,2179165274,15756,1259
28589.255629,2179178520,2179179701,15964,1181
28589.267649,2179188127,2179189334,15961,1207
28589.279675,2179197773,2179198979,15713,1206
28589.351804,2179256451,2179257684,15627,1233
28589.365329,2179267767,2179269030,15692,1263
28589.443481,2179330782,2179332039,15908,1257
28589.455500,2179340544,2179341751,15611,1207
28589.467532,2179350113,2179351324,15946,1211
28589.479551,2179359778,2179360987,15852,1209
28589.491569,2179369492,2179370699,15625,1207
28589.503601,2179379234,2179380468,15801,1234
28589.515619,2179388914,2179390147,15972,1233
28589.527646,2179398603,2179399835,15704,1232
28589.539670,2179408261,2179409470,15810,1209
28589.551686,2179417953,2179419161,15948,1208
28589.563707,2179427620,2179428822,15704,1202
28589.575736,2179437331,2179438541,16031,1210
28589.587760,2179446976,2179448161,16014,1185
28589.599775,2179456587,2179457795,15617,1208
28589.611805,2179466210,2179467419,15948,1209
28589.623825,2179475801,2179477007,15958,1206
28589.635844,2179485432,2179486639,15628,1207
28589.647875,2179494975,2179496205,15788,1230
28589.665910,2179509422,2179510632,15803,1210
28589.677928,2179519054,2179520283,15768,1229
28589.695962,2179533490,2179534674,15962,1184
28589.707981,2179543012,2179544218,15632,1206
28589.720013,2179552647,2179553905,15741,1258
28589.738045,2179567106,2179568315,15947,1209
28589.750065,2179576734,2179577939,15963,1205
28589.768094,2179591224,2179592437,15866,1213
28589.780121,2179601028,2179602235,15844,1207
28589.792150,2179610676,2179611882,16003,1206
28589.804168,2179620295,2179621480,15960,1185
28589.897341,2179695217,2179696399,15703,1182
28589.909370,2179704785,2179705966,16030,1181
28589.972492,2179755209,2179756395,15972,1186
28589.984513,2179764848,2179766026,15939,1178
28590.008559,2179784055,2179785236,16035,1181
28590.023590,2179796229,2179797406,15727,1177
28590.108748,2179865482,2179866691,15964,1209
28590.185889,2179925654,2179926832,15577,1178
28590.197920,2179935200,2179936407,15952,1207
28590.209940,2179944760,2179945945,15967,1185
28590.221966,2179954356,2179955540,15712,1184
28590.233989,2179963854,2179965059,15960,1205
28590.282079,2180002020,2180003251,15937,1231
28590.294095,2180011572,2180012774,15591,1202
28590.313141,2180028398,2180029628,15954,1230
28590.369245,2180071426,2180072635,15944,1209
28590.381267,2180080980,2180082156,15936,1176
28590.393285,2180090521,2180091725,15627,1204
28590.408318,2180102336,2180103514,15966,1178
28590.420344,2180111776,2180112957,15652,1181
28590.432365,2180121265,2180122450,15899,1185
28590.525543,2180194919,2180196096,15945,1177
28590.537559,2180204455,2180205661,15625,1206
28590.600679,2180254549,2180255722,15629,1173
28590.615712,2180266331,2180267509,15960,1178
28590.627730,2180275834,2180277012,15607,1178
28590.639758,2180285413,2180286617,15845,1204
28590.651780,2180294921,2180296100,15957,1179
28590.663799,2180304358,2180305565,15720,1207
28590.675831,2180313835,2180315012,16030,1177
28590.732934,2180358817,2180360022,16041,1205
28590.744953,2180368407,2180369613,15642,1206
28590.793050,2180406269,2180407446,15944,1177
28590.805071,2180415706,2180416890,15963,1184
28590.820104,2180427485,2180428662,16065,1177
28590.841140,2180444097,2180445273,16037,1176
28590.853158,2180453533,2180454707,15640,1174
28590.889231,2180481906,2180483083,15643,1177
28590.901259,2180491383,2180492559,15880,1176
28590.919294,2180505504,2180506680,15964,1176
28590.931311,2180514947,2180516148,15964,1201
28590.943334,2180524419,2180525596,15643,1177
28590.961369,2180538593,2180539794,15662,1201
28590.973398,2180548037,2180549240,15960,1203
28590.985410,2180557506,2180558686,15883,1180
28590.997433,2180566942,2180568116,15707,1174
28591.009468,2180576487,2180577664,15912,1177
28591.024489,2180588259,2180589438,15612,1179
28591.036516,2180597905,2180599082,15981,1177
28591.048535,2180607317,2180608493,15966,1176
28591.060553,2180616786,2180617967,15593,1181
28591.165758,2180699323,2180700503,15936,1180
28591.177777,2180708751,2180709924,15679,1173
28591.189809,2180718238,2180719442,15944,1204
28591.201826,2180727758,2180728943,15962,1185
28591.237895,2180756208,2180757388,15966,1180
28591.249918,2180765724,2180766900,15820,1176
28591.273964,2180784574,2180785751,15933,1177
28591.285982,2180794017,2180795191,15547,1174
28591.304016,2180808170,2180809372,15582,1202
28591.316048,2180817609,2180818786,15906,1177
28591.334080,2180831742,2180832919,15938,1177
28591.346100,2180841152,2180842326,15877,1174
28591.377165,2180867079,2180868254,15951,1175
28591.445288,2180918864,2180920039,15935,1175
28591.457309,2180928468,2180929644,15627,1176
28591.481354,2180947390,2180948575,15883,1185
28591.496389,2180959167,2180960344,15943,1177
28591.508409,2180968583,2180969759,15965,1176
28591.583548,2181027473,2181028646,15629,1173
28591.595577,2181036885,2181038083,15949,1198
28591.607598,2181046336,2181047513,16046,1177
28591.619617,2181055750,2181056923,15705,1173
28591.631646,2181065160,2181066337,15956,1177
28591.652683,2181081668,2181082844,16045,1176
28591.664705,2181091299,2181092474,15782,1175
28591.676732,2181100708,2181101889,15953,1181
28591.697770,2181117181,2181118357,15965,1176
28591.709796,2181126600,2181127775,15679,1175
28591.724821,2181138363,2181139538,15963,1175
28591.784938,2181185452,2181186628,16033,1176
28591.796958,2181194882,2181196060,15968,1178
28591.817994,2181211371,2181212546,15544,1175
28591.830023,2181220789,2181221966,15945,1177
28591.860078,2181244321,2181245498,15851,1177
28591.872097,2181253749,2181254922,15517,1173
28591.884126,2181263146,2181264323,15945,1177
28591.902164,2181277290,2181278470,15958,1180
28591.914184,2181286735,2181287911,15911,1176
28591.926200,2181296161,2181297335,15626,1174
28591.989320,2181345663,2181346837,15626,1174
28592.001349,2181355067,2181356244,15952,1177
28592.013372,2181364474,2181365650,15949,1176
28592.025388,2181373885,2181375060,15621,1175
28592.064473,2181404486,2181405669,15961,1183
28592.076491,2181413932,2181415109,15934,1177
28592.109558,2181439795,2181440970,15993,1175
28592.121575,2181449249,2181450424,15963,1175
28592.136606,2181461005,2181462180,15943,1175
28592.148626,2181470406,2181471582,15876,1176
28592.160648,2181479812,2181480988,15829,1176
28592.211750,2181519828,2181521025,15954,1197
28592.223765,2181529261,2181530433,15595,1172
28592.235795,2181538662,2181539838,15951,1176
28592.247815,2181548067,2181549243,15961,1176
28592.259837,2181557474,2181558650,15830,1176
28592.271863,2181566880,2181568057,15951,1177
28592.316949,2181602235,2181603411,15951,1176
28592.328969,2181611646,2181612826,15962,1180
28592.340988,2181621057,2181622230,15549,1173
28592.356021,2181632833,2181634009,15851,1176
28592.417138,2181682210,2181683385,15963,1175
28592.458215,2181712819,2181713996,15837,1177
28592.470240,2181722226,2181723401,15949,1175
28592.482263,2181731785,2181732961,15966,1176
28592.521332,2181762357,2181763529,15625,1172
28592.536364,2181774120,2181775296,15961,1176
28592.548383,2181783529,2181784706,15626,1177
28592.575438,2181799086,2181799728,11966,642
28592.588967,2181804694,2181805560,13277,866
28592.600989,2181813649,2181814824,15948,1175
28592.634046,2181839440,2181840614,15635,1174
28592.646075,2181848834,2181850009,15949,1175
28592.682144,2181877042,2181878217,15949,1175
28592.694165,2181886465,2181887638,15941,1173
28592.706186,2181895873,2181897052,15762,1179
28592.718216,2181905280,2181906456,15876,1176
28592.730233,2181914681,2181915856,16044,1175
28592.742252,2181924083,2181925257,15629,1174
28592.757287,2181935840,2181937018,16028,1178
28592.769303,2181945248,2181946422,15628,1174
28592.784336,2181956998,2181958173,15967,1175
28592.796358,2181966405,2181967586,15565,1181
28592.811389,2181978170,2181979344,15934,1174
28592.841440,2182001680,2182002854,15629,1174
28592.853472,2182011076,2182012250,15985,1174
28592.865492,2182020480,2182021656,15964,1176
28592.880521,2182032229,2182033405,16022,1176
28592.892541,2182041643,2182042819,15964,1176
28592.904563,2182051049,2182052223,15833,1174
28592.919593,2182062799,2182063973,15960,1174
28592.937627,2182076902,2182078079,15966,1177
28592.949653,2182086308,2182087480,15713,1172
28592.961675,2182095707,2182096882,15939,1175
28592.985714,2182114518,2182115689,15630,1171
28592.997743,2182123914,2182125090,15947,1176
28593.063867,2182175631,2182176807,16004,1176
28593.075891,2182184084,2182185257,15644,1173
28593.087915,2182193484,2182194661,15947,1177
28593.099938,2182203014,2182204189,15939,1175
28593.111955,2182212421,2182213593,15600,1172
28593.123984,2182221817,2182222992,15950,1175
28593.136005,2182231228,2182232402,15967,1174
28593.148031,2182240621,2182241794,15793,1173
28593.160052,2182250017,2182251189,15948,1172
28593.172073,2182259415,2182260591,16048,1176
28593.184092,2182268815,2182269988,15630,1173
28593.196121,2182278217,2182279393,15950,1176
28593.208143,2182287637,2182288812,15856,1175
28593.220161,2182297043,2182298220,15526,1177
28593.232189,2182306445,2182307621,15945,1176
28593.244210,2182315846,2182317019,15966,1173
28593.256229,2182325247,2182326419,15637,1172
28593.268258,2182334644,2182335819,15950,1175
28593.280279,2182344046,2182345222,15882,1176
28593.292297,2182353451,2182354624,15562,1173
28593.308835,2182366772,2182367947,15944,1175
28593.320856,2182376175,2182377350,15971,1175
28593.344904,2182394969,2182396146,15955,1177
28593.356926,2182404397,2182405572,15936,1175
28593.392993,2182432595,2182433768,15875,1173
28593.405012,2182441999,2182443171,15628,1172
28593.429062,2182460798,2182461974,16045,1176
28593.441080,2182470201,2182471374,15711,1173
28593.462126,2182486652,2182487826,16024,1174
28593.474147,2182496046,2182497220,16044,1174
28593.498198,2182514844,2182516018,16070,1174
28593.510217,2182524497,2182525668,15938,1171
28593.537267,2182545637,2182546812,15966,1175
28593.549290,2182555036,2182556212,15827,1176
28593.561317,2182564433,2182565608,15804,1175
28593.585355,2182583223,2182584394,15631,1171
28593.597387,2182592613,2182593788,15988,1175
28593.609407,2182602023,2182603197,15968,1174
28593.621423,2182611423,2182612596,15630,1173
28593.636456,2182623176,2182624351,15883,1175
28593.648478,2182632583,2182633758,15756,1175
28593.660504,2182641982,2182643156,15948,1174
28593.672525,2182651384,2182652563,15960,1179
28593.684543,2182660791,2182661963,15710,1172
28593.696575,2182670184,2182671359,15988,1175
28593.711597,2182681948,2182683122,15632,1174
28593.723624,2182691352,2182692529,15951,1177
28593.735646,2182700761,2182701937,15848,1176
28593.747666,2182710160,2182711335,15828,1175
28593.765698,2182724266,2182725438,15622,1172
28593.777727,2182733658,2182734834,15948,1176
28593.789747,2182743056,2182744230,15962,1174
28593.801769,2182752455,2182753630,15828,1175
28593.816799,2182764197,2182765371,15964,1174
28593.828818,2182773601,2182774775,15632,1174
28593.855870,2182794746,2182795918,15598,1172
28593.867898,2182804139,2182805314,15860,1175
28593.879919,2182813539,2182814713,15874,1174
28593.897956,2182827634,2182828808,15952,1174
28593.909973,2182837034,2182838205,15592,1171
28593.922001,2182846441,2182847618,15957,1177
28593.934024,2182855844,2182857018,16043,1174
28593.949057,2182867584,2182868759,15965,1175
28593.961073,2182876983,2182878158,15964,1175
28593.973092,2182886384,2182887557,15628,1173
28593.985121,2182895787,2182896962,15954,1175
28593.997145,2182905182,2182906357,15955,1175
28594.027195,2182928661,2182929833,15704,1172
28594.042227,2182940410,2182941584,15857,1174
28594.057261,2182952159,2182953335,15798,1176
28594.117367,2182999141,2183000312,15630,1171
28594.129396,2183008544,2183009719,15945,1175
28594.160459,2183034399,2183035572,15900,1173
28594.204536,2183067281,2183068455,15963,1174
28594.216555,2183076676,2183077849,15629,1173
28594.232597,2183090778,2183091951,15628,1173
28594.261644,2183111925,2183113100,15830,1175
28594.273670,2183121322,2183122497,15949,1175
28594.291707,2183135415,2183136594,16075,1179
28594.303725,2183144812,2183145986,15970,1174
28594.315744,2183154210,2183155384,15558,1174
28594.327774,2183163737,2183164912,15961,1175
28594.339793,2183173136,2183174311,15764,1175
28594.372858,2183198987,2183200162,16028,1175
28594.384879,2183208391,2183209567,15964,1176
28594.408927,2183227088,2183228261,15946,1173
28594.420948,2183236458,2183237632,15880,1174
28594.448000,2183257601,2183258775,15930,1174
28594.460018,2183266999,2183268170,15631,1171
28594.472047,2183276392,2183277567,15864,1175
28594.484068,2183285794,2183286968,15881,1174
28594.505104,2183302227,2183303398,15625,1171
28594.517135,2183311586,2183312761,15722,1175
28594.529154,2183320947,2183322121,16047,1174
28594.541176,2183330498,2183331676,15832,1178
28594.556206,2183342258,2183343433,15961,1175
28594.568224,2183351669,2183352844,15599,1175
28594.586266,2183365711,2183366887,15711,1176
28594.631344,2183400932,2183402104,15631,1172
28594.643377,2183410329,2183411506,15959,1177
28594.655394,2183419724,2183420898,15963,1174
28594.667413,2183429068,2183430239,15549,1171
28594.679442,2183438410,2183439589,15942,1179
28594.691465,2183447710,2183448883,15957,1173
28594.703481,2183457110,2183458286,15635,1176
28594.715513,2183466484,2183467659,15808,1175
28594.733547,2183480577,2183481751,15800,1174
28594.745566,2183490147,2183491321,15927,1174
28594.763600,2183504191,2183505368,15965,1177
28594.775619,2183513597,2183514768,15601,1171
28594.787650,2183522993,2183524166,15993,1173
28594.799668,2183532388,2183533564,15965,1176
28594.811687,2183541723,2183542895,15550,1172
28594.823716,2183551109,2183552284,15948,1175
28594.841754,2183565208,2183566383,15935,1175
28594.853771,2183574602,2183575776,15876,1174
28594.871805,2183588692,2183589866,15967,1174
28594.883828,2183598082,2183599254,15668,1172
28594.919893,2183626235,2183627411,15630,1176
28594.931922,2183635603,2183636777,15946,1174
28594.943946,2183644981,2183646154,15823,1173
28594.955962,2183654381,2183655553,15600,1172
28594.967990,2183663720,2183664893,15877,1173
28594.980014,2183673115,2183674288,15878,1173
28595.076196,2183748262,2183749436,16023,1174
28595.088220,2183757656,2183758830,15954,1174
28595.100236,2183767057,2183768229,15630,1172
28595.112267,2183776386,2183777560,15882,1174
28595.124285,2183785724,2183786898,15875,1174
28595.136307,2183795064,2183796240,15807,1176
28595.148335,2183804514,2183805687,15984,1173
28595.163356,2183816203,2183817375,15630,1172
28595.175387,2183825570,2183826743,15969,1173
28595.187408,2183834890,2183836063,16030,1173
28595.199421,2183844265,2183845436,15585,1171
28595.211454,2183853650,2183854823,15946,1173
28595.223474,2183863045,2183864218,16052,1173
28595.235496,2183872438,2183873615,15911,1177
28595.247524,2183881808,2183882976,15803,1168
28595.268560,2183898126,2183899299,16043,1173
28595.280587,2183907494,2183908665,15711,1171
28595.296620,2183921530,2183922702,15629,1172
28595.349714,2183961273,2183962445,16044,1172
28595.361733,2183970790,2183971961,15630,1171
28595.400814,2184001177,2184002352,15944,1175
28595.412835,2184010566,2184011740,15875,1174
28595.506007,2184083066,2184084239,15625,1173
28595.518036,2184092432,2184093606,15947,1174
28595.533062,2184104125,2184105271,15837,1146
28595.545088,2184113385,2184114534,15945,1149
28595.557109,2184122671,2184123845,16045,1174
28595.578149,2184139105,2184140275,15672,1170
28595.590174,2184148385,2184149558,15947,1173
28595.617226,2184169312,2184170485,15952,1173
28595.629246,2184178675,2184179847,15771,1172
28595.659299,2184202023,2184203194,15627,1171
28595.671328,2184211385,2184212560,15949,1175
28595.683351,2184220678,2184221827,15947,1149
28595.695367,2184229952,2184231122,15548,1170
28595.707397,2184239247,2184240425,15945,1178
28595.725433,2184253261,2184254439,15799,1178
28595.737450,2184262592,2184263766,15877,1174
28595.749470,2184271851,2184273021,15632,1170
28595.761500,2184281106,2184282279,15942,1173
28595.773521,2184290390,2184291564,15935,1174
28595.785539,2184299705,2184300871,15630,1166
28595.828634,2184334703,2184335878,15825,1175
28595.884731,2184376624,2184377794,15644,1170
28595.896760,2184385883,2184387055,15957,1172
28595.911776,2184397542,2184398712,15667,1170
28595.929819,2184411391,2184412564,15860,1173
28595.968894,2184441763,2184442936,15943,1173
28595.980917,2184451118,2184452291,15950,1173
28595.992937,2184460399,2184461571,15650,1172
28596.004963,2184469733,2184470910,15859,1177
28596.016983,2184479028,2184480201,15959,1173
28596.029005,2184488391,2184489565,15828,1174
28596.134207,2184569949,2184571123,15933,1174
28596.146227,2184579235,2184580378,15631,1143
28596.176291,2184602476,2184603650,16077,1174
28596.188308,2184611789,2184612938,15842,1149
28596.200338,2184621080,2184622226,15926,1146
28596.239411,2184651313,2184652488,15948,1175
28596.251430,2184660688,2184661861,15844,1173
28596.263448,2184670008,2184671156,15599,1148
28596.275480,2184679264,2184680437,16114,1173
28596.287497,2184688530,2184689705,16006,1175
28596.308533,2184704864,2184706034,15629,1170
28596.320565,2184714191,2184715364,15764,1173
28596.353620,2184739618,2184740765,15628,1147
28596.365648,2184748874,2184750047,15858,1173
28596.383682,2184762834,2184764006,15944,1172
28596.395704,2184772116,2184773266,15932,1150
28596.407722,2184781371,2184782511,15630,1140
28596.425759,2184795222,2184796372,15829,1150
28596.437790,2184804566,2184805740,15960,1174
28596.461825,2184823104,2184824247,15631,1143
28596.473857,2184832369,2184833540,16033,1171
28596.488877,2184843953,2184845124,15708,1171
28596.500907,2184853277,2184854445,15802,1168
28596.565030,2184904313,2184905487,15959,1174
28596.588069,2184920506,2184921675,15647,1169
28596.600094,2184929777,2184930927,15947,1150
28596.612115,2184938990,2184940139,15877,1149
28596.624137,2184948308,2184949479,15835,1171
28596.636165,2184957621,2184958795,15803,1174
28596.648183,2184966935,2184968108,15970,1173
28596.666214,2184980839,2184982012,15965,1173
28596.678238,2184990121,2184991292,15627,1171
28596.720321,2185022679,2185023828,15937,1149
28596.732343,2185031908,2185033081,15691,1173
28596.744369,2185041486,2185042635,15961,1149
28596.756389,2185050749,2185051922,15967,1173
28596.777425,2185066868,2185068015,15699,1147
28596.789460,2185076120,2185077292,15903,1172
28596.801480,2185085491,2185086640,15886,1149
28596.813497,2185094762,2185095935,15840,1173
28596.885632,2185150308,2185151455,15627,1147
28596.897660,2185159551,2185160724,15942,1173
28596.909681,2185168841,2185170018,15965,1177
28596.936733,2185189705,2185190878,15897,1173
28596.948752,2185199032,2185200202,15519,1170
28596.969800,2185215193,2185216341,15958,1148
28596.981818,2185224446,2185225594,15964,1148
28596.993837,2185233683,2185234854,15592,1171
28597.005866,2185243003,2185244176,15946,1173
28597.096038,2185312554,2185313702,15944,1148
28597.108058,2185321790,2185322939,16007,1149
28597.120080,2185330976,2185332125,15832,1149
28597.132106,2185340194,2185341343,15951,1149
28597.144126,2185349377,2185350526,15965,1149
28597.156146,2185358608,2185359752,15710,1144
28597.168178,2185367832,2185368981,16075,1149
28597.186209,2185381746,2185382923,15952,1177
28597.198230,2185391013,2185392162,15972,1149
28597.210249,2185400259,2185401429,15587,1170
28597.255335,2185434824,2185435969,15625,1145
28597.267366,2185444049,2185445202,15996,1153
28597.279384,2185453270,2185454419,15966,1149
28597.297418,2185467116,2185468260,15958,1144
28597.309437,2185476294,2185477465,15546,1171
28597.405624,2185550139,2185551312,15958,1173
28597.417646,2185559401,2185560547,15828,1146
28597.429672,2185568587,2185569736,15954,1149
28597.441692,2185577767,2185578917,15960,1150
28597.477761,2185605404,2185606553,15959,1149
28597.489783,2185614618,2185615765,15824,1147
28597.508825,2185630737,2185631886,15943,1149
28597.520847,2185639927,2185641100,15931,1173
28597.592981,2185695149,2185696299,15956,1150
28597.613018,2185708966,2185710138,15851,1172
28597.628056,2185720761,2185721910,15964,1149
28597.640070,2185729985,2185731131,15967,1146
28597.652089,2185739190,2185740334,15670,1144
28597.664121,2185748362,2185749511,15995,1149
28597.676139,2185757562,2185758710,16048,1148
28597.688157,2185766730,2185767875,15627,1145
28597.700187,2185775901,2185777050,15959,1149
28597.712207,2185785074,2185786223,15852,1149
28597.724226,2185794283,2185795427,15675,1144
28597.739259,2185805779,2185806927,15964,1148
28597.823415,2185870207,2185871352,15672,1145
28597.835444,2185879443,2185880591,15950,1148
28597.847466,2185888635,2185889783,15962,1148
28597.859491,2185897809,2185898955,15715,1146
28597.871512,2185907004,2185908176,15950,1172
28597.883533,2185916226,2185917375,16046,1149
28597.895552,2185925478,2185926624,15704,1146
28597.907581,2185934698,2185935871,15949,1173
28597.919603,2185943906,2185945051,15935,1145
28597.940638,2185960032,2185961176,15668,1144
28597.952667,2185969279,2185970452,15953,1173
28597.985723,2185994573,2185995718,15623,1145
28597.997753,2186003749,2186004898,15950,1149
28598.027808,2186026691,2186027838,15964,1147
28598.039826,2186035896,2186037040,15616,1144
28598.051855,2186045100,2186046249,15864,1149
28598.063881,2186054292,2186055441,15864,1149
28598.075895,2186063489,2186064634,15704,1145
28598.096944,2186079562,2186080730,15879,1168
28598.108962,2186088770,2186089919,15939,1149
28598.160065,2186127878,2186129025,16076,1147
28598.172082,2186137060,2186138206,16043,1146
28598.184101,2186146221,2186147365,15626,1144
28598.196130,2186155386,2186156534,15951,1148
28598.217169,2186171448,2186172617,15934,1169
28598.229186,2186180649,2186181795,15595,1146
28598.244219,2186192127,2186193275,15973,1148
28598.256246,2186201338,2186202484,15752,1146
28598.268267,2186210515,2186211662,16033,1147
28598.280288,2186219694,2186220843,15971,1149
28598.295318,2186231158,2186232306,16027,1148
28598.313357,2186244930,2186246078,15965,1148
28598.325374,2186254127,2186255276,15974,1149
28598.337392,2186263310,2186264454,15670,1144
28598.349421,2186272509,2186273658,16032,1149
28598.361444,2186281694,2186282844,16031,1150
28598.379476,2186295471,2186296619,16042,1148
28598.391495,2186304685,2186305831,15708,1146
28598.403529,2186313876,2186315043,15828,1167
28598.415546,2186323081,2186324228,16013,1147
28598.433579,2186336828,2186337976,15961,1148
28598.445598,2186346136,2186347281,15548,1145
28598.472649,2186366772,2186367914,15625,1142
28598.484681,2186375938,2186377105,15807,1167
28598.505716,2186392005,2186393147,15858,1142
28598.517735,2186401182,2186402328,15592,1146
28598.529767,2186410401,2186411544,15805,1143
28598.589872,2186456314,2186457459,15624,1145
28598.601901,2186465508,2186466657,15952,1149
28598.637974,2186493079,2186494226,15962,1147
28598.649990,2186502281,2186503429,15922,1148
28598.692073,2186534426,2186535574,15943,1148
28598.704094,2186543607,2186544751,15857,1144
28598.716112,2186552777,2186553922,15590,1145
28598.734147,2186566583,2186567728,15621,1145
28598.746176,2186575759,2186576907,15953,1148
28598.761198,2186587219,2186588361,15629,1142
28598.773227,2186596387,2186597535,15951,1148
28598.800279,2186617004,2186618153,15952,1149
28598.812300,2186626188,2186627335,15933,1147
28598.845365,2186651487,2186652634,15951,1147
28598.857388,2186660677,2186661823,15950,1146
28598.900468,2186695088,2186696235,15849,1147
28598.920505,2186708873,2186710023,15964,1150
28598.932524,2186718071,2186719218,15626,1147
28598.944553,2186727239,2186728386,15863,1147
28598.983625,2186757110,2186758259,15964,1149
28599.004663,2186773209,2186774357,15821,1148
28599.016690,2186782381,2186783553,15948,1172
28599.028711,2186791607,2186792754,15927,1147
28599.052762,2186809976,2186811124,15903,1148
28599.064781,2186819170,2186820318,15930,1148
28599.076799,2186828328,2186829472,15628,1144
28599.109867,2186853567,2186854715,15940,1148
28599.121884,2186862740,2186863882,15627,1142
28599.133913,2186871905,2186873053,15948,1148
28599.212056,2186931526,2186932673,15666,1147
28599.224084,2186940697,2186941844,16027,1147
28599.236106,2186949875,2186951023,16045,1148
28599.248134,2186959041,2186960189,15906,1148
28599.260154,2186968213,2186969361,16028,1148
28599.272175,2186977405,2186978550,15933,1145
28599.284193,2186986598,2186987742,15628,1144
28599.296222,2186995768,2186996915,15944,1147
28599.308244,2187004945,2187006091,15934,1146
28599.329282,2187021014,2187022162,15821,1148
28599.341308,2187030211,2187031358,15946,1147
28599.428467,2187096766,2187097910,15626,1144
28599.440497,2187105934,2187107083,15864,1149
28599.464536,2187124275,2187125420,15628,1145
28599.476565,2187133462,2187134609,15945,1147
28599.497603,2187149516,2187150664,15842,1148
28599.509622,2187158693,2187159838,15511,1145
28599.533671,2187177035,2187178182,15956,1147
28599.545698,2187186220,2187187366,15711,1146
28599.635862,2187255032,2187256176,15627,1144
28599.671930,2187282524,2187283668,15624,1144
28599.683959,2187291697,2187292845,15865,1148
28599.695980,2187300861,2187302009,15856,1148
28599.707999,2187310025,2187311166,15512,1141
28599.720030,2187319180,2187320322,15769,1142
28599.732048,2187328344,2187329493,15964,1149
28599.744075,2187337526,2187338671,15710,1145
28599.756096,2187346684,2187347832,15947,1148
28599.768117,2187355849,2187356998,15962,1149
28599.780136,2187365016,2187366161,15628,1145
28599.792165,2187374176,2187375324,15857,1148
28599.804187,2187383353,2187384499,15911,1146
28599.816204,2187392516,2187393657,15607,1141
28599.828238,2187401670,2187402837,15766,1167
28599.840254,2187410848,2187411996,15964,1148
28599.852277,2187420006,2187421148,15592,1142
28599.864307,2187429168,2187430310,15832,1142
28599.876326,2187438319,2187439465,15863,1146
28599.888343,2187447538,2187448680,15628,1142
28599.912391,2187465897,2187467045,16042,1148
28599.924411,2187475054,2187476196,15628,1142
28599.969496,2187509465,2187510610,15626,1145
28599.981525,2187518623,2187519772,15951,1149
28600.008579,2187539240,2187540388,15964,1148
28600.020597,2187548426,2187549572,15964,1146
28600.071697,2187587370,2187588513,15944,1143
28600.083717,2187596523,2187597667,15962,1144
28600.173889,2187665425,2187666573,15964,1148
28600.185908,2187674599,2187675743,15595,1144
28600.229001,2187708962,2187710106,15628,1144
28600.276079,2187743323,2187744467,15619,1144
28600.288109,2187752480,2187753626,15945,1146
28600.300130,2187761686,2187762832,15940,1146
28600.312148,2187770829,2187771974,15629,1145
28600.324177,2187779985,2187781133,15955,1148
28600.336197,2187789153,2187790297,16043,1144
28600.384285,2187825776,2187826921,15629,1145
28600.396318,2187834942,2187836084,15967,1142
28600.408335,2187844098,2187845244,16047,1146
28600.420354,2187853247,2187854390,15622,1143
28600.484484,2187903579,2187904726,15951,1147
28600.507523,2187919626,2187920773,15962,1147
28600.519542,2187928782,2187929925,15620,1143
28600.531571,2187937925,2187939073,15948,1148
28600.552605,2187953958,2187955106,15884,1148
28600.564629,2187963108,2187964248,15624,1140
28600.592690,2187985972,2187987119,16042,1147
28600.633763,2188015752,2188016900,15962,1148
28600.645782,2188024912,2188026052,15627,1140
28600.696885,2188063820,2188064966,15932,1146
28600.803583,2188145441,2188146584,15708,1143
28600.815611,2188154595,2188155742,15951,1147
28600.833646,2188168367,2188169514,16027,1147
28600.845668,2188177535,2188178682,16017,1147
28600.872718,2188198123,2188199269,16049,1146
28600.887753,2188209562,2188210707,16009,1145
28600.905783,2188223278,2188224426,16030,1148
28600.917805,2188232454,2188233601,16018,1147
28600.929823,2188241597,2188242737,15629,1140
28600.968903,2188271343,2188272485,15953,1142
28600.980925,2188280515,2188281661,15936,1146
28601.001960,2188296526,2188297669,15629,1143
28601.013989,2188305676,2188306822,15967,1146
28601.026009,2188314833,2188315979,15962,1146
28601.038034,2188323995,2188325141,15860,1146
28601.050058,2188333158,2188334301,15948,1143
28601.062078,2188342306,2188343453,16040,1147
28601.122194,2188388013,2188389155,16026,1142
28601.137221,2188399498,2188400644,15856,1146
28601.149246,2188408660,2188409807,15945,1147
28601.161267,2188417823,2188418969,15969,1146
28601.176297,2188429269,2188430416,15951,1147
28601.188319,2188438429,2188439573,15906,1144
28601.203351,2188449894,2188451030,15800,1136
28601.221383,2188463616,2188464763,16022,1147
28601.233404,2188472768,2188473916,15940,1148
28601.248434,2188484231,2188485379,15938,1148
28601.260454,2188493401,2188494549,15945,1148
28601.329589,2188546070,2188547217,15952,1147
28601.341612,2188555273,2188556417,15908,1144
28601.353628,2188564431,2188565574,15713,1143
28601.365657,2188573592,2188574739,15938,1147
28601.444812,2188635380,2188636528,15966,1148
28601.473864,2188655963,2188657107,15948,1144
28601.485887,2188665118,2188666264,15951,1146
28601.536987,2188703989,2188705134,15965,1145
28601.549004,2188713143,2188714286,15964,1143
28601.637669,2188780916,2188782060,15625,1144
28601.649698,2188790064,2188791211,15952,1147
28601.745875,2188863205,2188864349,15700,1144
28601.759405,2188870611,2188871432,13550,821
28601.768332,2188875525,2188876165,12428,640
28601.843571,2188927947,2188929089,15906,1142
28601.855593,2188937096,2188938242,15934,1146
28601.867609,2188946258,2188947401,15758,1143
28601.879638,2188955411,2188956554,15828,1143
28601.897672,2188969154,2188970301,15910,1147
28601.909696,2188978325,2188979467,15989,1142
28601.921711,2188987484,2188988626,15829,1142
28601.936746,2188998932,2189000073,15969,1141
28601.948763,2189008096,2189009238,15764,1142
28601.963798,2189019545,2189020688,15975,1143
28601.975822,2189028707,2189029855,15863,1148
28601.993850,2189042455,2189043601,15829,1146
28602.005878,2189051626,2189052773,15916,1147
28602.020901,2189063073,2189064217,15829,1144
28602.032931,2189072246,2189073389,15908,1143
28602.056968,2189090554,2189091696,15841,1142
28602.068999,2189099714,2189100859,15908,1145
28602.081022,2189108881,2189110027,15989,1146
28602.093038,2189118055,2189119197,15833,1142
28602.108074,2189129506,2189130653,15984,1147
28602.144141,2189157005,2189158148,15972,1143
28602.156158,2189166164,2189167311,15846,1147
28602.168188,2189175328,2189176475,15824,1147
28602.180211,2189184495,2189185642,16059,1147
28602.192226,2189193668,2189194816,15928,1148
28602.204253,2189202831,2189203978,15907,1147
28602.216279,2189211999,2189213145,16066,1146
28602.228295,2189221163,2189222305,15860,1142
28602.240324,2189230323,2189231466,15909,1143
28602.264363,2189248657,2189249800,15855,1143
28602.277888,2189257733,2189258872,15853,1139
28602.295923,2189271468,2189272610,15856,1142
28602.307952,2189280620,2189281767,15906,1147
28602.319976,2189289785,2189290928,15873,1143
28602.331992,2189298949,2189300094,15844,1145
28602.344019,2189308112,2189309254,15826,1142
28602.356044,2189317269,2189318415,15978,1146
28602.368060,2189326439,2189327582,15840,1143
28602.380090,2189335592,2189336740,15906,1148
28602.392111,2189344770,2189345913,15871,1143
28602.404129,2189353928,2189355076,15853,1148
28602.416158,2189363092,2189364240,15910,1148
28602.428184,2189372256,2189373398,16064,1142
28602.440198,2189381427,2189382570,15849,1143
28602.452225,2189390581,2189391724,15907,1143
28602.464249,2189399742,2189400885,15978,1143
28602.476266,2189408908,2189410053,15858,1145
28602.488295,2189418078,2189419226,15902,1148
28602.500317,2189427242,2189428384,15957,1142
28602.512334,2189436409,2189437551,15858,1142
28602.528375,2189450153,2189451299,15841,1146
28602.569448,2189479940,2189481085,15902,1145
28602.581471,2189489094,2189490242,15961,1148
28602.605519,2189507433,2189508580,15905,1147
28602.617541,2189516596,2189517737,16052,1141
28602.629558,2189525748,2189526894,15836,1146
28602.641589,2189534922,2189536069,15912,1147
28602.677656,2189562414,2189563561,15985,1147
28602.689678,2189571576,2189572717,15886,1141
28602.713725,2189589899,2189591041,15906,1142
28602.725748,2189599059,2189600205,15906,1146
28602.737764,2189608227,2189609370,15828,1143
28602.749792,2189617384,2189618527,15907,1143
28602.764815,2189628837,2189629985,15829,1148
28602.776845,2189638000,2189639147,15817,1147
28602.788867,2189647162,2189648309,15978,1147
28602.800884,2189656372,2189657516,15931,1144
28602.812914,2189665522,2189666664,15989,1142
28602.840965,2189688422,2189689568,15999,1146
28602.882038,2189718182,2189719325,15840,1143
28602.894068,2189727342,2189728487,15912,1145
28602.918112,2189745681,2189746827,15903,1146
28602.930136,2189754848,2189755995,15912,1147
28602.942160,2189764009,2189765154,15986,1145
28602.954175,2189773178,2189774325,15828,1147
28602.966204,2189782352,2189783499,15907,1147
28602.984240,2189796097,2189797239,15904,1142
28602.996261,2189805249,2189806397,15971,1148
28603.008278,2189814453,2189815596,15844,1143
28603.020307,2189823599,2189824743,15907,1144
28603.047358,2189844212,2189845360,15911,1148
28603.059383,2189853387,2189854533,15997,1146
28603.071398,2189862553,2189863700,15842,1147
28603.083429,2189871714,2189872857,15907,1143
28603.104467,2189887744,2189888887,15965,1143
28603.116489,2189896909,2189898052,15906,1143
28603.137530,2189912932,2189914075,15906,1143
28603.149554,2189922096,2189923242,15986,1146
28603.200651,2189961049,2189962196,15905,1147
28603.212673,2189970221,2189971368,15971,1147
28603.251741,2189999990,2190001133,15836,1143
28603.263772,2190009158,2190010305,15823,1147
28603.275793,2190018318,2190019464,15975,1146
28603.293827,2190032055,2190033201,15967,1146
28603.305844,2190041213,2190042359,15757,1146
28603.356949,2190080135,2190081278,15988,1143
28603.368964,2190089296,2190090442,15754,1146
28603.396016,2190109904,2190111050,15843,1146
28603.408046,2190119073,2190120218,15907,1145
28603.420069,2190128251,2190129394,15990,1143
28603.432084,2190137411,2190138557,15832,1146
28603.444113,2190146577,2190147724,15911,1147
28603.456138,2190155733,2190156875,15997,1142
28603.468153,2190164899,2190166040,15845,1141
28603.480183,2190174059,2190175205,15907,1146
28603.492204,2190183218,2190184361,15969,1143
28603.528275,2190210690,2190211836,15990,1146
28603.540290,2190219856,2190221003,15829,1147
28603.552319,2190229008,2190230154,15818,1146
28603.568354,2190242758,2190243904,15902,1146
28603.591393,2190258793,2190259937,15972,1144
28603.603410,2190267945,2190269091,15847,1146
28603.615440,2190277117,2190278263,15918,1146
28603.627462,2190286279,2190287421,15976,1142
28603.648495,2190302304,2190303451,15836,1147
28603.660523,2190311479,2190312626,15910,1147
28603.675547,2190322930,2190324073,15851,1143
28603.687576,2190332086,2190333231,15814,1145
28603.699597,2190341241,2190342387,15873,1146
28603.711620,2190350405,2190351550,15906,1145
28603.732660,2190366429,2190367575,15906,1146
28603.744685,2190375586,2190376727,15931,1141
28603.756701,2190384742,2190385883,15761,1141
28603.780751,2190403048,2190404193,15955,1145
28603.792770,2190412201,2190413348,15858,1147
28603.816822,2190430527,2190431669,15979,1142
28603.828838,2190439695,2190440838,15909,1143
28603.849884,2190455723,2190456869,15986,1146
28603.861907,2190464886,2190466028,15993,1142
28603.880950,2190480915,2190482056,15926,1141
28603.913005,2190503797,2190504939,15912,1142
28603.925029,2190512952,2190514099,15993,1147
28603.937044,2190522115,2190523261,15834,1146
28603.949073,2190531275,2190532417,15987,1142
28603.970113,2190547304,2190548446,16051,1142
28603.982130,2190556466,2190557608,15844,1142
28603.994160,2190565625,2190566771,15900,1146
28604.024218,2190588501,2190589642,15990,1141
28604.036233,2190597663,2190598805,15743,1142
28604.048262,2190606824,2190607966,15820,1142
28604.063284,2190618264,2190619410,15836,1146
28604.087336,2190636574,2190637716,15969,1142
28604.099353,2190645748,2190646893,15841,1145
28604.111382,2190654902,2190656048,15917,1146
28604.123406,2190664053,2190665194,15997,1141
28604.135422,2190673203,2190674345,15915,1142
28604.147450,2190682347,2190683489,15994,1142
28604.159473,2190691497,2190692643,15993,1146
28604.171490,2190700657,2190701799,15847,1142
28604.183520,2190709804,2190710945,15913,1141
28604.195542,2190718958,2190720103,15975,1145
28604.228605,2190744128,2190745275,15911,1147
28604.240629,2190753304,2190754450,16072,1146
28604.303748,2190801384,2190802527,16055,1143
28604.315765,2190810546,2190811691,15915,1145
28604.327793,2190819695,2190820841,15910,1146
28604.339818,2190828856,2190829998,15990,1142
28604.351833,2190838015,2190839159,15830,1144
28604.363863,2190847169,2190848315,15902,1146
28604.375885,2190856326,2190857472,15975,1146
28604.387902,2190865493,2190866639,15843,1146
28604.399932,2190874654,2190875800,15918,1146
28604.412960,2190886106,2190887250,15824,1144
28604.435999,2190902129,2190903275,15907,1146
28604.448024,2190911308,2190912454,15991,1146
28604.460039,2190920467,2190921608,15840,1141
28604.472069,2190929625,2190930771,15905,1146
28604.490103,2190943356,2190944501,15899,1145
28604.502125,2190952509,2190953652,15974,1143
28604.520161,2190966237,2190967378,15990,1141
28604.532176,2190975395,2190976541,15831,1146
28604.544205,2190984551,2190985697,15915,1146
28604.556228,2190993707,2190994853,15913,1146
28604.568244,2191002876,2191004020,15846,1144
28604.580275,2191012028,2191013169,15824,1141
28604.592296,2191021191,2191022333,15974,1142
28604.613331,2191037218,2191038364,15829,1146
28604.625360,2191046369,2191047510,15909,1141
28604.640382,2191057816,2191058962,15787,1146
28604.652409,2191066986,2191068130,15901,1144
28604.673449,2191083033,2191084179,16040,1146
28604.685467,2191092175,2191093321,15865,1146
28604.728558,2191126517,2191127663,15849,1146
28604.760617,2191149414,2191150559,15904,1145
28604.772638,2191158569,2191159715,15962,1146
28604.832752,2191204328,2191205472,15904,1144
28604.844777,2191213472,2191214613,15977,1141
28604.880846,2191240949,2191242096,15974,1147
28604.892862,2191250105,2191251248,15928,1143
28604.904891,2191259264,2191260407,15911,1143
28604.916915,2191268417,2191269560,15988,1143
28604.937948,2191284443,2191285585,15909,1142
28604.949977,2191293598,2191294739,15991,1141
28604.968012,2191307327,2191308472,15985,1145
28604.980034,2191316485,2191317632,16014,1147
28604.992051,2191325643,2191326787,15848,1144
28605.034138,2191357676,2191358820,16069,1144
28605.052171,2191371408,2191372552,15913,1144
28605.064188,2191380586,2191381730,15850,1144
28605.076218,2191389740,2191390885,15910,1145
28605.088239,2191398898,2191400039,15976,1141
28605.100262,2191408056,2191409200,15987,1144
28605.112285,2191417204,2191418348,15991,1144
28605.124310,2191426352,2191427494,16073,1142
28605.136325,2191435504,2191436645,15909,1141
28605.151360,2191446945,2191448087,15998,1142
28605.163377,2191456106,2191457251,15848,1145
28605.175407,2191465260,2191466402,15916,1142
28605.193441,2191478990,2191480136,15984,1146
28605.205464,2191488141,2191489282,16075,1141
28605.220491,2191499577,2191500721,15915,1144
28605.232516,2191508723,2191509868,15995,1145
28605.256561,2191527020,2191528162,15906,1142
28605.270085,2191537579,2191538719,15991,1140
28605.285108,2191549023,2191550169,15908,1146
28605.336211,2191587944,2191589089,15979,1145
28605.348234,2191597097,2191598239,15988,1142
28605.360257,2191606249,2191607396,15990,1147
28605.372282,2191615407,2191616551,15999,1144
28605.384297,2191624553,2191625695,15834,1142
28605.444417,2191670303,2191671445,15977,1142
28605.456434,2191679456,2191680598,15836,1142
28605.469961,2191689967,2191691108,15928,1141
28605.481990,2191699112,2191700258,15904,1146
28605.518057,2191726566,2191727714,15995,1148
28605.530082,2191735732,2191736877,15994,1145
28605.545109,2191747172,2191748314,15907,1142
28605.569148,2191765443,2191766588,15845,1145
28605.581179,2191774602,2191775744,15916,1142
28605.632268,2191813491,2191814636,15836,1145
28605.644297,2191822642,2191823788,15914,1146
28605.656320,2191831792,2191832937,15977,1145
28605.668337,2191840947,2191842091,15928,1144
28605.680366,2191850317,2191851463,15909,1146
28605.704405,2191868627,2191869769,15842,1142
28605.716433,2191877773,2191878904,15918,1131
28605.767525,2191916569,2191917714,15855,1145
28605.779554,2191925720,2191926865,15907,1145
28605.791576,2191934879,2191936019,15960,1140
28605.812611,2191950856,2191952002,15844,1146
28605.824639,2191960007,2191961149,15911,1142
28605.875731,2191998875,2192000016,15857,1141
28605.887761,2192008234,2192009378,15908,1144
28605.899784,2192017381,2192018520,16073,1139
28605.911800,2192026530,2192027672,15912,1142
28605.923829,2192035681,2192036821,15989,1140
28605.935853,2192044826,2192045971,15991,1145
28605.947870,2192054026,2192055159,15808,1133
28605.959895,2192063136,2192064281,15947,1145
28605.971911,2192072256,2192073400,15884,1144
28605.983934,2192081385,2192082523,15548,1138
28605.995967,2192090533,2192091675,15957,1142
28606.080121,2192154347,2192155488,15968,1141
28606.092147,2192163510,2192164645,15702,1135
28606.104169,2192172596,2192173730,15939,1134
28606.116189,2192181689,2192182825,15965,1136
28606.128208,2192190769,2192191912,15622,1143
28606.140237,2192199887,2192201031,15945,1144
28606.152259,2192208996,2192210139,15908,1143
28606.164277,2192218075,2192219205,15702,1130
28606.176308,2192227146,2192228259,15795,1113
28606.188327,2192236184,2192237329,16051,1145
28606.200345,2192245277,2192246419,15619,1142
28606.284512,2192309010,2192310151,15946,1141
28606.296535,2192318128,2192319265,16034,1137
28606.308551,2192327234,2192328364,15669,1130
28606.320580,2192336341,2192337486,15942,1145
28606.332601,2192345453,2192346587,15960,1134
28606.413755,2192406845,2192407989,15965,1144
28606.425774,2192415980,2192417121,15597,1141
28606.491910,2192466087,2192467231,15996,1144
28606.503928,2192475220,2192476356,15941,1136
28606.515946,2192484305,2192485438,15671,1133
28606.527975,2192493407,2192494553,15968,1146
28606.539995,2192502511,2192503656,15861,1145
28606.552018,2192511605,2192512747,15607,1142
28606.564044,2192520683,2192521828,15944,1145
28606.576065,2192529806,2192530944,15937,1138
28606.594101,2192543458,2192544603,15951,1145
28606.606117,2192552576,2192553711,15626,1135
28606.630167,2192570734,2192571879,15999,1145
28606.642188,2192579840,2192580977,15831,1137
28606.666234,2192597985,2192599122,15954,1137
28606.678260,2192607064,2192608183,15764,1119
28606.696289,2192620641,2192621771,15549,1130
28606.708318,2192629727,2192630872,15948,1145
28606.720337,2192638806,2192639944,16032,1138
28606.736369,2192652436,2192653574,15838,1138
28606.840566,2192729711,2192730850,15904,1139
28606.852594,2192738782,2192739918,16050,1136
28606.900680,2192775041,2192776179,15946,1138
28606.912699,2192784152,2192785287,15621,1135
28606.940762,2192806886,2192808021,16087,1135
28606.984845,2192838624,2192839759,15703,1135
28606.999870,2192849958,2192851095,15966,1137
28607.017903,2192863551,2192864687,15958,1136
28607.029923,2192872627,2192873761,15592,1134
28607.041957,2192881712,2192882849,16045,1137
28607.081025,2192911208,2192912340,15962,1132
28607.093043,2192920280,2192921412,15626,1132
28607.108074,2192931618,2192932752,15867,1134
28607.120095,2192940698,2192941834,15619,1136
28607.132124,2192949761,2192950897,15948,1136
28607.144146,2192958858,2192959996,15934,1138
28607.156163,2192967917,2192969052,15548,1135
28607.177209,2192983786,2192984920,15942,1134
28607.189231,2192992855,2192993993,15929,1138
28607.261365,2193047299,2193048431,15942,1132
28607.273386,2193056346,2193057479,15627,1133
28607.312468,2193085798,2193086934,15960,1136
28607.324486,2193094880,2193096016,15955,1136
28607.336509,2193103959,2193105096,15831,1137
28607.351538,2193115283,2193116421,16025,1138
28607.369572,2193128904,2193130038,15957,1134
28607.381599,2193137985,2193139113,15676,1128
28607.393621,2193147054,2193148191,15941,1137
28607.471763,2193205953,2193207086,15622,1133
28607.483798,2193215016,2193216153,15996,1137
28607.495811,2193224080,2193225217,15948,1137
28607.513848,2193237682,2193238814,15967,1132
28607.525866,2193246740,2193247871,15589,1131
28607.576968,2193285306,2193286440,15963,1134
28607.591999,2193296644,2193297781,15947,1137
28607.625055,2193321546,2193322679,15620,1133
28607.637088,2193330633,2193331769,15963,1136
28607.658122,2193346476,2193347613,15956,1137
28607.670140,2193355522,2193356653,15625,1131
28607.682173,2193364579,2193365715,15988,1136
28607.733263,2193403103,2193404241,15825,1138
28607.745292,2193412195,2193413328,15972,1133
28607.757311,2193421261,2193422398,15969,1137
28607.775345,2193434845,2193435978,15966,1133
28607.787363,2193443899,2193445033,15627,1134
28607.799392,2193452968,2193454101,15940,1133
28607.889565,2193520896,2193522032,15945,1136
28607.901585,2193529964,2193531097,15964,1133
28607.913603,2193539016,2193540146,15623,1130
28607.925633,2193548061,2193549198,15949,1137
28607.940653,2193559406,2193560540,15669,1134
28607.952684,2193568476,2193569613,16022,1137
28607.967709,2193579833,2193580970,15824,1137
28607.979739,2193588906,2193590042,15993,1136
28607.997770,2193602492,2193603626,15948,1134
28608.009793,2193611563,2193612696,15967,1133
28608.072911,2193659135,2193660271,16045,1136
28608.084929,2193668184,2193669314,15697,1130
28608.096959,2193677233,2193678369,15950,1136
28608.108979,2193686301,2193687434,15969,1133
28608.154065,2193720264,2193721402,15964,1138
28608.166085,2193729340,2193730473,15591,1133
28608.202155,2193756540,2193757677,15821,1137
28608.214182,2193765614,2193766748,15947,1134
28608.241233,2193786043,2193787178,16025,1135
28608.253254,2193795112,2193796248,16049,1136
28608.265272,2193804163,2193805293,15628,1130
28608.319379,2193844867,2193845997,15634,1130
28608.331409,2193853931,2193855066,16003,1135
28608.343414,2193862980,2193864114,15672,1134
28608.364464,2193878750,2193879883,15636,1133
28608.376493,2193887833,2193888968,15989,1135
28608.388511,2193896894,2193898030,15963,1136
28608.427580,2193926238,2193927374,15805,1136
28608.439613,2193935271,2193936407,15977,1136
28608.457649,2193948819,2193949934,15822,1115
28608.469654,2193957808,2193958942,15599,1134
28608.529785,2194002900,2194004032,15956,1132
28608.541792,2194011911,2194013045,15682,1134
28608.571866,2194034453,2194035587,15783,1134
28608.583884,2194043528,2194044664,15935,1136
28608.595894,2194052560,2194053694,15685,1134
28608.607928,2194061601,2194062731,15634,1130
28608.625957,2194075139,2194076272,15807,1133
28608.637990,2194084173,2194085306,15975,1133
28608.713117,2194140557,2194141688,15679,1131
28608.725146,2194149607,2194150744,15814,1137
28608.741191,2194163134,2194164268,15630,1134
28608.776237,2194187947,2194189081,15681,1134
28608.788270,2194196962,2194198076,15826,1114
28608.800296,2194205998,2194207134,15934,1136
28608.812306,2194215008,2194216141,15603,1133
28608.824334,2194224062,2194225172,15645,1110
28608.839357,2194235303,2194236437,15673,1134
28608.852387,2194246603,2194247739,15975,1136
28608.884443,2194269178,2194270311,15680,1133
28608.896477,2194278181,2194279314,15636,1133
28608.911495,2194289463,2194290592,15677,1129
28608.956580,2194323327,2194324462,15679,1135
28608.968620,2194332352,2194333481,15705,1129
28608.980642,2194341379,2194342514,15974,1135
28608.992661,2194350512,2194351645,15936,1133
28609.004682,2194359526,2194360660,15637,1134
28609.056791,2194400109,2194401243,15632,1134
28609.127907,2194451988,2194453122,15675,1134
28609.139940,2194460999,2194462133,15633,1134
28609.151968,2194470029,2194471162,15975,1133
28609.172993,2194485824,2194486953,15676,1129
28609.185025,2194494838,2194495973,15647,1135
28609.200043,2194506160,2194507294,15674,1134
28609.212076,2194515164,2194516298,15650,1134
28609.224105,2194524221,2194525358,15978,1137
28609.236111,2194533236,2194534366,15677,1130
28609.248145,2194542241,2194543355,15924,1114
28609.269189,2194557998,2194559134,15947,1136
28609.281197,2194567062,2194568196,15675,1134
28609.371369,2194634757,2194635889,15754,1132
28609.383402,2194643769,2194644905,15836,1136
28609.395432,2194652851,2194653987,16075,1136
28609.407437,2194661866,2194663000,15758,1134
28609.419470,2194670924,2194672056,15910,1132
28609.431502,2194679954,2194681071,15832,1117
28609.443506,2194688956,2194690090,15687,1134
28609.455539,2194697949,2194699083,15634,1134
28609.467568,2194706991,2194708126,15963,1135
28609.488592,2194722801,2194723935,15679,1134
28609.500626,2194731827,2194732961,15632,1134
28609.593808,2194801621,2194802753,15971,1132
28609.605816,2194810698,2194811828,15677,1130
28609.617843,2194819730,2194820866,15808,1136
28609.629877,2194828767,2194829897,15981,1130
28609.641883,2194837800,2194838934,15754,1134
28609.697009,2194880588,2194881722,15707,1134
28609.738083,2194909912,2194911048,15976,1136
28609.750089,2194918924,2194920054,15678,1130
28609.762129,2194927918,2194929050,15702,1132
28609.774153,2194936946,2194938058,15824,1112
28609.801202,2194957191,2194958326,15886,1135
28609.813218,2194966449,2194967581,15598,1132
28609.825243,2194975476,2194976609,15640,1133
28609.861318,2195002499,2195003633,15706,1134
28609.873340,2195011521,2195012657,15971,1136
28609.885346,2195020528,2195021657,15676,1129
28609.897380,2195029537,2195030671,15639,1134
28609.909408,2195038567,2195039702,15978,1135
28609.921419,2195047601,2195048733,15683,1132
28609.933448,2195056654,2195057790,15813,1136
28609.984535,2195094980,2195096113,15683,1133
28609.996568,2195104020,2195105127,15788,1107
28610.008597,2195113023,2195114159,15893,1136
28610.020613,2195122272,2195123403,15944,1131
28610.032637,2195131292,2195132422,15556,1130
28610.047655,2195142575,2195143704,15680,1129
28610.119794,2195196636,2195197769,15678,1133
28610.131826,2195205646,2195206779,15639,1133
28610.143854,2195214665,2195215801,15977,1136
28610.155861,2195223657,2195224791,15682,1134
28610.167894,2195232654,2195233786,15651,1132
28610.179923,2195241675,2195242811,15994,1136
28610.191929,2195250712,2195251842,15678,1130
28610.203963,2195259693,2195260806,15829,1113
28610.215993,2195268715,2195269851,15990,1136
28610.228002,2195277756,2195278889,15755,1133
28610.249049,2195293562,2195294692,15632,1130
28610.261076,2195302581,2195303713,15952,1132
28610.273085,2195311610,2195312742,15716,1132
28610.339221,2195361159,2195362291,15637,1132
28610.354238,2195372411,2195373543,15755,1132
28610.423383,2195424208,2195425344,16029,1136
28610.435394,2195433289,2195434423,15754,1134
28610.447428,2195442303,2195443432,15647,1129
28610.459452,2195451319,2195452455,16018,1136
28610.471474,2195460351,2195461487,16031,1136
28610.492512,2195476111,2195477244,15719,1133
28610.504538,2195485119,2195486254,15959,1135
28610.543602,2195514405,2195515535,15799,1130
28610.555638,2195523413,2195524520,15917,1107
28610.567658,2195532402,2195533538,15964,1136
28610.579667,2195541420,2195542552,15683,1132
28610.591700,2195550413,2195551543,15650,1130
28610.627769,2195577449,2195578582,15654,1133
28610.639798,2195586533,2195587667,15963,1134
28610.651804,2195595530,2195596663,15680,1133
28610.663838,2195604531,2195605664,15645,1133
28610.675866,2195613551,2195614687,15974,1136
28610.687873,2195622533,2195623661,15681,1128
28610.699907,2195631539,2195632672,15638,1133
28610.711936,2195640580,2195641712,15994,1132
28610.723941,2195649578,2195650711,15688,1133
28610.735974,2195658604,2195659708,15859,1104
28610.748003,2195667579,2195668715,15972,1136
28610.760009,2195676574,2195677707,15595,1133
28610.772043,2195685586,2195686719,15638,1133
28610.784072,2195694598,2195695735,16058,1137
28610.796079,2195703587,2195704720,15687,1133
28610.808107,2195712633,2195713768,15818,1135
28610.820142,2195721653,2195722768,15823,1115
28610.832161,2195730647,2195731779,15956,1132
28610.844181,2195739690,2195740823,15599,1133
28610.856209,2195748707,2195749839,15872,1132
28610.868216,2195757726,2195758856,15603,1130
28610.880251,2195766750,2195767881,15649,1131
28610.919329,2195796048,2195797184,15981,1136
28610.931336,2195805060,2195806193,15677,1133
28610.943369,2195814044,2195815177,15716,1133
28610.967417,2195826293,2195826923,11976,630
28610.980942,2195831592,2195832432,13313,840
28610.992971,2195840302,2195841437,15942,1135
28611.004992,2195849340,2195850471,15983,1131
28611.032043,2195869673,2195870804,15968,1131
28611.044057,2195878705,2195879835,15617,1130
28611.056089,2195887745,2195888881,15944,1136
28611.068110,2195896797,2195897929,15874,1132
28611.080126,2195905841,2195906974,15574,1133
28611.092158,2195914896,2195916032,15940,1136
28611.104179,2195923957,2195925089,15932,1132
28611.116194,2195932979,2195934112,15577,1133
28611.128227,2195942031,2195943161,15918,1130
28611.140247,2195951081,2195952217,15963,1136
28611.152263,2195960108,2195961241,15571,1133
28611.164295,2195969160,2195970292,15892,1132
28611.176318,2195978214,2195979345,15894,1131
28611.188332,2195987240,2195988373,15620,1133
28611.209381,2196003056,2196004188,15916,1132
28611.221402,2196012108,2196013243,15957,1135
28611.239436,2196025674,2196026809,16038,1135
28611.251452,2196034767,2196035900,15619,1133
28611.263484,2196043827,2196044963,15938,1136
28611.275504,2196052885,2196054021,15957,1136
28611.287517,2196061913,2196063046,15564,1133
28611.299553,2196070959,2196072095,15933,1136
28611.311575,2196080021,2196081154,15946,1133
28611.332606,2196095849,2196096977,15600,1128
28611.344639,2196104886,2196106015,15943,1129
28611.395730,2196143305,2196144434,15618,1129
28611.407759,2196152349,2196153481,15944,1132
28611.419782,2196161399,2196162530,15969,1131
28611.431795,2196170416,2196171549,15604,1133
28611.443828,2196179464,2196180596,15941,1132
28611.455850,2196188654,2196189788,16046,1134
28611.469374,2196197325,2196198456,15937,1131
28611.481389,2196206358,2196207487,15679,1129
28611.493422,2196215413,2196216549,15939,1136
28611.505443,2196224472,2196225608,16049,1136
28611.517457,2196233515,2196234643,15598,1128
28611.529491,2196242563,2196243694,16025,1131
28611.541512,2196251636,2196252768,15972,1132
28611.553526,2196260681,2196261813,15525,1132
28611.565559,2196269729,2196270865,15936,1136
28611.583594,2196283307,2196284439,15939,1132
28611.595615,2196292379,2196293513,15971,1134
28611.607629,2196301397,2196302525,15605,1128
28611.619663,2196310435,2196311567,15945,1132
28611.631683,2196319488,2196320620,15965,1132
28611.643698,2196328509,2196329638,15602,1129
28611.655733,2196337580,2196338716,15829,1136
28611.667751,2196346615,2196347750,15969,1135
28611.679766,2196355646,2196356779,15679,1133
28611.691800,2196364681,2196365813,16023,1132
28611.703820,2196373715,2196374850,15975,1135
28611.715837,2196382767,2196383900,15842,1133
28611.727868,2196391805,2196392938,15940,1133
28611.739891,2196400856,2196401988,15968,1132
28611.751903,2196409881,2196411016,15519,1135
28611.763937,2196418918,2196420054,15939,1136
28611.775958,2196427973,2196429107,15970,1134
28611.787972,2196436990,2196438119,15601,1129
28611.800005,2196446027,2196447146,15691,1119
28611.812026,2196455055,2196456185,15891,1130
28611.824041,2196464092,2196465221,15607,1129
28611.836074,2196473128,2196474264,15940,1136
28611.848094,2196482178,2196483312,15984,1134
28611.860108,2196491215,2196492344,15562,1129
28611.872142,2196500244,2196501379,15938,1135
28611.884163,2196509285,2196510419,15886,1134
28611.896177,2196518312,2196519444,15520,1132
28611.908212,2196527348,2196528479,15950,1131
28611.920232,2196536379,2196537514,15974,1135
28611.932246,2196545404,2196546533,15522,1129
28611.944277,2196554440,2196555549,15743,1109
28611.956302,2196563481,2196564615,15954,1134
28611.968315,2196572505,2196573638,15521,1133
28611.992369,2196590592,2196591726,15966,1134
28612.004383,2196599608,2196600740,15521,1132
28612.028438,2196617685,2196618816,15881,1131
28612.040452,2196626696,2196627828,15610,1132
28612.055489,2196638000,2196639132,15974,1132
28612.069015,2196648168,2196649298,15884,1130
28612.096069,2196668474,2196669605,16010,1131
28612.108081,2196677479,2196678611,15524,1132
28612.120114,2196686537,2196687668,15995,1131
28612.132135,2196695574,2196696705,15967,1131
28612.144149,2196704588,2196705714,15520,1126
28612.156183,2196713656,2196714788,15807,1132
28612.168204,2196722697,2196723829,15975,1132
28612.180218,2196731749,2196732878,15597,1129
28612.192251,2196740779,2196741911,15944,1132
28612.240340,2196776878,2196778008,16024,1130
28612.252355,2196785889,2196787022,15529,1133
28612.264390,2196795005,2196796137,15809,1132
28612.276410,2196804044,2196805178,15969,1134
28612.288424,2196813060,2196814188,15683,1128
28612.300457,2196822091,2196823223,15943,1132
28612.351544,2196860453,2196861582,15610,1129
28612.363577,2196869525,2196870657,15822,1132
28612.375598,2196878568,2196879702,15885,1134
28612.387613,2196887582,2196888710,15528,1128
28612.399643,2196896622,2196897733,15706,1111
28612.420684,2196912411,2196913545,15967,1134
28612.432698,2196921428,2196922557,15523,1129
28612.453749,2196937224,2196938356,15942,1132
28612.465771,2196946256,2196947391,15968,1135
28612.480800,2196957577,2196958709,15940,1132
28612.492821,2196966617,2196967747,15985,1130
28612.537907,2197000448,2197001578,15969,1130
28612.549921,2197009451,2197010584,15604,1133
28612.561954,2197018492,2197019625,16018,1133
28612.573975,2197027526,2197028656,16053,1130
28612.610046,2197054588,2197055718,15993,1130
28612.622058,2197063596,2197064724,15602,1128
28612.634092,2197072624,2197073759,15943,1135
28612.649110,2197083900,2197085028,15602,1128
28612.661143,2197092944,2197094078,15943,1134
28612.673166,2197101983,2197103115,15970,1132
28612.685178,2197111045,2197112174,15603,1129
28612.721246,2197138129,2197139257,15602,1128
28612.733281,2197147176,2197148285,15756,1109
28612.757316,2197165209,2197166338,15609,1129
28612.769349,2197174238,2197175370,15853,1132
28612.793384,2197192297,2197193426,15605,1129
28612.805417,2197201334,2197202469,16020,1135
28612.829452,2197219390,2197220522,15677,1132
28612.841483,2197228424,2197229538,15744,1114
28612.853507,2197237430,2197238561,15975,1131
28612.865521,2197246448,2197247577,15601,1129
28612.880558,2197257735,2197258866,15976,1131
28612.892573,2197266858,2197267985,15523,1127
28612.904606,2197275893,2197277027,15851,1134
28612.916627,2197284923,2197286056,15884,1133
28612.952695,2197312005,2197313136,15974,1131
28612.964710,2197321014,2197322143,15602,1129
28612.976740,2197330050,2197331161,15665,1111
28612.988766,2197339090,2197340225,15999,1135
28613.003792,2197350364,2197351475,15742,1111
28613.069918,2197400007,2197401138,15970,1131
28613.081933,2197409005,2197410134,15681,1129
28613.093968,2197418068,2197419202,15961,1134
28613.160090,2197467730,2197468858,15969,1128
28613.172104,2197476745,2197477874,15523,1129
28613.184138,2197485779,2197486913,15918,1134
28613.205176,2197501628,2197502763,16052,1135
28613.217190,2197510642,2197511770,15603,1128
28613.289327,2197564765,2197565897,15680,1132
28613.301359,2197574008,2197575139,15946,1131
28613.319393,2197587539,2197588673,15936,1134
28613.331414,2197596579,2197597712,15871,1133
28613.343430,2197605587,2197606714,15535,1127
28613.355459,2197614615,2197615729,15747,1114
28613.367483,2197623618,2197624752,15874,1134
28613.379498,2197632627,2197633756,15536,1129
28613.391528,2197641661,2197642760,15742,1099
28613.403551,2197650660,2197651791,15952,1131
28613.415567,2197659680,2197660809,15611,1129
28613.427599,2197668708,2197669838,15941,1130
28613.439620,2197677737,2197678868,15958,1131
28613.451635,2197686742,2197687870,15619,1128
28613.463668,2197695767,2197696901,15935,1134
28613.475689,2197704796,2197705930,15958,1134
28613.487704,2197713817,2197714949,15614,1132
28613.499736,2197722882,2197724013,15937,1131
28613.511757,2197731909,2197733039,15871,1130
28613.523775,2197740976,2197742111,15857,1135
28613.535803,2197750004,2197751135,15932,1131
28613.547826,2197759031,2197760166,15868,1135
28613.559841,2197768055,2197769186,15618,1131
28613.571873,2197777081,2197778211,15940,1130
28613.583894,2197786112,2197787245,15884,1133
28613.595910,2197795109,2197796238,15616,1129
28613.607942,2197804140,2197805275,15901,1135
28613.619963,2197813203,2197814334,15959,1131
28613.631979,2197822211,2197823340,15614,1129
28613.701119,2197874097,2197875230,15967,1133
28613.713136,2197883130,2197884260,15828,1130
28613.725166,2197892190,2197893320,15926,1130
28613.752218,2197912484,2197913614,15942,1130
28613.764241,2197921518,2197922648,15996,1130
28613.776253,2197930544,2197931670,15603,1126
28613.797304,2197946332,2197947467,16018,1135
28613.809325,2197955360,2197956488,15976,1128
28613.833372,2197973394,2197974528,15946,1134
28613.845395,2197982459,2197983590,16074,1131
28613.869441,2198000487,2198001618,15947,1131
28613.881462,2198009515,2198010644,15989,1129
28613.896492,2198020790,2198021921,15939,1131
28613.908513,2198029824,2198030956,15976,1132
28613.920527,2198038953,2198040082,15599,1129
28613.936573,2198052490,2198053619,15601,1129
28613.983648,2198086335,2198087464,15604,1129
28614.040767,2198129160,2198130291,15939,1131
28614.052789,2198138197,2198139328,15986,1131
28614.064802,2198147187,2198148314,15604,1127
28614.097873,2198171996,2198173127,15971,1131
28614.109888,2198181011,2198182141,15603,1130
28614.121923,2198190077,2198191208,15916,1131
28614.133942,2198199101,2198200236,15969,1135
28614.148972,2198210403,2198211535,15902,1132
28614.212092,2198257794,2198258928,15941,1134
28614.224115,2198266820,2198267949,15900,1129
28614.236128,2198275813,2198276940,15605,1127
28614.248161,2198284832,2198285967,15858,1135
28614.260184,2198293861,2198294991,15969,1130
28614.272196,2198302866,2198303998,15594,1132
28614.290231,2198316391,2198317522,15603,1131
28614.302264,2198325420,2198326551,15943,1131
28614.320298,2198338960,2198340091,15948,1131
28614.332319,2198348026,2198349160,15971,1134
28614.344333,2198357025,2198358156,15601,1131
28614.356367,2198366060,2198367191,15942,1131
28614.437521,2198426925,2198428056,15940,1131
28614.449543,2198435947,2198437081,15984,1134
28614.467578,2198449466,2198450597,16064,1131
28614.479591,2198458481,2198459613,15600,1132
28614.491623,2198467508,2198468637,15939,1129
28614.524677,2198492300,2198493428,15602,1128
28614.536707,2198501341,2198502475,15883,1134
28614.551727,2198512613,2198513741,15611,1128
28614.563759,2198521631,2198522765,15926,1134
28614.575782,2198530660,2198531789,16071,1129
28614.587796,2198539673,2198540801,15618,1128
28614.599825,2198548693,2198549807,15742,1114
28614.611851,2198557698,2198558833,15978,1135
28614.623865,2198566686,2198567818,15689,1132
28614.635896,2198575718,2198576852,16010,1134
28614.665952,2198598266,2198599400,15962,1134
28614.677968,2198607270,2198608402,15617,1132
28614.702021,2198625359,2198626490,15957,1131
28614.714036,2198634355,2198635484,15614,1129
28614.732070,2198647886,2198649016,15612,1130
28614.744105,2198656907,2198658038,15945,1131
28614.756125,2198665937,2198667071,16054,1134
28614.768140,2198674932,2198676060,15681,1128
28614.780173,2198683950,2198685081,16019,1131
28614.849293,2198735826,2198736954,15598,1128
28614.861326,2198744857,2198745988,15896,1131
28614.885362,2198762908,2198764036,15599,1128
28614.897397,2198771965,2198773096,15827,1131
28614.921431,2198790036,2198791164,15673,1128
28614.933462,2198799057,2198800167,15764,1110
28614.945487,2198808096,2198809230,15985,1134
28614.957500,2198817108,2198818231,15681,1123
28614.984551,2198837387,2198838514,15604,1127
28614.996585,2198846411,2198847546,15944,1135
28615.035658,2198875764,2198876898,16067,1134
28615.053692,2198889283,2198890413,15986,1130
28615.101774,2198925346,2198926474,15679,1128
28615.113806,2198934381,2198935512,15934,1131
28615.140859,2198954650,2198955780,15946,1130
28615.152880,2198963686,2198964815,15978,1129
28615.164894,2198972676,2198973808,15612,1132
28615.176926,2198981714,2198982848,15985,1134
28615.188944,2198990939,2198992070,15837,1131
28615.200957,2198999895,2199001023,15684,1128
28615.212989,2199008855,2199009987,15645,1132
28615.306170,2199078433,2199079566,15971,1133
28615.318185,2199087395,2199088525,15653,1130
28615.354247,2199114328,2199115456,15680,1128
28615.366286,2199123308,2199124436,15625,1128
28615.376327,2199132284,2199133414,15968,1130
28615.393332,2199143479,2199144611,15647,1132
28615.423395,2199165946,2199167080,15979,1134
28615.435402,2199174952,2199176078,15684,1126
28615.447435,2199183932,2199185064,15642,1132
28615.459463,2199192912,2199194042,15985,1130
28615.480489,2199209146,2199210274,15679,1128
28615.492521,2199218126,2199219256,15559,1130
28615.532602,2199249579,2199250710,15681,1131
28615.561655,2199269823,2199270953,16032,1130
28615.573673,2199278831,2199279954,15636,1123
28615.633779,2199323732,2199324863,15682,1131
28615.645812,2199332696,2199333823,15557,1127
28615.663853,2199346147,2199347275,15706,1128
28615.675876,2199355122,2199356226,15825,1104
28615.687881,2199364062,2199365194,15683,1132
28615.705917,2199377529,2199378659,15679,1130
28615.717944,2199386527,2199387657,15812,1130
28615.741984,2199404460,2199405591,15679,1131
28615.754020,2199413429,2199414557,15641,1128
28615.772052,2199426878,2199428010,15640,1132
28615.784077,2199435917,2199437051,15942,1134
28615.796087,2199444882,2199446013,15681,1131
28615.844190,2199480758,2199481889,15636,1131
28615.856218,2199489743,2199490868,15981,1125
28615.868226,2199498743,2199499871,15760,1128
28615.880258,2199507689,2199508816,15643,1127
28615.913317,2199532358,2199533490,15728,1132
28615.925344,2199541355,2199542486,15652,1131
28615.937371,2199550317,2199551449,15979,1132
28615.952395,2199561490,2199562618,15724,1128
28615.964422,2199570473,2199571604,16032,1131
28615.976430,2199579471,2199580601,15681,1130
28615.988464,2199588466,2199589594,15731,1128
28616.052580,2199637818,2199638947,16045,1129
28616.156773,2199714056,2199715185,15677,1129
28616.171817,2199725262,2199726392,15965,1130
28616.183824,2199734249,2199735379,15681,1130
28616.195859,2199743350,2199744478,15643,1128
28616.207886,2199752332,2199753461,15938,1129
28616.219895,2199761320,2199762450,15604,1130
28616.231927,2199770271,2199771402,15561,1131
28616.243955,2199779251,2199780385,15977,1134
28616.255962,2199788194,2199789316,15606,1122
28616.267995,2199797136,2199798263,15654,1127
28616.280024,2199806112,2199807242,15962,1130
28616.292030,2199815070,2199816202,15602,1132
28616.304064,2199824031,2199825158,15654,1127
28616.316090,2199833057,2199834161,15788,1104
28616.328110,2199842007,2199843137,15960,1130
28616.379211,2199880104,2199881234,15961,1130
28616.394233,2199891344,2199892470,15682,1126
28616.406262,2199900326,2199901456,15973,1130
28616.418272,2199909302,2199910432,15688,1130
28616.433312,2199920561,2199921691,16024,1130
28616.481390,2199956382,2199957513,15682,1131
28616.493422,2199965414,2199966542,15639,1128
28616.583596,2200032757,2200033885,15645,1128
28616.595625,2200041767,2200042897,15991,1130
28616.607637,2200050714,2200051844,15638,1130
28616.619664,2200059703,2200060834,15643,1131
28616.631693,2200068682,2200069814,15973,1132
28616.643699,2200077650,2200078776,15686,1126
28616.661733,2200091127,2200092254,15672,1127
28616.673767,2200100070,2200101195,15640,1125
28616.697816,2200118026,2200119156,15951,1130
28616.709831,2200127047,2200128177,15810,1130
28616.745904,2200153931,2200155058,15640,1127
28616.757932,2200162906,2200164036,15954,1130
28616.769939,2200171852,2200172983,15600,1131
28616.781973,2200180812,2200181941,15634,1129
28616.796990,2200192013,2200193140,15682,1127
28616.809019,2200201022,2200202156,15808,1134
28616.884172,2200257081,2200258209,15986,1128
28616.905204,2200272749,2200273880,15636,1131
28616.917230,2200281753,2200282881,15632,1128
28616.929258,2200290741,2200291871,15980,1130
28616.971333,2200322125,2200323252,15640,1127
28616.983361,2200331094,2200332224,15974,1130
28617.004392,2200346753,2200347883,15638,1130
28617.016414,2200355773,2200356899,15648,1126
28617.028447,2200364750,2200365853,15814,1103
28617.112592,2200427499,2200428626,15677,1127
28617.124624,2200436446,2200437574,15576,1128
28617.136653,2200445422,2200446530,15731,1108
28617.193759,2200487978,2200489108,15950,1130
28617.205773,2200496956,2200498085,15738,1129
28617.217810,2200506019,2200507152,15987,1133
28617.229819,2200514990,2200516116,15837,1126
28617.241847,2200523932,2200525057,15713,1125
28617.253875,2200532904,2200534037,15955,1133
28617.319985,2200582213,2200583340,15760,1127
28617.332019,2200591163,2200592290,15641,1127
28617.344047,2200600145,2200601277,15976,1132
28617.356054,2200609100,2200610229,15683,1129
28617.374088,2200622512,2200623639,15681,1127
28617.386122,2200631457,2200632588,15558,1131
28617.416184,2200653886,2200655020,15977,1134
28617.428192,2200663079,2200664206,15680,1127
28617.440223,2200672041,2200673167,15634,1126
28617.458258,2200685479,2200686575,15908,1096
28617.470287,2200694410,2200695542,16063,1132
28617.536397,2200743709,2200744836,15678,1127
28617.548438,2200752641,2200753741,15912,1100
28617.560459,2200761584,2200762716,15978,1132
28617.620568,2200806363,2200807490,15640,1127
28617.632593,2200815368,2200816498,15901,1130
28617.740800,2200895946,2200897079,15964,1133
28617.752808,2200904932,2200906055,15684,1123
28617.764838,2200913896,2200915025,15523,1129
28617.776870,2200922874,2200924003,16022,1129
28617.788876,2200931839,2200932964,15756,1125
28617.809920,2200947504,2200948621,15554,1117
28617.821957,2200956475,2200957607,16062,1132
28617.840991,2200972170,2200973298,15678,1128
28617.858026,2200983352,2200984478,15991,1126
28617.870033,2200992339,2200993461,15681,1122
28617.885077,2201003537,2201004666,15880,1129
28617.897090,2201012492,2201013618,15558,1126
28617.909113,2201021448,2201022568,15513,1120
28617.921144,2201030389,2201031514,15934,1125
28617.966231,2201063949,2201065077,15975,1128
28617.984265,2201077371,2201078496,15894,1125
28618.032339,2201113153,2201114280,15755,1127
28618.044380,2201122082,2201123209,15630,1127
28618.056402,2201131007,2201132132,15893,1125
28618.068408,2201139942,2201141064,15681,1122
28618.080441,2201148898,2201150024,15821,1126
28618.168620,2201215908,2201217025,15649,1117
28618.239734,2201267386,2201268516,15758,1130
28618.251765,2201276356,2201277482,15817,1126
28618.263793,2201285306,2201286435,15858,1129
28618.281832,2201298716,2201299842,15992,1126
28618.293844,2201307691,2201308814,15605,1123
28618.373003,2201368029,2201369152,15677,1123
28618.441134,2201417125,2201418252,15704,1127
28618.453153,2201426108,2201427234,15861,1126
28618.477197,2201443947,2201445069,15641,1122
28618.492218,2201455079,2201456199,15599,1120
28618.579396,2201519800,2201520922,15974,1122
28618.591414,2201528720,2201529847,15677,1127
28618.603437,2201537680,2201538803,15644,1123
28618.615465,2201546619,2201547744,15889,1125
28618.627473,2201555540,2201556664,15682,1124
28618.639512,2201564444,2201565563,15631,1119
28618.651533,2201573413,2201574533,15879,1120
28618.663540,2201582348,2201583471,15675,1123
28618.675574,2201591254,2201592377,15553,1123
28618.687602,2201600190,2201601310,15975,1120
28618.699610,2201609133,2201610252,15606,1119
28618.711639,2201618063,2201619185,15639,1122
28618.723670,2201627006,2201628131,15896,1125
28618.807816,2201689541,2201690659,15675,1118
28618.819848,2201698447,2201699569,15629,1122
28618.831873,2201707412,2201708538,15872,1126
28618.843883,2201716306,2201717426,15602,1120
28618.855917,2201725247,2201726372,15838,1125
28618.867945,2201734182,2201735309,15978,1127
28618.879951,2201743093,2201744216,15685,1123
28618.917043,2201772075,2201773198,15634,1123
28618.952089,2201796614,2201797737,15678,1123
28618.964123,2201805512,2201806634,15642,1122
28618.976151,2201814443,2201815569,15976,1126
28618.988165,2201823345,2201824465,15636,1120
28619.000191,2201832272,2201833395,15642,1123
28619.012219,2201841204,2201842326,15979,1122
28619.024226,2201850085,2201851207,15682,1122
28619.036262,2201859021,2201860142,15598,1121
28619.048289,2201867985,2201869092,15822,1107
28619.060309,2201876897,2201878023,15937,1126
28619.072329,2201885818,2201886940,15564,1122
28619.132432,2201930352,2201931475,15683,1123
28619.144462,2201939332,2201940455,15576,1123
28619.232643,2202006130,2202007247,15705,1117
28619.252671,2202019523,2202020645,15654,1122
28619.264698,2202028457,2202029582,15975,1125
28619.276707,2202037353,2202038472,15682,1119
28619.303758,2202057428,2202058544,15681,1116
28619.315787,2202066322,2202067445,15616,1123
28619.327821,2202075277,2202076399,15884,1122
28619.339826,2202084208,2202085329,15605,1121
28619.351861,2202093141,2202094267,15819,1126
28619.363889,2202102063,2202103188,15901,1125
28619.375909,2202110982,2202112104,15944,1122
28619.433021,2202153289,2202154411,15711,1122
28619.445043,2202162199,2202163318,15894,1119
28619.466066,2202177769,2202178892,15680,1123
28619.478100,2202186689,2202187812,15640,1123
28619.553248,2202242465,2202243585,15980,1120
28619.565255,2202251351,2202252470,15677,1119
28619.637392,2202304832,2202305954,15677,1122
28619.649426,2202313724,2202314847,15596,1123
28619.673461,2202331602,2202332723,15682,1121
28619.685495,2202340609,2202341734,15844,1125
28619.757632,2202394004,2202395127,15639,1123
28619.769660,2202402918,2202404038,15979,1120
28619.784678,2202414056,2202415178,15895,1122
28619.796711,2202422977,2202424102,16062,1125
28619.808718,2202431874,2202432997,15677,1123
28619.820752,2202440754,2202441875,15640,1121
28619.865838,2202474117,2202475240,15640,1123
28619.877865,2202483024,2202484144,16056,1120
28619.889874,2202491968,2202493091,15598,1123
28619.901906,2202500851,2202501967,15639,1116
28619.913931,2202509801,2202510925,15856,1124
28619.925940,2202518730,2202519852,15681,1122
28619.974043,2202554302,2202555420,15639,1118
28619.986073,2202563266,2202564385,15995,1119
28620.076243,2202630024,2202631146,15974,1122
28620.088251,2202638946,2202640068,15680,1122
28620.104329,2202652296,2202653418,15754,1122
28620.176433,2202705761,2202706878,15713,1117
28620.199474,2202715271,2202715900,11998,629
28620.216008,2202722621,2202723737,15940,1116
28620.240049,2202740394,2202741513,15716,1119
28620.252077,2202749315,2202750440,15980,1125
28620.264084,2202758209,2202759331,15677,1122
28620.276124,2202767071,2202768193,15628,1122
28620.288147,2202775974,2202777067,15804,1093
28620.300154,2202784872,2202785991,15598,1119
28620.318187,2202798229,2202799346,15676,1117
28620.330215,2202807146,2202808272,15812,1126
28620.393341,2202853832,2202854951,15638,1119
28620.405370,2202862743,2202863844,15820,1101
28620.417375,2202871596,2202872715,15678,1119
28620.429410,2202880548,2202881670,15789,1122
28620.444427,2202891688,2202892811,15674,1123
28620.456461,2202900586,2202901702,15638,1116
28620.468488,2202909500,2202910619,15972,1119
28620.480497,2202918384,2202919507,15681,1123
28620.495541,2202929515,2202930640,15986,1125
28620.507549,2202938486,2202939608,15679,1122
28620.519581,2202947417,2202948535,15634,1118
28620.531607,2202956366,2202957466,15877,1100
28620.543617,2202965311,2202966427,15681,1116
28620.555648,2202974241,2202975366,15816,1125
28620.567678,2202983191,2202984316,16058,1125
28620.579684,2202992098,2202993220,15715,1122
28620.591718,2203000993,2203002115,15646,1122
28620.603744,2203009911,2203011033,15958,1122
28620.615752,2203018790,2203019913,15677,1123
28620.633788,2203032207,2203033330,15762,1123
28620.645819,2203041152,2203042272,15906,1120
28620.681887,2203067970,2203069095,15817,1125
28620.693918,2203076932,2203078054,15968,1122
28620.704331,2203083523,2203084523,15202,1000
28620.716461,2203092390,2203093514,15869,1124
28620.728467,2203101318,2203102432,15687,1114
28620.740500,2203110271,2203111397,15818,1126
28620.764538,2203128153,2203129274,15683,1121
28620.776564,2203137097,2203138218,15822,1121
28620.812637,2203163938,2203165060,15824,1122
28620.824664,2203172889,2203174011,15942,1122
28620.839688,2203184048,2203185170,15825,1122
28620.851718,2203193006,2203194130,15975,1124
28620.863726,2203201936,2203203055,15691,1119
28620.875753,2203210881,2203212002,15826,1121
28620.896804,2203226533,2203227657,15969,1124
28620.908812,2203235460,2203236579,15605,1119
28620.923853,2203246664,2203247788,15942,1124
28620.935863,2203255595,2203256713,15684,1118
28620.956912,2203271263,2203272388,15824,1125
28620.968942,2203280264,2203281380,15954,1116
28620.983963,2203291457,2203292582,15916,1125
28621.001997,2203304861,2203305980,15821,1119
28621.014027,2203313811,2203314935,16057,1124
28621.026033,2203322734,2203323857,15682,1123
28621.038065,2203331682,2203332804,15818,1122
28621.050096,2203340675,2203341799,15955,1124
28621.062103,2203349618,2203350741,15756,1123
28621.074131,2203358579,2203359698,15898,1119
28621.110202,2203385370,2203386494,15824,1124
28621.122233,2203394376,2203395501,15962,1125
28621.146272,2203412250,2203413374,15906,1124
28621.164306,2203425664,2203426789,15828,1125
28621.176336,2203434636,2203435753,16067,1117
28621.215395,2203463669,2203464785,15683,1116
28621.227426,2203472639,2203473758,15766,1119
28621.239456,2203481593,2203482717,16014,1124
28621.257490,2203495033,2203496158,15947,1125
28621.269509,2203503992,2203505111,15921,1119
28621.281528,2203512944,2203514064,15904,1120
28621.293559,2203521889,2203523013,15980,1124
28621.308580,2203533057,2203534182,15825,1125
28621.320608,2203542003,2203543124,15953,1121
28621.336630,2203555463,2203556587,15972,1124
28621.353666,2203566630,2203567754,15818,1124
28621.365696,2203575572,2203576697,15886,1125
28621.377716,2203584543,2203585668,15938,1125
28621.389735,2203593492,2203594616,15821,1124
28621.413772,2203611371,2203612494,15686,1123
28621.425803,2203620364,2203621490,15762,1126
28621.437833,2203629315,2203630438,15975,1123
28621.449841,2203638263,2203639385,15682,1122
28621.476892,2203658379,2203659501,15761,1122
28621.488923,2203667327,2203668452,15821,1125
28621.512961,2203685198,2203686316,15684,1118
28621.524992,2203694173,2203695299,15849,1126
28621.540012,2203705393,2203706516,15761,1123
28621.552043,2203714378,2203715499,15927,1121
28621.564072,2203723367,2203724488,15900,1121
28621.576095,2203732360,2203733482,15978,1122
28621.588114,2203741364,2203742489,15766,1125
28621.600142,2203750361,2203751486,15900,1125
28621.612164,2203759352,2203760477,15980,1125
28621.624180,2203768342,2203769467,15833,1125
28621.636212,2203777296,2203778418,16055,1122
28621.654245,2203790689,2203791815,15979,1126
28621.666254,2203799635,2203800753,15568,1118
28621.678283,2203808576,2203809701,15831,1125
28621.732384,2203848880,2203850005,15882,1125
28621.744416,2203857876,2203859001,15952,1125
28621.784497,2203889141,2203890265,15819,1124
28621.801510,2203900366,2203901489,15687,1123
28621.813544,2203909310,2203910399,15682,1089
28621.825569,2203918252,2203919377,15950,1125
28621.837578,2203927213,2203928335,15684,1122
28621.861639,2203945077,2203946202,15981,1125
28621.873647,2203954029,2203955152,15761,1123
28621.885679,2203962964,2203964061,15655,1097
28621.897707,2203971882,2203973007,16053,1125
28621.909715,2203980810,2203981926,15688,1116
28621.927749,2203994248,2203995367,15763,1119
28621.939781,2204003227,2204004348,15828,1121
28621.951811,2204012222,2204013341,15866,1119
28621.963824,2204021131,2204022253,15601,1122
28621.975849,2204030116,2204031241,15834,1125
28621.993884,2204043523,2204044648,15836,1125
28622.005915,2204052509,2204053634,15956,1125
28622.023946,2204065941,2204067062,15896,1121
28622.035955,2204074848,2204075968,15683,1120
28622.047986,2204083794,2204084915,15825,1121
28622.060016,2204092734,2204093855,15976,1121
28622.072024,2204101636,2204102752,15684,1116
28622.084055,2204110570,2204111686,15741,1116
28622.096085,2204119512,2204120633,15891,1121
28622.108092,2204128422,2204129544,15684,1122
28622.138158,2204150794,2204151916,15827,1122
28622.150190,2204159780,2204160899,15952,1119
28622.174226,2204177635,2204178760,15822,1125
28622.186256,2204186615,2204187738,15961,1123
28622.208327,2204204479,2204205603,15894,1124
28622.252367,2204235763,2204236883,15685,1120
28622.264394,2204244706,2204245825,15816,1119
28622.288436,2204262561,2204263684,15687,1123
28622.300466,2204271497,2204272617,15828,1120
28622.312494,2204280439,2204281560,15944,1121
28622.324504,2204289382,2204290505,15686,1123
28622.339548,2204300573,2204301697,15965,1124
28622.352581,2204311775,2204312891,15909,1116
28622.375616,2204327439,2204328559,15978,1120
28622.387624,2204336351,2204337473,15682,1122
28622.399655,2204345307,2204346427,15825,1120
28622.411682,2204354248,2204355373,15950,1125
28622.423705,2204363226,2204364347,15936,1121
28622.435722,2204372158,2204373280,15854,1122
28622.447753,2204381102,2204382227,15973,1125
28622.459767,2204390005,2204391127,15609,1122
28622.471792,2204398946,2204400071,15822,1125
28622.483823,2204407904,2204409024,15980,1120
28622.495830,2204416821,2204417935,15681,1114
28622.516874,2204432472,2204433561,15633,1089
28622.528908,2204441425,2204442546,15958,1121
28622.552946,2204459285,2204460409,15821,1124
28622.564977,2204468278,2204469403,15943,1125
28622.628097,2204515260,2204516385,15977,1125
28622.640104,2204524212,2204525333,15686,1121
28622.652136,2204533155,2204534278,15832,1123
28622.664166,2204542100,2204543223,15998,1123
28622.682199,2204555501,2204556622,16057,1121
28622.694207,2204564419,2204565538,15763,1119
28622.730276,2204591241,2204592358,15683,1117
28622.745320,2204602427,2204603552,15978,1125
28622.757333,2204611342,2204612464,15604,1122
28622.772371,2204622533,2204623658,16054,1125
28622.784379,2204631458,2204632579,15689,1121
28622.799422,2204642647,2204643772,16056,1125
28622.832478,2204667247,2204668372,15900,1125
28622.844508,2204676232,2204677357,15961,1125
28622.856522,2204685153,2204686270,15605,1117
28622.919636,2204732039,2204733158,15684,1119
28622.931667,2204740981,2204742106,15823,1125
28622.943697,2204749971,2204751089,15961,1118
28622.964722,2204765601,2204766720,15683,1119
28622.976752,2204774551,2204775672,15823,1121
28622.988782,2204783486,2204784611,15887,1125
28623.036859,2204819218,2204820336,15687,1118
28623.048890,2204828173,2204829298,15818,1125
28623.060920,2204837102,2204838220,15908,1118
28623.084958,2204854962,2204856084,15823,1122
28623.096988,2204863941,2204865059,15867,1118
28623.137069,2204895181,2204896306,15820,1125
28623.172128,2204919802,2204920921,15940,1119
28623.184147,2204928755,2204929877,15841,1122
28623.196177,2204937707,2204938832,15886,1125
28623.214210,2204951131,2204952251,15935,1120
28623.226219,2204960042,2204961158,15685,1116
28623.244253,2204973436,2204974555,15687,1119
28623.256281,2204982368,2204983493,15816,1125
28623.268314,2204991310,2204992431,16030,1121
28623.280322,2205000215,2205001331,15677,1116
28623.304380,2205018066,2205019191,15950,1125
28623.316401,2205027057,2205028176,15942,1119
28623.337438,2205042684,2205043805,15817,1121
28623.349468,2205051620,2205052730,15974,1110
28623.376520,2205071695,2205072813,15973,1118
28623.388539,2205080615,2205081731,15853,1116
28623.403569,2205091793,2205092917,15943,1124
28623.415579,2205100755,2205101871,15685,1116
28623.427610,2205109698,2205110818,15826,1120
28623.439640,2205118637,2205119758,15973,1121
28623.451653,2205127558,2205128677,15608,1119
28623.463681,2205136524,2205137643,15826,1119
28623.496733,2205161082,2205162204,15764,1122
28623.508760,2205170072,2205171166,15710,1094
28623.535815,2205190125,2205191247,15821,1122
28623.547846,2205199105,2205200223,15963,1118
28623.559853,2205208001,2205209118,15602,1117
28623.571885,2205216967,2205218085,15831,1118
28623.583914,2205225911,2205227034,15973,1123
28623.595922,2205234851,2205235969,15686,1118
28623.607953,2205243816,2205244932,15851,1116
28623.619983,2205252738,2205253859,15973,1121
28623.631990,2205261643,2205262765,15684,1122
28623.650031,2205275050,2205276172,15608,1122
28623.662055,2205283997,2205285122,15906,1125
28623.680090,2205297392,2205298511,15907,1119
28623.692120,2205306352,2205307473,15961,1121
28623.704140,2205315284,2205316409,15950,1125
28623.716158,2205324228,2205325317,15639,1089
28623.728188,2205333129,2205334249,15888,1120
28623.740196,2205342041,2205343158,15683,1117
28623.752223,2205350968,2205352093,15817,1125
28623.764257,2205359921,2205361046,15974,1125
28623.776265,2205368824,2205369946,15685,1122
28623.788296,2205377760,2205378885,15816,1125
28623.803329,2205388986,2205390111,15958,1125
28623.815347,2205397929,2205399049,15825,1120
28623.827378,2205406867,2205407985,15974,1118
28623.839385,2205415785,2205416902,15764,1117
28623.851412,2205424720,2205425843,15818,1123
28623.863446,2205433664,2205434787,15986,1123
28623.875454,2205442572,2205443690,15690,1118
28623.887487,2205451554,2205452678,15830,1124
28623.899512,2205460490,2205461611,15952,1121
28623.911522,2205469421,2205470538,15641,1117
28623.923553,2205478381,2205479501,15834,1120
28623.935583,2205487314,2205488440,15969,1126
28623.947600,2205496265,2205497390,15851,1125
28623.959617,2205505222,2205506315,15536,1093
28623.971652,2205514119,2205515243,15870,1124
28623.983659,2205523028,2205524145,15607,1117
28623.995700,2205531997,2205533116,15910,1119
28624.007720,2205540989,2205542110,15956,1121
28624.019728,2205549898,2205551019,15687,1121
28624.031759,2205558829,2205559950,15827,1121
28624.043789,2205567764,2205568885,15975,1121
28624.055796,2205576649,2205577771,15601,1122
28624.073831,2205590037,2205591155,15688,1118
28624.085862,2205598996,2205600112,15831,1116
28624.097892,2205607967,2205609091,16040,1124
28624.109899,2205616930,2205618052,15683,1122
28624.121930,2205625866,2205626991,15822,1125
28624.197078,2205681674,2205682798,16030,1124
28624.209088,2205690643,2205691764,15606,1121
28624.221119,2205699587,2205700705,15780,1118
28624.236140,2205710728,2205711845,15604,1117
28624.248167,2205719658,2205720782,15733,1124
28624.260201,2205728635,2205729756,15957,1121
28624.272208,2205737539,2205738652,15604,1113
28624.293260,2205753199,2205754283,15681,1084
28624.305285,2205762136,2205763260,15852,1124
28624.347355,2205793346,2205794465,15815,1119
28624.359389,2205802277,2205803396,15936,1119
28624.372915,2205812423,2205813542,15952,1119
28624.384922,2205821338,2205822456,15763,1118
28624.405970,2205836961,2205838081,15824,1120
28624.418001,2205846115,2205847238,15965,1123
28624.509171,2205915303,2205916420,15683,1117
28624.553256,2205946620,2205947741,15945,1121
28624.565265,2205955528,2205956640,15758,1112
28624.577297,2205964447,2205965563,15820,1116
28624.589327,2205973409,2205974534,15956,1125
28624.604348,2205984561,2205985682,15819,1121
28624.616379,2205993506,2205994626,16116,1120
28624.628385,2206002441,2206003554,15683,1113
28624.712553,2206064903,2206066023,15827,1120
28624.724584,2206073868,2206074984,16038,1116
28624.817746,2206143000,2206144118,15682,1118
28624.829777,2206152145,2206153263,15823,1118
28624.847811,2206165582,2206166697,15824,1115
28624.859841,2206174512,2206175637,15973,1125
28624.871849,2206183407,2206184522,15690,1115
28624.883879,2206192376,2206193499,15743,1123
28624.904927,2206207993,2206209109,15978,1116
28624.916934,2206216887,2206218007,15684,1120
28624.931979,2206228057,2206229171,15980,1114
28624.943998,2206237015,2206238134,15963,1119
28624.956017,2206245978,2206247099,15824,1121
28624.968046,2206254916,2206256036,15891,1120
28624.980054,2206263823,2206264939,15690,1116
28625.025140,2206297292,2206298414,15685,1122
28625.037177,2206306242,2206307363,15961,1121
28625.049200,2206315206,2206316329,16029,1123
28625.097277,2206350916,2206352033,15684,1117
28625.109308,2206359838,2206360959,15821,1121
28625.121338,2206368799,2206369923,15870,1124
28625.133346,2206377692,2206378809,15728,1117
28625.232534,2206451229,2206452348,15683,1119
28625.244565,2206460398,2206461523,15844,1125
28625.319716,2206516205,2206517323,15975,1118
28625.331723,2206525096,2206526208,15685,1112
28625.343754,2206534037,2206535156,15842,1119
28625.355783,2206543001,2206544124,15947,1123
28625.367791,2206551889,2206553008,15760,1119
28625.445954,2206609913,2206611036,16025,1123
28625.457964,2206618830,2206619948,15679,1118
28625.473007,2206629996,2206631120,15975,1124
28625.485020,2206638919,2206640031,15523,1112
28625.549155,2206687956,2206689072,15798,1116
28625.578200,2206708041,2206709160,15817,1119
28625.590230,2206716995,2206718110,15939,1115
28625.608264,2206730365,2206731489,15887,1124
28625.620283,2206739307,2206740430,15856,1123
28625.632309,2206748228,2206749347,15841,1119
28625.656340,2206766085,2206767200,15679,1115
28625.668373,2206775070,2206776188,15818,1118
28625.713457,2206808557,2206809675,15905,1118
28625.725487,2206817525,2206818649,16039,1124
28625.740504,2206828699,2206829789,15633,1090
28625.752539,2206837616,2206838736,15960,1120
28625.767560,2206848749,2206849872,15820,1123
28625.779590,2206857720,2206858845,16043,1125
28625.791598,2206866629,2206867745,15683,1116
28625.803628,2206875562,2206876677,15905,1115
28625.815659,2206884474,2206885590,15979,1116
28625.827666,2206893350,2206894461,15681,1111
28625.839697,2206902296,2206903412,15824,1116
28625.857731,2206915661,2206916780,15897,1119
28625.869762,2206924602,2206925722,16037,1120
28625.881775,2206933541,2206934664,15601,1123
28625.893800,2206942506,2206943627,15829,1121
28625.905830,2206951469,2206952588,15955,1119
28625.917838,2206960358,2206961475,15642,1117
28625.932879,2206971520,2206972639,15953,1119
28625.944889,2206980437,2206981552,15602,1115
28625.959933,2206991596,2206992717,15981,1121
28625.971941,2207000486,2207001607,15682,1121
28625.989975,2207013911,2207015029,15680,1118
28626.002006,2207022870,2207023989,15743,1119
28626.077156,2207078711,2207079833,16054,1122
28626.089175,2207087691,2207088809,16019,1118
28626.122242,2207112285,2207113405,15972,1120
28626.134259,2207121205,2207122329,15814,1124
28626.197370,2207167991,2207169106,15685,1115
28626.209400,2207176947,2207178066,15828,1119
28626.284551,2207232694,2207233818,15989,1124
28626.296558,2207241605,2207242720,15685,1115
28626.311602,2207252769,2207253881,15953,1112
28626.377718,2207301790,2207302906,15603,1116
28626.389744,2207310706,2207311794,15655,1088
28626.401773,2207319599,2207320718,15956,1119
28626.413781,2207328485,2207329597,15604,1112
28626.425820,2207337435,2207338528,15788,1093
28626.473911,2207373105,2207374228,15980,1123
28626.485918,2207381980,2207383096,15680,1116
28626.500962,2207393153,2207394273,16038,1120
28626.512980,2207402076,2207403192,15945,1116
28626.570086,2207444371,2207445495,15820,1124
28626.582115,2207453360,2207454483,15859,1123
28626.612174,2207475810,2207476934,15990,1124
28626.624196,2207484779,2207485900,15906,1121
28626.636219,2207493740,2207494860,15818,1120
28626.696323,2207538354,2207539468,15782,1114
28626.708357,2207547287,2207548403,16011,1116
28626.720375,2207556214,2207557334,15940,1120
28626.819564,2207629720,2207630836,15939,1116
28626.831584,2207638639,2207639751,15828,1112
28626.843614,2207647604,2207648719,15962,1115
28626.855632,2207656507,2207657629,15943,1122
28626.873661,2207669898,2207671014,15680,1116
28626.885686,2207678821,2207679932,15899,1111
28626.909724,2207696641,2207697759,15680,1118
28626.921765,2207705595,2207706714,15865,1119
28626.936787,2207716790,2207717916,15937,1126
28626.948806,2207725756,2207726877,15740,1121
28626.984874,2207752495,2207753605,15799,1110
28626.996905,2207761450,2207762569,15869,1119
28627.036986,2207792537,2207793656,15801,1119
28627.054009,2207803715,2207804829,15934,1114
28627.120138,2207852704,2207853824,15885,1120
28627.132162,2207861681,2207862797,16111,1116
28627.144181,2207870605,2207871715,16019,1110
28627.156201,2207879538,2207880649,15826,1111
28627.174235,2207892914,2207894029,15831,1115
28627.186265,2207901838,2207902958,15869,1120
28627.243359,2207944102,2207945218,15688,1116
28627.255389,2207953030,2207954149,15742,1119
28627.267420,2207961943,2207963061,15972,1118
28627.285454,2207975260,2207976379,15974,1119
28627.297462,2207984183,2207985302,15689,1119
28627.324525,2208004251,2208005370,15954,1119
28627.336543,2208013165,2208014282,15899,1117
28627.352587,2208026567,2208027684,15836,1117
28627.369608,2208037762,2208038881,15851,1119
28627.381630,2208046709,2208047827,15828,1118
28627.444750,2208093481,2208094600,15903,1119
28627.456782,2208102424,2208103543,16002,1119
28627.495839,2208131342,2208132446,15687,1104
28627.507872,2208140270,2208141394,15859,1124
28627.519898,2208149201,2208150319,15960,1118
28627.540928,2208164825,2208165938,15757,1113
28627.552955,2208173732,2208174855,15819,1123
28627.634110,2208234029,2208235140,15832,1111
28627.646140,2208242954,2208244078,15865,1124
28627.658148,2208251817,2208252926,15687,1109
28627.670181,2208260743,2208261860,15868,1117
28627.748319,2208318714,2208319827,15690,1113
28627.760350,2208327628,2208328745,15819,1117
28627.868556,2208407902,2208409016,15904,1114
28627.880586,2208416821,2208417937,16041,1116
28627.892604,2208425777,2208426900,15933,1123
28627.913647,2208441334,2208442448,15820,1114
28627.925670,2208450259,2208451379,15974,1120
28627.943708,2208463639,2208464750,16005,1111
28627.955724,2208472550,2208473660,15935,1110
28627.967745,2208481514,2208482629,15811,1115
28627.979776,2208490456,2208491572,15919,1116
28627.997809,2208503820,2208504937,15958,1117
28628.009821,2208512724,2208513835,15719,1111
28628.048898,2208541703,2208542820,15824,1117
28628.060929,2208550616,2208551730,15964,1114
28628.076960,2208563954,2208565053,16027,1099
28628.093984,2208575078,2208576189,15913,1111
28628.106014,2208583981,2208585092,15962,1111
28628.118034,2208592858,2208593974,15953,1116
28628.166118,2208628384,2208629493,15808,1109
28628.178151,2208637304,2208638415,15871,1111
28628.196186,2208650662,2208651787,15958,1125
28628.208205,2208659605,2208660724,15944,1119
28628.220224,2208668522,2208669637,15831,1115
28628.238258,2208681890,2208683005,15822,1115
28628.250289,2208690800,2208691916,15963,1116
28628.296374,2208726449,2208727570,15941,1121
28628.373516,2208782181,2208783298,15841,1117
28628.385546,2208791107,2208792223,15943,1116
28628.400570,2208802229,2208803355,15859,1126
28628.412599,2208811174,2208812291,15979,1117
28628.424616,2208820095,2208821206,15861,1111
28628.500764,2208877913,2208879036,16090,1123
28628.520805,2208891271,2208892381,16129,1110
28628.532822,2208900189,2208901300,16020,1111
28628.544840,2208909131,2208910215,15637,1084
28628.583925,2208938027,2208939140,16171,1113
28628.595942,2208946965,2208948083,15921,1118
28628.607970,2208955887,2208956967,15747,1080
28628.619995,2208964785,2208965895,16045,1110
28628.632010,2208973698,2208974813,15939,1115
28628.680099,2209009305,2209010419,15833,1114
28628.692130,2209018247,2209019358,15875,1111
28628.704146,2209027128,2209028243,15928,1115
28628.716163,2209036019,2209037103,15533,1084
28628.728199,2209044888,2209046001,15980,1113
28628.740215,2209053764,2209054869,16009,1105
28628.752232,2209062639,2209063726,15616,1087
28628.764265,2209071531,2209072645,15931,1114
28628.776285,2209080415,2209081529,15940,1114
28628.788305,2209089298,2209090415,15837,1117
28628.800337,2209098173,2209099288,15906,1115
28628.815352,2209109290,2209110369,15534,1079
28628.827386,2209118167,2209119282,15877,1115
28628.839405,2209127108,2209128224,15943,1116
28628.857437,2209140512,2209141631,15848,1119
28628.869459,2209149405,2209150520,15834,1115
28628.884491,2209160540,2209161655,16026,1115
28628.896506,2209169438,2209170515,15617,1077
28628.908539,2209178268,2209179376,15995,1108
28628.935593,2209198254,2209199370,16041,1116
28628.947609,2209207141,2209208252,16008,1111
28628.965645,2209220505,2209221615,15941,1110
28628.977661,2209229371,2209230458,15619,1087
28628.992694,2209240446,2209241561,15944,1115
28629.007730,2209251515,2209252624,16058,1109
28629.019746,2209260390,2209261501,15931,1111
28629.031763,2209269298,2209270382,15613,1084
28629.043797,2209278162,2209279277,16041,1115
28629.055815,2209287058,2209288169,15855,1111
28629.067832,2209295949,2209297028,15619,1079
28629.085866,2209309219,2209310298,15692,1079
28629.097902,2209318054,2209319170,16097,1116
28629.148986,2209355762,2209356843,15693,1081
28629.161019,2209364634,2209365739,15931,1105
28629.194072,2209389026,2209390106,15689,1080
28629.206105,2209397876,2209398994,15996,1118
28629.218127,2209406762,2209407873,15943,1111
28629.230141,2209415633,2209416712,15611,1079
28629.251194,2209431114,2209432231,16068,1117
28629.266210,2209442284,2209443368,15636,1084
28629.332349,2209491051,2209492160,16065,1109
28629.344363,2209499917,2209501030,15928,1113
28629.368418,2209517689,2209518803,16108,1114
28629.388332,2209527114,2209527738,11978,624
28629.418011,2209543214,2209544324,16000,1110
28629.430025,2209552140,2209553256,15840,1116
28629.442054,2209561046,2209562160,15915,1114
28629.457077,2209572193,2209573308,15917,1115
28629.469106,2209581105,2209582216,15825,1111
28629.481130,2209590016,2209591129,15993,1113
28629.493147,2209598937,2209600047,15832,1110
28629.505174,2209607837,2209608948,15829,1111
28629.520197,2209618975,2209620086,15831,1111
28629.538231,2209632355,2209633469,15826,1114
28629.550260,2209641253,2209642364,15825,1111
28629.580318,2209663507,2209664621,15990,1114
28629.592334,2209672422,2209673540,15834,1118
28629.625405,2209696965,2209698078,16077,1113
28629.637420,2209705897,2209707011,15837,1114
28629.649449,2209714810,2209715924,15913,1114
28629.661473,2209723707,2209724823,15998,1116
28629.673488,2209732607,2209733720,15827,1113
28629.691522,2209745967,2209747080,15835,1113
28629.703551,2209754872,2209755985,15912,1113
28629.715576,2209763779,2209764894,16079,1115
28629.727592,2209772691,2209773805,15841,1114
28629.739620,2209781613,2209782724,15918,1111
28629.751644,2209790526,2209791642,16012,1116
28629.763660,2209799448,2209800567,15915,1119
28629.775688,2209808361,2209809475,15990,1114
28629.787713,2209817267,2209818382,16080,1115
28629.799727,2209826174,2209827285,15907,1111
28629.811757,2209835086,2209836198,15911,1112
28629.823782,2209844001,2209845120,15952,1119
28629.835799,2209852962,2209854081,15841,1119
28629.847825,2209861862,2209862976,15910,1114
28629.859851,2209870766,2209871877,15999,1111
28629.871866,2209879681,2209880791,15754,1110
28629.883895,2209888582,2209889697,15913,1115
28629.897422,2209897148,2209898258,15908,1110
28629.909443,2209906052,2209907168,15979,1116
28629.921460,2209914989,2209916105,15808,1116
28629.933490,2209923894,2209925009,15915,1115
28629.945512,2209932801,2209933915,15979,1114
28629.957529,2209941697,2209942807,15763,1110
28629.972563,2209952864,2209953980,15984,1116
28629.984580,2209961807,2209962923,15830,1116
28629.999615,2209972949,2209974055,16078,1106
28630.011634,2209981845,2209982962,15882,1117
28630.023664,2209990764,2209991875,15956,1111
28630.035683,2209999661,2210000776,15980,1115
28630.047699,2210008583,2210009698,15833,1115
28630.059730,2210017502,2210018615,15912,1113
28630.071752,2210026413,2210027524,15895,1111
28630.083768,2210035316,2210036430,15761,1114
28630.095798,2210044236,2210045354,15912,1118
28630.107821,2210053161,2210054281,15983,1120
28630.119837,2210062081,2210063191,15856,1110
28630.131868,2210071000,2210072118,15919,1118
28630.143889,2210079939,2210081057,15979,1118
28630.155906,2210088856,2210089971,15849,1115
28630.167936,2210097760,2210098876,15912,1116
28630.179957,2210106675,2210107795,15892,1120
28630.191974,2210115595,2210116706,15847,1111
28630.204005,2210124479,2210125598,15912,1119
28630.216026,2210133387,2210134498,15978,1111
28630.228043,2210142304,2210143414,15850,1110
28630.240074,2210151219,2210152330,15914,1111
28630.252094,2210160139,2210161250,15984,1111
28630.264111,2210169054,2210170166,15850,1112
28630.276142,2210177981,2210179092,15892,1111
28630.288163,2210186896,2210188002,15894,1106
28630.300180,2210195811,2210196922,15851,1111
28630.312211,2210204708,2210205823,15915,1115
28630.324232,2210213632,2210214743,15981,1111
28630.336250,2210222528,2210223639,15767,1111
28630.348279,2210231438,2210232553,15956,1115
28630.360301,2210240355,2210241471,15988,1116
28630.375331,2210251490,2210252601,15916,1111
28630.387352,2210260392,2210261505,16063,1113
28630.399369,2210269301,2210270417,15895,1116
28630.411399,2210278213,2210279328,15874,1115
28630.423421,2210287113,2210288224,15894,1111
28630.435437,2210296043,2210297161,15848,1118
28630.447469,2210304957,2210306068,15909,1111
28630.459489,2210313877,2210314988,15977,1111
28630.471506,2210322786,2210323896,15846,1110
28630.483536,2210331682,2210332796,15914,1114
28630.495558,2210340594,2210341703,15907,1109
28630.507574,2210349504,2210350609,15852,1105
28630.519605,2210358425,2210359536,15916,1111
28630.531626,2210367325,2210368441,15893,1116
28630.543644,2210376248,2210377349,15920,1101
28630.555673,2210385135,2210386249,15950,1114
28630.567695,2210394039,2210395153,15984,1114
28630.579712,2210402940,2210404060,15929,1120
28630.591742,2210411851,2210412964,15913,1113
28630.603763,2210420780,2210421894,15895,1114
28630.615781,2210429687,2210430798,15767,1111
28630.627811,2210438582,2210439701,15913,1119
28630.639832,2210447500,2210448618,15893,1118
28630.651851,2210456426,2210457542,15849,1116
28630.663880,2210465330,2210466441,15916,1111
28630.675901,2210474232,2210475346,15891,1114
28630.687917,2210483151,2210484266,15761,1115
28630.699948,2210492058,2210493177,15913,1119
28630.711969,2210500957,2210502069,15934,1112
28630.723986,2210509872,2210510982,15855,1110
28630.736016,2210518755,2210519866,15916,1111
28630.748040,2210527665,2210528779,16062,1114
28630.760054,2210536580,2210537681,15846,1101
28630.772085,2210545486,2210546606,15912,1120
28630.784107,2210554401,2210555511,15892,1110
28630.796123,2210563309,2210564427,15762,1118
28630.808154,2210572206,2210573313,15917,1107
28630.820175,2210581114,2210582228,15896,1114
28630.832192,2210590027,2210591142,15851,1115
28630.844222,2210598947,2210600061,15913,1114
28630.856244,2210607876,2210608985,15967,1109
28630.868260,2210616770,2210617884,15864,1114
28630.880289,2210625668,2210626779,15915,1111
28630.892311,2210634579,2210635699,15980,1120
28630.904329,2210643504,2210644620,15779,1116
28630.919362,2210654634,2210655745,15921,1111
28630.931380,2210663561,2210664675,15778,1114
28630.949415,2210676926,2210678042,15860,1116
28630.961444,2210685841,2210686949,15911,1108
28630.985483,2210703658,2210704769,15942,1111
28630.997512,2210712576,2210713687,15999,1111
28631.024564,2210732608,2210733721,15998,1113
28631.036585,2210741517,2210742627,16052,1110
28631.051615,2210752657,2210753768,15870,1111
28631.063640,2210761595,2210762705,15976,1110
28631.075655,2210770500,2210771611,15764,1111
28631.087685,2210779408,2210780519,15829,1111
28631.099706,2210788309,2210789423,15978,1114
28631.111724,2210797222,2210798330,15851,1108
28631.123754,2210806112,2210807222,15921,1110
28631.135775,2210815030,2210816146,15893,1116
28631.147792,2210823949,2210825060,15848,1111
28631.159825,2210832869,2210833975,15911,1106
28631.171844,2210841785,2210842899,15894,1114
28631.183861,2210850697,2210851813,15767,1116
28631.195891,2210859584,2210860700,15830,1116
28631.207912,2210868484,2210869600,15979,1116
28631.219929,2210877393,2210878511,15850,1118
28631.231960,2210886298,2210887412,15834,1114
28631.243981,2210895197,2210896309,15978,1112
28631.255998,2210904111,2210905224,15849,1113
28631.269526,2210914348,2210915459,15838,1111
28631.281552,2210923253,2210924372,15909,1119
28631.335655,2210963315,2210964426,15914,1111
28631.347680,2210972214,2210973327,15910,1113
28631.359695,2210981109,2210982217,15750,1108
28631.371726,2210990023,2210991134,15916,1111
28631.383749,2210998926,2211000036,15999,1110
28631.395763,2211007816,2211008930,15914,1114
28631.407793,2211016717,2211017830,15916,1113
28631.419817,2211025627,2211026740,16002,1113
28631.431832,2211034542,2211035656,15835,1114
28631.443861,2211043439,2211044552,15919,1113
28631.455886,2211052357,2211053479,15972,1122
28631.467903,2211061297,2211062412,15819,1115
28631.479930,2211070215,2211071326,15913,1111
28631.491954,2211079114,2211080225,15910,1111
28631.503970,2211088029,2211089143,15836,1114
28631.515999,2211096947,2211098057,15830,1110
28631.528023,2211105855,2211106972,15953,1117
28631.540038,2211114756,2211115869,15751,1113
28631.552067,2211123685,2211124801,15829,1116
28631.564092,2211132584,2211133692,16001,1108
28631.576106,2211141491,2211142602,15833,1111
28631.588136,2211150395,2211151515,15919,1120
28631.600162,2211159312,2211160432,15997,1120
28631.618194,2211172688,2211173795,15991,1107
28631.630210,2211181595,2211182705,15750,1110
28631.669290,2211210534,2211211650,15913,1116
28631.681314,2211219463,2211220579,15995,1116
28631.732410,2211257326,2211258440,15997,1114
28631.744434,2211266233,2211267349,15950,1116
28631.756449,2211275136,2211276249,15833,1113
28631.784515,2211297377,2211298489,15912,1112
28631.804547,2211310787,2211311907,15921,1120
28631.816570,2211319727,2211320845,15918,1118
28631.849633,2211344298,2211345414,15923,1116
28631.861656,2211353241,2211354357,15877,1116
28631.876684,2211364389,2211365507,15915,1118
28631.888709,2211373318,2211374428,15999,1110
28631.912753,2211391128,2211392237,15916,1109
28631.924777,2211400015,2211401127,15908,1112
28631.945810,2211415596,2211416710,15830,1114
28631.957839,2211424497,2211425608,15917,1111
28631.972861,2211435654,2211436765,15812,1111
28631.984890,2211444566,2211445685,15829,1119
28632.084079,2211518011,2211519126,15916,1115
28632.096103,2211526944,2211528055,15954,1111
28632.108126,2211535873,2211536997,15907,1124
28632.121652,2211546173,2211547289,15909,1116
28632.133674,2211555123,2211556237,15907,1114
28632.145698,2211564061,2211565177,15909,1116
28632.157720,2211573002,2211574116,15910,1114
28632.169743,2211581932,2211583044,15909,1112
28632.181766,2211590857,2211591973,15825,1116
28632.196795,2211602028,2211603147,15910,1119
28632.208817,2211610975,2211612086,15828,1111
28632.236875,2211633320,2211634440,15907,1120
28632.265926,2211653411,2211654530,15912,1119
28632.277947,2211662326,2211663444,15866,1118
28632.289972,2211671229,2211672340,15992,1111
28632.308006,2211684586,2211685702,15996,1116
28632.320023,2211693495,2211694606,15838,1111
28632.332050,2211702403,2211703514,15999,1111
28632.344075,2211711307,2211712425,16001,1118
28632.356089,2211720227,2211721341,15838,1114
28632.368119,2211729138,2211730247,15912,1109
28632.392159,2211746932,2211748036,15915,1104
28632.404187,2211755825,2211756935,15995,1110
28632.416212,2211764719,2211765829,16080,1110
28632.428228,2211773599,2211774719,15822,1120
28632.440256,2211782505,2211783619,15914,1114
28632.452281,2211791407,2211792518,15996,1111
28632.464295,2211800299,2211801413,15835,1114
28632.476324,2211809209,2211810318,15822,1109
28632.497366,2211824796,2211825911,15996,1115
28632.509381,2211833719,2211834832,15833,1113
28632.524417,2211844851,2211845956,15990,1105
28632.536433,2211853758,2211854869,15832,1111
28632.548462,2211862670,2211863784,15827,1114
28632.617587,2211913880,2211914991,15834,1111
28632.629616,2211922791,2211923906,15912,1115
28632.653656,2211940592,2211941702,15832,1110
28632.665685,2211949482,2211950595,15913,1113
28632.704761,2211978427,2211979546,16077,1119
28632.716775,2211987350,2211988460,15832,1110
28632.728805,2211996235,2211997345,15915,1110
28632.767881,2212025168,2212026282,15995,1114
28632.779896,2212034079,2212035183,15839,1104
28632.791924,2212042980,2212044095,15910,1115
28632.803949,2212051874,2212052984,15911,1110
28632.824980,2212067431,2212068545,15819,1114
28632.837010,2212076345,2212077456,15823,1111
28632.882096,2212109695,2212110803,15914,1108
28632.894120,2212118581,2212119691,16079,1110
28632.906136,2212127466,2212128576,15915,1110
28632.918167,2212136366,2212137477,15988,1111
28632.942204,2212154172,2212155280,15829,1108
28632.954233,2212163088,2212164204,15988,1116
28632.969256,2212174238,2212175350,15831,1112
28632.984292,2212185362,2212186475,16077,1113
28632.996308,2212194268,2212195381,15918,1113
28633.008336,2212203176,2212204287,15908,1111
28633.020360,2212212085,2212213193,15906,1108
28633.032376,2212220969,2212222084,15831,1115
28633.044405,2212229886,2212231002,15820,1116
28633.056431,2212238792,2212239910,15989,1118
28633.068445,2212247710,2212248825,15833,1115
28633.116542,2212283280,2212284388,15906,1108
28633.128566,2212292181,2212293291,15988,1110
28633.155618,2212312230,2212313339,15989,1109
28633.167633,2212321136,2212322246,15831,1110
28633.179662,2212330030,2212331144,15906,1114
28633.192692,2212341149,2212342263,15823,1114
28633.215731,2212356730,2212357841,15908,1111
28633.227755,2212365629,2212366748,15987,1119
28633.239770,2212374531,2212375636,15829,1105
28633.251799,2212383417,2212384528,15907,1111
28633.263823,2212392319,2212393432,15987,1113
28633.275839,2212401219,2212402330,15832,1111
28633.287867,2212410135,2212411250,15902,1115
28633.299892,2212419029,2212420142,15993,1113
28633.311908,2212427929,2212429043,15832,1114
28633.323936,2212436829,2212437938,15907,1109
28633.335960,2212445729,2212446839,15901,1110
28633.347976,2212454631,2212455750,15740,1119
28633.360005,2212463541,2212464655,15905,1114
28633.373034,2212474686,2212475795,15833,1109
28633.474216,2212548072,2212549180,15836,1108
28633.486245,2212556977,2212558091,15907,1114
28633.498269,2212565855,2212566956,15901,1101
28633.510287,2212574752,2212575865,15932,1113
28633.528321,2212588063,2212589178,15972,1115
28633.540339,2212596908,2212598015,15629,1107
28633.579420,2212625658,2212626772,15946,1114
28633.591440,2212634518,2212635626,15882,1108
28633.609474,2212647840,2212648957,15962,1117
28633.621496,2212656698,2212657808,15826,1110
28633.636525,2212667792,2212668902,15960,1110
28633.648544,2212676602,2212677708,15623,1106
28633.660574,2212685445,2212686555,15950,1110
28633.687626,2212705357,2212706471,15952,1114
28633.699646,2212714210,2212715325,15962,1115
28633.717680,2212727487,2212728605,15849,1118
28633.729699,2212736359,2212737472,15591,1113
28633.744732,2212747451,2212748558,15961,1107
28633.756750,2212756266,2212757372,15545,1106
28633.789818,2212780605,2212781708,15967,1103
28633.804849,2212791678,2212792783,15949,1105
28633.816869,2212800529,2212801648,15852,1119
28633.886003,2212851370,2212852474,15956,1104
28633.898025,2212860218,2212861337,16044,1119
28633.940106,2212891192,2212892306,15953,1114
28633.952126,2212900063,2212901175,15959,1112
28633.964152,2212908892,2212910003,15707,1111
28633.976174,2212917734,2212918843,15901,1109
28633.988195,2212926592,2212927697,15964,1105
28634.000215,2212935423,2212936530,15624,1107
28634.012243,2212944271,2212945381,15946,1110
28634.033280,2212959805,2212960912,15965,1107
28634.045299,2212968620,2212969733,15620,1113
28634.099403,2213008410,2213009519,15704,1109
28634.111431,2213017275,2213018385,15946,1110
28634.123453,2213026171,2213027277,15934,1106
28634.135471,2213034989,2213036097,15705,1108
28634.156518,2213050495,2213051598,15950,1103
28634.168540,2213059357,2213060467,15954,1110
28634.204606,2213085885,2213087000,15966,1115
28634.216628,2213094783,2213095892,15839,1109
28634.304804,2213161127,2213162222,15623,1095
28634.348880,2213192110,2213193230,15960,1120
28634.360907,2213200964,2213202072,15704,1108
28634.408997,2213236327,2213237441,15947,1114
28634.424020,2213247404,2213248515,15596,1111
28634.511189,2213311504,2213312623,15849,1119
28634.526220,2213322593,2213323707,15949,1114
28634.538241,2213331439,2213332547,16045,1108
28634.556275,2213344699,2213345801,16045,1102
28634.568294,2213353522,2213354629,15624,1107
28634.580323,2213362357,2213363467,15949,1110
28634.620408,2213393341,2213394448,15586,1107
28634.637429,2213404424,2213405534,15965,1110
28634.724597,2213468576,2213469682,15952,1106
28634.736618,2213477436,2213478540,15965,1104
28634.751649,2213488466,2213489576,15947,1110
28634.776698,2213508383,2213509493,15942,1110
28634.793722,2213519433,2213520542,15629,1109
28634.805752,2213528293,2213529397,15951,1104
28634.823786,2213541584,2213542696,15863,1112
28634.835807,2213550440,2213551545,15876,1105
28634.847825,2213559282,2213560393,15627,1111
28634.859858,2213568138,2213569252,15996,1114
28634.871875,2213576989,2213578097,15963,1108
28634.883894,2213585853,2213586960,15592,1107
28634.919963,2213612403,2213613516,15594,1113
28634.931992,2213621262,2213622371,15951,1109
28634.944012,2213630110,2213631223,15875,1113
28634.956039,2213638928,2213640029,15627,1101
28634.968062,2213647764,2213648839,15802,1075
28634.980081,2213656616,2213657723,15962,1107
28635.049215,2213707475,2213708584,15947,1109
28635.061238,2213716327,2213717441,15945,1114
28635.151406,2213782613,2213783718,15961,1105
28635.163426,2213791422,2213792538,15628,1116
28635.175457,2213800303,2213801416,15882,1113
28635.187475,2213809166,2213810279,15960,1113
28635.199494,2213817997,2213819103,15626,1106
28635.211527,2213826871,2213827984,15959,1113
28635.223544,2213835731,2213836836,15964,1105
28635.235563,2213844552,2213845659,15627,1107
28635.247593,2213853405,2213854514,15950,1109
28635.259615,2213862243,2213863356,15944,1113
28635.271631,2213871065,2213872173,15627,1108
28635.283662,2213879924,2213881042,15947,1118
28635.295681,2213888766,2213889876,15964,1110
28635.307703,2213897612,2213898723,15873,1111
28635.319729,2213906464,2213907581,15950,1117
28635.331750,2213915307,2213916426,15968,1119
28635.343768,2213924136,2213925250,15547,1114
28635.355801,2213932975,2213934080,15997,1105
28635.367818,2213941830,2213942942,15879,1112
28635.379839,2213950674,2213951779,15625,1105
28635.391868,2213959529,2213960638,15943,1109
28635.403887,2213968375,2213969485,15854,1110
28635.415906,2213977233,2213978350,15512,1117
28635.427935,2213986081,2213987191,15863,1110
28635.439955,2213994926,2213996033,15963,1107
28635.451982,2214003744,2214004856,15635,1112
28635.464004,2214012603,2214013714,15949,1111
28635.476024,2214021456,2214022574,15961,1118
28635.497060,2214036961,2214038071,15626,1110
28635.509094,2214045843,2214046948,15873,1105
28635.530127,2214061332,2214062442,15961,1110
28635.542146,2214070150,2214071257,15626,1107
28635.560183,2214083427,2214084527,15823,1100
28635.572211,2214092260,2214093337,15724,1077
28635.584231,2214101075,2214102182,15963,1107
28635.596249,2214109901,2214111008,15630,1107
28635.608284,2214118791,2214119901,15964,1110
28635.620299,2214127647,2214128761,15880,1114
28635.632317,2214136484,2214137595,15624,1111
28635.704457,2214189525,2214190635,15824,1110
28635.716484,2214198377,2214199482,15860,1105
28635.785609,2214249147,2214250258,15629,1111
28635.797638,2214258008,2214259116,16029,1108
28635.809662,2214266899,2214268006,16018,1107
28635.848736,2214295640,2214296747,15711,1107
28635.860758,2214304488,2214305592,15861,1104
28635.875781,2214315512,2214316614,15624,1102
28635.887810,2214324344,2214325454,15949,1110
28635.899830,2214333207,2214334319,15849,1112
28635.911849,2214342051,2214343153,15594,1102
28635.923878,2214350888,2214352002,15950,1114
28635.935899,2214359746,2214360859,15964,1113
28635.947925,2214368573,2214369686,15713,1113
28635.959947,2214377417,2214378526,15947,1109
28635.980984,2214392892,2214393998,15963,1106
28635.993003,2214401690,2214402792,15625,1102
28636.009049,2214414995,2214416102,15666,1107
28636.122256,2214496799,2214497899,15942,1100
28636.134276,2214505638,2214506742,15919,1104
28636.200401,2214554232,2214555337,15828,1105
28636.215430,2214565303,2214566413,15963,1110
28636.228956,2214575272,2214576382,15960,1110
28636.240975,2214584086,2214585196,15631,1110
28636.253008,2214592965,2214594070,15969,1105
28636.328145,2214648246,2214649364,15973,1118
28636.340163,2214657123,2214658235,15597,1112
28636.352197,2214666015,2214667123,15962,1108
28636.364213,2214674859,2214675960,15976,1101
28636.376232,2214683691,2214684796,15591,1105
28636.388261,2214692515,2214693628,16028,1113
28636.400284,2214701375,2214702487,16035,1112
28636.412300,2214710190,2214711303,15710,1113
28636.424332,2214719043,2214720158,15974,1115
28636.445368,2214734516,2214735626,15940,1110
28636.457386,2214743358,2214744469,15669,1111
28636.472419,2214754432,2214755541,15968,1109
28636.544556,2214807446,2214808556,15934,1110
28636.556575,2214816301,2214817408,15705,1107
28636.583627,2214836151,2214837252,15636,1101
28636.595659,2214844983,2214846096,16003,1113
28636.607676,2214853826,2214854936,15877,1110
28636.619695,2214862629,2214863740,15549,1111
28636.637730,2214875890,2214876995,15624,1105
28636.649763,2214884784,2214885887,15879,1103
28636.712879,2214931142,2214932246,15948,1104
28636.724899,2214939997,2214941105,15882,1108
28636.757964,2214964312,2214965427,15946,1115
28636.769984,2214973174,2214974283,15961,1109
28636.809058,2215001841,2215002949,15825,1108
28636.821084,2215010680,2215011783,15865,1103
28636.842122,2215026158,2215027263,15857,1105
28636.854141,2215034992,2215036099,15589,1107
28636.866170,2215043834,2215044937,15950,1103
28636.878190,2215052676,2215053789,15874,1113
28636.905242,2215072566,2215073676,15964,1110
28636.917261,2215081413,2215082524,15596,1111
28636.968362,2215118997,2215120104,15966,1107
28636.980381,2215127839,2215128946,15588,1107
28636.992413,2215136747,2215137865,15823,1118
28637.031489,2215165752,2215166866,15993,1114
28637.043504,2215174688,2215175806,15925,1118
28637.055534,2215183607,2215184721,15912,1114
28637.067552,2215192488,2215193601,15936,1113
28637.079571,2215201316,2215202418,15629,1102
28637.091602,2215210167,2215211280,15995,1113
28637.109634,2215223426,2215224531,15953,1105
28637.121653,2215232264,2215233383,15960,1119
28637.176765,2215274244,2215275350,15627,1106
28637.235875,2215316222,2215317333,15972,1111
28637.247896,2215325125,2215326238,15895,1113
28637.259912,2215333994,2215335110,15593,1116
28637.280959,2215349459,2215350572,15965,1113
28637.292982,2215358319,2215359426,15948,1107
28637.353096,2215402479,2215403598,15954,1119
28637.365117,2215411331,2215412445,15962,1114
28637.377135,2215420133,2215421240,15634,1107
28637.416216,2215448857,2215449960,15952,1103
28637.428237,2215457709,2215458819,15965,1110
28637.440258,2215466544,2215467650,15738,1106
28637.461302,2215482006,2215483111,15946,1105
28637.473324,2215490861,2215491974,15960,1113
28637.488357,2215501907,2215503012,15992,1105
28637.503376,2215512923,2215514022,15623,1099
28637.545461,2215543862,2215544980,16019,1118
28637.557478,2215552712,2215553828,15670,1116
28637.569507,2215561576,2215562684,15953,1108
28637.588550,2215577079,2215578183,16027,1104
28637.644649,2215616808,2215617918,15934,1110
28637.656671,2215625631,2215626738,15645,1107
28637.692736,2215652152,2215653258,15629,1106
28637.704765,2215660981,2215662093,15947,1112
28637.737825,2215685309,2215686421,15808,1112
28637.749851,2215694160,2215695269,15950,1109
28637.792938,2215727250,2215728363,15950,1113
28637.852043,2215769243,2215770352,15968,1109
28637.864062,2215778109,2215779216,15547,1107
28637.876090,2215786940,2215788051,15860,1111
28637.894125,2215800177,2215801288,15947,1111
28637.906147,2215809006,2215810122,15919,1116
28637.945216,2215837715,2215838817,15670,1102
28637.957245,2215846562,2215847677,15953,1115
28637.984300,2215866416,2215867517,16077,1101
28638.000331,2215879636,2215880742,15954,1106
28638.056434,2215919394,2215920508,15958,1114
28638.068454,2215928248,2215929357,15922,1109
28638.089493,2215943688,2215944803,15825,1115
28638.101520,2215952536,2215953644,15902,1108
28638.120554,2215968006,2215969114,15962,1108
28638.204721,2216029843,2216030959,15701,1116
28638.233770,2216049720,2216050823,15850,1103
28638.245794,2216058564,2216059672,15953,1108
28638.263828,2216071807,2216072907,15955,1100
28638.275849,2216080635,2216081739,15961,1104
28638.287868,2216089435,2216090546,15633,1111
28638.305902,2216102697,2216103808,15624,1111
28638.317931,2216111521,2216112631,15952,1110
28638.378047,2216155697,2216156808,15714,1111
28638.390068,2216164539,2216165643,15863,1104
28638.408102,2216177784,2216178890,15942,1106
28638.420123,2216186633,2216187733,15971,1100
28638.432145,2216195485,2216196590,15825,1105
28638.468210,2216221955,2216223057,15629,1102
28638.480243,2216230785,2216231888,16077,1103
28638.492260,2216239613,2216240716,15963,1103
28638.504279,2216248426,2216249532,15630,1106
28638.516308,2216257270,2216258385,15957,1115
28638.536333,2216266652,2216267264,11975,612
28638.553883,2216273794,2216274898,15912,1104
28638.571917,2216287059,2216288170,15903,1111
28638.601975,2216309198,2216310312,16070,1114
28638.613990,2216318082,2216319186,15826,1104
28638.626019,2216326964,2216328070,15797,1106
28638.638044,2216335812,2216336922,15905,1110
28638.650059,2216344672,2216345781,15822,1109
28638.662090,2216353536,2216354642,15887,1106
28638.677109,2216364615,2216365724,15808,1109
28638.689138,2216373505,2216374611,15816,1106
28638.725206,2216400113,2216401221,15901,1108
28638.737233,2216408962,2216410067,15996,1105
28638.752258,2216420060,2216421169,15882,1109
28638.764285,2216428926,2216430041,15894,1115
28638.776298,2216437790,2216438898,15843,1108
28638.788326,2216446686,2216447804,15903,1118
28638.824395,2216473301,2216474414,15985,1113
28638.836420,2216482189,2216483290,15958,1101
28638.848436,2216491071,2216492186,15853,1115
28638.860466,2216499964,2216501072,15930,1108
28638.875486,2216511067,2216512178,15884,1111
28638.887520,2216519966,2216521081,15838,1115
28638.899542,2216528847,2216529951,15907,1104
28638.911559,2216537713,2216538821,15856,1108
28638.960654,2216575437,2216576545,15963,1108
28638.983696,2216590979,2216592087,15851,1108
28638.995722,2216599842,2216600951,15903,1109
28639.007747,2216608728,2216609838,15874,1110
28639.019762,2216617596,2216618708,15829,1112
28639.031791,2216626474,2216627587,15905,1113
28639.045318,2216634877,2216635981,15902,1104
28639.057340,2216643739,2216644852,15936,1113
28639.069356,2216652600,2216653699,15842,1099
28639.087393,2216665898,2216667015,15869,1117
28639.099419,2216674807,2216675917,15817,1110
28639.111442,2216683666,2216684773,15964,1107
28639.123458,2216692548,2216693654,15760,1106
28639.135488,2216701436,2216702541,15887,1105
28639.147509,2216710313,2216711427,15955,1114
28639.159527,2216719188,2216720294,15851,1106
28639.171557,2216728078,2216729196,15908,1118
28639.183578,2216736942,2216738051,15915,1109
28639.195598,2216745825,2216746934,15857,1109
28639.207625,2216754695,2216755808,15904,1113
28639.225659,2216767997,2216769110,15987,1113
28639.237682,2216776861,2216777971,15963,1110
28639.249700,2216785735,2216786843,15865,1108
28639.261728,2216794602,2216795715,15909,1113
28639.273750,2216803484,2216804588,15967,1104
28639.285768,2216812352,2216813449,15776,1097
28639.297797,2216821334,2216822440,15902,1106
28639.333867,2216847913,2216849018,15923,1105
28639.345887,2216856793,2216857901,15958,1108
28639.369936,2216874550,2216875658,15924,1108
28639.381956,2216883414,2216884521,15967,1107
28639.393976,2216892303,2216893407,15884,1104
28639.406003,2216901190,2216902300,15906,1110
28639.433054,2216921159,2216922277,15908,1118
28639.445076,2216930038,2216931144,15999,1106
28639.472127,2216949979,2216951090,16056,1111
28639.484145,2216958843,2216959947,15869,1104
28639.496175,2216967721,2216968831,15908,1110
28639.508196,2216976724,2216977833,15957,1109
28639.520212,2216985583,2216986697,15847,1114
28639.541260,2217001124,2217002228,15903,1104
28639.553281,2217009994,2217011099,15958,1105
28639.568311,2217021096,2217022195,15903,1099
28639.592351,2217038842,2217039947,15939,1105
28639.604382,2217047706,2217048819,15908,1113
28639.616402,2217056603,2217057711,15965,1108
28639.628419,2217065474,2217066587,15855,1113
28639.640449,2217074348,2217075452,15903,1104
28639.676517,2217100929,2217102035,15906,1106
28639.688539,2217109783,2217110898,15962,1115
28639.700557,2217118675,2217119779,15862,1104
28639.712588,2217127740,2217128846,15885,1106
28639.728621,2217141025,2217142138,15904,1113
28639.748656,2217154346,2217155455,15887,1109
28639.760677,2217163202,2217164306,15972,1104
28639.781711,2217178677,2217179785,15842,1108
28639.793742,2217187544,2217188653,15864,1109
28639.805763,2217196409,2217197522,15945,1113
28639.817778,2217205286,2217206386,15807,1100
28639.889917,2217258431,2217259535,15842,1104
28639.901947,2217267272,2217268371,15910,1099
28639.913969,2217276231,2217277345,16054,1114
28639.925986,2217285084,2217286190,15843,1106
28639.944020,2217298355,2217299464,15846,1109
28639.956050,2217307231,2217308344,15817,1113
28639.968072,2217316093,2217317196,15991,1103
28639.989106,2217331595,2217332704,15843,1109
28640.001136,2217340455,2217341561,15913,1106
28640.013158,2217349317,2217350423,15972,1106
28640.025174,2217358200,2217359313,15843,1113
28640.097312,2217411405,2217412504,15846,1099
28640.109342,2217420261,2217421362,15910,1101
28640.121363,2217429322,2217430431,15884,1109
28640.133380,2217438209,2217439318,15846,1109
28640.148415,2217449271,2217450379,16050,1108
28640.187483,2217478074,2217479183,15842,1109
28640.199513,2217486940,2217488058,15909,1118
28640.211535,2217495821,2217496925,15886,1104
28640.223551,2217504682,2217505785,15842,1103
28640.235582,2217513541,2217514649,15907,1108
28640.247604,2217522393,2217523506,15973,1113
28640.265638,2217535704,2217536818,15991,1114
28640.277654,2217544584,2217545693,15757,1109
28640.316737,2217573382,2217574486,15988,1104
28640.330262,2217583531,2217584642,15927,1111
28640.351302,2217599039,2217600152,15992,1113
28640.363316,2217607914,2217609014,15817,1100
28640.375346,2217616766,2217617873,15906,1107
28640.387371,2217625639,2217626747,15996,1108
28640.399388,2217634504,2217635612,15863,1108
28640.411414,2217643362,2217644472,15909,1110
28640.423439,2217652240,2217653346,15963,1106
28640.441474,2217665543,2217666652,15992,1109
28640.453492,2217674413,2217675522,15859,1109
28640.468525,2217685499,2217686611,15990,1112
28640.480540,2217694356,2217695460,15830,1104
28640.504594,2217712071,2217713185,15990,1114
28640.516609,2217720935,2217722041,15832,1106
28640.528638,2217729790,2217730896,15810,1106
28640.540662,2217738659,2217739762,15988,1103
28640.552677,2217747500,2217748609,15827,1109
28640.615798,2217793976,2217795080,15837,1104
28640.627826,2217802833,2217803933,15915,1100
28640.733020,2217880413,2217881519,15827,1106
28640.745048,2217889481,2217890587,15905,1106
28640.838227,2217958117,2217959235,15944,1118
28640.850244,2217966991,2217968091,15844,1100
28640.883312,2217991353,2217992458,15974,1105
28640.904346,2218006834,2218007938,15796,1104
28640.916374,2218015683,2218016797,15821,1114
28640.928398,2218024538,2218025646,15980,1108
28640.940415,2218033412,2218034520,15757,1108
28640.952444,2218042279,2218043389,15910,1110
28640.964468,2218051141,2218052245,15996,1104
28640.976483,2218060017,2218061122,15811,1105
28640.988512,2218068872,2218069984,15905,1112
28641.057636,2218119812,2218120921,15819,1109
28641.069667,2218128667,2218129776,15914,1109
28641.084692,2218139737,2218140846,15856,1109
28641.096718,2218148601,2218149709,15912,1108
28641.108743,2218157460,2218158560,16008,1100
28641.147809,2218186203,2218187311,15829,1108
28641.159837,2218195072,2218196181,15989,1109
28641.171863,2218203941,2218205050,16059,1109
28641.183878,2218212814,2218213908,15927,1094
28641.195905,2218221678,2218222786,15990,1108
28641.207930,2218230529,2218231633,15991,1104
28641.225964,2218243804,2218244908,15978,1104
28641.237981,2218252675,2218253781,15761,1106
28641.274049,2218279260,2218280369,15838,1109
28641.286077,2218288140,2218289247,15907,1107
28641.316136,2218310291,2218311400,15975,1109
28641.328152,2218319127,2218320227,15845,1100
28641.340180,2218327978,2218329087,15902,1109
28641.352204,2218336843,2218337957,15892,1114
28641.364221,2218345733,2218346838,15743,1105
28641.376250,2218354597,2218355696,15866,1099
28641.388274,2218363445,2218364549,15987,1104
28641.400292,2218372312,2218373415,15860,1103
28641.412319,2218381160,2218382265,15915,1105
28641.427341,2218392217,2218393322,15831,1105
28641.439370,2218401071,2218402174,15827,1103
28641.451394,2218409909,2218411011,15993,1102
28641.463412,2218418772,2218419878,15862,1106
28641.481444,2218432044,2218433154,15826,1110
28641.493473,2218440902,2218442013,15820,1111
28641.541566,2218476325,2218477430,16075,1105
28641.553579,2218485176,2218486281,15821,1105
28641.571615,2218498462,2218499567,15845,1105
28641.583642,2218507330,2218508424,15905,1094
28641.596672,2218518414,2218519529,15843,1115
28641.637746,2218547201,2218548305,15909,1104
28641.649770,2218556046,2218557146,15891,1100
28641.661787,2218564889,2218565998,15844,1109
28641.673814,2218573762,2218574870,15905,1108
28641.700866,2218593687,2218594793,15905,1106
28641.715890,2218604769,2218605873,15840,1104
28641.760975,2218637989,2218639088,15843,1099
28641.773004,2218646843,2218647946,15906,1103
28641.785029,2218655690,2218656800,15904,1110
28641.800055,2218666761,2218667864,15906,1103
28641.833113,2218691073,2218692176,15831,1103
28641.845142,2218699941,2218701050,15825,1109
28641.857166,2218708796,2218709895,15990,1099
28641.881210,2218726491,2218727600,15907,1109
28641.893234,2218735358,2218736463,15901,1105
28641.905250,2218744212,2218745316,15832,1104
28641.917279,2218753067,2218754175,15910,1108
28641.956354,2218781829,2218782939,15990,1110
28641.968370,2218790693,2218791798,15829,1105
28641.980397,2218799571,2218800680,15903,1109
28641.992422,2218808432,2218809541,16061,1109
28642.007449,2218819495,2218820604,15916,1109
28642.019473,2218828380,2218829491,15960,1111
28642.031490,2218837265,2218838379,15772,1114
28642.043517,2218846163,2218847274,15907,1111
28642.055542,2218855053,2218856166,15980,1113
28642.067558,2218863941,2218865052,15847,1111
28642.079586,2218872820,2218873931,15914,1111
28642.091610,2218881687,2218882792,15979,1105
28642.103627,2218890554,2218891663,15844,1109
28642.115654,2218899411,2218900516,15822,1105
28642.127681,2218908279,2218909388,15891,1109
28642.145713,2218921573,2218922677,15973,1104
28642.157729,2218930426,2218931535,15839,1109
28642.175764,2218943707,2218944812,15841,1105
28642.187791,2218952584,2218953683,15944,1099
28642.205826,2218965856,2218966962,15908,1106
28642.217851,2218974708,2218975818,16061,1110
28642.229869,2218983586,2218984687,15840,1101
28642.241894,2218992450,2218993560,15910,1110
28642.256918,2219003514,2219004623,15840,1109
28642.268946,2219012363,2219013477,15820,1114
28642.283970,2219023433,2219024542,15842,1109
28642.326056,2219054424,2219055533,15980,1109
28642.338073,2219063280,2219064385,15849,1105
28642.350100,2219072138,2219073234,15906,1096
28642.380159,2219094262,2219095366,15980,1104
28642.392176,2219103110,2219104210,15844,1100
28642.404203,2219111956,2219113064,15904,1108
28642.416228,2219120805,2219121907,15892,1102
28642.428244,2219129662,2219130771,15845,1109
28642.440274,2219138532,2219139637,15907,1105
28642.476340,2219165092,2219166201,15905,1109
28642.491364,2219176167,2219177281,15837,1114
28642.503392,2219185011,2219186111,15822,1100
28642.515416,2219193862,2219194962,15979,1100
28642.527433,2219202713,2219203823,15848,1110
28642.539462,2219211581,2219212691,15906,1110
28642.551485,2219220438,2219221548,15977,1110
28642.563501,2219229316,2219230419,15845,1103
28642.575529,2219238167,2219239270,15825,1103
28642.587557,2219247042,2219248155,16076,1113
28642.599570,2219255915,2219257008,15834,1093
28642.611599,2219264770,2219265876,15909,1106
28642.623623,2219273626,2219274734,15994,1108
28642.635639,2219282480,2219283585,15829,1105
28642.716793,2219342304,2219343407,15832,1103
28642.728822,2219351144,2219352253,15867,1109
28642.740846,2219360090,2219361199,15950,1109
28642.752864,2219368958,2219370058,15889,1100
28642.788932,2219395322,2219396435,16048,1113
28642.800950,2219404127,2219405238,15629,1111
28642.849053,2219439440,2219440543,16031,1103
28642.861069,2219448265,2219449363,15975,1098
28642.885117,2219465876,2219466985,16030,1109
28642.897140,2219474709,2219475809,16034,1100
28642.921185,2219492300,2219493404,16029,1104
28642.933206,2219501113,2219502220,15969,1107
28642.948241,2219512158,2219513272,16041,1114
28642.984305,2219538565,2219539674,15945,1109
28642.996328,2219547393,2219548496,15906,1103
28643.017362,2219562810,2219563913,15628,1103
28643.029391,2219571633,2219572732,15868,1099
28643.059448,2219593704,2219594809,15938,1105
28643.071464,2219602527,2219603637,15512,1110
28643.089507,2219615721,2219616828,15713,1107
28643.101528,2219624536,2219625641,16032,1105
28643.113549,2219633340,2219634449,16049,1109
28643.125567,2219642134,2219643230,15623,1096
28643.164648,2219670786,2219671885,16032,1099
28643.176670,2219679648,2219680750,15943,1102
28643.191703,2219690622,2219691726,16074,1104
28643.203720,2219699444,2219700544,16047,1100
28643.215739,2219708269,2219709363,15628,1094
28643.227768,2219717094,2219718203,15863,1109
28643.239789,2219725905,2219727005,15773,1100
28643.251807,2219734698,2219735804,15510,1106
28643.263837,2219743506,2219744605,15867,1099
28643.275858,2219752296,2219753405,15881,1109
28643.287886,2219761083,2219762190,15629,1107
28643.299906,2219769887,2219770996,15952,1109
28643.311926,2219778690,2219779801,15964,1111
28643.323945,2219787488,2219788589,15630,1101
28643.344995,2219802916,2219804025,15959,1109
28643.357011,2219811747,2219812846,15878,1099
28643.369030,2219820545,2219821646,15545,1101
28643.381060,2219829361,2219830465,15949,1104
28643.408111,2219849178,2219850283,15955,1105
28643.420132,2219857996,2219859105,16046,1109
28643.432150,2219866782,2219867887,15622,1105
28643.444184,2219875657,2219876766,15963,1109
28643.456200,2219884469,2219885583,16043,1114
28643.468219,2219893259,2219894365,15707,1106
28643.480248,2219902069,2219903169,16036,1100
28643.492272,2219910873,2219911977,16041,1104
28643.528337,2219937308,2219938407,16042,1099
28643.540360,2219946101,2219947200,15911,1099
28643.592469,2219985724,2219986830,15702,1106
28643.612494,2219998936,2220000048,15631,1112
28643.624524,2220007753,2220008852,15970,1099
28643.636543,2220016562,2220017661,15862,1099
28643.648562,2220025372,2220026471,15670,1099
28643.660591,2220034177,2220035284,16029,1107
28643.687646,2220053996,2220055099,16003,1103
28643.699663,2220062799,2220063908,16047,1109
28643.711683,2220071598,2220072698,15632,1100
28643.723711,2220080377,2220081482,15949,1105
28643.744750,2220095826,2220096925,15932,1099
28643.756768,2220104577,2220105679,15634,1102
28643.804866,2220139777,2220140880,15953,1103
28643.816886,2220148594,2220149700,16010,1106
28643.828905,2220157391,2220158492,15698,1101
28643.840938,2220166245,2220167350,15964,1105
28643.886023,2220199202,2220200302,15994,1100
28643.898040,2220208011,2220209104,15964,1093
28643.913072,2220218984,2220220087,15951,1103
28643.925092,2220227786,2220228893,15966,1107
28643.937114,2220236616,2220237721,15825,1105
28643.976192,2220265235,2220266340,15953,1105
28643.988215,2220274046,2220275151,15950,1105
28644.009248,2220289424,2220290530,15621,1106
28644.021280,2220298206,2220299280,15728,1074
28644.033298,2220306963,2220308063,15771,1100
28644.052341,2220322397,2220323503,15588,1106
28644.111449,2220364186,2220365294,15953,1108
28644.123469,2220373013,2220374118,15965,1105
28644.135491,2220381804,2220382908,15825,1104
28644.153523,2220395021,2220396127,15624,1106
28644.165552,2220403824,2220404931,15867,1107
28644.213641,2220439022,2220440126,15959,1104
28644.225660,2220447804,2220448902,15628,1098
28644.240694,2220458859,2220459962,15938,1103
28644.252711,2220467696,2220468797,15672,1101
28644.315831,2220513865,2220514970,15632,1105
28644.327860,2220522664,2220523771,16035,1107
28644.339882,2220531531,2220532631,15845,1100
28644.357915,2220544707,2220545815,15966,1108
28644.369934,2220553526,2220554622,15514,1096
28644.418031,2220588688,2220589792,15945,1104
28644.430052,2220597500,2220598609,15852,1109
28644.448087,2220610719,2220611814,15964,1095
28644.460106,2220619525,2220620627,15630,1102
28644.472135,2220628325,2220629435,15952,1110
28644.484158,2220637142,2220638246,15909,1104
28644.496174,2220645926,2220647027,15626,1101
28644.517220,2220661328,2220662438,15945,1110
28644.529241,2220670128,2220671230,15767,1102
28644.553289,2220687744,2220688849,15950,1105
28644.565310,2220696561,2220697669,15967,1108
28644.632441,2220747162,2220748271,15955,1109
28644.649466,2220758145,2220759251,15673,1106
28644.661495,2220766977,2220768082,15963,1105
28644.692558,2220791186,2220792288,15701,1102
28644.736637,2220822030,2220823140,16019,1110
28644.751666,2220833054,2220834162,15948,1108
28644.836837,2220896858,2220897960,15591,1102
28644.856860,2220910063,2220911168,15627,1105
28644.868889,2220918882,2220919985,15903,1103
28644.880913,2220927680,2220928782,15951,1102
28644.904962,2220945290,2220946399,15967,1109
28644.916978,2220954096,2220955206,15964,1110
28644.945039,2220976112,2220977208,15627,1096
28644.986112,2221004685,2221005794,16029,1109
28644.998133,2221013494,2221014596,15971,1102
28645.049232,2221050882,2221051988,15950,1106
28645.061253,2221059689,2221060794,15964,1105
28645.151424,2221125672,2221126786,15971,1114
28645.163443,2221134507,2221135605,15597,1098
28645.175476,2221143315,2221144414,16007,1099
28645.187493,2221152113,2221153227,15971,1114
28645.205527,2221165320,2221166434,16045,1114
28645.217546,2221174099,2221175200,15707,1101
28645.260639,2221207106,2221208213,15626,1107
28645.284679,2221224767,2221225876,15967,1109
28645.364833,2221281990,2221283097,15949,1107
28645.376855,2221290799,2221291899,15949,1100
28645.388872,2221299570,2221300671,15627,1101
28645.400901,2221308355,2221309455,15862,1100
28645.465021,2221356781,2221357884,15961,1103
28645.482056,2221367781,2221368890,15999,1109
28645.494076,2221376584,2221377689,15961,1105
28645.569223,2221431590,2221432692,15712,1102
28645.581244,2221440379,2221441486,15949,1107
28645.641352,2221484395,2221485497,15629,1102
28645.653381,2221493190,2221494289,15959,1099
28645.671419,2221506368,2221507477,16003,1109
28645.683436,2221515210,2221516305,15965,1095
28645.695455,2221523990,2221525101,15628,1111
28645.707484,2221532799,2221533904,15951,1105
28645.719505,2221541591,2221542693,15857,1102
28645.731523,2221550387,2221551489,15593,1102
28645.743555,2221559180,2221560258,15808,1078
28645.764591,2221574559,2221575668,16050,1109
28645.776609,2221583379,2221584479,15671,1100
28645.788639,2221592171,2221593278,16037,1107
28645.800659,2221600999,2221602099,16048,1100
28645.881813,2221660405,2221661514,15968,1109
28645.893834,2221669187,2221670288,15588,1101
28645.944933,2221706614,2221707723,15965,1109
28645.956952,2221715398,2221716499,15555,1101
28645.984006,2221735207,2221736309,15819,1102
28646.089208,2221812193,2221813292,16047,1099
28646.195907,2221890363,2221891463,15622,1100
28646.207936,2221899167,2221900276,15951,1109
28646.219959,2221907979,2221909092,16034,1113
28646.231975,2221916743,2221917849,15630,1106
28646.244007,2221925560,2221926634,15811,1074
28646.256026,2221934374,2221935474,15943,1100
28646.268046,2221943185,2221944284,15831,1099
28646.286078,2221956385,2221957491,15702,1106
28646.298107,2221965183,2221966288,15955,1105
28646.316145,2221978414,2221979521,15995,1107
28646.328162,2221987231,2221988340,15965,1109
28646.340181,2221996017,2221997114,15546,1097
28646.352210,2222004821,2222005929,15945,1108
28646.364231,2222013637,2222014744,15864,1107
28646.376249,2222022452,2222023557,15589,1105
28646.424347,2222057632,2222058737,15948,1105
28646.436368,2222066453,2222067566,15919,1113
28646.448387,2222075233,2222076335,15621,1102
28646.460418,2222084033,2222085110,15878,1077
28646.505502,2222117006,2222118106,16032,1100
28646.517527,2222125839,2222126938,15950,1099
28646.529541,2222134607,2222135700,15632,1093
28646.541571,2222143406,2222144505,15952,1099
28646.553590,2222152204,2222153312,15920,1108
28646.565613,2222161004,2222162113,15823,1109
28646.601678,2222187412,2222188509,15625,1097
28646.613710,2222196206,2222197308,15999,1102
28646.632742,2222211619,2222212724,15958,1105
28646.664801,2222233641,2222234751,15824,1110
28646.676830,2222242440,2222243518,15809,1078
28646.715902,2222270968,2222272068,15951,1100
28646.727918,2222279753,2222280847,15547,1094
28646.739950,2222288556,2222289655,15948,1099
28646.751968,2222297346,2222298445,15879,1099
28646.763990,2222306156,2222307269,15835,1113
28646.776017,2222314977,2222316091,15959,1114
28646.788037,2222323796,2222324898,15964,1102
28646.800055,2222332593,2222333699,15624,1106
28646.812088,2222341420,2222342518,16076,1098
28646.845141,2222365606,2222366698,15702,1092
28646.857170,2222374402,2222375510,16029,1108
28646.890227,2222398623,2222399724,15624,1101
28646.902256,2222407411,2222408519,15861,1108
28646.920291,2222420604,2222421703,15951,1099
28646.932312,2222429466,2222430566,15934,1100
28646.944330,2222438221,2222439322,15549,1101
28646.989415,2222471238,2222472345,15626,1107
28647.001445,2222480019,2222481127,15949,1108
28647.052536,2222517394,2222518500,15625,1106
28647.064569,2222526280,2222527390,15909,1110
28647.112660,2222561836,2222562944,15993,1108
28647.124676,2222570725,2222571827,15786,1102
28647.145718,2222586183,2222587289,15942,1106
28647.157741,2222594986,2222596094,15869,1108
28647.208841,2222632394,2222633497,15984,1103
28647.220859,2222641191,2222642289,15880,1098
28647.256928,2222667577,2222668685,15865,1108
28647.268947,2222676388,2222677485,15604,1097
28647.332067,2222722488,2222723580,15639,1092
28647.344095,2222731297,2222732400,15850,1103
28647.357125,2222742304,2222743404,15835,1100
28647.401203,2222773070,2222774182,16046,1112
28647.413221,2222781860,2222782958,15647,1098
28647.428254,2222792853,2222793966,16044,1113
28647.461322,2222817069,2222818169,16034,1100
28647.473340,2222825877,2222826982,15963,1105
28647.485359,2222834638,2222835730,15561,1092
28647.497387,2222843440,2222844546,15898,1106
28647.509411,2222852247,2222853350,15862,1103
28647.536459,2222872000,2222873099,15961,1099
28647.548479,2222880726,2222881827,15632,1101
28647.560511,2222889583,2222890678,15905,1095
28647.575530,2222900590,2222901691,15608,1101
28647.587558,2222909384,2222910486,15936,1102
28647.599580,2222918178,2222919272,15879,1094
28647.611599,2222926933,2222928026,15566,1093
28647.623627,2222935740,2222936845,15938,1105
28647.656687,2222959927,2222961026,15839,1099
28647.668712,2222968705,2222969813,15854,1108
28647.683736,2222979710,2222980810,15637,1100
28647.695764,2222988501,2222989601,15938,1100
28647.707788,2222997299,2222998398,15862,1099
28647.719804,2223006075,2223007177,15640,1102
28647.731832,2223014860,2223015970,15932,1110
28647.743854,2223023656,2223024763,15957,1107
28647.754383,2223029280,2223030116,14738,836
28647.764331,2223034567,2223035179,12047,612
28647.781429,2223040995,2223042141,16209,1146
28647.793445,2223050158,2223051317,16293,1159
28647.805470,2223059361,2223060515,16235,1154
28647.817496,2223068585,2223069773,16359,1188
28647.829519,2223078002,2223079189,16373,1187
28647.892637,2223127168,2223128356,16375,1188
28647.904659,2223136623,2223137811,16152,1188
28647.916686,2223146045,2223147228,16358,1183
28647.928706,2223155411,2223156597,16374,1186
28647.940725,2223164767,2223165953,15955,1186
28647.955760,2223176582,2223177745,16359,1163
28647.967776,2223185927,2223187117,16040,1190
28647.979811,2223195393,2223196556,16367,1163
28648.015874,2223223524,2223224712,16358,1188
28648.027894,2223232909,2223234090,16377,1181
28648.039913,2223242244,2223243425,16034,1181
28648.051945,2223251679,2223252873,16403,1194
28648.063962,2223261062,2223262250,16277,1188
28648.075982,2223270459,2223271618,16033,1159
28648.133096,2223314933,2223316113,16347,1180
28648.145116,2223324356,2223325547,16356,1191
28648.178182,2223350207,2223351388,16267,1181
28648.190205,2223359803,2223360986,16258,1183
28648.235289,2223395132,2223396326,16372,1194
28648.247315,2223404544,2223405730,16114,1186
28648.260331,2223413596,2223414491,15140,895
28648.272862,2223422217,2223423322,15859,1105
28648.284883,2223431038,2223432143,15962,1105
28648.299917,2223442001,2223443100,16063,1099
28648.311934,2223450783,2223451890,16044,1107
28648.323954,2223459602,2223460709,15628,1107
28648.335982,2223468429,2223469539,15945,1110
28648.348003,2223477269,2223478368,15857,1099
28648.360024,2223486090,2223487193,15598,1103
28648.372051,2223494910,2223496019,16028,1109
28648.384073,2223503754,2223504858,15934,1104
28648.396098,2223512545,2223513647,15709,1102
28648.409123,2223523595,2223524688,16010,1093
28648.432159,2223538984,2223540085,15629,1101
28648.444188,2223547782,2223548881,16024,1099
28648.456210,2223556626,2223557729,15935,1103
28648.468228,2223565398,2223566503,15626,1105
28648.480259,2223574213,2223575287,15805,1074
28648.498294,2223587375,2223588483,15906,1108
28648.531348,2223611566,2223612671,15628,1105
28648.543379,2223620374,2223621448,15802,1074
28648.555399,2223629196,2223630294,15931,1098
28648.567417,2223637975,2223639072,15631,1097
28648.588462,2223653379,2223654479,15941,1100
28648.600487,2223662205,2223663304,15861,1099
28648.621523,2223677644,2223678747,15833,1103
28648.633548,2223686453,2223687547,15942,1094
28648.648574,2223697435,2223698543,15835,1108
28648.660602,2223706244,2223707317,15801,1073
28648.681638,2223721625,2223722725,15877,1100
28648.693664,2223730410,2223731506,15713,1096
28648.705685,2223739215,2223740319,15943,1104
28648.732737,2223759011,2223760118,15939,1107
28648.744758,2223767830,2223768932,15855,1102
28648.759790,2223778830,2223779907,15795,1077
28648.795860,2223805166,2223806269,15903,1103
28648.807878,2223813996,2223815104,15879,1108
28648.819897,2223822775,2223823872,15516,1097
28648.831926,2223831588,2223832693,15859,1105
28648.843947,2223840401,2223841499,15851,1098
28648.855965,2223849208,2223850314,15593,1106
28648.867999,2223858063,2223859162,15961,1099
28648.880015,2223866852,2223867961,15969,1109
28648.898052,2223880066,2223881171,15948,1105
28648.910068,2223888841,2223889938,15631,1097
28648.925100,2223899839,2223900944,16050,1105
28648.937119,2223908610,2223909717,15627,1107
28648.952153,2223919658,2223920760,15930,1102
28648.964171,2223928439,2223929546,15629,1107
28648.976202,2223937265,2223938374,15954,1109
28648.988222,2223946107,2223947205,15848,1098
28649.000239,2223954875,2223955975,15623,1100
28649.012269,2223963695,2223964794,15853,1099
28649.045328,2223987874,2223988980,15828,1106
28649.057355,2223996691,2223997800,15947,1109
28649.069375,2224005513,2224006622,15967,1109
28649.081396,2224014274,2224015380,15631,1106
28649.096429,2224025287,2224026395,15948,1108
28649.108445,2224034060,2224035156,15704,1096
28649.148529,2224064885,2224065998,16012,1113
28649.177581,2224084691,2224085802,16046,1111
28649.189608,2224093475,2224094576,15715,1101
28649.201629,2224102273,2224103383,15945,1110
28649.213651,2224111121,2224112224,15934,1103
28649.225669,2224119929,2224121028,15598,1099
28649.237697,2224128726,2224129825,15947,1099
28649.252720,2224139722,2224140822,15584,1100
28649.264749,2224148525,2224149637,15860,1112
28649.279771,2224159513,2224160619,15631,1106
28649.339890,2224203477,2224204577,15934,1100
28649.351908,2224212284,2224213388,15396,1104
28649.363937,2224221079,2224222187,15857,1108
28649.375958,2224229901,2224231011,15963,1110
28649.387985,2224238683,2224239789,15629,1106
28649.400006,2224247490,2224248594,15945,1104
28649.412029,2224256294,2224257397,15960,1103
28649.424045,2224265063,2224266160,15552,1097
28649.436075,2224273858,2224274962,15944,1104
28649.454109,2224287074,2224288178,15940,1104
28649.466130,2224295885,2224296987,15879,1102
28649.493184,2224315707,2224316805,15954,1098
28649.505200,2224324506,2224325608,15569,1102
28649.532251,2224344289,2224345388,15629,1099
28649.544284,2224353098,2224354205,15871,1107
28649.556301,2224361913,2224363011,15971,1098
28649.568320,2224370692,2224371791,15554,1099
28649.595372,2224390468,2224391574,15635,1106
28649.607400,2224399273,2224400377,15948,1104
28649.619422,2224408117,2224409219,15879,1102
28649.631440,2224416920,2224418025,15520,1105
28649.643473,2224425740,2224426833,15958,1093
28649.655490,2224434543,2224435643,15973,1100
28649.667509,2224443348,2224444450,15599,1102
28649.679540,2224452130,2224453203,15722,1073
28649.691561,2224460896,2224462001,15865,1105
28649.703577,2224469673,2224470775,15628,1102
28649.736644,2224493909,2224495022,15759,1113
28649.748663,2224502722,2224503818,15600,1096
28649.769709,2224518131,2224519231,15951,1100
28649.781730,2224526940,2224528038,15966,1098
28649.811783,2224548919,2224550026,15707,1107
28649.823818,2224557778,2224558883,15957,1105
28649.835833,2224566571,2224567673,15857,1102
28649.847852,2224575377,2224576469,15519,1092
28649.859880,2224584151,2224585248,15858,1097
28649.871901,2224592935,2224594033,15879,1098
28649.883928,2224601706,2224602817,15632,1111
28649.895949,2224610494,2224611602,15859,1108
28649.907970,2224619310,2224620408,15877,1098
28649.919989,2224628076,2224629182,15551,1106
28649.932018,2224636880,2224637983,15854,1103
28649.944040,2224645726,2224646824,15933,1098
28649.956057,2224654501,2224655597,15624,1096
28649.968088,2224663296,2224664370,15802,1074
28649.980107,2224672097,2224673200,15966,1103
28650.022189,2224702817,2224703915,15949,1098
28650.034210,2224711839,2224712949,15841,1110
28650.046228,2224720645,2224721747,15673,1102
28650.127383,2224780000,2224781104,15629,1104
28650.139416,2224788826,2224789926,15965,1100
28650.151433,2224797620,2224798728,16042,1108
28650.184501,2224821811,2224822914,16070,1103
28650.196519,2224830604,2224831702,15965,1098
28650.208537,2224839385,2224840491,15634,1106
28650.229584,2224854797,2224855905,16021,1108
28650.241608,2224863810,2224864913,15950,1103
28650.271658,2224885783,2224886875,15635,1092
28650.283690,2224894574,2224895682,16073,1108
28650.295707,2224903389,2224904497,15970,1108
28650.307726,2224912170,2224913275,15630,1105
28650.319755,2224920943,2224922045,15952,1102
28650.331776,2224929744,2224930856,15856,1112
28650.385881,2224969366,2224970479,15946,1113
28650.397898,2224978150,2224979247,15631,1097
28650.409926,2224986928,2224988030,15857,1102
28650.421948,2224995720,2224996818,15886,1098
28650.433969,2225004546,2225005645,15842,1099
28650.446000,2225013463,2225014563,16040,1100
28650.458016,2225022278,2225023382,15968,1104
28650.500098,2225053030,2225054138,15946,1108
28650.512119,2225061810,2225062918,15969,1108
28650.524137,2225070581,2225071683,15628,1102
28650.542172,2225083801,2225084896,15596,1095
28650.554201,2225092587,2225093697,15942,1110
28650.566222,2225101392,2225102490,15880,1098
28650.578249,2225110146,2225111246,15714,1100
28650.590269,2225118914,2225120023,15943,1109
28650.611308,2225134325,2225135439,15966,1114
28650.623326,2225143111,2225144218,15627,1107
28650.644372,2225158534,2225159644,16026,1110
28650.656394,2225167364,2225168467,15969,1103
28650.668412,2225176129,2225177226,15632,1097
28650.695464,2225195900,2225197005,15628,1105
28650.707493,2225204711,2225205819,15947,1108
28650.719513,2225213507,2225214615,15968,1108
28650.737549,2225226732,2225227844,16009,1112
28650.749566,2225235514,2225236611,15707,1097
28650.836737,2225299357,2225300455,15931,1098
28650.848755,2225308081,2225309177,15549,1096
28650.863788,2225319107,2225320216,15967,1109
28650.875814,2225327930,2225329020,15602,1090
28650.887835,2225336719,2225337821,15941,1102
28650.920892,2225360858,2225361958,15631,1100
28650.932925,2225369693,2225370792,15958,1099
28650.953959,2225385103,2225386201,15960,1098
28650.965980,2225393855,2225394965,15629,1110
28650.984012,2225407045,2225408146,15631,1101
28651.050144,2225455442,2225456545,15946,1103
28651.062166,2225464254,2225465357,15963,1103
28651.074191,2225473050,2225474161,15792,1111
28651.167367,2225541207,2225542320,16023,1113
28651.179391,2225550014,2225551116,15956,1102
28651.191406,2225558802,2225559907,15628,1105
28651.203438,2225567606,2225568683,15801,1077
28651.221470,2225580738,2225581832,15937,1094
28651.233492,2225589570,2225590678,15930,1108
28651.260542,2225609334,2225610437,15963,1103
28651.272569,2225618140,2225619240,15676,1100
28651.293607,2225633538,2225634643,15989,1105
28651.308630,2225644515,2225645609,15629,1094
28651.320658,2225653296,2225654400,15858,1104
28651.383778,2225699490,2225700593,15941,1103
28651.395799,2225708287,2225709387,15962,1100
28651.407818,2225717055,2225718150,15552,1095
28651.419847,2225725857,2225726962,15942,1105
28651.440885,2225741278,2225742371,15963,1093
28651.452904,2225750051,2225751156,15629,1105
28651.467936,2225761061,2225762160,15965,1099
28651.479955,2225769883,2225770975,15585,1092
28651.491985,2225778672,2225779773,15944,1101
28651.504007,2225787487,2225788591,15963,1104
28651.516024,2225796257,2225797357,15625,1100
28651.528057,2225805075,2225806179,15964,1104
28651.540073,2225813897,2225814996,15971,1099
28651.552093,2225822669,2225823771,15637,1102
28651.564121,2225831464,2225832577,15939,1113
28651.582156,2225844631,2225845730,16020,1099
28651.594177,2225853441,2225854545,15968,1104
28651.612211,2225866637,2225867736,16041,1099
28651.624233,2225875440,2225876534,15911,1094
28651.636259,2225884229,2225885327,16027,1098
28651.648280,2225893002,2225894101,15876,1099
28651.660298,2225901773,2225902884,15626,1111
28651.672330,2225910568,2225911666,15900,1098
28651.687350,2225921607,2225922713,15598,1106
28651.699378,2225930396,2225931495,15860,1099
28651.711399,2225939195,2225940303,15963,1108
28651.723421,2225948007,2225949106,15830,1099
28651.735448,2225956804,2225957907,15947,1103
28651.747469,2225965600,2225966699,15968,1099
28651.759490,2225974425,2225975528,15833,1103
28651.771519,2225983215,2225984318,15999,1103
28651.789550,2225996385,2225997483,15943,1098
28651.801571,2226005164,2226006262,15965,1098
28651.828624,2226024937,2226026041,15931,1104
28651.840641,2226033707,2226034803,15628,1096
28651.879721,2226062242,2226063350,15941,1108
28651.891744,2226071100,2226072206,15934,1106
28651.903765,2226079944,2226081038,15830,1094
28651.928824,2226099706,2226100806,15593,1100
28651.969896,2226128230,2226129333,16073,1103
28651.981914,2226137011,2226138110,16004,1099
28651.993933,2226145768,2226146868,15629,1100
28652.033014,2226174406,2226175504,16034,1098
28652.045034,2226183199,2226184298,15968,1099
28652.072088,2226202980,2226204083,15955,1103
28652.084104,2226211744,2226212841,15630,1097
28652.096133,2226220548,2226221642,15944,1094
28652.108154,2226229345,2226230437,15879,1092
28652.126190,2226242536,2226243635,15945,1099
28652.138207,2226251340,2226252435,15597,1095
28652.231391,2226319428,2226320531,16028,1103
28652.243412,2226328218,2226329322,15966,1104
28652.255430,2226337022,2226338121,15590,1099
28652.273464,2226350224,2226351320,15620,1096
28652.285496,2226359002,2226360079,15809,1077
28652.327568,2226389766,2226390867,15594,1101
28652.339601,2226398593,2226399697,15953,1104
28652.351616,2226407469,2226408579,15836,1110
28652.363645,2226416347,2226417451,15863,1104
28652.375669,2226425198,2226426301,15992,1103
28652.387685,2226434055,2226435165,15788,1110
28652.399713,2226442924,2226444027,15823,1103
28652.411738,2226451763,2226452865,15990,1102
28652.423755,2226460578,2226461681,15932,1103
28652.435773,2226469364,2226470466,15553,1102
28652.447807,2226478199,2226479303,15964,1104
28652.459823,2226486993,2226488101,15877,1108
28652.480859,2226502370,2226503481,15625,1111
28652.492889,2226511174,2226512283,16035,1109
28652.508922,2226524413,2226525516,16024,1103
28652.568032,2226566201,2226567304,16034,1103
28652.580047,2226575006,2226576105,15591,1099
28652.592077,2226583787,2226584885,15948,1098
28652.604097,2226592549,2226593657,15964,1108
28652.616119,2226601342,2226602444,15740,1102
28652.628145,2226610117,2226611219,15947,1102
28652.640166,2226618901,2226619995,15971,1094
28652.652185,2226627661,2226628763,15634,1102
28652.664217,2226636440,2226637543,15999,1103
28652.676234,2226645223,2226646332,15878,1109
28652.688253,2226654001,2226655102,15623,1101
28652.700282,2226662797,2226663900,15945,1103
28652.712303,2226671649,2226672752,15837,1103
28652.724322,2226680446,2226681544,15594,1098
28652.745368,2226695803,2226696905,15947,1102
28652.757389,2226704591,2226705689,15964,1098
28652.787443,2226726524,2226727616,15630,1092
28652.799471,2226735318,2226736417,15947,1099
28652.811492,2226744099,2226745201,15855,1102
28652.823511,2226752902,2226753999,15597,1097
28652.835540,2226761669,2226762762,15954,1093
28652.856577,2226777016,2226778109,15959,1093
28652.868596,2226785798,2226786898,15546,1100
28652.883629,2226796774,2226797882,15875,1108
28652.895648,2226805571,2226806671,15626,1100
28652.907679,2226814376,2226815482,15972,1106
28652.919699,2226823184,2226824282,15940,1098
28652.931716,2226831949,2226833054,15631,1105
28652.943745,2226840733,2226841831,15951,1098
28652.955766,2226849526,2226850630,16046,1104
28652.967785,2226858279,2226859381,15705,1102
28652.979814,2226867076,2226868184,16027,1108
28653.000852,2226882434,2226883542,15960,1108
28653.012873,2226891228,2226892327,15740,1099
28653.097037,2226952683,2226953786,15953,1103
28653.109058,2226961454,2226962567,15858,1113
28653.121076,2226970281,2226971385,15592,1104
28653.193214,2227022976,2227024085,15626,1109
28653.205243,2227031778,2227032886,15956,1108
28653.217265,2227040614,2227041712,15936,1098
28653.229282,2227049376,2227050481,15545,1105
28653.256342,2227069133,2227070229,15709,1096
28653.268365,2227077913,2227078990,15723,1077
28653.283385,2227088834,2227089929,15621,1095
28653.308444,2227108625,2227109729,15825,1104
28653.328471,2227121847,2227122947,15594,1100
28653.340500,2227130639,2227131750,15909,1111
28653.352521,2227139413,2227140511,15964,1098
28653.412642,2227183352,2227184450,15963,1098
28653.424658,2227192152,2227193250,15874,1098
28653.512829,2227258078,2227259177,15930,1099
28653.524858,2227266861,2227267951,15628,1090
28653.553907,2227286598,2227287698,15707,1100
28653.565929,2227295390,2227296499,15906,1109
28653.617019,2227332735,2227333840,15588,1105
28653.629049,2227341533,2227342636,15905,1103
28653.704189,2227396419,2227397517,15851,1098
28653.716209,2227405179,2227406284,15596,1105
28653.728240,2227413968,2227415075,15972,1107
28653.740258,2227422742,2227423839,15964,1097
28653.761294,2227438109,2227439210,15621,1101
28653.773323,2227446885,2227447976,15862,1091
28653.800375,2227466617,2227467720,15951,1103
28653.815397,2227477621,2227478720,15596,1099
28653.827426,2227486405,2227487513,15944,1108
28653.839447,2227495231,2227496330,15966,1099
28653.851473,2227504005,2227505101,15712,1096
28653.863497,2227512772,2227513849,15805,1077
28653.875515,2227521537,2227522635,16051,1098
28653.887534,2227530309,2227531414,15627,1105
28653.899563,2227539092,2227540200,16028,1108
28653.911585,2227547945,2227549039,16016,1094
28653.923603,2227556708,2227557806,15631,1098
28653.935636,2227565535,2227566634,15972,1099
28653.947654,2227574327,2227575426,15964,1099
28653.959671,2227583101,2227584200,15620,1099
28653.971701,2227591890,2227592988,15955,1098
28653.983722,2227600714,2227601807,15935,1093
28654.044838,2227646808,2227647907,16044,1099
28654.134010,2227710444,2227711552,15953,1108
28654.146031,2227719285,2227720385,16016,1100
28654.158048,2227728038,2227729138,15623,1100
28654.173082,2227739035,2227740142,15964,1107
28654.209151,2227765447,2227766555,15934,1108
28654.221169,2227774205,2227775296,15629,1091
28654.251235,2227796176,2227797279,15990,1103
28654.266254,2227807139,2227808244,15626,1105
28654.281286,2227818147,2227819251,15962,1104
28654.293306,2227826919,2227828019,15626,1100
28654.341404,2227861990,2227863099,15951,1109
28654.353427,2227870845,2227871953,15949,1108
28654.365443,2227879624,2227880720,15627,1096
28654.377472,2227888408,2227889511,15947,1103
28654.389492,2227897220,2227898321,15960,1101
28654.443596,2227936696,2227937789,15959,1093
28654.455614,2227945462,2227946567,15544,1105
28654.467644,2227954269,2227955372,15954,1103
28654.479664,2227963054,2227964155,15963,1101
28654.497698,2227976229,2227977331,15847,1102
28654.509717,2227985005,2227986099,15592,1094
28654.548801,2228013573,2228014676,15991,1103
28654.560820,2228022407,2228023501,15931,1094
28654.632956,2228075111,2228076210,15967,1099
28654.644982,2228083886,2228084991,15787,1105
28654.660007,2228094887,2228095990,15965,1103
28654.729141,2228145387,2228146495,15956,1108
28654.741161,2228154171,2228155276,15960,1105
28654.753180,2228162934,2228164030,15622,1096
28654.768213,2228173934,2228175037,15963,1103
28654.792262,2228191483,2228192591,15952,1108
28654.804283,2228200325,2228201428,15848,1103
28654.816300,2228209090,2228210180,15626,1090
28654.828330,2228217862,2228218961,15957,1099
28654.873415,2228250712,2228251813,15944,1101
28654.885435,2228259498,2228260601,15962,1103
28654.921504,2228285875,2228286971,15961,1096
28654.933523,2228294604,2228295705,15546,1101
28654.951558,2228307778,2228308878,15549,1100
28654.963593,2228316617,2228317716,16027,1099
28654.975607,2228325403,2228326506,15963,1103
28654.987628,2228334187,2228335289,15626,1102
28654.999660,2228342993,2228344096,15876,1103
28655.020693,2228358364,2228359463,15957,1099
28655.032712,2228367123,2228368213,15551,1090
28655.047747,2228378079,2228379173,15905,1094
28655.059763,2228386813,2228387906,15585,1093
28655.071795,2228395585,2228396658,15807,1073
28655.083813,2228404351,2228405450,15964,1099
28655.095834,2228413125,2228414228,15820,1103
28655.164967,2228463569,2228464663,15961,1094
28655.176986,2228472317,2228473418,15620,1101
28655.189015,2228481084,2228482185,15953,1101
28655.201037,2228489887,2228490990,15938,1103
28655.213054,2228498663,2228499759,15627,1096
28655.303226,2228564479,2228565574,15595,1095
28655.318259,2228575467,2228576570,15966,1103
28655.333290,2228586435,2228587533,15953,1098
28655.372362,2228614955,2228616060,15961,1105
28655.384381,2228623687,2228624782,15623,1095
28655.396414,2228632510,2228633618,15963,1108
28655.411432,2228643476,2228644578,15628,1102
28655.423462,2228652270,2228653368,15950,1098
28655.435482,2228661059,2228662158,15967,1099
28655.447501,2228669790,2228670885,15629,1095
28655.465535,2228682926,2228684026,15621,1100
28655.477564,2228691711,2228692819,15862,1108
28655.516636,2228720261,2228721363,15961,1102
28655.531667,2228731212,2228732320,15941,1108
28655.543691,2228740008,2228741112,15904,1104
28655.555707,2228748777,2228749879,15589,1102
28655.567736,2228757576,2228758675,15953,1099
28655.579756,2228766348,2228767447,15878,1099
28655.591778,2228775151,2228776255,15821,1104
28655.603805,2228783923,2228785017,15953,1094
28655.615826,2228792738,2228793837,15935,1099
28655.627844,2228801500,2228802605,15629,1105
28655.721027,2228869605,2228870701,15952,1096
28655.733048,2228878399,2228879501,15965,1102
28655.745067,2228887158,2228888258,15627,1100
28655.796170,2228924471,2228925569,15934,1098
28655.808187,2228933227,2228934332,15583,1105
28655.820218,2228942006,2228943079,15807,1073
28655.832237,2228950775,2228951868,15882,1093
28655.844255,2228959548,2228960647,15593,1099
28655.859288,2228970534,2228971637,15959,1103
28655.889343,2228992467,2228993564,15824,1097
28655.901370,2229001249,2229002352,15949,1103
28655.913391,2229010019,2229011121,15962,1102
28655.940445,2229029744,2229030852,15947,1108
28655.952461,2229038505,2229039610,15543,1105
28655.985528,2229062649,2229063751,15851,1102
28655.997547,2229071443,2229072538,15514,1095
28656.009576,2229080222,2229081324,16027,1102
28656.021596,2229089027,2229090132,15969,1105
28656.033624,2229097789,2229098889,15714,1100
28656.048648,2229108801,2229109903,16051,1102
28656.060667,2229117593,2229118700,15593,1107
28656.148846,2229183385,2229184479,15622,1094
28656.165871,2229194379,2229195482,15959,1103
28656.177890,2229203127,2229204227,15624,1100
28656.204941,2229222889,2229223987,15702,1098
28656.216972,2229231666,2229232762,15968,1096
28656.241010,2229249208,2229250313,15629,1105
28656.253039,2229258000,2229259102,15948,1102
28656.328179,2229312884,2229313987,15964,1103
28656.340198,2229321648,2229322739,15541,1091
28656.358233,2229334793,2229335893,15620,1100
28656.370262,2229343566,2229344660,15951,1094
28656.415348,2229376458,2229377561,15945,1103
28656.427370,2229385293,2229386387,15891,1094
28656.439387,2229394054,2229395156,15625,1102
28656.457421,2229407219,2229408318,15623,1099
28656.469450,2229416003,2229417107,15948,1104
28656.565627,2229486236,2229487331,15623,1095
28656.577661,2229495041,2229496137,15960,1096
28656.619730,2229525752,2229526848,15629,1096
28656.631763,2229534557,2229535656,16000,1099
28656.667828,2229560893,2229561992,15947,1099
28656.679848,2229569682,2229570790,15849,1108
28656.691867,2229578480,2229579580,15593,1100
28656.703897,2229587270,2229588368,15956,1098
28656.715917,2229596043,2229597142,15967,1099
28656.727944,2229604829,2229605925,15680,1096
28656.739965,2229613599,2229614711,15948,1112
28656.751985,2229622391,2229623488,15964,1097
28656.764004,2229631150,2229632250,15631,1100
28656.782041,2229644311,2229645418,15819,1107
28656.794070,2229653092,2229654191,15952,1099
28656.824123,2229675023,2229676125,15963,1102
28656.836142,2229683837,2229684938,15607,1101
28656.848170,2229692640,2229693748,15848,1108
28656.866204,2229705785,2229706886,15930,1101
28656.878225,2229714575,2229715683,15864,1108
28656.893256,2229725578,2229726686,15939,1108
28656.905277,2229734359,2229735464,15960,1105
28656.924332,2229743586,2229744199,12023,613
28656.969900,2229771211,2229772359,16341,1148
28656.984925,2229782701,2229783847,16049,1146
28656.996952,2229791919,2229793096,16248,1177
28657.008974,2229801151,2229802328,16286,1177
28657.020993,2229810356,2229811503,16052,1147
28657.042039,2229826489,2229827637,16351,1148
28657.054060,2229835728,2229836908,16371,1180
28657.066079,2229844969,2229846125,16034,1156
28657.117180,2229884405,2229885593,16327,1188
28657.129202,2229893674,2229894826,16150,1152
28657.180303,2229932929,2229934088,16443,1159
28657.192319,2229942170,2229943345,16029,1175
28657.231404,2229972206,2229973399,16439,1193
28657.243421,2229981907,2229983064,16426,1157
28657.255439,2229991135,2229992320,16029,1185
28657.267469,2230000371,2230001527,16460,1156
28657.279490,2230009659,2230010817,16343,1158
28657.291508,2230018933,2230020088,16115,1155
28657.303536,2230028150,2230029301,16360,1151
28657.315557,2230037343,2230038536,16378,1193
28657.327579,2230046606,2230047753,16248,1147
28657.348624,2230062918,2230064075,16207,1157
28657.360643,2230072138,2230073287,16457,1149
28657.417747,2230116537,2230117691,16036,1154
28657.428273,2230123204,2230124094,15350,890
28657.440294,2230131842,2230132950,15826,1108
28657.452320,2230140656,2230141759,15951,1103
28657.464340,2230149461,2230150569,15962,1108
28657.476362,2230158292,2230159397,15848,1105
28657.488392,2230167129,2230168241,15989,1112
28657.500409,2230175962,2230177068,15971,1106
28657.512428,2230184744,2230185848,15632,1104
28657.536477,2230202389,2230203495,15961,1106
28657.548496,2230211168,2230212273,15629,1105
28657.560526,2230219952,2230221061,16030,1109
28657.572546,2230228745,2230229849,15851,1104
28657.593582,2230244134,2230245225,15631,1091
28657.605613,2230252907,2230253980,15804,1073
28657.620643,2230263869,2230264970,15906,1101
28657.632662,2230272664,2230273772,15901,1108
28657.656702,2230290210,2230291310,15629,1100
28657.668731,2230298988,2230300090,15859,1102
28657.683754,2230309976,2230311067,15676,1091
28657.695782,2230318742,2230319835,15944,1093
28657.707803,2230327555,2230328658,15924,1103
28657.719830,2230336333,2230337432,15600,1099
28657.731851,2230345121,2230346214,15945,1093
28657.749887,2230358268,2230359343,15796,1075
28657.761906,2230367025,2230368133,15879,1108
28657.797975,2230393415,2230394513,15967,1098
28657.809994,2230402214,2230403314,15595,1100
28657.822026,2230410980,2230412089,15995,1109
28657.834043,2230419778,2230420874,15961,1096
28657.846062,2230428528,2230429624,15628,1096
28657.858091,2230437337,2230438446,15940,1109
28657.876129,2230450539,2230451646,15956,1107
28657.897163,2230465926,2230467026,15963,1100
28657.909182,2230474699,2230475794,15626,1095
28657.921215,2230483478,2230484577,16003,1099
28657.933232,2230492291,2230493385,15966,1094
28657.945251,2230501020,2230502125,15632,1105
28657.957280,2230509816,2230510919,15941,1103
28657.969300,2230518590,2230519677,15767,1087
28657.981319,2230527370,2230528463,15592,1093
28658.000364,2230542719,2230543816,15947,1097
28658.020403,2230555889,2230556986,15987,1097
28658.032421,2230564679,2230565780,15961,1101
28658.053457,2230580027,2230581120,15553,1093
28658.065486,2230588828,2230589929,15945,1101
28658.077510,2230597671,2230598779,15933,1108
28658.101554,2230615235,2230616339,15948,1104
28658.113575,2230624017,2230625124,15966,1107
28658.137623,2230641546,2230642648,16030,1102
28658.149643,2230650311,2230651417,16044,1106
28658.173695,2230667886,2230668990,15956,1104
28658.185712,2230676685,2230677778,15962,1093
28658.197731,2230685434,2230686534,15630,1100
28658.215773,2230698574,2230699675,15714,1101
28658.227794,2230707367,2230708470,15943,1103
28658.239815,2230716147,2230717246,15965,1099
28658.257849,2230729314,2230730418,15957,1104
28658.269871,2230738113,2230739223,15829,1110
28658.299932,2230760064,2230761162,15950,1098
28658.311952,2230768851,2230769960,15878,1109
28658.329986,2230781993,2230783095,15957,1102
28658.378074,2230817091,2230818196,15595,1105
28658.390103,2230825857,2230826961,15859,1104
28658.409138,2230841200,2230842302,15963,1102
28658.429175,2230854380,2230855480,15964,1100
28658.441194,2230863166,2230864271,15594,1105
28658.456226,2230874152,2230875259,15957,1107
28658.474262,2230887376,2230888483,16014,1107
28658.496327,2230904935,2230906034,15945,1099
28658.513339,2230915897,2230916996,15703,1099
28658.525360,2230924686,2230925793,15902,1107
28658.537381,2230933471,2230934571,15878,1100
28658.549400,2230942263,2230943362,15597,1099
28658.561428,2230951037,2230952138,15860,1101
28658.573451,2230959829,2230960933,15847,1104
28658.585468,2230968602,2230969690,15626,1088
28658.597499,2230977387,2230978496,15945,1109
28658.612530,2230988369,2230989482,15909,1113
28658.624549,2230997173,2230998270,15942,1097
28658.636570,2231005938,2231007031,15969,1093
28658.651602,2231016912,2231017988,15802,1076
28658.663621,2231025659,2231026758,15858,1099
28658.675640,2231034459,2231035564,15627,1105
28658.687669,2231043204,2231044304,16029,1100
28658.699689,2231051970,2231053069,15968,1099
28658.711716,2231060748,2231061851,15715,1103
28658.729743,2231073901,2231074992,15622,1091
28658.741771,2231082680,2231083788,15857,1108
28658.759806,2231095832,2231096930,15947,1098
28658.771828,2231104626,2231105725,15930,1099
28658.783845,2231113390,2231114481,15633,1091
28658.795875,2231122156,2231123258,15947,1102
28658.874017,2231179154,2231180247,15593,1093
28658.886052,2231187967,2231189076,16040,1109
28658.898067,2231196760,2231197853,15970,1093
28658.922115,2231214301,2231215399,16020,1098
28658.934135,2231223084,2231224186,15921,1102
28658.985234,2231260383,2231261480,15946,1097
28658.997255,2231269165,2231270264,15963,1099
28659.009282,2231277920,2231279015,15712,1095
28659.021303,2231286687,2231287789,15939,1102
28659.048355,2231306411,2231307512,15944,1101
28659.063380,2231317385,2231318486,15827,1101
28659.084423,2231332754,2231333853,15953,1099
28659.096445,2231341573,2231342675,15932,1102
28659.108471,2231350335,2231351431,15712,1096
28659.177598,2231400789,2231401888,15969,1099
28659.189617,2231409523,2231410618,15550,1095
28659.219681,2231431450,2231432551,15941,1101
28659.231701,2231440211,2231441318,15964,1107
28659.249735,2231453366,2231454463,16039,1097
28659.261757,2231462133,2231463236,15912,1103
28659.291818,2231484030,2231485125,16022,1095
28659.303841,2231492835,2231493940,15938,1105
28659.315858,2231501627,2231502728,15518,1101
28659.327886,2231510390,2231511503,15945,1113
28659.339907,2231519182,2231520281,15965,1099
28659.351923,2231527954,2231529049,15593,1095
28659.363959,2231536731,2231537829,15986,1098
28659.400023,2231562997,2231564096,15951,1099
28659.412047,2231571782,2231572883,15951,1101
28659.424066,2231580523,2231581619,15663,1096
28659.436094,2231589262,2231590364,15950,1102
28659.448113,2231598021,2231599115,15961,1094
28659.460135,2231606761,2231607863,15831,1102
28659.472163,2231615520,2231616619,15996,1099
28659.484181,2231624315,2231625412,15962,1097
28659.496200,2231633068,2231634159,15631,1091
28659.508232,2231641814,2231642911,16035,1097
28659.526268,2231655016,2231656115,16041,1099
28659.538284,2231663786,2231664883,15961,1097
28659.625456,2231727428,2231728530,16043,1102
28659.637473,2231736195,2231737299,15968,1104
28659.700593,2231782257,2231783354,15960,1097
28659.712612,2231791000,2231792097,15625,1097
28659.724641,2231799742,2231800836,15947,1094
28659.748681,2231817260,2231818363,15628,1103
28659.760714,2231826093,2231827191,15963,1098
28659.848880,2231891722,2231892824,15944,1102
28659.868915,2231904862,2231905954,15944,1092
28659.880936,2231913641,2231914743,16045,1102
28659.892958,2231922384,2231923480,15743,1096
28659.914001,2231937673,2231938780,16030,1107
28659.926023,2231946445,2231947538,15959,1093
28659.938044,2231955174,2231956274,15642,1100
28659.950069,2231963970,2231965066,15946,1096
28659.962092,2231972760,2231973862,15930,1102
28659.992143,2231994646,2231995741,15707,1095
28660.010178,2232007780,2232008881,15630,1101
28660.022206,2232016549,2232017651,15943,1102
28660.068328,2232051635,2232052737,15925,1102
28660.109366,2232080105,2232081205,15631,1100
28660.121395,2232088859,2232089954,15942,1095
28660.139429,2232102042,2232103140,15948,1098
28660.151450,2232110776,2232111869,15936,1093
28660.163470,2232119538,2232120637,15593,1099
28660.175498,2232128278,2232129373,16030,1095
28660.187519,2232137021,2232138111,15966,1090
28660.208558,2232152299,2232153366,15856,1067
28660.220584,2232161024,2232162113,15941,1089
28660.236617,2232174116,2232175214,15949,1098
28660.280692,2232204754,2232205850,15705,1096
28660.292721,2232213526,2232214619,15951,1093
28660.328790,2232239802,2232240897,16027,1095
28660.340812,2232248594,2232249683,15928,1089
28660.380892,2232279202,2232280296,15963,1094
28660.424970,2232309805,2232310906,15651,1101
28660.436995,2232318557,2232319652,15859,1095
28660.449016,2232327296,2232328396,15849,1100
28660.485085,2232353605,2232354698,15967,1093
28660.497115,2232362357,2232363431,15882,1074
28660.536184,2232390800,2232391905,15948,1105
28660.548205,2232399639,2232400740,15844,1101
28660.566239,2232412801,2232413899,15919,1098
28660.578258,2232421518,2232422623,15634,1105
28660.593291,2232432484,2232433573,15958,1089
28660.605315,2232441218,2232442315,15771,1097
28660.680458,2232495897,2232496995,15949,1098
28660.692480,2232504682,2232505774,15879,1092
28660.716527,2232522195,2232523297,15942,1102
28660.728548,2232530997,2232532101,15875,1104
28660.740567,2232539725,2232540817,15633,1092
28660.752600,2232548517,2232549617,15869,1100
28660.776636,2232565975,2232567071,15554,1096
28660.788664,2232574743,2232575841,15854,1098
28660.800688,2232583492,2232584598,15945,1106
28660.812704,2232592230,2232593322,15553,1092
28660.869819,2232633762,2232634869,15946,1107
28660.881840,2232642511,2232643611,15970,1100
28660.900887,2232657776,2232658882,15717,1106
28660.935942,2232681865,2232682971,16046,1106
28660.947964,2232690635,2232691735,15761,1100
28660.984033,2232716856,2232717952,15649,1096
28661.002064,2232729987,2232731088,15550,1101
28661.014093,2232738741,2232739838,15946,1097
28661.026113,2232747500,2232748595,15959,1095
28661.053167,2232767233,2232768335,15905,1102
28661.065184,2232775980,2232777077,15547,1097
28661.080216,2232786936,2232788038,15957,1102
28661.107268,2232806586,2232807676,15965,1090
28661.119287,2232815356,2232816452,15599,1096
28661.131316,2232824101,2232825189,15941,1088
28661.143337,2232832865,2232833963,15843,1098
28661.155360,2232841669,2232842768,15828,1099
28661.167385,2232850413,2232851514,15943,1101
28661.179406,2232859179,2232860268,15964,1089
28661.191432,2232867935,2232869033,15790,1098
28661.203453,2232876697,2232877799,16033,1102
28661.215474,2232885457,2232886552,15964,1095
28661.227495,2232894164,2232895256,15626,1092
28661.239523,2232902928,2232904036,15953,1108
28661.251544,2232911726,2232912819,15934,1093
28661.263561,2232920443,2232921529,15629,1086
28661.275591,2232929183,2232930290,15868,1107
28661.287611,2232937947,2232939042,15963,1095
28661.299630,2232946667,2232947759,15625,1092
28661.311659,2232955420,2232956515,15881,1095
28661.323675,2232964160,2232965256,15882,1096
28661.335702,2232972874,2232973984,15641,1110
28661.356745,2232988211,2232989313,15907,1102
28661.368764,2232997020,2232998127,15834,1107
28661.380785,2233005758,2233006853,15591,1095
28661.392817,2233014486,2233015581,16001,1095
28661.407836,2233025401,2233026493,15625,1092
28661.437899,2233047235,2233048334,15946,1099
28661.449921,2233056016,2233057103,15928,1087
28661.461942,2233064733,2233065829,15634,1096
28661.540092,2233121509,2233122611,15859,1102
28661.552110,2233130259,2233131356,15594,1097
28661.564140,2233138999,2233140099,15951,1100
28661.642285,2233195912,2233197010,15827,1098
28661.693385,2233233156,2233234255,16032,1099
28661.705402,2233241880,2233242972,15700,1092
28661.747484,2233272452,2233273550,15680,1098
28661.759507,2233281165,2233282235,15849,1070
28661.771534,2233289880,2233290979,15952,1099
28661.783556,2233298710,2233299811,15938,1101
28661.795573,2233307432,2233308529,15627,1097
28661.807602,2233316162,2233317260,15949,1098
28661.819618,2233324926,2233326030,15872,1104
28661.856700,2233353362,2233354461,15670,1099
28661.897774,2233381733,2233382837,15953,1104
28661.909795,2233390498,2233391587,15970,1089
28661.927828,2233403586,2233404685,15968,1099
28661.939853,2233412322,2233413425,15867,1103
28661.951877,2233421060,2233422150,16035,1090
28661.963897,2233429791,2233430880,16051,1089
28661.975920,2233438538,2233439628,15821,1090
28661.987948,2233447274,2233448381,16032,1107
28662.069100,2233506302,2233507400,15943,1098
28662.081120,2233515035,2233516130,15959,1095
28662.171292,2233580559,2233581647,16045,1088
28662.183318,2233589290,2233590378,15670,1088
28662.195340,2233598010,2233599105,16027,1095
28662.207360,2233606744,2233607844,16048,1100
28662.219379,2233615463,2233616555,15700,1092
28662.231408,2233624195,2233625289,15952,1094
28662.249443,2233637314,2233638407,16022,1093
28662.261463,2233646058,2233647152,15964,1094
28662.285516,2233663499,2233664599,16098,1100
28662.297528,2233672278,2233673371,15963,1093
28662.312565,2233683194,2233684294,15877,1100
28662.324583,2233691923,2233693018,15926,1095
28662.339618,2233702870,2233703965,15944,1095
28662.381695,2233733364,2233734461,15627,1097
28662.393723,2233742148,2233743242,15920,1094
28662.405738,2233750889,2233751982,15877,1093
28662.471859,2233798950,2233800042,15700,1092
28662.483892,2233807678,2233808789,16036,1111
28662.501923,2233820770,2233821865,15946,1095
28662.513942,2233829545,2233830645,15845,1100
28662.568045,2233869208,2233870313,15826,1105
28662.580074,2233878021,2233879121,15911,1100
28662.592096,2233886783,2233887872,15959,1089
28662.604115,2233895514,2233896614,15915,1100
28662.616133,2233904209,2233905298,15619,1089
28662.628163,2233912932,2233914027,16023,1095
28662.697288,2233963112,2233964199,15627,1087
28662.709317,2233971814,2233972909,16023,1095
28662.793475,2234032865,2234033960,15964,1095
28662.805494,2234041623,2234042715,15624,1092
28662.901681,2234111481,2234112581,15965,1100
28662.913699,2234120225,2234121310,15594,1085
28662.952780,2234148577,2234149671,15944,1094
28662.964801,2234157311,2234158405,15970,1094
28662.976827,2234166016,2234167108,15627,1092
28662.988853,2234174762,2234175851,15964,1089
28663.003871,2234185666,2234186758,15544,1092
28663.015900,2234194416,2234195513,15903,1097
28663.027921,2234203147,2234204235,15853,1088
28663.045955,2234216234,2234217329,15966,1095
28663.057974,2234224951,2234226042,15621,1091
28663.082026,2234242429,2234243524,16027,1095
28663.100065,2234255648,2234256752,15989,1104
28663.113589,2234265681,2234266781,15973,1100
28663.128619,2234276688,2234277788,15906,1100
28663.143640,2234287708,2234288803,15821,1095
28663.155670,2234296525,2234297625,15967,1100
28663.167692,2234305336,2234306441,15979,1105
28663.179708,2234314163,2234315267,15832,1104
28663.191737,2234322994,2234324094,15908,1100
28663.203762,2234331798,2234332897,15993,1099
28663.216790,2234342825,2234343919,15947,1094
28663.239824,2234358124,2234359224,15968,1100
28663.251842,2234366878,2234367969,15590,1091
28663.263872,2234375607,2234376697,15950,1090
28663.281910,2234388702,2234389803,15959,1101
28663.293930,2234397431,2234398526,15872,1095
28663.336009,2234427999,2234429099,15950,1100
28663.348029,2234436744,2234437828,15877,1084
28663.360052,2234445453,2234446553,15566,1100
28663.372078,2234454186,2234455274,15862,1088
28663.384099,2234462930,2234464033,15850,1103
28663.396120,2234471647,2234472713,15847,1066
28663.414151,2234484697,2234485779,15630,1082
28663.426186,2234493461,2234494561,15967,1100
28663.447218,2234508759,2234509852,15918,1093
28663.462249,2234519682,2234520777,15860,1095
28663.495305,2234543693,2234544786,15629,1093
28663.507335,2234552432,2234553527,15945,1095
28663.519356,2234561160,2234562255,15965,1095
28663.531374,2234569864,2234570950,15547,1086
28663.543403,2234578603,2234579697,15941,1094
28663.555424,2234587334,2234588422,15961,1088
28663.567442,2234596040,2234597141,15623,1101
28663.579476,2234604832,2234605920,15967,1088
28663.591492,2234613576,2234614669,15968,1093
28663.624561,2234637534,2234638628,15997,1094
28663.636579,2234646312,2234647412,15936,1100
28663.648597,2234655029,2234656119,15630,1090
28663.759815,2234735656,2234736750,15942,1094
28663.771836,2234744382,2234745477,15858,1095
28663.783854,2234753111,2234754202,15667,1091
28663.795886,2234761841,2234762910,15883,1069
28663.807904,2234770519,2234771619,15962,1100
28663.819930,2234779230,2234780326,15756,1096
28663.831955,2234787937,2234789041,15988,1104
28663.843974,2234796744,2234797832,15851,1088
28663.855992,2234805442,2234806534,15548,1092
28663.868021,2234814183,2234815283,15858,1100
28663.880045,2234822937,2234824027,15936,1090
28663.913106,2234846903,2234847998,15948,1095
28663.925130,2234855612,2234856700,15952,1088
28663.937149,2234864322,2234865387,15854,1065
28663.976230,2234892621,2234893716,15961,1095
28663.988247,2234901345,2234902452,15834,1107
28664.000266,2234910065,2234911166,15626,1101
28664.012296,2234918796,2234919890,15946,1094
28664.024319,2234927514,2234928607,15874,1093
28664.036334,2234936244,2234937335,15505,1091
28664.051367,2234947189,2234948278,15964,1089
28664.063386,2234955896,2234956990,15548,1094
28664.081420,2234969048,2234970143,15586,1095
28664.093452,2234977799,2234978893,15857,1094
28664.189626,2235047505,2235048597,15624,1092
28664.201655,2235056229,2235057323,15940,1094
28664.240720,2235084555,2235085654,15753,1099
28664.252749,2235093284,2235094379,15831,1095
28664.291827,2235121659,2235122754,15958,1095
28664.303847,2235130407,2235131507,16045,1100
28664.315873,2235139117,2235140213,15709,1096
28664.327895,2235147841,2235148936,15945,1095
28664.339916,2235156574,2235157668,15963,1094
28664.351938,2235165317,2235166412,15818,1095
28664.397020,2235198044,2235199134,15624,1090
28664.409050,2235206787,2235207889,15947,1102
28664.448122,2235235141,2235236232,15963,1091
28664.460143,2235243905,2235245000,15825,1095
28664.472174,2235252664,2235253753,15954,1089
28664.484190,2235261373,2235262468,15969,1095
28664.496212,2235270078,2235271144,15936,1066
28664.508240,2235278782,2235279876,16026,1094
28664.520262,2235287500,2235288600,15955,1100
28664.532278,2235296199,2235297291,15627,1092
28664.544309,2235304918,2235305987,15873,1069
28664.607427,2235350688,2235351781,16027,1093
28664.619450,2235359405,2235360499,15954,1094
28664.652513,2235383395,2235384489,15944,1094
28664.664533,2235392157,2235393259,15845,1102
28664.676552,2235400898,2235401985,15592,1087
28664.709608,2235424841,2235425927,15680,1086
28664.721642,2235433513,2235434605,15638,1092
28664.784760,2235479237,2235480337,15834,1100
28664.796789,2235487944,2235489033,16059,1089
28664.808796,2235496610,2235497702,15756,1092
28664.820830,2235505291,2235506391,15616,1100
28664.859910,2235533501,2235534589,15975,1088
28664.871926,2235542238,2235543328,15947,1090
28664.883950,2235550898,2235551985,15553,1087
28664.895979,2235559603,2235560700,15896,1097
28664.907990,2235568312,2235569404,15713,1092
28664.920021,2235576989,2235578076,15634,1087
28664.932047,2235585672,2235586772,15890,1100
28664.944054,2235594381,2235595473,15684,1092
28664.956087,2235603038,2235604125,15637,1087
28664.968117,2235611777,2235612866,15993,1089
28664.980122,2235620434,2235621520,15674,1086
28665.022219,2235650796,2235651890,15979,1094
28665.034225,2235659501,2235660592,15640,1091
28665.046258,2235668168,2235669260,15712,1092
28665.064288,2235681196,2235682299,15717,1103
28665.079311,2235692059,2235693149,15675,1090
28665.100362,2235707267,2235708359,15632,1092
28665.112390,2235715952,2235717040,15957,1088
28665.124397,2235724618,2235725710,15599,1092
28665.232602,2235802722,2235803824,15677,1102
28665.244629,2235811405,2235812492,15561,1087
28665.259662,2235822246,2235823343,15637,1097
28665.271688,2235830943,2235832035,15640,1092
28665.283713,2235839688,2235840783,15937,1095
28665.295722,2235848363,2235849449,15678,1086
28665.307759,2235857044,2235858113,15699,1069
28665.319783,2235865717,2235866806,15921,1089
28665.331791,2235874391,2235875488,15642,1097
28665.343825,2235883066,2235884132,15760,1066
28665.355851,2235891740,2235892829,15963,1089
28665.367865,2235900435,2235901531,15679,1096
28665.379893,2235909105,2235910201,15568,1096
28665.391920,2235917784,2235918877,15881,1093
28665.412945,2235932988,2235934079,15679,1091
28665.424979,2235941643,2235942705,15845,1062
28665.449014,2235958946,2235960038,15677,1092
28665.461043,2235967627,2235968716,15787,1089
28665.476065,2235978471,2235979558,15681,1087
28665.488099,2235987152,2235988244,15566,1092
28665.506139,2236000171,2236001237,15904,1066
28665.518160,2236008832,2236009927,15966,1095
28665.545211,2236028332,2236029426,15962,1094
28665.557227,2236037005,2236038092,15571,1087
28665.629357,2236089074,2236090155,15682,1081
28665.644401,2236099947,2236101042,15970,1095
28665.656416,2236108650,2236109741,15603,1091
28665.671453,2236119531,2236120625,15976,1094
28665.683460,2236128207,2236129299,15682,1092
28665.695494,2236136905,2236137992,15557,1087
28665.707521,2236145647,2236146741,15957,1094
28665.725556,2236158675,2236159764,15973,1089
28665.737563,2236167333,2236168419,15681,1086
28665.768628,2236191209,2236192303,15974,1094
28665.800683,2236212911,2236214003,15679,1092
28665.812715,2236221576,2236222641,15743,1065
28665.872820,2236264926,2236266013,15681,1087
28665.884854,2236273611,2236274703,15630,1092
28665.896879,2236282364,2236283456,15948,1092
28665.908889,2236291033,2236292125,15758,1092
28665.973031,2236338818,2236339910,15708,1092
28665.990043,2236349688,2236350779,15764,1091
28666.005087,2236360570,2236361663,15951,1093
28666.056174,2236397463,2236398557,15810,1094
28666.068208,2236406140,2236407229,15932,1089
28666.080214,2236414814,2236415903,15680,1089
28666.092248,2236423486,2236424573,15631,1087
28666.179407,2236486425,2236487521,15759,1096
28666.198957,2236497498,2236498135,13609,637
28666.212334,2236503324,2236503941,12028,617
28666.226006,2236509976,2236511115,16451,1139
28666.238021,2236519063,2236520207,16092,1144
28666.250053,2236528214,2236529360,16425,1146
28666.274090,2236546491,2236547635,16016,1144
28666.286119,2236555665,2236556792,16151,1127
28666.298143,2236564795,2236565947,16448,1152
28666.310159,2236574146,2236575301,16000,1155
28666.322192,2236583311,2236584458,16348,1147
28666.337214,2236594754,2236595928,16016,1174
28666.349244,2236603964,2236605147,16262,1183
28666.361264,2236613159,2236614307,16376,1148
28666.400332,2236642993,2236644146,16234,1153
28666.412363,2236652230,2236653383,16344,1153
28666.427383,2236663664,2236664820,16002,1156
28666.439415,2236672871,2236674024,16351,1153
28666.451436,2236682041,2236683188,16407,1147
28666.463450,2236691186,2236692336,15993,1150
28666.505539,2236723292,2236724435,16381,1143
28666.517555,2236732460,2236733606,16014,1146
28666.568658,2236771452,2236772598,16454,1146
28666.580673,2236780623,2236781773,16015,1150
28666.592705,2236789812,2236790960,16353,1148
28666.619757,2236810447,2236811600,16432,1153
28666.631780,2236819662,2236820810,16453,1148
28666.643793,2236828865,2236830045,16009,1180
28666.655823,2236838059,2236839186,16149,1127
28666.667846,2236847213,2236848361,16451,1148
28666.685881,2236860953,2236862100,16368,1147
28666.697896,2236870100,2236871256,16010,1156
28666.708331,2236876823,2236877718,15412,895
28666.732471,2236894176,2236895280,15936,1104
28666.744494,2236902931,2236904033,15952,1102
28666.756508,2236911688,2236912785,15621,1097
28666.768540,2236920435,2236921524,15940,1089
28666.780561,2236929157,2236930252,15874,1095
28666.792576,2236937860,2236938947,15623,1087
28666.807612,2236948755,2236949855,15957,1100
28666.819628,2236957503,2236958595,15540,1092
28666.831660,2236966227,2236967317,15940,1090
28666.844689,2236977142,2236978239,15689,1097
28666.873731,2236996779,2236997871,15617,1092
28666.885764,2237005516,2237006605,15900,1089
28666.912816,2237025135,2237026232,15936,1097
28666.924835,2237033889,2237034984,15869,1095
28666.936851,2237042601,2237043697,15538,1096
28666.948883,2237051328,2237052422,15856,1094
28666.960904,2237060111,2237061200,15871,1089
28666.975934,2237071027,2237072121,15936,1094
28666.987955,2237079746,2237080846,15961,1100
28666.999970,2237088463,2237089555,15610,1092
28667.021020,2237103716,2237104814,15938,1098
28667.033041,2237112451,2237113550,15958,1099
28667.048072,2237123371,2237124468,15938,1097
28667.078127,2237145206,2237146295,15963,1089
28667.090142,2237153934,2237155026,15693,1092
28667.114195,2237171403,2237172497,15961,1094
28667.126210,2237180120,2237181207,15613,1087
28667.138245,2237188859,2237189959,15937,1100
28667.150266,2237197604,2237198698,15977,1094
28667.180314,2237219433,2237220531,15603,1098
28667.192347,2237228160,2237229259,15939,1099
28667.228416,2237254363,2237255451,15941,1088
28667.240437,2237263089,2237264183,15889,1094
28667.252451,2237271799,2237272896,15684,1097
28667.264484,2237280536,2237281630,15942,1094
28667.279503,2237291416,2237292506,15642,1090
28667.312574,2237315422,2237316515,15973,1093
28667.324588,2237324123,2237325215,15605,1092
28667.336623,2237332866,2237333960,15938,1094
28667.348643,2237341606,2237342695,15974,1089
28667.360657,2237350307,2237351394,15524,1087
28667.372690,2237359044,2237360139,15932,1095
28667.384711,2237367800,2237368902,15855,1102
28667.400738,2237380894,2237381988,15882,1094
28667.420779,2237393969,2237395063,16054,1094
28667.432794,2237402675,2237403766,15602,1091
28667.456848,2237420134,2237421223,15972,1089
28667.468863,2237428844,2237429935,15598,1091
28667.480896,2237437577,2237438677,15935,1100
28667.495914,2237448481,2237449576,15681,1095
28667.507948,2237457206,2237458301,15859,1095
28667.519968,2237465944,2237467033,15889,1089
28667.531983,2237474650,2237475737,15523,1087
28667.544018,2237483407,2237484495,15916,1088
28667.562050,2237496484,2237497575,15936,1091
28667.574071,2237505230,2237506329,15971,1099
28667.592106,2237518331,2237519425,15980,1094
28667.604120,2237527046,2237528138,15603,1092
28667.616153,2237535779,2237536872,15936,1093
28667.628174,2237544520,2237545619,15883,1099
28667.640188,2237553239,2237554330,15522,1091
28667.658223,2237566307,2237567404,15599,1097
28667.670254,2237575028,2237576097,15743,1069
28667.688290,2237588058,2237589152,15939,1094
28667.700313,2237596850,2237597954,15924,1104
28667.712336,2237605671,2237606769,15913,1098
28667.733376,2237621080,2237622179,15912,1099
28667.745399,2237629886,2237630984,15911,1098
28667.781464,2237656297,2237657390,15962,1093
28667.793480,2237665040,2237666127,15618,1087
28667.808516,2237675953,2237677047,15956,1094
28667.820531,2237684694,2237685786,15617,1092
28667.847582,2237704312,2237705403,15536,1091
28667.859615,2237713030,2237714130,15852,1100
28667.871636,2237721807,2237722900,15958,1093
28667.884665,2237732716,2237733814,15935,1098
28667.913718,2237752334,2237753438,16023,1104
28667.925738,2237761086,2237762180,16041,1094
28667.949786,2237778521,2237779616,16018,1095
28667.961807,2237787289,2237788387,16034,1098
28667.973823,2237795996,2237797082,15619,1086
28667.985855,2237804709,2237805803,15935,1094
28668.021924,2237830884,2237831972,15940,1088
28668.033944,2237839598,2237840698,15870,1100
28668.060996,2237859191,2237860284,15957,1093
28668.073011,2237867891,2237868983,15536,1092
28668.089056,2237880976,2237882068,15611,1092
28668.106081,2237891873,2237892966,15953,1093
28668.118097,2237900572,2237901659,15534,1087
28668.133133,2237911484,2237912577,15954,1093
28668.145148,2237920178,2237921269,15615,1091
28668.157181,2237928906,2237930001,16023,1095
28668.169201,2237937673,2237938767,15955,1094
28668.181217,2237946383,2237947475,15616,1092
28668.199251,2237959446,2237960543,15615,1097
28668.214287,2237970365,2237971464,15955,1099
28668.236334,2237987803,2237988898,15934,1095
28668.301455,2238033663,2238034762,15909,1099
28668.313476,2238042384,2238043478,15955,1094
28668.352543,2238070701,2238071798,15616,1097
28668.364576,2238079422,2238080515,15945,1093
28668.388611,2238096898,2238097985,15617,1087
28668.400644,2238105602,2238106697,15938,1095
28668.457750,2238147018,2238148111,16040,1093
28668.469765,2238155751,2238156837,15690,1086
28668.484801,2238166664,2238167758,15966,1094
28668.496817,2238175371,2238176463,15618,1092
28668.508849,2238184114,2238185209,15939,1095
28668.532887,2238201580,2238202674,15839,1094
28668.544919,2238210310,2238211413,15862,1103
28668.571969,2238229928,2238231028,15940,1100
28668.583993,2238238688,2238239788,15974,1100
28668.596006,2238247430,2238248528,15535,1098
28668.608038,2238256165,2238257258,15941,1093
28668.620059,2238264883,2238265977,15952,1094
28668.638093,2238277977,2238279071,15955,1094
28668.650108,2238286686,2238287777,15612,1091
28668.689192,2238315053,2238316153,15944,1100
28668.701214,2238323787,2238324886,15880,1099
28668.713229,2238332548,2238333645,15618,1097
28668.779364,2238380535,2238381640,15935,1105
28668.791384,2238389352,2238390447,15956,1095
28668.803400,2238398068,2238399155,15618,1087
28668.821434,2238411149,2238412236,15615,1087
28668.833467,2238419869,2238420963,16024,1094
28668.875537,2238450347,2238451439,15618,1092
28668.905604,2238472134,2238473229,16024,1095
28668.917624,2238480871,2238481969,15955,1098
28668.929642,2238489578,2238490670,15615,1092
28668.941673,2238498292,2238499385,15943,1093
28668.953694,2238507021,2238508119,15954,1098
28668.968724,2238517897,2238519002,15942,1105
28668.980745,2238526655,2238527755,15970,1100
28668.996772,2238539750,2238540849,16035,1099
28669.028829,2238561555,2238562658,15612,1103
28669.040862,2238570298,2238571392,15943,1094
28669.052882,2238579019,2238580108,15869,1089
28669.064898,2238587706,2238588792,15619,1086
28669.076927,2238596403,2238597470,15744,1067
28669.091949,2238607278,2238608370,15612,1092
28669.140050,2238642093,2238643193,15935,1100
28669.152071,2238650813,2238651912,16039,1099
28669.164086,2238659504,2238660596,15535,1092
28669.176118,2238668221,2238669315,15937,1094
28669.188139,2238676966,2238678055,15958,1089
28669.200155,2238685668,2238686760,15619,1092
28669.212187,2238694387,2238695483,15944,1096
28669.230222,2238707462,2238708556,15935,1094
28669.242242,2238716187,2238717281,15956,1094
28669.257273,2238727083,2238728178,15937,1095
28669.269293,2238735823,2238736917,15870,1094
28669.348441,2238794649,2238795742,15953,1093
28669.371481,2238809902,2238810994,15618,1092
28669.383513,2238818619,2238819713,15901,1094
28669.395537,2238827354,2238828453,15887,1099
28669.449638,2238866581,2238867680,15968,1099
28669.461652,2238875284,2238876385,15602,1101
28669.473685,2238884029,2238885118,16018,1089
28669.485707,2238892755,2238893858,16051,1103
28669.552839,2238942891,2238943986,15946,1095
28669.596909,2238973373,2238974464,15600,1091
28669.608943,2238982113,2238983212,15949,1099
28669.657033,2239016991,2239018085,16056,1094
28669.669047,2239025720,2239026812,15603,1092
28669.681080,2239034424,2239035518,15850,1094
28669.705115,2239051820,2239052912,15602,1092
28669.717149,2239060544,2239061643,15943,1099
28669.762235,2239093222,2239094322,15939,1100
28669.774255,2239101977,2239103071,15983,1094
28669.786270,2239110673,2239111759,15681,1086
28669.801307,2239121578,2239122684,15948,1106
28669.813326,2239130317,2239131411,15842,1094
28669.825355,2239139032,2239140131,15904,1099
28669.868439,2239171712,2239172806,15938,1094
28669.897492,2239191343,2239192437,16022,1094
28669.909513,2239200069,2239201162,15975,1093
28669.939561,2239221874,2239222966,15604,1092
28669.951595,2239230604,2239231702,15942,1098
28669.963615,2239239336,2239240430,15886,1094
28669.975630,2239248036,2239249122,15523,1086
28669.987663,2239256755,2239257848,15941,1093
28669.999684,2239265472,2239266561,15973,1089
28670.011698,2239274167,2239275259,15678,1092
28670.023730,2239282917,2239284011,15942,1094
28670.035751,2239291630,2239292724,15958,1094
28670.047769,2239300361,2239301456,15855,1095
28670.065801,2239313447,2239314539,15615,1092
28670.077833,2239322167,2239323272,15940,1105
28670.089854,2239330906,2239332005,16041,1099
28670.101869,2239339634,2239340731,15618,1097
28670.119904,2239352719,2239353818,15617,1099
28670.131936,2239361433,2239362537,15943,1104
28670.143957,2239370166,2239371258,15959,1092
28670.155975,2239378917,2239380010,15858,1093
28670.168004,2239387657,2239388745,15909,1088
28670.180025,2239396354,2239397443,15959,1089
28670.192041,2239405042,2239406127,15618,1085
28670.204076,2239413776,2239414871,15941,1095
28670.216094,2239422521,2239423620,15957,1099
28670.229127,2239433406,2239434506,15851,1100
28670.249160,2239446520,2239447614,15912,1094
28670.261182,2239455257,2239456362,15973,1105
28670.273196,2239464012,2239465104,15606,1092
28670.285229,2239472739,2239473833,15941,1094
28670.297249,2239481472,2239482566,15882,1094
28670.309264,2239490190,2239491285,15605,1095
28670.408453,2239562052,2239563138,15607,1086
28670.420487,2239570772,2239571872,15946,1100
28670.432510,2239579734,2239580828,16041,1094
28670.508657,2239636055,2239637147,15637,1092
28670.567765,2239677267,2239678355,15961,1088
28670.579771,2239685948,2239687033,15678,1085
28670.597806,2239698941,2239700032,15763,1091
28670.609840,2239707631,2239708695,15838,1064
28670.636891,2239727121,2239728211,15636,1090
28670.648916,2239735833,2239736922,15947,1089
28670.696994,2239770496,2239771593,15681,1097
28670.709028,2239779189,2239780253,15830,1064
28670.817228,2239857177,2239858271,15887,1094
28670.829262,2239865852,2239866946,15984,1094
28670.841269,2239874508,2239875594,15758,1086
28670.856310,2239885379,2239886473,15944,1094
28670.868321,2239894087,2239895178,15680,1091
28670.919434,2239930945,2239932038,15985,1093
28670.931456,2239939611,2239940705,15952,1094
28670.943474,2239948268,2239949359,15685,1091
28670.955502,2239956950,2239958018,15893,1068
28670.973535,2239969937,2239971026,15963,1089
28670.985543,2239978625,2239979712,15685,1087
28671.033645,2240013322,2240014408,15725,1086
28671.045672,2240022009,2240023097,15968,1088
28671.063707,2240035034,2240036123,15955,1089
28671.075714,2240043694,2240044782,15600,1088
28671.087748,2240052343,2240053435,15638,1092
28671.136847,2240089224,2240090316,15676,1092
28671.177920,2240117392,2240118483,15635,1091
28671.189948,2240126076,2240127165,15892,1089
28671.201961,2240134783,2240135874,15675,1091
28671.213983,2240143467,2240144556,15766,1089
28671.244051,2240165132,2240166231,15973,1099
28671.256073,2240173849,2240174937,15948,1088
28671.268091,2240182508,2240183593,15638,1085
28671.280119,2240191178,2240192272,15981,1094
28671.301143,2240206358,2240207450,15677,1092
28671.313172,2240215048,2240216137,15724,1089
28671.349246,2240240999,2240242090,15642,1091
28671.361273,2240249690,2240250788,15956,1098
28671.445417,2240310347,2240311433,15679,1086
28671.457460,2240318995,2240320081,15707,1086
28671.476483,2240334262,2240335356,15975,1094
28671.553623,2240388481,2240389573,15680,1092
28671.565657,2240397144,2240398236,15642,1092
28671.637795,2240449191,2240450277,15722,1086
28671.649822,2240457858,2240458952,15978,1094
28671.664842,2240468700,2240469792,15675,1092
28671.679863,2240479545,2240480631,15676,1086
28671.691897,2240488217,2240489311,15558,1094
28671.703925,2240496914,2240498007,15980,1093
28671.715934,2240505604,2240506689,15684,1085
28671.727966,2240514266,2240515352,15637,1086
28671.739994,2240522948,2240524037,15977,1089
28671.758028,2240535990,2240537077,15950,1087
28671.770035,2240544641,2240545727,15681,1086
28671.818138,2240579335,2240580422,15718,1087
28671.830165,2240588006,2240589100,16057,1094
28671.848201,2240601022,2240602110,16046,1088
28671.869224,2240616170,2240617262,15757,1092
28671.881257,2240624858,2240625949,15636,1091
28671.893282,2240633566,2240634660,15942,1094
28671.911321,2240646570,2240647658,15991,1088
28671.923326,2240655220,2240656311,15680,1091
28671.935361,2240663879,2240664971,15641,1092
28671.956405,2240679072,2240680161,15955,1089
28671.968412,2240687728,2240688814,15598,1086
28671.983457,2240698566,2240699660,15975,1094
28671.995464,2240707240,2240708330,15678,1090
28672.007492,2240715926,2240717024,15812,1098
28672.019525,2240724627,2240725726,15975,1099
28672.031532,2240733296,2240734393,15602,1097
28672.043566,2240741950,2240743037,15556,1087
28672.055594,2240750613,2240751707,15957,1094
28672.073629,2240763598,2240764686,15986,1088
28672.085635,2240772273,2240773359,15685,1086
28672.097665,2240780958,2240782050,15636,1092
28672.109699,2240789679,2240790774,16005,1095
28672.136749,2240809206,2240810295,16062,1089
28672.148755,2240817863,2240818949,15679,1086
28672.163800,2240828700,2240829789,15977,1089
28672.199869,2240854689,2240855783,16059,1094
28672.211877,2240863405,2240864497,15678,1092
28672.223909,2240872062,2240873127,15743,1065
28672.235937,2240880697,2240881790,15932,1093
28672.247944,2240889353,2240890439,15602,1086
28672.259978,2240897991,2240899082,15558,1091
28672.272006,2240906673,2240907772,15955,1099
28672.284012,2240915338,2240916424,15600,1086
28672.296046,2240923968,2240925054,15629,1086
28672.308076,2240932704,2240933802,15963,1098
28672.320081,2240941374,2240942459,15758,1085
28672.332115,2240950026,2240951122,15639,1096
28672.344143,2240958718,2240959817,15974,1099
28672.362177,2240971717,2240972805,15972,1088
28672.374184,2240980361,2240981456,15680,1095
28672.416280,2241010734,2241011821,15983,1087
28672.428287,2241019411,2241020503,15675,1092
28672.497434,2241069263,2241070357,16059,1094
28672.509443,2241077950,2241079041,15682,1091
28672.521475,2241086647,2241087741,15835,1094
28672.551537,2241108342,2241109431,16036,1089
28672.563544,2241116984,2241118074,15758,1090
28672.575577,2241125639,2241126704,15831,1065
28672.620664,2241158153,2241159240,15636,1087
28672.632692,2241166834,2241167928,15975,1094
28672.644698,2241175517,2241176603,15595,1086
28672.704830,2241218880,2241219979,15997,1099
28672.716837,2241227544,2241228629,15605,1085
28672.728869,2241236221,2241237307,15638,1086
28672.743887,2241247062,2241248158,15680,1096
28672.755920,2241255788,2241256877,15842,1089
28672.767951,2241264545,2241265644,15921,1099
28672.779971,2241273303,2241274407,16054,1104
28672.791986,2241282042,2241283139,15602,1097
28672.804020,2241290836,2241291910,15771,1074
28672.816040,2241299570,2241300674,15978,1104
28672.828055,2241308305,2241309391,15602,1086
28672.840088,2241316983,2241318081,16057,1098
28672.852093,2241325645,2241326736,15680,1091
28672.864123,2241334338,2241335430,15633,1092
28672.876155,2241343002,2241344096,15984,1094
28672.888163,2241351697,2241352783,15758,1086
28672.900190,2241360373,2241361472,15894,1099
28672.912223,2241369070,2241370158,16059,1088
28672.924231,2241377859,2241378961,15599,1102
28672.936264,2241386528,2241387613,15635,1085
28672.948291,2241395223,2241396322,15962,1099
28672.960299,2241403913,2241404998,15684,1085
28672.972332,2241412611,2241413697,15562,1086
28672.984362,2241421283,2241422351,15744,1068
28672.999378,2241432088,2241433156,15635,1068
28673.048488,2241468931,2241470017,15684,1086
28673.095563,2241501441,2241502536,15634,1095
28673.107589,2241510137,2241511201,15914,1064
28673.119619,2241518787,2241519881,16072,1094
28673.131624,2241527438,2241528525,15762,1087
28673.143665,2241536100,2241537197,15703,1097
28673.155687,2241544788,2241545877,15979,1089
28673.167693,2241553470,2241554561,15677,1091
28673.179726,2241562123,2241563213,15631,1090
28673.191755,2241570803,2241571896,15979,1093
28673.203763,2241579536,2241580622,15686,1086
28673.215795,2241588189,2241589275,15639,1086
28673.252859,2241616367,2241617461,16053,1094
28673.320984,2241664062,2241665159,15680,1097
28673.333018,2241672744,2241673835,15714,1091
28673.345046,2241681427,2241682515,15953,1088
28673.357053,2241690046,2241691130,15672,1084
28673.444235,2241752969,2241754063,16038,1094
28673.456241,2241761599,2241762690,15678,1091
28673.474276,2241774624,2241775720,15684,1096
28673.528379,2241813614,2241814700,15681,1086
28673.540419,2241822271,2241823370,15708,1099
28673.564448,2241839597,2241840688,15682,1091
28673.576481,2241848277,2241849368,15635,1091
28673.636584,2241891594,2241892685,15672,1091
28673.648618,2241900246,2241901332,15634,1086
28673.660647,2241908926,2241910014,15983,1088
28673.735773,2241963126,2241964211,15680,1085
28673.747807,2241971786,2241972873,15561,1087
28673.759835,2241980470,2241981559,15979,1089
28673.771842,2241989124,2241990205,15684,1081
28673.783875,2241997746,2241998832,15640,1086
28673.795903,2242006450,2242007518,15804,1068
28673.807911,2242015085,2242016176,15688,1091
28673.819944,2242023772,2242024863,15640,1091
28673.831973,2242032439,2242033533,15982,1094
28673.865030,2242056251,2242057342,15638,1091
28673.877058,2242064936,2242066030,15932,1094
28673.889076,2242073659,2242074761,15842,1102
28673.940178,2242110483,2242111575,15957,1092
28673.952186,2242119190,2242120281,15684,1091
28673.964219,2242127844,2242128930,15642,1086
28673.976247,2242136503,2242137592,15888,1089
28673.988261,2242145169,2242146250,15640,1081
28674.000287,2242153842,2242154934,15635,1092
28674.012315,2242162509,2242163603,15974,1094
28674.024322,2242171154,2242172244,15681,1090
28674.093472,2242221073,2242222161,15996,1088
28674.105476,2242229735,2242230836,15682,1101
28674.120521,2242240582,2242241670,15978,1088
28674.144561,2242257946,2242259031,15554,1085
28674.156587,2242266651,2242267738,15947,1087
28674.195650,2242294860,2242295946,15681,1086
28674.207678,2242303554,2242304651,15599,1097
28674.219710,2242312234,2242313323,16063,1089
28674.231717,2242320873,2242321964,15757,1091
28674.249751,2242333874,2242334960,15681,1086
28674.261785,2242342526,2242343612,15638,1086
28674.279815,2242355530,2242356616,15631,1086
28674.291849,2242364236,2242365330,15993,1094
28674.303854,2242372891,2242373976,15677,1085
28674.324904,2242388059,2242389145,15709,1086
28674.336932,2242396729,2242397821,15953,1092
28674.351956,2242407553,2242408639,15635,1086
28674.363981,2242416279,2242417368,15946,1089
28674.375990,2242424905,2242426002,15680,1097
28674.388020,2242433591,2242434675,15813,1084
28674.400050,2242442301,2242443389,15941,1088
28674.413082,2242453076,2242454167,15637,1091
28674.517276,2242526739,2242527833,16063,1094
28674.529282,2242535442,2242536533,15681,1091
28674.556334,2242554926,2242556015,15682,1089
28674.568368,2242563596,2242564682,15640,1086
28674.619454,2242600438,2242601523,15678,1085
28674.631492,2242609159,2242610245,15681,1086
28674.721659,2242674148,2242675249,15636,1101
28674.733686,2242682818,2242683912,16032,1094
28674.745694,2242691469,2242692555,15682,1086
28674.763728,2242704451,2242705542,15680,1091
28674.775760,2242713144,2242714233,15828,1089
28674.787792,2242721852,2242722941,15993,1089
28674.799797,2242730504,2242731595,15682,1091
28674.811831,2242739178,2242740269,15633,1091
28674.835869,2242756533,2242757626,15730,1093
28674.847895,2242765246,2242766337,15637,1091
28674.859927,2242773923,2242775011,15978,1088
28674.871934,2242782569,2242783652,15682,1083
28674.883963,2242791224,2242792318,15814,1094
28674.920037,2242817209,2242818300,15641,1091
28674.932064,2242825909,2242827003,15989,1094
28674.944071,2242834565,2242835657,15681,1092
28674.956105,2242843235,2242844325,15561,1090
28674.968133,2242851895,2242852994,15941,1099
28674.986169,2242864988,2242866081,15998,1093
28674.998176,2242873658,2242874749,15600,1091
28675.049287,2242910493,2242911592,15971,1099
28675.061294,2242919164,2242920255,15601,1091
28675.112408,2242956008,2242957096,15980,1088
28675.124414,2242964648,2242965739,15674,1091
28675.151465,2242984159,2242985249,15755,1090
28675.163500,2242992818,2242993903,15641,1085
28675.175529,2243001467,2243002554,15988,1087
28675.187536,2243010130,2243011216,15681,1086
28675.199568,2243018785,2243019876,15630,1091
28675.253671,2243057781,2243058866,15642,1085
28675.265699,2243066467,2243067555,15984,1088
28675.277713,2243075148,2243076234,15640,1086
28675.304757,2243094651,2243095741,15681,1090
28675.316791,2243103306,2243104366,15833,1060
28675.328819,2243111940,2243113034,15962,1094
28675.356872,2243133603,2243134689,15755,1086
28675.376902,2243146575,2243147672,15633,1097
28675.388928,2243155278,2243156373,15678,1095
28675.437025,2243189924,2243191012,15985,1088
28675.456331,2243199155,2243199759,12014,604
28675.483614,2243212996,2243214134,16351,1138
28675.495634,2243222115,2243223258,16365,1143
28675.507650,2243231243,2243232392,16016,1149
28675.519680,2243240363,2243241490,16068,1127
28675.531703,2243249491,2243250638,16367,1147
28675.543718,2243258615,2243259759,16016,1144
28675.555750,2243267760,2243268885,16169,1125
28675.567773,2243276892,2243278040,16380,1148
28675.585808,2243290615,2243291767,16377,1152
28675.597824,2243299765,2243300911,16003,1146
28675.609855,2243308914,2243310066,16347,1152
28675.621876,2243318074,2243319223,16374,1149
28675.633890,2243327179,2243328324,16004,1145
28675.645923,2243336358,2243337502,16231,1144
28675.694013,2243372982,2243374139,16380,1157
28675.706027,2243382152,2243383302,16002,1150
28675.721064,2243393593,2243394745,16375,1152
28675.733079,2243402739,2243403888,16004,1149
28675.748116,2243414225,2243415371,16380,1146
28675.769148,2243430214,2243431360,16005,1146
28675.781181,2243439366,2243440515,16348,1149
28675.793202,2243448527,2243449679,16383,1152
28675.808233,2243460183,2243461336,16345,1153
28675.820253,2243469360,2243470507,16382,1147
28675.832268,2243478501,2243479646,15962,1145
28675.844298,2243487635,2243488762,16150,1127
28675.856322,2243496772,2243497930,16383,1158
28675.868336,2243505910,2243507057,16008,1147
28675.880369,2243515067,2243516219,16264,1152
28675.892390,2243524226,2243525373,16376,1147
28675.904405,2243533362,2243534510,16003,1148
28675.916438,2243542545,2243543693,16352,1148
28675.928459,2243551700,2243552846,16376,1146
28675.940474,2243560849,2243561999,15922,1150
28675.955510,2243572319,2243573481,16379,1162
28675.969036,2243580787,2243581887,15940,1100
28675.981050,2243589497,2243590584,15598,1087
28675.993083,2243598227,2243599316,15913,1089
28676.005103,2243606940,2243608032,15960,1092
28676.017119,2243615648,2243616734,15618,1086
28676.029151,2243624374,2243625467,15850,1093
28676.065220,2243650524,2243651612,15938,1088
28676.077241,2243659224,2243660318,15958,1094
28676.104292,2243678830,2243679926,15960,1096
28676.116307,2243687525,2243688616,15618,1091
28676.128340,2243696237,2243697336,16021,1099
28676.140360,2243704960,2243706053,15957,1093
28676.152376,2243713657,2243714748,15619,1091
28676.164408,2243722381,2243723475,16022,1094
28676.176429,2243731101,2243732190,16041,1089
28676.203482,2243750682,2243751770,15963,1088
28676.215496,2243759413,2243760504,15597,1091
28676.227530,2243768175,2243769269,15912,1094
28676.239551,2243776879,2243777973,15928,1094
28676.251565,2243785578,2243786670,15600,1092
28676.263599,2243794290,2243795384,15943,1094
28676.275619,2243803008,2243804097,15970,1089
28676.293654,2243816041,2243817135,15971,1094
28676.305668,2243824723,2243825809,15523,1086
28676.317701,2243833440,2243834539,16020,1099
28676.329725,2243842194,2243843288,15978,1094
28676.344753,2243853114,2243854213,15941,1099
28676.356773,2243861837,2243862936,15969,1099
28676.371804,2243872726,2243873824,15935,1098
28676.383825,2243881456,2243882544,16051,1088
28676.395839,2243890148,2243891238,15600,1090
28676.407872,2243898850,2243899944,16020,1094
28676.425907,2243911940,2243913034,15938,1094
28676.437930,2243920659,2243921750,15970,1091
28676.449942,2243929374,2243930474,15518,1100
28676.476994,2243948994,2243950085,15601,1091
28676.489027,2243957714,2243958819,15937,1105
28676.513062,2243975137,2243976234,15599,1097
28676.528099,2243986013,2243987107,15966,1094
28676.561164,2244009939,2244011038,15945,1099
28676.573185,2244018667,2244019755,16049,1088
28676.585202,2244027391,2244028485,15922,1094
28676.597233,2244036102,2244037189,16016,1087
28676.609253,2244044829,2244045923,15967,1094
28676.624284,2244055704,2244056797,15936,1093
28676.636305,2244064418,2244065505,15981,1087
28676.648322,2244073164,2244074263,15848,1099
28676.660353,2244081879,2244082967,15852,1088
28676.696422,2244108023,2244109122,15940,1099
28676.708442,2244116734,2244117833,15884,1099
28676.723473,2244127626,2244128715,16016,1089
28676.735494,2244136360,2244137449,15972,1089
28676.747508,2244145054,2244146146,15605,1092
28676.759542,2244153774,2244154873,15936,1099
28676.816648,2244195139,2244196233,16070,1094
28676.828662,2244203867,2244204953,15603,1086
28676.840696,2244212585,2244213674,15933,1089
28676.852717,2244221351,2244222435,15970,1084
28676.885781,2244245268,2244246362,15941,1094
28676.897802,2244253986,2244255080,15970,1094
28676.912834,2244264936,2244266003,15827,1067
28676.924855,2244273655,2244274749,16064,1094
28676.939885,2244284528,2244285617,15936,1089
28676.957919,2244297611,2244298705,16017,1094
28676.969940,2244306352,2244307450,15881,1098
28676.981957,2244315074,2244316163,15925,1089
28677.024043,2244345697,2244346791,15977,1094
28677.036059,2244354444,2244355533,15859,1089
28677.048088,2244363187,2244364275,15820,1088
28677.069127,2244378500,2244379589,15954,1089
28677.081145,2244387225,2244388313,15850,1088
28677.105196,2244404695,2244405789,15963,1094
28677.117214,2244413444,2244414538,15772,1094
28677.129243,2244422180,2244423279,15902,1099
28677.141264,2244430928,2244432022,15873,1094
28677.156294,2244441860,2244442963,15899,1103
28677.168317,2244451095,2244452193,15954,1098
28677.184345,2244464226,2244465324,15958,1098
28677.204385,2244477350,2244478448,16042,1098
28677.216402,2244486089,2244487182,15817,1093
28677.228432,2244494834,2244495922,15908,1088
28677.240453,2244503590,2244504678,15963,1088
28677.255483,2244514511,2244515604,15903,1093
28677.267505,2244523273,2244524366,15916,1093
28677.279522,2244532003,2244533099,15857,1096
28677.291551,2244540749,2244541842,15882,1093
28677.303573,2244549491,2244550591,15966,1100
28677.321607,2244562623,2244563717,15959,1094
28677.333625,2244571336,2244572425,15856,1089
28677.351660,2244584431,2244585514,15855,1083
28677.363688,2244593182,2244594281,15911,1099
28677.381723,2244606309,2244607403,15902,1094
28677.393744,2244615046,2244616135,15871,1089
28677.432814,2244643447,2244644541,15852,1094
28677.444844,2244652214,2244653308,15819,1094
28677.468883,2244669700,2244670783,15845,1083
28677.480913,2244678457,2244679546,15818,1089
28677.574089,2244746173,2244747262,15968,1089
28677.586105,2244754916,2244756009,15842,1093
28677.640209,2244794309,2244795403,15850,1094
28677.652237,2244803080,2244804164,15905,1084
28677.664259,2244811807,2244812901,15918,1094
28677.676277,2244820528,2244821622,15771,1094
28677.697323,2244835797,2244836891,15906,1094
28677.709345,2244844532,2244845620,15973,1088
28677.769460,2244888210,2244889302,15908,1092
28677.781482,2244896997,2244898096,15909,1099
28677.811541,2244918978,2244920082,15915,1104
28677.823563,2244927777,2244928875,15915,1098
28677.835586,2244936583,2244937687,15910,1104
28677.847612,2244945408,2244946502,15910,1094
28677.859633,2244954164,2244955267,15908,1103
28677.871655,2244962921,2244964009,15976,1088
28677.883671,2244971663,2244972751,15837,1088
28677.895704,2244980393,2244981482,15909,1089
28677.907723,2244989121,2244990215,15899,1094
28677.919740,2244997861,2244998947,15762,1086
28677.931771,2245006587,2245007686,15917,1099
28677.943792,2245015322,2245016411,15973,1089
28677.955807,2245024072,2245025166,15832,1094
28677.967839,2245032819,2245033912,15912,1093
28677.979861,2245041550,2245042639,15886,1089
28678.003908,2245059016,2245060104,15904,1088
28678.015929,2245067714,2245068802,15976,1088
28678.027946,2245076471,2245077570,15927,1099
28678.039977,2245085222,2245086316,15908,1094
28678.051998,2245093981,2245095075,15960,1094
28678.064014,2245102725,2245103819,15854,1094
28678.082048,2245115831,2245116920,15848,1089
28678.094078,2245124573,2245125672,15819,1099
28678.112113,2245137690,2245138778,15912,1088
28678.124134,2245146435,2245147529,15963,1094
28678.136151,2245155182,2245156274,15860,1092
28678.148180,2245163924,2245165018,15908,1094
28678.160202,2245172663,2245173752,15958,1089
28678.172220,2245181387,2245182476,15850,1089
28678.184249,2245190142,2245191231,15819,1089
28678.196271,2245198892,2245199986,15962,1094
28678.208288,2245207644,2245208733,15856,1089
28678.220318,2245216391,2245217484,15913,1093
28678.253373,2245240420,2245241517,15840,1097
28678.265405,2245249188,2245250282,15906,1094
28678.328525,2245295046,2245296140,15909,1094
28678.340547,2245303781,2245304875,15976,1094
28678.376615,2245330009,2245331107,15974,1098
28678.388631,2245338753,2245339846,15837,1093
28678.428713,2245369320,2245370414,15973,1094
28678.445748,2245380255,2245381349,15908,1094
28678.457769,2245389007,2245390101,15972,1094
28678.472800,2245399949,2245401042,15908,1093
28678.484821,2245408688,2245409771,15970,1083
28678.496837,2245417394,2245418477,15799,1083
28678.508868,2245426118,2245427210,15909,1092
28678.536918,2245447959,2245449053,15973,1094
28678.605043,2245495981,2245497075,15840,1094
28678.617074,2245504731,2245505825,15826,1094
28678.638112,2245520041,2245521140,15975,1099
28678.650128,2245528798,2245529881,15744,1083
28678.662159,2245537532,2245538621,15899,1089
28678.698228,2245563769,2245564858,15904,1089
28678.710249,2245572508,2245573597,15973,1089
28678.725280,2245583403,2245584492,15908,1089
28678.737301,2245592135,2245593230,15972,1095
28678.815451,2245648945,2245650039,15910,1094
28678.827472,2245657679,2245658773,15976,1094
28678.839489,2245666429,2245667528,15841,1099
28678.857524,2245679552,2245680644,15837,1092
28678.869554,2245688295,2245689392,15910,1097
28678.881575,2245697073,2245698162,15976,1089
28678.920643,2245725469,2245726567,15843,1098
28678.932674,2245734212,2245735301,15825,1089
28678.948708,2245747282,2245748376,15911,1094
28678.983764,2245771321,2245772409,15840,1088
28679.028850,2245804124,2245805218,15847,1094
28679.040880,2245812869,2245813963,15910,1094
28679.052901,2245821594,2245822685,15968,1091
28679.064918,2245830321,2245831410,15753,1089
28679.076948,2245839058,2245840157,15907,1099
28679.088969,2245847840,2245848929,15884,1089
28679.100986,2245856574,2245857662,15844,1088
28679.146071,2245889248,2245890336,15829,1088
28679.158103,2245897968,2245899067,15908,1099
28679.182141,2245915495,2245916589,15842,1094
28679.197175,2245926413,2245927507,15986,1094
28679.209192,2245935147,2245936246,15840,1099
28679.233244,2245952591,2245953680,15971,1089
28679.245259,2245961330,2245962424,15830,1094
28679.263295,2245974446,2245975539,15837,1093
28679.275326,2245983188,2245984276,15909,1088
28679.287347,2245991942,2245993041,15965,1099
28679.305380,2246005063,2246006156,16039,1093
28679.317398,2246013783,2246014867,15861,1084
28679.365496,2246048753,2246049842,15990,1089
28679.377517,2246057503,2246058591,15959,1088
28679.401564,2246074995,2246076087,15909,1092
28679.413585,2246083744,2246084833,15963,1089
28679.449654,2246109958,2246111047,15957,1089
28679.461672,2246118718,2246119812,15856,1094
28679.488724,2246138382,2246139476,15859,1094
28679.500754,2246147151,2246148255,15823,1104
28679.563874,2246193047,2246194141,15905,1094
28679.575898,2246201812,2246202905,15973,1093
28679.587913,2246210542,2246211636,15758,1094
28679.599943,2246219295,2246220379,15822,1084
28679.617977,2246232406,2246233497,15903,1091
28679.629999,2246241128,2246242217,15886,1089
28679.673079,2246273902,2246274990,15968,1088
28679.690114,2246284787,2246285876,15820,1089
28679.703633,2246294479,2246295567,15829,1088
28679.715663,2246303190,2246304279,15894,1089
28679.727670,2246311879,2246312965,15601,1086
28679.739707,2246320590,2246321679,15884,1089
28679.760749,2246335827,2246336925,15976,1098
28679.772767,2246344551,2246345644,15939,1093
28679.784787,2246353256,2246354352,15822,1096
28679.796817,2246361967,2246363054,15905,1087
28679.889984,2246429320,2246430406,15605,1086
28679.902010,2246438039,2246439132,15812,1093
28679.914040,2246446797,2246447886,15960,1089
28679.926048,2246455468,2246456554,15765,1086
28679.944094,2246468531,2246469618,16037,1087
28679.956111,2246477230,2246478324,15803,1094
28679.974147,2246490260,2246491354,15819,1094
28679.986177,2246498976,2246500065,16060,1089
28680.001199,2246509843,2246510940,15825,1097
28680.013229,2246518605,2246519698,15962,1093
28680.103400,2246583809,2246584898,15985,1089
28680.115406,2246592539,2246593625,15685,1086
28680.127438,2246601279,2246602368,15833,1089
28680.193572,2246649073,2246650160,15990,1087
28680.205590,2246657767,2246658855,15943,1088
28680.217610,2246666456,2246667548,15820,1092
28680.236643,2246681666,2246682755,15949,1089
28680.259682,2246696897,2246697987,15763,1090
28680.271713,2246705623,2246706717,15909,1094
28680.283743,2246714310,2246715397,15985,1087
28680.295750,2246722990,2246724081,15689,1091
28680.307777,2246731722,2246732790,15616,1068
28680.319813,2246740424,2246741511,15957,1087
28680.391950,2246792596,2246793683,15994,1087
28680.403956,2246801291,2246802377,15685,1086
28680.415987,2246809981,2246811070,15822,1089
28680.428018,2246818731,2246819824,15960,1093
28680.440037,2246827433,2246828522,15963,1089
28680.452055,2246836128,2246837196,15633,1068
28680.464086,2246844804,2246845892,16064,1088
28680.482120,2246857839,2246858928,15983,1089
28680.494128,2246866525,2246867616,15681,1091
28680.518190,2246883910,2246885001,16122,1091
28680.536222,2246897031,2246898115,15962,1084
28680.548231,2246905750,2246906845,15604,1095
28680.560262,2246914474,2246915568,15830,1094
28680.581309,2246929684,2246930778,15967,1094
28680.593316,2246938386,2246939472,15682,1086
28680.629385,2246964440,2246965531,15685,1091
28680.641416,2246973188,2246974277,15842,1089
28680.713553,2247025325,2247026414,15825,1089
28680.725583,2247034055,2247035148,15960,1093
28680.745112,2247048258,2247049352,15794,1094
28680.757143,2247056978,2247058077,15959,1099
28680.772164,2247067820,2247068912,15817,1092
28680.832277,2247111291,2247112382,15604,1091
28680.844301,2247119992,2247121086,15817,1094
28680.889387,2247152612,2247153705,15843,1093
28680.901418,2247161320,2247162413,15975,1093
28680.931465,2247182987,2247184068,15603,1081
28680.944990,2247192969,2247194060,15718,1091
28680.957016,2247201674,2247202761,15821,1087
28680.969046,2247210370,2247211458,15977,1088
28680.981059,2247219008,2247220094,15602,1086
28681.038171,2247260347,2247261440,15851,1093
28681.050199,2247269085,2247270172,15948,1087
28681.062208,2247277763,2247278859,15687,1096
28681.074239,2247286477,2247287565,15827,1088
28681.137359,2247332151,2247333245,15843,1094
28681.149388,2247341010,2247342113,15947,1103
28681.161397,2247349696,2247350786,15684,1090
28681.173427,2247358366,2247359455,15825,1089
28681.188449,2247369245,2247370331,15765,1086
28681.240560,2247408398,2247409484,15761,1086
28681.344752,2247482332,2247483420,15800,1088
28681.356783,2247491262,2247492350,15867,1088
28681.416891,2247534637,2247535721,15822,1084
28681.428920,2247543331,2247544425,16051,1094
28681.449945,2247558561,2247559650,15681,1089
28681.461976,2247567280,2247568369,15819,1089
28681.474007,2247575990,2247577084,15968,1094
28681.486014,2247584672,2247585768,15684,1096
28681.501058,2247595559,2247596651,15979,1092
28681.552148,2247632455,2247633538,15898,1083
28681.564178,2247641196,2247642284,15957,1088
28681.576191,2247649876,2247650971,15604,1095
28681.588217,2247658606,2247659695,15830,1089
28681.600247,2247667286,2247668382,15896,1096
28681.612254,2247675926,2247677022,15680,1096
28681.636316,2247693387,2247694480,15958,1093
28681.648323,2247702072,2247703153,15603,1081
28681.669371,2247717282,2247718371,15818,1089
28681.681401,2247726001,2247727089,15944,1088
28681.705439,2247743352,2247744445,15817,1093
28681.717470,2247752066,2247753159,15963,1093
28681.756528,2247780336,2247781422,15683,1086
28681.768560,2247789041,2247790140,15819,1099
28681.801615,2247812984,2247814070,15761,1086
28681.813645,2247821695,2247822779,15826,1084
28681.876762,2247867400,2247868494,15821,1094
28681.888796,2247876125,2247877219,15968,1094
28681.927866,2247904418,2247905511,16038,1093
28681.939881,2247913168,2247914230,15706,1062
28681.951915,2247921846,2247922935,15956,1089
28681.963923,2247930506,2247931602,15687,1096
28681.975954,2247939266,2247940354,15851,1088
28681.987984,2247947965,2247949053,15981,1088
28681.999991,2247956655,2247957744,15681,1089
28682.012023,2247965384,2247966473,15832,1089
28682.024050,2247974072,2247975166,15948,1094
28682.036060,2247982779,2247983865,15682,1086
28682.048091,2247991492,2247992571,15830,1079
28682.060121,2248000186,2248001275,15892,1089
28682.072135,2248008836,2248009922,15606,1086
28682.084159,2248017544,2248018638,15830,1094
28682.096190,2248026253,2248027341,15981,1088
28682.168327,2248078465,2248079558,15973,1093
28682.180335,2248087145,2248088231,15686,1086
28682.195379,2248098047,2248099136,15960,1089
28682.207386,2248106709,2248107795,15686,1086
28682.219424,2248115447,2248116541,15907,1094
28682.231447,2248124185,2248125273,15961,1088
28682.243454,2248132855,2248133946,15686,1091
28682.255485,2248141582,2248142670,15784,1088
28682.267516,2248150273,2248151367,15977,1094
28682.279523,2248158953,2248160043,15682,1090
28682.297558,2248172008,2248173089,15685,1081
28682.309589,2248180694,2248181762,15654,1068
28682.321618,2248189386,2248190474,15967,1088
28682.333626,2248198086,2248199177,15684,1091
28682.375722,2248228527,2248229615,15992,1088
28682.387740,2248237234,2248238322,15940,1088
28682.399760,2248245956,2248247053,15831,1097
28682.423810,2248263400,2248264489,15956,1089
28682.435829,2248272120,2248273219,15844,1099
28682.447859,2248280822,2248281910,15972,1088
28682.471893,2248298197,2248299291,15811,1094
28682.483928,2248306891,2248307991,15898,1100
28682.495935,2248315599,2248316685,15604,1086
28682.507961,2248324313,2248325381,15618,1068
28682.519995,2248333004,2248334098,15963,1094
28682.532004,2248341707,2248342790,15687,1083
28682.544034,2248350411,2248351499,15821,1088
28682.556064,2248359084,2248360186,15982,1102
28682.568077,2248367776,2248368867,15602,1091
28682.580103,2248376494,2248377576,15828,1082
28682.634204,2248415637,2248416726,15798,1089
28682.646236,2248424364,2248425457,15964,1093
28682.739398,2248491733,2248492819,15686,1086
28682.751429,2248500438,2248501526,15741,1088
28682.763459,2248509124,2248510208,15980,1084
28682.775466,2248517808,2248518894,15690,1086
28682.787499,2248526556,2248527643,15829,1087
28682.799528,2248535255,2248536348,15982,1093
28682.811535,2248543930,2248545016,15683,1086
28682.823566,2248552693,2248553792,15841,1099
28682.835595,2248561480,2248562578,15861,1098
28682.847616,2248570252,2248571350,15918,1098
28682.859635,2248579046,2248580145,15775,1099
28682.871662,2248587818,2248588912,15819,1094
28682.883686,2248596581,2248597681,15977,1100
28682.919753,2248622744,2248623843,15952,1099
28682.931772,2248631485,2248632582,15847,1097
28682.943802,2248640194,2248641292,15892,1098
28682.955820,2248648905,2248649998,15944,1093
28682.967842,2248657644,2248658743,15844,1099
28682.979871,2248666353,2248667441,15983,1088
28683.000895,2248681591,2248682677,15689,1086
28683.012932,2248690269,2248691363,15883,1094
28683.024955,2248699016,2248700105,15855,1089
28683.036972,2248707727,2248708821,15885,1094
28683.048994,2248716433,2248717530,15732,1097
28683.064021,2248727326,2248728406,15604,1080
28683.172221,2248805578,2248806665,15686,1087
28683.184251,2248814277,2248815365,15730,1088
28683.196284,2248822983,2248824071,16026,1088
28683.208290,2248831665,2248832761,15691,1096
28683.220320,2248840373,2248841460,15846,1087
28683.272432,2248879474,2248880569,15824,1095
28683.376625,2248953341,2248954430,15958,1089
28683.388643,2248962099,2248963191,15941,1092
28683.400665,2248970821,2248971914,15827,1093
28683.412693,2248979560,2248980648,16049,1088
28683.463780,2249016531,2249017613,15900,1082
28683.475814,2249025252,2249026340,16041,1088
28683.487834,2249033956,2249035044,15936,1088
28683.499852,2249042678,2249043773,15831,1095
28683.511881,2249051409,2249052507,15964,1098
28683.523900,2249060122,2249061210,15940,1088
28683.535920,2249068851,2249069944,15825,1093
28683.547951,2249077550,2249078635,15977,1085
28683.559968,2249086242,2249087334,15843,1092
28683.571989,2249094994,2249096088,15834,1094
28683.590023,2249108043,2249109131,15824,1088
28683.602054,2249116732,2249117819,16082,1087
28683.616579,2249128714,2249129808,15853,1094
28683.633613,2249139627,2249140716,15957,1089
28683.645621,2249148267,2249149358,15682,1091
28683.657659,2249157000,2249158089,15815,1089
28683.669682,2249165717,2249166809,15955,1092
28683.708747,2249193895,2249194982,15604,1087
28683.720771,2249202593,2249203687,15770,1094
28683.807936,2249265667,2249266753,15603,1086
28683.819961,2249274476,2249275564,15828,1088
28683.831991,2249283211,2249284298,15956,1087
28683.844010,2249291898,2249292992,15943,1094
28683.856037,2249300622,2249301690,15745,1068
28683.886094,2249322429,2249323518,15956,1089
28683.898101,2249331099,2249332187,15682,1088
28683.913145,2249341987,2249343070,15944,1083
28683.925164,2249350684,2249351777,15940,1093
28683.976265,2249387726,2249388819,15960,1093
28683.988284,2249396444,2249397537,15935,1093
28684.000304,2249405159,2249406247,15901,1088
28684.012334,2249413898,2249414987,15944,1089
28684.024354,2249422620,2249423713,15944,1093
28684.123541,2249494493,2249495581,15941,1088
28684.135561,2249503235,2249504327,15743,1092
28684.147591,2249511925,2249513015,15984,1090
28684.159611,2249520614,2249521703,15962,1089
28684.180645,2249535840,2249536932,15808,1092
28684.192677,2249544550,2249545638,15956,1088
28684.219728,2249564090,2249565184,16058,1094
28684.231747,2249572803,2249573895,15946,1092
28684.243767,2249581518,2249582612,15829,1094
28684.255796,2249590258,2249591351,15962,1093
28684.267815,2249598998,2249600081,15941,1083
28684.279835,2249607744,2249608832,15836,1088
28684.297869,2249620826,2249621917,15906,1091
28684.309900,2249629508,2249630595,16023,1087
28684.324921,2249640386,2249641475,15828,1089
28684.336951,2249649107,2249650201,15970,1094
28684.348970,2249657821,2249658921,16028,1100
28684.360989,2249666562,2249667660,15907,1098
28684.373020,2249675240,2249676328,15962,1088
28684.424110,2249712263,2249713361,15835,1098
28684.436140,2249721015,2249722109,15957,1094
28684.448158,2249729716,2249730802,15856,1086
28684.460178,2249738447,2249739535,15825,1088
28684.472208,2249747176,2249748270,15951,1094
28684.490243,2249760256,2249761339,15871,1083
28684.502259,2249768910,2249769992,15843,1082
28684.520295,2249781963,2249783051,15939,1088
28684.532311,2249790672,2249791741,15616,1069
28684.553362,2249805908,2249807003,15963,1095
28684.565381,2249814629,2249815728,15937,1099
28684.628502,2249860377,2249861466,15944,1089
28684.640523,2249869122,2249870216,15827,1094
28684.655555,2249880031,2249881122,15955,1091
28684.667573,2249888776,2249889865,15832,1089
28684.679603,2249897488,2249898582,15867,1094
28684.697637,2249910543,2249911633,15949,1090
28684.711165,2249917195,2249917833,13678,638
28684.724334,2249922925,2249923536,12029,611
28684.738214,2249929486,2249930617,16389,1131
28684.750231,2249938560,2249939696,16185,1136
28684.762261,2249947694,2249948830,16228,1136
28684.774282,2249956827,2249957969,16379,1142
28684.795316,2249972836,2249973979,16253,1143
28684.807346,2249981987,2249983134,16313,1147
28684.819367,2249991143,2249992281,16343,1138
28684.831384,2250000289,2250001430,16258,1141
28684.843417,2250009470,2250010617,16318,1147
28684.855437,2250018643,2250019786,16392,1143
28684.867453,2250027786,2250028928,16215,1142
28684.879483,2250036949,2250038094,16321,1145
28684.897517,2250050722,2250051869,16314,1147
28684.909539,2250059875,2250061013,16388,1138
28684.921556,2250069025,2250070172,16170,1147
28684.933587,2250078202,2250079349,16300,1147
28684.945608,2250087356,2250088497,16300,1141
28684.960637,2250098804,2250099942,16312,1138
28684.972659,2250107966,2250109108,16388,1142
28684.984676,2250117135,2250118282,16169,1147
28684.996706,2250126323,2250127473,16207,1150
28685.023758,2250146910,2250148053,16321,1143
28685.035779,2250156080,2250157223,16385,1143
28685.047796,2250165263,2250166406,16244,1143
28685.059826,2250174409,2250175560,16326,1151
28685.080865,2250190462,2250191613,16389,1151
28685.092882,2250199649,2250200792,16258,1143
28685.107916,2250211108,2250212260,16386,1152
28685.143985,2250238646,2250239793,16386,1147
28685.156002,2250247825,2250248969,16236,1144
28685.168032,2250256983,2250258135,16280,1152
28685.180053,2250266163,2250267307,16298,1144
28685.192072,2250275320,2250276467,16283,1147
28685.204101,2250284488,2250285630,16235,1142
28685.216126,2250292028,2250293161,16418,1133
28685.228139,2250301157,2250302295,16243,1138
28685.240168,2250310313,2250311466,16324,1153
28685.252193,2250319504,2250320651,16388,1147
28685.264208,2250328691,2250329866,16171,1175
28685.276235,2250337890,2250339037,16318,1147
28685.294269,2250351635,2250352782,16399,1147
28685.306294,2250360796,2250361939,16480,1143
28685.345360,2250390633,2250391770,16328,1137
28685.357389,2250399796,2250400943,16320,1147
28685.372413,2250411246,2250412393,16252,1147
28685.384441,2250420431,2250421583,16313,1152
28685.411492,2250441129,2250442276,16317,1147
28685.423517,2250450302,2250451449,16398,1147
28685.435533,2250459484,2250460626,16260,1142
28685.447561,2250468644,2250469826,16318,1182
28685.465597,2250482462,2250483608,16303,1146
28685.477621,2250491632,2250492779,16406,1147
28685.489636,2250500788,2250501935,16326,1147
28685.501665,2250509959,2250511106,16407,1147
28685.513690,2250519123,2250520279,16416,1156
28685.525707,2250528302,2250529444,16325,1142
28685.543738,2250542074,2250543220,16237,1146
28685.555767,2250551256,2250552403,16212,1147
28685.567792,2250560425,2250561572,16402,1147
28685.579807,2250569584,2250570734,16150,1150
28685.591837,2250578753,2250579905,16276,1152
28685.603862,2250587939,2250589086,16322,1147
28685.615876,2250597114,2250598261,16251,1147
28685.627905,2250606303,2250607445,16322,1142
28685.639930,2250615494,2250616641,16416,1147
28685.651947,2250624665,2250625806,16353,1141
28685.663974,2250633874,2250635020,16330,1146
28685.675999,2250643048,2250644195,16416,1147
28685.688016,2250652212,2250653364,16273,1152
28685.706051,2250665981,2250667123,16272,1142
28685.718077,2250675166,2250676313,16323,1147
28685.733100,2250686655,2250687800,16245,1145
28685.745128,2250695827,2250696974,16323,1147
28685.772182,2250716488,2250717635,16427,1147
28685.784204,2250725684,2250726831,16409,1147
28685.796219,2250734869,2250736024,16252,1155
28685.808248,2250744067,2250745214,16235,1147
28685.820273,2250753242,2250754389,16322,1147
28685.832288,2250762407,2250763550,16245,1143
28685.844317,2250771589,2250772730,16320,1141
28685.859339,2250783058,2250784205,16242,1147
28685.871367,2250792275,2250793427,16327,1152
28685.883391,2250801447,2250802598,16405,1151
28685.895408,2250810614,2250811766,16257,1152
28685.907435,2250819782,2250820928,16325,1146
28685.919460,2250828984,2250830131,16401,1147
28685.931477,2250838176,2250839328,16340,1152
28685.943506,2250847359,2250848508,16319,1149
28685.955528,2250856516,2250857655,16304,1139
28685.967545,2250865687,2250866833,16256,1146
28685.979573,2250874871,2250876015,16321,1144
28685.991597,2250884041,2250885223,16321,1182
28686.040695,2250923149,2250924297,16319,1148
28686.057717,2250934603,2250935750,16263,1147
28686.069746,2250943774,2250944922,16320,1148
28686.081769,2250952936,2250954083,16396,1147
28686.100808,2250968979,2250970123,16250,1144
28686.144889,2251001113,2251002278,16392,1165
28686.156905,2251010323,2251011495,16167,1172
28686.180957,2251028733,2251029886,16395,1153
28686.192973,2251037911,2251039058,16250,1147
28686.205001,2251047084,2251048231,16316,1147
28686.245082,2251079175,2251080327,16254,1152
28686.268122,2251095237,2251096384,16325,1147
28686.280146,2251104459,2251105611,16398,1152
28686.292162,2251113648,2251114800,16254,1152
28686.304190,2251122830,2251123982,16323,1152
28686.316215,2251132008,2251133155,16368,1147
28686.328231,2251141182,2251142330,16258,1148
28686.340258,2251150351,2251151499,16322,1148
28686.352283,2251159548,2251160690,16393,1142
28686.364300,2251168711,2251169858,16168,1147
28686.376327,2251177872,2251179019,16321,1147
28686.400369,2251196298,2251197440,16261,1142
28686.412396,2251205452,2251206604,16233,1152
28686.436435,2251223820,2251224962,16157,1142
28686.448464,2251233013,2251234160,16235,1147
28686.460489,2251242176,2251243315,16393,1139
28686.472505,2251251348,2251252495,16253,1147
28686.508574,2251279055,2251280198,16243,1143
28686.520603,2251288231,2251289378,16235,1147
28686.535624,2251299701,2251300850,16140,1149
28686.547655,2251308899,2251310046,16322,1147
28686.559679,2251318079,2251319228,16315,1149
28686.571694,2251327276,2251328423,16241,1147
28686.583722,2251336437,2251337589,16318,1152
28686.595747,2251345632,2251346807,16409,1175
28686.607763,2251354834,2251355972,16244,1138
28686.619791,2251364000,2251365147,16320,1147
28686.631816,2251373181,2251374325,16410,1144
28686.664877,2251398417,2251399565,16300,1148
28686.676902,2251407598,2251408740,16318,1142
28686.691928,2251419084,2251420231,16329,1147
28686.703952,2251428253,2251429391,16405,1138
28686.715971,2251437428,2251438580,16286,1152
28686.727996,2251446606,2251447752,16363,1146
28686.740020,2251455782,2251456929,16393,1147
28686.752037,2251464958,2251466105,16257,1147
28686.764065,2251474152,2251475294,16411,1142
28686.776091,2251483350,2251484504,16402,1154
28686.788106,2251492530,2251493676,16261,1146
28686.800133,2251501707,2251502854,16321,1147
28686.812157,2251510870,2251512013,16398,1143
28686.824174,2251520049,2251521195,16263,1146
28686.842208,2251533829,2251534975,16339,1146
28686.854236,2251542988,2251544165,16322,1177
28686.875277,2251559062,2251560215,16396,1153
28686.887296,2251568291,2251569439,16257,1148
28686.899322,2251577477,2251578625,16321,1148
28686.911346,2251586668,2251587819,16396,1151
28686.923363,2251595843,2251596980,16172,1137
28686.944407,2251611902,2251613049,16319,1147
28686.956432,2251621094,2251622241,16306,1147
28686.977466,2251637163,2251638326,16255,1163
28686.989494,2251646366,2251647513,16325,1147
28687.016544,2251667039,2251668186,16323,1147
28687.028569,2251676237,2251677387,16396,1150
28687.079665,2251715358,2251716510,16323,1152
28687.091691,2251724563,2251725705,16323,1142
28687.103706,2251733741,2251734898,16244,1157
28687.115734,2251742964,2251744111,16321,1147
28687.127759,2251752133,2251753285,16409,1152
28687.139774,2251761324,2251762476,16239,1152
28687.151803,2251770506,2251771659,16324,1153
28687.169837,2251784274,2251785421,16313,1147
28687.181862,2251793461,2251794643,16421,1182
28687.208914,2251814179,2251815326,16405,1147
28687.220929,2251823378,2251824550,16178,1172
28687.256997,2251850952,2251852093,16240,1141
28687.269026,2251860128,2251861277,16233,1149
28687.284049,2251871608,2251872756,16238,1148
28687.297083,2251883501,2251884653,16379,1152
28687.374221,2251940895,2251942046,16248,1151
28687.386249,2251950083,2251951225,16321,1142
28687.404283,2251963875,2251965027,16400,1152
28687.416308,2251973027,2251974174,16491,1147
28687.431335,2251984494,2251985641,16327,1147
28687.443359,2251993667,2251994809,16490,1142
28687.455374,2252002834,2252003972,16321,1138
28687.467403,2252012022,2252013199,16320,1177
28687.479428,2252021241,2252022393,16425,1152
28687.491443,2252030415,2252031562,16245,1147
28687.503472,2252039635,2252040782,16329,1147
28687.515496,2252048837,2252049980,16488,1143
28687.527511,2252058009,2252059156,16238,1147
28687.539541,2252067185,2252068327,16332,1142
28687.551565,2252076366,2252077508,16410,1142
28687.563581,2252085539,2252086680,16251,1141
28687.575609,2252094724,2252095876,16319,1152
28687.587634,2252103913,2252105060,16488,1147
28687.599649,2252113122,2252114298,16330,1176
28687.611678,2252122330,2252123476,16321,1146
28687.623704,2252131500,2252132646,16382,1146
28687.635718,2252140671,2252141818,16326,1147
28687.701849,2252191178,2252192325,16407,1147
28687.713873,2252200378,2252201555,16404,1177
28687.725890,2252209587,2252210734,16261,1147
28687.825077,2252285378,2252286526,16231,1148
28687.837108,2252294602,2252295789,16236,1187
28687.849131,2252303869,2252305046,16366,1177
28687.885198,2252331601,2252332757,16300,1156
28687.897215,2252340846,2252342003,16169,1157
28687.909245,2252350081,2252351228,16280,1147
28687.921266,2252359287,2252360436,16477,1149
28687.933284,2252368490,2252369645,16345,1155
28687.945314,2252377680,2252378826,16346,1146
28687.984387,2252407535,2252408682,16399,1147
28687.996404,2252416711,2252417858,16263,1147
28688.008434,2252425886,2252427029,16304,1143
28688.020455,2252435060,2252436207,16396,1147
28688.032472,2252444212,2252445359,16341,1147
28688.044503,2252453434,2252454579,16323,1145
28688.104610,2252499402,2252500545,16268,1143
28688.116640,2252508582,2252509728,16332,1146
28688.131661,2252520111,2252521253,16346,1142
28688.143691,2252529283,2252530439,16324,1156
28688.155713,2252538478,2252539625,16473,1147
28688.167732,2252547640,2252548787,16375,1147
28688.179760,2252556815,2252557962,16410,1147
28688.191781,2252566017,2252567164,16396,1147
28688.203797,2252575195,2252576342,16262,1147
28688.215828,2252584396,2252585538,16325,1142
28688.227849,2252593570,2252594751,16389,1181
28688.239867,2252602784,2252603926,16344,1142
28688.251897,2252611973,2252613149,16406,1176
28688.263921,2252621171,2252622323,16447,1152
28688.275935,2252630360,2252631502,16347,1142
28688.287965,2252639532,2252640679,16403,1147
28688.299987,2252648704,2252649851,16449,1147
28688.312004,2252657895,2252659068,16260,1173
28688.324034,2252667094,2252668241,16406,1147
28688.336056,2252676302,2252677444,16481,1142
28688.348072,2252685484,2252686625,16259,1141
28688.360103,2252694652,2252695802,16326,1150
28688.372124,2252703827,2252704974,16382,1147
28688.384141,2252713022,2252714169,16345,1147
28688.396171,2252722208,2252723360,16407,1152
28688.408193,2252731376,2252732528,16401,1152
28688.426227,2252745156,2252746313,16471,1157
28688.438244,2252754333,2252755476,16343,1143
28688.456278,2252768106,2252769253,16343,1147
28688.468308,2252777273,2252778425,16407,1152
28688.480330,2252786431,2252787578,16480,1147
28688.492347,2252795647,2252796795,16256,1148
28688.504377,2252804818,2252805965,16409,1147
28688.519396,2252816300,2252817447,16245,1147
28688.531429,2252825530,2252826683,16325,1153
28688.543450,2252834743,2252835893,16393,1150
28688.555467,2252843925,2252845078,16260,1153
28688.567497,2252853117,2252854260,16319,1143
28688.579519,2252862293,2252863440,16480,1147
28688.591535,2252871481,2252872628,16346,1147
28688.603566,2252880667,2252881808,16409,1141
28688.615587,2252889869,2252891016,16476,1147
28688.627604,2252899057,2252900238,16259,1181
28688.639635,2252908268,2252909414,16323,1146
28688.651656,2252917451,2252918598,16398,1147
28688.663673,2252926640,2252927782,16258,1142
28688.675703,2252935841,2252936978,16323,1137
28688.687724,2252945022,2252946176,16476,1154
28688.699741,2252954240,2252955387,16263,1147
28688.711772,2252963421,2252964573,16326,1152
28688.723793,2252972641,2252973788,16480,1147
28688.735812,2252981861,2252983014,16258,1153
28688.747840,2252991051,2252992198,16234,1147
28688.759862,2253000256,2253001412,16394,1156
28688.771883,2253009668,2253010810,16381,1142
28688.783897,2253018823,2253019945,16023,1122
28688.795935,2253027962,2253029108,16509,1146
28688.807948,2253037101,2253038247,16340,1146
28688.819969,2253046254,2253047396,16266,1142
28688.832001,2253055396,2253056542,16507,1146
28688.844016,2253064556,2253065732,16333,1176
28688.856034,2253073725,2253074852,16058,1127
28688.868066,2253082845,2253083991,16405,1146
28688.886103,2253096519,2253097665,16501,1146
28688.904138,2253110226,2253111372,16507,1146
28688.916154,2253119376,2253120523,16361,1147
28688.928171,2253128546,2253129668,16034,1122
28688.940207,2253137689,2253138828,16414,1139
28688.952222,2253146839,2253147991,16248,1152
28688.964252,2253155984,2253157106,16074,1122
28688.976275,2253165094,2253166238,16500,1144
28688.988290,2253174271,2253175418,16255,1147
28689.000308,2253183453,2253184580,16019,1127
28689.012344,2253192566,2253193717,16452,1151
28689.024361,2253201744,2253202885,16313,1141
28689.099501,2253258922,2253260070,16237,1148
28689.111532,2253268115,2253269267,16372,1152
28689.123550,2253277300,2253278452,16324,1152
28689.135570,2253286488,2253287632,16237,1144
28689.147601,2253295746,2253296887,16380,1141
28689.159619,2253304911,2253306067,16358,1156
28689.171639,2253314098,2253315245,16240,1147
28689.183669,2253323284,2253324436,16379,1152
28689.195687,2253332468,2253333615,16361,1147
28689.207709,2253341637,2253342779,16237,1142
28689.219737,2253350846,2253351998,16361,1152
28689.231756,2253360034,2253361172,16358,1138
28689.243775,2253369207,2253370357,16236,1150
28689.255806,2253378377,2253379524,16463,1147
28689.267826,2253387551,2253388697,16456,1146
28689.285858,2253401331,2253402478,16352,1147
28689.297879,2253410502,2253411685,16240,1183
28689.312906,2253421960,2253423105,16334,1145
28689.324929,2253431120,2253432260,16321,1140
28689.345978,2253447173,2253448320,16400,1147
28689.357993,2253456345,2253457494,16431,1149
28689.370016,2253465526,2253466673,16321,1147
28689.382046,2253474693,2253475870,16454,1177
28689.413105,2253499928,2253501080,16312,1152
28689.445162,2253522805,2253523946,16366,1141
28689.457182,2253531960,2253533107,16461,1147
28689.511285,2253573123,2253574270,16270,1147
28689.523304,2253582268,2253583418,15991,1150
28689.535336,2253591412,2253592534,16296,1122
28689.553368,2253605113,2253606259,16363,1146
28689.565391,2253614281,2253615428,16366,1147
28689.607470,2253646291,2253647443,16440,1152
28689.619492,2253655480,2253656632,16344,1152
28689.631513,2253664676,2253665823,16229,1147
28689.724693,2253735564,2253736709,16361,1145
28689.736714,2253744725,2253745873,16457,1148
28689.760765,2253763010,2253764157,16407,1147
28689.772782,2253772244,2253773391,16370,1147
28689.799834,2253792811,2253793963,16371,1152
28689.811856,2253801959,2253803111,16189,1152
28689.823882,2253811102,2253812244,16268,1142
28689.835903,2253820258,2253821405,16377,1147
28689.847925,2253829378,2253830517,15960,1139
28689.859954,2253838530,2253839681,16411,1151
28689.871971,2253847688,2253848835,16293,1147
28689.883990,2253856816,2253857956,16028,1140
28689.896019,2253865959,2253867106,16268,1147
28689.908040,2253875153,2253876292,16216,1139
28689.920059,2253884298,2253885468,15915,1170
28689.932092,2253893461,2253894587,16253,1126
28689.944108,2253902623,2253903771,16374,1148
28689.956135,2253911761,2253912911,16110,1150
28689.968157,2253920929,2253922081,16316,1152
28689.980177,2253930122,2253931269,16374,1147
28690.025263,2253964396,2253965542,16375,1146
28690.037281,2253973531,2253974671,16029,1140
28690.049311,2253982665,2253983817,16360,1152
28690.151504,2254060494,2254061640,16344,1146
28690.163522,2254069639,2254070779,16029,1140
28690.175551,2254078871,2254080018,16463,1147
28690.187571,2254088008,2254089151,16460,1143
28690.199590,2254097127,2254098272,16110,1145
28690.211624,2254106295,2254107447,16371,1152
28690.223640,2254115449,2254116591,16380,1142
28690.235662,2254124547,2254125692,16042,1145
28690.256708,2254140617,2254141764,16407,1147
28690.268724,2254149761,2254150908,16296,1147
28690.313813,2254184073,2254185220,16425,1147
28690.325830,2254193205,2254194361,16064,1156
28690.367914,2254225262,2254226414,16380,1152
28690.379933,2254234418,2254235557,16107,1139
28690.391962,2254243603,2254244782,16366,1179
28690.470105,2254303119,2254304264,16034,1145
28690.482134,2254312274,2254313426,16444,1152
28690.494154,2254321423,2254322564,16458,1141
28690.506176,2254330566,2254331713,16232,1147
28690.572306,2254380900,2254382046,16443,1146
28690.584328,2254390095,2254391244,16379,1149
28690.596345,2254399231,2254400376,16033,1145
28690.608379,2254408385,2254409542,16376,1157
28690.632414,2254426733,2254427876,16029,1143
28690.644443,2254435880,2254437027,16396,1147
28690.656466,2254445061,2254446202,16362,1141
28690.683516,2254465729,2254466876,16426,1147
28690.695534,2254474870,2254476019,16033,1149
28690.707568,2254484036,2254485161,16298,1125
28690.719586,2254493176,2254494323,16448,1147
28690.740619,2254509143,2254510280,16107,1137
28690.752652,2254518295,2254519442,16491,1147
28690.785705,2254543462,2254544602,16104,1140
28690.797738,2254552662,2254553809,16401,1147
28690.884894,2254619119,2254620264,16029,1145
28690.896923,2254628273,2254629420,16358,1147
28690.920962,2254646624,2254647762,16030,1138
28690.932991,2254655758,2254656902,16362,1144
28690.984082,2254694598,2254695742,16029,1144
28690.996112,2254703770,2254704923,16266,1153
28691.008134,2254712999,2254714146,16353,1147
28691.020151,2254722173,2254723313,15912,1140
28691.032180,2254731313,2254732460,16360,1147
28691.044201,2254740452,2254741589,16373,1137
28691.056220,2254749605,2254750754,16038,1149
28691.068249,2254758763,2254759909,16272,1146
28691.080269,2254767907,2254769054,16373,1147
28691.092288,2254777044,2254778184,16024,1140
28691.104321,2254786202,2254787349,16375,1147
28691.116339,2254795390,2254796537,16335,1147
28691.128357,2254804565,2254805710,15992,1145
28691.176454,2254841170,2254842321,16359,1151
28691.188475,2254850395,2254851542,16378,1147
28691.212523,2254868745,2254869896,16362,1151
28691.224544,2254877912,2254879060,16381,1148
28691.239575,2254889382,2254890528,16362,1146
28691.251598,2254898544,2254899691,16446,1147
28691.263614,2254907676,2254908816,16025,1140
28691.275645,2254916816,2254917967,16216,1151
28691.287663,2254925964,2254927116,16379,1152
28691.299685,2254935113,2254936260,16238,1147
28691.317716,2254948871,2254950015,16105,1144
28691.329748,2254958027,2254959173,16366,1146
28691.401887,2255013047,2255014205,16374,1158
28691.413904,2255022238,2255023380,16377,1142
28691.425925,2255031388,2255032533,16106,1145
28691.437952,2255040539,2255041686,16368,1147
28691.449975,2255049719,2255050867,16362,1148
28691.461991,2255058864,2255060005,16022,1141
28691.528123,2255109236,2255110383,16442,1147
28691.540143,2255118391,2255119552,16376,1161
28691.552163,2255127522,2255128663,16112,1141
28691.564192,2255136644,2255137796,16444,1152
28691.582226,2255150339,2255151486,16364,1147
28691.594246,2255159492,2255160645,16265,1153
28691.609277,2255170937,2255172089,16365,1152
28691.621300,2255180095,2255181242,16381,1147
28691.633317,2255189220,2255190394,16111,1174
28691.645351,2255198406,2255199553,16410,1147
28691.657366,2255207557,2255208698,16377,1141
28691.669385,2255216673,2255217818,16032,1145
28691.681415,2255225821,2255226968,16361,1147
28691.693435,2255234970,2255236142,16264,1172
28691.708469,2255246440,2255247565,16216,1125
28691.744538,2255273847,2255274994,16407,1147
28691.756555,2255283022,2255284191,16458,1169
28691.819675,2255331059,2255332206,16376,1147
28691.831691,2255340200,2255341335,15910,1135
28691.843726,2255349344,2255350491,16314,1147
28691.861758,2255363083,2255364230,16350,1147
28691.873778,2255372200,2255373343,16329,1143
28691.885797,2255381304,2255382449,16030,1145
28691.897831,2255390493,2255391671,16290,1178
28691.909846,2255399681,2255400828,16369,1147
28691.948917,2255429376,2255430521,16027,1145
28691.960946,2255438544,2255439716,16356,1172
28691.994006,2255463715,2255464857,16233,1142
28692.006032,2255472844,2255473984,16361,1140
28692.018052,2255482029,2255483171,16372,1142
28692.030073,2255491163,2255492313,16028,1150
28692.042104,2255500322,2255501465,16404,1143
28692.054121,2255509474,2255510625,16372,1151
28692.066140,2255518604,2255519754,16031,1150
28692.156315,2255587271,2255588424,16047,1153
28692.168341,2255596448,2255597599,16356,1151
28692.180362,2255605608,2255606750,16380,1142
28692.201397,2255621648,2255622793,15995,1145
28692.213426,2255630800,2255631947,16360,1147
28692.228449,2255642227,2255643371,16030,1144
28692.240481,2255651389,2255652541,16405,1152
28692.264517,2255669695,2255670836,16030,1141
28692.276546,2255678845,2255679986,16444,1141
28692.291572,2255690277,2255691424,16314,1147
28692.360704,2255742975,2255744126,16459,1151
28692.372723,2255752122,2255753280,16108,1158
28692.384755,2255761286,2255762409,16295,1123
28692.435851,2255800126,2255801271,16193,1145
28692.447873,2255809324,2255810471,16445,1147
28692.459893,2255818465,2255819607,16458,1142
28692.471912,2255827597,2255828740,16029,1143
28692.483941,2255836763,2255837910,16449,1147
28692.495963,2255845943,2255847116,16425,1173
28692.569108,2255903096,2255904241,16111,1145
28692.640239,2255955855,2255957008,16362,1153
28692.652255,2255965062,2255966207,16026,1145
28692.664284,2255974201,2255975348,16368,1147
28692.676304,2255983345,2255984492,16377,1147
28692.712373,2256010840,2256011986,16383,1146
28692.724392,2256019995,2256021170,16030,1175
28692.775493,2256058980,2256060123,16383,1143
28692.787514,2256068153,2256069301,16255,1148
28692.799541,2256077369,2256078518,16362,1149
28692.811562,2256086515,2256087662,16375,1147
28692.823580,2256095661,2256096810,16112,1149
28692.835613,2256104811,2256105958,16486,1147
28692.859649,2256123107,2256124250,16107,1143
28692.871678,2256132241,2256133381,16367,1140
28692.883699,2256141402,2256142550,16272,1148
28692.904735,2256157445,2256158583,16109,1138
28692.916768,2256166654,2256167812,16321,1158
28692.928789,2256175887,2256177044,16390,1157
28692.940807,2256185141,2256186293,16322,1152
28692.952835,2256194370,2256195516,16399,1146
28692.985892,2256219743,2256220890,16336,1147
28692.997921,2256228902,2256230024,16296,1122
28693.033990,2256256269,2256257421,16490,1152
28693.046007,2256265437,2256266579,16459,1142
28693.061038,2256276932,2256278075,16357,1143
28693.101120,2256308968,2256310109,16024,1141
28693.193284,2256377510,2256378651,15992,1141
28693.205313,2256386653,2256387802,16444,1149
28693.223347,2256400347,2256401505,16360,1158
28693.235370,2256409505,2256410652,16365,1147
28693.247386,2256418621,2256419771,16028,1150
28693.259416,2256427810,2256428958,16359,1148
28693.271436,2256436939,2256438084,16461,1145
28693.283458,2256446097,2256447244,16318,1147
28693.295484,2256455252,2256456395,16451,1143
28693.307505,2256464389,2256465531,16335,1142
28693.319524,2256473546,2256474686,16029,1140
28693.331556,2256482734,2256483881,16491,1147
28693.349587,2256496456,2256497602,16361,1146
28693.361607,2256505587,2256506729,16381,1142
28693.409695,2256542214,2256543359,16105,1145
28693.421727,2256551390,2256552508,16218,1118
28693.457793,2256578778,2256579954,16358,1176
28693.469813,2256587982,2256589130,16374,1148
28693.481835,2256597142,2256598289,16236,1147
28693.493861,2256606288,2256607427,16352,1139
28693.511896,2256619994,2256621141,16362,1147
28693.523916,2256629147,2256630309,16284,1162
28693.535938,2256638305,2256639450,16030,1145
28693.547964,2256647452,2256648634,16267,1182
28693.559985,2256656620,2256657772,16284,1152
28693.581023,2256672613,2256673756,16231,1143
28693.593050,2256681809,2256682956,16359,1147
28693.633134,2256713812,2256714961,16041,1149
28693.665187,2256736664,2256737811,16360,1147
28693.677208,2256745858,2256747005,16343,1147
28693.692239,2256757331,2256758499,16361,1168
28693.704259,2256766488,2256767633,16373,1145
28693.716278,2256775626,2256776771,16110,1145
28693.728310,2256784792,2256785939,16497,1147
28693.740324,2256793933,2256795115,16302,1182
28693.767379,2256814579,2256815726,16369,1147
28693.779405,2256820948,2256821771,14361,823
28693.791434,2256826456,2256827076,12582,620
28693.813970,2256839543,2256840684,16351,1141
28693.825991,2256848724,2256849886,16244,1162
28693.841021,2256860205,2256861357,16348,1152
28693.853041,2256869389,2256870551,16234,1162
28693.868076,2256880879,2256882036,16392,1157
28693.881604,2256891617,2256892774,16396,1157
28693.893618,2256900811,2256901963,16363,1152
28693.905638,2256909978,2256911158,16025,1180
28693.916160,2256918529,2256919685,16434,1156
28693.928184,2256927787,2256928939,16249,1152
28693.940210,2256936989,2256938143,16441,1154
28693.952231,2256946197,2256947359,16380,1162
28693.964250,2256955382,2256956532,16118,1150
28693.976281,2256964579,2256965728,16401,1149
28693.988301,2256973764,2256974910,16382,1146
28694.000319,2256982958,2256984113,16077,1155
28694.024368,2257001274,2257002421,16344,1147
28694.036387,2257010423,2257011568,15998,1145
28694.057433,2257026440,2257027587,16437,1147
28694.069454,2257035594,2257036741,16377,1147
28694.087488,2257049306,2257050445,16369,1139
28694.099507,2257058433,2257059578,16032,1145
28694.111536,2257067593,2257068740,16356,1147
28694.123557,2257076747,2257077893,16267,1146
28694.135576,2257085919,2257087069,16001,1150
28694.147607,2257095108,2257096229,16214,1121
28694.159625,2257104237,2257105384,16366,1147
28694.171652,2257113363,2257114507,16092,1144
28694.183675,2257122497,2257123623,16214,1126
28694.195696,2257131639,2257132786,16371,1147
28694.207713,2257140764,2257141907,16035,1143
28694.219742,2257149910,2257151063,16361,1153
28694.231764,2257159103,2257160255,16344,1152
28694.243781,2257168239,2257169384,16038,1145
28694.255810,2257177390,2257178540,16361,1150
28694.267831,2257186554,2257187700,16377,1146
28694.279850,2257195674,2257196819,16032,1145
28694.291884,2257202893,2257203992,16000,1099
28694.303900,2257211625,2257212707,15879,1082
28694.315918,2257220342,2257221433,15600,1091
28694.327951,2257229105,2257230194,15963,1089
28694.339968,2257237803,2257238902,15972,1099
28694.351987,2257246507,2257247598,15633,1091
28694.364016,2257255218,2257256312,15947,1094
28694.376039,2257263932,2257265026,15864,1094
28694.388056,2257272631,2257273721,15631,1090
28694.400085,2257281327,2257282426,15947,1099
28694.412108,2257290051,2257291144,16049,1093
28694.424127,2257298787,2257299883,15843,1096
28694.436153,2257307509,2257308603,15944,1094
28694.448174,2257316238,2257317337,15962,1099
28694.460196,2257324972,2257326066,15827,1094
28694.472225,2257333684,2257334784,15993,1100
28694.484242,2257342399,2257343493,15970,1094
28694.496263,2257351094,2257352185,15628,1091
28694.508290,2257359813,2257360907,15952,1094
28694.520311,2257368529,2257369616,15856,1087
28694.541347,2257383785,2257384876,15625,1091
28694.553376,2257392499,2257393591,16031,1092
28694.577416,2257409937,2257411033,15631,1096
28694.589445,2257418649,2257419743,15950,1094
28694.613485,2257436051,2257437142,15637,1091
28694.625517,2257444812,2257445906,15958,1094
28694.637534,2257453523,2257454615,15965,1092
28694.649553,2257462200,2257463286,15711,1086
28694.661582,2257470916,2257472010,15956,1094
28694.673606,2257479633,2257480726,15960,1093
28694.685622,2257488341,2257489426,15682,1085
28694.697651,2257497023,2257498117,15947,1094
28694.709672,2257505744,2257506838,15971,1094
28694.721695,2257514487,2257515586,15839,1099
28694.757759,2257540621,2257541712,15631,1091
28694.769790,2257549349,2257550431,15996,1082
28694.781808,2257558070,2257559167,15974,1097
28694.793827,2257566746,2257567837,15629,1091
28694.820882,2257586328,2257587425,15825,1097
28694.832908,2257595059,2257596160,15948,1101
28694.859963,2257614673,2257615762,15965,1089
28694.871983,2257623367,2257624472,15953,1105
28694.890014,2257636417,2257637504,15959,1087
28694.902033,2257645107,2257646202,15630,1095
28694.920070,2257658198,2257659285,15826,1087
28694.932096,2257666914,2257668013,15950,1099
28694.944117,2257675653,2257676741,15879,1088
28694.956136,2257684339,2257685430,15630,1091
28694.969174,2257695196,2257696289,15946,1093
28694.986199,2257706070,2257707158,15950,1088
28694.998220,2257714788,2257715875,15969,1087
28695.025272,2257734394,2257735493,15934,1099
28695.037290,2257743092,2257744181,15633,1089
28695.073360,2257769202,2257770293,15633,1091
28695.085390,2257777905,2257778972,15803,1067
28695.109428,2257795241,2257796327,15632,1086
28695.121461,2257803968,2257805062,15960,1094
28695.139491,2257817044,2257818143,15947,1099
28695.151512,2257825775,2257826863,15968,1088
28695.163538,2257834478,2257835563,15683,1085
28695.175560,2257843168,2257844262,15941,1094
28695.232666,2257884553,2257885641,15964,1088
28695.244685,2257893245,2257894335,15633,1090
28695.259718,2257904155,2257905243,15884,1088
28695.271736,2257912868,2257913960,15594,1092
28695.283765,2257921586,2257922680,15955,1094
28695.295786,2257930293,2257931392,15882,1099
28695.307805,2257938974,2257940065,15553,1091
28695.319838,2257947735,2257948822,15924,1087
28695.331855,2257956450,2257957538,15971,1088
28695.343874,2257965125,2257966221,15631,1096
28695.355902,2257973826,2257974925,15946,1099
28695.367926,2257982556,2257983649,15863,1093
28695.379942,2257991240,2257992325,15630,1085
28695.391971,2257999945,2258001039,15948,1094
28695.403992,2258008668,2258009759,15883,1091
28695.416014,2258017376,2258018464,15908,1088
28695.428042,2258026096,2258027164,15884,1068
28695.440060,2258034776,2258035870,15918,1094
28695.452079,2258043458,2258044549,15551,1091
28695.464111,2258052198,2258053286,15962,1088
28695.476129,2258060898,2258061991,15966,1093
28695.488148,2258069576,2258070673,15631,1097
28695.500177,2258078284,2258079378,15860,1094
28695.512198,2258087000,2258088088,15770,1088
28695.524218,2258095725,2258096816,15598,1091
28695.536245,2258104426,2258105510,15951,1084
28695.548266,2258113151,2258114245,15968,1094
28695.560293,2258121826,2258122923,15716,1097
28695.572318,2258130578,2258131677,15968,1099
28695.587336,2258141453,2258142544,15553,1091
28695.599365,2258150168,2258151262,15946,1094
28695.611386,2258158865,2258159954,15774,1089
28695.623405,2258167572,2258168663,15519,1091
28695.635438,2258176314,2258177397,15966,1083
28695.659481,2258193700,2258194790,15713,1090
28695.671502,2258202416,2258203510,15864,1094
28695.683523,2258211115,2258212203,15882,1088
28695.695542,2258219792,2258220877,15633,1085
28695.707571,2258228496,2258229585,16028,1089
28695.719593,2258237241,2258238322,15941,1081
28695.731614,2258245946,2258247034,15829,1088
28695.743640,2258254656,2258255750,15863,1094
28695.755660,2258263367,2258264469,15877,1102
28695.767679,2258272055,2258273141,15552,1086
28695.779709,2258280756,2258281853,15864,1097
28695.791729,2258289469,2258290563,15972,1094
28695.803748,2258298142,2258299233,15707,1091
28695.815781,2258306885,2258307978,15876,1093
28695.827798,2258315598,2258316691,15966,1093
28695.839816,2258324266,2258325351,15552,1085
28695.851845,2258332960,2258334048,15947,1088
28695.863869,2258341665,2258342752,15957,1087
28695.875885,2258350350,2258351441,15634,1091
28695.887914,2258359059,2258360158,15947,1099
28695.899935,2258367787,2258368875,15964,1088
28695.911956,2258376508,2258377602,15830,1094
28695.929988,2258389549,2258390645,15707,1096
28695.942017,2258398276,2258399365,15947,1089
28695.954038,2258406986,2258408078,15966,1092
28695.981089,2258426563,2258427656,15966,1093
28695.993108,2258435275,2258436361,15599,1086
28696.005137,2258443976,2258445070,15946,1094
28696.020160,2258454850,2258455945,15595,1095
28696.074262,2258494039,2258495130,15632,1091
28696.095309,2258509272,2258510370,15948,1098
28696.107329,2258517987,2258519075,15769,1088
28696.119348,2258526698,2258527781,15602,1083
28696.131377,2258535404,2258536492,15946,1088
28696.143398,2258544121,2258545216,15961,1095
28696.155424,2258552808,2258553898,15789,1090
28696.167448,2258561499,2258562567,15881,1068
28696.179466,2258570162,2258571261,16052,1099
28696.191487,2258578853,2258579939,15631,1086
28696.203514,2258587564,2258588665,15943,1101
28696.215536,2258596288,2258597375,15940,1087
28696.233569,2258609372,2258610464,15958,1092
28696.245588,2258618049,2258619135,15633,1086
28696.288681,2258650687,2258651773,15703,1086
28696.341775,2258687638,2258688730,15965,1092
28696.353802,2258696344,2258697441,15637,1097
28696.365823,2258705037,2258706131,15946,1094
28696.377844,2258713729,2258714817,15968,1088
28696.401892,2258731074,2258732161,15947,1087
28696.413914,2258739800,2258740888,16019,1088
28696.425931,2258748497,2258749588,15670,1091
28696.480034,2258787602,2258788688,15630,1086
28696.492063,2258796291,2258797384,15955,1093
28696.504084,2258805000,2258806093,15858,1093
28696.516103,2258813717,2258814803,15599,1086
28696.534137,2258826757,2258827847,15709,1090
28696.546166,2258835455,2258836549,16027,1094
28696.594255,2258870265,2258871354,15961,1089
28696.606277,2258878973,2258880061,15871,1088
28696.636337,2258900754,2258901857,15951,1103
28696.648358,2258909455,2258910549,15968,1094
28696.699457,2258946453,2258947547,15951,1094
28696.711479,2258955201,2258956289,15889,1088
28696.729512,2258968241,2258969329,15968,1088
28696.741531,2258976928,2258978019,15550,1091
28696.753563,2258985596,2258986689,15991,1093
28696.765582,2258994345,2258995433,15930,1088
28696.777600,2259003024,2259004110,15634,1086
28696.789629,2259011730,2259012828,15944,1098
28696.804654,2259022623,2259023717,15823,1094
28696.819684,2259033519,2259034612,15964,1093
28696.831703,2259042205,2259043296,15713,1091
28696.843734,2259050909,2259051977,15885,1068
28696.855755,2259059583,2259060678,15951,1095
28696.867771,2259068229,2259069315,15629,1086
28696.903843,2259094280,2259095374,15912,1094
28696.915869,2259102995,2259104089,16031,1094
28696.927889,2259111724,2259112817,15967,1093
28696.939909,2259120405,2259121491,15552,1086
28696.951940,2259129113,2259130194,15995,1081
28696.963958,2259137807,2259138894,15968,1087
28696.975977,2259146501,2259147597,15631,1096
28696.988006,2259155227,2259156316,15944,1089
28697.021063,2259179179,2259180280,15634,1101
28697.033092,2259187907,2259188994,15860,1087
28697.045113,2259196598,2259197690,15877,1092
28697.057132,2259205298,2259206389,15631,1091
28697.096212,2259233595,2259234683,15945,1088
28697.108234,2259242323,2259243417,15933,1094
28697.120252,2259251008,2259252099,15636,1091
28697.132280,2259259690,2259260778,15942,1088
28697.144301,2259268391,2259269483,16047,1092
28697.156323,2259277086,2259278174,15914,1088
28697.168349,2259285783,2259286869,15946,1086
28697.180370,2259294515,2259295612,15966,1097
28697.228457,2259329291,2259330377,15629,1086
28697.240486,2259338005,2259339098,15946,1093
28697.273544,2259361888,2259362979,15635,1091
28697.285572,2259370595,2259371687,15943,1092
28697.321641,2259396717,2259397805,15951,1088
28697.333662,2259405420,2259406508,15878,1088
28697.375748,2259435849,2259436947,16059,1098
28697.387764,2259444550,2259445643,15962,1093
28697.399786,2259453257,2259454350,15744,1093
28697.411812,2259461943,2259463041,15947,1098
28697.423833,2259470646,2259471739,15962,1093
28697.435855,2259479330,2259480426,15636,1096
28697.447884,2259488033,2259489126,15992,1093
28697.465915,2259501079,2259502172,15937,1093
28697.477936,2259509776,2259510875,15966,1099
28697.533047,2259551124,2259552219,15629,1095
28697.565104,2259572871,2259573965,15949,1094
28697.577124,2259581590,2259582678,15967,1088
28697.589143,2259590283,2259591379,15629,1096
28697.601176,2259599022,2259600104,15960,1082
28697.634229,2259622922,2259624001,15549,1079
28697.646263,2259631639,2259632728,15992,1089
28697.740442,2259701166,2259702262,15713,1096
28697.784518,2259731662,2259732748,15964,1086
28697.796540,2259740387,2259741474,15828,1087
28697.832606,2259766473,2259767564,15550,1091
28697.844638,2259775175,2259776268,15901,1093
28697.856656,2259783900,2259784988,15968,1088
28697.868675,2259792599,2259793684,15598,1085
28697.880704,2259801450,2259802544,15951,1094
28697.892724,2259810141,2259811234,15852,1093
28697.928793,2259836251,2259837339,15964,1088
28697.940820,2259844962,2259846058,15637,1096
28697.952845,2259853705,2259854803,15989,1098
28697.985898,2259877753,2259878850,15632,1097
28697.997931,2259886532,2259887630,15973,1098
28698.061047,2259932182,2259933276,15945,1094
28698.073068,2259940908,2259941996,15876,1088
28698.085087,2259949564,2259950648,15668,1084
28698.154220,2259999470,2260000557,16012,1087
28698.205321,2260036427,2260037515,16035,1088
28698.217342,2260045129,2260046215,15962,1086
28698.229361,2260053795,2260054886,15630,1091
28698.265430,2260079878,2260080964,15631,1086
28698.277459,2260088601,2260089689,15950,1088
28698.343585,2260136403,2260137495,15952,1092
28698.355601,2260145081,2260146162,15626,1081
28698.367632,2260153768,2260154834,15805,1066
28698.388668,2260168974,2260170068,15852,1094
28698.400687,2260177649,2260178726,15597,1077
28698.412717,2260186354,2260187453,15736,1099
28698.424736,2260195108,2260196202,15966,1094
28698.439770,2260206004,2260207103,15992,1099
28698.451787,2260214747,2260215845,15922,1098
28698.463807,2260223459,2260224555,15641,1096
28698.481841,2260236528,2260237614,15627,1086
28698.493874,2260245275,2260246363,15968,1088
28698.585042,2260312641,2260313735,15854,1094
28698.614096,2260332238,2260333325,15962,1087
28698.626117,2260340924,2260342010,15629,1086
28698.638148,2260349599,2260350697,15996,1098
28698.689239,2260386548,2260387636,15828,1088
28698.701264,2260395243,2260396336,15951,1093
28698.779408,2260451709,2260452800,15633,1091
28698.791441,2260460438,2260461531,15965,1093
28698.803457,2260469146,2260470234,15967,1088
28698.815476,2260477815,2260478901,15634,1086
28698.827506,2260486513,2260487607,15967,1094
28698.839528,2260495209,2260496297,15954,1088
28698.851544,2260503915,2260505005,15514,1090
28698.863573,2260512609,2260513698,15950,1089
28698.875594,2260521314,2260522402,15879,1088
28698.905647,2260543047,2260544138,15624,1091
28698.917676,2260551730,2260552822,15950,1092
28698.983799,2260599502,2260600599,15933,1097
28699.007847,2260616899,2260617993,16028,1094
28699.019868,2260625628,2260626721,15962,1093
28699.031897,2260634328,2260635409,15629,1081
28699.043916,2260642995,2260644093,15866,1098
28699.055938,2260651721,2260652819,15850,1098
28699.067956,2260660397,2260661482,15546,1085
28699.079985,2260669081,2260670174,15952,1093
28699.092007,2260677795,2260678883,15937,1088
28699.104025,2260686440,2260687531,15627,1091
28699.116054,2260695133,2260696215,15956,1082
28699.128074,2260703834,2260704926,15968,1092
28699.140093,2260712527,2260713618,15629,1091
28699.152122,2260721212,2260722311,15865,1099
28699.164143,2260729893,2260730986,15921,1093
28699.176162,2260738563,2260739654,15625,1091
28699.188195,2260747283,2260748377,15872,1094
28699.200211,2260755977,2260757061,15967,1084
28699.212230,2260764683,2260765774,15602,1091
28699.224261,2260773376,2260774444,15810,1068
28699.236282,2260782064,2260783152,15969,1088
28699.248299,2260790766,2260791856,15518,1090
28699.260328,2260799442,2260800530,16036,1088
28699.305414,2260832047,2260833134,16035,1087
28699.317434,2260840721,2260841819,15969,1098
28699.344485,2260860256,2260861344,16044,1088
28699.356505,2260868927,2260870008,15707,1081
28699.368533,2260877622,2260878721,16031,1099
28699.380554,2260886338,2260887426,15936,1088
28699.437659,2260927627,2260928712,15705,1085
28699.449690,2260936349,2260937424,15946,1075
28699.548876,2261008010,2261009092,15950,1082
28699.560897,2261016700,2261017788,15963,1088
28699.636036,2261070963,2261072049,15630,1086
28699.649072,2261081852,2261082946,15970,1094
28699.753260,2261155731,2261156817,15631,1086
28699.765288,2261164410,2261165487,15949,1077
28699.777309,2261173089,2261174177,15856,1088
28699.789328,2261181747,2261182832,15599,1085
28699.801357,2261190432,2261191526,16028,1094
28699.849446,2261225150,2261226246,15968,1096
28699.861465,2261233829,2261234920,15627,1091
28699.873500,2261242565,2261243658,15968,1093
28699.885515,2261251220,2261252314,15935,1094
28699.912566,2261270726,2261271814,15959,1088
28699.924593,2261279393,2261280483,15715,1090
28699.936614,2261288084,2261289178,15863,1094
28699.972687,2261314200,2261315288,15961,1088
28699.984704,2261322899,2261323992,15890,1093
28699.996722,2261331579,2261332665,15623,1086
28700.056840,2261374975,2261376063,15973,1088
28700.068859,2261383679,2261384765,15549,1086
28700.104927,2261409764,2261410848,15624,1084
28700.116957,2261418427,2261419520,15952,1093
28700.180081,2261464068,2261465162,16041,1094
28700.192097,2261472758,2261473852,15968,1094
28700.204116,2261481443,2261482534,15629,1091
28700.225166,2261496648,2261497740,15999,1092
28700.237183,2261505312,2261506400,15966,1088
28700.264234,2261524843,2261525931,15964,1088
28700.276256,2261533552,2261534640,15824,1088
28700.288283,2261542250,2261543338,16038,1088
28700.300303,2261550947,2261552041,15966,1094
28700.312322,2261559615,2261560700,15623,1085
28700.393477,2261618289,2261619375,15625,1086
28700.405506,2261626970,2261628058,15870,1088
28700.456597,2261663887,2261664977,15703,1090
28700.468626,2261672570,2261673664,16027,1094
28700.483648,2261683483,2261684574,15667,1091
28700.496678,2261694346,2261695432,16047,1086
28700.552783,2261733417,2261734510,15963,1093
28700.564803,2261742069,2261743149,15549,1080
28700.576836,2261750786,2261751874,15966,1088
28700.588852,2261759469,2261760557,15968,1088
28700.603883,2261770299,2261771393,15945,1094
28700.615904,2261779007,2261780098,15970,1091
28700.633938,2261792046,2261793139,15968,1093
28700.645956,2261800711,2261801797,15544,1086
28700.676024,2261822449,2261823542,15946,1093
28700.688040,2261831181,2261832273,15961,1092
28700.700059,2261839845,2261840937,15627,1092
28700.712088,2261848536,2261849624,15948,1088
28700.724114,2261857229,2261858317,15952,1088
28700.736131,2261865911,2261867000,15820,1089
28700.748157,2261874576,2261875658,15945,1082
28700.820298,2261926732,2261927820,15993,1088
28700.832315,2261935382,2261936468,15964,1086
28700.871388,2261963610,2261964703,15821,1093
28700.883416,2261972340,2261973439,15971,1099
28700.895435,2261981049,2261982148,15964,1099
28700.907454,2261989720,2261990811,15626,1091
28700.919486,2261998428,2261999522,15910,1094
28700.931505,2262007099,2262008174,15877,1075
28700.943522,2262015767,2262016863,15628,1096
28700.955552,2262024477,2262025565,15958,1088
28700.967572,2262033136,2262034229,15852,1093
28700.979591,2262041847,2262042932,15600,1085
28701.028689,2262078713,2262079801,15958,1088
28701.084795,2262117855,2262118942,15966,1087
28701.096814,2262126519,2262127609,15622,1090
28701.129880,2262150419,2262151507,16043,1088
28701.141900,2262159070,2262160156,15629,1086
28701.233081,2262226405,2262227497,16026,1092
28701.292190,2262267668,2262268751,15970,1083
28701.304209,2262276355,2262277444,15552,1089
28701.316241,2262285045,2262286134,15913,1089
28701.328258,2262293725,2262294813,15921,1088
28701.340277,2262302399,2262303485,15628,1086
28701.352306,2262311110,2262312197,15948,1087
28701.373345,2262326357,2262327445,15933,1088
28701.385363,2262335032,2262336118,15628,1086
28701.415429,2262356703,2262357795,15995,1092
28701.427447,2262365382,2262366470,15875,1088
28701.439466,2262374027,2262375113,15554,1086
28701.451495,2262382719,2262383807,15857,1088
28701.472534,2262397954,2262399047,15933,1093
28701.484552,2262406635,2262407720,15548,1085
28701.496581,2262415335,2262416432,15947,1097
28701.508602,2262424090,2262425183,15935,1093
28701.544669,2262450149,2262451242,15965,1093
28701.556689,2262458817,2262459903,15634,1086
28701.568722,2262467529,2262468616,15963,1087
28701.661892,2262534882,2262535975,15849,1093
28701.673911,2262543600,2262544686,15594,1086
28701.691946,2262556655,2262557744,15625,1089
28701.703975,2262565361,2262566449,15955,1088
28701.717007,2262576280,2262577371,15590,1091
28701.765093,2262610981,2262612069,15963,1088
28701.797150,2262632693,2262633780,16047,1087
28701.809177,2262641363,2262642454,15693,1091
28701.821198,2262650042,2262651130,16033,1088
28701.869285,2262684758,2262685843,15940,1085
28701.881306,2262693429,2262694523,15627,1094
28701.893335,2262702132,2262703230,15950,1098
28701.905355,2262710794,2262711882,15956,1088
28701.917374,2262719469,2262720554,15626,1085
28701.929404,2262728158,2262729246,15954,1088
28701.959459,2262749814,2262750902,15858,1088
28701.971478,2262758498,2262759584,15599,1086
28701.983507,2262767182,2262768280,15953,1098
28702.019576,2262793269,2262794357,15949,1088
28702.031595,2262801955,2262803047,15963,1092
28702.043615,2262810647,2262811733,15627,1086
28702.055646,2262819333,2262820401,15811,1068
28702.067665,2262828004,2262829092,15934,1088
28702.079683,2262836682,2262837762,15628,1080
28702.091714,2262845379,2262846446,15812,1067
28702.109750,2262858397,2262859484,15995,1087
28702.121769,2262867145,2262868232,15942,1087
28702.196906,2262921514,2262922593,15704,1079
28702.208938,2262930203,2262931296,16000,1093
28702.302107,2262997541,2262998633,16029,1092
28702.314129,2263006215,2263007303,15669,1088
28702.326159,2263014930,2263016022,15952,1092
28702.338179,2263023594,2263024681,15920,1087
28702.350198,2263032264,2263033358,15627,1094
28702.407316,2263073483,2263074571,15993,1088
28702.419333,2263082171,2263083264,15966,1093
28702.431352,2263090828,2263091922,15546,1094
28702.449386,2263103839,2263104935,15627,1096
28702.461420,2263112550,2263113644,15964,1094
28702.503497,2263142891,2263143982,15714,1091
28702.515519,2263151552,2263152647,15954,1095
28702.527539,2263160260,2263161347,15965,1087
28702.545574,2263173271,2263174364,15930,1093
28702.557595,2263181950,2263183043,15824,1093
28702.620712,2263227516,2263228602,15624,1086
28702.635745,2263238366,2263239454,15956,1088
28702.720911,2263301308,2263302395,15969,1087
28702.732935,2263310057,2263311145,15876,1088
28702.825105,2263375242,2263376329,15973,1087
28702.837120,2263383920,2263385004,15588,1084
28702.876204,2263412100,2263413188,15950,1088
28702.896332,2263421399,2263422003,12023,604
28702.919786,2263432905,2263434040,16174,1135
28702.931815,2263442016,2263443156,16316,1140
28702.943837,2263451150,2263452287,16398,1137
28702.955853,2263460319,2263461471,16235,1152
28702.967885,2263469545,2263470697,16320,1152
28702.979904,2263478753,2263479902,16384,1149
28703.024990,2263513242,2263514383,16387,1141
28703.037007,2263522404,2263523550,16169,1146
28703.049037,2263531580,2263532727,16227,1147
28703.065071,2263545295,2263546433,16312,1138
28703.088110,2263561342,2263562489,16379,1147
28703.100125,2263570499,2263571641,16235,1142
28703.112157,2263579650,2263580796,16319,1146
28703.124179,2263588828,2263589971,16300,1143
28703.136197,2263598022,2263599164,16247,1142
28703.148226,2263607176,2263608323,16317,1147
28703.160247,2263616321,2263617462,16384,1141
28703.172263,2263625490,2263626633,16164,1143
28703.184294,2263634644,2263635796,16315,1152
28703.196316,2263643819,2263644958,16384,1139
28703.208332,2263652982,2263654129,16203,1147
28703.220363,2263662144,2263663296,16203,1152
28703.271453,2263701063,2263702206,16251,1143
28703.283485,2263710223,2263711370,16315,1147
28703.295504,2263719390,2263720531,16294,1141
28703.307521,2263728550,2263729697,16247,1147
28703.328568,2263744561,2263745693,16309,1132
28703.340590,2263753737,2263754879,16372,1142
28703.380669,2263785824,2263786966,16397,1142
28703.396198,2263794727,2263795602,15293,875
28703.420235,2263812700,2263813838,16269,1138
28703.432264,2263821865,2263823008,16318,1143
28703.444288,2263831025,2263832167,16378,1142
28703.460327,2263844767,2263845904,16456,1137
28703.489372,2263865385,2263866532,16347,1147
28703.501390,2263874561,2263875708,16270,1147
28703.513419,2263883716,2263884866,16404,1150
28703.525440,2263892879,2263894026,16375,1147
28703.537458,2263902045,2263903196,16269,1151
28703.549489,2263911257,2263912404,16315,1147
28703.561510,2263920437,2263921589,16467,1152
28703.573530,2263929596,2263930738,16283,1142
28703.585557,2263938763,2263939910,16401,1147
28703.600578,2263950203,2263951350,16251,1147
28703.612609,2263959380,2263960514,16320,1134
28703.633648,2263975426,2263976572,16469,1146
28703.645665,2263984594,2263985729,16351,1135
28703.664711,2264000599,2264001747,16395,1148
28703.705785,2264030366,2264031508,16397,1142
28703.717801,2264039534,2264040675,16257,1141
28703.741853,2264057876,2264059019,16470,1143
28703.753870,2264067257,2264068404,16333,1147
28703.765901,2264076407,2264077550,16398,1143
28703.777921,2264085564,2264086706,16385,1142
28703.789939,2264094749,2264095896,16254,1147
28703.808986,2264110796,2264111944,16402,1148
28703.844040,2264135994,2264137137,16237,1143
28703.856072,2264145147,2264146290,16305,1143
28703.868093,2264154300,2264155447,16388,1147
28703.886127,2264168061,2264169208,16384,1147
28703.898144,2264177217,2264178364,16311,1147
28703.910175,2264186387,2264187533,16401,1146
28703.922198,2264195537,2264196675,16470,1138
28703.934213,2264204682,2264205829,16332,1147
28703.946243,2264213844,2264214986,16319,1142
28703.967282,2264229993,2264231145,16385,1152
28703.979299,2264239149,2264240290,16207,1141
28703.991329,2264248323,2264249475,16310,1152
28704.003351,2264257493,2264258640,16387,1147
28704.015367,2264266646,2264267793,16208,1147
28704.027398,2264275819,2264276966,16272,1147
28704.039419,2264284971,2264286114,16266,1143
28704.051436,2264294128,2264295274,16161,1146
28704.063466,2264303288,2264304431,16229,1143
28704.075488,2264312445,2264313591,16296,1146
28704.088518,2264323893,2264325040,16318,1147
28704.108552,2264337649,2264338781,16315,1132
28704.120573,2264346784,2264347925,16300,1141
28704.135603,2264358214,2264359356,16271,1142
28704.147625,2264367358,2264368511,16389,1153
28704.159641,2264376549,2264377687,16347,1138
28704.171671,2264385704,2264386851,16314,1147
28704.183692,2264394875,2264396022,16374,1147
28704.195710,2264404029,2264405178,16352,1149
28704.213744,2264417777,2264418924,16265,1147
28704.225773,2264426940,2264428081,16317,1141
28704.240794,2264438377,2264439523,16260,1146
28704.252825,2264447537,2264448683,16319,1146
28704.279876,2264468146,2264469293,16402,1147
28704.291898,2264477310,2264478458,16426,1148
28704.303915,2264486477,2264487619,16349,1142
28704.336984,2264511670,2264512822,16457,1152
28704.349001,2264520844,2264521991,16248,1147
28704.365045,2264534636,2264535778,16223,1142
28704.382071,2264546098,2264547240,16383,1142
28704.394088,2264555280,2264556422,16165,1142
28704.439172,2264589642,2264590783,16242,1141
28704.454208,2264601087,2264602234,16268,1147
28704.481259,2264621692,2264622843,16382,1151
28704.493276,2264630852,2264631999,16165,1147
28704.517328,2264649148,2264650286,16302,1138
28704.529345,2264658302,2264659453,16164,1151
28704.541375,2264667485,2264668632,16312,1147
28704.553396,2264676662,2264677814,16354,1152
28704.565413,2264685856,2264687008,16345,1152
28704.589464,2264704179,2264705326,16390,1147
28704.601481,2264713343,2264714486,16268,1143
28704.625533,2264731703,2264732850,16381,1147
28704.637549,2264740856,2264742003,16257,1147
28704.649580,2264750006,2264751158,16315,1152
28704.661601,2264759183,2264760322,16378,1139
28704.676631,2264770631,2264771774,16393,1143
28704.688652,2264779794,2264780941,16388,1147
28704.700670,2264788955,2264790097,16270,1142
28704.712699,2264798125,2264799281,16404,1156
28704.748768,2264825655,2264826802,16398,1147
28704.763790,2264837110,2264838257,16342,1147
28704.775821,2264846505,2264847651,16397,1146
28704.787842,2264855681,2264856824,16401,1143
28704.799859,2264864868,2264866008,16249,1140
28704.811890,2264874027,2264875173,16319,1146
28704.829924,2264887790,2264888933,16403,1143
28704.841945,2264896955,2264898127,16385,1172
28704.856976,2264908434,2264909580,16324,1146
28704.868997,2264917595,2264918741,16470,1146
28704.905066,2264945097,2264946238,16391,1141
28704.917082,2264954246,2264955392,16257,1146
28704.932117,2264965712,2264966859,16466,1147
28704.957163,2264986322,2264987469,16388,1147
28704.981215,2265004678,2265005823,16321,1145
28705.022288,2265034453,2265035600,16362,1147
28705.052339,2265057341,2265058483,16253,1142
28705.064370,2265066505,2265067652,16321,1147
28705.136507,2265121493,2265122645,16396,1152
28705.148528,2265130689,2265131832,16386,1143
28705.160545,2265139858,2265141000,16257,1142
28705.172575,2265149033,2265150184,16396,1151
28705.253730,2265210940,2265212087,16319,1147
28705.265751,2265220096,2265221243,16386,1147
28705.352918,2265286573,2265287720,16319,1147
28705.364940,2265295725,2265296871,16388,1146
28705.376957,2265304887,2265306034,16255,1147
28705.398004,2265320951,2265322098,16398,1147
28705.410026,2265330112,2265331269,16362,1157
28705.473146,2265378237,2265379383,16366,1146
28705.485162,2265387403,2265388550,16335,1147
28705.545283,2265433208,2265434355,16472,1147
28705.557299,2265442372,2265443518,16336,1146
28705.575336,2265456113,2265457260,16360,1147
28705.587365,2265465282,2265466420,16324,1138
28705.599386,2265474456,2265475604,16397,1148
28705.611405,2265483599,2265484743,16364,1144
28705.623432,2265492766,2265493904,16398,1138
28705.635454,2265501938,2265503080,16466,1142
28705.683540,2265538630,2265539782,16259,1152
28705.695570,2265547837,2265548989,16316,1152
28705.707591,2265557010,2265558157,16391,1147
28705.719608,2265566200,2265567347,16250,1147
28705.731639,2265575365,2265576512,16320,1147
28705.743662,2265584538,2265585684,16493,1146
28705.755677,2265593695,2265594838,16250,1143
28705.767707,2265602871,2265604018,16402,1147
28705.788746,2265618945,2265620087,16471,1142
28705.800762,2265628130,2265629283,16249,1153
28705.824814,2265646483,2265647635,16467,1152
28705.836831,2265655648,2265656795,16292,1147
28705.875913,2265685480,2265686627,16316,1147
28705.896952,2265701504,2265702651,16367,1147
28705.908968,2265710684,2265711831,16333,1147
28705.942038,2265735877,2265737018,16389,1141
28705.954054,2265745042,2265746189,16248,1147
28705.984119,2265767959,2265769106,16317,1147
28705.996140,2265777128,2265778274,16387,1146
28706.008157,2265786346,2265787488,16250,1142
28706.020187,2265795528,2265796665,16226,1137
28706.032209,2265804681,2265805823,16389,1142
28706.044225,2265813840,2265814988,16249,1148
28706.056256,2265823011,2265824153,16311,1142
28706.071277,2265834481,2265835628,16253,1147
28706.089311,2265848236,2265849383,16164,1147
28706.101341,2265857391,2265858538,16315,1147
28706.113363,2265866521,2265867668,16297,1147
28706.152431,2265896299,2265897442,16252,1143
28706.164462,2265905463,2265906610,16314,1147
28706.200530,2265932939,2265934091,16293,1152
28706.212554,2265942137,2265943280,16407,1143
28706.224567,2265951303,2265952444,16233,1141
28706.236599,2265960452,2265961589,16227,1137
28706.248621,2265969649,2265970796,16382,1147
28706.284689,2265997132,2265998283,16386,1151
28706.296706,2266006304,2266007452,16251,1148
28706.324770,2266029208,2266030342,16294,1134
28706.404911,2266088839,2266089982,16250,1143
28706.416941,2266098020,2266099162,16317,1142
28706.428962,2266107216,2266108373,16346,1157
28706.440980,2266116396,2266117534,16264,1138
28706.525146,2266180572,2266181719,16314,1147
28706.537168,2266189757,2266190904,16371,1147
28706.570231,2266215012,2266216159,16310,1147
28706.582254,2266224183,2266225336,16256,1153
28706.612308,2266247074,2266248226,16204,1152
28706.624336,2266256291,2266257443,16313,1152
28706.636358,2266265446,2266266590,16299,1144
28706.672426,2266292940,2266294087,16402,1147
28706.684443,2266302115,2266303262,16164,1147
28706.696473,2266311295,2266312433,16318,1138
28706.708495,2266320469,2266321621,16385,1152
28706.720510,2266329632,2266330804,16235,1172
28706.735547,2266341119,2266342261,16380,1142
28706.819699,2266405359,2266406501,16238,1142
28706.831729,2266414537,2266415684,16311,1147
28706.843751,2266423703,2266424848,16367,1145
28706.855769,2266432880,2266434023,16261,1143
28706.867798,2266442048,2266443190,16315,1142
28706.879820,2266451223,2266452370,16374,1147
28706.891837,2266460403,2266461549,16266,1146
28706.903866,2266469560,2266470707,16314,1147
28706.915888,2266478732,2266479879,16285,1147
28706.927909,2266487899,2266489046,16293,1147
28706.939937,2266497092,2266498234,16337,1142
28706.951956,2266506234,2266507381,16376,1147
28706.963977,2266515409,2266516556,16293,1147
28706.976004,2266524570,2266525706,16231,1136
28706.994038,2266538290,2266539446,16312,1156
28707.006059,2266547448,2266548596,16284,1148
28707.018076,2266556612,2266557760,16160,1148
28707.030109,2266565795,2266566942,16318,1147
28707.042128,2266574975,2266576116,16370,1141
28707.069180,2266595598,2266596744,16385,1146
28707.081200,2266604783,2266605956,16201,1173
28707.102244,2266620868,2266622010,16316,1142
28707.117265,2266632317,2266633474,16250,1157
28707.129295,2266641493,2266642665,16228,1172
28707.141318,2266650920,2266652067,16361,1147
28707.171373,2266673745,2266674892,16443,1147
28707.183389,2266682851,2266683986,16033,1135
28707.201424,2266696527,2266697665,16108,1138
28707.213453,2266705665,2266706811,16362,1146
28707.228478,2266717071,2266718215,16048,1144
28707.240504,2266726224,2266727371,16444,1147
28707.273561,2266751309,2266752453,16107,1144
28707.285592,2266760451,2266761589,16389,1138
28707.297610,2266769591,2266770738,16381,1147
28707.309629,2266778697,2266779839,16107,1142
28707.375761,2266828907,2266830044,16362,1137
28707.387781,2266838034,2266839176,16457,1142
28707.399801,2266847136,2266848271,16104,1135
28707.411830,2266856241,2266857384,16368,1143
28707.429864,2266869935,2266871076,16357,1141
28707.441886,2266879112,2266880253,16372,1141
28707.480955,2266908739,2266909874,16030,1135
28707.492984,2266917863,2266919012,16358,1149
28707.517026,2266936132,2266937264,16231,1132
28707.532056,2266947571,2266948718,16366,1147
28707.544075,2266956679,2266957858,15944,1179
28707.556104,2266965834,2266966981,16276,1147
28707.568127,2266974981,2266976133,16270,1152
28707.580144,2266984092,2266985236,16033,1144
28707.592175,2266993235,2266994375,16357,1140
28707.604192,2267002390,2267003537,16280,1147
28707.616215,2267011528,2267012670,16229,1142
28707.628242,2267020652,2267021834,16273,1182
28707.640262,2267029800,2267030945,16371,1145
28707.652281,2267039133,2267040272,16030,1139
28707.664313,2267048261,2267049408,16410,1147
28707.676331,2267057394,2267058543,16377,1149
28707.688350,2267066509,2267067653,16108,1144
28707.700379,2267075630,2267076777,16446,1147
28707.712399,2267084804,2267085951,16342,1147
28707.724418,2267093940,2267095084,16078,1144
28707.800567,2267153267,2267154414,16454,1147
28707.844653,2267185214,2267186366,16448,1152
28707.856673,2267194354,2267195495,16452,1141
28707.868692,2267203517,2267204661,15948,1144
28707.889739,2267219476,2267220618,16356,1142
28707.901759,2267228610,2267229761,16281,1151
28707.913781,2267237749,2267238892,16227,1143
28707.925807,2267246897,2267248046,16362,1149
28707.937828,2267256037,2267257184,16373,1147
28707.949846,2267265154,2267266298,16032,1144
28707.961879,2267274276,2267275423,16406,1147
28707.976899,2267285671,2267286814,16034,1143
28707.988928,2267294804,2267295956,16362,1152
28708.003950,2267306190,2267307331,16035,1141
28708.015985,2267315341,2267316482,16378,1141
28708.027999,2267324491,2267325648,16284,1157
28708.040017,2267333671,2267334826,16028,1155
28708.052047,2267342843,2267343995,16273,1152
28708.064071,2267352020,2267353172,16359,1152
28708.077097,2267363556,2267364704,16351,1148
28708.106150,2267384140,2267385287,16359,1147
28708.118172,2267393303,2267394450,16348,1147
28708.136206,2267407067,2267408214,16348,1147
28708.148224,2267416193,2267417332,16031,1139
28708.160256,2267425311,2267426459,16318,1148
28708.172273,2267434457,2267435599,16363,1142
28708.184293,2267443559,2267444699,15945,1140
28708.196322,2267452676,2267453823,16360,1147
28708.208342,2267461817,2267462951,16175,1134
28708.223373,2267473241,2267474383,16359,1142
28708.235395,2267482397,2267483538,16345,1141
28708.268461,2267507478,2267508615,16383,1137
28708.280481,2267516632,2267517773,16340,1141
28708.295510,2267528026,2267529178,16356,1152
28708.307531,2267537166,2267538313,16261,1147
28708.319554,2267546302,2267547457,15933,1155
28708.331579,2267555437,2267556584,16270,1147
28708.343599,2267564574,2267565723,16372,1149
28708.355626,2267573664,2267574808,16115,1144
28708.391687,2267601024,2267602156,16031,1132
28708.403716,2267610160,2267611303,16364,1143
28708.415738,2267619293,2267620439,16256,1146
28708.427756,2267628396,2267629545,16035,1149
28708.439785,2267637539,2267638685,16365,1146
28708.451805,2267646644,2267647787,16374,1143
28708.463825,2267655752,2267656896,15948,1144
28708.475853,2267664858,2267666008,16273,1150
28708.487875,2267674043,2267675185,16254,1142
28708.505908,2267687689,2267688836,16256,1147
28708.517927,2267696833,2267698009,15909,1176
28708.532959,2267708295,2267709442,16329,1147
28708.547993,2267719707,2267720828,16217,1121
28708.584059,2267747066,2267748218,16363,1152
28708.596079,2267756211,2267757358,16284,1147
28708.608101,2267765338,2267766478,16230,1140
28708.620128,2267774480,2267775632,16365,1152
28708.632148,2267783633,2267784780,16377,1147
28708.644167,2267792738,2267793887,16029,1149
28708.656200,2267801876,2267803023,16328,1147
28708.668219,2267811039,2267812177,16264,1138
28708.680236,2267820168,2267821313,15997,1145
28708.692265,2267829314,2267830458,16360,1144
28708.737353,2267863539,2267864691,16391,1152
28708.749371,2267872692,2267873839,16461,1147
28708.761390,2267881815,2267882964,16026,1149
28708.773422,2267890949,2267892070,16215,1121
28708.839543,2267941147,2267942294,16454,1147
28708.851569,2267950251,2267951395,16111,1144
28708.863591,2267959383,2267960520,16365,1137
28708.875611,2267968531,2267969676,16462,1145
28708.896647,2267984526,2267985675,15997,1149
28708.908681,2267993706,2267994851,16456,1145
28708.941734,2268018789,2268019931,16111,1142
28708.953765,2268027906,2268029048,16413,1142
28708.983816,2268050752,2268051893,16457,1141
28709.043934,2268096394,2268097551,16359,1157
28709.055957,2268105561,2268106703,16444,1142
28709.067973,2268114658,2268115802,16112,1144
28709.080002,2268123778,2268124925,16449,1147
28709.092025,2268132910,2268134055,16382,1145
28709.104044,2268142052,2268143190,16254,1138
28709.116071,2268151176,2268152323,16375,1147
28709.128091,2268160301,2268161448,16376,1147
28709.140110,2268169386,2268170525,16109,1139
28709.158145,2268183062,2268184195,16028,1133
28709.170178,2268192204,2268193346,16461,1142
28709.182194,2268201315,2268202452,16456,1137
28709.194214,2268210435,2268211576,16110,1141
28709.206248,2268219584,2268220705,16225,1121
28709.218263,2268228686,2268229827,16380,1141
28709.230282,2268237798,2268238937,16024,1139
28709.263348,2268262908,2268264046,16455,1138
28709.275367,2268272012,2268273152,16107,1140
28709.287397,2268281146,2268282293,16368,1147
28709.299417,2268290274,2268291426,16266,1152
28709.311436,2268299404,2268300545,15986,1141
28709.323465,2268308533,2268309675,16467,1142
28709.335485,2268317667,2268318808,16459,1141
28709.347513,2268326761,2268327905,16170,1144
28709.359534,2268335891,2268337043,16375,1152
28709.371554,2268345032,2268346179,16380,1147
28709.383574,2268354164,2268355308,16110,1144
28709.395602,2268363310,2268364456,16442,1146
28709.407624,2268372488,2268373624,16350,1136
28709.419642,2268381578,2268382721,16032,1143
28709.431675,2268390746,2268391893,16381,1147
28709.443691,2268399868,2268401021,16373,1153
28709.455710,2268408977,2268410117,16025,1140
28709.467742,2268418090,2268419213,16296,1123
28709.479760,2268427176,2268428314,16449,1138
28709.497794,2268440866,2268442013,16345,1147
28709.509814,2268450051,2268451195,16011,1144
28709.575945,2268500263,2268501411,16438,1148
28709.587966,2268509374,2268510515,16459,1141
28709.599988,2268518501,2268519639,16256,1138
28709.612013,2268527592,2268528739,16347,1147
28709.624034,2268536728,2268537864,16459,1136
28709.636053,2268545851,2268546990,16124,1139
28709.648084,2268555003,2268556145,16364,1142
28709.660103,2268564141,2268565284,16376,1143
28709.681139,2268580075,2268581224,16116,1149
28709.693167,2268589217,2268590369,16343,1152
28709.705190,2268598389,2268599529,16427,1140
28709.717208,2268607719,2268608863,16120,1144
28709.801380,2268671594,2268672741,16508,1147
28709.816397,2268682986,2268684130,16024,1144
28709.828428,2268692118,2268693260,16465,1142
28709.897553,2268744601,2268745753,16236,1152
28709.909584,2268753751,2268754898,16394,1147
28709.927615,2268767474,2268768617,16364,1143
28709.939635,2268776601,2268777734,16456,1133
28709.951657,2268785692,2268786831,16124,1139
28709.963683,2268794817,2268795959,16450,1142
28709.984720,2268810768,2268811906,16456,1138
28709.996742,2268819902,2268821049,16232,1147
28710.011772,2268831339,2268832480,16375,1141
28710.023791,2268840481,2268841621,15998,1140
28710.035820,2268849635,2268850782,16362,1147
28710.047843,2268858772,2268859919,16364,1147
28710.068877,2268874691,2268875835,16027,1144
28710.080906,2268883832,2268884974,16367,1142
28710.113962,2268908975,2268910116,16025,1141
28710.125992,2268918126,2268919273,16367,1147
28710.153043,2268938638,2268939781,16360,1143
28710.165063,2268947748,2268948895,16371,1147
28710.186100,2268963695,2268964839,15946,1144
28710.198133,2268972855,2268973993,16372,1138
28710.216163,2268986545,2268987685,16362,1140
28710.228183,2268995670,2268996817,16373,1147
28710.246220,2269009351,2269010498,16359,1147
28710.258237,2269018466,2269019606,16027,1140
28710.270266,2269027576,2269028723,16365,1147
28710.316352,2269064105,2269065251,16371,1146
28710.420549,2269141767,2269142911,16043,1144
28710.432575,2269150909,2269152060,16368,1151
28710.444598,2269160082,2269161229,16448,1147
28710.456615,2269169246,2269170380,16040,1134
28710.520740,2269219449,2269220590,16364,1141
28710.543787,2269235600,2269236747,16418,1147
28710.555803,2269244716,2269245855,16031,1139
28710.567832,2269253841,2269254978,16368,1137
28710.579852,2269262966,2269264113,16338,1147
28710.591874,2269272111,2269273255,16320,1144
28710.603901,2269281234,2269282381,16447,1147
28710.615920,2269290369,2269291511,16420,1142
28710.627940,2269299478,2269300621,16108,1143
28710.639972,2269308596,2269309748,16414,1152
28710.651989,2269317728,2269318880,16459,1152
28710.664009,2269326837,2269327972,16107,1135
28710.676037,2269335948,2269337106,16360,1158
28710.688058,2269345089,2269346231,16267,1142
28710.700077,2269354208,2269355352,16001,1144
28710.712106,2269363321,2269364473,16365,1152
28710.724126,2269372458,2269373609,16465,1151
28710.736154,2269381594,2269382738,16195,1144
28710.748174,2269390716,2269391858,16362,1142
28710.760197,2269399843,2269400990,16458,1147
28710.772214,2269408954,2269410083,16109,1129
28710.784246,2269418056,2269419179,16296,1123
28710.796265,2269427206,2269428344,16429,1138
28710.808282,2269436316,2269437463,16029,1147
28710.823315,2269447746,2269448890,16454,1144
28710.859380,2269475160,2269476307,16375,1147
28710.871403,2269484267,2269485411,16110,1144
28710.883434,2269493429,2269494554,16298,1125
28710.895454,2269502558,2269503696,16431,1138
28710.907471,2269511668,2269512808,16034,1140
28710.919501,2269520778,2269521925,16367,1147
28710.931521,2269529922,2269531069,16372,1147
28710.943540,2269539238,2269540382,16026,1144
28710.955569,2269548382,2269549524,16465,1142
28710.967590,2269557505,2269558652,16377,1147
28710.979612,2269566628,2269567772,16067,1144
28711.075795,2269639734,2269640881,16373,1147
28711.087820,2269648878,2269650025,16270,1147
28711.099843,2269658022,2269659169,16366,1147
28711.111864,2269667155,2269668292,16373,1137
28711.123883,2269676271,2269677414,16069,1143
28711.135915,2269685385,2269686531,16491,1146
28711.153947,2269699084,2269700226,16362,1142
28711.165968,2269708228,2269709375,16226,1147
28711.177986,2269717343,2269718482,16026,1139
28711.190021,2269726475,2269727596,16222,1121
28711.208049,2269740131,2269741274,16366,1143
28711.220070,2269749291,2269750438,16332,1147
28711.232097,2269758387,2269759531,16118,1144
28711.244118,2269767497,2269768644,16360,1147
28711.265155,2269783481,2269784628,16371,1147
28711.277174,2269792622,2269793761,15945,1139
28711.295209,2269806360,2269807509,15991,1149
28711.310241,2269817774,2269818921,16376,1147
28711.340295,2269840591,2269841733,16028,1142
28711.352324,2269849726,2269850873,16356,1147
28711.367346,2269861149,2269862284,16026,1135
28711.397409,2269883981,2269885123,16360,1142
28711.409430,2269893132,2269894284,16371,1152
28711.421449,2269902261,2269903411,16031,1150
28711.433481,2269911411,2269912558,16407,1147
28711.445498,2269920535,2269921682,16373,1147
28711.499603,2269961670,2269962817,16342,1147
28711.511620,2269970762,2269971911,15950,1149
28711.523649,2269979895,2269981045,16382,1150
28711.535670,2269989052,2269990199,16212,1147
28711.547693,2269998160,2269999304,15963,1144
28711.559720,2270007340,2270008483,16378,1143
28711.571735,2270016463,2270017599,16203,1136
28711.583763,2270025604,2270026756,16261,1152
28711.595789,2270034736,2270035888,16321,1152
28711.616824,2270050743,2270051890,16368,1147
28711.628847,2270059873,2270061008,16074,1135
28711.688962,2270105529,2270106663,16315,1134
28711.700980,2270114641,2270115790,16029,1149
28711.713010,2270123787,2270124939,16364,1152
28711.725030,2270132934,2270134081,16374,1147
28711.737049,2270142046,2270143214,16031,1168
28711.752081,2270153495,2270154642,16375,1147
28711.764100,2270162646,2270163790,16025,1144
28711.776129,2270171788,2270172935,16353,1147
28711.794164,2270185526,2270186663,16437,1137
28711.806184,2270194657,2270195808,16378,1151
28711.821215,2270206051,2270207196,16444,1145
28711.833239,2270215168,2270216306,16361,1138
28711.884339,2270254015,2270255162,16374,1147
28711.896355,2270263160,2270264301,16375,1141
28711.908371,2270272253,2270273394,15983,1141
28711.923407,2270283669,2270284820,16377,1151
28711.935427,2270292782,2270293931,16112,1149
28711.947455,2270301904,2270303046,16445,1142
28711.959478,2270311047,2270312184,16456,1137
28711.971499,2270320165,2270321311,16048,1146
28711.983530,2270329317,2270330464,16466,1147
28712.025606,2270361226,2270362370,16196,1144
28712.037627,2270370369,2270371516,16445,1147
28712.049647,2270379507,2270380649,16460,1142
28712.127802,2270438865,2270440007,16451,1142
28712.147337,2270450528,2270451164,13597,636
28712.160334,2270456391,2270456997,12095,606
28712.177394,2270465036,2270466166,16314,1130
28712.189418,2270474155,2270475290,16390,1135
28712.201435,2270483303,2270484449,16246,1146
28712.213462,2270492466,2270493611,16312,1145
28712.225485,2270501618,2270502765,16317,1147
28712.237503,2270510790,2270511937,16267,1147
28712.249532,2270519966,2270521108,16314,1142
28712.267567,2270533716,2270534859,16290,1143
28712.279590,2270542879,2270544026,16387,1147
28712.291606,2270552053,2270553200,16245,1147
28712.303634,2270561220,2270562362,16320,1142
28712.315659,2270570383,2270571535,16394,1152
28712.327675,2270579541,2270580684,16175,1143
28712.339704,2270588691,2270589843,16227,1152
28712.351725,2270597858,2270599001,16284,1143
28712.363743,2270607017,2270608164,16178,1147
28712.375771,2270616200,2270617343,16317,1143
28712.387795,2270625374,2270626510,16388,1136
28712.399812,2270634515,2270635662,16246,1147
28712.411840,2270643669,2270644816,16320,1147
28712.423862,2270652844,2270653991,16231,1147
28712.435881,2270662010,2270663162,16262,1152
28712.447910,2270671173,2270672320,16231,1147
28712.459931,2270680332,2270681485,16277,1153
28712.471954,2270689505,2270690660,16315,1155
28712.483979,2270698675,2270699817,16312,1142
28712.496002,2270707841,2270708987,16389,1146
28712.508018,2270717024,2270718162,16162,1138
28712.520045,2270726192,2270727339,16309,1147
28712.532069,2270735358,2270736495,16369,1137
28712.544086,2270744500,2270745647,16174,1147
28712.556115,2270753653,2270754799,16225,1146
28712.568137,2270762821,2270763968,16368,1147
28712.580157,2270772002,2270773149,16246,1147
28712.592183,2270781185,2270782332,16313,1147
28712.604207,2270790360,2270791507,16387,1147
28712.616224,2270799533,2270800675,16158,1142
28712.628253,2270808690,2270809837,16312,1147
28712.640274,2270817861,2270819007,16370,1146
28712.653802,2270826514,2270827654,16364,1140
28712.680852,2270847131,2270848278,16373,1147
28712.692871,2270856314,2270857459,16263,1145
28712.713916,2270872373,2270873525,16272,1152
28712.725939,2270881555,2270882693,16399,1138
28712.740965,2270893001,2270894149,16318,1148
28712.752990,2270902184,2270903331,16367,1147
28712.777036,2270920516,2270921663,16319,1147
28712.789057,2270929714,2270930865,16285,1151
28712.801075,2270938905,2270940087,16263,1182
28712.813104,2270948116,2270949268,16227,1152
28712.825127,2270957298,2270958450,16387,1152
28712.849171,2270975677,2270976824,16319,1147
28712.861196,2270984833,2270985971,16475,1138
28712.876224,2270996289,2270997432,16294,1143
28712.888246,2271005447,2271006597,16458,1150
28712.900264,2271014644,2271015795,16262,1151
28712.912293,2271023824,2271024971,16321,1147
28712.924318,2271033017,2271034160,16412,1143
28712.948360,2271051321,2271052467,16318,1146
28712.960385,2271060493,2271061640,16304,1147
28712.972401,2271069666,2271070808,16260,1142
28712.984430,2271078830,2271079977,16312,1147
28712.996452,2271088232,2271089375,16379,1143
28713.008470,2271097418,2271098559,16266,1141
28713.020497,2271106581,2271107728,16320,1147
28713.032522,2271115758,2271116910,16476,1152
28713.056565,2271134120,2271135267,16321,1147
28713.068591,2271143347,2271144504,16274,1157
28713.080613,2271152592,2271153744,16273,1152
28713.092636,2271161830,2271162987,16230,1157
28713.104661,2271171096,2271172246,16316,1150
28713.128705,2271189558,2271190715,16314,1157
28713.140726,2271198762,2271199934,16342,1172
28713.161764,2271214841,2271215988,16378,1147
28713.173789,2271224009,2271225160,16397,1151
28713.185813,2271233178,2271234350,16475,1172
28713.197832,2271242389,2271243532,16232,1143
28713.209861,2271251563,2271252715,16318,1152
28713.221882,2271260743,2271261888,16390,1145
28713.233902,2271269907,2271271059,16286,1152
28713.245929,2271279095,2271280247,16397,1152
28713.257951,2271288265,2271289436,16390,1171
28713.269970,2271297462,2271298609,16344,1147
28713.281996,2271306642,2271307789,16313,1147
28713.306035,2271325015,2271326168,16233,1153
28713.318066,2271334207,2271335384,16274,1177
28713.333087,2271345691,2271346868,16252,1177
28713.357141,2271364056,2271365199,16495,1143
28713.369156,2271373251,2271374398,16230,1147
28713.385197,2271387006,2271388147,16242,1141
28713.405224,2271400764,2271401910,16231,1146
28713.417255,2271409940,2271411086,16404,1146
28713.429277,2271419124,2271420296,16300,1172
28713.447311,2271432934,2271434086,16359,1152
28713.459327,2271442117,2271443259,16252,1142
28713.471356,2271451286,2271452420,16308,1134
28713.513438,2271483383,2271484526,16295,1143
28713.525461,2271492573,2271493725,16318,1152
28713.540482,2271504048,2271505195,16244,1147
28713.552511,2271513214,2271514371,16316,1157
28713.576550,2271531585,2271532732,16144,1147
28713.588579,2271540759,2271541910,16231,1151
28713.603602,2271552240,2271553386,16228,1146
28713.616638,2271563749,2271564896,16362,1147
28713.633666,2271575208,2271576355,16317,1147
28713.645687,2271584382,2271585539,16383,1157
28713.657704,2271593564,2271594707,16332,1143
28713.669733,2271602743,2271603890,16315,1147
28713.681758,2271611912,2271613059,16375,1147
28713.696785,2271623381,2271624533,16398,1152
28713.708810,2271632582,2271633729,16405,1147
28713.723838,2271644065,2271645212,16318,1147
28713.735859,2271653285,2271654432,16388,1147
28713.747876,2271662447,2271663594,16337,1147
28713.759907,2271671648,2271672795,16322,1147
28713.780947,2271687703,2271688846,16484,1143
28713.792962,2271696867,2271698054,16232,1187
28713.807998,2271708374,2271709526,16493,1152
28713.820013,2271717608,2271718754,16267,1146
28713.832043,2271726788,2271727936,16376,1148
28713.844066,2271735968,2271737110,16395,1142
28713.856081,2271745132,2271746275,16263,1143
28713.868109,2271754267,2271755444,16318,1177
28713.880136,2271763453,2271764605,16408,1152
28713.892151,2271772628,2271773775,16252,1147
28713.904178,2271781807,2271782956,16400,1149
28713.916201,2271790978,2271792125,16379,1147
28713.928219,2271800174,2271801321,16245,1147
28713.940250,2271809353,2271810500,16319,1147
28713.952269,2271818527,2271819659,16375,1132
28713.973307,2271834567,2271835714,16357,1147
28713.985332,2271843735,2271844882,16397,1147
28713.997357,2271852903,2271854050,16446,1147
28714.009379,2271862052,2271863209,16354,1157
28714.024408,2271873579,2271874725,16388,1146
28714.036424,2271882731,2271883872,16140,1141
28714.057472,2271898775,2271899927,16315,1152
28714.069495,2271907958,2271909124,16285,1166
28714.093540,2271926349,2271927497,16308,1148
28714.105563,2271935496,2271936649,16373,1153
28714.129610,2271953872,2271955017,16319,1145
28714.141631,2271963055,2271964197,16386,1142
28714.153647,2271972246,2271973391,16250,1145
28714.183711,2271995152,2271996299,16315,1147
28714.195736,2272004348,2272005495,16316,1147
28714.207758,2272013517,2272014664,16222,1147
28714.225785,2272027270,2272028418,16252,1148
28714.237815,2272036424,2272037580,16225,1156
28714.249839,2272045595,2272046742,16385,1147
28714.279887,2272068551,2272069693,16149,1142
28714.291916,2272077712,2272078850,16312,1138
28714.303941,2272086865,2272088014,16314,1149
28714.315956,2272096051,2272097194,16161,1143
28714.327987,2272105228,2272106372,16298,1144
28714.340008,2272114393,2272115538,16298,1145
28714.352027,2272123556,2272124699,16249,1143
28714.364054,2272132714,2272133861,16221,1147
28714.382088,2272146467,2272147609,16294,1142
28714.394113,2272155621,2272156768,16407,1147
28714.421162,2272176290,2272177440,16385,1150
28714.433179,2272185508,2272186651,16246,1143
28714.451214,2272199282,2272200425,16245,1143
28714.466250,2272210778,2272211935,16401,1157
28714.481277,2272222250,2272223392,16314,1142
28714.535381,2272263538,2272264685,16316,1147
28714.547403,2272272710,2272273857,16360,1147
28714.559419,2272281881,2272283024,16215,1143
28714.571448,2272291066,2272292248,16225,1182
28714.583473,2272300271,2272301414,16404,1143
28714.595488,2272309440,2272310587,16147,1147
28714.607519,2272318622,2272319774,16276,1152
28714.619540,2272327789,2272328929,16389,1140
28714.631558,2272336995,2272338142,16249,1147
28714.643587,2272346160,2272347307,16314,1147
28714.655610,2272355331,2272356478,16329,1147
28714.667625,2272364497,2272365634,16240,1137
28714.679654,2272373653,2272374805,16399,1152
28714.691679,2272382821,2272383968,16456,1147
28714.703701,2272391997,2272393171,16321,1174
28714.715724,2272401182,2272402328,16326,1146
28714.727745,2272410332,2272411474,16390,1142
28714.739762,2272419495,2272420637,16255,1142
28714.751793,2272428664,2272429816,16400,1152
28714.763816,2272437851,2272438998,16492,1147
28714.775833,2272447036,2272448183,16317,1147
28714.787860,2272456227,2272457379,16315,1152
28714.799884,2272465405,2272466552,16482,1147
28714.832947,2272490644,2272491791,16402,1147
28714.844968,2272499841,2272500988,16468,1147
28714.856985,2272509046,2272510228,16236,1182
28714.873026,2272522876,2272524023,16239,1147
28714.917106,2272554971,2272556118,16386,1147
28714.929123,2272564165,2272565312,16263,1147
28714.941153,2272573381,2272574553,16318,1172
28714.953176,2272582581,2272583725,16409,1144
28714.974208,2272598627,2272599764,16243,1137
28714.986237,2272607792,2272608952,16318,1160
28714.998262,2272617023,2272618180,16411,1157
28715.031324,2272642248,2272643395,16400,1147
28715.043344,2272651437,2272652578,16371,1141
28715.055362,2272660605,2272661759,16244,1154
28715.067390,2272669776,2272670923,16314,1147
28715.079415,2272678956,2272680103,16390,1147
28715.145536,2272729429,2272730581,16292,1152
28715.157561,2272738633,2272739780,16312,1147
28715.169586,2272747822,2272748971,16361,1149
28715.181602,2272757016,2272758163,16247,1147
28715.208654,2272777726,2272778873,16269,1147
28715.220683,2272786896,2272788053,16317,1157
28715.241721,2272802956,2272804103,16373,1147
28715.253741,2272812140,2272813286,16232,1146
28715.271774,2272825897,2272827039,16239,1142
28715.283803,2272835065,2272836203,16324,1138
28715.295827,2272844245,2272845397,16442,1152
28715.373976,2272904013,2272905160,16420,1147
28715.385999,2272913206,2272914351,16409,1145
28715.441110,2272956802,2272957945,16252,1143
28715.458139,2272968264,2272969411,16493,1147
28715.470151,2272977436,2272978582,16218,1146
28715.488185,2272991164,2272992310,16238,1146
28715.500216,2273000343,2273001495,16319,1152
28715.512238,2273009512,2273010658,16386,1146
28715.524255,2273018691,2273019834,16338,1143
28715.536285,2273027835,2273028981,16321,1146
28715.548307,2273037004,2273038151,16327,1147
28715.569342,2273053062,2273054211,16267,1149
28715.581369,2273062243,2273063390,16321,1147
28715.593393,2273071402,2273072554,16407,1152
28715.605413,2273080588,2273081735,16281,1147
28715.629460,2273098924,2273100071,16364,1147
28715.641477,2273108082,2273109229,16254,1147
28715.656513,2273119561,2273120708,16459,1147
28715.668531,2273128774,2273129920,16267,1146
28715.680557,2273137949,2273139101,16315,1152
28715.704597,2273156351,2273157508,16337,1157
28715.716628,2273165550,2273166723,16317,1173
28715.797782,2273227513,2273228660,16403,1147
28715.809805,2273236684,2273237835,16468,1151
28715.833851,2273255066,2273256213,16381,1147
28715.845873,2273264251,2273265394,16404,1143
28715.857888,2273273403,2273274550,16238,1147
28715.869920,2273282583,2273283734,16400,1151
28715.881942,2273291768,2273292914,16403,1146
28715.905988,2273310088,2273311265,16400,1177
28715.993153,2273376691,2273377834,16301,1143
28716.005178,2273385864,2273387011,16339,1147
28716.017198,2273395045,2273396183,16471,1138
28716.029217,2273404230,2273405377,16287,1147
28716.041245,2273413410,2273414557,16321,1147
28716.053268,2273422578,2273423730,16492,1152
28716.068295,2273434044,2273435175,16318,1131
28716.080320,2273443346,2273444498,16410,1152
28716.092342,2273452534,2273453681,16327,1147
28716.104365,2273461738,2273462890,16403,1152
28716.128403,2273480081,2273481228,16331,1147
28716.140434,2273489250,2273490404,16318,1154
28716.200540,2273535118,2273536259,16251,1141
28716.212571,2273544272,2273545418,16322,1146
28716.228606,2273558026,2273559170,16397,1144
28716.275689,2273592465,2273593612,16398,1147
28716.287714,2273601674,2273602830,16312,1156
28716.299729,2273610848,2273611996,16160,1148
28716.317763,2273624596,2273625728,16250,1132
28716.329794,2273633771,2273634918,16318,1147
28716.343318,2273644502,2273645649,16410,1147
28716.355335,2273653636,2273654783,16282,1147
28716.367358,2273662749,2273663894,16045,1145
28716.439499,2273717652,2273718797,16086,1145
28716.451521,2273726786,2273727941,16362,1155
28716.463538,2273735927,2273737079,16208,1152
28716.475560,2273745052,2273746193,16031,1141
28716.487594,2273754240,2273755387,16376,1147
28716.499611,2273763407,2273764550,16346,1143
28716.511629,2273772518,2273773662,16031,1144
28716.523659,2273781625,2273782772,16365,1147
28716.544698,2273797621,2273798768,16353,1147
28716.556717,2273806740,2273807884,16027,1144
28716.631864,2273863802,2273864945,16361,1143
28716.643887,2273872930,2273874077,16273,1147
28716.655903,2273882040,2273883184,15944,1144
28716.667933,2273891166,2273892323,16275,1157
28716.679952,2273900317,2273901464,16327,1147
28716.691977,2273909471,2273910623,16231,1152
28716.704001,2273918623,2273919800,16270,1177
28716.716021,2273927804,2273928951,16369,1147
28716.728040,2273936910,2273938079,15946,1169
28716.740073,2273946064,2273947216,16321,1152
28716.752089,2273955218,2273956373,16367,1155
28716.764109,2273964352,2273965496,15952,1144
28716.776138,2273973494,2273974647,16360,1153
28716.788159,2273982630,2273983777,16264,1147
28716.800178,2273991751,2273992895,15912,1144
28716.812207,2274000892,2274002034,16274,1142
28716.824227,2274010038,2274011183,16289,1145
28716.842264,2274023710,2274024856,16355,1146
28716.854281,2274032830,2274033979,16027,1149
28716.875329,2274048828,2274049945,16179,1117
28716.887347,2274057908,2274059051,16265,1143
28716.899370,2274067080,2274068220,16093,1140
28716.911395,2274076206,2274077348,16447,1142
28716.923416,2274085323,2274086470,16457,1147
28716.935442,2274094433,2274095575,16093,1142
28716.947464,2274103546,2274104698,16362,1152
28716.959484,2274112696,2274113839,16377,1143
28716.971506,2274121827,2274122974,16223,1147
28716.983533,2274130961,2274132103,16182,1142
28717.091743,2274213213,2274214381,16367,1168
28717.103760,2274222749,2274223891,16342,1142
28717.115778,2274231870,2274233014,16031,1144
28717.127807,2274240990,2274242137,16361,1147
28717.139831,2274250109,2274251251,16273,1142
28717.151846,2274259206,2274260340,16026,1134
28717.163876,2274268328,2274269470,16354,1142
28717.199945,2274295738,2274296880,16365,1142
28717.211965,2274304872,2274306019,16281,1147
28717.223986,2274313992,2274315106,16256,1114
28717.236016,2274323090,2274324237,16415,1147
28717.248033,2274332234,2274333376,16375,1142
28717.260052,2274341348,2274342484,16028,1136
28717.272081,2274350461,2274351604,16358,1143
28717.284102,2274359580,2274360741,16263,1161
28717.296121,2274368746,2274369890,15996,1144
28717.309150,2274380196,2274381343,16372,1147
28717.353236,2274412185,2274413332,16354,1147
28717.365256,2274421358,2274422503,16377,1145
28717.413344,2274457897,2274459041,16028,1144
28717.425379,2274467057,2274468199,16377,1142
28717.479476,2274508164,2274509311,16380,1147
28717.491498,2274517330,2274518466,16346,1136
28717.503518,2274526459,2274527606,16221,1147
28717.521550,2274540146,2274541290,16022,1144
28717.533583,2274549262,2274550403,16412,1141
28717.608719,2274606380,2274607527,16373,1147
28717.623750,2274617777,2274618921,16361,1144
28717.704905,2274679474,2274680631,16359,1157
28717.716927,2274688675,2274689815,16343,1140
28717.728952,2274697788,2274698938,16112,1150
28717.822128,2274768623,2274769770,16363,1147
28717.834150,2274777764,2274778908,16359,1144
28717.864201,2274800594,2274801738,15995,1144
28717.876230,2274809713,2274810850,16316,1137
28717.888252,2274818872,2274820014,16345,1142
28717.900269,2274827979,2274829101,16199,1122
28717.912301,2274837066,2274838213,16338,1147
28717.936339,2274855358,2274856496,16026,1138
28717.948368,2274864483,2274865625,16268,1142
28717.984441,2274891916,2274893062,16375,1146
28717.996456,2274901047,2274902192,16285,1145
28718.036540,2274933057,2274934203,16356,1146
28718.089630,2274971896,2274973037,15999,1141
28718.101659,2274981042,2274982188,16367,1146
28718.116692,2274992512,2274993673,16315,1161
28718.128713,2275001947,2275003094,16404,1147
28718.143744,2275013474,2275014619,16404,1145
28718.155765,2275022675,2275023832,16397,1157
28718.173799,2275036533,2275037685,16469,1152
28718.185818,2275045723,2275046871,16345,1148
28718.245933,2275091323,2275092470,16438,1147
28718.257954,2275100459,2275101601,16377,1142
28718.282006,2275118760,2275119906,16377,1146
28718.294022,2275127885,2275129027,16376,1142
28718.306042,2275137031,2275138175,16035,1144
28718.318073,2275146167,2275147293,16207,1126
28718.336105,2275159868,2275161015,16354,1147
28718.348126,2275169023,2275170170,16377,1147
28718.360144,2275178156,2275179300,15994,1144
28718.372173,2275187301,2275188443,16355,1142
28718.384195,2275196449,2275197596,16340,1147
28718.432278,2275232938,2275234081,15942,1143
28718.444311,2275242087,2275243239,16266,1152
28718.456331,2275251242,2275252389,16372,1147
28718.468355,2275260403,2275261548,16045,1145
28718.528467,2275306193,2275307336,16350,1143
28718.540487,2275315376,2275316520,16021,1144
28718.567539,2275335904,2275337049,16026,1145
28718.579572,2275345076,2275346218,16458,1142
28718.591588,2275354209,2275355356,16455,1147
28718.603607,2275363340,2275364509,16022,1169
28718.624656,2275379361,2275380504,16481,1143
28718.636673,2275388505,2275389687,16412,1182
28718.672743,2275415944,2275417091,16268,1147
28718.684761,2275425105,2275426276,15986,1171
28718.696791,2275434294,2275435440,16354,1146
28718.711813,2275445725,2275446869,16023,1144
28718.735863,2275464024,2275465162,16286,1138
28718.747881,2275473215,2275474359,15923,1144
28718.759910,2275482344,2275483491,16304,1147
28718.771931,2275491481,2275492633,16189,1152
28718.783950,2275500619,2275501769,16009,1150
28718.795978,2275509763,2275510910,16339,1147
28718.808000,2275518889,2275520066,16281,1177
28718.820025,2275528026,2275529165,16025,1139
28718.832047,2275537161,2275538303,16254,1142
28718.844068,2275546304,2275547447,16373,1143
28718.856090,2275555418,2275556536,16273,1118
28718.877137,2275571387,2275572538,16360,1151
28718.889154,2275580509,2275581652,16371,1143
28718.922223,2275605637,2275606774,16403,1137
28718.934240,2275614753,2275615900,16375,1147
28718.952275,2275628459,2275629600,16375,1141
28718.964292,2275637592,2275638731,15940,1139
28718.976327,2275646713,2275647855,16285,1142
28718.988343,2275655852,2275656999,16285,1147
28719.099550,2275740383,2275741530,16025,1147
28719.111580,2275749530,2275750677,16356,1147
28719.123603,2275758669,2275759814,16272,1145
28719.141632,2275772295,2275773463,16149,1168
28719.153653,2275781517,2275782653,16022,1136
28719.201751,2275818127,2275819274,16355,1147
28719.213772,2275827286,2275828428,16377,1142
28719.273893,2275872958,2275874105,16376,1147
28719.285909,2275882101,2275883253,16371,1152
28719.303943,2275895802,2275896949,16283,1147
28719.315970,2275904921,2275906074,16109,1153
28719.327991,2275914075,2275915223,16355,1148
28719.340012,2275923234,2275924371,16376,1137
28719.358046,2275936937,2275938080,16368,1143
28719.370068,2275946164,2275947316,16315,1152
28719.400129,2275969012,2275970158,16459,1146
28719.412149,2275978146,2275979289,16375,1143
28719.433189,2275994099,2275995247,16044,1148
28719.445214,2276003254,2276004401,16357,1147
28719.473268,2276026128,2276027274,16337,1146
28719.496305,2276042090,2276043229,16022,1139
28719.508334,2276051240,2276052393,16378,1153
28719.565440,2276094693,2276095835,16257,1142
28719.577459,2276103832,2276104976,15991,1144
28719.592492,2276115243,2276116386,16376,1143
28719.604510,2276124363,2276125507,16025,1144
28719.619547,2276135793,2276136931,16340,1138
28719.631562,2276144937,2276146076,15991,1139
28719.643591,2276154053,2276155200,16358,1147
28719.655612,2276163185,2276164337,16371,1152
28719.676648,2276179171,2276180315,15983,1144
28719.688677,2276188306,2276189449,16272,1143
28719.724751,2276215741,2276216888,16382,1147
28719.736766,2276224876,2276226018,16369,1142
28719.772836,2276252305,2276253452,16345,1147
28719.784854,2276261458,2276262598,15937,1140
28719.824934,2276293461,2276294634,16370,1173
28719.884042,2276336879,2276338024,16025,1145
28719.914109,2276359730,2276360882,16373,1152
28719.926122,2276368886,2276370033,16286,1147
28719.938145,2276378014,2276379158,16025,1144
28719.980226,2276409963,2276411101,16067,1138
28719.992248,2276419094,2276420238,16025,1144
28720.004280,2276428237,2276429379,16300,1142
28720.016301,2276437362,2276438515,16269,1153
28720.031329,2276448766,2276449907,16358,1141
28720.043349,2276457918,2276459060,16377,1142
28720.055368,2276467024,2276468168,15910,1144
28720.067405,2276476172,2276477293,16161,1121
28720.079421,2276485282,2276486429,16363,1147
28720.091440,2276494390,2276495510,16259,1120
28720.103466,2276503531,2276504678,16350,1147
28720.115489,2276512654,2276513798,16363,1144
28720.127504,2276521753,2276522871,16217,1118
28720.139537,2276530895,2276532021,16174,1126
28720.184621,2276565171,2276566318,16362,1147
28720.196642,2276574332,2276575479,16330,1147
28720.235711,2276603948,2276605092,16100,1144
28720.247741,2276613076,2276614217,16443,1141
28720.259760,2276622230,2276623377,16266,1147
28720.271779,2276631381,2276632531,15994,1150
28720.283809,2276640552,2276641699,16352,1147
28720.295829,2276649670,2276650842,16283,1172
28720.307856,2276658804,2276659945,16026,1141
28720.319877,2276667938,2276669086,16357,1148
28720.331898,2276677085,2276678229,16377,1144
28720.343916,2276686192,2276687336,15942,1144
28720.355948,2276695297,2276696418,16122,1121
28720.367970,2276704388,2276705540,16343,1152
28720.379986,2276713531,2276714671,16026,1140
28720.392014,2276722682,2276723829,16354,1147
28720.404037,2276732069,2276733221,16380,1152
28720.416054,2276741167,2276742341,15992,1174
28720.428088,2276750331,2276751452,16320,1121
28720.440106,2276759396,2276760539,16440,1143
28720.470161,2276782176,2276783312,16035,1136
28720.482187,2276791306,2276792456,16366,1150
28720.497208,2276802702,2276803841,16072,1139
28720.509240,2276811831,2276812972,16453,1141
28720.572358,2276859717,2276860860,16436,1143
28720.587380,2276871137,2276872281,16023,1144
28720.599409,2276880286,2276881434,16363,1148
28720.611432,2276889478,2276890616,16271,1138
28720.623448,2276898589,2276899733,16018,1144
28720.635478,2276907714,2276908860,16355,1146
28720.647498,2276916842,2276917983,16373,1141
28720.659523,2276925977,2276927119,16260,1142
28720.671551,2276935148,2276936294,16368,1146
28720.683567,2276944285,2276945432,16373,1147
28720.695585,2276953402,2276954546,16025,1144
28720.707618,2276962525,2276963672,16440,1147
28720.719635,2276971660,2276972803,16375,1143
28720.731654,2276980760,2276981907,16027,1147
28720.743683,2276989899,2276991037,16352,1138
28720.755704,2276999038,2277000185,16269,1147
28720.767723,2277008164,2277009305,15989,1141
28720.779752,2277017282,2277018429,16357,1147
28720.791772,2277026429,2277027576,16374,1147
28720.803799,2277035551,2277036695,16069,1144
28720.816821,2277047046,2277048188,16370,1142
28720.875929,2277090387,2277091531,16022,1144
28720.896978,2277106311,2277107452,16395,1141
28720.908998,2277115445,2277116587,16361,1142
28720.921014,2277124530,2277125673,16030,1143
28720.936036,2277135908,2277137058,16082,1150
28720.948069,2277145005,2277146127,16211,1122
28720.960100,2277154111,2277155257,16408,1146
28720.984137,2277172362,2277173505,16038,1143
28721.002177,2277186030,2277187173,16113,1143
28721.014204,2277195345,2277196501,16375,1156
28721.026208,2277204469,2277205604,16084,1135
28721.104372,2277263636,2277264774,16362,1138
28721.116379,2277272742,2277273881,16079,1139
28721.204568,2277340927,2277342076,16079,1149
28721.216594,2277350063,2277351206,15937,1143
28721.287705,2277402393,2277403533,16081,1140
28721.299745,2277411472,2277412616,16112,1144
28721.311768,2277420584,2277421721,16386,1137
28721.323773,2277429658,2277430807,16084,1149
28721.335807,2277438739,2277439889,16037,1150
28721.356333,2277448100,2277448705,12029,605
28721.415465,2277486970,2277488122,16348,1152
28721.427487,2277496198,2277497355,16294,1157
28721.439501,2277505323,2277506472,16005,1149
28721.451534,2277514457,2277515600,16228,1143
28721.463555,2277523578,2277524719,16381,1141
28721.475569,2277532680,2277533824,15926,1144
28721.487600,2277541804,2277542930,16070,1126
28721.499625,2277550911,2277552063,16320,1152
28721.511638,2277560056,2277561192,15919,1136
28721.523671,2277569190,2277570337,16265,1147
28721.535692,2277578327,2277579474,16376,1147
28721.559742,2277596622,2277597770,16360,1148
28721.571761,2277605759,2277606901,16378,1142
28721.583779,2277614879,2277616029,15942,1150
28721.595806,2277624019,2277625139,16069,1120
28721.607831,2277633145,2277634288,16307,1143
28721.619843,2277642252,2277643402,15999,1150
28721.631876,2277651415,2277652567,16354,1152
28721.643897,2277660562,2277661705,16370,1143
28721.655912,2277669693,2277670832,16022,1139
28721.667944,2277678853,2277680000,16429,1147
28721.679965,2277687997,2277689138,16337,1141
28721.691981,2277697100,2277698235,16019,1135
28721.704011,2277706262,2277707413,16322,1151
28721.716034,2277715413,2277716561,16450,1148
28721.761119,2277749685,2277750837,16448,1152
28721.773135,2277758836,2277759985,16015,1149
28721.785167,2277767969,2277769116,16353,1147
28721.824240,2277797731,2277798878,16367,1147
28721.836255,2277807010,2277808153,16010,1143
28721.848287,2277816148,2277817299,16397,1151
28721.861812,2277824744,2277825891,16321,1147
28721.873836,2277833877,2277835029,16447,1152
28721.888864,2277845257,2277846403,16345,1146
28721.900886,2277854397,2277855540,16279,1143
28721.916913,2277868088,2277869229,16270,1141
28721.951982,2277893235,2277894387,16395,1152
28721.964006,2277902419,2277903563,16465,1144
28721.976023,2277911519,2277912658,16015,1139
28721.988053,2277920697,2277921846,16259,1149
28722.000074,2277929849,2277930992,16368,1143
28722.012090,2277938966,2277940110,16099,1144
28722.024119,2277948114,2277949235,16231,1121
28722.036145,2277957457,2277958600,16452,1143
28722.048160,2277966631,2277967783,16245,1152
28722.060190,2277975783,2277976925,16347,1142
28722.072212,2277984942,2277986089,16288,1147
28722.084225,2277994080,2277995224,15962,1144
28722.096260,2278003213,2278004359,16312,1146
28722.108281,2278012356,2278013499,16379,1143
28722.120295,2278021481,2278022625,15997,1144
28722.132328,2278030625,2278031767,16345,1142
28722.147349,2278042049,2278043190,16235,1141
28722.159380,2278051185,2278052323,16348,1138
28722.177415,2278064877,2278066024,16350,1147
28722.189437,2278074014,2278075161,16379,1147
28722.213483,2278092286,2278093441,16343,1155
28722.225504,2278101431,2278102578,16287,1147
28722.237520,2278110591,2278111735,16013,1144
28722.249549,2278119750,2278120898,16314,1148
28722.261571,2278128900,2278130047,16363,1147
28722.273587,2278138018,2278139163,16012,1145
28722.285619,2278147153,2278148305,16259,1152
28722.297641,2278156315,2278157457,16378,1142
28722.321688,2278174544,2278175696,16350,1152
28722.333709,2278183697,2278184839,16450,1142
28722.357754,2278201987,2278203108,16149,1121
28722.369777,2278211107,2278212254,16456,1147
28722.381792,2278220236,2278221378,16009,1142
28722.393827,2278229368,2278230515,16315,1147
28722.429895,2278256762,2278257903,16347,1141
28722.441919,2278266108,2278267255,16323,1147
28722.456946,2278277552,2278278694,16314,1142
28722.468967,2278286679,2278287826,16288,1147
28722.493015,2278304950,2278306097,16315,1147
28722.505035,2278314079,2278315225,16381,1146
28722.529083,2278332340,2278333481,16262,1141
28722.541106,2278341488,2278342630,16332,1142
28722.565152,2278359775,2278360921,16352,1146
28722.577173,2278368909,2278370081,16352,1172
28722.592203,2278380356,2278381498,16397,1142
28722.604224,2278389547,2278390694,16289,1147
28722.616238,2278398658,2278399793,15998,1135
28722.634273,2278412341,2278413482,15998,1141
28722.649310,2278423844,2278424982,16385,1138
28722.661324,2278432977,2278434111,16093,1134
28722.697393,2278460350,2278461499,16018,1149
28722.709425,2278469510,2278470662,16432,1152
28722.739482,2278492374,2278493521,16319,1147
28722.751495,2278501520,2278502664,16015,1144
28722.769530,2278515197,2278516340,16015,1143
28722.781562,2278524308,2278525461,16327,1153
28722.799597,2278538003,2278539141,16351,1138
28722.811617,2278547140,2278548282,16278,1142
28722.823632,2278556268,2278557409,16013,1141
28722.835665,2278565398,2278566545,16438,1147
28722.847692,2278574614,2278575762,16325,1148
28722.877736,2278597465,2278598609,15998,1144
28722.889769,2278606610,2278607756,16314,1146
28722.901790,2278615757,2278616903,16379,1146
28722.919826,2278629466,2278630609,16402,1143
28722.931839,2278638569,2278639718,16004,1149
28722.943871,2278647744,2278648896,16213,1152
28722.956901,2278659204,2278660351,16223,1147
28722.985949,2278679776,2278680925,16082,1149
28722.997975,2278688939,2278690097,16347,1158
28723.009996,2278698087,2278699234,16346,1147
28723.022011,2278707215,2278708356,16003,1141
28723.034044,2278716354,2278717497,16342,1143
28723.046066,2278725510,2278726656,16394,1146
28723.058076,2278734878,2278736022,16038,1144
28723.070113,2278744031,2278745178,16357,1147
28723.082133,2278753187,2278754334,16383,1147
28723.106181,2278771474,2278772621,16435,1147
28723.118202,2278780631,2278781783,16384,1152
28723.145255,2278801292,2278802433,16478,1141
28723.160281,2278812733,2278813859,16143,1126
28723.172306,2278821877,2278823023,16401,1146
28723.184327,2278831007,2278832151,16084,1144
28723.196352,2278840151,2278841295,16346,1144
28723.208373,2278849284,2278850427,16382,1143
28723.223404,2278860697,2278861844,16430,1147
28723.235426,2278869840,2278870987,16325,1147
28723.253459,2278883562,2278884714,16353,1152
28723.265473,2278892762,2278893898,16076,1136
28723.304558,2278922441,2278923588,16410,1147
28723.316579,2278931588,2278932726,16387,1138
28723.328595,2278940715,2278941854,16080,1139
28723.340625,2278949920,2278951077,16386,1157
28723.352648,2278959112,2278960264,16465,1152
28723.400731,2278995848,2278997003,16002,1155
28723.412764,2279005031,2279006179,16352,1148
28723.427782,2279016469,2279017614,16001,1145
28723.439813,2279025656,2279026803,16317,1147
28723.451836,2279034799,2279035946,16468,1147
28723.463855,2279043945,2279045092,16249,1147
28723.496922,2279069104,2279070247,16376,1143
28723.508936,2279078218,2279079363,16003,1145
28723.520970,2279087378,2279088555,16259,1177
28723.532992,2279096556,2279097703,16319,1147
28723.545005,2279105711,2279106850,16002,1139
28723.569059,2279124028,2279125175,16380,1147
28723.581084,2279133152,2279134303,16121,1151
28723.626159,2279167433,2279168574,15999,1141
28723.665244,2279197202,2279198379,16252,1177
28723.677265,2279206379,2279207522,16377,1143
28723.689279,2279215768,2279216918,15999,1150
28723.737380,2279252395,2279253539,16317,1144
28723.749402,2279261531,2279262674,16349,1143
28723.797485,2279298063,2279299203,16000,1140
28723.809518,2279307204,2279308356,16346,1152
28723.839575,2279330079,2279331231,16396,1152
28723.851588,2279339215,2279340359,16001,1144
28723.863621,2279348364,2279349517,16343,1153
28723.875642,2279357555,2279358707,16377,1152
28723.899690,2279375885,2279377037,16349,1152
28723.911713,2279385050,2279386201,16444,1151
28723.923725,2279394185,2279395324,16077,1139
28723.935757,2279403372,2279404519,16405,1147
28723.947781,2279412502,2279413649,16484,1147
28723.959794,2279421637,2279422781,16080,1144
28723.971825,2279430791,2279431917,16232,1126
28723.983848,2279439915,2279441062,16439,1147
28723.995862,2279449013,2279450156,16000,1143
28724.007895,2279458156,2279459303,16316,1147
28724.028936,2279474167,2279475318,16321,1151
28724.040951,2279483324,2279484474,16021,1150
28724.056994,2279497034,2279498175,16038,1141
28724.074019,2279508475,2279509618,16462,1143
28724.086033,2279517607,2279518752,16083,1145
28724.098067,2279526761,2279527903,16431,1142
28724.110088,2279535917,2279537064,16392,1147
28724.137141,2279556549,2279557696,16446,1147
28724.149154,2279565671,2279566809,16078,1138
28724.164191,2279577085,2279578232,16360,1147
28724.176212,2279586292,2279587437,16084,1145
28724.188239,2279595433,2279596590,16356,1157
28724.200259,2279604579,2279605726,16350,1147
28724.212273,2279613701,2279614849,16076,1148
28724.239326,2279634286,2279635441,15999,1155
28724.251359,2279643452,2279644600,16346,1148
28724.263380,2279652592,2279653744,16422,1152
28724.275400,2279661757,2279662897,16118,1140
28724.287427,2279670917,2279672063,16354,1146
28724.299449,2279680219,2279681366,16391,1147
28724.311462,2279689355,2279690503,16079,1148
28724.323496,2279698515,2279699687,16435,1172
28724.335520,2279707732,2279708878,16501,1146
28724.347531,2279716874,2279718023,16079,1149
28724.359562,2279726032,2279727152,16149,1120
28724.371586,2279735164,2279736310,16403,1146
28724.383604,2279744314,2279745461,16260,1147
28724.395633,2279753489,2279754640,16358,1151
28724.407654,2279762642,2279763789,16379,1147
28724.419668,2279771752,2279772901,16006,1149
28724.431700,2279780932,2279782079,16313,1147
28724.443723,2279790094,2279791236,16470,1142
28724.461757,2279803826,2279804982,16385,1156
28724.473779,2279812955,2279814096,16088,1141
28724.485804,2279822092,2279823233,16309,1141
28724.497825,2279831230,2279832382,16376,1152
28724.515860,2279845172,2279846319,16462,1147
28724.527877,2279854320,2279855467,16235,1147
28724.539907,2279863505,2279864647,16356,1142
28724.551928,2279872650,2279873798,16390,1148
28724.563947,2279881775,2279882914,16024,1139
28724.575976,2279890917,2279892054,16398,1137
28724.587997,2279900057,2279901200,16467,1143
28724.600013,2279909178,2279910313,15996,1135
28724.612044,2279918306,2279919456,16390,1150
28724.624067,2279927457,2279928604,16318,1147
28724.636080,2279936629,2279937772,16077,1143
28724.654114,2279950389,2279951530,16000,1141
28724.666147,2279959519,2279960666,16345,1147
28724.696203,2279982373,2279983525,16435,1152
28724.708221,2279991572,2279992724,16247,1152
28724.720250,2280000744,2280001896,16347,1152
28724.732273,2280009932,2280011079,16399,1147
28724.744286,2280019071,2280020219,16006,1148
28724.756316,2280028222,2280029342,16150,1120
28724.777357,2280044193,2280045339,16383,1146
28724.789370,2280053356,2280054500,15985,1144
28724.801405,2280062521,2280063672,16343,1151
28724.813427,2280071711,2280072868,16373,1157
28724.825443,2280080918,2280082061,16230,1143
28724.840477,2280092411,2280093568,16372,1157
28724.852491,2280101597,2280102747,15998,1150
28724.867528,2280113154,2280114316,16377,1162
28724.879542,2280122342,2280123497,15910,1155
28724.897581,2280136125,2280137271,16038,1146
28724.909612,2280145305,2280146452,16341,1147
28724.924634,2280157058,2280158204,16272,1146
28724.939665,2280168593,2280169740,16374,1147
28724.951677,2280177743,2280178889,15970,1146
28724.965205,2280188667,2280189822,16001,1155
28724.977238,2280197896,2280199054,16328,1158
28724.989260,2280207101,2280208248,16384,1147
28725.008327,2280223187,2280224332,16002,1145
28725.031342,2280239255,2280240401,16221,1146
28725.043363,2280248398,2280249575,16296,1177
28725.055377,2280257549,2280258685,16000,1136
28725.067412,2280266691,2280267833,16281,1142
28725.103481,2280294165,2280295312,16368,1147
28725.115500,2280303329,2280304476,16381,1147
28725.132023,2280316072,2280317217,15995,1145
28725.144056,2280325222,2280326403,16260,1181
28725.156077,2280334412,2280335564,16295,1152
28725.177109,2280350430,2280351589,15997,1159
28725.189140,2280359577,2280360703,16066,1126
28725.213177,2280377810,2280378959,15997,1149
28725.225209,2280386989,2280388166,16226,1177
28725.240229,2280398436,2280399581,15996,1145
28725.253258,2280409881,2280411033,16382,1152
28725.279313,2280428170,2280429323,16346,1153
28725.291336,2280437316,2280438468,16316,1152
28725.303349,2280446440,2280447590,15999,1150
28725.315382,2280455585,2280456727,16346,1142
28725.327406,2280464776,2280465916,16503,1140
28725.339418,2280473889,2280475034,16005,1145
28725.351451,2280483055,2280484202,16403,1147
28725.363472,2280492202,2280493349,16464,1147
28725.375486,2280501340,2280502516,16002,1176
28725.393520,2280515086,2280516224,16080,1138
28725.405553,2280524234,2280525381,16428,1147
28725.420575,2280535672,2280536819,16235,1147
28725.432605,2280544835,2280545981,16308,1146
28725.447626,2280556244,2280557391,16226,1147
28725.459658,2280565398,2280566540,16452,1142
28725.471677,2280574561,2280575708,16471,1147
28725.483692,2280583661,2280584801,16084,1140
28725.495723,2280592785,2280593907,16154,1122
28725.507746,2280601902,2280603049,16385,1147
28725.519765,2280611284,2280612431,16251,1147
28725.531795,2280620481,2280621628,16384,1147
28725.543799,2280629575,2280630717,16084,1142
28725.555832,2280638703,2280639822,16147,1119
28725.567862,2280647781,2280648953,16385,1172
28725.579871,2280656889,2280658033,16077,1144
28725.591903,2280665987,2280667111,16265,1124
28725.603931,2280675087,2280676213,16147,1126
28725.615943,2280684144,2280685288,16042,1144
28725.627969,2280693268,2280694387,16236,1119
28725.639997,2280702390,2280703537,16357,1147
28725.652004,2280711456,2280712605,16081,1149
28725.664045,2280720538,2280721682,16106,1144
28725.682073,2280734200,2280735344,16037,1144
28725.694101,2280743306,2280744455,16391,1149
28725.730169,2280770632,2280771784,16384,1152
28725.744697,2280783389,2280784533,16080,1144
28725.836858,2280851604,2280852748,16080,1144
28725.848890,2280860688,2280861829,16035,1141
28725.896985,2280897117,2280898259,16416,1142
28725.908993,2280906198,2280907357,16082,1159
28725.936045,2280926689,2280927833,16083,1144
28725.949574,2280936943,2280938086,16168,1143
28725.985639,2280964215,2280965359,16159,1144
28725.997672,2280973298,2280974447,16033,1149
28726.040765,2281007459,2281008598,16016,1139
28726.057776,2281018838,2281019988,16083,1150
28726.069810,2281027946,2281029090,16040,1144
28726.084828,2281039347,2281040486,16159,1139
28726.141947,2281082543,2281083682,16041,1139
28726.173507,2281106511,2281107655,16052,1144
28726.185534,2281115625,2281116773,16381,1148
28726.245645,2281161106,2281162279,16053,1173
28726.257671,2281170257,2281171404,16373,1147
28726.311774,2281211227,2281212375,16354,1148
28726.323786,2281220345,2281221489,16126,1144
28726.347842,2281238555,2281239699,16367,1144
28726.359858,2281247681,2281248822,16054,1141
28726.371884,2281256789,2281257934,16056,1145
28726.383911,2281265919,2281267066,16380,1147
28726.395919,2281275012,2281276156,16081,1144
28726.407960,2281284098,2281285222,16402,1124
28726.419981,2281293196,2281294336,16474,1140
28726.431988,2281302276,2281303419,16167,1143
28726.444022,2281311363,2281312513,16021,1150
28726.462050,2281325030,2281326157,16115,1127
28726.474089,2281334155,2281335298,16402,1143
28726.558235,2281397808,2281398944,16037,1136
28726.570262,2281406926,2281408065,16039,1139
28726.633378,2281454795,2281455939,16111,1144
28726.645410,2281463889,2281465031,16474,1142
28726.675451,2281486643,2281487782,16082,1139
28726.687485,2281495724,2281496868,16039,1144
28726.699511,2281504868,2281506020,16502,1152
28726.711523,2281513956,2281515106,16126,1150
28726.732571,2281529873,2281531016,16133,1143
28726.744597,2281538986,2281540135,16381,1149
28726.765624,2281554997,2281556143,16164,1146
28726.777653,2281564131,2281565272,16052,1141
28726.789683,2281573233,2281574379,16383,1146
28726.801691,2281582365,2281583509,16168,1144
28726.825753,2281600628,2281601784,16391,1156
28726.837759,2281609736,2281610880,16083,1144
28726.849794,2281618822,2281619966,16043,1144
28726.861823,2281627955,2281629098,16403,1143
28726.892887,2281652963,2281654107,16117,1144
28726.921924,2281673400,2281674544,16042,1144
28726.933958,2281682516,2281683663,16387,1147
28726.973016,2281712107,2281713252,16165,1145
28726.985051,2281721234,2281722375,16035,1141
28726.997079,2281730348,2281731495,16467,1147
28727.009085,2281739437,2281740581,16082,1144
28727.081222,2281794109,2281795259,16081,1150
28727.093256,2281803195,2281804316,16319,1121
28727.180411,2281869173,2281870317,16081,1144
28727.192445,2281878325,2281879467,16089,1142
28727.204471,2281887440,2281888581,16431,1141
28727.303660,2281962489,2281963636,16463,1147
28727.315668,2281971578,2281972717,16083,1139
28727.333703,2281985212,2281986351,16156,1139
28727.345736,2281994289,2281995458,16049,1169
28727.387805,2282026209,2282027353,16080,1144
28727.399843,2282035534,2282036678,16092,1144
28727.411867,2282044653,2282045800,16388,1147
28727.429902,2282058286,2282059432,16383,1146
28727.441908,2282067380,2282068523,16165,1143
28727.453937,2282076493,2282077635,16299,1142
28727.496025,2282108339,2282109486,16445,1147
28727.508045,2282117435,2282118569,16035,1134
28727.520073,2282126530,2282127670,16391,1140
28727.562148,2282158368,2282159512,16036,1144
28727.574178,2282167472,2282168598,16234,1126
28727.592210,2282181101,2282182251,16390,1150
28727.604218,2282190385,2282191526,16085,1141
28727.616251,2282199459,2282200608,15959,1149
28727.628279,2282208566,2282209708,16296,1142
28727.640287,2282217678,2282218824,16000,1146
28727.652315,2282226771,2282227913,16126,1142
28727.664349,2282235888,2282237014,16276,1126
28727.676354,2282244949,2282246092,16083,1143
28727.733474,2282288144,2282289288,16050,1144
28727.745500,2282297256,2282298403,16366,1147
28727.757510,2282306365,2282307504,16081,1139
28727.796600,2282335913,2282337057,16108,1144
28727.808622,2282345061,2282346221,16321,1160
28727.835674,2282365551,2282366698,16404,1147
28727.847688,2282374667,2282375801,16039,1134
28727.859714,2282383777,2282384926,15955,1149
28727.871742,2282392891,2282394032,16303,1141
28727.892766,2282408830,2282409977,16081,1147
28727.904799,2282417930,2282419074,16043,1144
28727.940868,2282445203,2282446337,16041,1134
28727.952898,2282454350,2282455496,16407,1146
28727.985950,2282479372,2282480516,16035,1144
28727.997982,2282488491,2282489638,16275,1147
28728.013006,2282499897,2282501041,16039,1144
28728.025032,2282509013,2282510163,16288,1150
28728.046069,2282524934,2282526076,16278,1142
28728.058091,2282534060,2282535203,16056,1143
28728.106183,2282570458,2282571605,16335,1147
28728.118194,2282579532,2282580676,16086,1144
28728.130228,2282588617,2282589763,16048,1146
28728.148261,2282602297,2282603448,16247,1151
28728.160286,2282611433,2282612576,16334,1143
28728.208366,2282647814,2282648960,16085,1146
28728.220400,2282657083,2282658235,16247,1152
28728.236440,2282670753,2282671887,15992,1134
28728.248455,2282679873,2282681013,16412,1140
28728.328606,2282738992,2282740130,16038,1138
28728.340633,2282748104,2282749246,16471,1142
28728.352643,2282757211,2282758361,16168,1150
28728.367685,2282768631,2282769749,16217,1118
28728.421787,2282809488,2282810633,16470,1145
28728.433796,2282818616,2282819757,16083,1141
28728.445824,2282827736,2282828874,16229,1138
28728.520975,2282884671,2282885809,16377,1138
28728.532990,2282893798,2282894947,15933,1149
28728.557043,2282912203,2282913355,16365,1152
28728.569059,2282921374,2282922524,16018,1150
28728.617154,2282957991,2282959131,16017,1140
28728.629181,2282967126,2282968299,16284,1173
28728.644200,2282978765,2282979909,16126,1144
28728.656234,2282987902,2282989049,16299,1147
28728.668254,2282997021,2282998159,16358,1138
28728.680275,2283006108,2283007254,15958,1146
28728.692302,2283015230,2283016381,16375,1151
28728.767430,2283072110,2283073254,16086,1144
28728.779463,2283081223,2283082358,16036,1135
28728.797497,2283094839,2283095983,16034,1144
28728.809526,2283103939,2283105087,16391,1148
28728.836577,2283124425,2283125572,16391,1147
28728.848585,2283133751,2283134895,16160,1144
28728.872646,2283151942,2283153080,16475,1138
28728.884652,2283161030,2283162174,16081,1144
28728.905703,2283176958,2283178102,16121,1144
28728.917731,2283186078,2283187216,16472,1138
28728.932754,2283197418,2283198542,16240,1124
28728.980850,2283233815,2283234960,16454,1145
28728.992858,2283242927,2283244079,16086,1152
28729.043971,2283281663,2283282805,16391,1142
28729.055991,2283290821,2283291957,16345,1136
28729.068012,2283299918,2283301057,16057,1139
28729.080038,2283309036,2283310174,16416,1138
28729.092050,2283318133,2283319273,16130,1140
28729.104080,2283327223,2283328372,16051,1149
28729.116108,2283336343,2283337490,16407,1147
28729.128115,2283345455,2283346599,16039,1144
28729.140144,2283354559,2283355695,16220,1136
28729.161196,2283370473,2283371620,16402,1147
28729.173201,2283379558,2283380692,16080,1134
28729.194251,2283395464,2283396602,16239,1138
28729.206280,2283404573,2283405720,16406,1147
28729.221303,2283415956,2283417096,16042,1140
28729.233331,2283425030,2283426175,16397,1145
28729.248351,2283436425,2283437566,16038,1141
28729.260380,2283445577,2283446724,16437,1147
28729.296451,2283472866,2283474012,16390,1146
28729.308458,2283481941,2283483085,16162,1144
28729.353544,2283516118,2283517262,16087,1144
28729.365577,2283525197,2283526346,16042,1149
28729.396642,2283550206,2283551347,16083,1141
28729.443719,2283584353,2283585493,16101,1140
28729.455749,2283593437,2283594576,16014,1139
28729.467773,2283602600,2283603742,16339,1142
28729.485810,2283616250,2283617397,16377,1147
28729.497818,2283625351,2283626494,16082,1143
28729.516871,2283641302,2283642446,16222,1144
28729.545921,2283661812,2283662956,16054,1144
28729.557948,2283670886,2283672031,16289,1145
28729.575981,2283684538,2283685685,16373,1147
28729.587994,2283693618,2283694767,16166,1149
28729.600024,2283702715,2283703855,15961,1140
28729.621069,2283718618,2283719765,16381,1147
28729.633083,2283727727,2283728871,16039,1144
28729.645108,2283736851,2283737998,16129,1147
28729.660131,2283748234,2283749373,16080,1139
28729.672161,2283757405,2283758544,15955,1139
28729.684189,2283766511,2283767658,16280,1147
28729.696195,2283775606,2283776750,16083,1144
28729.714230,2283789248,2283790392,16078,1144
28729.726264,2283798338,2283799478,16041,1140
28729.819446,2283868800,2283869947,16390,1147
28729.831460,2283877903,2283879044,16036,1141
28729.843486,2283887008,2283888152,16034,1144
28729.861521,2283900637,2283901792,16035,1155
28729.873546,2283909792,2283910937,16437,1145
28729.897586,2283928021,2283929157,16038,1136
28729.909618,2283937126,2283938273,16395,1147
28729.924641,2283948500,2283949644,16040,1144
28729.936671,2283957633,2283958780,16493,1147
28729.948676,2283966714,2283967863,16078,1149
28729.984748,2283993996,2283995140,16131,1144
28729.999787,2284005352,2284006495,16451,1143
28730.032842,2284030372,2284031529,16317,1157
28730.044873,2284039475,2284040651,16374,1176
28730.056881,2284048603,2284049750,16165,1147
28730.068915,2284057710,2284058854,16134,1144
28730.080945,2284066922,2284068065,16420,1143
28730.133038,2284107905,2284109057,16403,1152
28730.153080,2284121588,2284122726,16392,1138
28730.165105,2284130690,2284131840,16114,1150
28730.177128,2284139880,2284141036,16107,1156
28730.189152,2284149062,2284150209,16350,1147
28730.201172,2284158237,2284159394,16389,1157
28730.216200,2284169691,2284170814,16146,1123
28730.228224,2284178864,2284180016,16315,1152
28730.240236,2284188063,2284189215,15911,1152
28730.252271,2284197276,2284198428,16349,1152
28730.264294,2284206457,2284207600,16367,1143
28730.276313,2284215609,2284216764,16079,1155
28730.292350,2284229740,2284230884,16057,1144
28730.315390,2284245814,2284246961,16344,1147
28730.327412,2284255011,2284256163,16319,1152
28730.339426,2284264179,2284265333,16018,1154
28730.351458,2284273356,2284274504,16260,1148
28730.363481,2284282560,2284283712,16385,1152
28730.375500,2284291729,2284292879,16044,1150
28730.387527,2284300933,2284302075,16343,1142
28730.405556,2284314675,2284315817,16336,1142
28730.417567,2284323765,2284324904,16083,1139
28730.459662,2284355680,2284356827,16371,1147
28730.471670,2284364797,2284365932,16003,1135
28730.483704,2284373871,2284375015,16058,1144
28730.519772,2284401209,2284402353,16055,1144
28730.530303,2284406917,2284407735,14588,818
28730.540332,2284412022,2284412629,11969,607
28730.567870,2284426409,2284427552,16350,1143
28730.579890,2284435551,2284436689,16324,1138
28730.591910,2284444666,2284445813,16264,1147
28730.603939,2284453806,2284454949,16348,1143
28730.615959,2284462925,2284464068,16369,1143
28730.636992,2284478930,2284480065,16007,1135
28730.649024,2284488064,2284489201,16350,1137
28730.670062,2284504030,2284505177,16362,1147
28730.682077,2284513150,2284514294,16014,1144
28730.692329,2284522313,2284523460,16350,1147
28730.706131,2284531518,2284532659,16448,1141
28730.733185,2284552078,2284553225,16368,1147
28730.745198,2284561212,2284562357,16000,1145
28730.760235,2284572665,2284573812,16429,1147
28730.772253,2284581782,2284582928,16046,1146
28730.784283,2284590916,2284592068,16357,1152
28730.796303,2284600060,2284601206,16379,1146
28730.859424,2284648033,2284649180,16462,1147
28730.871442,2284657154,2284658293,16121,1139
28730.883471,2284666295,2284667442,16347,1147
28730.895492,2284675733,2284676875,16369,1142
28730.907506,2284684898,2284686072,15977,1174
28730.919539,2284694077,2284695225,16303,1148
28730.931560,2284703251,2284704398,16378,1147
28730.943575,2284712384,2284713522,15931,1138
28730.964624,2284728400,2284729547,16348,1147
28730.976645,2284737555,2284738702,16362,1147
28730.988660,2284746692,2284747851,16017,1159
28731.000693,2284755860,2284757007,16322,1147
28731.039765,2284785583,2284786728,16364,1145
28731.053291,2284794175,2284795318,16334,1143
28731.065306,2284803285,2284804426,16010,1141
28731.077336,2284812447,2284813594,16309,1147
28731.089360,2284821613,2284822758,16379,1145
28731.101377,2284830756,2284831891,16001,1135
28731.113408,2284839947,2284841094,16320,1147
28731.143464,2284862864,2284864006,16387,1142
28731.155481,2284872008,2284873162,16098,1154
28731.167509,2284881172,2284882298,16148,1126
28731.179534,2284890334,2284891481,16366,1147
28731.191546,2284899475,2284900619,16080,1144
28731.203580,2284908601,2284909748,16354,1147
28731.215601,2284917778,2284918949,16378,1171
28731.227615,2284926904,2284928047,16076,1143
28731.239649,2284936015,2284937160,16355,1145
28731.252680,2284947468,2284948604,16252,1136
28731.275715,2284963489,2284964636,16317,1147
28731.287738,2284972629,2284973776,16466,1147
28731.299753,2284981744,2284982894,15998,1150
28731.311787,2284990964,2284992111,16350,1147
28731.323806,2285000107,2285001264,16343,1157
28731.335821,2285009276,2285010419,16012,1143
28731.347853,2285018410,2285019552,16435,1142
28731.368893,2285034405,2285035552,16403,1147
28731.380907,2285043541,2285044682,16016,1141
28731.392939,2285052680,2285053827,16344,1147
28731.404960,2285061807,2285062964,16250,1157
28731.438024,2285086963,2285088095,16351,1132
28731.450046,2285096113,2285097265,16380,1152
28731.474094,2285114461,2285115589,16253,1128
28731.486114,2285123579,2285124726,16374,1147
28731.498129,2285132698,2285133842,16014,1144
28731.510163,2285141893,2285143045,16315,1152
28731.546230,2285169375,2285170519,16349,1144
28731.558251,2285178517,2285179664,16360,1147
28731.570269,2285187666,2285188808,16157,1142
28731.591316,2285203639,2285204782,16344,1143
28731.603337,2285212780,2285213933,16346,1153
28731.615363,2285221908,2285223047,16121,1139
28731.627386,2285231046,2285232192,16436,1146
28731.645420,2285244742,2285245894,16308,1152
28731.657443,2285253899,2285255045,16463,1146
28731.688505,2285279043,2285280170,16165,1127
28731.700522,2285288195,2285289342,16395,1147
28731.720562,2285301916,2285303053,16388,1137
28731.732575,2285311063,2285312213,15998,1150
28731.756630,2285329348,2285330495,16470,1147
28731.768647,2285338513,2285339660,16239,1147
28731.789695,2285354541,2285355703,16431,1162
28731.801716,2285363712,2285364854,16354,1142
28731.813737,2285372853,2285373993,16080,1140
28731.825763,2285381978,2285383121,16348,1143
28731.840782,2285393412,2285394553,16001,1141
28731.852815,2285402549,2285403696,16352,1147
28731.873854,2285418564,2285419721,16396,1157
28731.885867,2285427732,2285428878,16005,1146
28731.900904,2285439167,2285440319,16380,1152
28731.912922,2285448282,2285449426,16037,1144
28731.924951,2285457468,2285458615,16422,1147
28731.936971,2285466634,2285467781,16368,1147
28731.948987,2285475782,2285476951,16097,1169
28731.994072,2285510144,2285511288,16092,1144
28732.012113,2285523851,2285524995,16156,1144
28732.024139,2285533020,2285534167,16315,1147
28732.036160,2285542154,2285543301,16366,1147
28732.048176,2285551286,2285552422,15934,1136
28732.060205,2285560425,2285561550,16150,1125
28732.072230,2285569573,2285570742,16383,1169
28732.090263,2285583303,2285584461,16359,1158
28732.102278,2285592455,2285593630,15935,1175
28732.120312,2285606181,2285607315,16013,1134
28732.132346,2285615505,2285616643,16326,1138
28732.159397,2285636079,2285637222,16306,1143
28732.171420,2285645241,2285646392,16402,1151
28732.183433,2285654387,2285655523,16000,1136
28732.195466,2285663553,2285664700,16321,1147
28732.207487,2285672687,2285673834,16381,1147
28732.219504,2285681847,2285682994,16252,1147
28732.231535,2285691018,2285692165,16342,1147
28732.243556,2285700160,2285701302,16380,1142
28732.255570,2285709287,2285710435,16001,1148
28732.267604,2285718459,2285719585,16171,1126
28732.279624,2285727566,2285728711,16295,1145
28732.291639,2285736682,2285737817,15921,1135
28732.303672,2285745833,2285746980,16351,1147
28732.315693,2285754980,2285756125,16389,1145
28732.327708,2285764096,2285765241,16003,1145
28732.339740,2285773286,2285774430,16351,1144
28732.351760,2285782433,2285783580,16340,1147
28732.363781,2285791570,2285792717,16274,1147
28732.375808,2285800724,2285801867,16343,1143
28732.387828,2285809859,2285811009,16368,1150
28732.399844,2285818974,2285820113,16021,1139
28732.411876,2285828099,2285829251,16315,1152
28732.423897,2285837256,2285838402,16364,1146
28732.435913,2285846386,2285847530,16016,1144
28732.447945,2285855535,2285856682,16351,1147
28732.459968,2285864678,2285865825,16322,1147
28732.532105,2285919538,2285920685,16387,1147
28732.544119,2285928802,2285929943,16019,1141
28732.556151,2285937925,2285939069,16348,1144
28732.568175,2285947120,2285948262,16407,1142
28732.580187,2285956244,2285957394,15935,1150
28732.592219,2285965404,2285966555,16236,1151
28732.604241,2285974537,2285975687,16370,1150
28732.616256,2285983658,2285984833,16015,1175
28732.628288,2285992843,2285993990,16352,1147
28732.640309,2286001993,2286003136,16282,1143
28732.652325,2286011105,2286012246,15934,1141
28732.667362,2286022566,2286023703,16384,1137
28732.679379,2286031684,2286032824,16041,1140
28732.691410,2286040812,2286041950,16365,1138
28732.703429,2286049950,2286051093,16278,1143
28732.715444,2286059078,2286060223,16021,1145
28732.727478,2286068209,2286069351,16312,1142
28732.739501,2286077362,2286078511,16385,1149
28732.751513,2286086485,2286087625,15994,1140
28732.763544,2286095640,2286096787,16317,1147
28732.775568,2286104801,2286105953,16358,1152
28732.787582,2286113922,2286115066,15997,1144
28732.799613,2286123065,2286124190,16151,1125
28732.811636,2286132172,2286133315,16385,1143
28732.823650,2286141293,2286142436,15995,1143
28732.835684,2286150433,2286151586,16438,1153
28732.847705,2286159582,2286160729,16466,1147
28732.859722,2286168750,2286169902,16320,1152
28732.871753,2286177887,2286179037,16432,1150
28732.883774,2286187033,2286188180,16389,1147
28732.895788,2286196182,2286197318,16084,1136
28732.907819,2286205345,2286206492,16402,1147
28732.919842,2286214475,2286215617,16391,1142
28732.931856,2286223594,2286224739,16003,1145
28732.943889,2286232921,2286234064,16346,1143
28732.955912,2286242062,2286243209,16319,1147
28732.967925,2286251234,2286252374,15919,1140
28732.979958,2286260366,2286261513,16342,1147
28733.013011,2286285517,2286286663,16003,1146
28733.025044,2286294660,2286295812,16256,1152
28733.089160,2286344942,2286346085,16377,1143
28733.130234,2286374640,2286375780,16003,1140
28733.142267,2286383791,2286384938,16351,1147
28733.157287,2286395308,2286396455,16230,1147
28733.169318,2286404454,2286405603,16348,1149
28733.193356,2286422782,2286423934,16250,1152
28733.205387,2286431938,2286433085,16313,1147
28733.244459,2286461678,2286462825,16383,1147
28733.256476,2286470846,2286471993,16209,1147
28733.268509,2286480006,2286481155,16279,1149
28733.295558,2286500693,2286501845,16314,1152
28733.307581,2286509876,2286511023,16402,1147
28733.319597,2286519034,2286520172,16239,1138
28733.331626,2286528196,2286529343,16219,1147
28733.349663,2286541966,2286543108,16342,1142
28733.361682,2286551175,2286552322,16468,1147
28733.373699,2286560318,2286561490,16308,1172
28733.385728,2286569511,2286570653,16320,1142
28733.403761,2286583289,2286584431,16324,1142
28733.415786,2286592454,2286593605,16475,1151
28733.433820,2286606219,2286607372,16362,1153
28733.445836,2286615417,2286616564,16254,1147
28733.493934,2286652120,2286653272,16399,1152
28733.505957,2286661274,2286662420,16473,1146
28733.557054,2286700245,2286701388,16318,1143
28733.569077,2286709534,2286710686,16316,1152
28733.608151,2286739484,2286740635,16319,1151
28733.620174,2286748702,2286749857,16319,1155
28733.632197,2286757904,2286759056,16320,1152
28733.644214,2286767092,2286768235,16152,1143
28733.656244,2286776263,2286777415,16226,1152
28733.668266,2286785431,2286786577,16384,1146
28733.680282,2286794613,2286795756,16161,1143
28733.701328,2286810658,2286811805,16318,1147
28733.713353,2286819817,2286820954,16401,1137
28733.725370,2286828969,2286830116,16233,1147
28733.737399,2286838113,2286839254,16336,1141
28733.767455,2286861155,2286862307,16315,1152
28733.779477,2286870563,2286871720,16229,1157
28733.791500,2286879781,2286880939,16231,1158
28733.803523,2286889015,2286890159,16326,1144
28733.815539,2286898210,2286899362,16253,1152
28733.827566,2286907372,2286908519,16310,1147
28733.839591,2286916558,2286917705,16386,1147
28733.896698,2286960165,2286961308,16311,1143
28733.908721,2286969338,2286970495,16229,1157
28733.932762,2286987660,2286988803,16251,1143
28733.944790,2286996837,2286997984,16315,1147
28733.971843,2287017445,2287018593,16321,1148
28733.983864,2287026654,2287027801,16370,1147
28734.032964,2287065606,2287066742,16314,1136
28734.065019,2287088519,2287089665,16370,1146
28734.077036,2287097715,2287098857,16264,1142
28734.089066,2287106894,2287108046,16229,1152
28734.101088,2287116098,2287117245,16390,1147
28734.137157,2287143628,2287144778,16391,1150
28734.149174,2287152806,2287153978,16176,1172
28734.176225,2287173460,2287174607,16262,1147
28734.188258,2287182637,2287183791,16327,1154
28734.215308,2287203313,2287204459,16335,1146
28734.227330,2287212479,2287213625,16285,1146
28734.239346,2287221655,2287222802,16218,1147
28734.251375,2287230837,2287231984,16313,1147
28734.263397,2287240019,2287241176,16297,1157
28734.275417,2287249204,2287250351,16195,1147
28734.287444,2287258373,2287259529,16316,1156
28734.299467,2287267546,2287268693,16318,1147
28734.311483,2287276730,2287277877,16222,1147
28734.329517,2287290489,2287291632,16215,1143
28734.341546,2287299640,2287300781,16318,1141
28734.353569,2287308809,2287309953,16384,1144
28734.365588,2287317976,2287319123,16281,1147
28734.377616,2287327143,2287328290,16224,1147
28734.389637,2287336336,2287337484,16382,1148
28734.425708,2287363864,2287365007,16372,1143
28734.437723,2287373042,2287374190,16236,1148
28734.455758,2287386789,2287387940,16256,1151
28734.467787,2287395969,2287397106,16225,1137
28734.485822,2287409725,2287410871,16312,1146
28734.497845,2287418890,2287420037,16376,1147
28734.539923,2287450978,2287452125,16315,1147
28734.551946,2287460174,2287461316,16382,1142
28734.563963,2287469348,2287470491,16252,1143
28734.581997,2287483112,2287484255,16250,1143
28734.594025,2287492307,2287493454,16320,1147
28734.636100,2287524491,2287525637,16247,1146
28734.654134,2287538239,2287539391,16178,1152
28734.666165,2287547400,2287548552,16316,1152
28734.678174,2287556791,2287557935,16086,1144
28734.690209,2287565916,2287567063,16289,1147
28734.702232,2287575065,2287576211,16356,1146
28734.714244,2287584172,2287585316,16168,1144
28734.760350,2287620714,2287621861,16219,1147
28734.789397,2287641246,2287642384,16275,1138
28734.801422,2287650419,2287651555,16353,1136
28734.864542,2287698312,2287699459,16385,1147
28734.879563,2287709728,2287710866,16219,1138
28734.921635,2287741737,2287742881,16089,1144
28734.933666,2287750880,2287752027,16230,1147
28734.945697,2287760018,2287761165,16315,1147
28734.964726,2287776007,2287777152,16084,1145
28734.984755,2287789687,2287790831,16093,1144
28734.996785,2287798890,2287800032,16248,1142
28735.008815,2287808069,2287809216,16358,1147
28735.068923,2287853772,2287854914,16223,1142
28735.080953,2287862931,2287864078,16367,1147
28735.169114,2287931469,2287932611,16382,1142
28735.204179,2287956554,2287957709,16207,1155
28735.216211,2287965752,2287966899,16368,1147
28735.228218,2287974867,2287976002,16086,1135
28735.246252,2287988564,2287989708,16084,1144
28735.276317,2288011383,2288012529,16206,1146
28735.288346,2288020507,2288021649,16356,1142
28735.300355,2288029631,2288030770,16088,1139
28735.376510,2288089023,2288090170,16360,1147
28735.399544,2288105011,2288106150,16088,1139
28735.411573,2288114353,2288115496,16186,1143
28735.423605,2288123482,2288124629,16384,1147
28735.435615,2288132604,2288133746,15967,1142
28735.447643,2288141735,2288142873,16222,1138
28735.459673,2288150846,2288151988,16373,1142
28735.471681,2288159957,2288161101,16081,1144
28735.492732,2288175973,2288177120,16267,1147
28735.504759,2288185151,2288186298,16387,1147
28735.528797,2288203409,2288204552,16230,1143
28735.540828,2288212530,2288213673,16318,1143
28735.592928,2288253668,2288254820,16350,1152
28735.612965,2288267369,2288268511,16389,1142
28735.624973,2288276596,2288277746,16085,1150
28735.636999,2288285741,2288286888,16216,1147
28735.649033,2288294871,2288296017,16386,1146
28735.688104,2288324511,2288325648,16365,1137
28735.700123,2288333677,2288334819,16156,1142
28735.712152,2288342867,2288344008,16352,1141
28735.724161,2288351977,2288353116,16088,1139
28735.745210,2288367947,2288369068,16051,1121
28735.757239,2288377050,2288378197,16300,1147
28735.805324,2288413605,2288414752,16295,1147
28735.817346,2288422775,2288423922,16235,1147
28735.836384,2288438804,2288439951,16400,1147
28735.883478,2288473078,2288474225,16370,1147
28735.907518,2288491349,2288492496,16224,1147
28735.919548,2288500487,2288501640,16385,1153
28735.931558,2288509611,2288510755,15970,1144
28735.943586,2288518734,2288519881,16228,1147
28735.955617,2288527880,2288529027,16385,1147
28735.967624,2288537002,2288538156,16089,1154
28735.979658,2288546138,2288547265,16086,1127
28736.015720,2288573560,2288574698,16182,1138
28736.027755,2288582699,2288583842,16305,1143
28736.039763,2288591828,2288592972,16107,1144
28736.051792,2288600942,2288602085,16138,1143
28736.063822,2288610054,2288611192,16385,1138
28736.075830,2288619160,2288620304,16088,1144
28736.087861,2288628283,2288629421,16252,1138
28736.099891,2288637417,2288638564,16392,1147
28736.111898,2288646545,2288647684,16091,1139
28736.123930,2288655665,2288656782,16057,1117
28736.135960,2288664760,2288665906,16396,1146
28736.229127,2288735454,2288736593,16003,1139
28736.241152,2288744876,2288746028,16232,1152
28736.328316,2288811134,2288812269,16084,1135
28736.340341,2288820264,2288821406,16246,1142
28736.352371,2288829402,2288830544,16390,1142
28736.364378,2288838497,2288839636,16087,1139
28736.376415,2288847625,2288848767,16367,1142
28736.391430,2288859067,2288860206,16084,1139
28736.403461,2288868203,2288869341,16230,1138
28736.415491,2288877319,2288878471,16478,1152
28736.427504,2288886445,2288887589,16006,1144
28736.448545,2288902427,2288903569,16285,1142
28736.460577,2288911818,2288912961,16374,1143
28736.553739,2288982643,2288983788,16166,1145
28736.568783,2288994072,2288995219,16462,1147
28736.580802,2289003232,2289004404,16365,1172
28736.637906,2289046617,2289047789,16225,1172
28736.649937,2289055757,2289056902,16532,1145
28736.668970,2289071780,2289072924,16082,1144
28736.713057,2289103784,2289104922,16385,1138
28736.725070,2289112905,2289114055,16007,1150
28736.761133,2289140308,2289141452,16089,1144
28736.773167,2289149443,2289150560,16085,1117
28736.839297,2289199669,2289200821,16384,1152
28736.851305,2289208803,2289209950,16087,1147
28736.863337,2289218026,2289219168,16217,1142
28736.884383,2289234036,2289235181,16446,1145
28736.896390,2289243159,2289244303,16167,1144
28736.968528,2289297942,2289299086,16167,1144
28736.980558,2289307119,2289308266,16334,1147
28737.001606,2289323151,2289324301,16302,1150
28737.013618,2289332267,2289333402,16120,1135
28737.064724,2289371014,2289372157,16332,1143
28737.076748,2289380264,2289381404,16450,1140
28737.175934,2289455586,2289456733,16448,1147
28737.187953,2289464774,2289465921,16253,1147
28737.199983,2289473914,2289475060,16472,1146
28737.218017,2289487587,2289488732,16386,1145
28737.230025,2289496689,2289497827,16095,1138
28737.272118,2289528609,2289529756,16362,1147
28737.284128,2289537771,2289538912,16162,1141
28737.296158,2289546949,2289548091,16238,1142
28737.308189,2289556095,2289557237,16392,1142
28737.320202,2289565193,2289566337,16009,1144
28737.332227,2289574334,2289575476,16310,1142
28737.344258,2289583452,2289584598,16468,1146
28737.395347,2289622301,2289623448,16309,1147
28737.407377,2289631476,2289632623,16370,1147
28737.419394,2289640602,2289641746,16049,1144
28737.431415,2289649724,2289650871,16304,1147
28737.443446,2289658838,2289659984,16393,1146
28737.455454,2289667938,2289669086,16129,1148
28737.467491,2289677094,2289678217,16155,1123
28737.479515,2289686255,2289687402,16329,1147
28737.500539,2289702232,2289703376,16082,1144
28737.524601,2289720559,2289721697,16365,1138
28737.536608,2289729653,2289730793,16085,1140
28737.612762,2289789003,2289790150,16383,1147
28737.635796,2289805003,2289806151,16088,1148
28737.680882,2289839270,2289840413,16084,1143
28737.692913,2289848477,2289849624,16238,1147
28737.716957,2289866747,2289867890,16087,1143
28737.728981,2289875903,2289877050,16227,1147
28737.817163,2289944407,2289945554,16220,1147
28737.864245,2289978663,2289979807,16377,1144
28737.876268,2289987811,2289988958,16352,1147
28737.888287,2289996950,2289998096,16430,1146
28737.900307,2290006106,2290007252,16240,1146
28737.924346,2290024407,2290025551,16092,1144
28737.936373,2290033555,2290034707,16187,1152
28737.984475,2290070191,2290071332,16385,1141
28737.996482,2290079310,2290080451,16006,1141
28738.024556,2290102144,2290103290,16226,1146
28738.092681,2290152451,2290153598,16382,1147
28738.104688,2290161809,2290162959,16087,1150
28738.128750,2290180156,2290181305,16474,1149
28738.140757,2290189302,2290190452,16092,1150
28738.152788,2290198439,2290199576,16222,1137
28738.176826,2290216718,2290217856,16174,1138
28738.188856,2290225859,2290226997,16229,1138
28738.200887,2290235015,2290236158,16377,1143
28738.212900,2290244124,2290245264,16008,1140
28738.239946,2290264688,2290265833,16169,1145
28738.251977,2290273850,2290274982,16242,1132
28738.270011,2290287555,2290288702,16327,1147
28738.282042,2290296726,2290297862,16387,1136
28738.300075,2290310426,2290311569,16394,1143
28738.312089,2290319546,2290320685,16011,1139
28738.324113,2290328693,2290329840,16212,1147
28738.336144,2290337847,2290338994,16298,1147
28738.348155,2290346952,2290348091,16169,1139
28738.360190,2290356133,2290357280,16295,1147
28738.372212,2290365292,2290366433,16369,1141
28738.408281,2290392659,2290393801,16383,1142
28738.420288,2290401775,2290402925,16086,1150
28738.432318,2290410923,2290412045,16039,1122
28738.456357,2290429165,2290430301,16086,1136
28738.468390,2290438311,2290439453,16190,1142
28738.513470,2290472600,2290473742,16217,1142
28738.525504,2290481779,2290482926,16365,1147
28738.556568,2290506883,2290508036,16290,1153
28738.600631,2290538859,2290539999,16085,1140
28738.612662,2290548083,2290549230,16185,1147
28738.624694,2290557287,2290558444,16336,1157
28738.636700,2290566456,2290567611,16005,1155
28738.648731,2290575637,2290576794,16231,1157
28738.660760,2290584856,2290586008,16279,1152
28738.675783,2290596368,2290597520,16243,1152
28738.687813,2290605508,2290606655,16389,1147
28738.699820,2290614636,2290615789,16083,1153
28738.717854,2290628353,2290629500,16084,1147
28738.729886,2290637496,2290638639,16228,1143
28738.747920,2290651201,2290652328,16060,1127
28738.759947,2290660301,2290661443,16362,1142
28738.771961,2290669445,2290670580,16136,1135
28738.783988,2290678573,2290679720,16229,1147
28738.796018,2290687737,2290688884,16382,1147
28738.808031,2290696851,2290697995,16007,1144
28738.826060,2290710568,2290711712,16161,1144
28738.838091,2290719714,2290720855,16312,1141
28738.857626,2290734976,2290736125,16009,1149
28738.869651,2290744132,2290745283,16221,1151
28738.884680,2290755619,2290756766,16374,1147
28738.896702,2290764746,2290765893,16297,1147
28738.908734,2290773905,2290775053,16393,1148
28738.920741,2290783063,2290784213,16086,1150
28738.932771,2290792210,2290793354,16135,1144
28738.944801,2290801369,2290802516,16361,1147
28738.956818,2290810516,2290811663,16250,1147
28738.968839,2290819663,2290820806,16205,1143
28738.983864,2290831091,2290832235,16084,1144
28739.001895,2290844793,2290845937,16091,1144
28739.013925,2290853958,2290855105,16231,1147
28739.048498,2290880740,2290881886,16335,1146
28739.060518,2290889878,2290891030,16248,1152
28739.088578,2290912773,2290913927,16208,1154
28739.111619,2290928813,2290929951,16401,1138
28739.123626,2290937916,2290939060,16085,1144
28739.135660,2290947090,2290948237,16356,1147
28739.147686,2290956232,2290957373,16363,1141
28739.159707,2290965360,2290966502,16370,1142
28739.171728,2290974525,2290975672,16264,1147
28739.183754,2290983654,2290984806,16421,1152
28739.196785,2290995047,2290996193,16302,1146
28739.300979,2291072711,2291073862,16473,1151
28739.312986,2291081857,2291083006,16166,1149
28739.334034,2291097820,2291098967,16302,1147
28739.346064,2291107007,2291108154,16363,1147
28739.361086,2291118435,2291119582,16249,1147
28739.400167,2291148145,2291149297,16339,1152
28739.412186,2291157301,2291158439,16348,1138
28739.424206,2291166472,2291167610,16239,1138
28739.436238,2291175631,2291176777,16411,1146
28739.448243,2291184781,2291185930,16089,1149
28739.460274,2291193939,2291195077,16254,1138
28739.475295,2291205361,2291206505,16081,1144
28739.511368,2291232791,2291233931,16171,1140
28739.523394,2291241937,2291243079,16234,1142
28739.535425,2291251072,2291252219,16390,1147
28739.547443,2291260234,2291261367,16347,1133
28739.559458,2291269393,2291270514,15932,1121
28739.571493,2291278503,2291279650,16321,1147
28739.583500,2291287611,2291288757,16088,1146
28739.595527,2291296781,2291297904,16020,1123
28739.607560,2291305910,2291307053,16388,1143
28739.619580,2291315037,2291316185,16343,1148
28739.632610,2291326493,2291327640,16370,1147
28739.655650,2291342540,2291343683,16336,1143
28739.667669,2291351721,2291352867,16236,1146
28739.687211,2291363158,2291363793,13612,635
28739.700332,2291369027,2291369632,12071,605
28739.714249,2291375659,2291376789,16087,1130
28739.726280,2291384763,2291385904,16241,1141
28739.744314,2291398483,2291399621,16225,1138
28739.756346,2291407698,2291408836,16349,1138
28739.783396,2291428274,2291429421,16387,1147
28739.795414,2291437440,2291438577,16347,1137
28739.807434,2291446602,2291447749,16240,1147
28739.819464,2291455745,2291456888,16335,1143
28739.831472,2291464858,2291466001,16092,1143
28739.843503,2291474024,2291475166,16245,1142
28739.855533,2291483155,2291484293,16402,1138
28739.867543,2291492259,2291493403,16190,1144
28739.879572,2291501427,2291502574,16322,1147
28739.891601,2291510611,2291511758,16456,1147
28739.903622,2291519743,2291520883,16455,1140
28739.915640,2291528902,2291530047,16261,1145
28739.927668,2291538066,2291539213,16356,1147
28739.939689,2291547189,2291548336,16432,1147
28739.951709,2291556343,2291557484,16257,1141
28739.963741,2291565553,2291566691,16364,1138
28739.975757,2291574691,2291575833,16260,1142
28739.987777,2291583847,2291584990,16147,1143
28739.999806,2291593004,2291594153,16366,1149
28740.011826,2291602181,2291603328,16346,1147
28740.023841,2291611342,2291612464,15998,1122
28740.035876,2291620460,2291621607,16362,1147
28740.047893,2291629592,2291630737,16253,1145
28740.059917,2291638753,2291639900,16262,1147
28740.071944,2291647924,2291649071,16363,1147
28740.083964,2291657082,2291658219,16350,1137
28740.095990,2291666259,2291667406,16320,1147
28740.108015,2291675439,2291676586,16413,1147
28740.120032,2291684567,2291685714,16344,1147
28740.132052,2291693721,2291694871,16240,1150
28740.144082,2291702897,2291704049,16369,1152
28740.156090,2291712027,2291713177,16087,1150
28740.168117,2291721225,2291722367,16273,1142
28740.180150,2291730374,2291731516,16447,1142
28740.193673,2291738886,2291740025,16332,1139
28740.205694,2291748058,2291749196,16343,1138
28740.220726,2291759493,2291760640,16348,1147
28740.232746,2291768656,2291769808,16320,1152
28740.256796,2291786976,2291788123,16362,1147
28740.268815,2291796125,2291797273,16262,1148
28740.280835,2291805293,2291806449,16241,1156
28740.292865,2291814501,2291815648,16362,1147
28740.328933,2291841957,2291843103,16371,1146
28740.340952,2291851147,2291852294,16355,1147
28740.356984,2291864873,2291866022,16132,1149
28740.374019,2291876318,2291877465,16362,1147
28740.386031,2291885451,2291886626,16137,1175
28740.398058,2291894651,2291895801,16260,1150
28740.410087,2291903844,2291905015,16369,1171
28740.425109,2291915291,2291916438,16322,1147
28740.437139,2291924462,2291925604,16445,1142
28740.461176,2291942742,2291943880,16290,1138
28740.473207,2291951888,2291953026,16367,1138
28740.497242,2291970179,2291971321,16220,1142
28740.509276,2291979373,2291980520,16394,1147
28740.521295,2291988510,2291989653,16345,1143
28740.533315,2291997693,2291998839,16240,1146
28740.548348,2292009155,2292010305,16363,1150
28740.560366,2292018282,2292019429,16230,1147
28740.572398,2292027507,2292028650,16380,1143
28740.584414,2292036645,2292037792,16289,1147
28740.611466,2292057270,2292058417,16344,1147
28740.623487,2292066428,2292067571,16157,1143
28740.635517,2292075601,2292076753,16280,1152
28740.647536,2292084763,2292085908,16315,1145
28740.659555,2292093941,2292095088,16236,1147
28740.671585,2292103110,2292104257,16365,1147
28740.683601,2292112248,2292113389,16291,1141
28740.695623,2292121416,2292122557,16251,1141
28740.707654,2292130599,2292131742,16365,1143
28740.719672,2292139736,2292140877,16346,1141
28740.731692,2292148889,2292150036,16240,1147
28740.749727,2292162646,2292163789,16240,1143
28740.761756,2292171799,2292172947,16368,1148
28740.773777,2292180945,2292182087,16344,1142
28740.785796,2292190077,2292191224,16239,1147
28740.797825,2292199246,2292200389,16346,1143
28740.809843,2292208400,2292209577,16345,1177
28740.821863,2292217596,2292218768,16239,1172
28740.848915,2292238338,2292239490,16238,1152
28740.860945,2292247492,2292248640,16362,1148
28740.875962,2292258943,2292260064,16017,1121
28740.887997,2292268089,2292269230,16279,1141
28740.900015,2292277254,2292278395,16347,1141
28740.912030,2292286425,2292287547,15933,1122
28740.924065,2292295550,2292296702,16370,1152
28740.936084,2292304723,2292305865,16349,1142
28740.948104,2292313900,2292315081,16242,1181
28740.960134,2292323102,2292324249,16366,1147
28740.972152,2292332244,2292333391,16340,1147
28740.984172,2292341439,2292342582,16242,1143
28740.996205,2292350592,2292351735,16265,1143
28741.008221,2292359763,2292360915,16262,1152
28741.020241,2292368920,2292370063,16241,1143
28741.032271,2292378058,2292379207,16275,1149
28741.065326,2292403245,2292404391,16231,1146
28741.077357,2292412415,2292413556,16402,1141
28741.095391,2292426116,2292427264,16354,1148
28741.107409,2292435289,2292436436,16346,1147
28741.119425,2292444473,2292445599,16023,1126
28741.131459,2292453620,2292454765,16364,1145
28741.143475,2292462720,2292463862,16363,1142
28741.164515,2292478783,2292479930,16236,1147
28741.176546,2292487927,2292489072,16447,1145
28741.197581,2292504132,2292505277,16351,1145
28741.209601,2292513317,2292514455,16237,1138
28741.260701,2292552242,2292553389,16353,1147
28741.272717,2292561413,2292562539,16020,1126
28741.284751,2292570541,2292571688,16370,1147
28741.296770,2292579730,2292580886,16328,1156
28741.308785,2292588883,2292590000,15939,1117
28741.320819,2292598014,2292599171,16274,1157
28741.332838,2292607119,2292608265,16355,1146
28741.344858,2292616263,2292617406,16191,1143
28741.356888,2292625426,2292626573,16371,1147
28741.368905,2292634554,2292635700,16338,1146
28741.380927,2292643717,2292644868,16242,1151
28741.392959,2292652896,2292654043,16345,1147
28741.404975,2292662058,2292663196,16352,1138
28741.416996,2292671181,2292672327,16242,1146
28741.441041,2292689453,2292690599,16367,1146
28741.453060,2292698617,2292699743,16022,1126
28741.477111,2292716936,2292718083,16335,1147
28741.489133,2292726119,2292727266,16256,1147
28741.510180,2292742152,2292743330,16287,1178
28741.522196,2292751369,2292752516,16295,1147
28741.534227,2292760544,2292761661,16158,1117
28741.546250,2292769658,2292770803,16499,1145
28741.558267,2292778810,2292779953,16346,1143
28741.588324,2292801663,2292802810,16297,1147
28741.600350,2292810864,2292812006,16357,1142
28741.621387,2292826862,2292828009,16347,1147
28741.633415,2292836004,2292837145,16322,1141
28741.648437,2292847444,2292848592,16332,1148
28741.669473,2292863463,2292864586,16038,1123
28741.681507,2292872582,2292873727,16412,1145
28741.705540,2292890888,2292892006,16020,1118
28741.717577,2292899992,2292901128,16504,1136
28741.783694,2292950272,2292951419,16258,1147
28741.795711,2292959441,2292960562,16100,1121
28741.816764,2292975435,2292976580,16448,1145
28741.828780,2292984584,2292985720,16335,1136
28741.864848,2293012018,2293013171,16336,1153
28741.876866,2293021167,2293022293,16020,1126
28741.897918,2293037133,2293038274,16458,1141
28741.909934,2293046281,2293047428,16336,1147
28741.921951,2293055414,2293056532,16021,1118
28741.933984,2293064537,2293065684,16360,1147
28741.946002,2293073668,2293074814,16329,1146
28741.961040,2293085141,2293086286,16470,1145
28741.973054,2293094269,2293095421,16333,1152
28741.985076,2293103434,2293104571,16248,1137
28741.997108,2293112577,2293113722,16472,1145
28742.012123,2293124013,2293125131,15942,1118
28742.024159,2293133101,2293134237,16502,1136
28742.042194,2293146774,2293147921,16464,1147
28742.054208,2293155906,2293157053,16335,1147
28742.066226,2293165040,2293166161,16020,1121
28742.078261,2293174158,2293175289,16496,1131
28742.129358,2293212958,2293214083,16160,1125
28742.141382,2293222071,2293223246,16405,1175
28742.153397,2293231230,2293232407,16233,1177
28742.165414,2293240395,2293241518,16031,1123
28742.204501,2293270087,2293271232,16498,1145
28742.216517,2293279237,2293280380,16248,1143
28742.237552,2293295197,2293296325,16016,1128
28742.249587,2293304300,2293305445,16501,1145
28742.279637,2293327123,2293328264,16270,1141
28742.291654,2293336302,2293337428,16039,1126
28742.309689,2293350005,2293351128,16020,1123
28742.321724,2293359108,2293360250,16497,1142
28742.348776,2293379665,2293380811,16496,1146
28742.360792,2293388816,2293389956,16335,1140
28742.411896,2293427715,2293428872,16501,1157
28742.429926,2293441433,2293442576,16476,1143
28742.441946,2293450567,2293451714,16420,1147
28742.468997,2293471166,2293472313,16419,1147
28742.481019,2293480339,2293481497,16272,1158
28742.493052,2293489499,2293490645,16521,1146
28742.508062,2293500943,2293502068,16055,1125
28742.545147,2293530638,2293531783,16514,1145
28742.586222,2293560370,2293561522,16356,1152
28742.598237,2293569522,2293570640,16025,1118
28742.610273,2293578631,2293579802,16453,1171
28742.631305,2293594667,2293595814,16371,1147
28742.643320,2293603826,2293604947,15984,1121
28742.655361,2293612921,2293614060,16509,1139
28742.667374,2293622058,2293623205,16223,1147
28742.679397,2293631193,2293632333,16171,1140
28742.691427,2293640328,2293641472,16498,1144
28742.703443,2293649458,2293650630,16221,1172
28742.715461,2293658609,2293659735,15940,1126
28742.727492,2293667739,2293668880,16392,1141
28742.760546,2293692891,2293694008,16036,1117
28742.772582,2293702023,2293703164,16500,1141
28742.817667,2293736316,2293737467,16495,1151
28742.829682,2293745507,2293746648,16451,1141
28742.856735,2293766038,2293767185,16340,1147
28742.868752,2293775204,2293776330,16099,1126
28742.919854,2293814008,2293815155,16419,1147
28742.931872,2293823163,2293824289,16099,1126
28742.943907,2293832260,2293833405,16495,1145
28742.964940,2293848242,2293849384,16415,1142
28742.976962,2293857376,2293858524,16271,1148
28742.988993,2293866518,2293867664,16584,1146
28743.025059,2293893934,2293895079,16407,1145
28743.037079,2293903138,2293904285,16360,1147
28743.070148,2293928214,2293929355,16501,1141
28743.082165,2293937369,2293938520,16435,1151
28743.157301,2293994490,2293995611,16022,1121
28743.172335,2294005892,2294007044,16343,1152
28743.184352,2294015065,2294016185,16038,1120
28743.232457,2294051644,2294052789,16586,1145
28743.244478,2294060836,2294061977,16418,1141
28743.277540,2294085956,2294087100,16343,1144
28743.289558,2294095095,2294096247,16352,1152
28743.379731,2294163604,2294164751,16350,1147
28743.391747,2294172756,2294173882,16026,1126
28743.403782,2294181867,2294183003,16498,1136
28743.415798,2294191015,2294192162,16295,1147
28743.433832,2294204730,2294205873,16335,1143
28743.445850,2294213884,2294215008,16022,1124
28743.463884,2294227665,2294228791,16060,1126
28743.475917,2294236809,2294237956,16345,1147
28743.487935,2294245950,2294247107,16354,1157
28743.499949,2294255113,2294256236,15982,1123
28743.511987,2294264217,2294265366,16500,1149
28743.524003,2294273344,2294274491,16367,1147
28743.536017,2294282500,2294283623,15985,1123
28743.548056,2294291611,2294292751,16500,1140
28743.560072,2294300737,2294301879,16421,1142
28743.572093,2294309883,2294311026,16347,1143
28743.584126,2294319010,2294320155,16505,1145
28743.596141,2294328143,2294329289,16338,1146
28743.608158,2294337313,2294338433,16022,1120
28743.620193,2294346436,2294347582,16493,1146
28743.632209,2294355574,2294356715,16338,1141
28743.644223,2294364727,2294365854,16061,1127
28743.656262,2294373937,2294375089,16402,1152
28743.668283,2294383144,2294384290,16409,1146
28743.680300,2294392340,2294393498,16346,1158
28743.692330,2294401552,2294402709,16324,1157
28743.704352,2294410773,2294411927,16398,1154
28743.719380,2294422274,2294423431,16325,1157
28743.731400,2294431454,2294432606,16353,1152
28743.743415,2294440628,2294441755,16099,1127
28743.761450,2294454315,2294455435,16023,1120
28743.773482,2294463447,2294464594,16343,1147
28743.827588,2294504525,2294505671,16588,1146
28743.839603,2294513658,2294514805,16340,1147
28743.851621,2294522798,2294523924,16012,1126
28743.863657,2294531955,2294533101,16499,1146
28743.875674,2294541133,2294542279,16353,1146
28743.887690,2294550258,2294551375,16019,1117
28743.899725,2294559640,2294560785,16453,1145
28743.911741,2294568753,2294569933,16338,1180
28743.923758,2294577941,2294579067,16012,1126
28743.935794,2294587049,2294588199,16451,1150
28743.947809,2294596180,2294597326,16335,1146
28743.959827,2294605337,2294606458,16019,1121
28743.977862,2294619062,2294620187,16032,1125
28743.989897,2294628167,2294629337,16409,1170
28744.007931,2294641882,2294643027,16503,1145
28744.019946,2294651025,2294652166,16368,1141
28744.031964,2294660153,2294661274,16019,1121
28744.044000,2294669248,2294670390,16495,1142
28744.062034,2294682913,2294684057,16504,1144
28744.074051,2294692100,2294693238,16347,1138
28744.086063,2294701253,2294702378,15981,1125
28744.146187,2294746940,2294748089,16335,1149
28744.158204,2294756084,2294757205,16023,1121
28744.233360,2294813147,2294814292,16444,1145
28744.245379,2294822277,2294823417,16320,1140
28744.269428,2294840542,2294841680,16360,1138
28744.281444,2294849683,2294850830,16304,1147
28744.296480,2294861084,2294862232,16505,1148
28744.311508,2294872521,2294873639,16142,1118
28744.348576,2294902131,2294903278,16494,1147
28744.443753,2294972877,2294974024,16335,1147
28744.455770,2294982036,2294983157,16015,1121
28744.467803,2294991179,2294992331,16257,1152
28744.479823,2295000358,2295001510,16265,1152
28744.491839,2295009534,2295010652,16021,1118
28744.503874,2295018663,2295019803,16296,1140
28744.515888,2295027795,2295028942,16361,1147
28744.527907,2295036928,2295038046,15934,1118
28744.539943,2295046022,2295047167,16415,1145
28744.551958,2295055144,2295056285,16331,1141
28744.563983,2295064310,2295065482,16197,1172
28744.576014,2295073466,2295074606,16501,1140
28744.588027,2295082616,2295083763,16337,1147
28744.609074,2295098581,2295099701,16151,1120
28744.621098,2295107697,2295108842,16427,1145
28744.675201,2295148804,2295149950,16510,1146
28744.690216,2295160267,2295161387,16018,1120
28744.777389,2295226508,2295227666,16322,1158
28744.789407,2295235679,2295236800,16017,1121
28744.876576,2295301888,2295303045,16333,1157
28744.888598,2295311067,2295312193,16000,1126
28744.903627,2295322483,2295323630,16337,1147
28744.915645,2295331609,2295332729,16018,1120
28744.927680,2295340707,2295341850,16500,1143
28744.939696,2295349831,2295350983,16337,1152
28744.960734,2295365818,2295366958,16259,1140
28744.972766,2295374940,2295376095,16508,1155
28744.984781,2295384101,2295385239,16337,1138
28745.032868,2295420668,2295421789,16019,1121
28745.044904,2295429785,2295430928,16413,1143
28745.089989,2295464030,2295465166,16499,1136
28745.102007,2295473449,2295474591,16355,1142
28745.117040,2295484875,2295486017,16495,1142
28745.192176,2295541982,2295543124,16339,1142
28745.204206,2295551134,2295552255,16051,1121
28745.216228,2295560264,2295561410,16372,1146
28745.228244,2295569384,2295570534,16243,1150
28745.240262,2295578534,2295579660,15935,1126
28745.255296,2295589934,2295591081,16271,1147
28745.297384,2295621916,2295623061,16504,1145
28745.309399,2295631280,2295632434,16451,1154
28745.384537,2295688365,2295689485,16094,1120
28745.396572,2295697435,2295698580,16591,1145
28745.480727,2295761446,2295762590,16358,1144
28745.492746,2295770602,2295771779,16236,1177
28745.507779,2295782100,2295783247,16368,1147
28745.519798,2295791508,2295792651,16239,1143
28745.531829,2295800661,2295801808,16378,1147
28745.543846,2295809822,2295810961,16353,1139
28745.612983,2295862556,2295863703,16374,1147
28745.625001,2295871727,2295872865,16437,1138
28745.673086,2295908262,2295909409,16318,1147
28745.685121,2295917454,2295918580,16298,1126
28745.706156,2295933493,2295934635,16448,1142
28745.718174,2295942609,2295943752,16104,1143
28745.730202,2295951759,2295952906,16358,1147
28745.742218,2295960905,2295962044,16371,1139
28745.769273,2295981463,2295982615,16370,1152
28745.781292,2295990575,2295991719,16030,1144
28745.823376,2296022571,2296023714,16452,1143
28745.835395,2296031692,2296032836,16029,1144
28745.847424,2296040834,2296041981,16364,1147
28745.859446,2296049970,2296051121,16428,1151
28745.877480,2296063681,2296064823,16379,1142
28745.889498,2296072799,2296073943,16028,1144
28745.916550,2296093328,2296094469,16109,1141
28745.928578,2296102492,2296103644,16437,1152
28745.943601,2296113924,2296115067,16027,1143
28745.955634,2296123076,2296124222,16381,1146
28745.967651,2296132212,2296133350,16372,1138
28745.985686,2296145926,2296147078,16427,1152
28745.997712,2296155089,2296156225,16188,1136
28746.039788,2296187010,2296188156,16378,1146
28746.051809,2296196144,2296197291,16314,1147
28746.063836,2296205257,2296206395,16443,1138
28746.081870,2296218935,2296220073,16357,1138
28746.093891,2296228057,2296229208,16462,1151
28746.123944,2296250878,2296252017,16103,1139
28746.135974,2296260062,2296261209,16367,1147
28746.147994,2296269218,2296270365,16347,1147
28746.169030,2296285258,2296286402,16026,1144
28746.181059,2296294404,2296295551,16360,1147
28746.253200,2296349227,2296350374,16366,1147
28746.265219,2296358395,2296359538,16359,1143
28746.328336,2296406288,2296407435,16372,1147
28746.340358,2296415413,2296416547,16029,1134
28746.355389,2296426857,2296428004,16397,1147
28746.367407,2296435956,2296437094,16031,1138
28746.379436,2296445075,2296446217,16356,1142
28746.397473,2296458764,2296459902,16393,1138
28746.409491,2296467890,2296469037,16370,1147
28746.457578,2296504425,2296505559,15994,1134
28746.469608,2296513564,2296514706,16353,1142
28746.541745,2296568274,2296569419,16352,1145
28746.553766,2296577478,2296578623,16338,1145
28746.565786,2296586608,2296587752,15948,1144
28746.577814,2296595725,2296596872,16354,1147
28746.625903,2296632214,2296633357,16373,1143
28746.637921,2296641323,2296642499,15942,1176
28746.661971,2296659660,2296660812,16367,1152
28746.673990,2296668783,2296669916,16027,1133
28746.686019,2296677910,2296679057,16360,1147
28746.749145,2296725846,2296726993,16394,1147
28746.761160,2296735019,2296736195,16282,1176
28746.869366,2296817258,2296818396,16372,1138
28746.881388,2296826391,2296827526,16035,1135
28746.920465,2296856063,2296857210,16360,1147
28746.932485,2296865185,2296866336,16372,1151
28746.944510,2296874332,2296875478,16254,1146
28746.956534,2296883472,2296884620,16360,1148
28746.968554,2296892634,2296893775,16374,1141
28746.983585,2296904031,2296905178,16360,1147
28747.079762,2296977124,2296978259,16027,1135
28747.091794,2296986272,2296987448,16359,1176
28747.103811,2296995419,2296996557,16284,1138
28747.115831,2297004500,2297005649,15946,1149
28747.127859,2297013647,2297014799,16358,1152
28747.139880,2297022778,2297023925,16218,1147
28747.151899,2297031923,2297033067,15907,1144
28747.163930,2297041061,2297042182,16210,1121
28747.175949,2297050345,2297051491,16284,1146
28747.187975,2297059459,2297060604,16028,1145
28747.199996,2297068603,2297069749,16270,1146
28747.212017,2297077738,2297078890,16284,1152
28747.224036,2297086874,2297088011,16030,1137
28747.236065,2297096012,2297097158,16273,1146
28747.254100,2297109704,2297110851,16355,1147
28747.266120,2297118830,2297119977,16373,1147
28747.317222,2297157656,2297158803,16376,1147
28747.332245,2297169093,2297170237,16040,1144
28747.368311,2297196527,2297197666,16026,1139
28747.380340,2297205693,2297206836,16445,1143
28747.392363,2297214848,2297215994,16365,1146
28747.419412,2297235397,2297236544,16460,1147
28747.431430,2297244553,2297245691,15991,1138
28747.443464,2297253682,2297254828,16456,1146
28747.455480,2297262831,2297263978,16460,1147
28747.476516,2297278773,2297279917,16102,1144
28747.488549,2297287900,2297289047,16409,1147
28747.524614,2297315302,2297316455,16367,1153
28747.536635,2297324460,2297325636,16268,1176
28747.575705,2297354136,2297355277,16103,1141
28747.587737,2297363308,2297364454,16491,1146
28747.599756,2297372464,2297373611,16431,1147
28747.611774,2297381577,2297382726,16027,1149
28747.623803,2297390703,2297391842,16359,1139
28747.689929,2297440879,2297442019,16360,1140
28747.701945,2297450023,2297451162,15997,1139
28747.719979,2297463713,2297464857,15943,1144
28747.732010,2297472833,2297473958,16213,1125
28747.744030,2297481988,2297483136,16254,1148
28747.756048,2297491099,2297492243,15952,1144
28747.768077,2297500241,2297501384,16360,1143
28747.780097,2297509373,2297510521,16281,1148
28747.793129,2297520811,2297521968,16439,1157
28747.816162,2297536810,2297537951,16296,1141
28747.828185,2297545889,2297547033,16022,1144
28747.840220,2297555031,2297556154,16294,1123
28747.876283,2297582413,2297583560,16464,1147
28747.912352,2297609749,2297610896,16438,1147
28747.924372,2297618869,2297620046,16371,1177
28747.936394,2297628045,2297629183,16238,1138
28747.948420,2297637159,2297638302,16363,1143
28747.960441,2297646299,2297647440,16333,1141
28747.975472,2297657670,2297658817,16442,1147
28747.987494,2297666840,2297667978,16365,1138
28747.999511,2297675931,2297677075,16030,1144
28748.011540,2297685066,2297686209,16363,1143
28748.023560,2297694197,2297695331,16334,1134
28748.035582,2297703309,2297704456,16229,1147
28748.047609,2297712438,2297713585,16362,1147
28748.059629,2297721567,2297722709,16373,1142
28748.071647,2297730672,2297731821,16025,1149
28748.083680,2297739798,2297740945,16400,1147
28748.104715,2297755795,2297756942,16374,1147
28748.116734,2297764904,2297766047,16029,1143
28748.167835,2297803731,2297804879,16366,1148
28748.179862,2297812842,2297813992,16117,1150
28748.191885,2297822007,2297823158,16375,1151
28748.203903,2297831141,2297832288,16372,1147
28748.215922,2297840271,2297841412,16028,1141
28748.227951,2297849402,2297850549,16348,1147
28748.239974,2297858550,2297859684,16348,1134
28748.251991,2297867678,2297868822,15992,1144
28748.264024,2297876792,2297877913,16150,1121
28748.276041,2297885904,2297887051,16303,1147
28748.288059,2297895022,2297896161,15944,1139
28748.300091,2297904139,2297905265,16214,1126
28748.312105,2297913237,2297914378,16288,1141
28748.324128,2297922342,2297923491,16030,1149
28748.336161,2297931506,2297932649,16375,1143
28748.354194,2297945150,2297946276,16211,1126
28748.366212,2297954259,2297955401,16375,1142
28748.384249,2297967981,2297969128,16355,1147
28748.396267,2297977120,2297978264,16026,1144
28748.408294,2297986230,2297987376,16289,1146
28748.484447,2298045574,2298046715,16027,1141
28748.588638,2298123184,2298124321,16356,1137
28748.600660,2298132377,2298133520,16370,1143
28748.615689,2298143759,2298144900,16360,1141
28748.627710,2298152889,2298154030,16264,1141
28748.639729,2298162013,2298163169,15994,1156
28748.651758,2298171152,2298172299,16357,1147
28748.663778,2298180283,2298181430,16372,1147
28748.675805,2298189402,2298190552,16114,1150
28748.687826,2298198561,2298199707,16358,1146
28748.699848,2298207739,2298208896,16337,1157
28748.711868,2298216889,2298218044,16045,1155
28748.723894,2298226063,2298227224,16357,1161
28748.735916,2298235281,2298236434,16250,1153
28748.747934,2298244451,2298245605,16034,1154
28748.759965,2298253641,2298254789,16285,1148
28748.771984,2298262779,2298263916,16373,1137
28748.784003,2298271900,2298273049,16034,1149
28748.802034,2298285663,2298286804,15954,1141
28748.814066,2298294841,2298295983,16274,1142
28748.841118,2298315414,2298316561,16365,1147
28748.853138,2298324543,2298325684,16373,1141
28748.865157,2298333638,2298334777,16025,1139
28748.877191,2298342769,2298343941,16340,1172
28748.898224,2298358794,2298359932,16372,1138
28748.910249,2298365172,2298365819,13754,647
28748.924331,2298370833,2298371444,11975,611
28748.937294,2298376943,2298378074,16003,1131
28748.949325,2298385981,2298387095,16211,1114
28748.985392,2298413315,2298414461,16353,1146
28748.997412,2298422436,2298423583,16374,1147
28749.009434,2298431565,2298432698,16238,1133
28749.021461,2298440702,2298441845,16442,1143
28749.033482,2298449852,2298450992,16430,1140
28749.048512,2298461240,2298462392,16362,1152
28749.060533,2298470383,2298471530,16457,1147
28749.072560,2298479507,2298480638,16087,1131
28749.108620,2298506890,2298508034,16112,1144
28749.120651,2298516023,2298517145,16284,1122
28749.132671,2298525143,2298526290,16338,1147
28749.147700,2298536552,2298537704,16366,1152
28749.159723,2298545696,2298546838,16375,1142
28749.171748,2298554796,2298555936,16111,1140
28749.183769,2298563926,2298565072,16357,1146
28749.195790,2298573059,2298574205,16375,1146
28749.207808,2298582153,2298583298,16025,1145
28749.219840,2298591317,2298592455,16463,1138
28749.231860,2298600459,2298601611,16425,1152
28749.243877,2298609619,2298610759,16076,1140
28749.255906,2298618737,2298619891,16367,1154
28749.267927,2298627887,2298629033,16378,1146
28749.279946,2298636997,2298638138,15995,1141
28749.291975,2298646123,2298647270,16362,1147
28749.303996,2298655246,2298656387,16382,1141
28749.316015,2298664358,2298665499,16031,1141
28749.328048,2298673532,2298674670,16376,1138
28749.340060,2298682663,2298683845,16382,1182
28749.352083,2298691843,2298692987,15987,1144
28749.364112,2298700985,2298702127,16360,1142
28749.376137,2298710108,2298711251,16367,1143
28749.388152,2298719212,2298720345,16115,1133
28749.400181,2298728338,2298729484,16441,1146
28749.412201,2298737472,2298738610,16457,1138
28749.424223,2298744741,2298745880,15876,1139
28749.436249,2298753842,2298754992,16362,1150
28749.448270,2298762975,2298764121,16379,1146
28749.464327,2298776672,2298777812,16373,1140
28749.476333,2298785759,2298786903,16034,1144
28749.499369,2298801736,2298802874,16351,1138
28749.511390,2298810855,2298812007,16371,1152
28749.523411,2298819988,2298821135,16230,1147
28749.535443,2298829166,2298830287,16215,1121
28749.547459,2298838278,2298839421,16371,1143
28749.559480,2298847401,2298848542,16239,1141
28749.571509,2298856534,2298857674,16483,1140
28749.583529,2298865679,2298866826,16455,1147
28749.595546,2298874807,2298875946,16028,1139
28749.607575,2298883921,2298885068,16441,1147
28749.619596,2298893074,2298894221,16270,1147
28749.631614,2298902244,2298903384,16111,1140
28749.643644,2298911389,2298912540,16436,1151
28749.655664,2298920542,2298921687,16373,1145
28749.667687,2298929658,2298930802,16070,1144
28749.679716,2298938831,2298939973,16371,1142
28749.691732,2298947965,2298949103,16372,1138
28749.703752,2298957049,2298958194,16109,1145
28749.715780,2298966184,2298967336,16360,1152
28749.727803,2298975330,2298976482,16253,1152
28749.739820,2298984441,2298985585,16110,1144
28749.751852,2298993573,2298994690,16210,1117
28749.763870,2299002667,2299003814,16379,1147
28749.775892,2299011794,2299012941,16233,1147
28749.787918,2299020942,2299022083,16349,1141
28749.799938,2299030084,2299031231,16371,1147
28749.811958,2299039197,2299040341,16032,1144
28749.823991,2299048362,2299049514,16371,1152
28749.836008,2299057651,2299058794,16382,1143
28749.848026,2299066786,2299067922,15994,1136
28749.860055,2299075922,2299077094,16356,1172
28749.872078,2299085096,2299086242,16360,1146
28749.884095,2299094224,2299095368,15952,1144
28749.896130,2299103378,2299104521,16365,1143
28749.908145,2299112507,2299113653,16284,1146
28749.920166,2299121649,2299122796,16237,1147
28749.932195,2299130768,2299131914,16410,1146
28749.956232,2299149005,2299150145,16030,1140
28749.968264,2299158147,2299159294,16405,1147
28749.980282,2299167289,2299168427,16376,1138
28749.992301,2299176397,2299177543,16030,1146
28750.007333,2299187824,2299188971,16380,1147
28750.019355,2299196953,2299198099,16235,1146
28750.031381,2299206098,2299207245,16361,1147
28750.043402,2299215373,2299216520,16374,1147
28750.055424,2299224507,2299225655,16042,1148
28750.067452,2299233642,2299234789,16409,1147
28750.079470,2299242778,2299243919,16374,1141
28750.091489,2299251922,2299253066,15915,1144
28750.103519,2299261065,2299262206,16355,1141
28750.115539,2299270226,2299271372,16248,1146
28750.127558,2299279360,2299280499,15916,1139
28750.139587,2299288482,2299289629,16356,1147
28750.151607,2299297616,2299298759,16457,1143
28750.163634,2299306738,2299307884,16191,1146
28750.175655,2299315867,2299317014,16357,1147
28750.188685,2299327260,2299328404,16063,1144
28750.235764,2299361509,2299362649,16034,1140
28750.247792,2299370651,2299371803,16359,1152
28750.259813,2299379807,2299380944,16380,1137
28750.271832,2299388905,2299390053,16108,1148
28750.283861,2299398050,2299399192,16438,1142
28750.295881,2299407192,2299408339,16454,1147
28750.307901,2299416312,2299417456,16030,1144
28750.319934,2299425466,2299426613,16369,1147
28750.331952,2299434608,2299435760,16343,1152
28750.352986,2299450549,2299451692,16029,1143
28750.365019,2299459714,2299460866,16315,1152
28750.377036,2299468869,2299470016,16282,1147
28750.389055,2299477972,2299479116,16032,1144
28750.404087,2299489409,2299490549,16371,1140
28750.416110,2299498560,2299499700,16235,1140
28750.428136,2299507680,2299508852,16356,1172
28750.440156,2299516833,2299517981,16376,1148
28750.452175,2299526030,2299527174,16110,1144
28750.464207,2299535161,2299536312,16486,1151
28750.500273,2299562527,2299563673,16361,1146
28750.512294,2299571671,2299572817,16259,1146
28750.524312,2299580804,2299581940,15916,1136
28750.536341,2299589935,2299591078,16359,1143
28750.548361,2299599087,2299600230,16285,1143
28750.569398,2299615069,2299616204,16033,1135
28750.581427,2299624203,2299625354,16260,1151
28750.605467,2299642469,2299643618,16034,1149
28750.617500,2299651618,2299652765,16278,1147
28750.635530,2299665317,2299666464,16269,1147
28750.659573,2299683559,2299684704,16153,1145
28750.671599,2299692699,2299693844,16362,1145
28750.683619,2299701833,2299702985,16382,1152
28750.695638,2299710959,2299712103,16033,1144
28750.707667,2299720094,2299721241,16439,1147
28750.719689,2299729269,2299730416,16314,1147
28750.731707,2299738381,2299739525,16111,1144
28750.743738,2299747506,2299748631,16250,1125
28750.755757,2299756602,2299757746,16459,1144
28750.767775,2299765715,2299766864,16110,1149
28750.779804,2299774847,2299775994,16357,1147
28750.800842,2299790820,2299791972,16456,1152
28750.812864,2299799955,2299801102,16232,1147
28750.836911,2299818226,2299819368,16455,1142
28750.848930,2299827363,2299828532,16110,1169
28750.888010,2299857068,2299858213,16439,1145
28750.900031,2299866214,2299867361,16464,1147
28750.912053,2299875368,2299876506,16335,1138
28750.924081,2299884511,2299885653,16355,1142
28750.936100,2299893658,2299894796,16416,1138
28750.948119,2299902750,2299903885,16119,1135
28750.960150,2299911876,2299913019,16484,1143
28750.972168,2299921000,2299922152,16374,1152
28750.984187,2299930108,2299931252,16037,1144
28751.008236,2299948378,2299949525,16265,1147
28751.020256,2299957522,2299958665,15996,1143
28751.032284,2299966667,2299967819,16382,1152
28751.044305,2299975803,2299976950,16376,1147
28751.056332,2299984916,2299986061,16149,1145
28751.072366,2299998679,2299999825,16312,1146
28751.125460,2300037587,2300038734,16457,1147
28751.137478,2300046732,2300047865,16109,1133
28751.176559,2300076368,2300077515,16356,1147
28751.188579,2300085509,2300086657,16463,1148
28751.228660,2300117486,2300118629,16355,1143
28751.263718,2300142567,2300143711,16033,1144
28751.275748,2300151709,2300152860,16357,1151
28751.287768,2300160850,2300161995,16461,1145
28751.299787,2300169962,2300171103,16032,1141
28751.311820,2300179110,2300180247,16455,1137
28751.323836,2300188243,2300189386,16371,1143
28751.335856,2300197360,2300198495,16029,1135
28751.353898,2300211084,2300212220,16116,1136
28751.365919,2300220206,2300221353,16363,1147
28751.444061,2300279634,2300280777,16028,1143
28751.456093,2300288765,2300289917,16405,1152
28751.468111,2300297900,2300299042,16379,1142
28751.480130,2300307082,2300308221,15996,1139
28751.492159,2300316223,2300317380,16358,1157
28751.504179,2300325349,2300326490,16170,1141
28751.516202,2300334480,2300335623,16036,1143
28751.528227,2300343607,2300344759,16354,1152
28751.555282,2300364150,2300365298,16402,1148
28751.567300,2300373290,2300374437,16372,1147
28751.579319,2300382399,2300383548,16033,1149
28751.591348,2300391536,2300392683,16265,1147
28751.603368,2300400683,2300401819,16261,1136
28751.615387,2300409810,2300410949,15916,1139
28751.627420,2300418947,2300420094,16372,1147
28751.639437,2300428068,2300429220,16377,1152
28751.651464,2300437171,2300438315,16118,1144
28751.664485,2300448572,2300449718,16374,1146
28751.687524,2300464606,2300465749,16027,1143
28751.699554,2300473741,2300474888,16358,1147
28751.711575,2300482913,2300484060,16349,1147
28751.732610,2300498871,2300500012,16031,1141
28751.744639,2300508007,2300509158,16354,1151
28751.768679,2300526255,2300527400,16108,1145
28751.780708,2300535382,2300536525,16363,1143
28751.807763,2300555944,2300557087,16449,1143
28751.819780,2300565068,2300566208,16380,1140
28751.831799,2300574183,2300575327,16028,1144
28751.849841,2300587868,2300589009,16196,1141
28751.861862,2300596996,2300598143,16439,1147
28751.876884,2300608398,2300609542,16028,1144
28751.888913,2300617582,2300618730,16262,1148
28751.912953,2300635857,2300637026,15996,1169
28751.924982,2300645027,2300646179,16316,1152
28751.940005,2300656441,2300657585,16027,1144
28751.976073,2300683818,2300684964,16032,1146
28751.988102,2300692954,2300694101,16264,1147
28752.000122,2300702098,2300703240,16259,1142
28752.012142,2300711233,2300712369,16003,1136
28752.024171,2300720367,2300721513,16354,1146
28752.036191,2300729488,2300730624,16288,1136
28752.048218,2300738598,2300739738,16117,1140
28752.060241,2300747721,2300748842,16211,1121
28752.072260,2300756817,2300757969,16373,1152
28752.084279,2300765925,2300767068,15956,1143
28752.096308,2300775086,2300776233,16355,1147
28752.108329,2300784264,2300785402,16337,1138
28752.144397,2300811630,2300812775,16373,1145
28752.159431,2300823033,2300824150,16212,1117
28752.192488,2300848086,2300849230,16045,1144
28752.204518,2300857245,2300858392,16330,1147
28752.216531,2300866387,2300867534,16204,1147
28752.240583,2300884653,2300885796,16359,1143
28752.252606,2300893796,2300894927,16359,1131
28752.273639,2300909746,2300910890,16030,1144
28752.285670,2300918892,2300920017,16234,1125
28752.297689,2300928054,2300929201,16266,1147
28752.309708,2300937183,2300938324,15995,1141
28752.393874,2301001027,2301002177,16440,1150
28752.405896,2301010182,2301011328,16425,1146
28752.444973,2301039847,2301040991,16117,1144
28752.456994,2301048996,2301050138,16356,1142
28752.493062,2301076372,2301077517,16436,1145
28752.505084,2301085556,2301086713,16250,1157
28752.517105,2301094706,2301095848,16232,1142
28752.529131,2301103841,2301104988,16263,1147
28752.541152,2301112981,2301114119,16372,1138
28752.568203,2301133503,2301134650,16367,1147
28752.580222,2301142624,2301143768,16029,1144
28752.592253,2301151757,2301152878,16207,1121
28752.604273,2301160879,2301162032,16383,1153
28752.616292,2301169999,2301171148,16026,1149
28752.628320,2301179129,2301180275,16358,1146
28752.661376,2301204215,2301205356,16031,1141
28752.673405,2301213333,2301214480,16354,1147
28752.688428,2301224722,2301225866,16034,1144
28752.700461,2301233878,2301235035,16374,1157
28752.712478,2301243039,2301244186,16382,1147
28752.724500,2301252188,2301253331,16094,1143
28752.760565,2301279574,2301280718,16109,1144
28752.772594,2301288710,2301289852,16353,1142
28752.820683,2301325234,2301326391,16453,1157
28752.832706,2301334360,2301335534,16066,1174
28752.877788,2301368575,2301369719,16029,1144
28752.889817,2301377694,2301378840,16351,1146
28752.904839,2301389152,2301390297,15998,1145
28752.916869,2301398306,2301399458,16360,1152
28752.985994,2301450832,2301451980,16030,1148
28752.998027,2301459986,2301461133,16367,1147
28753.010043,2301469153,2301470300,16372,1147
28753.022062,2301478270,2301479414,16029,1144
28753.035588,2301488963,2301490100,15989,1137
28753.047622,2301498110,2301499257,16379,1147
28753.065652,2301511798,2301512940,16357,1142
28753.077672,2301520931,2301522069,16373,1138
28753.095709,2301534616,2301535762,16360,1146
28753.107725,2301543727,2301544861,15986,1134
28753.119755,2301552867,2301554011,16367,1144
28753.137789,2301566532,2301567679,16441,1147
28753.149810,2301575676,2301576814,16346,1138
28753.161828,2301584782,2301585923,16031,1141
28753.173858,2301593909,2301595047,16357,1138
28753.224948,2301632665,2301633809,16027,1144
28753.236978,2301641779,2301642926,16444,1147
28753.288076,2301680597,2301681741,16112,1144
28753.300098,2301689715,2301690867,16370,1152
28753.312114,2301698856,2301700004,16285,1148
28753.324137,2301707985,2301709124,16028,1139
28753.342174,2301721659,2301722796,16234,1137
28753.354200,2301730788,2301731940,16359,1152
28753.444376,2301799302,2301800444,16379,1142
28753.456395,2301808420,2301809558,16366,1138
28753.519513,2301856256,2301857407,16385,1151
28753.531532,2301865406,2301866550,15999,1144
28753.543565,2301874551,2301875698,16376,1147
28753.555581,2301883671,2301884809,16284,1138
28753.567600,2301892754,2301893893,16030,1139
28753.579629,2301901884,2301903027,16364,1143
28753.597663,2301915538,2301916690,16353,1152
28753.609683,2301924688,2301925830,16328,1142
28753.624715,2301936096,2301937243,16361,1147
28753.636735,2301945231,2301946375,16173,1144
28753.648754,2301954366,2301955535,15908,1169
28753.660783,2301963521,2301964673,16355,1152
28753.672804,2301972659,2301973811,16283,1152
28753.684831,2301981774,2301982906,16031,1132
28753.705869,2301997744,2301998885,16356,1141
28753.717890,2302006883,2302008029,16286,1146
28753.729910,2302016032,2302017176,16029,1144
28753.741942,2302025176,2302026328,16376,1152
28753.753957,2302034366,2302035523,16163,1157
28753.765988,2302043580,2302044732,16375,1152
28753.874183,2302126111,2302127255,16027,1144
28753.886215,2302135243,2302136389,16416,1146
28753.898233,2302144375,2302145512,16379,1137
28753.910251,2302153480,2302154619,16029,1139
28753.922281,2302162604,2302163742,16364,1138
28753.943320,2302178668,2302179814,16430,1146
28753.955337,2302187790,2302188934,16071,1144
28753.967367,2302196894,2302198030,16373,1136
28753.979387,2302206002,2302207140,16380,1138
28754.087595,2302288149,2302289296,16368,1147
28754.099612,2302297266,2302298414,16027,1148
28754.111641,2302306397,2302307539,16449,1142
28754.123661,2302315517,2302316665,16377,1148
28754.135685,2302324672,2302325823,16142,1151
28754.147709,2302333798,2302334945,16270,1147
28754.159730,2302342940,2302344088,16283,1148
28754.177764,2302356631,2302357779,16369,1148
28754.189784,2302365742,2302366883,15946,1141
28754.204816,2302377160,2302378307,16374,1147
28754.216835,2302386289,2302387433,16001,1144
28754.249901,2302411453,2302412595,16369,1142
28754.261921,2302420569,2302421738,15948,1169
28754.273950,2302429718,2302430870,16362,1152
28754.285973,2302438866,2302440013,16360,1147
28754.310018,2302457132,2302458279,16361,1147
28754.322038,2302466270,2302467412,16373,1142
28754.337074,2302477682,2302478829,16372,1147
28754.349090,2302486828,2302487968,16373,1140
28754.370130,2302502751,2302503901,16047,1150
28754.382158,2302511893,2302513030,16413,1137
28754.394176,2302521034,2302522171,16378,1137
28754.406195,2302530139,2302531283,16032,1144
28754.418224,2302539288,2302540432,16358,1144
28754.472327,2302580374,2302581521,16364,1147
28754.487349,2302591780,2302592924,16025,1144
28754.524428,2302621467,2302622608,16366,1141
28754.544465,2302635203,2302636350,16450,1147
28754.556484,2302644367,2302645507,16370,1140
28754.568504,2302653509,2302654651,16030,1142
28754.625618,2302696866,2302698013,16357,1147
28754.637640,2302706040,2302707183,16255,1143
28754.692750,2302749381,2302750528,16225,1147
28754.728819,2302776762,2302777909,16229,1147
28754.751858,2302792754,2302793900,16363,1146
28754.763879,2302801905,2302803051,16370,1146
28754.775906,2302811066,2302812210,16035,1144
28754.787928,2302820180,2302821327,16361,1147
28754.799948,2302829316,2302830458,16380,1142
28754.811966,2302838444,2302839587,15909,1143
28754.823997,2302847548,2302848674,16205,1126
28754.845033,2302863508,2302864649,16373,1141
28754.857053,2302872644,2302873785,15998,1141
28754.878101,2302888645,2302889790,16406,1145
28754.890119,2302897764,2302898910,16283,1146
28754.920173,2302920566,2302921710,15949,1144
28754.932206,2302929713,2302930859,16284,1146
28754.944223,2302938870,2302940011,16343,1141
28754.962252,2302952561,2302953713,16285,1152
28754.983292,2302968596,2302969729,16027,1133
28755.049425,2303018832,2303019984,16371,1152
28755.061447,2303027988,2303029129,16456,1141
28755.073471,2303037116,2303038255,16192,1139
28755.088496,2303048509,2303049651,16379,1142
28755.145601,2303091858,2303093002,16106,1144
28755.157630,2303100987,2303102134,16364,1147
28755.169650,2303110114,2303111262,16458,1148
28755.181672,2303119235,2303120379,16108,1144
28755.199704,2303132923,2303134057,16103,1134
28755.211733,2303142058,2303143205,16448,1147
28755.223753,2303151196,2303152348,16260,1152
28755.241788,2303164913,2303166056,16375,1143
28755.253806,2303174010,2303175154,16024,1144
28755.268840,2303185431,2303186580,16383,1149
28755.280858,2303194571,2303195720,16073,1149
28755.304908,2303212821,2303213962,16374,1141
28755.316927,2303221957,2303223088,16032,1131
28755.331960,2303233410,2303234562,16427,1152
28755.369037,2303263054,2303264201,16390,1147
28755.389064,2303276773,2303277917,16027,1144
28755.401093,2303285893,2303287043,16354,1150
28755.413114,2303295024,2303296162,16386,1138
28755.473233,2303340667,2303341814,16403,1147
28755.485250,2303349824,2303350968,16369,1144
28755.497266,2303358963,2303360107,15989,1144
28755.560390,2303406849,2303407993,16028,1144
28755.572422,2303415961,2303417099,16318,1138
28755.584436,2303425108,2303426284,16200,1176
28755.596459,2303434261,2303435401,16027,1140
28755.608487,2303443407,2303444550,16362,1143
28755.629526,2303459396,2303460548,16349,1152
28755.641544,2303468518,2303469662,16033,1144
28755.653575,2303477653,2303478800,16391,1147
28755.665594,2303486782,2303487924,16460,1142
28755.683628,2303500488,2303501632,16462,1144
28755.695647,2303509638,2303510782,15996,1144
28755.707676,2303518758,2303519904,16367,1146
28755.719696,2303527883,2303529024,16266,1141
28755.731716,2303536995,2303538135,16076,1140
28755.752764,2303552940,2303554066,16290,1126
28755.764782,2303562047,2303563194,16465,1147
28755.785819,2303578007,2303579151,16107,1144
28755.797848,2303587131,2303588267,16362,1136
28755.812870,2303598527,2303599671,16103,1144
28755.824903,2303607704,2303608847,16376,1143
28755.875990,2303646446,2303647581,16104,1135
28755.894025,2303660117,2303661258,16032,1141
28755.906053,2303669257,2303670404,16362,1147
28755.993213,2303735455,2303736593,16032,1138
28756.005242,2303744561,2303745708,16447,1147
28756.020267,2303755987,2303757129,16213,1142
28756.032294,2303765109,2303766247,16367,1138
28756.044314,2303774241,2303775383,16378,1142
28756.065358,2303790202,2303791341,16094,1139
28756.077379,2303799337,2303800484,16361,1147
28756.092402,2303810736,2303811880,16026,1144
28756.104431,2303819874,2303821021,16355,1147
28756.116451,2303829006,2303830142,16266,1136
28756.167553,2303867790,2303868937,16404,1147
28756.179571,2303876921,2303878067,16374,1146
28756.191591,2303886037,2303887178,16040,1141
28756.203620,2303895175,2303896327,16360,1152
28756.215640,2303904316,2303905452,16267,1136
28756.227660,2303913466,2303914605,15990,1139
28756.239692,2303922596,2303923739,16385,1143
28756.251708,2303931698,2303932845,16372,1147
28756.263731,2303940805,2303941949,16066,1144
28756.275759,2303949939,2303951059,16299,1120
28756.287777,2303959044,2303960190,16456,1146
28756.312825,2303979542,2303980689,16265,1147
28756.417021,2304057191,2304058336,16314,1145
28756.429048,2304066334,2304067491,16437,1157
28756.444070,2304077806,2304078955,16107,1149
28756.456104,2304086961,2304088108,16420,1147
28756.468123,2304096096,2304097243,16361,1147
28756.480139,2304105229,2304106368,16026,1139
28756.492168,2304114356,2304115508,16369,1152
28756.504188,2304123478,2304124616,16376,1138
28756.516210,2304132596,2304133744,16317,1148
28756.528239,2304141731,2304142877,16460,1146
28756.540257,2304150867,2304152013,16378,1146
28756.552276,2304159986,2304161130,16025,1144
28756.636443,2304223864,2304225002,16363,1138
28756.648465,2304233010,2304234141,16374,1131
28756.741636,2304303738,2304304877,16029,1139
28756.753665,2304312865,2304314012,16363,1147
28756.807768,2304353881,2304355028,16363,1147
28756.819790,2304363031,2304364178,16345,1147
28756.831808,2304372141,2304373274,16028,1133
28756.843837,2304381271,2304382418,16362,1147
28756.857363,2304391906,2304393044,16363,1138
28756.875401,2304405633,2304406780,16381,1147
28756.905451,2304428449,2304429586,16455,1137
28756.917471,2304437551,2304438700,16027,1149
28756.953542,2304464948,2304466094,16230,1146
28756.965572,2304474094,2304475233,16364,1139
28756.983603,2304487748,2304488895,16365,1147
28757.052728,2304540182,2304541321,16027,1139
28757.064761,2304549597,2304550744,16286,1147
28757.076778,2304558723,2304559870,16378,1147
28757.157932,2304620393,2304621540,16259,1147
28757.169954,2304629535,2304630674,16008,1139
28757.194000,2304647775,2304648922,16372,1147
28757.206027,2304656887,2304658031,16112,1144
28757.260128,2304697935,2304699082,16257,1147
28757.272151,2304707311,2304708457,16378,1146
28757.284172,2304716429,2304717577,16378,1148
28757.302206,2304730115,2304731262,16371,1147
28757.314225,2304739229,2304740368,16028,1139
28757.353306,2304768886,2304770024,16359,1138
28757.365328,2304778054,2304779184,16255,1130
28757.464516,2304853298,2304854439,16339,1141
28757.476534,2304862666,2304863810,16104,1144
28757.488567,2304871802,2304872940,16458,1138
28757.572720,2304935702,2304936849,16454,1147
28757.587752,2304947104,2304948246,16360,1142
28757.671912,2305011024,2305012162,16447,1138
28757.685435,2305021329,2305022476,16462,1147
28757.697454,2305030451,2305031590,15995,1139
28757.776615,2305092009,2305093150,16104,1141
28757.799654,2305107933,2305109085,16443,1152
28757.811673,2305117106,2305118253,16323,1147
28757.823698,2305126226,2305127365,16129,1139
28757.835723,2305135336,2305136483,16442,1147
28757.847744,2305144463,2305145594,16381,1131
28757.859763,2305153557,2305154701,16028,1144
28757.877797,2305167211,2305168350,16109,1139
28757.889826,2305176362,2305177509,16363,1147
28757.901846,2305185490,2305186632,16256,1142
28757.913865,2305194615,2305195750,15991,1135
28757.925895,2305203720,2305204866,16450,1146
28757.937915,2305212839,2305213991,16457,1152
28757.986003,2305249339,2305250483,16110,1144
28757.998032,2305258456,2305259592,16359,1136
28758.034101,2305285855,2305287007,16445,1152
28758.046123,2305292079,2305292710,13656,631
28758.060331,2305297634,2305298245,12080,611
28758.073174,2305303683,2305304817,16289,1134
28758.085202,2305312796,2305313935,16324,1139
28758.097223,2305321955,2305323101,16469,1146
28758.118257,2305337990,2305339137,16248,1147
28758.136291,2305351743,2305352886,16259,1143
28758.148321,2305360890,2305362035,16355,1145
28758.181377,2305386078,2305387238,16254,1160
28758.193407,2305395240,2305396387,16323,1147
28758.205429,2305404409,2305405554,16389,1145
28758.217445,2305413567,2305414714,16252,1147
28758.229476,2305422739,2305423882,16359,1143
28758.244497,2305434179,2305435325,16332,1146
28758.256528,2305443355,2305444496,16403,1141
28758.268549,2305452525,2305453666,16468,1141
28758.280566,2305461675,2305462816,16257,1141
28758.295600,2305473130,2305474271,16471,1141
28758.307617,2305482519,2305483671,16331,1152
28758.319648,2305491684,2305492831,16359,1147
28758.331669,2305500842,2305501988,16388,1146
28758.343686,2305510005,2305511148,16252,1143
28758.355716,2305519199,2305520341,16361,1142
28758.367739,2305528348,2305529495,16489,1147
28758.427853,2305574121,2305575262,16402,1141
28758.439875,2305583281,2305584433,16468,1152
28758.451894,2305592462,2305593604,16334,1142
28758.463922,2305601617,2305602754,16401,1137
28758.475943,2305610767,2305611914,16475,1147
28758.487960,2305619942,2305621080,16314,1138
28758.499990,2305629098,2305630255,16320,1157
28758.512012,2305638299,2305639446,16386,1147
28758.524029,2305647476,2305648619,16249,1143
28758.536059,2305656639,2305657786,16319,1147
28758.548080,2305665811,2305666958,16394,1147
28758.561608,2305674453,2305675592,16374,1139
28758.573625,2305683608,2305684751,16228,1143
28758.588659,2305695050,2305696196,16305,1146
28758.600674,2305704212,2305705355,16228,1143
28758.612704,2305713384,2305714527,16232,1143
28758.624728,2305722530,2305723678,16401,1148
28758.636743,2305731693,2305732841,16144,1148
28758.660796,2305750010,2305751156,16399,1146
28758.672816,2305759193,2305760345,16257,1152
28758.688853,2305772941,2305774086,16233,1145
28758.705882,2305784381,2305785523,16311,1142
28758.717897,2305793591,2305794734,16230,1143
28758.729926,2305802751,2305803903,16317,1152
28758.741951,2305811941,2305813088,16372,1147
28758.756978,2305823392,2305824539,16316,1147
28758.769002,2305832554,2305833701,16312,1147
28758.785030,2305846383,2305847535,16384,1152
28758.821098,2305874011,2305875168,16380,1157
28758.856168,2305899290,2305900437,16318,1147
28758.868189,2305908450,2305909587,16384,1137
28758.880208,2305917620,2305918760,16201,1140
28758.892237,2305926791,2305927938,16314,1147
28758.913275,2305942827,2305943963,16384,1136
28758.925292,2305951990,2305953128,16264,1138
28758.940325,2305963435,2305964581,16368,1146
28758.952343,2305972599,2305973746,16344,1147
28758.964372,2305981737,2305982882,16321,1145
28758.976394,2305990917,2305992064,16378,1147
28758.988413,2306000081,2306001224,16266,1143
28759.024480,2306027576,2306028723,16344,1147
28759.036509,2306036753,2306037899,16317,1146
28759.060549,2306055087,2306056234,16345,1147
28759.072580,2306064268,2306065415,16338,1147
28759.087600,2306075709,2306076854,16347,1145
28759.099630,2306084892,2306086044,16403,1152
28759.111651,2306094065,2306095212,16454,1147
28759.123671,2306103232,2306104369,16263,1137
28759.135698,2306112380,2306113522,16401,1142
28759.147719,2306121543,2306122687,16369,1144
28759.159737,2306130701,2306131848,16173,1147
28759.171766,2306139869,2306141007,16316,1138
28759.183788,2306149009,2306150156,16282,1147
28759.195806,2306158162,2306159309,16264,1147
28759.207835,2306167343,2306168490,16229,1147
28759.219857,2306176507,2306177649,16343,1142
28759.231877,2306185673,2306186819,16289,1146
28759.243904,2306194823,2306195970,16316,1147
28759.255925,2306203990,2306205137,16374,1147
28759.267943,2306213135,2306214286,16176,1151
28759.279972,2306222302,2306223439,16317,1137
28759.291994,2306231466,2306232613,16296,1147
28759.304012,2306240617,2306241759,16262,1142
28759.316041,2306249779,2306250925,16271,1146
28759.328066,2306258957,2306260101,16385,1144
28759.340079,2306268127,2306269279,16239,1152
28759.352111,2306277299,2306278446,16315,1147
28759.373149,2306293334,2306294477,16380,1143
28759.385166,2306302503,2306303650,16160,1147
28759.400201,2306313964,2306315112,16384,1148
28759.412218,2306323130,2306324276,16161,1146
28759.424248,2306332314,2306333460,16317,1146
28759.436270,2306341475,2306342622,16294,1147
28759.451300,2306352937,2306354084,16309,1147
28759.517424,2306403291,2306404429,16381,1138
28759.529441,2306412454,2306413600,16248,1146
28759.541472,2306421628,2306422805,16312,1177
28759.592561,2306460601,2306461748,16250,1147
28759.604591,2306469782,2306470929,16320,1147
28759.620625,2306483527,2306484669,16314,1142
28759.637645,2306495007,2306496154,16235,1147
28759.664698,2306515636,2306516788,16294,1152
28759.676728,2306524805,2306525952,16279,1147
28759.700766,2306543168,2306544310,16161,1142
28759.712797,2306552340,2306553482,16233,1142
28759.724818,2306561501,2306562647,16385,1146
28759.736836,2306570665,2306571842,16173,1177
28759.748864,2306579918,2306581069,16317,1151
28759.763886,2306591357,2306592504,16263,1147
28759.775915,2306600530,2306601676,16227,1146
28759.787937,2306609696,2306610836,16386,1140
28759.799955,2306618842,2306619984,16262,1142
28759.811984,2306628044,2306629191,16299,1147
28759.824005,2306637214,2306638361,16373,1147
28759.836022,2306646377,2306647515,16246,1138
28759.848053,2306655544,2306656692,16316,1148
28759.860074,2306664690,2306665836,16373,1146
28759.872092,2306673861,2306675013,16178,1152
28759.884121,2306683033,2306684176,16312,1143
28759.902156,2306696764,2306697904,16319,1140
28759.914177,2306705917,2306707063,16373,1146
28759.926195,2306715074,2306716221,16259,1147
28759.938224,2306724248,2306725395,16225,1147
28759.950248,2306733647,2306734788,16379,1141
28759.968281,2306747371,2306748518,16386,1147
28759.980298,2306756539,2306757689,16159,1150
28760.004350,2306774893,2306776040,16294,1147
28760.016369,2306784057,2306785204,16277,1147
28760.040418,2306802405,2306803552,16383,1147
28760.052435,2306811576,2306812728,16248,1152
28760.073483,2306827618,2306828762,16318,1144
28760.085504,2306836763,2306837910,16397,1147
28760.097521,2306845915,2306847061,16254,1146
28760.109551,2306855070,2306856221,16312,1151
28760.121573,2306864234,2306865381,16385,1147
28760.133588,2306873388,2306874535,16238,1147
28760.148624,2306884857,2306886000,16386,1143
28760.160641,2306894259,2306895401,16157,1142
28760.193710,2306919417,2306920563,16382,1146
28760.205727,2306928580,2306929727,16161,1147
28760.217757,2306937760,2306938902,16315,1142
28760.235791,2306951500,2306952637,16317,1137
28760.247813,2306960659,2306961808,16386,1149
28760.259830,2306969843,2306970989,16250,1146
28760.271860,2306979015,2306980162,16316,1147
28760.289895,2306992743,2306993895,16317,1152
28760.301916,2307001917,2307003069,16265,1152
28760.350001,2307038592,2307039730,16246,1138
28760.362032,2307048099,2307049246,16312,1147
28760.392087,2307070995,2307072147,16295,1152
28760.404104,2307080145,2307081292,16249,1147
28760.416134,2307089310,2307090462,16315,1152
28760.428156,2307098497,2307099639,16390,1142
28760.446190,2307112212,2307113355,16386,1143
28760.458207,2307121387,2307122530,16245,1143
28760.560409,2307199361,2307200508,16315,1147
28760.572430,2307208849,2307209995,16381,1146
28760.584447,2307218008,2307219151,16249,1143
28760.596477,2307227192,2307228347,16317,1155
28760.608499,2307236371,2307237517,16381,1146
28760.635550,2307256963,2307258101,16292,1138
28760.665601,2307279888,2307281026,16157,1138
28760.677631,2307289040,2307290187,16316,1147
28760.689653,2307298220,2307299377,16383,1157
28760.767803,2307357741,2307358888,16317,1147
28760.779825,2307367236,2307368378,16402,1142
28760.791841,2307376417,2307377569,16251,1152
28760.803872,2307385586,2307386733,16316,1147
28760.815893,2307394754,2307395900,16385,1146
28760.827908,2307403913,2307405060,16237,1147
28760.845944,2307417681,2307418821,16247,1140
28760.857975,2307426839,2307427982,16313,1143
28760.876009,2307440573,2307441725,16312,1152
28760.906065,2307463517,2307464665,16340,1148
28760.918082,2307472680,2307473827,16204,1147
28760.930112,2307481835,2307482977,16318,1142
28760.972184,2307513926,2307515078,16160,1152
28760.990219,2307527675,2307528818,16247,1143
28761.032304,2307559772,2307560919,16370,1147
28761.044321,2307568927,2307570074,16175,1147
28761.084402,2307601007,2307602150,16369,1143
28761.128488,2307633092,2307634227,16315,1135
28761.140511,2307642314,2307643466,16315,1152
28761.155538,2307653834,2307654991,16309,1157
28761.167560,2307663049,2307664200,16318,1151
28761.179584,2307672245,2307673402,16318,1157
28761.191609,2307681525,2307682687,16318,1162
28761.203631,2307690759,2307691907,16319,1148
28761.215653,2307699977,2307701134,16301,1157
28761.227678,2307709221,2307710378,16318,1157
28761.245711,2307723037,2307724189,16310,1152
28761.257733,2307732269,2307733417,16314,1148
28761.269756,2307741499,2307742642,16314,1143
28761.281779,2307750721,2307751868,16312,1147
28761.301317,2307766145,2307767302,16314,1157
28761.313341,2307775400,2307776557,16314,1157
28761.385478,2307830586,2307831729,16295,1143
28761.397500,2307839797,2307840944,16385,1147
28761.412529,2307851245,2307852395,16316,1150
28761.424551,2307860438,2307861586,16397,1148
28761.439581,2307871889,2307873036,16314,1147
28761.499688,2307917744,2307918896,16251,1152
28761.511718,2307926930,2307928084,16319,1154
28761.523740,2307936105,2307937247,16400,1142
28761.595876,2307991087,2307992228,16382,1141
28761.607893,2308000313,2308001460,16250,1147
28761.619926,2308009499,2308010646,16319,1147
28761.631945,2308018668,2308019806,16387,1138
28761.693063,2308066807,2308067951,16378,1144
28761.717112,2308085136,2308086282,16309,1146
28761.729129,2308094302,2308095448,16375,1146
28761.758185,2308114923,2308116070,16384,1147
28761.770201,2308124071,2308125223,16239,1152
28761.782232,2308133225,2308134377,16315,1152
28761.794254,2308142399,2308143545,16390,1146
28761.806272,2308151574,2308152721,16264,1147
28761.828327,2308169909,2308171052,16373,1143
28761.845351,2308181359,2308182509,16317,1150
28761.875407,2308204278,2308205425,16367,1147
28761.896442,2308220329,2308221477,16264,1148
28761.908471,2308229530,2308230682,16314,1152
28761.929510,2308245576,2308246728,16368,1152
28761.941530,2308254755,2308255907,16263,1152
28761.959562,2308268511,2308269652,16267,1141
28761.971591,2308277663,2308278810,16314,1147
28761.983613,2308286838,2308287990,16282,1152
28762.004648,2308302858,2308304005,16262,1147
28762.016678,2308312037,2308313178,16313,1141
28762.040717,2308330396,2308331543,16252,1147
28762.052747,2308339547,2308340699,16318,1152
28762.085802,2308364718,2308365856,16249,1138
28762.097833,2308373883,2308375025,16318,1142
28762.140917,2308408274,2308409421,16336,1147
28762.200025,2308451787,2308452933,16383,1146
28762.212043,2308460962,2308462109,16251,1147
28762.225571,2308471640,2308472786,16342,1146
28762.237588,2308480765,2308481909,16020,1144
28762.312737,2308537713,2308538861,16365,1148
28762.324759,2308546887,2308548039,16348,1152
28762.348806,2308565136,2308566287,16358,1151
28762.360826,2308574280,2308575425,16371,1145
28762.420948,2308619924,2308621076,16455,1152
28762.432965,2308629102,2308630240,16426,1138
28762.448995,2308642773,2308643914,16383,1141
28762.472034,2308658735,2308659870,16027,1135
28762.484063,2308667837,2308668983,16367,1146
28762.496083,2308676974,2308678122,16459,1148
28762.514118,2308690680,2308691818,16346,1138
28762.526137,2308699795,2308700925,15997,1130
28762.559204,2308724902,2308726043,16458,1141
28762.574235,2308736315,2308737458,16363,1143
28762.613307,2308765986,2308767138,16264,1152
28762.625325,2308775136,2308776280,15991,1144
28762.640357,2308786580,2308787718,16450,1138
28762.661402,2308802557,2308803696,16196,1139
28762.673423,2308811693,2308812836,16358,1143
28762.763598,2308880057,2308881204,16493,1147
28762.775615,2308889181,2308890328,16460,1147
28762.787634,2308898296,2308899440,16070,1144
28762.805668,2308911975,2308913114,16023,1139
28762.817703,2308921115,2308922232,16223,1117
28762.832720,2308932486,2308933630,16109,1144
28762.844749,2308941636,2308942782,16370,1146
28762.872801,2308964456,2308965602,16452,1146
28762.919891,2308998668,2308999806,16428,1138
28762.931909,2309007788,2309008928,16107,1140
28762.943938,2309016917,2309018061,16370,1144
28762.955958,2309026042,2309027188,16382,1146
28762.967977,2309035156,2309036305,16029,1149
28762.980007,2309044267,2309045405,16363,1138
28763.040114,2309089865,2309091009,16109,1144
28763.052143,2309099022,2309100164,16361,1142
28763.064167,2309108144,2309109285,16442,1141
28763.076183,2309117242,2309118376,16031,1134
28763.088212,2309126357,2309127499,16362,1142
28763.100232,2309135487,2309136635,16452,1148
28763.112254,2309144624,2309145801,16238,1177
28763.124281,2309153781,2309154928,16359,1147
28763.136301,2309162903,2309164050,16383,1147
28763.148320,2309172013,2309173159,16028,1146
28763.160352,2309181151,2309182295,16488,1144
28763.175372,2309192554,2309193692,16024,1138
28763.187400,2309201671,2309202814,16360,1143
28763.199421,2309210790,2309211931,16375,1141
28763.211443,2309219903,2309221049,16239,1146
28763.223469,2309229035,2309230181,16367,1146
28763.235490,2309238144,2309239286,16371,1142
28763.247513,2309247295,2309248442,16231,1147
28763.259542,2309256428,2309257569,16496,1141
28763.271558,2309265525,2309266672,16460,1147
28763.283577,2309274617,2309275761,16021,1144
28763.295608,2309283722,2309284842,16209,1120
28763.307627,2309292843,2309293990,16273,1147
28763.319646,2309301981,2309303120,15986,1139
28763.331675,2309311109,2309312252,16357,1143
28763.349711,2309324759,2309325880,16212,1121
28763.361733,2309333873,2309335015,16449,1142
28763.415834,2309374960,2309376107,16430,1147
28763.427852,2309384100,2309385240,15996,1140
28763.439883,2309393236,2309394357,16213,1121
28763.451903,2309402346,2309403484,16372,1138
28763.463920,2309411455,2309412594,15980,1139
28763.475949,2309420580,2309421721,16316,1141
28763.487970,2309429710,2309430847,16373,1137
28763.499989,2309438795,2309439939,15948,1144
28763.512022,2309447928,2309449076,16375,1148
28763.524038,2309457049,2309458196,16377,1147
28763.536057,2309466172,2309467307,16027,1135
28763.548087,2309475288,2309476426,16359,1138
28763.569124,2309491283,2309492426,16368,1143
28763.581143,2309500448,2309501583,16024,1135
28763.626229,2309534648,2309535786,16024,1138
28763.638258,2309543763,2309544906,16360,1143
28763.653288,2309555132,2309556278,16117,1146
28763.665309,2309564275,2309565417,16352,1142
28763.719412,2309605398,2309606536,16358,1138
28763.731432,2309614518,2309615665,16281,1147
28763.743452,2309623646,2309624787,16027,1141
28763.755484,2309632769,2309633916,16403,1147
28763.767501,2309641877,2309643020,16370,1143
28763.836635,2309694329,2309695476,16360,1147
28763.848655,2309703504,2309704656,16244,1152
28763.860685,2309712721,2309713872,16334,1151
28763.872707,2309721946,2309723098,16372,1152
28763.911777,2309751863,2309753014,16293,1151
28763.923795,2309761024,2309762168,16006,1144
28763.935822,2309770161,2309771303,16344,1142
28763.947844,2309779277,2309780420,16369,1143
28763.959863,2309788389,2309789536,15959,1147
28763.971891,2309797532,2309798684,16345,1152
28763.983913,2309806664,2309807802,16375,1138
28763.995932,2309815768,2309816912,16039,1144
28764.013966,2309829486,2309830635,16003,1149
28764.025994,2309838624,2309839760,16343,1136
28764.050041,2309856855,2309857999,16110,1144
28764.062063,2309865965,2309867117,16344,1152
28764.074084,2309875086,2309876233,16328,1147
28764.089114,2309886503,2309887651,16338,1148
28764.101136,2309895688,2309896831,16266,1143
28764.152237,2309934434,2309935577,16394,1143
28764.164256,2309943576,2309944723,16373,1147
28764.176275,2309952681,2309953822,16045,1141
28764.188303,2309961832,2309962979,16347,1147
28764.209343,2309977826,2309978977,16335,1151
28764.221360,2309986939,2309988078,16041,1139
28764.233393,2309996077,2309997223,16366,1146
28764.245410,2310005207,2310006350,16373,1143
28764.260440,2310016600,2310017741,16347,1141
28764.272462,2310025727,2310026879,16281,1152
28764.287493,2310037120,2310038245,16194,1125
28764.312543,2310057676,2310058823,16345,1147
28764.359628,2310091923,2310093058,16345,1135
28764.371650,2310101052,2310102204,16456,1152
28764.383669,2310110162,2310111306,16122,1144
28764.395697,2310119294,2310120441,16425,1147
28764.407720,2310128441,2310129583,16348,1142
28764.419738,2310137546,2310138685,16032,1139
28764.431770,2310146655,2310147776,16214,1121
28764.443787,2310155750,2310156907,16460,1157
28764.455806,2310164885,2310166035,16105,1150
28764.467838,2310174033,2310175150,16296,1117
28764.485870,2310187701,2310188839,16438,1138
28764.497891,2310196821,2310197968,16346,1147
28764.512921,2310208263,2310209406,16362,1143
28764.524942,2310217400,2310218547,16456,1147
28764.576042,2310256156,2310257300,16441,1144
28764.588062,2310265295,2310266441,16379,1146
28764.600083,2310274424,2310275571,16234,1147
28764.612110,2310283563,2310284709,16358,1146
28764.624131,2310292693,2310293831,16463,1138
28764.636150,2310301803,2310302938,16110,1135
28764.648181,2310310918,2310312070,16493,1152
28764.660199,2310320062,2310321205,16381,1143
28764.672218,2310329167,2310330316,16035,1149
28764.684249,2310338288,2310339413,16215,1125
28764.696268,2310347400,2310348543,16257,1143
28764.708291,2310356557,2310357693,16229,1136
28764.720316,2310365690,2310366832,16362,1142
28764.792453,2310420426,2310421570,16351,1144
28764.804475,2310429589,2310430736,16340,1147
28764.819504,2310440981,2310442123,16355,1142
28764.873607,2310482026,2310483169,16358,1143
28764.885628,2310491157,2310492304,16372,1147
28764.903663,2310504843,2310505990,16342,1147
28764.915681,2310513947,2310515086,16029,1139
28764.927710,2310523090,2310524237,16360,1147
28764.939730,2310532237,2310533389,16371,1152
28764.951750,2310541345,2310542489,16029,1144
28764.963778,2310550463,2310551609,16354,1146
28764.975799,2310559584,2310560728,16377,1144
28764.993833,2310573252,2310574400,16256,1148
28765.005854,2310582372,2310583512,15990,1140
28765.041929,2310609753,2310610900,16113,1147
28765.053952,2310618878,2310619999,16211,1121
28765.065970,2310627974,2310629117,16369,1143
28765.081002,2310639374,2310640515,16351,1141
28765.105041,2310657652,2310658787,15990,1135
28765.117070,2310666819,2310667966,16380,1147
28765.129091,2310675933,2310677079,16328,1146
28765.141117,2310685030,2310686169,16108,1139
28765.153139,2310694154,2310695306,16358,1152
28765.207242,2310735194,2310736341,16357,1147
28765.222264,2310746585,2310747729,16026,1144
28765.309434,2310812759,2310813901,16371,1142
28765.321455,2310821903,2310823047,16033,1144
28765.384569,2310869740,2310870879,15983,1139
28765.396606,2310878895,2310880041,16375,1146
28765.411625,2310890286,2310891425,16106,1139
28765.423654,2310899409,2310900561,16445,1152
28765.441690,2310913098,2310914249,16400,1151
28765.453708,2310922246,2310923393,16379,1147
28765.513825,2310967861,2310969004,16443,1143
28765.525847,2310977024,2310978169,16376,1145
28765.576945,2311015806,2311016957,16354,1151
28765.588965,2311024959,2311026105,16214,1146
28765.603996,2311036379,2311037521,16357,1142
28765.617026,2311047782,2311048921,16029,1139
28765.640068,2311063765,2311064908,16402,1143
28765.652086,2311072899,2311074037,16378,1138
28765.664104,2311082002,2311083136,16029,1134
28765.676133,2311091087,2311092232,16269,1145
28765.688154,2311100218,2311101361,16177,1143
28765.700173,2311109347,2311110485,15996,1138
28765.712202,2311118457,2311119599,16359,1142
28765.724223,2311127585,2311128722,16283,1137
28765.736249,2311136699,2311137844,16110,1145
28765.748271,2311145836,2311146988,16352,1152
28765.760291,2311154977,2311156129,16373,1152
28765.841449,2311216592,2311217747,16362,1155
28765.853464,2311225710,2311226864,15992,1154
28765.865493,2311234855,2311235997,16355,1142
28765.877514,2311243978,2311245125,16372,1147
28765.895550,2311257685,2311258823,16343,1138
28765.907568,2311266791,2311267929,16036,1138
28765.919596,2311275911,2311277058,16356,1147
28765.931619,2311285060,2311286198,16376,1138
28765.943636,2311294175,2311295319,15994,1144
28765.955665,2311303295,2311304433,16359,1138
28765.967687,2311312463,2311313605,16343,1142
28765.979704,2311321563,2311322704,16027,1141
28766.024790,2311355844,2311356982,16026,1138
28766.036822,2311364967,2311366113,16405,1146
28766.057857,2311380930,2311382074,16372,1144
28766.069876,2311390039,2311391183,16027,1144
28766.133004,2311437913,2311439052,16114,1139
28766.145027,2311447076,2311448216,16377,1140
28766.160048,2311458452,2311459602,16029,1150
28766.172077,2311467599,2311468737,16442,1138
28766.184097,2311476758,2311477905,16338,1147
28766.196116,2311485909,2311487053,16068,1144
28766.208146,2311495034,2311496179,16369,1145
28766.229183,2311510993,2311512135,16450,1142
28766.241202,2311520093,2311521231,16029,1138
28766.268254,2311540592,2311541736,16104,1144
28766.280285,2311549748,2311550870,16215,1122
28766.292305,2311558866,2311560014,16436,1148
28766.304322,2311568001,2311569145,16067,1144
28766.343402,2311597624,2311598770,16442,1146
28766.355424,2311606828,2311607966,16426,1138
28766.367442,2311615908,2311617052,16107,1144
28766.379471,2311625049,2311626181,16366,1132
28766.400511,2311641052,2311642199,16358,1147
28766.412528,2311650160,2311651295,16028,1135
28766.475647,2311698098,2311699247,16101,1149
28766.487681,2311707250,2311708397,16377,1147
28766.499697,2311716405,2311717546,16379,1141
28766.511716,2311725480,2311726629,16028,1149
28766.523746,2311734621,2311735752,16446,1131
28766.535768,2311743743,2311744890,16442,1147
28766.547785,2311752837,2311753976,16104,1139
28766.560815,2311764269,2311765409,16463,1140
28766.584864,2311782592,2311783739,16379,1147
28766.631954,2311816774,2311817921,16489,1147
28766.643971,2311825890,2311827036,16377,1146
28766.655991,2311834995,2311836139,16107,1144
28766.668020,2311844136,2311845282,16446,1146
28766.680041,2311853259,2311854397,16346,1138
28766.692061,2311862373,2311863517,15993,1144
28766.704088,2311871505,2311872650,16437,1145
28766.716109,2311880633,2311881776,16463,1143
28766.728135,2311889734,2311890869,16190,1135
28766.740157,2311898837,2311899982,16364,1145
28766.752177,2311907962,2311909114,16376,1152
28766.764197,2311917112,2311918261,16029,1149
28766.776228,2311926240,2311927366,16291,1126
28766.797263,2311942202,2311943340,16370,1138
28766.809282,2311951301,2311952440,16027,1139
28766.857380,2311987778,2311988927,16357,1149
28766.869400,2311996922,2311998070,16372,1148
28766.900464,2312022040,2312023186,16355,1146
28766.920500,2312035746,2312036893,16357,1147
28766.932523,2312044862,2312046009,16360,1147
28766.956569,2312063118,2312064259,16359,1141
28766.968589,2312072248,2312073391,16369,1143
28766.980611,2312081421,2312082559,16313,1138
28767.004658,2312099690,2312100838,16382,1148
28767.016677,2312108831,2312109970,15990,1139
28767.028709,2312117956,2312119099,16487,1143
28767.049744,2312133885,2312135042,16375,1157
28767.061762,2312143010,2312144145,15990,1135
28767.104855,2312177233,2312178386,16026,1153
28767.175983,2312229655,2312230807,16259,1152
28767.188002,2312238814,2312239958,16009,1144
28767.200030,2312247917,2312249055,16346,1138
28767.221070,2312263886,2312265034,16417,1148
28767.240327,2312273395,2312274005,11965,610
28767.273672,2312291733,2312292867,16117,1134
28767.285693,2312300837,2312301988,16344,1151
28767.309734,2312319101,2312320235,16046,1134
28767.321763,2312328228,2312329354,16198,1126
28767.336785,2312339619,2312340758,16013,1139
28767.348813,2312348733,2312349879,16344,1146
28767.360835,2312357849,2312358989,16377,1140
28767.372860,2312366950,2312368083,16116,1133
28767.384884,2312376105,2312377246,16363,1141
28767.396903,2312385234,2312386386,16375,1152
28767.408923,2312394346,2312395490,16052,1144
28767.432973,2312412640,2312413777,16341,1137
28767.444994,2312421751,2312422895,15952,1144
28767.496092,2312460536,2312461677,16370,1141
28767.508111,2312469644,2312470784,16039,1140
28767.526149,2312483363,2312484506,16233,1143
28767.538177,2312492479,2312493596,16212,1117
28767.556209,2312506098,2312507234,16355,1136
28767.568230,2312515241,2312516382,16381,1141
28767.580248,2312524363,2312525507,15997,1144
28767.595282,2312535792,2312536933,16340,1141
28767.616317,2312551746,2312552890,16034,1144
28767.628350,2312560902,2312562048,16367,1146
28767.640366,2312570035,2312571180,16377,1145
28767.655397,2312581426,2312582573,16361,1147
28767.667418,2312590583,2312591730,16334,1147
28767.679437,2312599693,2312600832,16029,1139
28767.739555,2312645330,2312646466,16374,1136
28767.751580,2312652729,2312653860,16052,1131
28767.763603,2312661818,2312662961,16359,1143
28767.775626,2312670955,2312672103,16365,1148
28767.787643,2312680093,2312681228,16030,1135
28767.799671,2312689241,2312690383,16359,1142
28767.811692,2312698367,2312699514,16377,1147
28767.823714,2312707480,2312708622,16237,1142
28767.835744,2312716629,2312717776,16370,1147
28767.847761,2312725747,2312726893,16377,1146
28767.859782,2312734852,2312735990,16112,1138
28767.871812,2312743952,2312745090,16490,1138
28767.883831,2312753107,2312754248,16349,1141
28767.904866,2312769069,2312770213,16113,1144
28767.916895,2312778192,2312779328,16381,1136
28767.940934,2312796431,2312797581,16037,1150
28767.952963,2312805561,2312806707,16383,1146
28767.964984,2312814674,2312815811,16460,1137
28767.977006,2312823809,2312824952,16322,1143
28767.989032,2312832940,2312834075,16439,1135
28768.001052,2312842100,2312843246,16379,1146
28768.013071,2312851216,2312852365,16033,1149
28768.025105,2312860361,2312861513,16460,1152
28768.049140,2312878592,2312879741,16110,1149
28768.061169,2312887737,2312888880,16361,1143
28768.073193,2312896894,2312898046,16367,1152
28768.085208,2312906008,2312907151,16037,1143
28768.097238,2312915145,2312916287,16440,1142
28768.109258,2312924271,2312925418,16379,1147
28768.121280,2312933402,2312934544,16246,1142
28768.133306,2312942542,2312943687,16443,1145
28768.145327,2312951690,2312952836,16454,1146
28768.157349,2312960823,2312961975,16313,1152
28768.169378,2312969973,2312971120,16479,1147
28768.181395,2312979110,2312980256,16380,1146
28768.193415,2312988223,2312989363,16035,1140
28768.208448,2312999640,2313000786,16384,1146
28768.220469,2313008783,2313009929,16257,1146
28768.232495,2313017904,2313019056,16366,1152
28768.244515,2313027054,2313028200,16459,1146
28768.256535,2313036162,2313037304,16041,1142
28768.268566,2313045294,2313046440,16398,1146
28768.280586,2313054436,2313055579,16380,1143
28768.292603,2313063545,2313064675,16035,1130
28768.316653,2313081822,2313082968,16268,1146
28768.328672,2313090957,2313092101,16002,1144
28768.352721,2313109221,2313110358,16460,1137
28768.364748,2313118350,2313119494,16120,1144
28768.376770,2313127478,2313128625,16442,1147
28768.388790,2313136619,2313137753,16458,1134
28768.400809,2313145726,2313146864,16111,1138
28768.421859,2313161744,2313162885,16372,1141
28768.433876,2313170886,2313172032,16375,1146
28768.457924,2313189154,2313190296,16355,1142
28768.469947,2313198288,2313199428,16361,1140
28768.481963,2313207386,2313208526,16030,1140
28768.493992,2313216486,2313217632,16350,1146
28768.509015,2313227905,2313229040,16035,1135
28768.521048,2313237057,2313238200,16369,1143
28768.584164,2313284991,2313286129,16358,1138
28768.596184,2313294118,2313295264,16374,1146
28768.608203,2313303226,2313304370,16031,1144
28768.626238,2313316962,2313318097,15994,1135
28768.638266,2313326091,2313327228,16360,1137
28768.680341,2313357992,2313359137,16032,1145
28768.692369,2313367127,2313368274,16352,1147
28768.728438,2313394502,2313395645,16359,1143
28768.740459,2313403644,2313404800,16380,1156
28768.752478,2313412791,2313413934,16002,1143
28768.764510,2313421921,2313423068,16400,1147
28768.776527,2313431071,2313432213,16372,1142
28768.791558,2313442456,2313443594,16353,1138
28768.803579,2313451581,2313452727,16377,1146
28768.815603,2313460758,2313461905,16234,1147
28768.827626,2313469893,2313471039,16352,1146
28768.869700,2313501840,2313502975,16033,1135
28768.881733,2313511030,2313512178,16311,1148
28768.893757,2313520253,2313521405,16405,1152
28768.905772,2313529487,2313530638,16255,1151
28768.935837,2313552514,2313553671,16333,1157
28768.947860,2313561724,2313562870,16402,1146
28768.959882,2313570911,2313572054,16318,1143
28768.971903,2313580034,2313581154,16209,1120
28768.983923,2313589175,2313590312,16345,1137
28768.996953,2313600604,2313601746,16351,1142
28769.016991,2313614340,2313615486,16368,1146
28769.029009,2313623500,2313624641,16372,1141
28769.041026,2313632597,2313633741,16033,1144
28769.062075,2313648590,2313649736,16367,1146
28769.074093,2313657704,2313658857,16376,1153
28769.098141,2313675931,2313677071,16357,1140
28769.110164,2313685077,2313686220,16260,1143
28769.134209,2313703349,2313704491,16357,1142
28769.146230,2313712477,2313713628,16333,1151
28769.180328,2313739854,2313741006,16369,1152
28769.200333,2313753564,2313754707,16372,1143
28769.212355,2313762696,2313763834,16235,1138
28769.224381,2313771817,2313772974,16354,1157
28769.240415,2313785618,2313786756,16359,1138
28769.257446,2313797013,2313798157,16086,1144
28769.269467,2313806148,2313807294,16358,1146
28769.284489,2313817558,2313818696,16109,1138
28769.296518,2313826682,2313827828,16443,1146
28769.311544,2313838092,2313839233,16242,1141
28769.329575,2313851825,2313852979,16112,1154
28769.341604,2313860997,2313862149,16440,1152
28769.353625,2313870166,2313871323,16382,1157
28769.416746,2313918198,2313919344,16345,1146
28769.428764,2313927303,2313928447,16037,1144
28769.443796,2313938733,2313939879,16379,1146
28769.455823,2313947842,2313948984,16197,1142
28769.467846,2313956965,2313958086,16294,1121
28769.485878,2313970630,2313971768,16357,1138
28769.497899,2313979744,2313980887,16378,1143
28769.521947,2313998013,2313999158,16441,1145
28769.533968,2314007157,2314008304,16385,1147
28769.545987,2314016299,2314017438,15997,1139
28769.558018,2314025427,2314026573,16401,1146
28769.570036,2314034556,2314035702,16456,1146
28769.588070,2314048247,2314049397,16456,1150
28769.600090,2314057368,2314058503,16113,1135
28769.618124,2314071079,2314072222,15996,1143
28769.630153,2314080233,2314081379,16368,1146
28769.643679,2314090548,2314091686,16362,1138
28769.655699,2314099687,2314100829,16343,1142
28769.667718,2314108814,2314109958,15993,1144
28769.679747,2314117947,2314119093,16440,1146
28769.691767,2314127071,2314128211,16456,1140
28769.703795,2314136165,2314137309,16119,1144
28769.715815,2314145311,2314146458,16358,1147
28769.727837,2314154433,2314155580,16382,1147
28769.739856,2314163551,2314164693,16077,1142
28769.751884,2314172691,2314173833,16363,1142
28769.763906,2314181842,2314182989,16344,1147
28769.775924,2314190944,2314192087,16035,1143
28769.787953,2314200085,2314201229,16440,1144
28769.833038,2314234274,2314235412,16438,1138
28769.845060,2314243499,2314244642,16453,1143
28769.857081,2314252612,2314253758,16316,1146
28769.869107,2314261744,2314262884,16444,1140
28769.896158,2314282260,2314283412,16436,1152
28769.908182,2314291414,2314292550,16364,1136
28769.920198,2314300477,2314301606,16109,1129
28769.944248,2314318727,2314319865,16459,1138
28769.956270,2314327854,2314329002,16319,1148
28769.968296,2314336977,2314338122,16360,1145
28769.980317,2314346122,2314347265,16461,1143
28770.013381,2314371220,2314372366,16445,1146
28770.025402,2314380383,2314381529,16457,1146
28770.043436,2314394063,2314395204,16456,1141
28770.056965,2314404536,2314405682,16361,1146
28770.081010,2314422753,2314423894,16350,1141
28770.093031,2314431875,2314433021,16373,1146
28770.114067,2314447840,2314448979,15995,1139
28770.126096,2314456947,2314458090,16359,1143
28770.150144,2314475194,2314476338,16195,1144
28770.162165,2314484316,2314485468,16356,1152
28770.174185,2314493456,2314494599,16372,1143
28770.186205,2314502579,2314503718,16114,1139
28770.198233,2314511696,2314512839,16440,1143
28770.210255,2314520859,2314522005,16430,1146
28770.225285,2314532278,2314533420,16363,1142
28770.237305,2314541403,2314542543,16459,1140
28770.249333,2314550496,2314551642,16201,1146
28770.261353,2314559662,2314560808,16439,1146
28770.273374,2314568767,2314569919,16462,1152
28770.285393,2314577903,2314579047,16073,1144
28770.351528,2314628081,2314629227,16482,1146
28770.363546,2314637215,2314638356,16459,1141
28770.375564,2314646321,2314647461,16035,1140
28770.387594,2314655442,2314656582,16446,1140
28770.405633,2314669140,2314670260,16214,1120
28770.417648,2314678242,2314679388,16388,1146
28770.456719,2314707857,2314709000,16117,1143
28770.468748,2314717013,2314718159,16365,1146
28770.504821,2314744405,2314745556,16382,1151
28770.516837,2314753556,2314754702,16381,1146
28770.537873,2314769491,2314770633,16038,1142
28770.549905,2314778599,2314779751,16408,1152
28770.561923,2314787741,2314788888,16378,1147
28770.573942,2314796860,2314798004,16035,1144
28770.585970,2314805980,2314807121,16365,1141
28770.625043,2314835691,2314836843,16457,1152
28770.637062,2314844808,2314845955,16033,1147
28770.652097,2314856215,2314857362,16451,1147
28770.664113,2314865343,2314866492,16076,1149
28770.676142,2314874477,2314875618,16445,1141
28770.688162,2314883629,2314884774,16374,1145
28770.700184,2314892809,2314893955,16336,1146
28770.712211,2314901928,2314903071,16446,1143
28770.724231,2314911053,2314912194,16461,1141
28770.736250,2314920137,2314921275,16033,1138
28770.748282,2314929247,2314930390,16402,1143
28770.781336,2314954313,2314955457,16034,1144
28770.793365,2314963440,2314964586,16443,1146
28770.805387,2314972621,2314973770,16348,1149
28770.817404,2314981741,2314982881,16034,1140
28770.856485,2315011385,2315012528,16439,1143
28770.868506,2315020512,2315021655,16380,1143
28770.883537,2315031940,2315033083,16354,1143
28770.895557,2315041081,2315042223,16261,1142
28770.907579,2315050246,2315051389,16236,1143
28770.919605,2315059372,2315060513,16440,1141
28770.944655,2315079896,2315081043,16400,1147
28770.980723,2315107279,2315108422,16442,1143
28771.075900,2315177982,2315179125,16380,1143
28771.087922,2315187116,2315188263,16231,1147
28771.099952,2315196266,2315197412,16358,1146
28771.111965,2315205400,2315206546,16294,1146
28771.123987,2315214494,2315215632,16031,1138
28771.136020,2315223643,2315224779,16371,1136
28771.148040,2315232761,2315233908,16363,1147
28771.160056,2315241857,2315243001,16031,1144
28771.172088,2315250969,2315252092,16215,1123
28771.184106,2315260089,2315261236,16374,1147
28771.196127,2315269210,2315270351,16232,1141
28771.274277,2315328582,2315329728,16376,1146
28771.289308,2315340017,2315341158,16355,1141
28771.301330,2315349187,2315350325,16345,1138
28771.313347,2315358290,2315359430,16033,1140
28771.325377,2315367402,2315368542,16350,1140
28771.388496,2315415294,2315416437,16357,1143
28771.400519,2315424431,2315425577,16350,1146
28771.414046,2315435154,2315436300,16338,1146
28771.444099,2315458003,2315459141,16228,1138
28771.456126,2315467137,2315468284,16356,1147
28771.468146,2315476280,2315477426,16380,1146
28771.486180,2315489967,2315491103,16372,1136
28771.498199,2315499270,2315500414,16107,1144
28771.522249,2315517519,2315518666,16377,1147
28771.534268,2315526677,2315527826,16073,1149
28771.616432,2315590500,2315591641,16447,1141
28771.657506,2315620166,2315621307,16455,1141
28771.669525,2315629282,2315630424,16034,1142
28771.687567,2315642965,2315644107,16115,1142
28771.699593,2315652168,2315653311,16385,1143
28771.711609,2315661294,2315662440,16381,1146
28771.724638,2315672672,2315673819,16366,1147
28771.753691,2315693235,2315694376,16442,1141
28771.765712,2315702341,2315703482,16455,1141
28771.828832,2315750142,2315751289,16454,1147
28771.840853,2315759280,2315760422,16233,1142
28771.852882,2315768396,2315769512,16290,1116
28771.873917,2315784326,2315785473,16375,1147
28771.885944,2315793429,2315794578,16193,1149
28771.897966,2315802570,2315803712,16446,1142
28771.909988,2315811743,2315812890,16424,1147
28771.922005,2315820867,2315822012,16028,1145
28771.934035,2315830001,2315831147,16365,1146
28771.946056,2315839163,2315840309,16350,1146
28771.958074,2315848300,2315849444,16067,1144
28771.994142,2315875638,2315876778,16104,1140
28772.006172,2315884729,2315885870,16363,1141
28772.042244,2315912057,2315913198,16458,1141
28772.054263,2315921198,2315922341,16457,1143
28772.066279,2315930300,2315931449,15974,1149
28772.093331,2315950812,2315951951,16026,1139
28772.105360,2315959930,2315961082,16359,1152
28772.123395,2315973663,2315974801,16361,1138
28772.135415,2315982782,2315983912,16345,1130
28772.153450,2315996472,2315997617,16378,1145
28772.165468,2316005622,2316006766,16071,1144
28772.177497,2316014740,2316015883,16444,1143
28772.201537,2316032937,2316034076,16026,1139
28772.213566,2316042079,2316043217,16384,1138
28772.225586,2316051200,2316052347,16376,1147
28772.237608,2316060336,2316061484,16316,1148
28772.252641,2316071742,2316072885,16359,1143
28772.264657,2316080851,2316081986,15990,1135
28772.276690,2316090005,2316091151,16373,1146
28772.312754,2316117400,2316118533,16364,1133
28772.324776,2316126530,2316127668,16347,1138
28772.364856,2316158454,2316159606,16441,1152
28772.472052,2316238257,2316239391,16024,1134
28772.484084,2316247387,2316248534,16410,1147
28772.496101,2316256531,2316257678,16376,1147
28772.514135,2316270235,2316271382,16452,1147
28772.526156,2316279356,2316280505,16110,1149
28772.553205,2316299911,2316301054,16105,1143
28772.565235,2316309021,2316310167,16448,1146
28772.583272,2316322691,2316323843,16405,1152
28772.595289,2316331838,2316332990,16374,1152
28772.607309,2316340977,2316342116,16025,1139
28772.685464,2316400262,2316401407,16445,1145
28772.697480,2316409405,2316410549,15994,1144
28772.712512,2316420828,2316421975,16453,1147
28772.724532,2316429909,2316431053,16112,1144
28772.736565,2316439073,2316440219,16379,1146
28772.748578,2316448207,2316449348,16295,1141
28772.793667,2316482393,2316483540,16382,1147
28772.805686,2316491508,2316492657,16070,1149
28772.877831,2316546261,2316547405,16190,1144
28772.889852,2316555410,2316556562,16440,1152
28772.901874,2316564555,2316565705,16456,1150
28772.913892,2316573658,2316574793,16102,1135
28772.931928,2316587374,2316588511,16310,1137
28772.943955,2316596522,2316597663,16445,1141
28772.955975,2316605644,2316606791,16458,1147
28772.967994,2316614752,2316615886,16028,1134
28772.986029,2316628426,2316629570,16105,1144
28772.998058,2316637561,2316638713,16448,1152
28773.109267,2316721864,2316723011,16457,1147
28773.124298,2316733285,2316734423,16362,1138
28773.136320,2316742443,2316743589,16350,1146
28773.148337,2316751586,2316752730,16031,1144
28773.160367,2316760709,2316761855,16365,1146
28773.212468,2316801748,2316802894,16351,1146
28773.241525,2316822296,2316823434,16376,1138
28773.253541,2316831402,2316832550,16373,1148
28773.316661,2316879198,2316880335,16365,1137
28773.328683,2316888329,2316889467,16228,1138
28773.340709,2316897465,2316898611,16355,1146
28773.355734,2316908899,2316910045,16224,1146
28773.367761,2316918034,2316919175,16363,1141
28773.379784,2316927148,2316928289,16365,1141
28773.400818,2316943066,2316944205,16025,1139
28773.412847,2316952203,2316953351,16360,1148
28773.428880,2316965903,2316967050,16372,1147
28773.533074,2317043360,2317044503,16341,1143
28773.545092,2317052484,2317053613,16032,1129
28773.578162,2317077565,2317078696,16356,1131
28773.590178,2317086643,2317087792,16029,1149
28773.635264,2317120882,2317122026,15994,1144
28773.650296,2317132309,2317133445,16369,1136
28773.695381,2317166515,2317167662,16371,1147
28773.707403,2317175621,2317176736,16258,1115
28773.719431,2317184721,2317185844,16209,1123
28773.731452,2317193823,2317194969,16348,1146
28773.743469,2317202955,2317204101,16001,1146
28773.755500,2317212192,2317213334,16375,1142
28773.767518,2317221318,2317222450,16371,1132
28773.779538,2317230414,2317231553,16031,1139
28773.791571,2317239552,2317240690,16370,1138
28773.803587,2317248694,2317249841,16371,1147
28773.821622,2317262351,2317263492,16254,1141
28773.833641,2317271486,2317272621,15995,1135
28773.852686,2317287434,2317288571,16355,1137
28773.896761,2317319310,2317320454,16034,1144
28773.908792,2317328442,2317329563,16211,1121
28773.929829,2317344361,2317345504,16338,1143
28773.941846,2317353498,2317354647,16035,1149
28773.953879,2317362711,2317363868,16408,1157
28773.965899,2317371943,2317373096,16350,1153
28773.977916,2317381127,2317382278,16007,1151
28773.989944,2317390271,2317391423,16360,1152
28774.001965,2317399441,2317400597,16450,1156
28774.062082,2317445078,2317446215,16366,1137
28774.074105,2317454213,2317455359,16446,1146
28774.122192,2317490704,2317491845,16230,1141
28774.134219,2317499832,2317500976,16365,1144
28774.149241,2317511251,2317512395,16031,1144
28774.161270,2317520388,2317521526,16365,1138
28774.173296,2317529564,2317530702,16364,1138
28774.248429,2317586596,2317587740,16032,1144
28774.260459,2317595737,2317596884,16365,1147
28774.368666,2317677883,2317679027,16350,1144
28774.380687,2317687390,2317688533,16344,1143
28774.473859,2317758099,2317759238,16029,1139
28774.485888,2317767231,2317768376,16363,1145
28774.576059,2317835571,2317836718,16356,1147
28774.589585,2317846268,2317847420,16363,1152
28774.601605,2317855385,2317856527,16373,1142
28774.613632,2317864488,2317865632,16096,1144
28774.628657,2317875874,2317877020,16373,1146
28774.685762,2317919219,2317920358,16028,1139
28774.697790,2317928342,2317929488,16358,1146
28774.760911,2317976208,2317977355,16360,1147
28774.772932,2317985371,2317986519,16257,1148
28774.788965,2317999111,2318000256,16344,1145
28774.893156,2318076685,2318077829,16024,1144
28774.905185,2318085822,2318086965,16346,1143
28774.917208,2318094953,2318096112,16272,1159
28774.953272,2318122280,2318123419,16117,1139
28774.965295,2318131404,2318132550,16142,1146
28774.983327,2318145110,2318146251,16027,1141
28774.995357,2318154266,2318155404,16273,1138
28775.007377,2318163372,2318164512,16374,1140
28775.019396,2318172487,2318173626,16032,1139
28775.031425,2318181594,2318182744,16378,1150
28775.043445,2318190727,2318191874,16375,1147
28775.055461,2318199840,2318200975,15986,1135
28775.067498,2318208982,2318210128,16286,1146
28775.085528,2318222680,2318223817,16357,1137
28775.097548,2318231783,2318232915,16374,1132
28775.121596,2318250007,2318251149,16352,1142
28775.133617,2318259124,2318260269,16372,1145
28775.187719,2318300194,2318301337,16372,1143
28775.199739,2318309360,2318310502,16022,1142
28775.223788,2318327604,2318328742,16457,1138
28775.235807,2318336724,2318337867,15992,1143
28775.253844,2318350431,2318351574,16306,1143
28775.265875,2318359573,2318360714,16365,1141
28775.289909,2318377818,2318378953,16027,1135
28775.301939,2318386943,2318388095,16353,1152
28775.313962,2318396084,2318397230,16443,1146
28775.331994,2318409760,2318410898,16457,1138
28775.344013,2318418872,2318420016,16028,1144
28775.356042,2318427995,2318429133,16368,1138
28775.368064,2318437137,2318438279,16430,1142
28775.386097,2318450796,2318451941,16455,1145
28775.398118,2318459955,2318461099,15995,1144
28775.437197,2318489583,2318490724,16354,1141
28775.449217,2318498721,2318499856,16373,1135
28775.539389,2318567133,2318568280,16374,1147
28775.551407,2318576289,2318577439,15991,1150
28775.563441,2318585462,2318586608,16381,1146
28775.575457,2318594597,2318595743,16375,1146
28775.587477,2318603722,2318604857,15949,1135
28775.599507,2318612900,2318614046,16377,1146
28775.611529,2318622017,2318623158,16275,1141
28775.623545,2318631124,2318632268,15986,1144
28775.635574,2318640248,2318641419,16263,1171
28775.653608,2318653939,2318655086,16263,1147
28775.665631,2318663104,2318664246,16253,1142
28775.719732,2318704153,2318705294,16375,1141
28775.731750,2318713294,2318714429,15991,1135
28775.743779,2318722409,2318723551,16356,1142
28775.755800,2318731533,2318732679,16263,1146
28775.767818,2318740670,2318741820,15986,1150
28775.779848,2318749816,2318750963,16353,1147
28775.791868,2318758929,2318760071,16373,1142
28775.803900,2318768082,2318769225,16304,1143
28775.815917,2318777202,2318778347,16360,1145
28775.827937,2318786321,2318787461,16378,1140
28775.839956,2318795428,2318796577,16028,1149
28775.857993,2318809097,2318810244,16226,1147
28775.870020,2318818234,2318819376,16267,1142
28775.885042,2318829651,2318830790,15992,1139
28775.897071,2318838775,2318839918,16356,1143
28775.909094,2318847930,2318849078,16272,1148
28775.945160,2318875278,2318876416,16374,1138
28775.960196,2318886685,2318887811,16214,1126
28775.975213,2318898032,2318899171,16022,1139
28775.990246,2318909475,2318910627,16373,1152
28776.002273,2318918620,2318919764,16082,1144
28776.020299,2318932340,2318933484,16026,1144
28776.032328,2318941463,2318942618,16443,1155
28776.077414,2318975730,2318976877,16445,1147
28776.089434,2318984862,2318986004,16377,1142
28776.101461,2318993955,2318995095,16188,1140
28776.113483,2319003072,2319004218,16437,1146
28776.179606,2319053244,2319054382,16379,1138
28776.191628,2319062332,2319063455,16259,1123
28776.203657,2319071425,2319072567,16397,1142
28776.215675,2319080648,2319081793,16372,1145
28776.239723,2319098881,2319100029,16359,1148
28776.251743,2319108025,2319109168,16264,1143
28776.263768,2319117169,2319118292,16258,1123
28776.287812,2319135395,2319136541,16374,1146
28776.299838,2319144535,2319145677,16076,1142
28776.311860,2319153638,2319154784,16359,1146
28776.390002,2319212863,2319213993,16028,1130
28776.402035,2319221984,2319223136,16399,1152
28776.414052,2319231096,2319232243,16374,1147
28776.426077,2319237539,2319238178,13740,639
28776.436332,2319241586,2319242194,12054,608
28776.450121,2319246889,2319248021,15356,1132
28776.462139,2319255944,2319257074,16032,1130
28776.504226,2319287799,2319288945,16361,1146
28776.516245,2319296900,2319298021,16349,1121
28776.528273,2319306010,2319307162,16439,1152
28776.540291,2319315146,2319316294,16375,1148
28776.555327,2319326547,2319327692,16374,1145
28776.615431,2319372099,2319373246,16037,1147
28776.627462,2319381226,2319382352,16206,1126
28776.639481,2319390329,2319391467,16376,1138
28776.651502,2319399652,2319400799,16314,1147
28776.663528,2319408741,2319409884,16358,1143
28776.675551,2319417923,2319419069,16350,1146
28776.687568,2319427023,2319428163,16031,1140
28776.699600,2319436143,2319437288,16484,1145
28776.711618,2319445283,2319446430,16458,1147
28776.729652,2319458960,2319460098,16383,1138
28776.741673,2319468069,2319469213,16034,1144
28776.804790,2319515976,2319517120,16029,1144
28776.816820,2319525088,2319526240,16351,1152
28776.828841,2319534211,2319535357,16380,1146
28776.840862,2319543326,2319544449,16260,1123
28776.852893,2319552689,2319553835,16455,1146
28776.867911,2319564105,2319565249,16027,1144
28776.879940,2319573258,2319574404,16263,1146
28776.891961,2319582388,2319583534,16377,1146
28776.903979,2319591521,2319592670,16000,1149
28776.928029,2319609758,2319610904,16374,1146
28776.941550,2319618294,2319619429,16161,1135
28776.953574,2319627366,2319628506,16075,1140
28776.965603,2319636489,2319637640,16356,1151
28776.977623,2319645631,2319646777,16415,1146
28776.989642,2319654737,2319655886,16031,1149
28777.001675,2319663894,2319665040,16406,1146
28777.013692,2319673007,2319674148,16371,1141
28777.025714,2319682117,2319683240,16171,1123
28777.040744,2319693518,2319694664,16367,1146
28777.052762,2319702639,2319703788,16028,1149
28777.067788,2319714074,2319715218,16163,1144
28777.079814,2319723170,2319724314,16112,1144
28777.091844,2319732320,2319733472,16453,1152
28777.103865,2319741449,2319742595,16348,1146
28777.115882,2319750587,2319751731,16000,1144
28777.128912,2319762005,2319763141,16374,1136
28777.163980,2319787097,2319788238,16350,1141
28777.176001,2319796230,2319797373,16283,1143
28777.188019,2319805324,2319806468,15947,1144
28777.200053,2319814478,2319815622,16284,1144
28777.212071,2319823643,2319824786,16425,1143
28777.233105,2319839607,2319840762,16106,1155
28777.245137,2319848756,2319849908,16400,1152
28777.266172,2319864733,2319865876,16370,1143
28777.278191,2319874005,2319875154,16032,1149
28777.302242,2319892277,2319893429,16339,1152
28777.314260,2319901398,2319902530,16032,1132
28777.335306,2319917344,2319918490,16353,1146
28777.347329,2319926475,2319927611,16359,1136
28777.359345,2319935591,2319936735,16030,1144
28777.371377,2319944716,2319945853,16355,1137
28777.383395,2319953836,2319954981,16372,1145
28777.395417,2319962968,2319964111,16235,1143
28777.407445,2319972093,2319973219,16203,1126
28777.431486,2319990252,2319991393,16041,1141
28777.443515,2319999364,2320000501,16370,1137
28777.455521,2320008463,2320009602,16057,1139
28777.468551,2320019833,2320020979,16464,1146
28777.484089,2320030153,2320031294,16343,1141
28777.496099,2320039254,2320040398,16043,1144
28777.508132,2320048337,2320049471,15959,1134
28777.520160,2320057428,2320058565,16384,1137
28777.532167,2320066509,2320067648,16163,1139
28777.544196,2320075612,2320076757,16231,1145
28777.556226,2320084736,2320085881,16349,1145
28777.568235,2320093813,2320094957,16160,1144
28777.580269,2320102908,2320104052,16040,1144
28777.592297,2320112051,2320113202,16363,1151
28777.613322,2320127961,2320129091,16082,1130
28777.625355,2320137036,2320138158,16238,1122
28777.637383,2320146114,2320147257,16296,1143
28777.649402,2320155265,2320156412,16259,1147
28777.661424,2320164335,2320165479,15998,1144
28777.673451,2320173412,2320174552,16391,1140
28777.685461,2320182727,2320183867,16086,1140
28777.697492,2320191811,2320192969,16041,1158
28777.716522,2320207742,2320208888,16373,1146
28777.736571,2320221380,2320222526,16294,1146
28777.748586,2320230499,2320231646,16122,1147
28777.769629,2320246398,2320247542,16040,1144
28777.781657,2320255498,2320256648,16296,1150
28777.820716,2320285036,2320286176,16081,1140
28777.832749,2320294144,2320295299,15995,1155
28777.877835,2320328268,2320329412,16038,1144
28777.889863,2320337405,2320338551,16482,1146
28777.901872,2320346534,2320347674,16082,1140
28777.920927,2320362445,2320363588,16239,1143
28777.986045,2320410209,2320411352,16115,1143
28778.004075,2320423876,2320425016,16041,1140
28778.016105,2320432980,2320434107,16235,1127
28778.028110,2320442019,2320443162,16000,1143
28778.040139,2320451123,2320452264,16134,1141
28778.052172,2320460228,2320461369,16289,1141
28778.064179,2320469301,2320470440,16090,1139
28778.076212,2320478374,2320479497,16235,1123
28778.088242,2320487475,2320488621,16445,1146
28778.100249,2320496581,2320497716,16155,1135
28778.113280,2320507961,2320509107,16465,1146
28778.133327,2320521571,2320522717,16392,1146
28778.145335,2320530722,2320531871,16084,1149
28778.157367,2320539808,2320540926,16238,1118
28778.169395,2320548886,2320550032,16385,1146
28778.181402,2320557977,2320559130,16002,1153
28778.205465,2320576184,2320577310,16231,1126
28778.217484,2320585254,2320586395,16362,1141
28778.241533,2320603483,2320604635,16398,1152
28778.253539,2320612565,2320613705,16086,1140
28778.265573,2320621638,2320622783,16042,1145
28778.277600,2320630725,2320631871,16384,1146
28778.289608,2320639806,2320640946,16086,1140
28778.301641,2320649102,2320650246,16034,1144
28778.319676,2320662728,2320663872,16038,1144
28778.331704,2320671822,2320672967,16385,1145
28778.343712,2320680945,2320682079,16164,1134
28778.355744,2320690038,2320691153,16327,1115
28778.367772,2320699117,2320700262,16461,1145
28778.379779,2320708193,2320709326,16089,1133
28778.391813,2320717272,2320718415,16037,1143
28778.403840,2320726362,2320727499,16390,1137
28778.415848,2320735411,2320736546,16163,1135
28778.427881,2320744483,2320745598,16322,1115
28778.439911,2320753581,2320754728,16406,1147
28778.457944,2320767214,2320768366,16466,1152
28778.469950,2320776335,2320777479,16161,1144
28778.497002,2320796786,2320797933,16164,1147
28778.509036,2320805892,2320807032,16122,1140
28778.530080,2320821817,2320822969,16463,1152
28778.542090,2320830940,2320832080,16081,1140
28778.557132,2320842297,2320843439,16378,1142
28778.632266,2320899135,2320900279,16037,1144
28778.644293,2320908263,2320909407,16043,1144
28778.656321,2320917351,2320918494,16391,1143
28778.668328,2320926461,2320927604,16002,1143
28778.680368,2320935534,2320936676,16108,1142
28778.695379,2320946891,2320948035,16003,1144
28778.707414,2320956163,2320957309,16245,1146
28778.719440,2320965266,2320966412,16294,1146
28778.731452,2320974360,2320975504,16001,1144
28778.743482,2320983458,2320984602,15960,1144
28778.755510,2320992553,2320993695,16381,1142
28778.785551,2321015284,2321016428,16087,1144
28778.797584,2321024395,2321025538,16122,1143
28778.848671,2321063056,2321064201,16161,1145
28778.860704,2321072163,2321073303,16040,1140
28778.875722,2321083507,2321084647,16081,1140
28778.899784,2321101688,2321102829,16463,1141
28778.911807,2321110795,2321111938,16360,1143
28778.923825,2321119862,2321120997,15965,1135
28778.935854,2321128990,2321130140,16316,1150
28778.947860,2321138064,2321139209,16001,1145
28778.959894,2321147169,2321148304,16045,1135
28778.971922,2321156283,2321157431,16292,1148
28778.983939,2321165452,2321166609,16257,1157
28779.014004,2321188398,2321189548,16358,1150
28779.026023,2321197576,2321198728,16380,1152
28779.038038,2321206730,2321207879,15920,1149
28779.050065,2321215834,2321216973,16047,1139
28779.062093,2321224933,2321226079,16383,1146
28779.113185,2321263517,2321264659,16044,1142
28779.125210,2321272661,2321273802,16282,1141
28779.167288,2321304487,2321305631,16041,1144
28779.179317,2321313600,2321314737,16275,1137
28779.191322,2321322656,2321323796,16086,1140
28779.203355,2321331743,2321332889,16200,1146
28779.215384,2321340839,2321341982,16385,1143
28779.227399,2321349916,2321351045,16041,1129
28779.239425,2321358991,2321360130,16048,1139
28779.275500,2321386266,2321387409,16114,1143
28779.287523,2321395377,2321396503,16147,1126
28779.299528,2321404422,2321405566,16084,1144
28779.311562,2321413513,2321414631,16242,1118
28779.323591,2321422644,2321423785,16402,1141
28779.335599,2321431749,2321432887,16084,1138
28779.347631,2321440800,2321441939,16045,1139
28779.359658,2321449905,2321451046,16385,1141
28779.371665,2321459011,2321460150,16005,1139
28779.383700,2321468078,2321469213,15959,1135
28779.395728,2321477202,2321478343,16371,1141
28779.407734,2321486291,2321487435,16005,1144
28779.419768,2321495368,2321496512,15961,1144
28779.440813,2321511299,2321512446,16389,1147
28779.452820,2321520409,2321521558,16006,1149
28779.464854,2321529495,2321530641,15960,1146
28779.476881,2321538602,2321539773,16365,1171
28779.491905,2321549987,2321551126,16040,1139
28779.503934,2321559116,2321560259,16367,1143
28779.515940,2321568194,2321569328,16086,1134
28779.527970,2321577519,2321578660,16219,1141
28779.540001,2321586637,2321587783,16386,1146
28779.552008,2321595717,2321596861,16085,1144
28779.564043,2321604790,2321605937,16044,1147
28779.576069,2321613892,2321615038,16357,1146
28779.588077,2321622966,2321624101,16040,1135
28779.600111,2321632044,2321633193,16045,1149
28779.612138,2321641176,2321642317,16398,1141
28779.624153,2321650257,2321651401,15956,1144
28779.636179,2321659367,2321660482,16239,1115
28779.693293,2321702511,2321703653,16384,1142
28779.705300,2321711575,2321712714,16085,1139
28779.720344,2321722929,2321724074,16300,1145
28779.732363,2321732074,2321733226,16442,1152
28779.744386,2321741169,2321742313,16049,1144
28779.783465,2321770747,2321771893,16471,1146
28779.795472,2321779848,2321780986,16084,1138
28779.807506,2321788915,2321790059,16046,1144
28779.819532,2321798027,2321799165,16467,1138
28779.837567,2321811674,2321812820,16375,1146
28779.849574,2321820753,2321821897,16082,1144
28779.873636,2321838928,2321840074,16364,1146
28779.885643,2321848021,2321849164,16085,1143
28779.897677,2321857093,2321858238,16040,1145
28779.912694,2321868421,2321869563,16082,1142
28779.924723,2321877536,2321878688,16216,1152
28779.945773,2321893487,2321894627,16392,1140
28779.957780,2321902600,2321903744,16087,1144
28779.993849,2321929858,2321930998,16164,1140
28780.005883,2321938932,2321940070,16124,1138
28780.017910,2321948033,2321949176,16465,1143
28780.029919,2321957152,2321958290,16164,1138
28780.041951,2321966234,2321967372,16041,1138
28780.053978,2321975346,2321976487,16384,1141
28780.072013,2321988998,2321990139,16360,1141
28780.084020,2321998079,2321999223,16082,1144
28780.096054,2322007159,2322008300,16046,1141
28780.108083,2322016248,2322017369,16226,1121
28780.126118,2322029873,2322031024,16403,1151
28780.138123,2322038999,2322040134,16085,1135
28780.150157,2322048094,2322049229,16042,1135
28780.204260,2322088991,2322090135,16129,1144
28780.216288,2322098108,2322099251,16473,1143
28780.228297,2322107245,2322108388,16085,1143
28780.240329,2322116348,2322117483,16043,1135
28780.252353,2322125492,2322126638,16432,1146
28780.268377,2322139128,2322140271,16441,1143
28780.280405,2322148225,2322149369,16078,1144
28780.297442,2322159594,2322160743,16386,1149
28780.309449,2322168657,2322169803,16077,1146
28780.321478,2322177765,2322178906,16229,1141
28780.336500,2322189135,2322190280,16160,1145
28780.348533,2322198402,2322199554,16249,1152
28780.360562,2322207514,2322208657,16377,1143
28780.387613,2322227959,2322229109,16381,1150
28780.399620,2322237053,2322238187,16040,1134
28780.411654,2322246125,2322247259,16044,1134
28780.429689,2322259778,2322260917,16041,1139
28780.441716,2322268880,2322270026,16383,1146
28780.513853,2322323390,2322324542,16386,1152
28780.525864,2322332529,2322333668,16106,1139
28780.537894,2322341610,2322342750,16056,1140
28780.549926,2322350953,2322352098,16372,1145
28780.564952,2322362504,2322363644,16107,1140
28780.576974,2322371620,2322372757,16388,1137
28780.641095,2322421594,2322422732,16078,1138
28780.745289,2322498801,2322499939,16042,1138
28780.757317,2322507896,2322509043,16408,1147
28780.772340,2322519373,2322520517,16051,1144
28780.784367,2322528479,2322529631,16377,1152
28780.799389,2322539835,2322540977,16215,1142
28780.848490,2322578460,2322579603,16083,1143
28780.877529,2322598921,2322600060,16081,1139
28780.889563,2322608014,2322609154,16041,1140
28780.904581,2322619355,2322620499,16084,1144
28780.916609,2322628459,2322629607,16212,1148
28780.928643,2322637546,2322638690,16388,1144
28780.940650,2322646617,2322647752,16083,1135
28780.952683,2322655676,2322656790,16235,1114
28780.964711,2322664732,2322665884,16362,1152
28780.978237,2322675202,2322676342,16392,1140
28780.993261,2322686547,2322687686,16042,1139
28781.071400,2322745585,2322746725,16080,1140
28781.083431,2322754642,2322755786,16036,1144
28781.095459,2322763731,2322764872,16387,1141
28781.107466,2322772808,2322773943,16087,1135
28781.119500,2322781891,2322783040,16040,1149
28781.131528,2322790997,2322792138,16380,1141
28781.143535,2322800081,2322801215,16087,1134
28781.155568,2322809149,2322810273,16234,1124
28781.173604,2322822763,2322823907,16037,1144
28781.185628,2322831885,2322833027,16357,1142
28781.293837,2322913691,2322914827,16388,1136
28781.305843,2322922742,2322923882,16081,1140
28781.380997,2322979521,2322980665,16034,1144
28781.396016,2322990866,2322992006,16080,1140
28781.408056,2323000202,2323001346,16112,1144
28781.420077,2323009311,2323010457,16382,1146
28781.432084,2323018396,2323019536,15999,1140
28781.444118,2323027485,2323028617,16043,1132
28781.456146,2323036574,2323037715,16387,1141
28781.474180,2323050212,2323051353,16387,1141
28781.486187,2323059291,2323060435,16001,1144
28781.510250,2323077463,2323078603,16385,1140
28781.520327,2323086543,2323087687,16082,1144
28781.537300,2323097893,2323099039,16383,1146
28781.600420,2323145654,2323146797,16388,1143
28781.612428,2323154973,2323156115,16081,1142
28781.693581,2323216352,2323217491,16080,1139
28781.705620,2323225430,2323226569,16114,1139
28781.717642,2323234510,2323235652,16373,1142
28781.729650,2323243565,2323244710,16083,1145
28781.741684,2323252624,2323253764,16051,1140
28781.768731,2323273095,2323274239,16127,1144
28781.780762,2323282178,2323283316,16459,1138
28781.801787,2323298037,2323299181,16162,1144
28781.813819,2323307157,2323308301,16044,1144
28781.828838,2323318512,2323319660,16079,1148
28781.843883,2323329883,2323331008,16209,1125
28781.864917,2323345793,2323346939,16285,1146
28781.876933,2323354871,2323356009,15958,1138
28781.888969,2323363952,2323365088,16410,1136
28781.928027,2323393469,2323394612,16082,1143
28781.940061,2323402547,2323403686,15953,1139
28781.952089,2323411638,2323412775,16300,1137
28781.964097,2323420728,2323421872,16000,1144
28781.976129,2323429813,2323430957,16043,1144
28781.994163,2323443455,2323444597,16034,1142
28782.006192,2323452573,2323453719,16364,1146
28782.024226,2323466227,2323467368,16394,1141
28782.036233,2323475297,2323476432,16084,1135
28782.048265,2323484389,2323485530,16243,1141
28782.060296,2323493543,2323494699,16410,1156
28782.072307,2323502632,2323503772,16111,1140
28782.105380,2323527660,2323528803,16363,1143
28782.117387,2323536740,2323537894,16083,1154
28782.129420,2323545819,2323546936,16237,1117
28782.147455,2323559423,2323560562,16034,1139
28782.159485,2323568545,2323569680,16408,1135
28782.171490,2323577626,2323578765,16085,1139
28782.189525,2323591239,2323592379,16086,1140
28782.201565,2323600350,2323601468,16315,1118
28782.216576,2323611674,2323612818,16082,1144
28782.228610,2323620985,2323622134,16043,1149
28782.252652,2323639161,2323640304,16034,1143
28782.264678,2323648274,2323649413,16028,1139
28782.276706,2323657365,2323658502,16390,1137
28782.352856,2323716372,2323717519,16213,1147
28782.423974,2323768616,2323769760,16161,1144
28782.435997,2323777918,2323779058,15959,1140
28782.448032,2323787030,2323788178,16391,1148
28782.466066,2323800700,2323801843,16467,1143
28782.478073,2323809784,2323810927,16079,1143
28782.559229,2323871074,2323872218,16160,1144
28782.574272,2323882427,2323883573,16395,1146
28782.628376,2323923288,2323924436,16477,1148
28782.640382,2323932391,2323933530,16161,1139
28782.652410,2323941641,2323942788,16124,1147
28782.664443,2323950732,2323951870,16388,1138
28782.676452,2323959836,2323960985,16080,1149
28782.721536,2323993892,2323995030,16080,1138
28782.733570,2324002961,2324004105,15958,1144
28782.748595,2324014311,2324015449,16039,1138
28782.760621,2324023400,2324024521,16148,1121
28782.772651,2324032472,2324033613,16393,1141
28782.793673,2324048363,2324049501,16080,1138
28782.805707,2324057446,2324058560,16236,1114
28782.847784,2324089184,2324090323,16034,1139
28782.859809,2324098354,2324099504,16308,1150
28782.871838,2324107455,2324108591,16471,1136
28782.883844,2324116556,2324117696,16075,1140
28782.895885,2324125638,2324126782,16106,1144
28782.919913,2324143806,2324144946,16157,1140
28782.931947,2324152866,2324154001,16117,1135
28782.943976,2324161934,2324163079,16398,1145
28782.955984,2324171041,2324172174,16086,1133
28782.968015,2324180094,2324181213,16241,1119
28782.980044,2324189151,2324190297,16396,1146
28783.052182,2324243677,2324244823,16404,1146
28783.064200,2324252911,2324254057,16299,1146
28783.076222,2324262003,2324263141,16039,1138
28783.088249,2324271105,2324272246,16390,1141
28783.100258,2324280231,2324281375,16000,1144
28783.112290,2324289311,2324290445,16051,1134
28783.124318,2324298389,2324299510,16135,1121
28783.193449,2324350610,2324351756,16109,1146
28783.205471,2324359717,2324360858,16374,1141
28783.256564,2324398304,2324399448,16051,1144
28783.268591,2324407432,2324408575,16390,1143
28783.280599,2324416507,2324417651,16084,1144
28783.292640,2324425597,2324426745,16114,1148
28783.400839,2324507289,2324508424,16040,1135
28783.412869,2324516378,2324517530,16408,1152
28783.424873,2324525441,2324526585,16084,1144
28783.463959,2324554953,2324556097,16115,1144
28783.475988,2324564200,2324565341,16376,1141
28783.487993,2324573265,2324574395,16078,1130
28783.500027,2324582327,2324583467,16039,1140
28783.512056,2324591416,2324592562,16381,1146
28783.617250,2324670977,2324672116,16039,1139
28783.629279,2324680054,2324681206,16389,1152
28783.671353,2324711834,2324712963,16040,1129
28783.683383,2324721020,2324722166,16374,1146
28783.695388,2324730101,2324731245,16081,1144
28783.707422,2324739173,2324740317,16041,1144
28783.719450,2324748288,2324749434,16299,1146
28783.731457,2324757357,2324758496,16084,1139
28783.743485,2324766466,2324767616,16213,1150
28783.761525,2324780082,2324781222,16037,1140
28783.773553,2324789162,2324790308,16303,1146
28783.785566,2324798281,2324799420,16114,1139
28783.797593,2324807352,2324808501,15954,1149
28783.815628,2324820986,2324822130,16040,1144
28783.827656,2324830075,2324831222,16386,1147
28783.839670,2324839130,2324840274,16030,1144
28783.875731,2324866376,2324867518,16081,1142
28783.887771,2324875584,2324876723,16106,1139
28783.899793,2324884678,2324885823,16386,1145
28783.911800,2324893767,2324894906,16087,1139
28783.923834,2324902869,2324904012,16038,1143
28783.935861,2324911980,2324913126,16388,1146
28783.947870,2324921088,2324922223,16087,1135
28783.959901,2324930200,2324931341,16229,1141
28783.971930,2324939277,2324940429,16388,1152
28783.983936,2324948338,2324949482,16081,1144
28784.041051,2324991455,2324992596,16216,1141
28784.053084,2325000640,2325001792,16317,1152
28784.065108,2325009832,2325010975,16386,1143
28784.080138,2325021290,2325022441,16343,1151
28784.092160,2325030558,2325031708,16398,1150
28784.104173,2325039715,2325040863,15972,1148
28784.116206,2325048881,2325050033,16259,1152
28784.134239,2325062552,2325063693,16381,1141
28784.146247,2325071643,2325072791,15999,1148
28784.164280,2325085267,2325086401,16082,1134
28784.176314,2325094368,2325095520,15957,1152
28784.239429,2325142126,2325143264,16303,1138
28784.251462,2325151221,2325152366,16479,1145
28784.264491,2325162565,2325163709,16114,1144
28784.284526,2325176193,2325177342,16110,1149
28784.296548,2325185365,2325186508,16405,1143
28784.368682,2325239899,2325241045,16357,1146
28784.380691,2325249004,2325250144,16081,1140
28784.468874,2325317074,2325318214,16084,1140
28784.488897,2325330771,2325331905,16158,1134
28784.500931,2325339882,2325341020,16117,1138
28784.512959,2325348973,2325350110,16426,1137
28784.524965,2325358047,2325359196,16085,1149
28784.576079,2325396666,2325397811,16439,1145
28784.588086,2325405774,2325406918,16163,1144
28784.600119,2325414840,2325415974,16042,1134
28784.612148,2325423922,2325425060,16387,1138
28784.624154,2325433014,2325434148,16083,1134
28784.681279,2325476149,2325477288,16107,1139
28784.693297,2325485250,2325486396,16337,1146
28784.711337,2325499038,2325500184,16385,1146
28784.723343,2325508126,2325509265,16082,1139
28784.735372,2325517221,2325518362,16218,1141
28784.747405,2325526331,2325527483,16389,1152
28784.759416,2325535436,2325536584,16167,1148
28784.771438,2325544520,2325545659,15963,1139
28784.783473,2325553595,2325554731,16366,1136
28784.795481,2325562650,2325563785,16084,1135
28784.840568,2325596756,2325597893,16083,1137
28784.852599,2325605827,2325606945,16237,1118
28784.873645,2325621695,2325622836,16392,1141
28784.885653,2325630808,2325631943,16080,1135
28784.897685,2325639865,2325641009,16049,1144
28784.909709,2325649004,2325650151,16341,1147
28784.984840,2325705760,2325706904,16084,1144
28784.996874,2325714825,2325715970,16027,1145
28785.102063,2325794290,2325795434,16078,1144
28785.192235,2325862675,2325863823,16083,1148
28785.204268,2325871781,2325872920,16037,1139
28785.216294,2325880911,2325882052,16351,1141
28785.309458,2325951262,2325952406,16082,1144
28785.329010,2325966278,2325967419,16366,1141
28785.341018,2325975373,2325976516,16163,1143
28785.416171,2326032166,2326033301,16115,1135
28785.428199,2326041259,2326042395,16371,1136
28785.440206,2326050319,2326051453,16086,1134
28785.452240,2326059393,2326060542,16041,1149
28785.464268,2326068494,2326069632,16302,1138
28785.476282,2326077551,2326078701,16039,1150
28785.488309,2326086658,2326087796,16037,1138
28785.512344,2326104817,2326105960,16002,1143
28785.524384,2326113923,2326115064,16113,1141
28785.536406,2326123012,2326124148,16392,1136
28785.548412,2326132106,2326133250,16080,1144
28785.568332,2326141344,2326141954,11965,610
28785.625065,2326177602,2326178744,16035,1142
28785.637091,2326186684,2326187827,16042,1143
28785.649119,2326195749,2326196895,16385,1146
28785.661126,2326204816,2326205949,15997,1133
28785.673164,2326213901,2326215037,16295,1136
28785.700212,2326234329,2326235463,16060,1134
28785.712238,2326243413,2326244551,16280,1138
28785.724259,2326252515,2326253660,16276,1145
28785.760315,2326279789,2326280933,16078,1144
28785.772354,2326288862,2326289981,16233,1119
28785.799400,2326309323,2326310457,16055,1134
28785.811426,2326318408,2326319554,16279,1146
28785.823442,2326327462,2326328601,16047,1139
28785.835468,2326336554,2326337672,16164,1118
28785.847495,2326345620,2326346763,16373,1143
28785.859503,2326354694,2326355838,15996,1144
28785.871543,2326363788,2326364932,16116,1144
28785.883566,2326372884,2326374030,16368,1146
28785.895586,2326381993,2326383140,16357,1147
28785.907606,2326391086,2326392228,15973,1142
28785.919632,2326400172,2326401313,16373,1141
28785.931643,2326409272,2326410416,16083,1144
28785.943675,2326418362,2326419506,16037,1144
28785.955702,2326427446,2326428592,16469,1146
28785.967709,2326436529,2326437673,16165,1144
28785.979743,2326445612,2326446761,16039,1149
28785.991771,2326454718,2326455868,16386,1150
28786.003779,2326463880,2326465019,16161,1139
28786.015812,2326472957,2326474095,16046,1138
28786.027841,2326482081,2326483223,16398,1142
28786.039846,2326491175,2326492314,16085,1139
28786.051880,2326500255,2326501399,16041,1144
28786.063907,2326509375,2326510492,16174,1117
28786.077433,2326517876,2326519011,16343,1135
28786.089441,2326526922,2326528066,16080,1144
28786.101475,2326536010,2326537154,16044,1144
28786.113506,2326545146,2326546293,16371,1147
28786.128527,2326556510,2326557649,16040,1139
28786.140550,2326565670,2326566819,16260,1149
28786.156573,2326579295,2326580441,16380,1146
28786.192642,2326606589,2326607726,16374,1137
28786.204676,2326615649,2326616803,16080,1154
28786.233715,2326636142,2326637282,16081,1140
28786.245748,2326645231,2326646352,16140,1121
28786.269791,2326663364,2326664513,16042,1149
28786.281817,2326672453,2326673587,16041,1134
28786.293845,2326681528,2326682668,16380,1140
28786.305852,2326690614,2326691744,16085,1130
28786.317892,2326699724,2326700868,16116,1144
28786.329914,2326708821,2326709967,16378,1146
28786.341923,2326718114,2326719258,16085,1144
28786.377991,2326745420,2326746559,16082,1139
28786.390023,2326754501,2326755644,16045,1143
28786.405041,2326765856,2326767000,16078,1144
28786.417081,2326774967,2326776105,16307,1138
28786.429102,2326784064,2326785207,16375,1143
28786.441121,2326793190,2326794340,16383,1150
28786.453140,2326802320,2326803462,16213,1142
28786.465173,2326811426,2326812552,16228,1126
28786.477180,2326820522,2326821666,16086,1144
28786.489208,2326829627,2326830761,16038,1134
28786.501241,2326838713,2326839830,16222,1117
28786.513247,2326847756,2326848900,16004,1144
28786.525280,2326856824,2326857968,16043,1144
28786.537308,2326865938,2326867079,16380,1141
28786.549318,2326875254,2326876388,16088,1134
28786.585384,2326902547,2326903691,16164,1144
28786.597418,2326911644,2326912774,16048,1130
28786.609446,2326920724,2326921871,16379,1147
28786.621453,2326929823,2326930957,16084,1134
28786.633487,2326938911,2326940051,16039,1140
28786.645514,2326948006,2326949149,16465,1143
28786.657522,2326957118,2326958260,16090,1142
28786.693590,2326984398,2326985538,16083,1140
28786.705623,2326993463,2326994602,16042,1139
28786.717651,2327002573,2327003716,16367,1143
28786.732676,2327013904,2327015043,16043,1139
28786.744702,2327022990,2327024137,16379,1147
28786.759727,2327034532,2327035672,15955,1140
28786.771756,2327043664,2327044801,16399,1137
28786.783761,2327052743,2327053878,16164,1135
28786.795795,2327061803,2327062947,16121,1144
28786.807824,2327070933,2327072075,16378,1142
28786.819830,2327080002,2327081145,16079,1143
28786.831864,2327089085,2327090229,16042,1144
28786.843889,2327098227,2327099373,16347,1146
28786.855899,2327107296,2327108430,16007,1134
28786.867927,2327116378,2327117525,16220,1147
28786.879960,2327125480,2327126626,16295,1146
28786.891967,2327134545,2327135694,16083,1149
28786.904001,2327143619,2327144759,16044,1140
28786.916028,2327152709,2327153852,16275,1143
28786.928050,2327161795,2327162938,16363,1143
28786.940070,2327170875,2327172015,16045,1140
28786.952099,2327179986,2327181124,16458,1138
28786.964116,2327189157,2327190301,16127,1144
28786.976139,2327198268,2327199408,16121,1140
28786.988166,2327207355,2327208501,16390,1146
28787.000173,2327216433,2327217577,16076,1144
28787.012213,2327225499,2327226648,16120,1149
28787.024236,2327234600,2327235725,16316,1125
28787.036242,2327243683,2327244822,16080,1139
28787.048277,2327252805,2327253948,16325,1143
28787.081327,2327277824,2327278968,16081,1144
28787.093361,2327286912,2327288061,16019,1149
28787.147464,2327327761,2327328896,16042,1135
28787.159493,2327336885,2327338027,16393,1142
28787.171500,2327346007,2327347151,16080,1144
28787.183533,2327355081,2327356225,16123,1144
28787.195560,2327364177,2327365314,16474,1137
28787.207567,2327373241,2327374381,16163,1140
28787.219602,2327382323,2327383467,16119,1144
28787.231629,2327391424,2327392562,16472,1138
28787.243636,2327400532,2327401676,16165,1144
28787.255670,2327409608,2327410731,16328,1123
28787.267699,2327418712,2327419850,16487,1138
28787.279705,2327427818,2327428958,16089,1140
28787.291738,2327436924,2327438073,16093,1149
28787.303767,2327446057,2327447203,16376,1146
28787.315773,2327455139,2327456273,16166,1134
28787.327807,2327464211,2327465355,16123,1144
28787.339836,2327473295,2327474415,16224,1120
28787.351842,2327482345,2327483494,16165,1149
28787.363873,2327491657,2327492805,16224,1148
28787.375904,2327500791,2327501928,16382,1137
28787.387910,2327509841,2327510985,16082,1144
28787.399944,2327518914,2327520048,16046,1134
28787.411972,2327528012,2327529160,16365,1148
28787.423979,2327537095,2327538238,16051,1143
28787.436012,2327546205,2327547320,16242,1115
28787.448040,2327555269,2327556420,16384,1151
28787.460059,2327564375,2327565524,16044,1149
28787.472075,2327573480,2327574615,15926,1135
28787.484110,2327582605,2327583745,16375,1140
28787.496116,2327591682,2327592820,16087,1138
28787.508158,2327600745,2327601868,16325,1123
28787.520179,2327609867,2327611013,16278,1146
28787.538213,2327623485,2327624611,16227,1126
28787.550219,2327632548,2327633692,16088,1144
28787.562248,2327641641,2327642779,16230,1138
28787.577274,2327653096,2327654240,16161,1144
28787.589304,2327662177,2327663319,16042,1142
28787.625373,2327689406,2327690545,16038,1139
28787.637400,2327698508,2327699654,16426,1146
28787.655435,2327712150,2327713296,16382,1146
28787.667443,2327721264,2327722403,16165,1139
28787.679476,2327730322,2327731461,16120,1139
28787.691503,2327739407,2327740550,16385,1143
28787.715544,2327757544,2327758682,16116,1138
28787.727572,2327766619,2327767757,16377,1138
28787.739579,2327775681,2327776827,16085,1146
28787.751613,2327784745,2327785884,16048,1139
28787.763642,2327793862,2327795009,16400,1147
28787.775648,2327802973,2327804117,16080,1144
28787.817743,2327834806,2327835953,16381,1147
28787.829751,2327843889,2327845029,16085,1140
28787.877853,2327880296,2327881434,16047,1138
28787.889878,2327889391,2327890540,16356,1149
28787.913922,2327907592,2327908732,16043,1140
28787.925950,2327916687,2327917818,16384,1131
28787.974025,2327953055,2327954200,16084,1145
28787.986059,2327962182,2327963326,16047,1144
28788.010094,2327980399,2327981543,16162,1144
28788.022127,2327989473,2327990617,16042,1144
28788.073214,2328028124,2328029272,16084,1148
28788.085248,2328037191,2328038337,16038,1146
28788.097276,2328046328,2328047466,16457,1138
28788.109282,2328055393,2328056528,16162,1135
28788.181428,2328109878,2328111021,16153,1143
28788.193452,2328119024,2328120186,16193,1162
28788.217488,2328137246,2328138383,16083,1137
28788.229518,2328146343,2328147482,16043,1139
28788.296654,2328198579,2328199723,16082,1144
28788.331716,2328223648,2328224794,16331,1146
28788.343728,2328232722,2328233866,16000,1144
28788.361764,2328246353,2328247492,16082,1139
28788.373796,2328255420,2328256566,16059,1146
28788.388814,2328266789,2328267931,16084,1142
28788.403857,2328278156,2328279294,16349,1138
28788.415867,2328287484,2328288623,16087,1139
28788.427899,2328296561,2328297700,16048,1139
28788.439927,2328305670,2328306817,16383,1147
28788.451941,2328314753,2328315892,16119,1139
28788.463967,2328323853,2328324977,16325,1124
28788.482002,2328337453,2328338573,16244,1120
28788.494031,2328346547,2328347699,16374,1152
28788.518070,2328364730,2328365869,16120,1139
28788.530098,2328373834,2328374975,16389,1141
28788.557151,2328394263,2328395410,16406,1147
28788.569158,2328403378,2328404527,16085,1149
28788.584201,2328414738,2328415881,16465,1143
28788.608242,2328432843,2328433987,16120,1144
28788.620267,2328441979,2328443112,16358,1133
28788.632277,2328451067,2328452211,16163,1144
28788.644311,2328460161,2328461296,16126,1135
28788.656340,2328469274,2328470426,16405,1152
28788.671362,2328480640,2328481788,16039,1148
28788.683390,2328489721,2328490864,16297,1143
28788.695397,2328498803,2328499943,16004,1140
28788.707431,2328507893,2328509027,15959,1134
28788.719458,2328516969,2328518117,16383,1148
28788.731465,2328526060,2328527199,16090,1139
28788.743499,2328535157,2328536277,16274,1120
28788.764541,2328551094,2328552245,16349,1151
28788.776556,2328560178,2328561322,16033,1144
28788.812625,2328587426,2328588570,16118,1144
28788.824654,2328596728,2328597872,16040,1144
28788.839671,2328608075,2328609219,16081,1144
28788.851704,2328617182,2328618330,16345,1148
28788.863733,2328626280,2328627423,16383,1143
28788.875740,2328635358,2328636502,16083,1144
28788.896797,2328651249,2328652394,16195,1145
28788.908815,2328660375,2328661527,16431,1152
28788.935870,2328680813,2328681958,16381,1145
28788.947888,2328689905,2328691051,16344,1146
28788.959911,2328699009,2328700148,15964,1139
28788.971939,2328708102,2328709246,16386,1144
28788.983945,2328717208,2328718348,16086,1140
28789.014014,2328739966,2328741106,16044,1140
28789.026045,2328749117,2328750269,16376,1152
28789.038049,2328758232,2328759378,16163,1146
28789.050078,2328767338,2328768484,16310,1146
28789.062110,2328776444,2328777590,16390,1146
28789.080146,2328790174,2328791327,16404,1153
28789.092158,2328799362,2328800506,16082,1144
28789.104192,2328808542,2328809692,16363,1150
28789.116212,2328817712,2328818869,16383,1157
28789.128228,2328826885,2328828034,16002,1149
28789.140260,2328836085,2328837233,16322,1148
28789.152280,2328845215,2328846333,16286,1118
28789.164289,2328854261,2328855410,16087,1149
28789.176323,2328863328,2328864468,16037,1140
28789.224419,2328899676,2328900819,16464,1143
28789.236427,2328908848,2328909983,16084,1135
28789.260487,2328927063,2328928204,16380,1141
28789.272496,2328936181,2328937325,16091,1144
28789.287538,2328947558,2328948699,16385,1141
28789.299546,2328956618,2328957757,16001,1139
28789.311578,2328965705,2328966842,16243,1137
28789.323607,2328974814,2328975955,16298,1141
28789.335614,2328983890,2328985035,16082,1145
28789.347643,2328992996,2328994138,16136,1142
28789.365683,2329006613,2329007754,16037,1141
28789.377713,2329015742,2329016887,16368,1145
28789.419785,2329047503,2329048642,16043,1139
28789.431815,2329056597,2329057714,16185,1117
28789.452839,2329072679,2329073823,16084,1144
28789.464867,2329081806,2329082950,15954,1144
28789.488905,2329099982,2329101126,16082,1144
28789.500940,2329109067,2329110211,16043,1144
28789.576087,2329165847,2329166994,16380,1147
28789.588094,2329174965,2329176104,16082,1139
28789.600128,2329184053,2329185202,16045,1149
28789.618163,2329197696,2329198840,16040,1144
28789.630190,2329206797,2329207945,16385,1148
28789.642207,2329215912,2329217051,16039,1139
28789.654231,2329225015,2329226161,16122,1146
28789.666260,2329234126,2329235272,16453,1146
28789.687285,2329250072,2329251215,16090,1143
28789.699315,2329259217,2329260364,16230,1147
28789.711346,2329268348,2329269494,16384,1146
28789.723354,2329277465,2329278605,16167,1140
28789.741394,2329291405,2329292540,15999,1135
28789.753418,2329300526,2329301669,16266,1143
28789.789493,2329327857,2329328993,16369,1136
28789.801516,2329337019,2329338165,16397,1146
28789.831560,2329359806,2329360944,16165,1138
28789.843586,2329368925,2329370046,16119,1121
28789.855621,2329378111,2329379258,16380,1147
28789.867628,2329387247,2329388387,16090,1140
28789.879658,2329396353,2329397495,16230,1142
28789.891686,2329405456,2329406593,16360,1137
28789.903697,2329414567,2329415715,16092,1148
28789.915727,2329423703,2329424849,16224,1146
28789.933761,2329437377,2329438520,16302,1143
28789.945792,2329446525,2329447673,16356,1148
28789.960812,2329457914,2329459061,16225,1147
28789.972844,2329467032,2329468168,16393,1136
28789.984851,2329476134,2329477278,16082,1144
28790.000892,2329489821,2329490960,16091,1139
28790.023933,2329505778,2329506924,16226,1146
28790.035964,2329514906,2329516042,16392,1136
28790.047971,2329524004,2329525142,16084,1138
28790.060002,2329533135,2329534276,16136,1141
28790.078036,2329546804,2329547941,16219,1137
28790.090063,2329555915,2329557056,16356,1141
28790.105088,2329567289,2329568434,16220,1145
28790.117118,2329576435,2329577581,16368,1146
28790.129125,2329585540,2329586679,16003,1139
28790.153187,2329603789,2329604945,16390,1156
28790.165194,2329612912,2329614056,16012,1144
28790.177225,2329622032,2329623184,16133,1152
28790.207291,2329644830,2329645973,16385,1143
28790.219297,2329653901,2329655035,16089,1134
28790.231328,2329663008,2329664155,16222,1147
28790.252375,2329678988,2329680134,16389,1146
28790.264393,2329688132,2329689273,16350,1141
28790.292453,2329710918,2329712061,16219,1143
28790.312482,2329724615,2329725757,16225,1142
28790.324512,2329733765,2329734896,16369,1131
28790.336525,2329742851,2329743999,15923,1148
28790.351564,2329754262,2329755408,16388,1146
28790.384625,2329779359,2329780500,16286,1141
28790.396648,2329788492,2329789634,16354,1142
28790.408657,2329797582,2329798726,16004,1144
28790.424703,2329811250,2329812388,16117,1138
28790.465773,2329840844,2329841996,16225,1152
28790.480794,2329852230,2329853369,16082,1139
28790.492825,2329861374,2329862521,16163,1147
28790.519877,2329881881,2329883023,16224,1142
28790.531906,2329891040,2329892181,16368,1141
28790.543914,2329900135,2329901275,16093,1140
28790.555945,2329909240,2329910386,16132,1146
28790.567975,2329918361,2329919502,16303,1141
28790.579983,2329927493,2329928628,16092,1135
28790.592014,2329936613,2329937759,16251,1146
28790.604044,2329945735,2329946885,16391,1150
28790.616051,2329954841,2329955985,16003,1144
28790.637095,2329970804,2329971944,16210,1140
28790.649130,2329979935,2329981076,16281,1141
28790.664150,2329991314,2329992446,16223,1132
28790.676181,2330000421,2330001567,16347,1146
28790.688200,2330009544,2330010691,16316,1147
28790.709236,2330025508,2330026649,16223,1141
28790.721266,2330034628,2330035771,16472,1143
28790.736284,2330046004,2330047149,16219,1145
28790.748318,2330055159,2330056305,16455,1146
28790.760325,2330064262,2330065406,16164,1144
28790.836481,2330123515,2330124668,16408,1153
28790.892591,2330164626,2330165772,16436,1146
28790.904613,2330173747,2330174892,16346,1145
28790.919644,2330185119,2330186265,16390,1146
28790.931657,2330194230,2330195369,16006,1139
28790.949686,2330207908,2330209052,16085,1144
28790.961716,2330217033,2330218184,16220,1151
28790.985766,2330235273,2330236426,16359,1153
28790.997784,2330244407,2330245550,16205,1143
28791.040879,2330278536,2330279677,16248,1141
28791.105991,2330326457,2330327603,16223,1146
28791.118021,2330335616,2330336762,16373,1146
28791.145073,2330356118,2330357265,16476,1147
28791.157080,2330365253,2330366387,16087,1134
28791.172124,2330376652,2330377795,16465,1143
28791.193149,2330392605,2330393743,16165,1138
28791.205179,2330401723,2330402866,16307,1143
28791.217210,2330410862,2330412009,16394,1147
28791.253279,2330438237,2330439372,16475,1135
28791.265286,2330447373,2330448518,16090,1145
28791.313385,2330483904,2330485040,16308,1136
28791.325416,2330493041,2330494187,16373,1146
28791.337423,2330502166,2330503316,16088,1150
28791.349454,2330511305,2330512442,16220,1137
28791.361486,2330520422,2330521563,16395,1141
28791.445629,2330584327,2330585466,16086,1139
28791.457659,2330593452,2330594599,16216,1147
28791.520779,2330641372,2330642519,16223,1147
28791.532810,2330650540,2330651681,16352,1141
28791.560860,2330673322,2330674466,16085,1144
28791.625978,2330721255,2330722391,16004,1136
28791.638002,2330730359,2330731506,16221,1147
28791.650033,2330739484,2330740631,16394,1147
28791.662040,2330748594,2330749735,16085,1141
28791.674081,2330757741,2330758876,16311,1135
28791.686102,2330766866,2330768010,16381,1144
28791.728170,2330798768,2330799915,16220,1147
28791.740205,2330807931,2330809077,16373,1146
28791.752212,2330817028,2330818167,16165,1139
28791.764242,2330826152,2330827298,16304,1146
28791.776271,2330835267,2330836413,16441,1146
28791.824355,2330871751,2330872900,16077,1149
28791.836380,2330880859,2330882004,16230,1145
28791.848410,2330889978,2330891119,16393,1141
28791.860418,2330899071,2330900220,16084,1149
28791.881466,2330915071,2330916217,16255,1146
28791.893496,2330924202,2330925343,16392,1141
28791.905504,2330933294,2330934429,16084,1135
28791.917534,2330942407,2330943548,16207,1141
28791.929565,2330951583,2330952725,16359,1142
28791.941572,2330960824,2330961962,16089,1138
28791.977653,2330988175,2330989321,16447,1146
28791.989670,2330997308,2330998446,16287,1138
28792.001702,2331006443,2331007589,16453,1146
28792.013710,2331015555,2331016694,16171,1139
28792.028753,2331027001,2331028142,16352,1141
28792.040760,2331036086,2331037227,16088,1141
28792.052792,2331045243,2331046393,16359,1150
28792.092873,2331077175,2331078313,16120,1138
28792.112906,2331090940,2331092083,16241,1143
28792.124936,2331100129,2331101276,16312,1147
28792.136958,2331109316,2331110473,16382,1157
28792.151987,2331120820,2331121965,16317,1145
28792.170021,2331134818,2331135966,16313,1148
28792.182044,2331144012,2331145155,16468,1143
28792.197072,2331155492,2331156644,16312,1152
28792.209100,2331164711,2331165854,16413,1143
28792.221111,2331173917,2331175060,16243,1143
28792.233141,2331183114,2331184266,16301,1152
28792.245165,2331192335,2331193488,16381,1153
28792.260192,2331203836,2331204989,16311,1153
28792.278228,2331217637,2331218789,16313,1152
28792.297758,2331233018,2331234170,16227,1152
28792.309788,2331242243,2331243395,16316,1152
28792.357878,2331279043,2331280186,16381,1143
28792.369892,2331288194,2331289337,15962,1143
28792.417992,2331324670,2331325827,16287,1157
28792.430015,2331333834,2331334981,16353,1147
28792.442024,2331342954,2331344098,16087,1144
28792.454054,2331352074,2331353226,16217,1152
28792.505144,2331390794,2331391938,16083,1144
28792.517178,2331399924,2331401044,16079,1120
28792.529203,2331409040,2331410185,16351,1145
28792.541213,2331418150,2331419290,16004,1140
28792.553243,2331427272,2331428412,16179,1140
28792.565273,2331436442,2331437588,16364,1146
28792.577281,2331445782,2331446926,16167,1144
28792.625380,2331482275,2331483421,16239,1146
28792.637411,2331491441,2331492584,16363,1143
28792.649418,2331500556,2331501700,16083,1144
28792.712538,2331548443,2331549581,16086,1138
28792.724569,2331557579,2331558730,16258,1151
28792.745616,2331573527,2331574664,16472,1137
28792.757624,2331582594,2331583732,16166,1138
28792.769651,2331591702,2331592854,16213,1152
28792.781686,2331600875,2331602021,16369,1146
28792.832774,2331639679,2331640812,16212,1133
28792.844806,2331648819,2331649965,16369,1146
28792.856817,2331657965,2331659115,16214,1150
28792.877861,2331673943,2331675064,16132,1121
28792.889891,2331683041,2331684193,16385,1152
28792.904912,2331694440,2331695576,16231,1136
28792.916940,2331703550,2331704687,16439,1137
28792.940980,2331721789,2331722931,16304,1142
28792.953011,2331730889,2331732033,16391,1144
28792.965024,2331739977,2331741117,16080,1140
28792.977049,2331749094,2331750240,16310,1146
28792.989080,2331758255,2331759406,16451,1151
28793.034165,2331792479,2331793626,16386,1147
28793.046173,2331801589,2331802719,16084,1130
28793.058204,2331810715,2331811862,16235,1147
28793.127327,2331863164,2331864298,16163,1134
28793.139358,2331872303,2331873444,16315,1141
28793.151388,2331881426,2331882572,16396,1146
28793.169423,2331895118,2331896270,16403,1152
28793.181430,2331904243,2331905377,16087,1134
28793.223524,2331936254,2331937400,16354,1146
28793.235533,2331945366,2331946505,16084,1139
28793.247563,2331954493,2331955629,16219,1136
28793.265594,2331968165,2331969306,16211,1141
28793.277628,2331977301,2331978442,16383,1141
28793.356768,2332038800,2332039943,16384,1143
28793.388824,2332061522,2332062652,16085,1130
28793.400855,2332070645,2332071792,16227,1147
28793.457971,2332113986,2332115128,16393,1142
28793.469979,2332123096,2332124240,16165,1144
28793.482009,2332132214,2332133360,16226,1146
28793.561172,2332193702,2332194840,16297,1138
28793.596219,2332218786,2332219930,16087,1144
28793.608255,2332227939,2332229077,16294,1138
28793.620279,2332237081,2332238224,16359,1143
28793.665367,2332271253,2332272400,16411,1147
28793.677373,2332280390,2332281529,16166,1139
28793.737503,2332325963,2332327106,16388,1143
28793.749510,2332335071,2332336215,16166,1144
28793.767545,2332348742,2332349885,16165,1143
28793.779576,2332357880,2332359026,16240,1146
28793.791606,2332366989,2332368126,16390,1137
28793.803626,2332376110,2332377262,16350,1152
28793.815644,2332385273,2332386414,16319,1141
28793.827675,2332394421,2332395563,16448,1142
28793.863743,2332421773,2332422920,16404,1147
28793.875750,2332430872,2332432016,16081,1144
28793.896798,2332446846,2332447988,16308,1142
28793.908828,2332456024,2332457162,16458,1138
28793.920836,2332465148,2332466292,16163,1144
28793.983956,2332512993,2332514135,16085,1142
28794.005010,2332528990,2332530132,16290,1142
28794.017033,2332538146,2332539287,16266,1141
28794.056099,2332567735,2332568879,16005,1144
28794.068124,2332576884,2332578029,16235,1145
28794.080155,2332586026,2332587173,16303,1147
28794.092175,2332595185,2332596326,16345,1141
28794.104200,2332604382,2332605529,16292,1147
28794.116223,2332613572,2332614719,16299,1147
28794.128245,2332622761,2332623913,16388,1152
28794.140261,2332631957,2332633114,16256,1157
28794.152292,2332641159,2332642310,16313,1151
28794.164315,2332650359,2332651511,16399,1152
28794.197378,2332675536,2332676674,16368,1138
28794.209397,2332684701,2332685838,16364,1137
28794.221416,2332693830,2332694973,16230,1143
28794.248467,2332714349,2332715486,16233,1137
28794.263488,2332725781,2332726916,16166,1135
28794.299557,2332753114,2332754264,16090,1150
28794.311587,2332762277,2332763428,16331,1151
28794.323618,2332771421,2332772567,16387,1146
28794.335625,2332780551,2332781695,16164,1144
28794.347656,2332789728,2332790866,16237,1138
28794.359686,2332798836,2332799982,16405,1146
28794.371693,2332807911,2332809045,16086,1134
28794.383724,2332817058,2332818193,16317,1135
28794.395754,2332826182,2332827329,16471,1147
28794.407774,2332835322,2332836463,16447,1141
28794.419794,2332844703,2332845849,16332,1146
28794.431822,2332853867,2332854998,16438,1131
28794.443831,2332862936,2332864080,16164,1144
28794.455862,2332872071,2332873212,16331,1141
28794.473895,2332885755,2332886896,16224,1141
28794.485926,2332894914,2332896052,16370,1138
28794.516989,2332920015,2332921158,16216,1143
28794.621184,2332997606,2332998743,16390,1137
28794.637699,2333010354,2333011495,16000,1141
28794.649736,2333019461,2333020606,16293,1145
28794.664751,2333030887,2333032026,16086,1139
28794.676783,2333040021,2333041140,16059,1119
28794.691802,2333051397,2333052541,16084,1144
28794.727871,2333078781,2333079911,16087,1130
28794.751934,2333090582,2333091188,12026,606
28794.765461,2333095683,2333096475,13536,792
28794.777481,2333104397,2333105530,16370,1133
28794.789496,2333113494,2333114633,16151,1139
28794.819561,2333136325,2333137468,16312,1143
28794.831583,2333145487,2333146625,16369,1138
28794.843599,2333154626,2333155769,16274,1143
28794.855626,2333163783,2333164934,16312,1151
28794.867653,2333172965,2333174107,16385,1142
28794.879667,2333182135,2333183278,16242,1143
28794.891695,2333191263,2333192414,16227,1151
28794.903718,2333200416,2333201557,16371,1141
28794.915736,2333209573,2333210719,16271,1146
28794.927765,2333218730,2333219872,16319,1142
28794.939787,2333227901,2333229038,16367,1137
28794.951805,2333237078,2333238224,16158,1146
28794.963832,2333246230,2333247376,16298,1146
28794.975857,2333255388,2333256534,16384,1146
28794.987873,2333264526,2333265673,16158,1147
28794.999902,2333273676,2333274816,16313,1140
28795.011924,2333282842,2333283992,16371,1150
28795.023942,2333292019,2333293157,16265,1138
28795.035974,2333301181,2333302328,16321,1147
28795.047995,2333310332,2333311463,16404,1131
28795.060010,2333319472,2333320619,16314,1147
28795.072039,2333328636,2333329782,16314,1146
28795.084064,2333337801,2333338947,16481,1146
28795.096086,2333346950,2333348096,16399,1146
28795.108110,2333356117,2333357259,16408,1142
28795.120131,2333365291,2333366429,16437,1138
28795.132148,2333374423,2333375574,16258,1151
28795.144178,2333383587,2333384732,16316,1145
28795.156201,2333392744,2333393885,16405,1141
28795.168216,2333401892,2333403038,16231,1146
28795.180245,2333411056,2333412202,16398,1146
28795.192270,2333420214,2333421360,16402,1146
28795.204285,2333429358,2333430505,16256,1147
28795.216315,2333438501,2333439645,16402,1144
28795.237354,2333454522,2333455660,16392,1138
28795.252385,2333463866,2333465010,16322,1144
28795.264406,2333473012,2333474143,16467,1131
28795.276422,2333482163,2333483304,16253,1141
28795.288453,2333491322,2333492473,16320,1151
28795.300476,2333500501,2333501645,16409,1144
28795.312491,2333509658,2333510809,16244,1151
28795.324520,2333518824,2333519970,16319,1146
28795.348559,2333537137,2333538290,16251,1153
28795.360590,2333546305,2333547456,16315,1151
28795.372611,2333555471,2333556617,16380,1146
28795.384628,2333564634,2333565778,16252,1144
28795.396657,2333573803,2333574946,16401,1143
28795.417699,2333589828,2333590980,16488,1152
28795.429714,2333598982,2333600129,16242,1147
28795.441743,2333608149,2333609297,16320,1148
28795.453764,2333617458,2333618594,16454,1136
28795.489833,2333644916,2333646054,16454,1138
28795.501853,2333654089,2333655236,16335,1147
28795.513878,2333663251,2333664397,16318,1146
28795.525903,2333672426,2333673561,16391,1135
28795.537919,2333681588,2333682739,16247,1151
28795.549949,2333690758,2333691901,16321,1143
28795.561972,2333699915,2333701055,16396,1140
28795.598040,2333727361,2333728499,16394,1138
28795.610057,2333736524,2333737672,16250,1148
28795.622084,2333745655,2333746801,16388,1146
28795.634109,2333754804,2333755950,16393,1146
28795.646125,2333763974,2333765121,16347,1147
28795.665172,2333780053,2333781199,16317,1146
28795.700229,2333805231,2333806382,16247,1151
28795.712257,2333814404,2333815542,16402,1138
28795.724282,2333823541,2333824693,16404,1152
28795.736297,2333832721,2333833868,16235,1147
28795.748327,2333841893,2333843049,16316,1156
28795.763348,2333853350,2333854497,16255,1147
28795.775379,2333862516,2333863658,16402,1142
28795.787400,2333871674,2333872820,16468,1146
28795.799417,2333880824,2333881969,16235,1145
28795.811448,2333889984,2333891127,16399,1143
28795.823470,2333899144,2333900295,16308,1151
28795.848515,2333919761,2333920908,16377,1147
28795.868555,2333933531,2333934678,16298,1147
28795.880571,2333942697,2333943833,16248,1136
28795.892600,2333951870,2333953017,16319,1147
28795.904624,2333961026,2333962168,16355,1142
28795.916640,2333970181,2333971327,16147,1146
28795.928669,2333979348,2333980494,16227,1146
28795.940691,2333988523,2333989666,16321,1143
28795.952708,2333997703,2333998848,16248,1145
28795.964739,2334006869,2334008023,16267,1154
28795.985778,2334022918,2334024060,16391,1142
28795.997794,2334032085,2334033221,16250,1136
28796.012830,2334043515,2334044659,16385,1144
28796.024846,2334052650,2334053795,16250,1145
28796.040889,2334066372,2334067513,16228,1141
28796.057916,2334077807,2334078947,16401,1140
28796.069932,2334087003,2334088141,16238,1138
28796.096983,2334107575,2334108716,16251,1141
28796.109013,2334116733,2334117880,16310,1147
28796.136065,2334137362,2334138505,16321,1143
28796.148087,2334146516,2334147672,16396,1156
28796.166122,2334160276,2334161417,16397,1141
28796.178137,2334169424,2334170576,16232,1152
28796.209201,2334194609,2334195757,16382,1148
28796.226236,2334206101,2334207246,16224,1145
28796.238259,2334215226,2334216373,16319,1147
28796.265310,2334235822,2334236966,16395,1144
28796.277326,2334245000,2334246141,16243,1141
28796.319411,2334277068,2334278221,16371,1153
28796.331428,2334286244,2334287386,16264,1142
28796.343456,2334295407,2334296553,16227,1146
28796.355480,2334304559,2334305706,16386,1147
28796.367497,2334313720,2334314866,16248,1146
28796.379525,2334322877,2334324018,16314,1141
28796.403566,2334341185,2334342328,16266,1143
28796.415594,2334350337,2334351481,16297,1144
28796.427616,2334359489,2334360627,16368,1138
28796.439634,2334368644,2334369790,16247,1146
28796.451662,2334377805,2334378953,16314,1148
28796.463686,2334386966,2334388107,16299,1141
28796.475702,2334396118,2334397256,16244,1138
28796.499755,2334414463,2334415619,16384,1156
28796.511772,2334423632,2334424779,16250,1147
28796.523802,2334432781,2334433919,16231,1138
28796.535827,2334441942,2334443084,16321,1142
28796.547840,2334451090,2334452242,16232,1152
28796.559869,2334460254,2334461399,16317,1145
28796.571893,2334469411,2334470549,16400,1138
28796.583916,2334478568,2334479716,16231,1148
28796.595939,2334487726,2334488871,16316,1145
28796.607961,2334496894,2334498040,16391,1146
28796.619977,2334506052,2334507199,16162,1147
28796.632008,2334515208,2334516358,16226,1150
28796.644031,2334524377,2334525523,16395,1146
28796.656046,2334533541,2334534684,16234,1143
28796.668075,2334542688,2334543831,16314,1143
28796.680099,2334551848,2334552989,16398,1141
28796.692114,2334561027,2334562174,16263,1147
28796.704144,2334570182,2334571320,16312,1138
28796.716165,2334579350,2334580500,16367,1150
28796.728183,2334588512,2334589659,16263,1147
28796.740210,2334597665,2334598811,16223,1146
28796.752237,2334606858,2334608003,16387,1145
28796.764252,2334616013,2334617159,16161,1146
28796.776279,2334625184,2334626325,16313,1141
28796.788302,2334634333,2334635471,16369,1138
28796.800320,2334643505,2334644642,16267,1137
28796.839399,2334673222,2334674364,16314,1142
28796.851424,2334682385,2334683531,16299,1146
28796.869458,2334696108,2334697249,16386,1141
28796.881480,2334705265,2334706411,16308,1146
28796.900522,2334721324,2334722467,16227,1143
28796.956624,2334762534,2334763673,16317,1139
28796.968648,2334771692,2334772838,16402,1146
28796.980670,2334780858,2334781999,16308,1141
28796.995698,2334792294,2334793435,16292,1141
28797.007715,2334801468,2334802611,16249,1143
28797.025749,2334815202,2334816340,16248,1138
28797.037778,2334824352,2334825504,16313,1152
28797.055812,2334838095,2334839243,16226,1148
28797.067837,2334847252,2334848389,16397,1137
28797.079859,2334856399,2334857545,16309,1146
28797.091884,2334865588,2334866730,16314,1142
28797.103904,2334874737,2334875883,16383,1146
28797.115920,2334883904,2334885056,16141,1152
28797.127951,2334893068,2334894214,16266,1146
28797.139974,2334902245,2334903392,16399,1147
28797.151989,2334911394,2334912541,16149,1147
28797.164018,2334920557,2334921704,16316,1147
28797.176045,2334929729,2334930872,16401,1143
28797.188058,2334938888,2334940035,16255,1147
28797.200088,2334948058,2334949200,16323,1142
28797.212110,2334957216,2334958362,16389,1146
28797.224126,2334966390,2334967528,16250,1138
28797.236155,2334975528,2334976675,16317,1147
28797.248180,2334984696,2334985830,16398,1134
28797.260195,2334993852,2334994993,16235,1141
28797.272223,2335003006,2335004152,16317,1146
28797.290259,2335016744,2335017887,16312,1143
28797.302282,2335025926,2335027068,16386,1142
28797.332332,2335048836,2335049982,16232,1146
28797.344361,2335058018,2335059155,16318,1137
28797.383436,2335087750,2335088898,16392,1148
28797.395452,2335096903,2335098044,16253,1141
28797.407483,2335106066,2335107212,16321,1146
28797.419504,2335115245,2335116391,16390,1146
28797.431520,2335124403,2335125548,16230,1145
28797.443550,2335133547,2335134693,16314,1146
28797.455574,2335142697,2335143840,16401,1143
28797.479620,2335161022,2335162169,16321,1147
28797.491644,2335170252,2335171400,16329,1148
28797.509674,2335184052,2335185199,16316,1147
28797.521697,2335193279,2335194431,16318,1152
28797.536725,2335204772,2335205919,16314,1147
28797.548750,2335213982,2335215130,16228,1148
28797.560772,2335223209,2335224361,16323,1152
28797.572794,2335232420,2335233573,16316,1153
28797.584819,2335241609,2335242760,16324,1151
28797.599846,2335253133,2335254290,16314,1157
28797.617880,2335266953,2335268095,16317,1142
28797.629903,2335276156,2335277318,16318,1162
28797.641926,2335285346,2335286488,16320,1142
28797.653949,2335294565,2335295722,16235,1157
28797.664332,2335303777,2335304935,16320,1158
28797.677996,2335313010,2335314167,16319,1157
28797.696030,2335326854,2335328002,16322,1148
28797.708054,2335336098,2335337245,16318,1147
28797.720077,2335345304,2335346461,16325,1157
28797.732098,2335354481,2335355629,16317,1148
28797.744123,2335363649,2335364801,16403,1152
28797.756138,2335372815,2335373962,16238,1147
28797.768167,2335381980,2335383126,16323,1146
28797.780191,2335391123,2335392267,16393,1144
28797.792207,2335400301,2335401453,16257,1152
28797.804237,2335409476,2335410619,16321,1143
28797.816259,2335418643,2335419789,16385,1146
28797.828275,2335427809,2335428956,16236,1147
28797.840304,2335436965,2335438111,16316,1146
28797.852329,2335446123,2335447265,16405,1142
28797.864344,2335455274,2335456419,16287,1145
28797.876374,2335464437,2335465580,16318,1143
28797.897413,2335480475,2335481628,16391,1153
28797.909432,2335489650,2335490797,16267,1147
28797.945498,2335517144,2335518285,16251,1141
28797.957526,2335526297,2335527444,16316,1147
28797.984579,2335546891,2335548034,16322,1143
28797.996601,2335556062,2335557205,16382,1143
28798.012630,2335569779,2335570927,16376,1148
28798.089772,2335627015,2335628153,16271,1138
28798.101802,2335636170,2335637316,16326,1146
28798.116824,2335647661,2335648808,16233,1147
28798.128853,2335656822,2335657960,16320,1138
28798.152893,2335675139,2335676281,16238,1142
28798.164922,2335684281,2335685427,16321,1146
28798.222032,2335727753,2335728900,16330,1147
28798.234047,2335736928,2335738070,16240,1142
28798.246076,2335746070,2335747222,16313,1152
28798.312202,2335796430,2335797572,16390,1142
28798.324220,2335805811,2335806949,16171,1138
28798.336246,2335814974,2335816121,16319,1147
28798.348271,2335824128,2335825270,16395,1142
28798.360287,2335833277,2335834420,16253,1143
28798.375321,2335844711,2335845849,16378,1138
28798.387338,2335853848,2335854991,16260,1143
28798.399368,2335862976,2335864122,16325,1146
28798.411389,2335872127,2335873273,16379,1146
28798.423407,2335881311,2335882457,16255,1146
28798.435435,2335890471,2335891621,16319,1150
28798.447459,2335899633,2335900774,16391,1141
28798.459475,2335908788,2335909935,16250,1147
28798.471505,2335917957,2335919095,16308,1138
28798.483526,2335927123,2335928264,16374,1141
28798.501561,2335940852,2335941993,16373,1141
28798.513579,2335950013,2335951157,16272,1144
28798.532627,2335966060,2335967193,16317,1133
28798.573699,2335995810,2335996953,16384,1143
28798.585716,2336004967,2336006109,16257,1142
28798.597747,2336014119,2336015265,16324,1146
28798.609768,2336023273,2336024419,16390,1146
28798.633814,2336041581,2336042727,16321,1146
28798.645838,2336050748,2336051889,16406,1141
28798.669884,2336069064,2336070211,16325,1147
28798.681905,2336078215,2336079353,16390,1138
28798.720973,2336107950,2336109097,16239,1147
28798.733001,2336117298,2336118435,16318,1137
28798.749037,2336130993,2336132147,16315,1154
28798.838196,2336197363,2336198510,16256,1147
28798.850224,2336206534,2336207680,16323,1146
28798.862246,2336215908,2336217055,16349,1147
28798.877279,2336227292,2336228436,16582,1144
28798.889294,2336236447,2336237588,16419,1141
28798.901312,2336245568,2336246688,16098,1120
28798.919350,2336259236,2336260388,16354,1152
28798.931382,2336268386,2336269532,16512,1146
28798.943397,2336277567,2336278714,16342,1147
28798.955415,2336286698,2336287820,16020,1122
28798.973449,2336300376,2336301497,16013,1121
28798.985484,2336309476,2336310608,16381,1132
28799.064632,2336370974,2336372120,16489,1146
28799.135758,2336423414,2336424531,16019,1117
28799.147791,2336432803,2336433961,16320,1158
28799.159817,2336442024,2336443176,16429,1152
28799.171833,2336451231,2336452383,16257,1152
28799.183861,2336460438,2336461591,16324,1153
28799.195882,2336469635,2336470782,16392,1147
28799.207899,2336478834,2336479979,16256,1145
28799.219929,2336488013,2336489159,16364,1146
28799.231947,2336497122,2336498269,16353,1147
28799.243964,2336506239,2336507360,16023,1121
28799.255999,2336515333,2336516468,16502,1135
28799.268013,2336524449,2336525592,16363,1143
28799.280032,2336533580,2336534695,16014,1115
28799.340152,2336579167,2336580310,16336,1143
28799.352169,2336588346,2336589467,16018,1121
28799.364202,2336597467,2336598618,16365,1151
28799.376220,2336606595,2336607736,16335,1141
28799.388238,2336615729,2336616854,16021,1125
28799.400273,2336624864,2336626009,16501,1145
28799.412289,2336633988,2336635138,16271,1150
28799.493443,2336695532,2336696670,16335,1138
28799.505461,2336704683,2336705804,16020,1121
28799.529512,2336722927,2336724067,16350,1140
28799.544548,2336734332,2336735470,16503,1138
28799.565580,2336750285,2336751427,16453,1142
28799.577598,2336759399,2336760519,16021,1120
28799.596644,2336775313,2336776454,16587,1141
28799.625703,2336795847,2336796997,16513,1150
28799.637718,2336804967,2336806113,16344,1146
28799.700838,2336852857,2336853999,16343,1142
28799.715872,2336864294,2336865440,16431,1146
28799.751942,2336891638,2336892777,16585,1139
28799.763957,2336900798,2336901942,16369,1144
28799.775975,2336909939,2336911059,16019,1120
28799.788010,2336919039,2336920184,16499,1145
28799.800026,2336928159,2336929297,16336,1138
28799.812048,2336937255,2336938404,16267,1149
28799.824080,2336946411,2336947550,16506,1139
28799.836098,2336955506,2336956653,16414,1147
28799.848112,2336964635,2336965761,16020,1126
28799.860144,2336973743,2336974879,16400,1136
28799.872163,2336982849,2336983985,16333,1136
28799.884181,2336991952,2336993073,16020,1121
28799.902215,2337005644,2337006761,16016,1117
28799.914249,2337014775,2337015916,16344,1141
28799.926267,2337023894,2337025035,16355,1141
28799.956331,2337046679,2337047800,16162,1121
28799.968354,2337055825,2337056966,16501,1141
28799.989386,2337071756,2337072897,16334,1141
28800.001404,2337080886,2337082002,16020,1116
28800.031474,2337103671,2337104809,16502,1138
28800.043489,2337112819,2337113957,16337,1138
28800.055519,2337121949,2337123069,16155,1120
28800.073541,2337135618,2337136738,16013,1120
28800.085577,2337144715,2337145852,16500,1137
28800.103611,2337158376,2337159521,16502,1145
28800.115628,2337167538,2337168695,16353,1157
28800.127644,2337176710,2337177831,16034,1121
28800.139679,2337185800,2337186945,16503,1145
28800.151695,2337194924,2337196066,16335,1142
28800.163713,2337204020,2337205146,16015,1126
28800.175748,2337213273,2337214423,16497,1150
28800.193782,2337226976,2337228115,16495,1139
28800.205798,2337236102,2337237253,16271,1151
28800.236862,2337261182,2337262322,16493,1140
28800.304986,2337311331,2337312468,16271,1137
28800.317004,2337320480,2337321601,15948,1121
28800.329039,2337329580,2337330720,16493,1140
28800.344055,2337340990,2337342108,16024,1118
28800.356088,2337350079,2337351220,16406,1141
28800.368107,2337359207,2337360353,16334,1146
28800.381138,2337370605,2337371745,16497,1140
28800.404175,2337386552,2337387693,16271,1141
28800.416192,2337395707,2337396824,16033,1117
28800.428228,2337404817,2337405996,16413,1179
28800.440244,2337413970,2337415110,16334,1140
28800.452274,2337423088,2337424216,16151,1128
28800.464297,2337432191,2337433332,16509,1141
28800.476312,2337441291,2337442429,16330,1138
28800.488329,2337450396,2337451516,16015,1120
28800.509380,2337466351,2337467497,16346,1146
28800.521398,2337475474,2337476611,16348,1137
28800.536433,2337486870,2337488015,16502,1145
28800.548449,2337496014,2337497160,16243,1146
28800.558977,2337504323,2337505490,16308,1167
28800.573993,2337515771,2337516897,16021,1126
28800.586028,2337524942,2337526082,16506,1140
28800.598044,2337534061,2337535209,16334,1148
28800.625095,2337554583,2337555724,16342,1141
28800.637113,2337563732,2337564852,16018,1120
28800.665178,2337586505,2337587644,16508,1139
28800.697233,2337609269,2337610412,16418,1143
28800.709250,2337618394,2337619520,16019,1126
28800.772370,2337666249,2337667376,16018,1127
28800.784406,2337675360,2337676510,16326,1150
28800.799434,2337686758,2337687875,16114,1117
28800.811457,2337695847,2337696994,16414,1147
28800.823473,2337704963,2337706115,16337,1152
28800.835490,2337714098,2337715220,16021,1122
28800.847526,2337723178,2337724328,16418,1150
28800.868558,2337739166,2337740309,16350,1143
28800.880576,2337748275,2337749395,15935,1120
28800.904626,2337766544,2337767692,16280,1148
28800.916645,2337775679,2337776796,15942,1117
28800.937697,2337791624,2337792769,16500,1145
28800.949713,2337800762,2337801899,16275,1137
28800.985781,2337828110,2337829256,16287,1146
28800.997811,2337837552,2337838673,16156,1121
28801.009834,2337846676,2337847816,16508,1140
28801.021850,2337855784,2337856930,16338,1146
28801.088982,2337908191,2337909337,16588,1146
28801.160107,2337960704,2337961831,16034,1127
28801.190179,2338000075,2338001328,16354,1253
28801.202198,2338014355,2338015567,16359,1212
28801.214217,2338028685,2338029904,16237,1219
28801.226247,2338043294,2338044584,16365,1290
28801.238265,2338056696,2338057936,16346,1240
28801.286353,2338118028,2338119366,16212,1338
28801.298382,2338131192,2338132400,16376,1208
28801.310402,2338144571,2338145841,16354,1270
28801.322423,2338159140,2338160447,16209,1307
28801.334452,2338173766,2338175123,16399,1357
28801.346469,2338188092,2338189372,16241,1280
28801.390051,2338243929,2338245287,16210,1358
28801.402081,2338256684,2338257978,16434,1294
28801.414097,2338270538,2338271823,16382,1285
28801.426119,2338285338,2338286717,16287,1379
28801.438152,2338300306,2338301670,16450,1364
28801.450171,2338314240,2338315517,16362,1277
28801.490744,2338366336,2338367728,16434,1392
28801.502765,2338379459,2338380732,16327,1273
28801.514794,2338392878,2338394146,16459,1268
28801.526813,2338407230,2338408513,16341,1283
28801.538836,2338421732,2338423114,16306,1382
28801.553866,2338440448,2338441764,16466,1316
28801.565888,2338453761,2338455019,16299,1258
28801.577916,2338468197,2338469444,16444,1247
28801.589934,2338483359,2338484642,16356,1283
28801.601954,2338498544,2338499833,16240,1289
28801.613985,2338512910,2338514169,16370,1259
28801.626002,2338526425,2338527679,16338,1254
28801.638024,2338541002,2338542229,16235,1227
28801.650053,2338555673,2338556950,16350,1277
28801.666580,2338575774,2338577022,16331,1248
28801.678599,2338589934,2338591236,16231,1302
28801.690630,2338602324,2338603559,16363,1235
28801.702649,2338616000,2338617211,16337,1211
28801.798836,2338735311,2338736529,16350,1218
28801.810850,2338748940,2338750181,16416,1241
28801.830398,2338770946,2338772133,16498,1187
28801.842413,2338784282,2338785493,16255,1211
28801.858944,2338802583,2338803856,16274,1273
28801.870972,2338814762,2338816040,16383,1278
28801.882990,2338826917,2338828191,16365,1274
28801.895010,2338839097,2338840375,16333,1278
28801.914550,2338859341,2338860593,16408,1252
28801.926573,2338871500,2338872823,16290,1323
28801.938601,2338883720,2338884992,16389,1272
28801.950619,2338895862,2338897104,16370,1242
28801.962639,2338908006,2338909245,16249,1239
28801.974669,2338920682,2338921796,16032,1114
28801.991196,2338933979,2338934856,14811,877
28802.003218,2338941690,2338942360,13868,670
28802.015249,2338948415,2338949043,13166,628
28802.027265,2338954736,2338955365,13084,629
28802.039292,2338961093,2338961717,13053,624
28802.051315,2338967434,2338968060,13096,626
28802.066337,2338975512,2338976129,13045,617
28802.078368,2338981833,2338982459,13112,626
28802.090384,2338988130,2338988762,13000,632
28802.102405,2338994444,2338995063,12982,619
28802.121946,2339005181,2339005808,13069,627
28802.133967,2339011662,2339012282,12976,620
28802.145998,2339018464,2339019091,13135,627
28802.158015,2339025313,2339025935,13067,622
28802.170035,2339031489,2339032108,12990,619
28802.182066,2339038320,2339038947,13092,627
28802.210612,2339054194,2339054826,12980,632
28802.222642,2339060385,2339061012,13090,627
28802.234661,2339066446,2339067071,13130,625
28802.246681,2339072714,2339073334,12981,620
28802.258713,2339079114,2339079728,13105,614
28802.270727,2339084933,2339085560,13070,627
28802.287263,2339092991,2339093617,13045,626
28802.299286,2339098824,2339099450,13097,626
28802.311304,2339104629,2339105254,13073,625
28802.323324,2339110414,2339111035,12984,621
28802.333849,2339115603,2339116224,13108,621
28802.415003,2339157304,2339157929,13116,625
28802.427024,2339163180,2339163807,12983,627
28802.439052,2339168620,2339169247,13079,627
28802.451071,2339174354,2339174975,13070,621
28802.463092,2339179795,2339180412,12994,617
28802.475122,2339185185,2339185802,13097,617
28802.487139,2339190709,2339191335,13053,626
28802.499161,2339196305,2339196932,13033,627
28802.511190,2339201950,2339202571,13105,621
28802.526213,2339208748,2339209372,12970,624
28802.538243,2339214395,2339215009,13156,614
28802.550261,2339219977,2339220598,13069,621
28802.562281,2339225430,2339226056,12983,626
28802.574312,2339230750,2339231369,13103,619
28802.586328,2339236343,2339236972,12988,629
28802.598350,2339242105,2339242723,12977,618
28802.614889,2339250106,2339250738,13077,632
28802.626906,2339255602,2339256224,13142,622
28802.638926,2339261407,2339262026,13058,619
28802.650958,2339266476,2339267097,9603,621
28802.693027,2339279819,2339280421,11823,602
28802.826790,2339321011,2339321619,9189,608
28802.838809,2339324922,2339325520,9234,598
28802.850830,2339328901,2339329503,11836,602
28802.862861,2339332935,2339333534,12148,599
28802.874875,2339336791,2339337386,9213,595
28802.886901,2339340619,2339341228,8958,609
28802.898932,2339344500,2339345083,9279,583
28802.910944,2339348322,2339348925,9254,603
28802.922960,2339352152,2339352754,8861,602
28802.934995,2339356017,2339356615,9200,598
28802.947013,2339359889,2339360488,9261,599
28802.959035,2339363856,2339364456,11840,600
28802.971063,2339367970,2339368554,11944,584
28802.983082,2339371916,2339372515,9084,599
28803.031178,2339386963,2339387565,8994,602
28803.043204,2339391027,2339391633,12072,606
28803.055220,2339394994,2339395591,12081,597
28803.067240,2339398961,2339399568,11812,607
28803.079271,2339402978,2339403582,12085,604
28803.091286,2339406975,2339407570,12053,595
28803.103311,2339410918,2339411515,11858,597
28803.115342,2339414935,2339415513,11976,578
28803.125850,2339418257,2339418859,8851,602
28803.137889,2339422139,2339422722,9208,583
28803.149903,2339426021,2339426468,7357,447
28803.161923,2339429734,2339430332,11993,598
28803.173955,2339433566,2339434144,9185,578
28803.185972,2339437416,2339438020,9275,604
28803.197986,2339441242,2339441839,8763,597
28803.210017,2339445100,2339445704,9220,604
28803.222039,2339448985,2339449584,9255,599
28803.234063,2339452839,2339453433,8991,594
28803.246089,2339456808,2339457385,11964,577
28803.258109,2339460648,2339461239,9259,591
28803.270124,2339464446,2339465043,8849,597
28803.282157,2339468338,2339468937,9239,599
28803.294175,2339472233,2339472837,9229,604
28803.306194,2339476022,2339476624,8849,602
28803.318228,2339479838,2339480437,9262,599
28803.330244,2339483707,2339484311,9093,604
28803.342261,2339487530,2339488131,8849,601
28803.354296,2339491392,2339491974,9225,582
28803.366309,2339495365,2339495967,12035,602
28803.378340,2339499324,2339499923,12028,599
28803.390362,2339503177,2339503781,9182,604
28803.402380,2339507020,2339507616,9150,596
28803.414396,2339510845,2339511446,8882,601
28803.426429,2339514702,2339515306,9202,604
28803.438450,2339518589,2339519193,9272,604
28803.450466,2339522451,2339523048,8891,597
28803.462498,2339526437,2339527030,12080,593
28803.474515,2339530273,2339530868,9256,595
28803.486535,2339534093,2339534690,8861,597
28803.498570,2339537971,2339538554,9233,583
28803.510584,2339541792,2339542388,9267,596
28803.522607,2339546430,2339547033,11969,603
28803.534636,2339552453,2339553574,16368,1121
28803.546653,2339561164,2339562071,10113,907
28803.558672,2339565912,2339566514,8803,602
28803.570707,2339569788,2339570387,9254,599
28803.582723,2339573818,2339574422,12043,604
28803.594745,2339577807,2339578411,11998,604
28803.606780,2339581685,2339582263,9231,578
28803.618791,2339585517,2339586118,9207,601
28803.630817,2339589358,2339589957,9015,599
28803.642849,2339593246,2339593829,9169,583
28803.657865,2339600125,2339601241,15866,1116
28803.669894,2339613050,2339614185,16376,1135
28803.681913,2339627581,2339628719,16360,1138
28803.742032,2339705392,2339706610,16368,1218
28803.754048,2339720084,2339721269,16347,1185
28803.766069,2339734715,2339735926,16229,1211
28803.778098,2339749342,2339750557,16373,1215
28803.790117,2339763993,2339765176,16351,1183
28803.802137,2339778492,2339779713,16232,1221
28803.814168,2339792987,2339794203,16376,1216
28803.826186,2339806691,2339807885,16249,1194
28803.838206,2339819355,2339820535,16224,1180
28803.850239,2339832151,2339833340,16414,1189
28803.860331,2339842898,2339844077,16234,1179
28803.878785,2339851110,2339851717,11957,607
28803.888339,2339857864,2339859002,16361,1138
28803.902840,2339869260,2339870348,16090,1088
28803.914851,2339880362,2339881463,15821,1101
28803.926882,2339891313,2339892409,15906,1096
28803.938905,2339902278,2339903382,15964,1104
28803.950923,2339913425,2339914535,15853,1110
28803.962949,2339924413,2339925519,15899,1106
28803.974971,2339935125,2339936226,15912,1101
28803.986988,2339946228,2339947329,15838,1101
28803.999020,2339957340,2339958435,15906,1095
28804.011042,2339967917,2339969013,15943,1096
28804.023062,2339979202,2339980298,15906,1096
28804.035087,2339990153,2339991253,15882,1100
28804.047110,2340000874,2340001970,15963,1096
28804.059125,2340011158,2340012264,15827,1106
28804.071155,2340021804,2340022909,15907,1105
28804.083177,2340032677,2340033783,15970,1106
28804.095194,2340043430,2340044526,15839,1096
28804.107225,2340054439,2340055522,15903,1083
28804.119246,2340065203,2340066304,15972,1101
28804.131262,2340076189,2340077287,15827,1098
28804.143291,2340086649,2340087756,15898,1107
28804.155316,2340097499,2340098598,15977,1099
28804.167331,2340108347,2340109448,15828,1101
28804.179361,2340119698,2340120803,15896,1105
28804.189876,2340129767,2340130872,15785,1105
28804.201904,2340141751,2340142870,15900,1119
28804.230452,2340166753,2340167847,15826,1094
28804.242480,2340177838,2340178939,15902,1101
28804.254506,2340189211,2340190307,15993,1096
28804.274042,2340207320,2340208433,15907,1113
28804.286066,2340218838,2340219948,15989,1110
28804.298081,2340229986,2340231086,15824,1100
28804.310110,2340241020,2340242120,15907,1100
28804.326644,2340257088,2340258188,15988,1100
28804.338658,2340268477,2340269581,15828,1104
28804.350686,2340279874,2340280983,15899,1109
28804.362711,2340292193,2340293304,15963,1111
28804.382249,2340312039,2340313144,15912,1105
28804.394271,2340320018,2340321113,15697,1095
28804.406288,2340331680,2340332779,15835,1099
28804.418317,2340343855,2340344958,15902,1103
28804.428335,2340355416,2340356525,15949,1109
28804.442355,2340367433,2340368547,15843,1114
28804.458893,2340384362,2340385476,15920,1114
28804.470914,2340395179,2340396275,15915,1096
28804.482931,2340406919,2340408027,15853,1108
28804.492335,2340416850,2340417955,15919,1105
28804.511492,2340435518,2340436630,15962,1112
28804.522012,2340445902,2340447014,15906,1112
28804.534038,2340458352,2340459457,15976,1105
28804.544338,2340470058,2340471167,15803,1109
28804.562591,2340487485,2340488592,15898,1107
28804.574614,2340499381,2340500490,15981,1109
28804.584643,2340509595,2340510691,15823,1096
28804.600154,2340520552,2340521658,15857,1106
28804.621199,2340535903,2340536997,15911,1094
28804.636222,2340546826,2340547925,15838,1099
28804.648250,2340555578,2340556676,15900,1098
28804.660274,2340564376,2340565474,15841,1098
28804.672300,2340573171,2340574270,15909,1099
28804.684321,2340581974,2340583078,15822,1104
28804.696345,2340590780,2340591879,15909,1099
28804.708367,2340599572,2340600670,15868,1098
28804.720390,2340608329,2340609422,15905,1093
28804.732414,2340617044,2340618114,15997,1070
28804.747441,2340627908,2340629001,15897,1093
28804.759463,2340636644,2340637737,15973,1093
28804.771479,2340645398,2340646483,15822,1085
28804.783508,2340654102,2340655190,15907,1088
28804.795533,2340662834,2340663927,15993,1093
28804.807550,2340671479,2340672572,15826,1093
28804.819579,2340680189,2340681276,15909,1087
28804.843619,2340697616,2340698709,15870,1093
28804.855647,2340706358,2340707426,15908,1068
28804.867670,2340715054,2340716142,15918,1088
28804.903737,2340741241,2340742334,15977,1093
28804.915760,2340749949,2340751037,15904,1088
28804.927783,2340758661,2340759726,15909,1065
28804.939805,2340767330,2340768416,15936,1086
28804.951822,2340776017,2340777110,15862,1093
28804.963851,2340784748,2340785836,15906,1088
28804.975874,2340793482,2340794575,16057,1093
28804.987891,2340802172,2340803260,15737,1088
28804.999918,2340810854,2340811942,15903,1088
28805.011943,2340819565,2340820663,15982,1098
28805.023959,2340828272,2340829369,15771,1097
28805.035989,2340836977,2340838065,15906,1088
28805.048010,2340845721,2340846809,15849,1088
28805.060028,2340854453,2340855546,15855,1093
28805.072056,2340863132,2340864220,15907,1088
28805.088591,2340875511,2340876609,15987,1098
28805.100605,2340884263,2340885356,15827,1093
28805.112634,2340892964,2340894034,15905,1070
28805.124657,2340901670,2340902759,15967,1089
28805.136674,2340910373,2340911471,15844,1098
28805.148704,2340919021,2340920114,15915,1093
28805.163731,2340929910,2340930998,15914,1088
28805.175754,2340938621,2340939714,15996,1093
28805.193788,2340951641,2340952725,15989,1084
28805.205813,2340960366,2340961452,15995,1086
28805.223846,2340973469,2340974566,15975,1097
28805.235863,2340982215,2340983284,15932,1069
28805.247893,2340990930,2340992022,15906,1092
28805.265926,2341003971,2341005064,15911,1093
28805.277950,2341012673,2341013761,15904,1088
28805.292977,2341023680,2341024769,15906,1089
28805.305002,2341032349,2341033441,15990,1092
28805.320030,2341043221,2341044309,15906,1088
28805.332052,2341051959,2341053028,15945,1069
28805.350086,2341064980,2341066068,15941,1088
28805.362108,2341073627,2341074715,15906,1088
28805.377139,2341084477,2341085569,15987,1092
28805.392166,2341095363,2341096451,15908,1088
28805.404191,2341104086,2341105178,15994,1092
28805.416206,2341112769,2341113857,15757,1088
28805.428236,2341121470,2341122558,15821,1088
28805.440257,2341130170,2341131267,15928,1097
28805.452274,2341138851,2341139939,15822,1088
28805.464303,2341147583,2341148671,15912,1088
28805.476328,2341156286,2341157374,15991,1088
28805.491355,2341167156,2341168249,15905,1093
28805.503379,2341175852,2341176922,15949,1070
28805.515394,2341184574,2341185662,15839,1088
28805.527425,2341193267,2341194360,15907,1093
28805.539446,2341201969,2341203031,15973,1062
28805.551463,2341210625,2341211718,15849,1093
28805.563492,2341219362,2341220455,15910,1093
28805.575516,2341228030,2341229123,15989,1093
28805.599560,2341245432,2341246525,15912,1093
28805.611583,2341254119,2341255211,15913,1092
28805.623600,2341262829,2341263921,15760,1092
28805.635630,2341271510,2341272598,15820,1088
28805.647652,2341280230,2341281318,15900,1088
28805.659674,2341288925,2341290012,15906,1087
28805.671698,2341297636,2341298734,15906,1098
28805.689731,2341310692,2341311794,15965,1102
28805.701756,2341319453,2341320545,15991,1092
28805.737823,2341345602,2341346689,15973,1087
28805.749840,2341354238,2341355326,15846,1088
28805.779904,2341376064,2341377150,15911,1086
28805.791928,2341384734,2341385832,15992,1098
28805.803943,2341393446,2341394534,15834,1088
28805.815973,2341402157,2341403250,15905,1093
28805.827995,2341410871,2341411958,15976,1087
28805.840011,2341419564,2341420633,15848,1069
28805.864065,2341436979,2341438066,15991,1087
28805.876080,2341445658,2341446745,15835,1087
28805.888109,2341454359,2341455452,15988,1093
28805.909148,2341469582,2341470675,15914,1093
28805.921166,2341478263,2341479351,15860,1088
28805.945217,2341495673,2341496761,15962,1088
28805.957239,2341504351,2341505438,15861,1087
28805.984286,2341523961,2341525048,15843,1087
28806.029371,2341556511,2341557599,15862,1088
28806.041402,2341565213,2341566311,15911,1098
28806.053424,2341573942,2341575028,15958,1086
28806.065440,2341582649,2341583719,15845,1070
28806.077467,2341591251,2341592344,15909,1093
28806.089492,2341599955,2341601046,15979,1091
28806.101509,2341608685,2341609778,15843,1093
28806.119543,2341621771,2341622864,15847,1093
28806.131574,2341630447,2341631545,15988,1098
28806.143595,2341639161,2341640247,15977,1086
28806.155617,2341647868,2341648950,15905,1082
28806.167640,2341656573,2341657661,15908,1088
28806.179665,2341665294,2341666380,15905,1086
28806.191681,2341673976,2341675069,15834,1093
28806.203709,2341682643,2341683741,15911,1098
28806.215732,2341691331,2341692429,15972,1098
28806.227748,2341700060,2341701147,15842,1087
28806.239779,2341708770,2341709844,15912,1074
28806.260820,2341723967,2341725054,15990,1087
28806.272835,2341732661,2341733753,15743,1092
28806.293881,2341747916,2341749009,15910,1093
28806.305904,2341756613,2341757709,15916,1096
28806.324947,2341771811,2341772903,15847,1092
28806.344972,2341784891,2341785983,15847,1092
28806.357001,2341793632,2341794731,15912,1099
28806.381040,2341811030,2341812118,15829,1088
28806.393069,2341819741,2341820834,15910,1093
28806.414110,2341834956,2341836049,15977,1093
28806.426126,2341843686,2341844779,15848,1093
28806.438156,2341852434,2341853492,15822,1058
28806.460699,2341868746,2341869838,15900,1092
28806.472723,2341877541,2341878638,15885,1097
28806.484743,2341886335,2341887433,15904,1098
28806.499774,2341897287,2341898385,15903,1098
28806.513299,2341907372,2341908469,15887,1097
28806.525321,2341916168,2341917266,15909,1098
28806.537343,2341924961,2341926059,15906,1098
28806.549367,2341933746,2341934834,15906,1088
28806.567400,2341946868,2341947955,15962,1087
28806.579418,2341955538,2341956625,15774,1087
28806.591446,2341964246,2341965329,15821,1083
28806.612487,2341979490,2341980578,15980,1088
28806.624503,2341988162,2341989249,15757,1087
28806.636531,2341996782,2341997875,15820,1093
28806.663584,2342016382,2342017470,15907,1088
28806.675606,2342025082,2342026170,15962,1088
28806.687623,2342033777,2342034864,15862,1087
28806.705657,2342046824,2342047920,15837,1096
28806.717685,2342055539,2342056627,15886,1088
28806.777795,2342099050,2342100141,15857,1091
28806.789824,2342107775,2342108864,15836,1089
28806.880997,2342175073,2342176166,15961,1093
28806.922069,2342203350,2342204446,15844,1096
28806.934098,2342212109,2342213202,15907,1093
28806.952134,2342225142,2342226234,15910,1092
28806.964156,2342233874,2342234966,15978,1092
28806.976172,2342242618,2342243705,15844,1087
28806.988203,2342251335,2342252420,15909,1085
28807.006236,2342264400,2342265493,15911,1093
28807.018260,2342273100,2342274193,15989,1093
28807.081379,2342318814,2342319879,15973,1065
28807.093395,2342327515,2342328613,15846,1098
28807.120447,2342347108,2342348200,15826,1092
28807.132477,2342355804,2342356874,15907,1070
28807.195597,2342401489,2342402577,15905,1088
28807.207620,2342410214,2342411307,15989,1093
28807.219636,2342418941,2342420028,15835,1087
28807.231664,2342427657,2342428745,15909,1088
28807.243688,2342436365,2342437458,15990,1093
28807.255704,2342445074,2342446172,15848,1098
28807.273738,2342458087,2342459179,15843,1092
28807.285768,2342466788,2342467876,15910,1088
28807.309807,2342484204,2342485297,15830,1093
28807.321836,2342492896,2342493981,15909,1085
28807.333860,2342501573,2342502671,15989,1098
28807.345883,2342510315,2342511407,15906,1092
28807.357906,2342519020,2342520118,15910,1098
28807.369927,2342527738,2342528825,15973,1087
28807.413009,2342560388,2342561480,15986,1092
28807.460099,2342593016,2342594103,15973,1087
28807.472115,2342601705,2342602797,15850,1092
28807.484146,2342610426,2342611520,15905,1094
28807.496168,2342619142,2342620234,15910,1092
28807.508184,2342627835,2342628928,15826,1093
28807.520213,2342636554,2342637641,15884,1087
28807.532237,2342645269,2342646362,15990,1093
28807.544262,2342654000,2342655098,15908,1098
28807.556283,2342662701,2342663794,15909,1093
28807.571304,2342673542,2342674638,15845,1096
28807.583335,2342682241,2342683316,15910,1075
28807.595357,2342690937,2342692000,15831,1063
28807.607373,2342699494,2342700567,15835,1073
28807.619401,2342708177,2342709270,15906,1093
28807.632432,2342719070,2342720157,15834,1087
28807.736625,2342793025,2342794112,15906,1087
28807.748647,2342801762,2342802849,15957,1087
28807.784714,2342827803,2342828895,15973,1092
28807.796733,2342836471,2342837553,15843,1082
28807.808760,2342845168,2342846266,15905,1098
28807.820785,2342853860,2342854940,15975,1080
28807.841824,2342869100,2342870188,15985,1088
28807.853847,2342877766,2342878847,15989,1081
28807.883903,2342899526,2342900610,15961,1084
28807.913956,2342921291,2342922379,15843,1088
28807.925983,2342929982,2342931070,15905,1088
28807.938008,2342938659,2342939745,15995,1086
28807.950026,2342947305,2342948393,15859,1088
28807.977075,2342966863,2342967951,15843,1088
28807.989106,2342975567,2342976664,15906,1097
28808.049213,2343019055,2343020142,15848,1087
28808.061244,2343027784,2343028877,15826,1093
28808.073265,2343036505,2343037598,15972,1093
28808.088295,2343047437,2343048528,15968,1091
28808.100313,2343056176,2343057234,15851,1058
28808.121347,2343071330,2343072414,15626,1084
28808.133377,2343079912,2343081004,15959,1092
28808.157416,2343097158,2343098242,15629,1084
28808.169446,2343105862,2343106921,15967,1059
28808.181466,2343114529,2343115622,15925,1093
28808.194992,2343126919,2343128019,15895,1100
28808.207013,2343138030,2343139129,15867,1099
28808.219045,2343149179,2343150260,15838,1081
28808.234059,2343160097,2343161187,15587,1090
28808.258115,2343179099,2343180185,15774,1086
28808.270135,2343190150,2343191235,15652,1085
28808.285163,2343202692,2343203787,15789,1095
28808.297185,2343212184,2343213273,15662,1089
28808.309211,2343221677,2343222772,15858,1095
28808.324233,2343234121,2343235210,15620,1089
28808.336262,2343243639,2343244723,15909,1084
28808.348284,2343253188,2343254283,15886,1095
28808.360308,2343262674,2343263766,15630,1092
28808.373832,2343273332,2343274424,15823,1092
28808.397879,2343292390,2343293448,15929,1058
28808.409901,2343303780,2343304863,15676,1083
28808.429438,2343318416,2343319504,15921,1088
28808.445966,2343334308,2343335408,15604,1100
28808.460997,2343346061,2343347153,15960,1092
28808.482033,2343362084,2343363169,15620,1085
28808.498571,2343377663,2343378762,15945,1099
28808.510592,2343387962,2343389064,15969,1102
28808.522611,2343397495,2343398584,15626,1089
28808.536144,2343407867,2343408959,15709,1092
28808.552673,2343421857,2343422956,15941,1099
28808.573711,2343437918,2343439006,15961,1088
28808.587231,2343450341,2343451440,15796,1099
28808.600763,2343461399,2343462494,15965,1095
28808.617293,2343475420,2343476515,15802,1095
28808.629321,2343484950,2343486048,15966,1098
28808.644342,2343497424,2343498521,15622,1097
28808.665388,2343513489,2343514587,15939,1098
28808.678919,2343526068,2343527170,15983,1102
28808.692445,2343537194,2343538297,15989,1103
28808.704460,2343546737,2343547836,15962,1099
28808.716480,2343556254,2343557352,15630,1098
28808.733019,2343570162,2343571257,15960,1095
28808.748042,2343582973,2343584078,15817,1105
28808.760072,2343592921,2343594032,15916,1111
28808.779602,2343608410,2343609513,15823,1103
28808.790128,2343618064,2343619169,15942,1105
28808.802145,2343627684,2343628775,15837,1091
28808.817176,2343640225,2343641320,16047,1095
28808.838213,2343656323,2343657411,15833,1088
28808.850241,2343667342,2343668444,15952,1102
28808.865262,2343679902,2343681000,15592,1098
28808.880296,2343692430,2343693525,15934,1095
28808.892314,2343701960,2343703053,15597,1093
28808.904343,2343711445,2343712537,15949,1092
28808.925380,2343727490,2343728578,15946,1088
28808.941915,2343743594,2343744691,15863,1097
28808.956941,2343755546,2343756646,15935,1100
28808.979484,2343773939,2343775032,15960,1093
28808.990012,2343783854,2343784955,15932,1101
28809.004532,2343796268,2343797355,15965,1087
28809.018563,2343807347,2343808451,15843,1104
28809.032088,2343818000,2343819093,15678,1093
28809.044113,2343827634,2343828729,15968,1095
28809.056131,2343836776,2343837869,15935,1093
28809.068148,2343845463,2343846553,15624,1090
28809.080177,2343854156,2343855220,15956,1064
28809.092199,2343862824,2343863917,15942,1093
28809.104216,2343871447,2343872538,15702,1091
28809.125263,2343886601,2343887694,15947,1093
28809.137286,2343895270,2343896362,16034,1092
28809.149302,2343903920,2343905005,15630,1085
28809.161333,2343912555,2343913648,15951,1093
28809.173352,2343921209,2343922297,15959,1088
28809.185374,2343929908,2343930995,15825,1087
28809.200404,2343940751,2343941843,15964,1092
28809.212417,2343949526,2343950621,15560,1095
28809.257511,2343982290,2343983383,15914,1093
28809.269537,2343991017,2343992101,15988,1084
28809.281558,2343999706,2344000794,15938,1088
28809.293576,2344008324,2344009381,15668,1057
28809.305606,2344016937,2344018030,15955,1093
28809.320628,2344027790,2344028881,15700,1091
28809.332660,2344036469,2344037562,16081,1093
28809.344678,2344045154,2344046241,16047,1087
28809.356697,2344053790,2344054875,15710,1085
28809.407798,2344090506,2344091587,15973,1081
28809.419816,2344099129,2344100212,15702,1083
28809.431849,2344107827,2344108914,15985,1087
28809.443866,2344116455,2344117547,15965,1092
28809.461901,2344129464,2344130552,15972,1088
28809.473919,2344138166,2344139256,15672,1090
28809.564091,2344203243,2344204328,15627,1085
28809.576120,2344211901,2344212988,15952,1087
28809.588142,2344220555,2344221642,15846,1087
28809.606175,2344233496,2344234589,15959,1093
28809.618194,2344242177,2344243256,15626,1079
28809.642243,2344259534,2344260602,15964,1068
28809.654262,2344268084,2344269169,15627,1085
28809.666292,2344276693,2344277780,15953,1087
28809.693347,2344296120,2344297207,16043,1087
28809.705364,2344304782,2344305870,15970,1088
28809.768483,2344350271,2344351362,15968,1091
28809.780505,2344358921,2344359985,15832,1064
28809.816574,2344384906,2344385998,15830,1092
28809.828605,2344393589,2344394680,16004,1091
28809.840621,2344402288,2344403375,15969,1087
28809.852640,2344410949,2344412036,15632,1087
28809.864669,2344419521,2344420589,16030,1068
28809.876691,2344428169,2344429267,15931,1098
28809.897725,2344443293,2344444355,15630,1062
28809.909757,2344451948,2344453015,15807,1067
28809.921775,2344460542,2344461640,15964,1098
28809.975877,2344499404,2344500492,15849,1088
28809.987897,2344508042,2344509127,15602,1085
28809.999930,2344516727,2344517815,15966,1088
28810.011947,2344525375,2344526468,15972,1093
28810.029984,2344538336,2344539422,15949,1086
28810.042000,2344547033,2344548118,15549,1085
28810.078071,2344572939,2344574025,15842,1086
28810.090097,2344581564,2344582651,15943,1087
28810.153218,2344626964,2344628057,16038,1093
28810.165238,2344635627,2344636714,16048,1087
28810.177260,2344644290,2344645383,15906,1093
28810.213326,2344670274,2344671359,15704,1085
28810.225358,2344678842,2344679929,16081,1087
28810.237375,2344687466,2344688558,15970,1092
28810.249396,2344696124,2344697214,15626,1090
28810.279462,2344717826,2344718913,15964,1087
28810.291478,2344726452,2344727550,15967,1098
28810.309513,2344739360,2344740452,15970,1092
28810.321539,2344747946,2344749031,15713,1085
28810.384651,2344793362,2344794441,15668,1079
28810.396680,2344802045,2344803104,15958,1059
28810.441771,2344834335,2344835400,15967,1065
28810.453788,2344842997,2344844084,15960,1087
28810.465806,2344851639,2344852700,15631,1061
28810.477840,2344860306,2344861372,15808,1066
28810.489856,2344868973,2344870064,15966,1091
28810.501874,2344877677,2344878746,15595,1069
28810.592046,2344942537,2344943622,15627,1085
28810.604075,2344951208,2344952306,15962,1098
28810.622113,2344964244,2344965308,15992,1064
28810.634130,2344972902,2344973994,15964,1092
28810.652164,2344985890,2344986986,15964,1096
28810.664183,2344994568,2344995630,15625,1062
28810.676216,2345003169,2345004233,15965,1064
28810.688233,2345011830,2345012917,15970,1087
28810.709268,2345027027,2345028117,15621,1090
28810.721301,2345035663,2345036760,15995,1097
28810.751349,2345057295,2345058375,15887,1080
28810.763371,2345065855,2345066940,15704,1085
28810.775405,2345074497,2345075595,16048,1098
28810.793435,2345087448,2345088535,15954,1087
28810.808457,2345098198,2345099283,15664,1085
28810.820490,2345106819,2345107917,16084,1098
28810.832507,2345115432,2345116501,15961,1069
28810.847540,2345126179,2345127200,15811,1021
28810.859559,2345134862,2345135948,15948,1086
28810.871580,2345143462,2345144554,15827,1092
28810.889615,2345156493,2345157586,15828,1093
28810.901641,2345165149,2345166244,15952,1095
28810.913661,2345173822,2345174909,15962,1087
28810.931696,2345186772,2345187859,15968,1087
28810.943715,2345195405,2345196495,15627,1090
28810.955744,2345204074,2345205110,15948,1036
28810.973782,2345216942,2345218034,15955,1092
28810.985799,2345225603,2345226700,15961,1097
28811.000832,2345236325,2345237391,15814,1066
28811.012850,2345244992,2345246079,15964,1087
28811.027881,2345255760,2345256857,15941,1097
28811.039901,2345264377,2345265464,15958,1087
28811.051921,2345272995,2345274059,15636,1064
28811.063952,2345281627,2345282718,15965,1091
28811.075971,2345290273,2345291366,15934,1093
28811.087989,2345298947,2345300037,15627,1090
28811.100023,2345307594,2345308687,15969,1093
28811.112039,2345316277,2345317369,15966,1092
28811.124058,2345324946,2345326031,15627,1085
28811.136087,2345333570,2345334658,15951,1088
28811.148107,2345342206,2345343293,15917,1087
28811.166143,2345356655,2345357738,15809,1083
28811.184176,2345369702,2345370787,15962,1085
28811.196195,2345378287,2345379372,15633,1085
28811.214237,2345391326,2345392421,15747,1095
28811.226258,2345400033,2345401126,16035,1093
28811.238279,2345408675,2345409734,16040,1059
28811.248327,2345417270,2345418320,15629,1050
28811.265330,2345428094,2345429181,15930,1087
28811.280361,2345438977,2345440064,16024,1087
28811.292381,2345447659,2345448745,15960,1086
28811.304401,2345456254,2345457339,15626,1085
28811.325447,2345471435,2345472498,15949,1063
28811.337467,2345480097,2345481189,15962,1092
28811.352501,2345490913,2345491979,15801,1066
28811.364518,2345499577,2345500670,15847,1093
28811.376538,2345508263,2345509343,15590,1080
28811.391570,2345519059,2345520151,15967,1092
28811.403590,2345527678,2345528762,15630,1084
28811.415621,2345536297,2345537384,16000,1087
28811.427640,2345544969,2345546056,15936,1087
28811.439658,2345553571,2345554626,15627,1055
28811.451690,2345562233,2345563298,15782,1065
28811.463707,2345570871,2345571930,15855,1059
28811.475728,2345579524,2345580607,15592,1083
28811.487756,2345588127,2345589197,15947,1070
28811.505790,2345601015,2345602102,15952,1087
28811.517813,2345609718,2345610804,15950,1086
28811.529829,2345618312,2345619397,15624,1085
28811.541858,2345627000,2345628087,15949,1087
28811.553879,2345635629,2345636716,15957,1087
28811.565901,2345644235,2345645293,15832,1058
28811.577927,2345652862,2345653949,15944,1087
28811.592949,2345663642,2345664727,15630,1085
28811.604978,2345672322,2345673408,15942,1086
28811.620001,2345683093,2345684183,15629,1090
28811.632030,2345691776,2345692868,15953,1092
28811.644052,2345700513,2345701581,15937,1068
28811.656069,2345709140,2345710224,15545,1084
28811.668103,2345717769,2345718855,15963,1086
28811.680119,2345726395,2345727487,15960,1092
28811.692138,2345735020,2345736105,15703,1085
28811.704167,2345743642,2345744700,16028,1058
28811.716190,2345752239,2345753326,15955,1087
28811.728207,2345760877,2345761972,15628,1095
28811.740235,2345769568,2345770660,15957,1092
28811.758273,2345782543,2345783609,15884,1066
28811.773293,2345793276,2345794366,15602,1090
28811.785322,2345801913,2345803006,16031,1093
28811.800344,2345812665,2345813748,15636,1083
28811.812376,2345821326,2345822413,16005,1087
28811.827395,2345832175,2345833242,15705,1067
28811.839424,2345840832,2345841896,16029,1064
28811.851445,2345849419,2345850505,15975,1086
28811.864476,2345860226,2345861290,16026,1064
28811.881498,2345871006,2345872091,15704,1085
28811.893527,2345879649,2345880718,16031,1069
28811.905548,2345888283,2345889342,16050,1059
28811.917566,2345896860,2345897943,15622,1083
28811.932599,2345907672,2345908759,16052,1087
28811.944618,2345916261,2345917347,15703,1086
28811.959650,2345927030,2345928117,15864,1087
28811.971672,2345935612,2345936671,15829,1059
28811.983701,2345944248,2345945312,15807,1064
28812.001735,2345957159,2345958226,15888,1067
28812.013756,2345965782,2345966869,16034,1087
28812.028784,2345976554,2345977642,15946,1088
28812.040805,2345985193,2345986280,15971,1087
28812.055836,2345995939,2345997026,16034,1087
28812.067858,2346004596,2346005664,15937,1068
28812.079875,2346013240,2346014330,15630,1090
28812.091904,2346021874,2346022966,15948,1092
28812.103927,2346030591,2346031683,15933,1092
28812.115944,2346039204,2346040289,15628,1085
28812.133979,2346052158,2346053241,15704,1083
28812.146007,2346060802,2346061865,16036,1063
28812.164047,2346073819,2346074857,15873,1038
28812.176062,2346082401,2346083487,16050,1086
28812.188081,2346091029,2346092089,15629,1060
28812.206123,2346103911,2346104995,15785,1084
28812.218147,2346112535,2346113601,15809,1066
28812.233167,2346123269,2346124319,15705,1050
28812.245196,2346131863,2346132932,15956,1069
28812.257216,2346140530,2346141617,15858,1087
28812.281265,2346157853,2346158945,16035,1092
28812.293285,2346166533,2346167619,16046,1086
28812.305314,2346175238,2346176325,15897,1087
28812.317333,2346183861,2346184947,15954,1086
28812.383457,2346231540,2346232607,15968,1067
28812.395475,2346240189,2346241274,15595,1085
28812.407508,2346248816,2346249903,16003,1087
28812.425539,2346261767,2346262854,16028,1087
28812.437559,2346270383,2346271442,16043,1059
28812.485647,2346304928,2346306013,15701,1085
28812.497676,2346313613,2346314700,15955,1087
28812.509699,2346322251,2346323315,15954,1064
28812.524727,2346333010,2346334097,15945,1087
28812.587852,2346378457,2346379544,15967,1087
28812.599868,2346387092,2346388172,15964,1080
28812.611887,2346395725,2346396815,15703,1090
28812.623921,2346404356,2346405443,16051,1087
28812.635937,2346412981,2346414068,15976,1087
28812.647956,2346421654,2346422740,15630,1086
28812.693041,2346454038,2346455123,15627,1085
28812.705074,2346462676,2346463735,16001,1059
28812.720096,2346473528,2346474620,15825,1092
28812.732125,2346482152,2346483195,15889,1043
28812.744142,2346490743,2346491817,16044,1074
28812.756164,2346499391,2346500478,15912,1087
28812.768195,2346508063,2346509161,15973,1098
28812.780211,2346516725,2346517789,15968,1064
28812.792230,2346525341,2346526426,15628,1085
28812.804262,2346533934,2346535021,15995,1087
28812.816279,2346542575,2346543655,15971,1080
28812.828298,2346551112,2346552173,15629,1061
28812.840330,2346559784,2346560804,15782,1020
28812.876399,2346585728,2346586771,15886,1043
28812.888417,2346594341,2346595428,16043,1087
28812.900444,2346602936,2346604020,15711,1084
28812.912465,2346611549,2346612636,15954,1087
28812.924487,2346620253,2346621316,16018,1063
28812.984606,2346663506,2346664595,16045,1089
28812.999632,2346674305,2346675367,15709,1062
28813.011654,2346682913,2346683999,15959,1086
28813.023674,2346691547,2346692634,16045,1087
28813.035693,2346700189,2346701279,15631,1090
28813.047722,2346708759,2346709846,15956,1087
28813.059744,2346717341,2346718396,15940,1055
28813.071761,2346725890,2346726975,15626,1085
28813.083791,2346734531,2346735623,16033,1092
28813.104331,2346743684,2346744284,11977,600
28813.121365,2346750705,2346751828,16306,1123
28813.133388,2346759768,2346760904,16356,1136
28813.145405,2346768849,2346769978,16257,1129
28813.172456,2346789301,2346790441,16253,1140
28813.184486,2346798411,2346799550,16208,1139
28813.235576,2346837086,2346838228,16239,1142
28813.247605,2346846239,2346847385,16224,1146
28813.259628,2346855365,2346856511,16302,1146
28813.271645,2346864503,2346865644,16240,1141
28813.283675,2346873641,2346874782,16322,1141
28813.295696,2346882784,2346883925,16384,1141
28813.328759,2346907895,2346909041,16316,1146
28813.340782,2346917069,2346918205,16385,1136
28813.355811,2346928437,2346929570,16226,1133
28813.367835,2346937524,2346938670,16372,1146
28813.379850,2346946669,2346947815,16237,1146
28813.391879,2346955805,2346956956,16303,1151
28813.403903,2346964950,2346966096,16396,1146
28813.415919,2346974098,2346975243,16248,1145
28813.427949,2346983235,2346984378,16335,1143
28813.439971,2346992377,2346993523,16385,1146
28813.451988,2347001515,2347002652,16250,1137
28813.464018,2347010640,2347011782,16322,1142
28813.476039,2347019780,2347020926,16380,1146
28813.488056,2347028925,2347030071,16237,1146
28813.500085,2347038046,2347039182,16318,1136
28813.512108,2347047182,2347048321,16383,1139
28813.524125,2347056325,2347057471,16209,1146
28813.536154,2347065469,2347066615,16222,1146
28813.548176,2347074615,2347075756,16399,1141
28813.560193,2347083759,2347084895,16236,1136
28813.572222,2347092877,2347094023,16321,1146
28813.584245,2347102034,2347103176,16390,1142
28813.596260,2347111180,2347112322,16217,1142
28813.609788,2347119877,2347121007,16238,1130
28813.621816,2347128975,2347130116,16316,1141
28813.636839,2347140401,2347141547,16235,1146
28813.648868,2347149541,2347150674,16319,1133
28813.664904,2347163236,2347164381,16311,1145
28813.676920,2347172382,2347173519,16395,1137
28813.700975,2347190648,2347191790,16311,1142
28813.717993,2347202062,2347203208,16235,1146
28813.730022,2347211200,2347212341,16314,1141
28813.742045,2347220349,2347221486,16386,1137
28813.754062,2347229521,2347230667,16230,1146
28813.769097,2347240925,2347242066,16379,1141
28813.781114,2347250066,2347251207,16247,1141
28813.805167,2347268378,2347269524,16403,1146
28813.817182,2347277519,2347278670,16236,1151
28813.832217,2347288982,2347290110,16391,1128
28813.844232,2347298102,2347299243,16240,1141
28813.856264,2347307247,2347308392,16318,1145
28813.868287,2347316388,2347317534,16398,1146
28813.880302,2347325528,2347326674,16254,1146
28813.892332,2347334653,2347335795,16414,1142
28813.904354,2347343786,2347344927,16381,1141
28813.940424,2347371218,2347372364,16398,1146
28813.952441,2347380386,2347381523,16243,1137
28813.964468,2347389511,2347390652,16315,1141
28813.976491,2347398648,2347399779,16376,1131
28813.988508,2347407770,2347408911,16250,1141
28814.000537,2347416911,2347418058,16315,1147
28814.012561,2347426066,2347427203,16400,1137
28814.024577,2347435209,2347436350,16236,1141
28814.036607,2347444354,2347445495,16316,1141
28814.048628,2347453494,2347454628,16390,1134
28814.063657,2347464906,2347466052,16313,1146
28814.076687,2347476346,2347477492,16222,1146
28814.093716,2347487746,2347488887,16424,1141
28814.105731,2347496881,2347498023,16235,1142
28814.117760,2347506010,2347507156,16320,1146
28814.129784,2347515216,2347516372,16317,1156
28814.141806,2347524421,2347525562,16304,1141
28814.153828,2347533607,2347534758,16317,1151
28814.165851,2347542825,2347543980,16311,1155
28814.180879,2347554324,2347555463,16316,1139
28814.192901,2347563492,2347564638,16383,1146
28814.207931,2347574940,2347576082,16316,1142
28814.219955,2347584091,2347585228,16302,1137
28814.231970,2347593265,2347594419,16259,1154
28814.244000,2347602473,2347603624,16322,1151
28814.256022,2347611654,2347612800,16381,1146
28814.268039,2347620851,2347621997,16263,1146
28814.280068,2347630018,2347631162,16310,1144
28814.292089,2347639175,2347640327,16382,1152
28814.304108,2347648329,2347649475,16263,1146
28814.316137,2347657469,2347658614,16318,1145
28814.328160,2347666609,2347667760,16296,1151
28814.341190,2347678053,2347679195,16316,1142
28814.361221,2347691746,2347692886,16317,1140
28814.373246,2347700884,2347702035,16387,1151
28814.385262,2347710023,2347711169,16260,1146
28814.409313,2347728318,2347729464,16370,1146
28814.421331,2347737487,2347738624,16228,1137
28814.475434,2347778583,2347779725,16248,1142
28814.487463,2347787725,2347788866,16317,1141
28814.499484,2347796875,2347798020,16372,1145
28814.511503,2347806036,2347807176,16254,1140
28814.535554,2347824349,2347825495,16391,1146
28814.547570,2347833492,2347834637,16263,1145
28814.559600,2347842638,2347843775,16319,1137
28814.571623,2347851809,2347852955,16398,1146
28814.583640,2347860948,2347862094,16336,1146
28814.595670,2347870090,2347871232,16322,1142
28814.613704,2347883814,2347884959,16317,1145
28814.625726,2347892970,2347894116,16382,1146
28814.691846,2347943255,2347944392,16253,1137
28814.703876,2347952375,2347953521,16318,1146
28814.715898,2347961519,2347962670,16386,1151
28814.727914,2347970670,2347971806,16250,1136
28814.739944,2347979809,2347980950,16314,1141
28814.751967,2347988948,2347990088,16393,1140
28814.763982,2347998105,2347999240,16235,1135
28814.776015,2348007227,2348008365,16404,1138
28814.788034,2348016357,2348017498,16480,1141
28814.800052,2348025517,2348026663,16340,1146
28814.812080,2348034660,2348035801,16318,1141
28814.824104,2348043806,2348044952,16405,1146
28814.836118,2348052970,2348054111,16223,1141
28814.848150,2348062134,2348063277,16318,1143
28814.860172,2348071293,2348072438,16385,1145
28814.872188,2348080448,2348081589,16249,1141
28814.884217,2348089572,2348090717,16311,1145
28814.896240,2348098713,2348099858,16384,1145
28814.908257,2348107822,2348108959,16145,1137
28814.920287,2348116968,2348118114,16328,1146
28814.932309,2348126108,2348127248,16382,1140
28814.944325,2348135266,2348136412,16232,1146
28814.956356,2348144403,2348145549,16317,1146
28814.977395,2348160422,2348161568,16387,1146
28814.989411,2348169554,2348170699,16246,1145
28815.040514,2348208350,2348209496,16383,1146
28815.052531,2348217503,2348218649,16251,1146
28815.088600,2348244970,2348246110,16237,1140
28815.100630,2348254101,2348255243,16320,1142
28815.112652,2348263252,2348264388,16383,1136
28815.140711,2348286079,2348287225,16230,1146
28815.184789,2348318031,2348319177,16399,1146
28815.196805,2348327182,2348328318,16248,1136
28815.244905,2348363758,2348364899,16320,1141
28815.259925,2348375188,2348376334,16245,1146
28815.305012,2348409510,2348410656,16236,1146
28815.317041,2348418651,2348419796,16318,1145
28815.329065,2348427783,2348428925,16400,1142
28815.345094,2348441483,2348442623,16393,1140
28815.392183,2348475743,2348476875,16378,1132
28815.404200,2348484886,2348486023,16146,1137
28815.416230,2348494009,2348495155,16331,1146
28815.428253,2348503139,2348504281,16398,1142
28815.440269,2348512275,2348513416,16234,1141
28815.452298,2348521419,2348522557,16318,1138
28815.545476,2348592225,2348593356,16394,1131
28815.557492,2348601353,2348602490,16231,1137
28815.596572,2348631003,2348632144,16318,1141
28815.608596,2348640159,2348641305,16359,1146
28815.620612,2348649314,2348650457,16247,1143
28815.656680,2348676783,2348677929,16246,1146
28815.668710,2348685951,2348687097,16231,1146
28815.683732,2348697385,2348698526,16249,1141
28815.756884,2348754487,2348755627,16315,1140
28815.773903,2348765884,2348767024,16231,1140
28815.785933,2348775039,2348776185,16318,1146
28815.797956,2348784168,2348785313,16403,1145
28815.815989,2348797901,2348799043,16383,1142
28815.828005,2348807062,2348808198,16251,1136
28815.840034,2348816197,2348817340,16310,1143
28815.870092,2348839084,2348840230,16382,1146
28815.882109,2348848238,2348849385,16246,1147
28815.894138,2348857376,2348858527,16317,1151
28815.912171,2348871096,2348872237,16318,1141
28815.924194,2348880256,2348881402,16286,1146
28815.942228,2348893960,2348895095,16365,1135
28815.954246,2348903088,2348904225,16207,1137
28815.981297,2348923671,2348924812,16241,1141
28815.993326,2348932820,2348933963,16333,1143
28816.008349,2348944255,2348945401,16252,1146
28816.020378,2348953433,2348954564,16303,1131
28816.041418,2348969409,2348970555,16379,1146
28816.053435,2348978544,2348979695,16244,1151
28816.083500,2349001391,2349002528,16320,1137
28816.095522,2349010538,2349011684,16406,1146
28816.107537,2349019685,2349020827,16250,1142
28816.119568,2349028825,2349029970,16322,1145
28816.131591,2349037961,2349039103,16361,1142
28816.143606,2349047122,2349048263,16229,1141
28816.161640,2349060818,2349061964,16242,1146
28816.173671,2349069969,2349071105,16317,1136
28816.191704,2349083666,2349084812,16316,1146
28816.203727,2349092800,2349093938,16389,1138
28816.215743,2349101942,2349103088,16233,1146
28816.227774,2349111092,2349112238,16320,1146
28816.239796,2349120214,2349121355,16382,1141
28816.251812,2349129359,2349130505,16246,1146
28816.269846,2349143063,2349144209,16226,1146
28816.281875,2349152201,2349153345,16317,1144
28816.296898,2349163632,2349164775,16248,1143
28816.308928,2349172786,2349173928,16316,1142
28816.329968,2349188813,2349189954,16402,1141
28816.341984,2349197954,2349199096,16233,1142
28816.360018,2349211670,2349212807,16247,1137
28816.372048,2349220804,2349221951,16312,1147
28816.384070,2349229935,2349231076,16294,1141
28816.396086,2349239090,2349240225,16248,1135
28816.408117,2349248237,2349249375,16313,1138
28816.420139,2349257378,2349258524,16400,1146
28816.432155,2349266575,2349267717,16249,1142
28816.444185,2349275705,2349276851,16314,1146
28816.456206,2349284860,2349286006,16381,1146
28816.468224,2349294003,2349295144,16249,1141
28816.480253,2349303148,2349304288,16309,1140
28816.501293,2349319149,2349320295,16379,1146
28816.513309,2349328293,2349329436,16195,1143
28816.561407,2349364884,2349366025,16315,1141
28816.573431,2349374033,2349375174,16412,1141
28816.585446,2349383168,2349384314,16250,1146
28816.597477,2349392310,2349393455,16314,1145
28816.612498,2349403740,2349404875,16254,1135
28816.624527,2349412872,2349414012,16317,1140
28816.675618,2349451732,2349452883,16238,1151
28816.687649,2349460880,2349462026,16232,1146
28816.699670,2349469999,2349471145,16384,1146
28816.711687,2349479150,2349480296,16240,1146
28816.723717,2349488312,2349489454,16319,1142
28816.735739,2349497461,2349498603,16397,1142
28816.753774,2349511187,2349512324,16399,1137
28816.765789,2349520341,2349521487,16233,1146
28816.789842,2349538627,2349539778,16393,1151
28816.801859,2349547769,2349548915,16243,1146
28816.816894,2349559194,2349560331,16389,1137
28816.828910,2349568353,2349569493,16250,1140
28816.840940,2349577529,2349578667,16320,1138
28816.852962,2349586640,2349587777,16392,1137
28816.864978,2349595785,2349596930,16235,1145
28816.877007,2349604928,2349606074,16319,1146
28816.889031,2349614053,2349615199,16399,1146
28816.904059,2349625463,2349626603,16324,1140
28816.916083,2349634595,2349635731,16399,1136
28816.928098,2349643731,2349644863,16235,1132
28816.940129,2349652872,2349654004,16231,1132
28816.952150,2349661995,2349663135,16380,1140
28816.964167,2349671128,2349672271,16285,1143
28816.976197,2349680285,2349681436,16327,1151
28816.988220,2349689440,2349690581,16312,1141
28817.000236,2349698591,2349699737,16246,1146
28817.012266,2349707733,2349708863,16329,1130
28817.024289,2349716857,2349717997,16313,1140
28817.036304,2349725991,2349727122,16246,1131
28817.048331,2349735345,2349736492,16317,1147
28817.063354,2349746776,2349747920,16252,1144
28817.141508,2349806194,2349807331,16372,1137
28817.153527,2349815348,2349816489,16262,1141
28817.165555,2349824482,2349825638,16312,1156
28817.177579,2349833651,2349834793,16396,1142
28817.189595,2349842790,2349843936,16260,1146
28817.243698,2349883915,2349885051,16261,1136
28817.255729,2349893328,2349894465,16313,1137
28817.267752,2349902633,2349903770,16371,1137
28817.348904,2349964150,2349965301,16373,1151
28817.360921,2349973262,2349974402,16359,1140
28817.372942,2349982375,2349983514,16109,1139
28817.448091,2350039257,2350040403,16369,1146
28817.460112,2350048675,2350049816,16259,1141
28817.472130,2350057766,2350058904,16102,1138
28817.484159,2350066854,2350067995,16441,1141
28817.496179,2350075969,2350077109,16377,1140
28817.508198,2350085047,2350086187,16033,1140
28817.520232,2350094188,2350095329,16375,1141
28817.556296,2350121520,2350122661,16442,1141
28817.568318,2350130646,2350131787,16351,1141
28817.607387,2350160228,2350161361,16030,1133
28817.619422,2350169365,2350170484,16221,1119
28817.652473,2350194383,2350195526,16026,1143
28817.664507,2350203493,2350204639,16433,1146
28817.676524,2350212657,2350213794,16346,1137
28817.760686,2350276397,2350277532,16126,1135
28817.772708,2350285525,2350286667,16269,1142
28817.859875,2350351547,2350352691,16114,1144
28817.871898,2350361032,2350362173,16377,1141
28817.895936,2350379243,2350380390,16022,1147
28817.907965,2350388361,2350389507,16367,1146
28817.919987,2350397503,2350398649,16349,1146
28817.932004,2350406594,2350407729,16024,1135
28817.944034,2350415709,2350416846,16446,1137
28817.956053,2350424808,2350425954,16447,1146
28817.968072,2350433900,2350435043,16098,1143
28817.989119,2350449802,2350450943,16436,1141
28818.001138,2350458898,2350460044,16366,1146
28818.064263,2350506749,2350507900,16443,1151
28818.076279,2350515889,2350517023,15995,1134
28818.088309,2350525020,2350526166,16382,1146
28818.100327,2350534124,2350535270,16353,1146
28818.112350,2350543251,2350544386,16313,1135
28818.181481,2350595640,2350596782,16439,1142
28818.193501,2350604772,2350605909,16045,1137
28818.217554,2350622987,2350624133,16442,1146
28818.229571,2350632070,2350633213,16032,1143
28818.247604,2350645727,2350646867,16030,1140
28818.259637,2350654835,2350655981,16410,1146
28818.277668,2350668536,2350669677,16434,1141
28818.289688,2350677635,2350678781,16448,1146
28818.313741,2350695879,2350697030,16355,1151
28818.325756,2350704998,2350706135,16356,1137
28818.376857,2350743674,2350744811,16360,1137
28818.388877,2350752791,2350753937,16376,1146
28818.400896,2350761906,2350763041,16027,1135
28818.412928,2350771039,2350772180,16355,1141
28818.473033,2350816522,2350817666,16030,1144
28818.485062,2350825639,2350826790,16356,1151
28818.500085,2350837033,2350838181,16032,1148
28818.512119,2350846180,2350847324,16273,1144
28818.524136,2350855320,2350856462,16337,1142
28818.600328,2350914493,2350915636,16354,1143
28818.629339,2350935010,2350936156,16367,1146
28818.641358,2350944132,2350945268,16382,1136
28818.680427,2350973740,2350974877,16028,1137
28818.692457,2350982869,2350984015,16271,1146
28818.707482,2350994293,2350995429,16248,1136
28818.719509,2351003408,2351004545,16367,1137
28818.731527,2351012515,2351013661,16357,1146
28818.743548,2351021605,2351022739,16032,1134
28818.755580,2351030727,2351031868,16404,1141
28818.773611,2351044371,2351045517,16377,1146
28818.785632,2351053496,2351054628,16283,1132
28818.816698,2351078566,2351079712,16375,1146
28818.875802,2351121799,2351122940,16445,1141
28818.887825,2351130917,2351132063,16313,1146
28818.899851,2351140055,2351141192,16373,1137
28818.911874,2351149162,2351150299,16365,1137
28818.923890,2351158247,2351159391,16019,1144
28818.935920,2351167377,2351168508,16360,1131
28818.947939,2351176452,2351177594,16319,1142
28818.959959,2351185540,2351186675,16026,1135
28818.971991,2351194641,2351195761,16212,1120
28818.984009,2351203713,2351204849,16377,1136
28819.026091,2351235584,2351236735,16353,1151
28819.038110,2351244718,2351245869,16364,1151
28819.092215,2351285629,2351286765,16375,1136
28819.104236,2351294768,2351295905,16253,1137
28819.116264,2351303852,2351304993,16375,1141
28819.128282,2351312957,2351314105,16403,1148
28819.140302,2351322068,2351323203,15990,1135
28819.152336,2351331189,2351332326,16432,1137
28819.233487,2351392652,2351393799,16454,1147
28819.245507,2351401754,2351402900,16505,1146
28819.263539,2351415458,2351416614,16421,1156
28819.275563,2351424584,2351425731,16055,1147
28819.287589,2351433727,2351434883,16371,1156
28819.299609,2351442883,2351444031,16251,1148
28819.312641,2351454361,2351455512,16356,1151
28819.341693,2351474875,2351476012,16373,1137
28819.353714,2351483973,2351485124,16341,1151
28819.401802,2351520452,2351521598,16238,1146
28819.413829,2351529560,2351530697,16357,1137
28819.425849,2351538673,2351539819,16368,1146
28819.443884,2351552368,2351553502,16377,1134
28819.455902,2351561479,2351562607,15991,1128
28819.467932,2351570565,2351571711,16366,1146
28819.479952,2351579692,2351580843,16375,1151
28819.497986,2351593384,2351594530,16341,1146
28819.510005,2351602512,2351603655,15994,1143
28819.522035,2351611636,2351612779,16367,1143
28819.534054,2351620745,2351621881,16365,1136
28819.553102,2351636646,2351637795,16026,1149
28819.624224,2351689058,2351690198,16438,1140
28819.657293,2351714088,2351715225,16462,1137
28819.669310,2351723207,2351724353,16356,1146
28819.705384,2351750539,2351751679,16315,1140
28819.717400,2351759659,2351760786,16028,1127
28819.760494,2351793777,2351794931,16029,1154
28819.864686,2351871206,2351872343,16353,1137
28819.876705,2351880321,2351881455,16360,1134
28819.912775,2351907612,2351908748,16369,1136
28819.924794,2351916730,2351917864,16072,1134
28819.969880,2351950874,2351952009,16104,1135
28819.981909,2351959983,2351961121,16357,1138
28819.993929,2351969088,2351970228,16253,1140
28820.008962,2351980496,2351981642,16381,1146
28820.023983,2351991923,2351993066,15982,1143
28820.073082,2352030679,2352031814,16347,1135
28820.105137,2352053436,2352054565,15991,1129
28820.117171,2352062542,2352063683,16356,1141
28820.129188,2352071679,2352072816,16350,1137
28820.153237,2352089903,2352091045,16382,1142
28820.165255,2352099019,2352100155,16380,1136
28820.180286,2352110375,2352111521,16433,1146
28820.219357,2352140007,2352141158,16360,1151
28820.231381,2352149086,2352150220,16047,1134
28820.243410,2352158163,2352159302,16487,1139
28820.255425,2352167277,2352168423,16442,1146
28820.267445,2352176406,2352177549,16104,1143
28820.279477,2352185507,2352186653,16456,1146
28820.291496,2352194629,2352195775,16253,1146
28820.303513,2352203730,2352204868,16072,1138
28820.315545,2352212827,2352213968,16372,1141
28820.327567,2352221996,2352223137,16346,1141
28820.339591,2352231097,2352232231,16113,1134
28820.351612,2352240182,2352241328,16269,1146
28820.372650,2352256099,2352257236,16372,1137
28820.384669,2352265192,2352266325,15986,1133
28820.400716,2352278852,2352279985,15994,1133
28820.423749,2352294765,2352295911,16360,1146
28820.435770,2352303895,2352305042,16461,1147
28820.447792,2352313021,2352314167,16310,1146
28820.459820,2352322135,2352323256,16214,1121
28820.477852,2352335741,2352336878,16438,1137
28820.489873,2352344851,2352345991,16257,1140
28820.507907,2352358525,2352359666,16457,1141
28820.519926,2352367591,2352368734,16031,1143
28820.531957,2352376718,2352377864,16387,1146
28820.544990,2352388157,2352389304,16230,1147
28820.610098,2352435994,2352437136,16105,1142
28820.622127,2352445076,2352446222,16363,1146
28820.682235,2352490598,2352491727,16027,1129
28820.694269,2352499702,2352500827,16204,1125
28820.712299,2352513328,2352514464,16363,1136
28820.724319,2352522426,2352523563,16330,1137
28820.757384,2352547498,2352548639,16354,1141
28820.769405,2352556626,2352557762,16339,1136
28820.812488,2352590755,2352591901,16355,1146
28820.865590,2352629465,2352630603,16357,1138
28820.877610,2352638565,2352639717,16329,1152
28820.895646,2352652260,2352653406,16341,1146
28820.907666,2352661383,2352662524,16226,1141
28820.919695,2352670486,2352671637,16365,1151
28820.931712,2352679627,2352680768,16361,1141
28820.943732,2352688718,2352689854,16109,1136
28820.976797,2352713750,2352714894,16447,1144
28820.988820,2352722879,2352724015,16280,1136
28821.000851,2352732002,2352733148,16415,1146
28821.012866,2352741102,2352742243,16446,1141
28821.024889,2352750220,2352751356,16236,1136
28821.036918,2352759322,2352760459,16415,1137
28821.130089,2352829929,2352831075,16359,1146
28821.142110,2352839021,2352840153,16028,1132
28821.161156,2352854994,2352856135,16374,1141
28821.232289,2352907325,2352908468,16114,1143
28821.244310,2352916429,2352917570,16359,1141
28821.332481,2352984797,2352985943,16398,1146
28821.349502,2352996171,2352997311,15938,1140
28821.361539,2353005308,2353006456,16375,1148
28821.436677,2353062235,2353063377,16370,1142
28821.448693,2353071382,2353072521,15991,1139
28821.536875,2353139633,2353140776,16022,1143
28821.559910,2353155538,2353156683,16362,1145
28821.571932,2353164677,2353165823,16347,1146
28821.583952,2353173797,2353174933,16236,1136
28821.595979,2353182891,2353184028,16367,1137
28821.607997,2353191993,2353193130,16441,1137
28821.620018,2353201099,2353202232,16106,1133
28821.632052,2353210218,2353211354,16518,1136
28821.653083,2353226139,2353227280,16428,1141
28821.665104,2353235244,2353236378,16031,1134
28821.704185,2353264858,2353266004,16364,1146
28821.716204,2353273977,2353275118,16359,1141
28821.728231,2353283062,2353284204,16112,1142
28821.740255,2353292154,2353293271,16219,1117
28821.752272,2353301242,2353302388,16352,1146
28821.764293,2353310331,2353311460,16028,1129
28821.776323,2353319457,2353320604,16456,1147
28821.872498,2353392304,2353393442,16104,1138
28821.884530,2353401435,2353402572,16425,1137
28821.896547,2353410537,2353411678,16356,1141
28821.908567,2353419629,2353420770,16105,1141
28821.923600,2353431063,2353432205,16354,1142
28821.935618,2353440162,2353441305,16025,1143
28821.947647,2353449274,2353450415,16372,1141
28821.959666,2353458387,2353459532,16445,1145
28821.971691,2353467525,2353468667,16225,1142
28821.983719,2353476672,2353477812,16359,1140
28822.055855,2353531286,2353532432,16389,1146
28822.067871,2353540388,2353541534,16353,1146
28822.079895,2353549500,2353550641,16238,1141
28822.091922,2353558594,2353559734,16445,1140
28822.103945,2353567715,2353568856,16368,1141
28822.115961,2353576826,2353577969,16032,1143
28822.127994,2353585949,2353587100,16405,1151
28822.140009,2353595077,2353596214,16351,1137
28822.152030,2353604155,2353605295,16031,1140
28822.164062,2353613277,2353614418,16362,1141
28822.176080,2353622381,2353623526,16236,1145
28822.188099,2353631513,2353632651,15991,1138
28822.206133,2353645165,2353646302,16023,1137
28822.218163,2353654268,2353655414,16286,1146
28822.248216,2353677033,2353678166,16368,1133
28822.260234,2353686132,2353687280,15948,1148
28822.278276,2353696945,2353697582,13738,637
28822.292332,2353702455,2353703060,12045,605
28822.305325,2353708497,2353709622,16046,1125
28822.317354,2353717560,2353718693,16400,1133
28822.329374,2353726620,2353727758,16359,1138
28822.341391,2353735691,2353736814,15948,1123
28822.353420,2353744747,2353745880,16370,1133
28822.365438,2353753835,2353754968,16364,1133
28822.377461,2353762917,2353764068,16157,1151
28822.389487,2353772054,2353773195,16359,1141
28822.401510,2353781190,2353782330,16258,1140
28822.413527,2353790271,2353791409,16026,1138
28822.425559,2353799371,2353800515,16437,1144
28822.437575,2353808484,2353809625,16437,1141
28822.452608,2353820465,2353821606,16444,1141
28822.464628,2353829592,2353830737,16373,1145
28822.476650,2353838715,2353839857,16245,1142
28822.488676,2353847824,2353848970,16355,1146
28822.500697,2353856935,2353858076,16378,1141
28822.512716,2353866042,2353867179,16001,1137
28822.524748,2353875154,2353876294,16489,1140
28822.539767,2353886558,2353887701,15993,1143
28822.551798,2353895681,2353896822,16380,1141
28822.563815,2353904800,2353905941,16434,1141
28822.584853,2353920781,2353921924,16076,1143
28822.596883,2353929910,2353931056,16369,1146
28822.608901,2353939038,2353940178,16262,1140
28822.620930,2353948136,2353949280,16121,1144
28822.632950,2353957255,2353958401,16354,1146
28822.647973,2353968637,2353969780,16033,1143
28822.660002,2353977752,2353978908,16353,1156
28822.672023,2353987162,2353988308,16249,1146
28822.684042,2353996293,2353997431,15994,1138
28822.697571,2354006890,2354008028,16250,1138
28822.709597,2354015984,2354017127,16366,1143
28822.721618,2354025095,2354026237,16248,1142
28822.736651,2354036526,2354037672,16343,1146
28822.748667,2354045647,2354046788,16355,1141
28822.760690,2354054770,2354055907,16233,1137
28822.781735,2354070681,2354071823,16377,1142
28822.792251,2354077112,2354078244,15837,1132
28822.805778,2354087746,2354088889,16020,1143
28822.817803,2354096860,2354097996,16359,1136
28822.829826,2354105994,2354107131,16361,1137
28822.841842,2354115108,2354116245,16079,1137
28822.853871,2354124223,2354125369,16366,1146
28822.865891,2354133339,2354134476,16365,1137
28822.889939,2354151530,2354152671,16442,1141
28822.901958,2354160659,2354161795,16450,1136
28822.913981,2354169756,2354170902,16232,1146
28822.926012,2354178922,2354180069,16366,1147
28822.956063,2354201700,2354202838,16368,1138
28822.968090,2354210785,2354211928,16118,1143
28822.980110,2354219892,2354221032,16350,1140
28822.992129,2354228998,2354230143,16350,1145
28823.004151,2354238149,2354239292,16032,1143
28823.016179,2354247277,2354248415,16364,1138
28823.028203,2354256402,2354257548,16448,1146
28823.040219,2354265505,2354266644,15997,1139
28823.052248,2354274612,2354275753,16367,1141
28823.064269,2354283686,2354284831,16423,1145
28823.076290,2354292834,2354293985,16319,1151
28823.088317,2354301955,2354303096,16439,1141
28823.124389,2354329273,2354330412,16439,1139
28823.136404,2354338373,2354339514,16441,1141
28823.148425,2354347468,2354348611,16037,1143
28823.160455,2354356596,2354357742,16457,1146
28823.172475,2354365749,2354366895,16351,1146
28823.184492,2354374843,2354375978,15990,1135
28823.196523,2354383939,2354385070,16368,1131
28823.208545,2354393124,2354394266,16348,1142
28823.220565,2354402273,2354403424,16239,1151
28823.232592,2354411394,2354412540,16370,1146
28823.244610,2354420522,2354421664,16357,1142
28823.256629,2354429618,2354430746,15990,1128
28823.268663,2354438721,2354439862,16326,1141
28823.283682,2354450105,2354451248,15995,1143
28823.295713,2354459228,2354460373,16369,1145
28823.307733,2354468351,2354469494,16342,1143
28823.319753,2354477460,2354478597,16320,1137
28823.331779,2354486579,2354487720,16269,1141
28823.343800,2354495691,2354496827,16286,1136
28823.355819,2354504767,2354505905,15957,1138
28823.373853,2354518418,2354519566,16033,1148
28823.385884,2354527552,2354528698,16352,1146
28823.397902,2354536672,2354537814,16365,1142
28823.409924,2354545763,2354546906,16035,1143
28823.421955,2354554913,2354556059,16350,1146
28823.433973,2354564064,2354565215,16352,1151
28823.445991,2354573199,2354574333,15999,1134
28823.461021,2354584584,2354585730,16354,1146
28823.473042,2354593691,2354594824,16034,1133
28823.488072,2354605068,2354606205,16348,1137
28823.500094,2354614166,2354615301,16036,1135
28823.512124,2354623267,2354624402,16378,1135
28823.524144,2354632378,2354633517,16339,1139
28823.536162,2354641465,2354642609,16062,1144
28823.548192,2354650568,2354651710,16377,1142
28823.560212,2354659678,2354660824,16375,1146
28823.572231,2354668778,2354669921,16083,1143
28823.584259,2354677897,2354679043,16435,1146
28823.608299,2354696081,2354697217,16078,1136
28823.620333,2354705243,2354706385,16370,1142
28823.656399,2354732576,2354733706,16374,1130
28823.668420,2354741695,2354742837,16361,1142
28823.684450,2354755363,2354756504,16361,1141
28823.752572,2354805520,2354806658,16034,1138
28823.764605,2354814648,2354815790,16407,1142
28823.776622,2354823770,2354824911,16359,1141
28823.788645,2354832872,2354834003,16237,1131
28823.815697,2354853414,2354854555,16237,1141
28823.827723,2354862562,2354863708,16352,1146
28823.839745,2354871683,2354872818,16316,1135
28823.875812,2354899004,2354900150,16370,1146
28823.887831,2354908135,2354909273,15999,1138
28823.899860,2354917242,2354918388,16357,1146
28823.911880,2354926398,2354927534,16251,1136
28823.923899,2354935509,2354936641,15998,1132
28823.935932,2354944656,2354945802,16280,1146
28823.947949,2354953791,2354954932,16371,1141
28823.959976,2354962877,2354964025,16032,1148
28823.971998,2354971986,2354973137,16371,1151
28823.984016,2354981119,2354982267,16360,1148
28824.002050,2354994780,2354995926,16358,1146
28824.014074,2355003897,2355005043,16234,1146
28824.026106,2355013053,2355014194,16369,1141
28824.050140,2355031248,2355032376,16033,1128
28824.062173,2355040338,2355041484,16430,1146
28824.086208,2355058533,2355059666,16113,1133
28824.098238,2355067627,2355068773,16451,1146
28824.113263,2355079059,2355080200,16244,1141
28824.137308,2355097310,2355098456,16315,1146
28824.149327,2355106426,2355107569,15998,1143
28824.167363,2355120058,2355121196,16031,1138
28824.179393,2355129162,2355130308,16369,1146
28824.191411,2355138270,2355139416,16358,1146
28824.203431,2355147361,2355148504,16036,1143
28824.215464,2355156512,2355157657,16375,1145
28824.227483,2355165641,2355166787,16371,1146
28824.239498,2355174731,2355175863,16026,1132
28824.251529,2355183856,2355184997,16358,1141
28824.263552,2355192997,2355194133,16360,1136
28824.275567,2355202076,2355203219,16036,1143
28824.287602,2355211217,2355212365,16386,1148
28824.299617,2355220400,2355221542,16233,1142
28824.311646,2355229576,2355230718,16318,1142
28824.323670,2355238768,2355239912,16396,1144
28824.335685,2355247943,2355249093,16195,1150
28824.347716,2355257133,2355258284,16232,1151
28824.359738,2355266312,2355267463,16412,1151
28824.371753,2355275462,2355276603,16363,1141
28824.383774,2355284563,2355285696,16029,1133
28824.395803,2355293672,2355294814,16353,1142
28824.407824,2355302799,2355303941,16249,1142
28824.419843,2355311897,2355313037,16003,1140
28824.431873,2355321021,2355322155,16378,1134
28824.443892,2355330109,2355331255,16413,1146
28824.455919,2355339212,2355340349,16115,1137
28824.467941,2355348339,2355349485,16374,1146
28824.479961,2355357458,2355358609,16381,1151
28824.491980,2355366544,2355367693,16109,1149
28824.504010,2355375672,2355376813,16462,1141
28824.516031,2355384804,2355385941,16346,1137
28824.528049,2355393892,2355395020,16114,1128
28824.540077,2355402972,2355404116,16361,1144
28824.552097,2355412099,2355413244,16443,1145
28824.564117,2355421193,2355422331,16030,1138
28824.576145,2355430307,2355431453,16349,1146
28824.588167,2355439442,2355440579,16384,1137
28824.600186,2355448564,2355449707,15995,1143
28824.618220,2355462256,2355463391,16076,1135
28824.633252,2355473655,2355474792,16455,1137
28824.645270,2355482778,2355483906,15993,1128
28824.729438,2355546465,2355547607,16354,1142
28824.741457,2355555578,2355556720,16317,1142
28824.765506,2355573793,2355574939,16437,1146
28824.777525,2355582930,2355584070,16444,1140
28824.831630,2355624013,2355625154,16379,1141
28824.843653,2355633142,2355634283,16179,1141
28824.855680,2355642249,2355643389,16355,1140
28824.867698,2355651356,2355652497,16377,1141
28824.885732,2355665022,2355666159,16283,1137
28824.897752,2355674089,2355675232,16053,1143
28824.909784,2355683243,2355684389,16458,1146
28824.936832,2355703756,2355704892,16441,1136
28824.948853,2355712870,2355714011,16381,1141
28824.984920,2355740189,2355741340,16444,1151
28824.996940,2355749297,2355750440,16112,1143
28825.011974,2355760730,2355761871,16348,1141
28825.033008,2355776678,2355777818,16033,1140
28825.045039,2355785789,2355786929,16376,1140
28825.060060,2355797189,2355798332,16000,1143
28825.072090,2355806303,2355807443,16464,1140
28825.084110,2355815435,2355816566,16460,1131
28825.096129,2355824510,2355825659,16112,1149
28825.108161,2355833645,2355834791,16350,1146
28825.120177,2355842759,2355843905,16364,1146
28825.132196,2355851850,2355852988,16037,1138
28825.144226,2355860975,2355862116,16361,1141
28825.156250,2355870097,2355871237,16424,1140
28825.168266,2355879185,2355880333,15990,1148
28825.180295,2355888289,2355889427,16268,1138
28825.192316,2355897402,2355898548,16377,1146
28825.237400,2355931570,2355932716,16360,1146
28825.249428,2355940675,2355941819,16132,1144
28825.261451,2355950008,2355951150,16374,1142
28825.351623,2356018383,2356019520,16483,1137
28825.363640,2356027501,2356028647,16368,1146
28825.375660,2356036584,2356037727,16031,1143
28825.393694,2356050232,2356051375,16104,1143
28825.405726,2356059364,2356060508,16359,1144
28825.456818,2356098091,2356099233,16242,1142
28825.468843,2356107443,2356108585,16436,1142
28825.543982,2356164343,2356165489,16438,1146
28825.556003,2356173445,2356174581,16032,1136
28825.577052,2356189403,2356190544,16354,1141
28825.589069,2356198527,2356199670,16444,1143
28825.601092,2356207645,2356208782,16344,1137
28825.625137,2356225886,2356227027,16441,1141
28825.637158,2356234951,2356236094,16032,1143
28825.664209,2356255457,2356256595,16111,1138
28825.676238,2356264593,2356265744,16351,1151
28825.688257,2356273706,2356274842,16359,1136
28825.700280,2356282804,2356283955,16241,1151
28825.712307,2356291927,2356293073,16445,1146
28825.772415,2356337447,2356338589,16108,1142
28825.784444,2356346578,2356347719,16358,1141
28825.799469,2356357993,2356359135,16237,1142
28825.811496,2356367108,2356368254,16445,1146
28825.823516,2356376200,2356377343,16379,1143
28825.835535,2356385283,2356386422,16033,1139
28825.847566,2356394407,2356395553,16414,1146
28825.868602,2356410367,2356411508,16386,1141
28825.880621,2356419484,2356420627,16016,1143
28825.895653,2356430888,2356432034,16278,1146
28825.907671,2356440024,2356441167,16088,1143
28825.919699,2356449144,2356450286,16342,1142
28825.931723,2356458279,2356459416,16347,1137
28825.943747,2356467364,2356468507,16032,1143
28825.955772,2356476498,2356477642,16262,1144
28825.967790,2356485614,2356486760,16374,1146
28825.979812,2356494722,2356495864,16243,1142
28825.992840,2356506144,2356507290,16340,1146
28826.057960,2356554013,2356555154,16357,1141
28826.069981,2356563104,2356564244,16045,1140
28826.082015,2356572259,2356573395,16425,1136
28826.094030,2356581373,2356582514,16358,1141
28826.106048,2356590492,2356591635,16014,1143
28826.118080,2356599587,2356600733,16382,1146
28826.130098,2356608699,2356609845,16360,1146
28826.142126,2356617787,2356618926,16122,1139
28826.154148,2356626897,2356628034,16371,1137
28826.166166,2356636007,2356637144,16356,1137
28826.199237,2356661046,2356662197,16453,1151
28826.214254,2356672439,2356673584,16031,1145
28826.229286,2356683841,2356684987,16354,1146
28826.241315,2356692936,2356694079,16115,1143
28826.253338,2356702037,2356703159,16212,1122
28826.280387,2356722489,2356723620,16354,1131
28826.292408,2356731636,2356732771,16255,1135
28826.304427,2356740730,2356741864,16079,1134
28826.319459,2356752110,2356753256,16373,1146
28826.376563,2356795297,2356796441,16030,1144
28826.388593,2356804418,2356805563,16314,1145
28826.400615,2356813562,2356814708,16339,1146
28826.412632,2356822671,2356823809,16035,1138
28826.424665,2356832049,2356833187,16461,1138
28826.487782,2356879838,2356880989,16368,1151
28826.499803,2356889057,2356890194,16292,1137
28826.517835,2356902696,2356903842,16352,1146
28826.529856,2356911794,2356912937,16001,1143
28826.541889,2356920910,2356922052,16442,1142
28826.553905,2356930021,2356931161,16464,1140
28826.565924,2356939139,2356940282,16071,1143
28826.609019,2356973270,2356974418,16112,1148
28826.626042,2356984663,2356985799,16452,1136
28826.638069,2356993779,2356994919,16082,1140
28826.650092,2357002902,2357004044,16373,1142
28826.692167,2357034737,2357035874,16235,1137
28826.704193,2357043840,2357044978,16360,1138
28826.716214,2357052947,2357054084,16377,1137
28826.728233,2357062026,2357063169,16028,1143
28826.749279,2357077937,2357079078,16356,1141
28826.761298,2357087042,2357088174,16362,1132
28826.821417,2357132539,2357133683,16361,1144
28826.833440,2357141670,2357142806,16364,1136
28826.875519,2357173528,2357174674,16442,1146
28826.896558,2357189492,2357190633,16437,1141
28826.908576,2357198659,2357199797,16074,1138
28826.920605,2357207763,2357208894,16366,1131
28826.983726,2357255547,2357256688,16379,1141
28827.028810,2357289681,2357290827,16354,1146
28827.040834,2357298783,2357299923,16357,1140
28827.079904,2357328359,2357329500,16314,1141
28827.091934,2357337512,2357338649,16429,1137
28827.103950,2357346619,2357347768,16368,1149
28827.115970,2357355912,2357357055,16028,1143
28827.127999,2357365001,2357366152,16367,1151
28827.140021,2357374122,2357375263,16347,1141
28827.152039,2357383221,2357384359,16030,1138
28827.164069,2357392320,2357393472,16371,1152
28827.176087,2357401430,2357402571,16357,1141
28827.188110,2357410519,2357411663,16239,1144
28827.200138,2357419636,2357420778,16377,1142
28827.212158,2357428752,2357429891,16347,1139
28827.224176,2357437855,2357438993,16031,1138
28827.236208,2357446949,2357448086,16408,1137
28827.248226,2357456060,2357457206,16377,1146
28827.260244,2357465145,2357466283,16024,1138
28827.272274,2357474255,2357475393,16360,1138
28827.287299,2357485627,2357486766,16225,1139
28827.299325,2357494735,2357495872,16273,1137
28827.311348,2357503864,2357505004,16416,1140
28827.323364,2357512955,2357514094,16068,1139
28827.335397,2357522061,2357523207,16413,1146
28827.347415,2357531201,2357532347,16356,1146
28827.359433,2357540291,2357541434,16023,1143
28827.371464,2357549410,2357550555,16466,1145
28827.383482,2357558523,2357559669,16242,1146
28827.395502,2357567642,2357568785,15914,1143
28827.407534,2357576774,2357577916,16360,1142
28827.425565,2357590385,2357591536,16355,1151
28827.437587,2357599508,2357600658,16342,1150
28827.468649,2357624533,2357625676,16377,1143
28827.512725,2357656453,2357657596,16109,1143
28827.524757,2357665620,2357666771,16391,1151
28827.572844,2357702056,2357703196,16346,1140
28827.587878,2357713475,2357714619,16369,1144
28827.623942,2357740789,2357741933,16441,1144
28827.673041,2357779473,2357780607,16031,1134
28827.726133,2357818183,2357819324,16355,1141
28827.738153,2357827483,2357828626,16034,1143
28827.750183,2357836583,2357837724,16369,1141
28827.777234,2357857029,2357858171,16445,1142
28827.789256,2357866172,2357867318,16432,1146
28827.849371,2357911668,2357912809,16361,1141
28827.861392,2357920772,2357921912,16373,1140
28827.873411,2357929858,2357931001,16026,1143
28827.912493,2357959493,2357960639,16466,1146
28827.924513,2357968631,2357969771,16431,1140
28827.939544,2357980027,2357981170,16379,1143
28827.969595,2358002890,2358004030,16435,1140
28827.981619,2358011997,2358013134,16314,1137
28827.993646,2358021119,2358022260,16368,1141
28828.041734,2358057563,2358058694,16374,1131
28828.053756,2358066667,2358067803,16231,1136
28828.084821,2358091753,2358092896,16338,1143
28828.104855,2358105418,2358106560,16376,1142
28828.116874,2358114528,2358115657,16076,1129
28828.143925,2358134981,2358136124,16034,1143
28828.155954,2358144105,2358145246,16360,1141
28828.167976,2358153245,2358154386,16430,1141
28828.186010,2358166921,2358168052,16352,1131
28828.198030,2358176042,2358177183,16236,1141
28828.240112,2358207943,2358209089,16463,1146
28828.252130,2358217053,2358218182,15992,1129
28828.264162,2358226141,2358227261,16217,1120
28828.282199,2358239801,2358240938,16458,1137
28828.294213,2358248888,2358250034,16448,1146
28828.348319,2358289863,2358291005,16431,1142
28828.360336,2358298982,2358300115,16106,1133
28828.372366,2358308061,2358309207,16437,1146
28828.393401,2358324032,2358325178,16437,1146
28828.405423,2358333104,2358334247,16033,1143
28828.456522,2358371811,2358372948,16365,1137
28828.468551,2358380924,2358382067,16189,1143
28828.480574,2358390127,2358391280,16475,1153
28828.492591,2358399296,2358400447,16146,1151
28828.504621,2358408471,2358409623,16309,1152
28828.516643,2358417645,2358418787,16393,1142
28828.531672,2358429125,2358430273,16327,1148
28828.543696,2358438315,2358439462,16318,1147
28828.555713,2358447503,2358448654,16261,1151
28828.573744,2358461289,2358462437,16229,1148
28828.585773,2358470681,2358471817,16313,1136
28828.603807,2358484457,2358485608,16310,1151
28828.616839,2358495973,2358497118,16261,1145
28828.633866,2358507438,2358508584,16389,1146
28828.645882,2358516625,2358517771,16246,1146
28828.660916,2358528110,2358529261,16373,1151
28828.672932,2358537302,2358538453,16204,1151
28828.719528,2358573164,2358574309,16373,1145
28828.731545,2358582379,2358583525,16262,1146
28828.743573,2358591575,2358592717,16219,1142
28828.755593,2358600673,2358601815,16350,1142
28828.776633,2358616618,2358617764,16349,1146
28828.788651,2358625724,2358626864,16040,1140
28828.821718,2358650847,2358651993,16269,1146
28828.833737,2358659968,2358661103,16007,1135
28828.872819,2358689556,2358690698,16386,1142
28828.884836,2358698659,2358699795,16346,1136
28828.905874,2358714572,2358715715,16045,1143
28828.917903,2358723683,2358724820,16368,1137
28828.984026,2358773790,2358774921,16376,1131
28829.026113,2358805798,2358806939,16455,1141
28829.038130,2358814910,2358816051,16462,1141
28829.077198,2358844446,2358845590,16030,1144
28829.089229,2358853556,2358854702,16360,1146
28829.101249,2358862682,2358863819,16459,1137
28829.113271,2358871783,2358872924,16312,1141
28829.128302,2358883165,2358884302,16347,1137
28829.140326,2358892221,2358893359,16072,1138
28829.188420,2358928696,2358929842,16355,1146
28829.200440,2358937827,2358938973,16369,1146
28829.212457,2358946919,2358948053,16104,1134
28829.239509,2358967376,2358968514,16036,1138
28829.251538,2358976507,2358977648,16368,1141
28829.263559,2358985652,2358986788,16346,1136
28829.281591,2358999298,2359000438,16360,1140
28829.293611,2359008367,2359009500,16028,1133
28829.305645,2359017539,2359018685,16315,1146
28829.317667,2359026721,2359027867,16334,1146
28829.329683,2359035890,2359037038,16239,1148
28829.344719,2359047358,2359048503,16391,1145
28829.401817,2359090804,2359091938,16032,1134
28829.413848,2359099908,2359101050,16391,1142
28829.455921,2359131817,2359132961,16031,1144
28829.467952,2359140937,2359142069,16413,1132
28829.479968,2359150048,2359151188,16362,1140
28829.491987,2359159149,2359160283,15996,1134
28829.510026,2359172805,2359173919,16339,1114
28829.522056,2359181920,2359183061,16454,1141
28829.561124,2359211490,2359212631,16454,1141
28829.573142,2359220590,2359221723,16026,1133
28829.609210,2359247905,2359249054,16027,1149
28829.621244,2359257054,2359258190,16338,1136
28829.636263,2359268411,2359269545,16027,1134
28829.663322,2359288892,2359290035,16116,1143
28829.675344,2359298000,2359299151,16364,1151
28829.687363,2359307101,2359308241,16370,1140
28829.699383,2359316221,2359317364,15993,1143
28829.711412,2359325331,2359326473,16357,1142
28829.723434,2359334457,2359335598,16343,1141
28829.735451,2359343514,2359344655,16031,1141
28829.747485,2359352632,2359353778,16375,1146
28829.768521,2359368563,2359369706,16357,1143
28829.780539,2359377650,2359378792,16027,1142
28829.816609,2359405033,2359406184,16331,1151
28829.828635,2359414161,2359415292,16358,1131
28829.879726,2359452854,2359453992,16022,1138
28829.891757,2359461947,2359463093,16381,1146
28829.903777,2359471092,2359472243,16338,1151
28829.921813,2359484788,2359485934,16360,1146
28829.933829,2359493910,2359495049,15996,1139
28829.960891,2359514397,2359515511,16348,1114
28829.972909,2359523479,2359524619,16355,1140
28829.984929,2359532565,2359533710,16360,1145
28829.996949,2359541646,2359542779,16028,1133
28830.024001,2359562194,2359563337,15999,1143
28830.036030,2359571313,2359572458,16373,1145
28830.048048,2359580443,2359581583,16353,1140
28830.060077,2359589530,2359590673,16117,1143
28830.072098,2359598655,2359599797,16357,1142
28830.090132,2359612337,2359613488,16355,1151
28830.102154,2359621448,2359622587,16363,1139
28830.153253,2359660191,2359661343,16362,1152
28830.165274,2359669310,2359670451,16345,1141
28830.183306,2359682953,2359684099,16369,1146
28830.195326,2359692085,2359693222,15988,1137
28830.213363,2359705751,2359706897,16240,1146
28830.225390,2359714868,2359716014,16354,1146
28830.237412,2359724015,2359725161,16348,1146
28830.249429,2359733133,2359734281,16080,1148
28830.261461,2359742243,2359743389,16491,1146
28830.300529,2359771830,2359772966,16447,1136
28830.312551,2359780976,2359782113,16312,1137
28830.400730,2359849285,2359850420,16027,1135
28830.432784,2359872050,2359873201,16366,1151
28830.444805,2359881193,2359882324,16373,1131
28830.504921,2359926676,2359927813,16441,1137
28830.516943,2359935817,2359936948,16431,1131
28830.568043,2359974481,2359975615,16374,1134
28830.580062,2359983602,2359984744,16372,1142
28830.592081,2359992677,2359993815,16027,1138
28830.613131,2360008633,2360009774,16371,1141
28830.625146,2360017740,2360018880,16357,1140
28830.637166,2360026861,2360028004,16028,1143
28830.658217,2360042821,2360043963,16385,1142
28830.670237,2360051967,2360053107,16365,1140
28830.682252,2360061097,2360062240,16074,1143
28830.716333,2360088413,2360089561,15996,1148
28830.820521,2360165921,2360167067,16355,1146
28830.832540,2360175029,2360176165,16351,1136
28830.865607,2360200030,2360201176,16359,1146
28830.877629,2360209169,2360210300,16341,1131
28830.889647,2360218237,2360219368,16036,1131
28830.901676,2360227349,2360228493,16447,1144
28830.916701,2360238776,2360239917,16235,1141
28830.931732,2360250210,2360251352,16427,1142
28830.943749,2360259309,2360260442,16030,1133
28830.955782,2360268423,2360269563,16282,1140
28830.967798,2360277511,2360278653,16361,1142
28830.979821,2360286613,2360287730,16272,1117
28831.021903,2360318473,2360319613,16380,1140
28831.033921,2360327596,2360328736,15995,1140
28831.051963,2360341260,2360342399,16076,1139
28831.063984,2360350372,2360351509,16358,1137
28831.076005,2360359484,2360360612,16360,1128
28831.088027,2360368543,2360369686,16144,1143
28831.100057,2360377679,2360378819,16385,1140
28831.112075,2360386827,2360387973,16358,1146
28831.124092,2360395933,2360397076,15991,1143
28831.136121,2360405061,2360406202,16439,1141
28831.148141,2360414178,2360415329,16409,1151
28831.160161,2360423288,2360424421,16026,1133
28831.172190,2360432387,2360433524,16359,1137
28831.184209,2360441479,2360442626,16450,1147
28831.196229,2360450569,2360451712,16102,1143
28831.208262,2360459703,2360460849,16444,1146
28831.220279,2360468819,2360469965,16456,1146
28831.232301,2360477908,2360479030,16266,1122
28831.244327,2360486989,2360488130,16245,1141
28831.260363,2360500636,2360501782,16458,1146
28831.277387,2360512036,2360513173,16330,1137
28831.289415,2360521160,2360522311,16464,1151
28831.364552,2360578084,2360579230,16360,1146
28831.376572,2360587188,2360588331,16027,1143
28831.424675,2360623619,2360624759,16385,1140
28831.444331,2360632890,2360633495,11969,605
28831.483284,2360655753,2360656885,16388,1132
28831.496812,2360666198,2360667336,16401,1138
28831.508827,2360675287,2360676417,16236,1130
28831.520856,2360684422,2360685573,16313,1151
28831.532879,2360693579,2360694710,16378,1131
28831.544895,2360702717,2360703858,16251,1141
28831.559932,2360714146,2360715292,16397,1146
28831.571947,2360723305,2360724446,16237,1141
28831.583977,2360732442,2360733585,16335,1143
28831.596000,2360741580,2360742720,16398,1140
28831.608016,2360750715,2360751852,16236,1137
28831.620044,2360759855,2360760996,16312,1141
28831.632069,2360768992,2360770123,16398,1131
28831.644084,2360778120,2360779256,16242,1136
28831.656115,2360787261,2360788407,16333,1146
28831.668138,2360796404,2360797546,16402,1142
28831.680152,2360805528,2360806669,16232,1141
28831.692183,2360814695,2360815841,16312,1146
28831.704204,2360823833,2360824974,16383,1141
28831.716221,2360832997,2360834137,16247,1140
28831.728252,2360842143,2360843280,16225,1137
28831.740273,2360851280,2360852422,16384,1142
28831.752290,2360860405,2360861551,16246,1146
28831.803393,2360899239,2360900376,16357,1137
28831.815410,2360908371,2360909512,16251,1141
28831.827441,2360917528,2360918674,16232,1146
28831.839462,2360926668,2360927819,16386,1151
28831.851478,2360935813,2360936964,16235,1151
28831.863509,2360944953,2360946089,16324,1136
28831.875532,2360954082,2360955228,16396,1146
28831.887547,2360963242,2360964379,16238,1137
28831.899577,2360972380,2360973512,16306,1132
28831.911599,2360981519,2360982665,16390,1146
28831.923616,2360990658,2360991795,16316,1137
28831.935646,2360999795,2361000941,16319,1146
28831.949170,2361008393,2361009522,16307,1129
28831.961195,2361017488,2361018634,16400,1146
28831.973210,2361026622,2361027768,16255,1146
28831.985240,2361035741,2361036887,16327,1146
28832.009279,2361054022,2361055168,16250,1146
28832.021308,2361063180,2361064326,16388,1146
28832.033331,2361072323,2361073467,16387,1144
28832.045346,2361081466,2361082605,16220,1139
28832.072399,2361102073,2361103219,16247,1146
28832.084428,2361111217,2361112363,16301,1146
28832.096452,2361120362,2361121508,16415,1146
28832.108467,2361129512,2361130649,16231,1137
28832.120496,2361138635,2361139778,16315,1143
28832.132519,2361147791,2361148926,16391,1135
28832.144534,2361156956,2361158097,16227,1141
28832.156565,2361166092,2361167229,16357,1137
28832.180604,2361184363,2361185494,16238,1131
28832.192633,2361193503,2361194649,16353,1146
28832.204657,2361202653,2361203794,16302,1141
28832.216673,2361211804,2361212943,16251,1139
28832.231709,2361223276,2361224417,16399,1141
28832.243723,2361232409,2361233550,16241,1141
28832.255753,2361241541,2361242677,16319,1136
28832.267777,2361250686,2361251827,16394,1141
28832.279793,2361259836,2361260973,16232,1137
28832.297827,2361273539,2361274685,16250,1146
28832.309858,2361282711,2361283862,16319,1151
28832.327892,2361296428,2361297566,16294,1138
28832.339915,2361305549,2361306695,16396,1146
28832.351930,2361314709,2361315851,16323,1142
28832.363959,2361323872,2361325018,16353,1146
28832.375984,2361333005,2361334151,16435,1146
28832.387999,2361342166,2361343303,16240,1137
28832.406033,2361355878,2361357024,16242,1146
28832.418062,2361365019,2361366163,16405,1144
28832.433085,2361376455,2361377593,16258,1138
28832.445114,2361385593,2361386734,16360,1141
28832.457136,2361394721,2361395866,16295,1145
28832.481183,2361413026,2361414172,16316,1146
28832.493205,2361422190,2361423327,16316,1137
28832.505222,2361431326,2361432472,16163,1146
28832.517251,2361440462,2361441604,16213,1142
28832.532273,2361451866,2361453001,16236,1135
28832.544304,2361461009,2361462155,16317,1146
28832.556325,2361470151,2361471297,16387,1146
28832.568342,2361479286,2361480432,16235,1146
28832.580371,2361488437,2361489584,16326,1147
28832.604410,2361506736,2361507878,16318,1142
28832.616441,2361515866,2361517005,16326,1139
28832.628463,2361524997,2361526138,16387,1141
28832.640478,2361534144,2361535285,16180,1141
28832.652508,2361543289,2361544426,16316,1137
28832.664531,2361552436,2361553582,16296,1146
28832.676548,2361561589,2361562726,16233,1137
28832.688577,2361570760,2361571906,16225,1146
28832.703599,2361582197,2361583333,16232,1136
28832.715632,2361591391,2361592546,16317,1155
28832.727653,2361600526,2361601668,16401,1142
28832.739666,2361609667,2361610810,16213,1143
28832.817824,2361669112,2361670256,16405,1144
28832.829840,2361678263,2361679399,16238,1136
28832.844874,2361689711,2361690846,16388,1135
28832.856891,2361698859,2361700001,16144,1142
28832.868921,2361707998,2361709144,16321,1146
28832.889961,2361723994,2361725134,16415,1140
28832.901977,2361733140,2361734286,16251,1146
28832.915500,2361743808,2361744961,16079,1153
28832.928532,2361755413,2361756559,16357,1146
28832.951571,2361771394,2361772536,16247,1142
28832.963600,2361780553,2361781698,16329,1145
28832.975621,2361789698,2361790835,16376,1137
28832.987640,2361798819,2361799965,16177,1146
28833.008685,2361814841,2361815978,16309,1137
28833.020707,2361823986,2361825132,16362,1146
28833.032725,2361833146,2361834285,16249,1139
28833.047758,2361844578,2361845714,16370,1136
28833.059776,2361853716,2361854862,16261,1146
28833.071805,2361862835,2361863986,16317,1151
28833.083828,2361872001,2361873149,16384,1148
28833.095845,2361881146,2361882292,16172,1146
28833.109371,2361891832,2361892973,16247,1141
28833.121400,2361900993,2361902144,16316,1151
28833.133423,2361910187,2361911332,16386,1145
28833.145439,2361919325,2361920462,16248,1137
28833.156974,2361930028,2361931179,16345,1151
28833.180012,2361946099,2361947250,16318,1151
28833.192033,2361955256,2361956397,16371,1141
28833.204050,2361964411,2361965557,16260,1146
28833.216079,2361973534,2361974675,16225,1141
28833.228101,2361982684,2361983826,16369,1142
28833.240119,2361991828,2361992965,16262,1137
28833.252148,2362000964,2362002107,16322,1143
28833.265675,2362011633,2362012773,16321,1140
28833.277699,2362020805,2362021951,16471,1146
28833.313764,2362048245,2362049382,16284,1137
28833.325782,2362057386,2362058531,16175,1145
28833.373881,2362093988,2362095134,16330,1146
28833.385903,2362103133,2362104274,16488,1141
28833.421972,2362130555,2362131701,16386,1146
28833.433987,2362139700,2362140842,16224,1142
28833.476074,2362171692,2362172839,16389,1147
28833.488091,2362180837,2362181983,16338,1146
28833.500122,2362189999,2362191137,16317,1138
28833.518155,2362203719,2362204850,16326,1131
28833.530179,2362212860,2362214006,16317,1146
28833.578263,2362249440,2362250586,16238,1146
28833.590291,2362258602,2362259748,16316,1146
28833.629367,2362288313,2362289458,16401,1145
28833.641382,2362297458,2362298604,16249,1146
28833.680463,2362327189,2362328332,16399,1143
28833.692486,2362337105,2362338242,16391,1137
28833.737572,2362376902,2362378039,16388,1137
28833.749586,2362386849,2362387992,16086,1143
28833.761619,2362396817,2362397963,16397,1146
28833.780650,2362414732,2362415887,16395,1155
28833.833756,2362459199,2362460345,16351,1146
28833.845777,2362468773,2362469919,16384,1146
28833.875826,2362494789,2362495929,16009,1140
28833.896875,2362511093,2362512234,16350,1141
28833.908899,2362520206,2362521352,16311,1146
28833.929929,2362536119,2362537258,15999,1139
28833.941962,2362545240,2362546386,16350,1146
28833.984032,2362577188,2362578328,16079,1140
28834.089242,2362656930,2362658077,16401,1147
28834.101254,2362666031,2362667174,15997,1143
28834.113288,2362675160,2362676301,16356,1141
28834.125309,2362684284,2362685425,16395,1141
28834.137323,2362693408,2362694543,16001,1135
28834.149356,2362702504,2362703643,16436,1139
28834.161377,2362711653,2362712799,16377,1146
28834.185425,2362729869,2362731015,16343,1146
28834.197446,2362739007,2362740153,16380,1146
28834.215482,2362752684,2362753829,16402,1145
28834.227494,2362761793,2362762937,16035,1144
28834.245529,2362775458,2362776601,15997,1143
28834.257562,2362784562,2362785700,16349,1138
28834.308649,2362823298,2362824441,16002,1143
28834.320682,2362832414,2362833555,16434,1141
28834.336717,2362846161,2362847309,16322,1148
28834.356749,2362859961,2362861108,16320,1147
28834.368772,2362869179,2362870329,16318,1150
28834.380794,2362878393,2362879541,16280,1148
28834.392816,2362887586,2362888732,16275,1146
28834.407837,2362899036,2362900176,16094,1140
28834.419868,2362908144,2362909281,16420,1137
28834.431890,2362917230,2362918374,16458,1144
28834.443906,2362926362,2362927499,16020,1137
28834.455937,2362935494,2362936640,16307,1146
28834.467959,2362944611,2362945757,16366,1146
28834.479974,2362953702,2362954837,16016,1135
28834.492007,2362962815,2362963958,16352,1143
28834.504027,2362971946,2362973088,16284,1142
28834.516043,2362981023,2362982167,16017,1144
28834.528072,2362990137,2362991257,16149,1120
28834.552112,2363008323,2363009472,16016,1149
28834.564144,2363017444,2363018588,16263,1144
28834.576165,2363026710,2363027856,16385,1146
28834.588180,2363035796,2363036934,16019,1138
28834.600210,2363044940,2363046077,16226,1137
28834.612235,2363054056,2363055193,16391,1137
28834.624249,2363063158,2363064296,16019,1138
28834.642284,2363076802,2363077945,16015,1143
28834.663332,2363092750,2363093891,16345,1141
28834.675355,2363101877,2363103023,16322,1146
28834.687368,2363110971,2363112104,16017,1133
28834.699398,2363120086,2363121213,16150,1127
28834.711422,2363129158,2363130300,16370,1142
28834.723438,2363138267,2363139411,16022,1144
28834.735468,2363147394,2363148530,16348,1136
28834.747492,2363156507,2363157647,16293,1140
28834.759506,2363165617,2363166750,16016,1133
28834.771537,2363174759,2363175899,16321,1140
28834.783561,2363184043,2363185180,16384,1137
28834.795574,2363193158,2363194296,16096,1138
28834.807607,2363202271,2363203417,16438,1146
28834.819629,2363211368,2363212509,16462,1141
28834.831646,2363220472,2363221617,16262,1145
28834.843674,2363229580,2363230721,16357,1141
28834.855696,2363238707,2363239847,16371,1140
28834.867714,2363247825,2363248971,16330,1146
28834.879743,2363256947,2363258088,16336,1141
28834.891765,2363266084,2363267221,16366,1137
28834.903786,2363275194,2363276335,16285,1141
28834.915813,2363284296,2363285443,16267,1147
28834.927834,2363293437,2363294578,16367,1141
28834.960897,2363318457,2363319597,16333,1140
28834.972921,2363327571,2363328713,16312,1142
28834.984937,2363336870,2363338010,16245,1140
28834.999972,2363348264,2363349406,16383,1142
28835.011986,2363357344,2363358477,16022,1133
28835.024017,2363366444,2363367586,16331,1142
28835.036041,2363375550,2363376691,16296,1141
28835.048057,2363384647,2363385791,16162,1144
28835.060084,2363393765,2363394887,16065,1122
28835.072109,2363402869,2363404006,16398,1137
28835.084126,2363411978,2363413124,16255,1146
28835.096155,2363421096,2363422242,16347,1146
28835.108177,2363430226,2363431377,16387,1151
28835.120192,2363439333,2363440468,16017,1135
28835.132224,2363448455,2363449580,16176,1125
28835.144246,2363457538,2363458675,16389,1137
28835.171297,2363478036,2363479182,16384,1146
28835.183317,2363487208,2363488344,16351,1136
28835.195344,2363496318,2363497461,16260,1143
28835.207365,2363505476,2363506627,16368,1151
28835.219381,2363514584,2363515719,16016,1135
28835.231410,2363523705,2363524824,16050,1119
28835.243433,2363532794,2363533945,16369,1151
28835.255451,2363541897,2363543043,16164,1146
28835.273486,2363555588,2363556729,16246,1141
28835.285516,2363564708,2363565854,16343,1146
28835.321583,2363592011,2363593152,16344,1141
28835.333607,2363601146,2363602292,16396,1146
28835.357653,2363619413,2363620549,16350,1136
28835.369675,2363628534,2363629675,16404,1141
28835.381690,2363637636,2363638780,16093,1144
28835.393721,2363646805,2363647951,16350,1146
28835.471861,2363706016,2363707150,16081,1134
28835.483893,2363715110,2363716256,16417,1146
28835.495917,2363724241,2363725373,16485,1132
28835.507933,2363733337,2363734478,16238,1141
28835.519961,2363742457,2363743579,16152,1122
28835.531984,2363751540,2363752687,16378,1147
28835.543998,2363760645,2363761779,15921,1134
28835.556030,2363769755,2363770901,16335,1146
28835.568054,2363778877,2363780018,16414,1141
28835.586087,2363792553,2363793689,16380,1136
28835.601117,2363804041,2363805183,16398,1142
28835.613137,2363813412,2363814553,16378,1141
28835.625146,2363822518,2363823656,16081,1138
28835.697283,2363876945,2363878087,16088,1142
28835.709315,2363886046,2363887187,16225,1141
28835.721344,2363895127,2363896278,16397,1151
28835.733360,2363904183,2363905319,16104,1136
28835.784464,2363942751,2363943897,16380,1146
28835.796485,2363951869,2363953018,16343,1149
28835.877625,2364013179,2364014317,16083,1138
28835.889659,2364022247,2364023391,16039,1144
28835.901687,2364031326,2364032467,16378,1141
28835.913701,2364040385,2364041527,16038,1142
28835.943761,2364063081,2364064200,16239,1119
28835.955790,2364072133,2364073275,16397,1142
28835.967802,2364081188,2364082328,16122,1140
28835.979830,2364090272,2364091387,16318,1115
28835.991857,2364099334,2364100456,16276,1122
28836.009893,2364112938,2364114089,16389,1151
28836.021901,2364122030,2364123165,16084,1135
28836.039934,2364135623,2364136761,16163,1138
28836.051968,2364144673,2364145813,16052,1140
28836.063996,2364153749,2364154889,16414,1140
28836.076002,2364162804,2364163942,16083,1138
28836.088036,2364171870,2364172988,16241,1118
28836.100065,2364180919,2364182061,16391,1142
28836.112079,2364189999,2364191131,16121,1132
28836.124105,2364199077,2364200215,16116,1138
28836.202244,2364258001,2364259130,16081,1129
28836.214272,2364267279,2364268426,16218,1147
28836.226305,2364276358,2364277494,16387,1136
28836.236327,2364285438,2364286581,16035,1143
28836.259369,2364301361,2364302509,16112,1148
28836.271390,2364310448,2364311588,16386,1140
28836.283396,2364319488,2364320626,16082,1138
28836.295431,2364328528,2364329662,16039,1134
28836.307460,2364337611,2364338731,16232,1120
28836.319467,2364346666,2364347804,16086,1138
28836.331499,2364355706,2364356823,16150,1117
28836.343527,2364364759,2364365905,16387,1146
28836.355534,2364373825,2364374963,16086,1138
28836.367567,2364382908,2364384054,16242,1146
28836.379596,2364391998,2364393142,16386,1144
28836.391603,2364401064,2364402204,16082,1140
28836.409644,2364414682,2364415820,16036,1138
28836.421671,2364423784,2364424924,16121,1140
28836.433699,2364432871,2364434002,16469,1131
28836.448723,2364444193,2364445336,16043,1143
28836.460750,2364453252,2364454389,16373,1137
28836.475774,2364464587,2364465727,16118,1140
28836.548908,2364521377,2364522523,16395,1146
28836.617031,2364571319,2364572462,16082,1143
28836.629065,2364580389,2364581524,16040,1135
28836.641095,2364589478,2364590625,16316,1147
28836.653112,2364598564,2364599710,16253,1146
28836.728254,2364655255,2364656388,16037,1133
28836.740282,2364664357,2364665508,16387,1151
28836.755312,2364675699,2364676842,16107,1143
28836.809407,2364716642,2364717788,16323,1146
28836.821437,2364725720,2364726866,16484,1146
28836.833444,2364734837,2364735977,16159,1140
28836.845473,2364743928,2364745069,16038,1141
28836.857504,2364753014,2364754155,16365,1141
28836.875536,2364766679,2364767820,16435,1141
28836.905588,2364789338,2364790476,16041,1138
28836.917614,2364798442,2364799577,16041,1135
28836.929642,2364807495,2364808635,16478,1140
28836.944665,2364818860,2364819998,16037,1138
28836.965711,2364834760,2364835901,16470,1141
28836.977717,2364843868,2364845001,16160,1133
28837.028830,2364882451,2364883591,16472,1140
28837.040839,2364891652,2364892786,16087,1134
28837.055882,2364903058,2364904190,16376,1132
28837.067890,2364912110,2364913244,16084,1134
28837.079923,2364921167,2364922300,15960,1133
28837.097953,2364934741,2364935879,16041,1138
28837.109985,2364943852,2364945003,16393,1151
28837.134026,2364961979,2364963119,16051,1140
28837.146052,2364971052,2364972194,16370,1142
28837.173106,2364991484,2364992621,16394,1137
28837.185114,2365000531,2365001674,16090,1143
28837.197146,2365009618,2365010761,16036,1143
28837.236226,2365039198,2365040334,16383,1136
28837.248234,2365048308,2365049446,16084,1138
28837.260266,2365057369,2365058507,16080,1138
28837.276326,2365070978,2365072127,16042,1149
28837.320370,2365102754,2365103883,16086,1129
28837.332403,2365111833,2365112976,16040,1143
28837.380498,2365148139,2365149286,16364,1147
28837.392506,2365157215,2365158350,16082,1135
28837.404535,2365166298,2365167444,16145,1146
28837.416567,2365175393,2365176534,16375,1141
28837.428575,2365184466,2365185604,16082,1138
28837.440608,2365193521,2365194664,16057,1143
28837.455631,2365204839,2365205970,16070,1131
28837.467660,2365214088,2365215231,16039,1143
28837.479688,2365223180,2365224316,16471,1136
28837.491695,2365232249,2365233378,16161,1129
28837.503728,2365241363,2365242504,16254,1141
28837.515755,2365250427,2365251564,16409,1137
28837.533789,2365264052,2365265194,16444,1142
28837.545800,2365273112,2365274250,16092,1138
28837.599908,2365313904,2365315048,16040,1144
28837.611934,2365322995,2365324127,16041,1132
28837.623963,2365332059,2365333202,16397,1143
28837.641997,2365345667,2365346818,16468,1151
28837.654005,2365354742,2365355881,16163,1139
28837.666039,2365363851,2365364997,16232,1146
28837.705119,2365393391,2365394528,16488,1137
28837.717124,2365402461,2365403590,16161,1129
28837.729158,2365411534,2365412671,16043,1137
28837.807296,2365470575,2365471710,16087,1135
28837.819325,2365479661,2365480804,16110,1143
28837.831357,2365488737,2365489873,16338,1136
28837.843365,2365497820,2365498953,16086,1133
28837.855396,2365506892,2365508009,15972,1117
28837.867427,2365515940,2365517059,16228,1119
28837.879439,2365525266,2365526398,16036,1132
28837.897474,2365538855,2365540004,15953,1149
28837.909500,2365547953,2365549091,16041,1138
28837.921530,2365557066,2365558212,16381,1146
28837.933535,2365566154,2365567289,16078,1135
28837.948580,2365577482,2365578624,16359,1142
28837.960587,2365586535,2365587667,16083,1132
28837.972620,2365595583,2365596700,16236,1117
28837.984650,2365604653,2365605790,16399,1137
28838.023719,2365634219,2365635355,16347,1136
28838.035737,2365643310,2365644445,15953,1135
28838.047768,2365652417,2365653563,16400,1146
28838.059777,2365661487,2365662622,16110,1135
28838.080826,2365677344,2365678474,16032,1130
28838.092851,2365686468,2365687614,16356,1146
28838.119907,2365706918,2365708064,16324,1146
28838.131924,2365716030,2365717166,16339,1136
28838.143953,2365725093,2365726226,16107,1133
28838.155974,2365734172,2365735313,16389,1141
28838.174009,2365747789,2365748934,16387,1145
28838.186028,2365756871,2365758008,16347,1137
28838.229114,2365790886,2365792024,16083,1138
28838.249135,2365804491,2365805629,16080,1138
28838.261169,2365813540,2365814648,16314,1108
28838.273195,2365822620,2365823740,16263,1120
28838.288216,2365833939,2365835083,16035,1144
28838.300250,2365843074,2365844214,16487,1140
28838.312256,2365852145,2365853287,16097,1142
28838.324289,2365861248,2365862382,16118,1134
28838.336319,2365870314,2365871434,16314,1120
28838.348324,2365879377,2365880509,16078,1132
28838.360354,2365888453,2365889591,16032,1138
28838.375375,2365899785,2365900919,16075,1134
28838.441519,2365949707,2365950842,16115,1135
28838.453540,2365958793,2365959934,16387,1141
28838.465547,2365967861,2365969001,16137,1140
28838.492606,2365988247,2365989385,16120,1138
28838.504633,2365997401,2365998538,16308,1137
28838.516661,2366006493,2366007632,16490,1139
28838.544721,2366029244,2366030384,16350,1140
28838.633881,2366095092,2366096234,16372,1142
28838.645892,2366104152,2366105295,16088,1143
28838.663938,2366117810,2366118951,16358,1141
28838.675957,2366126872,2366127989,16236,1117
28838.687988,2366135941,2366137061,16233,1120
28838.706021,2366149550,2366150686,16436,1136
28838.718031,2366158666,2366159804,16165,1138
28838.749092,2366183629,2366184775,16360,1146
28838.853284,2366260760,2366261895,16084,1135
28838.865316,2366269844,2366270990,16319,1146
28838.877346,2366278948,2366280091,16344,1143
28838.889360,2366288018,2366289156,16006,1138
28838.913415,2366306183,2366307329,16388,1146
28838.925423,2366315271,2366316414,16160,1143
28838.952473,2366335687,2366336830,16084,1143
28838.964507,2366344788,2366345931,16039,1143
28838.985554,2366360719,2366361861,16405,1142
28838.997571,2366369824,2366370960,16346,1136
28839.009592,2366378872,2366379986,16232,1114
28839.069696,2366424146,2366425279,16081,1133
28839.081730,2366433191,2366434325,16045,1134
28839.111794,2366455852,2366456998,16502,1146
28839.123800,2366464960,2366466100,16164,1140
28839.141833,2366478620,2366479758,16079,1138
28839.153867,2366487683,2366488816,16034,1133
28839.177902,2366505862,2366507004,16210,1142
28839.189930,2366514978,2366516115,16241,1137
28839.280107,2366583001,2366584135,16121,1134
28839.292136,2366592096,2366593237,16408,1141
28839.304142,2366601164,2366602302,16164,1138
28839.334216,2366623798,2366624936,16107,1138
28839.346241,2366632926,2366634072,16388,1146
28839.358244,2366641972,2366643115,16000,1143
28839.376279,2366655652,2366656783,16086,1131
28839.388314,2366664782,2366665938,16175,1156
28839.409358,2366680737,2366681883,16381,1146
28839.421364,2366689841,2366690986,16084,1145
28839.445427,2366708045,2366709191,16384,1146
28839.457433,2366717101,2366718244,16079,1143
28839.496519,2366746607,2366747749,16039,1142
28839.508548,2366755679,2366756820,16407,1141
28839.520553,2366764742,2366765880,16002,1138
28839.544616,2366782910,2366784055,16379,1145
28839.556636,2366792031,2366793177,16344,1146
28839.596712,2366823889,2366825034,16456,1145
28839.625769,2366844300,2366845437,16391,1137
28839.637778,2366853374,2366854517,16081,1143
28839.652822,2366864715,2366865861,16488,1146
28839.700897,2366901034,2366902177,16087,1143
28839.712930,2366910105,2366911248,16034,1143
28839.758016,2366944086,2366945224,16035,1138
28839.770041,2366953215,2366954361,16358,1146
28839.801109,2366978154,2366979289,16037,1135
28839.848186,2367012223,2367013363,16242,1140
28839.860216,2367021299,2367022437,16439,1138
28839.872224,2367030385,2367031519,16080,1134
28839.884250,2367039453,2367040594,16297,1141
28839.908291,2367057595,2367058723,16076,1128
28839.920320,2367066673,2367067813,16033,1140
28839.944359,2367084807,2367085945,16085,1138
28839.956393,2367093899,2367095036,16061,1137
28839.968419,2367103007,2367104141,16385,1134
28839.983443,2367114390,2367115546,16254,1156
28839.995473,2367123566,2367124718,16305,1152
28840.007494,2367132721,2367133863,16368,1142
28840.019509,2367141840,2367142980,15975,1140
28840.031541,2367151009,2367152162,16223,1153
28840.043561,2367160152,2367161296,16354,1144
28840.055581,2367169260,2367170395,16056,1135
28840.067608,2367178313,2367179454,16372,1141
28840.079624,2367187382,2367188520,16052,1138
28840.091650,2367196472,2367197611,16057,1139
28840.103677,2367205560,2367206706,16372,1146
28840.124703,2367221449,2367222582,16078,1133
28840.136736,2367230503,2367231646,16052,1143
28840.169789,2367255473,2367256613,16085,1140
28840.181822,2367264594,2367265740,16234,1146
28840.232908,2367303170,2367304300,16080,1130
28840.244942,2367312226,2367313369,16039,1143
28840.265987,2367328121,2367329267,16472,1146
28840.278001,2367337150,2367338295,16038,1145
28840.290028,2367346234,2367347367,16038,1133
28840.338122,2367382521,2367383667,16444,1146
28840.350132,2367391582,2367392725,16090,1143
28840.380194,2367414299,2367415436,16224,1137
28840.392228,2367423429,2367424579,16487,1150
28840.404234,2367432505,2367433643,16083,1138
28840.440302,2367459733,2367460866,16080,1133
28840.452337,2367468800,2367469943,16049,1143
28840.488405,2367496034,2367497177,16039,1143
28840.500434,2367505145,2367506291,16379,1146
28840.512440,2367514185,2367515319,16083,1134
28840.540515,2367536853,2367537995,16037,1142
28840.584577,2367568637,2367569772,16165,1135
28840.596609,2367577777,2367578919,16192,1142
28840.623671,2367591592,2367592192,12023,600
28840.637191,2367596636,2367597450,13381,814
28840.649217,2367605316,2367606445,16347,1129
28840.661222,2367614302,2367615437,16047,1135
28840.673263,2367623309,2367624441,16115,1132
28840.685281,2367632387,2367633525,16350,1138
28840.751394,2367682315,2367683453,16079,1138
28840.763428,2367691372,2367692515,16043,1143
28840.775455,2367700444,2367701585,16357,1141
28840.787462,2367709521,2367710664,16087,1143
28840.799496,2367718641,2367719782,16257,1141
28840.811525,2367727726,2367728862,16390,1136
28840.823543,2367736754,2367737892,16129,1138
28840.835565,2367745822,2367746966,16124,1144
28840.847593,2367754866,2367756007,16471,1141
28840.859601,2367764002,2367765144,16085,1142
28840.871640,2367773064,2367774203,16187,1139
28840.884660,2367784461,2367785601,16086,1140
28840.904685,2367798076,2367799219,16160,1143
28840.916720,2367807169,2367808312,16124,1143
28840.928747,2367816288,2367817429,16466,1141
28840.940754,2367825368,2367826496,16081,1128
28840.985846,2367859374,2367860510,16126,1136
28840.997874,2367868446,2367869581,16120,1135
28841.012891,2367879839,2367880977,16038,1138
28841.024921,2367888910,2367890062,16220,1152
28841.036954,2367898010,2367899130,16234,1120
28841.051976,2367909305,2367910448,16036,1143
28841.064004,2367918380,2367919526,16381,1146
28841.076013,2367927461,2367928603,16046,1142
28841.088045,2367936516,2367937634,16244,1118
28841.100074,2367945586,2367946737,16387,1151
28841.112080,2367954656,2367955799,16087,1143
28841.125611,2367963246,2367964376,16155,1130
28841.137639,2367972251,2367973378,16046,1127
28841.149669,2367981336,2367982477,16374,1141
28841.161686,2367990388,2367991528,16338,1140
28841.173703,2367999457,2368000598,16222,1141
28841.185737,2368008546,2368009692,16399,1146
28841.197744,2368017634,2368018768,16084,1134
28841.209777,2368026795,2368027940,16238,1145
28841.221805,2368035876,2368037021,16370,1145
28841.233811,2368044982,2368046125,16080,1143
28841.245845,2368054051,2368055189,16040,1138
28841.257871,2368063176,2368064308,16357,1132
28841.269887,2368072246,2368073381,16040,1135
28841.281910,2368081363,2368082501,16041,1138
28841.293945,2368090428,2368091548,16354,1120
28841.308965,2368101748,2368102885,16044,1137
28841.320994,2368110857,2368112003,16318,1146
28841.360051,2368140312,2368141456,16077,1144
28841.372080,2368149402,2368150518,16045,1116
28841.384114,2368158465,2368159587,16281,1122
28841.405137,2368174319,2368175457,16160,1138
28841.433709,2368195943,2368197084,16393,1141
28841.445714,2368205005,2368206140,16162,1135
28841.472766,2368225394,2368226537,16165,1143
28841.484799,2368234466,2368235604,16121,1138
28841.508834,2368252588,2368253729,16163,1141
28841.520864,2368261668,2368262801,16232,1133
28841.544905,2368279808,2368280946,16161,1138
28841.556937,2368288871,2368289995,16042,1124
28841.571954,2368300200,2368301335,16077,1135
28841.596016,2368318325,2368319466,16386,1141
28841.608028,2368327379,2368328509,16135,1130
28841.621553,2368337832,2368338963,16126,1131
28841.645609,2368355944,2368357080,16487,1136
28841.657619,2368365009,2368366136,16161,1127
28841.669646,2368374073,2368375210,16322,1137
28841.681678,2368383136,2368384272,16463,1136
28841.696702,2368394428,2368395571,16053,1143
28841.708730,2368403498,2368404642,16380,1144
28841.741788,2368428422,2368429559,16137,1137
28841.753817,2368437520,2368438666,16368,1146
28841.765830,2368446599,2368447734,16035,1135
28841.777857,2368455695,2368456827,16034,1132
28841.789884,2368464774,2368465916,16381,1142
28841.801893,2368473839,2368474977,16087,1138
28841.813933,2368482910,2368484027,16322,1117
28841.825955,2368491948,2368493092,16395,1144
28841.840977,2368503315,2368504468,16037,1153
28841.853004,2368512396,2368513533,16382,1137
28841.868023,2368523731,2368524877,16302,1146
28841.880056,2368532810,2368533956,16469,1146
28841.892064,2368541887,2368543028,16048,1141
28841.904097,2368550971,2368552104,15955,1133
28841.916124,2368560041,2368561177,16366,1136
28841.928132,2368569101,2368570244,16080,1143
28841.961210,2368594050,2368595191,16379,1141
28841.973217,2368603129,2368604272,16084,1143
28841.985251,2368612195,2368613312,16238,1117
28841.997281,2368621262,2368622408,16489,1146
28842.021316,2368639420,2368640563,16082,1143
28842.036339,2368651016,2368652163,16159,1147
28842.048372,2368660094,2368661232,16128,1138
28842.105486,2368703255,2368704400,16413,1145
28842.117492,2368712386,2368713529,16084,1143
28842.153560,2368739640,2368740778,16161,1138
28842.165594,2368748747,2368749887,16321,1140
28842.183629,2368762391,2368763511,16138,1120
28842.195656,2368771453,2368772590,16468,1137
28842.207665,2368780533,2368781675,16081,1142
28842.219697,2368789617,2368790760,16117,1143
28842.231726,2368798938,2368800079,16406,1141
28842.243742,2368808040,2368809178,16356,1138
28842.255763,2368817086,2368818230,16005,1144
28842.267795,2368826230,2368827370,16364,1140
28842.279801,2368835297,2368836435,16082,1138
28842.297835,2368848913,2368850051,16084,1138
28842.309875,2368857996,2368859141,16025,1145
28842.321896,2368867090,2368868236,16382,1146
28842.333905,2368876189,2368877327,16085,1138
28842.345933,2368885260,2368886403,16033,1143
28842.382005,2368912512,2368913650,16323,1138
28842.394033,2368921599,2368922745,16386,1146
28842.406040,2368930680,2368931813,16155,1133
28842.418070,2368939753,2368940896,16082,1143
28842.430104,2368948851,2368949975,16308,1124
28842.442110,2368958003,2368959145,16083,1142
28842.454143,2368967084,2368968224,16041,1140
28842.490212,2368994383,2368995512,16048,1129
28842.502239,2369003456,2369004587,16388,1131
28842.535297,2369028427,2369029564,16034,1137
28842.547327,2369037495,2369038637,16400,1142
28842.559340,2369046541,2369047685,16040,1144
28842.571366,2369055637,2369056760,16326,1123
28842.589400,2369069258,2369070393,16039,1135
28842.601427,2369078357,2369079476,16208,1119
28842.625469,2369096450,2369097584,16122,1134
28842.637498,2369105504,2369106650,16486,1146
28842.649505,2369114810,2369115945,16084,1135
28842.661536,2369123922,2369125063,16238,1141
28842.697606,2369151129,2369152269,16039,1140
28842.709632,2369160224,2369161370,16349,1146
28842.757717,2369196541,2369197687,16001,1146
28842.769743,2369205661,2369206799,16041,1138
28842.844889,2369262361,2369263507,16355,1146
28842.856905,2369271415,2369272557,16112,1142
28842.868932,2369280800,2369281934,16042,1134
28842.920018,2369319385,2369320520,16081,1135
28842.932052,2369328452,2369329587,16040,1135
28842.944081,2369337554,2369338691,16382,1137
28842.956094,2369346626,2369347754,16043,1128
28842.974121,2369360263,2369361409,16079,1146
28842.986155,2369369339,2369370487,16121,1148
28843.064294,2369428326,2369429464,16081,1138
28843.076327,2369437455,2369438601,16223,1146
28843.100361,2369455590,2369456739,16081,1149
28843.112395,2369464660,2369465793,16041,1133
28843.124424,2369473729,2369474873,16445,1144
28843.169509,2369507733,2369508878,16390,1145
28843.181515,2369516801,2369517944,16080,1143
28843.208567,2369537174,2369538314,16085,1140
28843.220601,2369546290,2369547413,16247,1123
28843.271687,2369584843,2369585981,16082,1138
28843.283717,2369593967,2369595105,16038,1138
28843.295748,2369603046,2369604188,16382,1142
28843.307757,2369612107,2369613237,16088,1130
28843.319789,2369621205,2369622323,16235,1118
28843.331816,2369630226,2369631372,16383,1146
28843.343824,2369639299,2369640437,16078,1138
28843.355855,2369648384,2369649520,16220,1136
28843.367887,2369657462,2369658579,16223,1117
28843.379892,2369666497,2369667634,16078,1137
28843.391925,2369675570,2369676696,16058,1126
28843.403954,2369684661,2369685807,16308,1146
28843.415961,2369693754,2369694887,16162,1133
28843.427995,2369702801,2369703945,16118,1144
28843.440023,2369711887,2369713031,16388,1144
28843.452037,2369720947,2369722096,16041,1149
28843.464062,2369730090,2369731232,16248,1142
28843.476091,2369739179,2369740330,16387,1151
28843.488098,2369748296,2369749423,16081,1127
28843.500136,2369757381,2369758520,16203,1139
28843.512161,2369766495,2369767641,16490,1146
28843.524167,2369775587,2369776729,16080,1142
28843.536201,2369784662,2369785800,16036,1138
28843.554230,2369798302,2369799443,16219,1141
28843.566264,2369807386,2369808532,16401,1146
28843.608339,2369839167,2369840311,16042,1144
28843.620367,2369848245,2369849381,16402,1136
28843.671458,2369886787,2369887922,16041,1135
28843.683487,2369895862,2369897003,16402,1141
28843.708525,2369916561,2369917703,16471,1142
28843.785666,2369973319,2369974462,16084,1143
28843.797704,2369982410,2369983553,16192,1143
28843.809725,2369991514,2369992655,16416,1141
28843.875836,2370041483,2370042621,16159,1138
28843.887870,2370050545,2370051674,16048,1129
28843.899897,2370059691,2370060827,16395,1136
28843.911906,2370068782,2370069920,16085,1138
28843.923938,2370077864,2370078981,16242,1117
28843.935966,2370086901,2370088041,16383,1140
28843.947980,2370095975,2370097110,16038,1135
28843.960005,2370105077,2370106214,16235,1137
28843.972035,2370114158,2370115289,16386,1131
28843.990068,2370127794,2370128943,16379,1149
28844.002075,2370136870,2370138004,16081,1134
28844.017120,2370148188,2370149329,16379,1141
28844.029142,2370157279,2370158430,16343,1151
28844.074213,2370191334,2370192477,16082,1143
28844.086246,2370200392,2370201509,16243,1117
28844.110283,2370218562,2370219699,16082,1137
28844.128316,2370232162,2370233300,16085,1138
28844.140349,2370241289,2370242434,16229,1145
28844.167401,2370261763,2370262900,16041,1137
28844.179431,2370270842,2370271962,16150,1120
28844.191436,2370279900,2370281043,16081,1143
28844.209472,2370293504,2370294647,16079,1143
28844.221501,2370302591,2370303722,15999,1131
28844.233532,2370311657,2370312803,16389,1146
28844.245546,2370320729,2370321863,16034,1134
28844.263587,2370334343,2370335489,16359,1146
28844.275607,2370343463,2370344605,15956,1142
28844.287636,2370352551,2370353671,16223,1120
28844.311676,2370370659,2370371803,16121,1144
28844.323703,2370379775,2370380921,16390,1146
28844.335710,2370388838,2370389981,16086,1143
28844.347741,2370397956,2370399102,16225,1146
28844.359772,2370407032,2370408165,16379,1133
28844.371781,2370416078,2370417208,16085,1130
28844.383812,2370425140,2370426278,16057,1138
28844.401843,2370438771,2370439909,16014,1138
28844.413875,2370447847,2370448963,16212,1116
28844.425889,2370456921,2370458064,16018,1143
28844.437921,2370466065,2370467207,16350,1142
28844.449944,2370475227,2370476377,16372,1150
28844.461960,2370484396,2370485536,16011,1140
28844.473990,2370493562,2370494703,16357,1141
28844.489009,2370505034,2370506181,16014,1147
28844.501036,2370514154,2370515294,16062,1140
28844.522079,2370530063,2370531204,16370,1141
28844.534089,2370539137,2370540269,16083,1132
28844.558148,2370557319,2370558455,16375,1136
28844.570168,2370566455,2370567594,16348,1139
28844.609241,2370595922,2370597065,16134,1143
28844.621268,2370604997,2370606133,16381,1136
28844.660330,2370634479,2370635622,16084,1143
28844.672361,2370643567,2370644709,16044,1142
28844.693407,2370659457,2370660603,16372,1146
28844.705414,2370668533,2370669680,16111,1147
28844.724472,2370684430,2370685567,16227,1137
28844.741490,2370695769,2370696913,16117,1144
28844.753516,2370705083,2370706216,15956,1133
28844.765544,2370714162,2370715303,16396,1141
28844.777552,2370723248,2370724376,16160,1128
28844.868746,2370793511,2370794647,16232,1136
28844.903791,2370818510,2370819645,16157,1135
28844.915824,2370827567,2370828701,16114,1134
28844.927851,2370836682,2370837823,16458,1141
28844.939866,2370845745,2370846893,16035,1148
28844.951892,2370854863,2370856000,16245,1137
28844.963923,2370863945,2370865065,16245,1120
28844.975940,2370872986,2370874127,16351,1141
28844.993963,2370886648,2370887786,16076,1138
28845.005992,2370895736,2370896878,16036,1142
28845.084135,2370954676,2370955820,16081,1144
28845.096167,2370963739,2370964856,16240,1117
28845.108197,2370972796,2370973933,16480,1137
28845.120202,2370981842,2370982975,16077,1133
28845.132235,2370990953,2370992080,16211,1127
28845.144265,2371000031,2371001177,16373,1146
28845.189351,2371033997,2371035132,16382,1135
28845.201358,2371043102,2371044245,16084,1143
28845.213391,2371052162,2371053300,16044,1138
28845.225420,2371061218,2371062358,16403,1140
28845.237432,2371070313,2371071448,16108,1135
28845.255461,2371083943,2371085084,16158,1141
28845.267493,2371092994,2371094132,16114,1138
28845.279522,2371102075,2371103215,16482,1140
28845.291528,2371111135,2371112273,16163,1138
28845.303562,2371120186,2371121319,16037,1133
28845.315587,2371129264,2371130406,16353,1142
28845.327611,2371138352,2371139489,16343,1137
28845.339625,2371147415,2371148560,16208,1145
28845.351656,2371156505,2371157651,16360,1146
28845.372683,2371172411,2371173553,16076,1142
28845.384723,2371181478,2371182621,16116,1143
28845.408765,2371199623,2371200769,16360,1146
28845.420783,2371208731,2371209866,16241,1135
28845.508963,2371276842,2371277977,16040,1135
28845.528987,2371290487,2371291627,16032,1140
28845.541020,2371299629,2371300770,16355,1141
28845.613156,2371354095,2371355241,16475,1146
28845.628180,2371365433,2371366571,16041,1138
28845.715335,2371431237,2371432365,16081,1128
28845.727368,2371440292,2371441421,16114,1129
28845.739400,2371449415,2371450561,16489,1146
28845.751404,2371458524,2371459664,16081,1140
28845.763437,2371467583,2371468721,16043,1138
28845.775465,2371476652,2371477789,16393,1137
28845.787471,2371485707,2371486850,16088,1143
28845.799505,2371494760,2371495878,16238,1118
28845.811533,2371503845,2371504991,16365,1146
28845.823541,2371512903,2371514042,16085,1139
28845.835569,2371521999,2371523135,16218,1136
28845.895677,2371567328,2371568471,16083,1143
28845.907711,2371576387,2371577525,16039,1138
28845.919739,2371585482,2371586617,16469,1135
28845.931753,2371594538,2371595681,16111,1143
28845.943780,2371603692,2371604833,16235,1141
28845.955808,2371612765,2371613916,16387,1151
28845.967814,2371621835,2371622970,16082,1135
28845.985849,2371635453,2371636582,16083,1129
28845.997882,2371644533,2371645666,16039,1133
28846.024934,2371664951,2371666094,16037,1143
28846.036963,2371674068,2371675205,16404,1137
28846.088051,2371712642,2371713785,16306,1143
28846.100082,2371721752,2371722889,16454,1137
28846.118117,2371735375,2371736521,16384,1146
28846.130130,2371744475,2371745604,16006,1129
28846.145169,2371755835,2371756975,16460,1140
28846.161685,2371768563,2371769706,16082,1143
28846.173716,2371777675,2371778826,16237,1151
28846.188735,2371789081,2371790223,16087,1142
28846.251857,2371836852,2371837989,16091,1137
28846.263887,2371845974,2371847116,16249,1142
28846.275916,2371855082,2371856219,16361,1137
28846.287925,2371864166,2371865307,16094,1141
28846.308973,2371880084,2371881225,16302,1141
28846.321003,2371889182,2371890326,16381,1144
28846.345041,2371907380,2371908517,16237,1137
28846.357074,2371916483,2371917625,16389,1142
28846.465278,2371998381,2371999518,16367,1137
28846.480294,2372009743,2372010889,16210,1146
28846.537413,2372052989,2372054133,16373,1144
28846.549422,2372062077,2372063217,16088,1140
28846.561455,2372071203,2372072340,16252,1137
28846.573484,2372080307,2372081453,16390,1146
28846.585490,2372089401,2372090539,16089,1138
28846.633590,2372125837,2372126983,16247,1146
28846.645620,2372134934,2372136075,16371,1141
28846.672674,2372155400,2372156538,16403,1138
28846.684678,2372164459,2372165607,16087,1148
28846.696710,2372173586,2372174723,16232,1137
28846.759830,2372221329,2372222465,16219,1136
28846.771859,2372230475,2372231617,16400,1142
28846.783867,2372239618,2372240756,16084,1138
28846.795899,2372248702,2372249843,16310,1141
28846.816946,2372264640,2372265777,16445,1137
28846.828966,2372273741,2372274887,16453,1146
28846.880065,2372312436,2372313582,16470,1146
28846.892074,2372321545,2372322677,16091,1132
28846.904105,2372330635,2372331778,16309,1143
28846.916133,2372339741,2372340887,16458,1146
28846.937159,2372355667,2372356803,16158,1136
28846.949190,2372364778,2372365897,16136,1119
28846.964211,2372376109,2372377249,16169,1140
28846.976238,2372385227,2372386368,16216,1141
28846.988271,2372394324,2372395466,16376,1142
28847.000290,2372403452,2372404588,16342,1136
28847.012310,2372412550,2372413701,16225,1151
28847.024338,2372421659,2372422800,16268,1141
28847.036348,2372430751,2372431899,16087,1148
28847.048379,2372439862,2372441008,16239,1146
28847.060408,2372448980,2372450122,16377,1142
28847.072423,2372458072,2372459207,15919,1135
28847.105495,2372483169,2372484316,16366,1147
28847.117502,2372492292,2372493441,16089,1149
28847.129533,2372501446,2372502588,16242,1142
28847.168615,2372530989,2372532126,16475,1137
28847.180625,2372540264,2372541402,16249,1138
28847.195666,2372551658,2372552790,16363,1132
28847.207674,2372560774,2372561912,16088,1138
28847.219711,2372569869,2372571009,16297,1140
28847.237738,2372583535,2372584675,16205,1140
28847.249769,2372592640,2372593782,16386,1142
28847.303872,2372633595,2372634733,16385,1138
28847.315891,2372642699,2372643840,16352,1141
28847.327910,2372651822,2372652968,16231,1146
28847.339941,2372660925,2372662071,16471,1146
28847.360964,2372676846,2372677984,16164,1138
28847.372992,2372685949,2372687090,16298,1141
28847.389040,2372699634,2372700776,16217,1142
28847.413078,2372717797,2372718935,16084,1138
28847.517276,2372795181,2372796323,16291,1142
28847.529299,2372804309,2372805446,16353,1137
28847.559341,2372827067,2372828210,16087,1143
28847.571370,2372836179,2372837322,16219,1143
28847.583404,2372845309,2372846451,16424,1142
28847.595412,2372854427,2372855567,16091,1140
28847.607442,2372863517,2372864663,16225,1146
28847.625477,2372877189,2372878326,16245,1137
28847.637507,2372886312,2372887456,16386,1144
28847.655540,2372899973,2372901119,16364,1146
28847.667554,2372909056,2372910183,16087,1127
28847.679580,2372918159,2372919284,16060,1125
28847.697614,2372931776,2372932917,16223,1141
28847.709643,2372940881,2372942027,16362,1146
28847.736695,2372961368,2372962510,16457,1142
28847.751716,2372972774,2372973915,16303,1141
28847.784772,2372997780,2372998913,16090,1133
28847.796802,2373006893,2373008023,16126,1130
28847.808833,2373015978,2373017115,16385,1137
28847.836882,2373038757,2373039900,16085,1143
28847.883960,2373072957,2373074092,16089,1135
28847.914031,2373095673,2373096808,16290,1135
28847.926053,2373104792,2373105933,16338,1141
28847.938063,2373113875,2373115024,16093,1149
28847.953107,2373125254,2373126394,16392,1140
28847.977145,2373143429,2373144572,16248,1143
28847.989174,2373152559,2373153705,16362,1146
28848.005196,2373166308,2373167439,16385,1131
28848.043277,2373193604,2373194745,16376,1141
28848.055284,2373202715,2373203843,16005,1128
28848.067313,2373211824,2373212970,16218,1146
28848.079346,2373220988,2373222129,16356,1141
28848.097381,2373234617,2373235763,16380,1146
28848.109389,2373243709,2373244847,16091,1138
28848.148471,2373273306,2373274443,16233,1137
28848.160502,2373282439,2373283585,16376,1146
28848.196570,2373309773,2373310915,16373,1142
28848.208578,2373318959,2373320093,16087,1134
28848.236652,2373341723,2373342865,16236,1142
28848.248658,2373350823,2373351969,16451,1146
28848.328812,2373410056,2373411202,16291,1146
28848.340844,2373419167,2373420308,16473,1141
28848.352852,2373428257,2373429393,16085,1136
28848.364879,2373437367,2373438509,16219,1142
28848.403964,2373466943,2373468089,16368,1146
28848.415983,2373476180,2373477326,16346,1146
28848.434005,2373489887,2373491016,16085,1129
28848.446037,2373499003,2373500139,16232,1136
28848.458068,2373508111,2373509242,16397,1131
28848.470073,2373517215,2373518357,16090,1142
28848.554243,2373580907,2373582054,16248,1147
28848.569261,2373592288,2373593425,16080,1137
28848.584306,2373603689,2373604820,16375,1131
28848.596315,2373612774,2373613912,16089,1138
28848.608352,2373621898,2373623038,16287,1140
28848.620375,2373631054,2373632201,16339,1147
28848.665463,2373665181,2373666317,16478,1136
28848.677469,2373674291,2373675429,16092,1138
28848.689500,2373683377,2373684518,16244,1141
28848.716551,2373703892,2373705028,16254,1136
28848.728582,2373712991,2373714137,16395,1146
28848.767639,2373742519,2373743649,16088,1130
28848.779666,2373751630,2373752752,16101,1122
28848.791700,2373760737,2373761878,16356,1141
28848.803709,2373769816,2373770960,16005,1144
28848.815740,2373778932,2373780078,16251,1146
28848.827767,2373788077,2373789223,16341,1146
28848.845803,2373801714,2373802856,16450,1142
28848.857818,2373810800,2373811938,16085,1138
28848.875846,2373824448,2373825586,16163,1138
28848.905916,2373847219,2373848365,16375,1146
28848.917939,2373856353,2373857487,16347,1134
28848.984052,2373906407,2373907536,16088,1129
28849.020121,2373933725,2373934868,16086,1143
28849.032151,2373942865,2373944006,16235,1141
28849.044182,2373951970,2373953116,16389,1146
28849.056195,2373961064,2373962203,16007,1139
28849.068220,2373970163,2373971308,16224,1145
28849.080250,2373979281,2373980417,16366,1136
28849.092256,2373988357,2373989497,16088,1140
28849.104295,2373997454,2373998600,16289,1146
28849.116318,2374006604,2374007749,16356,1145
28849.191445,2374063468,2374064612,16092,1144
28849.203485,2374072594,2374073739,16307,1145
28849.215508,2374081721,2374082873,16368,1152
28849.227528,2374090864,2374092010,16349,1146
28849.239546,2374100003,2374101149,16227,1146
28849.251575,2374109102,2374110252,16358,1150
28849.263584,2374118197,2374119332,16089,1135
28849.284631,2374134114,2374135230,16054,1116
28849.296661,2374143215,2374144361,16351,1146
28849.308680,2374152336,2374153474,16344,1138
28849.320700,2374161450,2374162591,16198,1141
28849.353761,2374186513,2374187652,16005,1139
28849.365786,2374195627,2374196767,16319,1140
28849.408879,2374229754,2374230895,16330,1141
28849.428904,2374243402,2374244548,16223,1146
28849.440935,2374252570,2374253710,16353,1140
28849.513074,2374307200,2374308351,16374,1151
28849.525089,2374316385,2374317533,16332,1148
28849.609249,2374380616,2374381757,16250,1141
28849.621280,2374389757,2374390893,16339,1136
28849.636300,2374401134,2374402280,16321,1146
28849.648333,2374410286,2374411427,16438,1141
28849.717454,2374462621,2374463761,16206,1140
28849.729485,2374471760,2374472899,16364,1139
28849.747519,2374485434,2374486580,16450,1146
28849.758045,2374490902,2374491657,14389,755
28849.768332,2374495892,2374496496,12087,604
28849.837690,2374541983,2374543110,16381,1127
28849.849707,2374551046,2374552174,16237,1128
28849.861737,2374560175,2374561321,16315,1146
28849.873758,2374569324,2374570466,16380,1142
28849.897805,2374587579,2374588715,16313,1136
28849.909828,2374596735,2374597875,16403,1140
28849.948894,2374626451,2374627594,16241,1143
28849.960925,2374635622,2374636768,16270,1146
28849.972947,2374644761,2374645907,16382,1146
28849.984963,2374653897,2374655042,16242,1145
28849.999999,2374665323,2374666464,16366,1141
28850.024046,2374683624,2374684765,16314,1141
28850.036069,2374692747,2374693890,16402,1143
28850.048082,2374701883,2374703024,16053,1141
28850.060115,2374711254,2374712396,16317,1142
28850.072137,2374720429,2374721571,16305,1142
28850.084153,2374729576,2374730721,16157,1145
28850.096181,2374738714,2374739857,16226,1143
28850.108204,2374747861,2374749003,16292,1142
28850.120221,2374757010,2374758147,16247,1137
28850.132250,2374766142,2374767278,16320,1136
28850.144274,2374775271,2374776417,16399,1146
28850.156290,2374784403,2374785544,16232,1141
28850.168318,2374793554,2374794689,16230,1135
28850.180343,2374802693,2374803839,16304,1146
28850.192358,2374811819,2374812965,16229,1146
28850.204389,2374820950,2374822092,16311,1142
28850.216411,2374830101,2374831238,16394,1137
28850.261496,2374864390,2374865527,16379,1137
28850.272018,2374870987,2374871868,15201,881
28850.284040,2374879777,2374880906,16314,1129
28850.296054,2374888869,2374890013,16145,1144
28850.308086,2374898032,2374899178,16315,1146
28850.320107,2374907142,2374908288,16294,1146
28850.332124,2374916289,2374917426,16149,1137
28850.362188,2374939142,2374940278,16318,1136
28850.374212,2374948270,2374949416,16357,1146
28850.410280,2374975672,2374976818,16396,1146
28850.437332,2374996195,2374997332,16400,1137
28850.449347,2375005349,2375006486,16249,1137
28850.461378,2375014488,2375015631,16319,1143
28850.473401,2375023642,2375024779,16386,1137
28850.485417,2375032784,2375033930,16249,1146
28850.497444,2375041899,2375043041,16269,1142
28850.509468,2375051042,2375052183,16308,1141
28850.521484,2375060191,2375061332,16234,1141
28850.533513,2375069328,2375070473,16313,1145
28850.557553,2375087600,2375088746,16252,1146
28850.569583,2375096781,2375097918,16320,1137
28850.581607,2375105910,2375107056,16409,1146
28850.593620,2375115051,2375116197,16237,1146
28850.605650,2375124171,2375125317,16314,1146
28850.623686,2375137869,2375139002,16295,1133
28850.641720,2375151563,2375152705,16318,1142
28850.653743,2375160689,2375161831,16313,1142
28850.665759,2375169819,2375170960,16253,1141
28850.677790,2375178969,2375180115,16216,1146
28850.689810,2375188118,2375189255,16379,1137
28850.701827,2375197263,2375198409,16185,1146
28850.737896,2375224689,2375225830,16161,1141
28850.749925,2375233817,2375234962,16230,1145
28850.773964,2375252114,2375253260,16247,1146
28850.785994,2375261245,2375262386,16217,1141
28850.810033,2375279512,2375280653,16253,1141
28850.822062,2375288647,2375289793,16230,1146
28850.846101,2375306950,2375308091,16254,1141
28850.858130,2375316087,2375317224,16400,1137
28850.876166,2375329784,2375330930,16402,1146
28850.891185,2375341203,2375342335,16216,1132
28850.906223,2375352635,2375353771,16405,1136
28850.921251,2375364058,2375365199,16316,1141
28850.933275,2375373201,2375374346,16406,1145
28850.945290,2375382341,2375383478,16150,1137
28850.957319,2375391497,2375392648,16321,1151
28850.981359,2375409782,2375410928,16236,1146
28850.993389,2375418937,2375420083,16322,1146
28851.017427,2375437223,2375438368,16230,1145
28851.029458,2375446358,2375447504,16318,1146
28851.041480,2375455497,2375456643,16326,1146
28851.053496,2375464631,2375465762,16237,1131
28851.080547,2375485189,2375486335,16236,1146
28851.092576,2375494326,2375495472,16310,1146
28851.104601,2375503499,2375504636,16394,1137
28851.116616,2375512635,2375513776,16148,1141
28851.128645,2375521787,2375522927,16312,1140
28851.140669,2375530914,2375532051,16333,1137
28851.152685,2375540052,2375541189,16242,1137
28851.167721,2375551478,2375552623,16401,1145
28851.179736,2375560644,2375561790,16254,1146
28851.191765,2375569771,2375570917,16315,1146
28851.209801,2375583495,2375584641,16315,1146
28851.221822,2375592616,2375593752,16380,1136
28851.233839,2375601763,2375602906,16249,1143
28851.245868,2375610899,2375612045,16321,1146
28851.281936,2375638329,2375639470,16319,1141
28851.293960,2375647469,2375648620,16396,1151
28851.313001,2375663514,2375664651,16264,1137
28851.325025,2375672648,2375673794,16212,1146
28851.357080,2375695491,2375696637,16389,1146
28851.369096,2375704642,2375705778,16162,1136
28851.396147,2375725214,2375726355,16240,1141
28851.408175,2375734367,2375735508,16319,1141
28851.420199,2375743513,2375744664,16389,1151
28851.432215,2375752640,2375753772,16259,1132
28851.444244,2375761782,2375762919,16311,1137
28851.462278,2375775511,2375776652,16317,1141
28851.472327,2375784666,2375785812,16379,1146
28851.489329,2375796087,2375797224,16322,1137
28851.501354,2375805225,2375806371,16396,1146
28851.513370,2375814416,2375815562,16260,1146
28851.525399,2375823535,2375824668,16312,1133
28851.540422,2375834961,2375836098,16250,1137
28851.552449,2375844091,2375845227,16316,1136
28851.591524,2375873773,2375874914,16370,1141
28851.603542,2375882916,2375884059,16266,1143
28851.615570,2375892064,2375893199,16315,1135
28851.627593,2375901184,2375902330,16381,1146
28851.639610,2375910327,2375911469,16266,1142
28851.657645,2375924041,2375925182,16247,1141
28851.669674,2375933176,2375934313,16314,1137
28851.708748,2375962865,2375964007,16385,1142
28851.720765,2375972019,2375973165,16252,1146
28851.732795,2375981162,2375982303,16305,1141
28851.744817,2375990314,2375991460,16385,1146
28851.783883,2376020048,2376021193,16224,1145
28851.795915,2376029197,2376030334,16318,1137
28851.807937,2376038322,2376039473,16387,1151
28851.825972,2376052058,2376053204,16398,1146
28851.837988,2376061177,2376062322,16157,1145
28851.862040,2376079457,2376080594,16386,1137
28851.874057,2376088595,2376089736,16249,1141
28851.913139,2376118312,2376119449,16316,1137
28851.925161,2376127440,2376128577,16401,1137
28851.937177,2376136574,2376137720,16257,1146
28851.976259,2376166285,2376167426,16319,1141
28851.988281,2376175441,2376176577,16406,1136
28852.040378,2376216564,2376217707,16392,1143
28852.093481,2376255403,2376256540,16319,1137
28852.105504,2376264522,2376265668,16405,1146
28852.117519,2376273650,2376274796,16319,1146
28852.129548,2376282807,2376283948,16399,1141
28852.141572,2376291957,2376293098,16392,1141
28852.168622,2376312522,2376313659,16383,1137
28852.180638,2376321670,2376322810,16132,1140
28852.192670,2376330802,2376331944,16272,1142
28852.204691,2376339949,2376341080,16293,1131
28852.231744,2376360519,2376361680,16416,1161
28852.243759,2376369669,2376370805,16237,1136
28852.261793,2376383386,2376384531,16245,1145
28852.273823,2376392506,2376393647,16320,1141
28852.309892,2376419924,2376421061,16306,1137
28852.321916,2376429051,2376430192,16402,1141
28852.336944,2376440479,2376441621,16317,1142
28852.348967,2376449620,2376450764,16396,1144
28852.360984,2376458786,2376459927,16233,1141
28852.424102,2376506776,2376507912,16232,1136
28852.436133,2376515929,2376517070,16229,1141
28852.448156,2376525073,2376526209,16327,1136
28852.460171,2376534213,2376535349,16234,1136
28852.481217,2376550168,2376551309,16318,1141
28852.493240,2376559312,2376560458,16298,1146
28852.547344,2376600377,2376601514,16400,1137
28852.559362,2376609540,2376610681,16160,1141
28852.571390,2376618681,2376619822,16228,1141
28852.583412,2376627808,2376628953,16295,1145
28852.604445,2376643810,2376644956,16229,1146
28852.616474,2376652978,2376654123,16314,1145
28852.661562,2376687256,2376688397,16318,1141
28852.673584,2376696811,2376697953,16397,1142
28852.692627,2376714862,2376716008,16144,1146
28852.760750,2376773097,2376774238,16332,1141
28852.772771,2376782917,2376784063,16370,1146
28852.784788,2376792053,2376793204,16346,1151
28852.799823,2376803494,2376804640,16473,1146
28852.841904,2376835519,2376836665,16331,1146
28852.853925,2376844685,2376845826,16378,1141
28852.865942,2376853825,2376854969,16354,1144
28852.877974,2376862967,2376864108,16400,1141
28852.889993,2376872103,2376873249,16369,1146
28852.902011,2376881235,2376882376,16242,1141
28852.974147,2376936013,2376937164,16254,1151
28852.986178,2376945406,2376946557,16317,1151
28853.004213,2376959105,2376960256,16313,1151
28853.016234,2376968255,2376969400,16384,1145
28853.028251,2376977386,2376978532,16248,1146
28853.049299,2376993392,2376994532,16317,1140
28853.061320,2377002535,2377003681,16386,1146
28853.080364,2377018547,2377019689,16236,1142
28853.121436,2377048221,2377049367,16311,1146
28853.133457,2377057384,2377058531,16474,1147
28853.181543,2377093930,2377095075,16238,1145
28853.193570,2377103393,2377104539,16311,1146
28853.217612,2377121715,2377122861,16247,1146
28853.229640,2377130870,2377132011,16328,1141
28853.244663,2377142301,2377143438,16261,1137
28853.284746,2377174359,2377175500,16387,1141
28853.352868,2377224589,2377225730,16251,1141
28853.364896,2377233721,2377234862,16321,1141
28853.388937,2377251982,2377253123,16240,1141
28853.403970,2377263400,2377264546,16370,1146
28853.415989,2377272593,2377273738,16233,1145
28853.428017,2377281745,2377282887,16319,1142
28853.440040,2377290878,2377292034,16384,1156
28853.452057,2377300035,2377301176,16240,1141
28853.464087,2377309168,2377310314,16325,1146
28853.476111,2377318317,2377319459,16399,1142
28853.501156,2377338857,2377340010,16401,1153
28853.533212,2377361702,2377362844,16237,1142
28853.545242,2377370854,2377372000,16313,1146
28853.605349,2377416559,2377417706,16240,1147
28853.617378,2377425751,2377426902,16317,1151
28853.647435,2377448641,2377449782,16385,1141
28853.659452,2377457775,2377458916,16205,1141
28853.671479,2377466932,2377468069,16313,1137
28853.683503,2377476079,2377477224,16377,1145
28853.695520,2377485213,2377486359,16169,1146
28853.707548,2377494361,2377495502,16234,1141
28853.719572,2377503500,2377504651,16319,1151
28853.731589,2377512642,2377513791,16265,1149
28853.743618,2377521797,2377522945,16335,1148
28853.755639,2377530935,2377532086,16375,1151
28853.767656,2377540087,2377541225,16258,1138
28853.788703,2377556080,2377557226,16311,1146
28853.800727,2377565234,2377566380,16350,1146
28853.812743,2377574390,2377575531,16261,1141
28853.824774,2377583504,2377584650,16326,1146
28853.896910,2377638376,2377639513,16322,1137
28853.908932,2377647513,2377648655,16395,1142
28853.932980,2377665777,2377666930,16323,1153
28853.945003,2377674940,2377676080,16416,1140
28853.957018,2377684064,2377685204,16246,1140
28853.969043,2377693382,2377694518,16236,1136
28853.984072,2377704808,2377705944,16349,1136
28854.017138,2377729871,2377731016,16413,1145
28854.029158,2377739001,2377740142,16349,1141
28854.041172,2377748155,2377749274,16021,1119
28854.144376,2377827914,2377829047,16353,1133
28854.185448,2377857549,2377858674,16017,1125
28854.197482,2377866635,2377867774,16495,1139
28854.215514,2377880253,2377881398,16405,1145
28854.227536,2377889411,2377890552,16357,1141
28854.245569,2377903093,2377904230,16351,1137
28854.257584,2377912218,2377913344,15935,1126
28854.311700,2377953224,2377954349,16160,1125
28854.323723,2377962315,2377963454,16503,1139
28854.335739,2377971394,2377972540,16343,1146
28854.347757,2377980513,2377981630,16101,1117
28854.368807,2377996455,2377997591,16367,1136
28854.380826,2378005558,2378006701,16374,1143
28854.428909,2378041955,2378043075,16099,1120
28854.440946,2378051069,2378052209,16502,1140
28854.456977,2378064723,2378065865,16588,1142
28854.473997,2378076148,2378077268,16042,1120
28854.486032,2378085222,2378086361,16504,1139
28854.561168,2378142132,2378143274,16274,1142
28854.573184,2378151274,2378152391,16033,1117
28854.613281,2378183093,2378184230,16390,1137
28854.633307,2378196819,2378197965,16417,1146
28854.645321,2378205987,2378207106,16021,1119
28854.664370,2378221987,2378223146,16362,1159
28854.729496,2378269900,2378271036,16513,1136
28854.741512,2378279003,2378280144,16358,1141
28854.768564,2378299491,2378300623,16441,1132
28854.780580,2378308557,2378309676,16024,1119
28854.840699,2378354053,2378355190,16340,1137
28854.852717,2378363178,2378364303,16021,1125
28854.868762,2378376860,2378377979,16032,1119
28854.888784,2378390509,2378391629,16017,1120
28854.900821,2378399592,2378400736,16503,1144
28854.921854,2378415515,2378416656,16338,1141
28854.933869,2378424620,2378425737,16021,1117
28854.975951,2378456424,2378457565,16090,1141
28854.987972,2378465526,2378466643,16017,1117
28855.000010,2378474612,2378475757,16509,1145
28855.048095,2378511021,2378512162,16356,1141
28855.060116,2378520126,2378521277,16238,1151
28855.072147,2378529232,2378530371,16510,1139
28855.084164,2378538337,2378539474,16363,1137
28855.096180,2378547444,2378548569,16019,1125
28855.108211,2378556523,2378557668,16300,1145
28855.120232,2378565622,2378566763,16262,1141
28855.132247,2378574750,2378575867,16023,1117
28855.144284,2378583840,2378584979,16498,1139
28855.159307,2378595193,2378596334,16280,1141
28855.192368,2378620249,2378621389,16342,1140
28855.204399,2378629358,2378630474,16080,1116
28855.216420,2378638427,2378639567,16588,1140
28855.231437,2378649809,2378650929,16094,1120
28855.252490,2378665732,2378666868,16509,1136
28855.264507,2378674892,2378676038,16358,1146
28855.276523,2378684026,2378685152,15940,1126
28855.300574,2378702210,2378703353,16302,1143
28855.312590,2378711321,2378712441,16019,1120
28855.400778,2378779559,2378780680,16252,1121
28855.417797,2378790927,2378792073,16417,1146
28855.459880,2378822829,2378823966,16347,1137
28855.471899,2378831929,2378833066,16354,1137
28855.483917,2378841033,2378842152,16025,1119
28855.495953,2378850094,2378851234,16544,1140
28855.507969,2378859208,2378860356,16464,1148
28855.519986,2378868363,2378869483,16022,1120
28855.532020,2378877464,2378878603,16500,1139
28855.544038,2378886582,2378887719,16352,1137
28855.556059,2378895697,2378896843,16339,1146
28855.568089,2378904819,2378905958,16491,1139
28855.580107,2378913928,2378915076,16409,1148
28855.592123,2378923049,2378924169,16015,1120
28855.610158,2378936697,2378937819,16092,1122
28855.622193,2378945788,2378946922,16506,1134
28855.664262,2378977639,2378978759,16041,1120
28855.676296,2378986723,2378987859,16461,1136
28855.688313,2378995843,2378996984,16361,1141
28855.700342,2379004952,2379006072,16160,1120
28855.712365,2379014046,2379015190,16499,1144
28855.727384,2379025446,2379026579,16232,1133
28855.739416,2379034542,2379035686,16505,1144
28855.751431,2379043645,2379044781,16187,1136
28855.769466,2379057317,2379058458,16353,1141
28855.781483,2379066416,2379067532,16021,1116
28855.805538,2379084632,2379085773,16374,1141
28855.817550,2379093752,2379094869,16021,1117
28855.832585,2379105127,2379106270,16341,1143
28855.844603,2379114250,2379115370,16017,1120
28855.856637,2379123356,2379124502,16366,1146
28855.868654,2379132452,2379133589,16349,1137
28855.880672,2379141574,2379142690,15935,1116
28855.913741,2379166578,2379167719,16357,1141
28855.925757,2379175705,2379176824,16021,1119
28855.937793,2379184788,2379185934,16500,1146
28855.949809,2379193903,2379195040,16232,1137
28855.976860,2379214419,2379215560,16420,1141
28855.988877,2379223536,2379224656,16098,1120
28856.000910,2379232607,2379233751,16488,1144
28856.039982,2379262220,2379263367,16440,1147
28856.052002,2379271330,2379272471,16260,1141
28856.064034,2379280441,2379281579,16509,1138
28856.076049,2379289541,2379290683,16332,1142
28856.142169,2379339583,2379340704,16019,1121
28856.154203,2379348702,2379349839,16365,1137
28856.169220,2379360093,2379361213,16017,1120
28856.181257,2379369162,2379370306,16499,1144
28856.193273,2379378262,2379379408,16357,1146
28856.236357,2379412347,2379413493,16321,1146
28856.265410,2379432869,2379434015,16356,1146
28856.277426,2379441986,2379443106,16025,1120
28856.296475,2379457933,2379459069,16462,1136
28856.349568,2379496669,2379497817,16335,1148
28856.361599,2379505795,2379506939,16542,1144
28856.445751,2379569400,2379570540,16342,1140
28856.457771,2379578531,2379579651,16037,1120
28856.484820,2379598988,2379600108,16098,1120
28856.496854,2379608092,2379609236,16321,1144
28856.511872,2379619496,2379620615,16019,1119
28856.553959,2379651348,2379652485,16351,1137
28856.565975,2379660503,2379661622,16034,1119
28856.578009,2379669605,2379670749,16494,1144
28856.626095,2379705986,2379707132,16421,1146
28856.638111,2379715086,2379716211,16093,1125
28856.653148,2379726500,2379727637,16352,1137
28856.692228,2379756060,2379757178,16175,1118
28856.704251,2379765177,2379766326,16419,1149
28856.716266,2379774274,2379775420,16340,1146
28856.728284,2379783376,2379784495,16021,1119
28856.749334,2379799283,2379800424,16361,1141
28856.761354,2379808372,2379809517,16368,1145
28856.776388,2379819708,2379820853,16505,1145
28856.788403,2379828840,2379829982,16254,1142
28856.869558,2379890299,2379891442,16335,1143
28856.881580,2379899430,2379900566,16259,1136
28856.896608,2379910788,2379911930,16362,1142
28856.908627,2379919909,2379921029,16020,1120
28856.935676,2379940375,2379941491,16017,1116
28856.947710,2379949466,2379950607,16355,1141
28856.959729,2379958568,2379959714,16350,1146
28856.971745,2379967686,2379968805,16019,1119
28856.983780,2379976783,2379977914,16361,1131
28857.001817,2379990438,2379991583,16505,1145
28857.013832,2379999557,2380000698,16339,1141
28857.025850,2380008663,2380009783,16022,1120
28857.037884,2380017744,2380018888,16486,1144
28857.049903,2380026886,2380028023,16354,1137
28857.088982,2380056455,2380057576,16155,1121
28857.101004,2380065543,2380066687,16396,1144
28857.116018,2380076972,2380078092,16026,1120
28857.128056,2380086037,2380087175,16508,1138
28857.140072,2380095135,2380096275,16288,1140
28857.161106,2380111098,2380112223,16015,1125
28857.173142,2380120186,2380121330,16505,1144
28857.197176,2380138395,2380139514,16018,1119
28857.209210,2380147516,2380148657,16373,1141
28857.257295,2380183926,2380185068,16357,1142
28857.269313,2380193036,2380194155,16020,1119
28857.287359,2380206650,2380207775,16161,1125
28857.299382,2380215733,2380216883,16509,1150
28857.311400,2380224851,2380225995,16341,1144
28857.323416,2380233983,2380235102,16020,1119
28857.335451,2380243062,2380244191,16498,1129
28857.404570,2380295383,2380296504,16019,1121
28857.416604,2380304469,2380305613,16502,1144
28857.504771,2380372760,2380373905,16490,1145
28857.528825,2380390971,2380392091,16093,1120
28857.545846,2380402362,2380403512,16437,1150
28857.557860,2380411491,2380412611,16099,1120
28857.584926,2380431957,2380433077,16160,1120
28857.596947,2380441023,2380442162,16509,1139
28857.612978,2380454668,2380455809,16571,1141
28857.629999,2380466075,2380467195,16060,1120
28857.654049,2380484296,2380485438,16357,1142
28857.666067,2380493408,2380494528,16018,1120
28857.717170,2380532049,2380533180,16348,1131
28857.729187,2380541373,2380542495,16015,1122
28857.741219,2380550480,2380551621,16342,1141
28857.801324,2380596045,2380597162,16100,1117
28857.813360,2380605118,2380606263,16589,1145
28857.876480,2380652914,2380654053,16591,1139
28857.888494,2380662025,2380663166,16360,1141
28857.900517,2380671137,2380672282,16326,1145
28857.924564,2380689360,2380690506,16343,1146
28857.936586,2380698724,2380699865,16266,1141
28857.948617,2380707849,2380708986,16363,1137
28857.984684,2380735173,2380736319,16400,1146
28857.996701,2380744279,2380745420,16343,1141
28858.029770,2380769282,2380770427,16507,1145
28858.044787,2380780691,2380781806,16035,1115
28858.056821,2380789785,2380790935,16481,1150
28858.131959,2380846639,2380847780,16290,1141
28858.143980,2380856036,2380857180,16165,1144
28858.156010,2380865175,2380866317,16278,1142
28858.177044,2380881117,2380882262,16352,1145
28858.189066,2380890264,2380891400,16237,1136
28858.216117,2380910794,2380911936,16255,1142
28858.228149,2380919938,2380921080,16384,1142
28858.240167,2380929092,2380930232,16370,1140
28858.252186,2380938241,2380939383,16233,1142
28858.264217,2380947377,2380948518,16376,1141
28858.282250,2380961062,2380962197,16382,1135
28858.294269,2380970177,2380971331,16360,1154
28858.336354,2381002140,2381003272,16359,1132
28858.348373,2381011292,2381012434,16366,1142
28858.360387,2381020412,2381021557,16236,1145
28858.372424,2381029538,2381030654,16168,1116
28858.444561,2381084245,2381085369,16224,1124
28858.456579,2381093351,2381094488,16347,1137
28858.543745,2381159440,2381160593,16374,1153
28858.555766,2381168706,2381169852,16371,1146
28858.567782,2381177776,2381178909,16105,1133
28858.579816,2381186877,2381188014,16416,1137
28858.597847,2381200527,2381201673,16359,1146
28858.609867,2381209615,2381210760,16459,1145
28858.624898,2381220969,2381222109,16364,1140
28858.636920,2381230092,2381231229,16346,1137
28858.648937,2381239177,2381240306,16035,1129
28858.663970,2381250553,2381251694,16460,1141
28858.675998,2381259701,2381260840,16300,1139
28858.694024,2381273361,2381274505,16071,1144
28858.706052,2381282462,2381283597,16360,1135
28858.748126,2381314301,2381315441,16029,1140
28858.760156,2381323432,2381324578,16360,1146
28858.772176,2381332566,2381333697,16284,1131
28858.784195,2381341648,2381342791,16026,1143
28858.796224,2381350757,2381351894,16358,1137
28858.814258,2381364383,2381365520,16353,1137
28858.826279,2381373487,2381374623,16260,1136
28858.856332,2381396267,2381397402,15997,1135
28858.868363,2381405357,2381406498,16385,1141
28858.880382,2381414466,2381415602,16337,1136
28858.892401,2381423537,2381424665,16030,1128
28858.919455,2381444020,2381445161,16248,1141
28858.931484,2381453148,2381454289,16361,1141
28858.943501,2381462241,2381463378,16367,1137
28858.961534,2381475893,2381477033,16351,1140
28858.975064,2381482867,2381483501,13511,634
28858.984332,2381487175,2381487779,12138,604
28859.002112,2381495102,2381496231,16349,1129
28859.014132,2381504119,2381505254,16000,1135
28859.026164,2381513175,2381514312,16400,1137
28859.050205,2381531251,2381532384,16125,1133
28859.062229,2381540334,2381541480,16453,1146
28859.077255,2381551731,2381552874,16291,1143
28859.089281,2381560804,2381561950,16443,1146
28859.101302,2381569932,2381571064,16393,1132
28859.113323,2381579050,2381580181,16317,1131
28859.176444,2381626806,2381627952,16334,1146
28859.188471,2381635929,2381637071,16450,1142
28859.203492,2381647359,2381648497,16027,1138
28859.215524,2381656496,2381657637,16440,1141
28859.227543,2381665608,2381666749,16349,1141
28859.239561,2381674695,2381675838,16029,1143
28859.251590,2381683785,2381684931,16359,1146
28859.263609,2381692909,2381694055,16360,1146
28859.275632,2381702021,2381703165,16320,1144
28859.293664,2381715697,2381716840,16034,1143
28859.305697,2381724836,2381725971,16377,1135
28859.323730,2381738505,2381739646,16401,1141
28859.335746,2381747616,2381748756,16447,1140
28859.347766,2381756717,2381757857,15949,1140
28859.359795,2381765814,2381766960,16351,1146
28859.395867,2381793170,2381794307,16351,1137
28859.407885,2381802292,2381803428,16376,1136
28859.419912,2381811386,2381812520,16167,1134
28859.431932,2381820504,2381821645,16360,1141
28859.452970,2381836580,2381837726,16229,1146
28859.465001,2381845761,2381846909,16324,1148
28859.477022,2381854966,2381856122,16391,1156
28859.493055,2381866996,2381868134,16385,1138
28859.510084,2381878438,2381879586,16312,1148
28859.522108,2381887625,2381888776,16412,1151
28859.534124,2381896807,2381897942,16232,1135
28859.549159,2381908281,2381909428,16383,1147
28859.570191,2381924370,2381925516,16226,1146
28859.580328,2381933552,2381934697,16315,1145
28859.594245,2381942717,2381943861,16301,1144
28859.606263,2381952102,2381953248,16242,1146
28859.618290,2381961300,2381962447,16320,1147
28859.628333,2381970501,2381971652,16308,1151
28859.649849,2381985742,2381986888,16315,1146
28859.661873,2381994936,2381996082,16390,1146
28859.673890,2382004119,2382005265,16248,1146
28859.685918,2382013289,2382014440,16319,1151
28859.697941,2382022484,2382023640,16379,1156
28859.709958,2382031687,2382032837,16259,1150
28859.721980,2382040854,2382042000,16155,1146
28859.734005,2382049973,2382051115,16342,1142
28859.746030,2382059073,2382060219,16461,1146
28859.758047,2382068221,2382069353,16015,1132
28859.794115,2382095529,2382096678,16050,1149
28859.806143,2382104635,2382105776,16430,1141
28859.833194,2382125171,2382126317,16347,1146
28859.845216,2382134297,2382135433,16374,1136
28859.857235,2382143418,2382144556,16078,1138
28859.878280,2382159357,2382160498,16343,1141
28859.905333,2382179862,2382181003,16363,1141
28859.917353,2382188996,2382190142,16273,1146
28859.929373,2382198126,2382199261,16017,1135
28859.941402,2382207219,2382208353,16372,1134
28859.953421,2382216306,2382217447,16349,1141
28859.977470,2382234522,2382235665,16364,1143
28859.989488,2382243635,2382244772,16367,1137
28860.007525,2382257281,2382258425,16382,1144
28860.019547,2382266400,2382267546,16251,1146
28860.031576,2382275525,2382276671,16273,1146
28860.043592,2382284648,2382285794,16439,1146
28860.061627,2382298308,2382299459,16364,1151
28860.073648,2382307453,2382308591,16022,1138
28860.091684,2382321103,2382322246,16250,1143
28860.103711,2382330215,2382331334,16153,1119
28860.115731,2382339288,2382340430,16261,1142
28860.127753,2382348411,2382349557,16248,1146
28860.139777,2382357519,2382358665,16338,1146
28860.152808,2382368899,2382370045,16246,1146
28860.164832,2382378024,2382379170,16475,1146
28860.199886,2382403063,2382404206,16128,1143
28860.211916,2382412179,2382413314,16358,1135
28860.223938,2382421334,2382422470,16351,1136
28860.235956,2382430466,2382431601,15917,1135
28860.247989,2382439590,2382440731,16374,1141
28860.260005,2382448688,2382449838,16373,1150
28860.272025,2382457781,2382458919,16035,1138
28860.284055,2382466885,2382468009,16208,1124
28860.296073,2382475972,2382477114,16328,1142
28860.308093,2382485055,2382486191,16036,1136
28860.320125,2382494194,2382495335,16370,1141
28860.332142,2382503297,2382504438,16332,1141
28860.350177,2382516961,2382518107,16375,1146
28860.362206,2382526049,2382527193,16119,1144
28860.377228,2382537440,2382538580,16371,1140
28860.389247,2382546554,2382547697,16036,1143
28860.419314,2382569353,2382570494,16372,1141
28860.431329,2382578501,2382579647,16354,1146
28860.443350,2382587585,2382588728,16028,1143
28860.456381,2382598970,2382600111,16376,1141
28860.468413,2382608079,2382609217,16057,1138
28860.560581,2382676414,2382677558,16118,1144
28860.572603,2382685535,2382686676,16374,1141
28860.584622,2382694634,2382695776,16292,1142
28860.596642,2382703752,2382704890,16000,1138
28860.608672,2382712836,2382713987,16399,1151
28860.620693,2382721972,2382723109,16347,1137
28860.644739,2382740174,2382741315,16354,1141
28860.656760,2382749310,2382750450,16381,1140
28860.668779,2382758396,2382759530,16040,1134
28860.680809,2382767493,2382768630,16371,1137
28860.692830,2382776628,2382777773,16348,1145
28860.704851,2382785753,2382786904,16241,1151
28860.716881,2382794917,2382796061,16356,1144
28860.728897,2382804018,2382805151,16373,1133
28860.740916,2382813093,2382814235,16037,1142
28860.755949,2382824446,2382825587,16328,1141
28860.776985,2382840314,2382841452,16108,1138
28860.789013,2382849413,2382850549,16441,1136
28860.801034,2382858523,2382859655,16373,1132
28860.816070,2382869891,2382871011,16213,1120
28860.828086,2382878965,2382880121,16458,1156
28860.840105,2382888080,2382889211,16036,1131
28860.852133,2382897197,2382898333,16263,1136
28860.864157,2382906287,2382907427,16365,1140
28860.876173,2382915368,2382916516,16036,1148
28860.906238,2382938192,2382939334,16377,1142
28860.918260,2382947340,2382948480,16359,1140
28860.933290,2382958699,2382959831,16378,1132
28860.945306,2382967801,2382968952,16353,1151
28860.957335,2382976906,2382978038,16199,1132
28860.969356,2382985992,2382987132,16441,1140
28860.981375,2382995105,2382996251,16357,1146
28860.999410,2383008792,2383009928,16366,1136
28861.011433,2383017900,2383019040,16234,1140
28861.023460,2383027010,2383028143,16436,1133
28861.044497,2383042897,2383044043,16374,1146
28861.056524,2383051975,2383053117,16201,1142
28861.083571,2383072409,2383073543,16051,1134
28861.095597,2383081487,2383082628,16372,1141
28861.107617,2383090631,2383091776,16250,1145
28861.119636,2383099753,2383100893,16001,1140
28861.131667,2383108853,2383109973,16207,1120
28861.179755,2383145227,2383146370,16378,1143
28861.191774,2383154338,2383155477,15999,1139
28861.203804,2383163453,2383164578,16213,1125
28861.215824,2383172554,2383173705,16316,1151
28861.227842,2383181659,2383182802,16037,1143
28861.239873,2383190799,2383191934,16460,1135
28861.251892,2383199900,2383201040,16461,1140
28861.263910,2383208961,2383210104,16113,1143
28861.275939,2383218068,2383219210,16361,1142
28861.287963,2383227215,2383228351,16368,1136
28861.299980,2383236286,2383237420,16038,1134
28861.312012,2383245377,2383246515,16458,1138
28861.324028,2383254486,2383255626,16369,1140
28861.336048,2383263588,2383264728,16006,1140
28861.348079,2383272711,2383273831,16215,1120
28861.360098,2383281794,2383282945,16341,1151
28861.372116,2383290897,2383292037,16032,1140
28861.384148,2383299999,2383301120,16219,1121
28861.396164,2383309089,2383310229,16353,1140
28861.408187,2383318171,2383319318,16249,1147
28861.420214,2383327293,2383328429,16355,1136
28861.432233,2383336375,2383337521,16355,1146
28861.444256,2383345448,2383346579,16111,1131
28861.456286,2383354525,2383355661,16409,1136
28861.468303,2383363637,2383364783,16377,1146
28861.480322,2383372734,2383373869,16042,1135
28861.507376,2383393203,2383394348,16250,1145
28861.519404,2383402334,2383403480,16368,1146
28861.531422,2383411440,2383412586,16360,1146
28861.549458,2383425120,2383426262,16372,1142
28861.561476,2383434232,2383435375,16033,1143
28861.588527,2383454738,2383455878,16033,1140
28861.600558,2383463832,2383464978,16373,1146
28861.615580,2383475236,2383476371,15994,1135
28861.627609,2383484334,2383485470,16371,1136
28861.639628,2383493439,2383494574,16443,1135
28861.660666,2383509350,2383510499,16038,1149
28861.672694,2383518473,2383519618,16444,1145
28861.684713,2383527582,2383528722,16447,1140
28861.717780,2383552608,2383553754,16440,1146
28861.729802,2383561750,2383562891,16357,1141
28861.741819,2383570806,2383571949,16110,1143
28861.753851,2383579927,2383581073,16490,1146
28861.819970,2383630002,2383631146,16337,1144
28861.831991,2383639147,2383640275,16034,1128
28861.844020,2383648268,2383649419,16266,1151
28861.856041,2383657377,2383658506,16339,1129
28861.874074,2383670987,2383672132,16362,1145
28861.886094,2383680089,2383681223,16003,1134
28861.898124,2383689188,2383690339,16374,1151
28861.910145,2383698310,2383699451,16343,1141
28861.925174,2383709670,2383710816,16353,1146
28861.985281,2383755184,2383756317,15993,1133
28861.997316,2383764308,2383765445,16485,1137
28862.009333,2383773429,2383774575,16425,1146
28862.021351,2383782528,2383783672,16033,1144
28862.033381,2383791636,2383792782,16377,1146
28862.045399,2383800754,2383801889,16441,1135
28862.060431,2383812115,2383813256,16356,1141
28862.072452,2383821209,2383822348,16374,1139
28862.099503,2383841679,2383842815,16263,1136
28862.111521,2383850798,2383851941,15998,1143
28862.123554,2383859907,2383861031,16213,1124
28862.135571,2383869002,2383870152,16364,1150
28862.147599,2383878103,2383879248,16116,1145
28862.159620,2383887222,2383888368,16357,1146
28862.177654,2383900874,2383902016,16347,1142
28862.189674,2383909981,2383911136,16361,1155
28862.213723,2383928209,2383929345,16356,1136
28862.225743,2383937319,2383938455,16379,1136
28862.237762,2383946386,2383947525,16114,1139
28862.249794,2383955492,2383956633,16488,1141
28862.261812,2383964631,2383965777,16317,1146
28862.312913,2384003345,2384004491,16376,1146
28862.324931,2384012456,2384013607,16366,1151
28862.339963,2384023869,2384025014,16352,1145
28862.442154,2384101182,2384102325,16342,1143
28862.460188,2384114850,2384115996,16356,1146
28862.472205,2384123965,2384125089,15992,1124
28862.484239,2384133066,2384134212,16366,1146
28862.496258,2384142152,2384143289,16251,1137
28862.508277,2384151261,2384152404,16000,1143
28862.520308,2384160375,2384161494,16211,1119
28862.532328,2384169503,2384170649,16349,1146
28862.556374,2384187717,2384188853,16358,1136
28862.568394,2384196841,2384197987,16364,1146
28862.637529,2384249238,2384250384,16354,1146
28862.649552,2384258330,2384259470,16361,1140
28862.661568,2384267422,2384268557,16030,1135
28862.673597,2384276587,2384277733,16348,1146
28862.692633,2384292519,2384293665,16241,1146
28862.709666,2384303895,2384305046,16360,1151
28862.721688,2384313038,2384314172,16348,1134
28862.745738,2384331216,2384332362,16403,1146
28862.757755,2384340344,2384341489,16376,1145
28862.769774,2384349422,2384350563,16039,1141
28862.781805,2384358540,2384359681,16370,1141
28862.859949,2384417761,2384418903,16237,1142
28862.871977,2384426911,2384428032,16395,1121
28862.883996,2384435995,2384437136,16377,1141
28862.896018,2384445076,2384446222,16239,1146
28862.908045,2384454202,2384455348,16371,1146
28862.920062,2384463318,2384464458,16443,1140
28862.932083,2384472387,2384473531,16109,1144
28862.944115,2384481488,2384482634,16487,1146
28862.956133,2384490618,2384491763,16386,1145
28862.968152,2384499707,2384500856,16033,1149
28862.980183,2384508823,2384509942,16213,1119
28862.998219,2384522493,2384523633,16359,1140
28863.010234,2384531590,2384532735,16362,1145
28863.037285,2384552100,2384553246,16362,1146
28863.049306,2384561196,2384562334,16033,1138
28863.073354,2384579377,2384580525,16444,1148
28863.085374,2384588506,2384589651,16109,1145
28863.112426,2384609039,2384610173,16076,1134
28863.124456,2384618140,2384619278,16378,1138
28863.151506,2384638563,2384639704,16439,1141
28863.163526,2384647668,2384648814,16446,1146
28863.175546,2384657068,2384658208,15996,1140
28863.187575,2384666158,2384667299,16363,1141
28863.199597,2384675311,2384676457,16428,1146
28863.211615,2384684411,2384685554,16110,1143
28863.223646,2384693528,2384694674,16391,1146
28863.235663,2384702644,2384703790,16373,1146
28863.256701,2384718608,2384719751,16025,1143
28863.268732,2384727730,2384728850,16215,1120
28863.280748,2384736809,2384737949,16359,1140
28863.292772,2384745946,2384747083,16232,1137
28863.304798,2384755050,2384756179,16357,1129
28863.316817,2384764150,2384765292,16357,1142
28863.403988,2384830081,2384831222,16366,1141
28863.416006,2384839193,2384840339,16359,1146
28863.428026,2384848274,2384849407,16033,1133
28863.464095,2384875547,2384876690,16111,1143
28863.476127,2384884652,2384885793,16442,1141
28863.488144,2384893769,2384894904,16262,1135
28863.500163,2384902882,2384904025,16106,1143
28863.512193,2384911998,2384913144,16450,1146
28863.524213,2384921117,2384922263,16458,1146
28863.536240,2384930212,2384931352,16196,1140
28863.548261,2384939323,2384940463,16445,1140
28863.560281,2384948440,2384949581,16375,1141
28863.572301,2384957521,2384958663,16029,1142
28863.617387,2384991681,2384992814,16034,1133
28863.629416,2385000792,2385001938,16445,1146
28863.641437,2385009916,2385011058,16344,1142
28863.653455,2385018987,2385020130,16027,1143
28863.689526,2385046291,2385047437,16249,1146
28863.701553,2385055423,2385056574,16445,1151
28863.719587,2385069073,2385070219,16445,1146
28863.731610,2385078175,2385079306,16366,1131
28863.785710,2385119097,2385120243,16252,1146
28863.797729,2385128198,2385129332,16000,1134
28863.809759,2385137299,2385138445,16363,1146
28863.821779,2385146405,2385147549,16460,1144
28863.833806,2385155514,2385156654,16109,1140
28863.848828,2385166931,2385168072,16362,1141
28863.860848,2385176034,2385177174,16026,1140
28863.875880,2385187426,2385188567,16364,1141
28863.887903,2385196514,2385197648,16224,1134
28863.899930,2385205596,2385206738,16363,1142
28863.911949,2385214737,2385215878,16361,1141
28863.923969,2385223785,2385224928,16027,1143
28863.936003,2385232893,2385234034,16445,1141
28863.948018,2385242007,2385243148,16367,1141
28863.960038,2385251071,2385252209,15990,1138
28863.972067,2385260169,2385261309,16355,1140
28863.990106,2385273820,2385274966,16374,1146
28864.002122,2385282931,2385284082,16373,1151
28864.017153,2385294289,2385295424,16366,1135
28864.029172,2385303377,2385304523,16368,1146
28864.041192,2385312510,2385313648,15991,1138
28864.053222,2385321599,2385322745,16364,1146
28864.104315,2385360262,2385361395,16232,1133
28864.116343,2385369373,2385370514,16466,1141
28864.144394,2385392116,2385393262,16356,1146
28864.200497,2385433054,2385434200,16355,1146
28864.212518,2385442141,2385443279,16030,1138
28864.239570,2385462591,2385463725,16027,1134
28864.251602,2385471693,2385472835,16380,1142
28864.263618,2385480795,2385481935,16360,1140
28864.275638,2385489892,2385491035,16029,1143
28864.287672,2385499035,2385500169,16371,1134
28864.311707,2385517201,2385518329,16028,1128
28864.323736,2385526283,2385527434,16448,1151
28864.335759,2385535410,2385536552,16447,1142
28864.347775,2385544515,2385545650,16106,1135
28864.359805,2385553614,2385554760,16453,1146
28864.371824,2385562732,2385563876,16446,1144
28864.383846,2385571856,2385573000,16305,1144
28864.395873,2385580962,2385582108,16447,1146
28864.407888,2385590054,2385591191,16360,1137
28864.464998,2385633284,2385634422,16040,1138
28864.477028,2385642363,2385643501,16367,1138
28864.489049,2385651500,2385652647,16352,1147
28864.501067,2385660606,2385661734,15996,1128
28864.516099,2385671958,2385673104,16373,1146
28864.528126,2385681260,2385682403,16113,1143
28864.540148,2385690366,2385691507,16358,1141
28864.552168,2385699480,2385700608,16374,1128
28864.564187,2385708540,2385709668,16032,1128
28864.576216,2385717623,2385718768,16356,1145
28864.588238,2385726761,2385727895,16348,1134
28864.600256,2385735840,2385736983,15994,1143
28864.621304,2385751762,2385752903,16382,1141
28864.633323,2385760856,2385761993,16338,1137
28864.681412,2385797227,2385798368,16231,1141
28864.693441,2385806403,2385807551,16314,1148
28864.711477,2385820190,2385821336,16321,1146
28864.723501,2385829373,2385830515,16390,1142
28864.735515,2385838547,2385839694,16246,1147
28864.747543,2385847714,2385848860,16313,1146
28864.759568,2385856913,2385858059,16304,1146
28864.771580,2385866036,2385867174,16091,1138
28864.783612,2385875174,2385876309,16418,1135
28864.795629,2385884259,2385885405,16435,1146
28864.807652,2385893367,2385894508,16251,1141
28864.819678,2385902483,2385903613,16439,1130
28864.831702,2385911600,2385912746,16447,1146
28864.843718,2385920676,2385921814,16127,1138
28864.855749,2385929771,2385930896,16207,1125
28864.867766,2385938865,2385940010,16367,1145
28864.892818,2385959374,2385960511,16374,1137
28864.924881,2385982139,2385983280,16314,1141
28864.936902,2385991245,2385992380,16356,1135
28864.948920,2386000351,2386001488,16364,1137
28864.960941,2386009418,2386010560,16037,1142
28864.984992,2386027663,2386028805,16429,1142
28864.997010,2386036728,2386037871,16120,1143
28865.066145,2386089017,2386090163,16456,1146
28865.078166,2386098147,2386099293,16341,1146
28865.090193,2386107260,2386108406,16435,1146
28865.102214,2386116371,2386117502,16374,1131
28865.132267,2386139097,2386140234,16121,1137
28865.144298,2386148248,2386149388,16350,1140
28865.156315,2386157356,2386158493,16357,1137
28865.192384,2386184652,2386185792,16358,1140
28865.204404,2386193752,2386194894,16043,1142
28865.216432,2386202864,2386204010,16340,1146
28865.309610,2386273515,2386274655,16347,1140
28865.321634,2386282623,2386283767,16082,1144
28865.336659,2386293977,2386295103,16374,1126
28865.348679,2386303091,2386304229,16039,1138
28865.411798,2386350885,2386352023,16041,1138
28865.423831,2386360018,2386361154,16391,1136
28865.435847,2386369118,2386370253,16360,1135
28865.447867,2386378204,2386379341,16048,1137
28865.459895,2386387298,2386388440,16349,1142
28865.471917,2386396410,2386397556,16272,1146
28865.513999,2386428238,2386429379,16351,1141
28865.526022,2386437362,2386438503,16356,1141
28865.544054,2386450970,2386452103,16454,1133
28865.556073,2386460019,2386461150,16042,1131
28865.568101,2386469106,2386470247,16347,1141
28865.580123,2386478232,2386479372,16339,1140
28865.592141,2386487316,2386488445,15958,1129
28865.604172,2386496405,2386497530,16207,1125
28865.616189,2386505486,2386506617,16351,1131
28865.628210,2386514558,2386515691,16042,1133
28865.646244,2386528205,2386529343,16036,1138
28865.658273,2386537312,2386538449,16344,1137
28865.736416,2386596394,2386597525,16046,1131
28865.748444,2386605476,2386606621,16344,1145
28865.841620,2386676081,2386677218,16372,1137
28865.853639,2386685165,2386686303,16045,1138
28865.877690,2386703353,2386704491,16428,1138
28865.889708,2386712439,2386713576,16127,1137
28865.901735,2386721527,2386722673,16351,1146
28865.916766,2386732886,2386734029,16193,1143
28865.949824,2386757887,2386759027,16444,1140
28865.961847,2386767008,2386768143,16011,1135
28865.973877,2386776150,2386777287,16318,1137
28865.985893,2386785244,2386786373,16363,1129
28866.024965,2386814745,2386815888,16030,1143
28866.036994,2386823843,2386824988,16362,1145
28866.058035,2386839828,2386840969,16364,1141
28866.070053,2386848929,2386850070,16249,1141
28866.082080,2386858049,2386859190,16358,1141
28866.160222,2386917173,2386918306,16106,1133
28866.172256,2386926517,2386927654,16376,1137
28866.184270,2386935615,2386936753,16275,1138
28866.196291,2386944720,2386945857,15999,1137
28866.217342,2386960664,2386961810,16436,1146
28866.229356,2386969763,2386970904,16358,1141
28866.265426,2386997031,2386998162,16252,1131
28866.277445,2387006127,2387007260,15989,1133
28866.343578,2387056172,2387057313,16373,1141
28866.355598,2387065258,2387066394,16375,1136
28866.367621,2387074569,2387075702,16213,1133
28866.379647,2387083655,2387084792,16375,1137
28866.397681,2387097284,2387098425,16362,1141
28866.409699,2387106404,2387107545,16358,1141
28866.445768,2387133715,2387134856,16359,1141
28866.457789,2387142798,2387143941,16034,1143
28866.469822,2387151939,2387153089,16379,1150
28866.484840,2387163291,2387164422,16025,1131
28866.496870,2387172380,2387173517,16289,1137
28866.535939,2387201908,2387203046,16447,1138
28866.547960,2387210982,2387212113,16110,1131
28866.559989,2387220083,2387221224,16446,1141
28866.572011,2387229211,2387230352,16348,1141
28866.626112,2387270165,2387271297,16377,1132
28866.638131,2387279240,2387280380,15994,1140
28866.680213,2387311136,2387312277,16350,1141
28866.692234,2387320197,2387321340,15951,1143
28866.707265,2387331576,2387332717,16354,1141
28866.728302,2387347482,2387348625,16027,1143
28866.740332,2387356599,2387357747,16270,1148
28866.752351,2387365708,2387366846,16321,1138
28866.764373,2387374851,2387375993,16232,1142
28866.788419,2387393072,2387394218,16366,1146
28866.800442,2387402205,2387403347,16311,1142
28866.875589,2387459128,2387460269,16361,1141
28866.896626,2387475084,2387476226,16372,1142
28866.908653,2387484164,2387485306,16072,1142
28866.920676,2387493273,2387494419,16372,1146
28866.977779,2387536577,2387537719,16359,1142
28866.989797,2387545703,2387546839,15987,1136
28867.001830,2387554794,2387555927,16457,1133
28867.013852,2387563884,2387565021,16364,1137
28867.052920,2387593452,2387594595,16024,1143
28867.064955,2387602592,2387603712,16139,1120
28867.079971,2387613905,2387615043,16025,1138
28867.104019,2387632110,2387633247,16363,1137
28867.116040,2387641185,2387642329,16027,1144
28867.128069,2387650283,2387651429,16276,1146
28867.140088,2387659383,2387660524,16366,1141
28867.152109,2387668469,2387669611,16032,1142
28867.164143,2387677568,2387678688,16204,1120
28867.176156,2387686649,2387687785,16369,1136
28867.188179,2387695759,2387696902,16032,1143
28867.200206,2387704875,2387706016,16449,1141
28867.212228,2387713978,2387715123,16432,1145
28867.230261,2387727632,2387728777,16456,1145
28867.323437,2387798095,2387799236,16226,1141
28867.335465,2387807199,2387808343,16376,1144
28867.347483,2387816318,2387817463,16358,1145
28867.359505,2387825413,2387826550,16243,1137
28867.377540,2387839083,2387840211,16212,1128
28867.389567,2387848191,2387849333,16366,1142
28867.404596,2387859521,2387860664,16090,1143
28867.419619,2387870912,2387872059,16351,1147
28867.432652,2387882304,2387883438,16361,1134
28867.536844,2387959673,2387960812,16373,1139
28867.548863,2387968757,2387969897,16021,1140
28867.560896,2387977876,2387979017,16376,1141
28867.572912,2387986972,2387988113,16374,1141
28867.596961,2388005146,2388006277,16362,1131
28867.608984,2388014266,2388015408,16361,1142
28867.624015,2388025658,2388026804,16445,1146
28867.648052,2388043888,2388045033,15995,1145
28867.660085,2388053034,2388054175,16400,1141
28867.672100,2388062125,2388063266,16446,1141
28867.684121,2388071205,2388072337,16034,1132
28867.696151,2388080303,2388081419,16222,1116
28867.708171,2388089385,2388090522,16345,1137
28867.720189,2388098446,2388099589,16115,1143
28867.732219,2388107550,2388108691,16467,1141
28867.744240,2388116687,2388117833,16432,1146
28867.756260,2388125810,2388126951,16313,1141
28867.768287,2388134918,2388136067,16372,1149
28867.783309,2388146283,2388147417,16031,1134
28867.795340,2388155335,2388156455,16221,1120
28867.807361,2388164426,2388165566,16367,1140
28867.820390,2388175858,2388176989,16360,1131
28867.867476,2388209940,2388211076,16376,1136
28867.879494,2388219053,2388220199,16370,1146
28867.891515,2388228148,2388229286,16112,1138
28867.903547,2388237252,2388238398,16409,1146
28867.915565,2388246356,2388247496,16378,1140
28867.927584,2388255449,2388256592,15999,1143
28867.939614,2388264556,2388265698,16374,1142
28867.972670,2388289579,2388290712,16033,1133
28867.984699,2388298668,2388299806,16457,1138
28868.008738,2388316893,2388318033,16026,1140
28868.020768,2388326026,2388327172,16458,1146
28868.041804,2388341990,2388343135,16460,1145
28868.053826,2388351081,2388352232,16256,1151
28868.071860,2388364773,2388365914,16317,1141
28868.083887,2388373876,2388375015,16451,1139
28868.095907,2388382985,2388384126,16282,1141
28868.116944,2388398880,2388400012,16026,1132
28868.128974,2388407988,2388409113,16214,1125
28868.174060,2388442086,2388443223,16382,1137
28868.186081,2388448230,2388448859,13625,629
28868.200332,2388453801,2388454414,12089,613
28868.213132,2388459888,2388461017,16283,1129
28868.225161,2388468965,2388470100,16221,1135
28868.237181,2388478044,2388479173,16388,1129
28868.249196,2388487118,2388488248,16148,1130
28868.261228,2388496169,2388497302,16308,1133
28868.304327,2388530329,2388531473,16316,1144
28868.324348,2388544027,2388545162,16267,1135
28868.336371,2388553173,2388554309,16321,1136
28868.348384,2388562332,2388563478,16237,1146
28868.363421,2388573756,2388574902,16381,1146
28868.375438,2388582891,2388584037,16151,1146
28868.387468,2388591989,2388593119,16305,1130
28868.399490,2388601131,2388602272,16404,1141
28868.411506,2388610265,2388611407,16234,1142
28868.423537,2388619412,2388620549,16310,1137
28868.436567,2388630856,2388631997,16226,1141
28868.507695,2388683351,2388684496,16380,1145
28868.519712,2388692482,2388693629,16236,1147
28868.531741,2388701606,2388702752,16317,1146
28868.543765,2388710729,2388711875,16318,1146
28868.555780,2388719875,2388721021,16153,1146
28868.567809,2388729021,2388730164,16314,1143
28868.579834,2388738145,2388739281,16401,1136
28868.591849,2388747274,2388748420,16237,1146
28868.603878,2388756409,2388757555,16301,1146
28868.615903,2388765547,2388766683,16404,1136
28868.627918,2388774674,2388775820,16228,1146
28868.639948,2388784054,2388785200,16328,1146
28868.651971,2388793174,2388794320,16404,1146
28868.673003,2388809151,2388810287,16226,1136
28868.685034,2388818253,2388819395,16311,1142
28868.707575,2388833566,2388834699,16314,1133
28868.719600,2388842654,2388843792,16401,1138
28868.731615,2388851781,2388852918,16238,1137
28868.743644,2388860915,2388862061,16314,1146
28868.755667,2388870079,2388871225,16341,1146
28868.767684,2388879220,2388880364,16149,1144
28868.785718,2388892930,2388894086,16232,1156
28868.797747,2388902082,2388903224,16316,1142
28868.809771,2388911227,2388912368,16394,1141
28868.821786,2388920368,2388921505,16233,1137
28868.833816,2388929512,2388930660,16274,1148
28868.845842,2388938640,2388939776,16421,1136
28868.857855,2388947764,2388948901,16251,1137
28868.869885,2388956907,2388958049,16212,1142
28868.893923,2388975168,2388976300,16223,1132
28868.905953,2388984296,2388985442,16404,1146
28868.929992,2389002579,2389003725,16239,1146
28868.942022,2389011730,2389012870,16324,1140
28868.954045,2389020853,2389022004,16389,1151
28868.966061,2389030014,2389031154,16240,1140
28868.984095,2389043722,2389044866,16320,1144
28869.002130,2389057434,2389058576,16264,1142
28869.014160,2389066586,2389067732,16381,1146
28869.026181,2389075738,2389076880,16382,1142
28869.041210,2389087181,2389088322,16302,1141
28869.053235,2389096380,2389097520,16385,1140
28869.065250,2389105531,2389106672,16244,1141
28869.077280,2389114672,2389115818,16312,1146
28869.089302,2389123842,2389124983,16383,1141
28869.101318,2389132943,2389134088,16250,1145
28869.113349,2389142098,2389143249,16314,1151
28869.128370,2389153535,2389154676,16342,1141
28869.143406,2389164967,2389166108,16427,1141
28869.155424,2389174085,2389175231,16364,1146
28869.167452,2389183250,2389184395,16319,1145
28869.179473,2389192395,2389193537,16392,1142
28869.191488,2389201534,2389202680,16151,1146
28869.203520,2389210673,2389211810,16231,1137
28869.221554,2389224369,2389225511,16304,1142
28869.233576,2389233514,2389234657,16298,1143
28869.248606,2389244960,2389246105,16228,1145
28869.260630,2389254136,2389255273,16342,1137
28869.272644,2389263283,2389264420,16230,1137
28869.284674,2389272402,2389273548,16224,1146
28869.299695,2389283841,2389284975,16248,1134
28869.311726,2389292978,2389294118,16315,1140
28869.323749,2389302101,2389303238,16408,1137
28869.335764,2389311245,2389312391,16239,1146
28869.347793,2389320376,2389321517,16327,1141
28869.359817,2389329507,2389330644,16406,1137
28869.372848,2389340934,2389342071,16314,1137
28869.416918,2389372869,2389374018,16333,1149
28869.428949,2389382016,2389383162,16326,1146
28869.440972,2389391171,2389392307,16417,1136
28869.452987,2389400292,2389401433,16250,1141
28869.465016,2389409447,2389410593,16317,1146
28869.477038,2389418608,2389419750,16371,1142
28869.489054,2389427731,2389428867,16253,1136
28869.570210,2389489395,2389490526,16248,1131
28869.582239,2389498505,2389499644,16228,1139
28869.594260,2389507644,2389508784,16365,1140
28869.609290,2389519067,2389520213,16318,1146
28869.621313,2389528217,2389529358,16388,1141
28869.660381,2389557905,2389559051,16265,1146
28869.672411,2389567058,2389568196,16224,1138
28869.684435,2389576183,2389577329,16405,1146
28869.696450,2389585308,2389586444,16207,1136
28869.712494,2389599065,2389600211,16243,1146
28869.735532,2389615140,2389616288,16227,1148
28869.747553,2389624333,2389625486,16345,1153
28869.759570,2389633534,2389634685,16202,1151
28869.771599,2389642722,2389643873,16231,1151
28869.783626,2389651895,2389653040,16410,1145
28869.795638,2389661039,2389662180,16250,1141
28869.807669,2389670165,2389671303,16381,1138
28869.819690,2389679277,2389680423,16470,1146
28869.831707,2389688417,2389689552,16250,1135
28869.864777,2389713588,2389714730,16399,1142
28869.876793,2389722752,2389723888,16148,1136
28869.888825,2389731908,2389733058,16318,1150
28869.900845,2389741039,2389742180,16383,1141
28869.921878,2389757048,2389758194,16246,1146
28869.933909,2389766193,2389767349,16317,1156
28869.969978,2389793619,2389794760,16318,1141
28869.981999,2389802773,2389803913,16342,1140
28870.006045,2389821044,2389822180,16305,1136
28870.018068,2389830170,2389831306,16390,1136
28870.042113,2389848473,2389849619,16323,1146
28870.054136,2389857614,2389858760,16469,1146
28870.069167,2389869065,2389870211,16313,1146
28870.081188,2389878266,2389879407,16385,1141
28870.120255,2389907983,2389909129,16224,1146
28870.132286,2389917109,2389918248,16318,1139
28870.144308,2389926262,2389927402,16381,1140
28870.156324,2389935387,2389936524,16229,1137
28870.168353,2389944515,2389945661,16323,1146
28870.180377,2389953654,2389954800,16388,1146
28870.192396,2389962789,2389963940,16286,1151
28870.240492,2389999311,2390000453,16317,1142
28870.252513,2390008434,2390009575,16385,1141
28870.276560,2390026721,2390027863,16318,1142
28870.288582,2390035894,2390037040,16295,1146
28870.320336,2390064598,2390065735,16310,1137
28870.333670,2390073728,2390074869,16416,1141
28870.348697,2390085136,2390086275,16316,1139
28870.375749,2390105713,2390106850,16317,1137
28870.387772,2390114826,2390115962,16400,1136
28870.399788,2390123964,2390125105,16234,1141
28870.411818,2390133107,2390134248,16320,1141
28870.423840,2390142253,2390143399,16391,1146
28870.435856,2390151419,2390152565,16243,1146
28870.495977,2390197153,2390198299,16387,1146
28870.507993,2390206312,2390207442,16198,1130
28870.520022,2390215435,2390216581,16225,1146
28870.532046,2390224586,2390225730,16388,1144
28870.544064,2390233702,2390234842,16293,1140
28870.556090,2390242842,2390243988,16221,1146
28870.568112,2390251984,2390253126,16342,1142
28870.580129,2390261125,2390262266,16254,1141
28870.601176,2390277097,2390278243,16305,1146
28870.613198,2390286251,2390287392,16371,1141
28870.631234,2390299955,2390301095,16406,1140
28870.692349,2390347913,2390349064,16370,1151
28870.733423,2390377631,2390378770,16301,1139
28870.745453,2390386757,2390387898,16315,1141
28870.757476,2390395912,2390397049,16408,1137
28870.835622,2390455341,2390456487,16310,1146
28870.847646,2390464491,2390465632,16398,1141
28870.859662,2390473621,2390474763,16234,1142
28870.871691,2390482744,2390483890,16226,1146
28870.883715,2390491883,2390493032,16357,1149
28870.895731,2390501034,2390502171,16233,1137
28870.919784,2390519333,2390520469,16395,1136
28870.931799,2390528482,2390529617,16235,1135
28870.943830,2390537614,2390538757,16332,1143
28870.955851,2390546757,2390547893,16383,1136
28870.967868,2390555899,2390557045,16252,1146
28870.979898,2390565060,2390566201,16333,1141
28871.052034,2390619734,2390620876,16313,1142
28871.064058,2390628877,2390630018,16402,1141
28871.076072,2390638025,2390639156,16224,1131
28871.088103,2390647156,2390648297,16320,1141
28871.100127,2390656304,2390657450,16405,1146
28871.112144,2390665462,2390666600,16248,1138
28871.124171,2390674620,2390675761,16315,1141
28871.136194,2390683757,2390684898,16391,1141
28871.148211,2390692911,2390694046,16234,1135
28871.160240,2390702047,2390703188,16319,1141
28871.178275,2390715758,2390716901,16223,1143
28871.196310,2390729486,2390730632,16315,1146
28871.208333,2390738650,2390739795,16400,1145
28871.271453,2390786626,2390787763,16404,1137
28871.283468,2390795776,2390796927,16251,1151
28871.295497,2390804933,2390806070,16313,1137
28871.316538,2390820951,2390822098,16392,1147
28871.328554,2390830122,2390831259,16236,1137
28871.367634,2390859820,2390860966,16323,1146
28871.379659,2390868972,2390870117,16402,1145
28871.391674,2390878124,2390879270,16232,1146
28871.409708,2390891830,2390892976,16229,1146
28871.421737,2390900983,2390902129,16301,1146
28871.433762,2390910100,2390911246,16401,1146
28871.445777,2390919241,2390920382,16320,1141
28871.481848,2390946625,2390947774,16265,1149
28871.493875,2390955783,2390956925,16389,1142
28871.505899,2390964938,2390966079,16405,1141
28871.517914,2390974057,2390975192,16233,1135
28871.535948,2390987811,2390988953,16234,1142
28871.547978,2390996974,2390998118,16301,1144
28871.560002,2391006136,2391007277,16410,1141
28871.572015,2391015277,2391016414,16230,1137
28871.593063,2391031272,2391032409,16316,1137
28871.605086,2391040405,2391041537,16398,1132
28871.626120,2391056378,2391057514,16235,1136
28871.638149,2391065510,2391066656,16316,1146
28871.650173,2391074618,2391075764,16404,1146
28871.662188,2391083764,2391084901,16235,1137
28871.674217,2391092875,2391094026,16313,1151
28871.686241,2391102013,2391103159,16368,1146
28871.698257,2391111155,2391112304,16232,1149
28871.710286,2391120327,2391121478,16316,1151
28871.725308,2391131754,2391132900,16228,1146
28871.744356,2391147774,2391148920,16363,1146
28871.776410,2391170612,2391171757,16376,1145
28871.788428,2391179761,2391180902,16333,1141
28871.800458,2391188890,2391190032,16326,1142
28871.812480,2391198036,2391199177,16384,1141
28871.881610,2391250567,2391251711,16311,1144
28871.893634,2391259706,2391260857,16385,1151
28871.911668,2391273406,2391274538,16369,1132
28871.923686,2391282550,2391283701,16254,1151
28871.935716,2391291739,2391292890,16314,1151
28871.947739,2391300894,2391302039,16315,1145
28871.959754,2391310041,2391311183,16147,1142
28871.971785,2391319164,2391320295,16230,1131
28871.983806,2391328284,2391329430,16297,1146
28872.004840,2391344288,2391345429,16257,1141
28872.016871,2391353429,2391354575,16227,1146
28872.040908,2391371731,2391372867,16236,1136
28872.052938,2391380855,2391381996,16309,1141
28872.073979,2391396856,2391398002,16362,1146
28872.085994,2391406009,2391407155,16230,1146
28872.098023,2391415155,2391416299,16307,1144
28872.110046,2391424299,2391425441,16384,1142
28872.137097,2391444892,2391446033,16344,1141
28872.149113,2391454062,2391455207,16225,1145
28872.170162,2391470060,2391471203,16315,1143
28872.182185,2391479197,2391480343,16408,1146
28872.200219,2391492904,2391494050,16402,1146
28872.212234,2391502040,2391503177,16189,1137
28872.224265,2391511174,2391512315,16318,1141
28872.236287,2391520314,2391521460,16401,1146
28872.248302,2391529451,2391530596,16191,1145
28872.296400,2391566014,2391567149,16314,1135
28872.308423,2391575159,2391576305,16386,1146
28872.320441,2391584304,2391585438,16238,1134
28872.332470,2391593436,2391594579,16321,1143
28872.344493,2391602578,2391603719,16397,1141
28872.356509,2391611719,2391612856,16239,1137
28872.368538,2391620870,2391622016,16316,1146
28872.380561,2391630013,2391631145,16386,1132
28872.392577,2391639136,2391640287,16250,1151
28872.404602,2391648516,2391649658,16229,1142
28872.428645,2391666749,2391667895,16373,1146
28872.440663,2391675863,2391676994,16042,1131
28872.528845,2391744109,2391745251,16025,1142
28872.551888,2391760074,2391761220,16373,1146
28872.563904,2391769224,2391770368,16251,1144
28872.575924,2391778345,2391779478,15996,1133
28872.587955,2391787473,2391788604,16363,1131
28872.599974,2391796604,2391797744,16348,1140
28872.621009,2391812543,2391813686,15992,1143
28872.633038,2391821630,2391822772,16358,1142
28872.681127,2391858083,2391859227,16376,1144
28872.693146,2391867191,2391868334,16031,1143
28872.744246,2391905854,2391906995,16361,1141
28872.756266,2391914958,2391916101,16108,1143
28872.768300,2391924115,2391925249,16343,1134
28872.844447,2391983239,2391984370,16033,1131
28872.876501,2392005975,2392007109,16360,1134
28872.891524,2392017338,2392018478,16031,1140
28872.903557,2392026470,2392027606,16374,1136
28872.915574,2392035564,2392036706,16348,1142
28872.927596,2392044630,2392045758,16071,1128
28872.939622,2392053720,2392054866,16376,1146
28872.951640,2392062832,2392063972,16358,1140
28872.963663,2392071941,2392073084,16227,1143
28872.975690,2392081211,2392082357,16441,1146
28872.987713,2392090374,2392091510,16364,1136
28872.999729,2392099442,2392100577,16030,1135
28873.011761,2392108556,2392109691,16406,1135
28873.032797,2392124504,2392125645,16349,1141
28873.065864,2392149554,2392150700,16354,1146
28873.077882,2392158656,2392159802,16371,1146
28873.168051,2392226861,2392228005,16338,1144
28873.181577,2392237147,2392238286,16443,1139
28873.193598,2392246254,2392247389,15995,1135
28873.205627,2392255379,2392256521,16361,1142
28873.217650,2392264508,2392265645,16356,1137
28873.256728,2392294059,2392295200,16306,1141
28873.268747,2392303173,2392304310,16359,1137
28873.289786,2392319146,2392320281,16343,1135
28873.301806,2392328227,2392329373,16228,1146
28873.373939,2392382818,2392383956,16026,1138
28873.385970,2392392142,2392393283,16444,1141
28873.441073,2392435412,2392436547,16358,1135
28873.477143,2392462714,2392463848,16369,1134
28873.581335,2392539992,2392541131,16100,1139
28873.593369,2392549144,2392550284,16360,1140
28873.629437,2392576562,2392577695,16440,1133
28873.641452,2392585636,2392586772,16448,1136
28873.653480,2392594712,2392595855,16192,1143
28873.665503,2392603815,2392604935,16209,1120
28873.677520,2392612887,2392614020,16354,1133
28873.689541,2392621955,2392623098,16034,1143
28873.704573,2392633350,2392634496,16265,1146
28873.716592,2392642480,2392643618,15995,1138
28873.791743,2392699333,2392700469,16380,1136
28873.803764,2392708475,2392709608,16251,1133
28873.815781,2392717579,2392718716,15994,1137
28873.827811,2392726682,2392727828,16456,1146
28873.848847,2392742597,2392743740,16361,1143
28873.860867,2392751690,2392752833,16032,1143
28873.875899,2392763084,2392764225,16377,1141
28873.896935,2392778964,2392780101,16032,1137
28873.908969,2392788072,2392789212,16410,1140
28873.920986,2392797183,2392798329,16426,1146
28873.933002,2392806271,2392807399,16023,1128
28873.984103,2392844905,2392846046,16354,1141
28873.996124,2392853981,2392855127,16031,1146
28874.008157,2392863126,2392864266,16411,1140
28874.020174,2392872253,2392873394,16386,1141
28874.032192,2392881389,2392882532,15990,1143
28874.044224,2392890487,2392891606,16216,1119
28874.056245,2392899574,2392900714,16361,1140
28874.068262,2392908652,2392909785,16034,1133
28874.080290,2392917745,2392918891,16361,1146
28874.120372,2392949643,2392950777,16023,1134
28874.137396,2392961022,2392962150,16370,1128
28874.200516,2393008790,2393009929,16249,1139
28874.212536,2393017905,2393019051,16068,1146
28874.224565,2393027006,2393028147,16362,1141
28874.293690,2393079281,2393080419,16101,1138
28874.305723,2393088397,2393089534,16454,1137
28874.320741,2393099774,2393100909,16025,1135
28874.332770,2393108867,2393109998,16361,1131
28874.344791,2393117985,2393119130,16378,1145
28874.365830,2393133937,2393135078,16228,1141
28874.377857,2393143052,2393144188,16369,1136
28874.392877,2393154415,2393155543,16023,1128
28874.404911,2393163497,2393164638,16372,1141
28874.416928,2393172619,2393173753,16370,1134
28874.431961,2393184470,2393185616,16386,1146
28874.443979,2393193614,2393194750,16359,1136
28874.455999,2393202737,2393203870,15992,1133
28874.468027,2393211828,2393212965,16315,1137
28874.480047,2393220932,2393222074,16355,1142
28874.498082,2393234561,2393235707,16254,1146
28874.510101,2393243674,2393244817,15994,1143
28874.546179,2393270969,2393272119,16297,1150
28874.558199,2393280074,2393281220,16360,1146
28874.624324,2393330140,2393331280,16427,1140
28874.636341,2393339462,2393340605,16102,1143
28874.648374,2393348590,2393349727,16494,1137
28874.660389,2393357681,2393358821,16356,1140
28874.729527,2393409977,2393411121,16376,1144
28874.741544,2393419086,2393420223,16348,1137
28874.792645,2393457703,2393458845,16357,1142
28874.804667,2393466850,2393467992,16263,1142
28874.831716,2393487511,2393488657,16231,1146
28874.843745,2393496695,2393497846,16318,1151
28874.855768,2393505841,2393506992,16390,1151
28874.867784,2393515049,2393516195,16247,1146
28874.879804,2393524166,2393525309,16010,1143
28874.891833,2393533259,2393534396,16351,1137
28874.903855,2393542380,2393543520,16342,1140
28874.921890,2393556055,2393557195,16429,1140
28874.933907,2393565137,2393566272,16119,1135
28874.951941,2393578760,2393579888,16121,1128
28874.963972,2393587854,2393588974,16200,1120
28874.975991,2393596935,2393598077,16461,1142
28874.994025,2393610568,2393611699,16261,1131
28875.006044,2393619655,2393620784,16006,1129
28875.036107,2393642401,2393643531,16349,1130
28875.048129,2393651515,2393652651,16345,1136
28875.060148,2393660791,2393661929,16108,1138
28875.072177,2393669880,2393671015,16445,1135
28875.084195,2393678974,2393680116,16360,1142
28875.096218,2393688085,2393689231,16294,1146
28875.114250,2393701722,2393702865,16030,1143
28875.126280,2393710810,2393711948,16357,1138
28875.171365,2393744982,2393746119,16357,1137
28875.183384,2393754068,2393755214,16355,1146
28875.195407,2393763145,2393764282,16242,1137
28875.213442,2393776801,2393777940,16224,1139
28875.225473,2393785903,2393787044,16375,1141
28875.240498,2393797290,2393798438,16107,1148
28875.252519,2393806405,2393807538,16440,1133
28875.276560,2393824580,2393825718,16033,1138
28875.288591,2393833696,2393834812,16219,1116
28875.300610,2393842790,2393843925,16427,1135
28875.336678,2393870119,2393871253,16345,1134
28875.348696,2393879208,2393880341,16028,1133
28875.376757,2393901951,2393903094,16361,1143
28875.399798,2393917908,2393919054,16425,1146
28875.411816,2393927001,2393928143,16030,1142
28875.423845,2393936113,2393937259,16366,1146
28875.444886,2393952052,2393953191,16370,1139
28875.456902,2393961186,2393962329,15992,1143
28875.480950,2393979361,2393980492,16366,1131
28875.492973,2393988481,2393989622,16231,1141
28875.586154,2394058964,2394060105,16359,1141
28875.598176,2394068101,2394069238,16342,1137
28875.625226,2394088587,2394089721,16373,1134
28875.637252,2394097666,2394098809,16111,1143
28875.649274,2394106778,2394107918,16356,1140
28875.664296,2394118198,2394119333,15998,1135
28875.676330,2394127320,2394128455,16374,1135
28875.691350,2394138714,2394139851,16229,1137
28875.751468,2394184243,2394185383,16430,1140
28875.763485,2394193326,2394194466,16030,1140
28875.775516,2394202418,2394203534,16217,1116
28875.787535,2394211485,2394212626,16254,1141
28875.799552,2394220614,2394221747,15993,1133
28875.811585,2394229698,2394230821,16218,1123
28875.823601,2394238775,2394239916,16356,1141
28875.835630,2394247850,2394248993,16125,1143
28875.847653,2394256947,2394258083,16374,1136
28875.859672,2394266084,2394267216,16357,1132
28875.871690,2394275163,2394276297,15948,1134
28875.907758,2394302525,2394303665,15999,1140
28875.919790,2394311622,2394312768,16375,1146
28875.931807,2394320742,2394321883,16357,1141
28875.943828,2394329818,2394330955,16028,1137
28875.955857,2394338922,2394340058,16369,1136
28875.967879,2394348026,2394349161,16349,1135
28875.979896,2394357091,2394358236,16106,1145
28875.991932,2394366244,2394367364,16303,1120
28876.016979,2394386726,2394387872,16442,1146
28876.061051,2394418546,2394419687,16027,1141
28876.073080,2394427655,2394428786,16360,1131
28876.085101,2394436753,2394437899,16261,1146
28876.121171,2394464096,2394465236,16343,1140
28876.133195,2394473199,2394474341,16076,1142
28876.223360,2394541475,2394542618,16067,1143
28876.235392,2394550572,2394551705,16418,1133
28876.247407,2394559642,2394560779,16348,1137
28876.259428,2394568725,2394569863,16025,1138
28876.271459,2394577851,2394578980,16379,1129
28876.283478,2394586928,2394588065,16265,1137
28876.307529,2394605142,2394606259,16268,1117
28876.319546,2394614252,2394615403,16458,1151
28876.331573,2394623357,2394624495,16190,1138
28876.343594,2394632451,2394633585,16442,1134
28876.355615,2394641548,2394642694,16375,1146
28876.379665,2394659732,2394660848,16211,1116
28876.391685,2394668850,2394669991,16348,1141
28876.403701,2394677924,2394679067,16034,1143
28876.415733,2394687025,2394688165,16382,1140
28876.427751,2394696137,2394697281,16441,1144
28876.439771,2394705239,2394706382,16107,1143
28876.472838,2394730277,2394731414,16372,1137
28876.484861,2394739395,2394740531,16224,1136
28876.496886,2394748486,2394749632,16365,1146
28876.508905,2394757583,2394758717,16446,1134
28876.535960,2394778046,2394779186,16353,1140
28876.547977,2394787171,2394788304,15994,1133
28876.560006,2394796280,2394797419,16366,1139
28876.572027,2394805388,2394806528,16375,1140
28876.584048,2394814476,2394815622,16226,1146
28876.596075,2394823590,2394824741,16359,1151
28876.608095,2394832703,2394833834,16376,1131
28876.620114,2394841776,2394842916,16032,1140
28876.632146,2394850885,2394852022,16410,1137
28876.644164,2394859968,2394861112,16284,1144
28876.656183,2394869036,2394870172,16027,1136
28876.686251,2394891817,2394892953,16373,1136
28876.698267,2394900973,2394902105,16348,1132
28876.710286,2394910038,2394911175,16032,1137
28876.764389,2394951003,2394952138,16030,1135
28876.776421,2394960116,2394961247,16346,1131
28876.788440,2394969247,2394970383,16350,1136
28876.809474,2394985183,2394986315,16029,1132
28876.821504,2394994297,2394995438,16369,1141
28876.864587,2395028445,2395029591,16374,1146
28876.881614,2395039856,2395041002,16245,1146
28876.893641,2395048960,2395050093,16372,1133
28876.905662,2395058045,2395059188,16342,1143
28876.968780,2395105801,2395106947,16361,1146
28876.983816,2395117214,2395118360,16450,1146
28877.001846,2395130828,2395131969,16362,1141
28877.013865,2395139925,2395141066,16363,1141
28877.025890,2395148964,2395150101,16070,1137
28877.068980,2395183037,2395184175,16024,1138
28877.101035,2395205831,2395206968,16362,1137
28877.113058,2395214978,2395216123,16357,1145
28877.173174,2395260375,2395261521,16376,1146
28877.185194,2395269512,2395270648,16340,1136
28877.275365,2395337736,2395338867,16252,1131
28877.287383,2395346823,2395347966,15990,1143
28877.299412,2395355912,2395357053,16359,1141
28877.311431,2395365035,2395366187,16350,1152
28877.323459,2395374137,2395375271,16114,1134
28877.335481,2395383237,2395384374,16365,1137
28877.347501,2395392361,2395393498,16375,1137
28877.383572,2395419681,2395420816,16439,1135
28877.395587,2395428787,2395429931,16068,1144
28877.407620,2395437899,2395439036,16373,1137
28877.418145,2395443451,2395444246,14427,795
28877.428333,2395448488,2395449088,12122,600
28877.455706,2395462830,2395463963,16242,1133
28877.467736,2395471899,2395473028,16318,1129
28877.479759,2395480971,2395482117,16401,1146
28877.491775,2395490086,2395491219,16255,1133
28877.503804,2395499167,2395500298,16304,1131
28877.515827,2395508270,2395509407,16378,1137
28877.527843,2395517394,2395518533,16328,1139
28877.539872,2395526496,2395527637,16315,1141
28877.551894,2395535628,2395536769,16371,1141
28877.563914,2395544759,2395545905,16294,1146
28877.581946,2395558456,2395559597,16255,1141
28877.593975,2395567591,2395568730,16331,1139
28877.618014,2395585847,2395586988,16245,1141
28877.630044,2395594955,2395596097,16315,1142
28877.681135,2395633789,2395634931,16260,1142
28877.693164,2395642905,2395644042,16224,1137
28877.708185,2395654298,2395655439,16253,1141
28877.729234,2395670277,2395671428,16322,1151
28877.741256,2395679435,2395680575,16405,1140
28877.753272,2395688584,2395689730,16252,1146
28877.801371,2395725196,2395726338,16314,1142
28877.813394,2395734331,2395735468,16404,1137
28877.828422,2395745715,2395746861,16312,1146
28877.864491,2395773084,2395774220,16310,1136
28877.876513,2395782190,2395783329,16383,1139
28877.897546,2395798192,2395799333,16234,1141
28877.909577,2395807317,2395808457,16320,1140
28877.921599,2395816454,2395817600,16414,1146
28877.932122,2395823069,2395823943,15172,874
28877.944143,2395831841,2395832980,16405,1139
28877.956158,2395840934,2395842058,16234,1124
28877.968187,2395850029,2395851167,16202,1138
28877.980211,2395859143,2395860289,16407,1146
28877.992226,2395868306,2395869435,16250,1129
28878.004255,2395877429,2395878569,16315,1140
28878.016280,2395886556,2395887702,16408,1146
28878.028295,2395895675,2395896817,16146,1142
28878.044338,2395909382,2395910533,16239,1151
28878.056363,2395918530,2395919665,16312,1135
28878.088416,2395941367,2395942505,16387,1138
28878.100432,2395950494,2395951635,16254,1141
28878.112463,2395959622,2395960763,16331,1141
28878.127484,2395971032,2395972179,16236,1147
28878.139514,2395980256,2395981402,16317,1146
28878.151537,2395989396,2395990542,16402,1146
28878.163552,2395998549,2395999690,16231,1141
28878.175583,2396007689,2396008843,16331,1154
28878.187604,2396016829,2396017966,16385,1137
28878.199621,2396025963,2396027104,16254,1141
28878.211650,2396035100,2396036246,16302,1146
28878.229684,2396048811,2396049953,16313,1142
28878.241707,2396057941,2396059081,16396,1140
28878.253724,2396067067,2396068202,16249,1135
28878.265756,2396076163,2396077304,16310,1141
28878.280775,2396087602,2396088733,16251,1131
28878.292805,2396096707,2396097842,16315,1135
28878.313844,2396112684,2396113821,16389,1137
28878.325861,2396121814,2396122958,16231,1144
28878.344909,2396137845,2396138991,16394,1146
28878.361930,2396149269,2396150411,16237,1142
28878.373958,2396158417,2396159553,16401,1136
28878.397998,2396176703,2396177849,16236,1146
28878.410029,2396185836,2396186974,16406,1138
28878.434066,2396204105,2396205251,16315,1146
28878.446097,2396213263,2396214409,16325,1146
28878.464131,2396226979,2396228125,16315,1146
28878.476154,2396236123,2396237267,16410,1144
28878.488170,2396245265,2396246416,16252,1151
28878.500200,2396254385,2396255526,16319,1141
28878.512222,2396263506,2396264646,16388,1140
28878.524238,2396272650,2396273782,16235,1132
28878.536268,2396281782,2396282924,16314,1142
28878.548290,2396290925,2396292071,16386,1146
28878.560306,2396300075,2396301227,16252,1152
28878.572337,2396309238,2396310374,16316,1136
28878.584359,2396318402,2396319548,16390,1146
28878.596375,2396327576,2396328713,16239,1137
28878.608406,2396336699,2396337833,16419,1134
28878.632444,2396354951,2396356088,16331,1137
28878.644475,2396364083,2396365229,16324,1146
28878.668513,2396382384,2396383515,16236,1131
28878.680545,2396391526,2396392665,16345,1139
28878.708594,2396414352,2396415498,16386,1146
28878.740653,2396437085,2396438222,16285,1137
28878.752680,2396446179,2396447318,16312,1139
28878.767701,2396457572,2396458706,16234,1134
28878.785735,2396471282,2396472421,16213,1139
28878.797766,2396480409,2396481551,16314,1142
28878.809788,2396489554,2396490699,16392,1145
28878.821804,2396498710,2396499846,16249,1136
28878.833834,2396507824,2396508971,16307,1147
28878.876921,2396542091,2396543228,16310,1137
28878.899959,2396558079,2396559224,16388,1145
28878.911974,2396567215,2396568356,16222,1141
28878.924006,2396576354,2396577495,16314,1141
28878.936028,2396585457,2396586598,16396,1141
28878.948044,2396594594,2396595735,16233,1141
28878.961074,2396606050,2396607187,16411,1137
28878.984112,2396622035,2396623166,16343,1131
28879.014176,2396644883,2396646029,16322,1146
28879.026197,2396654005,2396655151,16458,1146
28879.050243,2396672285,2396673431,16398,1146
28879.062267,2396681428,2396682574,16395,1146
28879.077296,2396692851,2396693992,16327,1141
28879.089317,2396701955,2396703096,16371,1141
28879.101335,2396711093,2396712228,16262,1135
28879.113363,2396720234,2396721380,16312,1146
28879.137407,2396738509,2396739655,16277,1146
28879.149433,2396747639,2396748785,16311,1146
28879.161456,2396756788,2396757934,16401,1146
28879.173473,2396765942,2396767073,16246,1131
28879.185501,2396775073,2396776214,16304,1141
28879.197525,2396784212,2396785358,16387,1146
28879.221570,2396802497,2396803634,16316,1137
28879.233592,2396811662,2396812813,16369,1151
28879.260643,2396832225,2396833371,16385,1146
28879.275673,2396843636,2396844776,16315,1140
28879.300725,2396864183,2396865328,16314,1145
28879.335781,2396889313,2396890457,16239,1144
28879.347809,2396898431,2396899577,16318,1146
28879.359835,2396907610,2396908762,16428,1152
28879.371850,2396916761,2396917907,16250,1146
28879.383881,2396925911,2396927056,16325,1145
28879.395902,2396935073,2396936213,16296,1140
28879.407920,2396944201,2396945344,16267,1143
28879.419949,2396953345,2396954491,16319,1146
28879.437983,2396967055,2396968192,16313,1137
28879.450005,2396976162,2396977303,16385,1141
28879.465035,2396987594,2396988736,16315,1142
28879.477057,2396996707,2396997853,16400,1146
28879.510120,2397021821,2397022967,16313,1146
28879.522142,2397030947,2397032093,16386,1146
28879.534159,2397040083,2397041234,16239,1151
28879.546188,2397049239,2397050385,16308,1146
28879.561210,2397060661,2397061806,16233,1145
28879.573239,2397069795,2397070932,16325,1137
28879.615313,2397101800,2397102936,16258,1136
28879.627341,2397110948,2397112084,16319,1136
28879.639364,2397120084,2397121221,16369,1137
28879.651384,2397129207,2397130348,16281,1141
28879.663411,2397138344,2397139490,16316,1146
28879.675434,2397147488,2397148633,16393,1145
28879.693466,2397161207,2397162358,16371,1151
28879.705483,2397170366,2397171507,16244,1141
28879.723519,2397184073,2397185203,16260,1130
28879.735546,2397193210,2397194358,16314,1148
28879.753582,2397206924,2397208065,16313,1141
28879.765603,2397216061,2397217212,16369,1151
28879.777621,2397225233,2397226370,16248,1137
28879.789652,2397234370,2397235511,16314,1141
28879.825720,2397261795,2397262933,16317,1138
28879.840742,2397273228,2397274387,16243,1159
28879.852772,2397282424,2397283570,16404,1146
28879.885828,2397307681,2397308831,16235,1150
28879.897856,2397316869,2397318017,16315,1148
28879.912879,2397328353,2397329504,16236,1151
28879.924908,2397337503,2397338640,16317,1137
28879.960977,2397364912,2397366047,16317,1135
28879.973001,2397374047,2397375178,16486,1131
28879.985016,2397383169,2397384299,16234,1130
28879.997047,2397392297,2397393438,16315,1141
28880.009069,2397401426,2397402573,16388,1147
28880.033115,2397419700,2397420840,16311,1140
28880.045138,2397428857,2397429994,16397,1137
28880.072188,2397449425,2397450565,16386,1140
28880.084205,2397458555,2397459701,16252,1146
28880.096235,2397467697,2397468839,16333,1142
28880.111257,2397479114,2397480252,16215,1138
28880.126292,2397490536,2397491678,16402,1142
28880.136327,2397499684,2397500819,16242,1135
28880.168372,2397522520,2397523666,16319,1146
28880.180396,2397531718,2397532864,16335,1146
28880.195421,2397543202,2397544357,16317,1155
28880.207444,2397552417,2397553564,16315,1147
28880.219467,2397561608,2397562759,16318,1151
28880.231490,2397570785,2397571931,16263,1146
28880.243513,2397579930,2397581066,16375,1136
28880.264547,2397595945,2397597091,16254,1146
28880.276575,2397605089,2397606226,16314,1137
28880.300614,2397623336,2397624473,16244,1137
28880.312645,2397632466,2397633603,16223,1137
28880.324667,2397641578,2397642719,16376,1141
28880.348713,2397659836,2397660982,16315,1146
28880.360737,2397668954,2397670100,16390,1146
28880.375765,2397680381,2397681523,16313,1142
28880.387789,2397689511,2397690657,16391,1146
28880.399803,2397698684,2397699824,16219,1140
28880.417839,2397712406,2397713543,16227,1137
28880.429870,2397721547,2397722683,16317,1136
28880.441893,2397730671,2397731812,16405,1141
28880.453908,2397739814,2397740954,16229,1140
28880.532064,2397799213,2397800359,16394,1146
28880.544080,2397808375,2397809521,16251,1146
28880.556110,2397817523,2397818658,16314,1135
28880.568131,2397826658,2397827804,16387,1146
28880.586166,2397840355,2397841492,16387,1137
28880.598181,2397849489,2397850625,16220,1136
28880.610210,2397858646,2397859792,16302,1146
28880.622234,2397867808,2397868949,16388,1141
28880.643268,2397883799,2397884940,16250,1141
28880.655297,2397892916,2397894068,16316,1152
28880.667318,2397902070,2397903211,16370,1141
28880.679336,2397911221,2397912363,16249,1142
28880.691364,2397920359,2397921501,16322,1142
28880.703389,2397929505,2397930647,16392,1142
28880.724422,2397945496,2397946641,16238,1145
28880.736452,2397954622,2397955761,16246,1139
28880.757492,2397970604,2397971743,16396,1139
28880.769507,2397979745,2397980886,16268,1141
28880.805576,2398007182,2398008319,16263,1137
28880.817607,2398016341,2398017478,16311,1137
28880.841645,2398034570,2398035722,16234,1152
28880.853676,2398043707,2398044844,16317,1137
28880.865697,2398052866,2398054002,16391,1136
28880.877714,2398062018,2398063164,16233,1146
28880.892750,2398073430,2398074571,16409,1141
28880.904765,2398082572,2398083713,16257,1141
28880.919801,2398093989,2398095131,16402,1142
28880.931817,2398103118,2398104256,16148,1138
28880.943847,2398112286,2398113422,16319,1136
28880.955871,2398121407,2398122529,16402,1122
28880.967885,2398130528,2398131669,16163,1141
28880.979916,2398139647,2398140785,16215,1138
28880.991941,2398148781,2398149927,16403,1146
28881.003954,2398157922,2398159059,16248,1137
28881.015986,2398167081,2398168220,16306,1139
28881.028006,2398176194,2398177323,16382,1129
28881.040023,2398185334,2398186469,16249,1135
28881.052053,2398194481,2398195622,16317,1141
28881.064076,2398203644,2398204789,16403,1145
28881.076091,2398212802,2398213943,16216,1141
28881.088121,2398221951,2398223092,16331,1141
28881.100143,2398231098,2398232239,16381,1141
28881.112160,2398240219,2398241360,16249,1141
28881.124189,2398249344,2398250495,16305,1151
28881.136211,2398258489,2398259635,16382,1146
28881.148228,2398267628,2398268766,16230,1138
28881.160259,2398276744,2398277890,16316,1146
28881.172280,2398285905,2398287040,16384,1135
28881.184297,2398295002,2398296142,16167,1140
28881.196327,2398304130,2398305272,16312,1142
28881.208349,2398313257,2398314395,16387,1138
28881.224379,2398326999,2398328136,16382,1137
28881.280486,2398368153,2398369299,16390,1146
28881.292501,2398377318,2398378463,16237,1145
28881.307538,2398388740,2398389886,16389,1146
28881.319553,2398397900,2398399046,16246,1146
28881.331585,2398407022,2398408168,16316,1146
28881.343606,2398416146,2398417288,16398,1142
28881.355623,2398425287,2398426423,16339,1136
28881.367653,2398434435,2398435572,16407,1137
28881.379676,2398443570,2398444701,16487,1131
28881.391690,2398452679,2398453824,16226,1145
28881.403722,2398461797,2398462943,16324,1146
28881.415744,2398470913,2398472054,16406,1141
28881.427760,2398480084,2398481226,16264,1142
28881.439788,2398489212,2398490355,16309,1143
28881.451810,2398498349,2398499495,16373,1146
28881.463828,2398507486,2398508632,16256,1146
28881.475858,2398516627,2398517769,16328,1142
28881.487880,2398525764,2398526910,16471,1146
28881.499897,2398534914,2398536060,16303,1146
28881.511926,2398544032,2398545183,16398,1151
28881.523948,2398553180,2398554326,16386,1146
28881.535965,2398562324,2398563475,16332,1151
28881.547995,2398571458,2398572595,16318,1137
28881.566029,2398585171,2398586308,16309,1137
28881.578050,2398594295,2398595428,16376,1133
28881.590071,2398603533,2398604677,16271,1144
28881.626137,2398630838,2398631983,16444,1145
28881.640677,2398643570,2398644716,16240,1146
28881.732837,2398711687,2398712823,16001,1136
28881.744869,2398720807,2398721953,16362,1146
28881.789954,2398754903,2398756047,16387,1144
28881.801974,2398764038,2398765178,16346,1140
28881.821016,2398779918,2398781058,16041,1140
28881.857580,2398806338,2398807487,16427,1149
28881.869599,2398815457,2398816594,16441,1137
28881.896653,2398835967,2398837113,16345,1146
28881.908670,2398845063,2398846201,16044,1138
28881.932722,2398863282,2398864413,16426,1131
28881.944740,2398872349,2398873487,16046,1138
28881.983819,2398901929,2398903071,16356,1142
28882.037925,2398942852,2398943993,16399,1141
28882.049945,2398952368,2398953499,16340,1131
28882.089017,2398981867,2398983005,16230,1138
28882.101044,2398990987,2398992128,16363,1141
28882.122080,2399006901,2399008052,16362,1151
28882.134108,2399016002,2399017145,16117,1143
28882.212253,2399075140,2399076281,16373,1141
28882.224272,2399084223,2399085363,16027,1140
28882.236305,2399093343,2399094494,16419,1151
28882.248323,2399102689,2399103828,16369,1139
28882.260340,2399111745,2399112888,16111,1143
28882.272370,2399120825,2399121960,16361,1135
28882.284390,2399129941,2399131077,16268,1136
28882.311439,2399150453,2399151589,16437,1136
28882.323460,2399159529,2399160672,16030,1143
28882.335493,2399168622,2399169773,16418,1151
28882.356525,2399184511,2399185647,16361,1136
28882.368546,2399193579,2399194716,16110,1137
28882.407631,2399223139,2399224285,16369,1146
28882.419647,2399232255,2399233397,16371,1142
28882.431676,2399241359,2399242505,16223,1146
28882.443697,2399250470,2399251606,16375,1136
28882.455714,2399259597,2399260736,16354,1139
28882.473750,2399273251,2399274398,16374,1147
28882.485774,2399282359,2399283495,16259,1136
28882.564932,2399343778,2399344916,16103,1138
28882.609007,2399375603,2399376735,16370,1132
28882.621029,2399384692,2399385829,16231,1137
28882.654093,2399409737,2399410877,16374,1140
28882.666112,2399418834,2399419972,16108,1138
28882.693164,2399439340,2399440478,16071,1138
28882.705192,2399448439,2399449579,16367,1140
28882.772329,2399500723,2399501854,16025,1131
28882.855472,2399562128,2399563271,16029,1143
28882.867505,2399571274,2399572411,16373,1137
28882.879522,2399580367,2399581497,16264,1130
28882.891541,2399589436,2399590579,15991,1143
28882.903572,2399598554,2399599690,16390,1136
28882.915589,2399607657,2399608803,16364,1146
28882.927617,2399616742,2399617877,16132,1135
28882.939641,2399625843,2399626960,16258,1117
28882.951661,2399634961,2399636107,16404,1146
28882.969695,2399648626,2399649772,16344,1146
28882.981715,2399657739,2399658875,16327,1136
28882.993741,2399666823,2399667969,16371,1146
28883.005758,2399675907,2399677052,16376,1145
28883.065880,2399721373,2399722519,16455,1146
28883.077899,2399730544,2399731681,16251,1137
28883.095934,2399744207,2399745353,16371,1146
28883.107952,2399753304,2399754447,15992,1143
28883.119982,2399762412,2399763549,16360,1137
28883.138016,2399776099,2399777238,16353,1139
28883.150035,2399785212,2399786349,16367,1137
28883.198124,2399821630,2399822768,16032,1138
28883.210153,2399830742,2399831882,16358,1140
28883.273277,2399878484,2399879630,16463,1146
28883.285295,2399887643,2399888779,16297,1136
28883.300326,2399899003,2399900134,16387,1131
28883.315347,2399910336,2399911472,16103,1136
28883.369450,2399951296,2399952435,16030,1139
28883.381485,2399960425,2399961544,16228,1119
28883.393498,2399969501,2399970643,16367,1142
28883.432570,2399999062,2400000205,16030,1143
28883.444603,2400008183,2400009325,16333,1142
28883.456619,2400017278,2400018429,16370,1151
28883.480672,2400035472,2400036608,16377,1136
28883.492686,2400044583,2400045720,16357,1137
28883.504707,2400053695,2400054837,16101,1142
28883.516736,2400062811,2400063950,16360,1139
28883.591875,2400119741,2400120881,16356,1140
28883.603894,2400128816,2400129944,16027,1128
28883.621938,2400142440,2400143574,16114,1134
28883.633961,2400151524,2400152644,16292,1120
28883.694067,2400196991,2400198134,16028,1143
28883.706101,2400206144,2400207290,16330,1146
28883.754184,2400242619,2400243762,16448,1143
28883.766204,2400251714,2400252857,16107,1143
28883.778238,2400260849,2400261990,16457,1141
28883.811292,2400285776,2400286903,16028,1127
28883.823324,2400294857,2400296003,16439,1146
28883.835338,2400303960,2400305102,16265,1142
28883.847359,2400313037,2400314168,15948,1131
28883.859388,2400322112,2400323244,16349,1132
28883.877427,2400335806,2400336931,16222,1125
28883.889440,2400344893,2400346039,16353,1146
28883.901461,2400353978,2400355110,16035,1132
28883.913490,2400363055,2400364185,16365,1130
28883.928513,2400374383,2400375523,16106,1140
28883.940547,2400383516,2400384662,16432,1146
28883.991633,2400422197,2400423336,16029,1139
28884.028716,2400451692,2400452828,16366,1136
28884.072790,2400483527,2400484673,16328,1146
28884.084817,2400492628,2400493769,16447,1141
28884.096838,2400501751,2400502892,16427,1141
28884.108856,2400510852,2400511991,16109,1139
28884.120888,2400519983,2400521122,16407,1139
28884.132906,2400529060,2400530193,16376,1133
28884.144924,2400538133,2400539281,16023,1148
28884.168974,2400556353,2400557477,16252,1124
28884.180993,2400565444,2400566579,15994,1135
28884.232095,2400604179,2400605318,16352,1139
28884.244115,2400613255,2400614389,16030,1134
28884.256142,2400622335,2400623472,16361,1137
28884.274181,2400635987,2400637125,16367,1138
28884.286195,2400645089,2400646226,16364,1137
28884.316258,2400667861,2400668996,16079,1135
28884.328281,2400676953,2400678099,16384,1146
28884.340301,2400686087,2400687232,16347,1145
28884.361336,2400702047,2400703185,16024,1138
28884.373369,2400711162,2400712308,16358,1146
28884.388387,2400722521,2400723664,16026,1143
28884.400418,2400731616,2400732746,16381,1130
28884.412435,2400740702,2400741848,16360,1146
28884.424456,2400749793,2400750928,16029,1135
28884.452519,2400772508,2400773644,16382,1136
28884.487576,2400797528,2400798670,16023,1142
28884.499606,2400806621,2400807762,16385,1141
28884.511624,2400815733,2400816868,16363,1135
28884.523644,2400824835,2400825973,16028,1138
28884.535678,2400833967,2400835107,16373,1140
28884.547693,2400843097,2400844237,16285,1140
28884.559716,2400852201,2400853347,16244,1146
28884.571747,2400861358,2400862499,16401,1141
28884.583762,2400870469,2400871606,16441,1137
28884.595785,2400879578,2400880719,16310,1141
28884.607811,2400888700,2400889842,16442,1142
28884.628847,2400904655,2400905796,16396,1141
28884.640868,2400913739,2400914874,16102,1135
28884.661914,2400929659,2400930793,16446,1134
28884.673937,2400938774,2400939915,16350,1141
28884.688965,2400950137,2400951283,16370,1146
28884.700984,2400959245,2400960382,16360,1137
28884.716020,2400970595,2400971736,16498,1141
28884.728037,2400979676,2400980822,16411,1146
28884.740056,2400988778,2400989916,16022,1138
28884.770124,2401011580,2401012715,16377,1135
28884.782138,2401020679,2401021825,16364,1146
28884.872313,2401088907,2401090052,16427,1145
28884.884330,2401098034,2401099166,16054,1132
28884.900377,2401111753,2401112890,16229,1137
28884.935438,2401136994,2401138139,16397,1145
28884.947453,2401146214,2401147360,16244,1146
28884.959481,2401155399,2401156545,16315,1146
28884.971501,2401164547,2401165694,16253,1147
28884.983519,2401173638,2401174769,16043,1131
28885.080715,2401248611,2401249752,15990,1141
28885.139824,2401291810,2401292941,16369,1131
28885.151844,2401300932,2401302059,16299,1127
28885.163864,2401310025,2401311166,16244,1141
28885.175892,2401319135,2401320275,16320,1140
28885.187911,2401328242,2401329388,16285,1146
28885.199933,2401337383,2401338529,16232,1146
28885.211963,2401346484,2401347623,16410,1139
28885.223981,2401355577,2401356706,16334,1129
28885.236000,2401364648,2401365795,15998,1147
28885.248028,2401373754,2401374899,16359,1145
28885.260049,2401382845,2401383982,16162,1137
28885.278083,2401396503,2401397641,16370,1138
28885.290102,2401405586,2401406724,16027,1138
28885.302132,2401414689,2401415824,16358,1135
28885.314155,2401423826,2401424960,16356,1134
28885.344205,2401446597,2401447730,15996,1133
28885.356236,2401455699,2401456845,16378,1146
28885.368256,2401464822,2401465963,16258,1141
28885.380273,2401473921,2401475058,15944,1137
28885.392303,2401483016,2401484162,16274,1146
28885.404322,2401492136,2401493282,16358,1146
28885.416342,2401501250,2401502393,15992,1143
28885.479463,2401549049,2401550187,16029,1138
28885.491496,2401558172,2401559318,16329,1146
28885.503512,2401567272,2401568416,16376,1144
28885.515531,2401576356,2401577491,15995,1135
28885.527561,2401585461,2401586598,16371,1137
28885.548598,2401601374,2401602525,16328,1151
28885.560619,2401610524,2401611670,16232,1146
28885.612731,2401651503,2401652638,16029,1135
28885.716920,2401728888,2401730039,16358,1151
28885.728942,2401738029,2401739161,16348,1132
28885.740960,2401747103,2401748246,16032,1143
28885.755992,2401758496,2401759637,16205,1141
28885.768011,2401767636,2401768763,16007,1127
28885.786045,2401781273,2401782413,16120,1140
28885.798073,2401790370,2401791521,16407,1151
28885.828129,2401813100,2401814241,16461,1141
28885.840148,2401822218,2401823356,16008,1138
28885.852176,2401831293,2401832425,16253,1132
28885.870210,2401844933,2401846077,16344,1144
28885.882231,2401854028,2401855168,16355,1140
28885.897262,2401865370,2401866516,16346,1146
28885.909285,2401874485,2401875627,16304,1142
28885.936333,2401894915,2401896059,16350,1144
28885.948354,2401903999,2401905137,16046,1138
28885.960386,2401913095,2401914232,16359,1137
28885.972404,2401922168,2401923308,16252,1140
28885.984422,2401931256,2401932394,15962,1138
28886.036532,2401972250,2401973393,16042,1143
28886.089625,2402010966,2402012102,16439,1136
28886.101652,2402020068,2402021200,16119,1132
28886.140727,2402049599,2402050735,16444,1136
28886.152746,2402058717,2402059857,16258,1140
28886.167778,2402070121,2402071252,16366,1131
28886.179796,2402079255,2402080394,16361,1139
28886.191821,2402088314,2402089448,16051,1134
28886.203850,2402097435,2402098587,16424,1152
28886.215861,2402106548,2402107685,16276,1137
28886.227888,2402115640,2402116781,16228,1141
28886.239915,2402124723,2402125860,16361,1137
28886.251935,2402133819,2402134963,16251,1144
28886.263955,2402142935,2402144068,15915,1133
28886.275988,2402152057,2402153203,16285,1146
28886.288004,2402161170,2402162310,16421,1140
28886.298533,2402170431,2402171580,16478,1149
28886.313548,2402181828,2402182966,16075,1138
28886.325582,2402190954,2402192096,16461,1142
28886.364650,2402220530,2402221667,16459,1137
28886.376672,2402229687,2402230833,16228,1146
28886.388699,2402238791,2402239932,16376,1141
28886.400718,2402247882,2402249013,16215,1131
28886.464848,2402297934,2402299068,16023,1134
28886.505925,2402327549,2402328690,16377,1141
28886.517941,2402336642,2402337773,16379,1131
28886.569042,2402375323,2402376467,16371,1144
28886.581061,2402384467,2402385613,16357,1146
28886.608114,2402398347,2402398952,11951,605
28886.621640,2402403424,2402404216,13376,792
28886.633666,2402412129,2402413257,16316,1128
28886.645690,2402421227,2402422355,16398,1128
28886.657706,2402430306,2402431439,16229,1133
28886.675740,2402443943,2402445076,16232,1133
28886.687769,2402453012,2402454142,16314,1130
28886.699795,2402462129,2402463262,16433,1133
28886.711811,2402471240,2402472388,16235,1148
28886.723839,2402480368,2402481502,16297,1134
28886.735861,2402489497,2402490641,16293,1144
28886.780946,2402523695,2402524829,16382,1134
28886.792963,2402532875,2402534012,16206,1137
28886.809007,2402546574,2402547706,16249,1132
28886.856083,2402580858,2402581995,16248,1137
28886.868114,2402589991,2402591135,16322,1144
28886.880135,2402599123,2402600269,16381,1146
28886.892152,2402608277,2402609428,16250,1151
28886.904184,2402617405,2402618540,16333,1135
28886.916204,2402626513,2402627650,16382,1137
28886.928220,2402635638,2402636775,16251,1137
28886.940251,2402644752,2402645903,16318,1151
28886.952272,2402653891,2402655028,16388,1137
28886.964289,2402663041,2402664181,16250,1140
28886.976319,2402672173,2402673315,16311,1142
28886.988341,2402681297,2402682433,16380,1136
28887.000360,2402690387,2402691527,16279,1140
28887.015392,2402701813,2402702950,16389,1137
28887.027409,2402710950,2402712096,16206,1146
28887.039439,2402720095,2402721231,16313,1136
28887.051461,2402729227,2402730370,16394,1143
28887.063478,2402738356,2402739497,16253,1141
28887.075507,2402747494,2402748640,16319,1146
28887.087531,2402756645,2402757791,16309,1146
28887.099546,2402765783,2402766929,16230,1146
28887.113068,2402774393,2402775529,15985,1136
28887.125102,2402783459,2402784593,16320,1134
28887.137125,2402792597,2402793738,16399,1141
28887.149140,2402801756,2402802897,16233,1141
28887.173192,2402820024,2402821170,16381,1146
28887.185209,2402829173,2402830314,16281,1141
28887.197239,2402838291,2402839433,16400,1142
28887.209261,2402847451,2402848597,16381,1146
28887.225291,2402861177,2402862318,16378,1141
28887.239312,2402870324,2402871460,16232,1136
28887.251342,2402879454,2402880596,16320,1142
28887.263365,2402888612,2402889754,16398,1142
28887.275381,2402897741,2402898879,16236,1138
28887.287411,2402906878,2402908020,16330,1142
28887.299432,2402916034,2402917178,16339,1144
28887.311449,2402925186,2402926323,16257,1137
28887.323478,2402934333,2402935479,16401,1146
28887.335501,2402943461,2402944606,16387,1145
28887.347518,2402952616,2402953762,16319,1146
28887.359547,2402961754,2402962900,16304,1146
28887.371571,2402970869,2402972015,16398,1146
28887.383587,2402980024,2402981161,16242,1137
28887.395617,2402989147,2402990293,16231,1146
28887.407640,2402998287,2402999414,16391,1127
28887.419655,2403007434,2403008579,16232,1145
28887.431684,2403016572,2403017708,16313,1136
28887.443708,2403025722,2403026867,16424,1145
28887.455723,2403034848,2403035984,16240,1136
28887.467753,2403043975,2403045115,16303,1140
28887.479777,2403053125,2403054271,16409,1146
28887.491789,2403062289,2403063426,16231,1137
28887.503822,2403071415,2403072557,16398,1142
28887.515845,2403080549,2403081691,16408,1142
28887.527861,2403089709,2403090860,16248,1151
28887.539891,2403098880,2403100021,16377,1141
28887.551914,2403108014,2403109159,16363,1145
28887.563929,2403117170,2403118321,16234,1151
28887.575959,2403126273,2403127412,16327,1139
28887.587982,2403135396,2403136526,16390,1130
28887.609017,2403151350,2403152497,16263,1147
28887.621042,2403160491,2403161633,16309,1142
28887.645084,2403178781,2403179927,16248,1146
28887.657112,2403187927,2403189073,16273,1146
28887.678153,2403203924,2403205065,16384,1141
28887.690168,2403213070,2403214211,16237,1141
28887.726238,2403240490,2403241636,16248,1146
28887.738267,2403249675,2403250821,16318,1146
28887.759306,2403265610,2403266756,16371,1146
28887.771323,2403274771,2403275917,16262,1146
28887.783353,2403283933,2403285063,16236,1130
28887.795375,2403293064,2403294205,16382,1141
28887.807392,2403302204,2403303344,16260,1140
28887.819423,2403311344,2403312490,16225,1146
28887.831444,2403320505,2403321651,16390,1146
28887.852478,2403336511,2403337658,16239,1147
28887.864507,2403345671,2403346817,16312,1146
28887.885548,2403361689,2403362835,16389,1146
28887.897564,2403370838,2403371984,16234,1146
28887.912600,2403382272,2403383415,16398,1143
28887.927628,2403393725,2403394871,16311,1146
28887.969701,2403425681,2403426818,16312,1137
28887.981730,2403434836,2403435982,16321,1146
28888.020805,2403464525,2403465671,16396,1146
28888.032820,2403473685,2403474822,16224,1137
28888.044850,2403482823,2403483974,16314,1151
28888.056873,2403491977,2403493123,16394,1146
28888.071902,2403503398,2403504540,16403,1142
28888.083926,2403512530,2403513673,16493,1143
28888.101960,2403526234,2403527380,16396,1146
28888.113974,2403535369,2403536510,16224,1141
28888.162074,2403571918,2403573055,16321,1137
28888.174096,2403581022,2403582167,16397,1145
28888.198143,2403599295,2403600432,16312,1137
28888.210166,2403608435,2403609572,16401,1137
28888.228200,2403622122,2403623267,16402,1145
28888.240215,2403631325,2403632456,16233,1131
28888.252246,2403640466,2403641612,16320,1146
28888.264268,2403649598,2403650735,16393,1137
28888.276284,2403658726,2403659867,16233,1141
28888.297330,2403674749,2403675895,16303,1146
28888.309355,2403683903,2403685045,16400,1142
28888.324383,2403695355,2403696492,16313,1137
28888.363457,2403725102,2403726242,16402,1140
28888.375473,2403734241,2403735384,16237,1143
28888.387504,2403743370,2403744512,16319,1142
28888.399524,2403752532,2403753667,16381,1135
28888.411541,2403761668,2403762815,16245,1147
28888.423570,2403770831,2403771977,16312,1146
28888.436603,2403782270,2403783416,16245,1146
28888.477672,2403811892,2403813038,16316,1146
28888.489696,2403821035,2403822176,16389,1141
28888.513742,2403839295,2403840430,16315,1135
28888.525765,2403848429,2403849571,16386,1142
28888.537781,2403857553,2403858699,16241,1146
28888.549810,2403866724,2403867868,16316,1144
28888.561832,2403875845,2403876986,16367,1141
28888.588884,2403896435,2403897572,16389,1137
28888.600901,2403905556,2403906700,16246,1144
28888.615936,2403917003,2403918133,16390,1130
28888.627953,2403926131,2403927277,16246,1146
28888.639983,2403935285,2403936415,16293,1130
28888.652005,2403944417,2403945563,16393,1146
28888.664021,2403953541,2403954680,16243,1139
28888.682054,2403967240,2403968386,16215,1146
28888.694086,2403976393,2403977530,16317,1137
28888.742178,2404013002,2404014137,16402,1135
28888.754193,2404022143,2404023283,16233,1140
28888.817315,2404070068,2404071203,16272,1135
28888.829343,2404079197,2404080343,16316,1146
28888.841365,2404088333,2404089479,16383,1146
28888.853381,2404097485,2404098622,16230,1137
28888.865410,2404106630,2404107766,16270,1136
28888.877435,2404115768,2404116905,16399,1137
28888.904485,2404136309,2404137449,16382,1140
28888.916502,2404145451,2404146590,16235,1139
28888.928530,2404154593,2404155739,16313,1146
28888.967607,2404184295,2404185440,16405,1145
28888.979620,2404193425,2404194565,16228,1140
28889.012692,2404218556,2404219698,16403,1142
28889.024706,2404227698,2404228835,16313,1137
28889.048761,2404245936,2404247072,16405,1136
28889.060775,2404255085,2404256231,16258,1146
28889.081821,2404271065,2404272196,16317,1131
28889.093843,2404280218,2404281355,16456,1137
28889.117889,2404298461,2404299604,16322,1143
28889.129912,2404307614,2404308757,16468,1143
28889.196033,2404357900,2404359040,16264,1140
28889.208062,2404367031,2404368171,16317,1140
28889.220083,2404376155,2404377295,16369,1140
28889.232102,2404385286,2404386421,16266,1135
28889.244131,2404394418,2404395559,16316,1141
28889.256154,2404403561,2404404697,16295,1136
28889.268167,2404412664,2404413800,16079,1136
28889.280199,2404421797,2404422943,16392,1146
28889.310258,2404444659,2404445795,16401,1136
28889.328291,2404458332,2404459476,16397,1144
28889.340308,2404467484,2404468630,16240,1146
28889.352337,2404476600,2404477741,16229,1141
28889.424473,2404531442,2404532585,16300,1143
28889.436498,2404540582,2404541728,16400,1146
28889.448513,2404549712,2404550847,16238,1135
28889.460542,2404558859,2404560006,16274,1147
28889.532680,2404613757,2404614901,16318,1144
28889.544704,2404622901,2404624042,16484,1141
28889.577767,2404648041,2404649192,16318,1151
28889.589789,2404657189,2404658334,16395,1145
28889.625857,2404684620,2404685766,16399,1146
28889.637873,2404693769,2404694915,16190,1146
28889.652910,2404705211,2404706357,16396,1146
28889.664922,2404714318,2404715449,15999,1131
28889.676955,2404723449,2404724591,16323,1142
28889.688978,2404732601,2404733747,16394,1146
28889.737062,2404769191,2404770332,16229,1141
28889.749092,2404778342,2404779482,16317,1140
28889.764113,2404789779,2404790915,16232,1136
28889.809199,2404824025,2404825162,16317,1137
28889.821230,2404833153,2404834304,16319,1151
28889.833251,2404842317,2404843462,16437,1145
28889.845268,2404851468,2404852604,16253,1136
28889.872318,2404871986,2404873123,16217,1137
28889.884350,2404881129,2404882272,16416,1143
28889.896371,2404890266,2404891412,16426,1146
28889.908388,2404899398,2404900534,16248,1136
28889.944456,2404926838,2404927984,16253,1146
28889.956486,2404936034,2404937185,16318,1151
28889.989542,2404961318,2404962469,16257,1151
28890.001570,2404970499,2404971650,16271,1151
28890.044657,2405004857,2405006000,16317,1143
28890.079713,2405029987,2405031118,16254,1131
28890.091744,2405039122,2405040263,16320,1141
28890.103766,2405048264,2405049410,16401,1146
28890.115782,2405057394,2405058534,16233,1140
28890.127811,2405066539,2405067680,16320,1141
28890.148853,2405082477,2405083622,16406,1145
28890.160867,2405091626,2405092772,16227,1146
28890.184921,2405109877,2405111010,16396,1133
28890.196934,2405118983,2405120121,15998,1138
28890.217984,2405134972,2405136103,16341,1131
28890.230007,2405144088,2405145225,16484,1137
28890.242020,2405153185,2405154328,15989,1143
28890.254053,2405162282,2405163424,16357,1142
28890.284108,2405185102,2405186244,16386,1142
28890.296125,2405194315,2405195451,16233,1136
28890.308155,2405203406,2405204548,16351,1142
28890.320177,2405212516,2405213656,16358,1140
28890.332191,2405221624,2405222763,15999,1139
28890.365264,2405246710,2405247845,16401,1135
28890.377277,2405255809,2405256936,16001,1127
28890.401332,2405274033,2405275169,16401,1136
28890.416361,2405285487,2405286638,16413,1151
28890.429886,2405296097,2405297253,16281,1156
28890.441909,2405305286,2405306428,16394,1142
28890.459944,2405318997,2405320139,16479,1142
28890.471957,2405328133,2405329277,16000,1144
28890.489991,2405341882,2405343025,16004,1143
28890.503517,2405352310,2405353459,15998,1149
28890.515548,2405361511,2405362662,16298,1151
28890.527571,2405370667,2405371809,16377,1142
28890.539582,2405379810,2405380956,16040,1146
28890.551619,2405388990,2405390136,16433,1146
28890.563641,2405398148,2405399285,16405,1137
28890.575654,2405407270,2405408419,16000,1149
28890.587685,2405416424,2405417580,16319,1156
28890.599709,2405425623,2405426773,16392,1150
28890.611722,2405434729,2405435867,15954,1138
28890.623756,2405443828,2405444965,16344,1137
28890.684878,2405491638,2405492784,16342,1146
28890.701896,2405503049,2405504187,16065,1138
28890.713926,2405512139,2405513275,16347,1136
28890.725949,2405521580,2405522721,16314,1141
28890.749989,2405539694,2405540843,16046,1149
28890.762016,2405548778,2405549919,16372,1141
28890.789068,2405569184,2405570315,16370,1131
28890.804092,2405580493,2405581636,16047,1143
28890.876229,2405634907,2405636042,16033,1135
28890.888259,2405644007,2405645153,16379,1146
28890.900264,2405653083,2405654226,16078,1143
28890.912302,2405662208,2405663346,16114,1138
28890.924323,2405671308,2405672445,16355,1137
28890.984435,2405716597,2405717732,16035,1135
28890.996465,2405725671,2405726806,16387,1135
28891.095654,2405800492,2405801634,16403,1142
28891.107673,2405809594,2405810726,16347,1132
28891.119689,2405818652,2405819790,16025,1138
28891.131722,2405827726,2405828875,16411,1149
28891.143727,2405836803,2405837943,16086,1140
28891.155761,2405845892,2405847030,16034,1138
28891.167791,2405854979,2405856125,16401,1146
28891.188814,2405870816,2405871950,16074,1134
28891.200847,2405879884,2405881027,16035,1143
28891.212875,2405888974,2405890114,16366,1140
28891.224881,2405898035,2405899173,16080,1138
28891.309059,2405961534,2405962672,16171,1138
28891.321079,2405970911,2405972053,16375,1142
28891.333089,2405979979,2405981122,16077,1143
28891.414247,2406041319,2406042448,16114,1129
28891.426275,2406050361,2406051504,16035,1143
28891.441294,2406061718,2406062854,16082,1136
28891.480378,2406091176,2406092310,16037,1134
28891.492406,2406100261,2406101407,16390,1146
28891.507436,2406111602,2406112740,16182,1138
28891.519456,2406120697,2406121835,16458,1138
28891.531466,2406130000,2406131141,16163,1141
28891.543494,2406139051,2406140189,16034,1138
28891.555528,2406148119,2406149270,16408,1151
28891.567546,2406157194,2406158331,16343,1137
28891.579567,2406166252,2406167380,16040,1128
28891.591595,2406175290,2406176432,16388,1142
28891.624652,2406200206,2406201342,16049,1136
28891.636681,2406209293,2406210430,16393,1137
28891.693785,2406252407,2406253544,16336,1137
28891.705812,2406261472,2406262610,16107,1138
28891.717835,2406270542,2406271680,16382,1138
28891.729843,2406279836,2406280969,16077,1133
28891.838048,2406361351,2406362491,16080,1140
28891.850082,2406370419,2406371557,16112,1138
28891.874116,2406388555,2406389693,16082,1138
28891.886146,2406397623,2406398750,16036,1127
28891.913202,2406417963,2406419088,16033,1125
28891.925229,2406427032,2406428161,16314,1129
28891.937236,2406436215,2406437358,16077,1143
28891.949270,2406445284,2406446420,16038,1136
28891.968329,2406463115,2406464252,16392,1137
28891.991341,2406480601,2406481735,16159,1134
28892.052472,2406536231,2406537379,16109,1148
28892.081512,2406556684,2406557828,16079,1144
28892.093544,2406565734,2406566862,16038,1128
28892.105572,2406574847,2406575979,16401,1132
28892.117579,2406583898,2406585031,16085,1133
28892.132625,2406595230,2406596371,16411,1141
28892.144646,2406604319,2406605455,16365,1136
28892.165682,2406620181,2406621324,16050,1143
28892.177709,2406629268,2406630404,16462,1136
28892.201755,2406647379,2406648527,16182,1148
28892.213778,2406656465,2406657614,16408,1149
28892.225785,2406665552,2406666690,16082,1138
28892.240830,2406676893,2406678039,16474,1146
28892.252844,2406685979,2406687122,16114,1143
28892.264867,2406695051,2406696186,15999,1135
28892.276898,2406704071,2406705208,16407,1137
28892.297922,2406719945,2406721088,16157,1143
28892.309956,2406729010,2406730153,16117,1143
28892.321984,2406738092,2406739228,16471,1136
28892.346025,2406756169,2406757298,16042,1129
28892.358055,2406765456,2406766602,16378,1146
28892.376087,2406779039,2406780184,16387,1145
28892.388094,2406788126,2406789274,16084,1148
28892.400134,2406797205,2406798348,16186,1143
28892.418162,2406810788,2406811926,16037,1138
28892.430190,2406819856,2406820994,16472,1138
28892.484293,2406860637,2406861779,16469,1142
28892.496299,2406869667,2406870819,16076,1152
28892.508336,2406878727,2406879849,16350,1122
28892.553414,2406912673,2406913814,16301,1141
28892.565444,2406921749,2406922899,16352,1150
28892.584483,2406937605,2406938742,16076,1137
28892.649598,2406985099,2406986233,16053,1134
28892.661625,2406994157,2406995282,16132,1125
28892.688673,2407014575,2407015708,16052,1133
28892.703694,2407025916,2407027056,16155,1140
28892.745789,2407057624,2407058759,16379,1135
28892.757798,2407066682,2407067820,16084,1138
28892.769830,2407075766,2407076904,16032,1138
28892.788866,2407091618,2407092755,16384,1137
28892.878032,2407157240,2407158374,15999,1134
28892.890064,2407166320,2407167466,16390,1146
28892.902071,2407175382,2407176514,16080,1132
28892.914105,2407184433,2407185572,16034,1139
28892.926133,2407193519,2407194659,16392,1140
28892.941157,2407204824,2407205962,16115,1138
28892.965191,2407222980,2407224119,16083,1139
28892.977225,2407232240,2407233373,16036,1133
28892.989253,2407241313,2407242450,16388,1137
28893.004277,2407252583,2407253726,16037,1143
28893.016305,2407261689,2407262835,16389,1146
28893.028317,2407270761,2407271883,16118,1122
28893.040345,2407279754,2407280892,16046,1138
28893.055364,2407291083,2407292216,16155,1133
28893.104464,2407329479,2407330608,16375,1129
28893.160578,2407370230,2407371367,16380,1137
28893.172591,2407379304,2407380447,16129,1143
28893.184619,2407388363,2407389499,16054,1136
28893.208654,2407406483,2407407621,16162,1138
28893.220688,2407415555,2407416703,16044,1148
28893.268785,2407451862,2407453004,16469,1142
28893.280791,2407460913,2407462049,16086,1136
28893.292832,2407469944,2407471082,16096,1138
28893.304853,2407479001,2407480142,16391,1141
28893.316860,2407488054,2407489192,16082,1138
28893.379985,2407535514,2407536655,16161,1141
28893.392020,2407544584,2407545727,16103,1143
28893.404039,2407553687,2407554832,16363,1145
28893.416061,2407562809,2407563955,16355,1146
28893.428082,2407571893,2407573031,16041,1138
28893.440108,2407580988,2407582133,16355,1145
28893.521263,2407642122,2407643259,16453,1137
28893.533285,2407651207,2407652341,16440,1134
28893.545304,2407660307,2407661457,16335,1150
28893.560323,2407671668,2407672806,16079,1138
28893.572357,2407680717,2407681855,16057,1138
28893.584385,2407689768,2407690909,16438,1141
28893.596406,2407698963,2407700106,16444,1143
28893.608425,2407708004,2407709136,16131,1132
28893.635477,2407728361,2407729495,16034,1134
28893.647506,2407737410,2407738557,16409,1147
28893.659511,2407746501,2407747639,16083,1138
28893.671546,2407755562,2407756700,16038,1138
28893.683572,2407764608,2407765749,16412,1141
28893.695584,2407773650,2407774791,16132,1141
28893.737676,2407805321,2407806462,16389,1141
28893.749687,2407814416,2407815559,16080,1143
28893.791779,2407846103,2407847248,16359,1145
28893.803800,2407855200,2407856333,16358,1133
28893.815819,2407864275,2407865417,16220,1142
28893.827848,2407873354,2407874480,16385,1126
28893.839862,2407882394,2407883520,16008,1126
28893.851888,2407891435,2407892573,16034,1138
28893.896974,2407925404,2407926544,16120,1140
28893.909004,2407934484,2407935604,16314,1120
28893.948060,2407963912,2407965045,16083,1133
28893.960094,2407972967,2407974085,16243,1118
28893.972122,2407982032,2407983168,16390,1136
28893.984134,2407991055,2407992186,16120,1131
28893.996163,2408000112,2408001249,16041,1137
28894.008187,2408009226,2408010363,16435,1137
28894.020197,2408018268,2408019411,16160,1143
28894.032227,2408027329,2408028457,16284,1128
28894.044259,2408036384,2408037515,16397,1131
28894.056268,2408045389,2408046527,16087,1138
28894.068302,2408054427,2408055570,16057,1143
28894.119386,2408092975,2408094113,16161,1138
28894.131419,2408102012,2408103143,16125,1131
28894.143445,2408111083,2408112203,16198,1120
28894.155455,2408120118,2408121266,16090,1148
28894.167488,2408129196,2408130339,16052,1143
28894.188533,2408145088,2408146234,16371,1146
28894.200540,2408154153,2408155282,16079,1129
28894.215585,2408165457,2408166590,16338,1133
28894.227593,2408174555,2408175688,16082,1133
28894.239621,2408183617,2408184754,16231,1137
28894.251653,2408192676,2408193816,16373,1140
28894.263662,2408201743,2408202880,16080,1137
28894.275691,2408210808,2408211939,15999,1131
28894.287724,2408219862,2408220986,16388,1124
28894.299729,2408228874,2408230012,16001,1138
28894.311763,2408237906,2408239043,16054,1137
28894.323789,2408246978,2408248115,16370,1137
28894.335805,2408256043,2408257181,16053,1138
28894.347828,2408265098,2408266242,16012,1144
28894.359860,2408274164,2408275297,16392,1133
28894.371866,2408283169,2408284303,16084,1134
28894.383905,2408292215,2408293351,16114,1136
28894.401934,2408305775,2408306909,16048,1134
28894.413961,2408314833,2408315965,16381,1132
28894.431995,2408328450,2408329590,16371,1140
28894.444005,2408337505,2408338634,16081,1129
28894.462037,2408351071,2408352205,16072,1134
28894.474071,2408360120,2408361263,16053,1143
28894.492106,2408373736,2408374869,16055,1133
28894.504132,2408382845,2408383985,16372,1140
28894.516140,2408391909,2408393047,16079,1138
28894.534182,2408405492,2408406630,16048,1138
28894.546209,2408414574,2408415712,16053,1138
28894.573260,2408434965,2408436108,16052,1143
28894.585288,2408444075,2408445221,16369,1146
28894.609329,2408462190,2408463325,16040,1135
28894.621357,2408471242,2408472379,16387,1137
28894.633371,2408480352,2408481482,16077,1130
28894.696483,2408527949,2408529093,16081,1144
28894.708518,2408536998,2408538136,16117,1138
28894.729564,2408552844,2408553988,16486,1144
28894.765631,2408580075,2408581226,16472,1151
28894.777642,2408589157,2408590299,16166,1142
28894.792682,2408600455,2408601592,16475,1137
28894.804695,2408609491,2408610634,16239,1143
28894.819734,2408620818,2408621955,16478,1137
28894.831754,2408629911,2408631053,16246,1142
28894.849775,2408643539,2408644672,16077,1133
28894.861809,2408652601,2408653733,16117,1132
28894.876827,2408663926,2408665059,16090,1133
28894.888861,2408672984,2408674115,16047,1131
28894.904902,2408686572,2408687718,16318,1146
28894.921918,2408697910,2408699040,16194,1130
28894.936957,2408709232,2408710350,16214,1118
28894.948963,2408718286,2408719424,16081,1138
28894.985032,2408745453,2408746591,16086,1138
28894.997068,2408754529,2408755674,16260,1145
28895.009094,2408763671,2408764822,16312,1151
28895.021119,2408772826,2408773973,16399,1147
28895.033134,2408781953,2408783104,16232,1151
28895.045163,2408791118,2408792272,16353,1154
28895.111274,2408841226,2408842367,16076,1141
28895.123306,2408850281,2408851419,16054,1138
28895.135335,2408859338,2408860484,16394,1146
28895.147341,2408868375,2408869513,16087,1138
28895.159375,2408877390,2408878510,16053,1120
28895.171403,2408886461,2408887585,16215,1124
28895.207470,2408913591,2408914733,16372,1142
28895.219494,2408922680,2408923821,16356,1141
28895.231507,2408931756,2408932902,16237,1146
28895.243542,2408940866,2408941999,16486,1133
28895.255552,2408949876,2408951014,16240,1138
28895.267580,2408958928,2408960071,16131,1143
28895.279608,2408967991,2408969133,16365,1142
28895.291617,2408977115,2408978253,16082,1138
28895.303649,2408986175,2408987308,16050,1133
28895.315676,2408995248,2408996390,16375,1142
28895.327696,2409004299,2409005440,16126,1141
28895.339718,2409013367,2409014501,16044,1134
28895.351746,2409022401,2409023541,16388,1140
28895.369780,2409035972,2409037110,16404,1138
28895.381791,2409045047,2409046183,16078,1136
28895.432901,2409083533,2409084666,16393,1133
28895.444907,2409092637,2409093770,16086,1133
28895.465958,2409108491,2409109624,16049,1133
28895.477984,2409117534,2409118665,16348,1131
28895.538095,2409162820,2409163960,16036,1140
28895.550121,2409171939,2409173080,16372,1141
28895.562131,2409181002,2409182146,16082,1144
28895.574170,2409190063,2409191206,16109,1143
28895.592198,2409203658,2409204801,16039,1143
28895.604223,2409212737,2409213879,16362,1142
28895.625257,2409228630,2409229774,16042,1144
28895.637283,2409237713,2409238853,16040,1140
28895.649313,2409246775,2409247921,16408,1146
28895.665827,2409259391,2409260527,16163,1136
28895.677856,2409268435,2409269574,16228,1139
28895.695895,2409282027,2409283170,16070,1143
28895.707924,2409291099,2409292244,16406,1145
28895.719929,2409300152,2409301300,16082,1148
28895.743995,2409311816,2409312419,12029,603
28895.757521,2409316875,2409317672,13504,797
28895.769539,2409325571,2409326709,16335,1138
28895.784569,2409336862,2409338005,16347,1143
28895.796590,2409345939,2409347076,16363,1137
28895.811621,2409357281,2409358431,16309,1150
28895.823645,2409366365,2409367495,16325,1130
28895.835657,2409375432,2409376573,16005,1141
28895.847693,2409384525,2409385660,16372,1135
28895.859712,2409393638,2409394778,16364,1140
28895.871733,2409402701,2409403842,16082,1141
28895.883759,2409411801,2409412947,16351,1146
28895.913814,2409434511,2409435647,16433,1136
28895.925831,2409443592,2409444727,16249,1135
28895.937859,2409452694,2409453814,16153,1120
28895.949883,2409461798,2409462944,16384,1146
28895.985952,2409489060,2409490193,16461,1133
28895.997970,2409498128,2409499265,16257,1137
28896.009999,2409507216,2409508353,16427,1137
28896.052069,2409539040,2409540178,16076,1138
28896.064104,2409548205,2409549344,16409,1139
28896.076124,2409557325,2409558461,16399,1136
28896.088138,2409566386,2409567524,16005,1138
28896.106172,2409580058,2409581191,16005,1133
28896.118205,2409589184,2409590320,16320,1136
28896.130228,2409598283,2409599423,16402,1140
28896.172307,2409630078,2409631224,16393,1146
28896.184329,2409639218,2409640353,16466,1135
28896.199358,2409650568,2409651710,16354,1142
28896.232412,2409675595,2409676730,16076,1135
28896.245940,2409684092,2409685209,16003,1117
28896.257970,2409693155,2409694299,16314,1144
28896.269996,2409702282,2409703423,16322,1141
28896.282009,2409711406,2409712547,16237,1141
28896.301057,2409727284,2409728430,16431,1146
28896.313074,2409736419,2409737565,16393,1146
28896.336109,2409752337,2409753474,16005,1137
28896.348142,2409761439,2409762581,16318,1142
28896.360165,2409770557,2409771696,16372,1139
28896.372180,2409779659,2409780789,16240,1130
28896.384211,2409788739,2409789875,16349,1136
28896.396232,2409797829,2409798970,16356,1141
28896.408250,2409806905,2409808040,16022,1135
28896.421288,2409818291,2409819428,16436,1137
28896.456348,2409843282,2409844428,16354,1146
28896.468371,2409852420,2409853561,16324,1141
28896.480386,2409861561,2409862694,16235,1133
28896.492417,2409870658,2409871789,16349,1131
28896.504438,2409879776,2409880904,16379,1128
28896.528486,2409897927,2409899059,16349,1132
28896.540506,2409907001,2409908138,16354,1137
28896.555534,2409918360,2409919482,16146,1122
28896.585592,2409941072,2409942218,16469,1146
28896.597609,2409950221,2409951357,16320,1136
28896.609640,2409959320,2409960456,16334,1136
28896.624658,2409970706,2409971849,16008,1143
28896.636691,2409979808,2409980938,16329,1130
28896.648713,2409988863,2409990009,16393,1146
28896.663743,2410000227,2410001373,16344,1146
28896.675765,2410009373,2410010515,16395,1142
28896.687780,2410018498,2410019644,16234,1146
28896.699811,2410027599,2410028734,16325,1135
28896.711832,2410036722,2410037864,16381,1142
28896.723846,2410045824,2410046962,16004,1138
28896.735880,2410054921,2410056066,16355,1145
28896.747902,2410064016,2410065161,16392,1145
28896.759915,2410073116,2410074251,16003,1135
28896.792986,2410098174,2410099309,16380,1135
28896.805001,2410107277,2410108405,16008,1128
28896.820040,2410118665,2410119802,16409,1137
28896.832052,2410127748,2410128886,16002,1138
28896.844084,2410136864,2410138009,16329,1145
28896.856108,2410145975,2410147116,16396,1141
28896.868126,2410155091,2410156232,16278,1141
28896.880154,2410164219,2410165360,16433,1141
28896.892175,2410173392,2410174532,16378,1140
28896.904190,2410182495,2410183626,16003,1131
28896.916221,2410191610,2410192751,16228,1141
28896.928245,2410200707,2410201858,16401,1151
28896.940261,2410209839,2410210985,16235,1146
28896.952291,2410218938,2410220079,16439,1141
28896.967312,2410230277,2410231423,16232,1146
28896.979343,2410239393,2410240530,16352,1137
28897.015412,2410266729,2410267869,16315,1140
28897.027432,2410275843,2410276985,16385,1142
28897.039447,2410284897,2410286040,16004,1143
28897.051480,2410294032,2410295178,16325,1146
28897.063502,2410303166,2410304312,16324,1146
28897.075515,2410312278,2410313420,16082,1142
28897.087551,2410321439,2410322569,16348,1130
28897.099569,2410330505,2410331650,16382,1145
28897.111591,2410339606,2410340746,16085,1140
28897.123617,2410348709,2410349840,16350,1131
28897.135638,2410357828,2410358967,16383,1139
28897.147653,2410366929,2410368069,16005,1140
28897.165689,2410380592,2410381735,16309,1143
28897.177720,2410389670,2410390817,16356,1147
28897.201755,2410407834,2410408982,16004,1148
28897.213787,2410416944,2410418085,16297,1141
28897.228807,2410428285,2410429428,16000,1143
28897.240839,2410437407,2410438544,16291,1137
28897.255858,2410448824,2410449967,15999,1143
28897.288931,2410473863,2410474999,16481,1136
28897.300948,2410483022,2410484165,16145,1143
28897.312978,2410492077,2410493223,16399,1146
28897.346032,2410517102,2410518248,16249,1146
28897.358063,2410526202,2410527329,16350,1127
28897.370085,2410535309,2410536450,16363,1141
28897.382098,2410544397,2410545534,16080,1137
28897.394132,2410553502,2410554647,16351,1145
28897.406153,2410562646,2410563792,16383,1146
28897.418166,2410571740,2410572878,15998,1138
28897.430200,2410580857,2410581994,16345,1137
28897.451238,2410596812,2410597952,16379,1140
28897.466268,2410608201,2410609351,16321,1150
28897.481290,2410619617,2410620760,16256,1143
28897.496326,2410631006,2410632141,16398,1135
28897.508346,2410640167,2410641301,16091,1134
28897.547424,2410669741,2410670887,16358,1146
28897.559448,2410678854,2410679999,16442,1145
28897.571461,2410688011,2410689152,16234,1141
28897.583492,2410697155,2410698295,16347,1140
28897.595514,2410706259,2410707396,16394,1137
28897.607535,2410715320,2410716458,16086,1138
28897.619560,2410724415,2410725560,16345,1145
28897.655630,2410751655,2410752792,16354,1137
28897.667650,2410760770,2410761916,16377,1146
28897.679664,2410769857,2410770995,16005,1138
28897.691695,2410778951,2410780072,16235,1121
28897.703718,2410788020,2410789171,16435,1151
28897.724753,2410804127,2410805255,16016,1128
28897.736782,2410813230,2410814366,16333,1136
28897.748804,2410822316,2410823455,16379,1139
28897.763835,2410833710,2410834852,16314,1142
28897.775856,2410842794,2410843921,16382,1127
28897.787870,2410851889,2410853037,16006,1148
28897.805914,2410865576,2410866718,16399,1142
28897.817938,2410874684,2410875830,16438,1146
28897.832956,2410886075,2410887219,16001,1144
28897.844989,2410895188,2410896328,16355,1140
28897.866028,2410911113,2410912259,16354,1146
28897.878042,2410920231,2410921374,16005,1143
28897.896078,2410933934,2410935071,16250,1137
28897.908109,2410943033,2410944177,16310,1144
28897.920131,2410952169,2410953306,16396,1137
28897.932145,2410961234,2410962369,16004,1135
28897.944178,2410970315,2410971461,16348,1146
28897.962211,2410984019,2410985155,16308,1136
28898.016313,2411025005,2411026147,16343,1142
28898.028337,2411034122,2411035253,16395,1131
28898.040350,2411043176,2411044319,16000,1143
28898.073422,2411068220,2411069361,16378,1141
28898.085436,2411077308,2411078447,16001,1139
28898.097469,2411086402,2411087538,16344,1136
28898.112487,2411097767,2411098910,15999,1143
28898.124518,2411106900,2411108040,16434,1140
28898.175611,2411145604,2411146751,16111,1147
28898.187638,2411154737,2411155883,16342,1146
28898.199660,2411163862,2411165008,16366,1146
28898.211676,2411172951,2411174086,16015,1135
28898.223707,2411182042,2411183178,16334,1136
28898.235729,2411191152,2411192303,16369,1151
28898.247744,2411200259,2411201399,16017,1140
28898.259777,2411209384,2411210504,16173,1120
28898.271797,2411218471,2411219617,16368,1146
28898.283813,2411227560,2411228703,16019,1143
28898.295845,2411236700,2411237842,16320,1142
28898.307866,2411245797,2411246952,16369,1155
28898.319882,2411254908,2411256046,16019,1138
28898.392019,2411309493,2411310626,16019,1133
28898.404051,2411318591,2411319736,16397,1145
28898.416072,2411327699,2411328836,16366,1137
28898.428088,2411336770,2411337904,16017,1134
28898.440117,2411345875,2411347000,16166,1125
28898.452141,2411354967,2411356104,16330,1137
28898.464156,2411364071,2411365206,16015,1135
28898.482190,2411377738,2411378876,16016,1138
28898.494222,2411386840,2411387971,16342,1131
28898.524279,2411409573,2411410730,16384,1157
28898.536293,2411418701,2411419840,16096,1139
28898.548325,2411427785,2411428921,16436,1136
28898.599420,2411466370,2411467508,16171,1138
28898.611445,2411475483,2411476634,16320,1151
28898.623466,2411484577,2411485710,16360,1133
28898.641500,2411498211,2411499345,16368,1134
28898.653519,2411507324,2411508464,16245,1140
28898.665546,2411516431,2411517577,16315,1146
28898.677570,2411525560,2411526700,16384,1140
28898.689581,2411534635,2411535762,15961,1127
28898.708635,2411550501,2411551643,16346,1142
28898.731673,2411566440,2411567581,16380,1141
28898.743688,2411575560,2411576704,16003,1144
28898.755719,2411584649,2411585795,16399,1146
28898.767742,2411593766,2411594903,16385,1137
28898.791790,2411611965,2411613109,16347,1144
28898.803810,2411621086,2411622232,16380,1146
28898.815825,2411630194,2411631327,16004,1133
28898.827858,2411639303,2411640445,16346,1142
28898.839879,2411648400,2411649540,16386,1140
28898.851896,2411657518,2411658664,16234,1146
28898.863924,2411666631,2411667756,16150,1125
28898.881960,2411680272,2411681414,16347,1142
28898.893982,2411689369,2411690507,16380,1138
28898.921033,2411709804,2411710946,16380,1142
28898.933048,2411718887,2411720030,16002,1143
28898.945078,2411728020,2411729166,16348,1146
28898.957101,2411737167,2411738307,16370,1140
28898.972131,2411748558,2411749691,16325,1133
28898.984152,2411757631,2411758777,16370,1146
28898.996174,2411766758,2411767891,16083,1133
28899.008199,2411775875,2411777019,16353,1144
28899.026233,2411789529,2411790676,16336,1147
28899.038256,2411798657,2411799797,16384,1140
28899.050273,2411807752,2411808893,16259,1141
28899.092359,2411839672,2411840814,16376,1142
28899.104376,2411848813,2411849957,16232,1144
28899.128428,2411867008,2411868159,16384,1151
28899.140442,2411876116,2411877264,15994,1148
28899.161491,2411892088,2411893225,16432,1137
28899.173512,2411901184,2411902316,16373,1132
28899.209581,2411928527,2411929672,16453,1145
28899.221596,2411937627,2411938763,16015,1136
28899.239631,2411951255,2411952393,16019,1138
28899.251661,2411960391,2411961537,16315,1146
28899.263683,2411969507,2411970644,16363,1137
28899.275699,2411978588,2411979737,16018,1149
28899.287731,2411987711,2411988857,16351,1146
28899.299753,2411996799,2411997945,16372,1146
28899.323800,2412014981,2412016126,16352,1145
28899.335822,2412024098,2412025244,16382,1146
28899.347839,2412033232,2412034368,16264,1136
28899.359870,2412042355,2412043492,16348,1137
28899.371892,2412051462,2412052599,16399,1137
28899.383905,2412060546,2412061685,15999,1139
28899.395938,2412069628,2412070770,16311,1142
28899.407960,2412078739,2412079879,16294,1140
28899.419974,2412087820,2412088958,15998,1138
28899.432006,2412096906,2412098041,16325,1135
28899.444030,2412105967,2412107108,16331,1141
28899.465059,2412121914,2412123063,15998,1149
28899.477092,2412131022,2412132168,16347,1146
28899.501128,2412149230,2412150369,16082,1139
28899.513162,2412158336,2412159473,16353,1137
28899.528180,2412169710,2412170853,16002,1143
28899.540212,2412178825,2412179971,16334,1146
28899.552236,2412187956,2412189093,16462,1137
28899.570269,2412201781,2412202918,16471,1137
28899.582283,2412210883,2412212018,15962,1135
28899.624371,2412242762,2412243895,16385,1133
28899.636385,2412251867,2412253005,15961,1138
28899.648420,2412261002,2412262122,16171,1120
28899.684488,2412288320,2412289461,16346,1141
28899.696510,2412297439,2412298585,16398,1146
28899.720554,2412315646,2412316759,16148,1113
28899.732578,2412324715,2412325861,16406,1146
28899.753608,2412340643,2412341775,16003,1132
28899.765640,2412349792,2412350933,16347,1141
28899.804712,2412379336,2412380481,16364,1145
28899.816728,2412388405,2412389538,16018,1133
28899.828760,2412397482,2412398619,16346,1137
28899.840777,2412406766,2412407909,16263,1143
28899.855811,2412418119,2412419260,16379,1141
28899.867820,2412427207,2412428350,16086,1143
28899.912905,2412461205,2412462348,16082,1143
28899.924937,2412470264,2412471380,16237,1116
28899.957990,2412495196,2412496339,16081,1143
28899.970023,2412504270,2412505418,16132,1148
28899.994060,2412522434,2412523577,16085,1143
28900.006092,2412531467,2412532597,16121,1130
28900.018120,2412540505,2412541642,16470,1137
28900.060191,2412572200,2412573341,16073,1141
28900.072225,2412581366,2412582511,16324,1145
28900.084247,2412590499,2412591648,16405,1149
28900.096257,2412599627,2412600763,15966,1136
28900.108294,2412608744,2412609901,16434,1157
28900.135345,2412629315,2412630462,16357,1147
28900.147351,2412638424,2412639562,16087,1138
28900.159384,2412647483,2412648621,16042,1138
28900.171413,2412656606,2412657743,16391,1137
28900.240533,2412708744,2412709885,16216,1141
28900.252563,2412717849,2412718995,16261,1146
28900.264573,2412726923,2412728061,16083,1138
28900.288634,2412745073,2412746213,16359,1140
28900.300641,2412754115,2412755248,16086,1133
28900.327703,2412774469,2412775606,16119,1137
28900.339721,2412783539,2412784688,16211,1149
28900.351754,2412792615,2412793752,16295,1137
28900.363761,2412801681,2412802818,16086,1137
28900.375791,2412810771,2412811899,16034,1128
28900.387823,2412819836,2412820969,16287,1133
28900.399841,2412828949,2412830086,16283,1137
28900.411863,2412837995,2412839133,16055,1138
28900.423889,2412847100,2412848224,16317,1124
28900.435905,2412856125,2412857256,16052,1131
28900.447932,2412865199,2412866334,16068,1135
28900.465967,2412878790,2412879928,16045,1138
28900.477993,2412887832,2412888972,16369,1140
28900.490001,2412896850,2412897991,16164,1141
28900.502036,2412905943,2412907062,16067,1119
28900.514065,2412914995,2412916109,16227,1114
28900.526071,2412924032,2412925170,16079,1138
28900.538099,2412933105,2412934247,16257,1142
28900.553123,2412944462,2412945600,16077,1138
28900.565155,2412953516,2412954659,16039,1143
28900.592207,2412973892,2412975027,16036,1135
28900.604236,2412982966,2412984108,16393,1142
28900.622269,2412996558,2412997693,16384,1135
28900.634283,2413005616,2413006744,16038,1128
28900.700413,2413055419,2413056552,16033,1133
28900.712439,2413064528,2413065648,16120,1120
28900.727464,2413075807,2413076938,16114,1131
28900.739491,2413084884,2413085999,16211,1115
28900.751498,2413093922,2413095060,16087,1138
28900.769533,2413107532,2413108666,16160,1134
28900.781569,2413116601,2413117744,16080,1143
28900.793595,2413125654,2413126805,16384,1151
28900.805616,2413134722,2413135863,16363,1141
28900.841671,2413161955,2413163083,15994,1128
28900.853704,2413171005,2413172143,15957,1138
28900.865731,2413180113,2413181232,16199,1119
28900.877738,2413189126,2413190264,16040,1138
28900.904790,2413209521,2413210649,16084,1128
28900.916823,2413218589,2413219730,16241,1141
28900.979948,2413266140,2413267283,16199,1143
28900.991972,2413275250,2413276383,16374,1133
28901.003981,2413284336,2413285469,16085,1133
28901.016009,2413293405,2413294532,16000,1127
28901.121202,2413372735,2413373868,16165,1133
28901.133230,2413381820,2413382957,16227,1137
28901.145265,2413390888,2413392004,16192,1116
28901.160287,2413402189,2413403323,15997,1134
28901.172315,2413411258,2413412407,16388,1149
28901.187339,2413422525,2413423668,16033,1143
28901.229415,2413454323,2413455466,16038,1143
28901.241441,2413463397,2413464527,16042,1130
28901.253469,2413472455,2413473596,16390,1141
28901.331608,2413531314,2413532460,16297,1146
28901.343641,2413540384,2413541517,16389,1133
28901.355650,2413549418,2413550560,16169,1142
28901.367681,2413558491,2413559622,16064,1131
28901.379710,2413567534,2413568662,16468,1128
28901.391716,2413576545,2413577674,16120,1129
28901.403750,2413585795,2413586939,16036,1144
28901.421784,2413599363,2413600505,16037,1142
28901.433813,2413608461,2413609603,16397,1142
28901.448836,2413619737,2413620885,16050,1148
28901.463854,2413631065,2413632204,16077,1139
28901.549021,2413696755,2413697896,16395,1141
28901.578087,2413717219,2413718365,16384,1146
28901.590095,2413726314,2413727457,16089,1143
28901.602129,2413735379,2413736512,15955,1133
28901.641206,2413764839,2413765980,16400,1141
28901.653227,2413773901,2413775038,16318,1137
28901.674268,2413789740,2413790883,16116,1143
28901.686294,2413798815,2413799924,16236,1109
28901.761431,2413855388,2413856521,16371,1133
28901.773460,2413864434,2413865573,16112,1139
28901.785482,2413873486,2413874615,16355,1129
28901.797488,2413882507,2413883638,16083,1131
28901.809524,2413891559,2413892702,16039,1143
28901.821550,2413900652,2413901797,16474,1145
28901.863625,2413932348,2413933475,16133,1127
28901.875651,2413941404,2413942550,16399,1146
28901.887661,2413950469,2413951598,16161,1129
28901.899693,2413959511,2413960649,16122,1138
28901.911723,2413968545,2413969657,16317,1112
28901.932746,2413984367,2413985495,16155,1128
28901.944775,2413993418,2413994552,16116,1134
28901.977830,2414018341,2414019467,16159,1126
28901.989865,2414027387,2414028530,16068,1143
28902.004882,2414038701,2414039830,16083,1129
28902.016916,2414047739,2414048875,15999,1136
28902.080036,2414095168,2414096313,16027,1145
28902.092064,2414104317,2414105462,16351,1145
28902.116104,2414122398,2414123531,16129,1133
28902.128133,2414131481,2414132616,16477,1135
28902.140152,2414140515,2414141662,16403,1147
28902.161190,2414156351,2414157468,16253,1117
28902.173217,2414165379,2414166523,16441,1144
28902.188242,2414176739,2414177886,16056,1147
28902.200269,2414185820,2414186966,16383,1146
28902.212280,2414194873,2414196000,16078,1127
28902.224309,2414203908,2414205039,16353,1131
28902.236337,2414212973,2414214105,16378,1132
28902.248358,2414222044,2414223181,16322,1137
28902.260376,2414231107,2414232248,16231,1141
28902.281424,2414246956,2414248102,16392,1146
28902.293433,2414256011,2414257144,16090,1133
28902.305465,2414265129,2414266273,16307,1144
28902.317494,2414274194,2414275331,16301,1137
28902.377602,2414319452,2414320590,16070,1138
28902.389630,2414328513,2414329650,16391,1137
28902.401639,2414337600,2414338725,16047,1125
28902.413669,2414346654,2414347791,16222,1137
28902.425700,2414355777,2414356918,16369,1141
28902.437707,2414364882,2414366024,16089,1142
28902.504844,2414417119,2414418265,16389,1146
28902.600016,2414487486,2414488624,16090,1138
28902.612047,2414496588,2414497729,16227,1141
28902.624079,2414505717,2414506854,16480,1137
28902.642111,2414519348,2414520493,16365,1145
28902.654123,2414528402,2414529534,16083,1132
28902.711235,2414571572,2414572717,16216,1145
28902.726256,2414582966,2414584099,16088,1133
28902.813437,2414648692,2414649833,16386,1141
28902.825445,2414657756,2414658890,16085,1134
28902.837476,2414666900,2414668029,16234,1129
28902.888563,2414705492,2414706634,16093,1142
28902.900595,2414714608,2414715749,16221,1141
28902.916639,2414728233,2414729379,16217,1146
28902.951685,2414753255,2414754392,16090,1137
28902.963719,2414762344,2414763463,16017,1119
28902.981750,2414775970,2414777116,16223,1146
28902.993779,2414785065,2414786206,16361,1141
28903.017815,2414803238,2414804379,16216,1141
28903.029850,2414812351,2414813493,16358,1142
28903.041856,2414821606,2414822741,16003,1135
28903.053887,2414830685,2414831821,16181,1136
28903.129038,2414887487,2414888627,16385,1140
28903.141056,2414896601,2414897743,16348,1142
28903.231222,2414964655,2414965782,16123,1127
28903.246260,2414976051,2414977189,16368,1138
28903.333418,2415041963,2415043104,16231,1141
28903.345449,2415051059,2415052194,16386,1135
28903.399552,2415091927,2415093064,16392,1137
28903.411565,2415100992,2415102130,16006,1138
28903.423590,2415110099,2415111236,16228,1137
28903.441624,2415123655,2415124785,16307,1130
28903.453655,2415133015,2415134160,16366,1145
28903.480705,2415153506,2415154652,16364,1146
28903.492713,2415162625,2415163763,16083,1138
28903.507757,2415174002,2415175147,16462,1145
28903.544826,2415203546,2415204694,16083,1148
28903.624980,2415262622,2415263759,16383,1137
28903.636988,2415271706,2415272839,16095,1133
28903.649018,2415280773,2415281914,16237,1141
28903.661049,2415290132,2415291273,16390,1141
28903.721156,2415335642,2415336785,16222,1143
28903.733186,2415344734,2415345869,16391,1135
28903.754211,2415360631,2415361759,16084,1128
28903.769254,2415372024,2415373155,16349,1131
28903.781263,2415381079,2415382200,16091,1121
28903.856419,2415437701,2415438847,16295,1146
28903.868442,2415447067,2415448204,16352,1137
28903.883465,2415458429,2415459564,16233,1135
28903.913529,2415481156,2415482297,16350,1141
28903.925536,2415490235,2415491383,16086,1148
28903.937568,2415499343,2415500471,16235,1128
28903.949597,2415508460,2415509597,16334,1137
28903.967631,2415522096,2415523234,16357,1138
28903.979640,2415531197,2415532335,16085,1138
28904.012718,2415556157,2415557302,16394,1145
28904.024726,2415565243,2415566377,16086,1134
28904.036756,2415574349,2415575493,16262,1144
28904.051781,2415585703,2415586846,16171,1143
28904.063808,2415594831,2415595967,16251,1136
28904.075837,2415603929,2415605071,16356,1142
28904.087850,2415612999,2415614142,16088,1143
28904.099876,2415622084,2415623221,16226,1137
28904.111907,2415631190,2415632336,16384,1146
28904.123914,2415640263,2415641407,16089,1144
28904.135944,2415649382,2415650529,16323,1147
28904.147975,2415658471,2415659612,16473,1141
28904.159993,2415667563,2415668704,16436,1141
28904.172010,2415676656,2415677794,16189,1138
28904.184044,2415685728,2415686868,16396,1140
28904.196051,2415694815,2415695953,16091,1138
28904.208081,2415703932,2415705069,16248,1137
28904.220112,2415712999,2415714137,16382,1138
28904.238147,2415726630,2415727776,16469,1146
28904.250154,2415735724,2415736852,16168,1128
28904.265195,2415747122,2415748273,16343,1151
28904.277206,2415756268,2415757411,16087,1143
28904.298253,2415772152,2415773293,16228,1141
28904.404469,2415853938,2415855080,16214,1142
28904.424494,2415867577,2415868723,16224,1146
28904.439514,2415878876,2415880002,16082,1126
28904.472592,2415903822,2415904965,16387,1143
28904.484598,2415912898,2415914029,16166,1131
28904.496630,2415921993,2415923125,16304,1132
28904.508662,2415931074,2415932220,16489,1146
28904.616867,2416012825,2416013967,16471,1142
28904.628874,2416021922,2416023062,16164,1140
28904.640905,2416030989,2416032113,16212,1124
28904.679988,2416060452,2416061590,16399,1138
28904.698021,2416074078,2416075219,16466,1141
28904.710029,2416083196,2416084334,16165,1138
28904.725073,2416094578,2416095715,16374,1137
28904.737080,2416103671,2416104813,16086,1142
28904.827252,2416171770,2416172908,16092,1138
28904.839283,2416180871,2416182002,16230,1131
28904.851314,2416187122,2416187941,14297,819
28904.863339,2416192600,2416193214,12646,614
28904.885879,2416205588,2416206721,16402,1133
28904.897902,2416214671,2416215820,16308,1149
28904.909924,2416223743,2416224875,16316,1132
28904.921946,2416232799,2416233937,16385,1138
28904.933963,2416241911,2416243045,16254,1134
28904.945993,2416251001,2416252134,16297,1133
28904.970031,2416269207,2416270344,16235,1137
28904.982060,2416278325,2416279463,16312,1138
28905.006100,2416296548,2416297694,16235,1146
28905.018130,2416305697,2416306831,16313,1134
28905.033152,2416317092,2416318227,16218,1135
28905.045180,2416326214,2416327365,16319,1151
28905.075238,2416349062,2416350208,16380,1146
28905.090267,2416360485,2416361631,16314,1146
28905.105295,2416372010,2416373161,16320,1151
28905.117317,2416381191,2416382337,16317,1146
28905.129340,2416390357,2416391505,16318,1148
28905.141364,2416399562,2416400708,16315,1146
28905.153387,2416408761,2416409916,16324,1155
28905.168415,2416420288,2416421443,16324,1155
28905.183445,2416431743,2416432889,16403,1146
28905.195467,2416440871,2416442017,16312,1146
28905.207491,2416449990,2416451136,16324,1146
28905.219512,2416459130,2416460269,16389,1139
28905.231528,2416468282,2416469413,16249,1131
28905.243559,2416477405,2416478547,16322,1142
28905.255582,2416486538,2416487679,16318,1141
28905.267600,2416495644,2416496780,16174,1136
28905.279626,2416504783,2416505924,16321,1141
28905.291651,2416513914,2416515051,16398,1137
28905.304678,2416525341,2416526487,16307,1146
28905.351762,2416559562,2416560707,16313,1145
28905.365289,2416568048,2416569171,16314,1123
28905.377311,2416577119,2416578257,16379,1138
28905.392339,2416588502,2416589631,16313,1129
28905.404362,2416597622,2416598759,16324,1137
28905.416380,2416606753,2416607889,16203,1136
28905.428409,2416615883,2416617029,16320,1146
28905.440431,2416625015,2416626161,16454,1146
28905.452449,2416634123,2416635258,16333,1135
28905.464476,2416643261,2416644402,16326,1141
28905.476501,2416652396,2416653542,16471,1146
28905.497534,2416668384,2416669530,16262,1146
28905.509564,2416677510,2416678652,16319,1142
28905.527599,2416691193,2416692318,16296,1125
28905.539620,2416700289,2416701435,16381,1146
28905.551637,2416709462,2416710609,16318,1147
28905.563666,2416718601,2416719742,16319,1141
28905.575691,2416727713,2416728850,16378,1137
28905.599736,2416745998,2416747139,16399,1141
28905.611759,2416755148,2416756294,16404,1146
28905.623774,2416764325,2416765471,16203,1146
28905.665862,2416796299,2416797440,16397,1141
28905.677880,2416805407,2416806553,16282,1146
28905.689906,2416814555,2416815691,16315,1136
28905.704929,2416825969,2416827106,16250,1137
28905.721465,2416838741,2416839881,16323,1140
28905.733490,2416847867,2416849002,16365,1135
28905.748518,2416859284,2416860430,16315,1146
28905.760539,2416868430,2416869578,16259,1148
28905.772557,2416877571,2416878717,16260,1146
28905.808626,2416904942,2416906081,16268,1139
28905.820654,2416914043,2416915189,16314,1146
28905.832678,2416923144,2416924290,16445,1146
28905.844694,2416932294,2416933429,16271,1135
28905.877763,2416957432,2416958578,16379,1146
28905.889786,2416966577,2416967715,16314,1138
28905.901809,2416975692,2416976836,16321,1144
28905.913831,2416984820,2416985966,16369,1146
28905.937880,2417003346,2417004492,16310,1146
28905.949902,2417012482,2417013623,16398,1141
28905.973948,2417030745,2417031891,16315,1146
28905.985969,2417039906,2417041047,16383,1141
28906.013021,2417060480,2417061615,16426,1135
28906.025037,2417069629,2417070766,16333,1137
28906.041082,2417083338,2417084484,16182,1146
28906.064117,2417099320,2417100466,16224,1146
28906.076142,2417108464,2417109604,16315,1140
28906.088165,2417117559,2417118700,16313,1141
28906.100190,2417126719,2417127842,16336,1123
28906.112211,2417135822,2417136968,16376,1146
28906.124228,2417144978,2417146124,16249,1146
28906.137257,2417156399,2417157540,16319,1141
28906.169312,2417179203,2417180342,16235,1139
28906.181341,2417188331,2417189473,16311,1142
28906.229434,2417224795,2417225937,16402,1142
28906.241449,2417233917,2417235057,16254,1140
28906.253478,2417243035,2417244186,16312,1151
28906.268501,2417254465,2417255614,16250,1149
28906.280529,2417263620,2417264761,16231,1141
28906.295552,2417275026,2417276167,16244,1141
28906.313586,2417288707,2417289841,16234,1134
28906.325617,2417297826,2417298972,16318,1146
28906.337639,2417306967,2417308118,16322,1151
28906.349658,2417316103,2417317239,16347,1136
28906.361684,2417325258,2417326403,16317,1145
28906.440840,2417386854,2417388000,16313,1146
28906.457860,2417398268,2417399414,16250,1146
28906.469891,2417407404,2417408556,16313,1152
28906.481914,2417416510,2417417652,16394,1142
28906.505960,2417434751,2417435886,16296,1135
28906.517982,2417443855,2417444999,16397,1144
28906.533011,2417455303,2417456439,16276,1136
28906.545034,2417464458,2417465600,16401,1142
28906.557052,2417473601,2417474747,16253,1146
28906.572084,2417485019,2417486165,16383,1146
28906.584107,2417494115,2417495260,16319,1145
28906.605148,2417510071,2417511217,16332,1146
28906.617171,2417519215,2417520362,16313,1147
28906.629187,2417528354,2417529484,16130,1130
28906.641216,2417537422,2417538578,16306,1156
28906.653238,2417546539,2417547672,16386,1133
28906.665255,2417555649,2417556794,16249,1145
28906.677285,2417564786,2417565928,16314,1142
28906.689308,2417573912,2417575052,16314,1140
28906.701324,2417583021,2417584160,16237,1139
28906.713352,2417592160,2417593301,16319,1141
28906.740407,2417612714,2417613852,16335,1138
28906.752427,2417621811,2417622949,16390,1138
28906.767456,2417633192,2417634327,16315,1135
28906.779480,2417642341,2417643476,16404,1135
28906.791495,2417651475,2417652615,16235,1140
28906.809530,2417665143,2417666285,16234,1142
28906.821559,2417674234,2417675371,16228,1137
28906.845598,2417692519,2417693655,16253,1136
28906.857628,2417701650,2417702787,16315,1137
28906.869652,2417710785,2417711923,16404,1138
28906.881673,2417719939,2417721076,16313,1137
28906.920749,2417749561,2417750707,16319,1146
28906.932771,2417758692,2417759838,16320,1146
28906.944787,2417767804,2417768937,16232,1133
28906.959821,2417779192,2417780333,16386,1141
28906.971838,2417788324,2417789461,16256,1137
28906.983866,2417797464,2417798609,16327,1145
28907.016924,2417822588,2417823739,16249,1151
28907.028953,2417831711,2417832850,16262,1139
28907.049993,2417847678,2417848809,16387,1131
28907.062010,2417856806,2417857943,16251,1137
28907.074038,2417865937,2417867074,16314,1137
28907.086060,2417875065,2417876208,16376,1143
28907.152181,2417925330,2417926476,16253,1146
28907.164210,2417934462,2417935599,16314,1137
28907.176235,2417943582,2417944717,16315,1135
28907.197267,2417959563,2417960709,16245,1146
28907.209298,2417968681,2417969826,16322,1145
28907.224321,2417980096,2417981236,16362,1140
28907.281435,2418023514,2418024653,16328,1139
28907.293456,2418032657,2418033798,16472,1141
28907.311491,2418046350,2418047491,16395,1141
28907.323507,2418055475,2418056615,16238,1140
28907.335537,2418064618,2418065765,16317,1147
28907.353570,2418078341,2418079482,16309,1141
28907.365595,2418087483,2418088624,16314,1141
28907.389641,2418105708,2418106855,16321,1147
28907.401664,2418114864,2418116005,16297,1141
28907.413679,2418124016,2418125162,16238,1146
28907.425709,2418133159,2418134298,16291,1139
28907.437732,2418142296,2418143436,16400,1140
28907.491833,2418183388,2418184534,16387,1146
28907.503850,2418192513,2418193643,16254,1130
28907.515880,2418201623,2418202764,16322,1141
28907.527903,2418210762,2418211904,16320,1142
28907.539918,2418219915,2418221052,16147,1137
28907.560966,2418235908,2418237049,16312,1141
28907.572989,2418245137,2418246267,16357,1130
28907.597035,2418263420,2418264566,16320,1146
28907.609056,2418272555,2418273689,16384,1134
28907.624086,2418283996,2418285132,16319,1136
28907.678189,2418325068,2418326201,16322,1133
28907.690211,2418334190,2418335331,16398,1141
28907.702227,2418343316,2418344453,16335,1137
28907.714258,2418352481,2418353620,16321,1139
28907.768360,2418393521,2418394667,16315,1146
28907.780382,2418402690,2418403836,16296,1146
28907.792399,2418411816,2418412962,16257,1146
28907.804429,2418420976,2418422113,16229,1137
28907.873558,2418473515,2418474661,16313,1146
28907.885582,2418482649,2418483789,16318,1140
28907.897606,2418491803,2418492943,16402,1140
28907.909622,2418500960,2418502097,16239,1137
28907.921650,2418510081,2418511224,16377,1143
28907.975753,2418551162,2418552308,16320,1146
28907.987777,2418560379,2418561530,16292,1151
28908.012823,2418580936,2418582078,16402,1142
28908.041879,2418601485,2418602636,16357,1151
28908.053896,2418610632,2418611779,16253,1147
28908.065925,2418619768,2418620914,16303,1146
28908.077948,2418628931,2418630082,16386,1151
28908.089965,2418638087,2418639223,16247,1136
28908.101994,2418647215,2418648360,16316,1145
28908.121029,2418663189,2418664330,16324,1141
28908.138064,2418674629,2418675775,16335,1146
28908.150085,2418683761,2418684904,16473,1143
28908.168121,2418697473,2418698619,16486,1146
28908.180136,2418706612,2418707753,16321,1141
28908.192163,2418715778,2418716924,16314,1146
28908.210198,2418729492,2418730630,16307,1138
28908.222221,2418738618,2418739764,16320,1146
28908.234242,2418747737,2418748880,16297,1143
28908.244328,2418756870,2418758010,16313,1140
28908.258289,2418766019,2418767165,16366,1146
28908.327422,2418818555,2418819692,16319,1137
28908.339445,2418827665,2418828811,16395,1146
28908.351461,2418836795,2418837934,16267,1139
28908.369502,2418850463,2418851614,16306,1151
28908.381525,2418859622,2418860758,16315,1136
28908.400561,2418875625,2418876762,16391,1137
28908.436629,2418903029,2418904176,16385,1147
28908.483721,2418937319,2418938463,16401,1144
28908.495736,2418946461,2418947603,16152,1142
28908.507765,2418955606,2418956748,16314,1142
28908.519788,2418964744,2418965890,16323,1146
28908.540822,2418980743,2418981889,16254,1146
28908.552852,2418989888,2418991034,16316,1146
28908.564875,2418999022,2419000163,16356,1141
28908.588920,2419017267,2419018402,16319,1135
28908.600944,2419026376,2419027508,16486,1132
28908.624990,2419044571,2419045707,16314,1136
28908.637011,2419053704,2419054850,16428,1146
28908.649028,2419062841,2419063982,16244,1141
28908.661058,2419071961,2419073107,16314,1146
28908.673081,2419081099,2419082232,16406,1133
28908.712151,2419110715,2419111857,16271,1142
28908.724178,2419119855,2419120991,16318,1136
28908.736201,2419128971,2419130116,16375,1145
28908.748217,2419138125,2419139260,16255,1135
28908.760245,2419147253,2419148389,16316,1136
28908.772270,2419156383,2419157529,16403,1146
28908.784285,2419165497,2419166643,16243,1146
28908.796314,2419174674,2419175820,16325,1146
28908.808338,2419183798,2419184932,16397,1134
28908.844405,2419211191,2419212337,16382,1146
28908.856422,2419220333,2419221473,16333,1140
28908.868451,2419229481,2419230618,16326,1137
28908.904521,2419256906,2419258047,16319,1141
28908.916543,2419266046,2419267185,16278,1139
28908.961628,2419300334,2419301480,16384,1146
28908.973645,2419309464,2419310603,16231,1139
28908.985674,2419318566,2419319707,16401,1141
28909.003708,2419332261,2419333393,16314,1132
28909.015732,2419341423,2419342567,16313,1144
28909.027748,2419350542,2419351683,16261,1141
28909.045782,2419364207,2419365345,16333,1138
28909.057812,2419373347,2419374493,16400,1146
28909.069836,2419382488,2419383636,16491,1148
28909.081851,2419391631,2419392771,16320,1140
28909.093880,2419400771,2419401917,16305,1146
28909.105899,2419410125,2419411265,16432,1140
28909.117920,2419419237,2419420370,16252,1133
28909.129950,2419428367,2419429513,16368,1146
28909.172023,2419460238,2419461376,16254,1138
28909.184051,2419469342,2419470488,16359,1146
28909.196071,2419478444,2419479590,16350,1146
28909.208091,2419487580,2419488713,16218,1133
28909.220122,2419496711,2419497857,16374,1146
28909.232139,2419505831,2419506972,16349,1141
28909.244162,2419514933,2419516084,16269,1151
28909.256190,2419524073,2419525214,16373,1141
28909.268209,2419533178,2419534324,16450,1146
28909.280228,2419542311,2419543441,16258,1130
28909.298262,2419555972,2419557117,16237,1145
28909.310293,2419565100,2419566241,16372,1141
28909.373410,2419612865,2419614010,16333,1145
28909.385420,2419621925,2419623068,16090,1143
28909.412477,2419642466,2419643606,16080,1140
28909.424502,2419651565,2419652698,16252,1133
28909.436532,2419660668,2419661806,16269,1138
28909.488623,2419701579,2419702714,16385,1135
28909.577792,2419767594,2419768734,16284,1140
28909.589824,2419776726,2419777862,16448,1136
28909.601832,2419785808,2419786951,16118,1143
28909.619877,2419799480,2419800621,16347,1141
28909.631897,2419808639,2419809788,16247,1149
28909.643927,2419817760,2419818901,16365,1141
28909.661960,2419831388,2419832528,16366,1140
28909.673969,2419840484,2419841617,16089,1133
28909.698030,2419858718,2419859865,16369,1147
28909.710047,2419867847,2419868993,16255,1146
28909.770167,2419913460,2419914599,16352,1139
28909.785188,2419924821,2419925955,16230,1134
28909.797219,2419933896,2419935035,16491,1139
28909.824269,2419954375,2419955511,16374,1136
28909.836289,2419963567,2419964704,16359,1137
28909.848308,2419972693,2419973830,16336,1137
28909.896407,2420009118,2420010259,16375,1141
28909.908424,2420018222,2420019363,16269,1141
28909.959527,2420057057,2420058198,16461,1141
28909.971546,2420066137,2420067268,16411,1131
28909.983566,2420075245,2420076388,16315,1143
28910.004614,2420091222,2420092369,16479,1147
28910.016633,2420100363,2420101502,16454,1139
28910.028651,2420109438,2420110579,16243,1141
28910.040682,2420118544,2420119682,16420,1138
28910.052700,2420127679,2420128820,16352,1141
28910.064720,2420136805,2420137953,16237,1148
28910.109806,2420171025,2420172173,16256,1148
28910.121836,2420180238,2420181379,16328,1141
28910.151894,2420203151,2420204297,16407,1146
28910.163909,2420212319,2420213465,16257,1146
28910.175939,2420221485,2420222636,16319,1151
28910.187961,2420230671,2420231815,16395,1144
28910.199977,2420239822,2420240959,16235,1137
28910.212008,2420248911,2420250048,16397,1137
28910.224030,2420257999,2420259143,16373,1144
28910.236042,2420267159,2420268275,16064,1116
28910.248076,2420276251,2420277391,16358,1140
28910.260096,2420285320,2420286453,16375,1133
28910.272114,2420294405,2420295551,16239,1146
28910.293162,2420310331,2420311465,16494,1134
28910.305179,2420319428,2420320574,16268,1146
28910.326218,2420335403,2420336537,16244,1134
28910.344247,2420349089,2420350211,16100,1122
28910.356281,2420358183,2420359324,16382,1141
28910.368301,2420367259,2420368400,16327,1141
28910.380316,2420376360,2420377476,16024,1116
28910.392351,2420385439,2420386580,16370,1141
28910.428420,2420412688,2420413833,16501,1145
28910.443438,2420424120,2420425233,16035,1113
28910.455470,2420433392,2420434527,16382,1135
28910.467488,2420442495,2420443632,16350,1137
28910.479504,2420451589,2420452709,16020,1120
28910.491539,2420460703,2420461839,16374,1136
28910.503556,2420469783,2420470929,16200,1146
28910.521590,2420483422,2420484563,16351,1141
28910.533606,2420492520,2420493636,15938,1116
28910.632796,2420567597,2420568717,16020,1120
28910.644834,2420576676,2420577820,16505,1144
28910.728985,2420640297,2420641430,16337,1133
28910.741006,2420649433,2420650574,16238,1141
28910.756035,2420660816,2420661962,16359,1146
28910.792105,2420688093,2420689231,16339,1138
28910.804126,2420697197,2420698339,16249,1142
28910.816156,2420706303,2420707444,16411,1141
28910.828175,2420715393,2420716524,16360,1131
28910.840193,2420724489,2420725601,16045,1112
28910.852225,2420733549,2420734693,16405,1144
28910.864244,2420742699,2420743848,16444,1149
28910.876259,2420751812,2420752931,16100,1119
28910.888294,2420760888,2420762032,16586,1144
28910.909329,2420776789,2420777935,16400,1146
28910.921345,2420785902,2420787022,16101,1120
28910.952423,2420810892,2420812040,16450,1148
28910.984465,2420833682,2420834791,16019,1109
28910.996500,2420842737,2420843876,16503,1139
28911.056602,2420888213,2420889333,16019,1120
28911.068638,2420897531,2420898670,16500,1139
28911.080653,2420906635,2420907779,16342,1144
28911.092671,2420915740,2420916858,16015,1118
28911.104704,2420924853,2420925993,16367,1140
28911.143775,2420954389,2420955526,16360,1137
28911.155787,2420963503,2420964628,15985,1125
28911.167828,2420972606,2420973741,16508,1135
28911.179842,2420981727,2420982873,16339,1146
28911.191860,2420990865,2420991985,16025,1120
28911.263997,2421045357,2421046479,16100,1122
28911.276032,2421054705,2421055849,16512,1144
28911.288050,2421063797,2421064928,16329,1131
28911.300070,2421072887,2421074037,16268,1150
28911.312101,2421082013,2421083146,16506,1133
28911.324120,2421091103,2421092236,16415,1133
28911.336134,2421100147,2421101263,16023,1116
28911.348171,2421109211,2421110341,16473,1130
28911.360185,2421118283,2421119429,16336,1146
28911.372202,2421127392,2421128511,16020,1119
28911.384238,2421136452,2421137588,16443,1136
28911.468390,2421200091,2421201232,16422,1141
28911.480412,2421209212,2421210356,16240,1144
28911.585614,2421288761,2421289902,16340,1141
28911.597635,2421297846,2421298986,16278,1140
28911.624681,2421318305,2421319421,16095,1116
28911.636718,2421327376,2421328515,16587,1139
28911.657751,2421343295,2421344435,16421,1140
28911.669768,2421352381,2421353500,16096,1119
28911.681805,2421361450,2421362595,16469,1145
28911.696827,2421372814,2421373956,16352,1142
28911.720873,2421391007,2421392143,16333,1136
28911.732891,2421400095,2421401213,16048,1118
28911.802027,2421452361,2421453504,16412,1143
28911.814042,2421461479,2421462597,16096,1118
28911.850111,2421488716,2421489838,16032,1122
28911.862145,2421497771,2421498898,16480,1127
28911.880179,2421511398,2421512541,16359,1143
28911.892197,2421520520,2421521657,16272,1137
28911.904214,2421529643,2421530755,16036,1112
28911.916250,2421538701,2421539836,16460,1135
28911.928265,2421547775,2421548907,16335,1132
28911.940296,2421556854,2421557963,16160,1109
28911.952318,2421565939,2421567085,16374,1146
28911.964335,2421575052,2421576197,16355,1145
28911.976351,2421584172,2421585291,16016,1119
28911.988386,2421593261,2421594405,16500,1144
28912.000404,2421602351,2421603489,16356,1138
28912.024455,2421620498,2421621633,16501,1135
28912.039484,2421631851,2421632965,16152,1114
28912.084557,2421665913,2421667026,16003,1113
28912.096591,2421675004,2421676147,16431,1143
28912.108608,2421684105,2421685242,16442,1137
28912.124640,2421697676,2421698813,16314,1137
28912.168730,2421729471,2421730608,16507,1137
28912.180746,2421738529,2421739673,16308,1144
28912.228832,2421774936,2421776059,16019,1123
28912.240864,2421784022,2421785160,16408,1138
28912.252883,2421793112,2421794251,16333,1139
28912.264900,2421802189,2421803314,16024,1125
28912.276935,2421811291,2421812428,16373,1137
28912.288950,2421820362,2421821500,16247,1138
28912.300969,2421829484,2421830604,16023,1120
28912.313002,2421838554,2421839684,16481,1130
28912.325020,2421847653,2421848789,16419,1136
28912.341064,2421861287,2421862435,16370,1148
28912.358090,2421872689,2421873828,16391,1139
28912.370107,2421881771,2421882904,16365,1133
28912.388140,2421895394,2421896540,16283,1146
28912.400156,2421904522,2421905643,16040,1121
28912.412193,2421913587,2421914731,16587,1144
28912.430227,2421927224,2421928359,16511,1135
28912.442241,2421936281,2421937413,16373,1132
28912.496347,2421977139,2421978282,16355,1143
28912.508362,2421986282,2421987395,16002,1113
28912.553449,2422020310,2422021429,16019,1119
28912.565484,2422029369,2422030507,16501,1138
28912.625586,2422074821,2422075946,16038,1125
28912.637618,2422083902,2422085039,16363,1137
28912.649640,2422093011,2422094149,16407,1138
28912.679693,2422115650,2422116780,16322,1130
28912.691723,2422124737,2422125878,16436,1141
28912.703741,2422133820,2422134953,16434,1133
28912.715765,2422142908,2422144054,16262,1146
28912.727793,2422152009,2422153144,16500,1135
28912.748826,2422167934,2422169080,16342,1146
28912.760843,2422177040,2422178156,16014,1116
28912.841997,2422238340,2422239452,16017,1112
28912.854033,2422247406,2422248543,16485,1137
28912.866049,2422256482,2422257623,16341,1141
28912.878064,2422265581,2422266701,16018,1120
28912.890099,2422274672,2422275818,16360,1146
28912.905117,2422286050,2422287170,16021,1120
28912.917153,2422295125,2422296264,16539,1139
28912.956220,2422324658,2422325799,16424,1141
28912.968238,2422333760,2422334880,16099,1120
28912.980273,2422342877,2422344021,16603,1144
28912.992290,2422352026,2422353166,16355,1140
28913.004303,2422361118,2422362238,15979,1120
28913.016342,2422370198,2422371336,16504,1138
28913.028359,2422379288,2422380430,16360,1142
28913.040374,2422388394,2422389511,16010,1117
28913.079461,2422417930,2422419073,16494,1143
28913.091479,2422427085,2422428222,16436,1137
28913.103495,2422436179,2422437299,16102,1120
28913.115534,2422445271,2422446403,16428,1132
28913.127546,2422454335,2422455476,16344,1141
28913.139562,2422463422,2422464547,16015,1125
28913.151599,2422472476,2422473617,16505,1141
28913.169633,2422486099,2422487238,16497,1139
28913.181649,2422495159,2422496291,16264,1132
28913.193667,2422504230,2422505350,16019,1120
28913.205702,2422513348,2422514492,16411,1144
28913.223736,2422526979,2422528123,16586,1144
28913.235751,2422536088,2422537229,16453,1141
28913.247769,2422545204,2422546323,16093,1119
28913.296869,2422583819,2422584965,16341,1146
28913.316908,2422597513,2422598652,16365,1139
28913.328938,2422606585,2422607695,16157,1110
28913.401059,2422661084,2422662202,16017,1118
28913.413096,2422670170,2422671310,16457,1140
28913.503267,2422738349,2422739479,16492,1130
28913.515283,2422747420,2422748557,16423,1137
28913.527313,2422756538,2422757654,16155,1116
28913.539336,2422765568,2422766707,16500,1139
28913.551352,2422774626,2422775760,16343,1134
28913.563370,2422783731,2422784853,16098,1122
28913.575403,2422792815,2422793954,16527,1139
28913.587422,2422801935,2422803076,16438,1141
28913.599438,2422811010,2422812123,16019,1113
28913.611472,2422820060,2422821199,16450,1139
28913.623491,2422829120,2422830257,16357,1137
28913.635506,2422838247,2422839367,16094,1120
28913.647542,2422847304,2422848439,16546,1135
28913.659557,2422856395,2422857536,16339,1141
28913.671572,2422865467,2422866583,15984,1116
28913.683608,2422874568,2422875709,16363,1141
28913.695628,2422883631,2422884771,16439,1140
28913.707643,2422892727,2422893847,16103,1120
28913.719680,2422901800,2422902934,16526,1134
28913.731697,2422910873,2422912014,16411,1141
28913.743711,2422919963,2422921083,16113,1120
28913.764765,2422935842,2422936972,16498,1130
28913.776781,2422944916,2422946052,16271,1136
28913.839901,2422992717,2422993864,16335,1147
28913.851918,2423001848,2423002968,16018,1120
28913.863954,2423010923,2423012061,16509,1138
28913.875968,2423020017,2423021148,16355,1131
28913.897004,2423035937,2423037050,16024,1113
28913.909038,2423045012,2423046145,16587,1133
28913.921055,2423054092,2423055237,16425,1145
28913.936091,2423065437,2423066581,16507,1144
28913.948106,2423074547,2423075693,16338,1146
28913.960124,2423083686,2423084808,16020,1122
28913.972158,2423092765,2423093900,16501,1135
28913.984177,2423101894,2423103035,16354,1141
28914.026259,2423133767,2423134911,16412,1144
28914.038278,2423142866,2423144006,16343,1140
28914.056314,2423156510,2423157657,16355,1147
28914.068330,2423165624,2423166744,16018,1120
28914.104397,2423192883,2423193999,16019,1116
28914.124332,2423202145,2423202754,12026,609
28914.141980,2423209089,2423210210,16434,1121
28914.153999,2423218142,2423219270,16280,1128
28914.166027,2423227221,2423228350,16277,1129
28914.178051,2423236293,2423237420,16364,1127
28914.193078,2423247650,2423248778,16323,1128
28914.205102,2423256726,2423257859,16315,1133
28914.217120,2423265802,2423266939,16273,1137
28914.229148,2423274881,2423276019,16321,1138
28914.241169,2423283984,2423285135,16359,1151
28914.253185,2423293115,2423294256,16227,1141
28914.265216,2423302246,2423303392,16324,1146
28914.280237,2423313672,2423314809,16243,1137
28914.292266,2423322791,2423323933,16324,1142
28914.304290,2423331866,2423333008,16378,1142
28914.316305,2423340964,2423342110,16253,1146
28914.355387,2423370580,2423371707,16318,1127
28914.367411,2423379765,2423380911,16404,1146
28914.379426,2423388894,2423390046,16243,1152
28914.391455,2423398067,2423399218,16321,1151
28914.412496,2423414073,2423415218,16396,1145
28914.424511,2423423220,2423424366,16250,1146
28914.436542,2423432302,2423433453,16321,1151
28914.448563,2423441428,2423442567,16301,1139
28914.496649,2423477972,2423479119,16237,1147
28914.508677,2423487077,2423488223,16315,1146
28914.520700,2423496205,2423497337,16277,1132
28914.559769,2423525868,2423527001,16256,1133
28914.571798,2423534996,2423536137,16312,1141
28914.583821,2423544112,2423545242,16392,1130
28914.601856,2423557801,2423558938,16401,1137
28914.613872,2423566907,2423568042,16237,1135
28914.624331,2423573471,2423574362,15372,891
28914.639428,2423584532,2423585655,16321,1123
28914.651449,2423593605,2423594746,16316,1141
28914.663466,2423602729,2423603862,16257,1133
28914.675495,2423611845,2423612980,16308,1135
28914.687519,2423620996,2423622136,16403,1140
28914.699534,2423630125,2423631266,16148,1141
28914.711563,2423639225,2423640363,16315,1138
28914.723586,2423648332,2423649478,16364,1146
28914.735606,2423657456,2423658602,16242,1146
28914.747631,2423666578,2423667720,16312,1142
28914.759656,2423675701,2423676839,16379,1138
28914.771671,2423684813,2423685941,16248,1128
28914.783699,2423693928,2423695068,16313,1140
28914.795724,2423703056,2423704191,16396,1135
28914.807740,2423712180,2423713321,16266,1141
28914.819769,2423721318,2423722451,16320,1133
28914.831791,2423730447,2423731588,16375,1141
28914.843808,2423739580,2423740725,16267,1145
28914.855838,2423748745,2423749891,16318,1146
28914.867859,2423757882,2423759019,16315,1137
28914.879877,2423767032,2423768160,16251,1128
28914.891904,2423776130,2423777268,16313,1138
28914.903929,2423785252,2423786394,16386,1142
28914.915952,2423794392,2423795534,16313,1142
28914.927975,2423803512,2423804654,16327,1142
28914.939996,2423812622,2423813759,16370,1137
28914.952014,2423821701,2423822839,16273,1138
28914.964044,2423830803,2423831949,16315,1146
28914.976068,2423839996,2423841124,16402,1128
28914.988083,2423849133,2423850272,16234,1139
28915.000113,2423858246,2423859387,16316,1141
28915.012136,2423867375,2423868526,16398,1151
28915.033169,2423883366,2423884512,16236,1146
28915.045199,2423892512,2423893648,16317,1136
28915.081268,2423919885,2423921023,16313,1138
28915.093289,2423928997,2423930141,16471,1144
28915.117335,2423947256,2423948397,16336,1141
28915.129360,2423956404,2423957541,16487,1137
28915.144387,2423967820,2423968962,16309,1142
28915.156411,2423976951,2423978097,16410,1146
28915.171439,2423988423,2423989569,16410,1146
28915.183463,2423997673,2423998820,16398,1147
28915.195477,2424006850,2424007988,16230,1138
28915.207508,2424015997,2424017145,16319,1148
28915.219529,2424025175,2424026319,16471,1144
28915.231549,2424034338,2424035475,16279,1137
28915.243577,2424043471,2424044616,16403,1145
28915.255598,2424052637,2424053782,16385,1145
28915.267614,2424061772,2424062912,16162,1140
28915.279645,2424070891,2424072025,16313,1134
28915.291666,2424080009,2424081149,16358,1140
28915.303683,2424089163,2424090305,16312,1142
28915.315712,2424098304,2424099450,16336,1146
28915.327737,2424107439,2424108585,16368,1146
28915.339752,2424116586,2424117717,16234,1131
28915.351782,2424125735,2424126881,16317,1146
28915.363804,2424134891,2424136037,16321,1146
28915.375821,2424144020,2424145158,16251,1138
28915.387851,2424153151,2424154290,16319,1139
28915.399872,2424162227,2424163363,16268,1136
28915.411895,2424171349,2424172488,16317,1139
28915.423918,2424180480,2424181618,16298,1138
28915.435943,2424189611,2424190757,16410,1146
28915.448972,2424201017,2424202154,16314,1137
28915.496056,2424235196,2424236333,16316,1137
28915.508079,2424244338,2424245473,16384,1135
28915.520095,2424253468,2424254604,16239,1136
28915.532125,2424262599,2424263739,16320,1140
28915.544147,2424271728,2424272878,16389,1150
28915.556163,2424280861,2424281992,16246,1131
28915.568192,2424289978,2424291115,16315,1137
28915.580215,2424299103,2424300240,16383,1137
28915.592232,2424308235,2424309362,16217,1127
28915.604260,2424317339,2424318479,16313,1140
28915.616284,2424326469,2424327615,16358,1146
28915.628300,2424335582,2424336728,16258,1146
28915.655353,2424356096,2424357229,16234,1133
28915.667383,2424365200,2424366329,16336,1129
28915.679406,2424374289,2424375431,16401,1142
28915.691420,2424383436,2424384571,16320,1135
28915.712468,2424399395,2424400535,16323,1140
28915.724491,2424408535,2424409674,16414,1139
28915.748537,2424426770,2424427907,16318,1137
28915.760558,2424435981,2424437133,16302,1152
28915.784604,2424454349,2424455495,16319,1146
28915.796625,2424463561,2424464712,16314,1151
28915.820673,2424481942,2424483083,16316,1141
28915.832694,2424491080,2424492220,16392,1140
28915.844712,2424500210,2424501356,16313,1146
28915.856741,2424509359,2424510501,16400,1142
28915.877780,2424525364,2424526516,16373,1152
28915.889797,2424534478,2424535624,16247,1146
28915.913848,2424552742,2424553870,16457,1128
28915.925867,2424561831,2424562974,16277,1143
28915.943901,2424575537,2424576674,16265,1137
28915.955930,2424584610,2424585745,16315,1135
28915.967953,2424593745,2424594876,16399,1131
28915.980983,2424605135,2424606281,16311,1146
28915.993000,2424614258,2424615391,16400,1133
28916.025056,2424637032,2424638153,16254,1121
28916.037086,2424646153,2424647290,16317,1137
28916.061124,2424664398,2424665535,16238,1137
28916.073152,2424673532,2424674669,16313,1137
28916.136274,2424721446,2424722592,16317,1146
28916.148296,2424730580,2424731726,16384,1146
28916.160312,2424739728,2424740868,16234,1140
28916.175349,2424751147,2424752302,16373,1155
28916.187364,2424760283,2424761414,16234,1131
28916.199396,2424769416,2424770555,16320,1139
28916.211416,2424778493,2424779642,16388,1149
28916.236463,2424799002,2424800132,16378,1130
28916.265520,2424819498,2424820627,16398,1129
28916.277535,2424828649,2424829785,16228,1136
28916.289564,2424837790,2424838935,16311,1145
28916.368722,2424899368,2424900506,16310,1138
28916.391760,2424915368,2424916498,16400,1130
28916.403785,2424924493,2424925639,16314,1146
28916.415806,2424933635,2424934781,16409,1146
28916.436846,2424949595,2424950733,16486,1138
28916.448861,2424958718,2424959864,16336,1146
28916.475913,2424979240,2424980378,16323,1138
28916.487943,2424988354,2424989490,16330,1136
28916.499966,2424997440,2424998572,16402,1132
28916.511981,2425006532,2425007666,16251,1134
28916.533029,2425022515,2425023652,16313,1137
28916.545052,2425031628,2425032761,16405,1133
28916.581118,2425058993,2425060139,16383,1146
28916.593136,2425068145,2425069286,16238,1141
28916.605168,2425077258,2425078401,16353,1143
28916.620187,2425088638,2425089780,16249,1142
28916.632216,2425097782,2425098924,16311,1142
28916.644238,2425106898,2425108044,16371,1146
28916.656258,2425116001,2425117143,16280,1142
28916.668283,2425125156,2425126293,16315,1137
28916.680307,2425134267,2425135407,16388,1140
28916.692324,2425143367,2425144505,16234,1138
28916.740421,2425179901,2425181038,16306,1137
28916.752444,2425189034,2425190166,16411,1132
28916.767471,2425200434,2425201571,16319,1137
28916.797531,2425223255,2425224406,16443,1151
28916.809547,2425232376,2425233528,16351,1152
28916.821576,2425241519,2425242660,16318,1141
28916.857643,2425268942,2425270081,16312,1139
28916.869666,2425278063,2425279204,16381,1141
28916.899723,2425300882,2425302028,16308,1146
28916.911748,2425310046,2425311194,16402,1148
28916.923769,2425319210,2425320345,16290,1135
28916.935787,2425328324,2425329461,16265,1137
28916.947816,2425337444,2425338586,16271,1142
28916.959839,2425346589,2425347731,16392,1142
28916.971856,2425355705,2425356845,16265,1140
28916.983885,2425364845,2425365991,16365,1146
28917.008939,2425385414,2425386550,16402,1136
28917.028970,2425399109,2425400249,16313,1140
28917.040992,2425408310,2425409438,16369,1128
28917.086079,2425442500,2425443646,16390,1146
28917.098101,2425451635,2425452772,16397,1137
28917.113131,2425463067,2425464213,16399,1146
28917.125147,2425472225,2425473361,16334,1136
28917.161216,2425499621,2425500762,16270,1141
28917.173245,2425508756,2425509893,16316,1137
28917.194285,2425524718,2425525864,16384,1146
28917.215321,2425540707,2425541847,16278,1140
28917.227347,2425549819,2425550960,16327,1141
28917.239374,2425558953,2425560087,16424,1134
28917.251387,2425568091,2425569237,16234,1146
28917.263417,2425577229,2425578375,16311,1146
28917.275439,2425586353,2425587494,16382,1141
28917.287456,2425595477,2425596611,16255,1134
28917.299485,2425604600,2425605751,16319,1151
28917.311507,2425613744,2425614886,16382,1142
28917.323524,2425622884,2425624023,16231,1139
28917.425725,2425700432,2425701579,16319,1147
28917.437751,2425709576,2425710704,16402,1128
28917.533931,2425782610,2425783756,16320,1146
28917.545956,2425791753,2425792891,16343,1138
28917.557970,2425800866,2425802012,16253,1146
28917.636127,2425860225,2425861362,16399,1137
28917.648144,2425869360,2425870506,16268,1146
28917.660171,2425878489,2425879627,16205,1138
28917.672192,2425887587,2425888724,16367,1137
28917.684210,2425896703,2425897849,16257,1146
28917.741324,2425940094,2425941239,16315,1145
28917.753348,2425949254,2425950398,16385,1144
28917.765365,2425958400,2425959540,16263,1140
28917.780399,2425969794,2425970940,16381,1146
28917.801433,2425985772,2425986912,16247,1140
28917.813462,2425994943,2425996085,16315,1142
28917.840512,2426015481,2426016609,16314,1128
28917.852539,2426024622,2426025754,16389,1132
28917.864553,2426033750,2426034896,16336,1146
28917.876584,2426042898,2426044043,16225,1145
28917.897624,2426058910,2426060051,16408,1141
28917.909639,2426068026,2426069168,16250,1142
28917.921669,2426077134,2426078285,16318,1151
28917.957737,2426104502,2426105642,16314,1140
28917.969760,2426113636,2426114777,16388,1141
28917.984788,2426125073,2426126214,16311,1141
28917.996811,2426134143,2426135285,16386,1142
28918.023863,2426154713,2426155857,16385,1144
28918.035879,2426163870,2426165011,16252,1141
28918.047908,2426173013,2426174159,16315,1146
28918.059931,2426182146,2426183292,16385,1146
28918.071950,2426191282,2426192415,16236,1133
28918.083978,2426200388,2426201525,16329,1137
28918.096000,2426209519,2426210661,16390,1142
28918.108016,2426218627,2426219773,16236,1146
28918.120046,2426227760,2426228906,16307,1146
28918.132068,2426236886,2426238025,16387,1139
28918.144085,2426246017,2426247163,16145,1146
28918.156115,2426255124,2426256259,16317,1135
28918.177155,2426271126,2426272267,16394,1141
28918.189178,2426280267,2426281404,16314,1137
28918.201203,2426289389,2426290519,16335,1130
28918.249293,2426325882,2426327029,16401,1147
28918.261310,2426335046,2426336191,16333,1145
28918.273335,2426344346,2426345479,16343,1133
28918.285355,2426353441,2426354579,16363,1138
28918.312406,2426373863,2426375004,16378,1141
28918.324425,2426382933,2426384073,16121,1140
28918.384542,2426428444,2426429590,16361,1146
28918.396562,2426437526,2426438669,16125,1143
28918.408590,2426446632,2426447778,16346,1146
28918.420610,2426455747,2426456893,16359,1146
28918.459682,2426485351,2426486489,16046,1138
28918.471714,2426494491,2426495637,16363,1146
28918.483731,2426503591,2426504736,16375,1145
28918.495752,2426512658,2426513802,15998,1144
28918.507779,2426521734,2426522879,16343,1145
28918.528818,2426537672,2426538812,16456,1140
28918.540839,2426546789,2426547929,16251,1140
28918.592949,2426587717,2426588860,16117,1143
28918.634019,2426617253,2426618399,16355,1146
28918.646041,2426626396,2426627533,16351,1137
28918.664075,2426639984,2426641108,16381,1124
28918.676094,2426649061,2426650199,15991,1138
28918.688126,2426658141,2426659287,16406,1146
28918.700145,2426667251,2426668386,16346,1135
28918.712166,2426676295,2426677432,16071,1137
28918.730197,2426689929,2426691072,16025,1143
28918.742230,2426699011,2426700148,16371,1137
28918.793317,2426737635,2426738762,15995,1127
28918.805346,2426746672,2426747805,16358,1133
28918.823380,2426760315,2426761459,16362,1144
28918.835401,2426769394,2426770525,16353,1131
28918.853435,2426783047,2426784189,16379,1142
28918.865454,2426792104,2426793243,16033,1139
28918.877483,2426801220,2426802355,16354,1135
28918.889506,2426810311,2426811436,16358,1125
28918.913552,2426828460,2426829604,16356,1144
28918.925570,2426837554,2426838700,16351,1146
28918.943608,2426851224,2426852370,16342,1146
28918.955625,2426860312,2426861439,16030,1127
28918.973662,2426873966,2426875100,16223,1134
28918.985692,2426883055,2426884189,16409,1134
28919.015745,2426905813,2426906953,16339,1140
28919.027763,2426914883,2426916021,16031,1138
28919.039797,2426923989,2426925112,16222,1123
28919.051812,2426933062,2426934207,16388,1145
28919.063831,2426942155,2426943293,16029,1138
28919.075860,2426951290,2426952431,16376,1141
28919.087883,2426960400,2426961546,16443,1146
28919.099900,2426969483,2426970620,16109,1137
28919.120951,2426985406,2426986520,16324,1114
28919.132966,2426994489,2426995629,16275,1140
28919.178049,2427028558,2427029703,16299,1145
28919.190072,2427037619,2427038754,16110,1135
28919.229156,2427067158,2427068300,16387,1142
28919.244175,2427078529,2427079672,16075,1143
28919.280251,2427105829,2427106976,16190,1147
28919.292272,2427114955,2427116095,16443,1140
28919.304292,2427124069,2427125211,16379,1142
28919.316312,2427133157,2427134300,16033,1143
28919.328341,2427142267,2427143406,16365,1139
28919.349377,2427158187,2427159333,16355,1146
28919.361397,2427167284,2427168413,16030,1129
28919.436551,2427224017,2427225163,16369,1146
28919.448567,2427233100,2427234241,16372,1141
28919.484638,2427260435,2427261576,16364,1141
28919.496654,2427269530,2427270664,16028,1134
28919.536739,2427301299,2427302438,16345,1139
28919.625906,2427367241,2427368377,16458,1136
28919.640929,2427378637,2427379776,16072,1139
28919.652958,2427387734,2427388874,16365,1140
28919.692030,2427417297,2427418439,16462,1142
28919.710064,2427430897,2427432035,16370,1138
28919.722089,2427439959,2427441084,16146,1125
28919.746133,2427458154,2427459295,16387,1141
28919.758155,2427467216,2427468354,16126,1138
28919.785203,2427487658,2427488789,16031,1131
28919.797232,2427496741,2427497887,16360,1146
28919.848323,2427535387,2427536522,16026,1135
28919.860353,2427544452,2427545598,16371,1146
28919.881393,2427560409,2427561549,16361,1140
28919.893409,2427569485,2427570628,16032,1143
28919.908442,2427580902,2427582033,16373,1131
28919.920460,2427589969,2427591112,15948,1143
28919.932494,2427599073,2427600214,16374,1141
28919.959541,2427619508,2427620647,16355,1139
28919.971561,2427628629,2427629763,16374,1134
28919.989596,2427642233,2427643383,16458,1150
28920.001618,2427651312,2427652458,16313,1146
28920.061733,2427696731,2427697871,16379,1140
28920.073759,2427705806,2427706937,16113,1131
28920.100803,2427726228,2427727362,16109,1134
28920.112833,2427735346,2427736490,16359,1144
28920.136870,2427753560,2427754703,15995,1143
28920.148901,2427762631,2427763772,16365,1141
28920.164935,2427776234,2427777380,16368,1146
28920.199992,2427801243,2427802381,16106,1138
28920.212026,2427810395,2427811541,16393,1146
28920.224039,2427819569,2427820721,16314,1152
28920.236069,2427828741,2427829879,16316,1138
28920.248094,2427837922,2427839069,16404,1147
28920.260112,2427847067,2427848218,16266,1151
28920.272138,2427856206,2427857349,16276,1143
28920.284162,2427865379,2427866519,16405,1140
28920.296179,2427874448,2427875571,16371,1123
28920.308200,2427883524,2427884664,16312,1140
28920.320227,2427892638,2427893774,16356,1136
28920.332248,2427901783,2427902929,16343,1146
28920.350280,2427915432,2427916577,16360,1145
28920.380338,2427938183,2427939320,16231,1137
28920.392364,2427947293,2427948439,16362,1146
28920.425423,2427972311,2427973441,16239,1130
28920.437451,2427981389,2427982523,16466,1134
28920.480537,2428015456,2428016594,16441,1138
28920.512589,2428038199,2428039336,16357,1137
28920.524612,2428047318,2428048458,16229,1140
28920.584726,2428092797,2428093934,16354,1137
28920.596746,2428101881,2428103024,16031,1143
28920.623801,2428122351,2428123497,16233,1146
28920.684926,2428170085,2428171218,16024,1133
28920.719985,2428195086,2428196219,16262,1133
28920.732004,2428204220,2428205360,16011,1140
28920.744031,2428213332,2428214469,16344,1137
28920.756053,2428222424,2428223571,16393,1147
28920.768080,2428231520,2428232656,16161,1136
28920.780102,2428240583,2428241724,16363,1141
28920.792116,2428249657,2428250796,16279,1139
28920.804141,2428258754,2428259882,16032,1128
28920.816170,2428267848,2428268983,16362,1135
28920.834204,2428281512,2428282644,16358,1132
28920.846225,2428290615,2428291752,16373,1137
28920.876278,2428313344,2428314471,16027,1127
28920.903330,2428333753,2428334881,16028,1128
28920.915359,2428342838,2428343984,16357,1146
28920.927382,2428351975,2428353112,16427,1137
28920.939398,2428361038,2428362183,16031,1145
28920.951427,2428370142,2428371273,16370,1131
28920.963448,2428379216,2428380356,16375,1140
28920.984484,2428395106,2428396234,16107,1128
28920.996514,2428404175,2428405321,16381,1146
28921.012545,2428417831,2428418970,16464,1139
28921.032581,2428431472,2428432618,16367,1146
28921.044602,2428440567,2428441712,16378,1145
28921.116739,2428495139,2428496285,16262,1146
28921.128758,2428504251,2428505389,15991,1138
28921.140788,2428513353,2428514480,16380,1127
28921.152808,2428522400,2428523530,16376,1130
28921.191875,2428551903,2428553034,15989,1131
28921.203907,2428560986,2428562119,16271,1133
28921.215928,2428570068,2428571199,16160,1131
28921.227950,2428579191,2428580337,16230,1146
28921.239979,2428588286,2428589428,16409,1142
28921.258015,2428601937,2428603074,16380,1137
28921.270034,2428611050,2428612179,16445,1129
28921.325148,2428654219,2428655346,16074,1127
28921.342169,2428665751,2428666886,16457,1135
28921.354187,2428674816,2428675949,16028,1133
28921.384251,2428697564,2428698699,16362,1135
28921.396270,2428706691,2428707834,16226,1143
28921.408302,2428715825,2428716965,16330,1140
28921.420324,2428724964,2428726100,16324,1136
28921.432339,2428734168,2428735319,16209,1151
28921.453386,2428750216,2428751348,16310,1132
28921.465407,2428759389,2428760538,16396,1149
28921.477424,2428768566,2428769713,16236,1147
28921.492459,2428780013,2428781159,16347,1146
28921.504476,2428789177,2428790321,16162,1144
28921.519512,2428800638,2428801780,16399,1142
28921.536035,2428813509,2428814654,16231,1145
28921.548066,2428822738,2428823884,16395,1146
28921.560089,2428831956,2428833102,16396,1146
28921.578122,2428845739,2428846890,16381,1151
28921.590138,2428854928,2428856078,16224,1150
28921.602169,2428864130,2428865281,16316,1151
28921.626207,2428882443,2428883589,16232,1146
28921.638237,2428891613,2428892755,16254,1142
28921.650259,2428900761,2428901903,16384,1142
28921.743430,2428971380,2428972515,16364,1135
28921.755451,2428980468,2428981611,15992,1143
28921.767483,2428989599,2428990738,16267,1139
28921.785514,2429003237,2429004378,16358,1141
28921.797534,2429012330,2429013472,16373,1142
28921.812568,2429023655,2429024799,16403,1144
28921.824586,2429032718,2429033850,16329,1132
28921.857651,2429057728,2429058874,16354,1146
28921.869672,2429066850,2429067986,16340,1136
28921.881690,2429075905,2429077043,16025,1138
28921.893720,2429084974,2429086111,16359,1137
28921.905738,2429094056,2429095202,16355,1146
28921.917759,2429103132,2429104268,15989,1136
28921.929788,2429112194,2429113323,16308,1129
28921.941808,2429121261,2429122401,16372,1140
28921.956839,2429132611,2429133744,16351,1133
28921.971862,2429143966,2429145098,15989,1132
28921.983890,2429153055,2429154185,16269,1130
28921.995911,2429162101,2429163238,16370,1137
28922.007940,2429171205,2429172351,16308,1146
28922.019959,2429180300,2429181421,16354,1121
28922.031980,2429189375,2429190512,16374,1137
28922.044002,2429198470,2429199611,16231,1141
28922.056028,2429207534,2429208676,16357,1142
28922.068049,2429216626,2429217762,16258,1136
28922.080071,2429225661,2429226799,16044,1138
28922.092096,2429234750,2429235880,16358,1130
28922.104117,2429243822,2429244967,16371,1145
28922.125157,2429259757,2429260893,16313,1136
28922.137186,2429268805,2429269923,16234,1118
28922.152205,2429280156,2429281291,16104,1135
28922.164238,2429289308,2429290444,16374,1136
28922.176254,2429298419,2429299554,16457,1135
28922.188273,2429307477,2429308617,16030,1140
28922.200302,2429316606,2429317751,16442,1145
28922.260413,2429362003,2429363144,16225,1141
28922.272440,2429371093,2429372234,16367,1141
28922.293477,2429386970,2429388100,16327,1130
28922.305504,2429396032,2429397174,16112,1142
28922.356597,2429434607,2429435744,16345,1137
28922.368618,2429443722,2429444860,15995,1138
28922.395667,2429464119,2429465244,16106,1125
28922.407699,2429473178,2429474305,16409,1127
28922.419717,2429482253,2429483381,16373,1128
28922.431736,2429491304,2429492434,16027,1130
28922.443769,2429500406,2429501546,16457,1140
28922.455785,2429509514,2429510651,16268,1137
28922.473819,2429523152,2429524293,16361,1141
28922.485839,2429532264,2429533395,16069,1131
28922.504885,2429548154,2429549295,16408,1141
28922.540953,2429575391,2429576511,16246,1120
28922.570005,2429595817,2429596961,16354,1144
28922.582022,2429604908,2429606049,16291,1141
28922.609080,2429625363,2429626509,16364,1146
28922.621099,2429634493,2429635640,16189,1147
28922.711267,2429702649,2429703783,16101,1134
28922.723297,2429711726,2429712867,16367,1141
28922.735318,2429720807,2429721935,16457,1128
28922.747336,2429729853,2429730996,16110,1143
28922.759371,2429738961,2429740073,16214,1112
28922.771386,2429747984,2429749122,16382,1138
28922.783411,2429757065,2429758205,16266,1140
28922.801443,2429770667,2429771802,16148,1135
28922.813468,2429779736,2429780871,16444,1135
28922.825489,2429788842,2429789979,16457,1137
28922.837508,2429797929,2429799067,16104,1138
28922.876592,2429827546,2429828687,16371,1141
28922.888608,2429836617,2429837762,16366,1145
28922.900635,2429845678,2429846808,16111,1130
28922.921674,2429861532,2429862678,16356,1146
28922.933693,2429870635,2429871777,16356,1142
28922.951729,2429884236,2429885376,16258,1140
28922.963748,2429893325,2429894463,15992,1138
28922.981782,2429906908,2429908035,16025,1127
28922.993811,2429915966,2429917108,16361,1142
28923.036897,2429949994,2429951126,16355,1132
28923.080976,2429981781,2429982922,16263,1141
28923.093004,2429990903,2429992040,16369,1137
28923.141089,2430027218,2430028356,16370,1138
28923.153113,2430036293,2430037432,16256,1139
28923.189179,2430063439,2430064569,16235,1130
28923.201208,2430072510,2430073647,16370,1137
28923.243280,2430104364,2430105502,16028,1138
28923.255313,2430113492,2430114632,16327,1140
28923.267329,2430122578,2430123718,16287,1140
28923.291384,2430134210,2430134815,12019,605
28923.355999,2430177438,2430178584,16276,1146
28923.368027,2430186553,2430187686,16316,1133
28923.380049,2430195633,2430196771,16382,1138
28923.392065,2430204727,2430205864,16240,1137
28923.405095,2430216152,2430217284,16383,1132
28923.440163,2430241210,2430242356,16315,1146
28923.452186,2430250310,2430251440,16296,1130
28923.464202,2430259413,2430260550,16251,1137
28923.476230,2430268495,2430269633,16322,1138
28923.488255,2430277593,2430278734,16391,1141
28923.500271,2430286724,2430287858,16253,1134
28923.512300,2430295842,2430296982,16328,1140
28923.524321,2430304975,2430306111,16369,1136
28923.536340,2430314074,2430315219,16262,1145
28923.548369,2430323211,2430324343,16343,1132
28923.581425,2430348276,2430349415,16231,1139
28923.596458,2430359691,2430360832,16316,1141
28923.608477,2430368942,2430370077,16250,1135
28923.620507,2430378043,2430379185,16268,1142
28923.632530,2430387173,2430388314,16397,1141
28923.644551,2430396293,2430397422,16312,1129
28923.659582,2430407702,2430408848,16400,1146
28923.684627,2430428136,2430429274,16401,1138
28923.719696,2430453218,2430454355,16311,1137
28923.731717,2430462345,2430463483,16384,1138
28923.743740,2430471476,2430472617,16316,1141
28923.755763,2430480615,2430481761,16319,1146
28923.767787,2430489722,2430490857,16371,1135
28923.779803,2430498853,2430499994,16230,1141
28923.793335,2430507260,2430508403,16308,1143
28923.805358,2430516363,2430517495,16309,1132
28923.817382,2430525499,2430526632,16403,1133
28923.829397,2430534601,2430535737,16233,1136
28923.853449,2430552847,2430553988,16386,1141
28923.865466,2430561995,2430563136,16334,1141
28923.877496,2430571115,2430572250,16322,1135
28923.889517,2430580183,2430581334,16387,1151
28923.901534,2430589310,2430590444,16244,1134
28923.913563,2430598417,2430599563,16314,1146
28923.925588,2430607539,2430608685,16403,1146
28923.937603,2430616648,2430617790,16262,1142
28923.956652,2430632586,2430633732,16317,1146
28923.968667,2430641714,2430642860,16481,1146
28923.985700,2430653143,2430654287,16317,1144
28923.997724,2430662259,2430663394,16361,1135
28924.012753,2430673628,2430674769,16318,1141
28924.024775,2430682828,2430683964,16378,1136
28924.036792,2430691946,2430693086,16255,1140
28924.048820,2430701083,2430702234,16314,1151
28924.060844,2430710236,2430711377,16395,1141
28924.072860,2430719357,2430720494,16230,1137
28924.084891,2430728467,2430729593,16334,1126
28924.096912,2430737567,2430738704,16380,1137
28924.108929,2430746707,2430747842,16254,1135
28924.120959,2430755821,2430756967,16274,1146
28924.132981,2430764939,2430766077,16381,1138
28924.161039,2430787744,2430788878,16228,1134
28924.181068,2430801414,2430802551,16265,1137
28924.193095,2430810525,2430811668,16322,1143
28924.209131,2430824222,2430825358,16312,1136
28924.232168,2430840186,2430841319,16375,1133
28924.244185,2430849301,2430850442,16258,1141
28924.256213,2430858439,2430859572,16271,1133
28924.274247,2430872050,2430873188,16313,1138
28924.286272,2430881157,2430882303,16297,1146
28924.307308,2430897072,2430898209,16205,1137
28924.319335,2430906205,2430907351,16317,1146
28924.331356,2430915326,2430916468,16254,1142
28924.343374,2430924450,2430925596,16254,1146
28924.361409,2430938156,2430939288,16328,1132
28924.373438,2430947294,2430948445,16321,1151
28924.409506,2430974695,2430975841,16323,1146
28924.421530,2430983819,2430984975,16369,1156
28924.433546,2430992992,2430994133,16246,1141
28924.445574,2431002107,2431003243,16314,1136
28924.457600,2431011213,2431012365,16405,1152
28924.469614,2431020381,2431021524,16231,1143
28924.481643,2431029486,2431030627,16312,1141
28924.505683,2431047774,2431048905,16253,1131
28924.517713,2431056863,2431058002,16314,1139
28924.532734,2431068294,2431069439,16255,1145
28924.544763,2431077398,2431078540,16311,1142
28924.556788,2431086524,2431087670,16401,1146
28924.571815,2431097937,2431099078,16316,1141
28924.583839,2431107065,2431108205,16397,1140
28924.595855,2431116200,2431117341,16240,1141
28924.613889,2431129903,2431131036,16225,1133
28924.625919,2431139010,2431140161,16325,1151
28924.637942,2431148125,2431149263,16319,1138
28924.649958,2431157250,2431158391,16237,1141
28924.664994,2431168691,2431169832,16399,1141
28924.677009,2431177819,2431178957,16226,1138
28924.692044,2431189237,2431190374,16393,1137
28924.725106,2431214269,2431215398,16312,1129
28924.737131,2431223402,2431224553,16234,1151
28924.749146,2431232552,2431233687,16232,1135
28924.776201,2431253072,2431254208,16265,1136
28924.788228,2431262184,2431263323,16317,1139
28924.800249,2431271302,2431272447,16266,1145
28924.821283,2431287293,2431288444,16250,1151
28924.833314,2431296450,2431297574,16316,1124
28924.860362,2431316930,2431318053,16317,1123
28924.872385,2431326057,2431327197,16367,1140
28924.893420,2431342054,2431343196,16162,1142
28924.905448,2431351175,2431352321,16309,1146
28924.929489,2431369389,2431370526,16248,1137
28924.941518,2431378518,2431379650,16315,1132
28924.965557,2431396753,2431397895,16264,1142
28924.977586,2431405869,2431407015,16310,1146
28924.989610,2431415024,2431416156,16386,1132
28925.001626,2431424142,2431425292,16248,1150
28925.013655,2431433265,2431434411,16332,1146
28925.025676,2431442406,2431443543,16370,1137
28925.037695,2431451520,2431452665,16261,1145
28925.049724,2431460622,2431461763,16298,1141
28925.061747,2431469767,2431470913,16381,1146
28925.073763,2431478896,2431480033,16250,1137
28925.109832,2431506287,2431507433,16253,1146
28925.121861,2431515411,2431516557,16310,1146
28925.136883,2431526814,2431527954,16245,1140
28925.148914,2431535960,2431537106,16312,1146
28925.175965,2431556490,2431557632,16314,1142
28925.187988,2431565625,2431566766,16403,1141
28925.206021,2431579288,2431580430,16352,1142
28925.218040,2431588399,2431589534,16265,1135
28925.237086,2431604368,2431605505,16310,1137
28925.254111,2431615836,2431616992,16312,1156
28925.266134,2431625030,2431626175,16317,1145
28925.278158,2431634235,2431635380,16405,1145
28925.290179,2431643440,2431644591,16403,1151
28925.302203,2431652625,2431653770,16322,1145
28925.344277,2431684685,2431685826,16252,1141
28925.356305,2431693843,2431694983,16397,1140
28925.371329,2431705275,2431706412,16243,1137
28925.383357,2431714413,2431715547,16318,1134
28925.395381,2431723539,2431724680,16390,1141
28925.407398,2431732676,2431733807,16256,1131
28925.419425,2431741792,2431742938,16224,1146
28925.431450,2431750897,2431752038,16276,1141
28925.449484,2431764569,2431765709,16384,1140
28925.464514,2431776004,2431777145,16313,1141
28925.479541,2431787437,2431788567,16294,1130
28925.493061,2431798141,2431799292,16249,1151
28925.505091,2431807310,2431808452,16315,1142
28925.556181,2431846076,2431847206,16239,1130
28925.568210,2431855164,2431856306,16313,1142
28925.580233,2431864295,2431865428,16315,1133
28925.610283,2431887117,2431888258,16228,1141
28925.655370,2431921347,2431922487,16238,1140
28925.667397,2431930735,2431931879,16315,1144
28925.679420,2431939881,2431941027,16324,1146
28925.691438,2431949029,2431950161,16245,1132
28925.703467,2431958142,2431959283,16314,1141
28925.715489,2431967259,2431968397,16378,1138
28925.727511,2431976387,2431977518,16315,1131
28925.748553,2431992333,2431993479,16316,1146
28925.760576,2432001477,2432002619,16388,1142
28925.832715,2432056283,2432057412,16407,1129
28925.844730,2432065400,2432066546,16256,1146
28925.859764,2432076834,2432077980,16390,1146
28925.871781,2432086010,2432087147,16245,1137
28925.883810,2432095131,2432096277,16316,1146
28925.895833,2432104268,2432105419,16378,1151
28925.916867,2432120305,2432121448,16244,1143
28925.928896,2432129427,2432130568,16325,1141
28925.949934,2432145382,2432146517,16371,1135
28925.961952,2432154511,2432155647,16266,1136
28925.976987,2432165916,2432167052,16323,1136
28925.989004,2432175042,2432176188,16256,1146
28926.025078,2432202436,2432203567,16311,1131
28926.037102,2432211546,2432212692,16314,1146
28926.049123,2432220673,2432221806,16370,1133
28926.064153,2432232071,2432233222,16319,1151
28926.076176,2432241214,2432242359,16325,1145
28926.088192,2432250348,2432251488,16243,1140
28926.100222,2432259476,2432260619,16313,1143
28926.112245,2432268615,2432269752,16385,1137
28926.151315,2432298273,2432299416,16293,1143
28926.163342,2432307410,2432308556,16323,1146
28926.175364,2432316535,2432317673,16321,1138
28926.187383,2432325669,2432326806,16251,1137
28926.199409,2432334802,2432335946,16316,1144
28926.211433,2432343943,2432345080,16392,1137
28926.223455,2432353048,2432354185,16315,1137
28926.235479,2432362193,2432363339,16316,1146
28926.247502,2432371326,2432372472,16388,1146
28926.259518,2432380466,2432381607,16251,1141
28926.271551,2432389608,2432390749,16320,1141
28926.283570,2432398730,2432399874,16386,1144
28926.295587,2432407862,2432409003,16238,1141
28926.307618,2432417001,2432418141,16325,1140
28926.325651,2432430680,2432431822,16320,1142
28926.337674,2432439781,2432440932,16397,1151
28926.400795,2432487687,2432488827,16399,1140
28926.412810,2432496853,2432497993,16244,1140
28926.472930,2432542475,2432543621,16317,1146
28926.484947,2432551632,2432552778,16235,1146
28926.499983,2432563046,2432564186,16392,1140
28926.518017,2432576759,2432577904,16399,1145
28926.530033,2432585922,2432587063,16251,1141
28926.542064,2432595029,2432596175,16321,1146
28926.569115,2432615575,2432616715,16319,1140
28926.581138,2432624715,2432625861,16400,1146
28926.608189,2432645280,2432646420,16397,1140
28926.620211,2432654380,2432655522,16312,1142
28926.632235,2432663492,2432664621,16320,1129
28926.644256,2432672620,2432673756,16384,1136
28926.656275,2432681762,2432682902,16278,1140
28926.680326,2432700015,2432701161,16369,1146
28926.692342,2432709186,2432710327,16241,1141
28926.716395,2432727455,2432728600,16399,1145
28926.728410,2432736603,2432737744,16236,1141
28926.749456,2432752571,2432753711,16316,1140
28926.761480,2432761713,2432762855,16398,1142
28926.773496,2432770858,2432771999,16247,1141
28926.785525,2432779990,2432781126,16317,1136
28926.797549,2432789111,2432790255,16397,1144
28926.821595,2432807340,2432808481,16318,1141
28926.833618,2432816448,2432817593,16399,1145
28926.857663,2432834718,2432835869,16314,1151
28926.869685,2432843881,2432845027,16321,1146
28926.887720,2432857588,2432858733,16387,1145
28926.899736,2432866736,2432867870,16248,1134
28926.911765,2432875872,2432877013,16305,1141
28926.923790,2432884993,2432886133,16377,1140
28926.935807,2432894107,2432895243,16281,1136
28926.947833,2432903233,2432904368,16317,1135
28926.959858,2432912373,2432913518,16399,1145
28926.977892,2432926055,2432927197,16400,1142
28926.989908,2432935163,2432936303,16258,1140
28927.001939,2432944287,2432945423,16316,1136
28927.013961,2432953413,2432954559,16403,1146
28927.031995,2432967102,2432968229,16403,1127
28927.044010,2432976225,2432977371,16236,1146
28927.056041,2432985363,2432986509,16319,1146
28927.068062,2432994473,2432995618,16240,1145
28927.080079,2433003622,2433004759,16251,1137
28927.092109,2433012726,2433013866,16315,1140
28927.104132,2433021875,2433023016,16400,1141
28927.117161,2433033241,2433034379,16316,1138
28927.137194,2433046915,2433048052,16317,1137
28927.149218,2433056031,2433057170,16315,1139
28927.161234,2433065162,2433066302,16240,1140
28927.173262,2433074312,2433075458,16222,1146
28927.188285,2433085753,2433086893,16247,1140
28927.200315,2433094897,2433096040,16310,1143
28927.221356,2433110826,2433111963,16377,1137
28927.233371,2433119959,2433121104,16237,1145
28927.245401,2433129104,2433130250,16315,1146
28927.296491,2433167883,2433169029,16240,1146
28927.308517,2433177026,2433178163,16313,1137
28927.320541,2433186176,2433187312,16373,1136
28927.341576,2433202123,2433203264,16253,1141
28927.353604,2433211281,2433212427,16315,1146
28927.365626,2433220419,2433221562,16321,1143
28927.444781,2433282059,2433283205,16385,1146
28927.461811,2433293461,2433294599,16334,1138
28927.473833,2433302605,2433303750,16371,1145
28927.503879,2433325566,2433326698,16068,1132
28927.515914,2433334622,2433335764,16414,1142
28927.527928,2433343690,2433344836,16301,1146
28927.539951,2433352775,2433353918,16027,1143
28927.551980,2433361889,2433363030,16361,1141
28927.564000,2433370981,2433372128,16261,1147
28927.576019,2433380077,2433381220,15993,1143
28927.594053,2433393713,2433394839,16025,1126
28927.606087,2433402799,2433403933,16371,1134
28927.618106,2433411858,2433412999,16357,1141
28927.630125,2433420946,2433422083,16229,1137
28927.660186,2433443602,2433444734,16358,1132
28927.672207,2433452723,2433453861,16345,1138
28927.684225,2433461793,2433462932,16033,1139
28927.696256,2433470901,2433472021,16210,1120
28927.708276,2433479976,2433481121,16343,1145
28927.729311,2433495911,2433497054,16026,1143
28927.760376,2433520938,2433522079,16268,1141
28927.849546,2433586831,2433587977,16368,1146
28927.861566,2433595952,2433597090,16269,1138
28927.885615,2433614162,2433615304,16369,1142
28927.900637,2433625489,2433626629,16035,1140
28927.912670,2433634590,2433635731,16418,1141
28927.964769,2433675524,2433676666,16490,1142
28927.984803,2433689168,2433690309,16446,1141
28927.996823,2433698258,2433699395,16379,1137
28928.068962,2433752838,2433753982,16348,1144
28928.080979,2433761918,2433763050,16077,1132
28928.105029,2433780119,2433781256,16372,1137
28928.117048,2433789185,2433790328,16027,1143
28928.133091,2433802795,2433803926,16028,1131
28928.168150,2433827759,2433828892,16342,1133
28928.180168,2433836831,2433837965,16025,1134
28928.192197,2433845927,2433847071,16361,1144
28928.204216,2433855035,2433856180,16357,1145
28928.216237,2433864112,2433865256,16026,1144
28928.228266,2433873228,2433874365,16356,1137
28928.240285,2433882271,2433883407,16358,1136
28928.252305,2433891365,2433892503,15994,1138
28928.264339,2433900487,2433901612,16380,1125
28928.276355,2433909578,2433910715,16374,1137
28928.291386,2433920932,2433922078,16362,1146
28928.324443,2433945855,2433946991,16032,1136
28928.336471,2433954948,2433956087,16362,1139
28928.348492,2433964014,2433965157,16459,1143
28928.396580,2434000375,2434001507,16031,1132
28928.408612,2434009448,2434010587,16492,1139
28928.420626,2434018554,2434019694,16290,1140
28928.489763,2434070807,2434071948,16359,1141
28928.501786,2434079912,2434081057,16374,1145
28928.531835,2434102642,2434103791,16026,1149
28928.543867,2434111751,2434112878,16401,1127
28928.555887,2434120796,2434121933,16277,1137
28928.567909,2434129881,2434131024,16038,1143
28928.579935,2434138952,2434140082,16445,1130
28928.600972,2434154869,2434156009,16330,1140
28928.612991,2434163941,2434165084,16032,1143
28928.625020,2434173017,2434174157,16366,1140
28928.694146,2434225228,2434226366,16108,1138
28928.706178,2434234337,2434235479,16495,1142
28928.736231,2434257112,2434258245,16346,1133
28928.754264,2434270796,2434271929,16348,1133
28928.766283,2434279862,2434281002,15998,1140
28928.811369,2434313831,2434314962,16109,1131
28928.823397,2434322919,2434324057,16364,1138
28928.835419,2434332045,2434333176,16341,1131
28928.847437,2434341112,2434342236,16031,1124
28928.859472,2434350189,2434351305,16221,1116
28928.871486,2434359245,2434360385,16372,1140
28928.904555,2434384197,2434385325,16409,1128
28928.916573,2434393236,2434394387,16378,1151
28928.940621,2434411426,2434412572,16358,1146
28928.952641,2434420551,2434421693,16250,1142
28928.964658,2434429674,2434430816,15993,1142
28928.979693,2434441046,2434442183,16370,1137
28929.012758,2434466008,2434467153,16373,1145
28929.024774,2434475099,2434476240,16291,1141
28929.036797,2434484185,2434485323,16028,1138
28929.063852,2434504670,2434505797,16014,1127
28929.075880,2434513729,2434514854,16216,1125
28929.087902,2434522779,2434523912,16372,1133
28929.108937,2434538707,2434539830,16238,1123
28929.120964,2434547753,2434548894,16366,1141
28929.135986,2434559106,2434560240,16109,1134
28929.148015,2434568190,2434569327,16440,1137
28929.160037,2434577391,2434578534,16342,1143
28929.172058,2434586471,2434587612,16315,1141
28929.184083,2434595530,2434596659,16439,1129
28929.196104,2434604597,2434605730,16382,1133
28929.217141,2434620459,2434621590,16107,1131
28929.229169,2434629531,2434630669,16442,1138
28929.244192,2434640871,2434641999,16071,1128
28929.256225,2434649988,2434651126,16380,1138
28929.268241,2434659039,2434660177,16369,1138
28929.280260,2434668080,2434669201,16031,1121
28929.292289,2434677138,2434678268,16347,1130
28929.344393,2434717933,2434719068,16356,1135
28929.367429,2434733848,2434734984,16370,1136
28929.379452,2434742937,2434744078,16312,1141
28929.391480,2434752019,2434753138,16294,1119
28929.403499,2434761103,2434762254,16425,1151
28929.415518,2434770156,2434771293,16030,1137
28929.427549,2434779245,2434780370,16221,1125
28929.439567,2434788293,2434789432,16380,1139
28929.460603,2434804216,2434805359,15988,1143
28929.472633,2434813319,2434814465,16448,1146
28929.523723,2434851831,2434852958,16072,1127
28929.535752,2434860894,2434862040,16464,1146
28929.547773,2434870004,2434871148,16262,1144
28929.559796,2434879388,2434880516,16215,1128
28929.571823,2434888495,2434889633,16379,1138
28929.583841,2434897593,2434898728,16374,1135
28929.595868,2434906631,2434907762,16116,1131
28929.613899,2434920241,2434921383,16042,1142
28929.625924,2434929329,2434930475,16361,1146
28929.640946,2434940647,2434941781,16031,1134
28929.652980,2434949739,2434950874,16371,1135
28929.664997,2434958814,2434959955,16380,1141
28929.677015,2434967912,2434969048,15991,1136
28929.692047,2434979280,2434980425,16367,1145
28929.761181,2435031441,2435032576,16361,1135
28929.773203,2435040881,2435042024,16350,1143
28929.785221,2435049941,2435051071,15997,1130
28929.863372,2435108814,2435109957,16355,1143
28929.875392,2435117889,2435119027,16032,1138
28929.896441,2435133837,2435134971,16407,1134
28929.908459,2435142945,2435144090,16375,1145
28929.968576,2435188443,2435189584,16363,1141
28929.980599,2435197871,2435199012,16365,1141
28930.073769,2435268264,2435269400,16109,1136
28930.085799,2435277363,2435278502,16370,1139
28930.151923,2435327249,2435328384,16427,1135
28930.163941,2435336275,2435337414,16031,1139
28930.175970,2435345390,2435346521,16366,1131
28930.218043,2435377420,2435378558,16033,1138
28930.230073,2435386482,2435387618,16444,1136
28930.248113,2435400181,2435401303,16299,1122
28930.260128,2435409271,2435410408,16457,1137
28930.272149,2435418388,2435419523,16239,1135
28930.284180,2435427504,2435428649,16321,1145
28930.296203,2435436668,2435437817,16403,1149
28930.308218,2435445842,2435446983,16236,1141
28930.320247,2435454984,2435456128,16318,1144
28930.332271,2435464099,2435465255,16402,1156
28930.344286,2435473255,2435474383,16252,1128
28930.356313,2435482339,2435483481,16358,1142
28930.368333,2435491458,2435492597,16371,1139
28930.380356,2435500512,2435501649,16070,1137
28930.392384,2435509644,2435510780,16406,1136
28930.407404,2435521004,2435522138,15990,1134
28930.443475,2435548279,2435549414,16314,1135
28930.455503,2435557379,2435558524,16458,1145
28930.467522,2435566482,2435567621,16458,1139
28930.479544,2435575553,2435576689,16219,1136
28930.491573,2435584653,2435585789,16417,1136
28930.503589,2435593725,2435594870,16370,1145
28930.515609,2435602805,2435603943,16106,1138
28930.527639,2435611898,2435613035,16366,1137
28930.539659,2435620997,2435622139,16266,1142
28930.557692,2435634602,2435635738,16401,1136
28930.569713,2435643673,2435644816,16108,1143
28930.587755,2435657287,2435658423,16194,1136
28930.599776,2435666351,2435667481,16438,1130
28930.611796,2435675432,2435676571,16336,1139
28930.623815,2435684490,2435685627,16109,1137
28930.665899,2435716250,2435717383,16372,1133
28930.677918,2435725281,2435726419,16030,1138
28930.716999,2435754798,2435755931,16349,1133
28930.729020,2435763876,2435765003,16380,1127
28930.792142,2435811610,2435812749,16365,1139
28930.804159,2435820710,2435821842,16029,1132
28930.816188,2435829780,2435830916,16363,1136
28930.828208,2435838847,2435839984,16384,1137
28930.840232,2435847930,2435849072,16259,1142
28930.852256,2435857029,2435858175,16367,1146
28930.864277,2435866124,2435867269,16460,1145
28930.885320,2435881993,2435883127,16115,1134
28930.897344,2435891103,2435892236,16473,1133
28930.921381,2435909300,2435910434,16109,1134
28930.933410,2435918405,2435919556,16360,1151
28930.984505,2435956955,2435958103,16075,1148
28930.996530,2435966083,2435967227,16360,1144
28931.017568,2435982019,2435983148,16377,1129
28931.029587,2435991065,2435992203,16109,1138
28931.132789,2436070370,2436071498,16257,1128
28931.176873,2436102111,2436103249,16443,1138
28931.188897,2436111184,2436112322,16447,1138
28931.203925,2436122533,2436123670,16370,1137
28931.215947,2436131650,2436132782,16346,1132
28931.227964,2436140718,2436141851,15993,1133
28931.245999,2436154382,2436155524,15989,1142
28931.258028,2436163443,2436164579,16360,1136
28931.273050,2436174768,2436175904,16031,1136
28931.285082,2436183873,2436185019,16415,1146
28931.297100,2436192946,2436194085,16463,1139
28931.348199,2436231520,2436232662,16359,1142
28931.360219,2436240575,2436241713,16377,1138
28931.378250,2436254156,2436255290,16291,1134
28931.390273,2436263239,2436264377,16025,1138
28931.408306,2436276876,2436278014,15992,1138
28931.420337,2436285939,2436287075,16452,1136
28931.453393,2436310977,2436312111,16109,1134
28931.465422,2436320068,2436321205,16439,1137
28931.477443,2436329183,2436330318,16458,1135
28931.555594,2436388071,2436389210,16357,1139
28931.567613,2436397174,2436398308,16365,1134
28931.579641,2436406232,2436407371,16116,1139
28931.597667,2436419862,2436420994,16107,1132
28931.609696,2436428928,2436430069,16446,1141
28931.624719,2436440282,2436441420,15995,1138
28931.636753,2436449386,2436450519,16378,1133
28931.664801,2436472008,2436473145,16329,1137
28931.687839,2436487871,2436489007,16108,1136
28931.699868,2436496965,2436498101,16445,1136
28931.711888,2436506042,2436507185,16378,1143
28931.729922,2436519647,2436520784,16324,1137
28931.741942,2436528757,2436529888,16073,1131
28931.772005,2436551441,2436552574,16440,1133
28931.784028,2436560519,2436561659,16365,1140
28931.796044,2436569582,2436570718,16110,1136
28931.814078,2436583170,2436584313,16025,1143
28931.826108,2436592239,2436593376,16358,1137
28931.874198,2436628558,2436629695,16375,1137
28931.886217,2436637625,2436638755,16030,1130
28931.913268,2436658036,2436659167,16032,1131
28931.925297,2436667078,2436668219,16366,1141
28931.979403,2436707907,2436709049,16532,1142
28931.991420,2436716985,2436718116,16417,1131
28932.003439,2436726034,2436727168,16032,1134
28932.015468,2436735098,2436736225,16353,1127
28932.027489,2436744207,2436745339,16268,1132
28932.039508,2436753276,2436754419,15998,1143
28932.051537,2436762382,2436763519,16368,1137
28932.063558,2436771460,2436772597,16424,1137
28932.075584,2436780577,2436781715,16161,1138
28932.087608,2436789672,2436790788,16292,1116
28932.195811,2436871332,2436872475,16436,1143
28932.207831,2436880432,2436881577,16381,1145
28932.219851,2436889480,2436890618,16031,1138
28932.231884,2436898596,2436899741,16367,1145
28932.243900,2436907684,2436908815,16452,1131
28932.255920,2436916757,2436917900,16113,1143
28932.267948,2436925795,2436926930,16445,1135
28932.279972,2436934826,2436935956,16368,1130
28932.291988,2436943834,2436944964,16031,1130
28932.304017,2436952916,2436954062,16366,1146
28932.316037,2436962031,2436963175,16379,1144
28932.328059,2436971114,2436972262,16229,1148
28932.340085,2436980195,2436981332,16363,1137
28932.352106,2436989285,2436990421,16376,1136
28932.364125,2436998358,2436999486,16030,1128
28932.376157,2437007443,2437008584,16412,1141
28932.388176,2437016517,2437017645,16351,1128
28932.400194,2437025545,2437026676,16030,1131
28932.412223,2437034613,2437035758,16356,1145
28932.424243,2437043726,2437044865,16267,1139
28932.436259,2437053026,2437054158,16033,1132
28932.448291,2437062115,2437063252,16356,1137
28932.460310,2437071235,2437072375,16360,1140
28932.472338,2437080301,2437081433,16114,1132
28932.499389,2437094044,2437094649,11967,605
28932.512916,2437099086,2437099903,13380,817
28932.524940,2437107781,2437108914,16399,1133
28932.536958,2437116823,2437117966,16374,1143
28932.548977,2437125862,2437126997,16031,1135
28932.561012,2437134954,2437136097,16371,1143
28932.577039,2437148545,2437149683,16366,1138
28932.624128,2437182496,2437183629,16402,1133
28932.636148,2437191561,2437192694,16380,1133
28932.648165,2437200635,2437201759,15992,1124
28932.660194,2437209713,2437210846,16441,1133
28932.672215,2437218770,2437219912,16267,1142
28932.684233,2437227845,2437228988,15999,1143
28932.696263,2437236912,2437238058,16442,1146
28932.708283,2437245983,2437247118,16458,1135
28932.720310,2437255041,2437256179,16111,1138
28932.732335,2437264125,2437265267,16457,1142
28932.744351,2437273210,2437274353,16374,1143
28932.756371,2437282285,2437283423,16030,1138
28932.771404,2437293664,2437294800,16331,1136
28932.807472,2437320926,2437322068,16375,1142
28932.819499,2437329998,2437331136,16119,1138
28932.831520,2437339051,2437340197,16353,1146
28932.843541,2437348367,2437349501,16375,1134
28932.855560,2437357434,2437358570,16032,1136
28932.867593,2437366553,2437367695,16278,1142
28932.903657,2437393807,2437394947,16362,1140
28932.915678,2437402889,2437404027,16377,1138
28932.927696,2437411969,2437413107,16111,1138
28932.939726,2437421026,2437422159,16440,1133
28932.951746,2437430104,2437431242,16460,1138
28932.963769,2437439131,2437440274,16124,1143
28932.975798,2437448272,2437449417,16375,1145
28932.987816,2437457390,2437458513,16423,1123
28933.001340,2437465803,2437466932,16291,1129
28933.013360,2437474856,2437475999,15999,1143
28933.025393,2437483955,2437485093,16368,1138
28933.037409,2437493032,2437494170,16370,1138
28933.049428,2437502285,2437503421,16032,1136
28933.061457,2437511357,2437512501,16355,1144
28933.076480,2437522677,2437523812,16030,1135
28933.088508,2437531759,2437532898,16355,1139
28933.103531,2437543109,2437544240,16033,1131
28933.115559,2437552189,2437553335,16349,1146
28933.127582,2437561275,2437562413,16312,1138
28933.139600,2437570328,2437571458,16115,1130
28933.151629,2437579364,2437580502,16359,1138
28933.163649,2437588439,2437589579,16458,1140
28933.175668,2437597492,2437598622,16035,1130
28933.187698,2437606566,2437607707,16370,1141
28933.199718,2437615651,2437616789,16378,1138
28933.211737,2437624693,2437625836,16030,1143
28933.223770,2437633762,2437634894,16377,1132
28933.235784,2437642839,2437643979,16438,1140
28933.247811,2437651939,2437653072,16324,1133
28933.259837,2437661064,2437662198,16359,1134
28933.271858,2437670127,2437671264,16441,1137
28933.283874,2437679205,2437680348,16112,1143
28933.295903,2437688294,2437689436,16434,1142
28933.307924,2437697370,2437698508,16375,1138
28933.319948,2437706415,2437707556,16264,1141
28933.353011,2437731428,2437732568,16347,1140
28933.365039,2437740485,2437741621,16191,1136
28933.380061,2437751841,2437752985,16381,1144
28933.392080,2437760935,2437762071,16000,1136
28933.404108,2437769960,2437771093,16357,1133
28933.416129,2437779007,2437780137,16266,1130
28933.428149,2437788080,2437789212,15999,1132
28933.446187,2437801683,2437802826,16128,1143
28933.458211,2437810771,2437811908,16444,1137
28933.473235,2437822112,2437823243,16102,1131
28933.485263,2437831168,2437832306,16441,1138
28933.497282,2437840256,2437841389,16364,1133
28933.521336,2437858402,2437859548,16373,1146
28933.533352,2437867508,2437868648,16416,1140
28933.552397,2437883403,2437884541,16027,1138
28933.575438,2437899300,2437900427,16365,1127
28933.587455,2437908350,2437909474,16463,1124
28933.599474,2437917383,2437918514,16032,1131
28933.611503,2437926466,2437927607,16354,1141
28933.623526,2437935558,2437936696,16343,1138
28933.635543,2437944660,2437945796,16013,1136
28933.653577,2437958285,2437959416,16108,1131
28933.665609,2437967411,2437968534,16401,1123
28933.677628,2437976520,2437977661,16351,1141
28933.689646,2437985631,2437986774,15999,1143
28933.704678,2437996984,2437998121,16370,1137
28933.716700,2438006048,2438007181,16318,1133
28933.737743,2438021951,2438023093,16363,1142
28933.749765,2438031047,2438032187,16387,1140
28933.779817,2438053798,2438054941,16110,1143
28933.791846,2438062885,2438064022,16357,1137
28933.803863,2438071981,2438073127,16297,1146
28933.815888,2438081075,2438082221,16323,1146
28933.827915,2438090143,2438091289,16350,1146
28933.860979,2438115086,2438116229,16115,1143
28933.873000,2438124170,2438125308,16359,1138
28933.897043,2438142312,2438143445,16297,1133
28933.909071,2438151407,2438152522,16210,1115
28933.948141,2438180851,2438181989,16367,1138
28933.960168,2438189908,2438191043,16202,1135
28933.972189,2438198973,2438200115,16351,1142
28933.984210,2438208055,2438209179,16376,1124
28934.014266,2438230760,2438231906,16323,1146
28934.026292,2438239869,2438241013,16441,1144
28934.065367,2438269437,2438270574,16361,1137
28934.077383,2438278476,2438279606,15992,1130
28934.101433,2438296622,2438297752,16330,1130
28934.113455,2438305661,2438306801,16146,1140
28934.125481,2438314768,2438315908,16440,1140
28934.137501,2438323848,2438324994,16370,1146
28934.155536,2438337484,2438338621,16381,1137
28934.167555,2438346565,2438347699,16005,1134
28934.179588,2438355651,2438356797,16450,1146
28934.197618,2438369268,2438370406,16346,1138
28934.209639,2438378357,2438379493,16349,1136
28934.221657,2438387394,2438388530,16074,1136
28934.233686,2438396523,2438397660,16362,1137
28934.245707,2438405602,2438406747,16432,1145
28934.260740,2438416927,2438418073,16443,1146
28934.272758,2438425989,2438427118,16381,1129
28934.284777,2438435218,2438436359,16111,1141
28934.296810,2438444312,2438445442,16454,1130
28934.324863,2438467064,2438468203,16371,1139
28934.344896,2438480695,2438481833,16373,1138
28934.356922,2438489740,2438490874,16094,1134
28934.377960,2438505596,2438506733,16356,1137
28934.389983,2438514678,2438515807,16347,1129
28934.429052,2438544148,2438545274,16115,1126
28934.441085,2438553233,2438554371,16455,1138
28934.453103,2438562328,2438563451,16351,1123
28934.465120,2438571346,2438572481,16034,1135
28934.477150,2438580418,2438581556,16356,1138
28934.498187,2438596314,2438597454,16413,1140
28934.510211,2438605386,2438606522,16260,1136
28934.534256,2438623588,2438624734,16381,1146
28934.567321,2438648549,2438649687,16358,1138
28934.579342,2438657623,2438658769,16374,1146
28934.591360,2438666690,2438667821,16034,1131
28934.609397,2438680321,2438681459,16252,1138
28934.621424,2438689428,2438690570,16442,1142
28934.633446,2438698548,2438699694,16433,1146
28934.645463,2438707661,2438708809,16031,1148
28934.657495,2438716783,2438717922,16399,1139
28934.684545,2438737198,2438738344,16374,1146
28934.696566,2438746326,2438747459,16387,1133
28934.723615,2438766744,2438767882,16449,1138
28934.735635,2438775826,2438776964,15961,1138
28934.747664,2438784883,2438786021,16352,1138
28934.759687,2438793969,2438795113,16272,1144
28934.771704,2438803029,2438804151,16082,1122
28934.783733,2438812104,2438813249,16363,1145
28934.795755,2438821199,2438822327,16386,1128
28934.807775,2438830288,2438831416,16224,1128
28934.819801,2438839388,2438840534,16366,1146
28934.837837,2438853056,2438854184,16463,1128
28934.849856,2438862099,2438863237,16463,1138
28934.891940,2438893879,2438895006,16371,1127
28934.903959,2438902943,2438904081,16220,1138
28934.915978,2438912019,2438913149,16004,1130
28934.928007,2438921075,2438922217,16355,1142
28934.940027,2438930148,2438931288,16377,1140
28934.952054,2438939226,2438940369,16117,1143
28934.964075,2438948332,2438949469,16441,1137
28934.976096,2438957371,2438958499,16377,1128
28934.988115,2438966397,2438967540,16036,1143
28935.000144,2438975485,2438976618,16362,1133
28935.012166,2438984553,2438985686,16352,1133
28935.024184,2438993634,2438994755,16116,1121
28935.042218,2439007215,2439008348,16031,1133
28935.054250,2439016282,2439017423,16407,1141
28935.096321,2439047989,2439049120,16115,1131
28935.108354,2439057083,2439058205,16375,1122
28935.160455,2439097863,2439099014,16431,1151
28935.177475,2439109181,2439110315,16034,1134
28935.189504,2439118251,2439119386,16360,1135
28935.207544,2439131860,2439132978,16210,1118
28935.264645,2439174863,2439176000,16375,1137
28935.276661,2439183944,2439185080,15912,1136
28935.288695,2439193023,2439194153,16390,1130
28935.303718,2439204357,2439205503,16235,1146
28935.315744,2439213454,2439214586,16443,1132
28935.327765,2439222520,2439223649,16382,1129
28935.339789,2439231629,2439232776,16349,1147
28935.351815,2439240795,2439241946,16325,1151
28935.363840,2439249957,2439251113,16330,1156
28935.375856,2439259127,2439260273,16218,1146
28935.387884,2439268275,2439269414,16313,1139
28935.399907,2439277431,2439278569,16322,1138
28935.411924,2439286589,2439287729,16338,1140
28935.423952,2439295663,2439296782,16209,1119
28935.435971,2439304739,2439305876,16382,1137
28935.447998,2439313824,2439314953,16122,1129
28935.460019,2439322895,2439324034,16441,1139
28935.478053,2439336516,2439337659,16433,1143
28935.490075,2439345624,2439346766,16353,1142
28935.508109,2439359272,2439360399,16428,1127
28935.520127,2439368343,2439369486,16038,1143
28935.532156,2439377435,2439378570,16363,1135
28935.544176,2439386480,2439387618,16464,1138
28935.556195,2439395526,2439396662,16076,1136
28935.568224,2439404634,2439405776,16438,1142
28935.580245,2439413747,2439414898,16457,1151
28935.592264,2439422873,2439424014,16037,1141
28935.613310,2439438789,2439439922,16352,1133
28935.625331,2439447865,2439449010,16458,1145
28935.700473,2439504487,2439505620,16236,1133
28935.712501,2439513572,2439514711,16374,1139
28935.728534,2439527153,2439528286,16348,1133
28935.748570,2439540757,2439541893,16457,1136
28935.760588,2439549842,2439550980,16377,1138
28935.775619,2439561186,2439562329,16452,1143
28935.787639,2439570280,2439571420,16458,1140
28935.799661,2439579384,2439580517,16299,1133
28935.811691,2439588467,2439589595,16386,1128
28935.823708,2439597551,2439598691,16378,1140
28935.835727,2439606612,2439607748,15953,1136
28935.847759,2439615742,2439616879,16369,1137
28935.865792,2439629298,2439630411,16210,1113
28935.877809,2439638381,2439639523,16450,1142
28935.908877,2439663349,2439664495,16356,1146
28935.928910,2439676975,2439678113,16349,1138
28935.940931,2439686049,2439687188,16245,1139
28935.964979,2439704203,2439705344,16350,1141
28935.977000,2439713279,2439714409,16378,1130
28935.989019,2439722347,2439723495,15956,1148
28936.013069,2439740567,2439741699,16377,1132
28936.025090,2439749663,2439750800,16151,1137
28936.085205,2439795004,2439796149,16375,1145
28936.097227,2439804094,2439805230,16254,1136
28936.113267,2439817747,2439818884,16231,1137
28936.127289,2439826933,2439828067,16375,1134
28936.139308,2439836015,2439837148,16287,1133
28936.151327,2439845064,2439846190,16112,1126
28936.163356,2439854107,2439855240,16435,1133
28936.175375,2439863186,2439864326,16360,1140
28936.193411,2439876790,2439877936,16347,1146
28936.205432,2439885916,2439887053,16077,1137
28936.223465,2439899560,2439900698,16116,1138
28936.235495,2439908634,2439909780,16372,1146
28936.247517,2439917753,2439918893,16362,1140
28936.259537,2439926797,2439927936,16076,1139
28936.271562,2439935886,2439937026,16363,1140
28936.283579,2439944975,2439946121,16304,1146
28936.295604,2439954071,2439955209,16222,1138
28936.307635,2439963192,2439964351,16452,1159
28936.328668,2439979090,2439980228,16376,1138
28936.340695,2439988169,2439989298,16119,1129
28936.352716,2439997234,2439998380,16360,1146
28936.364738,2440006350,2440007488,16343,1138
28936.391789,2440026759,2440027896,16272,1137
28936.403807,2440035848,2440036981,15999,1133
28936.415838,2440044947,2440046067,16209,1120
28936.427859,2440054023,2440055163,16321,1140
28936.439888,2440063126,2440064261,16393,1135
28936.451905,2440072220,2440073353,16360,1133
28936.463926,2440081297,2440082435,16371,1138
28936.475945,2440090366,2440091510,16035,1144
28936.487973,2440099436,2440100573,16355,1137
28936.536063,2440135785,2440136918,16374,1133
28936.549590,2440146330,2440147476,16346,1146
28936.561611,2440155418,2440156548,16153,1130
28936.573641,2440164548,2440165678,16375,1130
28936.624728,2440203056,2440204190,16113,1134
28936.639760,2440214385,2440215524,16261,1139
28936.681844,2440246172,2440247314,16381,1142
28936.693865,2440255243,2440256386,16361,1143
28936.705882,2440264298,2440265433,16120,1135
28936.741953,2440291600,2440292742,16236,1142
28936.753984,2440300942,2440302088,16371,1146
28936.808083,2440341729,2440342873,16359,1144
28936.820103,2440350809,2440351942,16373,1133
28936.832122,2440359869,2440361010,16032,1141
28936.845155,2440371230,2440372367,16282,1137
28936.874202,2440391684,2440392827,16290,1143
28936.886235,2440400809,2440401946,16308,1137
28936.898254,2440409908,2440411042,16352,1134
28936.937324,2440439384,2440440517,16247,1133
28936.949345,2440448457,2440449587,15991,1130
28936.961374,2440457743,2440458888,16354,1145
28936.973394,2440466813,2440467940,16370,1127
28936.985421,2440475850,2440476986,16113,1136
28936.997443,2440484906,2440486039,16360,1133
28937.009463,2440493946,2440495084,16367,1138
28937.052549,2440527968,2440529099,16306,1131
28937.156739,2440605023,2440606152,16030,1129
28937.168770,2440614151,2440615278,16458,1127
28937.189809,2440630006,2440631137,16360,1131
28937.201825,2440639030,2440640161,16023,1131
28937.261943,2440684409,2440685542,16454,1133
28937.273962,2440693449,2440694580,16064,1131
28937.322060,2440729695,2440730833,16361,1138
28937.334080,2440738798,2440739926,16251,1128
28937.346100,2440747866,2440749001,15993,1135
28937.358128,2440756904,2440758042,16440,1138
28937.370149,2440765965,2440767103,16417,1138
28937.416740,2440801444,2440802573,16368,1129
28937.428760,2440810494,2440811639,16336,1145
28937.449797,2440826356,2440827477,16029,1121
28937.461825,2440835369,2440836507,16357,1138
28937.476849,2440846712,2440847843,16112,1131
28937.488883,2440855762,2440856881,16258,1119
28937.500899,2440864856,2440866002,16296,1146
28937.576037,2440921449,2440922580,16036,1131
28937.588071,2440930526,2440931661,16370,1135
28937.600087,2440939595,2440940733,16335,1138
28937.612105,2440948627,2440949766,15950,1139
28937.624134,2440957705,2440958836,16274,1131
28937.681241,2441000691,2441001837,16266,1146
28937.693260,2441009788,2441010922,15995,1134
28937.780429,2441075463,2441076596,16260,1133
28937.792451,2441084842,2441085983,16230,1141
28937.831532,2441114379,2441115519,16407,1140
28937.843549,2441123469,2441124615,16372,1146
28937.855572,2441132540,2441133677,15967,1137
28937.867597,2441141579,2441142721,16315,1142
28937.888637,2441157451,2441158579,16343,1128
28937.900651,2441166563,2441167690,15917,1127
28937.912683,2441175646,2441176791,16272,1145
28937.927715,2441187016,2441188155,16303,1139
28937.984824,2441230091,2441231227,16364,1136
28937.996843,2441239189,2441240326,16403,1137
28938.008860,2441248237,2441249378,16073,1141
28938.020889,2441257288,2441258426,16445,1138
28938.096029,2441313879,2441315012,16455,1133
28938.108048,2441322922,2441324062,16108,1140
28938.120077,2441332026,2441333172,16440,1146
28938.132101,2441341105,2441342237,16443,1132
28938.144117,2441350144,2441351275,16109,1131
28938.156148,2441359184,2441360293,16216,1109
28938.168167,2441368243,2441369377,16374,1134
28938.192215,2441386377,2441387510,16366,1133
28938.204237,2441395490,2441396613,16429,1123
28938.216255,2441404519,2441405655,16073,1136
28938.228287,2441413565,2441414698,16406,1133
28938.240303,2441422613,2441423762,16376,1149
28938.312441,2441476969,2441478102,16372,1133
28938.324468,2441486029,2441487168,16111,1139
28938.345508,2441501916,2441503049,16383,1133
28938.357526,2441510972,2441512111,16372,1139
28938.396601,2441540455,2441541593,16075,1138
28938.408626,2441549543,2441550684,16372,1141
28938.441683,2441574559,2441575702,16031,1143
28938.453712,2441583676,2441584811,16359,1135
28938.519836,2441633593,2441634722,16342,1129
28938.531854,2441642634,2441643777,16027,1143
28938.543884,2441651720,2441652850,16356,1130
28938.561920,2441665292,2441666410,16211,1118
28938.573938,2441674328,2441675458,16348,1130
28938.600990,2441694779,2441695919,16376,1140
28938.613009,2441703849,2441704980,16034,1131
28938.625042,2441712922,2441714055,16411,1133
28938.637059,2441721981,2441723114,16372,1133
28938.649077,2441731016,2441732143,15998,1127
28938.694163,2441765074,2441766201,16025,1127
28938.706192,2441774111,2441775248,16314,1137
28938.721222,2441785421,2441786550,16107,1129
28938.736247,2441796771,2441797917,16374,1146
28938.748266,2441805852,2441806983,15913,1131
28938.760295,2441814904,2441816050,16269,1146
28938.772316,2441823987,2441825123,16173,1136
28938.793352,2441839803,2441840933,16026,1130
28938.805385,2441848868,2441849991,16191,1123
28938.817403,2441857982,2441859116,16426,1134
28938.844449,2441878361,2441879492,16298,1131
28938.856472,2441887435,2441888580,15993,1145
28938.877522,2441903351,2441904492,16369,1141
28938.889539,2441912431,2441913561,16286,1130
28938.904574,2441923725,2441924834,16237,1109
28938.919599,2441935003,2441936139,16078,1136
28938.931625,2441944051,2441945168,16172,1117
28938.943643,2441953125,2441954258,16341,1133
28938.955662,2441962142,2441963277,16030,1135
28938.967689,2441971217,2441972363,16359,1146
28938.979711,2441980336,2441981476,16344,1140
28939.012775,2442005228,2442006366,16365,1138
28939.024799,2442014332,2442015467,16321,1135
28939.036815,2442023407,2442024544,16073,1137
28939.052858,2442036977,2442038108,16030,1131
28939.069881,2442048372,2442049507,16340,1135
28939.081900,2442057473,2442058609,15996,1136
28939.157050,2442114028,2442115167,16446,1139
28939.169070,2442123072,2442124204,16271,1132
28939.220172,2442161562,2442162695,16402,1133
28939.232191,2442170658,2442171791,16346,1133
28939.244209,2442179672,2442180797,16026,1125
28939.259242,2442191011,2442192153,16456,1142
28939.304327,2442225126,2442226259,16374,1133
28939.316354,2442234150,2442235293,16053,1143
28939.328380,2442243293,2442244434,16375,1141
28939.361434,2442268285,2442269423,16065,1138
28939.373466,2442277418,2442278565,16348,1147
28939.385482,2442286524,2442287657,16463,1133
28939.397503,2442295573,2442296712,16294,1139
28939.424552,2442315992,2442317135,16030,1143
28939.436581,2442325111,2442326251,16408,1140
28939.463633,2442345449,2442346582,16365,1133
28939.475655,2442354558,2442355696,16435,1138
28939.487672,2442363606,2442364731,15999,1125
28939.508719,2442379473,2442380613,16436,1140
28939.520742,2442388520,2442389651,16338,1131
28939.571843,2442427034,2442428170,16365,1136
28939.583859,2442436103,2442437231,16462,1128
28939.595878,2442445129,2442446265,15949,1136
28939.607907,2442454164,2442455297,16356,1133
28939.619931,2442463205,2442464340,16315,1135
28939.643975,2442481346,2442482473,16353,1127
28939.655999,2442490410,2442491548,16317,1138
28939.668018,2442499485,2442500631,16235,1146
28939.680044,2442508559,2442509700,16359,1141
28939.692065,2442517679,2442518819,16375,1140
28939.704084,2442526739,2442527865,16110,1126
28939.716115,2442535838,2442536968,16457,1130
28939.728133,2442544889,2442546035,16458,1146
28939.740151,2442553953,2442555089,16031,1136
28939.752183,2442563001,2442564134,16387,1133
28939.764202,2442572079,2442573224,16255,1145
28939.782236,2442585709,2442586842,16459,1133
28939.794258,2442594762,2442595900,16147,1138
28939.815304,2442610622,2442611750,16487,1128
28939.827319,2442619689,2442620824,16381,1135
28939.839341,2442628776,2442629919,16003,1143
28939.851372,2442637868,2442639006,16394,1138
28939.863390,2442646959,2442648092,16161,1133
28939.875410,2442656011,2442657137,15996,1126
28939.899461,2442674143,2442675270,16341,1127
28939.911486,2442683224,2442684367,16074,1143
28939.923509,2442692275,2442693392,16215,1117
28939.935527,2442701337,2442702474,16333,1137
28939.947547,2442710389,2442711511,16111,1122
28939.959576,2442719428,2442720567,16440,1139
28939.971597,2442728518,2442729653,16353,1135
28939.983615,2442737568,2442738706,16110,1138
28940.007665,2442755682,2442756811,16461,1129
28940.019684,2442764713,2442765840,16078,1127
28940.031714,2442773767,2442774905,16463,1138
28940.043733,2442782834,2442783974,16463,1140
28940.055757,2442791955,2442793097,16229,1142
28940.067786,2442801085,2442802218,16354,1133
28940.079802,2442810110,2442811250,16374,1140
28940.097838,2442823736,2442824871,16340,1135
28940.109863,2442832809,2442833942,16113,1133
28940.218059,2442914486,2442915614,16103,1128
28940.230090,2442923527,2442924667,16357,1140
28940.257142,2442943914,2442945038,16359,1124
28940.269163,2442953057,2442954192,16425,1135
28940.281184,2442962092,2442963216,16315,1124
28940.296213,2442973387,2442974525,16379,1138
28940.323265,2442993779,2442994921,16378,1142
28940.338296,2443005094,2443006228,16358,1134
28940.359334,2443020973,2443022112,16221,1139
28940.371356,2443030122,2443031260,16254,1138
28940.383384,2443039248,2443040392,16254,1144
28940.395409,2443048414,2443049553,16314,1139
28940.407431,2443057576,2443058718,16319,1142
28940.419455,2443066721,2443067859,16319,1138
28940.431476,2443075869,2443077009,16384,1140
28940.443492,2443085015,2443086153,16258,1138
28940.455519,2443094081,2443095223,16361,1142
28940.467542,2443103189,2443104327,16343,1138
28940.479558,2443112257,2443113391,15945,1134
28940.491588,2443121356,2443122502,16360,1146
28940.503608,2443130466,2443131600,16374,1134
28940.515627,2443139514,2443140639,16031,1125
28940.527658,2443148565,2443149686,16217,1121
28940.539677,2443157622,2443158760,16374,1138
28940.557712,2443171174,2443172315,16262,1141
28940.569730,2443180264,2443181394,15997,1130
28940.648896,2443241424,2443242555,16074,1131
28940.668918,2443255060,2443256202,15993,1142
28940.680949,2443264150,2443265283,16384,1133
28940.753085,2443318509,2443319639,16387,1130
28940.765107,2443327649,2443328789,16390,1140
28940.780136,2443338932,2443340064,16365,1132
28940.840245,2443384186,2443385324,16074,1138
28940.852275,2443393293,2443394409,16211,1116
28940.864295,2443402354,2443403482,16346,1128
28940.876313,2443411386,2443412515,16105,1129
28940.891345,2443422730,2443423873,16371,1143
28940.903374,2443431818,2443432954,16303,1136
28940.915394,2443440882,2443442019,16444,1137
28940.927414,2443449915,2443451048,16464,1133
28940.939433,2443458943,2443460081,16032,1138
28940.951462,2443468041,2443469186,16360,1145
28940.963484,2443477143,2443478272,16342,1129
28940.975501,2443486215,2443487348,16107,1133
28940.987531,2443495259,2443496403,16357,1144
28940.999551,2443504321,2443505445,16382,1124
28941.017585,2443517857,2443518995,16371,1138
28941.029604,2443526887,2443528023,16030,1136
28941.071688,2443558671,2443559817,16369,1146
28941.083708,2443567750,2443568893,16029,1143
28941.173879,2443635644,2443636780,16110,1136
28941.185908,2443644726,2443645856,16446,1130
28941.276079,2443712679,2443713818,16364,1139
28941.288100,2443721774,2443722903,16374,1129
28941.300126,2443730832,2443731968,16029,1136
28941.312148,2443739855,2443740984,16360,1129
28941.324168,2443748892,2443750037,16242,1145
28941.336193,2443757970,2443759105,16259,1135
28941.357238,2443773879,2443775021,16363,1142
28941.369254,2443782993,2443784133,16379,1140
28941.388327,2443798851,2443799989,16024,1138
28941.417342,2443819264,2443820394,16068,1130
28941.429371,2443828307,2443829444,16401,1137
28941.480462,2443866758,2443867890,16108,1132
28941.492491,2443875793,2443876938,16442,1145
28941.507516,2443887189,2443888331,16232,1142
28941.519547,2443896311,2443897433,16323,1122
28941.531563,2443905341,2443906481,16380,1140
28941.549597,2443918942,2443920070,16347,1128
28941.561616,2443927995,2443929122,16034,1127
28941.588332,2443941738,2443942348,11947,610
28941.602200,2443946809,2443947625,13533,816
28941.614223,2443955473,2443956606,16379,1133
28941.626243,2443964512,2443965649,16380,1137
28941.638262,2443973567,2443974703,16110,1136
28941.656296,2443987131,2443988261,16030,1130
28941.668325,2443996153,2443997281,16356,1128
28941.680346,2444005209,2444006342,16379,1133
28941.692365,2444014222,2444015352,16032,1130
28941.704398,2444023290,2444024428,16453,1138
28941.719416,2444034632,2444035761,15997,1129
28941.731445,2444043656,2444044785,16364,1129
28941.743466,2444052711,2444053844,16462,1133
28941.755485,2444061746,2444062882,16041,1136
28941.776531,2444077610,2444078748,16436,1138
28941.788552,2444086651,2444087797,16333,1146
28941.803588,2444098010,2444099121,16294,1111
28941.839651,2444125145,2444126278,16437,1133
28941.851675,2444134218,2444135346,16445,1128
28941.863691,2444143229,2444144359,16119,1130
28941.875719,2444152296,2444153438,16439,1142
28941.887741,2444161405,2444162551,16381,1146
28941.899762,2444170524,2444171657,16256,1133
28941.911788,2444179585,2444180731,16361,1146
28941.923810,2444188729,2444189867,16343,1138
28941.935828,2444197756,2444198875,16035,1119
28941.947860,2444206798,2444207931,16311,1133
28941.959877,2444215852,2444216981,16284,1129
28941.971896,2444224865,2444226001,15994,1136
28941.983925,2444233915,2444235044,16357,1129
28942.019994,2444261102,2444262246,16352,1144
28942.032015,2444270181,2444271319,16378,1138
28942.044044,2444279238,2444280383,16313,1145
28942.056064,2444288316,2444289457,16352,1141
28942.068079,2444297402,2444298542,16289,1140
28942.080103,2444306473,2444307603,15955,1130
28942.093636,2444314890,2444316018,16121,1128
28942.105657,2444323926,2444325064,16350,1138
28942.117677,2444332994,2444334132,16373,1138
28942.129696,2444342068,2444343199,16032,1131
28942.148742,2444357947,2444359085,16366,1138
28942.160765,2444367049,2444368186,16288,1137
28942.183802,2444382929,2444384035,16263,1106
28942.195833,2444391951,2444393089,16381,1138
28942.207849,2444401004,2444402142,16372,1138
28942.219868,2444410081,2444411219,16033,1138
28942.231897,2444419180,2444420320,16307,1140
28942.249935,2444432754,2444433889,16279,1135
28942.261952,2444441824,2444442962,16373,1138
28942.286000,2444459930,2444461066,16350,1136
28942.298023,2444469024,2444470159,16356,1135
28942.313051,2444480327,2444481463,16353,1136
28942.325072,2444489375,2444490504,16374,1129
28942.337091,2444498450,2444499586,16036,1136
28942.352124,2444509823,2444510955,16420,1132
28942.364142,2444518849,2444519982,16034,1133
28942.376175,2444527951,2444529088,16370,1137
28942.388190,2444537020,2444538165,16348,1145
28942.400214,2444546102,2444547217,16265,1115
28942.412240,2444555126,2444556264,16353,1138
28942.424261,2444564192,2444565327,16371,1135
28942.436283,2444573213,2444574326,16222,1113
28942.448313,2444582255,2444583384,16367,1129
28942.460329,2444591309,2444592447,16373,1138
28942.472348,2444600355,2444601491,16031,1136
28942.484381,2444609489,2444610620,16367,1131
28942.505413,2444625405,2444626538,16443,1133
28942.517434,2444634448,2444635579,16036,1131
28942.532461,2444645796,2444646936,16282,1140
28942.544488,2444654911,2444656049,16238,1138
28942.560528,2444668517,2444669645,16231,1128
28942.580558,2444682141,2444683279,16022,1138
28942.592586,2444691236,2444692379,16405,1143
28942.604603,2444700266,2444701404,16374,1138
28942.616626,2444709349,2444710483,16075,1134
28942.631656,2444720676,2444721809,16430,1133
28942.644686,2444732033,2444733171,16468,1138
28942.661712,2444743360,2444744493,16075,1133
28942.673739,2444752445,2444753578,16379,1133
28942.685758,2444761482,2444762616,16461,1134
28942.697781,2444770528,2444771656,16055,1128
28942.721825,2444788631,2444789762,16193,1131
28942.733845,2444797652,2444798790,16115,1138
28942.751880,2444811320,2444812456,16000,1136
28942.763908,2444820393,2444821539,16352,1146
28942.784946,2444836248,2444837375,16367,1127
28942.796966,2444845268,2444846403,16040,1135
28942.808994,2444854338,2444855484,16353,1146
28942.821015,2444863380,2444864518,16372,1138
28942.833034,2444872440,2444873574,16034,1134
28942.869102,2444899672,2444900805,16112,1133
28942.881132,2444908747,2444909886,16440,1139
28942.893153,2444917839,2444918975,16421,1136
28942.920202,2444938210,2444939351,16358,1141
28942.932222,2444947297,2444948435,16038,1138
28942.944256,2444956396,2444957529,16373,1133
28942.965290,2444972315,2444973453,16374,1138
28942.977308,2444981335,2444982464,16111,1129
28942.989340,2444990400,2444991524,16484,1124
28943.049450,2445035651,2445036793,16017,1142
28943.061476,2445044725,2445045855,16378,1130
28943.073496,2445053796,2445054929,16371,1133
28943.085522,2445062850,2445063983,16002,1133
28943.097548,2445071930,2445073047,16233,1117
28943.148634,2445110374,2445111510,16077,1136
28943.160667,2445119472,2445120610,16371,1138
28943.193720,2445144372,2445145499,16112,1127
28943.205751,2445153450,2445154583,16352,1133
28943.220775,2445164791,2445165929,16242,1138
28943.232800,2445173837,2445174975,16356,1138
28943.244823,2445182943,2445184076,16350,1133
28943.256840,2445191975,2445193106,15996,1131
28943.268869,2445201003,2445202140,16356,1137
28943.280890,2445210068,2445211206,16330,1138
28943.292908,2445219123,2445220256,16028,1133
28943.313954,2445234977,2445236115,16347,1138
28943.325974,2445244030,2445245168,16358,1138
28943.337997,2445253100,2445254240,16234,1140
28943.353027,2445264465,2445265607,16368,1142
28943.365046,2445273575,2445274713,16036,1138
28943.392097,2445293981,2445295117,16116,1136
28943.404126,2445303039,2445304177,16438,1138
28943.416147,2445312096,2445313224,16368,1128
28943.452215,2445339261,2445340397,16459,1136
28943.464234,2445348308,2445349444,16108,1136
28943.476266,2445357367,2445358476,16209,1109
28943.488283,2445366391,2445367536,16286,1145
28943.500303,2445375439,2445376569,16034,1130
28943.512332,2445384495,2445385630,16374,1135
28943.524354,2445393592,2445394721,16347,1129
28943.536375,2445402672,2445403811,16251,1139
28943.560421,2445420804,2445421933,16458,1129
28943.572440,2445429876,2445431003,16107,1127
28943.608512,2445457007,2445458150,16048,1143
28943.623541,2445468370,2445469510,16456,1140
28943.635563,2445477463,2445478600,16235,1137
28943.647589,2445486525,2445487667,16354,1142
28943.659610,2445495604,2445496742,16377,1138
28943.671631,2445504708,2445505846,16229,1138
28943.683661,2445513764,2445514892,16403,1128
28943.701692,2445527335,2445528465,16348,1130
28943.713713,2445536378,2445537516,16380,1138
28943.731747,2445549968,2445551101,16260,1133
28943.743769,2445559085,2445560223,16240,1138
28943.755795,2445568150,2445569279,16350,1129
28943.773831,2445581718,2445582843,16196,1125
28943.785852,2445590809,2445591943,16349,1134
28943.833941,2445627046,2445628173,16320,1127
28943.845966,2445636092,2445637230,16353,1138
28943.860989,2445647393,2445648522,16107,1129
28943.882038,2445663227,2445664360,16449,1133
28943.894057,2445672281,2445673416,16426,1135
28943.912090,2445685896,2445687029,16456,1133
28943.924109,2445694936,2445696079,16113,1143
28943.936142,2445704027,2445705165,16378,1138
28943.954175,2445717653,2445718786,16459,1133
28943.966193,2445726687,2445727816,16372,1129
28943.978220,2445735726,2445736861,16115,1135
28944.044343,2445785504,2445786627,16431,1123
28944.056364,2445794555,2445795688,16378,1133
28944.071395,2445805857,2445806995,16347,1138
28944.083419,2445814908,2445816041,16360,1133
28944.095438,2445824004,2445825139,16232,1135
28944.144540,2445862567,2445863697,16371,1130
28944.167575,2445878433,2445879569,16237,1136
28944.179604,2445887542,2445888687,16393,1145
28944.191620,2445896493,2445897637,16354,1144
28944.203640,2445905575,2445906708,16032,1133
28944.215669,2445914652,2445915790,16354,1138
28944.227690,2445923749,2445924895,16248,1146
28944.239710,2445932828,2445933955,15993,1127
28944.251738,2445941889,2445943024,16353,1135
28944.263759,2445950961,2445952098,16369,1137
28944.275785,2445960036,2445961179,16118,1143
28944.287806,2445969099,2445970241,16355,1142
28944.299827,2445978170,2445979308,16374,1138
28944.311846,2445987230,2445988373,16034,1143
28944.323877,2445996284,2445997396,16200,1112
28944.335897,2446005314,2446006449,16346,1135
28944.347914,2446014350,2446015485,16029,1135
28944.359947,2446023405,2446024530,16242,1125
28944.371965,2446032448,2446033588,16307,1140
28944.383980,2446041557,2446042688,15955,1131
28944.405029,2446057469,2446058607,16431,1138
28944.417046,2446066545,2446067684,16291,1139
28944.429072,2446075590,2446076728,16236,1138
28944.477170,2446111780,2446112917,16397,1137
28944.489188,2446120868,2446122003,16375,1135
28944.522253,2446145779,2446146919,16346,1140
28944.534275,2446154883,2446156018,16426,1135
28944.561325,2446175275,2446176403,16373,1128
28944.573347,2446184290,2446185428,16076,1138
28944.585374,2446193369,2446194506,16357,1137
28944.597395,2446202465,2446203597,16377,1132
28944.624445,2446222841,2446223969,16261,1128
28944.636463,2446231902,2446233036,15994,1134
28944.648492,2446240972,2446242113,16357,1141
28944.681549,2446265884,2446267022,16029,1138
28944.693578,2446274946,2446276081,16437,1135
28944.711612,2446288523,2446289656,16350,1133
28944.723633,2446297580,2446298713,16250,1133
28944.741667,2446311195,2446312341,16366,1146
28944.753686,2446320247,2446321378,16025,1131
28944.783750,2446342915,2446344051,16435,1136
28944.795771,2446352006,2446353157,16378,1151
28944.807789,2446361110,2446362246,16032,1136
28944.825827,2446374724,2446375856,16319,1132
28944.837853,2446383759,2446384886,16438,1127
28944.867909,2446406381,2446407518,16345,1137
28944.879927,2446415447,2446416582,16030,1135
28944.891958,2446424512,2446425645,16379,1133
28944.903976,2446433565,2446434697,16457,1132
28944.915995,2446442587,2446443717,16031,1130
28944.928028,2446451635,2446452767,16370,1132
28944.940045,2446460683,2446461816,16379,1133
28944.952064,2446469697,2446470833,16112,1136
28944.964093,2446478727,2446479865,16433,1138
28944.976117,2446487787,2446488914,16450,1127
28944.988132,2446496829,2446497965,16103,1136
28945.000161,2446505899,2446507043,16375,1144
28945.012183,2446515064,2446516202,16430,1138
28945.024204,2446524172,2446525300,16237,1128
28945.036230,2446533222,2446534360,16436,1138
28945.048251,2446542280,2446543409,16384,1129
28945.060269,2446551318,2446552461,16033,1143
28945.072301,2446560401,2446561541,16442,1140
28945.084319,2446569432,2446570574,16372,1142
28945.105355,2446585312,2446586436,16028,1124
28945.117384,2446594338,2446595475,16353,1137
28945.195527,2446653259,2446654395,16026,1136
28945.207560,2446662352,2446663485,16368,1133
28945.221084,2446672819,2446673957,16395,1138
28945.233101,2446681846,2446682996,16360,1150
28945.269171,2446709068,2446710211,16264,1143
28945.281190,2446718166,2446719309,15995,1143
28945.293218,2446727244,2446728382,16356,1138
28945.305239,2446736312,2446737458,16372,1146
28945.383390,2446795343,2446796473,16354,1130
28945.395411,2446804415,2446805551,16461,1136
28945.407433,2446813527,2446814665,16221,1138
28945.419461,2446822901,2446824044,16313,1143
28945.431486,2446832074,2446833226,16314,1152
28945.443501,2446841240,2446842380,16238,1140
28945.455530,2446850404,2446851545,16311,1141
28945.467553,2446859543,2446860689,16321,1146
28945.479570,2446868673,2446869811,16257,1138
28945.491596,2446877706,2446878841,16359,1135
28945.503618,2446886796,2446887925,16349,1129
28945.515643,2446895858,2446896989,16194,1131
28945.527665,2446904949,2446906088,16439,1139
28945.548705,2446920811,2446921944,16357,1133
28945.560721,2446929855,2446930979,16034,1124
28945.608819,2446966165,2446967306,16348,1141
28945.620841,2446975251,2446976386,16330,1135
28945.632858,2446984319,2446985466,16038,1147
28945.677944,2447018411,2447019538,16083,1127
28945.689973,2447027466,2447028599,16398,1133
28945.701996,2447036753,2447037900,16379,1147
28945.738063,2447063977,2447065122,16371,1145
28945.750081,2447073062,2447074198,16028,1136
28945.822218,2447127465,2447128595,16108,1130
28945.834248,2447136529,2447137662,16361,1133
28945.876325,2447168221,2447169349,16121,1128
28945.888350,2447177277,2447178414,16445,1137
28945.900364,2447186317,2447187450,16168,1133
28945.940442,2447217985,2447219118,16473,1133
28945.960488,2447231584,2447232707,16377,1123
28945.972503,2447240622,2447241756,16162,1134
28945.984530,2447249646,2447250781,16125,1135
28946.023608,2447278988,2447280121,16359,1133
28946.035628,2447288143,2447289281,16371,1138
28946.047647,2447297188,2447298326,16027,1138
28946.059677,2447306287,2447307424,16353,1137
28946.071699,2447315375,2447316508,16345,1133
28946.083716,2447324396,2447325531,16110,1135
28946.095745,2447333457,2447334595,16444,1138
28946.107766,2447342515,2447343648,16458,1133
28946.125800,2447356090,2447357223,16377,1133
28946.137819,2447365118,2447366249,16027,1131
28946.161869,2447383278,2447384411,16347,1133
28946.173887,2447392340,2447393483,15996,1143
28946.234007,2447437640,2447438778,16465,1138
28946.246024,2447446713,2447447844,15989,1131
28946.258054,2447455775,2447456920,16357,1145
28946.270076,2447464872,2447466019,16346,1147
28946.282096,2447473932,2447475078,16231,1146
28946.366264,2447537277,2447538426,16456,1149
28946.441399,2447593737,2447594874,16357,1137
28946.453419,2447602808,2447603939,16022,1131
28946.468453,2447614200,2447615337,16429,1137
28946.483488,2447625558,2447626666,16319,1108
28946.543594,2447670726,2447671832,16312,1106
28946.555623,2447679717,2447680863,16472,1146
28946.567631,2447688739,2447689871,16083,1132
28946.579662,2447697742,2447698873,16118,1131
28946.591693,2447706782,2447707913,16335,1131
28946.603698,2447715862,2447717005,16165,1143
28946.615731,2447724870,2447725993,16041,1123
28946.627757,2447733925,2447735065,16362,1140
28946.639772,2447742963,2447744094,16124,1131
28946.651800,2447751974,2447753117,16037,1143
28946.669834,2447765608,2447766739,16108,1131
28946.681863,2447774649,2447775782,16393,1133
28946.793064,2447858054,2447859188,16135,1134
28946.805096,2447867076,2447868212,16187,1136
28946.856189,2447905332,2447906470,16060,1138
28946.868208,2447914409,2447915539,15991,1130
28946.880237,2447923481,2447924619,16378,1138
28946.892260,2447932520,2447933653,16364,1133
28946.904286,2447941535,2447942666,16107,1131
28946.916310,2447950562,2447951697,16280,1135
28946.952377,2447977619,2447978751,16383,1132
28946.964385,2447986635,2447987766,16082,1131
28946.976417,2447995651,2447996761,16232,1110
28946.988445,2448004680,2448005825,16404,1145
28947.009469,2448020458,2448021593,16083,1135
28947.021503,2448029485,2448030616,16038,1131
28947.048554,2448049835,2448050964,16037,1129
28947.060584,2448058867,2448060005,16404,1138
28947.111674,2448097300,2448098436,16122,1136
28947.123701,2448106366,2448107503,16381,1137
28947.135723,2448115413,2448116546,16360,1133
28947.213872,2448174185,2448175318,16452,1133
28947.225882,2448183254,2448184390,16085,1136
28947.240924,2448194546,2448195686,16494,1140
28947.252943,2448203588,2448204728,16310,1140
28947.267976,2448214941,2448216081,16412,1140
28947.279996,2448224004,2448225139,16344,1135
28947.292017,2448233063,2448234204,16244,1141
28947.304046,2448242099,2448243240,16390,1141
28947.316067,2448251157,2448252295,16362,1138
28947.328086,2448260161,2448261294,16038,1133
28947.340114,2448269170,2448270303,16384,1133
28947.358150,2448282686,2448283837,16404,1151
28947.370155,2448291733,2448292870,16084,1137
28947.400230,2448314305,2448315448,16185,1143
28947.412251,2448323355,2448324495,16465,1140
28947.424262,2448332392,2448333530,16244,1138
28947.436291,2448341425,2448342566,16323,1141
28947.472357,2448368609,2448369733,15991,1124
28947.484388,2448377695,2448378833,16458,1138
28947.496409,2448386724,2448387857,16364,1133
28947.529475,2448411484,2448412622,16395,1138
28947.541483,2448420559,2448421702,16087,1143
28947.559517,2448434116,2448435252,16082,1136
28947.571552,2448443125,2448444242,16266,1117
28947.589584,2448456671,2448457798,16041,1127
28947.601611,2448465697,2448466834,16365,1137
28947.625652,2448483806,2448484921,16261,1115
28947.637680,2448492826,2448493964,16386,1138
28947.649700,2448501855,2448502994,16267,1139
28947.661720,2448510916,2448512043,16041,1127
28947.673751,2448519927,2448521051,16239,1124
28947.685757,2448528939,2448530066,16158,1127
28947.721826,2448556036,2448557166,16108,1130
28947.733855,2448565058,2448566188,16227,1130
28947.745883,2448574085,2448575208,16431,1123
28947.757894,2448583106,2448584245,16089,1139
28947.848072,2448650698,2448651833,16055,1135
28947.860098,2448659755,2448660884,16057,1129
28947.878132,2448673261,2448674371,16257,1110
28947.890163,2448682307,2448683444,16379,1137
28947.902171,2448691344,2448692472,16167,1128
28947.914201,2448700305,2448701439,16119,1134
28947.944263,2448722806,2448723939,16467,1133
28947.956271,2448731824,2448732950,16160,1126
28947.971318,2448743127,2448744256,16492,1129
28947.989349,2448756658,2448757794,16392,1136
28948.001370,2448765722,2448766854,16370,1132
28948.016398,2448776994,2448778121,16357,1127
28948.061486,2448810833,2448811961,16387,1128
28948.073498,2448819861,2448820992,16195,1131
28948.088538,2448831116,2448832254,16387,1138
28948.100544,2448840127,2448841260,16073,1133
28948.112578,2448849158,2448850293,16118,1135
28948.163664,2448887455,2448888580,16160,1125
28948.175698,2448896453,2448897584,16043,1131
28948.187726,2448905460,2448906592,16394,1132
28948.199733,2448914467,2448915615,16166,1148
28948.217767,2448927997,2448929127,16155,1130
28948.229801,2448936975,2448938100,16043,1125
28948.265869,2448964041,2448965178,16054,1137
28948.277897,2448973083,2448974219,16498,1136
28948.295930,2448986599,2448987732,16352,1133
28948.316956,2449002389,2449003524,16078,1135
28948.333003,2449015916,2449017043,16080,1127
28948.374076,2449045241,2449046373,16056,1132
28948.386104,2449054276,2449055403,16385,1127
28948.476275,2449121920,2449123052,16381,1132
28948.491302,2449133239,2449134369,16083,1130
28948.524350,2449158029,2449159155,16083,1126
28948.536384,2449167080,2449168216,16042,1136
28948.548414,2449176114,2449177248,16408,1134
28948.581470,2449200866,2449202003,16043,1137
28948.593498,2449209929,2449211062,16364,1133
28948.617538,2449227893,2449229017,16038,1124
28948.629568,2449236935,2449238053,16314,1118
28948.680659,2449275284,2449276425,16116,1141
28948.692685,2449284311,2449285449,16429,1138
28948.704693,2449293340,2449294475,16087,1135
28948.731749,2449313650,2449314777,16131,1127
28948.749781,2449327197,2449328329,16082,1132
28948.761813,2449336233,2449337363,16122,1130
28948.776830,2449347561,2449348699,16081,1138
28948.788869,2449356580,2449357716,16115,1136
28948.876019,2449422020,2449423163,16084,1143
28948.897063,2449437790,2449438923,15966,1133
28948.909100,2449446850,2449447963,16327,1113
28948.921104,2449455823,2449456959,16083,1136
28948.936149,2449467095,2449468228,16404,1133
28948.948162,2449476229,2449477372,16175,1143
28948.984225,2449503339,2449504469,16161,1130
28949.005276,2449519116,2449520247,16114,1131
28949.017301,2449528196,2449529333,16433,1137
28949.032326,2449539483,2449540622,16325,1139
28949.044357,2449548516,2449549649,16492,1133
28949.095447,2449586868,2449588006,16132,1138
28949.107474,2449595898,2449597031,16461,1133
28949.119482,2449604915,2449606044,16083,1129
28949.131516,2449613930,2449615071,16055,1141
28949.143548,2449623004,2449624137,16572,1133
28949.155551,2449632034,2449633164,16164,1130
28949.173587,2449645603,2449646738,16079,1135
28949.185625,2449654639,2449655778,16112,1139
28949.215684,2449677221,2449678354,16407,1133
28949.227687,2449686243,2449687384,16084,1141
28949.239716,2449695290,2449696408,16046,1118
28949.257756,2449708806,2449709932,16113,1126
28949.269784,2449717811,2449718949,16469,1138
28949.317860,2449753877,2449755008,16084,1131
28949.329893,2449762947,2449764088,16042,1141
28949.344912,2449774297,2449775428,16083,1131
28949.356945,2449783328,2449784458,16123,1130
28949.368973,2449792378,2449793511,16486,1133
28949.417048,2449828452,2449829588,16081,1136
28949.429082,2449837447,2449838577,16111,1130
28949.441112,2449846512,2449847652,16406,1140
28949.525254,2449909644,2449910765,16081,1121
28949.537287,2449918669,2449919787,16111,1118
28949.552311,2449929971,2449931098,16115,1127
28949.564339,2449939009,2449940144,16043,1135
28949.609425,2449972801,2449973931,16039,1130
28949.621453,2449981835,2449982973,16379,1138
28949.633467,2449990836,2449991960,16041,1124
28949.645490,2449999884,2450001003,16038,1119
28949.705597,2450044982,2450046126,16087,1144
28949.717630,2450054011,2450055147,16056,1136
28949.729654,2450063060,2450064187,16338,1127
28949.741667,2450072093,2450073227,16088,1134
28949.756709,2450083362,2450084495,16453,1133
28949.837866,2450144499,2450145644,16402,1145
28949.849871,2450153582,2450154720,16083,1138
28949.897974,2450189600,2450190732,16043,1132
28949.910002,2450198642,2450199771,16386,1129
28949.940044,2450221192,2450222323,16079,1131
28949.952076,2450230166,2450231275,16240,1109
28949.964105,2450239170,2450240301,16387,1131
28949.982137,2450252795,2450253940,16359,1145
28949.994145,2450261833,2450262960,16162,1127
28950.045258,2450300181,2450301303,16469,1122
28950.057276,2450309239,2450310380,16410,1141
28950.120389,2450356680,2450357809,16077,1129
28950.132415,2450365686,2450366819,16142,1133
28950.147450,2450376982,2450378123,16352,1141
28950.159471,2450386005,2450387125,16056,1120
28950.171499,2450395045,2450396178,16388,1133
28950.183510,2450404085,2450405215,16132,1130
28950.195536,2450413101,2450414230,16053,1129
28950.213574,2450426597,2450427726,16053,1129
28950.225601,2450435617,2450436750,16373,1133
28950.256665,2450460388,2450461518,16057,1130
28950.273679,2450471666,2450472801,16080,1135
28950.309751,2450498715,2450499853,16164,1138
28950.321780,2450507721,2450508851,16047,1130
28950.360861,2450537129,2450538262,16412,1133
28950.372866,2450546202,2450547336,16079,1134
28950.384900,2450555403,2450556534,16110,1131
28950.396928,2450564414,2450565565,16394,1151
28950.445016,2450600532,2450601662,16443,1130
28950.457037,2450609639,2450610778,16056,1139
28950.469066,2450618717,2450619855,16398,1138
28950.481071,2450627822,2450628962,16083,1140
28950.493105,2450636856,2450637966,16246,1110
28950.505133,2450645886,2450647029,16386,1143
28950.520159,2450657182,2450658304,16347,1122
28950.553209,2450682034,2450683164,16164,1130
28950.565243,2450691040,2450692172,16123,1132
28950.577272,2450700101,2450701236,16367,1135
28950.596327,2450716078,2450717213,16089,1135
28950.631375,2450740970,2450742110,16405,1140
28950.643380,2450749975,2450751106,16083,1131
28950.655414,2450758985,2450760128,16038,1143
28950.667442,2450768012,2450769141,16385,1129
28950.679451,2450777033,2450778175,16087,1142
28950.691481,2450786110,2450787247,16231,1137
28950.715529,2450797703,2450798303,11960,600
28950.729055,2450802750,2450803554,13291,804
28950.741080,2450811410,2450812519,16064,1109
28950.753103,2450820395,2450821533,16274,1138
28950.765119,2450829411,2450830541,15976,1130
28950.780155,2450840709,2450841851,16321,1142
28950.792170,2450849774,2450850900,16001,1126
28950.804204,2450858800,2450859933,16259,1133
28950.816225,2450867878,2450869002,16384,1124
28950.828239,2450876931,2450878064,16003,1133
28950.840272,2450885979,2450887119,16351,1140
28950.900376,2450931220,2450932341,16002,1121
28950.912410,2450940235,2450941371,16264,1136
28950.963500,2450978796,2450979935,16019,1139
28950.975530,2450987853,2450988999,16262,1146
28950.987551,2450996931,2450998064,16379,1133
28950.999565,2451005977,2451007113,16000,1136
28951.011599,2451015023,2451016165,16353,1142
28951.023619,2451024103,2451025230,16347,1127
28951.035634,2451033126,2451034248,15924,1122
28951.047669,2451042195,2451043328,16277,1133
28951.059688,2451051229,2451052372,16386,1143
28951.071699,2451060306,2451061442,15962,1136
28951.083735,2451069360,2451070498,16196,1138
28951.095757,2451078440,2451079580,16384,1140
28951.107773,2451087551,2451088690,16259,1139
28951.119801,2451096652,2451097769,16144,1117
28951.131825,2451105754,2451106901,16383,1147
28951.143839,2451114864,2451115990,15995,1126
28951.155873,2451123900,2451125038,16349,1138
28951.167893,2451132969,2451134102,16378,1133
28951.179908,2451141999,2451143132,16002,1133
28951.191941,2451151066,2451152199,16432,1133
28951.203964,2451160149,2451161287,16395,1138
28951.217487,2451168745,2451169874,16351,1129
28951.229503,2451177757,2451178892,16006,1135
28951.241536,2451186813,2451187943,16347,1130
28951.253557,2451195902,2451197040,16382,1138
28951.277604,2451214018,2451215156,16336,1138
28951.289626,2451223087,2451224233,16307,1146
28951.304656,2451234410,2451235548,16344,1138
28951.316677,2451243475,2451244610,16335,1135
28951.328694,2451252522,2451253653,16256,1131
28951.340723,2451261589,2451262727,16256,1138
28951.376793,2451288714,2451289852,16433,1138
28951.388814,2451297824,2451298961,16467,1137
28951.400832,2451306919,2451308048,16294,1129
28951.412862,2451315988,2451317126,16332,1138
28951.424882,2451325021,2451326161,16381,1140
28951.436896,2451334075,2451335200,15963,1125
28951.448930,2451343116,2451344251,16348,1135
28951.460951,2451352202,2451353348,16295,1146
28951.472962,2451361292,2451362427,15962,1135
28951.484998,2451370353,2451371484,16308,1131
28951.521069,2451397528,2451398671,16373,1143
28951.533088,2451406605,2451407751,16399,1146
28951.545099,2451415684,2451416819,15967,1135
28951.557136,2451424738,2451425876,16431,1138
28951.569156,2451433804,2451434949,16363,1145
28951.581175,2451442861,2451443998,16019,1137
28951.593205,2451451934,2451453066,16351,1132
28951.608223,2451463318,2451464454,16002,1136
28951.620256,2451472359,2451473497,16351,1138
28951.653308,2451497258,2451498394,16083,1136
28951.665342,2451506310,2451507452,16416,1142
28951.689377,2451524425,2451525551,16086,1126
28951.701410,2451533462,2451534600,16432,1138
28951.716429,2451544779,2451545920,16000,1141
28951.728459,2451553824,2451554940,16152,1116
28951.752497,2451571909,2451573045,16007,1136
28951.764530,2451580949,2451582072,16251,1123
28951.788565,2451598998,2451600136,16004,1138
28951.800599,2451608077,2451609211,16357,1134
28951.815618,2451619458,2451620596,16280,1138
28951.827650,2451628522,2451629650,16350,1128
28951.839671,2451637584,2451638712,16290,1128
28951.857706,2451651178,2451652316,16375,1138
28951.869719,2451660279,2451661417,15919,1138
28951.881753,2451669355,2451670493,16327,1138
28951.893774,2451678441,2451679576,16380,1135
28951.905788,2451687547,2451688681,16004,1134
28951.923823,2451701121,2451702252,16004,1131
28951.935853,2451710177,2451711297,16232,1120
28951.947877,2451719204,2451720342,16380,1138
28951.959891,2451728252,2451729383,16050,1131
28951.971924,2451737329,2451738458,16232,1129
28951.983945,2451746383,2451747521,16293,1138
28951.995960,2451755438,2451756571,16004,1133
28952.007993,2451764487,2451765625,16354,1138
28952.020014,2451773593,2451774722,16290,1129
28952.032028,2451782620,2451783749,15921,1129
28952.044063,2451791677,2451792813,16278,1136
28952.065100,2451807530,2451808659,16392,1129
28952.077111,2451816573,2451817708,15963,1135
28952.098165,2451832453,2451833583,16341,1130
28952.110186,2451841530,2451842666,16296,1136
28952.167289,2451884553,2451885685,16257,1132
28952.179319,2451893639,2451894786,16323,1147
28952.191339,2451902708,2451903838,16339,1130
28952.209374,2451916271,2451917404,16379,1133
28952.221389,2451925335,2451926459,16020,1124
28952.239422,2451938876,2451939997,16017,1121
28952.251455,2451947919,2451949042,16351,1123
28952.263476,2451956957,2451958085,16335,1128
28952.276506,2451968232,2451969375,16346,1143
28952.296540,2451981854,2451982992,16324,1138
28952.308561,2451990907,2451992058,16363,1151
28952.329594,2452006764,2452007885,16015,1121
28952.341626,2452015808,2452016946,16263,1138
28952.353647,2452024837,2452025970,16392,1133
28952.365665,2452033927,2452035070,16258,1143
28952.377695,2452043021,2452044162,16263,1141
28952.389716,2452052130,2452053273,16447,1143
28952.401731,2452061233,2452062365,15966,1132
28952.413764,2452070334,2452071474,16396,1140
28952.425786,2452079494,2452080632,16383,1138
28952.437797,2452088617,2452089758,15969,1141
28952.449835,2452097755,2452098897,16457,1142
28952.467865,2452111456,2452112581,16234,1125
28952.485902,2452125107,2452126245,16347,1138
28952.500920,2452136498,2452137635,15999,1137
28952.515957,2452147866,2452149004,16377,1138
28952.527972,2452156942,2452158078,16001,1136
28952.540006,2452166048,2452167194,16450,1146
28952.552027,2452175208,2452176363,16376,1155
28952.564041,2452184347,2452185479,16010,1132
28952.576073,2452194036,2452195182,16339,1146
28952.588094,2452203239,2452204379,16385,1140
28952.609126,2452219251,2452220377,15998,1126
28952.621159,2452228337,2452229481,16349,1144
28952.681263,2452273716,2452274859,16083,1143
28952.693297,2452282817,2452283951,16353,1134
28952.723354,2452305538,2452306671,16490,1133
28952.735366,2452314587,2452315719,16040,1132
28952.747399,2452323653,2452324803,16430,1150
28952.765434,2452337253,2452338396,16346,1143
28952.777452,2452346289,2452347428,16468,1139
28952.801502,2452364400,2452365533,16432,1133
28952.813523,2452373444,2452374572,16384,1128
28952.825538,2452382479,2452383605,16005,1126
28952.837570,2452391584,2452392722,16314,1138
28952.849591,2452400667,2452401805,16292,1138
28952.861606,2452409722,2452410858,16000,1136
28952.873639,2452418793,2452419916,16346,1123
28952.892671,2452434670,2452435813,16376,1143
28952.909708,2452446040,2452447185,16357,1145
28952.924726,2452457436,2452458569,15999,1133
28952.936759,2452466516,2452467653,16312,1137
28952.948780,2452475570,2452476708,16381,1138
28952.964804,2452489160,2452490298,16381,1138
28952.984849,2452502767,2452503900,16335,1133
28952.996863,2452511781,2452512912,15963,1131
28953.008896,2452520861,2452521989,16278,1128
28953.032932,2452539002,2452540138,16045,1136
28953.044964,2452548055,2452549194,16350,1139
28953.056985,2452557178,2452558311,16289,1133
28953.117101,2452602588,2452603721,16325,1133
28953.129122,2452611672,2452612806,16323,1134
28953.177206,2452647865,2452648998,16019,1133
28953.189238,2452656975,2452658121,16317,1146
28953.201260,2452666071,2452667204,16386,1133
28953.219293,2452679667,2452680805,16364,1138
28953.231312,2452688771,2452689908,16268,1137
28953.243340,2452698018,2452699160,16351,1142
28953.255362,2452707091,2452708220,16385,1129
28953.276395,2452722930,2452724064,16019,1134
28953.288427,2452732020,2452733166,16349,1146
28953.303447,2452743376,2452744510,16018,1134
28953.324495,2452759263,2452760407,16324,1144
28953.336516,2452768367,2452769513,16373,1146
28953.348532,2452777433,2452778564,16018,1131
28953.360564,2452786513,2452787654,16395,1141
28953.417671,2452829483,2452830620,16452,1137
28953.429686,2452838600,2452839738,16014,1138
28953.444722,2452849971,2452851114,16366,1143
28953.456738,2452859174,2452860300,16001,1126
28953.480792,2452877219,2452878352,16385,1133
28953.492806,2452886250,2452887379,16079,1129
28953.504840,2452895299,2452896431,16432,1132
28953.528876,2452913394,2452914521,16082,1127
28953.540910,2452922455,2452923593,16371,1138
28953.576977,2452949660,2452950804,16349,1144
28953.588998,2452958710,2452959848,16380,1138
28953.601016,2452967726,2452968866,16028,1140
28953.625067,2452985850,2452986983,16384,1133
28953.637081,2452994958,2452996089,16005,1131
28953.649114,2453004039,2453005179,16348,1140
28953.661138,2453013167,2453014306,16397,1139
28953.673150,2453022225,2453023349,16082,1124
28953.706220,2453047093,2453048233,16436,1140
28953.718235,2453056161,2453057297,16087,1136
28953.733272,2453067470,2453068612,16362,1142
28953.745287,2453076565,2453077708,16084,1143
28953.757320,2453085622,2453086766,16345,1144
28953.769341,2453094688,2453095826,16381,1138
28953.799390,2453117295,2453118431,16001,1136
28953.811424,2453126398,2453127523,16166,1125
28953.823443,2453135445,2453136582,16338,1137
28953.835458,2453144487,2453145618,15924,1131
28953.853492,2453158113,2453159247,15997,1134
28953.865525,2453167188,2453168334,16436,1146
28953.877545,2453176261,2453177404,16373,1143
28953.889557,2453185366,2453186497,15964,1131
28953.901595,2453194416,2453195554,16354,1138
28953.913615,2453203486,2453204620,16380,1134
28953.925634,2453212562,2453213699,16021,1137
28953.944680,2453228481,2453229620,16309,1139
28953.985752,2453257977,2453259115,16379,1138
28953.997767,2453267047,2453268174,16000,1127
28954.057889,2453312336,2453313469,16381,1133
28954.069903,2453321408,2453322541,16017,1133
28954.118004,2453357628,2453358766,16322,1138
28954.130025,2453366727,2453367860,16365,1133
28954.149069,2453382569,2453383698,16266,1129
28954.169092,2453396162,2453397298,16016,1136
28954.181123,2453405231,2453406363,16350,1132
28954.217193,2453432397,2453433527,16350,1130
28954.229214,2453441436,2453442574,16366,1138
28954.241229,2453450477,2453451602,16019,1125
28954.256266,2453461811,2453462953,16364,1142
28954.268284,2453470934,2453472068,16268,1134
28954.280313,2453479995,2453481133,16345,1138
28954.292334,2453489031,2453490167,16450,1136
28954.304350,2453498097,2453499223,16091,1126
28954.343434,2453527489,2453528623,16394,1134
28954.355455,2453536609,2453537747,16462,1138
28954.367473,2453545654,2453546798,16338,1144
28954.379503,2453554726,2453555882,16344,1156
28954.391524,2453563835,2453564959,16335,1124
28954.403535,2453572894,2453574020,15965,1126
28954.421572,2453586460,2453587586,16003,1126
28954.433604,2453595507,2453596625,16152,1118
28954.464671,2453620400,2453621536,15966,1136
28954.476692,2453629506,2453630650,16281,1144
28954.520761,2453661195,2453662316,16000,1121
28954.532794,2453670257,2453671385,16320,1128
28954.556830,2453688340,2453689465,16008,1125
28954.568864,2453697397,2453698537,16349,1140
28954.592900,2453715541,2453716678,16244,1137
28954.604929,2453724598,2453725711,16147,1113
28954.616952,2453733632,2453734778,16335,1146
28954.628967,2453742704,2453743835,16004,1131
28954.657034,2453765295,2453766435,16346,1140
28954.674053,2453776643,2453777774,16002,1131
28954.689090,2453787981,2453789125,16382,1144
28954.701104,2453797111,2453798246,15964,1135
28954.722155,2453812948,2453814081,16346,1133
28954.734176,2453822000,2453823132,16383,1132
28954.779261,2453855959,2453857099,16376,1140
28954.794292,2453867339,2453868480,16348,1141
28954.824347,2453890024,2453891152,16465,1128
28954.836364,2453899064,2453900191,16335,1127
28954.851399,2453910448,2453911581,16387,1133
28954.863422,2453919725,2453920865,16333,1140
28954.875439,2453928748,2453929878,16119,1130
28954.887465,2453937801,2453938937,16439,1136
28954.899484,2453946864,2453947997,16356,1133
28954.911508,2453955857,2453957000,16041,1143
28954.923536,2453964934,2453966069,16390,1135
28954.935549,2453973986,2453975122,16120,1136
28954.947576,2453982992,2453984117,16039,1125
28954.959605,2453991971,2453993109,16385,1138
28954.971611,2454000960,2454002085,16086,1125
28954.983645,2454009953,2454011079,16044,1126
28954.996671,2454021264,2454022412,16081,1148
28955.079831,2454082082,2454083209,16442,1127
28955.091845,2454091088,2454092198,16063,1110
28955.105374,2454101571,2454102701,16085,1130
28955.177507,2454155660,2454156785,16041,1125
28955.189542,2454164659,2454165797,16368,1138
28955.204565,2454175942,2454177078,16109,1136
28955.216593,2454184976,2454186110,16388,1134
28955.240629,2454202997,2454204125,16219,1128
28955.252662,2454212010,2454213145,16391,1135
28955.303747,2454250295,2454251419,15958,1124
28955.315779,2454259345,2454260477,16349,1132
28955.327794,2454268365,2454269495,16119,1130
28955.345825,2454281884,2454283025,16160,1141
28955.357857,2454290909,2454292043,16036,1134
28955.408943,2454329263,2454330396,16156,1133
28955.420973,2454338291,2454339421,16038,1130
28955.445022,2454356383,2454357519,16293,1136
28955.457045,2454365399,2454366537,15956,1138
28955.469073,2454374539,2454375683,16320,1144
28955.496127,2454394990,2454396128,16345,1138
28955.508147,2454404131,2454405275,16378,1144
28955.520162,2454413306,2454414443,16001,1137
28955.532195,2454422424,2454423563,16410,1139
28955.550229,2454436043,2454437172,16389,1129
28955.562249,2454445056,2454446196,16369,1140
28955.619354,2454487944,2454489066,16048,1122
28955.631380,2454496973,2454498105,16456,1132
28955.643395,2454506007,2454507138,16210,1131
28955.655422,2454515027,2454516161,16073,1134
28955.667451,2454524063,2454525197,16390,1134
28955.679459,2454533083,2454534215,16105,1132
28955.691491,2454542080,2454543186,16334,1106
28955.712537,2454557849,2454558982,16395,1133
28955.724549,2454566925,2454568062,16122,1137
28955.751595,2454587274,2454588415,16163,1141
28955.763628,2454596342,2454597473,16286,1131
28955.775656,2454605358,2454606496,16386,1138
28955.787677,2454614407,2454615530,16360,1123
28955.799697,2454623401,2454624512,16240,1111
28955.811725,2454632378,2454633511,16388,1133
28955.823732,2454641430,2454642570,16159,1140
28955.835760,2454650487,2454651599,16099,1112
28955.847795,2454659495,2454660624,16373,1129
28955.877835,2454681978,2454683116,16162,1138
28955.889869,2454691011,2454692141,16039,1130
28955.913903,2454709061,2454710194,16082,1133
28955.925935,2454718111,2454719242,16070,1131
28955.943971,2454731684,2454732811,16035,1127
28955.955999,2454740707,2454741835,16392,1128
28955.968013,2454749767,2454750903,16116,1136
28955.986046,2454763346,2454764482,16034,1136
28955.998075,2454772369,2454773512,16038,1143
28956.052174,2454813105,2454814241,16031,1136
28956.064207,2454822155,2454823301,16322,1146
28956.076212,2454831181,2454832324,16087,1143
28956.094246,2454844740,2454845866,16078,1126
28956.106280,2454853732,2454854862,16121,1130
28956.124311,2454867269,2454868401,16075,1132
28956.136343,2454876340,2454877478,16371,1138
28956.151366,2454887573,2454888703,16037,1130
28956.163391,2454896612,2454897736,16262,1124
28956.181429,2454910111,2454911249,16368,1138
28956.193435,2454919145,2454920276,16087,1131
28956.208482,2454930420,2454931532,16233,1112
28956.220486,2454939402,2454940527,16079,1125
28956.235534,2454950714,2454951847,16417,1133
28956.247538,2454959756,2454960899,16000,1143
28956.259572,2454968757,2454969900,15974,1143
28956.271601,2454977809,2454978938,16403,1129
28956.292637,2454993612,2454994750,16356,1138
28956.304657,2455002610,2455003725,16233,1115
28956.319679,2455013889,2455015023,16168,1134
28956.331704,2455022905,2455024033,16216,1128
28956.343734,2455031960,2455033098,16441,1138
28956.355743,2455040992,2455042113,16080,1121
28956.367776,2455050030,2455051162,16249,1132
28956.379805,2455059066,2455060202,16276,1136
28956.391812,2455068118,2455069261,16000,1143
28956.403846,2455077115,2455078242,16041,1127
28956.415875,2455086142,2455087255,16228,1113
28956.427885,2455095164,2455096293,15997,1129
28956.464973,2455124498,2455125634,16037,1136
28956.536093,2455176329,2455177456,16113,1127
28956.548120,2455185503,2455186630,16039,1127
28956.560149,2455194511,2455195644,16395,1133
28956.572168,2455203537,2455204661,16456,1124
28956.584189,2455212540,2455213683,16046,1143
28956.596216,2455221640,2455222760,16202,1120
28956.608224,2455230646,2455231781,16169,1135
28956.620258,2455239667,2455240800,16152,1133
28956.641302,2455255471,2455256608,16463,1137
28956.653309,2455264472,2455265608,16161,1136
28956.672367,2455280243,2455281366,16185,1123
28956.713442,2455309603,2455310740,16463,1137
28956.725454,2455318667,2455319804,16042,1137
28956.740491,2455329984,2455331122,16487,1138
28956.755512,2455341245,2455342370,16000,1125
28956.776560,2455357133,2455358267,16448,1134
28956.788568,2455366175,2455367300,16085,1125
28956.800597,2455375180,2455376302,15995,1122
28956.872741,2455429240,2455430379,16290,1139
28956.884769,2455438277,2455439402,16394,1125
28956.905789,2455454063,2455455185,16079,1122
28956.917824,2455463047,2455464174,16053,1127
28956.932843,2455474322,2455475449,16159,1127
28956.959892,2455494639,2455495772,16082,1133
28956.971930,2455503672,2455504800,16370,1128
28956.983950,2455512740,2455513863,16417,1123
28957.092159,2455593912,2455595040,16369,1128
28957.104167,2455602922,2455604060,16081,1138
28957.116200,2455611945,2455613075,16055,1130
28957.128229,2455620999,2455622137,16398,1138
28957.140237,2455630024,2455631157,16160,1133
28957.152269,2455639009,2455640133,16055,1124
28957.164298,2455648037,2455649174,16485,1137
28957.176305,2455657275,2455658406,16079,1131
28957.188338,2455666255,2455667386,16011,1131
28957.209382,2455682019,2455683152,16365,1133
28957.221397,2455691059,2455692187,15962,1128
28957.287527,2455740652,2455741785,16073,1133
28957.299554,2455749679,2455750812,16393,1133
28957.311561,2455758674,2455759795,16086,1121
28957.323590,2455767709,2455768844,16203,1135
28957.335623,2455776762,2455777902,16389,1140
28957.347630,2455785795,2455786925,16085,1130
28957.359664,2455794813,2455795939,16031,1126
28957.377698,2455808317,2455809447,16035,1130
28957.389726,2455817332,2455818475,16384,1143
28957.419775,2455839942,2455841069,16030,1127
28957.431797,2455848997,2455850128,16033,1131
28957.443830,2455858034,2455859167,16400,1133
28957.455836,2455867035,2455868164,16091,1129
28957.467876,2455876040,2455877170,16107,1130
28957.479897,2455885048,2455886186,16293,1138
28957.491905,2455894082,2455895220,16085,1138
28957.503938,2455903095,2455904205,16148,1110
28957.524985,2455918862,2455919995,16400,1133
28957.537004,2455927876,2455929022,16329,1146
28957.573058,2455954973,2455956106,16079,1133
28957.585093,2455964005,2455965136,16039,1131
28957.636179,2456002330,2456003460,16083,1130
28957.648208,2456011380,2456012523,15999,1143
28957.660241,2456020455,2456021590,16399,1135
28957.672247,2456029538,2456030680,16163,1142
28957.693298,2456045320,2456046458,16036,1138
28957.705325,2456054376,2456055498,16457,1122
28957.717340,2456063391,2456064524,16127,1133
28957.729366,2456072420,2456073550,16132,1130
28957.747401,2456085967,2456087098,16124,1131
28957.759427,2456094989,2456096122,16371,1133
28957.771440,2456104001,2456105126,16127,1125
28957.783467,2456113082,2456114214,16306,1132
28957.795498,2456122099,2456123237,16467,1138
28957.807505,2456131111,2456132247,16080,1136
28957.819533,2456140127,2456141250,16225,1123
28957.837573,2456153609,2456154734,16115,1125
28957.849601,2456162618,2456163755,16471,1137
28957.897679,2456198745,2456199888,16160,1143
28957.909710,2456207750,2456208880,16035,1130
28957.960796,2456246046,2456247171,16079,1125
28957.972830,2456255059,2456256192,15989,1133
28957.984859,2456264126,2456265258,16375,1132
28958.061009,2456322810,2456323943,16108,1133
28958.165200,2456399451,2456400583,16368,1132
28958.180225,2456410738,2456411865,16116,1127
28958.192249,2456419778,2456420907,16352,1129
28958.204260,2456428864,2456429985,16161,1121
28958.216288,2456437866,2456438999,16302,1133
28958.228321,2456446885,2456448023,16475,1138
28958.240328,2456455873,2456457009,16087,1136
28958.276396,2456482941,2456484068,16082,1127
28958.288430,2456491968,2456493103,16035,1135
28958.300458,2456500988,2456502121,16385,1133
28958.312472,2456510005,2456511132,16042,1127
28958.324499,2456519024,2456520160,16036,1136
28958.375585,2456557332,2456558462,16080,1130
28958.387616,2456566375,2456567511,16305,1136
28958.399647,2456575476,2456576609,16424,1133
28958.411661,2456584488,2456585614,16037,1126
28958.423687,2456593486,2456594627,16033,1141
28958.435715,2456602501,2456603629,16396,1128
28958.447722,2456611499,2456612635,16159,1136
28958.465756,2456625003,2456626124,16077,1121
28958.477783,2456634003,2456635134,15964,1131
28958.495824,2456647547,2456648690,16010,1143
28958.507852,2456656591,2456657734,16467,1143
28958.519872,2456665629,2456666767,16259,1138
28958.537893,2456679140,2456680270,16158,1130
28958.549928,2456688124,2456689249,16123,1125
28958.598024,2456724275,2456725412,16391,1137
28958.610038,2456733319,2456734455,16000,1136
28958.634093,2456751415,2456752553,16356,1138
28958.646099,2456760417,2456761544,16081,1127
28958.700202,2456800983,2456802104,16158,1121
28958.712231,2456809990,2456811123,16223,1133
28958.724265,2456819045,2456820179,16392,1134
28958.742299,2456832627,2456833760,16468,1133
28958.793389,2456871011,2456872149,16304,1138
28958.805420,2456880068,2456881207,16398,1139
28958.823454,2456893848,2456894987,16387,1139
28958.835463,2456902901,2456904032,16025,1131
28958.847493,2456911950,2456913059,16054,1109
28958.859519,2456920977,2456922110,16356,1133
28958.871530,2456929989,2456931122,16087,1133
28958.907605,2456957103,2456958232,16002,1129
28958.919629,2456966159,2456967292,16236,1133
28958.931660,2456975226,2456976359,16369,1133
28958.943667,2456984277,2456985407,16079,1130
28958.955703,2456993338,2456994475,16290,1137
28958.967728,2457002364,2457003493,16398,1129
28958.979736,2457011385,2457012525,16088,1140
28959.012814,2457036365,2457037497,16433,1132
28959.024821,2457045465,2457046603,16084,1138
28959.112003,2457111087,2457112215,16487,1128
28959.124021,2457120154,2457121296,16405,1142
28959.136041,2457129246,2457130381,16222,1135
28959.148071,2457138322,2457139450,16277,1128
28959.160081,2457147391,2457148522,16129,1131
28959.172109,2457156431,2457157575,16139,1144
28959.190143,2457170024,2457171162,16219,1138
28959.202175,2457179082,2457180220,16392,1138
28959.229226,2457199466,2457200598,16388,1132
28959.240742,2457209916,2457211054,16364,1138
28959.272793,2457232518,2457233649,16088,1131
28959.284824,2457241582,2457242717,16227,1135
28959.335917,2457279990,2457281133,16166,1143
28959.347944,2457289081,2457290208,16213,1127
28959.365978,2457302670,2457303811,16306,1141
28959.378008,2457311716,2457312857,16469,1141
28959.438116,2457357033,2457358171,16309,1138
28959.450147,2457366208,2457367348,16370,1140
28959.501243,2457404651,2457405796,16315,1145
28959.513266,2457413771,2457414901,16364,1130
28959.525273,2457422782,2457423918,16043,1136
28959.543307,2457436375,2457437501,16085,1126
28959.555341,2457445436,2457446577,16212,1141
28959.567367,2457454511,2457455644,16242,1133
28959.585403,2457468048,2457469181,16384,1133
28959.597415,2457477097,2457478219,16120,1122
28959.624465,2457497484,2457498614,16124,1130
28959.636493,2457506516,2457507640,16225,1124
28959.648523,2457515560,2457516697,16388,1137
28959.693609,2457549739,2457550872,16367,1133
28959.705628,2457558783,2457559921,16362,1138
28959.756729,2457597287,2457598425,16398,1138
28959.768736,2457606329,2457607465,16089,1136
28959.855918,2457671936,2457673070,16403,1134
28959.880331,2457684655,2457685255,11999,600
28959.913019,2457702924,2457704053,16229,1129
28959.925048,2457711983,2457713115,16317,1132
28959.937072,2457721050,2457722181,16358,1131
28959.949086,2457730110,2457731243,16227,1133
28959.985156,2457757335,2457758475,16321,1140
28959.997185,2457766424,2457767562,16321,1138
28960.012208,2457777766,2457778899,16193,1133
28960.024237,2457786843,2457787976,16276,1133
28960.036263,2457795933,2457797066,16424,1133
28960.060305,2457814096,2457815234,16315,1138
28960.072329,2457823238,2457824373,16353,1135
28960.084345,2457832367,2457833500,16223,1133
28960.096374,2457841439,2457842572,16316,1133
28960.108398,2457850529,2457851662,16402,1133
28960.120416,2457859623,2457860762,16224,1139
28960.135449,2457870974,2457872103,16353,1129
28960.147463,2457880047,2457881180,16224,1133
28960.165499,2457893626,2457894758,16233,1132
28960.177528,2457902686,2457903832,16317,1146
28960.192550,2457914069,2457915202,16238,1133
28960.204579,2457923180,2457924312,16316,1132
28960.219602,2457934536,2457935664,16233,1128
28960.231631,2457943614,2457944752,16272,1138
28960.243655,2457952699,2457953828,16313,1129
28960.255670,2457961775,2457962914,16232,1139
28960.267700,2457970871,2457972004,16319,1133
28960.279724,2457979981,2457981111,16316,1130
28960.291741,2457989050,2457990192,16174,1142
28960.303768,2457998157,2457999285,16228,1128
28960.315794,2458007263,2458008393,16397,1130
28960.327808,2458016378,2458017520,16240,1142
28960.339836,2458025498,2458026630,16295,1132
28960.351861,2458034567,2458035700,16402,1133
28960.363876,2458043639,2458044772,16147,1133
28960.375905,2458052756,2458053889,16289,1133
28960.389433,2458061371,2458062497,16316,1126
28960.401455,2458070432,2458071564,16392,1132
28960.416482,2458081761,2458082890,16314,1129
28960.428506,2458090812,2458091950,16394,1138
28960.443533,2458102153,2458103285,16312,1132
28960.455558,2458111219,2458112364,16357,1145
28960.467573,2458120320,2458121447,16231,1127
28960.485610,2458134049,2458135194,16375,1145
28960.497635,2458143209,2458144357,16318,1148
28960.509659,2458152350,2458153493,16353,1143
28960.521676,2458161481,2458162619,16248,1138
28960.533708,2458170653,2458171788,16297,1135
28960.548730,2458182056,2458183193,16274,1137
28960.560755,2458191136,2458192274,16228,1138
28960.587807,2458211563,2458212696,16316,1133
28960.599831,2458220668,2458221801,16440,1133
28960.611848,2458229794,2458230945,16298,1151
28960.623877,2458238918,2458240056,16364,1138
28960.648930,2458259407,2458260544,16316,1137
28960.671968,2458275292,2458276436,16384,1144
28960.683985,2458284428,2458285566,16246,1138
28960.696012,2458293510,2458294648,16313,1138
28960.708037,2458302579,2458303716,16345,1137
28960.720053,2458311685,2458312807,16245,1122
28960.732081,2458320789,2458321929,16321,1140
28960.744105,2458329873,2458331013,16284,1140
28960.756124,2458338956,2458340102,16189,1146
28960.768150,2458348077,2458349214,16315,1137
28960.780174,2458357192,2458358325,16390,1133
28960.810224,2458379992,2458381130,16243,1138
28960.822252,2458389078,2458390224,16312,1146
28960.834277,2458398140,2458399273,16392,1133
28960.849304,2458409532,2458410664,16296,1132
28960.861328,2458418611,2458419757,16385,1146
28960.873345,2458427726,2458428865,16248,1139
28960.885374,2458436855,2458437985,16317,1130
28960.897398,2458445919,2458447057,16398,1138
28960.921443,2458464124,2458465256,16293,1132
28960.933467,2458473191,2458474326,16398,1135
28960.957512,2458491387,2458492530,16319,1143
28960.969535,2458500460,2458501605,16309,1145
28960.981551,2458509613,2458510750,16233,1137
28960.993580,2458518714,2458519847,16265,1133
28961.017620,2458536923,2458538064,16236,1141
28961.029648,2458546043,2458547188,16221,1145
28961.041673,2458555176,2458556321,16414,1145
28961.059707,2458568813,2458569945,16404,1132
28961.071722,2458577896,2458579036,16233,1140
28961.083751,2458586986,2458588124,16227,1138
28961.095776,2458596067,2458597196,16398,1129
28961.107790,2458605186,2458606319,16231,1133
28961.119820,2458614256,2458615383,16316,1127
28961.131844,2458623357,2458624485,16400,1128
28961.143859,2458632440,2458633578,16236,1138
28961.155888,2458641532,2458642674,16315,1142
28961.167913,2458650656,2458651786,16396,1130
28961.179928,2458659748,2458660885,16236,1137
28961.200974,2458675640,2458676778,16310,1138
28961.212999,2458684760,2458685890,16307,1130
28961.240050,2458705225,2458706354,16413,1129
28961.252065,2458714316,2458715444,16241,1128
28961.264094,2458723381,2458724519,16318,1138
28961.276120,2458732475,2458733613,16420,1138
28961.288132,2458741581,2458742718,16219,1137
28961.300163,2458750658,2458751795,16314,1137
28961.312186,2458759744,2458760881,16306,1137
28961.324202,2458768843,2458769982,16231,1139
28961.336231,2458777948,2458779084,16288,1136
28961.354266,2458791545,2458792682,16317,1137
28961.364327,2458800649,2458801777,16391,1128
28961.381317,2458811997,2458813130,16313,1133
28961.393341,2458821063,2458822196,16398,1133
28961.405357,2458830155,2458831293,16238,1138
28961.460475,2458873270,2458874410,16310,1140
28961.489523,2458893702,2458894835,16315,1133
28961.501548,2458902772,2458903900,16403,1128
28961.537616,2458930000,2458931138,16416,1138
28961.549634,2458939094,2458940233,16264,1139
28961.564668,2458950444,2458951569,16404,1125
28961.576683,2458959506,2458960639,16234,1133
28961.588712,2458968604,2458969739,16314,1135
28961.600736,2458977686,2458978809,16399,1123
28961.615763,2458989001,2458990138,16320,1137
28961.627787,2458998143,2458999283,16399,1140
28961.639806,2459007255,2459008397,16268,1142
28961.651831,2459016375,2459017508,16314,1133
28961.663856,2459025471,2459026608,16400,1137
28961.675871,2459034554,2459035687,16239,1133
28961.687900,2459043636,2459044784,16230,1148
28961.699925,2459052770,2459053903,16387,1133
28961.711940,2459061862,2459062997,16249,1135
28961.723967,2459070937,2459072070,16312,1133
28961.735992,2459080019,2459081162,16375,1143
28961.748008,2459089109,2459090242,16247,1133
28961.760036,2459098187,2459099328,16314,1141
28961.772060,2459107262,2459108394,16387,1132
28961.784076,2459116343,2459117471,16242,1128
28961.796105,2459125454,2459126592,16309,1138
28961.808129,2459134565,2459135703,16301,1138
28961.829162,2459150453,2459151591,16245,1138
28961.841190,2459159532,2459160661,16226,1129
28961.871249,2459182269,2459183402,16390,1133
28961.889283,2459195877,2459197023,16386,1146
28961.901300,2459204995,2459206124,16249,1129
28961.913327,2459214108,2459215246,16312,1138
28961.943386,2459236833,2459237971,16392,1138
28961.955403,2459245945,2459247087,16259,1142
28961.967430,2459255036,2459256159,16314,1123
28961.979455,2459264093,2459265225,16390,1132
28961.991471,2459273178,2459274319,16247,1141
28962.003500,2459282299,2459283436,16335,1137
28962.015523,2459291376,2459292514,16298,1138
28962.027542,2459300467,2459301598,16193,1131
28962.039568,2459309573,2459310713,16318,1140
28962.051592,2459318670,2459319826,16360,1156
28962.063609,2459327784,2459328917,16262,1133
28962.075635,2459336865,2459338000,16324,1135
28962.087661,2459345961,2459347099,16392,1138
28962.099677,2459355048,2459356183,16336,1135
28962.111708,2459364177,2459365323,16319,1146
28962.123730,2459373282,2459374425,16397,1143
28962.135746,2459382385,2459383526,16145,1141
28962.147774,2459391484,2459392617,16228,1133
28962.159799,2459400594,2459401732,16403,1138
28962.171814,2459409693,2459410826,16144,1133
28962.183843,2459418781,2459419909,16269,1128
28962.195867,2459427860,2459428993,16400,1133
28962.207887,2459436973,2459438107,16260,1134
28962.219911,2459446077,2459447221,16312,1144
28962.231936,2459455160,2459456289,16416,1129
28962.249970,2459468754,2459469881,16394,1127
28962.261986,2459477845,2459478985,16233,1140
28962.280019,2459491485,2459492613,16222,1128
28962.292049,2459500557,2459501685,16317,1128
28962.304073,2459509625,2459510758,16396,1133
28962.316089,2459518743,2459519876,16231,1133
28962.328117,2459527860,2459528993,16292,1133
28962.346151,2459541524,2459542662,16289,1138
28962.358176,2459550616,2459551757,16399,1141
28962.394245,2459577940,2459579077,16402,1137
28962.406260,2459587018,2459588151,16314,1133
28962.445340,2459616581,2459617727,16315,1146
28962.457365,2459625706,2459626839,16401,1133
28962.472394,2459637075,2459638207,16334,1132
28962.508460,2459664311,2459665457,16311,1146
28962.520487,2459673457,2459674601,16406,1144
28962.613655,2459743990,2459745120,16233,1130
28962.625683,2459753077,2459754206,16311,1129
28962.637708,2459762130,2459763267,16400,1137
28962.697821,2459807655,2459808785,16313,1130
28962.709845,2459816736,2459817869,16405,1133
28962.721862,2459825820,2459826949,16230,1129
28962.739894,2459839421,2459840554,16246,1133
28962.751922,2459848497,2459849633,16318,1136
28962.763948,2459857562,2459858694,16365,1132
28962.781981,2459871151,2459872302,16382,1151
28962.793997,2459880289,2459881427,16251,1138
28962.821049,2459900817,2459901958,16250,1141
28962.836084,2459912212,2459913357,16384,1145
28962.854118,2459925846,2459926984,16387,1138
28962.866134,2459934965,2459936111,16250,1146
28962.878162,2459944075,2459945221,16312,1146
28962.890187,2459953167,2459954307,16386,1140
28962.902203,2459962334,2459963473,16247,1139
28962.920237,2459975946,2459977084,16248,1138
28962.932268,2459985046,2459986173,16315,1127
28962.944291,2459994169,2459995306,16399,1137
28962.956306,2460003298,2460004422,16233,1124
28962.968335,2460012359,2460013499,16311,1140
28962.989377,2460028306,2460029437,16385,1131
28963.001392,2460037399,2460038527,16310,1128
28963.013421,2460046501,2460047647,16402,1146
28963.037461,2460064705,2460065849,16234,1144
28963.049490,2460073825,2460074963,16403,1138
28963.085558,2460101114,2460102249,16317,1135
28963.100581,2460112488,2460113620,16229,1132
28963.112610,2460121551,2460122685,16316,1134
28963.124634,2460130661,2460131789,16417,1128
28963.136651,2460139757,2460140896,16231,1139
28963.152691,2460153383,2460154521,16232,1138
28963.187754,2460178356,2460179489,16397,1133
28963.199769,2460187459,2460188592,16232,1133
28963.211798,2460196522,2460197649,16313,1127
28963.223823,2460205633,2460206773,16385,1140
28963.235838,2460214763,2460215908,16235,1145
28963.247868,2460223902,2460225047,16315,1145
28963.259891,2460232999,2460234134,16402,1135
28963.271905,2460242090,2460243229,16223,1139
28963.283935,2460251181,2460252324,16291,1143
28963.301970,2460264832,2460265969,16310,1137
28963.313994,2460273930,2460275063,16401,1133
28963.329021,2460285266,2460286408,16317,1142
28963.341046,2460294368,2460295506,16385,1138
28963.353061,2460303464,2460304612,16248,1148
28963.365088,2460312593,2460313730,16312,1137
28963.434215,2460364886,2460366022,16247,1136
28963.446243,2460373972,2460375110,16315,1138
28963.539421,2460444514,2460445641,16385,1127
28963.551441,2460453625,2460454768,16177,1143
28963.563467,2460462787,2460463927,16306,1140
28963.575491,2460471918,2460473058,16400,1140
28963.587506,2460481046,2460482184,16185,1138
28963.599535,2460490150,2460491290,16315,1140
28963.611560,2460499233,2460500362,16399,1129
28963.623575,2460508364,2460509497,16233,1133
28963.635604,2460517443,2460518572,16321,1129
28963.647629,2460526505,2460527643,16397,1138
28963.659646,2460535587,2460536732,16269,1145
28963.671673,2460544712,2460545841,16317,1129
28963.683697,2460553806,2460554951,16402,1145
28963.695712,2460562908,2460564035,16231,1127
28963.707743,2460572023,2460573165,16318,1142
28963.737800,2460594798,2460595944,16400,1146
28963.749817,2460603927,2460605060,16247,1133
28963.773867,2460622126,2460623264,16390,1138
28963.785883,2460631214,2460632357,16245,1143
28963.809936,2460649418,2460650556,16386,1138
28963.821952,2460658543,2460659680,16249,1137
28963.876056,2460699479,2460700618,16252,1139
28963.906117,2460722185,2460723323,16318,1138
28963.918141,2460731247,2460732384,16402,1137
28963.930158,2460740367,2460741506,16227,1139
28963.945193,2460751744,2460752882,16387,1138
28963.957210,2460760850,2460761983,16232,1133
28963.969238,2460769923,2460771057,16316,1134
28963.984261,2460781263,2460782404,16211,1141
28964.035366,2460820006,2460821147,16369,1141
28964.047381,2460829116,2460830249,16239,1133
28964.059404,2460838383,2460839523,16229,1140
28964.071434,2460847444,2460848579,16488,1135
28964.083445,2460856468,2460857610,16135,1142
28964.095472,2460865595,2460866732,16276,1137
28964.107503,2460874664,2460875802,16392,1138
28964.119523,2460883740,2460884877,16276,1137
28964.131541,2460892829,2460893964,16233,1135
28964.143572,2460901937,2460903070,16371,1133
28964.168615,2460922305,2460923443,16405,1138
28964.191648,2460938158,2460939299,16167,1141
28964.203681,2460947239,2460948385,16274,1146
28964.215706,2460956327,2460957450,16277,1123
28964.227720,2460965377,2460966520,16173,1143
28964.239750,2460974446,2460975587,16265,1141
28964.251777,2460983541,2460984687,16389,1146
28964.263791,2460992612,2460993750,15931,1138
28964.275811,2461001728,2461002848,15933,1120
28964.287847,2461010783,2461011907,16387,1124
28964.299861,2461019817,2461020962,16293,1145
28964.317900,2461033492,2461034628,16364,1136
28964.329921,2461042576,2461043711,16254,1135
28964.356970,2461063016,2461064149,16228,1133
28964.369000,2461072121,2461073248,16356,1127
28964.393038,2461090247,2461091393,16310,1146
28964.405069,2461099364,2461100497,16447,1133
28964.426092,2461115213,2461116343,16089,1130
28964.438124,2461124272,2461125409,16221,1137
28964.456158,2461137940,2461139077,16225,1137
28964.468189,2461147030,2461148164,16397,1134
28964.480200,2461156051,2461157189,16143,1138
28964.498231,2461169633,2461170759,16086,1126
28964.510268,2461178723,2461179863,16312,1140
28964.564360,2461219537,2461220670,16219,1133
28964.576394,2461228632,2461229783,16366,1151
28964.588402,2461237721,2461238846,16088,1125
28964.615466,2461258124,2461259259,16370,1135
28964.627485,2461267220,2461268353,16303,1133
28964.639514,2461276241,2461277383,16381,1142
28964.657548,2461289855,2461290998,16382,1143
28964.669556,2461298890,2461300017,16084,1127
28964.711649,2461330576,2461331709,16358,1133
28964.723670,2461339650,2461340783,16346,1133
28964.735690,2461348727,2461349865,16247,1138
28964.753724,2461362318,2461363451,16308,1133
28964.765755,2461371404,2461372537,16358,1133
28964.783789,2461384973,2461386115,16392,1142
28964.795807,2461394033,2461395166,16347,1133
28964.807835,2461403123,2461404256,16232,1133
28964.825862,2461416728,2461417857,16234,1129
28964.837892,2461425795,2461426924,16367,1129
28964.873960,2461452874,2461454007,16473,1133
28964.885968,2461461904,2461463040,16167,1136
28964.897998,2461470945,2461472073,16230,1128
28964.925050,2461491352,2461492485,16313,1133
28964.937080,2461500431,2461501555,16370,1124
28964.949098,2461509467,2461510617,16435,1150
28964.961115,2461518568,2461519712,16301,1144
28964.985156,2461536687,2461537817,16166,1130
28965.000201,2461548026,2461549161,16466,1135
28965.030241,2461570676,2461571810,16090,1134
28965.042273,2461579795,2461580930,16319,1135
28965.063321,2461595681,2461596819,16404,1138
28965.075328,2461604700,2461605831,16091,1131
28965.087359,2461613784,2461614917,16215,1133
28965.132445,2461647747,2461648885,16293,1138
28965.144477,2461656840,2461657972,16423,1132
28965.156491,2461665917,2461667057,16247,1140
28965.171528,2461677260,2461678398,16487,1138
28965.192554,2461693081,2461694219,16244,1138
28965.204588,2461702156,2461703297,16333,1141
28965.216611,2461711261,2461712391,16361,1130
28965.231633,2461722550,2461723668,16305,1118
28965.243663,2461731582,2461732720,16469,1138
28965.255680,2461740635,2461741768,16254,1133
28965.267704,2461749706,2461750852,16265,1146
28965.279732,2461758830,2461759970,16367,1140
28965.291739,2461767886,2461769029,16085,1143
28965.303776,2461776979,2461778107,16313,1128
28965.315799,2461786035,2461787172,16356,1137
28965.327808,2461795062,2461796190,16086,1128
28965.339839,2461804140,2461805264,16246,1124
28965.351869,2461813208,2461814337,16346,1129
28965.363888,2461822304,2461823434,16345,1130
28965.381911,2461835892,2461837023,16083,1131
28965.393942,2461844943,2461846082,16235,1139
28965.417980,2461863105,2461864242,16086,1137
28965.430010,2461872185,2461873323,16239,1138
28965.457058,2461892646,2461893788,16299,1142
28965.469092,2461901757,2461902885,16373,1128
28965.481110,2461910795,2461911930,16344,1135
28965.493126,2461919897,2461921017,16062,1120
28965.559264,2461969708,2461970833,16358,1125
28965.569282,2461978826,2461979982,16352,1156
28965.595332,2461997108,2461998255,16357,1147
28965.607354,2462006237,2462007374,16367,1137
28965.619371,2462015367,2462016507,16255,1140
28965.631399,2462024516,2462025661,16461,1145
28965.643416,2462033642,2462034777,16380,1135
28965.655439,2462042761,2462043891,16311,1130
28965.667470,2462051796,2462052942,16395,1146
28965.679488,2462060923,2462062069,16434,1146
28965.700531,2462076845,2462077991,16371,1146
28965.712554,2462085949,2462087094,16440,1145
28965.772662,2462131294,2462132429,16235,1135
28965.784693,2462140372,2462141501,16450,1129
28965.808730,2462158543,2462159681,16234,1138
28965.820761,2462167628,2462168751,16365,1123
28965.872851,2462208289,2462209424,16391,1135
28965.895899,2462224183,2462225323,16347,1140
28965.907919,2462233280,2462234431,16232,1151
28965.919950,2462242393,2462243536,16370,1143
28965.931968,2462251492,2462252620,16347,1128
28965.943983,2462260601,2462261720,16016,1119
28965.956017,2462269628,2462270766,16391,1138
28965.968037,2462278692,2462279826,16356,1134
28965.980056,2462287813,2462288953,16146,1140
28965.992089,2462296927,2462298072,16370,1145
28966.004106,2462306006,2462307141,16360,1135
28966.016125,2462315105,2462316249,16251,1144
28966.028154,2462324203,2462325334,16361,1131
28966.040173,2462333241,2462334370,16350,1129
28966.052194,2462342344,2462343475,16256,1131
28966.064224,2462351392,2462352511,16453,1119
28966.076242,2462360483,2462361615,16432,1132
28966.088262,2462369572,2462370705,16296,1133
28966.100291,2462378666,2462379806,16384,1140
28966.205485,2462458147,2462459288,16233,1141
28966.217516,2462467224,2462468357,16374,1133
28966.235551,2462480870,2462482002,16377,1132
28966.247566,2462489929,2462491062,16249,1133
28966.259591,2462498987,2462500124,16263,1137
28966.271619,2462508092,2462509233,16368,1141
28966.283637,2462517184,2462518323,16351,1139
28966.301673,2462530821,2462531949,16365,1128
28966.313691,2462539883,2462541010,16230,1127
28966.421897,2462621388,2462622518,16318,1130
28966.433928,2462630503,2462631630,16369,1127
28966.445944,2462639563,2462640700,16253,1137
28966.506065,2462684905,2462686043,16377,1138
28966.518081,2462694009,2462695142,16339,1133
28966.629291,2462777824,2462778953,16235,1129
28966.641323,2462787154,2462788287,16389,1133
28966.695421,2462827935,2462829072,16389,1137
28966.707443,2462837033,2462838165,16308,1132
28966.719463,2462846100,2462847238,16165,1138
28966.731492,2462855155,2462856291,16268,1136
28966.743509,2462864232,2462865365,16178,1133
28966.755531,2462873332,2462874464,16164,1132
28966.767560,2462882391,2462883524,16272,1133
28966.785596,2462895965,2462897101,16445,1136
28966.797611,2462905032,2462906168,16448,1136
28966.836681,2462934547,2462935665,16021,1118
28966.848717,2462943821,2462944953,16344,1132
28966.920853,2462998066,2462999204,16455,1138
28966.932870,2463007114,2463008246,16342,1132
28966.947904,2463018396,2463019525,16430,1129
28966.959921,2463027424,2463028551,16355,1127
28966.977955,2463041037,2463042164,16416,1127
28966.989986,2463050106,2463051217,16233,1111
28967.017021,2463070466,2463071587,15982,1121
28967.029059,2463079546,2463080672,16539,1126
28967.044080,2463090856,2463091984,16239,1128
28967.056111,2463099895,2463101024,16509,1129
28967.068127,2463108970,2463110098,16424,1128
28967.086161,2463122558,2463123698,16331,1140
28967.098179,2463131611,2463132720,16018,1109
28967.113213,2463142900,2463144035,16337,1135
28967.125230,2463151961,2463153073,16019,1112
28967.164317,2463181369,2463182505,16500,1136
28967.176336,2463190440,2463191575,16366,1135
28967.188363,2463199495,2463200608,16153,1113
28967.248471,2463244714,2463245850,16352,1136
28967.260494,2463253814,2463254927,16082,1113
28967.368693,2463335275,2463336396,16017,1121
28967.380729,2463344339,2463345475,16436,1136
28967.461883,2463405602,2463406746,16589,1144
28967.473899,2463414685,2463415818,16377,1133
28967.528001,2463455326,2463456464,16335,1138
28967.540023,2463464426,2463465565,16163,1139
28967.552055,2463473469,2463474618,16500,1149
28967.576084,2463491579,2463492700,15980,1121
28967.588120,2463500626,2463501762,16407,1136
28967.600139,2463509685,2463510823,16248,1138
28967.612156,2463518761,2463519873,15916,1112
28967.624191,2463527848,2463528983,16328,1135
28967.669278,2463561767,2463562904,16500,1137
28967.684304,2463573139,2463574256,16199,1117
28967.696329,2463582179,2463583308,16567,1129
28967.708348,2463591250,2463592378,16493,1128
28967.720362,2463600317,2463601436,16093,1119
28967.732398,2463609376,2463610512,16451,1136
28967.744414,2463618460,2463619593,16350,1133
28967.789501,2463652404,2463653534,16356,1130
28967.801516,2463661468,2463662588,16098,1120
28967.879670,2463720376,2463721509,16333,1133
28967.891688,2463729529,2463730654,16059,1125
28967.903725,2463738565,2463739697,16507,1132
28967.915741,2463747648,2463748786,16353,1138
28967.927756,2463756737,2463757853,16098,1116
28967.939790,2463765861,2463767002,16430,1141
28967.951807,2463774949,2463776094,16430,1145
28967.964839,2463786246,2463787374,16505,1128
28967.984875,2463799794,2463800922,16414,1128
28967.996893,2463808833,2463809969,16425,1136
28968.008911,2463817944,2463819070,16095,1126
28968.020945,2463827015,2463828144,16493,1129
28968.041981,2463842859,2463843992,16266,1133
28968.053993,2463851960,2463853079,15998,1119
28968.084062,2463874617,2463875746,16308,1129
28968.096083,2463883699,2463884827,16438,1128
28968.114116,2463897266,2463898403,16342,1137
28968.126134,2463906347,2463907456,16097,1109
28968.141169,2463917685,2463918820,16350,1135
28968.216310,2463974390,2463975524,16246,1134
28968.228340,2463983476,2463984607,16440,1131
28968.240358,2463992521,2463993652,16329,1131
28968.252373,2464001582,2464002696,15935,1114
28968.288444,2464028843,2464029961,16043,1118
28968.300478,2464037878,2464039005,16504,1127
28968.321510,2464053690,2464054830,16434,1140
28968.333532,2464062761,2464063894,16258,1133
28968.423704,2464130631,2464131765,16242,1134
28968.435734,2464139718,2464140853,16437,1135
28968.453770,2464153307,2464154429,16477,1122
28968.465785,2464162351,2464163480,16337,1129
28968.495837,2464185000,2464186109,16022,1109
28968.507872,2464194087,2464195219,16409,1132
28968.531910,2464212216,2464213352,16228,1136
28968.543941,2464221280,2464222417,16504,1137
28968.555958,2464230354,2464231487,16353,1133
28968.567974,2464239423,2464240545,15935,1122
28968.580007,2464248460,2464249602,16329,1142
28968.592025,2464257520,2464258657,16249,1137
28968.604042,2464266572,2464267681,16020,1109
28968.616077,2464275601,2464276741,16371,1140
28968.634112,2464289247,2464290393,16356,1146
28968.646128,2464298303,2464299441,16339,1138
28968.700231,2464339023,2464340160,16391,1137
28968.712245,2464348088,2464349206,15978,1118
28968.745317,2464373014,2464374142,16356,1128
28968.757338,2464382106,2464383219,16121,1113
28968.772371,2464393444,2464394582,16407,1138
28968.853522,2464454512,2464455656,16419,1144
28968.865542,2464463604,2464464716,16042,1112
28968.877576,2464472669,2464473811,16564,1142
28968.904627,2464493025,2464494162,16508,1137
28968.916643,2464502122,2464503249,16342,1127
28968.928664,2464511183,2464512306,16312,1123
28968.961729,2464536051,2464537171,16421,1120
28968.973758,2464545105,2464546214,16156,1109
28968.985780,2464554118,2464555260,16504,1142
28969.000797,2464565479,2464566599,16096,1120
28969.012833,2464574505,2464575651,16506,1146
28969.057919,2464608510,2464609640,16507,1130
28969.071445,2464615286,2464615926,13733,640
28969.084332,2464621134,2464621733,12027,599
28969.101493,2464630012,2464631141,16242,1129
28969.113522,2464639084,2464640220,16318,1136
28969.128544,2464650429,2464651551,16241,1122
28969.140572,2464659528,2464660657,16234,1129
28969.152596,2464668595,2464669722,16402,1127
28969.164613,2464677645,2464678784,16334,1139
28969.176640,2464686725,2464687868,16373,1143
28969.191664,2464698080,2464699218,16256,1138
28969.203692,2464707166,2464708304,16326,1138
28969.215716,2464716244,2464717372,16397,1128
28969.227733,2464725303,2464726436,16213,1133
28969.239761,2464734377,2464735505,16238,1128
28969.257795,2464747978,2464749111,16320,1133
28969.269819,2464757055,2464758193,16396,1138
28969.281836,2464766122,2464767260,16255,1138
28969.300884,2464782019,2464783155,16320,1136
28969.317904,2464793385,2464794523,16244,1138
28969.329932,2464802502,2464803635,16324,1133
28969.341960,2464811620,2464812744,16406,1124
28969.384037,2464843355,2464844495,16315,1140
28969.396061,2464852438,2464853574,16408,1136
28969.408080,2464861525,2464862671,16268,1146
28969.420105,2464870607,2464871740,16321,1133
28969.432129,2464879669,2464880804,16318,1135
28969.444145,2464888757,2464889890,16237,1133
28969.504266,2464934202,2464935348,16374,1146
28969.516284,2464943340,2464944472,16268,1132
28969.528311,2464952411,2464953560,16280,1149
28969.540335,2464961519,2464962657,16406,1138
28969.552350,2464970623,2464971761,16154,1138
28969.564379,2464979711,2464980851,16321,1140
28969.577905,2464988235,2464989355,16321,1120
28969.589929,2464997309,2464998444,16406,1135
28969.604957,2465008652,2465009790,16320,1138
28969.616981,2465017754,2465018892,16364,1138
28969.628996,2465026846,2465027982,16238,1136
28969.641025,2465035937,2465037080,16280,1143
28969.657063,2465049563,2465050690,16326,1127
28969.677093,2465063181,2465064309,16368,1128
28969.689118,2465072252,2465073379,16492,1127
28969.705147,2465085859,2465086996,16402,1137
28969.725187,2465099519,2465100657,16408,1138
28969.737202,2465108633,2465109763,16237,1130
28969.749231,2465117744,2465118882,16323,1138
28969.761255,2465126847,2465127971,16409,1124
28969.776284,2465138222,2465139360,16343,1138
28969.788307,2465147326,2465148454,16411,1128
28969.800322,2465156440,2465157578,16218,1138
28969.812351,2465165499,2465166634,16320,1135
28969.828389,2465179162,2465180307,16322,1145
28969.848420,2465192848,2465193991,16323,1143
28969.860444,2465201928,2465203055,16318,1127
28969.875471,2465213260,2465214400,16321,1140
28969.887496,2465222379,2465223515,16411,1136
28969.899511,2465231487,2465232620,16241,1133
28969.911539,2465240582,2465241727,16231,1145
28969.923564,2465249665,2465250803,16410,1138
28969.935579,2465258778,2465259911,16317,1133
28969.947608,2465267905,2465269038,16408,1133
28969.959633,2465276990,2465278125,16396,1135
28969.971648,2465286074,2465287202,16167,1128
28969.983676,2465295139,2465296282,16327,1143
28970.013734,2465317836,2465318974,16400,1138
28970.025750,2465326911,2465328040,16336,1129
28970.040786,2465338281,2465339421,16392,1140
28970.055813,2465349677,2465350813,16322,1136
28970.067837,2465358772,2465359907,16409,1135
28970.079854,2465367870,2465369007,16258,1137
28970.091881,2465376953,2465378099,16234,1146
28970.103905,2465386035,2465387173,16348,1138
28970.115921,2465395113,2465396241,16156,1128
28970.127950,2465404164,2465405298,16322,1134
28970.145984,2465417806,2465418944,16405,1138
28970.158009,2465426902,2465428040,16402,1138
28970.176044,2465440536,2465441665,16406,1129
28970.188060,2465449626,2465450758,16135,1132
28970.200088,2465458709,2465459834,16238,1125
28970.212113,2465467779,2465468914,16408,1135
28970.224130,2465476870,2465478011,16176,1141
28970.236157,2465485959,2465487092,16321,1133
28970.248181,2465495072,2465496196,16360,1124
28970.260197,2465504151,2465505279,16238,1128
28970.272227,2465513227,2465514368,16338,1141
28970.284250,2465522321,2465523472,16382,1151
28970.305282,2465538224,2465539362,16240,1138
28970.317313,2465547333,2465548468,16341,1135
28970.329336,2465556422,2465557557,16489,1135
28970.344362,2465567754,2465568892,16325,1138
28970.356387,2465576821,2465577959,16404,1138
28970.368407,2465585945,2465587087,16267,1142
28970.380431,2465595034,2465596174,16321,1140
28970.431522,2465633597,2465634734,16239,1137
28970.443551,2465642686,2465643816,16325,1130
28970.461585,2465656349,2465657486,16315,1137
28970.473610,2465665442,2465666566,16410,1124
28970.536732,2465713182,2465714315,16431,1133
28970.548745,2465722263,2465723401,16154,1138
28970.564788,2465735894,2465737026,16187,1132
28970.581814,2465747478,2465748616,16350,1138
28970.593831,2465756588,2465757716,16208,1128
28970.623893,2465779310,2465780438,16268,1128
28970.647934,2465797510,2465798648,16213,1138
28970.659961,2465806602,2465807747,16329,1145
28970.671986,2465815767,2465816904,16410,1137
28970.684008,2465824945,2465826082,16219,1137
28970.696032,2465834092,2465835233,16346,1141
28970.708053,2465843249,2465844387,16324,1138
28970.720077,2465852370,2465853518,16323,1148
28970.732099,2465861492,2465862630,16326,1138
28970.744123,2465870594,2465871732,16350,1138
28970.756142,2465879685,2465880831,16283,1146
28970.768167,2465888819,2465889948,16234,1129
28970.780193,2465897909,2465899040,16405,1131
28970.792208,2465907002,2465908140,16235,1138
28970.804237,2465916081,2465917227,16325,1146
28970.816262,2465925204,2465926341,16412,1137
28970.828277,2465934321,2465935456,16165,1135
28970.840306,2465943450,2465944596,16236,1146
28970.852330,2465952545,2465953685,16463,1140
28970.876374,2465970770,2465971910,16330,1140
28970.888399,2465979871,2465981009,16462,1138
28970.903426,2465991241,2465992387,16321,1146
28970.921460,2466004874,2466006011,16332,1137
28970.933485,2466013987,2466015123,16388,1136
28970.945500,2466023097,2466024241,16321,1144
28970.975563,2466045858,2466046993,16409,1135
28970.987587,2466054980,2466056108,16358,1128
28970.999603,2466064084,2466065225,16233,1141
28971.012632,2466075465,2466076598,16356,1133
28971.047700,2466100475,2466101604,16312,1129
28971.059724,2466109548,2466110674,16416,1126
28971.071740,2466118635,2466119768,16190,1133
28971.083768,2466127695,2466128833,16317,1138
28971.095793,2466136794,2466137930,16406,1136
28971.113827,2466150461,2466151594,16398,1133
28971.125842,2466159536,2466160671,16190,1135
28971.143877,2466173169,2466174302,16192,1133
28971.155905,2466182266,2466183409,16226,1143
28971.167931,2466191382,2466192523,16408,1141
28971.179948,2466200506,2466201652,16262,1146
28971.191974,2466209606,2466210747,16266,1141
28971.203999,2466218723,2466219856,16399,1133
28971.273129,2466270974,2466272107,16317,1133
28971.285153,2466280068,2466281209,16369,1141
28971.297168,2466289143,2466290276,16234,1133
28971.309197,2466298226,2466299362,16313,1136
28971.321222,2466307335,2466308465,16396,1130
28971.384341,2466355026,2466356169,16397,1143
28971.405373,2466371020,2466372158,16223,1138
28971.501565,2466443717,2466444858,16399,1141
28971.513580,2466452828,2466453974,16235,1146
28971.591736,2466511947,2466513087,16401,1140
28971.603750,2466521062,2466522195,16220,1133
28971.615782,2466530236,2466531374,16312,1138
28971.627805,2466539304,2466540445,16282,1141
28971.639820,2466548380,2466549513,16234,1133
28971.651849,2466557442,2466558574,16269,1132
28971.663873,2466566513,2466567657,16311,1144
28971.675888,2466575599,2466576730,16238,1131
28971.687917,2466584683,2466585825,16231,1142
28971.708959,2466600626,2466601757,16395,1131
28971.720974,2466609711,2466610838,16190,1127
28971.754045,2466634705,2466635843,16413,1138
28971.766060,2466643825,2466644963,16239,1138
28971.796124,2466666568,2466667706,16318,1138
28971.808148,2466675686,2466676832,16368,1146
28971.820165,2466684814,2466685955,16259,1141
28971.832192,2466693939,2466695068,16313,1129
28971.844216,2466703003,2466704147,16484,1144
28971.856234,2466712101,2466713247,16344,1146
28971.868261,2466721208,2466722342,16401,1134
28971.913346,2466755301,2466756452,16400,1151
28971.925371,2466764422,2466765549,16406,1127
28971.943405,2466778049,2466779186,16482,1137
28971.955420,2466787103,2466788231,16283,1128
28971.967449,2466796187,2466797320,16377,1133
28971.979473,2466805255,2466806387,16447,1132
28972.000504,2466821133,2466822271,16302,1138
28972.012535,2466830254,2466831400,16313,1146
28972.024559,2466839368,2466840505,16308,1137
28972.039586,2466850772,2466851918,16313,1146
28972.051610,2466859903,2466861043,16369,1140
28972.063626,2466869019,2466870159,16233,1140
28972.075655,2466878108,2466879239,16230,1131
28972.096696,2466894049,2466895195,16392,1146
28972.108711,2466903157,2466904283,16233,1126
28972.141782,2466928135,2466929262,16398,1127
28972.153798,2466937231,2466938364,16238,1133
28972.165826,2466946326,2466947463,16323,1137
28972.177851,2466955408,2466956546,16485,1138
28972.213919,2466982700,2466983837,16482,1137
28972.225937,2466991817,2466992968,16268,1151
28972.237963,2467000908,2467002039,16320,1131
28972.292067,2467041810,2467042941,16322,1131
28972.304091,2467050911,2467052039,16404,1128
28972.316106,2467059998,2467061149,16238,1151
28972.328135,2467069117,2467070256,16399,1139
28972.340159,2467078240,2467079369,16488,1129
28972.352175,2467087313,2467088440,16320,1127
28972.364204,2467096399,2467097534,16228,1135
28972.376228,2467105504,2467106641,16398,1137
28972.388243,2467114636,2467115769,16237,1133
28972.400272,2467123738,2467124882,16318,1144
28972.412296,2467132821,2467133961,16367,1140
28972.424313,2467141905,2467143035,16232,1130
28972.436341,2467150991,2467152140,16315,1149
28972.448364,2467160096,2467161231,16399,1135
28972.460383,2467169170,2467170313,16251,1143
28972.472411,2467178305,2467179444,16208,1139
28972.484433,2467187387,2467188525,16296,1138
28972.517497,2467212354,2467213483,16295,1129
28972.529518,2467221422,2467222555,16380,1133
28972.541535,2467230532,2467231668,16252,1136
28972.560583,2467246436,2467247569,16313,1133
28972.625703,2467294159,2467295303,16315,1144
28972.637723,2467303285,2467304409,16381,1124
28972.664776,2467323677,2467324810,16470,1133
28972.676794,2467332779,2467333922,16287,1143
28972.697839,2467348700,2467349845,16318,1145
28972.709861,2467357798,2467358931,16382,1133
28972.721878,2467366869,2467368007,16246,1138
28972.745929,2467385022,2467386151,16354,1129
28972.757946,2467394086,2467395213,16207,1127
28972.772981,2467405444,2467406581,16353,1137
28972.784997,2467414547,2467415685,16162,1138
28972.809050,2467432798,2467433935,16384,1137
28972.821066,2467441880,2467443018,16335,1138
28972.833097,2467450960,2467452098,16400,1138
28972.845118,2467460047,2467461179,16397,1132
28972.857135,2467469162,2467470299,16249,1137
28972.878183,2467485074,2467486206,16318,1132
28972.890204,2467494186,2467495332,16354,1146
28972.902221,2467503296,2467504429,16245,1133
28972.926272,2467521439,2467522578,16383,1139
28972.959337,2467546404,2467547542,16403,1138
28972.971359,2467555517,2467556650,16394,1133
28972.983375,2467564613,2467565746,16247,1133
28973.040491,2467607808,2467608941,16291,1133
28973.052512,2467616905,2467618043,16382,1138
28973.064529,2467626002,2467627141,16247,1139
28973.088583,2467644190,2467645328,16395,1138
28973.100598,2467653296,2467654429,16144,1133
28973.152709,2467694155,2467695293,16226,1138
28973.164733,2467703266,2467704409,16310,1143
28973.187771,2467719216,2467720348,16398,1132
28973.199786,2467728319,2467729457,16232,1138
28973.211815,2467737426,2467738557,16228,1131
28973.223840,2467746500,2467747628,16400,1128
28973.235857,2467755651,2467756796,16398,1145
28973.247876,2467764744,2467765882,16027,1138
28973.259905,2467773842,2467774975,16372,1133
28973.271925,2467782893,2467784031,16375,1138
28973.283944,2467791903,2467793033,16034,1130
28973.295977,2467800961,2467802099,16376,1138
28973.307995,2467810016,2467811147,16377,1131
28973.320012,2467819044,2467820185,16106,1141
28973.332044,2467828090,2467829202,16208,1112
28973.344065,2467837132,2467838264,16362,1132
28973.356081,2467846170,2467847296,16027,1126
28973.374116,2467859752,2467860881,16110,1129
28973.386147,2467868794,2467869906,16295,1112
28973.410186,2467886883,2467888016,16229,1133
28973.422213,2467895933,2467897071,16441,1138
28973.452268,2467918526,2467919655,16373,1129
28973.464287,2467927578,2467928703,16110,1125
28973.476316,2467936644,2467937783,16358,1139
28973.512385,2467963775,2467964904,16367,1129
28973.524405,2467972861,2467973990,16378,1129
28973.536432,2467981890,2467983026,16108,1136
28973.612575,2468040766,2468041890,16370,1124
28973.641631,2468061116,2468062247,16355,1131
28973.653647,2468070122,2468071252,16029,1130
28973.704748,2468108618,2468109751,16459,1133
28973.716767,2468117642,2468118773,16028,1131
28973.767868,2468156125,2468157260,16369,1135
28973.779887,2468165180,2468166308,16028,1128
28973.791920,2468174269,2468175403,16372,1134
28973.809950,2468187853,2468188990,16354,1137
28973.821971,2468196904,2468198041,16373,1137
28973.861044,2468226368,2468227501,16312,1133
28973.873071,2468235442,2468236575,16274,1133
28973.885091,2468244495,2468245625,16258,1130
28973.897110,2468253556,2468254687,15990,1131
28973.927174,2468276159,2468277297,16359,1138
28973.942196,2468287478,2468288614,16026,1136
28973.984280,2468319163,2468320296,16260,1133
28974.029365,2468353086,2468354214,16374,1128
28974.041384,2468362136,2468363270,16032,1134
28974.068436,2468382504,2468383634,16025,1130
28974.080467,2468391592,2468392730,16295,1138
28974.131564,2468430068,2468431209,16113,1141
28974.143585,2468439129,2468440269,16358,1140
28974.155605,2468448204,2468449337,16377,1133
28974.167627,2468457251,2468458383,16232,1132
28974.179653,2468466299,2468467432,16356,1133
28974.191676,2468475374,2468476501,16345,1127
28974.215722,2468493482,2468494615,16366,1133
28974.227743,2468502512,2468503644,16284,1132
28974.239761,2468511541,2468512665,16029,1124
28974.251791,2468520572,2468521705,16362,1133
28974.263811,2468529613,2468530742,16373,1129
28974.275830,2468538643,2468539774,16030,1131
28974.287864,2468547730,2468548868,16380,1138
28974.299879,2468556764,2468557902,16286,1138
28974.317914,2468570363,2468571496,16365,1133
28974.329941,2468579414,2468580545,16116,1131
28974.344965,2468590731,2468591864,16371,1133
28974.356985,2468599763,2468600886,15946,1123
28974.378031,2468615608,2468616738,16366,1130
28974.390053,2468624686,2468625812,16343,1126
28974.408085,2468638229,2468639369,16367,1140
28974.420104,2468647273,2468648394,16029,1121
28974.432136,2468656329,2468657457,16369,1128
28974.453171,2468672130,2468673268,16369,1138
28974.465190,2468681175,2468682309,15947,1134
28974.480223,2468692527,2468693662,16260,1135
28974.492241,2468701617,2468702758,15986,1141
28974.504271,2468710682,2468711816,16362,1134
28974.516291,2468719750,2468720877,16381,1127
28974.528318,2468728751,2468729878,16111,1127
28974.540339,2468737784,2468738916,16446,1132
28974.568392,2468760373,2468761503,16373,1130
28974.585432,2468771678,2468772816,16382,1138
28974.633517,2468807907,2468809030,16356,1123
28974.645537,2468816932,2468818070,16070,1138
28974.664579,2468832778,2468833913,16361,1135
28974.684618,2468846434,2468847567,16358,1133
28974.696636,2468855544,2468856667,16370,1123
28974.708653,2468864534,2468865675,16026,1141
28974.729702,2468880399,2468881527,16407,1128
28974.741720,2468889424,2468890563,16374,1139
28974.772785,2468914382,2468915520,16358,1138
28974.855939,2468975558,2468976690,16357,1132
28974.867960,2468984601,2468985734,16378,1133
28974.879982,2468993667,2468994797,16226,1130
28974.892013,2469002731,2469003861,16377,1130
28974.910042,2469016318,2469017451,16441,1133
28974.922063,2469025359,2469026499,16374,1140
28974.979170,2469068274,2469069413,16309,1139
28974.994200,2469079618,2469080751,16380,1133
28975.081374,2469145274,2469146412,16423,1138
28975.093385,2469154337,2469155474,16289,1137
28975.111424,2469167910,2469169043,16377,1133
28975.123450,2469176959,2469178094,16078,1135
28975.135471,2469185988,2469187125,16363,1137
28975.147491,2469195069,2469196204,16372,1135
28975.159511,2469204064,2469205195,16030,1131
28975.177548,2469217671,2469218804,16211,1133
28975.189574,2469226705,2469227849,16360,1144
28975.240665,2469265165,2469266307,16027,1142
28975.252694,2469274255,2469275393,16366,1138
28975.300783,2469310447,2469311585,16456,1138
28975.312802,2469319515,2469320652,15992,1137
28975.345869,2469344461,2469345594,16374,1133
28975.357888,2469353489,2469354620,16030,1131
28975.400986,2469387457,2469388587,15992,1130
28975.505175,2469464365,2469465498,16357,1133
28975.517195,2469473413,2469474546,16379,1133
28975.607363,2469541301,2469542445,16293,1144
28975.619397,2469550412,2469551544,16115,1132
28975.652452,2469575277,2469576410,16373,1133
28975.664471,2469584306,2469585442,16032,1136
28975.676507,2469593388,2469594520,16335,1132
28975.692533,2469607071,2469608217,16377,1146
28975.712573,2469620792,2469621930,16402,1138
28975.724590,2469629940,2469631075,16231,1135
28975.751640,2469650518,2469651666,16235,1148
28975.763660,2469659620,2469660751,15999,1131
28975.775693,2469668720,2469669855,16282,1135
28975.787709,2469677750,2469678890,16328,1140
28975.799728,2469686818,2469687945,16031,1127
28975.811762,2469695878,2469697016,16377,1138
28975.823780,2469704925,2469706062,16332,1137
28975.835797,2469713983,2469715121,16023,1138
28975.880882,2469747970,2469749100,15993,1130
28975.892912,2469757038,2469758189,16356,1151
28975.913949,2469772887,2469774024,16373,1137
28975.925970,2469781917,2469783044,16025,1127
28975.937998,2469790958,2469792101,16440,1143
28975.950018,2469800018,2469801151,16378,1133
28975.986086,2469827195,2469828323,16374,1128
28975.998105,2469836210,2469837341,16028,1131
28976.040190,2469867840,2469868983,16374,1143
28976.052209,2469876887,2469878018,16032,1131
28976.070245,2469890458,2469891591,16225,1133
28976.082276,2469899551,2469900697,16373,1146
28976.124346,2469931226,2469932364,16026,1138
28976.136375,2469940274,2469941407,16446,1133
28976.193482,2469983325,2469984463,16379,1138
28976.205500,2469992385,2469993503,15994,1118
28976.220535,2470003685,2470004813,16357,1128
28976.236565,2470017233,2470018359,16370,1126
28976.265618,2470037612,2470038750,16258,1138
28976.277642,2470046701,2470047838,16255,1137
28976.328738,2470085240,2470086378,16374,1138
28976.340757,2470094293,2470095429,16027,1136
28976.361803,2470110191,2470111331,16357,1140
28976.373825,2470119291,2470120424,16342,1133
28976.451975,2470178029,2470179158,16353,1129
28976.463995,2470187126,2470188258,16261,1132
28976.482031,2470200758,2470201896,16339,1138
28976.494049,2470209793,2470210928,16028,1135
28976.521100,2470230186,2470231311,16029,1125
28976.533132,2470239244,2470240356,16216,1112
28976.560181,2470259633,2470260775,16363,1142
28976.572203,2470268767,2470269912,16341,1145
28976.584220,2470277845,2470278988,15910,1143
28976.596254,2470286936,2470288060,16285,1124
28976.608269,2470295975,2470297113,16369,1138
28976.629306,2470311783,2470312915,16022,1132
28976.641335,2470320835,2470321979,16354,1144
28976.671391,2470343517,2470344645,16341,1128
28976.683409,2470352585,2470353715,15951,1130
28976.695438,2470361632,2470362760,16360,1128
28976.707459,2470370687,2470371825,16375,1138
28976.728495,2470386481,2470387611,16025,1130
28976.740528,2470395556,2470396697,16371,1141
28976.756560,2470409143,2470410289,16361,1146
28976.773580,2470420524,2470421650,15993,1126
28976.785613,2470429597,2470430735,16390,1138
28976.872769,2470495155,2470496291,16067,1136
28976.884802,2470504242,2470505380,16386,1138
28976.905835,2470520102,2470521245,16370,1143
28976.917857,2470529190,2470530328,16238,1138
28976.947918,2470551780,2470552908,16357,1128
28976.959939,2470560815,2470561942,16260,1127
28976.971957,2470569843,2470570977,15991,1134
28976.983987,2470578880,2470580013,16317,1133
28977.093194,2470662659,2470663789,16458,1130
28977.128261,2470687568,2470688701,16363,1133
28977.140281,2470696608,2470697746,16375,1138
28977.152301,2470705610,2470706735,16028,1125
28977.164334,2470714694,2470715832,16367,1138
28977.200401,2470741903,2470743036,16462,1133
28977.212422,2470750972,2470752107,16449,1135
28977.257504,2470784866,2470785998,16340,1132
28977.269527,2470793911,2470795049,16089,1138
28977.281557,2470802959,2470804079,16318,1120
28977.305600,2470821046,2470822181,16080,1135
28977.317621,2470830100,2470831238,16446,1138
28977.353690,2470857255,2470858388,16360,1133
28977.365711,2470866340,2470867468,16339,1128
28977.383744,2470879875,2470881013,16367,1138
28977.395764,2470888919,2470890044,15949,1125
28977.407796,2470897979,2470899120,16448,1141
28977.419813,2470907065,2470908201,16371,1136
28977.431832,2470916126,2470917262,16030,1136
28977.443861,2470925174,2470926324,16367,1150
28977.517000,2470981685,2470982823,16376,1138
28977.561088,2471013378,2471014516,16373,1138
28977.573104,2471022480,2471023623,16371,1143
28977.621193,2471058673,2471059816,16026,1143
28977.633221,2471067724,2471068857,16360,1133
28977.645241,2471076766,2471077899,16375,1133
28977.657263,2471085807,2471086936,16235,1129
28977.672293,2471097123,2471098260,16379,1137
28977.684312,2471106138,2471107274,16029,1136
28977.699343,2471117467,2471118596,16439,1129
28977.732410,2471142284,2471143430,16433,1146
28977.744427,2471151355,2471152490,16377,1135
28977.768479,2471169482,2471170622,16444,1140
28977.780500,2471178583,2471179710,16380,1127
28977.801543,2471194406,2471195538,16110,1132
28977.813565,2471203468,2471204614,16375,1146
28977.837608,2471221593,2471222733,16046,1140
28977.849635,2471230703,2471231841,16379,1138
28977.873672,2471248796,2471249926,16026,1130
28977.885702,2471257864,2471259004,16360,1140
28977.897722,2471266928,2471268066,16374,1138
28977.909741,2471275975,2471277111,15995,1136
28977.921773,2471285043,2471286154,16218,1111
28977.933790,2471294049,2471295187,16370,1138
28977.948822,2471305331,2471306469,16355,1138
28977.960844,2471314424,2471315552,16340,1128
28977.972861,2471323428,2471324564,16030,1136
28977.984890,2471332501,2471333639,16359,1138
28978.049014,2471382398,2471383528,16245,1130
28978.153206,2471459407,2471460534,16314,1127
28978.165233,2471468463,2471469603,16449,1140
28978.180255,2471479823,2471480954,16069,1131
28978.192285,2471488863,2471489987,16358,1124
28978.204308,2471497892,2471499028,16364,1136
28978.216324,2471506934,2471508064,15994,1130
28978.228353,2471515994,2471517124,16355,1130
28978.255410,2471529751,2471530357,12012,606
28978.268939,2471534837,2471535633,13515,796
28978.280956,2471543521,2471544655,16304,1134
28978.295986,2471554838,2471555970,16317,1132
28978.308009,2471563907,2471565040,16401,1133
28978.320024,2471572979,2471574110,16230,1131
28978.332053,2471582041,2471583174,16320,1133
28978.344077,2471591114,2471592247,16408,1133
28978.356092,2471600170,2471601308,16341,1138
28978.374127,2471613788,2471614916,16328,1128
28978.386157,2471622866,2471623994,16312,1128
28978.398180,2471631949,2471633087,16321,1138
28978.440259,2471663710,2471664838,16310,1128
28978.452282,2471672787,2471673920,16392,1133
28978.473318,2471688670,2471689821,16275,1151
28978.485346,2471697806,2471698936,16317,1130
28978.500367,2471709145,2471710283,16226,1138
28978.512396,2471718237,2471719369,16316,1132
28978.524421,2471727345,2471728478,16400,1133
28978.536435,2471736443,2471737574,16234,1131
28978.548466,2471745534,2471746672,16322,1138
28978.560488,2471754585,2471755718,16385,1133
28978.593552,2471779556,2471780688,16316,1132
28978.605573,2471788639,2471789777,16389,1138
28978.617590,2471797717,2471798844,16248,1127
28978.629617,2471806807,2471807940,16291,1133
28978.671692,2471838598,2471839731,16260,1133
28978.683722,2471847678,2471848816,16315,1138
28978.695745,2471856760,2471857893,16321,1133
28978.707761,2471865850,2471866978,16142,1128
28978.719789,2471874929,2471876055,16224,1126
28978.731813,2471884014,2471885151,16386,1137
28978.743835,2471893085,2471894223,16308,1138
28978.757358,2471901602,2471902735,16288,1133
28978.769384,2471910664,2471911796,16311,1132
28978.781406,2471919737,2471920875,16370,1138
28978.793428,2471928823,2471929956,16312,1133
28978.808459,2471940199,2471941332,16385,1133
28978.820476,2471949270,2471950405,16246,1135
28978.832503,2471958363,2471959500,16228,1137
28978.844526,2471967435,2471968570,16321,1135
28978.856544,2471976523,2471977651,16263,1128
28978.868573,2471985613,2471986758,16222,1145
28978.880595,2471994723,2471995856,16372,1133
28978.892617,2472003806,2472004930,16314,1124
28978.904641,2472012862,2472014000,16314,1138
28978.916665,2472021931,2472023067,16362,1136
28978.928684,2472031019,2472032159,16278,1140
28978.940709,2472040148,2472041286,16314,1138
28978.952732,2472049234,2472050373,16340,1139
28978.964750,2472058341,2472059481,16173,1140
28978.979783,2472069726,2472070869,16371,1143
28978.991806,2472078835,2472079967,16314,1132
28979.003829,2472087895,2472089032,16315,1137
28979.021864,2472101598,2472102744,16312,1146
28979.033888,2472110678,2472111816,16385,1138
28979.045904,2472119746,2472120884,16260,1138
28979.057934,2472128823,2472129960,16315,1137
28979.094001,2472156077,2472157223,16316,1146
28979.106025,2472165140,2472166278,16387,1138
28979.125066,2472181048,2472182188,16248,1140
28979.137090,2472190144,2472191295,16312,1151
28979.154110,2472201504,2472202647,16173,1143
28979.166139,2472210596,2472211731,16320,1135
28979.193189,2472231012,2472232145,16319,1133
28979.205214,2472240097,2472241230,16388,1133
28979.217230,2472249183,2472250310,16231,1127
28979.229260,2472258297,2472259435,16295,1138
28979.241282,2472267390,2472268533,16316,1143
28979.253299,2472276479,2472277623,16249,1144
28979.265331,2472285606,2472286754,16332,1148
28979.277351,2472294727,2472295867,16355,1140
28979.289373,2472303839,2472304966,16220,1127
28979.301396,2472312928,2472314069,16269,1141
28979.331455,2472335632,2472336777,16372,1145
28979.343473,2472344720,2472345857,16276,1137
28979.355501,2472353801,2472354939,16315,1138
28979.367522,2472362863,2472364001,16295,1138
28979.379539,2472371925,2472373060,16248,1135
28979.391568,2472381002,2472382140,16317,1138
28979.403593,2472390078,2472391215,16312,1137
28979.415609,2472399167,2472400305,16234,1138
28979.427637,2472408258,2472409403,16228,1145
28979.439659,2472417349,2472418487,16313,1138
28979.451679,2472426451,2472427591,16279,1140
28979.463707,2472435586,2472436723,16312,1137
28979.475728,2472444689,2472445827,16387,1138
28979.487750,2472453774,2472454913,16311,1139
28979.499774,2472462840,2472463984,16320,1144
28979.511798,2472471899,2472473027,16400,1128
28979.523816,2472480958,2472482092,16266,1134
28979.535842,2472490025,2472491146,16312,1121
28979.556883,2472505926,2472507064,16380,1138
28979.568899,2472515004,2472516130,16163,1126
28979.607979,2472544575,2472545713,16315,1138
28979.620005,2472553677,2472554814,16389,1137
28979.638037,2472567326,2472568464,16338,1138
28979.650053,2472576443,2472577580,16260,1137
28979.689133,2472605963,2472607092,16318,1129
28979.701157,2472615028,2472616158,16389,1130
28979.722191,2472630996,2472632128,16231,1132
28979.734218,2472640081,2472641217,16313,1136
28979.746241,2472649198,2472650336,16278,1138
28979.758259,2472658285,2472659414,16174,1129
28979.815374,2472701467,2472702602,16333,1135
28979.827398,2472710603,2472711743,16309,1140
28979.839413,2472719683,2472720821,16243,1138
28979.851444,2472728783,2472729917,16293,1134
28979.863465,2472737911,2472739054,16292,1143
28979.875484,2472747028,2472748165,16278,1137
28979.905545,2472769812,2472770945,16315,1133
28979.917570,2472778906,2472780039,16400,1133
28979.929585,2472787992,2472789130,16144,1138
28979.941615,2472797077,2472798210,16317,1133
28979.953637,2472806146,2472807276,16383,1130
28979.968667,2472817461,2472818583,16317,1122
28979.980688,2472826524,2472827653,16382,1129
28979.992705,2472835568,2472836701,16234,1133
28980.007741,2472846929,2472848057,16403,1128
28980.019756,2472856021,2472857165,16233,1144
28980.031785,2472865195,2472866323,16315,1128
28980.043810,2472874325,2472875457,16406,1132
28980.055825,2472883441,2472884581,16230,1140
28980.067854,2472892510,2472893643,16320,1133
28980.079878,2472901606,2472902738,16396,1132
28980.100911,2472917526,2472918659,16244,1133
28980.112941,2472926598,2472927726,16318,1128
28980.127962,2472937967,2472939099,16251,1132
28980.139991,2472947050,2472948188,16231,1138
28980.152016,2472956167,2472957298,16401,1131
28980.164031,2472965241,2472966379,16143,1138
28980.176060,2472974338,2472975482,16317,1144
28980.188085,2472983432,2472984574,16358,1142
28980.200099,2472992520,2472993649,16251,1129
28980.212130,2473001599,2473002728,16321,1129
28980.224151,2473010685,2473011814,16390,1129
28980.236167,2473019771,2473020913,16326,1142
28980.266230,2473042549,2473043682,16399,1133
28980.278254,2473051622,2473052755,16400,1133
28980.359409,2473113011,2473114140,16384,1129
28980.371425,2473122070,2473123208,16245,1138
28980.383455,2473131147,2473132285,16319,1138
28980.395476,2473140250,2473141388,16374,1138
28980.407493,2473149336,2473150474,16264,1138
28980.419523,2473158438,2473159586,16314,1148
28980.431546,2473167516,2473168646,16326,1130
28980.491662,2473212957,2473214092,16316,1135
28980.503683,2473222033,2473223178,16386,1145
28980.515700,2473231134,2473232263,16204,1129
28980.527730,2473240205,2473241343,16319,1138
28980.539753,2473249311,2473250444,16400,1133
28980.551768,2473258384,2473259515,16232,1131
28980.563797,2473267461,2473268599,16227,1138
28980.575822,2473276536,2473277670,16401,1134
28980.587837,2473285587,2473286725,16253,1138
28980.599867,2473294672,2473295811,16313,1139
28980.635934,2473321938,2473323075,16310,1137
28980.647959,2473331044,2473332182,16399,1138
28980.659974,2473340145,2473341283,16215,1138
28980.672003,2473349194,2473350335,16317,1141
28980.684026,2473358292,2473359434,16359,1142
28980.696043,2473367369,2473368498,16251,1129
28980.708073,2473376474,2473377604,16318,1130
28980.720096,2473385611,2473386761,16402,1150
28980.732114,2473394780,2473395922,16261,1142
28980.744143,2473403943,2473405080,16332,1137
28980.756163,2473413086,2473414220,16295,1134
28980.768179,2473422221,2473423348,16186,1127
28980.780209,2473431337,2473432483,16322,1146
28980.792233,2473440484,2473441619,16404,1135
28980.804248,2473449596,2473450739,16237,1143
28980.816277,2473458678,2473459816,16231,1138
28980.828301,2473467791,2473468931,16324,1140
28980.840317,2473476898,2473478027,16249,1129
28980.852350,2473485999,2473487148,16318,1149
28980.873386,2473501930,2473503067,16352,1137
28980.885403,2473511030,2473512158,16233,1128
28980.903437,2473524658,2473525803,16237,1145
28980.915466,2473533798,2473534944,16314,1146
28980.927491,2473542911,2473544053,16322,1142
28980.945523,2473556530,2473557681,16356,1151
28980.957540,2473565647,2473566785,16248,1138
28980.969570,2473574734,2473575867,16316,1133
28980.981594,2473583836,2473584975,16402,1139
28981.024673,2473617864,2473618997,16318,1133
28981.041707,2473629228,2473630366,16316,1138
28981.053731,2473638334,2473639472,16403,1138
28981.071763,2473651972,2473653117,16385,1145
28981.083780,2473661107,2473662231,16236,1124
28981.095809,2473670181,2473671319,16316,1138
28981.107833,2473679293,2473680430,16407,1137
28981.125867,2473692920,2473694053,16315,1133
28981.137884,2473702002,2473703130,16229,1128
28981.173958,2473729308,2473730441,16309,1133
28981.185982,2473738371,2473739514,16323,1143
28981.198003,2473747485,2473748625,16380,1140
28981.234073,2473774773,2473775902,16371,1129
28981.246089,2473783863,2473784992,16233,1129
28981.261125,2473795214,2473796354,16373,1140
28981.273147,2473804310,2473805443,16392,1133
28981.285170,2473813384,2473814525,16320,1141
28981.321239,2473840674,2473841820,16314,1146
28981.333262,2473849776,2473850905,16402,1129
28981.384359,2473888395,2473889526,16314,1131
28981.396381,2473897475,2473898613,16389,1138
28981.441468,2473931494,2473932635,16369,1141
28981.453483,2473940608,2473941746,16237,1138
28981.468519,2473951974,2473953112,16399,1138
28981.480537,2473961085,2473962222,16291,1137
28981.495568,2473972481,2473973625,16370,1144
28981.513602,2473986108,2473987246,16373,1138
28981.525620,2473995208,2473996345,16249,1137
28981.537648,2474004286,2474005409,16314,1123
28981.552672,2474015645,2474016784,16250,1139
28981.564699,2474024703,2474025837,16311,1134
28981.633825,2474077047,2474078174,16246,1127
28981.645853,2474086138,2474087275,16293,1137
28981.675911,2474108849,2474109977,16375,1128
28981.687928,2474117926,2474119059,16246,1133
28981.699961,2474127012,2474128140,16245,1128
28981.711981,2474136102,2474137231,16387,1129
28981.730016,2474149723,2474150860,16394,1137
28981.742032,2474158787,2474159925,16233,1138
28981.760066,2474172409,2474173538,16234,1129
28981.772096,2474181471,2474182609,16316,1138
28981.784118,2474190553,2474191677,16384,1124
28981.796135,2474199629,2474200767,16165,1138
28981.808165,2474208714,2474209860,16312,1146
28981.820187,2474217806,2474218939,16236,1133
28981.832203,2474226888,2474228021,16227,1133
28981.862266,2474249597,2474250736,16313,1139
28981.889320,2474270107,2474271236,16303,1129
28981.901341,2474279204,2474280337,16381,1133
28981.919376,2474292805,2474293951,16317,1146
28981.973478,2474333750,2474334877,16382,1127
28981.985494,2474342813,2474343943,16248,1130
28981.997525,2474351923,2474353056,16314,1133
28982.009547,2474361011,2474362143,16385,1132
28982.021563,2474370088,2474371221,16220,1133
28982.039597,2474383686,2474384823,16233,1137
28982.051626,2474392785,2474393923,16201,1138
28982.063651,2474401864,2474403001,16404,1137
28982.075666,2474410950,2474412088,16249,1138
28982.087697,2474420031,2474421169,16316,1138
28982.099718,2474429159,2474430292,16387,1133
28982.111734,2474438268,2474439406,16264,1138
28982.123762,2474447393,2474448523,16205,1130
28982.135787,2474456460,2474457594,16387,1134
28982.147803,2474465569,2474466704,16246,1135
28982.159831,2474474649,2474475787,16313,1138
28982.171854,2474483767,2474484907,16280,1140
28982.183872,2474492895,2474494041,16267,1146
28982.196905,2474504263,2474505403,16367,1140
28982.219940,2474520158,2474521296,16241,1138
28982.231970,2474529242,2474530380,16333,1138
28982.243993,2474538334,2474539471,16313,1137
28982.265032,2474554215,2474555348,16313,1133
28982.277055,2474563316,2474564463,16317,1147
28982.301095,2474581562,2474582695,16243,1133
28982.313125,2474590817,2474591963,16309,1146
28982.328147,2474602209,2474603337,16235,1128
28982.340175,2474611317,2474612457,16315,1140
28982.352194,2474620688,2474621833,16344,1145
28982.376241,2474638786,2474639915,16360,1129
28982.388262,2474647853,2474648999,16372,1146
28982.400280,2474656920,2474658067,16032,1147
28982.412310,2474666008,2474667146,16361,1138
28982.424331,2474675073,2474676206,16342,1133
28982.436349,2474684088,2474685228,16030,1140
28982.451382,2474695377,2474696515,16451,1138
28982.472418,2474711216,2474712354,16030,1138
28982.484447,2474720277,2474721412,16441,1135
28982.496468,2474729350,2474730483,16456,1133
28982.508487,2474738368,2474739511,16108,1143
28982.520520,2474747701,2474748834,16373,1133
28982.568607,2474783961,2474785111,16359,1150
28982.583636,2474795277,2474796413,16355,1136
28982.613690,2474817887,2474819024,16260,1137
28982.625709,2474826961,2474828097,15990,1136
28982.637739,2474836031,2474837156,16446,1125
28982.715883,2474894775,2474895904,16315,1129
28982.727910,2474903841,2474904974,16363,1133
28982.739927,2474912913,2474914052,16291,1139
28982.757965,2474926492,2474927627,16372,1135
28982.769980,2474935549,2474936674,15986,1125
28982.821086,2474974058,2474975196,16341,1138
28982.833101,2474983119,2474984242,15987,1123
28982.920275,2475048723,2475049852,16349,1129
28982.935304,2475060041,2475061179,16439,1138
28982.953339,2475073643,2475074781,16443,1138
28982.965362,2475082726,2475083859,16363,1133
28982.977378,2475091800,2475092936,16031,1136
28982.989408,2475100842,2475101974,16365,1132
28983.016463,2475121258,2475122406,16380,1148
28983.028479,2475130343,2475131471,16381,1128
28983.124664,2475202812,2475203935,16357,1123
28983.136685,2475211864,2475212997,16362,1133
28983.150211,2475222380,2475223512,16374,1132
28983.193295,2475256324,2475257457,16367,1133
28983.243385,2475292535,2475293665,16027,1130
28983.255418,2475301573,2475302692,16241,1119
28983.267435,2475310615,2475311753,16345,1138
28983.285468,2475324167,2475325305,16375,1138
28983.297490,2475333236,2475334364,16231,1128
28983.312522,2475344543,2475345671,16357,1128
28983.324538,2475353566,2475354687,16029,1121
28983.336568,2475362588,2475363721,16362,1133
28983.348587,2475371732,2475372866,16205,1134
28983.360618,2475380912,2475382052,16322,1140
28983.375639,2475392362,2475393504,16231,1142
28983.393673,2475406123,2475407266,16238,1143
28983.408708,2475417551,2475418689,16405,1138
28983.420724,2475426691,2475427840,16247,1149
28983.432754,2475435826,2475436971,16319,1145
28983.447779,2475447249,2475448394,16263,1145
28983.459806,2475456397,2475457539,16314,1142
28983.471829,2475465532,2475466672,16389,1140
28983.483844,2475474686,2475475824,16235,1138
28983.495873,2475483789,2475484933,16295,1144
28983.507899,2475492946,2475494084,16436,1138
28983.519913,2475502096,2475503247,16256,1151
28983.537950,2475515864,2475517014,16257,1150
28983.549977,2475525011,2475526153,16313,1142
28983.569507,2475539925,2475541068,16244,1143
28983.581536,2475549060,2475550189,16301,1129
28983.599572,2475562783,2475563924,16308,1141
28983.623610,2475581116,2475582254,16203,1138
28983.683728,2475626562,2475627695,16358,1133
28983.695749,2475635617,2475636751,16378,1134
28983.707770,2475644702,2475645826,16247,1124
28983.719796,2475653749,2475654889,16358,1140
28983.731817,2475662842,2475663975,16376,1133
28983.743836,2475671869,2475672999,16026,1130
28983.755870,2475680929,2475682058,16428,1129
28983.768900,2475692256,2475693386,16031,1130
28983.792941,2475710392,2475711525,16347,1133
28983.809972,2475721750,2475722882,16362,1132
28983.821988,2475730827,2475731972,16368,1145
28983.846036,2475748941,2475750074,16360,1133
28983.858060,2475757993,2475759125,16359,1132
28983.882105,2475776068,2475777199,16359,1131
28983.894129,2475785157,2475786287,16344,1130
28983.906147,2475794218,2475795355,16226,1137
28983.945225,2475823674,2475824807,16358,1133
28983.957248,2475832714,2475833847,16356,1133
28983.969265,2475841756,2475842888,16105,1132
28983.981294,2475850834,2475851967,16444,1133
28984.000330,2475866646,2475867774,16342,1128
28984.104524,2475943540,2475944678,16227,1138
28984.116552,2475952585,2475953731,16377,1146
28984.164640,2475988760,2475989897,16375,1137
28984.176659,2475997822,2475998958,16024,1136
28984.204722,2476020454,2476021600,16368,1146
28984.239779,2476045329,2476046460,16104,1131
28984.251811,2476054388,2476055529,16491,1141
28984.263828,2476063461,2476064594,16375,1133
28984.308916,2476097362,2476098495,16345,1133
28984.320934,2476106397,2476107527,16029,1130
28984.360014,2476135815,2476136944,16360,1129
28984.372034,2476144875,2476146009,16327,1134
28984.384054,2476153918,2476155048,16028,1130
28984.396082,2476162963,2476164095,16365,1132
28984.417120,2476178808,2476179951,16382,1143
28984.429139,2476187853,2476188989,15997,1136
28984.456190,2476208278,2476209405,16025,1127
28984.468220,2476217348,2476218478,16365,1130
28984.480240,2476226403,2476227527,16459,1124
28984.492259,2476235437,2476236565,16112,1128
28984.504292,2476244497,2476245635,16454,1138
28984.519310,2476255775,2476256905,16026,1130
28984.531340,2476264818,2476265950,16445,1132
28984.543360,2476273890,2476275023,16374,1133
28984.555379,2476282904,2476284035,16026,1131
28984.567410,2476291953,2476293065,16209,1112
28984.579428,2476300991,2476302131,16369,1140
28984.615497,2476328349,2476329485,16371,1136
28984.627517,2476337375,2476338505,16027,1130
28984.639546,2476346415,2476347553,16356,1138
28984.651569,2476355461,2476356594,16358,1133
28984.663585,2476364515,2476365641,16031,1126
28984.675616,2476373596,2476374725,16380,1129
28984.687634,2476382636,2476383759,16371,1123
28984.699656,2476391652,2476392785,16230,1133
28984.711687,2476400688,2476401808,16237,1120
28984.732719,2476416532,2476417676,16284,1144
28984.744747,2476425564,2476426699,16110,1135
28984.783820,2476455015,2476456148,16364,1133
28984.795840,2476464084,2476465208,16249,1124
28984.807859,2476473109,2476474247,15991,1138
28984.819889,2476482174,2476483314,16358,1140
28984.831909,2476491233,2476492364,16375,1131
28984.849946,2476504831,2476505974,16357,1143
28984.861962,2476513860,2476514990,16025,1130
28984.873995,2476522964,2476524101,16372,1137
28984.886012,2476532015,2476533143,16458,1128
28984.898034,2476541046,2476542192,16237,1146
28984.941125,2476574965,2476576101,16188,1136
28984.970168,2476595303,2476596433,16026,1130
28984.982197,2476604331,2476605473,16358,1142
28985.001235,2476620231,2476621360,16342,1129
28985.052337,2476658621,2476659759,16358,1138
28985.156526,2476735514,2476736652,16460,1138
28985.168549,2476744570,2476745708,16091,1138
28985.192595,2476762688,2476763831,16259,1143
28985.204614,2476771755,2476772879,16071,1124
28985.256725,2476812382,2476813517,16101,1135
28985.321837,2476859936,2476861067,16030,1131
28985.333866,2476868974,2476870110,16366,1136
28985.351900,2476882572,2476883711,16365,1139
28985.363923,2476891623,2476892749,16456,1126
28985.375940,2476900654,2476901790,16028,1136
28985.387971,2476909677,2476910789,16214,1112
28985.399991,2476918739,2476919882,16348,1143
28985.418024,2476932324,2476933457,16373,1133
28985.430042,2476941360,2476942482,16028,1122
28985.469123,2476970787,2476971932,16358,1145
28985.481144,2476979856,2476980991,16371,1135
28985.544266,2477027384,2477028517,16359,1133
28985.556283,2477036410,2477037537,16027,1127
28985.571315,2477047688,2477048816,16370,1128
28985.607383,2477074834,2477075962,16370,1128
28985.619403,2477084104,2477085231,16031,1127
28985.661486,2477115723,2477116846,16369,1123
28985.673509,2477124747,2477125890,16048,1143
28985.685534,2477133839,2477134968,16354,1129
28985.736633,2477172265,2477173395,16108,1130
28985.748659,2477181360,2477182510,16360,1150
28985.760682,2477190489,2477191634,16374,1145
28985.776711,2477204203,2477205341,16382,1138
28985.811777,2477229325,2477230471,16313,1146
28985.823796,2477238446,2477239584,16343,1138
28985.835822,2477247492,2477248630,16112,1138
28985.865877,2477270120,2477271258,16360,1138
28985.877898,2477279147,2477280270,16376,1123
28985.889922,2477288229,2477289364,16234,1135
28985.986104,2477360620,2477361766,16257,1146
28986.001135,2477371951,2477373074,16351,1123
28986.013156,2477380966,2477382093,16382,1127
28986.034199,2477396830,2477397966,16112,1136
28986.046220,2477405891,2477407031,16377,1140
28986.091311,2477439818,2477440951,16380,1133
28986.103327,2477448851,2477449980,16379,1129
28986.115346,2477457888,2477459025,15996,1137
28986.127375,2477466924,2477468053,16369,1129
28986.145409,2477480482,2477481616,16438,1134
28986.157430,2477489555,2477490693,16382,1138
28986.199513,2477521343,2477522492,16359,1149
28986.211533,2477530460,2477531598,16370,1138
28986.223556,2477539535,2477540668,16230,1133
28986.235584,2477548580,2477549725,16460,1145
28986.247601,2477557671,2477558813,16459,1142
28986.259620,2477566701,2477567844,16101,1143
28986.304706,2477600611,2477601741,16096,1130
28986.316735,2477609656,2477610796,16365,1140
28986.328755,2477618695,2477619824,16375,1129
28986.343787,2477629983,2477631121,16357,1138
28986.355807,2477639041,2477640172,16380,1131
28986.367826,2477648094,2477649225,16026,1131
28986.379860,2477657164,2477658290,16463,1126
28986.391876,2477666233,2477667373,16431,1140
28986.403895,2477675288,2477676415,16106,1127
28986.415925,2477684349,2477685500,16386,1151
28986.427946,2477693420,2477694553,16372,1133
28986.439963,2477702462,2477703587,16029,1125
28986.451992,2477711473,2477712600,16444,1127
28986.464014,2477720540,2477721676,16347,1136
28986.476030,2477729589,2477730725,15990,1136
28986.497078,2477745474,2477746611,16362,1137
28986.509099,2477754513,2477755646,16380,1133
28986.525131,2477768077,2477769210,16455,1133
28986.569215,2477799769,2477800902,16362,1133
28986.581235,2477808793,2477809931,16307,1138
28986.629331,2477844972,2477846098,16111,1126
28986.641358,2477854044,2477855179,16368,1135
28986.695455,2477894745,2477895875,16359,1130
28986.707476,2477903787,2477904925,16374,1138
28986.719495,2477912823,2477913963,16029,1140
28986.732533,2477924173,2477925301,16352,1128
28986.836718,2478001102,2478002236,16107,1134
28986.848749,2478010201,2478011343,16461,1142
28986.905853,2478053142,2478054275,16370,1133
28986.917875,2478062192,2478063325,16223,1133
28986.940415,2478079649,2478080779,15992,1130
28986.952444,2478088690,2478089818,16355,1128
28986.964465,2478097717,2478098850,16378,1133
28986.985501,2478113503,2478114638,16031,1135
28986.997532,2478122585,2478123724,16382,1139
28987.045619,2478158775,2478159898,16373,1123
28987.057638,2478167804,2478168935,16032,1131
28987.147809,2478235576,2478236711,16029,1135
28987.159843,2478244664,2478245804,16372,1140
28987.171859,2478253734,2478254885,16301,1151
28987.183878,2478262790,2478263921,15995,1131
28987.195907,2478271829,2478272954,16361,1125
28987.216945,2478287644,2478288777,16365,1133
28987.228969,2478296686,2478297815,16259,1129
28987.253013,2478314791,2478315924,16375,1133
28987.265034,2478324020,2478325149,16028,1129
28987.352202,2478389670,2478390798,16455,1128
28987.372332,2478398879,2478399478,12013,599
28987.440866,2478444144,2478445279,16107,1135
28987.452895,2478453197,2478454330,16436,1133
28987.464918,2478462260,2478463398,16378,1138
28987.476938,2478471346,2478472479,16252,1133
28987.516015,2478500742,2478501869,16354,1127
28987.528039,2478509796,2478510924,16443,1128
28987.540055,2478518841,2478519977,16110,1136
28987.558090,2478532448,2478533573,16028,1125
28987.570119,2478541495,2478542624,16363,1129
28987.585141,2478552790,2478553919,16068,1129
28987.597170,2478561828,2478562967,16381,1139
28987.624224,2478582152,2478583285,16405,1133
28987.636242,2478591225,2478592349,16373,1124
28987.648261,2478600219,2478601349,16037,1130
28987.660290,2478609263,2478610392,16299,1129
28987.672311,2478618352,2478619490,16348,1138
28987.684329,2478627410,2478628544,16077,1134
28987.696358,2478636445,2478637587,16362,1142
28987.708379,2478645517,2478646650,16462,1133
28987.753465,2478679434,2478680572,16374,1138
28987.765484,2478688464,2478689586,16031,1122
28987.801553,2478715591,2478716721,16028,1130
28987.813586,2478724646,2478725778,16372,1132
28987.825605,2478733656,2478734779,16360,1123
28987.837621,2478742660,2478743803,15989,1143
28987.849650,2478751699,2478752831,16347,1132
28987.861671,2478760759,2478761886,16378,1127
28987.879706,2478774363,2478775508,16426,1145
28987.893232,2478782762,2478783886,16285,1124
28987.905252,2478791781,2478792914,16230,1133
28987.920282,2478803099,2478804237,16345,1138
28987.932304,2478812188,2478813328,16321,1140
28987.953347,2478828012,2478829141,16358,1129
28987.965368,2478837067,2478838205,16372,1138
28987.977387,2478846117,2478847242,16040,1125
28987.989416,2478855164,2478856302,16355,1138
28988.013456,2478873239,2478874385,16112,1146
28988.025489,2478882332,2478883461,16459,1129
28988.037507,2478891408,2478892537,16431,1129
28988.049524,2478900435,2478901560,16078,1125
28988.061555,2478909510,2478910629,16221,1119
28988.073577,2478918575,2478919713,16366,1138
28988.097622,2478936668,2478937797,16356,1129
28988.109643,2478945733,2478946871,16378,1138
28988.121665,2478954778,2478955917,16240,1139
28988.133692,2478963843,2478964973,16269,1130
28988.160742,2478984195,2478985335,16366,1140
28988.172765,2478993322,2478994465,16444,1143
28988.199814,2479013763,2479014892,16376,1129
28988.211833,2479022826,2479023969,16035,1143
28988.229867,2479036448,2479037579,15999,1131
28988.241896,2479045502,2479046640,16438,1138
28988.256918,2479056792,2479057922,16107,1130
28988.268950,2479065860,2479066994,16376,1134
28988.280968,2479074950,2479076083,16372,1133
28988.295999,2479086471,2479087607,16358,1136
28988.308020,2479095520,2479096653,16377,1133
28988.320041,2479104606,2479105739,16236,1133
28988.332068,2479113668,2479114797,16356,1129
28988.345099,2479124961,2479126095,16232,1134
28988.362123,2479136276,2479137406,16464,1130
28988.374142,2479145334,2479146464,16077,1130
28988.392179,2479158908,2479160041,16321,1133
28988.404204,2479167961,2479169107,16365,1146
28988.416225,2479177041,2479178178,16258,1137
28988.428245,2479186112,2479187237,16077,1125
28988.440273,2479195177,2479196311,16443,1134
28988.452294,2479204230,2479205370,16380,1140
28988.464321,2479213252,2479214387,16119,1135
28988.480356,2479226843,2479227973,16031,1130
28988.492379,2479235928,2479237050,16452,1122
28988.533449,2479265447,2479266587,16303,1140
28988.545470,2479274510,2479275646,16237,1136
28988.569519,2479292641,2479293774,16365,1133
28988.581536,2479301661,2479302796,16037,1135
28988.596569,2479312979,2479314129,16377,1150
28988.608587,2479322029,2479323165,16000,1136
28988.620621,2479331118,2479332246,16366,1128
28988.635639,2479342481,2479343612,16000,1131
28988.647668,2479351523,2479352669,16352,1146
28988.659688,2479360601,2479361728,16373,1127
28988.671708,2479369614,2479370752,16044,1138
28988.692753,2479385444,2479386577,16357,1133
28988.704775,2479394521,2479395659,16342,1138
28988.716796,2479403580,2479404715,16242,1135
28988.749860,2479428491,2479429629,16378,1138
28988.761886,2479437528,2479438658,16118,1130
28988.773908,2479446552,2479447685,16432,1133
28988.853062,2479507682,2479508815,16372,1133
28988.894134,2479537060,2479538183,16384,1123
28988.906155,2479546109,2479547230,16032,1121
28988.957251,2479584572,2479585713,16294,1141
28988.969274,2479593668,2479594804,15994,1136
28988.981302,2479602746,2479603884,16371,1138
28988.993323,2479611803,2479612931,16462,1128
28989.005346,2479620851,2479621989,16093,1138
28989.041414,2479647990,2479649128,16131,1138
28989.053439,2479657066,2479658194,16359,1128
28989.065463,2479666118,2479667256,16359,1138
28989.077483,2479675158,2479676284,16044,1126
28989.095514,2479688754,2479689889,16112,1135
28989.107544,2479697833,2479698979,16381,1146
28989.119564,2479706912,2479708041,16259,1129
28989.137597,2479720483,2479721616,16369,1133
28989.149616,2479729503,2479730623,16034,1120
28989.161648,2479738538,2479739675,16371,1137
28989.173666,2479747622,2479748754,16376,1132
28989.185687,2479756693,2479757832,16033,1139
28989.197713,2479765749,2479766872,16351,1123
28989.209735,2479774759,2479775892,16265,1133
28989.245803,2479801928,2479803066,16386,1138
28989.257830,2479810957,2479812093,16123,1136
28989.281871,2479829063,2479830198,16372,1135
28989.293891,2479838096,2479839215,16035,1119
28989.308923,2479849384,2479850524,16260,1140
28989.320942,2479858485,2479859621,16077,1136
28989.332971,2479867530,2479868662,16373,1132
28989.344992,2479876577,2479877721,16460,1144
28989.357019,2479885662,2479886789,16082,1127
28989.369039,2479894700,2479895832,16352,1132
28989.384065,2479906012,2479907150,16234,1138
28989.396093,2479915072,2479916210,16357,1138
28989.408112,2479924120,2479925258,16263,1138
28989.426146,2479937690,2479938819,16369,1129
28989.438165,2479946758,2479947896,16037,1138
28989.486265,2479983078,2479984189,16209,1111
28989.516319,2480005742,2480006865,16345,1123
28989.528337,2480014777,2480015908,16000,1131
28989.597468,2480066833,2480067968,16292,1135
28989.609493,2480075919,2480077052,16248,1133
28989.621520,2480084986,2480086124,16357,1138
28989.639554,2480098564,2480099697,16359,1133
28989.651574,2480107616,2480108754,16379,1138
28989.663594,2480116686,2480117821,16028,1135
28989.700674,2480146106,2480147244,16440,1138
28989.723712,2480162011,2480163151,16371,1140
28989.737238,2480172186,2480173314,16378,1128
28989.767291,2480194767,2480195905,15998,1138
28989.779320,2480203815,2480204953,16441,1138
28989.791341,2480212856,2480213989,16461,1133
28989.803367,2480221885,2480223011,16197,1126
28989.824405,2480237711,2480238849,16357,1138
28989.836426,2480246775,2480247907,16374,1132
28989.851457,2480258049,2480259181,16439,1132
28989.863479,2480267104,2480268232,16426,1128
28989.875497,2480276117,2480277257,16032,1140
28989.887528,2480285171,2480286280,16213,1109
28989.899548,2480294240,2480295368,16436,1128
28989.911565,2480303300,2480304433,16035,1133
28989.923594,2480312359,2480313501,16355,1142
28989.935615,2480321465,2480322594,16371,1129
28989.947637,2480330512,2480331636,16317,1124
28989.959667,2480339580,2480340702,16364,1122
28989.971684,2480348605,2480349734,16379,1129
28989.983703,2480357622,2480358758,16033,1136
28990.020783,2480387076,2480388210,16439,1134
28990.064860,2480418751,2480419885,16016,1134
28990.076886,2480427801,2480428952,16445,1151
28990.088902,2480436892,2480438032,16377,1140
28990.100933,2480445919,2480447048,16192,1129
28990.121971,2480461735,2480462873,16436,1138
28990.133992,2480470811,2480471940,16377,1129
28990.149023,2480482124,2480483257,16351,1133
28990.161045,2480491193,2480492330,16338,1137
28990.182080,2480507052,2480508182,16033,1130
28990.194109,2480516103,2480517239,16350,1136
28990.206132,2480525159,2480526288,16365,1129
28990.227165,2480540966,2480542107,16110,1141
28990.242198,2480552343,2480553481,16377,1138
28990.308320,2480602167,2480603294,15994,1127
28990.320349,2480611194,2480612328,16350,1134
28990.332370,2480620231,2480621359,16373,1128
28990.347405,2480631572,2480632705,16368,1133
28990.359422,2480640661,2480641801,16344,1140
28990.371440,2480649717,2480650853,16033,1136
28990.383469,2480658764,2480659899,16359,1135
28990.395489,2480667808,2480668946,16372,1138
28990.407508,2480676829,2480677965,16034,1136
28990.419537,2480685871,2480687011,16354,1140
28990.431558,2480694923,2480696063,16372,1140
28990.443579,2480703975,2480705108,16034,1133
28990.455610,2480713071,2480714200,16371,1129
28990.467627,2480722111,2480723244,16334,1133
28990.479648,2480731243,2480732376,16171,1133
28990.491674,2480740295,2480741433,16343,1138
28990.540773,2480778807,2480779934,16211,1127
28990.557800,2480790153,2480791280,16346,1127
28990.569817,2480799192,2480800328,16110,1136
28990.581846,2480808240,2480809379,16354,1139
28990.629935,2480844423,2480845551,16376,1128
28990.641954,2480853468,2480854593,16032,1125
28990.666004,2480871604,2480872737,16374,1133
28990.678023,2480880678,2480881821,15998,1143
28990.690052,2480889725,2480890858,16355,1133
28990.745156,2480932666,2480933793,16264,1127
28990.765192,2480946252,2480947384,16373,1132
28990.777212,2480955304,2480956449,16035,1145
28990.789244,2480964388,2480965536,16398,1148
28990.849352,2481009802,2481010935,16234,1133
28990.861377,2481018858,2481019997,16356,1139
28990.897449,2481045998,2481047131,16486,1133
28990.909466,2481055052,2481056188,16373,1136
28990.921486,2481064115,2481065245,16033,1130
28990.951553,2481086714,2481087852,16370,1138
28990.965075,2481097193,2481098331,16364,1138
28990.986114,2481113070,2481114201,16342,1131
28990.998134,2481122163,2481123292,16251,1129
28991.010160,2481131202,2481132334,16349,1132
28991.058250,2481167430,2481168563,16378,1133
28991.070269,2481176474,2481177601,16006,1127
28991.124371,2481217169,2481218299,16031,1130
28991.136403,2481226246,2481227357,16186,1111
28991.157437,2481242058,2481243200,16345,1142
28991.192008,2481268293,2481269428,16083,1135
28991.204029,2481277339,2481278477,16354,1138
28991.216050,2481286388,2481287520,16372,1132
28991.228069,2481295425,2481296552,16038,1127
28991.246106,2481309006,2481310134,16227,1128
28991.258132,2481318081,2481319209,16356,1128
28991.306220,2481354270,2481355392,16339,1122
28991.318240,2481363304,2481364434,16037,1130
28991.345297,2481383690,2481384831,16265,1141
28991.357321,2481392749,2481393878,16354,1129
28991.369344,2481401832,2481402961,16420,1129
28991.381361,2481410893,2481412021,16033,1128
28991.393392,2481419956,2481421093,16483,1137
28991.472543,2481481057,2481482180,16348,1123
28991.507600,2481505908,2481507038,16109,1130
28991.519632,2481514991,2481516105,16180,1114
28991.531650,2481524038,2481525167,16376,1129
28991.543672,2481533088,2481534218,16239,1130
28991.555701,2481542149,2481543261,16210,1112
28991.567715,2481551183,2481552323,16291,1140
28991.579737,2481560388,2481561519,16027,1131
28991.591770,2481569446,2481570576,16491,1130
28991.609801,2481583013,2481584150,16345,1137
28991.621822,2481592061,2481593199,16373,1138
28991.633841,2481601105,2481602232,16032,1127
28991.645876,2481610305,2481611450,16371,1145
28991.657892,2481619379,2481620507,16370,1128
28991.687951,2481642085,2481643220,16112,1135
28991.699973,2481651136,2481652274,16361,1138
28991.711993,2481660180,2481661316,16331,1136
28991.724012,2481669197,2481670328,16028,1131
28991.745063,2481685062,2481686201,16364,1139
28991.757079,2481694125,2481695263,16371,1138
28991.772110,2481705421,2481706550,16363,1129
28991.784131,2481714498,2481715631,16374,1133
28991.796149,2481723540,2481724665,15908,1125
28991.808179,2481732569,2481733692,16360,1123
28991.820199,2481741603,2481742732,16328,1129
28991.838233,2481755154,2481756282,16258,1128
28991.850252,2481764233,2481765376,15992,1143
28991.895338,2481798170,2481799311,16031,1141
28991.907367,2481807248,2481808378,16358,1130
28991.919388,2481816304,2481817437,16377,1133
28991.931407,2481825330,2481826466,16026,1136
28991.943440,2481834409,2481835547,16372,1138
28991.955456,2481843450,2481844578,16374,1128
28991.967475,2481852464,2481853602,16033,1138
28991.979506,2481861545,2481862678,16380,1133
28992.012561,2481886380,2481887516,16024,1136
28992.024590,2481895432,2481896565,16443,1133
28992.036611,2481904506,2481905652,16261,1146
28992.112761,2481963298,2481964421,16362,1123
28992.168864,2482004006,2482005133,16443,1127
28992.180885,2482013041,2482014174,16457,1133
28992.195916,2482024382,2482025514,16361,1132
28992.207936,2482033427,2482034553,16377,1126
28992.219955,2482042455,2482043586,16103,1131
28992.231984,2482051518,2482052647,16361,1129
28992.250023,2482065115,2482066247,16370,1132
28992.262040,2482074148,2482075276,16376,1128
28992.317152,2482117085,2482118212,16023,1127
28992.334176,2482128457,2482129600,16247,1143
28992.388282,2482169193,2482170325,16439,1132
28992.400299,2482178238,2482179369,16030,1131
28992.412327,2482187304,2482188441,16359,1137
28992.424346,2482196369,2482197501,16355,1132
28992.436369,2482205444,2482206573,16229,1129
28992.523532,2482271090,2482272225,16286,1135
28992.535558,2482280192,2482281330,16211,1138
28992.547589,2482289293,2482290431,16375,1138
28992.559605,2482298330,2482299468,16383,1138
28992.571624,2482307381,2482308506,16030,1125
28992.583656,2482316414,2482317554,16413,1140
28992.601687,2482330011,2482331134,16440,1123
28992.613704,2482339046,2482340183,16373,1137
28992.625727,2482348090,2482349225,16029,1135
28992.637760,2482357152,2482358275,16380,1123
28992.679834,2482388867,2482390000,16069,1133
28992.691859,2482397930,2482399074,16363,1144
28992.703879,2482407007,2482408143,16333,1136
28992.715898,2482416042,2482417172,16030,1130
28992.727927,2482425089,2482426222,16357,1133
28992.739949,2482434171,2482435304,16349,1133
28992.751967,2482443205,2482444329,16021,1124
28992.797053,2482477162,2482478287,16025,1125
28992.809084,2482486214,2482487357,16426,1143
28992.821102,2482495265,2482496405,16336,1140
28992.836138,2482506567,2482507704,16451,1137
28992.849164,2482517918,2482519045,16098,1127
28992.905259,2482558643,2482559774,16028,1131
28992.917292,2482567714,2482568847,16372,1133
28992.929308,2482576763,2482577895,16259,1132
28992.953356,2482594838,2482595976,16355,1138
28992.965377,2482603888,2482605017,16374,1129
28992.989425,2482621962,2482623095,16368,1133
28993.001445,2482631020,2482632153,16385,1133
28993.013466,2482640088,2482641215,16030,1127
28993.025494,2482649131,2482650269,16372,1138
28993.056558,2482673976,2482675113,16047,1137
28993.160751,2482750885,2482752015,16439,1130
28993.175781,2482762191,2482763327,16193,1136
28993.193807,2482775772,2482776902,16028,1130
28993.205839,2482784817,2482785930,16215,1113
28993.217858,2482793870,2482794993,16340,1123
28993.256927,2482823222,2482824347,16024,1125
28993.268956,2482832274,2482833414,16360,1140
28993.374158,2482911428,2482912553,16114,1125
28993.386179,2482920473,2482921596,16441,1123
28993.416234,2482943089,2482944227,16374,1138
28993.428259,2482952189,2482953329,16255,1140
28993.467333,2482981578,2482982711,16350,1133
28993.479354,2482990633,2482991773,16299,1140
28993.491374,2482999686,2483000825,15944,1139
28993.503402,2483008731,2483009864,16356,1133
28993.515423,2483017786,2483018919,16376,1133
28993.527447,2483026855,2483027996,16263,1141
28993.539471,2483035910,2483037038,16361,1128
28993.551491,2483044957,2483046090,16379,1133
28993.572536,2483060748,2483061875,16111,1127
28993.584561,2483069813,2483070925,16243,1112
28993.599579,2483081118,2483082266,15990,1148
28993.611609,2483090202,2483091335,16357,1133
28993.623630,2483099274,2483100400,16264,1126
28993.701780,2483158040,2483159178,16360,1138
28993.713800,2483167076,2483168214,16376,1138
28993.725821,2483176154,2483177288,16243,1134
28993.737852,2483185213,2483186346,16374,1133
28993.749869,2483194259,2483195391,16374,1132
28993.800968,2483232671,2483233804,16357,1133
28993.812988,2483241752,2483242885,16369,1133
28993.825010,2483250828,2483251970,16229,1142
28993.837037,2483259870,2483261005,16365,1135
28993.897145,2483305017,2483306147,16104,1130
28993.909174,2483314024,2483315162,16363,1138
28993.930213,2483329890,2483331024,16348,1134
28993.942230,2483338938,2483340072,16103,1134
28993.984310,2483370596,2483371736,16373,1140
28994.012376,2483393194,2483394321,16026,1127
28994.032402,2483406795,2483407930,15995,1135
28994.044433,2483415887,2483417028,16370,1141
28994.116569,2483470144,2483471277,16358,1133
28994.128590,2483479242,2483480380,16340,1138
28994.215757,2483544873,2483545996,16443,1123
28994.227779,2483553953,2483555082,16346,1129
28994.239796,2483562998,2483564125,16027,1127
28994.251829,2483572096,2483573242,16365,1146
28994.263846,2483581209,2483582342,16375,1133
28994.275865,2483590262,2483591400,16027,1138
28994.287894,2483599340,2483600483,16354,1143
28994.299915,2483608389,2483609523,16372,1134
28994.311933,2483617447,2483618585,15941,1138
28994.323967,2483626538,2483627675,16368,1137
28994.335984,2483635635,2483636773,16375,1138
28994.348002,2483644705,2483645841,15994,1136
28994.360032,2483653771,2483654909,16357,1138
28994.372055,2483662806,2483663925,16363,1119
28994.384071,2483671810,2483672940,16028,1130
28994.396100,2483680859,2483681997,16268,1138
28994.408120,2483689901,2483691031,16376,1130
28994.420142,2483698979,2483700125,16229,1146
28994.432171,2483708058,2483709172,16219,1114
28994.444185,2483717107,2483718243,16294,1136
28994.456210,2483726146,2483727265,16029,1119
28994.468240,2483735169,2483736303,16407,1134
28994.480259,2483744235,2483745363,16254,1128
28994.492277,2483753260,2483754392,16031,1132
28994.504310,2483762323,2483763463,16384,1140
28994.516326,2483771382,2483772515,16269,1133
28994.528346,2483780416,2483781546,15994,1130
28994.543379,2483791737,2483792866,16419,1129
28994.561412,2483805302,2483806430,16373,1128
28994.573431,2483814328,2483815461,16031,1133
28994.585460,2483823366,2483824504,16354,1138
28994.624533,2483852812,2483853958,16326,1146
28994.636551,2483861848,2483862984,16028,1136
28994.648582,2483870920,2483872032,16212,1112
28994.660602,2483880000,2483881129,16343,1129
28994.672620,2483889023,2483890147,16031,1124
28994.696669,2483907121,2483908259,16370,1138
28994.708688,2483916141,2483917272,16026,1131
28994.729734,2483932034,2483933164,16351,1130
28994.741755,2483941064,2483942198,16376,1134
28994.753774,2483950116,2483951252,16027,1136
28994.765806,2483959186,2483960318,16409,1132
28994.780826,2483970477,2483971615,16020,1138
28994.855975,2484026970,2484028124,16364,1154
28994.867998,2484036130,2484037259,16365,1129
28994.880017,2484045166,2484046299,16233,1133
28994.922099,2484076818,2484077950,16428,1132
28994.934117,2484085822,2484086949,16109,1127
28994.946146,2484094854,2484095987,16447,1133
28994.973198,2484115197,2484116333,16445,1136
28994.985218,2484124251,2484125389,16377,1138
28995.000249,2484135591,2484136729,16446,1138
28995.060365,2484180815,2484181941,16114,1126
28995.072386,2484189864,2484190990,16445,1126
28995.084406,2484198916,2484200054,16376,1138
28995.111458,2484219262,2484220392,16343,1130
28995.123482,2484228325,2484229464,16263,1139
28995.135508,2484237393,2484238506,16214,1113
28995.153542,2484250918,2484252027,16288,1109
28995.165564,2484259937,2484261075,16447,1138
28995.180592,2484271236,2484272374,16367,1138
28995.192612,2484280287,2484281420,16459,1133
28995.240700,2484316530,2484317661,16027,1131
28995.252729,2484325587,2484326719,16275,1132
28995.267752,2484336861,2484337996,16026,1135
28995.280783,2484348219,2484349361,16366,1142
28995.303820,2484364042,2484365177,16031,1135
28995.315853,2484373097,2484374237,16376,1140
28995.327872,2484382156,2484383294,16361,1138
28995.339889,2484391201,2484392332,16029,1131
28995.351922,2484400218,2484401338,16241,1120
28995.363938,2484409270,2484410405,16306,1135
28995.375957,2484418291,2484419422,16022,1131
28995.393992,2484431869,2484433005,16029,1136
28995.406023,2484440933,2484442047,16212,1114
28995.433072,2484461268,2484462398,16361,1130
28995.445093,2484470311,2484471449,16375,1138
28995.472144,2484490666,2484491802,16372,1136
28995.484163,2484499748,2484500878,16027,1130
28995.496192,2484508786,2484509926,16319,1140
28995.508213,2484517844,2484518977,16262,1133
28995.520232,2484526902,2484528035,15915,1133
28995.541278,2484542724,2484543859,16351,1135
28995.553299,2484551754,2484552887,16374,1133
28995.601386,2484587955,2484589092,15992,1137
28995.613419,2484597082,2484598223,16375,1141
28995.625436,2484606151,2484607278,16458,1127
28995.637454,2484615190,2484616320,16027,1130
28995.649486,2484624257,2484625382,16215,1125
28995.661507,2484633326,2484634466,16361,1140
28995.676535,2484644618,2484645751,16442,1133
28995.688555,2484653675,2484654816,16371,1141
28995.709595,2484669519,2484670657,16231,1138
28995.721621,2484678592,2484679719,16363,1127
28995.751675,2484701167,2484702294,16455,1127
28995.763694,2484710181,2484711306,16109,1125
28995.781731,2484723779,2484724912,16217,1133
28995.793762,2484732908,2484734050,16417,1142
28995.811796,2484746623,2484747769,16306,1146
28995.823818,2484755790,2484756936,16388,1146
28995.835834,2484764918,2484766056,16249,1138
28995.847865,2484774075,2484775225,16268,1150
28995.859888,2484783218,2484784346,16403,1128
28995.871903,2484792290,2484793426,16236,1136
28995.889932,2484805890,2484807022,16069,1132
28995.901964,2484814951,2484816091,16463,1140
28995.913985,2484824068,2484825192,16427,1124
28995.944040,2484846747,2484847880,16230,1133
28995.956070,2484855782,2484856919,16491,1137
28995.968087,2484864835,2484865965,16454,1130
28995.986121,2484878392,2484879530,16456,1138
28995.998140,2484887438,2484888581,16032,1143
28996.025192,2484907793,2484908923,16105,1130
28996.037221,2484916838,2484917963,16365,1125
28996.097329,2484962050,2484963184,16028,1134
28996.109362,2484971147,2484972276,16372,1129
28996.127393,2484984701,2484985828,16360,1127
28996.139413,2484993746,2484994882,16375,1136
28996.151440,2485002799,2485003926,16114,1127
28996.163461,2485011822,2485012948,16359,1126
28996.175481,2485020842,2485021969,16373,1127
28996.187500,2485029886,2485031016,16029,1130
28996.205538,2485043437,2485044574,16235,1137
28996.217569,2485052483,2485053622,16383,1139
28996.235603,2485066077,2485067212,16378,1135
28996.247617,2485075156,2485076280,16269,1124
28996.259638,2485084178,2485085309,15945,1131
28996.277669,2485097796,2485098930,15987,1134
28996.289705,2485106841,2485107963,16233,1122
28996.304728,2485118163,2485119308,16258,1145
28996.319756,2485129538,2485130683,16373,1145
28996.331775,2485138787,2485139922,16030,1135
28996.343808,2485147838,2485148971,16383,1133
28996.355825,2485156912,2485158056,16313,1144
28996.367847,2485165994,2485167137,15930,1143
28996.379873,2485175032,2485176165,16276,1133
28996.391889,2485184069,2485185214,16288,1145
28996.449006,2485227057,2485228182,16110,1125
28996.461027,2485236081,2485237214,16356,1133
28996.524147,2485283576,2485284704,16364,1128
28996.536167,2485292657,2485293780,16373,1123
28996.548191,2485301670,2485302813,15988,1143
28996.560216,2485310743,2485311881,16275,1138
28996.572236,2485319780,2485320911,16373,1131
28996.584255,2485328832,2485329970,15945,1138
28996.596284,2485337878,2485339016,16358,1138
28996.608306,2485346954,2485348083,16344,1129
28996.620323,2485355980,2485357113,15942,1133
28996.635356,2485367299,2485368437,16373,1138
28996.654905,2485378664,2485379292,13549,628
28996.668334,2485384142,2485384742,12028,600
28996.681950,2485390737,2485391865,16319,1128
28996.693966,2485399767,2485400905,16250,1138
28996.705997,2485408834,2485409972,16317,1138
28996.730035,2485426960,2485428098,16252,1138
28996.742064,2485436081,2485437214,16224,1133
28996.754086,2485445158,2485446285,16370,1127
28996.766104,2485454234,2485455372,16267,1138
28996.778133,2485463323,2485464461,16313,1138
28996.790154,2485472382,2485473522,16372,1140
28996.802172,2485481462,2485482600,16265,1138
28996.853274,2485520030,2485521165,16367,1135
28996.865292,2485529107,2485530235,16264,1128
28996.877321,2485538177,2485539300,16314,1123
28996.892343,2485549500,2485550629,16264,1129
28996.904372,2485558590,2485559733,16313,1143
28996.916394,2485567684,2485568822,16373,1138
28996.928415,2485576765,2485577895,16206,1130
28996.940444,2485585859,2485586992,16314,1133
28996.979516,2485615389,2485616518,16383,1129
28996.991535,2485624460,2485625596,16190,1136
28997.003563,2485633561,2485634701,16317,1140
28997.015585,2485642674,2485643820,16360,1146
28997.027601,2485651808,2485652946,16170,1138
28997.039631,2485660889,2485662027,16314,1138
28997.051653,2485669988,2485671126,16383,1138
28997.063670,2485679043,2485680175,16167,1132
28997.075700,2485688124,2485689256,16316,1132
28997.087721,2485697190,2485698326,16386,1136
28997.099738,2485706271,2485707411,16247,1140
28997.111769,2485715386,2485716530,16318,1144
28997.123790,2485724477,2485725621,16356,1144
28997.135807,2485733605,2485734738,16255,1133
28997.147837,2485742708,2485743836,16315,1128
28997.159859,2485751777,2485752915,16379,1138
28997.173386,2485760381,2485761510,16281,1129
28997.185401,2485769459,2485770597,16232,1138
28997.200437,2485780786,2485781910,16400,1124
28997.212453,2485789861,2485791006,16234,1145
28997.227491,2485801235,2485802373,16424,1138
28997.239504,2485810307,2485811450,16318,1143
28997.251533,2485819437,2485820575,16325,1138
28997.263557,2485828521,2485829667,16407,1146
28997.275572,2485837626,2485838759,16239,1133
28997.287602,2485846695,2485847836,16316,1141
28997.299626,2485855783,2485856916,16400,1133
28997.311641,2485864849,2485865987,16231,1138
28997.323670,2485873963,2485875101,16204,1138
28997.335694,2485883070,2485884211,16401,1141
28997.347709,2485892226,2485893359,16232,1133
28997.359739,2485901303,2485902432,16315,1129
28997.371763,2485910367,2485911501,16398,1134
28997.383779,2485919464,2485920602,16216,1138
28997.395807,2485928579,2485929725,16314,1146
28997.407832,2485937667,2485938807,16373,1140
28997.419847,2485946753,2485947875,16232,1122
28997.431876,2485955847,2485956985,16316,1138
28997.443900,2485964949,2485966086,16390,1137
28997.455915,2485974047,2485975185,16234,1138
28997.467945,2485983186,2485984322,16320,1136
28997.479969,2485992280,2485993403,16401,1123
28997.491983,2486001360,2486002498,16220,1138
28997.525055,2486026330,2486027463,16399,1133
28997.537070,2486035400,2486036531,16143,1131
28997.549099,2486044471,2486045609,16319,1138
28997.561123,2486053605,2486054738,16399,1133
28997.573138,2486062690,2486063823,16231,1133
28997.597192,2486080814,2486081941,16399,1127
28997.609207,2486089889,2486091027,16234,1138
28997.630253,2486105813,2486106959,16318,1146
28997.642278,2486114896,2486116025,16415,1129
28997.657305,2486126207,2486127345,16317,1138
28997.696382,2486155746,2486156878,16419,1132
28997.708396,2486164812,2486165941,16241,1129
28997.732449,2486182986,2486184124,16489,1138
28997.744465,2486192077,2486193210,16244,1133
28997.756494,2486201158,2486202287,16317,1129
28997.768520,2486210301,2486211439,16420,1138
28997.801579,2486235276,2486236419,16313,1143
28997.813604,2486244342,2486245480,16399,1138
28997.831638,2486257973,2486259111,16399,1138
28997.843653,2486267055,2486268187,16238,1132
28997.855682,2486276153,2486277291,16317,1138
28997.867706,2486285225,2486286363,16400,1138
28997.879721,2486294292,2486295430,16236,1138
28997.891751,2486303375,2486304503,16316,1128
28997.903775,2486312420,2486313560,16409,1140
28997.915790,2486321512,2486322641,16241,1129
28997.927819,2486330589,2486331722,16325,1133
28997.939844,2486339652,2486340785,16420,1133
28997.951858,2486348737,2486349875,16320,1138
28997.963888,2486357835,2486358973,16317,1138
28997.975912,2486366991,2486368119,16407,1128
28997.987926,2486376051,2486377184,16219,1133
28997.999956,2486385128,2486386263,16229,1135
28998.011981,2486394188,2486395318,16399,1130
28998.048050,2486421413,2486422546,16397,1133
28998.060064,2486430521,2486431659,16147,1138
28998.072093,2486439595,2486440733,16316,1138
28998.084118,2486448675,2486449807,16404,1132
28998.096133,2486457742,2486458871,16235,1129
28998.108162,2486466811,2486467944,16316,1133
28998.120186,2486475872,2486477004,16315,1132
28998.138221,2486489458,2486490596,16419,1138
28998.150236,2486498546,2486499674,16235,1128
28998.168270,2486512212,2486513350,16235,1138
28998.180299,2486521342,2486522475,16315,1133
28998.192324,2486530428,2486531566,16402,1138
28998.237409,2486564477,2486565607,16416,1130
28998.249424,2486573551,2486574679,16232,1128
28998.261453,2486582643,2486583772,16292,1129
28998.273478,2486591722,2486592862,16399,1140
28998.285494,2486600821,2486601961,16249,1140
28998.297522,2486609921,2486611049,16315,1128
28998.309546,2486618986,2486620115,16399,1129
28998.321562,2486628051,2486629190,16233,1139
28998.333590,2486637112,2486638241,16311,1129
28998.345615,2486646205,2486647338,16401,1133
28998.357631,2486655320,2486656450,16234,1130
28998.372667,2486666720,2486667860,16404,1140
28998.384681,2486675822,2486676949,16220,1127
28998.408735,2486693989,2486695132,16401,1143
28998.420751,2486703057,2486704195,16237,1138
28998.444804,2486721231,2486722374,16404,1143
28998.456819,2486730312,2486731444,16233,1132
28998.468848,2486739365,2486740489,16314,1124
28998.480872,2486748458,2486749591,16397,1133
28998.516941,2486775669,2486776796,16397,1127
28998.531968,2486786990,2486788127,16313,1137
28998.557023,2486807444,2486808577,16313,1133
28998.569038,2486816543,2486817689,16401,1146
28998.589078,2486830278,2486831411,16400,1133
28998.601093,2486839366,2486840494,16146,1128
28998.613122,2486848433,2486849579,16313,1146
28998.634164,2486864331,2486865469,16414,1138
28998.646179,2486873434,2486874567,16233,1133
28998.658209,2486882530,2486883668,16320,1138
28998.670232,2486891610,2486892746,16403,1136
28998.685260,2486902961,2486904094,16319,1133
28998.706301,2486918832,2486919969,16396,1137
28998.727333,2486934782,2486935915,16317,1133
28998.739362,2486943840,2486944983,16401,1143
28998.757397,2486957469,2486958598,16315,1129
28998.769421,2486966562,2486967698,16490,1136
28998.781435,2486975657,2486976789,16303,1132
28998.793463,2486984767,2486985913,16223,1146
28998.820516,2487005198,2487006343,16316,1145
28998.832540,2487014290,2487015423,16401,1133
28998.847567,2487025620,2487026758,16313,1138
28998.877626,2487048297,2487049435,16396,1138
28998.889644,2487057402,2487058535,16228,1133
28998.904677,2487068761,2487069895,16386,1134
28998.916693,2487077825,2487078963,16244,1138
28998.937738,2487093733,2487094872,16315,1139
28998.952762,2487105073,2487106209,16240,1136
28998.964790,2487114150,2487115283,16317,1133
28998.985831,2487130021,2487131163,16392,1142
28998.997848,2487139413,2487140546,16234,1133
28999.069985,2487193879,2487195007,16234,1128
28999.082014,2487202958,2487204096,16316,1138
28999.184210,2487280065,2487281198,16401,1133
28999.196227,2487289470,2487290599,16233,1129
28999.208254,2487298533,2487299678,16312,1145
28999.220278,2487307671,2487308816,16286,1145
28999.232294,2487316752,2487317885,16240,1133
28999.244323,2487325824,2487326957,16318,1133
28999.296429,2487366661,2487367799,16320,1138
28999.313448,2487378003,2487379141,16226,1138
28999.325477,2487387083,2487388216,16313,1133
28999.337502,2487396133,2487397267,16398,1134
28999.349517,2487405194,2487406318,16234,1124
28999.397614,2487441490,2487442619,16311,1129
28999.409640,2487450579,2487451711,16400,1132
28999.427673,2487464188,2487465321,16412,1133
28999.439689,2487473290,2487474423,16238,1133
28999.451717,2487482366,2487483488,16319,1122
28999.472759,2487498256,2487499385,16393,1129
28999.484773,2487507327,2487508451,16230,1124
28999.511825,2487527732,2487528860,16228,1128
28999.523854,2487536816,2487537954,16311,1138
28999.541889,2487550422,2487551551,16312,1129
28999.553913,2487559491,2487560624,16402,1133
28999.592979,2487589006,2487590139,16233,1133
28999.605009,2487598098,2487599236,16293,1138
28999.617033,2487607199,2487608327,16393,1128
28999.629048,2487616293,2487617426,16236,1133
28999.656100,2487636714,2487637842,16237,1128
28999.668131,2487645818,2487646940,16335,1122
28999.686163,2487659414,2487660556,16307,1142
28999.698188,2487668503,2487669649,16372,1146
28999.722231,2487686672,2487687810,16311,1138
28999.734256,2487695776,2487696911,16397,1135
28999.767317,2487720718,2487721858,16312,1140
28999.779342,2487729816,2487730944,16401,1128
28999.791357,2487738887,2487740020,16229,1133
28999.812403,2487754794,2487755928,16315,1134
28999.824427,2487763886,2487765019,16415,1133
28999.836443,2487772965,2487774094,16233,1129
28999.848471,2487782072,2487783212,16311,1140
28999.875523,2487802482,2487803615,16315,1133
28999.911591,2487829765,2487830911,16316,1146
28999.923616,2487838865,2487839998,16413,1133
28999.935631,2487847947,2487849083,16238,1136
28999.947660,2487857022,2487858151,16270,1129
28999.959685,2487866087,2487867214,16312,1127
28999.971698,2487875160,2487876298,16132,1138
28999.983729,2487884252,2487885376,16315,1124
29000.019797,2487911572,2487912713,16310,1141
29000.031822,2487920717,2487921855,16398,1138
29000.043837,2487929816,2487930954,16144,1138
29000.055866,2487938897,2487940032,16314,1135
29000.067890,2487947988,2487949128,16401,1140
29000.079905,2487957079,2487958212,16238,1133
29000.091934,2487966142,2487967280,16317,1138
29000.103959,2487975223,2487976368,16399,1145
29000.115974,2487984332,2487985465,16231,1133
29000.128003,2487993392,2487994521,16320,1129
29000.140027,2488002456,2488003602,16370,1146
29000.152046,2488011598,2488012742,16241,1144
29000.164072,2488020684,2488021807,16319,1123
29000.176096,2488029748,2488030886,16403,1138
29000.188112,2488038833,2488039972,16238,1139
29000.206145,2488052478,2488053611,16208,1133
29000.218174,2488061554,2488062698,16307,1144
29000.233197,2488072922,2488074055,16233,1133
29000.245226,2488082010,2488083148,16315,1138
29000.257250,2488091118,2488092255,16400,1137
29000.332386,2488147843,2488148973,16233,1130
29000.344415,2488156946,2488158092,16317,1146
29000.359437,2488168290,2488169418,16231,1128
29000.371466,2488177389,2488178522,16310,1133
29000.383491,2488186467,2488187608,16372,1141
29000.395506,2488195573,2488196708,16230,1135
29000.407535,2488204679,2488205814,16314,1135
29000.419559,2488213820,2488214962,16415,1142
29000.431576,2488222951,2488224089,16228,1138
29000.443603,2488232023,2488233155,16316,1132
29000.455628,2488241128,2488242260,16319,1132
29000.467641,2488250181,2488251325,16222,1144
29000.479672,2488259301,2488260438,16316,1137
29000.491696,2488268381,2488269519,16405,1138
29000.503712,2488277429,2488278567,16233,1138
29000.515740,2488286511,2488287648,16289,1137
29000.527765,2488295594,2488296745,16404,1151
29000.539780,2488304684,2488305817,16232,1133
29000.551809,2488313773,2488314903,16315,1130
29000.563833,2488322845,2488323978,16403,1133
29000.575849,2488331895,2488333028,16234,1133
29000.623946,2488368233,2488369371,16315,1138
29000.636980,2488379609,2488380743,16231,1134
29000.681056,2488411459,2488412599,16390,1140
29000.693072,2488420535,2488421674,16249,1139
29000.705099,2488429631,2488430769,16314,1138
29000.720123,2488440982,2488442119,16248,1137
29000.732153,2488450117,2488451252,16337,1135
29000.744176,2488459189,2488460319,16391,1130
29000.756192,2488468275,2488469412,16248,1137
29000.768219,2488477402,2488478546,16321,1144
29000.780244,2488486532,2488487675,16389,1143
29000.792260,2488495645,2488496783,16157,1138
29000.804289,2488504803,2488505945,16312,1142
29000.816313,2488514169,2488515303,16352,1134
29000.837346,2488530059,2488531205,16452,1146
29000.849365,2488539199,2488540342,16045,1143
29000.861394,2488548302,2488549445,16348,1143
29000.873417,2488557419,2488558547,16342,1128
29000.885437,2488566453,2488567590,16325,1137
29000.897463,2488575520,2488576653,16425,1133
29000.909484,2488584556,2488585689,16377,1133
29000.984627,2488641069,2488642210,16043,1141
29000.996652,2488650135,2488651276,16353,1141
29001.044742,2488686349,2488687487,16459,1138
29001.056761,2488695404,2488696539,16026,1135
29001.101846,2488729398,2488730532,16020,1134
29001.113879,2488738482,2488739618,16406,1136
29001.193031,2488799561,2488800697,16437,1136
29001.252136,2488842507,2488843649,16368,1142
29001.264158,2488851629,2488852762,16232,1133
29001.282189,2488865201,2488866331,16020,1130
29001.294220,2488874242,2488875375,16378,1133
29001.306239,2488883264,2488884402,16376,1138
29001.318257,2488892304,2488893431,15947,1127
29001.351325,2488917147,2488918284,16378,1137
29001.372360,2488933057,2488934195,15987,1138
29001.384390,2488942082,2488943224,16360,1142
29001.396411,2488951129,2488952267,16384,1138
29001.412450,2488964725,2488965865,16299,1140
29001.456527,2488996403,2488997536,16356,1133
29001.468551,2489005482,2489006615,16345,1133
29001.513633,2489039508,2489040643,16302,1135
29001.525648,2489048585,2489049721,15988,1136
29001.537681,2489057656,2489058794,16357,1138
29001.549702,2489066711,2489067847,16367,1136
29001.616838,2489118664,2489119803,16353,1139
29001.639873,2489134543,2489135676,16461,1133
29001.651892,2489143589,2489144725,15996,1136
29001.663926,2489152657,2489153787,16383,1130
29001.721028,2489195716,2489196845,16377,1129
29001.733046,2489204729,2489205855,16101,1126
29001.823218,2489272597,2489273729,16102,1132
29001.838251,2489283928,2489285061,16379,1133
29001.865303,2489304274,2489305410,16341,1136
29001.877321,2489313338,2489314465,16029,1127
29001.895355,2489326910,2489328037,16028,1127
29001.907388,2489335973,2489337097,16412,1124
29001.919406,2489345057,2489346190,16354,1133
29001.931423,2489354103,2489355228,16108,1125
29001.943453,2489363164,2489364309,16362,1145
29001.961492,2489376764,2489377897,16368,1133
29001.973508,2489385838,2489386978,16458,1140
29001.985526,2489394855,2489395995,16027,1140
29001.997556,2489403929,2489405057,16361,1128
29002.039629,2489435523,2489436658,16020,1135
29002.051658,2489444564,2489445702,16364,1138
29002.063681,2489453635,2489454767,16340,1132
29002.087728,2489471758,2489472887,16365,1129
29002.099748,2489480796,2489481927,16459,1131
29002.111767,2489489837,2489490972,15999,1135
29002.123801,2489498921,2489500059,16390,1138
29002.135816,2489507991,2489509129,16371,1138
29002.147835,2489517045,2489518179,16026,1134
29002.159869,2489526109,2489527247,16459,1138
29002.171885,2489535171,2489536311,16370,1140
29002.183904,2489544183,2489545322,16028,1139
29002.204954,2489560000,2489561132,16396,1132
29002.216971,2489569039,2489570181,16375,1142
29002.256044,2489598420,2489599555,16233,1135
29002.268072,2489607468,2489608581,16209,1113
29002.280092,2489616504,2489617637,16370,1133
29002.292109,2489625532,2489626661,16077,1129
29002.313158,2489641359,2489642473,16277,1114
29002.325177,2489650363,2489651501,16505,1138
29002.349225,2489668491,2489669614,16363,1123
29002.361246,2489677519,2489678656,16347,1137
29002.409336,2489713676,2489714812,16037,1136
29002.421365,2489722725,2489723863,16411,1138
29002.433382,2489731769,2489732900,16462,1131
29002.445398,2489740825,2489741961,16065,1136
29002.460435,2489752162,2489753295,16345,1133
29002.481473,2489767966,2489769091,16113,1125
29002.493506,2489777079,2489778207,16467,1128
29002.517542,2489795127,2489796270,16040,1143
29002.529571,2489804174,2489805306,16397,1132
29002.568640,2489833537,2489834675,16458,1138
29002.583670,2489844870,2489846002,16435,1132
29002.625744,2489876552,2489877682,16105,1130
29002.637773,2489885601,2489886734,16433,1133
29002.668838,2489910496,2489911628,16101,1132
29002.691881,2489926343,2489927476,16380,1133
29002.703900,2489935441,2489936574,16442,1133
29002.715915,2489944455,2489945579,16028,1124
29002.727945,2489953510,2489954645,16354,1135
29002.739966,2489962571,2489963704,16375,1133
29002.751987,2489971622,2489972761,16236,1139
29002.764014,2489980730,2489981863,16440,1133
29002.785041,2489996569,2489997712,16160,1143
29002.797077,2490005626,2490006756,16077,1130
29002.824125,2490025917,2490027048,16112,1131
29002.836154,2490034939,2490036079,16516,1140
29002.854189,2490048536,2490049665,16369,1129
29002.866194,2490057535,2490058668,16162,1133
29002.881236,2490068827,2490069955,16360,1128
29002.893262,2490077869,2490078996,16443,1127
29002.905275,2490086922,2490088058,16026,1136
29002.920311,2490098206,2490099345,16360,1139
29002.932331,2490107200,2490108339,16037,1139
29002.947356,2490118497,2490119633,16004,1136
29002.989446,2490150114,2490151247,16372,1133
29003.001452,2490159139,2490160280,16079,1141
29003.016498,2490170429,2490171557,16412,1128
29003.092649,2490229050,2490230186,16106,1136
29003.116687,2490247226,2490248356,16077,1130
29003.196840,2490305793,2490306921,16396,1128
29003.208846,2490314780,2490315901,16079,1121
29003.220880,2490323762,2490324897,16033,1135
29003.232908,2490332748,2490333884,16389,1136
29003.297037,2490382289,2490383421,16136,1132
29003.320067,2490398166,2490399299,16224,1133
29003.332097,2490407167,2490408304,16475,1137
29003.344111,2490416181,2490417301,16115,1120
29003.365154,2490431954,2490433062,16328,1108
29003.377181,2490440956,2490442084,16459,1128
29003.407238,2490463474,2490464602,16446,1128
29003.422269,2490474801,2490475944,16377,1143
29003.434275,2490483794,2490484929,16164,1135
29003.509428,2490540103,2490541233,16111,1130
29003.521454,2490549161,2490550288,16355,1127
29003.533463,2490558162,2490559293,16160,1131
29003.548510,2490569430,2490570561,16404,1131
29003.611628,2490616715,2490617847,16391,1132
29003.623635,2490625707,2490626841,16163,1134
29003.653702,2490648258,2490649387,16300,1129
29003.665731,2490657265,2490658388,16394,1123
29003.677738,2490666244,2490667379,16079,1135
29003.716823,2490695529,2490696660,16040,1131
29003.728848,2490704804,2490705942,16438,1138
29003.764920,2490731875,2490733024,16517,1149
29003.776926,2490740885,2490742015,16159,1130
29003.788962,2490749907,2490751039,16185,1132
29003.822012,2490774692,2490775822,16155,1130
29003.834045,2490783680,2490784812,16125,1132
29003.876115,2490815267,2490816394,16157,1127
29003.912184,2490842395,2490843526,16080,1131
29003.924214,2490851421,2490852545,15994,1124
29003.936242,2490860731,2490861860,16453,1129
29003.948254,2490869760,2490870899,16082,1139
29003.960286,2490878757,2490879882,16032,1125
29003.972314,2490887760,2490888893,16391,1133
29003.984321,2490896739,2490897875,16081,1136
29004.008382,2490914783,2490915928,16473,1145
29004.020389,2490923788,2490924918,16159,1130
29004.035435,2490935029,2490936167,16390,1138
29004.047453,2490944107,2490945240,16354,1133
29004.065475,2490957619,2490958753,16077,1134
29004.077505,2490966649,2490967774,16032,1125
29004.128605,2491004892,2491006021,16076,1129
29004.140624,2491013952,2491015079,16215,1127
29004.192739,2491054523,2491055653,16115,1130
29004.209750,2491065812,2491066948,16084,1136
29004.221783,2491074810,2491075920,16240,1110
29004.239813,2491088350,2491089488,16217,1138
29004.251846,2491097398,2491098531,16470,1133
29004.263853,2491106399,2491107524,16083,1125
29004.335997,2491160539,2491161675,16048,1136
29004.348024,2491169602,2491170730,16225,1128
29004.360052,2491178606,2491179744,16388,1138
29004.372059,2491187668,2491188806,16162,1138
29004.384097,2491196705,2491197836,16186,1131
29004.396121,2491205731,2491206844,16219,1113
29004.414153,2491219252,2491220383,16452,1131
29004.426166,2491228272,2491229393,16213,1121
29004.453213,2491248565,2491249701,16080,1136
29004.465240,2491257591,2491258720,15965,1129
29004.540396,2491313975,2491315107,16406,1132
29004.552409,2491323048,2491324193,16291,1145
29004.564436,2491332345,2491333479,16038,1134
29004.585480,2491348094,2491349234,16448,1140
29004.597492,2491357135,2491358277,16171,1142
29004.657618,2491402216,2491403351,16465,1135
29004.669629,2491411247,2491412377,16117,1130
29004.684669,2491422511,2491423644,16449,1133
29004.696675,2491431504,2491432635,16080,1131
29004.720737,2491449489,2491450618,16465,1129
29004.732755,2491458502,2491459641,16266,1139
29004.744779,2491467538,2491468668,16034,1130
29004.759796,2491478820,2491479949,16164,1129
29004.771829,2491488016,2491489152,16039,1136
29004.783857,2491497051,2491498184,16364,1133
29004.795864,2491506057,2491507187,16162,1130
29004.816911,2491521818,2491522949,16031,1131
29004.828944,2491530831,2491531955,16476,1124
29004.840952,2491539858,2491540988,16169,1130
29004.874031,2491564600,2491565709,16312,1109
29004.886038,2491573592,2491574719,16084,1127
29004.898069,2491582568,2491583701,16036,1133
29004.910099,2491591605,2491592743,16377,1138
29004.925120,2491602854,2491603960,16261,1106
29004.964201,2491632122,2491633251,16398,1129
29004.976209,2491641356,2491642483,16081,1127
29004.988238,2491650416,2491651543,16003,1127
29005.000269,2491659427,2491660556,16466,1129
29005.021293,2491675186,2491676317,16161,1131
29005.033322,2491684220,2491685353,16301,1133
29005.084414,2491722536,2491723672,16164,1136
29005.096447,2491731577,2491732702,16038,1125
29005.177608,2491792405,2491793517,16317,1112
29005.189626,2491801482,2491802611,16359,1129
29005.225698,2491828449,2491829587,16391,1138
29005.237706,2491837526,2491838656,16082,1130
29005.288818,2491875798,2491876931,16388,1133
29005.300824,2491884843,2491885977,16082,1134
29005.351936,2491923148,2491924286,16371,1138
29005.363944,2491932136,2491933277,16085,1141
29005.375983,2491941156,2491942283,16103,1127
29005.394013,2491954702,2491955834,16127,1132
29005.406044,2491963762,2491964890,16397,1128
29005.418047,2491972795,2491973930,16079,1135
29005.430076,2491981822,2491982964,16293,1142
29005.481168,2492020101,2492021229,16161,1128
29005.493202,2492029087,2492030212,16120,1125
29005.544287,2492067420,2492068550,16077,1130
29005.556321,2492076400,2492077526,16036,1126
29005.595402,2492105634,2492106751,16223,1117
29005.607415,2492114758,2492115899,16116,1141
29005.619442,2492123804,2492124935,16040,1131
29005.637476,2492137355,2492138493,16034,1138
29005.649504,2492146394,2492147537,16386,1143
29005.703606,2492186922,2492188049,16380,1127
29005.715613,2492195917,2492197046,16081,1129
29005.727646,2492204906,2492206052,16341,1146
29005.745681,2492218487,2492219598,16265,1111
29005.757709,2492227466,2492228604,16393,1138
29005.799784,2492258955,2492260091,16038,1136
29005.811809,2492268015,2492269138,16433,1123
29005.835855,2492279445,2492280050,11967,605
29005.849382,2492284476,2492285246,13288,770
29005.861406,2492293074,2492294199,16385,1125
29005.873421,2492302067,2492303202,16037,1135
29005.885447,2492311092,2492312213,16044,1121
29005.897475,2492320110,2492321252,16384,1142
29005.915511,2492333730,2492334873,16380,1143
29005.927528,2492342787,2492343923,16051,1136
29005.939557,2492351855,2492352998,16359,1143
29005.951578,2492360961,2492362105,16385,1144
29005.963593,2492370056,2492371189,16001,1133
29005.975626,2492379134,2492380282,16358,1148
29005.987643,2492388194,2492389332,16352,1138
29005.999653,2492397201,2492398337,16084,1136
29006.011684,2492406246,2492407377,16043,1131
29006.023715,2492415299,2492416432,16364,1133
29006.035722,2492424299,2492425426,16084,1127
29006.047755,2492433330,2492434468,16263,1138
29006.059781,2492442372,2492443483,16184,1111
29006.071801,2492451381,2492452514,16094,1133
29006.083822,2492460431,2492461564,16205,1133
29006.119900,2492487470,2492488600,16112,1130
29006.131923,2492496482,2492497594,16229,1112
29006.143934,2492505468,2492506603,16116,1135
29006.155962,2492514473,2492515603,16047,1130
29006.167989,2492523480,2492524618,16382,1138
29006.179998,2492532515,2492533648,16084,1133
29006.192031,2492541511,2492542647,16047,1136
29006.204058,2492550525,2492551653,16380,1128
29006.216066,2492559546,2492560667,16165,1121
29006.228095,2492568596,2492569722,16022,1126
29006.240122,2492577658,2492578796,16331,1138
29006.252134,2492586690,2492587824,16085,1134
29006.264163,2492595714,2492596842,16134,1128
29006.324271,2492640797,2492641927,16159,1130
29006.337809,2492649263,2492650401,16315,1138
29006.349828,2492658294,2492659427,16305,1133
29006.364848,2492669549,2492670680,16162,1131
29006.376879,2492678569,2492679699,16084,1130
29006.397927,2492694355,2492695494,16387,1139
29006.409938,2492703405,2492704543,16168,1138
29006.421967,2492712520,2492713648,16235,1128
29006.433995,2492721534,2492722672,16380,1138
29006.446003,2492730540,2492731668,16079,1128
29006.470063,2492748626,2492749758,16367,1132
29006.482071,2492757662,2492758784,16082,1122
29006.494105,2492766650,2492767779,16039,1129
29006.506132,2492775672,2492776805,16384,1133
29006.518147,2492784654,2492785781,16037,1127
29006.530172,2492793718,2492794854,16229,1136
29006.542201,2492802739,2492803869,16384,1130
29006.572256,2492825283,2492826411,16366,1128
29006.584275,2492834319,2492835457,16325,1138
29006.596304,2492843348,2492844483,16395,1135
29006.611328,2492854639,2492855769,16121,1130
29006.623356,2492863762,2492864895,16369,1133
29006.635363,2492872763,2492873898,16166,1135
29006.656413,2492888548,2492889658,16241,1110
29006.668441,2492897552,2492898685,16393,1133
29006.680448,2492906579,2492907714,16085,1135
29006.692481,2492915650,2492916783,16235,1133
29006.707500,2492926940,2492928083,16085,1143
29006.719528,2492935993,2492937127,16222,1134
29006.731561,2492945027,2492946165,16333,1138
29006.743570,2492954058,2492955194,16106,1136
29006.755602,2492963036,2492964176,16136,1140
29006.767628,2492972056,2492973194,16423,1138
29006.785663,2492985569,2492986707,16451,1138
29006.797671,2492994561,2492995698,16084,1137
29006.809705,2493003592,2493004723,16045,1131
29006.821736,2493012634,2493013767,16399,1133
29006.833741,2493021742,2493022872,16077,1130
29006.848784,2493033006,2493034139,16381,1133
29006.860791,2493042025,2493043146,16087,1121
29006.875837,2493053317,2493054445,16370,1128
29006.887843,2493062321,2493063452,16082,1131
29006.899873,2493071367,2493072496,16038,1129
29006.911904,2493080348,2493081480,16389,1132
29006.923913,2493089385,2493090520,16084,1135
29006.935945,2493098393,2493099524,16042,1131
29006.947973,2493107409,2493108547,16301,1138
29006.959980,2493116436,2493117563,16082,1127
29006.972014,2493125440,2493126581,16045,1141
29006.984038,2493134507,2493135645,16345,1138
29006.996048,2493143518,2493144651,16088,1133
29007.008082,2493152533,2493153655,16124,1122
29007.020113,2493161598,2493162731,16371,1133
29007.032133,2493170651,2493171789,16357,1138
29007.044151,2493179705,2493180830,16042,1125
29007.056182,2493188758,2493189896,16399,1138
29007.068186,2493197784,2493198920,16080,1136
29007.080219,2493206795,2493207930,16047,1135
29007.092247,2493215842,2493216975,16384,1133
29007.113279,2493231646,2493232777,16039,1131
29007.125305,2493240671,2493241807,16123,1136
29007.173401,2493276717,2493277855,16383,1138
29007.185409,2493285729,2493286866,16086,1137
29007.203442,2493299271,2493300401,16080,1130
29007.215472,2493308301,2493309447,16215,1146
29007.227504,2493317378,2493318512,16465,1134
29007.245538,2493331077,2493332218,16385,1141
29007.257547,2493340109,2493341239,16079,1130
29007.287614,2493362616,2493363738,16045,1122
29007.299639,2493371643,2493372786,16355,1143
29007.311656,2493380646,2493381796,16039,1150
29007.329685,2493394193,2493395327,16087,1134
29007.341717,2493403210,2493404346,16044,1136
29007.401820,2493448293,2493449428,16080,1135
29007.413849,2493457321,2493458459,16301,1138
29007.425882,2493466361,2493467494,16396,1133
29007.437888,2493475398,2493476529,16077,1131
29007.449923,2493484604,2493485730,16122,1126
29007.461950,2493493621,2493494753,16365,1132
29007.473961,2493502638,2493503777,16166,1139
29007.485991,2493511663,2493512794,16045,1131
29007.510033,2493529732,2493530862,16009,1130
29007.522058,2493538809,2493539940,16037,1131
29007.534087,2493547838,2493548976,16379,1138
29007.546095,2493556861,2493558006,16130,1145
29007.561138,2493568115,2493569243,16440,1128
29007.573147,2493577153,2493578287,16161,1134
29007.612226,2493606465,2493607580,16049,1115
29007.624259,2493615464,2493616602,16468,1138
29007.645283,2493631218,2493632342,16079,1124
29007.657323,2493640255,2493641391,16111,1136
29007.669342,2493649298,2493650436,16351,1138
29007.681352,2493658293,2493659419,16083,1126
29007.693386,2493667283,2493668413,16041,1130
29007.720437,2493687601,2493688728,16042,1127
29007.732462,2493696656,2493697790,16343,1134
29007.772547,2493728172,2493729304,16027,1132
29007.792574,2493741739,2493742869,16039,1130
29007.804602,2493750740,2493751874,16382,1134
29007.816611,2493759779,2493760904,16081,1125
29007.849688,2493784580,2493785718,16390,1138
29007.861695,2493793643,2493794773,16087,1130
29007.873729,2493802665,2493803801,16045,1136
29007.885759,2493811733,2493812866,16399,1133
29007.897763,2493820734,2493821859,16079,1125
29007.909791,2493829751,2493830863,16121,1112
29007.921824,2493838741,2493839883,16464,1142
29007.933832,2493847769,2493848893,16163,1124
29007.984945,2493886115,2493887249,16391,1134
29007.996951,2493895110,2493896244,16157,1134
29008.033034,2493922151,2493923284,16441,1133
29008.045054,2493931168,2493932306,16047,1138
29008.057081,2493940200,2493941338,16445,1138
29008.069091,2493949446,2493950576,16085,1130
29008.135222,2493999075,2494000206,16035,1131
29008.150243,2494010386,2494011529,16083,1143
29008.165288,2494021674,2494022812,16373,1138
29008.237422,2494075675,2494076813,16348,1138
29008.249446,2494084711,2494085834,16359,1123
29008.264476,2494095985,2494097128,16385,1143
29008.276485,2494105110,2494106230,16161,1120
29008.339604,2494152414,2494153555,16085,1141
29008.351644,2494161473,2494162605,16117,1132
29008.363665,2494170484,2494171622,16386,1138
29008.381701,2494183998,2494185131,16454,1133
29008.393706,2494193017,2494194142,16085,1125
29008.444820,2494231322,2494232456,16383,1134
29008.456826,2494240358,2494241489,16076,1131
29008.471874,2494251601,2494252720,16252,1119
29008.483890,2494260642,2494261770,16348,1128
29008.495912,2494269637,2494270766,16123,1129
29008.507941,2494278683,2494279813,16487,1130
29008.550021,2494310254,2494311390,16109,1136
29008.562042,2494319286,2494320412,16384,1126
29008.622152,2494364304,2494365425,16042,1121
29008.634181,2494373315,2494374428,16227,1113
29008.661231,2494393611,2494394746,16382,1135
29008.673238,2494402603,2494403733,16080,1130
29008.736358,2494449932,2494451059,16081,1127
29008.748399,2494458920,2494460056,16119,1136
29008.808497,2494504026,2494505153,16082,1127
29008.820528,2494513022,2494514128,16238,1106
29008.853581,2494537769,2494538900,16082,1131
29008.865615,2494546772,2494547907,16045,1135
29008.880646,2494558066,2494559204,16357,1138
29008.896680,2494571640,2494572773,16264,1133
29008.937752,2494600906,2494602037,16046,1131
29008.949779,2494609914,2494611052,16368,1138
29008.961787,2494618946,2494620081,16160,1135
29008.973820,2494627963,2494629095,16112,1132
29008.985845,2494637021,2494638154,16348,1133
29009.063992,2494695474,2494696601,16037,1127
29009.076020,2494704496,2494705629,16384,1133
29009.088027,2494713489,2494714615,16159,1126
29009.100059,2494722328,2494723464,16268,1136
29009.112089,2494731352,2494732484,16383,1132
29009.130120,2494744885,2494746018,16342,1133
29009.142129,2494753910,2494755038,16084,1128
29009.175208,2494778719,2494779857,16387,1138
29009.190232,2494790004,2494791129,16045,1125
29009.205252,2494801269,2494802412,16085,1143
29009.217280,2494810331,2494811461,15995,1130
29009.232301,2494821582,2494822711,16077,1129
29009.277401,2494855379,2494856514,16357,1135
29009.289417,2494864391,2494865521,16039,1130
29009.301450,2494873498,2494874636,16364,1138
29009.313455,2494882578,2494883712,16077,1134
29009.379593,2494932170,2494933300,16040,1130
29009.391620,2494941192,2494942325,16383,1133
29009.403628,2494950223,2494951355,16081,1132
29009.415661,2494959216,2494960347,16046,1131
29009.433695,2494972740,2494973875,16118,1135
29009.445723,2494981763,2494982906,16362,1143
29009.484781,2495011023,2495012153,16080,1130
29009.496814,2495020034,2495021175,16258,1141
29009.511833,2495031364,2495032494,16085,1130
29009.523865,2495040400,2495041538,16234,1138
29009.535894,2495049420,2495050553,16388,1133
29009.547915,2495058434,2495059567,16363,1133
29009.559935,2495067438,2495068567,16036,1129
29009.571963,2495076454,2495077592,16287,1138
29009.583984,2495085478,2495086611,16364,1133
29009.595999,2495094517,2495095650,16219,1133
29009.608033,2495103571,2495104699,16383,1128
29009.620039,2495112559,2495113681,16089,1122
29009.704210,2495175697,2495176833,16042,1136
29009.716238,2495185005,2495186143,16278,1138
29009.728244,2495194001,2495195133,16079,1132
29009.740285,2495203014,2495204157,16115,1143
29009.752306,2495212031,2495213169,16384,1138
29009.764318,2495221091,2495222228,16163,1137
29009.788374,2495239134,2495240268,16391,1134
29009.800384,2495248176,2495249303,16092,1127
29009.815426,2495259452,2495260579,16381,1127
29009.827434,2495268446,2495269585,16087,1139
29009.839469,2495277508,2495278617,16168,1109
29009.851493,2495286496,2495287625,16455,1129
29009.863501,2495295504,2495296631,16161,1127
29009.875535,2495304481,2495305606,16054,1125
29009.896580,2495320265,2495321392,16470,1127
29009.908587,2495329261,2495330386,16085,1125
29009.920617,2495338279,2495339414,16045,1135
29009.983742,2495385584,2495386713,16043,1129
29010.016793,2495410379,2495411509,16083,1130
29010.028827,2495419367,2495420492,16044,1125
29010.040855,2495428625,2495429770,16367,1145
29010.052867,2495437686,2495438812,16035,1126
29010.088938,2495464692,2495465816,16038,1124
29010.100964,2495473702,2495474838,16041,1136
29010.112992,2495482735,2495483868,16386,1133
29010.129018,2495496291,2495497424,16346,1133
29010.239231,2495577348,2495578477,16435,1129
29010.254255,2495588595,2495589725,16057,1130
29010.320387,2495638146,2495639272,16474,1126
29010.332395,2495647206,2495648336,16083,1130
29010.347440,2495658484,2495659617,16402,1133
29010.401542,2495699113,2495700246,16389,1133
29010.413548,2495708123,2495709245,16086,1122
29010.425582,2495717117,2495718256,16036,1139
29010.440599,2495728373,2495729508,16082,1135
29010.452633,2495737387,2495738512,16044,1125
29010.473678,2495753157,2495754302,16392,1145
29010.488696,2495764431,2495765543,16002,1112
29010.500731,2495773426,2495774538,16234,1112
29010.527782,2495793643,2495794778,16394,1135
29010.539789,2495802761,2495803892,16083,1131
29010.551821,2495811756,2495812881,15971,1125
29010.563851,2495820787,2495821925,16369,1138
29010.575856,2495829796,2495830931,16165,1135
29010.593893,2495843298,2495844432,16082,1134
29010.605924,2495852347,2495853477,16038,1130
29010.623959,2495865853,2495866987,16041,1134
29010.660028,2495892886,2495894025,16117,1139
29010.672056,2495901910,2495903042,16398,1132
29010.684070,2495910919,2495912051,16045,1132
29010.696094,2495919956,2495921080,16227,1124
29010.708126,2495928948,2495930059,16310,1111
29010.720131,2495937905,2495939030,16125,1125
29010.732171,2495946899,2495948034,16188,1135
29010.745191,2495958216,2495959341,16154,1125
29010.771244,2495976239,2495977372,16471,1133
29010.786262,2495987532,2495988670,16218,1138
29010.825346,2496016837,2496017974,16388,1137
29010.837354,2496025820,2496026940,16081,1120
29010.873423,2496052815,2496053939,16085,1124
29010.885450,2496061856,2496062989,16213,1133
29010.900474,2496073120,2496074245,16079,1125
29010.912507,2496082093,2496083225,16037,1132
29010.936542,2496100105,2496101235,16080,1130
29010.948576,2496109137,2496110275,16052,1138
29010.960602,2496118220,2496119368,16323,1148
29010.981644,2496134173,2496135311,16404,1138
29010.993658,2496143260,2496144401,16093,1141
29011.005690,2496152382,2496153519,16350,1137
29011.017711,2496161465,2496162603,16366,1138
29011.083828,2496211126,2496212259,16227,1133
29011.095860,2496220173,2496221302,16375,1129
29011.107868,2496229154,2496230279,16084,1125
29011.119902,2496238134,2496239264,16053,1130
29011.137936,2496251634,2496252744,16328,1110
29011.164987,2496271886,2496273010,16128,1124
29011.177015,2496280889,2496282027,16386,1138
29011.192039,2496292191,2496293332,16155,1141
29011.204065,2496301209,2496302350,16411,1141
29011.216074,2496310217,2496311342,16079,1125
29011.234108,2496323726,2496324860,16077,1134
29011.246142,2496332741,2496333865,16053,1124
29011.273193,2496352978,2496354108,16050,1130
29011.288212,2496364240,2496365376,16079,1136
29011.300243,2496373253,2496374391,16013,1138
29011.312271,2496382278,2496383406,16452,1128
29011.324291,2496391309,2496392440,16308,1131
29011.336313,2496400296,2496401432,16043,1136
29011.348341,2496409306,2496410430,16390,1124
29011.360350,2496418369,2496419502,16082,1133
29011.399427,2496447715,2496448841,15957,1126
29011.411462,2496456723,2496457866,16300,1143
29011.429495,2496470259,2496471392,16360,1133
29011.441503,2496479245,2496480369,16163,1124
29011.495605,2496519783,2496520913,16162,1130
29011.507639,2496528812,2496529922,16353,1110
29011.519669,2496537815,2496538932,16314,1117
29011.531674,2496546796,2496547925,16077,1129
29011.543708,2496555786,2496556923,16040,1137
29011.555736,2496564806,2496565944,16393,1138
29011.591805,2496592111,2496593237,16382,1126
29011.603811,2496601081,2496602206,16081,1125
29011.615845,2496610092,2496611223,16044,1131
29011.627873,2496619127,2496620260,16399,1133
29011.639882,2496628141,2496629268,16105,1127
29011.651914,2496637149,2496638274,16051,1125
29011.663941,2496646142,2496647255,16212,1113
29011.675959,2496655123,2496656251,16284,1128
29011.693983,2496668627,2496669752,16075,1125
29011.706016,2496677601,2496678725,16055,1124
29011.760119,2496718148,2496719282,16130,1134
29011.772143,2496727187,2496728325,16339,1138
29011.784155,2496736221,2496737357,16081,1136
29011.802188,2496749740,2496750875,16077,1135
29011.814222,2496758728,2496759852,16053,1124
29011.877337,2496806034,2496807162,16230,1128
29011.889373,2496815125,2496816258,16409,1133
29011.901381,2496824134,2496825268,16166,1134
29011.913411,2496833107,2496834233,16038,1126
29011.943473,2496855581,2496856709,16389,1128
29011.955485,2496864616,2496865751,16117,1135
29011.967514,2496873683,2496874816,16236,1133
29011.979544,2496882734,2496883870,16404,1136
29012.024627,2496916532,2496917676,16361,1144
29012.036636,2496925552,2496926688,16081,1136
29012.048667,2496934558,2496935691,16241,1133
29012.072707,2496952575,2496953701,16000,1126
29012.084736,2496961591,2496962732,16039,1141
29012.099754,2496972859,2496973984,16081,1125
29012.124825,2496993146,2496994275,16358,1129
29012.168902,2497024674,2497025801,16387,1127
29012.180910,2497033830,2497034960,16081,1130
29012.192943,2497042815,2497043956,16051,1141
29012.229010,2497069820,2497070948,16324,1128
29012.241039,2497078823,2497079959,16389,1136
29012.253051,2497087844,2497088972,16243,1128
29012.331211,2497146370,2497147503,16382,1133
29012.346234,2497157636,2497158772,16038,1136
29012.361251,2497168912,2497170042,16076,1130
29012.373281,2497177976,2497179109,16199,1133
29012.385315,2497187074,2497188206,16395,1132
29012.397320,2497196068,2497197199,16083,1131
29012.439417,2497227545,2497228669,16388,1124
29012.451423,2497236575,2497237710,16083,1135
29012.463457,2497245577,2497246708,16040,1131
29012.541594,2497304099,2497305223,16156,1124
29012.553629,2497313082,2497314211,16038,1129
29012.580680,2497333327,2497334460,16111,1133
29012.592705,2497342402,2497343541,16360,1139
29012.643799,2497380737,2497381870,16316,1133
29012.655825,2497389769,2497390897,16379,1128
29012.667842,2497398781,2497399912,16007,1131
29012.679869,2497407795,2497408922,16046,1127
29012.691897,2497416793,2497417925,16394,1132
29012.712924,2497432633,2497433760,16099,1127
29012.724954,2497441662,2497442779,16251,1117
29012.753002,2497464143,2497465270,16373,1127
29012.788068,2497488968,2497490103,15961,1135
29012.800099,2497498038,2497499171,16437,1133
29012.812109,2497507020,2497508150,16160,1130
29012.824143,2497516028,2497517156,16041,1128
29012.842177,2497529574,2497530710,16112,1136
29012.854206,2497538611,2497539744,16453,1133
29012.878246,2497556672,2497557802,16034,1130
29012.890275,2497565722,2497566846,16222,1124
29012.902284,2497574720,2497575863,16163,1143
29012.965408,2497621976,2497623106,16039,1130
29012.977433,2497631013,2497632146,16221,1133
29012.989463,2497640031,2497641158,16389,1127
29013.001470,2497649053,2497650178,16082,1125
29013.013509,2497658046,2497659181,16111,1135
29013.067601,2497698602,2497699735,16220,1133
29013.079634,2497707629,2497708762,16389,1133
29013.097670,2497721144,2497722273,16377,1129
29013.109675,2497730127,2497731257,16082,1130
29013.160788,2497768334,2497769463,16392,1129
29013.172808,2497777368,2497778491,16432,1123
29013.193846,2497793132,2497794262,16036,1130
29013.205871,2497802184,2497803317,16432,1133
29013.271985,2497851784,2497852914,16076,1130
29013.284014,2497860829,2497861954,16115,1125
29013.296046,2497869821,2497870949,16475,1128
29013.314079,2497883300,2497884432,16370,1132
29013.326096,2497892280,2497893410,16072,1130
29013.377200,2497930476,2497931609,16390,1133
29013.392223,2497941717,2497942825,16234,1108
29013.410265,2497955264,2497956394,16190,1130
29013.422286,2497964250,2497965372,16395,1122
29013.479378,2498007098,2498008228,16160,1130
29013.491411,2498016106,2498017232,16114,1126
29013.503440,2498025096,2498026229,16386,1133
29013.515447,2498034093,2498035223,16165,1130
29013.527479,2498043096,2498044224,16320,1128
29013.539507,2498052129,2498053246,16191,1117
29013.587584,2498088188,2498089326,16157,1138
29013.599614,2498097212,2498098337,16035,1125
29013.611646,2498106289,2498107427,16370,1138
29013.623666,2498115318,2498116453,16356,1135
29013.635687,2498124310,2498125446,16059,1136
29013.647713,2498133316,2498134449,16372,1133
29013.659732,2498142349,2498143482,16058,1133
29013.671751,2498151414,2498152534,15997,1120
29013.683783,2498160433,2498161566,16392,1133
29013.695790,2498169439,2498170569,16085,1130
29013.707829,2498178449,2498179592,16294,1143
29013.719850,2498187471,2498188604,16376,1133
29013.731858,2498196462,2498197587,16039,1125
29013.743892,2498205448,2498206578,15968,1130
29013.761921,2498218959,2498220092,16221,1133
29013.773955,2498227951,2498229087,16425,1136
29013.788978,2498239183,2498240307,16008,1124
29013.801003,2498248222,2498249334,16190,1112
29013.813025,2498257246,2498258379,16373,1133
29013.825044,2498266288,2498267419,16291,1131
29013.876138,2498304645,2498305775,16196,1130
29013.894181,2498318147,2498319285,16369,1138
29013.906208,2498327202,2498328332,16188,1130
29013.916331,2498336202,2498337325,16478,1123
29013.930236,2498345207,2498346345,16090,1138
29013.942269,2498354223,2498355349,16038,1126
29013.960298,2498367722,2498368861,16219,1139
29013.972331,2498376732,2498377860,16476,1128
29013.984338,2498385721,2498386852,16161,1131
29013.996368,2498394733,2498395863,16112,1130
29014.011390,2498405982,2498407118,16081,1136
29014.023424,2498415188,2498416320,16040,1132
29014.089552,2498464811,2498465948,16355,1137
29014.101562,2498473801,2498474922,16086,1121
29014.113595,2498482777,2498483908,16042,1131
29014.125623,2498491783,2498492916,16382,1133
29014.185732,2498536829,2498537965,16117,1136
29014.197761,2498545823,2498546957,16476,1134
29014.215795,2498559327,2498560465,16474,1138
29014.227803,2498568547,2498569679,16158,1132
29014.239836,2498577555,2498578688,16125,1133
29014.251863,2498586574,2498587717,16472,1143
29014.263872,2498595589,2498596720,16162,1131
29014.281905,2498609082,2498610208,16083,1126
29014.293931,2498618117,2498619253,15958,1136
29014.311972,2498631610,2498632735,16037,1125
29014.324002,2498640712,2498641856,16343,1144
29014.336023,2498649838,2498650983,16381,1145
29014.360069,2498668102,2498669242,16306,1140
29014.372092,2498677222,2498678375,16378,1153
29014.384109,2498686354,2498687492,16237,1138
29014.396137,2498695483,2498696621,16299,1138
29014.408162,2498704567,2498705706,16399,1139
29014.420177,2498713671,2498714809,16320,1138
29014.438212,2498727519,2498728662,16051,1143
29014.453249,2498738933,2498740071,16402,1138
29014.465260,2498748020,2498749168,16089,1148
29014.480296,2498759411,2498760545,16362,1134
29014.492314,2498768498,2498769640,16243,1142
29014.504342,2498777620,2498778755,16315,1135
29014.525384,2498793638,2498794781,16464,1143
29014.548934,2498813268,2498814412,16083,1144
29014.626074,2498870033,2498871171,16372,1138
29014.638083,2498879105,2498880229,16084,1124
29014.653126,2498890352,2498891479,16364,1127
29014.665137,2498899364,2498900507,16160,1143
29014.677164,2498908414,2498909549,15918,1135
29014.689195,2498917419,2498918551,16385,1132
29014.701213,2498926426,2498927571,16264,1145
29014.740287,2498955722,2498956853,16043,1131
29014.752315,2498964744,2498965876,16274,1132
29014.764322,2498973744,2498974870,16091,1126
29014.776356,2498982757,2498983893,16036,1136
29014.788384,2498991776,2498992929,16385,1153
29014.800398,2499000823,2499001953,15967,1130
29014.833469,2499025661,2499026794,16393,1133
29014.845478,2499034653,2499035782,15999,1129
29014.857510,2499043653,2499044785,16046,1132
29014.869539,2499052709,2499053849,16371,1140
29014.917613,2499088769,2499089904,16082,1135
29014.929647,2499097755,2499098891,16045,1136
29014.944665,2499109010,2499110140,16079,1130
29014.956697,2499118028,2499119162,16241,1134
29014.968727,2499127051,2499128189,16385,1138
29014.989753,2499142863,2499143991,16193,1128
29015.001780,2499151942,2499153070,16304,1128
29015.043855,2499183517,2499184652,16184,1135
29015.054394,2499189128,2499189942,14733,814
29015.064332,2499194300,2499194905,12063,605
29015.093463,2499209656,2499210786,16379,1130
29015.105480,2499218677,2499219813,16326,1136
29015.117511,2499227737,2499228870,16367,1133
29015.129518,2499236765,2499237894,16087,1129
29015.192649,2499284221,2499285344,16346,1123
29015.204670,2499293237,2499294372,16038,1135
29015.216699,2499302270,2499303408,16361,1138
29015.228718,2499311315,2499312443,16351,1128
29015.240737,2499320351,2499321489,16229,1138
29015.252768,2499329407,2499330535,16402,1128
29015.273803,2499345229,2499346367,16319,1138
29015.285825,2499354335,2499355462,16240,1127
29015.297850,2499363385,2499364513,16346,1128
29015.309861,2499372405,2499373535,16089,1130
29015.321892,2499381443,2499382574,16224,1131
29015.333922,2499390496,2499391629,16381,1133
29015.345935,2499399507,2499400647,15998,1140
29015.357961,2499408567,2499409705,16229,1138
29015.375995,2499422132,2499423265,16230,1133
29015.388025,2499431179,2499432307,16383,1128
29015.401052,2499442468,2499443606,16221,1138
29015.436101,2499467353,2499468488,16087,1135
29015.448128,2499476380,2499477491,16048,1111
29015.460162,2499485392,2499486530,16368,1138
29015.478196,2499498957,2499500095,16462,1138
29015.490205,2499507985,2499509121,16092,1136
29015.505248,2499519293,2499520429,16368,1136
29015.517256,2499528342,2499529478,16045,1136
29015.529286,2499537383,2499538512,16143,1129
29015.544313,2499548666,2499549802,15998,1136
29015.556338,2499557743,2499558881,16214,1138
29015.569864,2499566204,2499567323,16256,1119
29015.581893,2499575230,2499576353,16338,1123
29015.593907,2499584237,2499585367,16002,1130
29015.605933,2499593297,2499594424,16242,1127
29015.617962,2499602326,2499603459,16383,1133
29015.629970,2499611363,2499612490,16086,1127
29015.660035,2499633924,2499635058,16225,1134
29015.672065,2499642972,2499644104,16385,1132
29015.684077,2499652020,2499653150,16196,1130
29015.696104,2499661077,2499662210,16250,1133
29015.708133,2499670137,2499671269,16362,1132
29015.720141,2499679161,2499680291,16004,1130
29015.732172,2499688193,2499689326,16225,1133
29015.744201,2499697266,2499698395,16320,1129
29015.756210,2499706290,2499707425,16086,1135
29015.768241,2499715353,2499716486,16147,1133
29015.786271,2499728948,2499730081,16186,1133
29015.816339,2499751559,2499752692,16386,1133
29015.828360,2499760635,2499761763,16348,1128
29015.855398,2499780998,2499782132,16085,1134
29015.867430,2499790036,2499791148,16108,1112
29015.879459,2499799077,2499800205,16450,1128
29015.891476,2499808129,2499809262,16331,1133
29015.909501,2499821725,2499822857,16084,1132
29015.921532,2499830776,2499831912,16230,1136
29015.936553,2499842086,2499843216,16084,1130
29015.948584,2499851163,2499852301,16257,1138
29015.960614,2499860209,2499861337,16384,1128
29015.975635,2499871510,2499872643,16306,1133
29015.987665,2499880537,2499881674,16385,1137
29015.999673,2499889571,2499890706,16167,1135
29016.011704,2499898632,2499899767,16215,1135
29016.023734,2499907656,2499908789,16378,1133
29016.041767,2499921270,2499922399,16375,1129
29016.053775,2499930311,2499931441,16089,1130
29016.068819,2499941607,2499942745,16380,1138
29016.080827,2499950631,2499951756,16167,1125
29016.095871,2499961966,2499963099,16397,1133
29016.107887,2499971066,2499972204,16265,1138
29016.119916,2499980189,2499981332,16333,1143
29016.131937,2499989316,2499990454,16368,1138
29016.143956,2499998473,2499999616,16245,1143
29016.155984,2500007603,2500008737,16276,1134
29016.168005,2500016725,2500017867,16367,1142
29016.180028,2500025829,2500026972,16363,1143
29016.192042,2500034898,2500036036,16232,1138
29016.204076,2500043917,2500045054,16384,1137
29016.216084,2500052940,2500054072,16043,1132
29016.228111,2500061997,2500063109,16096,1112
29016.240144,2500071034,2500072172,16416,1138
29016.252153,2500080084,2500081214,16163,1130
29016.264184,2500089095,2500090228,16227,1133
29016.276214,2500098160,2500099289,16364,1129
29016.288227,2500107189,2500108317,16001,1128
29016.300252,2500116226,2500117354,16231,1128
29016.321300,2500132107,2500133234,16357,1127
29016.333307,2500141124,2500142253,16092,1129
29016.345338,2500150200,2500151330,16246,1130
29016.357367,2500159283,2500160412,16352,1129
29016.393437,2500186351,2500187484,16479,1133
29016.405449,2500195373,2500196515,16147,1142
29016.447539,2500227092,2500228225,16359,1133
29016.459547,2500236128,2500237248,16087,1120
29016.471578,2500245162,2500246293,16225,1131
29016.483608,2500254206,2500255339,16384,1133
29016.504633,2500270005,2500271128,16084,1123
29016.516664,2500279038,2500280171,16228,1133
29016.528695,2500288088,2500289233,16390,1145
29016.540715,2500297165,2500298294,16361,1129
29016.552733,2500306207,2500307340,16227,1133
29016.564763,2500315294,2500316427,16360,1133
29016.615853,2500353723,2500354852,16236,1129
29016.627883,2500362759,2500363892,16389,1133
29016.639902,2500371797,2500372932,16316,1135
29016.651920,2500380848,2500381980,16161,1132
29016.663951,2500389901,2500391029,16379,1128
29016.684982,2500405714,2500406844,16004,1130
29016.697008,2500414750,2500415861,16016,1111
29016.709037,2500423761,2500424904,16383,1143
29016.721049,2500432862,2500434003,16136,1141
29016.733081,2500441936,2500443074,16296,1138
29016.745104,2500451030,2500452162,16345,1132
29016.757113,2500460073,2500461209,16043,1136
29016.772157,2500471446,2500472584,16361,1138
29016.793182,2500487312,2500488447,16083,1135
29016.805213,2500496347,2500497455,15976,1108
29016.817243,2500505359,2500506492,16345,1133
29016.829250,2500514366,2500515491,16087,1125
29016.841282,2500523419,2500524557,16164,1138
29016.853310,2500532466,2500533609,16366,1143
29016.865319,2500541499,2500542634,16087,1135
29016.877352,2500550539,2500551677,16228,1138
29016.901398,2500568634,2500569767,16348,1133
29016.913418,2500577668,2500578797,16229,1129
29016.925449,2500586762,2500587896,16367,1134
29016.937468,2500595785,2500596916,16362,1131
29016.949485,2500604832,2500605970,16204,1138
29016.968521,2500620651,2500621780,16373,1129
29016.980553,2500629705,2500630843,16238,1138
29016.992582,2500638781,2500639913,16234,1132
29017.024637,2500661377,2500662515,16467,1138
29017.036657,2500670420,2500671563,16275,1143
29017.048675,2500679479,2500680593,15961,1114
29017.063696,2500690787,2500691919,16085,1132
29017.075729,2500699880,2500701013,16231,1133
29017.087758,2500708902,2500710043,16398,1141
29017.105792,2500722482,2500723615,16377,1133
29017.117799,2500731483,2500732607,16086,1124
29017.129836,2500740522,2500741660,16292,1138
29017.141859,2500749615,2500750748,16350,1133
29017.172925,2500774448,2500775571,16227,1123
29017.256070,2500835450,2500836578,16222,1128
29017.268100,2500844515,2500845643,16364,1128
29017.280117,2500853565,2500854699,16158,1134
29017.292138,2500862614,2500863752,16228,1138
29017.304169,2500871688,2500872823,16431,1135
29017.316176,2500880706,2500881836,16083,1130
29017.340236,2500898849,2500899977,16357,1128
29017.352245,2500907888,2500909008,16083,1120
29017.364277,2500916939,2500918057,16060,1118
29017.376306,2500925976,2500927109,16362,1133
29017.388324,2500934998,2500936136,16347,1138
29017.481495,2501005088,2501006220,16221,1132
29017.493531,2501014197,2501015331,16414,1134
29017.529594,2501041230,2501042358,16391,1128
29017.541616,2501050319,2501051452,16344,1133
29017.589708,2501086503,2501087644,16261,1141
29017.601735,2501095611,2501096738,16363,1127
29017.616757,2501106897,2501108010,16055,1113
29017.628785,2501115935,2501117078,16370,1143
29017.640793,2501124979,2501126109,16080,1130
29017.652825,2501134059,2501135196,16325,1137
29017.697910,2501167965,2501169088,16315,1123
29017.709940,2501177015,2501178144,16385,1129
29017.736992,2501197411,2501198548,16368,1137
29017.749000,2501206478,2501207608,16005,1130
29017.764043,2501217773,2501218911,16373,1138
29017.800112,2501244878,2501246016,16379,1138
29017.812124,2501253932,2501255061,16138,1129
29017.824156,2501262966,2501264089,16288,1123
29017.836179,2501272040,2501273182,16307,1142
29017.848188,2501281082,2501282212,16091,1130
29017.860219,2501290183,2501291320,16243,1137
29017.878250,2501303761,2501304889,16217,1128
29017.890283,2501312789,2501313917,16382,1128
29017.911308,2501328601,2501329726,16084,1125
29017.923347,2501337671,2501338809,16318,1138
29017.935369,2501346748,2501347872,16274,1124
29017.947390,2501355784,2501356917,16255,1133
29017.959408,2501364818,2501365956,16193,1138
29017.971438,2501373907,2501375046,16361,1139
29017.983456,2501382961,2501384084,16343,1123
29018.016524,2501407836,2501408968,16381,1132
29018.028544,2501416902,2501418035,16361,1133
29018.049579,2501432697,2501433827,16229,1130
29018.061609,2501441756,2501442885,16368,1129
29018.116713,2501484695,2501485820,16161,1125
29018.148768,2501507341,2501508479,16228,1138
29018.160798,2501516448,2501517577,16362,1129
29018.220911,2501561652,2501562790,16295,1138
29018.232934,2501570720,2501571854,16353,1134
29018.278021,2501604650,2501605788,16348,1138
29018.290028,2501613708,2501614838,16086,1130
29018.314089,2501631780,2501632913,16383,1133
29018.356162,2501663422,2501664551,16226,1129
29018.368192,2501672508,2501673641,16320,1133
29018.380200,2501681532,2501682659,16086,1127
29018.392230,2501690547,2501691675,16222,1128
29018.404261,2501699608,2501700742,16274,1134
29018.422293,2501713145,2501714277,16351,1132
29018.473381,2501751574,2501752707,16223,1133
29018.485415,2501760623,2501761760,16368,1137
29018.509449,2501778709,2501779821,16018,1112
29018.521483,2501787757,2501788884,16409,1127
29018.533504,2501796821,2501797954,16345,1133
29018.545522,2501805843,2501806972,16230,1129
29018.560543,2501817128,2501818264,16085,1136
29018.572570,2501826214,2501827347,16213,1133
29018.587605,2501837546,2501838685,16338,1139
29018.599625,2501846589,2501847717,16226,1128
29018.611655,2501855671,2501856798,16363,1127
29018.623675,2501864695,2501865829,16362,1134
29018.641709,2501878250,2501879387,16345,1137
29018.653728,2501887328,2501888461,16239,1133
29018.695800,2501919019,2501920149,16162,1130
29018.707831,2501928076,2501929203,16312,1127
29018.719859,2501937130,2501938266,16357,1136
29018.731869,2501946174,2501947304,16087,1130
29018.743900,2501955246,2501956384,16242,1138
29018.755930,2501964306,2501965435,16364,1129
29018.767943,2501973353,2501974475,16001,1122
29018.779968,2501982430,2501983558,16235,1128
29018.791998,2501991465,2501992602,16387,1137
29018.804017,2502000530,2502001664,16257,1134
29018.816043,2502009570,2502010708,16206,1138
29018.828065,2502018639,2502019777,16261,1138
29018.840074,2502027662,2502028789,16088,1127
29018.852105,2502036706,2502037842,16232,1136
29018.864135,2502045762,2502046900,16339,1138
29018.876143,2502054779,2502055909,16080,1130
29018.888174,2502063817,2502064944,16305,1127
29018.900204,2502072848,2502073986,16394,1138
29018.912212,2502081868,2502082993,16086,1125
29018.924238,2502090912,2502092025,16035,1113
29018.936273,2502099926,2502101059,16445,1133
29018.948280,2502108945,2502110074,16165,1129
29018.960311,2502117995,2502119133,16241,1138
29018.972341,2502127084,2502128220,16256,1136
29018.984360,2502136267,2502137395,16348,1128
29019.068513,2502199522,2502200653,16219,1131
29019.080547,2502208590,2502209719,16368,1129
29019.092555,2502217604,2502218728,16087,1124
29019.104586,2502226648,2502227781,16241,1133
29019.168711,2502276373,2502277508,16403,1135
29019.188753,2502289985,2502291118,16362,1133
29019.200760,2502299007,2502300137,16002,1130
29019.212797,2502308057,2502309191,16290,1134
29019.224820,2502317131,2502318258,16346,1127
29019.272415,2502354595,2502355724,16359,1129
29019.304458,2502377179,2502378309,16087,1130
29019.316485,2502386204,2502387337,16218,1133
29019.337536,2502402033,2502403171,16384,1138
29019.349544,2502411059,2502412183,16090,1124
29019.361580,2502420097,2502421240,16289,1143
29019.373603,2502429189,2502430322,16354,1133
29019.385623,2502438238,2502439382,16294,1144
29019.397644,2502447295,2502448429,16243,1134
29019.484801,2502512807,2502513949,16168,1142
29019.496830,2502521880,2502523013,16295,1133
29019.585012,2502589652,2502590790,16225,1138
29019.605038,2502603296,2502604429,16318,1133
29019.617068,2502612352,2502613480,16350,1128
29019.629075,2502621377,2502622503,16088,1126
29019.656137,2502641707,2502642841,16352,1134
29019.668157,2502650789,2502651925,16231,1136
29019.686192,2502664342,2502665475,16222,1133
29019.698222,2502673401,2502674534,16371,1133
29019.797411,2502747922,2502749049,16474,1127
29019.816941,2502762825,2502763952,16237,1127
29019.828970,2502771856,2502772984,16369,1128
29019.874056,2502805703,2502806841,16386,1138
29019.886064,2502814719,2502815855,16087,1136
29019.901108,2502826028,2502827156,16383,1128
29019.913128,2502835050,2502836188,16369,1138
29019.925146,2502844139,2502845272,16236,1133
29019.976235,2502882586,2502883721,16081,1135
29019.988266,2502891658,2502892796,16233,1138
29020.003287,2502902933,2502904060,16087,1127
29020.015318,2502912057,2502913190,16245,1133
29020.027348,2502921094,2502922221,16390,1127
29020.039355,2502930131,2502931272,16087,1141
29020.051386,2502939201,2502940336,16233,1135
29020.063417,2502948246,2502949379,16401,1133
29020.075424,2502957265,2502958395,16088,1130
29020.087455,2502966317,2502967450,16145,1133
29020.099485,2502975370,2502976497,16302,1127
29020.111505,2502984415,2502985538,16277,1123
29020.129526,2502997985,2502999116,16082,1131
29020.141558,2503007060,2503008192,16234,1132
29020.207690,2503056805,2503057938,16373,1133
29020.219698,2503065873,2503066998,16082,1125
29020.231729,2503074932,2503076065,16233,1133
29020.243760,2503084013,2503085147,16376,1134
29020.255773,2503093060,2503094190,16004,1130
29020.267798,2503102112,2503103243,16235,1131
29020.279828,2503111141,2503112270,16392,1129
29020.291835,2503120160,2503121284,16002,1124
29020.312879,2503136017,2503137129,16010,1112
29020.324914,2503145055,2503146188,16369,1133
29020.340934,2503158586,2503159723,16385,1137
29020.360983,2503172178,2503173311,16398,1133
29020.372990,2503181202,2503182338,16085,1136
29020.406065,2503206050,2503207176,16357,1126
29020.418078,2503215114,2503216239,16135,1125
29020.445127,2503235429,2503236560,16169,1131
29020.457154,2503244445,2503245573,16220,1128
29020.490217,2503269281,2503270414,16136,1133
29020.502249,2503278338,2503279476,16371,1138
29020.547329,2503312231,2503313369,16233,1138
29020.559360,2503321287,2503322410,16408,1123
29020.571367,2503330317,2503331447,16165,1130
29020.589401,2503343885,2503345009,16082,1124
29020.601438,2503352942,2503354083,16376,1141
29020.616453,2503364273,2503365398,16087,1125
29020.628483,2503373317,2503374445,16233,1128
29020.655532,2503393640,2503394774,16299,1134
29020.667566,2503402698,2503403834,16473,1136
29020.679573,2503411724,2503412849,16081,1125
29020.712650,2503436601,2503437732,16349,1131
29020.724669,2503445655,2503446783,16259,1128
29020.736689,2503454674,2503455812,16216,1138
29020.748720,2503463721,2503464861,16369,1140
29020.763741,2503475052,2503476185,16219,1133
29020.823851,2503520332,2503521462,16079,1130
29020.835877,2503529369,2503530495,16286,1126
29020.847908,2503538427,2503539565,16372,1138
29020.859916,2503547450,2503548580,16092,1130
29020.871947,2503556523,2503557656,16241,1133
29020.905013,2503581382,2503582515,16449,1133
29020.917031,2503590414,2503591550,16213,1136
29020.929063,2503599482,2503600616,16381,1134
29020.965132,2503626619,2503627752,16472,1133
29020.977139,2503635680,2503636807,16089,1127
29020.989170,2503644735,2503645868,16231,1133
29021.028251,2503674170,2503675310,16391,1140
29021.040270,2503683280,2503684413,16348,1133
29021.052285,2503692304,2503693438,16128,1134
29021.067310,2503703597,2503704729,16079,1132
29021.175516,2503784952,2503786088,16087,1136
29021.187550,2503794060,2503795198,16239,1138
29021.199576,2503803178,2503804315,16206,1137
29021.211600,2503812292,2503813421,16312,1129
29021.223616,2503821406,2503822549,16150,1143
29021.235646,2503830543,2503831681,16319,1138
29021.247668,2503839654,2503840797,16319,1143
29021.259684,2503848761,2503849894,16252,1133
29021.271714,2503857799,2503858928,16428,1129
29021.283722,2503866814,2503867943,16088,1129
29021.295760,2503875891,2503877030,16317,1139
29021.352869,2503918855,2503919982,16398,1127
29021.364876,2503927849,2503928979,16088,1130
29021.385924,2503943680,2503944813,16221,1133
29021.397953,2503952752,2503953881,16375,1129
29021.437024,2503982156,2503983286,16348,1130
29021.452059,2503993669,2503994797,16490,1128
29021.464076,2504002730,2504003859,16354,1129
29021.476091,2504011790,2504012901,16019,1111
29021.488127,2504020813,2504021950,16468,1137
29021.500142,2504029914,2504031051,16257,1137
29021.521189,2504045865,2504047007,16315,1142
29021.533210,2504054985,2504056126,16465,1141
29021.608344,2504111553,2504112686,16249,1133
29021.620370,2504120621,2504121754,16230,1133
29021.647418,2504140966,2504142104,16221,1138
29021.659452,2504150052,2504151185,16374,1133
29021.671470,2504159138,2504160267,16352,1129
29021.683490,2504168186,2504169312,16315,1126
29021.701524,2504181787,2504182926,16233,1139
29021.713555,2504190856,2504191985,16372,1129
29021.740606,2504211206,2504212341,16380,1135
29021.752624,2504220255,2504221388,16347,1133
29021.824762,2504274588,2504275721,16348,1133
29021.836781,2504283626,2504284764,16220,1138
29021.851803,2504294959,2504296094,16091,1135
29021.863833,2504304000,2504305138,16309,1138
29021.875863,2504313083,2504314221,16364,1138
29021.887881,2504322139,2504323276,16346,1137
29021.899902,2504331203,2504332338,16236,1135
29021.911932,2504340237,2504341366,16364,1129
29021.936970,2504360576,2504361707,16385,1131
29021.984069,2504394514,2504395646,16388,1132
29022.020138,2504421712,2504422840,16387,1128
29022.032156,2504430764,2504431898,16350,1134
29022.044176,2504439820,2504440953,16249,1133
29022.056208,2504448945,2504450078,16384,1133
29022.068225,2504458024,2504459157,16437,1133
29022.080244,2504467078,2504468206,16240,1128
29022.092274,2504476130,2504477263,16377,1133
29022.104294,2504485190,2504486323,16352,1133
29022.116313,2504494197,2504495332,16307,1135
29022.149368,2504519150,2504520277,16168,1127
29022.161399,2504528216,2504529353,16239,1137
29022.251566,2504596151,2504597263,16018,1112
29022.263602,2504605195,2504606323,16336,1128
29022.275619,2504614259,2504615388,16256,1129
29022.287647,2504623324,2504624450,16287,1126
29022.299669,2504632374,2504633509,16365,1135
29022.311688,2504641423,2504642561,16352,1138
29022.329711,2504654984,2504656111,16159,1127
29022.341745,2504664018,2504665154,16275,1136
29022.365780,2504682174,2504683300,16079,1126
29022.377811,2504691236,2504692369,16315,1133
29022.389839,2504700306,2504701449,16452,1143
29022.407875,2504713906,2504715040,16470,1134
29022.419894,2504722944,2504724073,16435,1129
29022.431909,2504732026,2504733138,16020,1112
29022.449943,2504745594,2504746705,16106,1111
29022.461978,2504754639,2504755777,16449,1138
29022.473996,2504763926,2504765064,16432,1138
29022.486024,2504773004,2504774137,16323,1133
29022.582203,2504845419,2504846550,16434,1131
29022.594222,2504854479,2504855617,16242,1138
29022.627288,2504879413,2504880552,16354,1139
29022.669373,2504911131,2504912269,16475,1138
29022.681391,2504920246,2504921389,16351,1143
29022.693411,2504929339,2504930462,16232,1123
29022.784593,2504999499,2505000627,16372,1128
29022.873750,2505065140,2505066256,16022,1116
29022.885783,2505074207,2505075340,16375,1133
29022.921853,2505101373,2505102495,16372,1122
29022.933869,2505110381,2505111520,16355,1139
29022.984970,2505148905,2505150047,16395,1142
29022.996990,2505157984,2505159107,16354,1123
29023.081154,2505221350,2505222488,16298,1138
29023.093178,2505230436,2505231568,16360,1132
29023.195368,2505307294,2505308427,16353,1133
29023.207384,2505316351,2505317459,15979,1108
29023.219420,2505325370,2505326500,16508,1130
29023.231435,2505334425,2505335554,16341,1129
29023.243453,2505343470,2505344582,16098,1112
29023.255488,2505352495,2505353623,16581,1128
29023.273523,2505366067,2505367195,16511,1128
29023.285537,2505375109,2505376236,16377,1127
29023.300575,2505386445,2505387573,16506,1128
29023.312590,2505395464,2505396598,16335,1134
29023.399762,2505460921,2505462057,16494,1136
29023.411778,2505469980,2505471107,16334,1127
29023.423800,2505479034,2505480166,16240,1132
29023.435831,2505488099,2505489232,16445,1133
29023.447847,2505497163,2505498299,16336,1136
29023.459864,2505506207,2505507315,16017,1108
29023.471899,2505515231,2505516357,16502,1126
29023.489934,2505528758,2505529886,16575,1128
29023.501952,2505537970,2505539103,16437,1133
29023.532006,2505560515,2505561642,16317,1127
29023.544037,2505569555,2505570686,16587,1131
29023.556054,2505578614,2505579747,16440,1133
29023.568070,2505587624,2505588736,16098,1112
29023.580103,2505596658,2505597784,16410,1126
29023.592121,2505605700,2505606833,16340,1133
29023.604139,2505614725,2505615842,16025,1117
29023.616174,2505623747,2505624883,16585,1136
29023.637208,2505639573,2505640701,16344,1128
29023.649224,2505648604,2505649721,16101,1117
29023.688311,2505678010,2505679141,16590,1131
29023.700329,2505687057,2505688192,16334,1135
29023.752427,2505727775,2505728909,16348,1134
29023.775477,2505743614,2505744728,16161,1114
29023.787500,2505752624,2505753752,16480,1128
29023.799515,2505761643,2505762778,16339,1135
29023.811537,2505770680,2505771813,16235,1133
29023.823568,2505779719,2505780850,16412,1131
29023.835586,2505788770,2505789899,16351,1129
29023.847601,2505797782,2505798897,16017,1115
29023.859637,2505806803,2505807929,16501,1126
29023.880669,2505822629,2505823767,16365,1138
29023.892687,2505831676,2505832788,16017,1112
29023.913740,2505847503,2505848640,16502,1137
29023.925756,2505856560,2505857698,16274,1138
29023.937777,2505865632,2505866764,16250,1132
29023.949809,2505874662,2505875794,16461,1132
29023.967843,2505888193,2505889329,16502,1136
29023.979858,2505897245,2505898373,16370,1128
29024.039980,2505942479,2505943614,16507,1135
29024.051995,2505951579,2505952716,16337,1137
29024.064017,2505960631,2505961759,16238,1128
29024.076045,2505969651,2505970776,16405,1125
29024.088064,2505978674,2505979807,16338,1133
29024.100082,2505987711,2505988823,16039,1112
29024.112117,2505996720,2505997843,16410,1123
29024.124133,2506005769,2506006907,16184,1138
29024.136150,2506014868,2506015980,16037,1112
29024.148187,2506023884,2506025019,16419,1135
29024.160201,2506032912,2506034037,16336,1125
29024.172231,2506041941,2506043050,16157,1109
29024.184254,2506051013,2506052146,16377,1133
29024.196270,2506060053,2506061180,16335,1127
29024.208287,2506069090,2506070202,15982,1112
29024.220323,2506078113,2506079255,16587,1142
29024.232340,2506087199,2506088342,16357,1143
29024.252332,2506096367,2506096972,11965,605
29024.308984,2506132680,2506133812,16159,1132
29024.321015,2506141967,2506143075,16160,1108
29024.333037,2506150954,2506152076,16500,1122
29024.345053,2506160001,2506161129,16421,1128
29024.360088,2506171314,2506172447,16369,1133
29024.384122,2506189421,2506190534,16037,1113
29024.396157,2506198446,2506199572,16587,1126
29024.408175,2506207528,2506208656,16439,1128
29024.420204,2506216585,2506217703,16169,1118
29024.432225,2506225613,2506226750,16578,1137
29024.444241,2506234632,2506235758,16417,1126
29024.456259,2506243655,2506244766,16104,1111
29024.468294,2506252675,2506253807,16582,1132
29024.480312,2506261735,2506262867,16360,1132
29024.492327,2506270768,2506271880,16018,1112
29024.504363,2506279787,2506280919,16505,1132
29024.516381,2506288865,2506290003,16360,1138
29024.532410,2506302665,2506303798,16348,1133
29024.567483,2506327513,2506328645,16579,1132
29024.579500,2506336579,2506337703,16358,1124
29024.591516,2506345621,2506346730,16025,1109
29024.621583,2506368185,2506369323,16486,1138
29024.633602,2506377244,2506378377,16345,1133
29024.645619,2506386272,2506387381,16101,1109
29024.687705,2506417911,2506419034,16420,1123
29024.699722,2506426933,2506428042,16103,1109
29024.717769,2506440502,2506441622,16160,1120
29024.729792,2506449639,2506450781,16496,1142
29024.747826,2506463236,2506464376,16411,1140
29024.761350,2506471662,2506472789,16538,1127
29024.773371,2506480711,2506481849,16328,1138
29024.788402,2506492019,2506493157,16366,1138
29024.800419,2506501046,2506502179,16336,1133
29024.815455,2506512355,2506513487,16500,1132
29024.827472,2506521427,2506522556,16346,1129
29024.839488,2506530461,2506531581,16023,1120
29024.851523,2506539491,2506540628,16500,1137
29024.863539,2506548563,2506549699,16334,1136
29024.875561,2506557628,2506558766,16323,1138
29024.887592,2506566679,2506567809,16582,1130
29024.899608,2506575721,2506576854,16337,1133
29024.911625,2506584801,2506585910,15999,1109
29024.923658,2506593859,2506594993,16343,1134
29024.935678,2506602912,2506604045,16349,1133
29024.947694,2506611974,2506613090,15943,1116
29024.959729,2506620991,2506622128,16503,1137
29024.977763,2506634571,2506635698,16574,1127
29024.989779,2506643597,2506644725,16344,1128
29025.004814,2506654881,2506656012,16498,1131
29025.016830,2506663938,2506665067,16273,1129
29025.043882,2506684330,2506685463,16433,1133
29025.055900,2506693360,2506694480,16103,1120
29025.067935,2506702433,2506703570,16384,1137
29025.079950,2506711472,2506712600,16335,1128
29025.091968,2506720538,2506721647,16026,1109
29025.104003,2506729552,2506730682,16494,1130
29025.116019,2506738626,2506739764,16166,1138
29025.128036,2506747690,2506748799,16018,1109
29025.140072,2506756720,2506757841,16500,1121
29025.152088,2506765761,2506766894,16421,1133
29025.164118,2506774867,2506775978,16238,1111
29025.176140,2506783885,2506785021,16408,1136
29025.188156,2506792940,2506794067,16336,1127
29025.200174,2506801982,2506803094,16025,1112
29025.212209,2506811034,2506812162,16473,1128
29025.225237,2506822370,2506823515,16251,1145
29025.248278,2506838185,2506839328,16501,1143
29025.260296,2506847258,2506848396,16337,1138
29025.281328,2506863037,2506864149,16024,1112
29025.293363,2506872081,2506873217,16492,1136
29025.317401,2506890156,2506891289,16256,1133
29025.329429,2506899222,2506900360,16353,1138
29025.341451,2506908271,2506909404,16349,1133
29025.353465,2506917361,2506918474,16020,1113
29025.383535,2506940015,2506941143,16506,1128
29025.395551,2506949068,2506950192,16345,1124
29025.407568,2506958135,2506959247,15985,1112
29025.419601,2506967170,2506968303,16348,1133
29025.431620,2506976201,2506977347,16356,1146
29025.443637,2506985250,2506986367,16021,1117
29025.455672,2506994274,2506995399,16502,1125
29025.467687,2507003283,2507004416,16369,1133
29025.479706,2507012341,2507013457,16098,1116
29025.491741,2507021366,2507022498,16409,1132
29025.503756,2507030406,2507031539,16333,1133
29025.515778,2507039459,2507040597,16251,1138
29025.527810,2507048517,2507049648,16408,1131
29025.539829,2507057581,2507058710,16410,1129
29025.563875,2507075646,2507076783,16399,1137
29025.575895,2507084718,2507085845,16349,1127
29025.587911,2507093763,2507094872,16022,1109
29025.599947,2507102775,2507103906,16502,1131
29025.611962,2507111816,2507112944,16354,1128
29025.623980,2507120868,2507121984,16121,1116
29025.636015,2507129886,2507131023,16497,1137
29025.648031,2507138946,2507140080,16421,1134
29025.660061,2507147984,2507149096,16241,1112
29025.672083,2507157050,2507158173,16562,1123
29025.684099,2507166111,2507167244,16334,1133
29025.696117,2507175170,2507176281,16023,1111
29025.708152,2507184181,2507185313,16496,1132
29025.720170,2507193263,2507194392,16355,1129
29025.732185,2507202296,2507203414,16021,1118
29025.744221,2507211323,2507212454,16497,1131
29025.765252,2507227208,2507228345,16371,1137
29025.777272,2507236300,2507237417,16023,1117
29025.789308,2507245341,2507246473,16497,1132
29025.801322,2507254388,2507255521,16338,1133
29025.813344,2507263429,2507264563,16270,1134
29025.825375,2507272461,2507273603,16500,1142
29025.837391,2507281528,2507282666,16332,1138
29025.856439,2507297356,2507298467,16145,1111
29025.880470,2507315410,2507316539,16333,1129
29025.897512,2507326715,2507327842,16492,1127
29025.909529,2507335760,2507336898,16275,1138
29025.924565,2507347114,2507348242,16473,1128
29025.936580,2507356174,2507357312,16339,1138
29025.948597,2507365242,2507366359,16099,1117
29025.960629,2507374290,2507375415,16401,1125
29025.984666,2507392407,2507393525,16024,1118
29025.996701,2507401449,2507402584,16407,1135
29026.032769,2507428605,2507429727,16524,1122
29026.044789,2507437665,2507438793,16413,1128
29026.056815,2507446705,2507447823,16162,1118
29026.068838,2507455744,2507456875,16494,1131
29026.089873,2507471585,2507472715,16349,1130
29026.101889,2507480615,2507481735,16027,1120
29026.156004,2507521329,2507522447,16242,1118
29026.168027,2507530426,2507531558,16496,1132
29026.180043,2507539477,2507540610,16340,1133
29026.192060,2507548530,2507549644,16023,1114
29026.205095,2507559930,2507561078,16319,1148
29026.240163,2507585058,2507586201,16317,1143
29026.252185,2507594174,2507595323,16479,1149
29026.264201,2507603305,2507604448,16247,1143
29026.276231,2507612412,2507613550,16374,1138
29026.288250,2507621477,2507622610,16362,1133
29026.300267,2507630536,2507631645,16022,1109
29026.312299,2507639575,2507640712,16345,1137
29026.351368,2507668942,2507670080,16418,1138
29026.363386,2507678012,2507679128,16018,1116
29026.375421,2507687035,2507688156,16500,1121
29026.393455,2507700569,2507701694,16573,1125
29026.405471,2507709598,2507710731,16273,1133
29026.465593,2507754756,2507755878,16503,1122
29026.477609,2507763789,2507764912,16338,1123
29026.501662,2507781860,2507782992,16499,1132
29026.513679,2507790929,2507792058,16354,1129
29026.564781,2507829348,2507830479,16583,1131
29026.576797,2507838415,2507839556,16307,1141
29026.603849,2507858769,2507859909,16269,1140
29026.615870,2507867874,2507869003,16256,1129
29026.633900,2507881461,2507882579,16099,1118
29026.645936,2507890473,2507891603,16548,1130
29026.694020,2507926659,2507927792,16419,1133
29026.706042,2507935724,2507936859,16272,1135
29026.772176,2507985410,2507986542,16494,1132
29026.784192,2507994461,2507995594,16249,1133
29026.796209,2508003503,2508004614,16017,1111
29026.808242,2508012519,2508013657,16250,1138
29026.820262,2508021613,2508022740,16262,1127
29026.832277,2508030693,2508031818,16021,1125
29026.844311,2508039761,2508040891,16472,1130
29026.856328,2508048794,2508049927,16370,1133
29026.868346,2508057821,2508058933,16023,1112
29026.880382,2508066844,2508067976,16409,1132
29026.916451,2508093943,2508095080,16501,1137
29026.928468,2508103009,2508104146,16354,1137
29026.940483,2508112070,2508113182,15935,1112
29026.952515,2508121088,2508122216,16310,1128
29026.964535,2508130103,2508131241,16340,1138
29026.976556,2508139146,2508140275,16238,1129
29026.988587,2508148200,2508149331,16502,1131
29027.024656,2508175338,2508176471,16528,1133
29027.036675,2508184418,2508185556,16415,1138
29027.120831,2508247685,2508248817,16240,1132
29027.132862,2508256726,2508257863,16496,1137
29027.147890,2508268030,2508269163,16327,1133
29027.183946,2508295136,2508296247,16098,1111
29027.195981,2508304149,2508305281,16415,1132
29027.207999,2508313219,2508314352,16358,1133
29027.220015,2508322254,2508323366,16026,1112
29027.232051,2508331268,2508332399,16504,1131
29027.244066,2508340319,2508341464,16338,1145
29027.256088,2508349411,2508350540,16157,1129
29027.268118,2508358482,2508359618,16388,1136
29027.280136,2508367545,2508368678,16436,1133
29027.292156,2508376612,2508377739,16264,1127
29027.304187,2508385674,2508386807,16440,1133
29027.325222,2508401561,2508402688,16432,1127
29027.337242,2508410606,2508411738,16327,1132
29027.367307,2508433340,2508434473,16371,1133
29027.379325,2508442393,2508443525,16371,1132
29027.391345,2508451514,2508452647,16218,1133
29027.403377,2508460594,2508461706,16165,1112
29027.415391,2508469611,2508470736,16441,1125
29027.448460,2508494581,2508495710,16457,1129
29027.460476,2508503643,2508504775,16398,1132
29027.472500,2508512760,2508513893,16217,1133
29027.487531,2508524071,2508525209,16355,1138
29027.499551,2508533111,2508534239,16259,1128
29027.511582,2508542183,2508543303,16259,1120
29027.529615,2508555747,2508556897,16369,1150
29027.541630,2508564801,2508565931,16349,1130
29027.556662,2508576103,2508577240,16440,1137
29027.568684,2508585183,2508586321,16382,1138
29027.592731,2508603283,2508604415,16438,1132
29027.604753,2508612370,2508613503,16341,1133
29027.625791,2508628216,2508629349,16236,1133
29027.637817,2508637247,2508638376,16359,1129
29027.656853,2508653066,2508654204,16371,1138
29027.712958,2508693750,2508694883,16372,1133
29027.724976,2508702798,2508703924,16033,1126
29027.761045,2508729901,2508731036,16029,1135
29027.773074,2508738944,2508740077,16351,1133
29027.788097,2508750253,2508751380,16032,1127
29027.800130,2508759326,2508760456,16342,1130
29027.812146,2508768377,2508769520,16455,1143
29027.824165,2508777423,2508778553,16109,1130
29027.836196,2508786479,2508787591,16309,1112
29027.848218,2508795492,2508796625,16446,1133
29027.860234,2508804527,2508805661,15993,1134
29027.872262,2508813545,2508814677,16254,1132
29027.893300,2508829398,2508830523,16254,1125
29027.905319,2508838449,2508839581,15912,1132
29027.917348,2508847473,2508848602,16353,1129
29027.935385,2508861025,2508862138,16212,1113
29027.947406,2508870033,2508871170,16443,1137
29027.959423,2508879089,2508880213,16032,1124
29027.971451,2508888141,2508889292,16438,1151
29027.983472,2508897200,2508898328,16374,1128
29027.995494,2508906239,2508907374,16240,1135
29028.007522,2508915290,2508916418,16375,1128
29028.019542,2508924374,2508925509,16316,1135
29028.031560,2508933399,2508934530,16032,1131
29028.043592,2508942450,2508943578,16311,1128
29028.055611,2508951522,2508952649,16342,1127
29028.067628,2508960552,2508961695,16032,1143
29028.079657,2508969630,2508970763,16265,1133
29028.091678,2508978726,2508979854,16222,1128
29028.103697,2508987764,2508988900,16001,1136
29028.115726,2508996797,2508997925,16437,1128
29028.127746,2509005822,2509006966,16382,1144
29028.139773,2509014857,2509015987,16113,1130
29028.151794,2509023883,2509025015,16361,1132
29028.163816,2509032953,2509034086,16345,1133
29028.175834,2509041970,2509043099,16034,1129
29028.187863,2509051022,2509052159,16264,1137
29028.199885,2509060074,2509061201,16341,1127
29028.211902,2509069106,2509070240,16030,1134
29028.223934,2509078176,2509079314,16379,1138
29028.235953,2509087232,2509088365,16382,1133
29028.247972,2509096251,2509097387,15925,1136
29028.260000,2509105307,2509106440,16378,1133
29028.272021,2509114342,2509115475,16382,1133
29028.293060,2509130189,2509131311,16235,1122
29028.305086,2509139218,2509140344,16354,1126
29028.410280,2509218292,2509219427,16028,1135
29028.425313,2509229847,2509230974,16373,1127
29028.489940,2509278572,2509279710,16378,1138
29028.501958,2509287605,2509288733,16383,1128
29028.516990,2509298878,2509300007,16443,1129
29028.529010,2509307897,2509309030,16459,1133
29028.553058,2509325958,2509327087,16444,1129
29028.565078,2509335015,2509336148,16457,1133
29028.577097,2509344017,2509345144,16029,1127
29028.616182,2509373392,2509374525,16461,1133
29028.628198,2509382454,2509383591,16459,1137
29028.646234,2509396053,2509397186,16341,1133
29028.724384,2509454862,2509456002,16359,1140
29028.736404,2509463917,2509465050,16266,1133
29028.820560,2509527177,2509528307,16030,1130
29028.832594,2509536472,2509537605,16372,1133
29028.877675,2509570369,2509571512,16359,1143
29028.889699,2509579439,2509580562,16361,1123
29028.904726,2509590737,2509591870,16356,1133
29028.916747,2509599801,2509600930,16371,1129
29028.928769,2509608837,2509609960,16230,1123
29028.967847,2509638300,2509639428,16353,1128
29028.979867,2509647325,2509648463,16374,1138
29029.027954,2509683418,2509684553,16028,1135
29029.039988,2509692535,2509693673,16379,1138
29029.052004,2509701612,2509702736,16371,1124
29029.064023,2509710611,2509711741,15950,1130
29029.076052,2509719662,2509720797,16360,1135
29029.088076,2509728697,2509729835,16361,1138
29029.100094,2509737739,2509738882,16227,1143
29029.118126,2509751296,2509752431,16025,1135
29029.130155,2509760342,2509761466,16351,1124
29029.142177,2509769395,2509770521,16347,1126
29029.232347,2509837131,2509838264,16341,1133
29029.244366,2509846162,2509847294,15995,1132
29029.355584,2509929772,2509930905,16361,1133
29029.367605,2509938813,2509939946,16461,1133
29029.379634,2509947846,2509948974,16306,1128
29029.439743,2509993039,2509994172,16344,1133
29029.451761,2510002097,2510003226,15994,1129
29029.463790,2510011123,2510012261,16276,1138
29029.475810,2510020169,2510021296,16374,1127
29029.487829,2510029185,2510030314,16031,1129
29029.499858,2510038252,2510039381,16362,1129
29029.511879,2510047295,2510048428,16375,1133
29029.523898,2510056317,2510057446,16030,1129
29029.535931,2510065366,2510066504,16371,1138
29029.547947,2510074411,2510075539,16372,1128
29029.559967,2510083426,2510084562,16031,1136
29029.571996,2510092447,2510093585,16365,1138
29029.584019,2510101487,2510102620,16365,1133
29029.596036,2510110518,2510111654,15950,1136
29029.614069,2510124079,2510125209,16104,1130
29029.626099,2510133104,2510134242,16366,1138
29029.644133,2510146670,2510147808,16362,1138
29029.656154,2510155785,2510156912,16251,1127
29029.668172,2510164796,2510165926,15951,1130
29029.686207,2510178335,2510179470,16025,1135
29029.737309,2510216773,2510217902,16351,1129
29029.749327,2510225790,2510226920,16036,1130
29029.797424,2510261943,2510263074,16434,1131
29029.809445,2510270975,2510272118,16458,1143
29029.848515,2510300348,2510301475,16027,1127
29029.863548,2510311636,2510312769,16369,1133
29029.875574,2510320869,2510322004,16113,1135
29029.887596,2510329912,2510331044,16364,1132
29029.899616,2510338956,2510340085,16381,1129
29029.911638,2510348004,2510349142,16312,1138
29029.923665,2510357049,2510358195,16357,1146
29029.983772,2510402260,2510403382,16108,1122
29030.007822,2510420361,2510421492,16381,1131
29030.019841,2510429412,2510430542,16109,1130
29030.031874,2510438455,2510439597,16373,1142
29030.043891,2510447517,2510448655,16375,1138
29030.055910,2510456529,2510457659,16030,1130
29030.067939,2510465536,2510466664,16360,1128
29030.079962,2510474604,2510475742,16366,1138
29030.091978,2510483633,2510484763,16109,1130
29030.104011,2510492720,2510493849,16453,1129
29030.116028,2510501740,2510502868,16463,1128
29030.128049,2510510794,2510511932,16312,1138
29030.140079,2510519879,2510521008,16419,1129
29030.152096,2510528913,2510530046,16375,1133
29030.164115,2510537925,2510539056,16028,1131
29030.176148,2510546945,2510548072,16446,1127
29030.218218,2510578545,2510579670,16027,1125
29030.272329,2510619216,2510620342,16113,1126
29030.284352,2510628259,2510629386,16465,1127
29030.296370,2510637296,2510638429,16458,1133
29030.308390,2510646314,2510647443,16029,1129
29030.329440,2510662159,2510663297,16454,1138
29030.341456,2510671225,2510672361,16459,1136
29030.413594,2510725405,2510726537,16380,1132
29030.425615,2510734416,2510735548,16316,1132
29030.440645,2510745711,2510746832,16457,1121
29030.452664,2510754753,2510755891,16031,1138
29030.485731,2510779563,2510780692,16373,1129
29030.497750,2510788600,2510789730,16032,1130
29030.533819,2510815696,2510816826,15996,1130
29030.545848,2510824749,2510825877,16358,1128
29030.569895,2510842806,2510843930,16115,1124
29030.581916,2510851823,2510852951,16362,1128
29030.593937,2510860831,2510861958,16370,1127
29030.630007,2510887905,2510889043,16342,1138
29030.642026,2510896929,2510898064,16030,1135
29030.696127,2510937564,2510938696,16027,1132
29030.708156,2510946628,2510947764,16363,1136
29030.720177,2510955685,2510956818,16267,1133
29030.738213,2510969279,2510970406,16343,1127
29030.750230,2510978297,2510979421,16029,1124
29030.843413,2511048240,2511049378,16442,1138
29030.855434,2511057289,2511058422,16380,1133
29030.867461,2511066316,2511067446,16115,1130
29030.885487,2511079893,2511081023,16101,1130
29030.897521,2511088961,2511090094,16460,1133
29030.912538,2511100286,2511101416,16030,1130
29030.924572,2511109336,2511110473,16455,1137
29030.951619,2511129632,2511130775,16367,1143
29030.963640,2511138687,2511139825,16379,1138
29030.975659,2511147714,2511148854,16028,1140
29030.987690,2511156744,2511157855,16130,1111
29030.999708,2511165749,2511166882,16379,1133
29031.011728,2511174769,2511175899,16031,1130
29031.023762,2511183819,2511184930,16217,1111
29031.060827,2511213155,2511214284,16373,1129
29031.080864,2511226728,2511227856,16345,1128
29031.092881,2511235728,2511236863,16030,1135
29031.104911,2511244755,2511245881,16448,1126
29031.116931,2511253841,2511254986,16252,1145
29031.165027,2511289946,2511291087,16113,1141
29031.177048,2511299008,2511300141,16362,1133
29031.193082,2511312558,2511313696,16438,1138
29031.267222,2511366795,2511367933,16408,1138
29031.277239,2511375876,2511377010,16339,1134
29031.289267,2511384924,2511386064,16108,1140
29031.312305,2511400835,2511401978,16436,1143
29031.324329,2511409973,2511411117,16349,1144
29031.336345,2511419064,2511420200,16000,1136
29031.372414,2511446209,2511447336,16112,1127
29031.384443,2511455262,2511456395,16447,1133
29031.465600,2511516267,2511517405,16487,1138
29031.477617,2511525306,2511526439,16458,1133
29031.516690,2511554739,2511555862,16253,1123
29031.528720,2511563803,2511564931,16419,1128
29031.576806,2511599925,2511601048,16458,1123
29031.588825,2511608939,2511610061,16028,1122
29031.624894,2511636069,2511637196,15995,1127
29031.636923,2511645101,2511646239,16365,1138
29031.677004,2511676753,2511677883,16109,1130
29031.724085,2511710647,2511711783,16233,1136
29031.736111,2511719722,2511720860,16366,1138
29031.748132,2511728785,2511729923,16376,1138
29031.766169,2511742360,2511743489,16438,1129
29031.778185,2511751377,2511752512,16108,1135
29031.877377,2511825891,2511827020,16316,1129
29031.889403,2511834936,2511836062,16363,1126
29031.901423,2511843984,2511845122,16461,1138
29031.913445,2511853056,2511854183,16248,1127
29031.928475,2511864356,2511865496,16382,1140
29031.940494,2511873426,2511874551,16110,1125
29031.976565,2511900592,2511901730,16313,1138
29031.988594,2511909647,2511910760,16218,1113
29032.000612,2511918655,2511919788,16373,1133
29032.012633,2511927715,2511928848,16251,1133
29032.100811,2511995494,2511996620,16028,1126
29032.117836,2512006878,2512008007,16342,1129
29032.135869,2512020390,2512021523,16371,1133
29032.147888,2512029641,2512030769,15950,1128
29032.159920,2512038672,2512039800,16318,1128
29032.177951,2512052221,2512053359,16351,1138
29032.189972,2512061272,2512062408,16380,1136
29032.214024,2512079329,2512080467,16374,1138
29032.226041,2512088391,2512089519,16372,1128
29032.241072,2512099651,2512100790,16355,1139
29032.253092,2512108683,2512109807,16372,1124
29032.268123,2512119946,2512121079,16357,1133
29032.316214,2512156074,2512157207,16346,1133
29032.328231,2512165121,2512166251,15995,1130
29032.340260,2512174132,2512175264,16370,1132
29032.352281,2512183181,2512184315,16373,1134
29032.364300,2512192193,2512193318,16027,1125
29032.376329,2512201232,2512202365,16272,1133
29032.421415,2512235099,2512236232,16360,1133
29032.433435,2512244143,2512245281,16377,1138
29032.520603,2512309607,2512310737,16359,1130
29032.532623,2512318650,2512319785,16374,1135
29032.544642,2512327682,2512328812,16027,1130
29032.559678,2512338970,2512340099,16355,1129
29032.571690,2512348046,2512349171,15956,1125
29032.583723,2512357071,2512358204,16271,1133
29032.595744,2512366101,2512367237,16290,1136
29032.607765,2512375147,2512376276,16157,1129
29032.619792,2512384195,2512385332,16364,1137
29032.632823,2512395464,2512396594,16026,1130
29032.649846,2512406753,2512407886,16375,1133
29032.661866,2512415773,2512416909,16031,1136
29032.673894,2512424807,2512425946,16360,1139
29032.688917,2512436097,2512437219,16032,1122
29032.700946,2512445120,2512446249,16356,1129
29032.715968,2512456413,2512457548,15993,1135
29032.741028,2512476761,2512477899,16028,1138
29032.764066,2512492600,2512493724,16363,1124
29032.776087,2512501665,2512502803,16369,1138
29032.788106,2512510699,2512511829,16034,1130
29032.800137,2512519728,2512520844,16214,1116
29032.812156,2512528791,2512529918,16350,1127
29032.824174,2512537795,2512538930,16030,1135
29032.836203,2512546799,2512547932,16361,1133
29032.848225,2512555874,2512557000,16346,1126
29032.866258,2512569457,2512570586,16369,1129
29032.905331,2512598835,2512599955,16232,1120
29032.917360,2512607876,2512608992,16217,1116
29032.956432,2512637190,2512638326,16365,1136
29032.968448,2512646235,2512647360,15991,1125
29032.989495,2512662072,2512663203,16359,1131
29033.001515,2512671111,2512672239,16259,1128
29033.013534,2512680167,2512681298,15994,1131
29033.056631,2512714111,2512715252,15992,1141
29033.127757,2512766069,2512767207,16356,1138
29033.139774,2512775097,2512776223,16074,1126
29033.151807,2512784161,2512785304,16491,1143
29033.163824,2512793199,2512794332,16456,1133
29033.175843,2512802222,2512803358,16029,1136
29033.187872,2512811274,2512812396,16440,1122
29033.223941,2512838391,2512839529,16360,1138
29033.235961,2512847470,2512848603,16376,1133
29033.247988,2512856498,2512857634,16114,1136
29033.260013,2512865589,2512866727,16380,1138
29033.272030,2512874632,2512875756,16460,1124
29033.284048,2512883644,2512884769,16028,1125
29033.296082,2512892680,2512893818,16383,1138
29033.317116,2512908536,2512909665,16381,1129
29033.329134,2512917575,2512918709,16033,1134
29033.371219,2512949215,2512950347,16460,1132
29033.386251,2512960526,2512961664,16366,1138
29033.431339,2512994485,2512995623,16415,1138
29033.443360,2513000710,2513001531,14304,821
29033.455388,2513006129,2513006739,12420,610
29033.495961,2513032471,2513033609,16317,1138
29033.507985,2513041537,2513042675,16398,1138
29033.520000,2513050613,2513051741,16150,1128
29033.532029,2513059679,2513060807,16318,1128
29033.544054,2513068743,2513069876,16402,1133
29033.556069,2513077802,2513078935,16234,1133
29033.568098,2513086888,2513088021,16321,1133
29033.580122,2513095971,2513097109,16396,1138
29033.592137,2513105043,2513106181,16160,1138
29033.604165,2513114128,2513115261,16317,1133
29033.616189,2513123226,2513124369,16299,1143
29033.628206,2513132301,2513133429,16163,1128
29033.640235,2513141372,2513142510,16332,1138
29033.673292,2513166388,2513167517,16206,1129
29033.685319,2513175437,2513176580,16270,1143
29033.700343,2513186779,2513187917,16250,1138
29033.712373,2513195862,2513196991,16315,1129
29033.763466,2513234370,2513235505,16277,1135
29033.775491,2513243453,2513244591,16316,1138
29033.787515,2513252525,2513253657,16386,1132
29033.799535,2513261620,2513262760,16268,1140
29033.811561,2513270719,2513271847,16319,1128
29033.823587,2513279835,2513280968,16330,1133
29033.835601,2513288883,2513290006,16238,1123
29033.847629,2513297931,2513299069,16315,1138
29033.859654,2513307028,2513308161,16398,1133
29033.871669,2513316091,2513317228,16233,1137
29033.883698,2513325157,2513326290,16273,1133
29033.895722,2513334247,2513335380,16413,1133
29033.907738,2513343305,2513344434,16235,1129
29033.919767,2513352372,2513353500,16319,1128
29033.931791,2513361421,2513362554,16401,1133
29033.943805,2513370489,2513371622,16220,1133
29033.957332,2513379078,2513380219,16236,1141
29033.969361,2513388168,2513389301,16316,1133
29033.981386,2513397232,2513398356,16400,1124
29033.993399,2513406320,2513407454,16217,1134
29034.008436,2513417665,2513418798,16390,1133
29034.020451,2513426747,2513427874,16248,1127
29034.032479,2513435819,2513436958,16311,1139
29034.044504,2513444919,2513446057,16355,1138
29034.056520,2513453996,2513455129,16249,1133
29034.068548,2513463047,2513464185,16315,1138
29034.080572,2513472133,2513473262,16299,1129
29034.092588,2513481219,2513482351,16232,1132
29034.113633,2513497126,2513498264,16312,1138
29034.125658,2513506190,2513507323,16387,1133
29034.137678,2513515260,2513516393,16279,1133
29034.149702,2513524328,2513525461,16312,1133
29034.191776,2513556097,2513557230,16232,1133
29034.203809,2513565183,2513566317,16314,1134
29034.215831,2513574269,2513575407,16399,1138
29034.227846,2513583359,2513584492,16236,1133
29034.239875,2513592399,2513593537,16312,1138
29034.251899,2513601484,2513602622,16392,1138
29034.287968,2513628771,2513629901,16401,1130
29034.299983,2513637867,2513638990,16235,1123
29034.312012,2513646959,2513648091,16317,1132
29034.324037,2513656033,2513657167,16402,1134
29034.336052,2513665120,2513666257,16149,1137
29034.354087,2513678771,2513679893,16232,1122
29034.366115,2513687837,2513688975,16318,1138
29034.378140,2513696881,2513698010,16399,1129
29034.390153,2513705951,2513707089,16221,1138
29034.405191,2513717306,2513718448,16401,1142
29034.417207,2513726404,2513727542,16236,1138
29034.429236,2513735474,2513736612,16316,1138
29034.447270,2513749093,2513750228,16321,1135
29034.459296,2513758196,2513759323,16420,1127
29034.471309,2513767273,2513768403,16233,1130
29034.483338,2513776346,2513777484,16226,1138
29034.501372,2513789970,2513791103,16314,1133
29034.513397,2513799050,2513800183,16402,1133
29034.531431,2513812672,2513813810,16402,1138
29034.543446,2513821742,2513822875,16231,1133
29034.555479,2513830862,2513832001,16333,1139
29034.567500,2513839951,2513841089,16401,1138
29034.579515,2513849012,2513850145,16235,1133
29034.591544,2513858083,2513859213,16315,1130
29034.603568,2513867156,2513868283,16400,1127
29034.615585,2513876270,2513877399,16214,1129
29034.627613,2513885320,2513886448,16315,1128
29034.639637,2513894387,2513895530,16413,1143
29034.651652,2513903474,2513904607,16206,1133
29034.663684,2513912557,2513913697,16317,1140
29034.675706,2513921639,2513922772,16396,1133
29034.687719,2513930724,2513931860,16223,1136
29034.699750,2513939781,2513940919,16223,1138
29034.711774,2513948859,2513949988,16398,1129
29034.723789,2513957928,2513959061,16230,1133
29034.735819,2513966992,2513968130,16318,1138
29034.760873,2513987408,2513988541,16311,1133
29034.792928,2514010112,2514011250,16395,1138
29034.804944,2514019153,2514020291,16230,1138
29034.816973,2514028243,2514029381,16316,1138
29034.828997,2514037366,2514038504,16403,1138
29034.865066,2514064562,2514065705,16400,1143
29034.877081,2514073642,2514074780,16235,1138
29034.910151,2514098591,2514099727,16399,1136
29034.922167,2514107691,2514108826,16233,1135
29034.940202,2514121290,2514122418,16236,1128
29034.952230,2514130354,2514131487,16317,1133
29034.964254,2514139427,2514140551,16400,1124
29034.985286,2514155303,2514156441,16222,1138
29034.997315,2514164378,2514165511,16314,1133
29035.015350,2514177988,2514179126,16316,1138
29035.027374,2514187079,2514188212,16398,1133
29035.039389,2514196223,2514197361,16234,1138
29035.051419,2514205293,2514206431,16316,1138
29035.063443,2514214355,2514215493,16400,1138
29035.075459,2514223422,2514224559,16236,1137
29035.087489,2514232534,2514233670,16337,1136
29035.100518,2514243862,2514245005,16229,1143
29035.120544,2514257482,2514258621,16233,1139
29035.132573,2514266563,2514267696,16272,1133
29035.159624,2514286974,2514288112,16320,1138
29035.171649,2514296051,2514297189,16399,1138
29035.183663,2514305147,2514306271,16225,1124
29035.195693,2514314206,2514315339,16226,1133
29035.207717,2514323272,2514324415,16397,1143
29035.219732,2514332372,2514333494,16239,1122
29035.231761,2514341419,2514342557,16312,1138
29035.243786,2514350509,2514351647,16396,1138
29035.255801,2514359594,2514360731,16232,1137
29035.267830,2514368643,2514369776,16316,1133
29035.279854,2514377713,2514378851,16396,1138
29035.291870,2514386819,2514387951,16238,1132
29035.303899,2514395893,2514397026,16315,1133
29035.315923,2514404950,2514406087,16399,1137
29035.327938,2514414049,2514415172,16236,1123
29035.339967,2514423124,2514424257,16317,1133
29035.351992,2514432198,2514433331,16399,1133
29035.364007,2514441243,2514442376,16238,1133
29035.376036,2514450292,2514451435,16234,1143
29035.388060,2514459350,2514460482,16404,1132
29035.436144,2514495699,2514496826,16234,1127
29035.448173,2514504766,2514505899,16313,1133
29035.460197,2514513833,2514514961,16398,1128
29035.493259,2514538809,2514539942,16314,1133
29035.505283,2514547900,2514549038,16399,1138
29035.517299,2514556961,2514558099,16236,1138
29035.529328,2514566032,2514567170,16313,1138
29035.577421,2514602339,2514603477,16399,1138
29035.589436,2514611412,2514612550,16241,1138
29035.625504,2514638642,2514639774,16231,1132
29035.637533,2514647704,2514648838,16316,1134
29035.652558,2514659065,2514660195,16262,1130
29035.688624,2514686276,2514687419,16234,1143
29035.700653,2514695379,2514696517,16313,1138
29035.721695,2514711251,2514712389,16400,1138
29035.733710,2514720338,2514721475,16238,1137
29035.769779,2514747559,2514748685,16238,1126
29035.781808,2514756612,2514757745,16315,1133
29035.799842,2514770202,2514771340,16316,1138
29035.811866,2514779293,2514780426,16398,1133
29035.829901,2514792895,2514794027,16411,1132
29035.841916,2514801961,2514803094,16236,1133
29035.856951,2514813313,2514814451,16389,1138
29035.868967,2514822371,2514823503,16246,1132
29035.905035,2514849574,2514850711,16242,1137
29035.917063,2514858672,2514859805,16306,1133
29035.929088,2514867732,2514868872,16345,1140
29035.944115,2514879077,2514880223,16316,1146
29035.956139,2514888175,2514889309,16391,1134
29035.968156,2514897258,2514898391,16249,1133
29035.980183,2514906351,2514907480,16316,1129
29036.010242,2514929039,2514930177,16385,1138
29036.022258,2514938118,2514939261,16247,1143
29036.034286,2514947203,2514948336,16316,1133
29036.049310,2514958574,2514959702,16229,1128
29036.061339,2514967645,2514968783,16317,1138
29036.073364,2514976706,2514977839,16403,1133
29036.085379,2514985760,2514986882,16234,1122
29036.103413,2514999348,2515000478,16232,1130
29036.115442,2515008432,2515009570,16320,1138
29036.127467,2515017540,2515018670,16412,1130
29036.139482,2515026592,2515027725,16235,1133
29036.151511,2515035680,2515036818,16316,1138
29036.199604,2515071950,2515073083,16397,1133
29036.211619,2515081021,2515082154,16238,1133
29036.223648,2515090087,2515091215,16314,1128
29036.235673,2515099172,2515100306,16373,1134
29036.247688,2515108276,2515109417,16239,1141
29036.259719,2515117398,2515118526,16296,1128
29036.271741,2515126463,2515127600,16402,1137
29036.304802,2515151452,2515152590,16315,1138
29036.316827,2515160609,2515161747,16316,1138
29036.328848,2515169771,2515170908,16303,1137
29036.340871,2515178918,2515180056,16301,1138
29036.376940,2515206312,2515207455,16320,1143
29036.388964,2515215417,2515216555,16398,1138
29036.434050,2515249483,2515250611,16396,1128
29036.449076,2515260842,2515261980,16316,1138
29036.461101,2515269935,2515271068,16398,1133
29036.473115,2515279017,2515280147,16137,1130
29036.485145,2515288096,2515289228,16316,1132
29036.521214,2515315300,2515316443,16315,1143
29036.533238,2515324385,2515325523,16401,1138
29036.584334,2515362970,2515364111,16317,1141
29036.596358,2515372087,2515373219,16398,1132
29036.611385,2515383410,2515384550,16314,1140
29036.641444,2515406133,2515407261,16398,1128
29036.653459,2515415202,2515416339,16233,1137
29036.665488,2515424281,2515425419,16317,1138
29036.677512,2515433366,2515434499,16395,1133
29036.689527,2515442433,2515443561,16227,1128
29036.713581,2515460577,2515461716,16370,1139
29036.725597,2515469670,2515470808,16236,1138
29036.743631,2515483286,2515484419,16235,1133
29036.755660,2515492331,2515493469,16317,1138
29036.767684,2515501410,2515502538,16405,1128
29036.779699,2515510475,2515511608,16235,1133
29036.791728,2515519555,2515520688,16311,1133
29036.839821,2515555846,2515556984,16399,1138
29036.851836,2515564933,2515566064,16237,1131
29036.863866,2515574007,2515575145,16316,1138
29036.875890,2515583104,2515584233,16385,1129
29036.888919,2515594433,2515595566,16313,1133
29036.905939,2515605791,2515606934,16246,1143
29036.917967,2515614869,2515615997,16315,1128
29036.929991,2515623954,2515625087,16389,1133
29036.954035,2515642082,2515643220,16316,1138
29036.966062,2515651162,2515652290,16388,1128
29036.984094,2515664768,2515665901,16383,1133
29037.032179,2515701051,2515702179,16252,1128
29037.044207,2515710095,2515711233,16321,1138
29037.056231,2515719167,2515720297,16385,1130
29037.068247,2515728239,2515729360,16237,1121
29037.080279,2515737330,2515738468,16312,1138
29037.092301,2515746407,2515747540,16394,1133
29037.104319,2515755462,2515756598,16261,1136
29037.137387,2515780468,2515781606,16402,1138
29037.149403,2515789562,2515790692,16239,1130
29037.164438,2515800891,2515802029,16397,1138
29037.176457,2515809976,2515811121,16266,1145
29037.224552,2515846294,2515847421,16319,1127
29037.236575,2515855340,2515856475,16443,1135
29037.251603,2515866684,2515867815,16317,1131
29037.263627,2515875740,2515876874,16399,1134
29037.275642,2515884806,2515885933,16234,1127
29037.287671,2515893895,2515895024,16316,1129
29037.299696,2515902971,2515904094,16399,1123
29037.311711,2515912045,2515913172,16234,1127
29037.329745,2515925651,2515926784,16233,1133
29037.341774,2515934723,2515935869,16314,1146
29037.353798,2515943790,2515944925,16397,1135
29037.365812,2515952864,2515953987,16221,1123
29037.428934,2516000486,2516001615,16236,1129
29037.440963,2516009521,2516010659,16315,1138
29037.455986,2516020858,2516021987,16233,1129
29037.477031,2516036733,2516037866,16313,1133
29037.489055,2516045820,2516046952,16473,1132
29037.501071,2516054887,2516056010,16250,1123
29037.546157,2516088923,2516090056,16248,1133
29037.558184,2516098001,2516099134,16315,1133
29037.570209,2516107291,2516108421,16338,1130
29037.582227,2516116328,2516117461,16459,1133
29037.594245,2516125373,2516126500,16006,1127
29037.684417,2516193125,2516194249,16042,1124
29037.696445,2516202202,2516203335,16343,1133
29037.735518,2516231575,2516232712,16379,1137
29037.747537,2516240603,2516241733,16045,1130
29037.759567,2516249647,2516250760,16192,1113
29037.771588,2516258682,2516259815,16349,1133
29037.783605,2516267717,2516268847,16123,1130
29037.795633,2516276763,2516277896,16425,1133
29037.807655,2516285840,2516286969,16371,1129
29037.832704,2516306188,2516307325,16372,1137
29037.876788,2516337816,2516338954,16347,1138
29037.888810,2516346854,2516347988,16379,1134
29037.904841,2516360576,2516361704,16379,1128
29037.939908,2516385414,2516386547,16426,1133
29037.951929,2516394442,2516395579,16382,1137
29037.963951,2516403468,2516404591,16253,1123
29037.975976,2516412487,2516413625,16354,1138
29037.987998,2516421529,2516422667,16376,1138
29038.000017,2516430558,2516431688,16045,1130
29038.012048,2516439608,2516440735,16398,1127
29038.024066,2516448629,2516449758,16383,1129
29038.042101,2516462177,2516463306,16453,1129
29038.054120,2516471195,2516472325,16121,1130
29038.096204,2516502874,2516504003,16378,1129
29038.108229,2516512102,2516513238,16111,1136
29038.120251,2516521148,2516522286,16341,1138
29038.132273,2516530191,2516531320,16374,1129
29038.144291,2516539245,2516540377,16003,1132
29038.207419,2516586658,2516587793,16118,1135
29038.219439,2516595696,2516596831,16349,1135
29038.231461,2516604739,2516605867,16376,1128
29038.243480,2516613749,2516614879,16049,1130
29038.255508,2516622788,2516623926,16347,1138
29038.267531,2516631873,2516632999,16430,1126
29038.279549,2516640912,2516642054,16088,1142
29038.291579,2516649971,2516651085,16281,1114
29038.303600,2516658997,2516660134,16371,1137
29038.315618,2516668045,2516669175,16044,1130
29038.333655,2516681590,2516682717,16248,1127
29038.345684,2516690667,2516691805,16414,1138
29038.357702,2516699714,2516700843,16262,1129
29038.424835,2516751626,2516752759,16356,1133
29038.504985,2516810396,2516811531,16193,1135
29038.517007,2516819440,2516820572,16362,1132
29038.529028,2516828506,2516829634,16379,1128
29038.541046,2516837546,2516838681,15992,1135
29038.631217,2516905321,2516906453,16104,1132
29038.712372,2516966305,2516967440,16104,1135
29038.724405,2516975373,2516976502,16370,1129
29038.736424,2516984422,2516985560,16373,1138
29038.748441,2516993459,2516994595,15989,1136
29038.760473,2517002522,2517003655,16375,1133
29038.772490,2517011578,2517012711,16372,1133
29038.793526,2517027352,2517028474,16028,1122
29038.805559,2517036397,2517037526,16409,1129
29038.841624,2517063519,2517064665,16355,1146
29038.853644,2517072601,2517073734,16260,1133
29038.877693,2517090709,2517091837,16364,1128
29038.889713,2517099752,2517100878,16377,1126
29038.919767,2517122333,2517123468,16071,1135
29038.931795,2517131405,2517132538,16442,1133
29038.943816,2517140451,2517141601,16386,1150
29038.961852,2517154058,2517155196,16342,1138
29038.973869,2517163107,2517164243,16107,1136
29038.985898,2517172146,2517173284,16359,1138
29038.997919,2517181202,2517182325,16375,1123
29039.009938,2517190215,2517191347,16025,1132
29039.049018,2517219577,2517220710,16358,1133
29039.061040,2517228637,2517229770,16342,1133
29039.124159,2517276061,2517277203,16366,1142
29039.136178,2517285138,2517286281,16028,1143
29039.148208,2517294186,2517295319,16371,1133
29039.160229,2517303238,2517304376,16349,1138
29039.172246,2517312293,2517313424,16105,1131
29039.265430,2517382337,2517383470,16434,1133
29039.277452,2517391412,2517392545,16349,1133
29039.328550,2517429824,2517430956,16359,1132
29039.340571,2517438908,2517440035,16343,1127
29039.367622,2517459219,2517460353,16380,1134
29039.379641,2517468247,2517469379,16108,1132
29039.391670,2517477290,2517478422,16441,1132
29039.403693,2517486316,2517487451,16365,1135
29039.415709,2517495372,2517496497,16028,1125
29039.427738,2517504428,2517505574,16370,1146
29039.439759,2517513497,2517514626,16380,1129
29039.457795,2517527061,2517528194,16425,1133
29039.469812,2517536065,2517537195,16108,1130
29039.484845,2517547364,2517548494,16458,1130
29039.499879,2517558642,2517559784,16413,1142
29039.535944,2517585727,2517586865,16364,1138
29039.547965,2517594818,2517595946,16207,1128
29039.559984,2517603841,2517604976,15993,1135
29039.572013,2517612885,2517614013,16358,1128
29039.584034,2517621877,2517623005,16288,1128
29039.596060,2517630935,2517632076,16076,1141
29039.608082,2517639985,2517641123,16356,1138
29039.620102,2517649032,2517650164,16372,1132
29039.693249,2517705532,2517706659,16110,1127
29039.740326,2517739406,2517740547,16025,1141
29039.752360,2517748485,2517749619,16375,1134
29039.764376,2517757532,2517758665,16373,1133
29039.776396,2517766574,2517767698,16029,1124
29039.788425,2517775589,2517776722,16357,1133
29039.800448,2517784626,2517785752,16357,1126
29039.812464,2517793654,2517794779,16027,1125
29039.863565,2517832103,2517833236,16379,1133
29039.875584,2517841114,2517842244,16037,1130
29039.887613,2517850148,2517851281,16363,1133
29039.899636,2517859213,2517860348,16443,1135
29039.911655,2517868259,2517869392,16232,1133
29039.923682,2517877306,2517878435,16368,1129
29039.935702,2517886337,2517887470,16378,1133
29039.947724,2517895348,2517896486,16315,1138
29039.959750,2517904417,2517905555,16359,1138
29039.971771,2517913466,2517914593,16379,1127
29039.983790,2517922520,2517923655,15990,1135
29040.013854,2517945124,2517946257,16359,1133
29040.025874,2517954172,2517955310,16374,1138
29040.037893,2517963208,2517964338,16025,1130
29040.116046,2518021886,2518023031,16378,1145
29040.128067,2518030962,2518032093,16319,1131
29040.140093,2518040000,2518041130,16355,1130
29040.152115,2518049055,2518050189,16342,1134
29040.164133,2518058263,2518059398,16028,1135
29040.176162,2518067317,2518068445,16357,1128
29040.188183,2518076387,2518077515,16345,1128
29040.200202,2518085391,2518086531,16034,1140
29040.212230,2518094459,2518095586,16358,1127
29040.224251,2518103466,2518104604,16374,1138
29040.236272,2518112493,2518113619,16025,1126
29040.248304,2518121538,2518122671,16379,1133
29040.263322,2518132846,2518133970,16028,1124
29040.296391,2518157696,2518158825,16357,1129
29040.308407,2518166709,2518167839,16031,1130
29040.320436,2518175749,2518176887,16355,1138
29040.335459,2518187027,2518188152,16023,1125
29040.356508,2518202871,2518203997,16416,1126
29040.368527,2518211944,2518213075,16346,1131
29040.380544,2518220973,2518222105,16110,1132
29040.419625,2518250308,2518251441,16357,1133
29040.431645,2518259352,2518260478,16457,1126
29040.443667,2518268406,2518269539,16312,1133
29040.455694,2518277433,2518278566,16368,1133
29040.467715,2518286489,2518287627,16427,1138
29040.485750,2518300046,2518301173,16426,1127
29040.497767,2518309065,2518310195,15996,1130
29040.540866,2518342975,2518344108,16249,1133
29040.563904,2518358823,2518359956,16379,1133
29040.575921,2518367947,2518369076,16343,1129
29040.587946,2518376980,2518378110,16115,1130
29040.599968,2518386016,2518387147,16441,1131
29040.611988,2518395044,2518396177,16464,1133
29040.624008,2518404083,2518405209,16075,1126
29040.648058,2518422180,2518423313,16345,1133
29040.660076,2518431202,2518432333,16104,1131
29040.672109,2518440270,2518441404,16375,1134
29040.684127,2518449334,2518450467,16257,1133
29040.696145,2518458350,2518459480,16032,1130
29040.708176,2518467373,2518468485,16214,1112
29040.720194,2518476390,2518477523,16372,1133
29040.732213,2518485406,2518486549,16104,1143
29040.744246,2518494481,2518495614,16455,1133
29040.765280,2518510337,2518511468,16451,1131
29040.777301,2518519409,2518520541,16027,1132
29040.807363,2518541960,2518543098,16450,1138
29040.819383,2518551013,2518552151,16455,1138
29040.831402,2518560046,2518561176,16033,1130
29040.843435,2518569113,2518570237,16374,1124
29040.855451,2518578161,2518579289,16380,1128
29040.885512,2518600698,2518601828,16108,1130
29040.897534,2518609758,2518610891,16287,1133
29040.963657,2518659495,2518660633,16371,1138
29040.975681,2518668553,2518669686,16227,1133
29040.987708,2518677589,2518678722,16403,1133
29040.999726,2518686623,2518687761,16375,1138
29041.011745,2518695647,2518696782,16032,1135
29041.023774,2518704673,2518705802,16360,1129
29041.035794,2518713708,2518714841,16262,1133
29041.053829,2518727264,2518728397,16367,1133
29041.065848,2518736282,2518737416,16027,1134
29041.077877,2518745327,2518746450,16354,1123
29041.089900,2518754350,2518755483,16359,1133
29041.101916,2518763368,2518764504,16097,1136
29041.177065,2518819832,2518820960,16363,1128
29041.189089,2518829143,2518830267,16358,1124
29041.282268,2518899227,2518900368,16196,1141
29041.294288,2518908270,2518909402,16365,1132
29041.333361,2518937639,2518938778,16264,1139
29041.345382,2518946697,2518947820,16144,1123
29041.360412,2518958016,2518959143,16366,1127
29041.384463,2518976037,2518977175,16406,1138
29041.396481,2518985122,2518986260,16339,1138
29041.444568,2519021306,2519022442,15998,1136
29041.456601,2519030410,2519031542,16316,1132
29041.492668,2519057752,2519058900,16314,1148
29041.504693,2519066869,2519068006,16396,1137
29041.588842,2519130259,2519131390,16026,1131
29041.600871,2519139534,2519140683,16268,1149
29041.624911,2519157620,2519158745,16025,1125
29041.636944,2519166673,2519167806,16370,1133
29041.694046,2519209619,2519210751,16372,1132
29041.706068,2519218634,2519219763,16226,1129
29041.796237,2519286384,2519287504,16031,1120
29041.808265,2519295652,2519296775,16355,1123
29041.823289,2519306940,2519308076,15991,1136
29041.865372,2519338565,2519339702,16370,1137
29041.877399,2519347621,2519348757,16085,1136
29041.889420,2519356667,2519357799,16356,1132
29041.901440,2519365703,2519366832,16374,1129
29041.913460,2519374714,2519375841,16025,1127
29041.928492,2519386021,2519387149,16256,1128
29041.940511,2519395052,2519396182,15996,1130
29041.985597,2519428923,2519430058,15991,1135
29041.997626,2519437964,2519439095,16441,1131
29042.009648,2519447049,2519448187,16342,1138
29042.024677,2519458339,2519459472,16439,1133
29042.036699,2519467419,2519468547,16343,1128
29042.117852,2519528358,2519529499,16372,1141
29042.129874,2519537433,2519538574,16230,1141
29042.141900,2519546505,2519547640,16362,1135
29042.183976,2519578175,2519579308,16236,1133
29042.196003,2519587228,2519588361,16443,1133
29042.208023,2519596307,2519597447,16456,1140
29042.220043,2519605343,2519606463,16108,1120
29042.232076,2519614396,2519615539,16379,1143
29042.244092,2519623435,2519624568,16331,1133
29042.256115,2519632470,2519633604,16147,1134
29042.268142,2519641538,2519642671,16463,1133
29042.286175,2519655082,2519656211,16356,1129
29042.298195,2519664099,2519665235,16459,1136
29042.313226,2519675367,2519676490,16364,1123
29042.325246,2519684393,2519685521,16261,1128
29042.340278,2519695670,2519696803,16447,1133
29042.352299,2519704744,2519705873,16427,1129
29042.376349,2519722818,2519723941,16488,1123
29042.388366,2519731831,2519732964,16453,1133
29042.409403,2519747674,2519748799,16107,1125
29042.421436,2519756747,2519757880,16366,1133
29042.433454,2519765805,2519766953,16343,1148
29042.445472,2519774824,2519775954,16028,1130
29042.457501,2519783872,2519784998,16364,1126
29042.535643,2519842571,2519843701,15997,1130
29042.547672,2519851610,2519852742,16446,1132
29042.559693,2519860641,2519861770,16379,1129
29042.583746,2519872254,2519872859,12025,605
29042.597274,2519877322,2519878131,13567,809
29042.609292,2519885996,2519887126,16388,1130
29042.621315,2519895049,2519896181,16319,1132
29042.651370,2519917692,2519918825,16314,1133
29042.663395,2519926756,2519927887,16473,1131
29042.675411,2519935832,2519936970,16346,1138
29042.693447,2519949458,2519950596,16344,1138
29042.705475,2519958538,2519959676,16312,1138
29042.771599,2520008394,2520009527,16318,1133
29042.783617,2520017468,2520018595,16264,1127
29042.795646,2520026545,2520027687,16319,1142
29042.807668,2520035632,2520036770,16372,1138
29042.819690,2520044745,2520045883,16314,1138
29042.831714,2520053817,2520054955,16311,1138
29042.843739,2520062876,2520064009,16400,1133
29042.855754,2520071943,2520073076,16237,1133
29042.867783,2520081022,2520082154,16270,1132
29042.879806,2520090099,2520091226,16378,1127
29042.891823,2520099157,2520100295,16251,1138
29042.903853,2520108226,2520109359,16311,1133
29042.915875,2520117289,2520118427,16383,1138
29042.927892,2520126366,2520127498,16235,1132
29042.939920,2520135439,2520136577,16314,1138
29042.951945,2520144538,2520145670,16393,1132
29042.963960,2520153604,2520154746,16236,1142
29042.975990,2520162672,2520163799,16317,1127
29042.988012,2520171746,2520172881,16382,1135
29043.000029,2520180842,2520181975,16251,1133
29043.012059,2520189926,2520191064,16311,1138
29043.024082,2520199010,2520200138,16400,1128
29043.036097,2520208131,2520209258,16232,1127
29043.048126,2520217209,2520218346,16272,1137
29043.060151,2520226290,2520227424,16407,1134
29043.072166,2520235357,2520236490,16243,1133
29043.085692,2520243917,2520245046,16249,1129
29043.097722,2520252978,2520254112,16309,1134
29043.112743,2520264291,2520265429,16259,1138
29043.124772,2520273372,2520274499,16312,1127
29043.139795,2520284727,2520285860,16233,1133
29043.157829,2520298349,2520299477,16234,1128
29043.169860,2520307400,2520308533,16321,1133
29043.181881,2520316482,2520317614,16384,1132
29043.217951,2520343648,2520344781,16318,1133
29043.229966,2520352728,2520353876,16232,1148
29043.249014,2520368626,2520369764,16311,1138
29043.266040,2520379981,2520381113,16312,1132
29043.278063,2520389050,2520390188,16315,1138
29043.290085,2520398135,2520399264,16372,1129
29043.317138,2520418515,2520419652,16321,1137
29043.329155,2520427602,2520428725,16250,1123
29043.341182,2520436683,2520437816,16315,1133
29043.353206,2520445754,2520446886,16354,1132
29043.389274,2520473004,2520474133,16369,1129
29043.401291,2520482102,2520483240,16263,1138
29043.425344,2520500262,2520501386,16386,1124
29043.437362,2520509372,2520510512,16244,1140
29043.449391,2520518475,2520519608,16309,1133
29043.461414,2520527550,2520528683,16399,1133
29043.476442,2520538906,2520540035,16314,1129
29043.488464,2520547965,2520549098,16383,1133
29043.500483,2520557048,2520558184,16283,1136
29043.527532,2520577474,2520578609,16233,1135
29043.539561,2520586574,2520587707,16316,1133
29043.557595,2520600196,2520601320,16311,1124
29043.569618,2520609243,2520610375,16391,1132
29043.593665,2520627409,2520628542,16292,1133
29043.605687,2520636503,2520637636,16382,1133
29043.623723,2520650105,2520651243,16404,1138
29043.644755,2520665981,2520667113,16232,1132
29043.656784,2520675086,2520676229,16313,1143
29043.672820,2520688708,2520689846,16310,1138
29043.692854,2520702334,2520703472,16317,1138
29043.704875,2520711410,2520712545,16384,1135
29043.728921,2520729523,2520730645,16317,1122
29043.740946,2520738593,2520739722,16399,1129
29043.752961,2520747693,2520748826,16216,1133
29043.764991,2520756778,2520757911,16318,1133
29043.777013,2520765881,2520767014,16388,1133
29043.801060,2520784028,2520785160,16316,1132
29043.813082,2520793071,2520794205,16320,1134
29043.825098,2520802163,2520803290,16233,1127
29043.837127,2520811219,2520812352,16322,1133
29043.849152,2520820309,2520821447,16398,1138
29043.865675,2520832824,2520833953,16229,1129
29043.877704,2520841866,2520843004,16312,1138
29043.913774,2520869105,2520870242,16317,1137
29043.925795,2520878175,2520879303,16386,1128
29043.943830,2520891788,2520892917,16383,1129
29043.955847,2520900874,2520902012,16253,1138
29043.967876,2520909939,2520911077,16313,1138
29043.979900,2520919022,2520920163,16400,1141
29044.046018,2520968884,2520970020,16252,1136
29044.058048,2520977955,2520979093,16315,1138
29044.070071,2520987072,2520988209,16393,1137
29044.082086,2520996132,2520997260,16248,1128
29044.148219,2521045999,2521047128,16318,1129
29044.160242,2521055068,2521056201,16323,1133
29044.172258,2521064132,2521065270,16248,1138
29044.184285,2521073202,2521074330,16310,1128
29044.196310,2521082256,2521083397,16387,1141
29044.208332,2521091327,2521092469,16316,1142
29044.220356,2521100413,2521101551,16316,1138
29044.236390,2521114045,2521115183,16310,1138
29044.248408,2521123123,2521124257,16367,1134
29044.260438,2521132189,2521133320,16244,1131
29044.277467,2521143539,2521144669,16484,1130
29044.289481,2521152610,2521153743,16236,1133
29044.307522,2521166200,2521167328,16316,1128
29044.319546,2521175256,2521176394,16321,1138
29044.331568,2521184317,2521185455,16304,1138
29044.343584,2521193416,2521194549,16166,1133
29044.355614,2521202503,2521203641,16316,1138
29044.368644,2521213844,2521214977,16234,1133
29044.380668,2521222911,2521224039,16307,1128
29044.421739,2521252388,2521253521,16383,1133
29044.433755,2521261471,2521262600,16253,1129
29044.445786,2521270536,2521271671,16320,1135
29044.460806,2521281922,2521283052,16230,1130
29044.481853,2521298061,2521299194,16313,1133
29044.493877,2521307115,2521308244,16404,1129
29044.535956,2521338877,2521340010,16312,1133
29044.547981,2521347943,2521349080,16405,1137
29044.559996,2521357011,2521358154,16250,1143
29044.572026,2521366097,2521367230,16303,1133
29044.584047,2521375160,2521376298,16466,1138
29044.596064,2521384228,2521385364,16254,1136
29044.608094,2521393281,2521394419,16321,1138
29044.620118,2521402388,2521403520,16404,1132
29044.632133,2521411472,2521412601,16240,1129
29044.644162,2521420531,2521421664,16313,1133
29044.674219,2521443210,2521444343,16387,1133
29044.705283,2521468166,2521469304,16319,1138
29044.780420,2521524852,2521525985,16383,1133
29044.875596,2521595157,2521596284,16253,1127
29044.899648,2521613562,2521614691,16383,1129
29044.911664,2521622642,2521623765,16324,1123
29044.923693,2521631696,2521632824,16403,1128
29044.935718,2521640784,2521641916,16490,1132
29044.947733,2521649864,2521651002,16246,1138
29044.959763,2521658947,2521660090,16320,1143
29044.971784,2521668021,2521669158,16369,1137
29044.983801,2521677100,2521678232,16258,1132
29044.995832,2521686155,2521687293,16403,1138
29045.007855,2521695225,2521696358,16412,1133
29045.019870,2521704287,2521705425,16237,1138
29045.086003,2521754187,2521755320,16314,1133
29045.098025,2521763269,2521764407,16379,1138
29045.110042,2521772336,2521773474,16238,1138
29045.122070,2521781404,2521782547,16317,1143
29045.134095,2521790459,2521791592,16402,1133
29045.146110,2521799522,2521800659,16239,1137
29045.158140,2521808603,2521809736,16309,1133
29045.170162,2521817669,2521818802,16386,1133
29045.182178,2521826742,2521827875,16250,1133
29045.209230,2521847184,2521848312,16233,1128
29045.221259,2521856248,2521857381,16318,1133
29045.242300,2521872106,2521873233,16403,1127
29045.287385,2521906142,2521907282,16356,1140
29045.299407,2521915327,2521916464,16286,1137
29045.311430,2521924447,2521925590,16303,1143
29045.329463,2521938261,2521939400,16315,1139
29045.341486,2521947447,2521948588,16326,1141
29045.353504,2521956579,2521957719,16268,1140
29045.371538,2521970285,2521971422,16264,1137
29045.383566,2521979414,2521980552,16304,1138
29045.395592,2521988503,2521989649,16401,1146
29045.407607,2521997633,2521998770,16201,1137
29045.419635,2522006785,2522007932,16294,1147
29045.437670,2522020466,2522021618,16305,1152
29045.449692,2522029596,2522030738,16320,1142
29045.464722,2522041025,2522042168,16305,1143
29045.476745,2522050160,2522051298,16390,1138
29045.488761,2522059303,2522060449,16261,1146
29045.500792,2522068499,2522069642,16228,1143
29045.512815,2522077661,2522078803,16381,1142
29045.524830,2522086791,2522087933,16329,1142
29045.541369,2522099478,2522100616,16312,1138
29045.553391,2522108608,2522109753,16386,1145
29045.580442,2522129156,2522130299,16386,1143
29045.592459,2522138299,2522139437,16166,1138
29045.631539,2522167880,2522169018,16316,1138
29045.643564,2522176965,2522178098,16400,1133
29045.655579,2522186031,2522187159,16255,1128
29045.673613,2522199644,2522200773,16245,1129
29045.685643,2522208725,2522209860,16311,1135
29045.697667,2522217808,2522218946,16321,1138
29045.709681,2522226899,2522228032,16186,1133
29045.745757,2522254111,2522255249,16295,1138
29045.757781,2522263218,2522264356,16271,1138
29045.817888,2522308587,2522309721,16236,1134
29045.829919,2522317693,2522318831,16334,1138
29045.865988,2522344979,2522346117,16330,1138
29045.878008,2522354038,2522355172,16382,1134
29045.896044,2522367660,2522368795,16319,1135
29045.908061,2522376768,2522377896,16229,1128
29045.920088,2522385852,2522386995,16313,1143
29045.932112,2522394938,2522396076,16400,1138
29045.962162,2522417637,2522418775,16248,1138
29045.974193,2522426693,2522427831,16315,1138
29045.986214,2522435774,2522436907,16389,1133
29045.998230,2522444836,2522445969,16231,1133
29046.043324,2522478805,2522479933,16316,1128
29046.055347,2522487896,2522489039,16317,1143
29046.067368,2522496986,2522498124,16384,1138
29046.085403,2522510594,2522511727,16380,1133
29046.097419,2522519654,2522520787,16226,1133
29046.109448,2522528713,2522529851,16317,1138
29046.121474,2522537802,2522538935,16400,1133
29046.148523,2522558247,2522559383,16389,1136
29046.160539,2522567337,2522568459,16250,1122
29046.217653,2522610430,2522611563,16313,1133
29046.229678,2522619519,2522620662,16401,1143
29046.247711,2522633164,2522634297,16390,1133
29046.259728,2522642260,2522643382,16250,1122
29046.271758,2522651304,2522652437,16317,1133
29046.283780,2522660395,2522661529,16359,1134
29046.295796,2522669473,2522670617,16236,1144
29046.313831,2522683097,2522684230,16144,1133
29046.325862,2522692208,2522693340,16315,1132
29046.340889,2522703555,2522704688,16314,1133
29046.355918,2522714926,2522716067,16359,1141
29046.367933,2522724023,2522725152,16250,1129
29046.379964,2522733082,2522734215,16312,1133
29046.391987,2522742168,2522743306,16323,1138
29046.404002,2522751247,2522752380,16230,1133
29046.416033,2522760340,2522761473,16327,1133
29046.429062,2522771692,2522772825,16186,1133
29046.446089,2522783065,2522784203,16390,1138
29046.458105,2522792120,2522793258,16340,1138
29046.473140,2522803462,2522804599,16468,1137
29046.485157,2522812527,2522813660,16251,1133
29046.512208,2522832906,2522834049,16232,1143
29046.524238,2522842046,2522843184,16315,1138
29046.536260,2522851177,2522852315,16380,1138
29046.548277,2522860313,2522861456,16148,1143
29046.560306,2522869448,2522870583,16317,1135
29046.629431,2522921716,2522922860,16244,1144
29046.641462,2522930833,2522931962,16322,1129
29046.671517,2522953514,2522954664,16384,1150
29046.683534,2522962592,2522963730,16250,1138
29046.695562,2522971672,2522972810,16311,1138
29046.707587,2522980753,2522981886,16371,1133
29046.725622,2522994376,2522995514,16401,1138
29046.737644,2523003464,2523004592,16312,1128
29046.749667,2523012539,2523013677,16317,1138
29046.761689,2523021653,2523022782,16386,1129
29046.776718,2523032999,2523034125,16413,1126
29046.788735,2523042100,2523043235,16251,1135
29046.824804,2523069238,2523070371,16375,1133
29046.836830,2523078275,2523079399,16113,1124
29046.851855,2523089615,2523090752,16367,1137
29046.875905,2523107673,2523108785,16211,1112
29046.887924,2523116693,2523117816,16261,1123
29046.899942,2523125741,2523126871,15994,1130
29046.911971,2523134795,2523135934,16357,1139
29046.923992,2523143829,2523144962,16378,1133
29046.936023,2523152907,2523154040,16308,1133
29046.948041,2523161952,2523163090,16442,1138
29046.960060,2523171004,2523172146,16339,1142
29046.972080,2523180042,2523181168,16032,1126
29046.984109,2523189068,2523190211,16360,1143
29046.997139,2523200402,2523201537,15990,1135
29047.101332,2523277171,2523278304,16442,1133
29047.113352,2523286202,2523287331,16376,1129
29047.125371,2523295213,2523296343,16109,1130
29047.137404,2523304249,2523305382,16494,1133
29047.149422,2523313320,2523314458,16343,1138
29047.203524,2523354002,2523355129,16368,1127
29047.215545,2523363051,2523364179,16232,1128
29047.227572,2523372071,2523373203,16361,1132
29047.245610,2523385608,2523386745,16374,1137
29047.257625,2523394625,2523395753,16339,1128
29047.305714,2523430738,2523431868,16026,1130
29047.317743,2523439768,2523440892,16360,1124
29047.329764,2523448804,2523449938,16371,1134
29047.344795,2523460091,2523461225,16359,1134
29047.356816,2523469175,2523470308,16340,1133
29047.407920,2523507573,2523508702,16377,1129
29047.419937,2523516630,2523517762,16343,1132
29047.431962,2523525672,2523526792,16114,1120
29047.449989,2523539175,2523540302,16105,1127
29047.462018,2523548207,2523549350,16364,1143
29047.498086,2523575362,2523576491,16361,1129
29047.510107,2523584396,2523585533,16462,1137
29047.552189,2523616092,2523617221,16360,1129
29047.564211,2523625164,2523626302,16342,1138
29047.576229,2523634197,2523635330,15986,1133
29047.594263,2523647758,2523648888,15988,1130
29047.606292,2523656810,2523657933,16357,1123
29047.616328,2523665838,2523666961,16376,1123
29047.693454,2523722356,2523723487,16226,1131
29047.705485,2523731422,2523732560,16374,1138
29047.720503,2523742710,2523743846,16019,1136
29047.732535,2523751764,2523752914,16408,1150
29047.756572,2523769867,2523770998,16071,1131
29047.768602,2523778915,2523780048,16379,1133
29047.780621,2523787971,2523789099,16260,1128
29047.792640,2523797019,2523798148,15994,1129
29047.825707,2523821861,2523822987,16376,1126
29047.837730,2523830927,2523832065,16010,1138
29047.873795,2523857989,2523859119,16028,1130
29047.885828,2523867022,2523868155,16371,1133
29047.912876,2523887354,2523888486,16361,1132
29047.927905,2523898635,2523899770,16107,1135
29047.969981,2523930264,2523931391,16456,1127
29047.982003,2523939354,2523940487,16231,1133
29048.009051,2523959707,2523960852,16027,1145
29048.021081,2523968763,2523969901,16361,1138
29048.033104,2523977790,2523978918,16362,1128
29048.135295,2524054596,2524055729,16238,1133
29048.147321,2524063636,2524064774,16441,1138
29048.159342,2524072676,2524073805,16377,1129
29048.180380,2524088499,2524089628,16312,1129
29048.192407,2524097549,2524098690,16367,1141
29048.231482,2524126926,2524128059,16450,1133
29048.243498,2524135978,2524137113,15996,1135
29048.255531,2524145072,2524146210,16377,1138
29048.267547,2524154123,2524155261,16376,1138
29048.285582,2524167734,2524168872,16337,1138
29048.297600,2524176760,2524177890,16029,1130
29048.351704,2524217377,2524218512,16030,1135
29048.363733,2524226912,2524228057,16359,1145
29048.375753,2524236001,2524237133,16250,1132
29048.387772,2524245038,2524246169,16070,1131
29048.399801,2524254109,2524255247,16360,1138
29048.411822,2524263160,2524264298,16373,1138
29048.423848,2524272198,2524273322,16111,1124
29048.435872,2524281259,2524282378,16213,1119
29048.447890,2524290293,2524291431,16368,1138
29048.459909,2524299320,2524300455,16024,1135
29048.471938,2524308361,2524309499,16361,1138
29048.489972,2524321936,2524323069,16353,1133
29048.501993,2524330986,2524332124,16374,1138
29048.517027,2524342273,2524343382,16222,1109
29048.529047,2524351285,2524352423,16362,1138
29048.544076,2524362576,2524363705,16373,1129
29048.556096,2524371624,2524372748,16375,1124
29048.568118,2524380645,2524381783,16238,1138
29048.581148,2524391954,2524393092,16344,1138
29048.593179,2524401063,2524402200,16230,1137
29048.625233,2524423680,2524424816,16414,1136
29048.637250,2524432729,2524433867,16383,1138
29048.685338,2524468892,2524470019,16072,1127
29048.697367,2524477930,2524479067,16363,1137
29048.715402,2524491476,2524492609,16365,1133
29048.727424,2524500501,2524501639,16443,1138
29048.739441,2524509528,2524510659,16107,1131
29048.751470,2524518603,2524519732,16446,1129
29048.763491,2524527645,2524528778,16457,1133
29048.775512,2524536685,2524537819,16239,1134
29048.787542,2524545768,2524546897,16422,1129
29048.799560,2524555035,2524556159,16374,1124
29048.811578,2524564058,2524565195,16025,1137
29048.823610,2524573108,2524574246,16404,1138
29048.835628,2524582167,2524583300,16372,1133
29048.847647,2524591182,2524592312,16032,1130
29048.859676,2524600205,2524601343,16408,1138
29048.871696,2524609250,2524610373,16263,1123
29048.883718,2524618308,2524619441,16231,1133
29048.895744,2524627325,2524628452,16352,1127
29048.907765,2524636376,2524637505,16372,1129
29048.919794,2524645415,2524646558,16306,1143
29048.931813,2524654470,2524655603,16362,1133
29048.943833,2524663515,2524664653,16374,1138
29048.964870,2524679335,2524680460,16024,1125
29048.976903,2524688373,2524689517,16375,1144
29048.988920,2524697436,2524698569,16342,1133
29049.000938,2524706449,2524707584,16031,1135
29049.012969,2524715511,2524716649,16362,1138
29049.034004,2524731321,2524732459,16454,1138
29049.046026,2524740399,2524741532,16310,1133
29049.112156,2524790115,2524791248,16364,1133
29049.124179,2524799156,2524800287,16366,1131
29049.142210,2524812695,2524813839,16365,1144
29049.154229,2524821734,2524822858,16028,1124
29049.208332,2524862426,2524863559,16026,1133
29049.220364,2524871708,2524872841,16493,1133
29049.313536,2524941760,2524942898,16378,1138
29049.325555,2524950776,2524951910,16028,1134
29049.415731,2525018524,2525019658,16071,1134
29049.427757,2525027870,2525029003,16363,1133
29049.445795,2525041449,2525042581,16373,1132
29049.457811,2525050482,2525051622,16376,1140
29049.520934,2525097957,2525099090,16360,1133
29049.535964,2525109241,2525110350,16210,1109
29049.620122,2525172457,2525173592,16359,1135
29049.632141,2525181535,2525182668,16222,1133
29049.644168,2525190587,2525191714,16439,1127
29049.656188,2525199592,2525200730,16379,1138
29049.668210,2525208636,2525209774,16245,1138
29049.680239,2525217674,2525218783,16223,1109
29049.692256,2525226670,2525227805,16505,1135
29049.704275,2525235722,2525236852,16108,1130
29049.716308,2525244756,2525245884,16492,1128
29049.728325,2525253785,2525254913,16461,1128
29049.740344,2525262820,2525263950,15995,1130
29049.752377,2525271872,2525273000,16459,1128
29049.767398,2525283196,2525284323,16245,1127
29049.824510,2525326113,2525327238,16441,1125
29049.836532,2525335193,2525336326,16430,1133
29049.848550,2525344225,2525345360,16031,1135
29049.896647,2525380430,2525381563,16362,1133
29049.908668,2525389481,2525390610,16378,1129
29049.944737,2525416571,2525417708,16369,1137
29049.959770,2525427863,2525428980,16211,1117
29049.983807,2525445907,2525447036,16104,1129
29049.995836,2525454931,2525456074,16447,1143
29050.007857,2525463969,2525465104,16381,1135
29050.019876,2525472980,2525474115,16031,1135
29050.031905,2525482010,2525483148,16365,1138
29050.043927,2525491087,2525492225,16338,1138
29050.055944,2525500107,2525501250,16099,1143
29050.067978,2525509207,2525510340,16378,1133
29050.079994,2525518251,2525519378,16365,1127
29050.152131,2525572475,2525573608,16371,1133
29050.164153,2525581495,2525582621,16230,1126
29050.176179,2525590532,2525591670,16360,1138
29050.188200,2525599595,2525600728,16375,1133
29050.200219,2525608624,2525609748,16026,1124
29050.212251,2525617653,2525618782,16407,1129
29050.224264,2525626695,2525627842,16290,1147
29050.236287,2525635739,2525636874,16025,1135
29050.248317,2525644794,2525645927,16356,1133
29050.260337,2525653874,2525655012,16247,1138
29050.276369,2525667458,2525668597,16368,1139
29050.293402,2525678785,2525679912,16360,1127
29050.377560,2525742110,2525743248,16376,1138
29050.389579,2525751138,2525752259,16029,1121
29050.401610,2525760175,2525761287,16222,1112
29050.413631,2525769169,2525770307,16365,1138
29050.425650,2525778192,2525779329,16103,1137
29050.437677,2525787233,2525788371,16447,1138
29050.455711,2525800777,2525801903,16441,1126
29050.473746,2525814352,2525815479,16365,1127
29050.485767,2525823400,2525824523,16351,1123
29050.503800,2525836938,2525838067,16451,1129
29050.515819,2525845962,2525847086,16026,1124
29050.527848,2525854977,2525856110,16362,1133
29050.539870,2525864043,2525865169,16344,1126
29050.551887,2525873076,2525874214,16033,1138
29050.563921,2525882148,2525883281,16375,1133
29050.581953,2525895699,2525896811,16211,1112
29050.593972,2525904715,2525905853,16375,1138
29050.624025,2525927275,2525928413,16109,1138
29050.660096,2525954354,2525955492,16313,1138
29050.672123,2525963408,2525964546,16359,1138
29050.684143,2525972460,2525973593,16329,1133
29050.696162,2525981481,2525982611,16026,1130
29050.708194,2525990536,2525991679,16406,1143
29050.720211,2525999587,2526000720,16375,1133
29050.732230,2526008576,2526009706,16024,1130
29050.744260,2526017609,2526018747,16364,1138
29050.756280,2526026659,2526027781,16344,1122
29050.804375,2526062802,2526063932,16106,1130
29050.816397,2526071831,2526072960,16442,1129
29050.864487,2526107955,2526109098,16346,1143
29050.876505,2526117197,2526118332,16031,1135
29050.888539,2526126274,2526127410,16441,1136
29050.900555,2526135333,2526136471,16457,1138
29050.921591,2526151163,2526152293,16029,1130
29050.933620,2526160196,2526161320,16359,1124
29050.945640,2526169222,2526170355,16371,1133
29050.984710,2526198557,2526199688,16031,1131
29050.996740,2526207602,2526208740,16362,1138
29051.008763,2526216658,2526217796,16354,1138
29051.020779,2526225674,2526226799,16033,1125
29051.032808,2526234692,2526235825,16355,1133
29051.071880,2526264070,2526265192,16375,1122
29051.083902,2526273255,2526274384,16310,1129
29051.095929,2526282298,2526283430,16449,1132
29051.107952,2526291393,2526292527,16367,1134
29051.119968,2526300422,2526301549,16111,1127
29051.131997,2526309459,2526310597,16443,1138
29051.144017,2526318507,2526319640,16453,1133
29051.216155,2526372791,2526373919,16450,1128
29051.228174,2526381811,2526382941,16026,1130
29051.240203,2526390838,2526391975,16446,1137
29051.252223,2526399898,2526401038,16343,1140
29051.264242,2526408955,2526410090,16074,1135
29051.276273,2526418043,2526419177,16465,1134
29051.288292,2526427135,2526428270,16290,1135
29051.300321,2526436203,2526437336,16317,1133
29051.327363,2526456516,2526457641,16110,1125
29051.339392,2526465538,2526466669,16444,1131
29051.351412,2526474579,2526475709,16255,1130
29051.429563,2526533229,2526534367,16436,1138
29051.441584,2526542275,2526543409,16466,1134
29051.489671,2526578420,2526579553,16025,1133
29051.501703,2526587465,2526588598,16401,1133
29051.531755,2526610072,2526611210,16376,1138
29051.543776,2526619127,2526620254,16233,1127
29051.555806,2526628221,2526629352,16378,1131
29051.567822,2526637333,2526638475,16232,1142
29051.579853,2526646450,2526647595,16229,1145
29051.591874,2526655593,2526656732,16383,1139
29051.603891,2526664701,2526665835,16252,1134
29051.615922,2526673826,2526674967,16315,1141
29051.627943,2526682957,2526684084,16381,1127
29051.639962,2526691987,2526693115,16348,1128
29051.651983,2526701010,2526702143,16235,1133
29051.664009,2526710040,2526711173,16364,1133
29051.676029,2526719076,2526720204,16372,1128
29051.697073,2526734886,2526736021,16076,1135
29051.709095,2526743941,2526745074,16350,1133
29051.751171,2526775561,2526776699,16228,1138
29051.766203,2526786906,2526788039,16361,1133
29051.781232,2526798193,2526799320,16470,1127
29051.800332,2526807418,2526808016,11976,598
29051.869897,2526852794,2526853920,16236,1126
29051.881926,2526861863,2526862996,16319,1133
29051.893953,2526870955,2526872088,16425,1133
29051.905965,2526880024,2526881151,16234,1127
29051.917993,2526889083,2526890215,16313,1132
29051.930018,2526898159,2526899297,16389,1138
29051.945044,2526909508,2526910636,16313,1128
29051.957069,2526918572,2526919701,16384,1129
29051.969085,2526927643,2526928772,16252,1129
29051.984120,2526938983,2526940126,16389,1143
29052.053250,2526991108,2526992241,16321,1133
29052.065275,2527000180,2527001318,16388,1138
29052.077291,2527009265,2527010393,16250,1128
29052.089319,2527018361,2527019496,16311,1135
29052.104343,2527029685,2527030818,16244,1133
29052.116373,2527038791,2527039924,16310,1133
29052.167463,2527077373,2527078511,16233,1138
29052.179492,2527086444,2527087574,16318,1130
29052.191517,2527095520,2527096652,16317,1132
29052.203532,2527104580,2527105713,16234,1133
29052.215560,2527113637,2527114770,16316,1133
29052.233595,2527127222,2527128360,16314,1138
29052.245619,2527136313,2527137451,16416,1138
29052.263653,2527149903,2527151046,16402,1143
29052.275669,2527158985,2527160120,16235,1135
29052.287698,2527168067,2527169190,16296,1123
29052.299722,2527177143,2527178281,16397,1138
29052.313247,2527185652,2527186780,16367,1128
29052.325263,2527194785,2527195911,16144,1126
29052.337292,2527203842,2527204975,16268,1133
29052.349316,2527212914,2527214052,16307,1138
29052.364343,2527224260,2527225398,16311,1138
29052.376368,2527233340,2527234478,16397,1138
29052.388383,2527242413,2527243530,16233,1117
29052.400414,2527251490,2527252628,16334,1138
29052.436481,2527278717,2527279854,16319,1137
29052.448505,2527287793,2527288922,16395,1129
29052.469538,2527303666,2527304795,16235,1129
29052.481566,2527312720,2527313853,16314,1133
29052.505606,2527330848,2527331983,16235,1135
29052.517635,2527339922,2527341055,16225,1133
29052.541673,2527358108,2527359238,16221,1130
29052.553703,2527367167,2527368300,16316,1133
29052.571738,2527380798,2527381945,16312,1147
29052.583762,2527389881,2527391008,16395,1127
29052.595778,2527398951,2527400089,16237,1138
29052.607806,2527408025,2527409162,16317,1137
29052.619831,2527417104,2527418236,16400,1132
29052.631846,2527426189,2527427322,16241,1133
29052.643875,2527435245,2527436374,16314,1129
29052.667915,2527453356,2527454489,16317,1133
29052.679943,2527462429,2527463573,16322,1144
29052.691968,2527471507,2527472645,16413,1138
29052.703983,2527480569,2527481695,16241,1126
29052.716012,2527489641,2527490772,16403,1131
29052.728037,2527498736,2527499862,16385,1126
29052.740050,2527507786,2527508925,16236,1139
29052.752079,2527516858,2527517991,16313,1133
29052.764104,2527525935,2527527078,16387,1143
29052.776120,2527535024,2527536157,16249,1133
29052.788148,2527544099,2527545225,16312,1126
29052.800172,2527553157,2527554290,16388,1133
29052.812189,2527562229,2527563362,16249,1133
29052.824216,2527571312,2527572450,16314,1138
29052.836241,2527580383,2527581516,16416,1133
29052.860285,2527598492,2527599621,16317,1129
29052.872309,2527607559,2527608700,16388,1141
29052.896354,2527625703,2527626841,16316,1138
29052.908378,2527634803,2527635940,16355,1137
29052.923405,2527646141,2527647271,16312,1130
29052.935431,2527655237,2527656366,16402,1129
29052.947446,2527664297,2527665435,16235,1138
29052.959475,2527673393,2527674531,16311,1138
29052.971499,2527682471,2527683607,16402,1136
29052.983515,2527691544,2527692677,16243,1133
29053.007568,2527709715,2527710848,16406,1133
29053.019583,2527718789,2527719927,16268,1138
29053.031613,2527727849,2527728982,16316,1133
29053.043636,2527736917,2527738051,16404,1134
29053.055652,2527745992,2527747124,16319,1132
29053.067681,2527755059,2527756187,16395,1128
29053.079705,2527764108,2527765241,16430,1133
29053.091721,2527773188,2527774321,16245,1133
29053.103749,2527782268,2527783401,16396,1133
29053.127789,2527800414,2527801552,16319,1138
29053.139818,2527809725,2527810864,16317,1139
29053.151842,2527818796,2527819929,16397,1133
29053.163858,2527827885,2527829015,16235,1130
29053.175887,2527836959,2527838097,16316,1138
29053.187911,2527846056,2527847197,16412,1141
29053.199926,2527855150,2527856285,16238,1135
29053.211955,2527864231,2527865366,16293,1135
29053.223980,2527873295,2527874418,16399,1123
29053.235994,2527882344,2527883476,16224,1132
29053.248024,2527891435,2527892573,16314,1138
29053.266058,2527905039,2527906166,16314,1127
29053.278082,2527914099,2527915222,16399,1123
29053.338195,2527959413,2527960538,16314,1125
29053.350220,2527968735,2527969868,16402,1133
29053.380269,2527991450,2527992584,16235,1134
29053.392298,2528000527,2528001654,16314,1127
29053.404323,2528009618,2528010765,16397,1147
29053.416338,2528018707,2528019840,16237,1133
29053.443392,2528039113,2528040258,16265,1145
29053.455418,2528048207,2528049344,16316,1137
29053.467443,2528057302,2528058439,16397,1137
29053.479458,2528066372,2528067510,16231,1138
29053.491487,2528075438,2528076565,16312,1127
29053.512528,2528091293,2528092426,16399,1133
29053.524544,2528100359,2528101497,16321,1138
29053.536573,2528109430,2528110563,16327,1133
29053.548597,2528118505,2528119638,16385,1133
29053.584664,2528145716,2528146854,16398,1138
29053.596681,2528154818,2528155951,16282,1133
29053.608708,2528163923,2528165057,16399,1134
29053.620733,2528172989,2528174120,16398,1131
29053.632748,2528182062,2528183195,16321,1133
29053.644776,2528191134,2528192272,16312,1138
29053.656801,2528200203,2528201340,16385,1137
29053.668818,2528209264,2528210392,16245,1128
29053.680845,2528218331,2528219464,16394,1133
29053.749972,2528270487,2528271625,16248,1138
29053.762001,2528279597,2528280730,16312,1133
29053.786041,2528297755,2528298888,16238,1133
29053.798070,2528306832,2528307970,16315,1138
29053.810094,2528315945,2528317068,16397,1123
29053.822109,2528325012,2528326155,16233,1143
29053.867195,2528359056,2528360189,16236,1133
29053.882231,2528370387,2528371525,16412,1138
29053.897258,2528381740,2528382878,16316,1138
29053.909283,2528390810,2528391948,16483,1138
29053.927317,2528404394,2528405527,16482,1133
29053.939332,2528413452,2528414585,16244,1133
29053.957367,2528427045,2528428178,16236,1133
29053.969396,2528436129,2528437257,16314,1128
29053.984418,2528447496,2528448619,16249,1123
29053.996446,2528456532,2528457665,16313,1133
29054.008470,2528465592,2528466725,16382,1133
29054.080608,2528520060,2528521203,16485,1143
29054.092624,2528529149,2528530278,16256,1129
29054.125693,2528554077,2528555205,16385,1128
29054.137709,2528563121,2528564249,16330,1128
29054.149737,2528572184,2528573323,16396,1139
29054.161762,2528581275,2528582413,16465,1138
29054.173779,2528590365,2528591503,16239,1138
29054.185808,2528599437,2528600570,16319,1133
29054.239910,2528640267,2528641400,16315,1133
29054.251935,2528649332,2528650470,16483,1138
29054.263950,2528658414,2528659541,16241,1127
29054.281984,2528672019,2528673152,16319,1133
29054.294013,2528681088,2528682221,16402,1133
29054.354121,2528726384,2528727524,16233,1140
29054.366150,2528735487,2528736620,16312,1133
29054.385186,2528751354,2528752489,16479,1135
29054.397215,2528760426,2528761564,16237,1138
29054.420253,2528776317,2528777447,16397,1130
29054.432278,2528785380,2528786513,16407,1133
29054.444293,2528794449,2528795578,16248,1129
29054.456322,2528803538,2528804671,16324,1133
29054.468346,2528812601,2528813725,16480,1124
29054.480361,2528821669,2528822807,16320,1138
29054.492390,2528830730,2528831863,16318,1133
29054.504415,2528839806,2528840943,16399,1137
29054.516432,2528848871,2528850004,16149,1133
29054.531466,2528860228,2528861360,16399,1132
29054.543481,2528869294,2528870426,16235,1132
29054.555510,2528878369,2528879508,16316,1139
29054.567535,2528887453,2528888586,16397,1133
29054.591577,2528905594,2528906732,16313,1138
29054.603602,2528914667,2528915798,16392,1131
29054.615618,2528923736,2528924859,16261,1123
29054.627646,2528932802,2528933935,16320,1133
29054.663714,2528959993,2528961128,16313,1135
29054.675739,2528969065,2528970198,16399,1133
29054.687756,2528978134,2528979267,16248,1133
29054.699783,2528987195,2528988333,16319,1138
29054.711808,2528996265,2528997407,16444,1142
29054.723823,2529005329,2529006458,16323,1129
29054.735854,2529014423,2529015551,16417,1128
29054.747876,2529023496,2529024629,16387,1133
29054.759893,2529032562,2529033695,16248,1133
29054.771920,2529041631,2529042770,16311,1139
29054.789956,2529055237,2529056370,16316,1133
29054.801980,2529064294,2529065422,16399,1128
29054.813996,2529073387,2529074525,16243,1138
29054.829032,2529084738,2529085872,16401,1134
29054.841047,2529093841,2529094964,16261,1123
29054.874117,2529118811,2529119944,16413,1133
29054.886133,2529127883,2529129010,16235,1127
29054.898162,2529136944,2529138082,16318,1138
29054.922200,2529155055,2529156184,16221,1129
29054.979316,2529198197,2529199330,16318,1133
29054.991340,2529207317,2529208446,16397,1129
29055.003356,2529216372,2529217502,16234,1130
29055.015385,2529225453,2529226585,16315,1132
29055.027410,2529234499,2529235632,16400,1133
29055.039424,2529243584,2529244713,16233,1129
29055.051454,2529252673,2529253802,16294,1129
29055.069487,2529266277,2529267404,16307,1127
29055.081512,2529275322,2529276456,16400,1134
29055.135615,2529316082,2529317211,16400,1129
29055.147630,2529325160,2529326298,16239,1138
29055.159659,2529334245,2529335383,16401,1138
29055.171684,2529343351,2529344494,16427,1143
29055.183699,2529352446,2529353579,16243,1133
29055.237802,2529393264,2529394394,16247,1130
29055.249829,2529402344,2529403477,16314,1133
29055.267863,2529415951,2529417085,16309,1134
29055.279888,2529425023,2529426152,16393,1129
29055.291904,2529434102,2529435230,16142,1128
29055.303932,2529443160,2529444297,16225,1137
29055.315957,2529452251,2529453384,16212,1133
29055.327973,2529461318,2529462446,16070,1128
29055.346008,2529474912,2529476050,16250,1138
29055.358035,2529484000,2529485133,16311,1133
29055.382076,2529502136,2529503265,16250,1129
29055.406130,2529520277,2529521410,16403,1133
29055.418143,2529529355,2529530488,16220,1133
29055.454214,2529556559,2529557688,16234,1129
29055.466242,2529565610,2529566748,16312,1138
29055.496301,2529588298,2529589427,16399,1129
29055.508317,2529597360,2529598498,16150,1138
29055.532369,2529615476,2529616614,16397,1138
29055.544385,2529624544,2529625677,16236,1133
29055.556414,2529633614,2529634749,16315,1135
29055.568439,2529642674,2529643807,16415,1133
29055.580454,2529651768,2529652906,16239,1138
29055.592482,2529660845,2529661979,16315,1134
29055.607505,2529672232,2529673370,16238,1138
29055.619534,2529681299,2529682428,16318,1129
29055.661608,2529713033,2529714171,16239,1138
29055.673637,2529722126,2529723254,16315,1128
29055.685661,2529731208,2529732360,16397,1152
29055.697677,2529740288,2529741421,16241,1133
29055.724728,2529760674,2529761803,16237,1129
29055.736757,2529769742,2529770879,16315,1137
29055.760797,2529787914,2529789047,16236,1133
29055.772825,2529796993,2529798131,16397,1138
29055.784850,2529806070,2529807203,16399,1133
29055.796865,2529815157,2529816284,16239,1127
29055.869002,2529869586,2529870722,16251,1136
29055.881030,2529878665,2529879803,16399,1138
29055.914087,2529903592,2529904730,16236,1138
29055.926115,2529912651,2529913784,16312,1133
29055.938140,2529921709,2529922847,16388,1138
29055.950157,2529930768,2529931901,16247,1133
29055.974208,2529948890,2529950013,16383,1123
29055.986225,2529957963,2529959099,16245,1136
29055.998253,2529967017,2529968155,16311,1138
29056.011782,2529977184,2529978317,16294,1133
29056.023800,2529986211,2529987344,16356,1133
29056.035821,2529995255,2529996390,16376,1135
29056.047840,2530004270,2530005397,16032,1127
29056.059873,2530013334,2530014463,16374,1129
29056.071891,2530022399,2530023532,16346,1133
29056.083908,2530031438,2530032563,16035,1125
29056.095944,2530040523,2530041656,16422,1133
29056.107958,2530049575,2530050713,16377,1138
29056.119980,2530058585,2530059694,16262,1109
29056.138014,2530072134,2530073240,16257,1106
29056.150042,2530081144,2530082256,16208,1112
29056.193125,2530115013,2530116146,16357,1133
29056.210156,2530126297,2530127432,16125,1135
29056.222177,2530135367,2530136500,16353,1133
29056.240212,2530148881,2530150009,16359,1128
29056.252232,2530157932,2530159062,16376,1130
29056.264254,2530166965,2530168098,16233,1133
29056.276280,2530176001,2530177133,16363,1132
29056.288301,2530185027,2530186159,16377,1132
29056.300320,2530194047,2530195177,16036,1130
29056.393503,2530264031,2530265163,16373,1132
29056.405523,2530273058,2530274185,16373,1127
29056.417545,2530282083,2530283213,16032,1130
29056.436590,2530297943,2530299076,16351,1133
29056.508726,2530352178,2530353310,16366,1132
29056.552803,2530383801,2530384928,16312,1127
29056.564834,2530392852,2530393964,16206,1112
29056.585867,2530408590,2530409726,16459,1136
29056.597885,2530417664,2530418804,16032,1140
29056.615920,2530431293,2530432429,16028,1136
29056.627951,2530440418,2530441551,16457,1133
29056.639969,2530449503,2530450642,16373,1139
29056.651988,2530458566,2530459703,16036,1137
29056.664022,2530467685,2530468818,16372,1133
29056.676038,2530476736,2530477864,16372,1128
29056.688057,2530485745,2530486880,16027,1135
29056.700090,2530494830,2530495963,16373,1133
29056.712109,2530503878,2530505011,16359,1133
29056.724129,2530512905,2530514014,16258,1109
29056.736155,2530521906,2530523038,16353,1132
29056.748175,2530530942,2530532075,16376,1133
29056.760197,2530539958,2530541088,16324,1130
29056.772223,2530548973,2530550100,16437,1127
29056.784244,2530558007,2530559133,16379,1126
29056.796263,2530567032,2530568167,16025,1135
29056.808295,2530576087,2530577220,16376,1133
29056.829328,2530591828,2530592957,16118,1129
29056.841350,2530600840,2530601970,16028,1130
29056.904476,2530648263,2530649383,16112,1120
29056.916498,2530657294,2530658426,16359,1132
29056.944553,2530679909,2530681047,16341,1138
29056.985623,2530709242,2530710365,16030,1123
29056.997652,2530718255,2530719388,16363,1133
29057.039725,2530749864,2530751005,16031,1141
29057.051757,2530758910,2530760045,16354,1135
29057.063777,2530767976,2530769099,16343,1123
29057.075799,2530777027,2530778141,16284,1114
29057.087824,2530786083,2530787226,16358,1143
29057.105860,2530799697,2530800831,16389,1134
29057.117879,2530808772,2530809909,16380,1137
29057.156952,2530838261,2530839406,16229,1145
29057.168980,2530847319,2530848432,16213,1113
29057.193017,2530865338,2530866463,16027,1125
29057.205049,2530874389,2530875527,16401,1138
29057.217067,2530883431,2530884557,16373,1126
29057.244120,2530903743,2530904867,16341,1124
29057.256140,2530912813,2530913940,16234,1127
29057.268167,2530921841,2530922976,16368,1135
29057.280187,2530930875,2530932007,16374,1132
29057.292206,2530939885,2530941021,16032,1136
29057.304238,2530948928,2530950051,16413,1123
29057.322274,2530962488,2530963616,16452,1128
29057.334291,2530971533,2530972664,16350,1131
29057.364343,2530994127,2530995262,15992,1135
29057.376372,2531003146,2531004279,16358,1133
29057.388393,2531012180,2531013317,16460,1137
29057.448510,2531057348,2531058486,16351,1138
29057.460531,2531066430,2531067568,16348,1138
29057.568736,2531147752,2531148889,16459,1137
29057.580757,2531156786,2531157919,16235,1133
29057.625840,2531190622,2531191758,16025,1136
29057.637870,2531199666,2531200793,16351,1127
29057.655908,2531213254,2531214387,16375,1133
29057.667926,2531222348,2531223483,16344,1135
29057.679943,2531231376,2531232500,16025,1124
29057.737058,2531274337,2531275470,16351,1133
29057.749078,2531283391,2531284524,16260,1133
29057.777140,2531306006,2531307141,16026,1135
29057.860286,2531367061,2531368191,16075,1130
29057.872315,2531376108,2531377241,16353,1133
29057.896363,2531394168,2531395292,16114,1124
29057.908384,2531403233,2531404373,16359,1140
29057.944453,2531430298,2531431432,16355,1134
29057.956474,2531439372,2531440499,16349,1127
29057.983525,2531459742,2531460865,16372,1123
29057.995551,2531468755,2531469890,16113,1135
29058.007578,2531477814,2531478927,16295,1113
29058.019593,2531486797,2531487940,16381,1143
29058.031612,2531495832,2531496963,16033,1131
29058.043641,2531504846,2531505974,16361,1128
29058.061677,2531518422,2531519539,16283,1117
29058.073698,2531527460,2531528600,16427,1140
29058.097748,2531545523,2531546656,16411,1133
29058.109765,2531554560,2531555688,16459,1128
29058.199939,2531622332,2531623464,16356,1132
29058.211955,2531631325,2531632455,16027,1130
29058.223984,2531640359,2531641488,16356,1129
29058.242020,2531653895,2531655007,16202,1112
29058.254038,2531662899,2531664034,16289,1135
29058.269070,2531674201,2531675339,16357,1138
29058.281092,2531683285,2531684423,16428,1138
29058.309152,2531705835,2531706960,16033,1125
29058.413345,2531782604,2531783746,16352,1142
29058.425365,2531791662,2531792795,16372,1133
29058.440400,2531802950,2531804073,16378,1123
29058.452418,2531811988,2531813125,16345,1137
29058.476464,2531830031,2531831160,16358,1129
29058.488486,2531839106,2531840239,16344,1133
29058.521550,2531863902,2531865035,16354,1133
29058.536572,2531875187,2531876314,16100,1127
29058.548606,2531884241,2531885369,16460,1128
29058.599695,2531922675,2531923807,16231,1132
29058.611721,2531931695,2531932828,16351,1133
29058.623742,2531940730,2531941863,16372,1133
29058.683859,2531985880,2531987016,16361,1136
29058.695882,2531994968,2531996096,16365,1128
29058.707898,2532003979,2532005109,16031,1130
29058.719927,2532012998,2532014130,16358,1132
29058.731948,2532022031,2532023159,16462,1128
29058.743969,2532031101,2532032239,16255,1138
29058.755996,2532040139,2532041277,16357,1138
29058.768017,2532049182,2532050311,16384,1129
29058.789060,2532064983,2532066109,16105,1126
29058.801082,2532074026,2532075164,16359,1138
29058.837150,2532101124,2532102247,16355,1123
29058.849172,2532110186,2532111304,16343,1118
29058.882238,2532135007,2532136119,16274,1112
29058.894261,2532144014,2532145147,16359,1133
29058.909288,2532155297,2532156435,16354,1138
29058.921308,2532164345,2532165478,16374,1133
29058.933327,2532173359,2532174492,16031,1133
29058.945361,2532182430,2532183568,16375,1138
29058.957376,2532191473,2532192606,16369,1133
29058.984428,2532211817,2532212960,16378,1143
29058.996450,2532220876,2532221982,16269,1106
29059.048562,2532261492,2532262621,15987,1129
29059.092636,2532293112,2532294250,16360,1138
29059.104653,2532302144,2532303274,16021,1130
29059.116682,2532311189,2532312329,16357,1140
29059.152751,2532338322,2532339454,16355,1132
29059.164772,2532347354,2532348487,16380,1133
29059.176790,2532356392,2532357522,15998,1130
29059.209858,2532381260,2532382393,16347,1133
29059.221879,2532390260,2532391389,16041,1129
29059.252944,2532415066,2532416190,16079,1124
29059.269976,2532426341,2532427474,16401,1133
29059.312051,2532457812,2532458941,16114,1129
29059.324076,2532466855,2532467984,16436,1129
29059.336093,2532475848,2532476978,16120,1130
29059.348115,2532484887,2532486012,16028,1125
29059.360148,2532493906,2532495039,16390,1133
29059.435278,2532550266,2532551396,16077,1130
29059.447308,2532559280,2532560407,16041,1127
29059.459336,2532568280,2532569412,16397,1132
29059.471343,2532577298,2532578428,16163,1130
29059.483383,2532586302,2532587431,16107,1129
29059.495402,2532595342,2532596480,16351,1138
29059.507411,2532604340,2532605480,16081,1140
29059.519444,2532613431,2532614560,16236,1129
29059.531473,2532622434,2532623562,16389,1128
29059.543493,2532631470,2532632603,16344,1133
29059.555513,2532640465,2532641589,16038,1124
29059.567541,2532649473,2532650585,16209,1112
29059.585576,2532662975,2532664108,16364,1133
29059.597583,2532672006,2532673136,16083,1130
29059.624635,2532692288,2532693423,16081,1135
29059.636663,2532701295,2532702423,16213,1128
29059.648696,2532710311,2532711439,16387,1128
29059.676750,2532732823,2532733943,16078,1120
29059.693782,2532744074,2532745212,16388,1138
29059.720833,2532764305,2532765432,16386,1127
29059.732848,2532773361,2532774494,16005,1133
29059.744874,2532782379,2532783504,16033,1125
29059.756903,2532791409,2532792536,16375,1127
29059.780949,2532809441,2532810571,16108,1130
29059.792968,2532818477,2532819610,16353,1133
29059.804977,2532827480,2532828605,16083,1125
29059.874127,2532879233,2532880344,16236,1111
29059.913183,2532908445,2532909575,16084,1130
29059.925217,2532917458,2532918582,16038,1124
29059.937246,2532926533,2532927671,16364,1138
29059.976303,2532955736,2532956866,16083,1130
29059.988333,2532964756,2532965892,15992,1136
29060.087526,2533039059,2533040184,16113,1125
29060.099553,2533048072,2533049203,16472,1131
29060.111560,2533057054,2533058178,16164,1124
29060.123594,2533066038,2533067168,16116,1130
29060.141628,2533079524,2533080630,16233,1106
29060.153654,2533088525,2533089658,16348,1133
29060.195732,2533119996,2533121125,16038,1129
29060.207759,2533129032,2533130160,16397,1128
29060.219780,2533138052,2533139181,16362,1129
29060.237802,2533151571,2533152706,16162,1135
29060.249834,2533160581,2533161716,16035,1135
29060.297931,2533196557,2533197684,16474,1127
29060.309939,2533205535,2533206662,16085,1127
29060.327980,2533219076,2533220203,16041,1127
29060.340005,2533228075,2533229181,16238,1106
29060.352036,2533237103,2533238235,16401,1132
29060.364041,2533246094,2533247219,16085,1125
29060.376081,2533255094,2533256230,16110,1136
29060.388102,2533264129,2533265258,16387,1129
29060.400123,2533273150,2533274288,16357,1138
29060.413142,2533284457,2533285584,16389,1127
29060.433190,2533298003,2533299142,16404,1139
29060.445195,2533307009,2533308140,16082,1131
29060.457225,2533316022,2533317157,16030,1135
29060.469257,2533325015,2533326143,16388,1128
29060.481264,2533333998,2533335118,16081,1120
29060.517332,2533361019,2533362155,16080,1136
29060.529361,2533370028,2533371166,16213,1138
29060.553401,2533388020,2533389155,16085,1135
29060.565435,2533397058,2533398190,16044,1132
29060.583468,2533410561,2533411697,16037,1136
29060.595497,2533419585,2533420713,16391,1128
29060.613531,2533433062,2533434190,16385,1128
29060.625547,2533442046,2533443171,16039,1125
29060.712720,2533507342,2533508480,16389,1138
29060.724734,2533516344,2533517469,16045,1125
29060.760799,2533543380,2533544509,16165,1129
29060.772835,2533552394,2533553521,16112,1127
29060.808898,2533579391,2533580516,16045,1125
29060.820927,2533588398,2533589512,16231,1114
29060.832934,2533597399,2533598526,16081,1127
29060.878019,2533631258,2533632389,16080,1131
29060.890049,2533640275,2533641413,16221,1138
29060.902080,2533649290,2533650423,16378,1133
29060.932123,2533671836,2533672970,16075,1134
29060.944154,2533680846,2533681976,16035,1130
29060.956183,2533689844,2533690977,16387,1133
29060.968190,2533698831,2533699961,16081,1130
29060.986238,2533712393,2533713526,16364,1133
29060.998258,2533721385,2533722517,16124,1132
29061.010286,2533730397,2533731526,16472,1129
29061.022302,2533736593,2533737218,13640,625
29061.036332,2533742106,2533742709,12095,603
29061.049351,2533748173,2533749304,16015,1131
29061.068401,2533763961,2533765093,16313,1132
29061.097449,2533784283,2533785394,16147,1111
29061.109473,2533793297,2533794435,16365,1138
29061.121488,2533802310,2533803440,16018,1130
29061.133517,2533811352,2533812469,16146,1117
29061.145541,2533820398,2533821535,16365,1137
29061.160572,2533831705,2533832843,16348,1138
29061.172593,2533840749,2533841872,16384,1123
29061.186119,2533851123,2533852256,16364,1133
29061.198137,2533860165,2533861296,16266,1131
29061.225185,2533880498,2533881624,16091,1126
29061.237215,2533889528,2533890646,16236,1118
29061.249238,2533898543,2533899677,16371,1134
29061.279289,2533921104,2533922233,16018,1129
29061.291320,2533930134,2533931267,16434,1133
29061.303341,2533939183,2533940314,16448,1131
29061.321375,2533952732,2533953864,16383,1132
29061.333391,2533961758,2533962892,16101,1134
29061.348427,2533973078,2533974213,16372,1135
29061.360443,2533982106,2533983233,16024,1127
29061.381492,2533997912,2533999040,16357,1128
29061.393515,2534007029,2534008161,16375,1132
29061.405528,2534016058,2534017185,16001,1127
29061.471665,2534065771,2534066904,16350,1133
29061.483686,2534074818,2534075950,16382,1132
29061.495703,2534083860,2534084993,16166,1133
29061.513735,2534097433,2534098558,16078,1125
29061.525768,2534106446,2534107584,16434,1138
29061.536280,2534112994,2534113887,15224,893
29061.572346,2534139782,2534140904,16007,1122
29061.584379,2534148828,2534149956,16340,1128
29061.596400,2534158103,2534159236,16364,1133
29061.608414,2534167161,2534168291,16094,1130
29061.624457,2534180825,2534181966,16017,1141
29061.644483,2534194493,2534195635,16017,1142
29061.656515,2534203582,2534204716,16346,1134
29061.671534,2534214946,2534216080,16016,1134
29061.683566,2534224045,2534225183,16349,1138
29061.695587,2534233112,2534234250,16365,1138
29061.713622,2534246705,2534247831,16371,1126
29061.725637,2534255740,2534256871,16020,1131
29061.737669,2534264769,2534265903,16355,1134
29061.752689,2534276071,2534277211,16090,1140
29061.767725,2534287385,2534288518,16380,1133
29061.779740,2534296438,2534297560,16018,1122
29061.791773,2534305471,2534306604,16353,1133
29061.803793,2534314553,2534315691,16449,1138
29061.815808,2534323611,2534324747,16092,1136
29061.827840,2534332654,2534333781,16430,1127
29061.839861,2534341684,2534342819,16449,1135
29061.851877,2534350712,2534351847,16090,1135
29061.863909,2534359764,2534360892,16431,1128
29061.875930,2534368815,2534369939,16368,1124
29061.888961,2534380104,2534381231,16343,1127
29061.900976,2534389177,2534390315,16451,1138
29061.918012,2534400511,2534401657,16363,1146
29061.930033,2534409582,2534410705,16366,1123
29061.942054,2534418621,2534419761,16298,1140
29061.954081,2534427680,2534428818,16354,1138
29061.984136,2534450297,2534451430,16365,1133
29062.002170,2534463836,2534464969,16368,1133
29062.017202,2534475195,2534476324,16319,1129
29062.029223,2534484230,2534485363,16381,1133
29062.041238,2534493229,2534494364,16002,1135
29062.053271,2534502287,2534503420,16350,1133
29062.065291,2534511310,2534512448,16394,1138
29062.077306,2534520350,2534521475,16004,1125
29062.089340,2534529378,2534530515,16355,1137
29062.107374,2534542936,2534544063,16437,1127
29062.119394,2534552001,2534553139,16460,1138
29062.131409,2534561032,2534562172,16004,1140
29062.143443,2534570055,2534571189,16344,1134
29062.155463,2534579111,2534580244,16380,1133
29062.167478,2534588129,2534589256,16081,1127
29062.185512,2534601680,2534602805,16078,1125
29062.197545,2534610716,2534611853,16391,1137
29062.209566,2534619772,2534620898,16379,1126
29062.221582,2534628912,2534630042,16000,1130
29062.236618,2534640211,2534641349,16384,1138
29062.248632,2534649257,2534650388,16081,1131
29062.260665,2534658294,2534659427,16353,1133
29062.275686,2534669616,2534670748,16247,1132
29062.287717,2534678662,2534679795,16351,1133
29062.299737,2534687707,2534688844,16379,1137
29062.311752,2534696727,2534697863,16001,1136
29062.323786,2534705771,2534706909,16346,1138
29062.335806,2534714827,2534715960,16377,1133
29062.347821,2534723871,2534725011,16003,1140
29062.359854,2534732925,2534734057,16348,1132
29062.371875,2534741976,2534743114,16383,1138
29062.383892,2534751052,2534752175,16252,1123
29062.395921,2534760090,2534761203,16151,1113
29062.413957,2534773607,2534774734,16435,1127
29062.425978,2534782671,2534783814,16378,1143
29062.437992,2534791708,2534792838,16000,1130
29062.474061,2534818826,2534819956,16005,1130
29062.486093,2534827879,2534829013,16320,1134
29062.513146,2534848250,2534849387,16355,1137
29062.525166,2534857298,2534858427,16383,1129
29062.600303,2534913786,2534914924,16250,1138
29062.612334,2534922856,2534923989,16329,1133
29062.624355,2534931926,2534933069,16447,1143
29062.636374,2534941006,2534942134,16349,1128
29062.660422,2534959083,2534960210,16379,1127
29062.672438,2534968112,2534969244,16016,1132
29062.696492,2534986237,2534987377,16437,1140
29062.708507,2534995258,2534996385,15998,1127
29062.729557,2535011055,2535012191,16351,1136
29062.741580,2535020089,2535021218,16378,1129
29062.753593,2535029121,2535030257,16002,1136
29062.765626,2535038158,2535039296,16349,1138
29062.777646,2535047223,2535048361,16378,1138
29062.801694,2535065255,2535066388,16351,1133
29062.813715,2535074302,2535075433,16377,1131
29062.825729,2535083332,2535084462,15999,1130
29062.837762,2535092393,2535093536,16358,1143
29062.849782,2535101456,2535102587,16368,1131
29062.873830,2535119536,2535120679,16352,1143
29062.885851,2535128616,2535129749,16451,1133
29062.897866,2535137626,2535138761,16014,1135
29062.909898,2535146682,2535147820,16348,1138
29062.921919,2535155737,2535156875,16368,1138
29062.945967,2535173806,2535174947,16428,1141
29062.957988,2535182860,2535183993,16463,1133
29062.970004,2535191906,2535193044,16097,1138
29062.982036,2535200952,2535202090,16433,1138
29062.994057,2535209989,2535211138,16446,1149
29063.033126,2535239385,2535240518,16248,1133
29063.045157,2535248437,2535249565,16349,1128
29063.057180,2535257541,2535258686,16391,1145
29063.069193,2535266600,2535267732,16003,1132
29063.081223,2535275644,2535276757,16142,1113
29063.093247,2535284671,2535285809,16376,1138
29063.108277,2535295960,2535297096,16349,1136
29063.153362,2535329884,2535331022,16314,1138
29063.165384,2535338940,2535340066,16379,1126
29063.225500,2535384093,2535385231,16433,1138
29063.237521,2535393136,2535394274,16470,1138
29063.249537,2535402319,2535403446,16001,1127
29063.261568,2535411393,2535412521,16319,1128
29063.345727,2535474693,2535475828,16464,1135
29063.357741,2535483703,2535484839,16076,1136
29063.369775,2535492770,2535493899,16318,1129
29063.381795,2535501801,2535502934,16378,1133
29063.393810,2535510816,2535511952,16001,1136
29063.405843,2535519865,2535521003,16344,1138
29063.444915,2535549260,2535550393,16376,1133
29063.456930,2535558298,2535559434,16015,1136
29063.471965,2535569627,2535570760,16372,1133
29063.483981,2535578655,2535579791,16016,1136
29063.496013,2535587699,2535588826,16347,1127
29063.517051,2535603519,2535604652,16359,1133
29063.529066,2535612549,2535613677,16014,1128
29063.568150,2535641935,2535643073,16344,1138
29063.580172,2535651008,2535652143,16340,1135
29063.592187,2535660033,2535661168,16005,1135
29063.604218,2535669075,2535670189,16152,1114
29063.625258,2535684888,2535686031,16374,1143
29063.637273,2535693909,2535695044,16004,1135
29063.652310,2535705221,2535706359,16396,1138
29063.667340,2535716501,2535717634,16341,1133
29063.679361,2535725601,2535726726,16382,1125
29063.691378,2535734662,2535735795,16253,1133
29063.703409,2535743686,2535744824,16350,1138
29063.715430,2535752741,2535753870,16380,1129
29063.727444,2535761775,2535762900,16007,1125
29063.745478,2535775350,2535776489,15996,1139
29063.757512,2535784400,2535785532,16349,1132
29063.784564,2535804747,2535805885,16349,1138
29063.796584,2535813810,2535814947,16381,1137
29063.808599,2535822863,2535823998,16006,1135
29063.820632,2535831915,2535833048,16346,1133
29063.835650,2535843212,2535844342,16003,1130
29063.856701,2535859020,2535860158,16351,1138
29063.868721,2535868128,2535869266,16381,1138
29063.880736,2535877153,2535878295,16004,1142
29063.892769,2535886227,2535887365,16344,1138
29063.904790,2535895265,2535896398,16381,1133
29063.925821,2535911046,2535912177,16002,1131
29063.937855,2535920083,2535921211,16360,1128
29063.976927,2535949470,2535950599,16387,1129
29063.988941,2535958484,2535959619,16002,1135
29064.000975,2535967541,2535968670,16439,1129
29064.046060,2536001460,2536002595,16350,1135
29064.058082,2536010506,2536011629,16384,1123
29064.082129,2536028593,2536029731,16428,1138
29064.094150,2536037644,2536038767,16385,1123
29064.166286,2536091876,2536093004,16400,1128
29064.181318,2536103161,2536104299,16343,1138
29064.193338,2536112228,2536113366,16377,1138
29064.236418,2536146151,2536147288,16383,1137
29064.268473,2536168791,2536169934,16001,1143
29064.280508,2536177885,2536179023,16433,1138
29064.295525,2536189197,2536190325,16003,1128
29064.307558,2536198275,2536199408,16318,1133
29064.319579,2536207317,2536208455,16383,1138
29064.337613,2536220868,2536222006,16377,1138
29064.349630,2536229925,2536231063,16249,1138
29064.361661,2536238957,2536240094,16344,1137
29064.373681,2536247980,2536249118,16383,1138
29064.391716,2536261528,2536262659,16377,1131
29064.403730,2536270562,2536271689,16005,1127
29064.415766,2536279590,2536280723,16432,1133
29064.427784,2536288631,2536289758,16378,1127
29064.445819,2536302191,2536303322,16396,1131
29064.457833,2536311228,2536312363,16005,1135
29064.481888,2536329319,2536330451,16379,1132
29064.493904,2536338357,2536339482,16012,1125
29064.512951,2536354173,2536355311,16349,1138
29064.535989,2536370006,2536371139,16362,1133
29064.548005,2536379026,2536380152,16016,1126
29064.566041,2536392591,2536393720,16263,1129
29064.578071,2536401639,2536402775,16348,1136
29064.617144,2536431075,2536432208,16372,1133
29064.629159,2536440110,2536441244,16092,1134
29064.645205,2536453667,2536454810,16013,1143
29064.681273,2536480814,2536481949,16088,1135
29064.698301,2536492204,2536493337,16381,1133
29064.713330,2536503482,2536504621,16346,1139
29064.725352,2536512542,2536513685,16381,1143
29064.743385,2536526118,2536527251,16478,1133
29064.755399,2536535140,2536536271,16002,1131
29064.767432,2536544193,2536545327,16345,1134
29064.779453,2536553245,2536554382,16382,1137
29064.791468,2536562280,2536563401,16002,1121
29064.803501,2536571333,2536572462,16323,1129
29064.821535,2536584913,2536586051,16392,1138
29064.833558,2536593953,2536595076,16467,1123
29064.881639,2536630082,2536631203,16079,1121
29064.893672,2536639126,2536640259,16324,1133
29064.905693,2536648222,2536649354,16379,1132
29064.917710,2536657237,2536658370,16250,1133
29064.932745,2536668543,2536669681,16466,1138
29064.944759,2536677596,2536678730,16079,1134
29064.956793,2536686642,2536687775,16344,1133
29064.968814,2536695674,2536696807,16292,1133
29064.983844,2536706931,2536708064,16346,1133
29065.001878,2536720472,2536721604,16346,1132
29065.013899,2536729505,2536730634,16381,1129
29065.025914,2536738521,2536739651,16008,1130
29065.040951,2536749848,2536750981,16392,1133
29065.052965,2536758890,2536760025,16004,1135
29065.098053,2536792819,2536793946,16335,1127
29065.110083,2536801863,2536802985,16352,1122
29065.141147,2536826702,2536827832,16017,1130
29065.212276,2536878726,2536879860,16374,1134
29065.224291,2536887775,2536888902,16016,1127
29065.236322,2536896948,2536898079,16187,1131
29065.257361,2536912730,2536913872,16375,1142
29065.269369,2536921720,2536922855,16084,1135
29065.305439,2536948742,2536949872,16081,1130
29065.317469,2536957775,2536958896,16111,1121
29065.347534,2536980285,2536981408,16470,1123
29065.359540,2536989309,2536990439,16157,1130
29065.371571,2536998334,2536999458,16111,1124
29065.383603,2537007334,2537008472,16475,1138
29065.401637,2537020826,2537021964,16389,1138
29065.413644,2537029828,2537030952,16084,1124
29065.452729,2537059077,2537060203,16037,1126
29065.464757,2537068079,2537069217,16467,1138
29065.515845,2537106364,2537107494,16032,1130
29065.527874,2537115435,2537116570,16353,1135
29065.552927,2537135702,2537136834,16343,1132
29065.624055,2537187484,2537188605,16050,1121
29065.657107,2537212255,2537213385,16082,1130
29065.669141,2537221241,2537222371,16036,1130
29065.720226,2537259531,2537260666,16079,1135
29065.732267,2537268543,2537269673,16109,1130
29065.744289,2537277532,2537278670,16389,1138
29065.760327,2537291036,2537292173,16387,1137
29065.864501,2537367679,2537368814,16083,1135
29065.876534,2537376692,2537377815,16318,1123
29065.888564,2537385720,2537386858,16409,1138
29065.924632,2537412695,2537413828,16391,1133
29065.936638,2537421743,2537422870,16162,1127
29065.972707,2537448707,2537449837,16083,1130
29065.984739,2537457759,2537458890,16250,1131
29065.996769,2537466774,2537467902,16471,1128
29066.023820,2537487050,2537488188,16387,1138
29066.035827,2537496057,2537497187,16081,1130
29066.047859,2537505063,2537506187,16239,1124
29066.059888,2537514096,2537515213,16203,1117
29066.071908,2537523094,2537524227,16344,1133
29066.095958,2537541097,2537542230,16382,1133
29066.107964,2537550084,2537551214,16082,1130
29066.119997,2537559073,2537560179,16240,1106
29066.132026,2537568043,2537569176,16372,1133
29066.144034,2537577069,2537578193,16084,1124
29066.156063,2537586082,2537587209,16037,1127
29066.168096,2537595125,2537596257,16376,1132
29066.180109,2537604119,2537605249,16040,1130
29066.198135,2537617624,2537618756,16079,1132
29066.210170,2537626613,2537627741,16037,1128
29066.300341,2537694113,2537695243,16042,1130
29066.312371,2537703107,2537704220,16241,1113
29066.336409,2537721113,2537722243,16119,1130
29066.348434,2537730156,2537731294,16346,1138
29066.360444,2537739137,2537740269,16078,1132
29066.375489,2537750418,2537751546,16383,1128
29066.387497,2537759439,2537760569,16084,1130
29066.399526,2537768456,2537769591,16032,1135
29066.411558,2537777477,2537778606,16391,1129
29066.432582,2537793208,2537794332,16085,1124
29066.444615,2537802205,2537803335,16119,1130
29066.504718,2537847308,2537848439,16082,1131
29066.516752,2537856308,2537857417,16271,1109
29066.537798,2537872073,2537873205,16388,1132
29066.549806,2537881079,2537882214,16160,1135
29066.567838,2537894556,2537895681,16159,1125
29066.579867,2537903537,2537904666,16296,1129
29066.591901,2537912566,2537913694,16391,1128
29066.603907,2537921557,2537922692,16085,1135
29066.615941,2537930559,2537931684,16041,1125
29066.627969,2537939564,2537940696,16449,1132
29066.639977,2537948593,2537949723,16083,1130
29066.652010,2537957593,2537958702,16244,1109
29066.670043,2537971074,2537972183,16313,1109
29066.682072,2537980139,2537981279,16329,1140
29066.733161,2538018786,2538019922,15999,1136
29066.745194,2538027865,2538029003,16430,1138
29066.761219,2538041489,2538042634,16386,1145
29066.793267,2538064041,2538065169,16081,1128
29066.805297,2538073066,2538074202,16034,1136
29066.835364,2538095580,2538096718,16387,1138
29066.847370,2538104597,2538105724,16082,1127
29066.859404,2538113587,2538114721,16120,1134
29066.871433,2538122634,2538123765,16459,1131
29066.883440,2538131652,2538132777,16158,1125
29066.895473,2538140629,2538141753,16114,1124
29066.919508,2538158612,2538159739,16084,1127
29066.931541,2538167581,2538168711,16041,1130
29066.943571,2538176573,2538177683,16318,1110
29066.955590,2538185608,2538186736,16357,1128
29066.967610,2538194591,2538195721,16041,1130
29066.979639,2538203632,2538204765,16405,1133
29067.051776,2538257566,2538258693,16397,1127
29067.063782,2538266584,2538267709,16159,1125
29067.075810,2538275585,2538276716,16220,1131
29067.087844,2538284587,2538285720,16395,1133
29067.099851,2538293572,2538294707,16083,1135
29067.111881,2538302586,2538303729,15997,1143
29067.123912,2538311637,2538312774,16454,1137
29067.135919,2538320632,2538321759,16164,1127
29067.147953,2538329646,2538330771,16117,1125
29067.159983,2538338686,2538339822,16416,1136
29067.171999,2538347727,2538348865,16265,1138
29067.184021,2538356739,2538357866,16115,1127
29067.196050,2538365731,2538366869,16470,1138
29067.217073,2538381488,2538382620,16156,1132
29067.229107,2538390465,2538391600,16115,1135
29067.241135,2538399468,2538400592,16392,1124
29067.253142,2538408459,2538409590,16081,1131
29067.274188,2538424247,2538425356,16042,1109
29067.286218,2538433269,2538434407,16435,1138
29067.361348,2538489551,2538490677,16078,1126
29067.373380,2538498625,2538499753,16240,1128
29067.385412,2538507656,2538508789,16473,1133
29067.397416,2538516634,2538517761,16076,1127
29067.463552,2538566107,2538567235,16232,1128
29067.475580,2538575140,2538576247,16206,1107
29067.487588,2538584097,2538585228,16083,1131
29067.499621,2538593084,2538594206,16042,1122
29067.517663,2538606583,2538607689,16313,1106
29067.529684,2538615563,2538616696,16388,1133
29067.568750,2538644791,2538645912,16006,1121
29067.580776,2538653800,2538654930,16114,1130
29067.625858,2538687567,2538688696,15999,1129
29067.640880,2538698811,2538699936,16083,1125
29067.652913,2538707797,2538708933,16040,1136
29067.688982,2538734804,2538735936,16036,1132
29067.701009,2538743825,2538744963,16385,1138
29067.776138,2538800108,2538801247,16160,1139
29067.788169,2538809150,2538810273,16320,1123
29067.800196,2538818190,2538819319,16363,1129
29067.812205,2538827195,2538828325,16080,1130
29067.833256,2538842925,2538844054,16031,1129
29067.845284,2538851972,2538853110,16387,1138
29067.875338,2538874513,2538875649,16347,1136
29067.893359,2538888022,2538889153,16076,1131
29067.905393,2538897026,2538898158,16039,1132
29067.917421,2538906018,2538907151,16364,1133
29067.977530,2538950979,2538952113,16034,1134
29067.989556,2538960021,2538961155,16437,1134
29068.040643,2538998271,2538999396,15965,1125
29068.052679,2539007277,2539008415,16395,1138
29068.064693,2539016272,2539017397,16036,1125
29068.076719,2539025280,2539026410,16115,1130
29068.097765,2539041029,2539042158,16391,1129
29068.109771,2539050025,2539051165,16083,1140
29068.184925,2539106258,2539107393,16041,1135
29068.196950,2539115312,2539116444,16348,1132
29068.237033,2539146851,2539147989,16215,1138
29068.302148,2539194095,2539195227,16043,1132
29068.314175,2539203112,2539204238,16448,1126
29068.377296,2539250322,2539251451,16469,1129
29068.389303,2539259309,2539260434,16087,1125
29068.401336,2539268324,2539269450,16037,1126
29068.413366,2539277330,2539278473,16277,1143
29068.425371,2539286339,2539287466,16079,1127
29068.437405,2539295341,2539296471,16044,1130
29068.488491,2539333599,2539334730,16080,1131
29068.500521,2539342625,2539343755,16035,1130
29068.512553,2539351643,2539352776,16358,1133
29068.596711,2539414679,2539415817,16363,1138
29068.611741,2539425946,2539427079,16447,1133
29068.623761,2539435167,2539436295,16345,1128
29068.635783,2539444143,2539445274,16039,1131
29068.647810,2539453158,2539454286,16390,1128
29068.659824,2539462152,2539463282,16004,1130
29068.671851,2539471175,2539472302,16034,1127
29068.725954,2539511674,2539512803,16036,1129
29068.737979,2539520708,2539521841,16349,1133
29068.816125,2539579169,2539580300,16071,1131
29068.828150,2539588221,2539589359,16351,1138
29068.840162,2539597257,2539598378,16082,1121
29068.852194,2539606244,2539607374,16036,1130
29068.864223,2539615279,2539616417,16405,1138
29068.876229,2539624259,2539625384,16088,1125
29068.903280,2539644528,2539645664,16078,1136
29068.915314,2539653521,2539654656,16043,1135
29068.927342,2539662545,2539663673,16384,1128
29068.939348,2539671534,2539672664,16085,1130
29068.951379,2539680564,2539681690,16036,1126
29068.963412,2539689608,2539690741,16403,1133
29068.975418,2539698600,2539699729,16173,1129
29068.987451,2539707602,2539708737,16118,1135
29068.999479,2539716595,2539717723,16471,1128
29069.020503,2539732318,2539733454,16161,1136
29069.032537,2539741327,2539742462,16118,1135
29069.053582,2539757102,2539758231,16471,1129
29069.065601,2539766167,2539767296,16348,1129
29069.155767,2539833664,2539834789,16034,1125
29069.167790,2539842715,2539843845,16112,1130
29069.179822,2539851736,2539852859,16474,1123
29069.191829,2539860689,2539861822,16084,1133
29069.203869,2539869680,2539870815,16115,1135
29069.215891,2539878668,2539879801,16398,1133
29069.227911,2539887653,2539888791,16363,1138
29069.239931,2539896757,2539897873,16039,1116
29069.251959,2539905760,2539906893,16381,1133
29069.269994,2539919283,2539920410,16394,1127
29069.282002,2539928327,2539929453,16079,1126
29069.294030,2539937313,2539938443,16113,1130
29069.372172,2539995760,2539996885,16158,1125
29069.384202,2540004774,2540005904,16035,1130
29069.396232,2540013811,2540014945,16382,1134
29069.408240,2540022809,2540023934,16158,1125
29069.429287,2540038562,2540039689,16042,1127
29069.441316,2540047588,2540048730,16428,1142
29069.477387,2540074654,2540075787,16457,1133
29069.489394,2540083680,2540084810,16160,1130
29069.513455,2540101678,2540102811,16369,1133
29069.525465,2540110693,2540111822,16085,1129
29069.579566,2540151178,2540152308,16078,1130
29069.591596,2540160198,2540161337,16036,1139
29069.603627,2540169229,2540170362,16365,1133
29069.636686,2540193924,2540195049,16056,1125
29069.648710,2540202958,2540204087,16344,1129
29069.681772,2540227727,2540228856,16049,1129
29069.693798,2540236728,2540237866,16370,1138
29069.783972,2540304260,2540305393,16473,1133
29069.795978,2540313283,2540314408,16159,1125
29069.808011,2540322284,2540323418,16041,1134
29069.820041,2540331282,2540332394,16233,1112
29069.832047,2540340262,2540341386,16077,1124
29069.844080,2540349246,2540350376,16040,1130
29069.862114,2540362788,2540363913,16035,1125
29069.874142,2540371768,2540372898,16474,1130
29069.898190,2540389762,2540390892,16193,1130
29069.910212,2540398828,2540399966,16374,1138
29069.985339,2540455099,2540456229,16160,1130
29069.997379,2540464091,2540465216,16194,1125
29070.024423,2540484372,2540485496,16040,1124
29070.036451,2540493360,2540494493,16393,1133
29070.048465,2540502344,2540503468,16033,1124
29070.060492,2540511371,2540512506,16036,1135
29070.072520,2540520365,2540521493,16473,1128
29070.105578,2540545102,2540546227,16113,1125
29070.117603,2540554141,2540555279,16361,1138
29070.168697,2540592389,2540593514,16041,1125
29070.180727,2540601395,2540602511,16230,1116
29070.192732,2540610368,2540611493,16086,1125
29070.207777,2540621623,2540622755,16394,1132
29070.219784,2540630635,2540631765,16078,1130
29070.231817,2540639628,2540640758,16036,1130
29070.242350,2540645100,2540645875,14549,775
29070.252332,2540650043,2540650642,11956,599
29070.328004,2540700372,2540701509,16356,1137
29070.340020,2540709410,2540710543,16017,1133
29070.352050,2540718467,2540719605,16319,1138
29070.370086,2540732041,2540733179,16343,1138
29070.382107,2540741078,2540742215,16364,1137
29070.409158,2540761441,2540762574,16371,1133
29070.424187,2540772742,2540773858,16148,1116
29070.436210,2540781780,2540782918,16373,1138
29070.448227,2540790817,2540791945,16326,1128
29070.460257,2540799849,2540800982,16433,1133
29070.472278,2540808943,2540810071,16366,1128
29070.484297,2540817989,2540819122,16270,1133
29070.496326,2540827033,2540828166,16312,1133
29070.508347,2540836063,2540837202,16371,1139
29070.520362,2540845144,2540846275,16013,1131
29070.535398,2540856442,2540857571,16361,1129
29070.571467,2540883573,2540884710,16364,1137
29070.583482,2540892598,2540893728,16017,1130
29070.595515,2540901610,2540902744,16318,1134
29070.607536,2540910647,2540911779,16374,1132
29070.625570,2540924207,2540925350,16361,1143
29070.637585,2540933251,2540934386,16014,1135
29070.664637,2540953603,2540954738,16013,1135
29070.676670,2540962653,2540963791,16350,1138
29070.688691,2540971722,2540972853,16437,1131
29070.748805,2541016866,2541018004,16314,1138
29070.760828,2541024151,2541025280,16380,1129
29070.787880,2541044426,2541045558,16463,1132
29070.799894,2541053454,2541054579,15998,1125
29070.811927,2541062502,2541063630,16349,1128
29070.823949,2541071570,2541072707,16382,1137
29070.835963,2541080610,2541081737,16004,1127
29070.847994,2541089675,2541090808,16226,1133
29070.860017,2541098704,2541099837,16381,1133
29070.872034,2541107756,2541108889,16250,1133
29070.884063,2541116830,2541117968,16227,1138
29070.896084,2541125883,2541127021,16369,1138
29070.908100,2541134923,2541136060,16013,1137
29070.920132,2541143963,2541145106,16345,1143
29070.932153,2541153054,2541154186,16453,1132
29070.944171,2541162094,2541163232,16252,1138
29070.956199,2541171155,2541172286,16316,1131
29070.968221,2541180213,2541181350,16367,1137
29070.980238,2541189243,2541190368,16019,1125
29071.008327,2541211824,2541212962,16344,1138
29071.020328,2541220926,2541222063,16368,1137
29071.043360,2541236757,2541237895,16244,1138
29071.055390,2541245833,2541246945,16175,1112
29071.067410,2541254852,2541255980,16373,1128
29071.080938,2541265332,2541266461,16297,1129
29071.092954,2541274351,2541275494,16242,1143
29071.104981,2541283451,2541284569,16318,1118
29071.126022,2541299286,2541300415,16372,1129
29071.138043,2541308329,2541309454,16089,1125
29071.156072,2541321878,2541323012,16020,1134
29071.168105,2541330944,2541332077,16225,1133
29071.180126,2541339991,2541341129,16387,1138
29071.192142,2541349041,2541350169,16230,1128
29071.204174,2541358089,2541359222,16349,1133
29071.228212,2541376214,2541377347,16254,1133
29071.240242,2541385264,2541386401,16315,1137
29071.252263,2541394309,2541395440,16385,1131
29071.264278,2541403349,2541404480,16003,1131
29071.276311,2541412389,2541413521,16348,1132
29071.288334,2541421516,2541422643,16231,1127
29071.303362,2541432848,2541433981,16347,1133
29071.315383,2541441863,2541442996,16384,1133
29071.327400,2541450905,2541452043,16250,1138
29071.369486,2541482643,2541483781,16381,1138
29071.381503,2541491678,2541492802,16253,1124
29071.405555,2541509774,2541510904,16385,1130
29071.417569,2541518799,2541519929,16004,1130
29071.432606,2541530117,2541531246,16469,1129
29071.444623,2541539172,2541540302,16255,1130
29071.456654,2541548239,2541549371,16315,1132
29071.471675,2541559526,2541560649,16255,1123
29071.483705,2541568549,2541569677,16346,1128
29071.532801,2541607108,2541608241,16306,1133
29071.561846,2541627509,2541628642,16269,1133
29071.573875,2541636556,2541637694,16316,1138
29071.585898,2541645618,2541646756,16322,1138
29071.597916,2541654698,2541655827,16246,1129
29071.624966,2541675107,2541676240,16246,1133
29071.636996,2541684171,2541685309,16318,1138
29071.688086,2541722730,2541723863,16246,1133
29071.700116,2541732083,2541733226,16315,1143
29071.712139,2541741226,2541742363,16404,1137
29071.724155,2541750356,2541751493,16341,1137
29071.736184,2541759473,2541760620,16408,1147
29071.748208,2541768585,2541769722,16405,1137
29071.766242,2541782268,2541783402,16478,1134
29071.778257,2541791346,2541792475,16319,1129
29071.796292,2541804929,2541806067,16328,1138
29071.808322,2541814007,2541815145,16320,1138
29071.835373,2541834427,2541835565,16404,1138
29071.847397,2541843484,2541844613,16408,1129
29071.859412,2541852567,2541853698,16242,1131
29071.871441,2541861653,2541862791,16302,1138
29071.883464,2541870726,2541871863,16323,1137
29071.895481,2541879798,2541880926,16249,1128
29071.907511,2541888850,2541889988,16317,1138
29071.919532,2541897925,2541899053,16390,1128
29071.931555,2541906981,2541908114,16316,1133
29071.943578,2541916044,2541917172,16317,1128
29071.955602,2541925087,2541926222,16404,1135
29071.967618,2541934163,2541935295,16241,1132
29071.979646,2541943226,2541944364,16317,1138
29072.003686,2541961354,2541962477,16252,1123
29072.015716,2541970407,2541971535,16312,1128
29072.027738,2541979477,2541980606,16471,1129
29072.039755,2541988542,2541989673,16321,1131
29072.051784,2541997610,2541998739,16399,1129
29072.063809,2542006693,2542007831,16495,1138
29072.075824,2542015792,2542016921,16239,1129
29072.087854,2542024851,2542025994,16317,1143
29072.099875,2542033924,2542035051,16367,1127
29072.111891,2542042991,2542044123,16259,1132
29072.123923,2542052088,2542053228,16314,1140
29072.135944,2542061178,2542062302,16476,1124
29072.147960,2542070243,2542071372,16335,1129
29072.159988,2542079320,2542080453,16406,1133
29072.172012,2542088395,2542089530,16393,1135
29072.184032,2542097479,2542098624,16297,1145
29072.196058,2542106569,2542107697,16326,1128
29072.208080,2542115642,2542116775,16376,1133
29072.220097,2542124704,2542125827,16353,1123
29072.238132,2542138290,2542139422,16246,1132
29072.250159,2542147357,2542148495,16400,1138
29072.265184,2542158713,2542159846,16257,1133
29072.277211,2542167801,2542168939,16325,1138
29072.301252,2542185968,2542187105,16348,1137
29072.313282,2542195041,2542196179,16314,1138
29072.331316,2542208651,2542209780,16319,1129
29072.343340,2542217740,2542218878,16405,1138
29072.361374,2542231343,2542232476,16406,1133
29072.373389,2542240416,2542241555,16235,1139
29072.424493,2542279009,2542280140,16384,1131
29072.436509,2542288088,2542289210,16234,1122
29072.448538,2542297135,2542298267,16397,1132
29072.460563,2542306187,2542307325,16405,1138
29072.487613,2542326601,2542327733,16387,1132
29072.499629,2542335673,2542336796,16252,1123
29072.511661,2542344744,2542345882,16317,1138
29072.523681,2542353813,2542354940,16387,1127
29072.535699,2542362878,2542364011,16243,1133
29072.547727,2542371947,2542373085,16314,1138
29072.559752,2542381035,2542382169,16492,1134
29072.571767,2542390119,2542391253,16235,1134
29072.583797,2542399199,2542400332,16313,1133
29072.595819,2542408282,2542409415,16385,1133
29072.607835,2542417327,2542418465,16250,1138
29072.619865,2542426401,2542427534,16319,1133
29072.640906,2542442273,2542443411,16405,1138
29072.652921,2542451344,2542452472,16238,1128
29072.664950,2542460423,2542461551,16322,1128
29072.676973,2542469489,2542470627,16326,1138
29072.692003,2542480840,2542481973,16395,1133
29072.713042,2542496712,2542497841,16387,1129
29072.725064,2542505797,2542506930,16312,1133
29072.737088,2542514863,2542515996,16327,1133
29072.806213,2542566982,2542568112,16248,1130
29072.818243,2542576056,2542577194,16318,1138
29072.848300,2542598714,2542599860,16401,1146
29072.860315,2542607812,2542608945,16236,1133
29072.872345,2542616880,2542618017,16324,1137
29072.884367,2542625962,2542627094,16397,1132
29072.905401,2542641878,2542643006,16253,1128
29072.917432,2542650944,2542652077,16322,1133
29072.935465,2542664568,2542665697,16326,1129
29072.947489,2542673632,2542674764,16408,1132
29072.959504,2542682704,2542683842,16241,1138
29072.971533,2542691780,2542692915,16325,1135
29072.983556,2542700854,2542701986,16471,1132
29073.031641,2542737166,2542738304,16242,1138
29073.043670,2542746255,2542747400,16316,1145
29073.055695,2542755336,2542756469,16405,1133
29073.067710,2542764423,2542765552,16239,1129
29073.079740,2542773512,2542774657,16315,1145
29073.091762,2542782604,2542783742,16387,1138
29073.103778,2542791682,2542792819,16250,1137
29073.115809,2542800750,2542801878,16234,1128
29073.127830,2542809818,2542810956,16388,1138
29073.139847,2542818878,2542820016,16252,1138
29073.151874,2542827947,2542829085,16222,1138
29073.163899,2542837021,2542838149,16390,1128
29073.175915,2542846091,2542847229,16256,1138
29073.187945,2542855162,2542856293,16310,1131
29073.257070,2542907284,2542908412,16254,1128
29073.269097,2542916342,2542917472,16314,1130
29073.320194,2542954939,2542956078,16317,1139
29073.332221,2542964024,2542965148,16317,1124
29073.344243,2542973089,2542974222,16403,1133
29073.356258,2542982181,2542983314,16216,1133
29073.368287,2542991236,2542992362,16314,1126
29073.380310,2543000288,2543001420,16384,1132
29073.392327,2543009351,2543010485,16251,1134
29073.476495,2543072783,2543073911,16317,1128
29073.488516,2543081838,2543082981,16386,1143
29073.503546,2543093182,2543094324,16312,1142
29073.533603,2543115857,2543116990,16403,1133
29073.545620,2543124956,2543126089,16249,1133
29073.557646,2543134033,2543135176,16308,1143
29073.569669,2543143121,2543144254,16323,1133
29073.581687,2543152198,2543153331,16257,1133
29073.596720,2543163536,2543164669,16368,1133
29073.608738,2543172603,2543173741,16261,1138
29073.629783,2543188493,2543189621,16314,1128
29073.641808,2543197552,2543198690,16390,1138
29073.689893,2543233826,2543234959,16266,1133
29073.701922,2543242903,2543244026,16315,1123
29073.716948,2543254219,2543255357,16396,1138
29073.728972,2543263301,2543264433,16397,1132
29073.740996,2543272380,2543273513,16391,1133
29073.756025,2543283733,2543284862,16315,1129
29073.768048,2543292814,2543293950,16319,1136
29073.780064,2543301928,2543303066,16228,1138
29073.792095,2543310996,2543312139,16314,1143
29073.804116,2543320050,2543321185,16386,1135
29073.822153,2543333687,2543334816,16408,1129
29073.834167,2543342742,2543343866,16243,1124
29073.846197,2543351803,2543352930,16323,1127
29073.858221,2543360850,2543361993,16404,1143
29073.885271,2543381286,2543382409,16388,1123
29073.897288,2543390350,2543391488,16252,1138
29073.909318,2543399422,2543400552,16322,1130
29073.921341,2543408502,2543409635,16404,1133
29073.948392,2543428957,2543430095,16410,1138
29073.960407,2543438079,2543439208,16241,1129
29073.984460,2543456227,2543457350,16471,1123
29073.996476,2543465277,2543466415,16335,1138
29074.008507,2543474351,2543475489,16399,1138
29074.035556,2543494764,2543495897,16312,1133
29074.047581,2543503836,2543504969,16403,1133
29074.059596,2543512899,2543514028,16240,1129
29074.071626,2543521978,2543523116,16299,1138
29074.083648,2543531083,2543532215,16472,1132
29074.095665,2543540152,2543541280,16338,1128
29074.107695,2543549216,2543550354,16314,1138
29074.119718,2543558273,2543559410,16404,1137
29074.131733,2543567357,2543568484,16237,1127
29074.143762,2543576426,2543577564,16403,1138
29074.155787,2543585498,2543586626,16491,1128
29074.167802,2543594599,2543595732,16247,1133
29074.179832,2543603665,2543604803,16318,1138
29074.212893,2543628578,2543629711,16311,1133
29074.224917,2543637651,2543638786,16320,1135
29074.330111,2543716988,2543718121,16236,1133
29074.342140,2543726053,2543727180,16317,1127
29074.354150,2543735274,2543736402,16087,1128
29074.366179,2543744345,2543745474,16249,1129
29074.435303,2543796251,2543797378,16170,1127
29074.447333,2543805325,2543806458,16237,1133
29074.459363,2543814369,2543815501,16394,1132
29074.471371,2543823384,2543824519,16165,1135
29074.483402,2543832418,2543833546,16309,1128
29074.495432,2543841443,2543842581,16479,1138
29074.507439,2543850470,2543851600,16166,1130
29074.519470,2543859523,2543860651,16254,1128
29074.531501,2543868556,2543869688,16399,1132
29074.543508,2543877581,2543878708,16094,1127
29074.561548,2543891115,2543892242,16078,1127
29074.573575,2543900240,2543901385,16220,1145
29074.624662,2543938666,2543939790,16090,1124
29074.636693,2543947696,2543948825,16225,1129
29074.652737,2543961278,2543962417,16233,1139
29074.681779,2543981637,2543982761,16218,1124
29074.693810,2543990675,2543991818,16370,1143
29074.712850,2544006470,2544007603,16361,1133
29074.756930,2544038098,2544039231,16388,1133
29074.768948,2544047143,2544048270,16347,1127
29074.789985,2544062944,2544064077,16303,1133
29074.802015,2544072002,2544073135,16450,1133
29074.814035,2544081027,2544082165,16445,1138
29074.826052,2544090080,2544091213,16285,1133
29074.838084,2544099143,2544100283,16384,1140
29074.865136,2544119529,2544120658,16488,1129
29074.877154,2544128588,2544129721,16431,1133
29074.898190,2544144399,2544145532,16231,1133
29074.910218,2544153441,2544154569,16365,1128
29074.922228,2544162465,2544163596,16087,1131
29074.934260,2544171507,2544172619,16131,1112
29074.946290,2544180534,2544181673,16469,1139
29074.961307,2544191800,2544192928,16222,1128
29074.976332,2544203148,2544204280,16166,1132
29074.988362,2544212189,2544213322,16298,1133
29075.000392,2544221267,2544222405,16366,1138
29075.081547,2544282202,2544283335,16393,1133
29075.093554,2544291248,2544292378,16086,1130
29075.144668,2544329668,2544330794,16530,1126
29075.156680,2544338704,2544339831,16083,1127
29075.183737,2544358973,2544360105,16431,1132
29075.195757,2544368037,2544369166,16239,1129
29075.285928,2544435797,2544436922,16223,1125
29075.297958,2544444873,2544446002,16372,1129
29075.337018,2544474234,2544475369,16087,1135
29075.349049,2544483264,2544484372,16058,1108
29075.361078,2544492302,2544493440,16346,1138
29075.389130,2544514906,2544516031,16086,1125
29075.406165,2544526248,2544527381,16378,1133
29075.418172,2544535314,2544536444,16088,1130
29075.493323,2544591757,2544592896,16227,1139
29075.505352,2544600851,2544601984,16453,1133
29075.523387,2544614419,2544615557,16468,1138
29075.535395,2544623444,2544624578,16088,1134
29075.547426,2544632507,2544633625,16056,1118
29075.559456,2544641524,2544642656,16409,1132
29075.571463,2544650529,2544651651,16089,1122
29075.583494,2544659545,2544660683,16312,1138
29075.595524,2544668601,2544669734,16476,1133
29075.607544,2544677662,2544678795,16367,1133
29075.619562,2544686762,2544687893,16251,1131
29075.655627,2544713881,2544715019,16216,1138
29075.667662,2544722907,2544724034,16393,1127
29075.679669,2544731920,2544733050,16090,1130
29075.715738,2544759066,2544760195,16089,1129
29075.727765,2544768104,2544769216,16020,1112
29075.739799,2544777101,2544778239,16369,1138
29075.751812,2544786097,2544787231,16087,1134
29075.763838,2544795141,2544796258,16140,1117
29075.775868,2544804156,2544805284,16478,1128
29075.787874,2544813179,2544814300,16167,1121
29075.799913,2544822232,2544823360,16321,1128
29075.811937,2544831322,2544832455,16435,1133
29075.823954,2544840349,2544841476,16344,1127
29075.878046,2544881037,2544882162,16166,1125
29075.890077,2544890065,2544891198,16304,1133
29075.914115,2544908163,2544909297,16089,1134
29075.926145,2544917204,2544918331,16227,1127
29075.986252,2544962347,2544963482,16086,1135
29075.998289,2544971391,2544972529,16293,1138
29076.013303,2544982736,2544983868,16088,1132
29076.025336,2544991828,2544992962,16237,1134
29076.037365,2545000890,2545002029,16374,1139
29076.049378,2545009937,2545011072,16007,1135
29076.103487,2545050604,2545051743,16366,1139
29076.115508,2545059667,2545060797,16281,1130
29076.127535,2545068713,2545069846,16358,1133
29076.148566,2545084489,2545085618,16002,1129
29076.160591,2545093515,2545094644,16227,1129
29076.193646,2545118332,2545119458,16086,1126
29076.205680,2545127394,2545128524,16286,1130
29076.232729,2545147729,2545148857,16226,1128
29076.244761,2545156812,2545157952,16361,1140
29076.265783,2545172619,2545173754,16086,1135
29076.280827,2545184005,2545185143,16363,1138
29076.292846,2545193109,2545194246,16352,1137
29076.304866,2545202219,2545203361,16254,1142
29076.319887,2545213579,2545214726,16088,1147
29076.331918,2545222701,2545223836,16260,1135
29076.343946,2545231780,2545232920,16362,1140
29076.361981,2545245425,2545246565,16343,1140
29076.377003,2545256772,2545257889,16057,1117
29076.389033,2545265859,2545266997,16349,1138
29076.404055,2545277208,2545278346,16246,1138
29076.416084,2545286340,2545287478,16344,1138
29076.434119,2545299975,2545301119,16352,1144
29076.446132,2545309047,2545310183,16078,1136
29076.456327,2545318243,2545319383,16253,1140
29076.470186,2545327355,2545328489,16433,1134
29076.488222,2545341004,2545342142,16351,1138
29076.500242,2545350593,2545351729,16366,1136
29076.512260,2545359700,2545360829,16259,1129
29076.560359,2545396002,2545397141,16383,1139
29076.572366,2545405087,2545406233,16087,1146
29076.584398,2545414141,2545415269,16315,1128
29076.596427,2545423190,2545424328,16462,1138
29076.647514,2545461548,2545462681,16299,1133
29076.659549,2545470610,2545471743,16461,1133
29076.671566,2545479659,2545480792,16352,1133
29076.683586,2545488715,2545489843,16233,1128
29076.695614,2545497746,2545498884,16355,1138
29076.707624,2545506774,2545507904,16004,1130
29076.719655,2545515868,2545517003,16251,1135
29076.731684,2545524994,2545526132,16299,1138
29076.743707,2545534107,2545535244,16284,1137
29076.755723,2545543216,2545544354,16251,1138
29076.767754,2545552327,2545553463,16315,1136
29076.779777,2545561449,2545562588,16361,1139
29076.791800,2545570544,2545571656,16151,1112
29076.803822,2545579564,2545580702,16451,1138
29076.815830,2545588613,2545589738,16094,1125
29076.836878,2545604446,2545605573,16305,1127
29076.848908,2545613513,2545614646,16365,1133
29076.869933,2545629338,2545630468,16091,1130
29076.881963,2545638407,2545639536,16230,1129
29076.906001,2545656482,2545657609,16085,1127
29076.918032,2545665501,2545666632,16225,1131
29076.969121,2545703944,2545705079,16087,1135
29076.981152,2545712977,2545714110,16223,1133
29077.032241,2545751457,2545752588,16088,1131
29077.044272,2545760525,2545761660,16248,1135
29077.056302,2545769609,2545770749,16363,1140
29077.068310,2545778680,2545779808,16088,1128
29077.080343,2545787726,2545788866,16261,1140
29077.180529,2545864570,2545865697,16386,1127
29077.263697,2545925581,2545926714,16470,1133
29077.275704,2545934773,2545935903,16088,1130
29077.287742,2545943847,2545944980,16309,1133
29077.299765,2545952908,2545954035,16453,1127
29077.311773,2545961939,2545963065,16166,1126
29077.323804,2545970989,2545972123,16315,1134
29077.353868,2545993614,2545994742,16392,1128
29077.365876,2546002630,2546003756,16164,1126
29077.392940,2546023011,2546024141,16368,1130
29077.404956,2546032032,2546033165,16209,1133
29077.468078,2546079575,2546080707,16233,1132
29077.480108,2546088672,2546089810,16368,1138
29077.492128,2546097721,2546098854,16370,1133
29077.504145,2546106758,2546107896,16287,1138
29077.516177,2546115819,2546116952,16297,1133
29077.537207,2546131596,2546132728,16075,1132
29077.549232,2546140629,2546141757,16235,1128
29077.597333,2546176808,2546177936,16581,1128
29077.609339,2546185837,2546186964,16087,1127
29077.672470,2546233233,2546234361,16351,1128
29077.684494,2546242284,2546243419,16200,1135
29077.699510,2546253592,2546254719,16086,1127
29077.711541,2546262658,2546263782,16238,1124
29077.729575,2546276224,2546277357,16223,1133
29077.741606,2546285280,2546286403,16352,1123
29077.801711,2546330430,2546331573,16216,1143
29077.813743,2546339509,2546340642,16458,1133
29077.876863,2546386967,2546388100,16451,1133
29077.888883,2546396085,2546397218,16367,1133
29077.904913,2546409652,2546410791,16349,1139
29077.985066,2546468358,2546469496,16441,1138
29077.997087,2546477422,2546478554,16433,1132
29078.009107,2546486492,2546487626,16335,1134
29078.021136,2546495567,2546496700,16438,1133
29078.057206,2546522709,2546523847,16473,1138
29078.069213,2546531724,2546532859,16166,1135
29078.084255,2546543021,2546544152,16442,1131
29078.096275,2546552099,2546553232,16342,1133
29078.108296,2546561177,2546562317,16252,1140
29078.120324,2546570237,2546571366,16350,1129
29078.195453,2546626721,2546627846,16164,1125
29078.207484,2546635778,2546636911,16321,1133
29078.219514,2546644803,2546645932,16475,1129
29078.231531,2546653849,2546654973,16334,1124
29078.243553,2546662906,2546664039,16250,1133
29078.255583,2546671990,2546673123,16368,1133
29078.267590,2546680982,2546682113,16087,1131
29078.288639,2546696837,2546697965,16234,1128
29078.300669,2546705915,2546707056,16363,1141
29078.333720,2546730796,2546731933,16216,1137
29078.345755,2546739867,2546740991,16369,1124
29078.435927,2546807510,2546808644,16407,1134
29078.447944,2546816573,2546817696,16349,1123
29078.459960,2546825636,2546826745,16017,1109
29078.471995,2546834665,2546835798,16371,1133
29078.484014,2546843716,2546844858,16364,1142
29078.496033,2546852783,2546853916,16252,1133
29078.508062,2546861861,2546862999,16267,1138
29078.526096,2546875448,2546876586,16351,1138
29078.538115,2546884487,2546885616,16298,1129
29078.553148,2546895818,2546896958,16361,1140
29078.568170,2546907159,2546908299,16244,1140
29078.601236,2546932099,2546933232,16346,1133
29078.613256,2546941155,2546942288,16252,1133
29078.625285,2546950218,2546951352,16353,1134
29078.655339,2546972831,2546973970,16355,1139
29078.667359,2546981896,2546983033,16236,1137
29078.679388,2546990960,2546992092,16373,1132
29078.691407,2547000030,2547001158,16351,1128
29078.703427,2547009132,2547010265,16234,1133
29078.715458,2547018232,2547019370,16363,1138
29078.727474,2547027264,2547028402,16251,1138
29078.739496,2547036345,2547037474,16234,1129
29078.751526,2547045392,2547046525,16368,1133
29078.763544,2547054445,2547055578,16349,1133
29078.775572,2547063515,2547064648,16309,1133
29078.787595,2547072581,2547073714,16323,1133
29078.799613,2547081632,2547082773,16347,1141
29078.811629,2547090716,2547091833,16019,1117
29078.823663,2547099765,2547100903,16283,1138
29078.841698,2547113332,2547114477,16367,1145
29078.853711,2547122380,2547123511,16124,1131
29078.877765,2547140470,2547141603,16376,1133
29078.889785,2547149534,2547150663,16351,1129
29078.901805,2547158595,2547159723,16231,1128
29078.919839,2547172205,2547173342,16321,1137
29078.931869,2547181296,2547182443,16356,1147
29078.943887,2547190334,2547191472,16354,1138
29078.955908,2547199396,2547200520,16241,1124
29078.976954,2547215232,2547216361,16376,1129
29078.988973,2547224298,2547225427,16434,1129
29079.016025,2547244687,2547245823,16347,1136
29079.028045,2547253736,2547254869,16250,1133
29079.040075,2547262815,2547263944,16366,1129
29079.052094,2547271858,2547272987,16358,1129
29079.064113,2547280887,2547282015,16232,1128
29079.085161,2547296734,2547297873,16374,1139
29079.097179,2547305805,2547306932,16350,1127
29079.109199,2547314873,2547316004,16239,1131
29079.121229,2547323948,2547325077,16367,1129
29079.157298,2547351136,2547352269,16370,1133
29079.169317,2547360157,2547361285,16351,1128
29079.181336,2547369205,2547370328,16237,1123
29079.241454,2547414473,2547415602,16352,1129
29079.253474,2547423532,2547424665,16239,1133
29079.289538,2547450690,2547451808,16017,1118
29079.301573,2547459725,2547460858,16377,1133
29079.316594,2547471055,2547472192,16237,1137
29079.332637,2547484663,2547485791,16239,1128
29079.352658,2547498259,2547499371,16060,1112
29079.372329,2547507584,2547508182,12017,598
29079.417290,2547534885,2547536031,16376,1146
29079.429308,2547543997,2547545136,16258,1139
29079.441336,2547553068,2547554206,16321,1138
29079.453360,2547562147,2547563270,16344,1123
29079.465376,2547571200,2547572337,16210,1137
29079.504457,2547600662,2547601800,16316,1138
29079.516479,2547609748,2547610885,16284,1137
29079.528498,2547618865,2547619993,16249,1128
29079.567576,2547648291,2547649429,16322,1138
29079.579599,2547657372,2547658500,16329,1128
29079.597633,2547670969,2547672092,16371,1123
29079.609650,2547680009,2547681136,16269,1127
29079.621679,2547689073,2547690203,16322,1130
29079.633703,2547698130,2547699263,16305,1133
29079.645719,2547707193,2547708321,16260,1128
29079.687805,2547738859,2547739983,16375,1124
29079.699822,2547747913,2547749050,16274,1137
29079.717861,2547761534,2547762662,16316,1128
29079.729886,2547770611,2547771735,16323,1124
29079.747919,2547784370,2547785504,16320,1134
29079.759943,2547793462,2547794595,16303,1133
29079.771960,2547802504,2547803642,16270,1138
29079.789994,2547816120,2547817253,16267,1133
29079.802023,2547825193,2547826326,16320,1133
29079.814044,2547834268,2547835396,16375,1128
29079.826062,2547843319,2547844452,16257,1133
29079.838090,2547852372,2547853515,16318,1143
29079.868147,2547875063,2547876192,16326,1129
29079.881675,2547883565,2547884708,16369,1143
29079.893691,2547892619,2547893748,16256,1129
29079.908726,2547903954,2547905087,16394,1133
29079.920743,2547913032,2547914165,16269,1133
29079.935776,2547924380,2547925513,16373,1133
29079.949305,2547934830,2547935967,16367,1137
29079.976355,2547955270,2547956397,16390,1127
29079.988371,2547964358,2547965496,16254,1138
29080.000402,2547973433,2547974561,16322,1128
29080.012423,2547982495,2547983628,16387,1133
29080.039476,2548002886,2548004024,16404,1138
29080.051491,2548011941,2548013073,16245,1132
29080.063520,2548021007,2548022140,16322,1133
29080.081555,2548034611,2548035742,16313,1131
29080.093578,2548043704,2548044838,16388,1134
29080.105594,2548052786,2548053924,16255,1138
29080.117623,2548061878,2548063007,16323,1129
29080.135657,2548075493,2548076627,16318,1134
29080.147682,2548084593,2548085730,16409,1137
29080.159697,2548093681,2548094805,16241,1124
29080.180744,2548109548,2548110693,16316,1145
29080.192766,2548118620,2548119758,16386,1138
29080.207796,2548129968,2548131106,16318,1138
29080.219820,2548139041,2548140165,16412,1124
29080.231834,2548148094,2548149224,16154,1130
29080.243863,2548157154,2548158287,16321,1133
29080.255888,2548166242,2548167372,16409,1130
29080.267903,2548175297,2548176435,16252,1138
29080.279933,2548184374,2548185507,16319,1133
29080.291955,2548193434,2548194558,16393,1124
29080.303972,2548202496,2548203629,16258,1133
29080.316001,2548211538,2548212674,16238,1136
29080.328026,2548220641,2548221771,16461,1130
29080.340040,2548229704,2548230837,16266,1133
29080.352069,2548238835,2548239964,16316,1129
29080.376109,2548256977,2548258115,16258,1138
29080.388139,2548266066,2548267199,16321,1133
29080.400161,2548275130,2548276262,16392,1132
29080.412183,2548284180,2548285313,16328,1133
29080.424206,2548293224,2548294357,16330,1133
29080.436231,2548302305,2548303443,16418,1138
29080.448246,2548311408,2548312544,16309,1136
29080.460275,2548320496,2548321634,16237,1138
29080.472298,2548329580,2548330709,16391,1129
29080.484314,2548338660,2548339798,16260,1138
29080.499349,2548350006,2548351144,16380,1138
29080.511372,2548359091,2548360214,16322,1123
29080.523395,2548368167,2548369300,16281,1133
29080.535420,2548377223,2548378355,16325,1132
29080.547435,2548386292,2548387430,16155,1138
29080.565469,2548399933,2548401066,16265,1133
29080.577500,2548408999,2548410128,16321,1129
29080.592520,2548420337,2548421465,16265,1128
29080.604549,2548429422,2548430555,16230,1133
29080.616572,2548438491,2548439618,16395,1127
29080.628589,2548447552,2548448690,16257,1138
29080.649633,2548463429,2548464568,16316,1139
29080.661656,2548472515,2548473658,16327,1143
29080.692721,2548497505,2548498638,16316,1133
29080.721771,2548517882,2548519020,16321,1138
29080.733795,2548526943,2548528072,16395,1129
29080.751830,2548540535,2548541673,16397,1138
29080.763846,2548549613,2548550751,16257,1138
29080.775879,2548558691,2548559824,16322,1133
29080.787898,2548567792,2548568919,16389,1127
29080.799915,2548576872,2548578016,16258,1144
29080.811944,2548585970,2548587098,16239,1128
29080.829978,2548599581,2548600708,16319,1127
29080.842002,2548608635,2548609764,16402,1129
29080.860035,2548622180,2548623314,16324,1134
29080.872051,2548631250,2548632384,16212,1134
29080.884083,2548640340,2548641477,16323,1137
29080.896104,2548649385,2548650503,16303,1118
29080.908126,2548658425,2548659558,16228,1133
29080.920149,2548667490,2548668633,16237,1143
29080.938184,2548681106,2548682239,16317,1133
29080.950208,2548690190,2548691320,16408,1130
29080.968239,2548703822,2548704951,16372,1129
29080.980257,2548712877,2548714006,16271,1129
29081.001304,2548728759,2548729897,16322,1138
29081.013327,2548737846,2548738989,16396,1143
29081.028354,2548749197,2548750335,16319,1138
29081.040378,2548758249,2548759377,16395,1128
29081.052395,2548767310,2548768443,16259,1133
29081.068436,2548780928,2548782061,16266,1133
29081.085462,2548792274,2548793403,16376,1129
29081.097481,2548801340,2548802482,16272,1142
29081.109508,2548810426,2548811559,16321,1133
29081.121532,2548819503,2548820631,16385,1128
29081.145577,2548837628,2548838756,16321,1128
29081.157600,2548846692,2548847820,16329,1128
29081.181648,2548864866,2548866003,16329,1137
29081.193670,2548873936,2548875068,16396,1132
29081.217715,2548892087,2548893225,16322,1138
29081.229740,2548901157,2548902283,16409,1126
29081.241755,2548910222,2548911355,16238,1133
29081.289854,2548946514,2548947642,16320,1128
29081.301876,2548955576,2548956708,16392,1132
29081.328928,2548975972,2548977100,16408,1128
29081.340944,2548985046,2548986184,16248,1138
29081.364996,2549003178,2549004306,16389,1128
29081.377012,2549012245,2549013374,16258,1129
29081.393056,2549025831,2549026958,16253,1127
29081.416093,2549041720,2549042858,16323,1138
29081.428117,2549050809,2549051935,16412,1126
29081.440132,2549059871,2549061009,16242,1138
29081.452161,2549068940,2549070070,16323,1130
29081.470197,2549082547,2549083679,16321,1132
29081.482218,2549091610,2549092749,16390,1139
29081.500253,2549105222,2549106361,16393,1139
29081.512270,2549114334,2549115462,16246,1128
29081.524298,2549123392,2549124520,16318,1128
29081.545340,2549139257,2549140385,16406,1128
29081.557355,2549148333,2549149466,16252,1133
29081.572390,2549159654,2549160787,16392,1133
29081.584406,2549168727,2549169860,16170,1133
29081.596437,2549177798,2549178926,16322,1128
29081.608460,2549186869,2549188002,16406,1133
29081.629492,2549202770,2549203908,16243,1138
29081.641521,2549211839,2549212983,16316,1144
29081.671579,2549234496,2549235625,16387,1129
29081.683595,2549243540,2549244664,16169,1124
29081.695625,2549252598,2549253726,16231,1128
29081.713658,2549266176,2549267303,16313,1127
29081.725685,2549275243,2549276383,16408,1140
29081.743716,2549288938,2549290078,16394,1140
29081.755732,2549298071,2549299216,16241,1145
29081.767761,2549307196,2549308339,16324,1143
29081.779786,2549316335,2549317476,16406,1141
29081.791801,2549325650,2549326788,16258,1138
29081.803830,2549334760,2549335898,16324,1138
29081.815851,2549343853,2549344986,16376,1133
29081.833886,2549357451,2549358583,16374,1132
29081.845904,2549366520,2549367663,16272,1143
29081.897008,2549405072,2549406208,16396,1136
29081.909024,2549414150,2549415288,16272,1138
29081.924057,2549425469,2549426608,16375,1139
29081.936075,2549434534,2549435663,16274,1129
29081.948104,2549443595,2549444733,16314,1138
29081.984171,2549470812,2549471940,16320,1128
29081.997202,2549482168,2549483301,16228,1133
29082.014229,2549493492,2549494618,16375,1126
29082.026247,2549502570,2549503710,16274,1140
29082.038276,2549511652,2549512803,16323,1151
29082.128447,2549579640,2549580773,16320,1133
29082.140469,2549588700,2549589834,16380,1134
29082.152487,2549597781,2549598914,16253,1133
29082.164514,2549606852,2549607990,16318,1138
29082.176539,2549615921,2549617053,16393,1132
29082.188556,2549624987,2549626127,16260,1140
29082.200586,2549634059,2549635187,16328,1128
29082.236655,2549661262,2549662402,16319,1140
29082.248677,2549670349,2549671477,16327,1128
29082.311796,2549717938,2549719060,16392,1122
29082.323813,2549727017,2549728150,16257,1133
29082.341847,2549740666,2549741799,16249,1133
29082.353876,2549749761,2549750899,16322,1138
29082.395957,2549781501,2549782638,16317,1137
29082.407979,2549790601,2549791733,16313,1132
29082.420000,2549799677,2549800815,16374,1138
29082.432018,2549808749,2549809873,16273,1124
29082.444047,2549817817,2549818950,16320,1133
29082.465088,2549833720,2549834852,16389,1132
29082.477104,2549842790,2549843933,16260,1143
29082.537223,2549888136,2549889265,16379,1129
29082.549241,2549897204,2549898337,16165,1133
29082.579303,2549919873,2549921006,16318,1133
29082.591327,2549928957,2549930095,16391,1138
29082.603344,2549938052,2549939180,16185,1128
29082.615373,2549947115,2549948253,16232,1138
29082.627395,2549956186,2549957315,16377,1129
29082.648430,2549972060,2549973187,16250,1127
29082.660457,2549981125,2549982254,16319,1129
29082.693521,2550006035,2550007173,16315,1138
29082.705545,2550015120,2550016248,16322,1128
29082.759646,2550055944,2550057082,16317,1138
29082.771670,2550065014,2550066147,16394,1133
29082.783687,2550074108,2550075236,16257,1128
29082.795717,2550083147,2550084284,16232,1137
29082.807741,2550092242,2550093375,16474,1133
29082.819756,2550101295,2550102428,16256,1133
29082.831786,2550110348,2550111481,16237,1133
29082.843810,2550119412,2550120545,16242,1133
29082.855824,2550128476,2550129614,16210,1138
29082.867853,2550137561,2550138688,16322,1127
29082.879880,2550146665,2550147806,16287,1141
29082.921958,2550178427,2550179565,16324,1138
29082.933979,2550187484,2550188616,16391,1132
29082.945998,2550196549,2550197688,16266,1139
29082.977061,2550221485,2550222622,16398,1137
29083.009116,2550244145,2550245269,16259,1124
29083.021145,2550253210,2550254337,16232,1127
29083.036167,2550264537,2550265661,16183,1124
29083.048195,2550273602,2550274736,16234,1134
29083.060219,2550282669,2550283812,16379,1143
29083.072236,2550291759,2550292892,16256,1133
29083.084263,2550300827,2550301960,16318,1133
29083.096287,2550309925,2550311061,16380,1136
29083.108305,2550319000,2550320133,16272,1133
29083.123338,2550330322,2550331450,16368,1128
29083.177444,2550371153,2550372286,16412,1133
29083.189465,2550380242,2550381365,16321,1123
29083.201488,2550389308,2550390446,16323,1138
29083.213509,2550398356,2550399493,16375,1137
29083.225528,2550407443,2550408576,16255,1133
29083.249581,2550425597,2550426730,16396,1133
29083.261597,2550434671,2550435800,16244,1129
29083.285649,2550452794,2550453922,16404,1128
29083.297667,2550461884,2550463012,16170,1128
29083.336746,2550491353,2550492481,16320,1128
29083.348769,2550500422,2550501555,16405,1133
29083.396854,2550536692,2550537831,16255,1139
29083.408884,2550545800,2550546938,16325,1138
29083.420905,2550554871,2550556001,16392,1130
29083.432922,2550563967,2550565105,16253,1138
29083.497056,2550613840,2550614975,16322,1135
29083.514076,2550625157,2550626290,16257,1133
29083.526107,2550634251,2550635389,16302,1138
29083.538130,2550643341,2550644473,16329,1132
29083.550143,2550652480,2550653592,16022,1112
29083.601245,2550690895,2550692029,16350,1134
29083.613265,2550699981,2550701113,16240,1132
29083.625295,2550709044,2550710177,16380,1133
29083.703436,2550767943,2550769083,16236,1140
29083.715467,2550777040,2550778173,16376,1133
29083.727485,2550786110,2550787238,16356,1128
29083.739505,2550795166,2550796295,16251,1129
29083.760552,2550811011,2550812136,16362,1125
29083.772571,2550820067,2550821195,16357,1128
29083.811642,2550849435,2550850567,16238,1132
29083.823671,2550858472,2550859584,16280,1112
29083.835689,2550867526,2550868660,16252,1134
29083.847710,2550876583,2550877716,16231,1133
29083.859741,2550885631,2550886753,16391,1122
29083.871756,2550894660,2550895796,16347,1136
29083.913840,2550926327,2550927459,16357,1132
29083.925860,2550935359,2550936488,16374,1129
29083.937882,2550944394,2550945527,16317,1133
29083.949911,2550953418,2550954535,16286,1117
29083.985980,2550980442,2550981575,16483,1133
29083.997997,2550989473,2550990611,16379,1138
29084.022045,2551007553,2551008686,16436,1133
29084.034066,2551016650,2551017788,16327,1138
29084.046085,2551025732,2551026862,15990,1130
29084.124238,2551084459,2551085592,16379,1133
29084.136259,2551093542,2551094675,16333,1133
29084.151290,2551104846,2551105979,16340,1133
29084.169323,2551118384,2551119513,16456,1129
29084.181350,2551127374,2551128504,16193,1130
29084.193371,2551136389,2551137522,16367,1133
29084.205392,2551145440,2551146566,16380,1126
29084.217411,2551154436,2551155566,16026,1130
29084.235448,2551167984,2551169119,16235,1135
29084.247478,2551177129,2551178257,16371,1128
29084.259495,2551186167,2551187294,16376,1127
29084.271514,2551195190,2551196320,16028,1130
29084.283546,2551204222,2551205360,16408,1138
29084.295563,2551213277,2551214415,16373,1138
29084.307582,2551222315,2551223440,16024,1125
29084.343651,2551249447,2551250575,15986,1128
29084.355680,2551258476,2551259609,16360,1133
29084.367700,2551267512,2551268645,16373,1133
29084.379727,2551276532,2551277661,16119,1129
29084.391748,2551285572,2551286699,16438,1127
29084.403769,2551294598,2551295736,16457,1138
29084.421803,2551308152,2551309279,16378,1127
29084.433825,2551317168,2551318301,16244,1133
29084.445851,2551326193,2551327326,16444,1133
29084.457872,2551335265,2551336398,16371,1133
29084.487928,2551357828,2551358961,16235,1133
29084.499954,2551366866,2551367989,16358,1123
29084.511975,2551375897,2551377035,16379,1138
29084.523994,2551384936,2551386074,16033,1138
29084.536027,2551394020,2551395143,16374,1123
29084.548043,2551403065,2551404193,16372,1128
29084.560064,2551412090,2551413212,16025,1122
29084.572092,2551421092,2551422224,16355,1132
29084.584113,2551430135,2551431268,16346,1133
29084.605148,2551445963,2551447093,16024,1130
29084.617177,2551454984,2551456113,16377,1129
29084.650234,2551479799,2551480935,16028,1136
29084.665268,2551491132,2551492261,16458,1129
29084.677295,2551500161,2551501289,16309,1128
29084.713357,2551527254,2551528387,16223,1133
29084.725383,2551536274,2551537412,16358,1138
29084.761451,2551563397,2551564531,16353,1134
29084.773472,2551572428,2551573561,16374,1133
29084.788505,2551583752,2551584864,16206,1112
29084.827575,2551613080,2551614214,16258,1134
29084.839594,2551622114,2551623244,15994,1130
29084.851626,2551631189,2551632297,16185,1108
29084.863644,2551640411,2551641535,16374,1124
29084.875671,2551649448,2551650569,16114,1121
29084.905726,2551672015,2551673148,16358,1133
29084.917747,2551681051,2551682184,16376,1133
29084.929768,2551690084,2551691217,16230,1133
29084.944798,2551701414,2551702542,16366,1128
29084.956817,2551710443,2551711579,16030,1136
29084.968847,2551719490,2551720623,16362,1133
29084.980869,2551728534,2551729667,16359,1133
29085.062021,2551789506,2551790643,16377,1137
29085.080058,2551803090,2551804222,16359,1132
29085.092074,2551812101,2551813220,16031,1119
29085.104103,2551821132,2551822259,16360,1127
29085.122138,2551834664,2551835797,16352,1133
29085.134159,2551843718,2551844855,16348,1137
29085.173236,2551873077,2551874201,16110,1124
29085.185257,2551882140,2551883274,16373,1134
29085.269414,2551945333,2551946469,16425,1136
29085.376117,2552025765,2552026907,16246,1142
29085.388143,2552034829,2552035962,16356,1133
29085.400164,2552043860,2552044993,16373,1133
29085.412183,2552052863,2552053999,16029,1136
29085.424215,2552061917,2552063050,16406,1133
29085.436233,2552070966,2552072095,16378,1129
29085.448252,2552080011,2552081138,15996,1127
29085.487332,2552109354,2552110491,16356,1137
29085.499353,2552118452,2552119585,16379,1133
29085.511371,2552127462,2552128598,16109,1136
29085.523404,2552136510,2552137643,16494,1133
29085.535421,2552145545,2552146668,16460,1123
29085.547440,2552154559,2552155683,16110,1124
29085.559472,2552163575,2552164682,16217,1107
29085.571490,2552172589,2552173722,16271,1133
29085.592526,2552188434,2552189551,16024,1117
29085.604555,2552197463,2552198592,16370,1129
29085.691715,2552262949,2552264073,16030,1124
29085.703748,2552272019,2552273152,16372,1133
29085.715764,2552281074,2552282212,16463,1138
29085.727784,2552290108,2552291243,16000,1135
29085.739817,2552299197,2552300328,16405,1131
29085.751833,2552308232,2552309365,16377,1133
29085.763852,2552317267,2552318402,16029,1135
29085.775885,2552326334,2552327470,16374,1136
29085.787901,2552335370,2552336498,16371,1128
29085.805936,2552348923,2552350056,16373,1133
29085.817962,2552357922,2552359058,16118,1136
29085.878074,2552403124,2552404261,16349,1137
29085.890092,2552412158,2552413283,16029,1125
29085.902123,2552421190,2552422319,16368,1129
29085.914141,2552430188,2552431316,16371,1128
29085.929172,2552441459,2552442596,16353,1137
29085.941193,2552450491,2552451618,16374,1127
29085.983275,2552482143,2552483276,16357,1133
29086.031365,2552518261,2552519394,16375,1133
29086.043383,2552527296,2552528432,15995,1136
29086.055415,2552536324,2552537433,16211,1109
29086.067433,2552545332,2552546459,16265,1127
29086.079452,2552554355,2552555480,15912,1125
29086.091483,2552563406,2552564517,16215,1111
29086.103501,2552572451,2552573580,16370,1129
29086.115528,2552581467,2552582594,16193,1127
29086.136569,2552597289,2552598398,16287,1109
29086.148589,2552606306,2552607434,16458,1128
29086.184656,2552633407,2552634538,16460,1131
29086.196678,2552642469,2552643592,16315,1123
29086.247772,2552680868,2552682009,16372,1141
29086.259795,2552689890,2552691021,16110,1131
29086.271828,2552698952,2552700076,16380,1124
29086.283845,2552707991,2552709129,16373,1138
29086.304880,2552723824,2552724954,16026,1130
29086.316913,2552732866,2552733999,16490,1133
29086.352978,2552759953,2552761082,16363,1129
29086.364999,2552768988,2552770126,16264,1138
29086.377018,2552778034,2552779161,16001,1127
29086.410085,2552802950,2552804084,16376,1134
29086.422104,2552811998,2552813125,15993,1127
29086.453168,2552836800,2552837933,16371,1133
29086.512283,2552879671,2552880798,16116,1127
29086.524304,2552888724,2552889842,16446,1118
29086.536325,2552897748,2552898875,16464,1127
29086.548344,2552906756,2552907884,16114,1128
29086.569394,2552922602,2552923740,16367,1138
29086.581410,2552931645,2552932768,16379,1123
29086.593429,2552940643,2552941778,16102,1135
29086.629503,2552967740,2552968877,16340,1137
29086.641527,2552976789,2552977914,16361,1125
29086.659562,2552990305,2552991437,16359,1132
29086.671583,2552999368,2553000506,16431,1138
29086.689616,2553012933,2553014066,16374,1133
29086.701635,2553021956,2553023086,16029,1130
29086.716670,2553033243,2553034380,16332,1137
29086.728687,2553042337,2553043463,16025,1126
29086.761754,2553067166,2553068304,16262,1138
29086.773772,2553076248,2553077380,16001,1132
29086.869961,2553148746,2553149879,16345,1133
29086.881978,2553157779,2553158909,15995,1130
29086.894007,2553166777,2553167915,16356,1138
29086.921058,2553187072,2553188195,16358,1123
29086.933079,2553196108,2553197242,16460,1134
29086.973162,2553227714,2553228850,16442,1136
29086.990184,2553239011,2553240141,16072,1130
29087.077354,2553304451,2553305589,16457,1138
29087.092387,2553315712,2553316829,16293,1117
29087.104405,2553324718,2553325856,16380,1138
29087.128453,2553342782,2553343915,16361,1133
29087.140474,2553351823,2553352949,16380,1126
29087.180555,2553383407,2553384545,16356,1138
29087.272728,2553451115,2553452248,16446,1133
29087.284748,2553460154,2553461283,16462,1129
29087.335848,2553498510,2553499643,16363,1133
29087.347868,2553507569,2553508696,16373,1127
29087.359889,2553516609,2553517737,16233,1128
29087.371916,2553525660,2553526793,16361,1133
29087.383937,2553534692,2553535820,16381,1128
29087.404981,2553550492,2553551618,16109,1126
29087.417002,2553559519,2553560652,16361,1133
29087.432025,2553570805,2553571935,16032,1130
29087.444053,2553579847,2553580980,16360,1133
29087.456073,2553588883,2553590006,16260,1123
29087.468093,2553597920,2553599047,15998,1127
29087.480122,2553606926,2553608054,16363,1128
29087.498159,2553620450,2553621562,16212,1112
29087.540230,2553651984,2553653108,16030,1124
29087.552259,2553661028,2553662157,16363,1129
29087.564281,2553670098,2553671236,16342,1138
29087.576298,2553679109,2553680244,16032,1135
29087.588330,2553688199,2553689323,16213,1124
29087.609369,2553703997,2553705131,16364,1134
29087.621387,2553713059,2553714192,16235,1133
29087.711559,2553780796,2553781929,16233,1133
29087.723585,2553789843,2553790964,16359,1121
29087.735605,2553798858,2553799990,16376,1132
29087.747626,2553807893,2553809023,16106,1130
29087.765659,2553821495,2553822627,15989,1132
29087.777688,2553830543,2553831672,16367,1129
29087.819762,2553862116,2553863241,16111,1125
29087.831790,2553871160,2553872293,16365,1133
29087.843811,2553880182,2553881315,16379,1133
29087.855833,2553889237,2553890374,16248,1137
29087.867859,2553898279,2553899408,16361,1129
29087.912945,2553932136,2553933263,16376,1127
29087.924965,2553941166,2553942304,16374,1138
29087.946002,2553956941,2553958077,16028,1136
29087.958035,2553966019,2553967157,16370,1138
29087.985082,2553986343,2553987476,16364,1133
29087.997103,2553995379,2553996508,16382,1129
29088.030172,2554020181,2554021319,16378,1138
29088.042190,2554029225,2554030358,16347,1133
29088.057224,2554040519,2554041656,16371,1137
29088.069240,2554049576,2554050709,16371,1133
29088.081259,2554058618,2554059740,16031,1122
29088.132360,2554096957,2554098089,16372,1132
29088.144379,2554105968,2554107104,16027,1136
29088.160424,2554119550,2554120680,15996,1130
29088.201497,2554148894,2554150027,16408,1133
29088.213514,2554157923,2554159061,16375,1138
29088.232558,2554173722,2554174846,16032,1124
29088.297678,2554221149,2554222274,16113,1125
29088.309700,2554230181,2554231319,16358,1138
29088.336751,2554250500,2554251633,16361,1133
29088.348771,2554259540,2554260673,16259,1133
29088.360793,2554268621,2554269752,16078,1131
29088.375823,2554279907,2554281040,16452,1133
29088.436941,2554327379,2554328512,16379,1133
29088.456979,2554341002,2554342138,16426,1136
29088.468996,2554350017,2554351142,16106,1125
29088.481028,2554359061,2554360173,16294,1112
29088.541134,2554404195,2554405331,16106,1136
29088.568190,2554417862,2554418461,11979,599
29088.580223,2554422319,2554422925,12279,606
29088.592233,2554430250,2554431383,16313,1133
29088.604253,2554439261,2554440386,16034,1125
29088.616284,2554448271,2554449388,16210,1117
29088.628303,2554457282,2554458408,16374,1126
29088.676393,2554493452,2554494590,16312,1138
29088.688419,2554502503,2554503636,16442,1133
29088.757545,2554554392,2554555524,16026,1132
29088.769576,2554563413,2554564521,16212,1108
29088.781597,2554572697,2554573835,16354,1138
29088.793621,2554581739,2554582866,16158,1127
29088.820665,2554602085,2554603220,16111,1135
29088.832694,2554611142,2554612280,16438,1138
29088.844715,2554620180,2554621318,16345,1138
29088.856734,2554629218,2554630357,16000,1139
29088.871767,2554640553,2554641682,16428,1129
29088.883785,2554649588,2554650718,16106,1130
29088.895817,2554658631,2554659759,16405,1128
29088.907834,2554667676,2554668815,16370,1139
29088.919853,2554676706,2554677830,16035,1124
29088.931882,2554685722,2554686859,16349,1137
29088.943903,2554694768,2554695906,16262,1138
29088.955925,2554703838,2554704969,16240,1131
29088.967951,2554712891,2554714034,16351,1143
29088.979973,2554721964,2554723093,16370,1129
29088.993002,2554733245,2554734372,16479,1127
29089.064128,2554785214,2554786344,16033,1130
29089.077657,2554793783,2554794909,16074,1126
29089.089683,2554802798,2554803939,16356,1141
29089.101707,2554811861,2554812994,16342,1133
29089.131759,2554834467,2554835600,16320,1133
29089.143788,2554843506,2554844633,16482,1127
29089.155806,2554852525,2554853656,16378,1131
29089.167825,2554861548,2554862678,16038,1130
29089.179854,2554870558,2554871692,16436,1134
29089.191875,2554879628,2554880763,16248,1135
29089.203894,2554888666,2554889796,15999,1130
29089.215922,2554897692,2554898825,16356,1133
29089.227943,2554906732,2554907855,16378,1123
29089.239970,2554915741,2554916881,16118,1140
29089.251991,2554924774,2554925902,16349,1128
29089.264012,2554933810,2554934942,16376,1132
29089.276031,2554942810,2554943940,16041,1130
29089.288062,2554951842,2554952950,16212,1108
29089.300079,2554960893,2554962030,16290,1137
29089.312101,2554969951,2554971086,16004,1135
29089.324128,2554979006,2554980140,16263,1134
29089.336151,2554988050,2554989187,16338,1137
29089.348168,2554997072,2554998201,16033,1129
29089.360197,2555006122,2555007255,16352,1133
29089.372218,2555015173,2555016298,16378,1125
29089.384237,2555024183,2555025312,16118,1129
29089.396272,2555033297,2555034430,16455,1133
29089.408286,2555042337,2555043478,16380,1141
29089.420305,2555051362,2555052486,16032,1124
29089.432338,2555060423,2555061546,16378,1123
29089.456374,2555078496,2555079626,16032,1130
29089.468407,2555087553,2555088686,16369,1133
29089.480424,2555096589,2555097717,16373,1128
29089.492445,2555105625,2555106758,16236,1133
29089.504471,2555114661,2555115790,16354,1129
29089.525510,2555130518,2555131646,16373,1128
29089.537536,2555139541,2555140676,16198,1135
29089.549559,2555148589,2555149706,16209,1117
29089.561579,2555157623,2555158760,16347,1137
29089.573597,2555166633,2555167769,16039,1136
29089.591634,2555180223,2555181352,16254,1129
29089.603660,2555189311,2555190444,16362,1133
29089.615681,2555198367,2555199495,16379,1128
29089.627699,2555207375,2555208500,16032,1125
29089.640738,2555218673,2555219801,16441,1128
29089.660768,2555232278,2555233405,16345,1127
29089.672785,2555241281,2555242420,16046,1139
29089.696837,2555259422,2555260550,16433,1128
29089.708857,2555268459,2555269589,16242,1130
29089.732904,2555286573,2555287705,16471,1132
29089.744923,2555295638,2555296769,16080,1131
29089.768972,2555313690,2555314828,16376,1138
29089.780992,2555322705,2555323831,16114,1126
29089.796025,2555334021,2555335149,16346,1128
29089.808046,2555343276,2555344414,16318,1138
29089.820071,2555352339,2555353477,16356,1138
29089.838109,2555365902,2555367025,16407,1123
29089.850127,2555374927,2555376056,16376,1129
29089.898214,2555411068,2555412195,15999,1127
29089.910243,2555420104,2555421234,16354,1130
29089.940302,2555442747,2555443891,16369,1144
29089.952317,2555451810,2555452946,16078,1136
29089.976367,2555469861,2555470994,16374,1133
29089.988388,2555478918,2555480044,16237,1126
29090.000415,2555487967,2555489097,16355,1130
29090.012435,2555497032,2555498165,16374,1133
29090.027465,2555508299,2555509431,16353,1132
29090.039490,2555517321,2555518453,16366,1132
29090.052517,2555528603,2555529737,16349,1134
29090.141677,2555594134,2555595261,16032,1127
29090.153706,2555603155,2555604288,16353,1133
29090.165727,2555612199,2555613332,16379,1133
29090.177746,2555621219,2555622344,15998,1125
29090.207809,2555643834,2555644974,16349,1140
29090.219829,2555652915,2555654048,16368,1133
29090.231856,2555661935,2555663064,16113,1129
29090.243882,2555670994,2555672127,16365,1133
29090.255900,2555680060,2555681198,16340,1138
29090.267917,2555689084,2555690208,16035,1124
29090.279946,2555698120,2555699252,16362,1132
29090.291968,2555707193,2555708331,16349,1138
29090.310001,2555720753,2555721891,16458,1138
29090.322020,2555729774,2555730908,16115,1134
29090.346070,2555747844,2555748977,16460,1133
29090.358089,2555756866,2555757995,16112,1129
29090.376123,2555770397,2555771524,16032,1127
29090.388156,2555779446,2555780577,16370,1131
29090.400173,2555788473,2555789606,16369,1133
29090.412191,2555797480,2555798610,16033,1130
29090.424220,2555806532,2555807670,16394,1138
29090.436244,2555815576,2555816714,16445,1138
29090.448260,2555824600,2555825730,16111,1130
29090.460289,2555833635,2555834763,16438,1128
29090.475315,2555844928,2555846061,16243,1133
29090.505375,2555867527,2555868654,16442,1127
29090.517396,2555876540,2555877669,16380,1129
29090.544447,2555896889,2555898026,16463,1137
29090.556466,2555905904,2555907041,15949,1137
29090.568495,2555914935,2555916073,16354,1138
29090.580515,2555923977,2555925110,16261,1133
29090.601552,2555939837,2555940967,16079,1130
29090.613580,2555948879,2555950012,16437,1133
29090.625603,2555957967,2555959100,16374,1133
29090.637620,2555967006,2555968135,16001,1129
29090.661670,2555985102,2555986230,16374,1128
29090.673689,2555994121,2555995253,16028,1132
29090.685723,2556003187,2556004330,16452,1143
29090.697738,2556012251,2556013384,16382,1133
29090.709757,2556021281,2556022411,16033,1130
29090.763860,2556061948,2556063078,16109,1130
29090.775889,2556070973,2556072116,16436,1143
29090.787914,2556080063,2556081188,16351,1125
29090.805945,2556093623,2556094761,16372,1138
29090.817963,2556102641,2556103776,16034,1135
29090.842014,2556120725,2556121854,16344,1129
29090.854032,2556129728,2556130847,16032,1119
29090.881086,2556150057,2556151190,16239,1133
29090.893114,2556159103,2556160241,16351,1138
29090.920163,2556179450,2556180578,16359,1128
29090.932187,2556188491,2556189620,16368,1129
29090.944203,2556197513,2556198643,16033,1130
29090.965249,2556213330,2556214463,16356,1133
29090.977270,2556222373,2556223506,16272,1133
29090.989289,2556231425,2556232561,16073,1136
29091.001318,2556240461,2556241599,16359,1138
29091.013339,2556249501,2556250634,16374,1133
29091.028372,2556260782,2556261920,16397,1138
29091.040392,2556269978,2556271116,16348,1138
29091.091489,2556308393,2556309526,16432,1133
29091.103510,2556317440,2556318572,16465,1132
29091.115535,2556326505,2556327639,16178,1134
29091.127561,2556335558,2556336686,16493,1128
29091.139579,2556344605,2556345743,16381,1138
29091.160615,2556360407,2556361527,16111,1120
29091.172644,2556369422,2556370566,16361,1144
29091.196684,2556387570,2556388696,16036,1126
29091.208712,2556396608,2556397741,16436,1133
29091.235764,2556416949,2556418081,16358,1132
29091.247786,2556426029,2556427157,16427,1128
29091.259803,2556435060,2556436190,16034,1130
29091.271835,2556444099,2556445211,16183,1112
29091.283854,2556453138,2556454276,16343,1138
29091.295872,2556462161,2556463291,16033,1130
29091.368010,2556516335,2556517460,16114,1125
29091.380044,2556525404,2556526516,16292,1112
29091.392059,2556534449,2556535582,16458,1133
29091.404078,2556543469,2556544592,16036,1123
29091.416107,2556552532,2556553665,16445,1133
29091.428131,2556561552,2556562685,16363,1133
29091.440146,2556570577,2556571707,16033,1130
29091.452175,2556579635,2556580773,16362,1138
29091.464198,2556588691,2556589819,16344,1128
29091.482231,2556602273,2556603396,16425,1123
29091.494249,2556611276,2556612405,16110,1129
29091.509282,2556622587,2556623720,16377,1133
29091.521311,2556631588,2556632722,16116,1134
29091.533330,2556640611,2556641749,16358,1138
29091.545351,2556649655,2556650794,16375,1139
29091.557372,2556658704,2556659828,16232,1124
29091.599453,2556690375,2556691513,16375,1138
29091.611472,2556699381,2556700511,16112,1130
29091.623506,2556708451,2556709589,16504,1138
29091.644539,2556724270,2556725408,16372,1138
29091.656558,2556733509,2556734639,16112,1130
29091.668587,2556742549,2556743687,16440,1138
29091.680609,2556751623,2556752750,16377,1127
29091.713673,2556776462,2556777607,16438,1145
29091.731707,2556790034,2556791172,16351,1138
29091.743728,2556799094,2556800223,16375,1129
29091.755750,2556808150,2556809288,16205,1138
29091.767778,2556817212,2556818324,16289,1112
29091.779798,2556826256,2556827382,16433,1126
29091.791815,2556835275,2556836405,16111,1130
29091.809850,2556848842,2556849972,16030,1130
29091.821881,2556857881,2556859015,16482,1134
29091.833901,2556866927,2556868065,16377,1138
29091.845921,2556875953,2556877081,16231,1128
29091.857949,2556884993,2556886117,16355,1124
29091.869968,2556894030,2556895156,16265,1126
29091.881987,2556903073,2556904203,15999,1130
29091.894020,2556912106,2556913239,16370,1133
29091.906035,2556921198,2556922341,16246,1143
29091.930087,2556939436,2556940573,16384,1137
29091.942104,2556948550,2556949687,16250,1137
29091.954135,2556957678,2556958831,16324,1153
29091.978176,2556975911,2556977049,16364,1138
29091.990193,2556984930,2556986055,16029,1125
29092.002221,2556993968,2556995097,16354,1129
29092.032277,2557016604,2557017742,16371,1138
29092.044295,2557025617,2557026742,16030,1125
29092.056324,2557034638,2557035776,16356,1138
29092.072358,2557048375,2557049508,16348,1133
29092.132475,2557093519,2557094655,16032,1136
29092.173552,2557122915,2557124043,16373,1128
29092.185568,2557131952,2557133080,16459,1128
29092.233656,2557168090,2557169215,15999,1125
29092.245686,2557177123,2557178256,16443,1133
29092.263719,2557190661,2557191799,16437,1138
29092.275741,2557199748,2557200886,16342,1138
29092.287758,2557208768,2557209903,16033,1135
29092.299790,2557217869,2557218981,16179,1112
29092.311808,2557226895,2557228028,16283,1133
29092.323830,2557235912,2557237046,16239,1134
29092.344877,2557251764,2557252897,16372,1133
29092.356894,2557260808,2557261946,16382,1138
29092.368915,2557269853,2557270986,16237,1133
29092.383946,2557281169,2557282307,16373,1138
29092.445074,2557328972,2557330109,16252,1137
29092.465100,2557342662,2557343800,16251,1138
29092.477119,2557351707,2557352842,15997,1135
29092.489147,2557360742,2557361874,16357,1132
29092.501168,2557369797,2557370925,16375,1128
29092.513195,2557378822,2557379946,16123,1124
29092.537237,2557396919,2557398056,16375,1137
29092.549259,2557405964,2557407088,16247,1124
29092.561285,2557415011,2557416154,16356,1143
29092.597353,2557442147,2557443276,16362,1129
29092.609374,2557451166,2557452301,16380,1135
29092.651456,2557482770,2557483903,16442,1133
29092.663477,2557491828,2557492961,16179,1133
29092.675496,2557500880,2557502010,16001,1130
29092.687525,2557509898,2557511036,16354,1138
29092.699545,2557518933,2557520071,16376,1138
29092.711574,2557527976,2557529105,16311,1129
29092.723593,2557537027,2557538170,16354,1143
29092.735614,2557546086,2557547209,16373,1123
29092.747634,2557555093,2557556229,16040,1136
29092.759666,2557564167,2557565305,16371,1138
29092.771684,2557573231,2557574369,16337,1138
29092.783705,2557582440,2557583578,16230,1138
29092.795731,2557591502,2557592635,16361,1133
29092.807751,2557600545,2557601674,16371,1129
29092.819770,2557609560,2557610694,16030,1134
29092.831799,2557618588,2557619726,16360,1138
29092.843819,2557627619,2557628750,16377,1131
29092.855839,2557636636,2557637761,16030,1125
29092.867872,2557645678,2557646805,16373,1127
29092.885903,2557659209,2557660342,16443,1133
29092.897923,2557668287,2557669415,16379,1128
29092.976074,2557727004,2557728133,16448,1129
29092.988096,2557736074,2557737203,16351,1129
29093.000113,2557745100,2557746230,16109,1130
29093.012145,2557754125,2557755270,16461,1145
29093.024163,2557763200,2557764333,16456,1133
29093.036182,2557772204,2557773336,16033,1132
29093.048211,2557781216,2557782349,16363,1133
29093.060232,2557790278,2557791416,16272,1138
29093.072250,2557799299,2557800434,15995,1135
29093.084279,2557808371,2557809509,16462,1138
29093.096300,2557817422,2557818555,16458,1133
29093.108326,2557826449,2557827579,16113,1130
29093.204506,2557898738,2557899871,16373,1133
29093.216525,2557907791,2557908916,15991,1125
29093.255605,2557937158,2557938286,16361,1128
29093.267627,2557946205,2557947334,16343,1129
29093.279645,2557955226,2557956356,16028,1130
29093.291674,2557964273,2557965406,16365,1133
29093.303694,2557973319,2557974456,16459,1137
29093.315713,2557982346,2557983478,16106,1132
29093.327743,2557991420,2557992553,16447,1133
29093.339763,2558000452,2558001585,16460,1133
29093.351782,2558009447,2558010576,16032,1129
29093.369817,2558023013,2558024147,16073,1134
29093.381845,2558032033,2558033161,16444,1128
29093.393867,2558041092,2558042225,16429,1133
29093.405893,2558050098,2558051228,16196,1130
29093.417914,2558059149,2558060282,16367,1133
29093.429935,2558068186,2558069319,16455,1133
29093.441954,2558077201,2558078326,16110,1125
29093.453985,2558086221,2558087340,16212,1119
29093.490052,2558113320,2558114449,16365,1129
29093.502072,2558122364,2558123490,16457,1126
29093.514091,2558131375,2558132505,16108,1130
29093.526124,2558140431,2558141567,16459,1136
29093.577211,2558178853,2558179974,16033,1121
29093.589240,2558187889,2558189028,16360,1139
29093.601260,2558196935,2558198067,16375,1132
29093.631314,2558219540,2558220670,15994,1130
29093.643343,2558228579,2558229709,16360,1130
29093.655363,2558237623,2558238751,16264,1128
29093.697446,2558269172,2558270310,16363,1138
29093.709469,2558278245,2558279383,16362,1138
29093.721485,2558287236,2558288370,16110,1134
29093.733514,2558296268,2558297401,16437,1133
29093.745535,2558305309,2558306442,16379,1133
29093.757556,2558314347,2558315480,16228,1133
29093.835706,2558373116,2558374248,16370,1132
29093.847725,2558382138,2558383265,16035,1127
29093.859759,2558391202,2558392340,16370,1138
29093.871775,2558400257,2558401394,16375,1137
29093.895822,2558418335,2558419459,16360,1124
29093.907846,2558427361,2558428495,16359,1134
29093.919862,2558436508,2558437644,16110,1136
29093.931891,2558445547,2558446680,16444,1133
29093.943908,2558454593,2558455723,16330,1130
29093.955934,2558463657,2558464795,16218,1138
29093.967960,2558472683,2558473815,16362,1132
29093.985994,2558486212,2558487344,16355,1132
29093.998015,2558495251,2558496378,16374,1127
29094.052118,2558535912,2558537043,16259,1131
29094.064137,2558544943,2558546073,15998,1130
29094.076168,2558553988,2558555121,16362,1133
29094.088186,2558563041,2558564179,16374,1138
29094.100213,2558572078,2558573213,16197,1135
29094.112235,2558581113,2558582251,16447,1138
29094.157324,2558615025,2558616158,16368,1133
29094.169340,2558624064,2558625202,16373,1138
29094.247492,2558682742,2558683872,16366,1130
29094.259514,2558691792,2558692925,16432,1133
29094.271534,2558700856,2558701989,16315,1133
29094.283560,2558709918,2558711051,16359,1133
29094.295581,2558718955,2558720088,16380,1133
29094.313615,2558732544,2558733672,16374,1128
29094.325634,2558741581,2558742705,16109,1124
29094.364715,2558770960,2558772093,16444,1133
29094.376735,2558780007,2558781140,16456,1133
29094.445869,2558831909,2558833042,16359,1133
29094.457891,2558840961,2558842090,16347,1129
29094.472922,2558852247,2558853374,16376,1127
29094.484941,2558861268,2558862408,16379,1140
29094.496970,2558870316,2558871445,16311,1129
29094.521010,2558888393,2558889526,16379,1133
29094.533028,2558897445,2558898575,16032,1130
29094.569097,2558924564,2558925694,16029,1130
29094.581126,2558933615,2558934753,16272,1138
29094.602165,2558949442,2558950574,16347,1132
29094.614183,2558958471,2558959606,16109,1135
29094.629216,2558969786,2558970915,16384,1129
29094.671298,2559001418,2559002556,16359,1138
29094.683318,2559010450,2559011579,16383,1129
29094.695345,2559019461,2559020597,16115,1136
29094.707366,2559028514,2559029643,16359,1129
29094.719387,2559037558,2559038697,16374,1139
29094.737421,2559051136,2559052269,16377,1133
29094.749442,2559060175,2559061308,16315,1133
29094.779504,2559082732,2559083856,16440,1124
29094.791524,2559091761,2559092890,16382,1129
29094.803543,2559100768,2559101898,16109,1130
29094.821580,2559114298,2559115433,16309,1135
29094.833606,2559123334,2559124466,16359,1132
29094.860657,2559143664,2559144794,16434,1130
29094.872674,2559152703,2559153848,16302,1145
29094.887710,2559164019,2559165152,16367,1133
29094.899733,2559173063,2559174201,16364,1138
29094.911748,2559182098,2559183230,16026,1132
29094.929784,2559195630,2559196760,16109,1130
29094.941816,2559204722,2559205861,16456,1139
29094.972877,2559229541,2559230675,16026,1134
29094.989902,2559240836,2559241974,16459,1138
29095.001920,2559249880,2559251015,16071,1135
29095.016953,2559261181,2559262313,16370,1132
29095.028972,2559270229,2559271356,16029,1127
29095.041003,2559279250,2559280367,16212,1117
29095.086091,2559313125,2559314257,16372,1132
29095.098112,2559322166,2559323299,16359,1133
29095.113138,2559333453,2559334582,16362,1129
29095.125158,2559342475,2559343613,16383,1138
29095.137178,2559351514,2559352641,16029,1127
29095.153224,2559365063,2559366198,16067,1135
29095.194295,2559394424,2559395553,16492,1129
29095.209314,2559405695,2559406819,16108,1124
29095.221344,2559414717,2559415850,16440,1133
29095.272434,2559453083,2559454212,16105,1129
29095.284464,2559462087,2559463217,16369,1130
29095.299486,2559473368,2559474498,16103,1130
29095.344574,2559507280,2559508413,16238,1133
29095.356604,2559516351,2559517484,16415,1133
29095.368621,2559525366,2559526504,16284,1138
29095.396688,2559547945,2559549080,16028,1135
29095.500876,2559624787,2559625929,16443,1142
29095.512896,2559633821,2559634949,16381,1128
29095.527927,2559645086,2559646224,16359,1138
29095.551966,2559663177,2559664304,15993,1127
29095.563995,2559672228,2559673355,16366,1127
29095.576016,2559681233,2559682366,16380,1133
29095.588045,2559690273,2559691406,16317,1133
29095.600064,2559699300,2559700426,16446,1126
29095.612085,2559708323,2559709447,16375,1124
29095.624103,2559717346,2559718480,16034,1134
29095.720290,2559789601,2559790734,16369,1133
29095.732309,2559798626,2559799756,16026,1130
29095.756358,2559816728,2559817861,16373,1133
29095.768378,2559825761,2559826892,16108,1131
29095.820489,2559866398,2559867528,16029,1130
29095.873582,2559904795,2559905927,16456,1132
29095.885608,2559913803,2559914938,16115,1135
29095.912652,2559934088,2559935223,16106,1135
29095.924684,2559943126,2559944243,16246,1117
29095.963753,2559972519,2559973656,16377,1137
29095.981788,2559986270,2559987408,16464,1138
29095.993806,2559995306,2559996436,16071,1130
29096.023870,2560017879,2560019008,16448,1129
29096.132076,2560099160,2560100288,16358,1128
29096.144097,2560108221,2560109348,16345,1127
29096.156115,2560117251,2560118377,16032,1126
29096.168149,2560126321,2560127454,16375,1133
29096.180166,2560135395,2560136533,16257,1138
29096.192184,2560144396,2560145521,16110,1125
29096.204213,2560153420,2560154549,16440,1129
29096.216233,2560162450,2560163581,16382,1131
29096.228252,2560171471,2560172597,16034,1126
29096.240285,2560180528,2560181666,16370,1138
29096.255305,2560191812,2560192942,16114,1130
29096.267333,2560200858,2560201990,16440,1132
29096.279349,2560209885,2560211025,16290,1140
29096.291373,2560218921,2560220051,16112,1130
29096.303402,2560227966,2560229094,16441,1128
29096.315422,2560236990,2560238118,16382,1128
29096.327441,2560246036,2560247166,15997,1130
29096.339476,2560255100,2560256212,16220,1112
29096.357504,2560268646,2560269780,16441,1134
29096.369525,2560277707,2560278845,16460,1138
29096.386055,2560290404,2560291532,16230,1128
29096.398082,2560299446,2560300570,16445,1124
29096.476224,2560358120,2560359255,16024,1135
29096.488257,2560367189,2560368322,16451,1133
29096.503278,2560378506,2560379629,16221,1123
29096.575413,2560432679,2560433809,16029,1130
29096.587446,2560441984,2560443111,16370,1127
29096.599464,2560451063,2560452189,16342,1126
29096.611481,2560460069,2560461199,16027,1130
29096.623515,2560469128,2560470266,16380,1138
29096.647550,2560487148,2560488278,16107,1130
29096.659582,2560496177,2560497291,16297,1114
29096.671599,2560505198,2560506327,16458,1129
29096.683621,2560514213,2560515344,16238,1131
29096.695648,2560523260,2560524389,16444,1129
29096.707669,2560532325,2560533458,16342,1133
29096.719687,2560541359,2560542489,16108,1130
29096.743732,2560559447,2560560592,16303,1145
29096.755756,2560568495,2560569625,16032,1130
29096.767785,2560577530,2560578666,16443,1136
29096.779805,2560586588,2560587721,16345,1133
29096.791824,2560595656,2560596780,16076,1124
29096.803854,2560604682,2560605809,16445,1127
29096.901041,2560679245,2560680390,16438,1145
29096.930096,2560699589,2560700722,16458,1133
29096.942114,2560708618,2560709750,16457,1132
29096.954133,2560717681,2560718817,16032,1136
29096.984200,2560740381,2560741530,16453,1149
29096.996218,2560749509,2560750652,16298,1143
29097.008235,2560758585,2560759717,16033,1132
29097.020265,2560767667,2560768799,16269,1132
29097.032288,2560776728,2560777854,16359,1126
29097.044304,2560785745,2560786874,16029,1129
29097.056333,2560794774,2560795907,16358,1133
29097.113440,2560837724,2560838864,16372,1140
29097.125467,2560846796,2560847926,16082,1130
29097.161527,2560873882,2560875012,16027,1130
29097.173556,2560882924,2560884062,16357,1138
29097.188578,2560894226,2560895350,15990,1124
29097.200608,2560903277,2560904416,16360,1139
29097.212628,2560912311,2560913445,16376,1134
29097.224655,2560921327,2560922462,16113,1135
29097.320834,2560993575,2560994704,16379,1129
29097.332853,2561002603,2561003732,16109,1129
29097.347885,2561013872,2561015005,16374,1133
29097.395973,2561049982,2561051106,16074,1124
29097.408003,2561059033,2561060157,16363,1124
29097.420023,2561068080,2561069213,16374,1133
29097.432042,2561077105,2561078229,16031,1124
29097.444071,2561086124,2561087247,16358,1123
29097.456092,2561095139,2561096277,16373,1138
29097.468110,2561104150,2561105277,16027,1127
29097.480144,2561113192,2561114330,16374,1138
29097.492160,2561122241,2561123369,16377,1128
29097.510194,2561135806,2561136933,16366,1127
29097.522220,2561144804,2561145934,16112,1130
29097.540248,2561158341,2561159476,16032,1135
29097.552276,2561167391,2561168519,16353,1128
29097.564297,2561176430,2561177557,16374,1127
29097.585333,2561192236,2561193361,15989,1125
29097.597362,2561201261,2561202399,16360,1138
29097.640448,2561235203,2561236326,16439,1123
29097.672503,2561257763,2561258896,16347,1133
29097.684522,2561266817,2561267952,15998,1135
29097.744640,2561311967,2561313095,16453,1128
29097.756659,2561320990,2561322120,16067,1130
29097.783711,2561341355,2561342481,16072,1126
29097.794246,2561346813,2561347586,14525,773
29097.804331,2561351819,2561352418,12009,599
29097.819786,2561357232,2561358338,15197,1106
29097.837816,2561370733,2561371858,16241,1125
29097.849843,2561379800,2561380929,16312,1129
29097.873884,2561397944,2561399082,16256,1138
29097.885913,2561406988,2561408121,16310,1133
29097.897935,2561416065,2561417196,16371,1131
29097.909953,2561425151,2561426280,16261,1129
29097.921981,2561434199,2561435332,16316,1133
29097.934005,2561443263,2561444397,16390,1134
29097.946022,2561452331,2561453469,16249,1138
29097.961057,2561463673,2561464811,16392,1138
29097.973072,2561472741,2561473879,16256,1138
29097.988107,2561484093,2561485230,16365,1137
29098.012153,2561502226,2561503358,16312,1132
29098.024177,2561511303,2561512436,16390,1133
29098.036193,2561520359,2561521492,16248,1133
29098.048221,2561529417,2561530543,16284,1126
29098.060246,2561538486,2561539629,16399,1143
29098.072262,2561547562,2561548695,16270,1133
29098.084291,2561556631,2561557769,16314,1138
29098.117352,2561581526,2561582664,16316,1138
29098.129377,2561590602,2561591735,16312,1133
29098.180468,2561629139,2561630262,16258,1123
29098.192497,2561638196,2561639334,16321,1138
29098.216540,2561656346,2561657485,16311,1139
29098.228565,2561665470,2561666603,16312,1133
29098.243588,2561676810,2561677943,16232,1133
29098.255617,2561685873,2561687002,16312,1129
29098.276657,2561701741,2561702870,16375,1129
29098.288673,2561710796,2561711924,16251,1128
29098.300706,2561719853,2561720995,16311,1142
29098.314229,2561728294,2561729421,16317,1127
29098.329251,2561739612,2561740737,16236,1125
29098.341279,2561748664,2561749787,16313,1123
29098.353304,2561757719,2561758852,16403,1133
29098.371337,2561771327,2561772455,16388,1128
29098.383354,2561780383,2561781516,16256,1133
29098.395384,2561789457,2561790590,16319,1133
29098.407406,2561798507,2561799645,16391,1138
29098.419422,2561807615,2561808749,16226,1134
29098.431451,2561816683,2561817818,16312,1135
29098.443475,2561825756,2561826889,16400,1133
29098.455491,2561834823,2561835951,16232,1128
29098.467521,2561843894,2561845026,16317,1132
29098.485556,2561857479,2561858612,16316,1133
29098.497577,2561866539,2561867662,16390,1123
29098.515613,2561880125,2561881262,16321,1137
29098.527628,2561889219,2561890357,16236,1138
29098.539657,2561898284,2561899412,16315,1128
29098.551681,2561907332,2561908465,16402,1133
29098.563704,2561916403,2561917530,16318,1127
29098.575727,2561925474,2561926603,16326,1129
29098.587748,2561934538,2561935676,16303,1138
29098.599765,2561943605,2561944743,16250,1138
29098.620811,2561959492,2561960630,16312,1138
29098.632836,2561968581,2561969720,16385,1139
29098.644851,2561977648,2561978781,16246,1133
29098.656878,2561986733,2561987862,16311,1129
29098.668902,2561995815,2561996948,16378,1133
29098.695952,2562016203,2562017331,16373,1128
29098.707970,2562025276,2562026419,16247,1143
29098.719998,2562034366,2562035504,16311,1138
29098.732023,2562043451,2562044580,16300,1129
29098.744039,2562052511,2562053643,16255,1132
29098.756069,2562061598,2562062732,16246,1134
29098.768090,2562070666,2562071804,16372,1138
29098.780108,2562079742,2562080875,16179,1133
29098.792137,2562088799,2562089937,16226,1138
29098.804158,2562097868,2562099000,16380,1132
29098.816177,2562106938,2562108076,16246,1138
29098.828206,2562116048,2562117181,16244,1133
29098.840228,2562125143,2562126276,16471,1133
29098.852245,2562134206,2562135344,16331,1138
29098.864274,2562143288,2562144425,16402,1137
29098.877305,2562154617,2562155746,16264,1129
29098.897331,2562168192,2562169308,16263,1116
29098.909360,2562177227,2562178356,16318,1129
29098.921383,2562186291,2562187419,16391,1128
29098.933399,2562195343,2562196472,16159,1129
29098.945427,2562204402,2562205540,16315,1138
29098.957452,2562213480,2562214618,16390,1138
29098.969468,2562222557,2562223690,16265,1133
29098.984501,2562233919,2562235057,16371,1138
29098.996519,2562242982,2562244110,16262,1128
29099.023571,2562263429,2562264562,16251,1133
29099.035599,2562272500,2562273624,16314,1124
29099.049126,2562282850,2562283983,16316,1133
29099.088200,2562312330,2562313468,16387,1138
29099.100216,2562321393,2562322526,16253,1133
29099.112246,2562330446,2562331580,16403,1134
29099.124267,2562339525,2562340658,16440,1133
29099.136285,2562348593,2562349726,16343,1133
29099.151319,2562359951,2562361089,16377,1138
29099.163337,2562369052,2562370179,16140,1127
29099.175364,2562378139,2562379277,16313,1138
29099.187389,2562387203,2562388341,16391,1138
29099.199405,2562396284,2562397427,16244,1143
29099.211434,2562405400,2562406546,16229,1146
29099.223456,2562414491,2562415619,16281,1128
29099.235474,2562423582,2562424711,16177,1129
29099.247503,2562432629,2562433764,16313,1135
29099.259526,2562441728,2562442857,16321,1129
29099.277560,2562455328,2562456457,16381,1129
29099.289576,2562464393,2562465526,16244,1133
29099.352697,2562512045,2562513178,16263,1133
29099.364724,2562521107,2562522244,16225,1137
29099.376749,2562530181,2562531319,16384,1138
29099.388766,2562539261,2562540394,16264,1133
29099.403800,2562550580,2562551707,16467,1127
29099.445880,2562582265,2562583403,16315,1138
29099.457903,2562591465,2562592592,16322,1127
29099.469920,2562600542,2562601676,16248,1134
29099.481947,2562609631,2562610770,16294,1139
29099.493973,2562618716,2562619849,16405,1133
29099.512005,2562632347,2562633480,16374,1133
29099.524022,2562641426,2562642555,16265,1129
29099.536052,2562650491,2562651619,16315,1128
29099.548074,2562659540,2562660672,16373,1132
29099.561105,2562670893,2562672027,16307,1134
29099.581136,2562684523,2562685651,16311,1128
29099.593160,2562693610,2562694744,16393,1134
29099.617206,2562711792,2562712930,16320,1138
29099.629228,2562720888,2562722017,16382,1129
29099.653275,2562739018,2562740156,16323,1138
29099.665299,2562748162,2562749298,16399,1136
29099.719401,2562789060,2562790189,16389,1129
29099.731417,2562798109,2562799247,16250,1138
29099.743447,2562807178,2562808306,16312,1128
29099.755471,2562816249,2562817387,16328,1138
29099.767486,2562825301,2562826434,16233,1133
29099.788532,2562841180,2562842312,16311,1132
29099.800556,2562850262,2562851400,16398,1138
29099.860669,2562895629,2562896762,16312,1133
29099.872694,2562904713,2562905846,16405,1133
29099.884708,2562913834,2562914972,16237,1138
29099.911760,2562934211,2562935338,16255,1127
29099.923792,2562944817,2562945954,16313,1137
29099.935812,2562953898,2562955022,16386,1124
29099.947832,2562962987,2562964137,16254,1150
29099.959858,2562972089,2562973223,16225,1134
29099.971882,2562981160,2562982289,16313,1129
29099.983897,2562990245,2562991378,16237,1133
29099.995927,2562999323,2563000450,16227,1127
29100.007950,2563008398,2563009531,16392,1133
29100.019966,2563017452,2563018590,16251,1138
29100.031996,2563026530,2563027662,16317,1132
29100.044018,2563035610,2563036748,16387,1138
29100.068064,2563053744,2563054877,16316,1133
29100.080088,2563062877,2563064016,16401,1139
29100.092103,2563071942,2563073080,16238,1138
29100.104134,2563081028,2563082157,16231,1129
29100.116155,2563090124,2563091264,16298,1140
29100.128172,2563099206,2563100351,16248,1145
29100.146206,2563112817,2563113943,16248,1126
29100.158235,2563121880,2563123018,16313,1138
29100.197311,2563151349,2563152486,16396,1137
29100.209326,2563160417,2563161550,16248,1133
29100.233378,2563178597,2563179730,16297,1133
29100.245395,2563187675,2563188802,16152,1127
29100.260431,2563199010,2563200144,16399,1134
29100.272446,2563208084,2563209212,16233,1128
29100.284477,2563217170,2563218303,16312,1133
29100.296499,2563226223,2563227359,16400,1136
29100.308515,2563235309,2563236442,16256,1133
29100.323549,2563246651,2563247784,16384,1133
29100.335566,2563255731,2563256859,16255,1128
29100.347597,2563264788,2563265926,16363,1138
29100.368637,2563280651,2563281780,16393,1129
29100.380652,2563289694,2563290825,16234,1131
29100.407703,2563310099,2563311237,16251,1138
29100.419734,2563319164,2563320302,16314,1138
29100.431755,2563328243,2563329381,16385,1138
29100.443772,2563337356,2563338499,16251,1143
29100.464818,2563353234,2563354367,16311,1133
29100.476842,2563362285,2563363423,16403,1138
29100.500888,2563380464,2563381599,16316,1135
29100.512910,2563389548,2563390684,16387,1136
29100.548979,2563416785,2563417918,16322,1133
29100.560995,2563425874,2563427002,16235,1128
29100.573024,2563434929,2563436057,16315,1128
29100.585048,2563443992,2563445125,16400,1133
29100.597070,2563453072,2563454209,16309,1137
29100.609094,2563462146,2563463279,16319,1133
29100.666203,2563505277,2563506410,16401,1133
29100.678218,2563514349,2563515475,16238,1126
29100.690247,2563523436,2563524579,16298,1143
29100.711287,2563539347,2563540476,16384,1129
29100.723304,2563548433,2563549565,16238,1132
29100.735334,2563557511,2563558649,16317,1138
29100.747357,2563566586,2563567724,16321,1138
29100.759372,2563575672,2563576805,16239,1133
29100.771401,2563584729,2563585862,16228,1133
29100.783425,2563593807,2563594940,16401,1133
29100.795448,2563602867,2563603999,16313,1132
29100.807471,2563611962,2563613105,16269,1143
29100.819493,2563621036,2563622165,16388,1129
29100.831509,2563630097,2563631235,16252,1138
29100.843540,2563639183,2563640316,16315,1133
29100.861573,2563652765,2563653898,16314,1133
29100.873597,2563661834,2563662963,16400,1129
29100.891631,2563675433,2563676571,16400,1138
29100.903646,2563684520,2563685643,16261,1123
29100.915675,2563693590,2563694733,16310,1143
29100.927697,2563702669,2563703792,16374,1123
29100.939715,2563711733,2563712861,16262,1128
29100.951742,2563720800,2563721933,16309,1133
29100.963767,2563729852,2563730990,16300,1138
29100.975783,2563738939,2563740068,16244,1129
29100.987811,2563747997,2563749130,16312,1133
29100.999834,2563757071,2563758200,16370,1129
29101.011852,2563766129,2563767261,16265,1132
29101.023881,2563775216,2563776349,16271,1133
29101.035903,2563784296,2563785433,16371,1137
29101.047920,2563793349,2563794492,16240,1143
29101.059948,2563802434,2563803572,16222,1138
29101.071973,2563811493,2563812625,16389,1132
29101.083989,2563820559,2563821688,16246,1129
29101.096019,2563829625,2563830756,16315,1131
29101.117059,2563845537,2563846670,16382,1133
29101.129075,2563854603,2563855741,16261,1138
29101.141106,2563863676,2563864803,16319,1127
29101.193211,2563904497,2563905623,16398,1126
29101.234281,2563933975,2563935104,16390,1129
29101.249310,2563945297,2563946435,16311,1138
29101.261334,2563954372,2563955495,16399,1123
29101.303414,2563986092,2563987224,16313,1132
29101.315436,2563995188,2563996321,16299,1133
29101.327452,2564004254,2564005387,16163,1133
29101.339483,2564013304,2564014436,16315,1132
29101.351506,2564022397,2564023521,16399,1124
29101.372538,2564038310,2564039438,16232,1128
29101.384567,2564047375,2564048507,16313,1132
29101.456704,2564101759,2564102892,16312,1133
29101.468729,2564110818,2564111961,16402,1143
29101.480744,2564119908,2564121051,16235,1143
29101.492775,2564128982,2564130115,16318,1133
29101.504796,2564138062,2564139200,16388,1138
29101.516812,2564147145,2564148278,16249,1133
29101.528843,2564156219,2564157354,16318,1135
29101.544879,2564169816,2564170950,16309,1134
29101.556898,2564178898,2564180031,16297,1133
29101.568924,2564187985,2564189123,16233,1138
29101.640055,2564240111,2564241244,16320,1133
29101.652070,2564249184,2564250317,16232,1133
29101.664099,2564258228,2564259357,16316,1129
29101.676123,2564267319,2564268449,16398,1130
29101.688145,2564276388,2564277525,16315,1137
29101.700169,2564285466,2564286599,16227,1133
29101.712191,2564294543,2564295679,16388,1136
29101.724207,2564303616,2564304754,16255,1138
29101.736237,2564312692,2564313824,16313,1132
29101.748261,2564321762,2564322900,16402,1138
29101.760276,2564330841,2564331964,16235,1123
29101.772305,2564339917,2564341044,16274,1127
29101.784329,2564348976,2564350104,16402,1128
29101.820396,2564376218,2564377347,16387,1129
29101.832413,2564385263,2564386406,16248,1143
29101.892533,2564430639,2564431768,16386,1129
29101.904550,2564439711,2564440849,16251,1138
29101.916580,2564448796,2564449925,16312,1129
29101.928602,2564457875,2564459009,16384,1134
29101.940618,2564466951,2564468084,16229,1133
29101.952647,2564476022,2564477156,16313,1134
29101.997731,2564510235,2564511367,16445,1132
29102.009751,2564519281,2564520414,16375,1133
29102.021770,2564528346,2564529481,16113,1135
29102.099923,2564587370,2564588503,16371,1133
29102.111941,2564596412,2564597548,16029,1136
29102.123970,2564605457,2564606591,16355,1134
29102.135991,2564614528,2564615661,16338,1133
29102.148010,2564623570,2564624694,16067,1124
29102.160040,2564632584,2564633712,16363,1128
29102.172060,2564641628,2564642759,16381,1131
29102.208128,2564668738,2564669871,16455,1133
29102.220147,2564677743,2564678873,16109,1130
29102.232176,2564686779,2564687917,16445,1138
29102.244198,2564695848,2564696969,16349,1121
29102.256216,2564704853,2564705983,16035,1130
29102.268248,2564713886,2564714998,16218,1112
29102.280265,2564722903,2564724041,16455,1138
29102.292284,2564731907,2564733034,16107,1127
29102.304314,2564740928,2564742068,16441,1140
29102.319336,2564752229,2564753365,16025,1136
29102.331367,2564761329,2564762462,16401,1133
29102.343387,2564770403,2564771521,16430,1118
29102.355404,2564779408,2564780538,16107,1130
29102.367435,2564788469,2564789602,16463,1133
29102.379454,2564797485,2564798619,16374,1134
29102.391473,2564806522,2564807653,16029,1131
29102.403502,2564815564,2564816702,16366,1138
29102.415523,2564824595,2564825728,16378,1133
29102.427542,2564833616,2564834740,16106,1124
29102.439575,2564842673,2564843818,16455,1145
29102.457607,2564856205,2564857318,16208,1113
29102.469626,2564865221,2564866347,16379,1126
29102.505694,2564892280,2564893413,16458,1133
29102.517713,2564901308,2564902438,16107,1130
29102.532745,2564912590,2564913713,16262,1123
29102.544768,2564921776,2564922912,16233,1136
29102.559797,2564933073,2564934206,16367,1133
29102.631934,2564987317,2564988450,16258,1133
29102.643953,2564996356,2564997475,15914,1119
29102.655982,2565005386,2565006515,16359,1129
29102.668003,2565014431,2565015569,16376,1138
29102.680030,2565023452,2565024582,16113,1130
29102.692051,2565032468,2565033601,16363,1133
29102.704071,2565041513,2565042651,16376,1138
29102.716091,2565050537,2565051667,16028,1130
29102.728122,2565059583,2565060690,16216,1107
29102.740139,2565068629,2565069769,16288,1140
29102.752159,2565077683,2565078810,16030,1127
29102.764190,2565086738,2565087871,16389,1133
29102.776208,2565095773,2565096902,16457,1129
29102.788228,2565104783,2565105904,16108,1121
29102.800259,2565113848,2565114986,16468,1138
29102.812278,2565122922,2565124049,16380,1127
29102.851350,2565152294,2565153424,16310,1130
29102.863377,2565161332,2565162477,16366,1145
29102.875397,2565170405,2565171543,16375,1138
29102.887416,2565179426,2565180552,16028,1126
29102.899449,2565188478,2565189612,16379,1134
29102.911466,2565197497,2565198628,16464,1131
29102.923485,2565206534,2565207665,16071,1131
29102.935519,2565215593,2565216705,16297,1112
29102.947535,2565224601,2565225730,16370,1129
29102.959553,2565233615,2565234737,15945,1122
29102.971583,2565242655,2565243793,16319,1138
29102.983606,2565251700,2565252828,16360,1128
29102.995622,2565260727,2565261859,16027,1132
29103.007652,2565269776,2565270909,16275,1133
29103.019672,2565278817,2565279945,16374,1128
29103.031693,2565287859,2565288992,16229,1133
29103.043722,2565296910,2565298021,16216,1111
29103.055742,2565305940,2565307073,16341,1133
29103.068771,2565317215,2565318348,16358,1133
29103.148914,2565375881,2565377011,16030,1130
29103.160943,2565384936,2565386077,16359,1141
29103.172963,2565393981,2565395118,16375,1137
29103.184983,2565403063,2565404190,15995,1127
29103.197014,2565412104,2565413237,16405,1133
29103.273162,2565470782,2565471917,16110,1135
29103.305217,2565493314,2565494447,16362,1133
29103.317237,2565502353,2565503491,16372,1138
29103.356308,2565531694,2565532819,16026,1125
29103.368337,2565540750,2565541879,16363,1129
29103.404406,2565567877,2565569010,16364,1133
29103.416426,2565576919,2565578047,16373,1128
29103.443477,2565597283,2565598410,16370,1127
29103.455496,2565606302,2565607432,16023,1130
29103.473539,2565619864,2565620994,16108,1130
29103.485562,2565628877,2565630010,16358,1133
29103.497580,2565637908,2565639051,16368,1143
29103.509600,2565646951,2565648070,15996,1119
29103.560701,2565685353,2565686489,16372,1136
29103.572727,2565694372,2565695507,16113,1135
29103.584748,2565703427,2565704553,16360,1126
29103.656886,2565757608,2565758746,16367,1138
29103.668906,2565766635,2565767762,16377,1127
29103.680926,2565775650,2565776780,16029,1130
29103.780114,2565850168,2565851304,16103,1136
29103.792143,2565859392,2565860527,16359,1135
29103.804165,2565868475,2565869603,16254,1128
29103.816183,2565877504,2565878634,15943,1130
29103.828216,2565886579,2565887718,16378,1139
29103.840232,2565895632,2565896770,16284,1138
29103.852251,2565904663,2565905798,16027,1135
29103.864281,2565913694,2565914832,16366,1138
29103.876304,2565922751,2565923877,16358,1126
29103.891332,2565934022,2565935150,16358,1128
29103.912369,2565949829,2565950967,16371,1138
29103.924391,2565958896,2565960034,16235,1138
29103.936418,2565967946,2565969075,16365,1129
29103.984507,2566004059,2566005197,16376,1138
29103.996528,2566013141,2566014279,16227,1138
29104.104731,2566094469,2566095596,16103,1127
29104.116760,2566103502,2566104635,16358,1133
29104.128782,2566112552,2566113690,16346,1138
29104.140800,2566121582,2566122712,16024,1130
29104.191901,2566159982,2566161110,16378,1128
29104.203920,2566169176,2566170306,16034,1130
29104.215949,2566178223,2566179356,16363,1133
29104.227971,2566187273,2566188412,16254,1139
29104.239992,2566196314,2566197457,16227,1143
29104.252018,2566205354,2566206478,16274,1124
29104.270055,2566218908,2566220046,16401,1138
29104.282072,2566227951,2566229084,16377,1133
29104.321146,2566257268,2566258406,16229,1138
29104.333172,2566266317,2566267449,16362,1132
29104.396296,2566313724,2566314847,16368,1123
29104.408314,2566322787,2566323915,16344,1128
29104.420334,2566331814,2566332947,16317,1133
29104.432361,2566340855,2566341979,16445,1124
29104.444381,2566349894,2566351033,16378,1139
29104.489466,2566383802,2566384935,16376,1133
29104.501486,2566392819,2566393949,16028,1130
29104.516518,2566404129,2566405267,16341,1138
29104.600675,2566467313,2566468448,16106,1135
29104.612704,2566476373,2566477511,16442,1138
29104.627726,2566487697,2566488830,16069,1133
29104.639755,2566496721,2566497853,16443,1132
29104.651775,2566505757,2566506884,16443,1127
29104.663802,2566514778,2566515913,16192,1135
29104.681829,2566528320,2566529447,16024,1127
29104.693858,2566537324,2566538457,16447,1133
29104.711892,2566550838,2566551964,16363,1126
29104.723914,2566559887,2566561010,16427,1123
29104.735932,2566568914,2566570034,16074,1120
29104.753969,2566582468,2566583605,16232,1137
29104.765998,2566591503,2566592632,16412,1129
29104.808069,2566623101,2566624231,16107,1130
29104.820103,2566632171,2566633294,16376,1123
29104.838132,2566645715,2566646847,16362,1132
29104.904256,2566695412,2566696544,16458,1132
29104.916277,2566704435,2566705562,16321,1127
29104.928304,2566713462,2566714599,16364,1137
29104.943326,2566724757,2566725886,16102,1129
29104.955355,2566733789,2566734922,16447,1133
29104.967379,2566742860,2566743992,16384,1132
29104.985410,2566756423,2566757556,16375,1133
29104.997429,2566765441,2566766568,16030,1127
29105.012462,2566776734,2566777867,16345,1133
29105.024480,2566785777,2566786907,15992,1130
29105.052543,2566808371,2566809498,16360,1127
29105.156736,2566885153,2566886286,16370,1133
29105.171769,2566896433,2566897542,16211,1109
29105.192804,2566912203,2566913334,16371,1131
29105.204824,2566921219,2566922349,15945,1130
29105.216857,2566930265,2566931398,16288,1133
29105.228874,2566939359,2566940482,16348,1123
29105.240892,2566948360,2566949481,16108,1121
29105.267943,2566968689,2566969814,16022,1125
29105.279973,2566977723,2566978856,16385,1133
29105.298007,2566991265,2566992399,16442,1134
29105.310027,2567000320,2567001454,16265,1134
29105.352110,2567031950,2567033085,16369,1135
29105.364133,2567041002,2567042131,16360,1129
29105.376150,2567050019,2567051153,16105,1134
29105.394184,2567063542,2567064677,16022,1135
29105.406215,2567072589,2567073701,16215,1112
29105.418235,2567081665,2567082797,16431,1132
29105.433265,2567093020,2567094149,16359,1129
29105.457311,2567111096,2567112226,16189,1130
29105.469333,2567120142,2567121275,16366,1133
29105.481353,2567129190,2567130323,16371,1133
29105.493372,2567138220,2567139351,16028,1131
29105.544474,2567176632,2567177766,16381,1134
29105.556500,2567185692,2567186830,16080,1138
29105.583544,2567206022,2567207157,16104,1135
29105.595573,2567215065,2567216198,16360,1133
29105.607593,2567224103,2567225236,16266,1133
29105.625629,2567237694,2567238820,16342,1126
29105.637646,2567246750,2567247882,16028,1132
29105.685744,2567282881,2567284014,16440,1133
29105.697765,2567291915,2567293047,16379,1132
29105.787936,2567359657,2567360784,16380,1127
29105.799955,2567368664,2567369789,16104,1125
29105.817989,2567382212,2567383343,15987,1131
29105.830019,2567391234,2567392372,16367,1138
29105.845044,2567402583,2567403710,16234,1127
29105.857073,2567411634,2567412762,16410,1128
29105.869090,2567420683,2567421815,16460,1132
29105.881110,2567429693,2567430828,16105,1135
29105.896142,2567441010,2567442137,16381,1127
29105.908163,2567450049,2567451185,16330,1136
29105.971281,2567497472,2567498610,15994,1138
29106.007352,2567524594,2567525722,16229,1128
29106.019381,2567533646,2567534758,16216,1112
29106.031399,2567542662,2567543795,16379,1133
29106.043418,2567551744,2567552887,16072,1143
29106.055451,2567560797,2567561935,16405,1138
29106.067468,2567569847,2567570980,16458,1133
29106.079487,2567578875,2567579999,16106,1124
29106.097521,2567592409,2567593544,16022,1135
29106.109555,2567601452,2567602590,16461,1138
29106.124573,2567612758,2567613891,16027,1133
29106.139605,2567624042,2567625176,16458,1134
29106.224773,2567689555,2567690698,16355,1143
29106.241795,2567700860,2567701988,16027,1128
29106.253828,2567709921,2567711053,16415,1132
29106.265845,2567718954,2567720086,16380,1132
29106.328966,2567766394,2567767526,16381,1132
29106.340984,2567775435,2567776575,16068,1140
29106.353016,2567784485,2567785623,16414,1138
29106.377053,2567802564,2567803699,16068,1135
29106.389084,2567811604,2567812721,16295,1117
29106.434167,2567845457,2567846589,16438,1132
29106.446190,2567854510,2567855642,16349,1132
29106.461219,2567865796,2567866929,16443,1133
29106.473240,2567874841,2567875964,16384,1123
29106.488270,2567886131,2567887264,16437,1133
29106.536361,2567922307,2567923436,16348,1129
29106.548386,2567931368,2567932494,16079,1126
29106.623528,2567987756,2567988878,16357,1122
29106.636558,2567999018,2568000150,16022,1132
29106.653585,2568010317,2568011450,16357,1133
29106.665601,2568019360,2568020490,16031,1130
29106.677631,2568028398,2568029531,16357,1133
29106.728722,2568066761,2568067885,16027,1124
29106.740751,2568075774,2568076910,16359,1136
29106.824908,2568139013,2568140143,16374,1130
29106.836927,2568148021,2568149146,16027,1125
29106.848959,2568157034,2568158172,16407,1138
29106.860976,2568166067,2568167200,16374,1133
29106.877010,2568179662,2568180800,16452,1138
29106.921094,2568211250,2568212382,16366,1132
29106.933114,2568220279,2568221411,16377,1132
29106.954151,2568236100,2568237225,16030,1125
29106.966189,2568242285,2568242916,13824,631
29106.980334,2568247746,2568248345,11976,599
29106.993234,2568253725,2568254851,16308,1126
29107.005257,2568262724,2568263843,16381,1119
29107.017273,2568271736,2568272863,16159,1127
29107.029304,2568280797,2568281923,16311,1126
29107.041325,2568289832,2568290973,16386,1141
29107.068378,2568310230,2568311352,16399,1122
29107.080393,2568319287,2568320420,16145,1133
29107.092423,2568328402,2568329541,16316,1139
29107.104446,2568337512,2568338646,16394,1134
29107.167565,2568385304,2568386431,16386,1127
29107.185599,2568398869,2568400002,16383,1133
29107.197615,2568407932,2568409058,16232,1126
29107.227679,2568430564,2568431704,16312,1140
29107.239704,2568439615,2568440742,16401,1127
29107.257737,2568453296,2568454439,16376,1143
29107.269753,2568462398,2568463541,16160,1143
29107.284790,2568473793,2568474931,16399,1138
29107.299818,2568485420,2568486558,16318,1138
29107.311840,2568494558,2568495700,16294,1142
29107.323856,2568503681,2568504821,16233,1140
29107.341896,2568517365,2568518505,16307,1140
29107.356925,2568528759,2568529894,16382,1135
29107.368941,2568537884,2568539022,16190,1138
29107.389987,2568553875,2568555011,16308,1136
29107.404515,2568566930,2568568063,16383,1133
29107.463622,2568610176,2568611303,16232,1127
29107.472332,2568616733,2568617612,15419,879
29107.486164,2568625416,2568626553,16189,1137
29107.505213,2568641282,2568642412,16308,1130
29107.517229,2568650349,2568651481,16380,1132
29107.540273,2568666228,2568667363,16315,1135
29107.552297,2568675304,2568676442,16329,1138
29107.564321,2568684357,2568685495,16407,1138
29107.576336,2568693435,2568694568,16238,1133
29107.588365,2568702504,2568703642,16399,1138
29107.600388,2568711577,2568712709,16388,1132
29107.612405,2568720637,2568721769,16251,1132
29107.624435,2568729703,2568730844,16315,1141
29107.639462,2568741039,2568742171,16310,1132
29107.651485,2568750136,2568751269,16318,1133
29107.663509,2568759206,2568760332,16359,1126
29107.681544,2568772789,2568773918,16400,1129
29107.693559,2568781868,2568782997,16328,1129
29107.711593,2568795498,2568796631,16263,1133
29107.723622,2568804598,2568805737,16315,1139
29107.735644,2568813690,2568814828,16372,1138
29107.747662,2568822763,2568823892,16247,1129
29107.759690,2568831840,2568832966,16227,1126
29107.771714,2568840889,2568842027,16386,1138
29107.783730,2568849962,2568851090,16248,1128
29107.801764,2568863550,2568864683,16241,1133
29107.813794,2568872610,2568873748,16311,1138
29107.825816,2568881683,2568882816,16456,1133
29107.837837,2568890734,2568891872,16397,1138
29107.849861,2568899820,2568900953,16312,1133
29107.861885,2568908904,2568910042,16385,1138
29107.873902,2568917947,2568919087,16245,1140
29107.885929,2568927013,2568928146,16313,1133
29107.897952,2568936097,2568937230,16370,1133
29107.909970,2568945212,2568946345,16248,1133
29107.922001,2568954265,2568955393,16312,1128
29107.934023,2568963308,2568964439,16383,1131
29107.946039,2568972370,2568973499,16231,1129
29107.970092,2568990466,2568991593,16400,1127
29107.982108,2568999505,2569000632,16236,1127
29107.994138,2569008546,2569009684,16308,1138
29108.006160,2569017596,2569018748,16385,1152
29108.018176,2569026685,2569027818,16246,1133
29108.039223,2569042500,2569043621,16321,1121
29108.049241,2569051575,2569052711,16326,1136
29108.069282,2569065172,2569066304,16402,1132
29108.081296,2569074238,2569075376,16233,1138
29108.105348,2569092392,2569093518,16378,1126
29108.117365,2569101463,2569102595,16264,1132
29108.141417,2569119598,2569120737,16475,1139
29108.153434,2569128678,2569129811,16327,1133
29108.165461,2569137751,2569138884,16313,1133
29108.177486,2569146808,2569147940,16391,1132
29108.189502,2569155847,2569156988,16216,1141
29108.225570,2569183045,2569184177,16263,1132
29108.237599,2569192104,2569193237,16272,1133
29108.249625,2569201167,2569202295,16388,1128
29108.261639,2569210236,2569211363,16242,1127
29108.312742,2569248743,2569249876,16369,1133
29108.324759,2569257807,2569258950,16205,1143
29108.339796,2569269136,2569270271,16397,1135
29108.351811,2569278213,2569279342,16233,1129
29108.363840,2569287256,2569288389,16314,1133
29108.375864,2569296339,2569297472,16400,1133
29108.387879,2569305400,2569306533,16248,1133
29108.399910,2569314465,2569315597,16312,1132
29108.411931,2569323518,2569324645,16383,1127
29108.423948,2569332579,2569333716,16251,1137
29108.435977,2569341643,2569342775,16317,1132
29108.448002,2569350713,2569351845,16401,1132
29108.460019,2569359801,2569360939,16233,1138
29108.472045,2569368876,2569370008,16315,1132
29108.484069,2569377949,2569379077,16323,1128
29108.496085,2569386995,2569388124,16242,1129
29108.520137,2569405123,2569406252,16383,1129
29108.532160,2569414192,2569415324,16312,1132
29108.544183,2569423262,2569424400,16319,1138
29108.556207,2569432320,2569433458,16309,1138
29108.568222,2569441400,2569442533,16233,1133
29108.580251,2569450451,2569451584,16313,1133
29108.592275,2569459528,2569460666,16384,1138
29108.604291,2569468600,2569469726,16292,1126
29108.616321,2569477649,2569478782,16396,1133
29108.631348,2569488964,2569490096,16318,1132
29108.643372,2569498025,2569499163,16359,1138
29108.655396,2569507120,2569508241,16407,1121
29108.667411,2569516184,2569517317,16318,1133
29108.679440,2569525253,2569526391,16324,1138
29108.691463,2569534314,2569535462,16385,1148
29108.703480,2569543376,2569544508,16257,1132
29108.715510,2569552431,2569553565,16314,1134
29108.727532,2569561506,2569562634,16379,1128
29108.739548,2569570602,2569571735,16245,1133
29108.751576,2569579647,2569580781,16320,1134
29108.763600,2569588707,2569589834,16385,1127
29108.775617,2569597775,2569598908,16244,1133
29108.787646,2569606848,2569607981,16308,1133
29108.799667,2569615918,2569617047,16376,1129
29108.811685,2569624986,2569626119,16263,1133
29108.823714,2569634059,2569635193,16314,1134
29108.835738,2569643125,2569644263,16393,1138
29108.847754,2569652183,2569653312,16248,1129
29108.859782,2569661247,2569662376,16317,1129
29108.871806,2569670295,2569671418,16390,1123
29108.904869,2569695187,2569696310,16315,1123
29108.916890,2569704237,2569705370,16369,1133
29108.928913,2569713287,2569714414,16309,1127
29108.943945,2569724632,2569725765,16399,1133
29108.955960,2569733702,2569734838,16187,1136
29108.967988,2569742755,2569743884,16222,1129
29108.980012,2569751816,2569752945,16324,1129
29108.992029,2569760881,2569762013,16330,1132
29109.004059,2569769942,2569771075,16223,1133
29109.016080,2569779016,2569780148,16290,1132
29109.028103,2569788076,2569789208,16309,1132
29109.040126,2569797150,2569798281,16320,1131
29109.052150,2569806226,2569807358,16401,1132
29109.064166,2569815293,2569816426,16232,1133
29109.076195,2569824363,2569825501,16316,1138
29109.088218,2569833433,2569834565,16383,1132
29109.100234,2569842483,2569843616,16166,1133
29109.112264,2569851541,2569852675,16312,1134
29109.124286,2569860594,2569861737,16382,1143
29109.136303,2569869686,2569870824,16186,1138
29109.148330,2569878772,2569879906,16225,1134
29109.193418,2569912739,2569913866,16313,1127
29109.205440,2569921801,2569922932,16371,1131
29109.265553,2569967118,2569968242,16315,1124
29109.277576,2569976154,2569977286,16321,1132
29109.289595,2569985194,2569986326,16263,1132
29109.319658,2570007889,2570009022,16313,1133
29109.331680,2570016951,2570018089,16390,1138
29109.343697,2570026045,2570027177,16156,1132
29109.361731,2570039638,2570040776,16225,1138
29109.373760,2570048695,2570049828,16222,1133
29109.397800,2570066790,2570067928,16246,1138
29109.409830,2570075850,2570076983,16312,1133
29109.433869,2570093966,2570095093,16234,1127
29109.445898,2570103024,2570104157,16267,1133
29109.481968,2570130228,2570131357,16309,1129
29109.493989,2570139284,2570140410,16379,1126
29109.548093,2570180047,2570181174,16396,1127
29109.560109,2570189147,2570190276,16138,1129
29109.572138,2570198202,2570199335,16316,1133
29109.584161,2570207281,2570208414,16386,1133
29109.605194,2570223116,2570224251,16243,1135
29109.617225,2570232200,2570233341,16267,1141
29109.641263,2570250342,2570251475,16233,1133
29109.653292,2570259398,2570260531,16316,1133
29109.665316,2570268486,2570269615,16357,1129
29109.677332,2570277532,2570278666,16335,1134
29109.689362,2570286584,2570287717,16368,1133
29109.701383,2570295645,2570296777,16381,1132
29109.713401,2570304724,2570305856,16257,1132
29109.725429,2570313769,2570314907,16402,1138
29109.752481,2570334172,2570335301,16273,1129
29109.767503,2570345509,2570346636,16228,1127
29109.779532,2570354604,2570355737,16312,1133
29109.791554,2570363655,2570364788,16279,1133
29109.802076,2570372083,2570373235,16298,1152
29109.814098,2570381167,2570382305,16385,1138
29109.829126,2570392504,2570393630,16305,1126
29109.841148,2570401565,2570402697,16369,1132
29109.853166,2570410616,2570411754,16261,1138
29109.868200,2570421934,2570423061,16373,1127
29109.880218,2570430964,2570432092,16255,1128
29109.892245,2570440018,2570441151,16309,1133
29109.904270,2570449087,2570450213,16346,1126
29109.916286,2570458124,2570459257,16248,1133
29109.928315,2570467199,2570468333,16311,1134
29109.949354,2570483083,2570484221,16380,1138
29109.961372,2570492157,2570493295,16260,1138
29109.973400,2570501222,2570502354,16318,1132
29109.985426,2570510310,2570511453,16342,1143
29109.997440,2570519370,2570520502,16250,1132
29110.009468,2570528410,2570529543,16267,1133
29110.024492,2570539734,2570540861,16264,1127
29110.038020,2570550194,2570551324,16253,1130
29110.053052,2570561522,2570562654,16389,1132
29110.065069,2570570593,2570571725,16161,1132
29110.080103,2570581945,2570583078,16367,1133
29110.125190,2570615902,2570617035,16389,1133
29110.137206,2570624965,2570626088,16249,1123
29110.149234,2570634029,2570635158,16315,1129
29110.179291,2570656696,2570657829,16366,1133
29110.191309,2570665773,2570666905,16158,1132
29110.203340,2570674823,2570675955,16319,1132
29110.221372,2570688401,2570689536,16320,1135
29110.233397,2570697472,2570698610,16399,1138
29110.311545,2570756407,2570757541,16316,1134
29110.323568,2570765443,2570766572,16403,1129
29110.336599,2570776780,2570777913,16308,1133
29110.353618,2570788121,2570789249,16192,1128
29110.365647,2570797181,2570798314,16320,1133
29110.377670,2570806243,2570807376,16387,1133
29110.389688,2570815333,2570816471,16263,1138
29110.404720,2570826670,2570827805,16373,1135
29110.443789,2570856146,2570857279,16246,1133
29110.455817,2570865203,2570866336,16318,1133
29110.467840,2570874277,2570875406,16327,1129
29110.479858,2570883350,2570884482,16266,1132
29110.491887,2570892416,2570893547,16313,1131
29110.503908,2570901490,2570902616,16447,1126
29110.545988,2570933176,2570934309,16320,1133
29110.558013,2570942243,2570943376,16432,1133
29110.585063,2570962628,2570963766,16370,1138
29110.597081,2570971708,2570972839,16337,1131
29110.630151,2570996650,2570997777,16485,1127
29110.642166,2571005696,2571006829,16320,1133
29110.702288,2571050969,2571052095,16390,1126
29110.729340,2571071371,2571072514,16402,1143
29110.741355,2571080437,2571081569,16232,1132
29110.753385,2571089500,2571090622,16317,1122
29110.768406,2571100855,2571101987,16243,1132
29110.780437,2571109921,2571111059,16315,1138
29110.792458,2571118998,2571120131,16377,1133
29110.804475,2571128099,2571129235,16252,1136
29110.852573,2571164326,2571165458,16312,1132
29110.864596,2571173406,2571174534,16320,1128
29110.876612,2571182481,2571183613,16250,1132
29110.897660,2571198359,2571199497,16313,1138
29110.909681,2571207418,2571208555,16387,1137
29110.921698,2571216481,2571217613,16234,1132
29110.933727,2571225549,2571226672,16272,1123
29110.948750,2571236848,2571237986,16239,1138
29110.960779,2571245909,2571247046,16403,1137
29110.984818,2571264056,2571265189,16251,1133
29110.996848,2571273111,2571274249,16316,1138
29111.008870,2571282197,2571283326,16381,1129
29111.065973,2571325242,2571326374,16243,1132
29111.078003,2571334296,2571335434,16317,1138
29111.169174,2571404541,2571405677,16381,1136
29111.186209,2571415870,2571416997,16315,1127
29111.198230,2571424937,2571426066,16387,1129
29111.213262,2571436458,2571437585,16412,1127
29111.273365,2571481576,2571482706,15998,1130
29111.285393,2571490593,2571491716,16364,1123
29111.375565,2571558311,2571559444,16361,1133
29111.387585,2571567326,2571568453,16378,1127
29111.405620,2571580850,2571581977,16373,1127
29111.417639,2571589884,2571591019,16111,1135
29111.477757,2571635090,2571636223,16377,1133
29111.489776,2571644121,2571645251,16072,1130
29111.579947,2571711829,2571712963,16104,1134
29111.591977,2571720869,2571722001,16363,1132
29111.603997,2571729900,2571731036,16461,1136
29111.616021,2571738967,2571740100,16313,1133
29111.628045,2571747996,2571749122,16447,1126
29111.640065,2571757003,2571758135,16372,1132
29111.652084,2571766017,2571767142,16031,1125
29111.670119,2571779602,2571780729,16069,1127
29111.682148,2571788629,2571789767,16449,1138
29111.700183,2571802181,2571803319,16444,1138
29111.712206,2571811242,2571812368,16372,1126
29111.724221,2571820280,2571821410,15996,1130
29111.736251,2571829299,2571830440,16360,1141
29111.757288,2571845101,2571846239,16254,1138
29111.769307,2571854130,2571855244,15993,1114
29111.805384,2571881181,2571882316,16111,1135
29111.817405,2571890207,2571891333,16355,1126
29111.847459,2571912798,2571913925,16457,1127
29111.859482,2571921827,2571922959,16316,1132
29111.871512,2571930873,2571932012,16456,1139
29111.907580,2571957929,2571959062,16411,1133
29111.919597,2571966960,2571968090,16378,1130
29111.931616,2571975974,2571977104,16034,1130
29111.943649,2571985048,2571986185,16381,1137
29111.955665,2571994075,2571995208,16257,1133
29111.967684,2572003100,2572004230,16071,1130
29111.979714,2572012131,2572013263,16357,1132
29111.991734,2572021154,2572022277,16370,1123
29112.003761,2572030158,2572031282,16122,1124
29112.024800,2572045927,2572047060,16437,1133
29112.036821,2572055022,2572056158,16258,1136
29112.123992,2572120463,2572121590,16456,1127
29112.136009,2572129478,2572130614,16459,1136
29112.148027,2572138491,2572139616,16109,1125
29112.166062,2572152068,2572153193,15990,1125
29112.178091,2572161082,2572162215,16370,1133
29112.226180,2572197144,2572198282,16457,1138
29112.238199,2572206219,2572207364,16116,1145
29112.328370,2572274217,2572275343,16027,1126
29112.340399,2572283256,2572284385,16362,1129
29112.361439,2572299109,2572300238,16350,1129
29112.373456,2572308146,2572309271,16077,1125
29112.391491,2572321655,2572322790,16109,1135
29112.403523,2572330692,2572331829,16414,1137
29112.415540,2572339715,2572340853,16374,1138
29112.427562,2572348743,2572349852,16269,1109
29112.439588,2572357757,2572358895,16380,1138
29112.451609,2572366834,2572367961,16268,1127
29112.463627,2572375862,2572376982,15993,1120
29112.475657,2572384870,2572386002,16267,1132
29112.496694,2572400684,2572401816,16370,1132
29112.508713,2572409689,2572410818,16031,1129
29112.520743,2572418739,2572419872,16359,1133
29112.532763,2572427771,2572428909,16375,1138
29112.553802,2572443599,2572444732,16230,1133
29112.565828,2572452618,2572453752,16361,1134
29112.616919,2572490962,2572492092,16024,1130
29112.628949,2572499992,2572501130,16361,1138
29112.640969,2572509031,2572510164,16379,1133
29112.656004,2572520384,2572521516,16283,1132
29112.668020,2572529415,2572530538,16286,1123
29112.680039,2572538408,2572539534,16109,1126
29112.701088,2572554197,2572555326,16483,1129
29112.713106,2572563245,2572564372,16459,1127
29112.752179,2572592580,2572593710,16313,1130
29112.764206,2572601606,2572602739,16448,1133
29112.776226,2572610636,2572611764,16371,1128
29112.788245,2572619659,2572620784,16028,1125
29112.809291,2572635509,2572636638,16349,1129
29112.821312,2572644537,2572645671,16374,1134
29112.848363,2572664848,2572665986,16259,1138
29112.860383,2572673895,2572675020,16000,1125
29112.872412,2572682938,2572684070,16355,1132
29112.884431,2572691974,2572693096,16373,1122
29112.896458,2572700961,2572702096,16111,1135
29112.944548,2572737049,2572738182,16439,1133
29112.956570,2572746093,2572747221,16428,1128
29112.968588,2572755102,2572756227,16028,1125
29112.983620,2572766387,2572767520,16377,1133
29113.001657,2572779955,2572781081,16445,1126
29113.013673,2572788962,2572790097,16105,1135
29113.025703,2572797985,2572799123,16446,1138
29113.037725,2572807035,2572808172,16348,1137
29113.055759,2572820588,2572821710,16427,1122
29113.067780,2572829638,2572830765,16140,1127
29113.079806,2572838677,2572839811,16357,1134
29113.091826,2572847713,2572848845,16374,1132
29113.103845,2572856707,2572857843,16025,1136
29113.115876,2572865739,2572866851,16210,1112
29113.127896,2572874729,2572875856,16347,1127
29113.176994,2572913064,2572914202,16436,1138
29113.224084,2572946965,2572948097,16366,1132
29113.236101,2572956002,2572957144,16383,1142
29113.248122,2572965060,2572966193,16246,1133
29113.260149,2572974089,2572975227,16356,1138
29113.272171,2572983169,2572984307,16348,1138
29113.284190,2572992202,2572993327,16066,1125
29113.383377,2573066686,2573067816,16026,1130
29113.395409,2573075758,2573076887,16375,1129
29113.407426,2573084778,2573085914,16382,1136
29113.419448,2573093782,2573094896,16261,1114
29113.431476,2573102763,2573103880,16111,1117
29113.443495,2573111732,2573112864,16348,1132
29113.455516,2573120771,2573121900,16313,1129
29113.467544,2573129811,2573130943,16386,1132
29113.479563,2573138841,2573139974,16373,1133
29113.491590,2573147847,2573148970,16113,1123
29113.503612,2573156866,2573158003,16438,1137
29113.545688,2573188477,2573189610,16315,1133
29113.557715,2573197492,2573198624,16439,1132
29113.569735,2573206522,2573207651,16381,1129
29113.600802,2573231349,2573232481,16356,1132
29113.617826,2573242643,2573243748,16335,1105
29113.629852,2573251637,2573252775,16362,1138
29113.668924,2573280984,2573282119,16382,1135
29113.680943,2573290052,2573291182,16029,1130
29113.704992,2573308124,2573309257,16374,1133
29113.717011,2573317130,2573318255,16028,1125
29113.738058,2573332932,2573334064,16439,1132
29113.750080,2573341993,2573343120,16349,1127
29113.765109,2573353287,2573354419,16437,1132
29113.805191,2573384896,2573386026,16018,1130
29113.876318,2573436832,2573437970,16457,1138
29113.888349,2573445909,2573447042,16304,1133
29113.909384,2573461702,2573462845,16361,1143
29113.921403,2573470776,2573471914,16372,1138
29113.975507,2573511393,2573512516,16377,1123
29114.005563,2573533970,2573535097,16228,1127
29114.017589,2573542998,2573544140,16356,1142
29114.056659,2573572402,2573573528,16351,1126
29114.068680,2573581428,2573582562,16027,1134
29114.089729,2573597261,2573598385,16369,1124
29114.101749,2573606296,2573607422,16370,1126
29114.116778,2573617560,2573618686,16437,1126
29114.128799,2573626606,2573627739,16461,1133
29114.216971,2573694385,2573695518,16342,1133
29114.300124,2573755388,2573756516,16376,1128
29114.312143,2573764411,2573765537,16022,1126
29114.324172,2573773451,2573774589,16268,1138
29114.336193,2573782473,2573783611,16258,1138
29114.348211,2573791520,2573792655,15988,1135
29114.360241,2573800566,2573801704,16359,1138
29114.372262,2573809611,2573810740,16371,1129
29114.408330,2573836704,2573837836,16372,1132
29114.420349,2573845712,2573846842,16023,1130
29114.432378,2573854745,2573855878,16354,1133
29114.444400,2573863816,2573864949,16341,1133
29114.504515,2573908903,2573910030,16350,1127
29114.516537,2573917966,2573919099,16347,1133
29114.532568,2573931508,2573932644,16344,1136
29114.567635,2573956374,2573957506,16441,1132
29114.579656,2573965422,2573966555,16458,1133
29114.591674,2573974439,2573975564,16107,1125
29114.603704,2573983453,2573984582,16438,1129
29114.615724,2573992469,2573993603,16378,1134
29114.627743,2574001482,2574002607,16025,1125
29114.639777,2574010547,2574011685,16378,1138
29114.651789,2574019625,2574020769,16373,1144
29114.663808,2574028654,2574029775,15955,1121
29114.675841,2574037653,2574038785,16364,1132
29114.687864,2574046682,2574047815,16365,1133
29114.699880,2574055699,2574056819,16108,1120
29114.711910,2574064719,2574065857,16440,1138
29114.729944,2574078318,2574079447,16365,1129
29114.741965,2574087378,2574088506,16347,1128
29114.759988,2574100911,2574102036,16078,1125
29114.772020,2574109947,2574111085,16311,1138
29114.784050,2574118993,2574120123,16406,1130
29114.802081,2574132529,2574133672,16429,1143
29114.814101,2574141570,2574142703,16458,1133
29114.865201,2574179996,2574181129,16439,1133
29114.877222,2574189056,2574190190,16455,1134
29114.889244,2574198068,2574199201,16232,1133
29114.901269,2574207117,2574208247,16353,1130
29114.916292,2574218399,2574219529,16026,1130
29114.931324,2574229713,2574230836,16250,1123
29114.943343,2574238742,2574239872,15983,1130
29114.955373,2574247781,2574248919,16353,1138
29114.967393,2574256841,2574257972,16377,1131
29114.979420,2574265870,2574266990,16112,1120
29114.991441,2574274886,2574276019,16363,1133
29115.003462,2574283908,2574285036,16458,1128
29115.076609,2574340397,2574341532,16114,1135
29115.120685,2574372037,2574373170,16373,1133
29115.132706,2574381123,2574382258,16227,1135
29115.180804,2574417242,2574418375,16402,1133
29115.192822,2574426296,2574427429,16371,1133
29115.240909,2574462376,2574463505,16066,1129
29115.252939,2574471415,2574472539,16381,1124
29115.273978,2574487234,2574488361,16434,1127
29115.289009,2574498516,2574499654,16439,1138
29115.313046,2574516585,2574517715,15987,1130
29115.325076,2574525607,2574526736,16356,1129
29115.340098,2574536936,2574538071,16022,1135
29115.352127,2574545979,2574547110,16442,1131
29115.364148,2574555006,2574556129,16461,1123
29115.382185,2574568538,2574569666,16360,1128
29115.392331,2574577560,2574578690,16099,1130
29115.406230,2574586596,2574587725,16442,1129
29115.430272,2574604660,2574605783,16234,1123
29115.493389,2574652064,2574653199,16021,1135
29115.505419,2574661112,2574662245,16441,1133
29115.520441,2574672377,2574673507,16023,1130
29115.535475,2574683712,2574684850,16346,1138
29115.547492,2574692936,2574694066,16026,1130
29115.559526,2574701939,2574703051,16235,1112
29115.571531,2574710906,2574712036,16085,1130
29115.583561,2574719958,2574721091,16011,1133
29115.595592,2574728966,2574730099,16376,1133
29115.607599,2574737957,2574739082,16089,1125
29115.619631,2574746957,2574748100,16215,1143
29115.712816,2574816809,2574817954,16388,1145
29115.724833,2574825850,2574826978,16264,1128
29115.739869,2574837132,2574838256,16412,1124
29115.751886,2574846286,2574847418,16345,1132
29115.763903,2574855296,2574856420,16029,1124
29115.775937,2574864322,2574865455,16386,1133
29115.787944,2574873350,2574874480,16083,1130
29115.799976,2574882354,2574883461,16232,1107
29115.812005,2574891351,2574892484,16405,1133
29115.824019,2574900336,2574901466,16045,1130
29115.836045,2574909350,2574910481,16032,1131
29115.848073,2574918375,2574919508,16394,1133
29115.860081,2574927394,2574928529,16081,1135
29115.878116,2574940930,2574942060,16161,1130
29115.890143,2574949950,2574951085,16121,1135
29115.914183,2574967953,2574969083,16083,1130
29115.926211,2574976949,2574978087,16233,1138
29115.944250,2574990452,2574991587,16126,1135
29115.956275,2574999541,2575000679,16341,1138
29115.968286,2575008544,2575009674,16082,1130
29116.037432,2575060254,2575061380,16366,1126
29116.049440,2575069269,2575070399,16084,1130
29116.103556,2575109850,2575110988,16366,1138
29116.115576,2575118843,2575119967,16123,1124
29116.127605,2575127881,2575129019,16481,1138
29116.139611,2575136906,2575138037,16153,1131
29116.152647,2575148247,2575149385,16381,1138
29116.205748,2575186556,2575187686,16034,1130
29116.219281,2575193400,2575194036,13671,636
29116.232332,2575199295,2575199900,12088,605
29116.264360,2575219341,2575220471,16104,1130
29116.276388,2575228427,2575229559,16403,1132
29116.288410,2575237481,2575238610,16391,1129
29116.300424,2575246500,2575247626,15999,1126
29116.312458,2575255552,2575256690,16433,1138
29116.351530,2575284934,2575286067,16467,1133
29116.363545,2575294031,2575295156,16083,1125
29116.381579,2575307594,2575308714,16081,1120
29116.393612,2575316619,2575317762,16436,1143
29116.408633,2575327936,2575329074,16257,1138
29116.420664,2575336975,2575338104,16320,1129
29116.435682,2575348273,2575349414,16084,1141
29116.468755,2575373177,2575374315,16402,1138
29116.480767,2575382228,2575383365,16078,1137
29116.492801,2575391288,2575392421,16266,1133
29116.507819,2575402578,2575403708,15996,1130
29116.519852,2575411620,2575412758,16309,1138
29116.531873,2575420685,2575421817,16385,1132
29116.543888,2575429713,2575430844,16004,1131
29116.555920,2575438772,2575439905,16318,1133
29116.568951,2575450142,2575451275,16229,1133
29116.597990,2575470499,2575471624,15998,1125
29116.610024,2575479543,2575480672,16356,1129
29116.640079,2575502140,2575503273,16393,1133
29116.652090,2575511207,2575512343,15964,1136
29116.664128,2575520305,2575521443,16448,1138
29116.676149,2575529394,2575530539,16460,1145
29116.688159,2575538461,2575539591,15971,1130
29116.700195,2575547536,2575548674,16350,1138
29116.712216,2575556618,2575557756,16385,1138
29116.724327,2575565449,2575566324,15330,875
29116.737756,2575574196,2575575323,16006,1127
29116.761810,2575592257,2575593384,16463,1127
29116.773830,2575601513,2575602651,16257,1138
29116.788862,2575612846,2575613984,16382,1138
29116.800876,2575621932,2575623068,15920,1136
29116.812909,2575631014,2575632148,16320,1134
29116.827928,2575642358,2575643492,16083,1134
29116.839962,2575651430,2575652569,16353,1139
29116.851982,2575660473,2575661611,16389,1138
29116.876027,2575678537,2575679655,16229,1118
29116.889061,2575689813,2575690948,16001,1135
29116.901081,2575698863,2575699996,16351,1133
29116.924120,2575714709,2575715847,16396,1138
29116.936133,2575723743,2575724870,16001,1127
29116.948167,2575732801,2575733933,16343,1132
29116.960188,2575741848,2575742986,16382,1138
29116.972206,2575750924,2575752062,16245,1138
29116.985233,2575762254,2575763391,16382,1137
29117.020302,2575787193,2575788326,16311,1133
29117.032325,2575796238,2575797380,16429,1142
29117.044339,2575805282,2575806408,16001,1126
29117.077411,2575830200,2575831338,16378,1138
29117.089425,2575839249,2575840384,16005,1135
29117.101461,2575848308,2575849446,16430,1138
29117.116479,2575859641,2575860779,16231,1138
29117.128510,2575868684,2575869816,16254,1132
29117.152545,2575886708,2575887833,16030,1125
29117.164578,2575895747,2575896875,16312,1128
29117.185617,2575911622,2575912755,16468,1133
29117.197631,2575920656,2575921776,16003,1120
29117.221687,2575938754,2575939877,16397,1123
29117.233699,2575947771,2575948905,16005,1134
29117.257754,2575965841,2575966986,16365,1145
29117.269768,2575974926,2575976066,16005,1140
29117.287799,2575988586,2575989718,15968,1132
29117.299836,2575997693,2575998848,16432,1155
29117.311858,2576006826,2576007968,16317,1142
29117.323871,2576015953,2576017107,16005,1154
29117.335904,2576025075,2576026212,16347,1137
29117.347925,2576034145,2576035281,16384,1136
29117.359947,2576043165,2576044294,16084,1129
29117.371973,2576052247,2576053380,16320,1133
29117.383993,2576061418,2576062556,16377,1138
29117.396008,2576070436,2576071572,16002,1136
29117.408041,2576079474,2576080612,16347,1138
29117.420063,2576088580,2576089723,16306,1143
29117.432076,2576097621,2576098755,16076,1134
29117.444110,2576106669,2576107807,16390,1138
29117.456131,2576115740,2576116873,16384,1133
29117.468145,2576124755,2576125884,16082,1129
29117.480178,2576133811,2576134951,16354,1140
29117.492199,2576142875,2576144013,16387,1138
29117.504214,2576151908,2576153032,16008,1124
29117.516246,2576160983,2576162131,16327,1148
29117.528268,2576170082,2576171227,16466,1145
29117.540282,2576179130,2576180260,16080,1130
29117.555319,2576190463,2576191603,16381,1140
29117.579367,2576208570,2576209694,16344,1124
29117.591388,2576217684,2576218826,16380,1142
29117.603402,2576226724,2576227851,16000,1127
29117.615434,2576235780,2576236917,16318,1137
29117.627459,2576244863,2576245991,16401,1128
29117.639471,2576253863,2576254994,16001,1131
29117.651504,2576262909,2576264039,16350,1130
29117.663525,2576271950,2576273074,16469,1124
29117.675540,2576280980,2576282110,16079,1130
29117.693574,2576294536,2576295677,15998,1141
29117.705607,2576303633,2576304767,16321,1134
29117.717629,2576312727,2576313860,16395,1133
29117.729645,2576321779,2576322903,16000,1124
29117.783745,2576362459,2576363594,16000,1135
29117.795778,2576371668,2576372806,16434,1138
29117.807800,2576380758,2576381886,16402,1128
29117.819814,2576389831,2576390961,16014,1130
29117.831846,2576398883,2576400019,16350,1136
29117.843867,2576407956,2576409083,16361,1127
29117.855889,2576416998,2576418125,16083,1127
29117.867914,2576426041,2576427173,16339,1132
29117.880945,2576437327,2576438460,16017,1133
29117.897970,2576448673,2576449805,16367,1132
29117.909987,2576457788,2576458926,16244,1138
29117.922017,2576466840,2576467973,16351,1133
29117.934038,2576475931,2576477069,16367,1138
29117.946054,2576484955,2576486089,16022,1134
29117.976120,2576507589,2576508727,16435,1138
29117.988141,2576516654,2576517799,16343,1145
29118.000157,2576525811,2576526946,16017,1135
29118.012187,2576534877,2576536005,16313,1128
29118.024210,2576543909,2576545046,16369,1137
29118.036225,2576552974,2576554109,16093,1135
29118.048258,2576562036,2576563168,16349,1132
29118.060279,2576571080,2576572218,16379,1138
29118.096347,2576598234,2576599357,16370,1123
29118.108366,2576607287,2576608420,16253,1133
29118.141435,2576632301,2576633430,16389,1129
29118.153455,2576641341,2576642479,16311,1138
29118.165482,2576650427,2576651565,16393,1138
29118.177503,2576659503,2576660639,16414,1136
29118.189521,2576668596,2576669734,16096,1138
29118.201550,2576677694,2576678821,16394,1127
29118.213573,2576686753,2576687886,16400,1133
29118.244636,2576711630,2576712768,16336,1138
29118.327791,2576772796,2576773929,16430,1133
29118.339811,2576781819,2576782957,16377,1138
29118.357848,2576795453,2576796577,16392,1124
29118.369860,2576804484,2576805611,15997,1127
29118.396911,2576824899,2576826034,16078,1135
29118.408942,2576834029,2576835164,16315,1135
29118.441997,2576858909,2576860045,16015,1136
29118.505120,2576906488,2576907628,16249,1140
29118.517149,2576915556,2576916694,16332,1138
29118.553218,2576942764,2576943893,16391,1129
29118.565239,2576951816,2576952954,16456,1138
29118.580269,2576963128,2576964262,16348,1134
29118.604308,2576981247,2576982385,16248,1138
29118.616339,2576990331,2576991464,16326,1133
29118.628360,2576999393,2577000526,16388,1133
29118.661425,2577024293,2577025431,16396,1138
29118.673446,2577033406,2577034536,16386,1130
29118.760615,2577099135,2577100278,16446,1143
29118.772635,2577108200,2577109338,16387,1138
29118.808704,2577135498,2577136649,16393,1151
29118.820718,2577144681,2577145812,16082,1131
29118.856786,2577171839,2577172975,16002,1136
29118.868822,2577180913,2577182047,16353,1134
29118.880840,2577190005,2577191142,16380,1137
29118.892855,2577199038,2577200170,16078,1132
29118.904886,2577208122,2577209265,16311,1143
29118.916909,2577217182,2577218314,16381,1132
29118.969005,2577257913,2577259058,16353,1145
29119.010077,2577287564,2577288691,15999,1127
29119.022113,2577296634,2577297767,16295,1133
29119.034132,2577305691,2577306829,16382,1138
29119.046154,2577314782,2577315920,16087,1138
29119.058180,2577323851,2577324994,16345,1143
29119.079218,2577339735,2577340871,16386,1136
29119.094248,2577351111,2577352257,16348,1146
29119.124303,2577373810,2577374948,16382,1138
29119.136318,2577382870,2577384008,15996,1138
29119.148351,2577391938,2577393084,16314,1146
29119.175402,2577412361,2577413506,16308,1145
29119.187424,2577421468,2577422613,16356,1145
29119.199440,2577430539,2577431677,16229,1138
29119.211471,2577439617,2577440759,16350,1142
29119.223493,2577448757,2577449891,16386,1134
29119.235510,2577457796,2577458939,16021,1143
29119.253541,2577471393,2577472524,16001,1131
29119.265574,2577480443,2577481581,16347,1138
29119.292625,2577500858,2577502014,16305,1156
29119.304648,2577509968,2577511105,16397,1137
29119.367766,2577557698,2577558827,16385,1129
29119.379781,2577566713,2577567846,16003,1133
29119.391814,2577575774,2577576923,16346,1149
29119.409848,2577589372,2577590510,16343,1138
29119.421869,2577598466,2577599605,16379,1139
29119.433883,2577607575,2577608711,16078,1136
29119.445917,2577616636,2577617764,16314,1128
29119.481986,2577643913,2577645058,16431,1145
29119.497006,2577655261,2577656398,16227,1137
29119.509037,2577664355,2577665487,16327,1132
29119.602214,2577734612,2577735758,16400,1146
29119.614226,2577743716,2577744850,16001,1134
29119.626260,2577752766,2577753912,16351,1146
29119.638281,2577761899,2577763032,16378,1133
29119.689380,2577800473,2577801614,16348,1141
29119.701401,2577809576,2577810721,16354,1145
29119.728452,2577829995,2577831123,16383,1128
29119.743483,2577841335,2577842476,16317,1141
29119.812601,2577893546,2577894677,16040,1131
29119.824637,2577902614,2577903747,16309,1133
29119.836659,2577911721,2577912853,16368,1132
29119.848675,2577920794,2577921932,16268,1138
29119.860704,2577929868,2577931007,16346,1139
29119.872726,2577938956,2577940086,16362,1130
29119.884743,2577948049,2577949182,16265,1133
29119.911792,2577968452,2577969583,16014,1131
29119.923824,2577977522,2577978660,16347,1138
29119.935845,2577986626,2577987766,16425,1140
29119.947861,2577995687,2577996820,15932,1133
29119.959891,2578004741,2578005853,16148,1112
29119.971914,2578013776,2578014912,16372,1136
29119.983932,2578022853,2578023993,16268,1140
29120.001964,2578036449,2578037576,16011,1127
29120.013996,2578045503,2578046641,16350,1138
29120.032030,2578059082,2578060218,16341,1136
29120.044053,2578068354,2578069487,16282,1133
29120.056067,2578077395,2578078531,16017,1136
29120.068099,2578086460,2578087598,16328,1138
29120.080119,2578095534,2578096678,16369,1144
29120.092137,2578104621,2578105764,16248,1143
29120.104165,2578113741,2578114865,16229,1124
29120.116188,2578122792,2578123942,16452,1150
29120.128204,2578131857,2578132982,16016,1125
29120.140236,2578140954,2578142091,16321,1137
29120.152257,2578150033,2578151179,16367,1146
29120.164275,2578159153,2578160296,16347,1143
29120.176305,2578168250,2578169383,16356,1133
29120.188327,2578177342,2578178476,16316,1134
29120.200338,2578186413,2578187544,15965,1131
29120.212372,2578195478,2578196594,16230,1116
29120.224396,2578204539,2578205681,16472,1142
29120.239426,2578215869,2578216998,16320,1129
29120.251447,2578225016,2578226156,16265,1140
29120.263466,2578234112,2578235263,16280,1151
29120.275494,2578243247,2578244392,16312,1145
29120.287517,2578252359,2578253505,16319,1146
29120.299526,2578261466,2578262597,15957,1131
29120.311563,2578270565,2578271706,16349,1141
29120.323584,2578279656,2578280807,16355,1151
29120.335609,2578288992,2578290132,16402,1140
29120.360660,2578309344,2578310481,16037,1137
29120.443804,2578370445,2578371576,16094,1131
29120.455831,2578379512,2578380639,16352,1127
29120.467842,2578388545,2578389678,16161,1133
29120.479876,2578397619,2578398761,16055,1142
29120.491905,2578406732,2578407878,16394,1146
29120.503911,2578415747,2578416885,16083,1138
29120.515941,2578424780,2578425921,16048,1141
29120.527973,2578433823,2578434954,16429,1131
29120.539979,2578442836,2578443962,16080,1126
29120.552014,2578451828,2578452961,16057,1133
29120.564041,2578460895,2578462013,16180,1118
29120.576049,2578469868,2578470999,16088,1131
29120.588078,2578478924,2578480069,16224,1145
29120.606112,2578492493,2578493625,16124,1132
29120.618143,2578501557,2578502695,16453,1138
29120.648189,2578524085,2578525213,16242,1128
29120.660212,2578533135,2578534256,15961,1121
29120.672247,2578542158,2578543293,16392,1135
29120.690285,2578555817,2578556960,16392,1143
29120.711305,2578571652,2578572769,16157,1117
29120.723339,2578580682,2578581825,16132,1143
29120.735369,2578589764,2578590897,16473,1133
29120.747374,2578598809,2578599952,16091,1143
29120.765408,2578612369,2578613512,16082,1143
29120.777443,2578621369,2578622494,16047,1125
29120.840563,2578668907,2578670048,16117,1141
29120.852590,2578677929,2578679067,16473,1138
29120.864599,2578687056,2578688178,16082,1122
29120.876631,2578696070,2578697213,16038,1143
29120.903679,2578716529,2578717658,16037,1129
29120.915710,2578725595,2578726740,16395,1145
29120.927722,2578734667,2578735793,16194,1126
29120.939751,2578743663,2578744806,16119,1143
29120.951780,2578752743,2578753862,16308,1119
29120.984836,2578777560,2578778698,16314,1138
29120.996866,2578786658,2578787799,16495,1141
29121.008873,2578795711,2578796841,16100,1130
29121.053970,2578829620,2578830767,16356,1147
29121.065989,2578838718,2578839861,16041,1143
29121.090027,2578856812,2578857943,16079,1131
29121.102059,2578865849,2578866987,16072,1138
29121.114089,2578874962,2578876102,16455,1140
29121.126094,2578884004,2578885147,16082,1143
29121.192231,2578933816,2578934959,16088,1143
29121.204259,2578942866,2578944008,16399,1142
29121.216279,2578951954,2578953105,16363,1151
29121.228307,2578961004,2578962138,16194,1134
29121.255351,2578981373,2578982516,16042,1143
29121.267376,2578990502,2578991639,16372,1137
29121.279393,2578999552,2579000694,16036,1142
29121.300438,2579015363,2579016494,16039,1131
29121.312465,2579024422,2579025571,16391,1149
29121.384603,2579078697,2579079830,16402,1133
29121.396609,2579087710,2579088850,16081,1140
29121.468746,2579142009,2579143152,16087,1143
29121.480782,2579151135,2579152266,16257,1131
29121.504814,2579169233,2579170371,16075,1138
29121.516849,2579178285,2579179423,16038,1138
29121.576959,2579223478,2579224616,16052,1138
29121.588986,2579232545,2579233680,16059,1135
29121.605025,2579246112,2579247246,16133,1134
29121.625059,2579259708,2579260846,16118,1138
29121.640071,2579271036,2579272179,16156,1143
29121.676148,2579298215,2579299347,16003,1132
29121.688173,2579307358,2579308504,16235,1146
29121.700202,2579316425,2579317571,16387,1146
29121.712209,2579325494,2579326632,16080,1138
29121.724247,2579334536,2579335671,16034,1135
29121.736270,2579343579,2579344719,16385,1140
29121.748287,2579352650,2579353791,16284,1141
29121.760311,2579361682,2579362816,16017,1134
29121.772341,2579370741,2579371860,16231,1119
29121.784347,2579379801,2579380939,16083,1138
29121.823435,2579409234,2579410363,16306,1129
29121.835460,2579418281,2579419399,16216,1118
29121.853491,2579431869,2579432985,16180,1116
29121.865509,2579440922,2579442063,16361,1141
29121.880547,2579452252,2579453390,16400,1138
29121.892553,2579461471,2579462614,16084,1143
29121.907597,2579472761,2579473890,16387,1129
29121.919603,2579481811,2579482944,16079,1133
29121.931636,2579490883,2579492024,16237,1141
29121.943667,2579499996,2579501128,16400,1132
29121.955672,2579509060,2579510198,16080,1138
29121.967702,2579518113,2579519247,16034,1134
29122.039843,2579572448,2579573585,16034,1137
29122.051870,2579581509,2579582645,16410,1136
29122.063878,2579590542,2579591677,16159,1135
29122.075906,2579599626,2579600772,16235,1146
29122.087939,2579608726,2579609872,16393,1146
29122.099952,2579617971,2579619114,16050,1143
29122.111980,2579627045,2579628184,15958,1139
29122.124008,2579636127,2579637272,16276,1145
29122.136015,2579645191,2579646329,15996,1138
29122.148049,2579654262,2579655405,16029,1143
29122.250248,2579731235,2579732375,16474,1140
29122.292323,2579762892,2579764026,16113,1134
29122.304353,2579772078,2579773230,16315,1152
29122.343425,2579801809,2579802954,16380,1145
29122.355439,2579810913,2579812060,15996,1147
29122.367471,2579820095,2579821236,16313,1141
29122.379479,2579829198,2579830337,16078,1139
29122.391512,2579838248,2579839382,16042,1134
29122.403542,2579847310,2579848422,16233,1112
29122.415546,2579856310,2579857449,16084,1139
29122.427578,2579865383,2579866506,16133,1123
29122.445615,2579878987,2579880104,16240,1117
29122.457645,2579888032,2579889152,16239,1120
29122.472661,2579899354,2579900505,16295,1151
29122.484692,2579908425,2579909562,16494,1137
29122.499718,2579919731,2579920879,16054,1148
29122.511745,2579928856,2579930001,16362,1145
29122.523766,2579937934,2579939074,16364,1140
29122.535786,2579946974,2579948104,16055,1130
29122.547814,2579956031,2579957164,16392,1133
29122.568849,2579971896,2579973042,16276,1146
29122.580869,2579981012,2579982148,16226,1136
29122.601918,2579996938,2579998089,16398,1151
29122.613924,2580006011,2580007149,16080,1138
29122.625954,2580015092,2580016225,15995,1133
29122.637986,2580024167,2580025313,16384,1146
29122.649996,2580033220,2580034357,16162,1137
29122.686061,2580060425,2580061558,16085,1133
29122.698093,2580069528,2580070669,16219,1141
29122.713123,2580080953,2580082090,16289,1137
29122.725143,2580090047,2580091178,15994,1131
29122.761215,2580117233,2580118380,16116,1147
29122.773244,2580126339,2580127485,16484,1146
29122.785250,2580135440,2580136580,16162,1140
29122.857387,2580189823,2580190957,16076,1134
29122.872433,2580201187,2580202324,16404,1137
29122.884438,2580210257,2580211400,16079,1143
29122.908500,2580228431,2580229566,16389,1135
29122.920507,2580237629,2580238762,16160,1133
29122.953583,2580262623,2580263765,16443,1142
29122.965600,2580271622,2580272765,16130,1143
29122.977626,2580280701,2580281843,16100,1142
29122.992644,2580292045,2580293178,16157,1133
29123.004674,2580301156,2580302291,16049,1135
29123.100850,2580373590,2580374724,16081,1134
29123.112889,2580382634,2580383777,16108,1143
29123.128920,2580396268,2580397406,16055,1138
29123.201064,2580450746,2580451884,16036,1138
29123.272181,2580502898,2580504041,16244,1143
29123.284209,2580511989,2580513112,16321,1123
29123.296237,2580521065,2580522205,16467,1140
29123.320278,2580539203,2580540346,16041,1143
29123.332306,2580548325,2580549471,16409,1146
29123.344313,2580557393,2580558535,16084,1142
29123.356346,2580566445,2580567583,16037,1138
29123.371366,2580577812,2580578960,16077,1148
29123.408457,2580607281,2580608423,16114,1142
29123.431495,2580623144,2580624289,16388,1145
29123.443507,2580632195,2580633328,16118,1133
29123.455535,2580641231,2580642348,16235,1117
29123.467565,2580650309,2580651450,16410,1141
29123.479572,2580659380,2580660520,16084,1140
29123.491604,2580668432,2580669565,15955,1133
29123.503632,2580677516,2580678662,16302,1146
29123.515642,2580686570,2580687701,16103,1131
29123.527670,2580695715,2580696858,16230,1143
29123.539699,2580704784,2580705921,16452,1137
29123.551709,2580713817,2580714951,16076,1134
29123.623844,2580768236,2580769379,16080,1143
29123.692993,2580820275,2580821415,16471,1140
29123.704998,2580829338,2580830481,16161,1143
29123.717029,2580838407,2580839542,16073,1135
29123.729061,2580847485,2580848631,16478,1146
29123.745578,2580860253,2580861386,16088,1133
29123.757617,2580869338,2580870474,16186,1136
29123.784661,2580889666,2580890797,16041,1131
29123.796689,2580898736,2580899877,16394,1141
29123.835748,2580928237,2580929365,16084,1128
29123.847780,2580937315,2580938461,16322,1146
29123.859809,2580946381,2580947529,16366,1148
29123.877844,2580959984,2580961131,16385,1147
29123.889852,2580969105,2580970249,16082,1144
29123.913914,2580987241,2580988382,16406,1141
29123.925919,2580996274,2580997407,16078,1133
29123.937953,2581005334,2581006462,16044,1128
29123.952970,2581016649,2581017783,16081,1134
29123.965005,2581025874,2581027009,16039,1135
29123.977034,2581034956,2581036101,16416,1145
29123.998058,2581050841,2581051974,16084,1133
29124.010085,2581059915,2581061059,16127,1144
29124.022120,2581068995,2581070135,16403,1140
29124.052161,2581091649,2581092792,16082,1143
29124.064193,2581100741,2581101879,16053,1138
29124.076221,2581109778,2581110893,16302,1115
29124.088229,2581118818,2581119953,16166,1135
29124.106270,2581132450,2581133588,16007,1138
29124.136328,2581155145,2581156278,16241,1133
29124.148358,2581164205,2581165346,16388,1141
29124.160379,2581173278,2581174418,16428,1140
29124.172399,2581182365,2581183503,16023,1138
29124.236515,2581232163,2581233304,16389,1141
29124.259553,2581248065,2581249207,16080,1142
29124.271584,2581257162,2581258302,16041,1140
29124.289620,2581270785,2581271931,16239,1146
29124.301650,2581279873,2581281014,16399,1141
29124.361760,2581325189,2581326332,16119,1143
29124.373790,2581334427,2581335573,16438,1146
29124.463960,2581402544,2581403680,16410,1136
29124.475965,2581411626,2581412767,16085,1141
29124.487999,2581420689,2581421827,16039,1138
29124.566136,2581479581,2581480724,16082,1143
29124.578170,2581488638,2581489780,16051,1142
29124.590195,2581497773,2581498919,16352,1146
29124.668342,2581556787,2581557922,16052,1135
29124.680372,2581565897,2581567043,16386,1146
29124.692378,2581574956,2581576102,16085,1146
29124.732460,2581606779,2581607924,16476,1145
29124.768527,2581634043,2581635185,16400,1142
29124.785561,2581645410,2581646552,16039,1142
29124.797590,2581654528,2581655674,16361,1146
29124.809600,2581663629,2581664767,16160,1138
29124.821633,2581672686,2581673829,16121,1143
29124.836652,2581684033,2581685168,16081,1135
29124.875732,2581713527,2581714677,16001,1150
29124.905800,2581736290,2581737436,16414,1146
29124.917811,2581745367,2581746497,16119,1130
29124.929840,2581754407,2581755545,16042,1138
29124.968917,2581783870,2581785012,16376,1142
29124.980925,2581792940,2581794074,16090,1134
29124.992959,2581801990,2581803133,16119,1143
29125.004989,2581811142,2581812293,16370,1151
29125.086141,2581872357,2581873502,16372,1145
29125.098155,2581881465,2581882600,16054,1135
29125.110178,2581890590,2581891734,16129,1144
29125.122210,2581899682,2581900823,16465,1141
29125.188320,2581949535,2581950673,16083,1138
29125.200349,2581958579,2581959716,16236,1137
29125.212380,2581967736,2581968887,16367,1151
29125.245443,2581992748,2581993882,16191,1134
29125.257467,2582001817,2582002954,16398,1137
29125.293536,2582029003,2582030144,16468,1141
29125.305543,2582038092,2582039229,16083,1137
29125.320588,2582049448,2582050593,16476,1145
29125.335611,2582060810,2582061944,16044,1134
29125.346141,2582066386,2582067177,14445,791
29125.356332,2582071428,2582072035,11957,607
29125.407744,2582103825,2582104965,16078,1140
29125.419776,2582112903,2582114041,16351,1138
29125.431797,2582121956,2582123094,16451,1138
29125.443819,2582131034,2582132177,16087,1143
29125.455845,2582140151,2582141293,16354,1142
29125.468876,2582151495,2582152626,16007,1131
29125.485902,2582162871,2582164022,16381,1151
29125.497919,2582172012,2582173152,16248,1140
29125.509946,2582181129,2582182276,16348,1147
29125.527982,2582194798,2582195934,16344,1136
29125.540005,2582203899,2582205039,16367,1140
29125.552018,2582212987,2582214116,16094,1129
29125.570053,2582226621,2582227764,16011,1143
29125.582083,2582235733,2582236884,16351,1151
29125.594107,2582244877,2582246023,16336,1146
29125.606121,2582254003,2582255132,16095,1129
29125.618154,2582263165,2582264311,16310,1146
29125.633173,2582274552,2582275691,16015,1139
29125.645207,2582283698,2582284844,16310,1146
29125.669241,2582301905,2582303049,15998,1144
29125.681275,2582311015,2582312156,16308,1141
29125.732362,2582349750,2582350894,15997,1144
29125.744394,2582358870,2582360013,16301,1143
29125.759413,2582370238,2582371382,16001,1144
29125.771447,2582379370,2582380526,16352,1156
29125.783467,2582388507,2582389648,16291,1141
29125.795485,2582397626,2582398768,16246,1142
29125.816532,2582413592,2582414738,16350,1146
29125.828555,2582422779,2582423911,16491,1132
29125.849584,2582438739,2582439882,16077,1143
29125.860120,2582445380,2582446275,15471,895
29125.872128,2582454161,2582455292,16001,1131
29125.884158,2582463237,2582464359,16146,1122
29125.896182,2582472319,2582473452,16382,1133
29125.908198,2582481419,2582482563,16335,1144
29125.920230,2582490540,2582491685,16355,1145
29125.932252,2582499648,2582500794,16403,1146
29125.950286,2582513337,2582514474,16397,1137
29125.965313,2582524704,2582525830,16146,1126
29125.977336,2582533839,2582534981,16381,1142
29125.992366,2582545213,2582546359,16312,1146
29126.025422,2582570295,2582571436,16254,1141
29126.037451,2582579436,2582580577,16349,1141
29126.061488,2582597703,2582598837,16017,1134
29126.073519,2582606825,2582607965,16354,1140
29126.097556,2582625002,2582626141,16017,1139
29126.109588,2582634118,2582635254,16343,1136
29126.127623,2582647782,2582648928,16349,1146
29126.139645,2582656909,2582658050,16325,1141
29126.157679,2582670604,2582671746,16381,1142
29126.169693,2582679703,2582680838,16015,1135
29126.196748,2582700201,2582701340,16109,1139
29126.208778,2582709289,2582710409,16056,1120
29126.229816,2582725218,2582726360,16378,1142
29126.241836,2582734537,2582735679,16271,1142
29126.253864,2582743667,2582744814,16436,1147
29126.265885,2582752815,2582753961,16464,1146
29126.301954,2582780218,2582781369,16380,1151
29126.313967,2582789331,2582790469,16001,1138
29126.332002,2582802985,2582804130,16001,1145
29126.344035,2582812135,2582813277,16311,1142
29126.356056,2582821252,2582822383,16384,1131
29126.368071,2582830340,2582831474,16010,1134
29126.380104,2582839440,2582840586,16349,1146
29126.392125,2582848603,2582849756,16393,1153
29126.404142,2582857759,2582858900,16242,1141
29126.422174,2582871440,2582872578,16079,1138
29126.434207,2582880564,2582881705,16354,1141
29126.444327,2582889754,2582890896,16385,1142
29126.458242,2582898851,2582899999,16097,1148
29126.470274,2582907985,2582909131,16400,1146
29126.482296,2582917123,2582918264,16471,1141
29126.503328,2582933077,2582934220,16011,1143
29126.515360,2582942200,2582943346,16350,1146
29126.527381,2582951315,2582952461,16454,1146
29126.539399,2582960451,2582961597,16243,1146
29126.551426,2582969581,2582970706,16168,1125
29126.563451,2582978700,2582979837,16388,1137
29126.588502,2582999189,2583000338,16381,1149
29126.629567,2583028880,2583030024,16011,1144
29126.641600,2583038013,2583039155,16321,1142
29126.659633,2583051748,2583052894,16415,1146
29126.671657,2583060892,2583062038,16398,1146
29126.683677,2583069974,2583071118,16086,1144
29126.695703,2583079105,2583080251,16357,1146
29126.707723,2583088284,2583089428,16374,1144
29126.719739,2583097394,2583098529,16019,1135
29126.737776,2583111055,2583112201,16246,1146
29126.749806,2583120176,2583121317,16344,1141
29126.800893,2583158934,2583160069,16010,1135
29126.812923,2583168022,2583169142,16153,1120
29126.824947,2583177101,2583178252,16372,1151
29126.836964,2583186253,2583187394,16155,1141
29126.848994,2583195376,2583196513,16349,1137
29126.861016,2583204529,2583205674,16384,1145
29126.876045,2583215944,2583217080,16317,1136
29126.906103,2583238742,2583239879,16390,1137
29126.918116,2583247871,2583249014,16014,1143
29126.942172,2583266142,2583267288,16391,1146
29126.954185,2583275259,2583276396,16014,1137
29126.978240,2583293531,2583294677,16386,1146
29126.990254,2583302616,2583303762,16014,1146
29127.008288,2583316312,2583317456,16016,1144
29127.020319,2583325430,2583326576,16348,1146
29127.036354,2583339125,2583340261,16313,1136
29127.048370,2583348256,2583349402,16383,1146
29127.072425,2583366501,2583367651,16426,1150
29127.107477,2583391629,2583392771,16003,1142
29127.119509,2583400766,2583401912,16336,1146
29127.131531,2583409887,2583411029,16320,1142
29127.143546,2583419015,2583420144,16003,1129
29127.155579,2583428116,2583429252,16432,1136
29127.167600,2583437223,2583438374,16474,1151
29127.185634,2583450899,2583452045,16466,1146
29127.197649,2583460000,2583461139,16003,1139
29127.215683,2583473703,2583474837,16000,1134
29127.227716,2583482822,2583483959,16350,1137
29127.239738,2583491962,2583493106,16399,1144
29127.251751,2583501076,2583502220,16003,1144
29127.263785,2583510292,2583511439,16435,1147
29127.275808,2583519435,2583520575,16405,1140
29127.287820,2583528557,2583529700,16079,1143
29127.299851,2583537682,2583538807,16233,1125
29127.311875,2583546779,2583547925,16491,1146
29127.323888,2583555887,2583557028,16003,1141
29127.335920,2583565096,2583566252,16402,1156
29127.347942,2583574296,2583575452,16293,1156
29127.359967,2583583494,2583584640,16319,1146
29127.371990,2583592674,2583593820,16317,1146
29127.384011,2583601888,2583603039,16316,1151
29127.396036,2583611106,2583612257,16321,1151
29127.408059,2583620310,2583621462,16320,1152
29127.420079,2583629447,2583630598,16378,1151
29127.432096,2583638595,2583639737,16244,1142
29127.444128,2583647760,2583648897,16318,1137
29127.456148,2583656868,2583658009,16380,1141
29127.468168,2583666024,2583667166,16250,1142
29127.480196,2583675146,2583676283,16400,1137
29127.492218,2583684263,2583685409,16479,1146
29127.504231,2583693379,2583694521,15996,1142
29127.516264,2583702500,2583703646,16355,1146
29127.531286,2583713907,2583715053,16331,1146
29127.543316,2583723044,2583724187,16346,1143
29127.555338,2583732187,2583733323,16398,1136
29127.567351,2583741318,2583742453,16006,1135
29127.579385,2583750432,2583751582,16315,1150
29127.591406,2583759558,2583760705,16383,1147
29127.603420,2583768671,2583769815,16004,1144
29127.615452,2583777784,2583778927,16353,1143
29127.627476,2583786890,2583788036,16317,1146
29127.639489,2583796033,2583797175,16001,1142
29127.657524,2583809732,2583810876,16080,1144
29127.669555,2583818869,2583820006,16333,1137
29127.720643,2583857725,2583858865,15997,1140
29127.732676,2583866922,2583868074,16336,1152
29127.747695,2583878366,2583879506,16005,1140
29127.759726,2583887527,2583888672,16335,1145
29127.771750,2583896698,2583897844,16480,1146
29127.783763,2583905832,2583906974,16081,1142
29127.795796,2583914969,2583916115,16434,1146
29127.807817,2583924136,2583925283,16391,1147
29127.819834,2583933292,2583934438,16255,1146
29127.849899,2583956152,2583957298,16407,1146
29127.861921,2583965299,2583966435,16393,1136
29127.873943,2583974454,2583975600,16400,1146
29127.885964,2583983628,2583984774,16397,1146
29127.913016,2584004207,2584005349,16316,1142
29127.925039,2584013353,2584014504,16329,1151
29127.952091,2584033955,2584035096,16384,1141
29127.964108,2584043099,2584044237,16348,1138
29127.976136,2584052249,2584053390,16230,1141
29127.988161,2584061394,2584062526,16400,1132
29128.000177,2584070520,2584071666,16251,1146
29128.012206,2584079659,2584080802,16324,1143
29128.024229,2584088789,2584089935,16409,1146
29128.036245,2584097921,2584099057,16331,1136
29128.048273,2584107068,2584108211,16396,1143
29128.060297,2584116200,2584117342,16471,1142
29128.075325,2584127647,2584128793,16396,1146
29128.093362,2584141406,2584142547,16321,1141
29128.105384,2584150556,2584151702,16481,1146
29128.117400,2584159733,2584160875,16319,1142
29128.165498,2584196390,2584197536,16303,1146
29128.177523,2584205555,2584206701,16495,1146
29128.189537,2584214720,2584215871,16247,1151
29128.201567,2584223885,2584225030,16302,1145
29128.231623,2584246740,2584247882,16383,1142
29128.243640,2584255865,2584257006,16235,1141
29128.255671,2584264998,2584266147,16316,1149
29128.267694,2584274161,2584275307,16409,1146
29128.279708,2584283310,2584284447,16233,1137
29128.291738,2584292478,2584293616,16313,1138
29128.303761,2584301635,2584302776,16387,1141
29128.315777,2584310778,2584311924,16232,1146
29128.327808,2584319939,2584321085,16316,1146
29128.339829,2584329103,2584330248,16384,1145
29128.351846,2584338254,2584339400,16249,1146
29128.363876,2584347410,2584348551,16317,1141
29128.376905,2584358836,2584359977,16251,1141
29128.393933,2584370269,2584371410,16408,1141
29128.405949,2584379416,2584380560,16251,1144
29128.433000,2584399994,2584401140,16252,1146
29128.445029,2584409143,2584410289,16319,1146
29128.460051,2584420593,2584421739,16227,1146
29128.481098,2584436620,2584437766,16317,1146
29128.493123,2584445789,2584446935,16387,1146
29128.505137,2584454944,2584456089,16244,1145
29128.520171,2584466392,2584467538,16320,1146
29128.532189,2584475547,2584476688,16272,1141
29128.544218,2584484699,2584485845,16325,1146
29128.565258,2584500725,2584501866,16382,1141
29128.577275,2584509874,2584511012,16257,1138
29128.625372,2584546512,2584547649,16313,1137
29128.637394,2584555676,2584556807,16373,1131
29128.661441,2584573976,2584575117,16316,1141
29128.673464,2584583122,2584584260,16396,1138
29128.685480,2584592266,2584593411,16240,1145
29128.697509,2584601473,2584602619,16397,1146
29128.709532,2584610630,2584611776,16386,1146
29128.775651,2584661009,2584662145,16244,1136
29128.787680,2584670149,2584671280,16418,1131
29128.799704,2584679297,2584680439,16394,1142
29128.811720,2584688435,2584689581,16249,1146
29128.823748,2584697574,2584698716,16309,1142
29128.835771,2584706709,2584707860,16377,1151
29128.847788,2584715878,2584717024,16258,1146
29128.868836,2584731913,2584733064,16320,1151
29128.880858,2584741057,2584742203,16394,1146
29128.895887,2584752503,2584753645,16322,1142
29128.907910,2584761894,2584763040,16476,1146
29128.919926,2584771074,2584772215,16261,1141
29128.931954,2584780239,2584781381,16317,1142
29128.943977,2584789392,2584790543,16372,1151
29128.962011,2584803143,2584804280,16371,1137
29128.974029,2584812303,2584813449,16261,1146
29128.986057,2584821450,2584822591,16318,1141
29128.998081,2584830600,2584831746,16386,1146
29129.034149,2584858040,2584859186,16386,1146
29129.046166,2584867204,2584868350,16250,1146
29129.070217,2584885518,2584886659,16371,1141
29129.082235,2584894680,2584895823,16268,1143
29129.097268,2584906121,2584907272,16366,1151
29129.109287,2584915331,2584916472,16255,1141
29129.121315,2584924502,2584925647,16313,1145
29129.133339,2584933652,2584934797,16400,1145
29129.148367,2584945093,2584946244,16315,1151
29129.160390,2584954249,2584955389,16388,1140
29129.172406,2584963428,2584964573,16233,1145
29129.184435,2584972590,2584973731,16321,1141
29129.199458,2584984006,2584985152,16231,1146
29129.217492,2584997753,2584998904,16230,1151
29129.229521,2585006921,2585008052,16312,1131
29129.256573,2585027489,2585028636,16300,1147
29129.268597,2585036651,2585037797,16410,1146
29129.280612,2585045771,2585046922,16254,1151
29129.292643,2585054945,2585056093,16324,1148
29129.304664,2585064101,2585065244,16473,1143
29129.319693,2585075533,2585076679,16309,1146
29129.333218,2585086258,2585087409,16303,1151
29129.375292,2585118339,2585119479,16229,1140
29129.387321,2585127483,2585128643,16399,1160
29129.399346,2585136653,2585137793,16491,1140
29129.411366,2585145809,2585146955,16383,1146
29129.424391,2585157256,2585158402,16471,1146
29129.489517,2585205300,2585206442,16402,1142
29129.501532,2585214462,2585215604,16231,1142
29129.513561,2585223626,2585224773,16321,1147
29129.525570,2585232944,2585234079,16166,1135
29129.540614,2585244579,2585245726,16388,1147
29129.552622,2585253707,2585254835,16089,1128
29129.624757,2585308389,2585309532,16086,1143
29129.636789,2585317530,2585318671,16251,1141
29129.648820,2585326649,2585327790,16391,1141
29129.732965,2585390523,2585391657,16092,1134
29129.744995,2585399873,2585401016,16223,1143
29129.757024,2585409006,2585410152,16361,1146
29129.838179,2585470509,2585471650,16371,1141
29129.850187,2585479630,2585480770,16167,1140
29129.862218,2585488768,2585489909,16220,1141
29129.898286,2585516112,2585517249,16238,1137
29129.928351,2585538925,2585540071,16382,1146
29129.940359,2585548030,2585549174,16086,1144
29129.956402,2585561769,2585562910,16249,1141
29129.976428,2585575442,2585576577,16091,1135
29129.988458,2585584580,2585585729,16309,1149
29130.003479,2585595983,2585597132,16090,1149
29130.024525,2585611989,2585613135,16282,1146
29130.036557,2585621106,2585622243,16394,1137
29130.048565,2585630197,2585631335,16089,1138
29130.147751,2585705415,2585706550,16084,1135
29130.159780,2585714531,2585715682,16234,1151
29130.171813,2585723689,2585724839,16359,1150
29130.192839,2585739636,2585740779,16085,1143
29130.204876,2585748759,2585749900,16291,1141
29130.264975,2585794362,2585795502,16091,1140
29130.277007,2585803481,2585804621,16222,1140
29130.352156,2585860464,2585861595,16359,1131
29130.364173,2585869587,2585870732,16362,1145
29130.376195,2585878723,2585879864,16229,1141
29130.388226,2585887840,2585888990,16303,1150
29130.409262,2585903851,2585904994,16361,1143
29130.421279,2585912992,2585914133,16289,1141
29130.439316,2585926623,2585927766,16230,1143
29130.451345,2585935739,2585936885,16463,1146
29130.463353,2585944829,2585945964,16086,1135
29130.475384,2585953986,2585955122,16317,1136
29130.496432,2585969894,2585971036,16368,1142
29130.508451,2585979014,2585980151,16362,1137
29130.535489,2585999518,2586000653,16085,1135
29130.547521,2586008655,2586009801,16248,1146
29130.559552,2586017811,2586018951,16440,1140
29130.571559,2586026908,2586028048,16165,1140
29130.583590,2586036018,2586037164,16302,1146
29130.625662,2586067970,2586069113,16084,1143
29130.637693,2586077111,2586078246,16221,1135
29130.691796,2586118125,2586119262,16236,1137
29130.703823,2586127245,2586128388,16360,1143
29130.715833,2586136368,2586137512,16091,1144
29130.727865,2586145511,2586146654,16237,1143
29130.739895,2586154628,2586155769,16385,1141
29130.751908,2586163720,2586164859,16006,1139
29130.772951,2586179708,2586180854,16240,1146
29130.784981,2586188867,2586190012,16370,1145
29130.806017,2586204815,2586205957,16365,1142
29130.818035,2586213974,2586215120,16229,1146
29130.833056,2586225390,2586226529,16088,1139
29130.845087,2586234504,2586235645,16223,1141
29130.881155,2586261847,2586262984,16231,1137
29130.893186,2586270964,2586272100,16387,1136
29130.911219,2586284653,2586285789,16356,1136
29130.926241,2586296042,2586297188,16234,1146
29130.953289,2586316522,2586317667,16211,1145
29130.965323,2586325687,2586326829,16369,1142
29130.977333,2586334912,2586336056,16086,1144
29130.989361,2586344024,2586345162,16209,1138
29131.016411,2586364522,2586365659,16200,1137
29131.028443,2586373679,2586374825,16368,1146
29131.049474,2586389626,2586390761,16004,1135
29131.061499,2586398742,2586399884,16227,1142
29131.076520,2586410131,2586411275,16170,1144
29131.121605,2586444331,2586445472,16089,1141
29131.133636,2586453458,2586454599,16325,1141
29131.172716,2586483105,2586484246,16379,1141
29131.184725,2586492340,2586493473,16083,1133
29131.223808,2586521978,2586523116,16222,1138
29131.235838,2586531120,2586532267,16385,1147
29131.247851,2586540224,2586541363,16004,1139
29131.265880,2586553886,2586555024,16164,1138
29131.277910,2586562975,2586564122,16322,1147
29131.326010,2586599470,2586600621,16394,1151
29131.338017,2586608590,2586609731,16086,1141
29131.380113,2586640499,2586641636,16395,1137
29131.392130,2586649620,2586650763,16343,1143
29131.404150,2586658769,2586659915,16230,1146
29131.428199,2586677006,2586678153,16349,1147
29131.440219,2586686150,2586687301,16230,1151
29131.452250,2586695288,2586696434,16315,1146
29131.464257,2586704381,2586705520,16163,1139
29131.476287,2586713504,2586714645,16246,1141
29131.488318,2586722615,2586723761,16476,1146
29131.527377,2586752254,2586753398,16167,1144
29131.539408,2586761373,2586762529,16302,1156
29131.551439,2586770524,2586771665,16492,1141
29131.563446,2586779653,2586780796,16170,1143
29131.575476,2586788761,2586789898,16306,1137
29131.596521,2586804724,2586805870,16440,1146
29131.608542,2586813902,2586815045,16428,1143
29131.623575,2586825310,2586826457,16393,1147
29131.641610,2586838982,2586840120,16473,1138
29131.653618,2586848123,2586849262,16164,1139
29131.665647,2586857221,2586858367,16223,1146
29131.680668,2586868640,2586869784,16082,1144
29131.743794,2586916465,2586917609,16007,1144
29131.755819,2586925602,2586926748,16312,1146
29131.767849,2586934742,2586935879,16390,1137
29131.779868,2586943846,2586944988,16346,1142
29131.791895,2586952989,2586954140,16314,1151
29131.803919,2586962146,2586963293,16367,1147
29131.815925,2586971462,2586972600,16004,1138
29131.833960,2586985146,2586986284,16080,1138
29131.845987,2586994267,2586995412,16212,1145
29131.858022,2587003414,2587004557,16373,1143
29131.870029,2587012547,2587013690,16086,1143
29131.912124,2587044494,2587045635,16371,1141
29131.924131,2587053591,2587054729,16088,1138
29131.936162,2587062709,2587063852,16237,1143
29131.960199,2587080909,2587082044,16086,1135
29131.972231,2587090054,2587091200,16229,1146
29132.008298,2587117460,2587118606,16288,1146
29132.020330,2587126626,2587127771,16370,1145
29132.032348,2587135731,2587136877,16347,1146
29132.060411,2587158541,2587159684,16225,1143
29132.077423,2587169968,2587171117,16085,1149
29132.164605,2587236034,2587237180,16391,1146
29132.179625,2587247451,2587248597,16219,1146
29132.212680,2587272552,2587273687,16082,1135
29132.224710,2587281676,2587282817,16238,1141
29132.236741,2587290800,2587291946,16369,1146
29132.264793,2587313594,2587314738,16081,1144
29132.368985,2587391196,2587392340,16224,1144
29132.381016,2587400341,2587401487,16367,1146
29132.393031,2587409525,2587410681,16261,1156
29132.420082,2587430222,2587431378,16262,1156
29132.432113,2587439439,2587440591,16399,1152
29132.444135,2587448626,2587449782,16469,1156
29132.462169,2587462440,2587463586,16385,1146
29132.474188,2587471598,2587472744,16352,1146
29132.489220,2587483045,2587484176,16377,1131
29132.501229,2587492172,2587493326,16163,1154
29132.552342,2587530932,2587532075,16470,1143
29132.564349,2587540024,2587541168,16170,1144
29132.579393,2587551423,2587552554,16398,1131
29132.624479,2587585604,2587586745,16387,1141
29132.636497,2587594699,2587595850,16251,1151
29132.648516,2587603831,2587604977,16228,1146
29132.687598,2587633509,2587634655,16471,1146
29132.699606,2587642632,2587643776,16166,1144
29132.711637,2587651796,2587652936,16232,1140
29132.723667,2587660896,2587662042,16388,1146
29132.744692,2587676837,2587677976,16078,1139
29132.756723,2587685938,2587687084,16220,1146
29132.795803,2587715624,2587716781,16353,1157
29132.807823,2587724787,2587725919,16346,1132
29132.819843,2587733933,2587735079,16229,1146
29132.837873,2587747604,2587748750,16215,1146
29132.849907,2587756746,2587757887,16369,1141
29132.873945,2587774966,2587776112,16223,1146
29132.885975,2587784122,2587785267,16372,1145
29132.900997,2587795531,2587796677,16217,1146
29132.970121,2587847943,2587849084,16090,1141
29132.982157,2587857054,2587858197,16295,1143
29133.000184,2587870738,2587871874,16209,1136
29133.012216,2587879862,2587881003,16398,1141
29133.024223,2587888966,2587890110,16085,1144
29133.036254,2587898114,2587899260,16251,1146
29133.048285,2587907277,2587908428,16418,1151
29133.060292,2587916392,2587917541,16084,1149
29133.075335,2587927811,2587928952,16374,1141
29133.096361,2587943779,2587944916,16086,1137
29133.108391,2587952931,2587954077,16231,1146
29133.120422,2587962111,2587963257,16369,1146
29133.135439,2587973494,2587974639,16213,1145
29133.225615,2588041849,2588042990,16225,1141
29133.237645,2588050998,2588052134,16354,1136
29133.249652,2588060093,2588061226,16089,1133
29133.261685,2588069229,2588070375,16225,1146
29133.327816,2588119446,2588120593,16386,1147
29133.339834,2588128626,2588129772,16346,1146
29133.351854,2588137796,2588138940,16231,1144
29133.363885,2588146923,2588148060,16392,1137
29133.375892,2588156011,2588157155,16089,1144
29133.387923,2588165161,2588166293,16252,1132
29133.399954,2588174282,2588175423,16467,1141
29133.437019,2588203902,2588205044,16429,1142
29133.457046,2588217567,2588218707,16086,1140
29133.472093,2588229081,2588230218,16389,1137
29133.484110,2588238203,2588239348,16366,1145
29133.496129,2588247346,2588248487,16251,1141
29133.508159,2588256461,2588257607,16384,1146
29133.520166,2588265564,2588266708,16087,1144
29133.532197,2588274733,2588275879,16245,1146
29133.544228,2588283884,2588285030,16395,1146
29133.556246,2588293005,2588294142,16346,1137
29133.568266,2588302110,2588303255,16351,1145
29133.580295,2588311250,2588312387,16457,1137
29133.601321,2588327181,2588328329,16169,1148
29133.613351,2588336322,2588337463,16323,1141
29133.652432,2588365996,2588367143,16438,1147
29133.664441,2588375110,2588376243,16088,1133
29133.757626,2588445754,2588446892,16307,1138
29133.769657,2588454892,2588456032,16377,1140
29133.859829,2588523265,2588524417,16391,1152
29133.871846,2588532425,2588533570,16345,1145
29133.884878,2588543935,2588545082,16355,1147
29133.962007,2588601035,2588602171,16088,1136
29133.974045,2588610167,2588611313,16396,1146
29134.025133,2588648924,2588650068,16037,1144
29134.037157,2588658040,2588659172,16222,1132
29134.064212,2588678578,2588679724,16250,1146
29134.076239,2588687713,2588688859,16372,1146
29134.088258,2588696875,2588698022,16347,1147
29134.100277,2588705996,2588707141,16222,1145
29134.112308,2588715194,2588716335,16371,1141
29134.124325,2588724325,2588725456,16253,1131
29134.172421,2588760771,2588761915,16284,1144
29134.184444,2588769894,2588771045,16351,1151
29134.196463,2588779022,2588780168,16348,1146
29134.272614,2588838293,2588839440,16374,1147
29134.284637,2588847463,2588848600,16432,1137
29134.376808,2588915889,2588917030,16445,1141
29134.388826,2588925020,2588926163,16251,1143
29134.400855,2588934167,2588935312,16357,1145
29134.412875,2588943284,2588944429,16430,1145
29134.424891,2588952401,2588953542,16299,1141
29134.445944,2588968373,2588969518,16533,1145
29134.457950,2588977467,2588978611,16161,1144
29134.485002,2588998037,2588999187,16167,1150
29134.497034,2589007224,2589008360,16234,1136
29134.524080,2589027794,2589028936,16210,1142
29134.544332,2589037217,2589037828,12019,611
29134.567674,2589048802,2589049930,16323,1128
29134.579697,2589057890,2589059028,16403,1138
29134.591715,2589066992,2589068138,16286,1146
29134.603743,2589076139,2589077285,16315,1146
29134.615764,2589085300,2589086431,16386,1131
29134.627781,2589094447,2589095582,16240,1135
29134.672867,2589128733,2589129879,16244,1146
29134.684897,2589137880,2589139026,16316,1146
29134.696920,2589147063,2589148206,16370,1143
29134.724977,2589169961,2589171104,16278,1143
29134.742005,2589181388,2589182534,16391,1146
29134.754022,2589190548,2589191688,16253,1140
29134.796106,2589222617,2589223763,16372,1146
29134.808124,2589231780,2589232926,16266,1146
29134.820152,2589240919,2589242064,16321,1145
29134.841193,2589256943,2589258089,16390,1146
29134.853210,2589266104,2589267256,16249,1152
29134.865237,2589275278,2589276418,16321,1140
29134.877261,2589284435,2589285581,16371,1146
29134.889278,2589293581,2589294732,16263,1151
29134.904312,2589305025,2589306171,16376,1146
29134.916334,2589314168,2589315313,16308,1145
29134.932371,2589327917,2589329059,16250,1142
29134.979450,2589362228,2589363371,16263,1143
29134.991479,2589371385,2589372531,16318,1146
29135.003501,2589380533,2589381684,16378,1151
29135.015523,2589389683,2589390824,16314,1141
29135.033552,2589403406,2589404549,16241,1143
29135.044084,2589410030,2589410909,15342,879
29135.056095,2589418847,2589419988,16245,1141
29135.068125,2589427996,2589429144,16318,1148
29135.080146,2589437182,2589438323,16367,1141
29135.092165,2589446339,2589447490,16268,1151
29135.104193,2589455512,2589456658,16316,1146
29135.116216,2589464703,2589465847,16319,1144
29135.134251,2589478426,2589479572,16382,1146
29135.146267,2589487598,2589488751,16248,1153
29135.173318,2589508204,2589509352,16260,1148
29135.185348,2589517365,2589518511,16320,1146
29135.209387,2589535684,2589536836,16349,1152
29135.221414,2589544835,2589545976,16318,1141
29135.245456,2589563139,2589564277,16250,1138
29135.257483,2589572286,2589573427,16396,1141
29135.281524,2589590600,2589591741,16263,1141
29135.293553,2589599766,2589600909,16310,1143
29135.305575,2589608929,2589610081,16373,1152
29135.317595,2589618136,2589619282,16235,1146
29135.344647,2589638782,2589639929,16349,1147
29135.356673,2589647950,2589649090,16323,1140
29135.371696,2589659397,2589660543,16250,1146
29135.383726,2589668561,2589669706,16313,1145
29135.395748,2589677715,2589678852,16470,1137
29135.407765,2589686882,2589688030,16257,1148
29135.419794,2589696027,2589697173,16321,1146
29135.431818,2589705170,2589706316,16402,1146
29135.449852,2589718913,2589720062,16405,1149
29135.461874,2589728087,2589729233,16399,1146
29135.488919,2589748688,2589749826,16252,1138
29135.500949,2589757840,2589758997,16313,1157
29135.512972,2589767029,2589768179,16328,1150
29135.524988,2589776216,2589777353,16235,1137
29135.561063,2589803697,2589804843,16396,1146
29135.573089,2589812892,2589814034,16397,1142
29135.588108,2589824304,2589825444,16254,1140
29135.600138,2589833459,2589834600,16341,1141
29135.612161,2589842606,2589843752,16413,1146
29135.624176,2589851769,2589852915,16245,1146
29135.648229,2589870072,2589871213,16406,1141
29135.660252,2589879220,2589880371,16316,1151
29135.672275,2589888361,2589889507,16398,1146
29135.684297,2589897516,2589898668,16477,1152
29135.699326,2589908985,2589910130,16315,1145
29135.720367,2589925030,2589926176,16382,1146
29135.732382,2589934217,2589935362,16231,1145
29135.744411,2589943355,2589944502,16313,1147
29135.756435,2589952502,2589953648,16409,1146
29135.768451,2589961666,2589962812,16258,1146
29135.795502,2589982285,2589983431,16252,1146
29135.807532,2589991437,2589992583,16316,1146
29135.819556,2590000627,2590001774,16316,1147
29135.831571,2590009784,2590010929,16151,1145
29135.843599,2590018939,2590020086,16316,1147
29135.873657,2590041815,2590042962,16391,1147
29135.885673,2590050974,2590052121,16256,1147
29135.912725,2590071622,2590072760,16281,1138
29135.924754,2590080753,2590081904,16322,1151
29135.936778,2590089944,2590091090,16408,1146
29135.948793,2590099092,2590100233,16238,1141
29135.963829,2590110525,2590111668,16391,1143
29135.975845,2590119695,2590120841,16254,1146
29135.987876,2590128861,2590130002,16320,1141
29135.999897,2590138008,2590139153,16395,1145
29136.020930,2590154010,2590155155,16231,1145
29136.032960,2590163164,2590164309,16403,1145
29136.072034,2590192933,2590194079,16401,1146
29136.084051,2590202103,2590203246,16340,1143
29136.096082,2590211274,2590212416,16330,1142
29136.108104,2590220435,2590221586,16320,1151
29136.120119,2590229595,2590230747,16239,1152
29136.132149,2590238771,2590239916,16312,1145
29136.144173,2590247951,2590249089,16399,1138
29136.156195,2590257101,2590258248,16315,1147
29136.168219,2590266279,2590267415,16323,1136
29136.186253,2590280023,2590281175,16319,1152
29136.204287,2590293799,2590294941,16327,1142
29136.216310,2590302955,2590304095,16317,1140
29136.232338,2590316707,2590317850,16402,1143
29136.244367,2590325866,2590327018,16233,1152
29136.261395,2590337327,2590338464,16392,1137
29136.273411,2590346480,2590347627,16258,1147
29136.292459,2590362500,2590363653,16320,1153
29136.309480,2590373970,2590375113,16237,1143
29136.321509,2590383123,2590384274,16325,1151
29136.333533,2590392298,2590393446,16408,1148
29136.345548,2590401520,2590402665,16239,1145
29136.381616,2590429004,2590430145,16256,1141
29136.393647,2590438170,2590439316,16324,1146
29136.417685,2590456504,2590457649,16240,1145
29136.429714,2590465664,2590466811,16408,1147
29136.489823,2590511456,2590512603,16339,1147
29136.501853,2590520621,2590521762,16410,1141
29136.525891,2590538954,2590540100,16242,1146
29136.537920,2590548086,2590549238,16319,1152
29136.552950,2590559607,2590560753,16317,1146
29136.564973,2590568760,2590569905,16322,1145
29136.576995,2590577898,2590579035,16390,1137
29136.601042,2590596197,2590597351,16321,1154
29136.613063,2590605374,2590606520,16392,1146
29136.634097,2590621425,2590622577,16251,1152
29136.646128,2590630569,2590631714,16410,1145
29136.703234,2590674074,2590675222,16335,1148
29136.718264,2590685514,2590686666,16406,1152
29136.745316,2590706121,2590707264,16324,1143
29136.760337,2590717631,2590718777,16233,1146
29136.805423,2590751968,2590753110,16253,1142
29136.817453,2590761123,2590762266,16321,1143
29136.877560,2590806922,2590808068,16243,1146
29136.889589,2590816083,2590817229,16324,1146
29136.904611,2590827535,2590828682,16252,1147
29136.916642,2590836691,2590837837,16324,1146
29136.928663,2590845847,2590846988,16382,1141
29136.952709,2590864156,2590865299,16326,1143
29136.964733,2590873326,2590874469,16409,1143
29136.985765,2590889360,2590890508,16237,1148
29136.997794,2590898504,2590899646,16321,1142
29137.009818,2590907672,2590908813,16363,1141
29137.021834,2590916828,2590917971,16250,1143
29137.033865,2590926005,2590927151,16324,1146
29137.048891,2590937472,2590938617,16317,1145
29137.060914,2590946630,2590947773,16320,1143
29137.075937,2590958095,2590959240,16230,1145
29137.087966,2590967247,2590968399,16319,1152
29137.099989,2590976404,2590977547,16330,1143
29137.112006,2590985555,2590986692,16256,1137
29137.124036,2590994707,2590995853,16325,1146
29137.136058,2591003866,2591005008,16477,1142
29137.148080,2591013011,2591014166,16308,1155
29137.160103,2591022184,2591023327,16321,1143
29137.181145,2591038250,2591039395,16403,1145
29137.226229,2591072608,2591073749,16393,1141
29137.238246,2591081763,2591082910,16339,1147
29137.319400,2591143550,2591144693,16259,1143
29137.331430,2591152681,2591153825,16324,1144
29137.343452,2591161846,2591162998,16392,1152
29137.355468,2591171028,2591172174,16237,1146
29137.367498,2591180197,2591181344,16322,1147
29137.379522,2591189365,2591190506,16406,1141
29137.391537,2591198535,2591199680,16240,1145
29137.403568,2591207720,2591208882,16322,1162
29137.415591,2591216972,2591218130,16336,1158
29137.427612,2591226181,2591227338,16322,1157
29137.439635,2591235407,2591236560,16319,1153
29137.451658,2591244618,2591245775,16322,1157
29137.463681,2591253832,2591254994,16284,1162
29137.475704,2591263043,2591264181,16322,1138
29137.487728,2591272229,2591273382,16413,1153
29137.499743,2591281415,2591282556,16253,1141
29137.511773,2591290579,2591291725,16321,1146
29137.523795,2591299738,2591300881,16395,1143
29137.535812,2591308899,2591310045,16250,1146
29137.556858,2591324913,2591326056,16322,1143
29137.568883,2591334095,2591335241,16417,1146
29137.580897,2591343261,2591344412,16241,1151
29137.625983,2591377629,2591378776,16254,1147
29137.638014,2591386809,2591387955,16316,1146
29137.650037,2591395957,2591397104,16412,1147
29137.677089,2591416614,2591417762,16410,1148
29137.692115,2591428086,2591429229,16319,1143
29137.704138,2591437264,2591438410,16482,1146
29137.716155,2591446427,2591447575,16341,1148
29137.728185,2591455583,2591456730,16328,1147
29137.740207,2591464750,2591465891,16396,1141
29137.752223,2591473905,2591475048,16251,1143
29137.764252,2591483057,2591484211,16408,1154
29137.776277,2591492232,2591493379,16407,1147
29137.788292,2591501399,2591502542,16239,1143
29137.800322,2591510578,2591511724,16320,1146
29137.869447,2591563307,2591564446,16325,1139
29137.881476,2591572473,2591573618,16410,1145
29137.896498,2591583927,2591585084,16254,1157
29137.908528,2591593104,2591594251,16323,1147
29137.920549,2591602265,2591603411,16397,1146
29137.971647,2591641221,2591642373,16330,1152
29137.983670,2591650409,2591651556,16396,1147
29137.995686,2591659572,2591660710,16179,1138
29138.007715,2591668732,2591669879,16318,1147
29138.019737,2591677896,2591679048,16377,1152
29138.031755,2591687068,2591688219,16269,1151
29138.043783,2591696231,2591697374,16324,1143
29138.055807,2591705380,2591706526,16397,1146
29138.067824,2591714541,2591715688,16258,1147
29138.079851,2591723715,2591724866,16321,1151
29138.091874,2591732897,2591734044,16326,1147
29138.103892,2591742073,2591743219,16270,1146
29138.115921,2591751245,2591752388,16321,1143
29138.127942,2591760410,2591761556,16376,1146
29138.139965,2591769584,2591770727,16317,1143
29138.151988,2591778745,2591779887,16321,1142
29138.164013,2591787897,2591789041,16397,1144
29138.176029,2591797057,2591798208,16254,1151
29138.188058,2591806239,2591807381,16324,1142
29138.200081,2591815405,2591816552,16391,1147
29138.212098,2591824579,2591825720,16261,1141
29138.224128,2591833801,2591834953,16301,1152
29138.243665,2591849033,2591850185,16317,1152
29138.255689,2591858242,2591859395,16337,1153
29138.267711,2591867455,2591868608,16316,1153
29138.279735,2591876674,2591877827,16323,1153
29138.291757,2591885888,2591887035,16317,1147
29138.303781,2591895100,2591896252,16331,1152
29138.315803,2591904334,2591905477,16324,1143
29138.327824,2591913566,2591914723,16320,1157
29138.339849,2591922791,2591923943,16331,1152
29138.351871,2591932012,2591933160,16319,1148
29138.363895,2591941219,2591942363,16335,1144
29138.381928,2591955020,2591956173,16316,1153
29138.396956,2591966765,2591967911,16303,1146
29138.408982,2591975978,2591977126,16335,1148
29138.421000,2591985204,2591986356,16324,1152
29138.433024,2591994414,2591995571,16339,1157
29138.445047,2592003617,2592004769,16324,1152
29138.460076,2592015172,2592016320,16326,1148
29138.472098,2592024375,2592025518,16325,1143
29138.484122,2592033598,2592034755,16330,1157
29138.496144,2592042808,2592043960,16337,1152
29138.508167,2592052031,2592053193,16333,1162
29138.529207,2592068203,2592069354,16323,1151
29138.541224,2592077373,2592078516,16259,1143
29138.592326,2592116330,2592117476,16379,1146
29138.604346,2592125535,2592126682,16285,1147
29138.625391,2592141579,2592142727,16320,1148
29138.637414,2592150752,2592151894,16329,1142
29138.649430,2592159919,2592161062,16241,1143
29138.661458,2592169090,2592170227,16321,1137
29138.679493,2592182820,2592183961,16320,1141
29138.691516,2592191974,2592193121,16396,1147
29138.703532,2592201126,2592202273,16262,1147
29138.715563,2592210288,2592211435,16329,1147
29138.733597,2592224046,2592225182,16322,1136
29138.745620,2592233201,2592234337,16404,1136
29138.799716,2592274656,2592275802,16422,1146
29138.811734,2592283850,2592284976,16021,1126
29138.823769,2592292980,2592294125,16500,1145
29138.835785,2592302116,2592303263,16271,1147
29138.847802,2592311286,2592312405,16037,1119
29138.859838,2592320380,2592321525,16499,1145
29138.871854,2592329487,2592330634,16338,1147
29138.919940,2592365976,2592367102,16021,1126
29138.931976,2592375105,2592376240,16506,1135
29138.943992,2592384264,2592385406,16353,1142
29138.956008,2592393378,2592394503,16100,1125
29138.968044,2592402481,2592403631,16589,1150
29138.980059,2592411609,2592412752,16345,1143
29139.004112,2592429851,2592430987,16509,1136
29139.016128,2592438994,2592440140,16334,1146
29139.028145,2592448130,2592449250,16021,1120
29139.040178,2592457268,2592458415,16344,1147
29139.052196,2592466402,2592467544,16352,1142
29139.064214,2592475530,2592476650,16021,1120
29139.076249,2592484648,2592485793,16501,1145
29139.088268,2592493778,2592494924,16375,1146
29139.100283,2592502916,2592504037,16024,1121
29139.112317,2592512031,2592513177,16366,1146
29139.124335,2592521145,2592522283,16354,1138
29139.136356,2592530275,2592531419,16269,1144
29139.148387,2592539416,2592540563,16511,1147
29139.175439,2592559916,2592561052,16509,1136
29139.187453,2592569032,2592570179,16369,1147
29139.199471,2592578166,2592579286,16021,1120
29139.211508,2592587281,2592588426,16420,1145
29139.223522,2592596422,2592597565,16345,1143
29139.235544,2592605567,2592606714,16277,1147
29139.247576,2592614722,2592615873,16518,1151
29139.259591,2592623866,2592625014,16343,1148
29139.271609,2592632997,2592634117,16025,1120
29139.292660,2592648932,2592650081,16502,1149
29139.304676,2592658029,2592659180,16342,1151
29139.343746,2592687726,2592688848,16020,1122
29139.355781,2592696861,2592698002,16586,1141
29139.367796,2592705985,2592707131,16419,1146
29139.379826,2592715131,2592716254,16205,1123
29139.391849,2592724254,2592725399,16505,1145
29139.412882,2592740218,2592741359,16344,1141
29139.424900,2592749408,2592750534,16022,1126
29139.445953,2592765376,2592766531,16503,1155
29139.457968,2592774533,2592775676,16339,1143
29139.497037,2592804166,2592805287,16098,1121
29139.509072,2592813270,2592814415,16585,1145
29139.548140,2592842925,2592844074,16359,1149
29139.560157,2592852063,2592853184,16022,1121
29139.572192,2592861173,2592862314,16509,1141
29139.584207,2592870299,2592871445,16372,1146
29139.605243,2592886265,2592887386,16017,1121
29139.617278,2592895373,2592896518,16509,1145
29139.632299,2592906829,2592907967,16272,1138
29139.644330,2592915975,2592917120,16507,1145
29139.656345,2592925095,2592926237,16337,1142
29139.668363,2592934248,2592935370,16021,1122
29139.689416,2592950228,2592951364,16591,1136
29139.701431,2592959335,2592960473,16420,1138
29139.716467,2592970717,2592971862,16505,1145
29139.756548,2593002753,2593003876,16018,1123
29139.779584,2593018710,2593019853,16413,1143
29139.791603,2593027834,2593028980,16341,1146
29139.803620,2593036985,2593038111,16024,1126
29139.815656,2593046082,2593047218,16510,1136
29139.827671,2593055258,2593056399,16274,1141
29139.839689,2593064403,2593065524,16035,1121
29139.851723,2593073505,2593074653,16374,1148
29139.863740,2593082627,2593083772,16340,1145
29139.875770,2593091768,2593092894,16158,1126
29139.911826,2593119194,2593120316,16019,1122
29139.923862,2593128312,2593129451,16502,1139
29139.935878,2593137462,2593138610,16356,1148
29139.947899,2593146610,2593147757,16256,1147
29139.959928,2593155776,2593156919,16366,1143
29139.971947,2593164931,2593166071,16352,1140
29139.983968,2593174088,2593175236,16209,1148
29139.995997,2593183244,2593184392,16365,1148
29140.008016,2593192420,2593193568,16359,1148
29140.020036,2593201584,2593202730,16252,1146
29140.032069,2593210759,2593211906,16432,1147
29140.044084,2593219918,2593221060,16353,1142
29140.056104,2593229057,2593230195,16232,1138
29140.068135,2593238204,2593239355,16374,1151
29140.080155,2593247346,2593248499,16369,1153
29140.092173,2593256518,2593257670,16238,1152
29140.104204,2593265672,2593266815,16374,1143
29140.125237,2593281698,2593282841,16249,1143
29140.137259,2593290846,2593291993,16236,1147
29140.167325,2593313694,2593314835,16397,1141
29140.179343,2593322874,2593324021,16453,1147
29140.191362,2593332053,2593333194,16244,1141
29140.203392,2593341192,2593342340,16376,1148
29140.215410,2593350343,2593351489,16353,1146
29140.227433,2593359470,2593360609,16357,1139
29140.239461,2593368638,2593369785,16372,1147
29140.251478,2593377794,2593378937,16345,1143
29140.263496,2593386894,2593388038,16031,1144
29140.275528,2593396033,2593397171,16410,1138
29140.287546,2593405156,2593406308,16385,1152
29140.299564,2593414321,2593415461,16071,1140
29140.311594,2593423441,2593424592,16360,1151
29140.323614,2593432583,2593433729,16269,1146
29140.335633,2593441730,2593442874,15996,1144
29140.347663,2593450856,2593452003,16358,1147
29140.359683,2593459987,2593461130,16379,1143
29140.380719,2593475954,2593477097,16028,1143
29140.392751,2593485069,2593486195,16218,1126
29140.431821,2593514712,2593515849,16335,1137
29140.443839,2593523866,2593524998,16031,1132
29140.455868,2593532994,2593534140,16360,1146
29140.467885,2593542127,2593543273,16307,1146
29140.479908,2593551238,2593552382,16104,1144
29140.500954,2593567176,2593568328,16360,1152
29140.512975,2593576323,2593577473,16382,1150
29140.601144,2593644791,2593645942,16372,1151
29140.618181,2593656228,2593657380,16375,1152
29140.630198,2593665388,2593666531,16344,1143
29140.642219,2593674518,2593675670,16226,1152
29140.705336,2593722480,2593723619,16027,1139
29140.717370,2593731623,2593732769,16375,1146
29140.777473,2593777292,2593778434,16025,1142
29140.789503,2593786405,2593787553,16364,1148
29140.807537,2593800111,2593801263,16360,1152
29140.819557,2593809285,2593810431,16253,1146
29140.831576,2593818422,2593819566,16071,1144
29140.843605,2593827555,2593828699,16360,1144
29140.855626,2593836922,2593838065,16376,1143
29140.867652,2593846026,2593847170,16111,1144
29140.903714,2593873379,2593874518,16031,1139
29140.915742,2593882496,2593883643,16354,1147
29140.927764,2593891659,2593892805,16343,1146
29140.939782,2593900773,2593901917,16033,1144
29140.951814,2593909911,2593911031,16217,1120
29140.963832,2593919008,2593920151,16377,1143
29140.975851,2593928125,2593929263,16029,1138
29140.987880,2593937248,2593938385,16363,1137
29140.999900,2593946382,2593947527,16373,1145
29141.011920,2593955504,2593956648,16035,1144
29141.024952,2593966953,2593968097,16347,1144
29141.054003,2593987498,2593988641,16456,1143
29141.066032,2593996663,2593997810,16391,1147
29141.078055,2594005804,2594006949,16422,1145
29141.096086,2594019535,2594020681,16367,1146
29141.108106,2594028669,2594029811,16380,1142
29141.120128,2594037801,2594038947,16236,1146
29141.132156,2594046937,2594048079,16382,1142
29141.153192,2594062941,2594064084,16452,1143
29141.165219,2594072043,2594073192,16193,1149
29141.192262,2594092577,2594093711,16111,1134
29141.204294,2594101680,2594102806,16294,1126
29141.216312,2594110799,2594111947,16345,1148
29141.228331,2594119946,2594121086,15994,1140
29141.261398,2594145094,2594146241,16455,1147
29141.273417,2594154244,2594155393,16028,1149
29141.288449,2594165680,2594166832,16369,1152
29141.339549,2594204505,2594205652,16356,1147
29141.351569,2594213642,2594214787,16377,1145
29141.363596,2594222765,2594223909,16082,1144
29141.381622,2594236459,2594237603,16021,1144
29141.393651,2594245603,2594246758,16361,1155
29141.441741,2594282174,2594283321,16372,1147
29141.453759,2594291280,2594292415,16029,1135
29141.468795,2594302681,2594303828,16368,1147
29141.480815,2594311856,2594313003,16232,1147
29141.543931,2594359800,2594360943,16029,1143
29141.555960,2594368928,2594370074,16361,1146
29141.567983,2594378056,2594379197,16361,1141
29141.586016,2594391756,2594392908,16425,1152
29141.598034,2594400892,2594402031,16108,1139
29141.637115,2594430590,2594431737,16446,1147
29141.652137,2594441986,2594443130,16029,1144
29141.664169,2594451116,2594452263,16496,1147
29141.676186,2594460252,2594461391,16380,1139
29141.688206,2594469376,2594470520,16107,1144
29141.700235,2594478504,2594479651,16447,1147
29141.712255,2594487633,2594488785,16271,1152
29141.724274,2594496766,2594497911,15999,1145
29141.736303,2594505892,2594507039,16364,1147
29141.748324,2594515024,2594516171,16380,1147
29141.763357,2594526441,2594527582,16488,1141
29141.775375,2594535555,2594536692,16457,1137
29141.787394,2594544655,2594545799,16112,1144
29141.805428,2594558327,2594559471,16030,1144
29141.817462,2594567496,2594568638,16379,1142
29141.865550,2594603980,2594605123,16441,1143
29141.877566,2594613101,2594614242,16109,1141
29141.895600,2594626805,2594627949,16106,1144
29141.907629,2594635952,2594637095,16446,1143
29141.919651,2594645110,2594646248,16431,1138
29141.967737,2594681590,2594682734,16025,1144
29141.979766,2594690724,2594691876,16444,1152
29142.015840,2594718163,2594719284,16221,1121
29142.027855,2594727270,2594728417,16373,1147
29142.039875,2594736387,2594737536,16038,1149
29142.051903,2594745532,2594746678,16354,1146
29142.063926,2594754645,2594755792,16360,1147
29142.075943,2594763762,2594764895,16025,1133
29142.087972,2594772904,2594774049,16379,1145
29142.099993,2594782037,2594783184,16459,1147
29142.112014,2594791168,2594792320,16238,1152
29142.124043,2594800317,2594801464,16389,1147
29142.136062,2594809464,2594810607,16349,1143
29142.148080,2594818557,2594819695,16029,1138
29142.160112,2594827686,2594828836,16488,1150
29142.172130,2594836817,2594837960,16458,1143
29142.184149,2594845933,2594847076,16109,1143
29142.196178,2594855072,2594856215,16359,1143
29142.208198,2594864204,2594865340,16263,1136
29142.220217,2594873355,2594874504,16069,1149
29142.232249,2594882531,2594883652,16266,1121
29142.244267,2594891643,2594892789,16380,1146
29142.265303,2594907629,2594908763,16104,1134
29142.277332,2594916738,2594917886,16363,1148
29142.289353,2594925857,2594927000,16385,1143
29142.301373,2594935325,2594936466,15993,1141
29142.392554,2595006079,2595007231,16434,1152
29142.496747,2595083648,2595084786,16457,1138
29142.510276,2595094306,2595095458,16360,1152
29142.567378,2595137884,2595139038,16003,1154
29142.579407,2595147042,2595148188,16266,1146
29142.591427,2595156164,2595157304,16373,1140
29142.603454,2595165267,2595166412,16114,1145
29142.624492,2595181218,2595182355,16354,1137
29142.636513,2595190349,2595191496,16379,1147
29142.705650,2595242836,2595243983,16403,1147
29142.717670,2595252296,2595253439,16341,1143
29142.759753,2595284216,2595285364,16459,1148
29142.771770,2595293350,2595294487,16457,1137
29142.783789,2595302444,2595303588,16106,1144
29142.801831,2595316141,2595317285,16111,1144
29142.813852,2595325246,2595326392,16361,1146
29142.825875,2595334345,2595335487,16378,1142
29142.837892,2595343455,2595344599,16027,1144
29142.873961,2595370857,2595372001,16030,1144
29142.888993,2595382303,2595383450,16368,1147
29142.901019,2595391414,2595392558,16112,1144
29142.913041,2595400541,2595401687,16356,1146
29142.925061,2595409712,2595410846,16371,1134
29143.024250,2595484949,2595486085,16459,1136
29143.036269,2595494081,2595495221,15995,1140
29143.048298,2595503211,2595504353,16357,1142
29143.060320,2595512368,2595513515,16346,1147
29143.111418,2595551126,2595552272,16358,1146
29143.123439,2595560292,2595561435,16376,1143
29143.135458,2595569404,2595570548,16105,1144
29143.147487,2595578543,2595579689,16356,1146
29143.159509,2595587710,2595588862,16347,1152
29143.171527,2595596865,2595598019,16000,1154
29143.183556,2595606014,2595607157,16361,1143
29143.201593,2595619693,2595620835,16402,1142
29143.213612,2595628855,2595629993,16345,1138
29143.240662,2595649403,2595650540,16376,1137
29143.252686,2595658559,2595659696,16277,1137
29143.273727,2595674557,2595675700,16361,1143
29143.285747,2595683697,2595684835,16371,1138
29143.297774,2595692812,2595693953,16108,1141
29143.309798,2595701937,2595703064,16205,1127
29143.324818,2595713316,2595714449,16028,1133
29143.336849,2595722470,2595723613,16381,1143
29143.352881,2595736220,2595737374,16355,1154
29143.445053,2595804656,2595805802,16357,1146
29143.457075,2595813801,2595814942,16346,1141
29143.469092,2595822941,2595824082,15991,1141
29143.481121,2595832076,2595833222,16361,1146
29143.538226,2595875414,2595876559,16424,1145
29143.562276,2595893754,2595894900,16440,1146
29143.574296,2595902893,2595904032,16456,1139
29143.589327,2595914290,2595915441,16353,1151
29143.625396,2595941677,2595942828,16360,1151
29143.637416,2595950820,2595951967,16374,1147
29143.667469,2595973672,2595974816,16022,1144
29143.679501,2595982825,2595983976,16379,1151
29143.691519,2595991950,2595993100,16328,1150
29143.709553,2596005653,2596006800,16369,1147
29143.721572,2596014776,2596015917,16028,1141
29143.745622,2596033015,2596034152,16263,1137
29143.768328,2596044630,2596045236,12009,606
29143.786206,2596051695,2596052829,16408,1134
29143.798221,2596060792,2596061931,16244,1139
29143.810251,2596069911,2596071062,16314,1151
29143.837303,2596090516,2596091668,16314,1152
29143.849326,2596099692,2596100838,16410,1146
29143.876377,2596120302,2596121454,16402,1152
29143.888392,2596129480,2596130623,16233,1143
29143.900423,2596138646,2596139789,16308,1143
29143.912445,2596147815,2596148961,16387,1146
29143.924461,2596156980,2596158123,16252,1143
29143.951513,2596177610,2596178762,16235,1152
29143.963540,2596186827,2596187974,16219,1147
29143.975565,2596195980,2596197127,16390,1147
29143.987581,2596205153,2596206294,16250,1141
29143.999610,2596214320,2596215467,16314,1147
29144.011632,2596223476,2596224622,16367,1146
29144.023650,2596232631,2596233770,16263,1139
29144.035679,2596241793,2596242934,16314,1141
29144.047702,2596250964,2596252115,16301,1151
29144.059718,2596260128,2596261280,16250,1152
29144.077752,2596273886,2596275033,16245,1147
29144.089780,2596283070,2596284212,16319,1142
29144.101803,2596292240,2596293387,16367,1147
29144.113821,2596301416,2596302559,16263,1143
29144.125850,2596310583,2596311726,16314,1143
29144.140877,2596322029,2596323162,16312,1133
29144.152900,2596331171,2596332318,16315,1147
29144.167924,2596342649,2596343786,16244,1137
29144.200992,2596367869,2596369015,16371,1146
29144.213010,2596377037,2596378183,16265,1146
29144.225039,2596386203,2596387350,16228,1147
29144.240066,2596397674,2596398815,16312,1141
29144.264113,2596416019,2596417164,16384,1145
29144.277639,2596424700,2596425830,16311,1130
29144.289661,2596433820,2596434971,16225,1151
29144.301685,2596443003,2596444150,16227,1147
29144.313706,2596452181,2596453323,16369,1142
29144.331740,2596465941,2596467087,16376,1146
29144.343759,2596475124,2596476260,16248,1136
29144.355785,2596484269,2596485421,16310,1152
29144.367812,2596493449,2596494601,16397,1152
29144.379827,2596502624,2596503770,16236,1146
29144.391857,2596511772,2596512919,16322,1147
29144.403879,2596520926,2596522071,16383,1145
29144.415895,2596530088,2596531234,16250,1146
29144.427926,2596539233,2596540380,16316,1147
29144.439949,2596548412,2596549563,16318,1151
29144.451964,2596557600,2596558746,16143,1146
29144.463993,2596566758,2596567910,16317,1152
29144.476017,2596575931,2596577082,16315,1151
29144.488040,2596585096,2596586239,16220,1143
29144.500063,2596594267,2596595419,16317,1152
29144.512084,2596603450,2596604593,16382,1143
29144.524101,2596612633,2596613785,16254,1152
29144.536132,2596621805,2596622952,16315,1147
29144.548155,2596630991,2596632137,16398,1146
29144.560172,2596640156,2596641303,16265,1147
29144.578204,2596653951,2596655099,16230,1148
29144.590235,2596663124,2596664258,16317,1134
29144.617286,2596683760,2596684907,16313,1147
29144.629307,2596692939,2596694084,16356,1145
29144.641326,2596702132,2596703282,16232,1150
29144.653353,2596711292,2596712444,16313,1152
29144.689423,2596738781,2596739916,16322,1135
29144.701445,2596747928,2596749075,16472,1147
29144.713462,2596757082,2596758222,16256,1140
29144.725492,2596766265,2596767422,16318,1157
29144.737515,2596775452,2596776599,16321,1147
29144.749532,2596784623,2596785765,16230,1142
29144.761559,2596793791,2596794936,16313,1145
29144.773586,2596802986,2596804130,16401,1144
29144.788612,2596814456,2596815597,16316,1141
29144.809650,2596830511,2596831659,16390,1148
29144.821670,2596839678,2596840820,16287,1142
29144.839701,2596853403,2596854539,16313,1136
29144.851730,2596862586,2596863729,16314,1143
29144.863755,2596871770,2596872916,16400,1146
29144.875770,2596880937,2596882080,16240,1143
29144.887801,2596890100,2596891243,16323,1143
29144.899822,2596899281,2596900428,16385,1147
29144.911838,2596908447,2596909585,16243,1138
29144.923869,2596917604,2596918754,16318,1150
29144.935892,2596926771,2596927923,16317,1152
29144.947907,2596935959,2596937102,16231,1143
29144.959936,2596945138,2596946281,16292,1143
29144.971961,2596954304,2596955447,16395,1143
29144.983983,2596963509,2596964655,16313,1146
29144.996006,2596972661,2596973813,16319,1152
29145.008028,2596981823,2596982966,16386,1143
29145.020044,2596990981,2596992123,16254,1142
29145.032075,2597000137,2597001288,16318,1151
29145.044098,2597009319,2597010467,16396,1148
29145.056113,2597018499,2597019645,16233,1146
29145.068142,2597027683,2597028826,16311,1143
29145.080167,2597036845,2597037986,16398,1141
29145.092182,2597046011,2597047163,16250,1152
29145.104212,2597055176,2597056324,16321,1148
29145.116234,2597064342,2597065488,16383,1146
29145.128250,2597073511,2597074659,16247,1148
29145.140279,2597082682,2597083834,16311,1152
29145.152304,2597091852,2597092999,16395,1147
29145.176348,2597110223,2597111370,16314,1147
29145.188372,2597119410,2597120553,16360,1143
29145.212418,2597137731,2597138869,16318,1138
29145.224439,2597146883,2597148035,16383,1152
29145.252498,2597169813,2597170960,16227,1147
29145.287559,2597195059,2597196205,16383,1146
29145.299576,2597204240,2597205392,16250,1152
29145.320624,2597220323,2597221466,16317,1143
29145.332646,2597229477,2597230624,16234,1147
29145.344662,2597238676,2597239816,16235,1140
29145.359699,2597250134,2597251277,16403,1143
29145.383744,2597268474,2597269622,16317,1148
29145.395765,2597277690,2597278836,16385,1146
29145.407782,2597286854,2597288006,16250,1152
29145.419813,2597296031,2597297178,16318,1147
29145.431835,2597305197,2597306335,16321,1138
29145.443851,2597314348,2597315491,16238,1143
29145.455879,2597323510,2597324656,16315,1146
29145.467904,2597332685,2597333831,16484,1146
29145.479926,2597341875,2597343022,16321,1147
29145.491950,2597351041,2597352189,16322,1148
29145.503971,2597360211,2597361358,16381,1147
29145.515988,2597369384,2597370527,16167,1143
29145.528018,2597378544,2597379686,16316,1142
29145.540041,2597387713,2597388859,16408,1146
29145.552056,2597396870,2597398016,16235,1146
29145.564085,2597406058,2597407196,16312,1138
29145.576110,2597415250,2597416398,16400,1148
29145.588125,2597424429,2597425570,16252,1141
29145.600154,2597433623,2597434770,16320,1147
29145.612175,2597442787,2597443934,16373,1147
29145.624194,2597451960,2597453108,16265,1148
29145.675297,2597490921,2597492078,16356,1157
29145.687314,2597500131,2597501274,16250,1143
29145.699342,2597509295,2597510438,16314,1143
29145.711364,2597518455,2597519598,16372,1143
29145.723382,2597527620,2597528766,16266,1146
29145.735409,2597536792,2597537939,16312,1147
29145.747434,2597545976,2597547123,16389,1147
29145.759450,2597555160,2597556312,16245,1152
29145.771478,2597564328,2597565475,16315,1147
29145.783501,2597573498,2597574645,16379,1147
29145.795519,2597582682,2597583829,16264,1147
29145.807548,2597591853,2597593007,16314,1154
29145.819570,2597601043,2597602190,16373,1147
29145.831588,2597610214,2597611361,16247,1147
29145.843616,2597619379,2597620525,16311,1146
29145.855640,2597628559,2597629699,16383,1140
29145.867656,2597637725,2597638858,16249,1133
29145.879685,2597646888,2597648035,16315,1147
29145.891707,2597656046,2597657194,16382,1148
29145.903727,2597665223,2597666370,16295,1147
29145.915754,2597674401,2597675548,16316,1147
29145.927777,2597683576,2597684718,16322,1142
29145.939793,2597692763,2597693918,16162,1155
29145.951821,2597701945,2597703092,16228,1147
29145.963845,2597711132,2597712279,16383,1147
29145.975868,2597720299,2597721442,16223,1143
29145.987891,2597729464,2597730611,16276,1147
29145.999916,2597738946,2597740089,16408,1143
29146.011931,2597748117,2597749264,16253,1147
29146.023961,2597757303,2597758454,16253,1151
29146.035984,2597766466,2597767604,16397,1138
29146.048000,2597775644,2597776792,16150,1148
29146.060028,2597784826,2597785973,16225,1147
29146.072053,2597793992,2597795142,16315,1150
29146.084068,2597803162,2597804314,16249,1152
29146.096098,2597812340,2597813487,16320,1147
29146.108120,2597821498,2597822641,16295,1143
29146.120136,2597830664,2597831811,16250,1147
29146.132165,2597839843,2597840996,16314,1153
29146.144190,2597849027,2597850181,16372,1154
29146.192274,2597885723,2597886875,16248,1152
29146.204305,2597895183,2597896335,16314,1152
29146.216326,2597904384,2597905522,16386,1138
29146.228343,2597913543,2597914690,16230,1147
29146.240371,2597922734,2597923883,16313,1149
29146.303493,2597970899,2597972046,16316,1147
29146.315514,2597980068,2597981210,16386,1142
29146.327531,2597989240,2597990386,16231,1146
29146.339559,2597998417,2597999566,16270,1149
29146.360602,2598014465,2598015612,16394,1147
29146.372624,2598023638,2598024779,16223,1141
29146.405686,2598048869,2598050028,16384,1159
29146.417704,2598058315,2598059458,16247,1143
29146.432739,2598069786,2598070929,16400,1143
29146.444754,2598078949,2598080096,16233,1147
29146.508888,2598129405,2598130552,16314,1147
29146.531927,2598145461,2598146598,16401,1137
29146.543942,2598154642,2598155789,16145,1147
29146.561977,2598168397,2598169544,16228,1147
29146.574007,2598177563,2598178710,16323,1147
29146.613080,2598207370,2598208521,16382,1151
29146.625097,2598216771,2598217917,16316,1146
29146.646143,2598232837,2598233985,16314,1148
29146.658167,2598242020,2598243168,16400,1148
29146.670190,2598251200,2598252341,16310,1141
29146.682213,2598260350,2598261493,16315,1143
29146.718282,2598287863,2598289009,16313,1146
29146.760354,2598319945,2598321083,16236,1138
29146.772384,2598329097,2598330247,16317,1150
29146.820476,2598365774,2598366916,16317,1142
29146.832491,2598375186,2598376333,16235,1147
29146.856545,2598393523,2598394669,16399,1146
29146.868567,2598402709,2598403856,16319,1147
29146.880590,2598411892,2598413038,16314,1146
29146.919664,2598441669,2598442816,16317,1147
29146.931680,2598450849,2598451996,16232,1147
29146.943709,2598460021,2598461168,16317,1147
29146.961743,2598473765,2598474913,16316,1148
29146.973766,2598482943,2598484091,16388,1148
29146.985786,2598492131,2598493278,16285,1147
29146.997813,2598501311,2598502449,16321,1138
29147.009834,2598510469,2598511616,16378,1147
29147.027871,2598524257,2598525404,16400,1147
29147.039886,2598533485,2598534629,16232,1144
29147.051915,2598542669,2598543817,16293,1148
29147.063939,2598551831,2598552983,16400,1152
29147.075954,2598561003,2598562150,16253,1147
29147.097002,2598577033,2598578181,16313,1148
29147.109024,2598586203,2598587349,16297,1146
29147.137082,2598609161,2598610312,16230,1151
29147.154111,2598620655,2598621801,16402,1146
29147.166133,2598629837,2598630983,16312,1146
29147.178156,2598639013,2598640156,16322,1143
29147.190178,2598648176,2598649329,16387,1153
29147.214225,2598666525,2598667666,16320,1141
29147.226248,2598675705,2598676848,16397,1143
29147.241273,2598687191,2598688338,16310,1147
29147.253300,2598696382,2598697528,16385,1146
29147.328434,2598753683,2598754826,16244,1143
29147.340462,2598762849,2598764002,16316,1153
29147.352487,2598772041,2598773188,16386,1147
29147.364509,2598781211,2598782363,16314,1152
29147.376532,2598790401,2598791552,16227,1151
29147.404585,2598813321,2598814474,16369,1153
29147.436640,2598836277,2598837429,16250,1152
29147.448669,2598845486,2598846633,16309,1147
29147.508777,2598891350,2598892502,16247,1152
29147.520806,2598900540,2598901680,16226,1140
29147.536845,2598914393,2598915548,16319,1155
29147.556875,2598928236,2598929390,16319,1154
29147.568898,2598937464,2598938621,16228,1157
29147.584934,2598951269,2598952420,16315,1151
29147.613985,2598971986,2598973133,16348,1147
29147.626000,2598981163,2598982315,16250,1152
29147.638031,2598990344,2598991495,16314,1151
29147.657065,2599006429,2599007577,16379,1148
29147.689120,2599029348,2599030500,16235,1152
29147.701150,2599038532,2599039679,16229,1147
29147.758258,2599082102,2599083249,16375,1147
29147.815360,2599125698,2599126841,16248,1143
29147.827391,2599134864,2599136011,16321,1147
29147.839408,2599144308,2599145456,16297,1148
29147.851427,2599153432,2599154576,16106,1144
29147.863459,2599162582,2599163729,16494,1147
29147.881489,2599176269,2599177420,16443,1151
29147.893510,2599185401,2599186544,16374,1143
29147.911545,2599199094,2599200237,16262,1143
29147.923563,2599208226,2599209381,15997,1155
29147.935593,2599217368,2599218506,16380,1138
29147.953627,2599231066,2599232203,16373,1137
29147.965650,2599240219,2599241366,16361,1147
29147.977666,2599249313,2599250451,16025,1138
29147.989696,2599258458,2599259605,16381,1147
29148.052815,2599306436,2599307588,16442,1152
29148.064839,2599315616,2599316761,16269,1145
29148.079869,2599327036,2599328157,16207,1121
29148.185061,2599406939,2599408088,16107,1149
29148.197090,2599416085,2599417227,16365,1142
29148.209111,2599425230,2599426373,16263,1143
29148.237172,2599448079,2599449225,16096,1146
29148.260213,2599464064,2599465211,16486,1147
29148.272231,2599473208,2599474356,16381,1148
29148.284249,2599482369,2599483517,15992,1148
29148.296279,2599491503,2599492650,16365,1147
29148.317318,2599507530,2599508671,16338,1141
29148.329335,2599516635,2599517779,16027,1144
29148.359402,2599539473,2599540621,16402,1148
29148.371419,2599548610,2599549761,16373,1151
29148.383438,2599557719,2599558853,16028,1134
29148.395469,2599566843,2599567969,16213,1126
29148.407488,2599575970,2599577116,16259,1146
29148.419510,2599585112,2599586261,16108,1149
29148.437541,2599598826,2599599974,16025,1148
29148.449572,2599607967,2599609114,16390,1147
29148.476621,2599628526,2599629672,16442,1146
29148.488642,2599637692,2599638835,16373,1143
29148.509681,2599653710,2599654857,16236,1147
29148.521707,2599662856,2599664003,16355,1147
29148.533728,2599672008,2599673154,16280,1146
29148.545746,2599681134,2599682274,16024,1140
29148.611883,2599731388,2599732526,16370,1138
29148.623899,2599740513,2599741656,16372,1143
29148.635918,2599749613,2599750757,16037,1144
29148.647950,2599758755,2599759880,16216,1125
29148.665984,2599772444,2599773566,16292,1122
29148.678002,2599781581,2599782723,16455,1142
29148.690023,2599790715,2599791853,16108,1138
29148.702051,2599799863,2599801010,16363,1147
29148.714072,2599809049,2599810201,16344,1152
29148.726090,2599818173,2599819319,16032,1146
29148.801239,2599875286,2599876429,16363,1143
29148.813261,2599884439,2599885587,16341,1148
29148.831294,2599898149,2599899287,16379,1138
29148.843313,2599907282,2599908423,16076,1141
29148.855345,2599916413,2599917565,16416,1152
29148.867362,2599925567,2599926715,16379,1148
29148.885397,2599939277,2599940424,16460,1147
29148.897414,2599948625,2599949771,15987,1146
29148.936496,2599978371,2599979507,16380,1136
29148.948517,2599987520,2599988667,16373,1147
29148.984585,2600014882,2600016032,16456,1150
29148.996608,2600023987,2600025136,16149,1149
29149.036686,2600055964,2600057121,16455,1157
29149.092791,2600097073,2600098210,16370,1137
29149.104813,2600106258,2600107406,16315,1148
29149.140878,2600133625,2600134774,16106,1149
29149.152911,2600142769,2600143909,16488,1140
29149.164928,2600151900,2600153047,16370,1147
29149.241079,2600211243,2600212390,16355,1147
29149.300185,2600254655,2600255807,16259,1152
29149.312204,2600263851,2600264996,15994,1145
29149.330239,2600277564,2600278708,16102,1144
29149.342268,2600286700,2600287847,16443,1147
29149.384341,2600318662,2600319805,16028,1143
29149.396371,2600327806,2600328952,16353,1146
29149.408392,2600336974,2600338112,16344,1138
29149.448473,2600368900,2600370052,16401,1152
29149.504580,2600410055,2600411203,16372,1148
29149.516597,2600419239,2600420381,16376,1142
29149.552668,2600446635,2600447769,16358,1134
29149.564687,2600455782,2600456925,16228,1143
29149.652867,2600524361,2600525506,16101,1145
29149.711971,2600567844,2600568991,16360,1147
29149.730005,2600581592,2600582741,16360,1149
29149.742026,2600590756,2600591909,16379,1153
29149.760060,2600604488,2600605635,16380,1147
29149.772079,2600613637,2600614786,15994,1149
29149.784108,2600622768,2600623915,16363,1147
29149.796128,2600631916,2600633068,16264,1152
29149.808148,2600641061,2600642205,15912,1144
29149.820181,2600650206,2600651357,16375,1151
29149.832199,2600659371,2600660517,16345,1146
29149.844224,2600668497,2600669638,15976,1141
29149.865263,2600684522,2600685674,16357,1152
29149.877283,2600693688,2600694835,16373,1147
29149.895317,2600707362,2600708500,16261,1138
29149.907337,2600716495,2600717639,15951,1144
29149.919370,2600725693,2600726837,16427,1144
29149.931386,2600734855,2600735992,16373,1137
29149.943412,2600743983,2600745137,16105,1154
29149.985488,2600775949,2600777088,16369,1139
29149.997510,2600785091,2600786233,16230,1142
29150.012540,2600796511,2600797653,16454,1142
29150.088690,2600855831,2600856969,16439,1138
29150.120746,2600878700,2600879857,16371,1157
29150.132765,2600887889,2600889023,16105,1134
29150.192883,2600933531,2600934678,16268,1147
29150.207914,2600944961,2600946107,16438,1146
29150.293082,2601011235,2601012392,16226,1157
29150.313107,2601024930,2601026074,16023,1144
29150.325137,2601034071,2601035218,16360,1147
29150.337158,2601043233,2601044386,16381,1153
29150.400279,2601091296,2601092443,16348,1147
29150.412299,2601100469,2601101615,16232,1146
29150.439355,2601121035,2601122173,16077,1138
29150.451377,2601130155,2601131297,16446,1142
29150.463393,2601139301,2601140442,16374,1141
29150.475420,2601148404,2601149553,16126,1149
29150.487451,2601157550,2601158673,16249,1123
29150.499467,2601166695,2601167833,16343,1138
29150.511485,2601175794,2601176938,16030,1144
29150.523514,2601184931,2601186074,16445,1143
29150.535535,2601194080,2601195220,16372,1140
29150.547559,2601203213,2601204362,16261,1149
29150.619691,2601258086,2601259232,16026,1146
29150.631720,2601267229,2601268381,16358,1152
29150.643743,2601276400,2601277547,16311,1147
29150.655765,2601285532,2601286679,16258,1147
29150.667791,2601294657,2601295777,16211,1120
29150.679809,2601303781,2601304928,16286,1147
29150.691830,2601312918,2601314070,16237,1152
29150.703857,2601322061,2601323207,16361,1146
29150.715878,2601331204,2601332342,16376,1138
29150.727899,2601340338,2601341485,16231,1147
29150.739929,2601349527,2601350674,16405,1147
29150.751946,2601358674,2601359823,16375,1149
29150.763965,2601367804,2601368948,16110,1144
29150.775994,2601376971,2601378118,16443,1147
29150.788015,2601386087,2601387230,16345,1143
29150.800034,2601395232,2601396372,15996,1140
29150.812063,2601404371,2601405523,16364,1152
29150.824084,2601413528,2601414675,16380,1147
29150.836110,2601422653,2601423807,16190,1154
29150.848134,2601431819,2601432941,16293,1122
29150.860152,2601440955,2601442102,16375,1147
29150.872171,2601450072,2601451212,16027,1140
29150.920269,2601486628,2601487779,16360,1151
29150.932289,2601495774,2601496917,16378,1143
29150.944313,2601504924,2601506071,16230,1147
29150.956337,2601514059,2601515211,16358,1152
29150.968358,2601523209,2601524352,16376,1143
29151.016445,2601559764,2601560913,16067,1149
29151.028475,2601568901,2601570048,16415,1147
29151.043500,2601580307,2601581456,16047,1149
29151.055532,2601589472,2601590619,16396,1147
29151.073561,2601603193,2601604345,16456,1152
29151.085580,2601612352,2601613503,16347,1151
29151.097600,2601621486,2601622625,15911,1139
29151.112632,2601632914,2601634061,16369,1147
29151.124652,2601642024,2601643164,16028,1140
29151.145697,2601657995,2601659147,16383,1152
29151.157716,2601667178,2601668324,16289,1146
29151.172749,2601678590,2601679733,16359,1143
29151.184770,2601687746,2601688897,16265,1151
29151.196790,2601696897,2601698036,16069,1139
29151.208818,2601706030,2601707173,16445,1143
29151.220838,2601715180,2601716327,16382,1147
29151.232865,2601724280,2601725431,16111,1151
29151.247889,2601735725,2601736862,16448,1137
29151.271937,2601753976,2601755123,16439,1147
29151.283958,2601763092,2601764228,16349,1136
29151.295977,2601772247,2601773385,15990,1138
29151.308006,2601781377,2601782524,16315,1147
29151.320026,2601790524,2601791668,16375,1144
29151.332053,2601799649,2601800793,16069,1144
29151.344075,2601808792,2601809938,16358,1146
29151.356097,2601817980,2601819123,16376,1143
29151.368114,2601827086,2601828229,16024,1143
29151.380146,2601836205,2601837330,16211,1125
29151.392165,2601845371,2601846509,16341,1138
29151.404182,2601854464,2601855603,16031,1139
29151.425229,2601870459,2601871610,16363,1151
29151.437252,2601879600,2601880747,16445,1147
29151.464302,2601900162,2601901300,16349,1138
29151.476320,2601909282,2601910426,16028,1144
29151.488353,2601918458,2601919605,16374,1147
29151.500372,2601927612,2601928755,16367,1143
29151.557474,2601971025,2601972163,16026,1138
29151.569503,2601980163,2601981310,16445,1147
29151.588541,2601996179,2601997324,16342,1145
29151.623606,2602021295,2602022447,16362,1152
29151.692734,2602073865,2602075017,16313,1152
29151.704761,2602083022,2602084160,16361,1138
29151.764868,2602128697,2602129837,16025,1140
29151.776898,2602137834,2602138977,16364,1143
29151.792933,2602151599,2602152746,16463,1147
29151.864057,2602204148,2602205288,16024,1140
29151.876086,2602213280,2602214426,16360,1146
29151.897124,2602229322,2602230468,16370,1146
29151.909143,2602238512,2602239656,15991,1144
29151.921172,2602247659,2602248805,16360,1146
29151.933195,2602256847,2602257988,16361,1141
29151.945211,2602265986,2602267130,16030,1144
29151.957241,2602275128,2602276280,16365,1152
29151.969262,2602284287,2602285433,16427,1146
29151.981283,2602293461,2602294609,16314,1148
29151.993309,2602302609,2602303761,16441,1152
29152.012345,2602318628,2602319780,16452,1152
29152.116537,2602396244,2602397382,16024,1138
29152.128570,2602405380,2602406526,16407,1146
29152.176656,2602441893,2602443036,16257,1143
29152.188675,2602451058,2602452202,15992,1144
29152.216737,2602473937,2602475091,16359,1154
29152.239776,2602489939,2602491082,16371,1143
29152.251794,2602499054,2602500209,16073,1155
29152.263824,2602508203,2602509350,16358,1147
29152.275844,2602517333,2602518480,16265,1147
29152.287863,2602526491,2602527641,15993,1150
29152.299894,2602535642,2602536764,16209,1122
29152.317926,2602549317,2602550464,16357,1147
29152.329950,2602558484,2602559636,16362,1152
29152.360000,2602581353,2602582488,16026,1135
29152.372030,2602590473,2602591620,16356,1147
29152.384052,2602599642,2602600783,16349,1141
29152.396069,2602608800,2602609944,15992,1144
29152.408103,2602617968,2602619106,16381,1138
29152.420119,2602627095,2602628242,16379,1147
29152.432138,2602636215,2602637350,16105,1135
29152.444169,2602645368,2602646488,16295,1120
29152.456187,2602654479,2602655631,16379,1152
29152.468206,2602663595,2602664741,16105,1146
29152.480241,2602672758,2602673879,16298,1121
29152.492256,2602681880,2602683027,16459,1147
29152.504279,2602691001,2602692144,16125,1143
29152.516308,2602700157,2602701303,16373,1146
29152.528327,2602709301,2602710442,16367,1141
29152.540343,2602718432,2602719576,16022,1144
29152.555382,2602729976,2602731123,16393,1147
29152.567397,2602739175,2602740330,16255,1155
29152.579427,2602748407,2602749559,16310,1152
29152.591450,2602757636,2602758788,16396,1152
29152.603466,2602766885,2602768041,16231,1156
29152.615496,2602776129,2602777283,16416,1154
29152.627516,2602785342,2602786484,16446,1142
29152.645547,2602799068,2602800215,16370,1147
29152.657569,2602808207,2602809354,16213,1147
29152.711669,2602849388,2602850533,16028,1145
29152.723702,2602858551,2602859694,16412,1143
29152.735719,2602867706,2602868858,16463,1152
29152.753754,2602881430,2602882572,16454,1142
29152.765772,2602890560,2602891699,15993,1139
29152.804853,2602920295,2602921442,16351,1147
29152.816875,2602929484,2602930643,16344,1159
29152.831904,2602940896,2602942044,16355,1148
29152.842431,2602946622,2602947444,14656,822
29152.852331,2602951884,2602952491,12082,607
29152.873989,2602961751,2602962887,16316,1136
29152.886010,2602970858,2602972000,16354,1142
29152.904044,2602984603,2602985746,16385,1143
29152.916061,2602993771,2602994908,16246,1137
29152.928091,2603002928,2603004076,16320,1148
29152.946126,2603016694,2603017841,16317,1147
29152.958147,2603025857,2603027009,16384,1152
29152.982194,2603044208,2603045350,16315,1142
29152.994215,2603053385,2603054539,16379,1154
29153.012250,2603067172,2603068319,16387,1147
29153.024266,2603076384,2603077531,16251,1147
29153.036297,2603085590,2603086737,16291,1147
29153.099417,2603133790,2603134925,16313,1135
29153.111440,2603142956,2603144099,16405,1143
29153.123455,2603152128,2603153277,16250,1149
29153.135486,2603161316,2603162462,16298,1146
29153.147507,2603170514,2603171654,16383,1140
29153.159524,2603179678,2603180821,16246,1143
29153.192592,2603204932,2603206089,16381,1157
29153.204609,2603214124,2603215295,16247,1171
29153.216640,2603223333,2603224484,16312,1151
29153.228661,2603232554,2603233711,16350,1157
29153.240678,2603241778,2603242925,16250,1147
29153.285763,2603276339,2603277491,16247,1152
29153.297795,2603285526,2603286672,16323,1146
29153.309816,2603294712,2603295859,16379,1147
29153.348887,2603324568,2603325714,16279,1146
29153.360425,2603333340,2603334482,16281,1142
29153.380444,2603347099,2603348246,16251,1147
29153.392475,2603356290,2603357452,16323,1162
29153.404496,2603365483,2603366630,16384,1147
29153.416514,2603374654,2603375804,16264,1150
29153.428545,2603383893,2603385045,16318,1152
29153.452581,2603402267,2603403414,16250,1147
29153.464612,2603411458,2603412605,16315,1147
29153.479635,2603422941,2603424093,16282,1152
29153.491663,2603432115,2603433258,16232,1143
29153.503685,2603441292,2603442438,16311,1146
29153.515702,2603450473,2603451618,16265,1145
29153.527732,2603459670,2603460817,16315,1147
29153.539753,2603468849,2603469991,16385,1142
29153.551772,2603478025,2603479177,16283,1152
29153.563800,2603487204,2603488350,16398,1146
29153.575822,2603496387,2603497530,16468,1143
29153.617903,2603528511,2603529658,16311,1147
29153.629926,2603537688,2603538840,16388,1152
29153.653972,2603556102,2603557259,16318,1157
29153.665993,2603565294,2603566444,16399,1150
29153.690040,2603583662,2603584808,16315,1146
29153.702062,2603592875,2603594016,16470,1141
29153.726109,2603611246,2603612404,16398,1158
29153.738130,2603620453,2603621599,16389,1146
29153.762177,2603638818,2603639965,16313,1147
29153.774199,2603648030,2603649174,16391,1144
29153.786216,2603657225,2603658377,16258,1152
29153.798246,2603666447,2603667589,16397,1142
29153.828302,2603689431,2603690583,16385,1152
29153.840320,2603698629,2603699767,16251,1138
29153.852349,2603707840,2603708992,16316,1152
29153.864370,2603717047,2603718190,16394,1143
29153.897435,2603742302,2603743449,16318,1147
29153.909456,2603751494,2603752641,16392,1147
29153.928500,2603767565,2603768747,16330,1182
29153.945525,2603779085,2603780237,16439,1152
29153.957541,2603788287,2603789434,16249,1147
29153.984593,2603808968,2603810120,16338,1152
29153.996623,2603818145,2603819292,16399,1147
29154.008645,2603827332,2603828484,16394,1152
29154.020664,2603836500,2603837647,16282,1147
29154.032692,2603845697,2603846848,16315,1151
29154.053729,2603861812,2603862963,16367,1151
29154.065747,2603871022,2603872173,16266,1151
29154.089798,2603889401,2603890548,16373,1147
29154.101815,2603898568,2603899720,16260,1152
29154.132880,2603923828,2603924984,16371,1156
29154.161935,2603944539,2603945686,16382,1147
29154.173953,2603953713,2603954855,16249,1142
29154.185984,2603962915,2603964068,16334,1153
29154.216038,2603985866,2603987015,16367,1149
29154.228058,2603995069,2603996216,16378,1147
29154.240085,2604004257,2604005404,16321,1147
29154.252106,2604013513,2604014670,16341,1157
29154.330257,2604073245,2604074392,16315,1147
29154.345281,2604084720,2604085869,16294,1149
29154.357308,2604093893,2604095043,16224,1150
29154.375342,2604107689,2604108841,16314,1152
29154.387363,2604116880,2604118022,16281,1142
29154.399382,2604126054,2604127205,16271,1151
29154.411410,2604135251,2604136398,16313,1147
29154.423432,2604144447,2604145599,16365,1152
29154.441466,2604158232,2604159381,16367,1149
29154.453487,2604167431,2604168613,16254,1182
29154.465517,2604176653,2604177794,16315,1141
29154.477536,2604185871,2604187018,16385,1147
29154.504588,2604206542,2604207688,16386,1146
29154.516604,2604215730,2604216879,16257,1149
29154.537653,2604231814,2604232957,16381,1143
29154.549673,2604240972,2604242124,16467,1152
29154.561691,2604250167,2604251324,16251,1157
29154.573723,2604259379,2604260526,16316,1147
29154.609789,2604286947,2604288099,16294,1152
29154.621811,2604296147,2604297298,16384,1151
29154.645858,2604314539,2604315691,16321,1152
29154.657881,2604323745,2604324891,16395,1146
29154.669898,2604332946,2604334098,16251,1152
29154.681927,2604342151,2604343300,16321,1149
29154.717995,2604369756,2604370908,16319,1152
29154.730016,2604378971,2604380118,16359,1147
29154.754064,2604397396,2604398553,16322,1157
29154.766085,2604406580,2604407726,16469,1146
29154.820189,2604447945,2604449087,16384,1142
29154.838222,2604461722,2604462874,16377,1152
29154.853252,2604473219,2604474391,16316,1172
29154.865274,2604482463,2604483608,16389,1145
29154.880304,2604493976,2604495123,16318,1147
29154.919377,2604523874,2604525021,16354,1147
29154.931396,2604533063,2604534208,16277,1145
29154.943424,2604542244,2604543401,16319,1157
29154.955446,2604551440,2604552588,16401,1148
29154.967464,2604560615,2604561762,16277,1147
29154.985497,2604574410,2604575556,16255,1146
29154.997526,2604583601,2604584772,16314,1171
29155.048616,2604622675,2604623825,16250,1150
29155.060647,2604631850,2604633001,16312,1151
29155.072668,2604641059,2604642206,16386,1147
29155.084685,2604650265,2604651407,16253,1142
29155.096715,2604659439,2604660596,16315,1157
29155.144805,2604696217,2604697369,16381,1152
29155.156823,2604705429,2604706576,16255,1147
29155.171857,2604716912,2604718069,16381,1157
29155.195904,2604735294,2604736445,16317,1151
29155.207925,2604744480,2604745627,16386,1147
29155.219942,2604753672,2604754814,16227,1142
29155.231972,2604762844,2604764002,16284,1158
29155.243994,2604772045,2604773192,16385,1147
29155.256014,2604781203,2604782355,16286,1152
29155.268041,2604790397,2604791549,16315,1152
29155.280063,2604799603,2604800750,16381,1147
29155.292079,2604808789,2604809941,16225,1152
29155.313127,2604824879,2604826026,16317,1147
29155.325148,2604834078,2604835225,16392,1147
29155.397286,2604889234,2604890376,16391,1142
29155.409305,2604898431,2604899577,16363,1146
29155.427337,2604912192,2604913335,16253,1143
29155.439367,2604921383,2604922535,16405,1152
29155.451389,2604930571,2604931709,16486,1138
29155.463405,2604939750,2604940892,16263,1142
29155.475435,2604948960,2604950107,16295,1147
29155.487457,2604958139,2604959292,16381,1153
29155.499473,2604967344,2604968502,16242,1158
29155.511504,2604976542,2604977689,16317,1147
29155.523525,2604985751,2604986898,16383,1147
29155.535543,2604994960,2604996112,16253,1152
29155.547573,2605004175,2605005336,16311,1161
29155.568614,2605020273,2605021420,16402,1147
29155.580628,2605029451,2605030591,16251,1140
29155.592659,2605038629,2605039781,16318,1152
29155.604680,2605047826,2605048978,16387,1152
29155.619710,2605059304,2605060451,16310,1147
29155.631731,2605068510,2605069661,16383,1151
29155.643748,2605077716,2605078863,16235,1147
29155.655779,2605086910,2605088053,16329,1143
29155.667800,2605096109,2605097262,16469,1153
29155.679819,2605105353,2605106495,16283,1142
29155.691848,2605114552,2605115709,16320,1157
29155.703868,2605123753,2605124899,16351,1146
29155.715886,2605132929,2605134073,16253,1144
29155.727915,2605142113,2605143260,16314,1147
29155.739937,2605151303,2605152450,16382,1147
29155.751954,2605160509,2605161656,16258,1147
29155.763984,2605169687,2605170832,16316,1145
29155.836122,2605224830,2605225982,16318,1152
29155.848143,2605234021,2605235172,16400,1151
29155.860163,2605243218,2605244370,16284,1152
29155.872190,2605252407,2605253555,16316,1148
29155.884212,2605261593,2605262736,16370,1143
29155.896227,2605270798,2605271939,16169,1141
29155.908257,2605279994,2605281141,16319,1147
29155.920279,2605289179,2605290331,16282,1152
29155.932297,2605298374,2605299532,16266,1158
29155.947330,2605309890,2605311040,16379,1150
29155.959348,2605319102,2605320249,16267,1147
29155.977382,2605332926,2605334078,16260,1152
29155.989412,2605342123,2605343269,16313,1146
29156.001433,2605351293,2605352445,16368,1152
29156.013451,2605360494,2605361642,16265,1148
29156.025480,2605369689,2605370836,16316,1147
29156.049520,2605388063,2605389210,16266,1147
29156.061549,2605397262,2605398409,16315,1147
29156.085588,2605415648,2605416795,16243,1147
29156.097620,2605424873,2605426024,16314,1151
29156.136692,2605454737,2605455884,16467,1147
29156.148708,2605463924,2605465077,16260,1153
29156.217846,2605516807,2605517964,16385,1157
29156.229862,2605526011,2605527152,16261,1141
29156.253915,2605544404,2605545551,16470,1147
29156.268945,2605555895,2605557057,16319,1162
29156.280966,2605565100,2605566247,16390,1147
29156.292982,2605574292,2605575438,16242,1146
29156.305011,2605583514,2605584662,16311,1148
29156.338071,2605608784,2605609936,16292,1152
29156.350098,2605617973,2605619125,16314,1152
29156.362119,2605627169,2605628316,16372,1147
29156.374137,2605636387,2605637534,16266,1147
29156.392173,2605650172,2605651324,16281,1152
29156.404200,2605659374,2605660521,16313,1147
29156.416222,2605668561,2605669719,16370,1158
29156.437257,2605684638,2605685784,16262,1146
29156.449286,2605693824,2605694982,16323,1158
29156.467320,2605707629,2605708776,16317,1147
29156.479342,2605716826,2605717973,16372,1147
29156.491358,2605726014,2605727156,16252,1142
29156.503391,2605735240,2605736378,16316,1138
29156.515414,2605744427,2605745574,16405,1147
29156.551481,2605772017,2605773164,16386,1147
29156.563498,2605781202,2605782356,16235,1154
29156.575528,2605790408,2605791560,16318,1152
29156.587549,2605799608,2605800755,16357,1147
29156.599566,2605808782,2605809929,16249,1147
29156.611598,2605817983,2605819130,16336,1147
29156.623617,2605827165,2605828312,16383,1147
29156.635634,2605836359,2605837506,16335,1147
29156.647665,2605845558,2605846705,16325,1147
29156.659686,2605854748,2605855895,16393,1147
29156.671703,2605863946,2605865092,16238,1146
29156.683733,2605873152,2605874304,16319,1152
29156.704772,2605889255,2605890407,16355,1152
29156.716790,2605898467,2605899614,16247,1147
29156.728819,2605907673,2605908821,16318,1148
29156.740840,2605916868,2605918020,16400,1152
29156.752857,2605926073,2605927244,16166,1171
29156.764888,2605935318,2605936471,16315,1153
29156.776909,2605944500,2605945652,16389,1152
29156.788925,2605953700,2605954851,16237,1151
29156.803960,2605965200,2605966347,16383,1147
29156.815977,2605974368,2605975520,16248,1152
29156.828008,2605983559,2605984710,16320,1151
29156.840029,2605992744,2605993892,16313,1148
29156.852046,2606001969,2606003116,16257,1147
29156.873094,2606018061,2606019204,16294,1143
29156.885115,2606027244,2606028396,16386,1152
29156.906149,2606043342,2606044489,16251,1147
29156.918179,2606052510,2606053662,16315,1152
29156.933201,2606064042,2606065194,16336,1152
29156.945231,2606073222,2606074370,16325,1148
29156.978286,2606098538,2606099685,16261,1147
29156.996321,2606112348,2606113503,16261,1155
29157.008350,2606121552,2606122704,16399,1152
29157.020372,2606130754,2606131906,16294,1152
29157.035402,2606142250,2606143397,16318,1147
29157.047424,2606151448,2606152595,16383,1147
29157.059443,2606160872,2606162015,16428,1143
29157.071460,2606170006,2606171156,15949,1150
29157.083490,2606179171,2606180320,16273,1149
29157.095511,2606188351,2606189489,16344,1138
29157.107529,2606197481,2606198626,16031,1145
29157.119563,2606206664,2606207836,16287,1172
29157.131582,2606215874,2606217031,16333,1157
29157.143597,2606225019,2606226163,16044,1144
29157.155626,2606234200,2606235347,16356,1147
29157.167647,2606243388,2606244536,16375,1148
29157.179666,2606252534,2606253687,16123,1153
29157.191700,2606261745,2606262868,16282,1123
29157.209728,2606275443,2606276595,16350,1152
29157.221750,2606284619,2606285767,16458,1148
29157.311922,2606353296,2606354443,16459,1147
29157.323941,2606362434,2606363584,16047,1150
29157.335971,2606371660,2606372807,16359,1147
29157.347990,2606380811,2606381968,16375,1157
29157.360009,2606389977,2606391121,16042,1144
29157.372039,2606399139,2606400264,16117,1125
29157.384059,2606408250,2606409397,16266,1147
29157.396078,2606417450,2606418593,15994,1143
29157.408107,2606426601,2606427748,16291,1147
29157.420127,2606435752,2606436899,16378,1147
29157.438164,2606449528,2606450680,16353,1152
29157.450178,2606458663,2606459798,15991,1135
29157.528330,2606518219,2606519370,16291,1151
29157.540353,2606527375,2606528516,16033,1141
29157.576421,2606554804,2606555948,16105,1144
29157.588454,2606563987,2606565134,16379,1147
29157.604485,2606577817,2606578976,16489,1159
29157.628536,2606596304,2606597462,16318,1158
29157.705673,2606653858,2606655009,16362,1151
29157.717693,2606663020,2606664167,16377,1147
29157.729720,2606672145,2606673300,16194,1155
29157.741747,2606681383,2606682535,16373,1152
29157.753762,2606690543,2606691695,16375,1152
29157.832922,2606752444,2606753586,16367,1142
29157.861968,2606773046,2606774222,16376,1176
29157.873986,2606782218,2606783362,16037,1144
29157.886020,2606791438,2606792590,16382,1152
29157.898036,2606800614,2606801770,16385,1156
29157.928097,2606823471,2606824620,16169,1149
29157.940118,2606832636,2606833782,16446,1146
29157.952141,2606841847,2606842994,16348,1147
29157.964159,2606851011,2606852166,15997,1155
29157.976187,2606860215,2606861361,16356,1146
29158.024276,2606896897,2606898044,16372,1147
29158.036295,2606906029,2606907172,16025,1143
29158.048324,2606915185,2606916338,16357,1153
29158.144501,2606988432,2606989576,16028,1144
29158.156534,2606997864,2606999010,16372,1146
29158.168552,2607007058,2607008210,16345,1152
29158.252707,2607071170,2607072311,16031,1141
29158.267740,2607082607,2607083764,16366,1157
29158.351895,2607146699,2607147854,16027,1155
29158.363925,2607156146,2607157297,16275,1151
29158.375945,2607165347,2607166493,16254,1146
29158.387964,2607174490,2607175635,15995,1145
29158.399997,2607183672,2607184824,16372,1152
29158.412014,2607192836,2607193985,16376,1149
29158.424040,2607201979,2607203124,16114,1145
29158.436062,2607211148,2607212299,16364,1151
29158.448078,2607220341,2607221493,16291,1152
29158.460105,2607229472,2607230615,16048,1143
29158.472130,2607238641,2607239793,16358,1152
29158.484152,2607247827,2607248968,16346,1141
29158.496170,2607256963,2607258112,16029,1149
29158.508203,2607266156,2607267303,16376,1147
29158.520220,2607275307,2607276453,16303,1146
29158.541256,2607291412,2607292555,15998,1143
29158.553285,2607300600,2607301777,16364,1177
29158.565307,2607309834,2607310980,16344,1146
29158.577327,2607318986,2607320128,16315,1142
29158.589354,2607328151,2607329302,16444,1151
29158.601373,2607337336,2607338513,16377,1177
29158.631427,2607360230,2607361375,16028,1145
29158.664494,2607385434,2607386581,16374,1147
29158.676516,2607394612,2607395759,16235,1147
29158.691545,2607406062,2607407209,16328,1147
29158.703564,2607415201,2607416340,16026,1139
29158.715594,2607424342,2607425484,16357,1142
29158.727617,2607433509,2607434650,16367,1141
29158.739633,2607442652,2607443791,16035,1139
29158.751664,2607451802,2607452925,16214,1123
29158.763683,2607460948,2607462105,16375,1157
29158.781718,2607474712,2607475864,16423,1152
29158.793736,2607483847,2607484991,16028,1144
29158.805765,2607493018,2607494165,16360,1147
29158.817785,2607502171,2607503318,16459,1147
29158.829805,2607511346,2607512493,16025,1147
29158.877907,2607548022,2607549162,16444,1140
29158.889923,2607557165,2607558312,16458,1147
29158.907957,2607570902,2607572054,16457,1152
29158.919983,2607580030,2607581175,16115,1145
29158.938013,2607593767,2607594917,16124,1150
29158.950039,2607602919,2607604076,16463,1157
29158.965062,2607614385,2607615530,16035,1145
29158.977097,2607623629,2607624776,16396,1147
29159.010148,2607648802,2607649946,16107,1144
29159.022179,2607657969,2607659121,16412,1152
29159.034197,2607667139,2607668296,16375,1157
29159.046216,2607676342,2607677498,16022,1156
29159.080327,2607703891,2607705042,15995,1151
29159.112348,2607726762,2607727919,16363,1157
29159.124371,2607735946,2607737093,16360,1147
29159.172459,2607772595,2607773748,16232,1153
29159.184486,2607781753,2607782900,16359,1147
29159.196507,2607790958,2607792115,16345,1157
29159.212538,2607804703,2607805850,16375,1147
29159.241591,2607825320,2607826466,16381,1146
29159.253610,2607834457,2607835601,16030,1144
29159.316741,2607882565,2607883712,16317,1147
29159.328760,2607891724,2607892876,16367,1152
29159.391880,2607939879,2607941026,16361,1147
29159.403901,2607949123,2607950265,16351,1142
29159.421937,2607962905,2607964052,16435,1147
29159.433956,2607972082,2607973239,16235,1157
29159.494070,2608017916,2608019064,16341,1148
29159.506091,2608027060,2608028199,16031,1139
29159.518123,2608036203,2608037357,16403,1154
29159.596262,2608095773,2608096924,16030,1151
29159.608291,2608104946,2608106098,16442,1152
29159.620314,2608114111,2608115257,16444,1146
29159.635345,2608125550,2608126671,16294,1121
29159.689445,2608166737,2608167889,16359,1152
29159.701466,2608175893,2608177045,16372,1152
29159.713492,2608185033,2608186179,16110,1146
29159.725514,2608194196,2608195342,16359,1146
29159.737534,2608203355,2608204507,16372,1152
29159.800655,2608251464,2608252611,16375,1147
29159.812683,2608260833,2608261991,16315,1158
29159.824703,2608270011,2608271173,16363,1162
29159.875793,2608309006,2608310154,15988,1148
29159.911872,2608336592,2608337750,16310,1158
29159.923891,2608345761,2608346913,16365,1152
29159.935912,2608354980,2608356126,16373,1146
29159.947930,2608364121,2608365276,16028,1155
29159.959960,2608373318,2608374459,16354,1141
29159.971981,2608382509,2608383661,16343,1152
29160.008049,2608409981,2608411134,16377,1153
29160.020068,2608419338,2608420483,16109,1145
29160.032098,2608428514,2608429666,16447,1152
29160.044118,2608437682,2608438838,16383,1156
29160.056136,2608446861,2608448004,16072,1143
29160.068170,2608456023,2608457170,16378,1147
29160.080186,2608465191,2608466338,16373,1147
29160.092205,2608474355,2608475525,16030,1170
29160.104236,2608483563,2608484690,16214,1127
29160.116258,2608492716,2608493863,16278,1147
29160.128274,2608501852,2608503002,16031,1150
29160.140305,2608511009,2608512135,16129,1126
29160.152323,2608520146,2608521293,16368,1147
29160.164345,2608529307,2608530459,16229,1152
29160.200411,2608556804,2608557949,16028,1145
29160.212443,2608565947,2608567099,16408,1152
29160.228475,2608579753,2608580900,16361,1147
29160.263534,2608604919,2608606071,16323,1152
29160.275560,2608614107,2608615254,16446,1147
29160.287580,2608623290,2608624448,16378,1158
29160.299599,2608632479,2608633629,16032,1150
29160.320646,2608648518,2608649665,16359,1147
29160.332666,2608657668,2608658815,16377,1147
29160.368736,2608685137,2608686284,16339,1147
29160.380754,2608694273,2608695417,16028,1144
29160.419834,2608724058,2608725205,16358,1147
29160.431855,2608733224,2608734371,16454,1147
29160.443873,2608742456,2608743604,16030,1148
29160.455903,2608751608,2608752755,16365,1147
29160.467925,2608760829,2608761975,16320,1146
29160.479943,2608769972,2608771122,16107,1150
29160.491972,2608779134,2608780280,16366,1146
29160.510010,2608792857,2608794007,16496,1150
29160.522026,2608802030,2608803177,16457,1147
29160.576129,2608843247,2608844388,16376,1141
29160.588148,2608852412,2608853555,16108,1143
29160.600180,2608861588,2608862715,16213,1127
29160.618214,2608875305,2608876431,16208,1126
29160.630234,2608884497,2608885654,16332,1157
29160.648267,2608898234,2608899381,16379,1147
29160.660288,2608907437,2608908583,16252,1146
29160.672315,2608916592,2608917738,16268,1146
29160.684335,2608925760,2608926918,16377,1158
29160.711389,2608946383,2608947526,16358,1143
29160.723406,2608955516,2608956671,16035,1155
29160.735437,2608964721,2608965842,16182,1121
29160.747455,2608973841,2608974988,16376,1147
29160.768491,2608989884,2608991034,15998,1150
29160.780520,2608999037,2609000184,16356,1147
29160.792541,2609008191,2609009333,16372,1142
29160.804568,2609017338,2609018513,16116,1175
29160.816589,2609026550,2609027708,16357,1158
29160.828610,2609035723,2609036875,16376,1152
29160.840633,2609044911,2609046058,16208,1147
29160.873695,2609070149,2609071296,16375,1147
29160.885714,2609079276,2609080421,16028,1145
29160.897743,2609088433,2609089580,16358,1147
29160.975886,2609148043,2609149186,16032,1143
29161.000949,2609168678,2609169828,16080,1150
29161.042022,2609198504,2609199656,16460,1152
29161.054041,2609207720,2609208872,16352,1152
29161.066057,2609216882,2609218031,16074,1149
29161.105141,2609246648,2609247801,16494,1153
29161.117158,2609255823,2609256975,16459,1152
29161.192297,2609313140,2609314279,15991,1139
29161.204329,2609322298,2609323455,16403,1157
29161.219348,2609333763,2609334918,16025,1155
29161.252416,2609358953,2609360097,16265,1144
29161.264435,2609368269,2609369424,15992,1155
29161.276464,2609377445,2609378596,16448,1151
29161.291486,2609388902,2609390047,16026,1145
29161.303518,2609398073,2609399220,16412,1147
29161.412722,2609482905,2609484052,16373,1147
29161.459811,2609517313,2609518459,16344,1146
29161.471829,2609526673,2609527819,16031,1146
29161.483858,2609535843,2609537000,16365,1157
29161.495880,2609545081,2609546225,16350,1144
29161.507897,2609554221,2609555366,16109,1145
29161.519929,2609563372,2609564494,16295,1122
29161.531947,2609572497,2609573644,16334,1147
29161.543966,2609581644,2609582824,16034,1180
29161.565012,2609597768,2609598920,16359,1152
29161.577033,2609606928,2609608080,16378,1152
29161.625120,2609643604,2609644743,16024,1139
29161.637149,2609652776,2609653923,16362,1147
29161.664201,2609673438,2609674585,16370,1147
29161.676223,2609682654,2609683835,16428,1181
29161.688240,2609691818,2609692962,16108,1144
29161.706275,2609705546,2609706687,16023,1141
29161.733326,2609726153,2609727297,16109,1144
29161.745355,2609735314,2609736468,16365,1154
29161.835527,2609804007,2609805160,16356,1153
29161.847547,2609813195,2609814342,16262,1147
29161.865582,2609826987,2609828134,16375,1147
29161.877606,2609836179,2609837328,16153,1149
29161.895642,2609849915,2609851065,16114,1150
29161.907664,2609859087,2609860239,16443,1152
29161.919685,2609868239,2609869422,16385,1183
29161.931703,2609877424,2609878569,16113,1145
29161.943732,2609886583,2609887731,16364,1148
29161.955754,2609895774,2609896918,16345,1144
29161.967772,2609904916,2609906062,16031,1146
29161.979801,2609914081,2609915228,16357,1147
29162.051943,2609969095,2609970242,16372,1147
29162.062467,2609974806,2609975635,14687,829
29162.074488,2609980076,2609980688,12120,612
29162.089513,2609986612,2609987748,16313,1136
29162.101535,2609995771,2609996916,16384,1145
29162.113552,2610004963,2610006111,16248,1148
29162.140606,2610025640,2610026792,16277,1152
29162.152631,2610034838,2610035992,16319,1154
29162.164656,2610044032,2610045179,16391,1147
29162.185692,2610060128,2610061275,16277,1147
29162.197716,2610069329,2610070482,16314,1153
29162.248809,2610108382,2610109525,16249,1143
29162.260837,2610117571,2610118719,16319,1148
29162.281878,2610133654,2610134801,16388,1147
29162.293895,2610143248,2610144397,16224,1149
29162.323958,2610166258,2610167406,16312,1148
29162.335983,2610175480,2610176626,16400,1146
29162.347998,2610184675,2610185822,16236,1147
29162.360027,2610193873,2610195026,16299,1153
29162.381068,2610210004,2610211153,16396,1149
29162.393083,2610219227,2610220384,16226,1157
29162.444188,2610258333,2610259485,16407,1152
29162.456204,2610267562,2610268714,16238,1152
29162.468232,2610276781,2610277938,16320,1157
29162.480257,2610285996,2610287147,16402,1151
29162.492272,2610295534,2610296685,16219,1151
29162.504301,2610304750,2610305903,16312,1153
29162.516325,2610313942,2610315095,16396,1153
29162.564409,2610350780,2610351933,16234,1153
29162.577935,2610359554,2610360703,16232,1149
29162.589964,2610368738,2610369886,16316,1148
29162.601991,2610377954,2610379107,16375,1153
29162.614003,2610387142,2610388294,16232,1152
29162.626033,2610396344,2610397521,16317,1177
29162.638057,2610405572,2610406725,16403,1153
29162.656090,2610419469,2610420627,16382,1158
29162.668107,2610428712,2610429875,16252,1163
29162.680137,2610437987,2610439175,16226,1188
29162.692159,2610447309,2610448469,16396,1160
29162.704175,2610456614,2610457758,16250,1144
29162.729236,2610477371,2610478523,16244,1152
29162.758278,2610498126,2610499281,16253,1155
29162.773313,2610509677,2610510823,16380,1146
29162.785330,2610518887,2610520034,16257,1147
29162.809381,2610537371,2610538524,16383,1153
29162.821400,2610546590,2610547742,16249,1152
29162.833429,2610555795,2610556973,16319,1178
29162.845450,2610565011,2610566162,16384,1151
29162.881518,2610592606,2610593759,16381,1153
29162.893536,2610601812,2610602964,16252,1152
29162.911570,2610615659,2610616806,16248,1147
29162.923600,2610624894,2610626046,16317,1152
29162.935621,2610634094,2610635246,16292,1152
29162.947638,2610643295,2610644453,16248,1158
29162.959668,2610652506,2610653665,16318,1159
29162.971690,2610661715,2610662868,16298,1153
29162.983707,2610670912,2610672059,16252,1147
29163.008767,2610691672,2610692819,16248,1147
29163.043827,2610717000,2610718152,16378,1152
29163.055844,2610726224,2610727371,16252,1147
29163.067873,2610735450,2610736608,16321,1158
29163.100930,2610760910,2610762067,16237,1157
29163.112958,2610770223,2610771375,16319,1152
29163.124983,2610779430,2610780606,16385,1176
29163.140009,2610790957,2610792104,16314,1147
29163.152033,2610800160,2610801307,16391,1147
29163.164050,2610809385,2610810537,16161,1152
29163.176077,2610818616,2610819770,16319,1154
29163.188102,2610827844,2610829001,16403,1157
29163.200118,2610837075,2610838222,16251,1147
29163.212146,2610846287,2610847440,16315,1153
29163.224170,2610855495,2610856652,16389,1157
29163.236187,2610864745,2610865888,16235,1143
29163.248215,2610873962,2610875110,16316,1148
29163.260239,2610883174,2610884321,16392,1147
29163.272255,2610892378,2610893531,16247,1153
29163.284283,2610901593,2610902751,16320,1158
29163.296307,2610910809,2610911956,16385,1147
29163.308324,2610919990,2610921146,16249,1156
29163.320353,2610929225,2610930377,16316,1152
29163.332377,2610938425,2610939572,16399,1147
29163.356422,2610956844,2610957993,16309,1149
29163.368446,2610966110,2610967261,16398,1151
29163.380461,2610975335,2610976482,16234,1147
29163.416530,2611002962,2611004109,16231,1147
29163.428559,2611012180,2611013332,16318,1152
29163.443581,2611023687,2611024834,16229,1147
29163.455610,2611032884,2611034057,16229,1173
29163.467635,2611042110,2611043258,16404,1148
29163.485669,2611055927,2611057078,16414,1151
29163.497684,2611065126,2611066284,16235,1158
29163.515718,2611078947,2611080098,16234,1151
29163.527746,2611088241,2611089395,16313,1154
29163.539770,2611097446,2611098593,16357,1147
29163.551787,2611106656,2611107803,16245,1147
29163.563815,2611115848,2611117001,16317,1153
29163.575839,2611125059,2611126213,16386,1154
29163.593873,2611138866,2611140014,16380,1148
29163.605890,2611148065,2611149211,16248,1146
29163.623924,2611161891,2611163041,16250,1150
29163.644969,2611178021,2611179179,16312,1158
29163.656993,2611187220,2611188371,16386,1151
29163.681037,2611205688,2611206841,16312,1153
29163.693062,2611214891,2611216049,16387,1158
29163.717107,2611233337,2611234485,16321,1148
29163.729130,2611242608,2611243756,16380,1148
29163.753175,2611261036,2611262184,16312,1148
29163.765199,2611270256,2611271412,16381,1156
29163.780226,2611281783,2611282936,16316,1153
29163.792251,2611290989,2611292141,16385,1152
29163.804267,2611300196,2611301343,16251,1147
29163.816295,2611309400,2611310548,16319,1148
29163.837336,2611325510,2611326663,16381,1153
29163.849353,2611334738,2611335896,16247,1158
29163.876405,2611355467,2611356620,16246,1153
29163.888432,2611364710,2611365863,16317,1153
29163.912473,2611383165,2611384316,16249,1151
29163.924501,2611392401,2611393557,16316,1156
29163.936525,2611401682,2611402836,16383,1154
29163.948541,2611410886,2611412063,16245,1177
29163.960570,2611420131,2611421279,16318,1148
29163.972594,2611429335,2611430513,16297,1178
29163.984610,2611438578,2611439725,16250,1147
29163.996638,2611447799,2611448951,16311,1152
29164.060761,2611498480,2611499633,16385,1153
29164.077792,2611509972,2611511124,16312,1152
29164.089817,2611519182,2611520328,16387,1146
29164.104844,2611530681,2611531859,16228,1178
29164.119867,2611542242,2611543400,16245,1158
29164.131895,2611551468,2611552614,16319,1146
29164.143919,2611560705,2611561858,16382,1153
29164.155936,2611569910,2611571052,16247,1142
29164.167964,2611579122,2611580274,16314,1152
29164.179988,2611588342,2611589499,16395,1157
29164.198022,2611602160,2611603307,16387,1147
29164.210039,2611611380,2611612557,16248,1177
29164.240101,2611634437,2611635592,16319,1155
29164.252125,2611643658,2611644809,16296,1151
29164.264142,2611652878,2611654025,16249,1147
29164.276169,2611662066,2611663218,16314,1152
29164.288194,2611671291,2611672438,16386,1147
29164.300210,2611680527,2611681679,16253,1152
29164.312238,2611689756,2611690909,16316,1153
29164.324262,2611698961,2611700118,16298,1157
29164.336279,2611708233,2611709381,16247,1148
29164.348308,2611717456,2611718608,16319,1152
29164.360333,2611726664,2611727810,16406,1146
29164.381365,2611742790,2611743937,16244,1147
29164.393394,2611751984,2611753126,16400,1142
29164.408416,2611763498,2611764657,16230,1159
29164.429462,2611779628,2611780776,16318,1148
29164.441487,2611788816,2611789974,16406,1158
29164.483565,2611821042,2611822194,16322,1152
29164.495589,2611830251,2611831409,16399,1158
29164.507605,2611839444,2611840597,16238,1153
29164.519634,2611848649,2611849802,16316,1153
29164.531658,2611857843,2611858990,16399,1147
29164.543673,2611867060,2611868206,16186,1146
29164.555701,2611876340,2611877487,16314,1147
29164.567726,2611885574,2611886726,16387,1152
29164.579745,2611894785,2611895947,16274,1162
29164.591770,2611904033,2611905185,16318,1152
29164.603794,2611913273,2611914420,16388,1147
29164.621828,2611927077,2611928235,16386,1158
29164.633845,2611936282,2611937435,16245,1153
29164.657897,2611954713,2611955866,16383,1153
29164.669913,2611963926,2611965078,16246,1152
29164.699976,2611987013,2611988165,16313,1152
29164.712000,2611996229,2611997382,16391,1153
29164.724015,2612005445,2612006602,16234,1157
29164.745061,2612021581,2612022729,16316,1148
29164.757085,2612030779,2612031929,16381,1150
29164.778119,2612046935,2612048079,16249,1144
29164.790148,2612056146,2612057303,16321,1157
29164.802172,2612065365,2612066512,16386,1147
29164.814188,2612074569,2612075716,16247,1147
29164.826216,2612083788,2612084937,16315,1149
29164.838239,2612092973,2612094112,16378,1139
29164.871302,2612118317,2612119470,16316,1153
29164.892343,2612134496,2612135647,16388,1151
29164.904360,2612143703,2612144881,16250,1178
29164.916387,2612152943,2612154095,16316,1152
29164.952456,2612180538,2612181686,16314,1148
29164.964480,2612189784,2612190942,16384,1158
29164.976496,2612199023,2612200177,16248,1154
29164.988524,2612208246,2612209395,16317,1149
29165.003548,2612219760,2612220914,16248,1154
29165.096730,2612291171,2612292319,16317,1148
29165.108754,2612300383,2612301541,16386,1158
29165.120770,2612309599,2612310772,16147,1173
29165.132799,2612318857,2612320005,16319,1148
29165.144823,2612328073,2612329227,16384,1154
29165.159850,2612339595,2612340753,16228,1158
29165.171874,2612348884,2612350031,16394,1147
29165.213953,2612381136,2612382294,16316,1158
29165.225977,2612390388,2612391541,16381,1153
29165.237993,2612399604,2612400756,16248,1152
29165.250021,2612408835,2612409984,16314,1149
29165.289097,2612438828,2612439974,16387,1146
29165.301114,2612448023,2612449170,16249,1147
29165.317155,2612461840,2612462992,16237,1152
29165.334183,2612473357,2612474514,16380,1157
29165.346199,2612482578,2612483726,16246,1148
29165.364234,2612496399,2612497557,16331,1158
29165.376263,2612505642,2612506795,16316,1153
29165.388287,2612514861,2612516003,16308,1142
29165.400302,2612524113,2612525260,16234,1147
29165.412331,2612533298,2612534450,16230,1152
29165.427354,2612544809,2612545962,16226,1153
29165.463423,2612572509,2612573662,16230,1153
29165.475452,2612581717,2612582865,16402,1148
29165.487476,2612590944,2612592091,16409,1147
29165.499491,2612600143,2612601290,16244,1147
29165.511520,2612609392,2612610550,16324,1158
29165.523544,2612618610,2612619767,16481,1157
29165.535560,2612627833,2612628986,16319,1153
29165.547589,2612637057,2612638215,16327,1158
29165.559613,2612646263,2612647416,16395,1153
29165.571628,2612655488,2612656640,16233,1152
29165.583657,2612664760,2612665911,16314,1151
29165.595682,2612673940,2612675087,16398,1147
29165.607697,2612683132,2612684285,16230,1153
29165.640767,2612708484,2612709639,16396,1155
29165.652783,2612717711,2612718857,16235,1146
29165.688851,2612745322,2612746483,16237,1161
29165.700881,2612754579,2612755767,16322,1188
29165.727932,2612775338,2612776496,16319,1158
29165.739956,2612784562,2612785714,16312,1152
29165.751971,2612793776,2612794939,16240,1163
29165.764000,2612802979,2612804132,16322,1153
29165.776024,2612812201,2612813348,16385,1147
29165.788040,2612821406,2612822549,16246,1143
29165.800067,2612830609,2612831761,16315,1152
29165.812092,2612839810,2612840963,16389,1153
29165.824109,2612849022,2612850180,16248,1158
29165.836136,2612858224,2612859377,16227,1153
29165.848160,2612867452,2612868604,16297,1152
29165.860177,2612876715,2612877873,16228,1158
29165.872205,2612885929,2612887079,16311,1150
29165.885236,2612897473,2612898626,16238,1153
29165.908273,2612913660,2612914813,16317,1153
29165.920297,2612922890,2612924068,16388,1178
29165.936328,2612936741,2612937882,16381,1141
29165.956367,2612950568,2612951727,16385,1159
29165.968383,2612959836,2612961009,16159,1173
29165.980414,2612969094,2612970252,16319,1158
29165.992436,2612978333,2612979481,16396,1148
29166.040521,2613015168,2613016331,16239,1163
29166.052550,2613024386,2613025539,16316,1153
29166.073591,2613040502,2613041655,16400,1153
29166.085606,2613049704,2613050851,16236,1147
29166.151738,2613100504,2613101657,16315,1153
29166.163762,2613109706,2613110859,16412,1153
29166.175778,2613118925,2613120081,16239,1156
29166.189308,2613129791,2613130972,16355,1181
29166.201323,2613138974,2613140143,16029,1169
29166.261441,2613184905,2613186057,16260,1152
29166.273460,2613194081,2613195237,15994,1156
29166.297511,2613212494,2613213646,16348,1152
29166.309537,2613221659,2613222808,16112,1149
29166.321558,2613230826,2613231976,16447,1150
29166.345601,2613249258,2613250411,16315,1153
29166.357627,2613258432,2613259579,16441,1147
29166.369649,2613267647,2613268796,16355,1149
29166.384678,2613279114,2613280266,16444,1152
29166.396700,2613288591,2613289743,16347,1152
29166.432768,2613316141,2613317289,16374,1148
29166.462825,2613354155,2613355345,16243,1190
29166.474856,2613367033,2613368247,16371,1214
29166.486875,2613381038,2613382282,16337,1244
29166.498892,2613395389,2613396693,16234,1304
29166.510924,2613409352,2613410624,16376,1272
29166.522942,2613422953,2613424231,16346,1278
29166.534961,2613436225,2613437464,16234,1239
29166.546992,2613449546,2613450760,16370,1214
29166.559008,2613462940,2613464217,16253,1277
29166.571030,2613476527,2613477794,16235,1267
29166.583060,2613489984,2613491289,16374,1305
29166.595079,2613502659,2613503898,16344,1239
29166.607106,2613516555,2613517828,16312,1273
29166.619129,2613530810,2613532144,16378,1334
29166.634151,2613548440,2613549727,16218,1287
29166.646182,2613562454,2613563719,16369,1265
29166.658197,2613576763,2613577976,16247,1213
29166.670220,2613590077,2613591282,16208,1205
29166.790458,2613739638,2613741034,16381,1396
29166.802473,2613753063,2613754175,15931,1112
29166.814493,2613764006,2613764972,15134,966
29166.826526,2613772849,2613773721,14778,872
29166.838544,2613781071,2613781895,14201,824
29166.850564,2613788366,2613789010,13600,644
29166.862593,2613794607,2613795248,13287,641
29166.874613,2613800490,2613801121,13121,631
29166.886634,2613806122,2613806752,12972,630
29166.898664,2613812075,2613812704,13096,629
29166.910683,2613817418,2613818051,13086,633
29166.922702,2613822992,2613823618,12979,626
29166.934732,2613828635,2613829261,13092,626
29166.946750,2613834226,2613834854,13071,628
29166.958771,2613839584,2613840210,13046,626
29166.970802,2613845034,2613845660,13092,626
29166.999348,2613858392,2613859022,12983,630
29167.009872,2613863053,2613863699,13124,646
29167.021892,2613868563,2613869217,13020,654
29167.042938,2613878831,2613879457,13130,626
29167.054954,2613884450,2613885081,12991,631
29167.066976,2613890296,2613890915,12981,619
29167.079008,2613895782,2613896406,13100,624
29167.091025,2613899992,2613900608,12063,616
29167.103050,2613904059,2613904663,11881,604
29167.115073,2613908200,2613908785,11966,585
29167.127092,2613912391,2613913002,12089,611
29167.139112,2613916495,2613917104,11841,609
29167.151142,2613920586,2613921190,12082,604
29167.163160,2613924543,2613925149,9253,606
29167.175180,2613928446,2613929052,8892,606
29167.187209,2613932509,2613933093,11965,584
29167.199225,2613936462,2613937064,11935,602
29167.211243,2613940605,2613941213,8911,608
29167.223280,2613944661,2613945272,12084,611
29167.235294,2613948663,2613949265,11872,602
29167.247313,2613952501,2613953109,8848,608
29167.259348,2613956411,2613957021,9226,610
29167.269863,2613959827,2613960404,8938,577
29167.281893,2613963676,2613964259,9148,583
29167.293907,2613967531,2613968146,9252,615
29167.305932,2613971438,2613972050,8977,612
29167.317961,2613975288,2613975872,9133,584
29167.329976,2613979154,2613979763,9200,609
29167.341997,2613983088,2613983667,8862,579
29167.354028,2613986890,2613987492,9135,602
29167.366044,2613990777,2613991386,9263,609
29167.378069,2613994775,2613995356,11997,581
29167.390094,2613998692,2613999300,12068,608
29167.402114,2614002602,2614003211,9083,609
29167.414138,2614006759,2614007336,11985,577
29167.426167,2614010606,2614011191,9190,585
29167.438181,2614014477,2614015091,9299,614
29167.450213,2614018362,2614018944,8958,582
29167.462232,2614022355,2614022939,11987,584
29167.474253,2614026393,2614026994,12075,601
29167.486273,2614030224,2614030801,8911,577
29167.498305,2614034050,2614034633,9151,583
29167.510323,2614037962,2614038562,9272,600
29167.522343,2614041792,2614042375,8937,583
29167.534375,2614045614,2614046199,9197,585
29167.546390,2614049500,2614050100,9291,600
29167.558412,2614053416,2614054027,8962,611
29167.570440,2614057284,2614057867,9203,583
29167.582457,2614061126,2614061727,9182,601
29167.594474,2614065155,2614065731,11954,576
29167.606509,2614069030,2614069635,9236,605
29167.618526,2614072973,2614073574,9261,601
29167.813898,2614122812,2614123264,3855,452
29167.825920,2614126639,2614127248,11973,609
29167.837951,2614130165,2614130787,5117,622
29167.849972,2614133843,2614134458,12099,615
29167.861985,2614137810,2614138421,11803,611
29167.874017,2614141770,2614142380,12062,610
29167.886039,2614145727,2614146333,9219,606
29167.898050,2614149633,2614150215,8971,582
29167.910089,2614153438,2614154021,9234,583
29167.922105,2614157311,2614157917,9272,606
29167.934127,2614161173,2614161750,8944,577
29167.946160,2614164966,2614165549,9214,583
29167.958174,2614168821,2614169426,9265,605
29167.970192,2614172704,2614173305,8890,601
29168.018293,2614187516,2614188100,9218,584
29168.030310,2614191421,2614192030,9209,609
29168.042330,2614195294,2614195875,8941,581
29168.054363,2614199138,2614199720,9206,582
29168.066379,2614202961,2614203562,9238,601
29168.076902,2614206538,2614207131,11928,593
29168.090429,2614213393,2614214519,16363,1126
29168.102442,2614226271,2614227449,16292,1178
29168.114468,2614240260,2614241439,16264,1179
29168.126496,2614254365,2614255572,16372,1207
29168.138513,2614268581,2614269824,16320,1243
29168.150533,2614282947,2614284189,16189,1242
29168.162565,2614297281,2614298553,16292,1272
29168.179090,2614317609,2614318855,16345,1246
29168.191110,2614331892,2614333129,16231,1237
29168.203141,2614346067,2614347349,16379,1282
29168.215158,2614360438,2614361680,16346,1242
29168.227179,2614373985,2614375253,16226,1268
29168.236331,2614388391,2614389664,16288,1273
29168.263248,2614418760,2614420029,16233,1269
29168.278280,2614437068,2614438343,16347,1275
29168.290298,2614445017,2614445621,12867,604
29168.390993,2614476249,2614476857,12024,608
29168.403009,2614480122,2614480724,8890,602
29168.415042,2614484249,2614484859,12085,610
29168.427057,2614488382,2614488991,11860,609
29168.439085,2614492478,2614493080,11855,602
29168.550303,2614526582,2614527165,9178,583
29168.562322,2614530469,2614531074,9292,605
29168.574339,2614534329,2614534913,8841,584
29168.586372,2614538190,2614538772,9157,582
29168.598390,2614542065,2614542670,9250,605
29168.610410,2614546087,2614546669,12001,582
29168.622437,2614550062,2614550664,12067,602
29168.637462,2614554916,2614555521,11979,605
29168.693067,2614572185,2614572781,11914,596
29168.834334,2614605095,2614605702,8743,607
29168.846354,2614607812,2614608410,8428,598
29168.858387,2614610911,2614611514,9161,603
29168.870401,2614614054,2614614660,9144,606
29168.882428,2614617844,2614618421,8956,577
29168.894460,2614621863,2614622447,11970,584
29168.906478,2614625856,2614626471,12084,615
29168.918498,2614629677,2614630252,8981,575
29168.930527,2614633514,2614634097,9218,583
29168.942545,2614637375,2614637985,9226,610
29168.954566,2614641180,2614641762,8928,582
29168.966597,2614645018,2614645602,9180,584
29168.978615,2614648879,2614649483,9287,604
29168.990638,2614652733,2614653338,8954,605
29169.002665,2614656612,2614657193,9185,581
29169.014683,2614660461,2614661066,9238,605
29169.026699,2614664425,2614665007,11961,582
29169.038732,2614668370,2614668979,12046,609
29169.050752,2614672291,2614672895,9250,604
29169.062772,2614676086,2614676662,8983,576
29169.074799,2614679913,2614680522,9179,609
29169.190514,2614715378,2614715980,12042,602
29169.201039,2614719387,2614720003,12053,616
29169.211554,2614725362,2614726500,16358,1138
29169.222072,2614731711,2614732350,13730,639
29169.234101,2614735647,2614736229,8963,582
29169.246128,2614739633,2614740217,9241,584
29169.258144,2614743522,2614744132,9252,610
29169.270170,2614747408,2614747990,8949,582
29169.282196,2614751281,2614751865,9170,584
29169.294208,2614755274,2614755871,11929,597
29169.306235,2614759291,2614759896,11980,605
29169.318265,2614763155,2614763739,9207,584
29169.330281,2614766995,2614767601,9228,606
29169.342302,2614770861,2614771438,8961,577
29169.354335,2614774661,2614775269,9164,608
29169.366351,2614778546,2614779145,9297,599
29169.378374,2614782382,2614782963,8985,581
29169.390402,2614786208,2614786792,9243,584
29169.402421,2614790063,2614790666,9285,603
29169.414442,2614793889,2614794471,8968,582
29169.426472,2614797907,2614798491,11976,584
29169.438487,2614801957,2614802555,12055,598
29169.450504,2614805794,2614806378,8920,584
29169.462539,2614809694,2614810279,9202,585
29169.474557,2614813560,2614814163,9229,603
29169.486577,2614817390,2614817997,8947,607
29169.498608,2614821283,2614821867,9157,584
29169.510613,2614825254,2614825862,11860,608
29169.522643,2614829252,2614829862,11972,610
29169.534678,2614833121,2614833705,9046,584
29169.546695,2614836987,2614837592,9244,605
29169.558716,2614840824,2614841400,8951,576
29169.570747,2614844643,2614845227,9219,584
29169.582767,2614848491,2614849091,9330,600
29169.594783,2614852286,2614852868,8935,582
29169.606817,2614856098,2614856682,9234,584
29169.618831,2614859943,2614860551,9224,608
29169.650385,2614869884,2614870478,11865,594
29169.662414,2614873788,2614874370,8968,582
29169.674444,2614877650,2614878233,9219,583
29169.686461,2614881508,2614882111,9281,603
29169.698481,2614885329,2614885906,8947,577
29169.710510,2614889291,2614889869,11982,578
29169.722528,2614893295,2614893900,12071,605
29169.734548,2614897094,2614897696,8898,602
29169.746579,2614900963,2614901546,9158,583
29169.758596,2614904791,2614905391,9214,600
29169.770615,2614908610,2614909212,8886,602
29169.782653,2614912462,2614913046,9070,584
29169.794667,2614916327,2614916931,9270,604
29169.806682,2614920155,2614920734,8849,579
29169.818718,2614924007,2614924590,9157,583
29169.830740,2614927898,2614928497,9315,599
29169.842751,2614931881,2614932463,11956,582
29169.854782,2614935862,2614936467,12081,605
29169.866803,2614939761,2614940365,9296,604
29169.878818,2614943586,2614944183,8865,597
29169.890852,2614947425,2614948009,9165,584
29169.902869,2614951271,2614951885,9209,614
29169.914887,2614955075,2614955679,8860,604
29169.926922,2614959068,2614959673,12157,605
29169.938941,2614963103,2614963707,12069,604
29169.950960,2614966902,2614967478,8990,576
29169.962985,2614970741,2614971350,9211,609
29169.975006,2614974573,2614975173,9215,600
29169.987025,2614978414,2614978997,8947,583
29169.999055,2614982335,2614982944,9194,609
29170.011076,2614986331,2614986935,9261,604
29170.023096,2614990289,2614990899,8956,610
29170.035127,2614994425,2614995032,12114,607
29170.047135,2614998511,2614999108,11831,597
29170.059167,2615002451,2615003053,11830,602
29170.069685,2615005973,2615006581,9233,608
29170.086219,2615011245,2615011826,8948,581
29170.098249,2615015100,2615015684,9206,584
29170.213956,2615050375,2615050969,11841,594
29170.225986,2615054261,2615054843,11994,582
29170.238011,2615058143,2615058741,12067,598
29170.250032,2615061966,2615062567,9210,601
29170.262057,2615065807,2615066382,8954,575
29170.274083,2615069647,2615070230,9236,583
29170.286101,2615073535,2615074139,9295,604
29170.298124,2615077375,2615077951,8952,576
29170.310151,2615081265,2615081849,11992,584
29170.322169,2615085205,2615085814,12063,609
29170.334190,2615089083,2615089659,8952,576
29170.346221,2615092911,2615093495,9217,584
29170.358236,2615096748,2615097358,9282,610
29170.370258,2615100556,2615101163,8894,607
29170.382289,2615104428,2615105012,9196,584
29170.394306,2615108289,2615108893,9250,604
29170.406327,2615112111,2615112692,8891,581
29170.418361,2615115934,2615116516,9250,582
29170.430376,2615119800,2615120399,9219,599
29170.442392,2615123734,2615124311,11966,577
29170.454422,2615127691,2615128290,12070,599
29170.466443,2615131529,2615132135,9223,606
29170.478463,2615135342,2615135939,8941,597
29170.490495,2615139220,2615139804,9200,584
29170.502512,2615143081,2615143684,9290,603
29170.514532,2615146880,2615147456,8936,576
29170.526564,2615150829,2615151412,11939,583
29170.538583,2615154845,2615155454,12076,609
29170.550602,2615158684,2615159260,8957,576
29170.562631,2615162522,2615163101,9123,579
29170.574654,2615166382,2615166986,9303,604
29170.586667,2615170204,2615170806,8882,602
29170.598703,2615174044,2615174628,9204,584
29170.610719,2615177892,2615178502,9303,610
29170.622734,2615181699,2615182277,8871,578
29170.670832,2615196602,2615197205,12079,603
29170.682853,2615200509,2615201108,9257,599
29170.694876,2615204280,2615204856,8985,576
29170.706907,2615208094,2615208672,9185,578
29170.718923,2615211909,2615212513,9267,604
29170.730936,2615215784,2615216391,8861,607
29170.742975,2615219767,2615220376,12106,609
29170.754991,2615223804,2615224402,12059,598
29170.767013,2615227573,2615228149,8963,576
29170.779041,2615231555,2615232134,11991,579
29170.791053,2615235540,2615236140,11821,600
29170.803080,2615239557,2615240138,11965,581
29170.815109,2615243624,2615244207,11965,583
29170.827126,2615247561,2615248165,9244,604
29170.839147,2615251371,2615251965,8972,594
29170.851178,2615255342,2615255947,12117,605
29170.863189,2615259358,2615259960,11901,602
29170.875219,2615263297,2615263904,11826,607
29170.885738,2615266713,2615267321,9228,608
29170.918808,2615277099,2615277707,12140,608
29170.930824,2615280992,2615281590,9266,598
29170.942845,2615284955,2615285557,11864,602
29170.954873,2615288915,2615289498,11954,583
29170.966892,2615292770,2615293364,9270,594
29170.978910,2615296604,2615297185,8949,581
29171.078102,2615326983,2615327565,11958,582
29171.090136,2615330823,2615331407,9197,584
29171.102150,2615334638,2615335237,9241,599
29171.114177,2615338482,2615339058,8964,576
29171.126204,2615342403,2615342981,11961,578
29171.138219,2615346366,2615346970,12074,604
29171.150245,2615350224,2615350800,8951,576
29171.162271,2615354060,2615354644,9219,584
29171.174288,2615357912,2615358516,9214,604
29171.200331,2615366688,2615367291,11979,603
29171.265969,2615386897,2615387507,12095,610
29171.277989,2615390811,2615391419,8974,608
29171.290018,2615394880,2615395464,8912,584
29171.302039,2615398747,2615399356,9269,609
29171.314056,2615402676,2615403279,8975,603
29171.326087,2615406580,2615407164,8933,584
29171.338103,2615410434,2615411041,9164,607
29171.350124,2615414331,2615414924,8987,593
29171.362152,2615418202,2615418785,8888,583
29171.374174,2615422074,2615422682,9239,608
29171.386192,2615425966,2615426564,8944,598
29171.398221,2615429837,2615430420,8901,583
29171.410239,2615433684,2615434291,9204,607
29171.422261,2615437558,2615438163,9001,605
29171.434290,2615441435,2615442016,8881,581
29171.446312,2615445305,2615445908,9236,603
29171.458323,2615449345,2615449947,11806,602
29171.470359,2615453373,2615453976,12029,603
29171.482380,2615457285,2615457889,9231,604
29171.494400,2615461219,2615461823,8973,604
29171.506428,2615465094,2615465678,8891,584
29171.518449,2615468983,2615469592,9065,609
29171.530469,2615472897,2615473501,8958,604
29171.542496,2615476783,2615477362,8901,579
29171.554518,2615480789,2615481397,12103,608
29171.566542,2615484695,2615485299,8986,604
29171.578565,2615488571,2615489155,8942,584
29171.590587,2615492439,2615493047,9238,608
29171.602606,2615496347,2615496957,8981,610
29171.614633,2615500237,2615500821,8891,584
29171.626656,2615504264,2615504868,12087,604
29171.638674,2615508157,2615508761,9007,604
29171.650702,2615511992,2615512573,8879,581
29171.662725,2615515863,2615516467,9231,604
29171.674741,2615519888,2615520490,11825,602
29171.686770,2615523916,2615524520,12060,604
29171.698791,2615527996,2615528600,9266,604
29171.710810,2615531889,2615532488,8984,599
29171.722842,2615535792,2615536371,8962,579
29171.733351,2615539321,2615539929,12031,608
29171.749890,2615544590,2615545168,8919,578
29171.761918,2615548726,2615549185,7641,459
29171.773937,2615552543,2615553152,8865,609
29171.785960,2615556483,2615557098,8878,615
29171.796478,2615560116,2615560736,12077,620
29171.808500,2615564183,2615564797,12041,614
29171.822028,2615568595,2615569173,11928,578
29171.834051,2615572433,2615573034,9264,601
29171.846059,2615576321,2615576923,8852,602
29171.865608,2615582539,2615583131,9081,592
29171.879136,2615586916,2615587524,9232,608
29171.891152,2615591035,2615591636,11855,601
29171.901676,2615594725,2615595327,12077,602
29171.918206,2615600062,2615600671,8960,609
29171.930231,2615604079,2615604658,11918,579
29171.942253,2615607912,2615608520,9189,608
29171.954271,2615611972,2615612576,11991,604
29171.966302,2615615823,2615616421,8928,598
29171.978324,2615619711,2615620315,9210,604
29172.014394,2615630975,2615631578,9062,603
29172.026410,2615634837,2615635440,8968,603
29172.038438,2615638678,2615639261,8870,583
29172.050460,2615642579,2615643180,9234,601
29172.062479,2615646411,2615647023,8930,612
29172.074504,2615650414,2615650998,11925,584
29172.086527,2615654423,2615655025,12097,602
29172.098542,2615658253,2615658844,8830,591
29172.110577,2615662136,2615662720,8896,584
29172.122600,2615666013,2615666621,9240,608
29172.134611,2615669849,2615670455,8882,606
29172.146645,2615673726,2615674309,8921,583
29172.172193,2615681852,2615682461,9228,609
29172.206752,2615692779,2615693381,11848,602
29172.218781,2615696665,2615697268,8906,603
29172.230805,2615700565,2615701163,9242,598
29172.242814,2615704414,2615705010,8869,596
29172.254850,2615708233,2615708837,8940,604
29172.266872,2615712144,2615712745,9204,601
29172.278883,2615715960,2615716557,8894,597
29172.290918,2615720001,2615720604,12081,603
29172.302939,2615724049,2615724648,12088,599
29172.314956,2615728037,2615728635,11974,598
29172.326986,2615731909,2615732517,8880,608
29172.339008,2615735799,2615736408,9231,609
29172.351026,2615739850,2615740456,11847,606
29172.363054,2615743960,2615744569,12034,609
29172.375078,2615748130,2615748729,12084,599
29172.387095,2615752201,2615752805,12016,604
29172.399122,2615756253,2615756852,12064,599
29172.411145,2615760368,2615760972,12051,604
29172.423164,2615764415,2615765012,11845,597
29172.435190,2615768432,2615769016,11927,584
29172.447215,2615772440,2615773043,12083,603
29172.459231,2615776268,2615776875,8888,607
29172.471260,2615780142,2615780751,8975,609
29172.483282,2615784048,2615784648,9254,600
29172.495300,2615787998,2615788600,11845,602
29172.507330,2615792001,2615792610,12085,609
29172.517839,2615795536,2615796138,8795,602
29172.582470,2615815701,2615816297,12105,596
29172.614035,2615825571,2615826180,9220,609
29172.626044,2615829456,2615830057,8826,601
29172.638079,2615833287,2615833870,8912,583
29172.650098,2615837072,2615837678,9191,606
29172.662119,2615840981,2615841585,8994,604
29172.674145,2615844954,2615845537,11888,583
29172.686170,2615848924,2615849522,12100,598
29172.698181,2615852802,2615853398,8860,596
29172.710217,2615856694,2615857297,8949,603
29172.722239,2615860604,2615861202,9259,598
29172.734249,2615864465,2615865062,8848,597
29172.746284,2615868314,2615868897,8817,583
29172.758306,2615872207,2615872811,9070,604
29172.770324,2615876088,2615876692,9001,604
29172.782353,2615879953,2615880535,8874,582
29172.794375,2615883792,2615884396,9249,604
29172.806397,2615887665,2615888261,8939,596
29172.818422,2615891680,2615892284,12059,604
29172.828934,2615895112,2615895716,11971,604
29172.845471,2615900491,2615901069,11913,578
29172.860503,2615905354,2615905963,12049,609
29172.874029,2615909772,2615910386,8884,614
29172.886051,2615913742,2615914351,12053,609
29172.898074,2615917681,2615918285,8959,604
29172.910097,2615921630,2615922238,8949,608
29172.922119,2615925727,2615926336,8914,609
29172.934142,2615929590,2615930199,9214,609
29172.946154,2615933481,2615934083,8871,602
29172.958189,2615937321,2615937925,8929,604
29172.970211,2615941189,2615941797,9196,608
29172.982226,2615945213,2615945831,11992,618
29172.998766,2615950472,2615951049,8932,577
29173.010787,2615954358,2615954962,9215,604
29173.022798,2615958197,2615958793,8872,596
29173.034834,2615962063,2615962677,8944,614
29173.045346,2615965624,2615966228,11964,604
29173.078414,2615976100,2615976702,12073,602
29173.090426,2615979950,2615980546,8858,596
29173.102461,2615983924,2615984528,12063,604
29173.114484,2615987825,2615988429,9237,604
29173.126497,2615991720,2615992316,8865,596
29173.138532,2615995585,2615996169,8888,584
29173.150554,2615999457,2616000061,9280,604
29173.162564,2616003333,2616003935,8887,602
29173.174595,2616007329,2616007912,11947,583
29173.186621,2616011187,2616011791,9195,604
29173.198632,2616015030,2616015620,8896,590
29173.210670,2616018903,2616019486,8895,583
29173.222687,2616022742,2616023350,9240,608
29173.234701,2616026602,2616027204,8842,602
29173.246736,2616030464,2616031046,8880,582
29173.258757,2616034332,2616034936,9265,604
29173.270770,2616038176,2616038772,8860,596
29173.282804,2616042008,2616042585,8878,577
29173.294826,2616045874,2616046478,9266,604
29173.306847,2616049883,2616050487,12000,604
29173.317369,2616053398,2616054002,12093,604
29173.333890,2616058715,2616059312,8851,597
29173.415045,2616083895,2616084491,11824,596
29173.427078,2616088015,2616088624,12082,609
29173.439103,2616092160,2616092762,12084,602
29173.451121,2616096144,2616096741,11877,597
29173.463146,2616100229,2616100812,11935,583
29173.475169,2616104153,2616104761,9163,608
29173.487179,2616107986,2616108577,8933,591
29173.499215,2616111974,2616112585,12063,611
29173.511235,2616116025,2616116624,12065,599
29173.523255,2616119958,2616120554,11843,596
29173.535283,2616124190,2616124788,12055,598
29173.547304,2616128213,2616128812,12066,599
29173.559325,2616132181,2616132787,11829,606
29173.571354,2616136162,2616136766,12083,604
29173.581861,2616139549,2616140149,8804,600
29173.593895,2616143422,2616144005,8951,583
29173.605925,2616147281,2616147734,7466,453
29173.617932,2616150992,2616151593,11804,601
29173.629967,2616154843,2616155426,8935,583
29173.641989,2616158706,2616159315,9231,609
29173.654007,2616162583,2616163192,8974,609
29173.666035,2616166427,2616167003,8906,576
29173.678058,2616170272,2616170870,9237,598
29173.690069,2616174210,2616174811,11834,601
29173.702102,2616178192,2616178801,12033,609
29173.714126,2616182049,2616182653,9241,604
29173.726136,2616185885,2616186487,8775,602
29173.738172,2616189893,2616190476,8906,583
29173.750193,2616193700,2616194299,9043,599
29173.762205,2616197564,2616198166,8857,602
29173.774239,2616201424,2616202007,8912,583
29173.786262,2616205256,2616205860,9249,604
29173.798284,2616209152,2616209753,8938,601
29173.810309,2616213021,2616213603,8895,582
29173.822329,2616216979,2616217581,12077,602
29173.834342,2616220828,2616221424,8865,596
29173.846376,2616224647,2616225225,8917,578
29173.858400,2616228494,2616229096,9266,602
29173.870410,2616232329,2616232930,8894,601
29173.935043,2616252420,2616253032,12108,612
29173.947065,2616256502,2616257098,11891,596
29173.959091,2616260606,2616261215,12064,609
29173.971113,2616264727,2616265330,12082,603
29173.983129,2616268678,2616269287,8966,609
29174.022211,2616281152,2616281729,11944,577
29174.034233,2616285114,2616285718,12101,604
29174.046256,2616288966,2616289573,8908,607
29174.058280,2616292842,2616293425,8921,583
29174.070304,2616296675,2616297279,9242,604
29174.082313,2616300554,2616301153,8870,599
29174.094348,2616304414,2616304992,8929,578
29174.106372,2616308411,2616309015,12085,604
29174.118387,2616312446,2616313045,11977,599
29174.130418,2616316276,2616316859,8872,583
29174.142438,2616320142,2616320745,9269,603
29174.154452,2616323992,2616324589,8915,597
29174.166487,2616327816,2616328400,8904,584
29174.178509,2616331665,2616332274,9216,609
29174.190519,2616335512,2616336114,8839,602
29174.202557,2616339385,2616339967,8906,582
29174.214574,2616343234,2616343835,9187,601
29174.226589,2616347068,2616347669,8860,601
29174.238623,2616351095,2616351673,11932,578
29174.250645,2616354956,2616355560,9252,604
29174.262657,2616358781,2616359377,8923,596
29174.274692,2616362609,2616363191,8876,582
29174.286715,2616366476,2616367080,9227,604
29174.298733,2616370338,2616370939,8999,601
29174.310761,2616374190,2616374768,8897,578
29174.322783,2616378174,2616378772,12083,598
29174.334793,2616382124,2616382725,11836,601
29174.346828,2616386134,2616386738,8908,604
29174.358850,2616390010,2616390614,9233,604
29174.370862,2616393851,2616394453,8907,602
29174.382896,2616397676,2616398259,8923,583
29174.394917,2616401527,2616402131,9076,604
29174.406929,2616405413,2616406015,8912,602
29174.418963,2616409265,2616409843,8903,578
29174.430982,2616413084,2616413694,9215,610
29174.443004,2616416904,2616417504,8916,600
29174.455033,2616420918,2616421522,12042,604
29174.467057,2616424908,2616425510,12142,602
29174.479071,2616428946,2616429542,11847,596
29174.491100,2616432856,2616433465,8958,609
29174.503123,2616436852,2616437449,9253,597
29174.515141,2616440813,2616441418,11845,605
29174.527168,2616444863,2616445462,12063,599
29174.539194,2616448864,2616449468,12082,604
29174.551209,2616452965,2616453560,11858,595
29174.563238,2616456969,2616457573,12059,604
29174.575260,2616460992,2616461590,12087,598
29174.587277,2616464933,2616465529,11848,596
29174.599305,2616468947,2616469555,12051,608
29174.611329,2616472984,2616473593,12081,609
29174.621857,2616476380,2616476813,7687,433
29174.645893,2616483813,2616484417,12004,604
29174.657921,2616487700,2616488278,8916,578
29174.669944,2616491502,2616492106,9171,604
29174.681954,2616495344,2616495954,8828,610
29174.693990,2616499210,2616499818,8929,608
29174.706010,2616503100,2616503693,12064,593
29174.718027,2616506998,2616507602,12033,604
29174.730058,2616510836,2616511419,8870,583
29174.742081,2616514656,2616515252,9023,596
29174.754098,2616518561,2616519165,8976,604
29174.766122,2616522539,2616523123,11893,584
29174.790169,2616530146,2616530752,11896,606
29174.802196,2616534028,2616534611,8912,583
29174.814219,2616537831,2616538438,9191,607
29174.826228,2616541698,2616542299,8829,601
29174.838262,2616545730,2616546312,11925,582
29174.850286,2616549742,2616550346,12099,604
29174.862296,2616553605,2616554205,8868,600
29174.874331,2616557439,2616558018,8904,579
29174.886354,2616561266,2616561875,9229,609
29174.898366,2616565131,2616565736,8894,605
29174.910401,2616568997,2616569580,8911,583
29174.922423,2616573009,2616573612,12116,603
29174.934438,2616577027,2616577629,11979,602
29174.946473,2616580906,2616581484,8982,578
29174.958490,2616584782,2616585391,9244,609
29174.970507,2616588788,2616589386,11978,598
29174.982538,2616592648,2616593232,8930,584
29174.994560,2616596495,2616597098,9293,603
29175.006571,2616600348,2616600943,8883,595
29175.018605,2616604196,2616604773,8920,577
29175.030627,2616608192,2616608799,12085,607
29175.042647,2616612058,2616612662,8933,604
29175.054675,2616616095,2616616672,11933,577
29175.066697,2616620106,2616620709,12098,603
29175.078710,2616623938,2616624534,8905,596
29175.090744,2616627760,2616628359,8857,599
29175.102765,2616631637,2616632241,9246,604
29175.114777,2616635485,2616636080,8920,595
29175.126812,2616639308,2616639891,8910,583
29175.138836,2616643275,2616643877,12065,602
29175.150848,2616647264,2616647863,11979,599
29175.162882,2616651261,2616651854,8951,593
29175.174901,2616655125,2616655723,9231,598
29175.186919,2616658930,2616659531,8943,601
29175.198948,2616662777,2616663356,8947,579
29175.210971,2616666649,2616667257,9272,608
29175.222980,2616670486,2616671082,8832,596
29175.235012,2616674487,2616675091,8964,604
29175.319171,2616700092,2616700690,9248,598
29175.331184,2616704027,2616704626,11881,599
29175.343214,2616707975,2616708577,11845,602
29175.355243,2616711969,2616712547,11977,578
29175.367256,2616716014,2616716610,11862,596
29175.379286,2616719923,2616720514,11820,591
29175.391312,2616723886,2616724484,12111,598
29175.403321,2616727807,2616728408,11889,601
29175.415352,2616731666,2616732273,11820,607
29175.425872,2616735016,2616735613,9213,597
29175.437900,2616738873,2616739328,7565,455
29175.449929,2616742520,2616742972,7494,452
29175.461939,2616746201,2616746781,9137,580
29175.473967,2616749994,2616750569,8955,575
29175.486000,2616753771,2616754354,9037,583
29175.498009,2616757561,2616758161,9100,600
29175.510036,2616761382,2616761956,8984,574
29175.522062,2616765207,2616765785,12009,578
29175.534083,2616769105,2616769698,12088,593
29175.546104,2616772925,2616773505,8944,580
29175.558135,2616776709,2616777285,9177,576
29175.570148,2616780555,2616781148,9271,593
29175.582171,2616784365,2616784941,8963,576
29175.622749,2616796793,2616797376,8923,583
29175.770034,2616832648,2616833244,6314,596
29175.782056,2616835856,2616836458,9236,602
29175.870725,2616849247,2616849842,12109,595
29175.974420,2616864145,2616864719,9087,574
29175.986446,2616867138,2616867740,9263,602
29175.998462,2616870416,2616871018,9182,602
29176.010490,2616873708,2616874307,9012,599
29176.022511,2616877382,2616877980,9217,598
29176.070594,2616888797,2616889358,8954,561
29176.082631,2616892679,2616893275,12108,596
29176.094641,2616896485,2616897079,9159,594
29176.106670,2616900264,2616900839,8960,575
29176.118701,2616904041,2616904602,9208,561
29176.130710,2616907797,2616908402,9075,605
29176.142737,2616911579,2616912154,8995,575
29176.154765,2616915508,2616916091,11992,583
29176.166784,2616919467,2616920064,12073,597
29176.178812,2616923236,2616923812,9015,576
29176.190834,2616927054,2616927636,9175,582
29176.202842,2616930997,2616931592,11861,595
29176.214872,2616934763,2616935339,8961,576
29176.226902,2616938573,2616939156,9212,583
29176.238909,2616942518,2616943119,11858,601
29176.262972,2616950085,2616950685,12108,600
29176.274982,2616953874,2616954465,9188,591
29176.287008,2616957844,2616958434,11884,590
29176.299036,2616961795,2616962398,12073,603
29176.311051,2616965627,2616966223,9184,596
29176.323077,2616969628,2616970229,11816,601
29176.335107,2616973625,2616974222,9210,597
29176.347122,2616977618,2616978216,11854,598
29176.359148,2616981582,2616982183,11881,601
29176.371176,2616985517,2616986100,11969,583
29176.383193,2616989456,2616990054,12043,598
29176.395216,2616993412,2616994008,11837,596
29176.407242,2616997363,2616997966,12077,603
29176.419252,2617001292,2617001893,11867,601
29176.431276,2617005203,2617005780,11820,577
29176.443313,2617009132,2617009715,11957,583
29176.455325,2617012929,2617013529,9151,600
29176.465863,2617016224,2617016671,7500,447
29176.477874,2617019871,2617020462,9058,591
29176.489901,2617023698,2617024273,8975,575
29176.501930,2617027498,2617028080,9235,582
29176.513940,2617031284,2617031884,9142,600
29176.525973,2617035107,2617035682,8970,575
29176.537995,2617038920,2617039498,11989,578
29176.550012,2617042742,2617043351,12103,609
29176.562036,2617046542,2617047116,8958,574
29176.574067,2617050322,2617050899,9243,577
29176.586080,2617054128,2617054729,9169,601
29176.598101,2617057968,2617058564,8943,596
29176.622146,2617065516,2617066113,12033,597
29176.679250,2617082998,2617083574,11807,576
29176.691283,2617086914,2617087512,12081,598
29176.703293,2617090854,2617091455,11870,601
29176.715325,2617094769,2617095365,11815,596
29176.727356,2617098756,2617099354,12120,598
29176.737866,2617102107,2617102685,8910,578
29176.749904,2617105866,2617106297,7446,431
29176.761915,2617109488,2617110074,9153,586
29176.773945,2617113317,2617113896,8993,579
29176.785970,2617117144,2617117721,9229,577
29176.797975,2617121202,2617121803,11926,601
29176.870117,2617143135,2617143734,11922,599
29176.882142,2617147074,2617147664,11833,590
29176.894174,2617150866,2617151443,9184,577
29176.906188,2617154666,2617155256,9172,590
29176.918213,2617158452,2617159027,8922,575
29176.930245,2617162267,2617162842,9231,575
29176.942254,2617166063,2617166659,9176,596
29176.954279,2617169979,2617170554,11984,575
29176.966309,2617173896,2617174479,12013,583
29176.978327,2617177670,2617178266,9205,596
29176.990351,2617181464,2617182038,8993,574
29177.002380,2617185341,2617185919,9184,578
29177.014391,2617189110,2617189707,9182,597
29177.026412,2617193040,2617193618,11832,578
29177.038449,2617196819,2617197397,9242,578
29177.050461,2617200603,2617201205,9261,602
29177.062487,2617204399,2617204971,9016,572
29177.074515,2617208211,2617208814,9217,603
29177.086525,2617212159,2617212763,11860,604
29177.098555,2617216066,2617216661,11866,595
29177.110585,2617219909,2617220492,9168,583
29177.122597,2617223700,2617224296,9029,596
29177.134626,2617227475,2617228050,9009,575
29177.146652,2617231271,2617231853,9220,582
29177.158663,2617235036,2617235637,9143,601
29177.170697,2617238962,2617239543,12020,581
29177.182717,2617242922,2617243483,11951,561
29177.194732,2617246669,2617247259,9173,590
29177.206762,2617250475,2617251050,8995,575
29177.218794,2617254316,2617254893,9233,577
29177.230799,2617258085,2617258687,9177,602
29177.242830,2617261856,2617262430,8956,574
29177.254861,2617265646,2617266207,9190,561
29177.266875,2617269416,2617270014,9251,598
29177.278897,2617273208,2617273781,8995,573
29177.290926,2617277008,2617277591,9247,583
29177.302937,2617280895,2617281488,11842,593
29177.314962,2617284834,2617285429,11824,595
29177.326996,2617288668,2617289271,9251,603
29177.339006,2617292469,2617293065,9211,596
29177.351033,2617296362,2617296957,11818,595
29177.363062,2617300399,2617300980,11965,581
29177.375069,2617304441,2617305037,11857,596
29177.387102,2617308397,2617308972,11967,575
29177.399133,2617312329,2617312908,11979,579
29177.411145,2617316243,2617316833,9162,590
29177.423172,2617320157,2617320755,8938,598
29177.435199,2617324138,2617324736,12083,598
29177.447208,2617328049,2617328650,11905,601
29177.459240,2617331954,2617332529,12006,575
29177.471267,2617335732,2617336329,9225,597
29177.483278,2617339517,2617340119,9204,602
29177.495308,2617343429,2617344023,11814,594
29177.507338,2617347318,2617347921,12103,603
29177.517860,2617350672,2617351255,8979,583
29177.529885,2617354449,2617355030,9238,581
29177.541896,2617358232,2617358834,9232,602
29177.553920,2617362071,2617362649,8948,578
29177.565955,2617365813,2617366394,9195,581
29177.577967,2617369616,2617370206,9183,590
29177.589992,2617373403,2617373979,8925,576
29177.602023,2617377194,2617377771,9204,577
29177.614027,2617381225,2617381826,11924,601
29177.626061,2617385131,2617385689,12002,558
29177.638088,2617388899,2617389477,9198,578
29177.650103,2617392676,2617393269,9237,593
29177.662130,2617396491,2617397064,8986,573
29177.674155,2617400296,2617400873,9165,577
29177.686166,2617404171,2617404766,11942,595
29177.698196,2617408057,2617408663,11830,606
29177.710228,2617411870,2617412453,9213,583
29177.722242,2617415691,2617416287,9159,596
29177.734265,2617419488,2617420063,8976,575
29177.746297,2617423252,2617423828,9204,576
29177.758307,2617427037,2617427633,9180,596
29177.770327,2617430857,2617431434,8888,577
29177.782363,2617434777,2617435359,11973,582
29177.794379,2617438529,2617439117,9189,588
29177.806404,2617442306,2617442879,8946,573
29177.818431,2617446130,2617446728,9252,598
29177.830444,2617449943,2617450538,9205,595
29177.842471,2617453736,2617454310,8945,574
29177.854502,2617457500,2617458077,9188,577
29177.866516,2617461332,2617461935,9047,603
29177.878546,2617465224,2617465803,8923,579
29177.890566,2617469274,2617469877,12081,603
29177.902584,2617473285,2617473891,11855,606
29177.914612,2617477301,2617477903,12059,602
29177.926637,2617481225,2617481827,9247,602
29177.938649,2617485086,2617485692,8922,606
29177.950678,2617488923,2617489498,8982,575
29177.962704,2617492731,2617493312,9171,581
29177.974717,2617496473,2617497066,9197,593
29177.986742,2617500437,2617501012,11967,575
29177.998772,2617504364,2617504941,11980,577
29178.010784,2617508138,2617508729,9200,591
29178.022816,2617511961,2617512536,8996,575
29178.034844,2617515768,2617516345,9220,577
29178.046851,2617519534,2617520135,9194,601
29178.058881,2617523293,2617523867,8908,574
29178.070911,2617527112,2617527688,9215,576
29178.082926,2617530883,2617531480,9265,597
29178.094947,2617534661,2617535260,8884,599
29178.106975,2617538487,2617539085,9124,598
29178.118986,2617542423,2617543019,11863,596
29178.131016,2617546321,2617546917,11810,596
29178.143043,2617550294,2617550897,12083,603
29178.155056,2617554337,2617554928,11868,591
29178.167076,2617558338,2617558915,11787,577
29178.179111,2617562348,2617562950,12080,602
29178.191122,2617566334,2617566935,11866,601
29178.203153,2617570321,2617570922,11819,601
29178.215186,2617574336,2617574934,12116,598
29178.227199,2617578301,2617578897,9185,596
29178.239220,2617582221,2617582780,11998,559
29178.251250,2617586156,2617586733,11930,577
29178.263265,2617590017,2617590617,11807,600
29178.275293,2617593930,2617594526,11841,596
29178.287318,2617597745,2617598348,9173,603
29178.299336,2617601569,2617602167,9225,598
29178.309866,2617604874,2617605450,9207,576
29178.321881,2617608679,2617609275,9240,596
29178.333904,2617612470,2617613047,8929,577
29178.345937,2617616222,2617616798,9194,576
29178.357949,2617620001,2617620597,9180,596
29178.369973,2617623820,2617624398,8947,578
29178.382006,2617627595,2617628177,9204,582
29178.394015,2617631354,2617631944,9132,590
29178.406043,2617635122,2617635697,8965,575
29178.418071,2617638950,2617639532,9180,582
29178.430079,2617642977,2617643572,11929,595
29178.622460,2617691369,2617691946,8954,577
29178.634471,2617694905,2617695500,9105,595
29178.646499,2617698247,2617698845,8909,598
29178.658529,2617702080,2617702656,9193,576
29178.670540,2617705884,2617706480,9202,596
29178.682562,2617709678,2617710255,8889,577
29178.694596,2617713479,2617714053,9208,574
29178.706607,2617717262,2617717857,9198,595
29178.718634,2617721169,2617721743,11967,574
29178.730662,2617725103,2617725694,12090,591
29178.742676,2617728874,2617729464,9155,590
29178.754705,2617732640,2617733214,8949,574
29178.766737,2617736420,2617736997,9185,577
29178.778744,2617740202,2617740802,9144,600
29178.790772,2617743990,2617744565,8930,575
29178.802805,2617747778,2617748355,9216,577
29178.814820,2617751684,2617752287,12073,603
29178.826843,2617755428,2617756003,8952,575
29178.838872,2617759239,2617759816,9178,577
29178.850880,2617762984,2617763580,9191,596
29178.862908,2617766722,2617767323,8878,601
29178.874939,2617770655,2617771245,12104,590
29178.942569,2617791211,2617791786,9239,575
29178.983141,2617803564,2617804162,9208,598
29179.034237,2617819119,2617819678,8951,559
29179.046260,2617822901,2617823498,9221,597
29179.079319,2617833057,2617833656,11830,599
29179.091348,2617836988,2617837591,12086,603
29179.101870,2617840349,2617840779,7650,430
29179.113900,2617843983,2617844429,7490,446
29179.125908,2617847585,2617848181,9206,596
29179.137932,2617851369,2617851952,8917,583
29179.149967,2617855129,2617855706,9191,577
29179.161979,2617858891,2617859487,9185,596
29179.174005,2617862681,2617863255,8963,574
29179.186033,2617866445,2617867022,9214,577
29179.198048,2617870223,2617870821,9269,598
29179.210072,2617874036,2617874615,8967,579
29179.222099,2617877915,2617878491,12028,576
29179.234112,2617881678,2617882274,9148,596
29179.246136,2617885680,2617886280,11854,600
29179.382898,2617920362,2617920952,9181,590
29179.394917,2617923155,2617923749,8927,594
29179.406949,2617926905,2617927482,9208,577
29179.418960,2617930721,2617931315,9226,594
29179.430983,2617934463,2617935041,8872,578
29179.443015,2617938280,2617938851,9180,571
29179.455030,2617942111,2617942712,9151,601
29179.467058,2617946060,2617946656,11823,596
29179.479088,2617950060,2617950656,12083,596
29179.491096,2617954059,2617954649,11866,590
29179.503127,2617957879,2617958439,9019,560
29179.515153,2617961738,2617962341,9220,603
29179.527163,2617965675,2617966272,11883,597
29179.539195,2617969578,2617970153,11964,575
29179.551222,2617973503,2617974079,11958,576
29179.563235,2617977374,2617977968,11825,594
29179.575264,2617981225,2617981815,11819,590
29179.587294,2617985097,2617985693,12107,596
29179.599301,2617989014,2617989620,11868,606
29179.611334,2617992923,2617993523,11817,600
29179.621857,2617996294,2617996735,7404,441
29179.645906,2618003560,2618004150,12094,590
29179.657921,2618007396,2618007997,9205,601
29179.669941,2618011203,2618011780,8876,577
29179.681976,2618014988,2618015571,9184,583
29179.693990,2618018750,2618019344,9209,594
29179.706012,2618022583,2618023160,8877,577
29179.718044,2618026393,2618026968,12046,575
29179.730050,2618030164,2618030764,11889,600
29179.742084,2618033960,2618034536,8930,576
29179.754115,2618037735,2618038312,9237,577
29179.766125,2618041507,2618042102,9136,595
29179.778153,2618045268,2618045842,8927,574
29179.790182,2618049048,2618049624,9242,576
29179.802193,2618052825,2618053425,9148,600
29179.814222,2618056630,2618057227,8962,597
29179.826249,2618060404,2618060985,9206,581
29179.838266,2618064144,2618064743,9180,599
29179.850285,2618068108,2618068682,11988,574
29179.862312,2618071901,2618072509,9240,608
29179.874331,2618075685,2618076280,9192,595
29179.886358,2618079471,2618080046,8937,575
29179.898390,2618083224,2618083800,9223,576
29179.910400,2618086997,2618087595,9217,598
29179.922427,2618090805,2618091385,8947,580
29179.934452,2618094736,2618095313,11963,577
29179.946471,2618098597,2618099196,11925,599
29179.958497,2618102389,2618102964,8993,575
29179.970522,2618106181,2618106763,9190,582
29179.982539,2618110142,2618110745,12062,603
29180.054674,2618132067,2618132660,11885,593
29180.066698,2618135878,2618136452,8968,574
29180.078726,2618139669,2618140267,9165,598
29180.090741,2618143470,2618144076,9189,606
29180.102767,2618147248,2618147822,8934,574
29180.114801,2618151063,2618151639,9192,576
29180.126807,2618154822,2618155420,9159,598
29180.138836,2618158615,2618159190,8956,575
29180.150868,2618162570,2618163152,11984,582
29180.162872,2618166492,2618167092,11865,600
29180.174903,2618170277,2618170852,8968,575
29180.186936,2618174049,2618174626,9209,577
29180.198944,2618177834,2618178434,9147,600
29180.210973,2618181738,2618182338,11846,600
29180.238026,2618190243,2618190841,11840,598
29180.250055,2618194171,2618194769,12024,598
29180.260331,2618197733,2618198339,11939,606
29180.326698,2618218155,2618218734,11916,579
29180.338725,2618221979,2618222575,9284,596
29180.350741,2618225938,2618226539,11870,601
29180.362769,2618229914,2618230512,12100,598
29180.374789,2618233741,2618234342,9186,601
29180.386803,2618237527,2618238128,8897,601
29180.398839,2618241364,2618241942,8929,578
29180.410856,2618245171,2618245777,9218,606
29180.422871,2618248960,2618249555,8925,595
29180.434905,2618252765,2618253347,8934,582
29180.446927,2618256614,2618257217,9221,603
29180.458939,2618260440,2618261051,8889,611
29180.470973,2618264306,2618264883,8898,577
29180.482995,2618268147,2618268750,9229,603
29180.495012,2618272130,2618272731,11840,601
29180.507040,2618276075,2618276678,12061,603
29180.519060,2618280005,2618280601,9180,596
29180.531082,2618283905,2618284487,8973,582
29180.543107,2618287864,2618288443,11927,579
29180.555134,2618291880,2618292478,12078,598
29180.567150,2618295782,2618296383,11843,601
29180.579178,2618299766,2618300364,12061,598
29180.591205,2618303720,2618304315,12138,595
29180.603219,2618307671,2618308272,11866,601
29180.615248,2618311641,2618312239,12066,598
29180.627273,2618315608,2618316210,12078,602
29180.639287,2618319549,2618320145,11886,596
29180.651316,2618323363,2618323960,8905,597
29180.663338,2618327213,2618327811,9175,598
29180.673867,2618330727,2618331160,7658,433
29180.685880,2618334386,2618334982,9181,596
29180.697901,2618338260,2618338858,8943,598
29180.709929,2618342066,2618342642,8932,576
29180.721949,2618345831,2618346422,9168,591
29180.733967,2618349691,2618350273,11993,582
29180.745998,2618353493,2618354096,12062,603
29180.758021,2618357486,2618358083,9247,597
29180.770039,2618361377,2618361975,8982,598
29180.782066,2618365223,2618365799,8941,576
29180.794087,2618369195,2618369798,12099,603
29180.806103,2618373230,2618373827,11987,597
29180.822641,2618378444,2618379047,8954,603
29180.846680,2618386070,2618386662,11996,592
29180.857206,2618389582,2618390177,12064,595
29180.870732,2618394045,2618394643,12072,598
29180.881256,2618397435,2618398018,8861,583
29180.911307,2618406873,2618407468,12070,595
29180.923327,2618410678,2618411281,9003,603
29180.933858,2618414066,2618414517,7527,451
29180.945874,2618417800,2618418242,7581,442
29180.957905,2618421492,2618421940,7688,448
29180.969918,2618425173,2618425774,9115,601
29180.981938,2618429053,2618429656,11981,603
29181.005988,2618436544,2618437135,12070,591
29181.018010,2618440388,2618440986,8953,598
29181.030038,2618444192,2618444774,8929,582
29181.042060,2618448010,2618448606,9280,596
29181.054074,2618451830,2618452425,8823,595
29181.066108,2618455781,2618456358,11970,577
29181.076619,2618459211,2618459806,11988,595
29181.100668,2618466845,2618467446,12089,601
29181.126211,2618474877,2618475476,8878,599
29181.138245,2618478885,2618479461,11925,576
29181.150266,2618482844,2618483447,12070,603
29181.162279,2618486819,2618487413,11800,594
29181.174314,2618490650,2618491227,8888,577
29181.186337,2618494467,2618495048,9217,581
29181.198346,2618498266,2618498862,8855,596
29181.210381,2618502109,2618502707,8941,598
29181.229914,2618508265,2618508713,7532,448
29181.241941,2618511954,2618512530,8933,576
29181.253960,2618515698,2618516299,9145,601
29181.265978,2618519548,2618520146,11991,598
29181.278009,2618523381,2618523979,12064,598
29181.290029,2618527223,2618527824,9193,601
29181.302050,2618531115,2618531713,8934,598
29181.314078,2618534949,2618535531,8921,582
29181.326098,2618538741,2618539335,9161,594
29181.338113,2618542678,2618543278,11806,600
29181.350144,2618546582,2618547159,11885,577
29181.362170,2618550479,2618551082,12099,603
29181.374180,2618554320,2618554910,8853,590
29181.386215,2618558113,2618558690,8930,577
29181.398239,2618561898,2618562501,9234,603
29181.410251,2618565738,2618566339,8833,601
29181.422285,2618569562,2618570144,8891,582
29181.432797,2618572904,2618573507,11984,603
29181.443324,2618576268,2618576863,12176,595
29181.455340,2618580216,2618580812,11842,596
29181.465868,2618583585,2618584031,7500,446
29181.477886,2618587295,2618587748,7589,453
29181.489919,2618591121,2618591553,7631,432
29181.501931,2618594827,2618595428,9135,601
29181.513952,2618598668,2618599265,8945,597
29181.525981,2618602496,2618603072,8939,576
29181.538001,2618606289,2618606890,9175,601
29181.550018,2618610186,2618610784,11991,598
29181.562047,2618614024,2618614605,11916,581
29181.574071,2618617799,2618618395,9195,596
29181.586085,2618621610,2618622211,8871,601
29181.598120,2618625406,2618625982,8933,576
29181.610139,2618629177,2618629778,9158,601
29181.622153,2618633020,2618633615,8871,595
29181.634187,2618636813,2618637390,8895,577
29181.646210,2618640637,2618641240,9251,603
29181.658222,2618644476,2618645064,8838,588
29181.670257,2618648283,2618648860,8933,577
29181.682277,2618652253,2618652856,12064,603
29181.692800,2618655883,2618656459,11933,576
29181.734868,2618668818,2618669412,11835,594
29181.746901,2618672647,2618673229,8916,582
29181.758925,2618676622,2618677223,12084,601
29181.770935,2618680410,2618681010,8830,600
29181.782972,2618684383,2618684965,11953,582
29181.794992,2618688370,2618688967,12099,597
29181.807003,2618692187,2618692782,8869,595
29181.819037,2618696000,2618696582,8949,582
29181.831060,2618700064,2618700662,12101,598
29181.843077,2618704089,2618704689,11886,600
29181.855105,2618708160,2618708758,12102,598
29181.867128,2618712259,2618712862,12111,603
29181.879146,2618716169,2618716751,8888,582
29181.891176,2618720156,2618720763,12060,607
29181.901691,2618723656,2618724254,8971,598
29181.918229,2618728913,2618729490,8902,577
29181.930251,2618732673,2618733281,9251,608
29181.942259,2618736525,2618737124,8805,599
29181.982841,2618749173,2618749770,11969,597
29182.014403,2618759078,2618759679,11846,601
29182.026435,2618762893,2618763475,8921,582
29182.038457,2618766665,2618767268,9213,603
29182.050466,2618770485,2618771085,8851,600
29182.062504,2618774326,2618774903,8895,577
29182.074524,2618778149,2618778750,9216,601
29182.086537,2618781978,2618782573,8895,595
29182.098572,2618785976,2618786558,8958,582
29182.109081,2618789452,2618790048,11985,596
29182.151166,2618802569,2618803165,12068,596
29182.163181,2618806332,2618806922,8851,590
29182.175215,2618810208,2618810803,12067,595
29182.187238,2618814089,2618814685,12141,596
29182.199252,2618818009,2618818605,11880,596
29182.211283,2618821925,2618822517,12059,592
29182.223304,2618825926,2618826513,12067,587
29182.235321,2618829834,2618830435,11839,601
29182.247350,2618833787,2618834390,12058,603
29182.257868,2618837175,2618837776,8924,601
29182.269896,2618841005,2618841587,8897,582
29182.281920,2618844800,2618845250,7466,450
29182.293933,2618848522,2618849119,11979,597
29182.305962,2618852460,2618853021,11916,561
29182.317984,2618856230,2618856826,9181,596
29182.330003,2618860100,2618860703,8925,603
29182.342033,2618863933,2618864509,8888,576
29182.354052,2618867683,2618868279,9164,596
29182.366070,2618871615,2618872212,11992,597
29182.378098,2618875510,2618876092,11912,582
29182.390121,2618879258,2618879848,9161,590
29182.402137,2618883080,2618883680,8854,600
29182.414172,2618886893,2618887470,8908,577
29182.426195,2618890650,2618891253,9225,603
29182.438203,2618894506,2618895101,8774,595
29182.450239,2618898324,2618898901,8896,577
29182.462262,2618902104,2618902707,9183,603
29182.474275,2618905940,2618906539,8886,599
29182.486308,2618909771,2618910352,8950,581
29182.498329,2618913689,2618914286,12069,597
29182.508852,2618917304,2618917880,11933,576
29182.534399,2618925257,2618925853,12137,596
29182.546409,2618929091,2618929691,8898,600
29182.558444,2618932917,2618933492,8935,575
29182.570467,2618936722,2618937313,9241,591
29182.582482,2618940689,2618941278,11824,589
29182.594510,2618944657,2618945239,11918,582
29182.606535,2618948451,2618949054,9210,603
29182.618549,2618952269,2618952857,8911,588
29182.630583,2618956254,2618956831,11925,577
29182.642606,2618960078,2618960676,9268,598
29182.654615,2618963903,2618964498,8891,595
29182.666650,2618967695,2618968272,8897,577
29182.678672,2618971524,2618972122,9238,598
29182.690684,2618975296,2618975895,8889,599
29182.702718,2618979126,2618979708,8904,582
29182.714741,2618983156,2618983753,12083,597
29182.726755,2618987100,2618987695,11831,595
29182.738787,2618990919,2618991495,8904,576
29182.750810,2618994762,2618995370,9241,608
29182.762819,2618998581,2618999176,8882,595
29182.774854,2619002406,2619002981,8915,575
29182.786877,2619006217,2619006819,9240,602
29182.798895,2619010181,2619010776,11826,595
29182.810923,2619014157,2619014755,12054,598
29182.822942,2619017978,2619018574,9250,596
29182.834957,2619021800,2619022395,8901,595
29182.846991,2619025599,2619026181,8936,582
29182.859014,2619029434,2619030031,9245,597
29182.871031,2619033373,2619033969,11852,596
29182.910113,2619045601,2619046204,12061,603
29182.922135,2619049503,2619050111,9259,608
29182.934148,2619053501,2619054106,11806,605
29182.946182,2619057398,2619057980,8881,582
29182.958204,2619061221,2619061827,9244,606
29182.970218,2619065085,2619065685,8878,600
29182.982247,2619069085,2619069667,11932,582
29182.994270,2619073013,2619073614,12126,601
29183.015303,2619079748,2619080343,11808,595
29183.027336,2619083702,2619084305,12103,603
29183.037853,2619087100,2619087697,8987,597
29183.049880,2619090931,2619091508,8942,577
29183.061900,2619094688,2619095289,9155,601
29183.073919,2619098546,2619099147,9006,601
29183.085949,2619102382,2619102964,8928,582
29183.097969,2619106187,2619106783,12075,596
29183.109984,2619110048,2619110642,11803,594
29183.122015,2619114031,2619114608,11890,577
29183.134037,2619117809,2619118403,9144,594
29183.146059,2619121638,2619122236,8956,598
29183.158087,2619125456,2619126037,8879,581
29183.170106,2619129224,2619129825,9163,601
29183.182121,2619133176,2619133771,11825,595
29183.194152,2619137103,2619137679,11931,576
29183.206178,2619140879,2619141471,9207,592
29183.218188,2619144696,2619145296,8833,600
29183.230223,2619148509,2619149086,8930,577
29183.242245,2619152275,2619152872,9236,597
29183.254258,2619156112,2619156702,8803,590
29183.266292,2619159902,2619160479,8876,577
29183.278315,2619163656,2619164253,9231,597
29183.290324,2619167490,2619168083,8849,593
29183.302359,2619171319,2619171896,8889,577
29183.314379,2619175266,2619175868,12071,602
29183.324902,2619178891,2619179451,11943,560
29183.430096,2619210813,2619211416,8986,603
29183.442125,2619214652,2619215229,8863,577
29183.454148,2619218439,2619219036,9184,597
29183.466161,2619222270,2619222865,8877,595
29183.478195,2619226069,2619226645,8901,576
29183.490218,2619229875,2619230469,9226,594
29183.502227,2619233702,2619234297,8860,595
29183.514262,2619237658,2619238235,11939,577
29183.524775,2619241095,2619241696,11986,601
29183.542809,2619246904,2619247505,11843,601
29183.554840,2619250725,2619251302,8909,577
29183.566862,2619254561,2619255162,9236,601
29183.578873,2619258386,2619258986,8874,600
29183.590907,2619262192,2619262772,8945,580
29183.602930,2619266042,2619266645,9164,603
29183.614948,2619269987,2619270582,11823,595
29183.626974,2619273919,2619274495,11926,576
29183.638998,2619277717,2619278308,9251,591
29183.651015,2619281684,2619282280,11850,596
29183.663044,2619285511,2619286087,8917,576
29183.675069,2619289565,2619290168,12085,603
29183.687084,2619293586,2619294186,11837,600
29183.699113,2619297497,2619298094,8909,597
29183.711134,2619301369,2619301971,9225,602
29183.723154,2619305331,2619305929,11839,598
29183.735180,2619309321,2619309924,8955,603
29183.747201,2619313315,2619313917,12067,602
29183.759219,2619317237,2619317831,11843,594
29183.771248,2619321138,2619321740,12053,602
29183.798301,2619329731,2619330323,12037,592
29183.810326,2619333718,2619334320,12082,602
29183.822342,2619337575,2619338167,8974,592
29183.870440,2619352673,2619353266,12055,593
29183.930549,2619371306,2619371907,12004,601
29183.941071,2619374827,2619375422,12076,595
29183.974136,2619385268,2619385869,12039,601
29183.986158,2619389114,2619389716,9240,602
29183.998177,2619392996,2619393593,9019,597
29184.010205,2619396945,2619397548,12062,603
29184.022228,2619400769,2619401356,9222,587
29184.034246,2619404582,2619405179,8974,597
29184.046273,2619408422,2619409019,8925,597
29184.058297,2619412272,2619412870,9204,598
29184.070315,2619416109,2619416712,8957,603
29184.082343,2619419948,2619420555,8951,607
29184.094364,2619423825,2619424422,9220,597
29184.106383,2619427676,2619428275,8942,599
29184.118410,2619431538,2619432136,8933,598
29184.130433,2619435360,2619435957,9269,597
29184.142448,2619439366,2619439957,11987,591
29184.154479,2619443202,2619443799,8911,597
29184.166502,2619447052,2619447649,9220,597
29184.178520,2619450903,2619451500,8950,597
29184.190547,2619454758,2619455359,8904,601
29184.202571,2619458603,2619459200,9208,597
29184.214587,2619462452,2619463043,9015,591
29184.226616,2619466434,2619467035,12042,601
29184.237129,2619469933,2619470531,12027,598
29184.250653,2619474542,2619475119,11838,577
29184.262687,2619478348,2619478945,9254,597
29184.274693,2619482275,2619482870,11866,595
29184.286725,2619486100,2619486677,8909,577
29184.298754,2619489899,2619490481,9269,582
29184.310771,2619493698,2619494300,9240,602
29184.322792,2619497533,2619498108,8939,575
29184.334824,2619501350,2619501952,9260,602
29184.346831,2619505328,2619505923,11871,595
29184.358859,2619509292,2619509895,11952,603
29184.370891,2619513134,2619513731,9244,597
29184.382906,2619516929,2619517524,9215,595
29184.394925,2619520728,2619521305,8916,577
29184.406958,2619524570,2619525166,9257,596
29184.418974,2619528364,2619528959,9215,595
29184.430993,2619532267,2619532843,11813,576
29184.443026,2619536196,2619536788,12088,592
29184.455040,2619540204,2619540794,11888,590
29184.467062,2619544231,2619544808,11823,577
29184.479096,2619548252,2619548849,12073,597
29184.491108,2619552243,2619552844,11868,601
29184.503137,2619556239,2619556836,12008,597
29184.515163,2619560125,2619560722,9270,597
29184.527183,2619563929,2619564525,9242,596
29184.539203,2619567863,2619568463,11989,600
29184.551233,2619571862,2619572458,9193,596
29184.563243,2619575781,2619576381,11873,600
29184.575276,2619579727,2619580319,12006,592
29184.587302,2619583639,2619584234,12088,595
29184.599309,2619587547,2619588136,11869,589
29184.611336,2619591504,2619592081,11801,577
29184.621869,2619594867,2619595304,7421,437
29184.692494,2619616311,2619616908,11973,597
29184.742089,2619631560,2619632162,11976,602
29184.754120,2619635616,2619636202,12176,586
29184.766138,2619639439,2619640031,9267,592
29184.778156,2619643217,2619643793,8875,576
29184.790190,2619647017,2619647618,9187,601
29184.802205,2619650832,2619651426,9192,594
29184.814224,2619654618,2619655195,8886,577
29184.826257,2619658416,2619659018,9232,602
29184.838275,2619662213,2619662802,9218,589
29184.850295,2619666015,2619666592,8946,577
29184.862325,2619669795,2619670391,9266,596
29184.874342,2619673605,2619674200,9181,595
29184.886361,2619677394,2619677971,8835,577
29184.898394,2619681176,2619681768,9200,592
29184.910411,2619684973,2619685575,9265,602
29184.922430,2619688775,2619689349,8841,574
29184.934464,2619692554,2619693151,9242,597
29184.946470,2619696503,2619697092,11871,589
29184.958498,2619700477,2619701073,11951,596
29184.970532,2619704273,2619704865,9245,592
29184.982549,2619708073,2619708663,9114,590
29184.994569,2619711874,2619712450,8964,576
29185.006600,2619715669,2619716265,9275,596
29185.018617,2619719497,2619720092,9231,595
29185.030638,2619723322,2619723899,8938,577
29185.042666,2619727247,2619727844,12057,597
29185.054685,2619731077,2619731667,9186,590
29185.066707,2619734875,2619735452,8940,577
29185.078738,2619738687,2619739284,9229,597
29185.090750,2619742437,2619743038,9178,601
29185.102776,2619746250,2619746826,8906,576
29185.114806,2619750039,2619750634,9243,595
29185.126822,2619753818,2619754415,9253,597
29185.138844,2619757636,2619758210,8951,574
29185.150874,2619761455,2619762057,9256,602
29185.162883,2619765434,2619766018,11872,584
29185.174910,2619769379,2619769971,11949,592
29185.186942,2619773210,2619773802,9236,592
29185.198954,2619776980,2619777575,9186,595
29185.210979,2619780792,2619781369,8938,577
29185.223011,2619784631,2619785232,9211,601
29185.235019,2619788563,2619789153,11856,590
29185.247044,2619792444,2619793021,8824,577
29185.259080,2619796411,2619797006,12093,595
29185.271087,2619800430,2619801020,11870,590
29185.283112,2619804458,2619805035,11807,577
29185.295149,2619808386,2619808983,12074,597
29185.307158,2619812313,2619812914,11847,601
29185.319182,2619816259,2619816836,11845,577
29185.331216,2619820079,2619820676,9248,597
29185.343233,2619823864,2619824456,9250,592
29185.355255,2619827783,2619828389,11974,606
29185.367283,2619831771,2619832368,9223,597
29185.379294,2619835652,2619836241,11860,589
29185.391323,2619839557,2619840148,11955,591
29185.403353,2619843518,2619844115,12068,597
29185.413864,2619846846,2619847423,8890,577
29185.425899,2619850610,2619851211,9212,601
29185.437915,2619854450,2619855057,9212,607
29185.449936,2619858270,2619858846,8914,576
29185.461966,2619862035,2619862631,9222,596
29185.473984,2619865881,2619866478,9249,597
29185.486002,2619869688,2619870249,8910,561
29185.498035,2619873466,2619874062,9239,596
29185.510054,2619877279,2619877881,9254,602
29185.522070,2619881080,2619881638,8871,558
29185.534105,2619884853,2619885449,9223,596
29185.546115,2619888769,2619889364,11942,595
29185.558142,2619892679,2619893281,11984,602
29185.570174,2619896599,2619897191,9238,592
29185.582188,2619900412,2619901007,9196,595
29185.594211,2619904223,2619904800,8875,577
29185.606241,2619908006,2619908602,9253,596
29185.618257,2619911824,2619912413,9200,589
29185.767030,2619951860,2619952457,9114,597
29185.779059,2619955874,2619956451,11857,577
29185.791091,2619959946,2619960543,12093,597
29185.803100,2619963987,2619964582,11843,595
29185.815124,2619968022,2619968599,11806,577
29185.827159,2619971964,2619972555,12070,591
29185.839165,2619975963,2619976562,11859,599
29185.851199,2619979902,2619980499,11989,597
29185.863227,2619983745,2619984347,9278,602
29185.875246,2619987661,2619988258,12051,597
29185.887271,2619991606,2619992198,12008,592
29185.899297,2619995579,2619996181,12085,602
29185.911306,2619999467,2620000062,11872,595
29185.923338,2620003370,2620003968,11990,598
29185.935366,2620007292,2620007892,12089,600
29185.945880,2620010658,2620011090,7511,432
29185.957916,2620014283,2620014734,7501,451
29185.969929,2620017977,2620018569,9280,592
29185.981949,2620021903,2620022479,11845,576
29186.174317,2620068429,2620069025,8493,596
29186.186334,2620071685,2620072282,8041,597
29186.198355,2620074714,2620075316,8555,602
29186.210388,2620077955,2620078550,9156,595
29186.222404,2620081709,2620082304,9152,595
29186.234428,2620085515,2620086075,8910,560
29186.246458,2620089288,2620089889,9225,601
29186.258476,2620093135,2620093732,9251,597
29186.270493,2620096926,2620097507,8874,581
29186.282526,2620100730,2620101327,9231,597
29186.294544,2620104509,2620105104,9218,595
29186.306569,2620108300,2620108902,8984,602
29186.318594,2620112115,2620112712,9182,597
29186.330612,2620115954,2620116554,9206,600
29186.342631,2620119735,2620120312,8918,577
29186.353153,2620123127,2620123719,12025,592
29186.374194,2620129795,2620130392,11978,597
29186.384712,2620133325,2620133922,12063,597
29186.441822,2620150765,2620151341,8911,576
29186.456850,2620155617,2620156219,12029,602
29186.486904,2620164998,2620165574,11830,576
29186.498937,2620168822,2620169424,9247,602
29186.510949,2620172576,2620173171,9227,595
29186.522978,2620176359,2620176956,8920,597
29186.535006,2620180196,2620180793,9270,597
29186.547023,2620183988,2620184578,9112,590
29186.559040,2620187825,2620188401,8845,576
29186.571075,2620191863,2620192463,12085,600
29186.583082,2620195867,2620196467,11869,600
29186.595105,2620199961,2620200543,11800,582
29186.607143,2620203960,2620204557,12076,597
29186.619152,2620207915,2620208510,11844,595
29186.758927,2620247957,2620248554,12058,597
29186.770947,2620251700,2620252274,8963,574
29186.782976,2620255509,2620256106,9269,597
29186.794985,2620259487,2620260082,11873,595
29186.807016,2620263472,2620264074,11983,602
29186.819047,2620267519,2620268111,12128,592
29186.831056,2620271486,2620272081,11875,595
29186.843079,2620275541,2620276118,11803,577
29186.855116,2620279581,2620280177,12091,596
29186.867123,2620283555,2620284155,11849,600
29186.879147,2620287527,2620288103,11803,576
29186.891181,2620291372,2620291969,9257,597
29186.903197,2620295294,2620295884,11860,590
29186.915221,2620299218,2620299815,11974,597
29186.927253,2620303182,2620303779,12105,597
29186.939259,2620307089,2620307683,11871,594
29186.951291,2620311038,2620311635,11982,597
29186.963319,2620314863,2620315460,9212,597
29186.975336,2620318657,2620319254,9249,597
29186.985871,2620322010,2620322455,7520,445
29186.997884,2620325853,2620326298,7379,445
29187.009906,2620329521,2620330098,8943,577
29187.021936,2620333274,2620333863,9248,589
29187.033952,2620337110,2620337702,9200,592
29187.045973,2620340928,2620341505,8912,577
29187.058002,2620344704,2620345298,9214,594
29187.070020,2620348516,2620349104,9177,588
29187.082040,2620352325,2620352906,8943,581
29187.094070,2620356188,2620356778,12144,590
29187.106087,2620360138,2620360730,12063,592
29187.118106,2620363926,2620364503,8852,577
29187.130139,2620367734,2620368335,9201,601
29187.142156,2620371532,2620372129,9189,597
29187.154173,2620375313,2620375887,8900,574
29187.166208,2620379069,2620379659,9260,590
29187.178219,2620383010,2620383599,11932,589
29187.190244,2620386925,2620387522,11951,597
29187.202278,2620390823,2620391415,9193,592
29187.214294,2620394620,2620395209,9182,589
29187.226315,2620398425,2620399002,8932,577
29187.238345,2620402211,2620402808,9205,597
29187.250359,2620406026,2620406621,9225,595
29187.262379,2620409811,2620410386,8902,575
29187.274413,2620413593,2620414174,9225,581
29187.286430,2620417388,2620417982,9195,594
29187.298452,2620421201,2620421778,8910,577
29187.310479,2620425134,2620425731,12091,597
29187.322488,2620429067,2620429667,11863,600
29187.334521,2620432864,2620433440,8907,576
29187.346552,2620436646,2620437243,9250,597
29187.358568,2620440440,2620441035,9184,595
29187.370585,2620444224,2620444797,8820,573
29187.382619,2620448014,2620448606,9215,592
29187.394625,2620451982,2620452577,11872,595
29187.406656,2620455928,2620456525,11968,597
29187.418687,2620459742,2620460333,9245,591
29187.430705,2620463550,2620464143,9254,593
29187.442722,2620467335,2620467912,8857,577
29187.454756,2620471136,2620471726,9232,590
29187.466772,2620474916,2620475511,9223,595
29187.478791,2620478707,2620479284,8875,577
29187.490824,2620482505,2620483102,9238,597
29187.502837,2620486288,2620486882,9165,594
29187.514862,2620490093,2620490669,8946,576
29187.526895,2620494078,2620494670,12086,592
29187.538904,2620497817,2620498406,9177,589
29187.550927,2620501612,2620502189,8834,577
29187.562960,2620505397,2620505988,9268,591
29187.574976,2620509180,2620509775,9195,595
29187.586995,2620513079,2620513653,11822,574
29187.599029,2620517043,2620517640,12086,597
29187.611037,2620520989,2620521584,11871,595
29187.623067,2620525032,2620525634,11954,602
29187.806425,2620574596,2620575191,12147,595
29187.818439,2620577706,2620578303,9245,597
29187.830463,2620581532,2620582108,8913,576
29187.842493,2620585300,2620585902,9244,602
29187.854509,2620589114,2620589709,9224,595
29187.866531,2620592936,2620593512,8918,576
29187.878564,2620596720,2620597317,9194,597
29187.890581,2620600556,2620601153,9286,597
29187.902597,2620604338,2620604919,8918,581
29187.914631,2620608129,2620608725,9209,596
29187.926638,2620612095,2620612684,11873,589
29187.938667,2620616044,2620616641,11965,597
29187.950698,2620619819,2620620419,9265,600
29187.962714,2620623627,2620624227,9229,600
29187.974745,2620627451,2620628053,8944,602
29187.986768,2620631493,2620632097,12098,604
29187.998787,2620635378,2620635980,8958,602
29188.010815,2620639396,2620640002,12042,606
29188.022835,2620643435,2620644037,12092,602
29188.034853,2620647312,2620647909,9011,597
29188.046869,2620651166,2620651743,8894,577
29188.058903,2620654971,2620655568,9262,597
29188.070918,2620658774,2620659368,9188,594
29188.082941,2620662576,2620663152,8925,576
29188.094972,2620666379,2620666976,9256,597
29188.106989,2620670168,2620670749,9262,581
29188.119007,2620674084,2620674644,11809,560
29188.131041,2620678008,2620678598,12085,590
29188.143053,2620681979,2620682579,11863,600
29188.155079,2620686001,2620686598,11987,597
29188.167111,2620689974,2620690568,12102,594
29188.179125,2620693755,2620694348,9192,593
29188.191144,2620697532,2620698109,8862,577
29188.203177,2620701518,2620702117,12087,599
29188.215186,2620705422,2620706012,11899,590
29188.227209,2620709390,2620709966,11807,576
29188.239249,2620713314,2620713916,12103,602
29188.251254,2620717215,2620717805,11871,590
29188.263286,2620721122,2620721719,11976,597
29188.275314,2620725073,2620725670,12075,597
29188.287323,2620728972,2620729572,11871,600
29188.299356,2620732893,2620733485,11994,592
29188.309879,2620736267,2620736713,7368,446
29188.321898,2620739953,2620740394,7514,441
29188.333930,2620743608,2620744208,9239,600
29188.345947,2620747458,2620748055,9229,597
29188.357969,2620751293,2620751868,8948,575
29188.369998,2620755069,2620755668,9192,599
29188.382012,2620758889,2620759486,9234,597
29188.394031,2620762747,2620763323,11818,576
29188.406065,2620766564,2620767159,12176,595
29188.418084,2620770376,2620770968,9210,592
29188.430105,2620774330,2620774906,8944,576
29188.442135,2620778118,2620778715,9190,597
29188.454153,2620781951,2620782547,9281,596
29188.466168,2620785737,2620786314,8851,577
29188.478204,2620789503,2620790097,9208,594
29188.490220,2620793323,2620793920,9249,597
29188.502238,2620797105,2620797681,8849,576
29188.514270,2620800866,2620801457,9211,591
29188.526281,2620804802,2620805395,11937,593
29188.538307,2620808732,2620809324,11953,592
29188.550339,2620812578,2620813175,9227,597
29188.562357,2620816366,2620816959,9182,593
29188.574377,2620820168,2620820744,8871,576
29188.586406,2620823946,2620824540,9231,594
29188.598424,2620827765,2620828359,9183,594
29188.610438,2620831735,2620832316,11822,581
29188.622476,2620835668,2620836265,12058,597
29188.634493,2620839456,2620840045,9207,589
29188.646515,2620843254,2620843830,8911,576
29188.658545,2620847046,2620847648,9256,602
29188.670560,2620850868,2620851462,9231,594
29188.682579,2620854649,2620855226,8878,577
29188.694615,2620858413,2620859003,9270,590
29188.706633,2620862235,2620862826,9249,591
29188.718653,2620866032,2620866608,8952,576
29188.730683,2620869796,2620870386,9284,590
29188.742690,2620873754,2620874348,11874,594
29188.754719,2620877705,2620878307,11992,602
29188.766750,2620881506,2620882101,9283,595
29188.778768,2620885301,2620885896,9221,595
29188.790786,2620889091,2620889667,8841,576
29188.802819,2620892897,2620893496,9244,599
29188.814834,2620896675,2620897264,9223,589
29188.826851,2620900627,2620901203,11791,576
29188.838886,2620904584,2620905186,12115,602
29188.850903,2620908384,2620908967,9189,583
29188.862925,2620912177,2620912753,8908,576
29188.874956,2620915966,2620916568,9262,602
29188.886971,2620919761,2620920361,9166,600
29188.898993,2620923573,2620924150,8913,577
29188.911024,2620927369,2620927971,9255,602
29188.923044,2620931233,2620931825,9279,592
29188.935060,2620935264,2620935841,11805,577
29188.947093,2620939303,2620939900,12084,597
29188.959103,2620943291,2620943886,11867,595
29188.971132,2620947288,2620947885,11976,597
29188.983162,2620951150,2620951745,9250,595
29189.031238,2620965771,2620966365,11916,594
29189.043270,2620969724,2620970321,11997,597
29189.055297,2620973676,2620974273,12079,597
29189.067308,2620977584,2620978169,11867,585
29189.079337,2620981488,2620982085,11960,597
29189.089862,2620984846,2620985443,9252,597
29189.101882,2620988644,2620989224,8941,580
29189.113912,2620992412,2620993006,9258,594
29189.125926,2620996252,2620996849,12024,597
29189.137949,2621000064,2621000661,11982,597
29189.149982,2621003860,2621004460,9211,600
29189.161998,2621007685,2621008277,9286,592
29189.174016,2621011494,2621012070,8946,576
29189.186051,2621015245,2621015844,9265,599
29189.198068,2621019088,2621019685,9257,597
29189.234127,2621030233,2621030826,11888,593
29189.246158,2621034146,2621034722,8904,576
29189.258184,2621038039,2621038641,12040,602
29189.272331,2621043164,2621043771,11974,607
29189.318294,2621057300,2621057901,12007,601
29189.330321,2621061127,2621061729,8953,602
29189.342345,2621065116,2621065713,12081,597
29189.354360,2621069109,2621069711,12003,602
29189.366390,2621072952,2621073549,8936,597
29189.378415,2621076781,2621077372,9226,591
29189.390432,2621080634,2621081226,8958,592
29189.402458,2621084456,2621085056,8935,600
29189.414482,2621088291,2621088893,9196,602
29189.426499,2621092274,2621092871,12004,597
29189.438527,2621096256,2621096858,12038,602
29189.450550,2621100105,2621100697,9204,592
29189.462569,2621103937,2621104533,8992,596
29189.474596,2621107769,2621108366,8941,597
29189.486620,2621111605,2621112202,9241,597
29189.498638,2621115457,2621116059,8982,602
29189.510664,2621119309,2621119906,8970,597
29189.522689,2621123135,2621123731,9219,596
29189.534706,2621126945,2621127541,8968,596
29189.546732,2621130769,2621131366,8901,597
29189.558756,2621134767,2621135369,12082,602
29189.570770,2621138758,2621139355,11965,597
29189.582801,2621142605,2621143207,8944,602
29189.594824,2621146458,2621147055,9205,597
29189.606842,2621150288,2621150885,8960,597
29189.618869,2621154110,2621154705,8901,595
29189.630893,2621157938,2621158530,9257,592
29189.642913,2621161908,2621162510,12020,602
29189.654941,2621165913,2621166510,12038,597
29189.666961,2621169723,2621170320,9248,597
29189.678980,2621173540,2621174137,8960,597
29189.691007,2621177371,2621177973,8933,602
29189.703033,2621181421,2621182018,12086,597
29189.715049,2621185362,2621185953,12004,591
29189.727075,2621189286,2621189888,8907,602
29189.739100,2621193237,2621193839,9199,602
29189.751118,2621197228,2621197824,12014,596
29189.763146,2621201181,2621201777,8960,596
29189.790196,2621209816,2621210412,12037,596
29189.802222,2621213672,2621214261,9227,589
29189.814240,2621217514,2621218111,8960,597
29189.826265,2621221490,2621222087,12044,597
29189.838289,2621225462,2621226059,12104,597
29189.850307,2621229300,2621229891,8980,591
29189.862334,2621233117,2621233714,8931,597
29189.874359,2621236948,2621237550,9196,602
29189.886377,2621240785,2621241382,8946,597
29189.898403,2621244629,2621245226,8908,597
29189.910426,2621248457,2621249038,9207,581
29189.922445,2621252274,2621252871,8965,597
29189.934471,2621256264,2621256855,12038,591
29189.946496,2621260105,2621260702,9209,597
29189.958513,2621264091,2621264688,12015,597
29189.970541,2621268081,2621268683,12038,602
29189.982563,2621271932,2621272529,9249,597
29189.996089,2621276376,2621276962,12079,586
29190.014124,2621282160,2621282757,12080,597
29190.026142,2621285992,2621286584,8978,592
29190.038169,2621289952,2621290559,12037,607
29190.050192,2621293799,2621294386,9193,587
29190.062211,2621297749,2621298346,8938,597
29190.074238,2621301576,2621302178,8960,602
29190.086262,2621305434,2621306042,9251,608
29190.098280,2621309285,2621309877,8942,592
29190.110306,2621313117,2621313719,8934,602
29190.122330,2621316955,2621317557,9259,602
29190.134348,2621320810,2621321405,8990,595
29190.146375,2621324641,2621325233,8926,592
29190.158398,2621328620,2621329217,12083,597
29190.170413,2621332634,2621333231,11977,597
29190.182443,2621336470,2621337072,8927,602
29190.194467,2621340304,2621340901,9172,597
29190.206485,2621344289,2621344879,12016,590
29190.218512,2621348146,2621348741,8957,595
29190.230536,2621351999,2621352601,9200,602
29190.242553,2621355934,2621356520,9002,586
29190.254580,2621359897,2621360494,12034,597
29190.266603,2621363748,2621364340,9299,592
29190.278622,2621367578,2621368180,8951,602
29190.290649,2621371397,2621371994,8915,597
29190.302673,2621375216,2621375807,9217,591
29190.314689,2621379047,2621379638,8994,591
29190.326716,2621382872,2621383474,8904,602
29190.341739,2621387792,2621388389,11974,597
29190.367294,2621395909,2621396505,12036,596
29190.379316,2621399881,2621400483,12068,602
29190.391335,2621403841,2621404438,12019,597
29190.401862,2621407212,2621407802,9279,590
29190.412381,2621410685,2621411280,12038,595
29190.430416,2621416494,2621417091,12037,597
29190.442438,2621420342,2621420939,9210,597
29190.454453,2621424304,2621424901,11983,597
29190.466482,2621428146,2621428738,8968,592
29190.478506,2621431971,2621432573,9255,602
29190.490524,2621435791,2621436388,8996,597
29190.502551,2621439630,2621440226,8966,596
29190.514575,2621443470,2621444072,9273,602
29190.526593,2621447315,2621447912,8961,597
29190.538619,2621451168,2621451748,8940,580
29190.550643,2621454974,2621455569,9216,595
29190.562660,2621458810,2621459412,9042,602
29190.574686,2621462797,2621463393,12040,596
29190.586711,2621466773,2621467380,12103,607
29190.598730,2621470622,2621471214,8937,592
29190.610757,2621474436,2621475038,8969,602
29190.622780,2621478278,2621478880,9260,602
29190.648323,2621486281,2621486867,8893,586
29190.663356,2621491153,2621491749,12080,596
29190.673879,2621494509,2621495111,8936,602
29190.685903,2621498349,2621498926,9215,577
29190.697920,2621502174,2621502776,8916,602
29190.709947,2621506003,2621506610,8960,607
29190.721970,2621509851,2621510448,9228,597
29190.733989,2621513691,2621514286,8947,595
29190.746016,2621517522,2621518124,8971,602
29190.758039,2621521388,2621521985,12086,597
29190.770054,2621525237,2621525818,11974,581
29190.782085,2621529069,2621529666,8935,597
29190.794109,2621532885,2621533466,9190,581
29190.806126,2621536707,2621537309,8989,602
29190.818153,2621540564,2621541159,8924,595
29190.830177,2621544401,2621544998,9201,597
29190.842195,2621548235,2621548832,8902,597
29190.854221,2621552072,2621552674,8948,602
29190.866246,2621555901,2621556490,9223,589
29190.878259,2621559905,2621560502,11981,597
29190.890288,2621563738,2621564318,8944,580
29190.902311,2621567574,2621568172,9223,598
29190.914327,2621571415,2621572007,8989,592
29190.926357,2621575253,2621575834,8948,581
29190.938381,2621579076,2621579673,9240,597
29190.950399,2621582911,2621583506,8997,595
29190.962425,2621586739,2621587341,8935,602
29190.974448,2621590599,2621591201,9148,602
29190.986464,2621594590,2621595182,11993,592
29190.998494,2621598422,2621599019,8916,597
29191.010519,2621602269,2621602871,9287,602
29191.022535,2621606104,2621606699,8973,595
29191.034562,2621609939,2621610539,8902,600
29191.046586,2621613771,2621614373,9168,602
29191.058602,2621617622,2621618219,8981,597
29191.070632,2621621589,2621622191,12038,602
29191.082654,2621625457,2621626049,9268,592
29191.094672,2621629277,2621629874,9007,597
29191.106700,2621633122,2621633719,8948,597
29191.118724,2621636947,2621637538,9237,591
29191.130741,2621640769,2621641371,8937,602
29191.142768,2621644600,2621645202,8932,602
29191.154792,2621648430,2621649027,9235,597
29191.166809,2621652254,2621652855,9026,601
29191.178836,2621656080,2621656676,8918,596
29191.190859,2621660040,2621660637,12087,597
29191.202875,2621664018,2621664615,11980,597
29191.270504,2621685074,2621685670,11994,596
29191.282535,2621688920,2621689511,8920,591
29191.294560,2621692760,2621693356,9234,596
29191.306576,2621696575,2621697171,8996,596
29191.318604,2621700409,2621701006,8946,597
29191.330628,2621704267,2621704869,9240,602
29191.342646,2621708115,2621708712,9008,597
29191.354672,2621711952,2621712554,8927,602
29191.366697,2621715775,2621716365,9211,590
29191.378715,2621719610,2621720186,8904,576
29191.390740,2621723526,2621724127,12043,601
29191.402764,2621727518,2621728120,12100,602
29191.414783,2621731355,2621731952,8964,597
29191.426809,2621735189,2621735785,8905,596
29191.438832,2621739026,2621739622,9255,596
29191.450850,2621742861,2621743459,8988,598
29191.462876,2621746705,2621747302,8944,597
29191.474900,2621750518,2621751115,9219,597
29191.486916,2621754496,2621755087,11979,591
29191.498945,2621758339,2621758930,8954,591
29191.510969,2621762175,2621762772,9238,597
29191.522987,2621765998,2621766574,8983,576
29191.535014,2621769799,2621770401,8963,602
29191.547040,2621773805,2621774407,12139,602
29191.559055,2621777729,2621778319,8963,590
29191.571083,2621781601,2621782203,8926,602
29191.583109,2621785659,2621786260,12086,601
29191.595126,2621789719,2621790315,12012,596
29191.607152,2621793716,2621794308,12038,592
29191.619173,2621797686,2621798277,12066,591
29191.658247,2621809847,2621810444,8997,597
29191.670273,2621813682,2621814279,8887,597
29191.682296,2621817518,2621818109,9157,591
29191.694313,2621821353,2621821950,8986,597
29191.706340,2621825193,2621825784,8936,591
29191.718364,2621829018,2621829616,9211,598
29191.730382,2621832868,2621833465,8947,597
29191.742408,2621836681,2621837277,8955,596
29191.754432,2621840505,2621841102,9260,597
29191.766451,2621844340,2621844940,8994,600
29191.778477,2621848170,2621848761,8950,591
29191.790501,2621852161,2621852758,12100,597
29191.802514,2621856134,2621856709,11964,575
29191.814545,2621859960,2621860557,8905,597
29191.826570,2621863796,2621864393,9228,597
29191.838588,2621867627,2621868224,9003,597
29191.850614,2621871460,2621872055,8967,595
29191.862638,2621875273,2621875864,9277,591
29191.874656,2621879113,2621879710,8970,597
29191.886682,2621882941,2621883537,8930,596
29191.898707,2621886775,2621887367,9250,592
29191.910724,2621890592,2621891184,8971,592
29191.922751,2621894403,2621895005,8929,602
29191.934776,2621898224,2621898826,9217,602
29191.946792,2621902052,2621902649,8990,597
29191.958820,2621905887,2621906483,8958,596
29191.970843,2621909718,2621910320,9220,602
29191.982861,2621913542,2621914142,8947,600
29191.994887,2621917400,2621918001,8978,601
29192.006911,2621921374,2621921971,12084,597
29192.018926,2621925352,2621925949,11983,597
29192.030955,2621929193,2621929795,8957,602
29192.042980,2621933032,2621933633,9258,601
29192.054998,2621936997,2621937588,12017,591
29192.067026,2621940955,2621941549,12047,594
29192.079047,2621945009,2621945606,12072,597
29192.091066,2621948947,2621949544,8955,597
29192.103097,2621953057,2621953654,12043,597
29192.115117,2621956987,2621957578,9261,591
29192.127138,2621961035,2621961637,12013,602
29192.139166,2621964997,2621965589,12041,592
29192.151187,2621968969,2621969566,12101,597
29192.163205,2621972940,2621973537,12014,597
29192.175230,2621976771,2621977367,8951,596
29192.187255,2621980601,2621981198,9232,597
29192.199274,2621984566,2621985166,11999,600
29192.211301,2621988513,2621989109,12043,596
29192.223324,2621992481,2621993076,12073,595
29192.235341,2621996458,2621997055,12009,597
29192.245869,2621999822,2622000419,9229,597
29192.257887,2622003655,2622004252,8943,597
29192.269912,2622007486,2622008088,8871,602
29192.281938,2622011316,2622011928,9133,612
29192.293955,2622015161,2622015758,8958,597
29192.305981,2622019018,2622019620,8905,602
29192.318005,2622022847,2622023444,9169,597
29192.330023,2622026695,2622027291,8935,596
29192.342049,2622030518,2622031120,8957,602
29192.354074,2622034345,2622034942,9264,597
29192.366091,2622038171,2622038770,8955,599
29192.378118,2622042015,2622042612,8925,597
29192.390141,2622045942,2622046534,12097,592
29192.402156,2622049898,2622050495,11981,597
29192.414187,2622053736,2622054327,8902,591
29192.426211,2622057552,2622058154,9196,602
29192.438229,2622061398,2622061995,8994,597
29192.450255,2622065229,2622065835,8934,606
29192.462279,2622069083,2622069674,9198,591
29192.474297,2622072911,2622073502,8955,591
29192.486323,2622076718,2622077315,8973,597
29192.498348,2622080547,2622081154,9229,607
29192.510367,2622084407,2622085004,8962,597
29192.522393,2622088255,2622088857,8943,602
29192.534418,2622092086,2622092684,9243,598
29192.546434,2622095929,2622096526,8956,597
29192.558462,2622099762,2622100337,8914,575
29192.570485,2622103562,2622104158,9256,596
29192.582504,2622107399,2622107999,8999,600
29192.594531,2622111245,2622111847,8946,602
29192.606554,2622115237,2622115839,12088,602
29192.618569,2622119237,2622119834,11978,597
29192.666667,2622134253,2622134848,12038,595
29192.678692,2622138079,2622138681,9207,602
29192.690710,2622141912,2622142507,8966,595
29192.702736,2622145745,2622146342,8914,597
29192.714761,2622149581,2622150177,9242,596
29192.726778,2622153399,2622153996,9010,597
29192.738805,2622157232,2622157828,8923,596
29192.750828,2622161062,2622161660,9241,598
29192.762845,2622164900,2622165476,8968,576
29192.774872,2622168718,2622169313,8955,595
29192.786896,2622172548,2622173140,9273,592
29192.798914,2622176370,2622176970,8991,600
29192.810941,2622180220,2622180817,8890,597
29192.822965,2622184195,2622184791,12091,596
29192.834983,2622188161,2622188758,12016,597
29192.847009,2622191990,2622192581,8941,591
29192.859035,2622195974,2622196571,12088,597
29192.871051,2622200032,2622200629,12015,597
29192.883079,2622204086,2622204680,12040,594
29192.895101,2622208175,2622208770,12088,595
29192.907119,2622212049,2622212640,9018,591
29192.919144,2622215972,2622216574,8920,602
29192.931169,2622219932,2622220523,12088,591
29192.943185,2622223883,2622224473,11992,590
29192.955215,2622227834,2622228436,12042,602
29192.967239,2622231782,2622232379,12088,597
29192.979257,2622235739,2622236341,12015,602
29192.991282,2622239581,2622240178,8951,597
29193.003306,2622243396,2622243992,9232,596
29193.015323,2622247262,2622247866,8969,604
29193.027350,2622251210,2622251817,8900,607
29193.037869,2622254623,2622255230,8958,607
29193.049894,2622258509,2622259115,8949,606
29193.061920,2622262393,2622262999,9241,606
29193.073937,2622266283,2622266890,8919,607
29193.085964,2622270146,2622270743,8919,597
29193.097988,2622273997,2622274598,9254,601
29193.110006,2622277852,2622278449,8968,597
29193.122033,2622281807,2622282397,12039,590
29193.134058,2622285632,2622286228,12103,596
29193.146076,2622289450,2622290047,8919,597
29193.158102,2622293298,2622293900,8969,602
29193.170127,2622297133,2622297724,9165,591
29193.182145,2622300937,2622301531,8967,594
29193.194171,2622304771,2622305368,8887,597
29193.206194,2622308700,2622309297,12079,597
29193.218210,2622312632,2622313227,12019,595
29193.230240,2622316467,2622317064,8910,597
29193.242264,2622320293,2622320890,9198,597
29193.254280,2622324385,2622324977,11989,592
29193.314387,2622342861,2622343454,11869,593
29193.326416,2622346656,2622347232,8941,576
29193.338445,2622350494,2622351091,9229,597
29193.350461,2622354280,2622354869,9203,589
29193.362480,2622358060,2622358636,8883,576
29193.374516,2622361814,2622362409,9317,595
29193.386533,2622365625,2622366222,9264,597
29193.398549,2622369396,2622369969,8895,573
29193.410583,2622373188,2622373784,9242,596
29193.422590,2622377115,2622377710,11872,595
29193.434620,2622381037,2622381633,11978,596
29193.446653,2622384845,2622385435,9244,590
29193.458669,2622388634,2622389223,9211,589
29193.470686,2622392414,2622392990,8827,576
29193.482720,2622396186,2622396776,9221,590
29193.494737,2622399960,2622400549,9201,589
29193.506755,2622403724,2622404300,8882,576
29193.518788,2622407520,2622408111,9254,591
29193.530804,2622411316,2622411915,9247,599
29193.542823,2622415085,2622415661,8902,576
29193.554856,2622419013,2622419608,12084,595
29193.566873,2622422774,2622423364,9229,590
29193.578890,2622426548,2622427123,8890,575
29193.590923,2622430338,2622430919,9262,581
29193.602942,2622434114,2622434715,9262,601
29193.614959,2622437898,2622438477,8901,579
29193.626993,2622441856,2622442452,12083,596
29193.639001,2622445772,2622446360,11862,588
29193.651031,2622449728,2622450303,11980,575
29193.663061,2622453766,2622454357,12086,591
29193.675072,2622457752,2622458340,11869,588
29193.687095,2622461748,2622462324,11825,576
29193.699129,2622465797,2622466397,12071,600
29193.711140,2622469727,2622470321,11837,594
29193.723165,2622473506,2622474082,8852,576
29193.735197,2622477379,2622477980,9223,601
29193.747209,2622481296,2622481896,11864,600
29193.759233,2622485190,2622485765,11844,575
29193.771268,2622489107,2622489703,12074,596
29193.783277,2622493007,2622493602,11844,595
29193.795303,2622496921,2622497480,11835,559
29193.807335,2622500687,2622501284,9230,597
29193.817850,2622504027,2622504469,7567,442
29193.829881,2622507664,2622508238,9183,574
29193.841897,2622511463,2622512060,9255,597
29193.853916,2622515253,2622515829,8817,576
29193.865949,2622519024,2622519618,9236,594
29193.877967,2622522840,2622523436,9305,596
29193.889988,2622526643,2622527218,8907,575
29193.902018,2622530403,2622530998,9232,595
29193.914036,2622534230,2622534831,9252,601
29193.926053,2622538010,2622538585,8885,575
29193.938086,2622541889,2622542484,12169,595
29193.950103,2622545842,2622546439,12109,597
29193.962121,2622549631,2622550207,8894,576
29193.974155,2622553406,2622554000,9208,594
29193.986168,2622557345,2622557941,12020,596
29193.998194,2622561163,2622561736,8958,573
29194.022232,2622568693,2622569287,11855,594
29194.034260,2622572604,2622573179,11963,575
29194.046292,2622576361,2622576949,9264,588
29194.058308,2622580158,2622580759,9258,601
29194.070329,2622583965,2622584525,8929,560
29194.082360,2622587688,2622588287,9243,599
29194.094376,2622591504,2622592093,9160,589
29194.106395,2622595276,2622595835,8863,559
29194.118431,2622599008,2622599608,9266,600
29194.130446,2622602820,2622603409,9232,589
29194.142469,2622606604,2622607180,8907,576
29194.154497,2622610540,2622611136,12067,596
29194.166505,2622614499,2622615093,11872,594
29194.178537,2622618286,2622618846,8924,560
29194.190568,2622622035,2622622636,9243,601
29194.202585,2622625872,2622626469,9288,597
29194.214601,2622629646,2622630220,8866,574
29194.226636,2622633431,2622634027,9231,596
29194.238642,2622637329,2622637923,11872,594
29194.250672,2622641268,2622641859,11982,591
29194.262705,2622645028,2622645623,9292,595
29194.274720,2622648845,2622649433,9238,588
29194.286741,2622652638,2622653214,8917,576
29194.298771,2622656416,2622657010,9192,594
29194.310787,2622660233,2622660821,9231,588
29194.322809,2622664021,2622664597,8935,576
29194.334840,2622667803,2622668394,9220,591
29194.346855,2622671605,2622672198,9196,593
29194.358876,2622675405,2622675986,8910,581
29194.370910,2622679391,2622679987,12085,596
29194.382916,2622683321,2622683920,11877,599
29194.394947,2622687124,2622687700,8937,576
29194.406976,2622690895,2622691484,9256,589
29194.418993,2622694682,2622695279,9243,597
29194.431011,2622698603,2622699176,11820,573
29194.443044,2622702546,2622703142,12085,596
29194.455055,2622706510,2622707097,11873,587
29194.467082,2622710525,2622711121,11955,596
29194.479115,2622714484,2622715074,12088,590
29194.491124,2622718424,2622719018,11886,594
29194.503147,2622722338,2622722914,11826,576
29194.515183,2622726245,2622726841,12072,596
29194.527192,2622730168,2622730757,11838,589
29194.539216,2622733953,2622734528,8911,575
29194.551249,2622737782,2622738384,9156,602
29194.563261,2622741710,2622742304,11864,594
29194.575285,2622745610,2622746191,11828,581
29194.587320,2622749552,2622750143,12078,591
29194.599330,2622753449,2622754034,11841,585
29194.611355,2622757342,2622757918,11815,576
29194.621882,2622760691,2622761142,7353,451
29194.742102,2622796844,2622797420,11825,576
29194.754137,2622800757,2622801351,12171,594
29194.766145,2622804652,2622805241,11879,589
29194.778177,2622808451,2622809010,8938,559
29194.790207,2622812229,2622812818,9218,589
29194.802225,2622816020,2622816601,9286,581
29194.814242,2622819791,2622820363,8912,572
29194.826275,2622823580,2622824180,9220,600
29194.838289,2622827540,2622828136,12021,596
29194.850313,2622831485,2622832081,11985,596
29194.862344,2622835277,2622835866,9288,589
29194.874361,2622839092,2622839688,9274,596
29194.946489,2622860906,2622861498,11844,592
29194.958519,2622864707,2622865283,8955,576
29194.970547,2622868631,2622869227,12055,596
29194.982568,2622872588,2622873178,12061,590
29195.002110,2622878781,2622879372,12071,591
29195.014129,2622882585,2622883184,9279,599
29195.026145,2622886368,2622886942,8913,574
29195.038177,2622890233,2622890828,12173,595
29195.050196,2622894159,2622894755,12071,596
29195.062213,2622897934,2622898510,8849,576
29195.074247,2622901717,2622902301,9234,584
29195.086266,2622905507,2622906103,9255,596
29195.098281,2622909283,2622909858,8912,575
29195.110316,2622913067,2622913657,9237,590
29195.122331,2622916851,2622917439,9201,588
29195.134350,2622920608,2622921184,8892,576
29195.146384,2622924399,2622924992,9231,593
29195.158403,2622928207,2622928797,9282,590
29195.170416,2622932159,2622932734,11841,575
29195.182452,2622936093,2622936683,12096,590
29195.194469,2622939856,2622940429,9200,573
29195.206487,2622943616,2622944192,8908,576
29195.218521,2622947419,2622948015,9205,596
29195.230537,2622951232,2622951818,9224,586
29195.242559,2622955022,2622955581,8899,559
29195.254587,2622958922,2622959518,12049,596
29195.266596,2622962860,2622963449,11866,589
29195.278630,2622966616,2622967192,8934,576
29195.290658,2622970416,2622971012,9237,596
29195.302674,2622974204,2622974793,9213,589
29195.314692,2622977962,2622978537,8872,575
29195.326726,2622981725,2622982316,9244,591
29195.338744,2622985506,2622986099,9218,593
29195.350761,2622989290,2622989866,8881,576
29195.362794,2622993084,2622993679,9201,595
29195.374811,2622996867,2622997461,9217,594
29195.386825,2623000816,2623001392,11834,576
29195.398863,2623004720,2623005309,12176,589
29195.410880,2623008518,2623009106,9225,588
29195.422897,2623012298,2623012873,8947,575
29195.434931,2623016072,2623016667,9254,595
29195.446948,2623019879,2623020471,9227,592
29195.458965,2623023647,2623024228,8872,581
29195.471001,2623027499,2623028093,12100,594
29195.483010,2623031409,2623032004,11863,595
29195.495033,2623035345,2623035919,11828,574
29195.507068,2623039282,2623039876,12077,594
29195.519076,2623043221,2623043815,11868,594
29195.531105,2623047160,2623047735,11879,575
29195.543138,2623051113,2623051704,12072,591
29195.555152,2623054977,2623055571,9209,594
29195.567171,2623058902,2623059478,8895,576
29195.579206,2623062838,2623063434,12087,596
29195.591213,2623066730,2623067321,11869,591
29195.603238,2623070671,2623071247,11820,576
29195.615275,2623074608,2623075209,12106,601
29195.627290,2623078415,2623078988,9205,573
29195.639308,2623082164,2623082741,8887,577
29195.651341,2623085938,2623086535,9238,597
29195.661855,2623089276,2623089852,8895,576
29195.673887,2623093057,2623093647,9203,590
29195.685905,2623096818,2623097409,9250,591
29195.697921,2623100611,2623101170,8821,559
29195.709957,2623104311,2623104905,9246,594
29195.721974,2623108077,2623108671,9148,594
29195.733991,2623111850,2623112426,8862,576
29195.746026,2623115603,2623116207,9267,604
29195.758043,2623119404,2623119995,9240,591
29195.770058,2623123369,2623123945,11830,576
29195.782093,2623127242,2623127832,12136,590
29195.794109,2623131045,2623131640,9189,595
29195.806128,2623134840,2623135416,8893,576
29195.818161,2623138619,2623139215,9189,596
29195.830179,2623142432,2623143027,9276,595
29195.842196,2623146230,2623146805,8888,575
29195.854229,2623150118,2623150711,12173,593
29195.866235,2623154006,2623154592,11866,586
29195.878268,2623157780,2623158355,8961,575
29195.890299,2623161552,2623162147,9232,595
29195.902315,2623165355,2623165944,9165,589
29195.914334,2623169125,2623169700,8908,575
29195.926367,2623172892,2623173481,9223,589
29195.938386,2623176688,2623177284,9280,596
29195.950402,2623180462,2623181038,8908,576
29195.962436,2623184248,2623184847,9212,599
29195.974453,2623188051,2623188641,9230,590
29195.986466,2623191999,2623192574,11787,575
29195.998502,2623195922,2623196518,12061,596
29196.010520,2623199733,2623200327,9211,594
29196.022539,2623203496,2623204072,8895,576
29196.034572,2623207304,2623207900,9246,596
29196.046590,2623211084,2623211675,9172,591
29196.058610,2623214868,2623215445,8914,577
29196.070638,2623218792,2623219383,12061,591
29196.082648,2623222720,2623223309,11864,589
29196.094681,2623226498,2623227074,8970,576
29196.106709,2623230282,2623230871,9294,589
29196.118726,2623234055,2623234648,9242,593
29196.130744,2623237834,2623238409,8863,575
29196.142778,2623241616,2623242206,9213,590
29196.154795,2623245407,2623246001,9231,594
29196.166814,2623249170,2623249745,8906,575
29196.178846,2623252989,2623253590,9239,601
29196.190862,2623256800,2623257399,9230,599
29196.202877,2623260761,2623261337,11829,576
29196.214913,2623264701,2623265297,12093,596
29196.226930,2623268493,2623269087,9235,594
29196.238953,2623272424,2623273025,11981,601
29196.250983,2623276240,2623276836,9269,596
29196.263000,2623280047,2623280643,9187,596
29196.275017,2623283951,2623284527,11812,576
29196.287051,2623287902,2623288503,12083,601
29196.299069,2623291917,2623292508,12049,591
29196.311084,2623295910,2623296485,11810,575
29196.323118,2623299909,2623300511,12076,602
29196.335141,2623303843,2623304440,12051,597
29196.347153,2623307808,2623308383,11831,575
29196.359190,2623311733,2623312329,12075,596
29196.371206,2623315553,2623316148,9221,595
29196.383230,2623319522,2623320123,8993,601
29196.395258,2623323484,2623324079,12071,595
29196.407276,2623327405,2623327980,12051,575
29196.419298,2623331343,2623331918,11976,575
29196.431328,2623335266,2623335867,12096,601
29196.443346,2623339233,2623339824,12049,591
29196.453871,2623342607,2623343203,9272,596
29196.465891,2623346449,2623346895,7393,446
29196.477912,2623350108,2623350699,8953,591
29196.489941,2623353934,2623354525,9266,591
29196.501955,2623357743,2623358338,12111,595
29196.513979,2623361562,2623362159,8966,597
29196.526009,2623365345,2623365921,9198,576
29196.538023,2623369149,2623369745,12065,596
29196.550049,2623372965,2623373556,8962,591
29196.562078,2623376738,2623377313,9149,575
29196.574093,2623380488,2623381085,9233,597
29196.586114,2623384571,2623385167,11976,596
29196.598141,2623388482,2623389072,12065,590
29196.610163,2623392273,2623392864,9213,591
29196.622178,2623396023,2623396617,8846,594
29196.634213,2623399854,2623400450,9245,596
29196.646230,2623403717,2623404312,9235,595
29196.658248,2623407452,2623408045,8911,593
29196.670282,2623411219,2623411814,9189,595
29196.682300,2623415196,2623415792,12062,596
29196.694315,2623418937,2623419522,8875,585
29196.706347,2623422717,2623423318,9221,601
29196.718364,2623426518,2623427111,9179,593
29196.730386,2623430262,2623430856,8915,594
29196.742418,2623434042,2623434633,9203,591
29196.754434,2623437806,2623438395,9206,589
29196.766452,2623441517,2623442110,8890,593
29196.778488,2623445318,2623445913,9264,595
29196.790501,2623449113,2623449712,9196,599
29196.802523,2623453024,2623453617,11861,593
29196.814552,2623456986,2623457561,11973,575
29196.826570,2623460760,2623461349,9292,589
29196.838591,2623464522,2623465111,8908,589
29196.850626,2623468335,2623468925,9264,590
29196.862638,2623472137,2623472731,9183,594
29196.874658,2623475902,2623476496,8838,594
29196.886690,2623479852,2623480448,12071,596
29196.898706,2623483789,2623484368,12061,579
29196.910729,2623487529,2623488114,8912,585
29196.922766,2623491342,2623491917,9256,575
29196.934777,2623495100,2623495689,9287,589
29196.946795,2623498853,2623499430,8878,577
29196.958831,2623502625,2623503226,9237,601
29196.970842,2623506419,2623506987,9242,568
29196.982864,2623510163,2623510757,8898,594
29196.996397,2623514567,2623515147,11994,580
29197.062525,2623534541,2623535142,9205,601
29197.074543,2623538351,2623538940,9198,589
29197.086561,2623542113,2623542712,8850,599
29197.098593,2623546062,2623546621,11959,559
29197.110608,2623549815,2623550396,9200,581
29197.122631,2623553563,2623554151,8830,588
29197.134668,2623557330,2623557905,9260,575
29197.146680,2623561104,2623561699,9241,595
29197.158698,2623564845,2623565439,8936,594
29197.170735,2623568625,2623569200,9241,575
29197.182750,2623572431,2623573027,9213,596
29197.194767,2623576264,2623576857,8877,593
29197.206802,2623580082,2623580678,9197,596
29197.218818,2623584010,2623584598,12092,588
29197.230840,2623587913,2623588504,11985,591
29197.242868,2623591687,2623592283,9220,596
29197.254884,2623595488,2623596087,9265,599
29197.266902,2623599257,2623599825,8862,568
29197.278937,2623603018,2623603608,9171,590
29197.290951,2623606813,2623607397,9229,584
29197.302976,2623610720,2623611309,11862,589
29197.315006,2623614672,2623615273,12138,601
29197.327022,2623618575,2623619162,12076,587
29197.339046,2623622473,2623623067,11845,594
29197.351076,2623626486,2623627082,12074,596
29197.363092,2623630506,2623631105,12087,599
29197.375115,2623634477,2623635071,11817,594
29197.387143,2623638299,2623638896,9244,597
29197.399161,2623642230,2623642826,9236,596
29197.411183,2623646249,2623646847,11828,598
29197.423212,2623650179,2623650775,12073,596
29197.435228,2623654058,2623654652,12080,594
29197.447252,2623657977,2623658568,12010,591
29197.459282,2623661924,2623662520,12099,596
29197.471295,2623665816,2623666410,12064,594
29197.483321,2623669694,2623670288,11823,594
29197.495353,2623673606,2623674166,11970,560
29197.505859,2623676843,2623677437,8877,594
29197.517896,2623680626,2623681200,9176,574
29197.529911,2623684407,2623684997,9240,590
29197.541928,2623688184,2623688771,8863,587
29197.553965,2623691967,2623692547,9220,580
29197.565981,2623695752,2623696348,9209,596
29197.577996,2623699507,2623700099,8795,592
29197.590028,2623703294,2623703896,9219,602
29197.602045,2623707162,2623707758,12017,596
29197.614069,2623711021,2623711616,11998,595
29197.626097,2623714799,2623715394,9221,595
29197.638118,2623718623,2623719214,9203,591
29197.650133,2623722373,2623722962,8829,589
29197.662165,2623726157,2623726753,9224,596
29197.674185,2623729980,2623730576,9208,596
29197.686203,2623733738,2623734332,8870,594
29197.698235,2623737513,2623738114,9178,601
29197.710255,2623741336,2623741924,9252,588
29197.722270,2623745049,2623745638,8833,589
29197.734305,2623748825,2623749421,9251,596
29197.746322,2623752634,2623753230,9241,596
29197.758340,2623756376,2623756964,8903,588
29197.770372,2623760150,2623760746,9206,596
29197.782392,2623763958,2623764544,9247,586
29197.794407,2623767653,2623768247,8883,594
29197.806440,2623771558,2623772154,9294,596
29197.818460,2623775529,2623776120,12041,591
29197.830479,2623779438,2623780034,11987,596
29197.842511,2623783207,2623783766,9171,559
29197.854523,2623786959,2623787547,9245,588
29197.866546,2623790705,2623791293,8902,588
29197.878581,2623794515,2623795111,9192,596
29197.890595,2623798302,2623798896,9260,594
29197.902613,2623802071,2623802660,8915,589
29197.914646,2623805993,2623806589,12086,596
29197.926662,2623809792,2623810373,9269,581
29197.938683,2623813539,2623814133,8876,594
29197.950718,2623817339,2623817935,9256,596
29197.962732,2623821131,2623821725,9236,594
29197.974750,2623824886,2623825485,8813,599
29197.986785,2623828701,2623829291,9256,590
29197.998802,2623832505,2623833101,9203,596
29198.010819,2623836295,2623836886,8857,591
29198.022855,2623840100,2623840691,9193,591
29198.034869,2623843996,2623844585,12091,589
29198.046892,2623847898,2623848494,11987,596
29198.058922,2623851758,2623852359,9221,601
29198.070938,2623855733,2623856332,12090,599
29198.082955,2623859513,2623860112,8889,599
29198.094993,2623863390,2623863970,9230,580
29198.107007,2623867356,2623867950,12082,594
29198.119024,2623871158,2623871756,8931,598
29198.131060,2623875197,2623875778,11991,581
29198.143075,2623879167,2623879754,12082,587
29198.155096,2623883131,2623883725,11856,594
29198.167127,2623887112,2623887708,12072,596
29198.179142,2623890987,2623891581,12056,594
29198.191167,2623894882,2623895481,11818,599
29198.203196,2623898723,2623899319,9251,596
29198.215211,2623902652,2623903248,9236,596
29198.227235,2623906529,2623907105,11840,576
29198.239262,2623910462,2623911058,12074,596
29198.251277,2623914367,2623914960,12037,593
29198.272319,2623921189,2623921790,12007,601
29198.338453,2623941351,2623941947,9171,596
29198.350470,2623945151,2623945747,9280,596
29198.362487,2623948899,2623949487,8866,588
29198.374523,2623952685,2623953281,9243,596
29198.386537,2623956489,2623957083,9239,594
29198.398558,2623960248,2623960835,8903,587
29198.410592,2623964053,2623964649,9226,596
29198.422607,2623967857,2623968451,9237,594
29198.434629,2623971783,2623972372,11843,589
29198.446660,2623975729,2623976325,12106,596
29198.458675,2623979528,2623980117,9192,589
29198.470693,2623983282,2623983876,8861,594
29198.482731,2623987105,2623987680,9250,575
29198.494742,2623990884,2623991478,9216,594
29198.506764,2623994650,2623995249,8881,599
29198.518801,2623998486,2623999061,9243,575
29198.530813,2624002245,2624002839,9228,594
29198.542830,2624005972,2624006553,8883,581
29198.554862,2624009748,2624010349,9217,601
29198.566878,2624013550,2624014144,9252,594
29198.578899,2624017303,2624017897,8905,594
29198.590933,2624021081,2624021682,9211,601
29198.602949,2624024866,2624025454,9272,588
29198.614964,2624028633,2624029227,8876,594
29198.627001,2624032454,2624033055,9239,601
29198.639024,2624036370,2624036971,9148,601
29198.651041,2624040469,2624041070,12012,601
29198.663069,2624044551,2624045152,12050,601
29198.675093,2624048706,2624049302,12073,596
29198.687110,2624052754,2624053355,12011,601
29198.699136,2624056733,2624057329,12078,596
29198.711154,2624060635,2624061234,12057,599
29198.723179,2624064555,2624065142,11811,587
29198.735207,2624068416,2624069012,9221,596
29198.747222,2624072278,2624072866,12078,588
29198.759245,2624076154,2624076739,11831,585
29198.771276,2624080092,2624080688,9269,596
29198.798329,2624088411,2624089007,12136,596
29198.810344,2624092382,2624092978,12020,596
29198.822360,2624096158,2624096752,8863,594
29198.834396,2624099984,2624100579,9188,595
29198.846412,2624103936,2624104532,12056,596
29198.858432,2624107666,2624108253,8904,587
29198.870463,2624111597,2624112192,12075,595
29198.883991,2624116036,2624116627,12106,591
29198.894498,2624119341,2624119914,8886,573
29198.906533,2624123280,2624123871,12083,591
29198.918548,2624127074,2624127668,9279,594
29198.930569,2624130829,2624131423,8899,594
29198.942601,2624134772,2624135359,12105,587
29198.954618,2624138573,2624139167,9191,594
29198.966636,2624142331,2624142930,8830,599
29198.978670,2624146123,2624146719,9221,596
29198.990685,2624149932,2624150531,9223,599
29199.002707,2624153688,2624154287,8887,599
29199.014741,2624157493,2624158084,9255,591
29199.026755,2624161278,2624161882,9206,604
29199.038773,2624165035,2624165628,8884,593
29199.050808,2624169000,2624169560,11971,560
29199.062822,2624172891,2624173485,12053,594
29199.074844,2624176651,2624177239,8902,588
29199.086874,2624180452,2624181048,9205,596
29199.097393,2624183816,2624184255,7525,439
29199.110918,2624188034,2624188627,11842,593
29199.122943,2624192002,2624192577,11956,575
29199.134959,2624195772,2624196361,9231,589
29199.146977,2624199545,2624200133,8854,588
29199.159012,2624203375,2624203962,9267,587
29199.171029,2624207377,2624207965,12052,588
29199.183055,2624211299,2624211893,11832,594
29199.214609,2624221162,2624221755,11823,593
29199.226644,2624224961,2624225562,9244,601
29199.238659,2624228775,2624229364,9231,589
29199.250681,2624232698,2624233290,11843,592
29199.262712,2624236647,2624237238,12119,591
29199.274727,2624240451,2624241037,9215,586
29199.286745,2624244185,2624244779,8892,594
29199.298780,2624247973,2624248569,9214,596
29199.310793,2624251765,2624252359,9245,594
29199.322818,2624255690,2624256281,11983,591
29199.334850,2624259500,2624260090,9208,590
29199.346865,2624263321,2624263912,9237,591
29199.358880,2624267082,2624267662,8839,580
29199.370912,2624270883,2624271474,9230,591
29199.382929,2624274669,2624275264,9235,595
29199.394951,2624278422,2624279015,8874,593
29199.406983,2624282217,2624282818,9209,601
29199.419000,2624286013,2624286600,9236,587
29199.431018,2624289797,2624290390,8887,593
29199.441543,2624293342,2624293932,12059,590
29199.470103,2624302165,2624302761,12077,596
29199.482122,2624305967,2624306556,9196,589
29199.494139,2624309697,2624310284,8806,587
29199.506173,2624313469,2624314070,9163,601
29199.518189,2624317270,2624317858,9186,588
29199.530210,2624321023,2624321612,8868,589
29199.542247,2624324803,2624325377,9229,574
29199.554263,2624328716,2624329307,12070,591
29199.566279,2624332585,2624333179,11829,594
29199.578311,2624336378,2624336969,9216,591
29199.590329,2624340195,2624340791,9265,596
29199.602345,2624343933,2624344526,8865,593
29199.614377,2624347714,2624348310,9238,596
29199.626395,2624351670,2624352271,12019,601
29199.638416,2624355423,2624356012,8946,589
29199.650446,2624359324,2624359914,12083,590
29199.662467,2624363281,2624363877,12065,596
29199.674482,2624366986,2624367573,8855,587
29199.686514,2624370747,2624371348,9186,601
29199.698534,2624374572,2624375168,9222,596
29199.710552,2624378333,2624378926,8857,593
29199.722591,2624382155,2624382735,9195,580
29199.734602,2624385930,2624386519,9271,589
29199.746618,2624389687,2624390260,8856,573
29199.758655,2624393459,2624394059,9229,600
29199.770669,2624397270,2624397859,9246,589
29199.782692,2624401166,2624401759,11838,593
29199.794719,2624404924,2624405520,9239,596
29199.806737,2624408731,2624409325,9285,594
29199.818758,2624412469,2624413042,8874,573
29199.830796,2624416214,2624416789,9225,575
29199.842806,2624419997,2624420596,9212,599
29199.854824,2624423791,2624424364,8854,573
29199.866862,2624427729,2624428304,11990,575
29199.878873,2624431654,2624432248,12071,594
29199.890894,2624435423,2624436010,8936,587
29199.902929,2624439233,2624439829,9268,596
29199.914943,2624443057,2624443662,8905,605
29199.925471,2624447369,2624448217,13993,848
29199.935988,2624455069,2624456186,16330,1117
29199.966050,2624465815,2624466422,12085,607
29199.978065,2624469797,2624470403,11974,606
29199.990095,2624473695,2624474296,8925,601
29200.002120,2624477540,2624478136,9188,596
29200.014136,2624481349,2624481945,9226,596
29200.026151,2624485093,2624485692,8869,599
29200.038183,2624488896,2624489487,9265,591
29200.050200,2624492844,2624493445,12011,601
29200.062225,2624496723,2624497319,11984,596
29200.074257,2624500527,2624501100,9226,573
29200.086269,2624504463,2624505059,12014,596
29200.098288,2624508192,2624508791,8860,599
29200.110322,2624511974,2624512570,9176,596
29200.122341,2624515782,2624516378,9265,596
29200.134359,2624519550,2624520144,8868,594
29200.146394,2624523357,2624523932,9184,575
29200.158411,2624527161,2624527760,9241,599
29200.170426,2624530906,2624531500,8867,594
29200.182459,2624534711,2624535312,9252,601
29200.223038,2624547257,2624547853,12134,596
29200.235050,2624551124,2624551712,9224,588
29200.247069,2624554970,2624555564,8850,594
29200.259104,2624558903,2624559499,9209,596
29200.271121,2624562948,2624563537,12058,589
29200.283144,2624566924,2624567513,11817,589
29200.295175,2624570906,2624571497,12083,591
29200.307190,2624574805,2624575398,12093,593
29200.319212,2624578697,2624579286,11835,589
29200.331240,2624582643,2624583239,12068,596
29200.343258,2624586660,2624587259,12062,599
29200.355284,2624590567,2624591156,11822,589
29200.367315,2624594378,2624594937,9245,559
29200.379327,2624598108,2624598704,9244,596
29200.391351,2624601994,2624602600,11852,606
29200.401873,2624605360,2624605956,9294,596
29200.413891,2624609062,2624609649,8797,587
29200.425928,2624612834,2624613415,9195,581
29200.437943,2624616639,2624617214,9278,575
29200.449960,2624620402,2624620990,11846,588
29200.461990,2624624357,2624624932,11953,575
29200.474011,2624628173,2624628757,9296,584
29200.486028,2624631917,2624632494,8839,577
29200.498063,2624635727,2624636317,9266,590
29200.510079,2624639534,2624640135,9228,601
29200.522095,2624643266,2624643854,8814,588
29200.534128,2624647035,2624647631,9212,596
29200.546147,2624650855,2624651446,9255,591
29200.558165,2624654597,2624655188,8835,591
29200.570197,2624658390,2624658986,9203,596
29200.582212,2624662331,2624662927,12014,596
29200.594235,2624666227,2624666818,11986,591
29200.606267,2624669999,2624670574,9167,575
29200.618284,2624673769,2624674359,9240,590
29200.646842,2624682589,2624683190,12101,601
29200.658858,2624686387,2624686986,9242,599
29200.670874,2624690148,2624690741,8878,593
29200.682910,2624694108,2624694698,12100,590
29200.694925,2624698038,2624698632,12077,594
29200.706946,2624701784,2624702371,8877,587
29200.718978,2624705566,2624706162,9197,596
29200.730993,2624709366,2624709961,9263,595
29200.743019,2624713281,2624713875,11839,594
29200.755047,2624717314,2624717871,11940,557
29200.767063,2624721179,2624721767,9246,588
29200.779081,2624725048,2624725637,8873,589
29200.791116,2624728969,2624729569,9230,600
29200.803132,2624732954,2624733548,12058,594
29200.815159,2624736904,2624737498,11811,594
29200.827183,2624740778,2624741374,12093,596
29200.839202,2624744648,2624745242,12085,594
29200.851220,2624748358,2624748952,8878,594
29200.863250,2624752153,2624752744,9199,591
29200.875271,2624756076,2624756670,12080,594
29200.887294,2624759965,2624760559,11819,594
29200.899321,2624763906,2624764507,12069,601
29200.911338,2624767749,2624768337,12078,588
29200.921872,2624771038,2624771613,9216,575
29200.933883,2624774767,2624775361,9217,594
29200.945899,2624778512,2624779106,8861,594
29200.957939,2624782282,2624782861,9211,579
29200.969953,2624786068,2624786664,9259,596
29200.981971,2624789890,2624790478,11802,588
29200.998509,2624795155,2624795730,11982,575
29201.010530,2624799116,2624799705,12068,589
29201.022548,2624802876,2624803470,8918,594
29201.034583,2624806659,2624807255,9196,596
29201.046599,2624810469,2624811060,9300,591
29201.058614,2624814210,2624814809,8890,599
29201.070650,2624818042,2624818643,9277,601
29201.082664,2624821936,2624822530,12094,594
29201.094688,2624825860,2624826461,11990,601
29201.106718,2624829667,2624830241,9214,574
29201.118734,2624833429,2624834023,9206,594
29201.130752,2624837184,2624837771,8855,587
29201.142789,2624840968,2624841543,9230,575
29201.154799,2624844745,2624845339,9231,594
29201.166822,2624848500,2624849093,8814,593
29201.178856,2624852312,2624852892,9258,580
29201.229947,2624867807,2624868400,11846,593
29201.241978,2624871590,2624872165,9196,575
29201.253995,2624875391,2624875982,9233,591
29201.266012,2624879225,2624879813,11804,588
29201.278042,2624883132,2624883692,11984,560
29201.290062,2624886925,2624887517,9254,592
29201.302080,2624890707,2624891300,8872,593
29201.314115,2624894499,2624895073,9250,574
29201.326130,2624898288,2624898884,9250,596
29201.338146,2624902035,2624902607,8822,572
29201.350180,2624905782,2624906378,9153,596
29201.362199,2624909598,2624910188,9264,590
29201.374217,2624913320,2624913912,8892,592
29201.386249,2624917118,2624917709,9245,591
29201.398265,2624921055,2624921651,12019,596
29201.410287,2624924939,2624925529,11988,590
29201.422319,2624928736,2624929316,9171,580
29201.434336,2624932552,2624933143,9265,591
29201.446354,2624936286,2624936874,8853,588
29201.458391,2624940051,2624940627,9212,576
29201.470406,2624943863,2624944453,9245,590
29201.482420,2624947656,2624948250,8827,594
29201.494453,2624951596,2624952171,11962,575
29201.506473,2624955390,2624955974,9242,584
29201.518491,2624959148,2624959741,8892,593
29201.530526,2624962931,2624963527,9264,596
29201.542543,2624966742,2624967338,9268,596
29201.554557,2624970503,2624971095,8870,592
29201.566591,2624974266,2624974862,9241,596
29201.578610,2624978069,2624978670,9279,601
29201.590628,2624981833,2624982430,8841,597
29201.602663,2624985627,2624986201,9177,574
29201.614677,2624989548,2624990136,12087,588
29201.626701,2624993515,2624994116,12002,601
29201.638726,2624997294,2624997895,9207,601
29201.650744,2625001091,2625001684,9234,593
29201.662765,2625004821,2625005415,8890,594
29201.674800,2625008599,2625009189,9222,590
29201.686815,2625012413,2625013007,9230,594
29201.698836,2625016331,2625016919,11836,588
29201.710867,2625020278,2625020874,12096,596
29201.722880,2625024061,2625024649,9218,588
29201.734899,2625027793,2625028381,8915,588
29201.746936,2625031565,2625032139,9245,574
29201.758948,2625035333,2625035927,9246,594
29201.770970,2625039065,2625039653,8928,588
29201.783002,2625042831,2625043421,9182,590
29201.795022,2625046801,2625047391,12057,590
29201.807043,2625050751,2625051348,11844,597
29201.819070,2625054744,2625055340,12080,596
29201.831089,2625058822,2625059416,12094,594
29201.843106,2625062861,2625063454,11829,593
29201.855139,2625066887,2625067488,12071,601
29201.867154,2625070834,2625071422,9239,588
29201.879175,2625074596,2625075183,8886,587
29201.891209,2625078551,2625079146,9174,595
29201.903226,2625082432,2625083026,12090,594
29201.915248,2625086316,2625086910,11822,594
29201.927278,2625090257,2625090848,12086,591
29201.939293,2625094113,2625094701,12069,588
29201.951317,2625098009,2625098603,11866,594
29201.963346,2625101906,2625102481,11942,575
29201.973855,2625105173,2625105766,8819,593
29201.985897,2625108976,2625109406,7420,430
29201.997911,2625112649,2625113095,7366,446
29202.009928,2625116279,2625116870,11977,591
29202.021960,2625120069,2625120649,12013,580
29202.033979,2625123867,2625124463,9235,596
29202.045993,2625127632,2625128220,8832,588
29202.058028,2625131410,2625131985,9151,575
29202.070044,2625135180,2625135765,9276,585
29202.082062,2625139008,2625139596,11806,588
29202.094097,2625142894,2625143469,11994,575
29202.106115,2625146674,2625147262,9240,588
29202.118130,2625150416,2625151010,8846,594
29202.130165,2625154210,2625154811,9247,601
29202.142181,2625158039,2625158630,9245,591
29202.154200,2625161763,2625162362,8840,599
29202.166232,2625165552,2625166148,9186,596
29202.178252,2625169361,2625169952,9244,591
29202.190267,2625173101,2625173698,8800,597
29202.202302,2625176895,2625177470,9199,575
29202.214315,2625180820,2625181408,12040,588
29202.226341,2625184747,2625185337,11993,590
29202.238372,2625188513,2625189073,9199,560
29202.250389,2625192292,2625192883,9280,591
29202.262404,2625196060,2625196648,8880,588
29202.274435,2625200007,2625200604,9235,597
29202.286456,2625203839,2625204435,9223,596
29202.298475,2625207796,2625208389,11858,593
29202.310502,2625211731,2625212322,12066,591
29202.322524,2625215537,2625216121,9276,584
29202.334543,2625219291,2625219879,8895,588
29202.346580,2625223066,2625223647,9212,581
29202.358592,2625226839,2625227433,9240,594
29202.370609,2625230604,2625231192,8883,588
29202.382645,2625234375,2625234971,9236,596
29202.394662,2625238192,2625238787,9243,595
29202.406680,2625241925,2625242517,8876,592
29202.418715,2625245736,2625246327,9223,591
29202.430728,2625249662,2625250255,12080,593
29202.442752,2625253579,2625254175,11983,596
29202.454779,2625257338,2625257934,9179,596
29202.466796,2625261141,2625261720,9231,579
29202.478816,2625264883,2625265476,8808,593
29202.490847,2625268661,2625269257,9195,596
29202.502863,2625272450,2625273038,9219,588
29202.514887,2625276367,2625276954,11834,587
29202.526916,2625280290,2625280866,11978,576
29202.538932,2625284057,2625284639,9262,582
29202.550953,2625287779,2625288366,8908,587
29202.562988,2625291586,2625292182,9273,596
29202.575001,2625295382,2625295975,9279,593
29202.587027,2625299273,2625299866,11864,593
29202.599057,2625303157,2625303737,9224,580
29202.611073,2625307037,2625307633,9214,596
29202.623088,2625310877,2625311453,8862,576
29202.695226,2625332921,2625333515,8896,594
29202.707265,2625336856,2625337431,9198,575
29202.719277,2625340669,2625341257,12080,588
29202.731298,2625344560,2625345133,11811,573
29202.743328,2625348419,2625348978,11947,559
29202.755344,2625352250,2625352831,12053,581
29202.765879,2625355552,2625356126,9300,574
29202.777893,2625359329,2625359924,9256,595
29202.789908,2625362992,2625363578,8872,586
29202.801944,2625366789,2625367364,9193,575
29202.813955,2625370589,2625371184,12016,595
29202.825981,2625374360,2625374956,11979,596
29202.838013,2625378127,2625378702,9183,575
29202.850030,2625381916,2625382506,9252,590
29202.862045,2625385636,2625386224,8884,588
29202.874076,2625389420,2625390017,9159,597
29202.886097,2625393250,2625393840,9245,590
29202.898115,2625397022,2625397616,8827,594
29202.910143,2625401028,2625401619,12042,591
29202.922165,2625404842,2625405424,9267,582
29202.934183,2625408586,2625409180,8870,594
29202.946221,2625412382,2625412941,9235,559
29202.958235,2625416140,2625416728,9227,588
29202.970250,2625419873,2625420466,8863,593
29202.982283,2625423651,2625424241,9150,590
29202.994302,2625427618,2625428188,12056,570
29203.015336,2625434017,2625434610,8872,593
29203.025868,2625437357,2625437803,7422,446
29203.037878,2625440930,2625441524,8828,594
29203.049915,2625444703,2625445277,9245,574
29203.061930,2625448482,2625449056,9271,574
29203.073950,2625452219,2625452813,8862,594
29203.085984,2625456048,2625456622,9215,574
29203.097998,2625459924,2625460519,12017,595
29203.110018,2625463840,2625464441,11966,601
29203.122052,2625467690,2625468262,9221,572
29203.134069,2625471523,2625472129,9257,606
29203.146087,2625475293,2625475886,8854,593
29203.158120,2625479061,2625479657,9245,596
29203.170139,2625482871,2625483455,9242,584
29203.182154,2625486621,2625487209,8843,588
29203.194191,2625490382,2625490957,9185,575
29203.206202,2625494148,2625494741,9182,593
29203.218224,2625497881,2625498475,8865,594
29203.230255,2625501774,2625502370,12082,596
29203.242274,2625505747,2625506348,12055,601
29203.254292,2625509511,2625510103,8872,592
29203.266324,2625513305,2625513901,9194,596
29203.278344,2625517133,2625517724,9246,591
29203.290359,2625520886,2625521481,8823,595
29203.302394,2625524650,2625525208,9202,558
29203.314407,2625528424,2625529013,9233,589
29203.326432,2625532325,2625532921,11980,596
29203.338464,2625536124,2625536697,9199,573
29203.350481,2625539913,2625540509,9186,596
29203.362496,2625543639,2625544232,8883,593
29203.374528,2625547428,2625548029,9204,601
29203.386545,2625551235,2625551823,9264,588
29203.398566,2625554981,2625555574,8858,593
29203.410604,2625558754,2625559329,9221,575
29203.422616,2625562522,2625563120,9256,598
29203.434632,2625566305,2625566898,8870,593
29203.446668,2625570181,2625570761,11982,580
29203.458680,2625574093,2625574687,12041,594
29203.470703,2625577833,2625578421,8896,588
29203.482739,2625581642,2625582243,9263,601
29203.494755,2625585457,2625586046,9267,589
29203.506771,2625589182,2625589766,8912,584
29203.518805,2625593028,2625593634,9302,606
29203.530821,2625596956,2625597550,12094,594
29203.542844,2625600853,2625601443,12025,590
29203.554875,2625604643,2625605225,9241,582
29203.566888,2625608430,2625609019,9244,589
29203.578905,2625612160,2625612747,8897,587
29203.590941,2625615936,2625616537,9235,601
29203.602955,2625619747,2625620335,9213,588
29203.614976,2625623484,2625624072,8917,588
29203.627014,2625627284,2625627843,9204,559
29203.639027,2625631175,2625631768,12081,593
29203.651048,2625635128,2625635711,11840,583
29203.663079,2625639142,2625639738,12104,596
29203.675094,2625643126,2625643715,12095,589
29203.687119,2625647050,2625647623,11831,573
29203.699148,2625651004,2625651584,11972,580
29203.711166,2625654954,2625655550,12082,596
29203.723180,2625658818,2625659397,8794,579
29203.735215,2625662738,2625663333,12074,595
29203.747231,2625666599,2625667182,12092,583
29203.759257,2625670476,2625671061,12051,585
29203.771287,2625674404,2625674978,12010,574
29203.783301,2625678266,2625678860,12079,594
29203.795324,2625682148,2625682737,11820,589
29203.807351,2625686025,2625686615,12097,590
29203.817864,2625689286,2625689885,8861,599
29203.829904,2625693064,2625693493,7417,429
29203.841919,2625696723,2625697163,7374,440
29203.853932,2625700314,2625700885,8937,571
29203.865967,2625704092,2625704672,9190,580
29203.877986,2625707890,2625708479,9283,589
29203.890000,2625711628,2625712221,8887,593
29203.902038,2625715405,2625715980,9218,575
29203.914052,2625719195,2625719791,9267,596
29203.926076,2625723091,2625723681,8915,590
29203.938105,2625726871,2625727444,9210,573
29203.950122,2625730668,2625731264,9259,596
29203.962137,2625734395,2625734983,8883,588
29203.974169,2625738173,2625738769,9207,596
29203.986186,2625742099,2625742690,12017,591
29203.998207,2625745820,2625746397,8833,577
29204.010244,2625749572,2625750147,9208,575
29204.022259,2625753353,2625753947,9231,594
29204.034274,2625757079,2625757672,8846,593
29204.046307,2625761007,2625761582,11998,575
29204.058328,2625764918,2625765514,12069,596
29204.070342,2625768640,2625769233,8871,593
29204.082377,2625772416,2625772991,9175,575
29204.094394,2625776195,2625776791,9279,596
29204.106413,2625779910,2625780508,8901,598
29204.118445,2625783694,2625784295,9195,601
29204.130463,2625787543,2625788127,9230,584
29204.142483,2625791437,2625792027,11998,590
29204.154511,2625795221,2625795803,9266,582
29204.166532,2625799023,2625799612,9286,589
29204.178549,2625802775,2625803368,8913,593
29204.190582,2625806529,2625807124,9224,595
29204.202600,2625810346,2625810931,9274,585
29204.214616,2625814082,2625814675,8913,593
29204.226651,2625817874,2625818464,9220,590
29204.237163,2625821316,2625821901,12013,585
29204.262719,2625829275,2625829865,12109,590
29204.274735,2625833177,2625833765,12057,588
29204.286753,2625836916,2625837504,8816,588
29204.298792,2625840733,2625841308,9213,575
29204.310802,2625844498,2625845087,9246,589
29204.322823,2625848262,2625848857,8884,595
29204.334856,2625852096,2625852692,9265,596
29204.346871,2625856020,2625856614,12062,594
29204.358894,2625859934,2625860523,11986,589
29204.370925,2625863716,2625864299,9216,583
29204.382938,2625867499,2625868093,9220,594
29204.394960,2625871250,2625871843,8914,593
29204.406995,2625875021,2625875611,9187,590
29204.419008,2625878807,2625879396,9266,589
29204.431026,2625882602,2625883195,8799,593
29204.443063,2625886506,2625887081,9179,575
29204.455077,2625890460,2625891058,12063,598
29204.467102,2625894449,2625895036,11845,587
29204.479131,2625898348,2625898923,11966,575
29204.491148,2625902293,2625902886,12083,593
29204.503169,2625906176,2625906769,11840,593
29204.515197,2625910132,2625910707,11942,575
29204.527216,2625914017,2625914607,12036,590
29204.539240,2625918033,2625918626,11868,593
29204.551267,2625921948,2625922523,11996,575
29204.563284,2625925810,2625926399,12083,589
29204.575309,2625929691,2625930287,12010,596
29204.587338,2625933639,2625934212,11975,573
29204.597849,2625936856,2625937455,8886,599
29204.609885,2625940624,2625941200,9235,576
29204.621900,2625944415,2625945010,9239,595
29204.633914,2625948122,2625948710,8819,588
29204.645948,2625951902,2625952477,11975,575
29204.657965,2625955673,2625956267,12095,594
29204.669983,2625959375,2625959958,8820,583
29204.682018,2625963154,2625963729,9184,575
29204.694036,2625966930,2625967525,9204,595
29204.706053,2625970687,2625971274,8844,587
29204.718091,2625974457,2625975031,9226,574
29204.730102,2625978217,2625978811,9213,594
29204.742126,2625982086,2625982682,8929,596
29204.754156,2625985893,2625986455,9176,562
29204.766173,2625989670,2625990266,9261,596
29204.778191,2625993389,2625993982,8821,593
29204.790222,2625997162,2625997752,9215,590
29204.802242,2626000973,2626001562,9262,589
29204.814257,2626004703,2626005291,8854,588
29204.826295,2626008458,2626009033,9256,575
29204.838310,2626012220,2626012815,9230,595
29204.850328,2626015942,2626016535,8850,593
29204.862356,2626019842,2626020438,12059,596
29204.874377,2626023796,2626024385,12057,589
29204.886396,2626027537,2626028124,8875,587
29204.898431,2626031327,2626031886,9215,559
29204.910448,2626035089,2626035685,9247,596
29204.922463,2626038830,2626039428,8898,598
29204.934499,2626042608,2626043183,9184,575
29204.946509,2626046388,2626046989,9238,601
29204.958539,2626050184,2626050780,8987,596
29204.970565,2626053972,2626054560,9199,588
29204.982585,2626057778,2626058367,9292,589
29204.994600,2626061523,2626062122,8923,599
29205.006633,2626065283,2626065879,9209,596
29205.018652,2626069088,2626069687,9285,599
29205.030670,2626072856,2626073449,8871,593
29205.042705,2626076662,2626077258,9247,596
29205.054719,2626080430,2626081028,9260,598
29205.066736,2626084186,2626084774,8808,588
29205.078771,2626088133,2626088729,12082,596
29205.090786,2626092076,2626092669,12067,593
29205.102808,2626095812,2626096399,8853,587
29205.114839,2626099590,2626100186,9192,596
29205.126854,2626103376,2626103975,9234,599
29205.138872,2626107129,2626107722,8862,593
29205.150909,2626110955,2626111549,9286,594
29205.162923,2626114817,2626115391,9264,574
29205.174947,2626118576,2626119172,8987,596
29205.186976,2626122383,2626122971,9210,588
29205.198990,2626126156,2626126750,9227,594
29205.211017,2626130027,2626130615,11850,588
29205.223042,2626133865,2626134460,12077,595
29205.235061,2626137844,2626138438,12046,594
29205.247078,2626141666,2626142253,8860,587
29205.259114,2626145526,2626146115,9196,589
29205.271129,2626149467,2626150065,12058,598
29205.283154,2626153388,2626153975,11843,587
29205.295184,2626157303,2626157894,12125,591
29205.307199,2626161215,2626161809,12073,594
29205.319221,2626165100,2626165688,11820,588
29205.331249,2626169022,2626169618,12071,596
29205.343264,2626172913,2626173507,12048,594
29205.355292,2626176934,2626177534,11835,600
29205.367321,2626180879,2626181474,12066,595
29205.379334,2626184631,2626185224,9239,593
29205.389862,2626187925,2626188521,9201,596
29205.401880,2626191679,2626192278,9243,599
29205.413897,2626195440,2626196023,8863,583
29205.425936,2626199194,2626199769,9197,575
29205.437950,2626202987,2626203582,9250,595
29205.449968,2626206695,2626207283,8828,588
29205.462001,2626210434,2626211009,11972,575
29205.474019,2626214229,2626214824,12087,595
29205.486036,2626217993,2626218574,8874,581
29205.498071,2626221778,2626222337,9190,559
29205.510086,2626225519,2626226108,9159,589
29205.522103,2626229278,2626229865,8843,587
29205.534141,2626233039,2626233614,9216,575
29205.546156,2626236809,2626237405,9178,596
29205.558179,2626240666,2626241256,8959,590
29205.570204,2626244438,2626245031,9180,593
29205.582225,2626248260,2626248850,9263,590
29205.594242,2626252122,2626252715,11824,593
29205.606274,2626255905,2626256501,9161,596
29205.618291,2626259696,2626260290,9242,594
29205.630309,2626263418,2626264010,8843,592
29205.642347,2626267179,2626267754,9219,575
29205.654361,2626270960,2626271549,9279,589
29205.666380,2626274689,2626275275,8870,586
29205.678412,2626278566,2626279141,11972,575
29205.690424,2626282456,2626283044,12045,588
29205.702448,2626286185,2626286767,8884,582
29205.714483,2626289983,2626290558,9249,575
29205.726500,2626293768,2626294368,9237,600
29205.738515,2626297522,2626298115,8848,593
29205.750550,2626301304,2626301863,9174,559
29205.762563,2626305081,2626305670,9233,589
29205.774591,2626308846,2626309442,8996,596
29205.786620,2626312653,2626313231,9245,578
29205.798637,2626316446,2626317037,9268,591
29205.810651,2626320198,2626320791,8880,593
29205.822685,2626323960,2626324540,9229,580
29205.834703,2626327758,2626328348,9258,590
29205.846722,2626331504,2626332097,8896,593
29205.858757,2626335280,2626335854,9202,574
29205.870770,2626339048,2626339646,9244,598
29205.908347,2626350533,2626351124,12083,591
29205.962451,2626366952,2626367546,12085,594
29205.974469,2626370767,2626371356,9270,589
29205.986489,2626374676,2626375272,11842,596
29205.998521,2626378476,2626379050,9194,574
29206.010537,2626382412,2626383002,12038,590
29206.022557,2626386147,2626386714,8890,567
29206.034590,2626389880,2626390470,9255,590
29206.046609,2626393661,2626394250,9225,589
29206.058623,2626397413,2626397991,8859,578
29206.070657,2626401162,2626401752,9263,590
29206.082672,2626404950,2626405518,9256,568
29206.094695,2626408833,2626409421,11835,588
29206.106726,2626412760,2626413355,12117,595
29206.118741,2626416558,2626417146,9272,588
29206.130762,2626420291,2626420884,8864,593
29206.142798,2626424062,2626424657,9226,595
29206.154810,2626427853,2626428446,9243,593
29206.166829,2626431603,2626432170,8856,567
29206.178864,2626435390,2626435981,9270,591
29206.190877,2626439179,2626439773,9270,594
29206.202898,2626442936,2626443527,8862,591
29206.214936,2626446745,2626447320,9193,575
29206.226946,2626450508,2626451097,9244,589
29206.238964,2626454251,2626454838,8876,587
29206.251000,2626458035,2626458631,9243,596
29206.263014,2626461843,2626462432,9223,589
29206.275035,2626465606,2626466194,8880,588
29206.287068,2626469552,2626470111,11990,559
29206.299086,2626473505,2626474088,12124,583
29206.311106,2626477465,2626478053,11836,588
29206.323137,2626481350,2626481925,11972,575
29206.335151,2626485170,2626485758,12037,588
29206.347177,2626489059,2626489652,11862,593
29206.359208,2626492951,2626493541,12119,590
29206.371222,2626496857,2626497451,12079,594
29206.383248,2626500866,2626501449,11814,583
29206.395275,2626504661,2626505257,9265,596
29206.407289,2626508464,2626509053,9183,589
29206.419307,2626512192,2626512778,8850,586
29206.431345,2626516108,2626516666,11968,558
29206.441855,2626519290,2626519878,8807,588
29206.453890,2626523051,2626523626,9254,575
29206.465907,2626526834,2626527423,9295,589
29206.477923,2626530641,2626531234,11818,593
29206.489955,2626534426,2626535000,11962,574
29206.501976,2626538210,2626538793,9228,583
29206.513990,2626541966,2626542554,8857,588
29206.526029,2626545755,2626546330,9270,575
29206.538042,2626549535,2626550125,9276,590
29206.550061,2626553252,2626553845,8863,593
29206.562098,2626557012,2626557587,9249,575
29206.574112,2626560786,2626561382,9277,596
29206.586127,2626564538,2626565135,8849,597
29206.598163,2626568330,2626568904,9208,574
29206.610175,2626572244,2626572834,12016,590
29206.622197,2626576109,2626576697,11814,588
29206.656769,2626586828,2626587424,12069,596
29206.688327,2626596404,2626597000,9146,596
29206.725895,2626607725,2626608312,8864,587
29206.737927,2626611496,2626612086,9208,590
29206.749944,2626615243,2626615832,9211,589
29206.761960,2626618948,2626619546,8748,598
29206.773995,2626622750,2626623325,11997,575
29206.786012,2626626669,2626627263,12017,594
29206.798028,2626630423,2626631017,8843,594
29206.870172,2626652379,2626652967,11843,588
29206.951327,2626668426,2626669015,8912,589
29206.963353,2626671512,2626672107,9240,595
29206.973865,2626674828,2626675416,8867,588
29206.985899,2626678738,2626679311,9274,573
29206.997918,2626682502,2626683098,9270,596
29207.009933,2626686307,2626686879,11801,572
29207.021963,2626690061,2626690657,12072,596
29207.033985,2626693866,2626694456,9229,590
29207.046002,2626697620,2626698208,8854,588
29207.058038,2626701402,2626701976,9173,574
29207.070056,2626705175,2626705776,9248,601
29207.082070,2626708901,2626709494,8794,593
29207.094106,2626712724,2626713299,11998,575
29207.106125,2626716624,2626717213,12072,589
29207.118139,2626720357,2626720927,8877,570
29207.130174,2626724117,2626724692,9293,575
29207.142192,2626727894,2626728479,9268,585
29207.154209,2626731639,2626732232,8870,593
29207.166246,2626735392,2626735967,9186,575
29207.178260,2626739159,2626739753,9264,594
29207.190281,2626742945,2626743540,8976,595
29207.202308,2626746737,2626747331,9199,594
29207.214328,2626750547,2626751143,9265,596
29207.226345,2626754417,2626755010,11830,593
29207.238374,2626758335,2626758924,12070,589
29207.250393,2626762110,2626762704,9209,594
29207.262414,2626765850,2626766432,8880,582
29207.288332,2626774448,2626775039,11963,591
29207.302996,2626778845,2626779443,11811,598
29207.315025,2626782675,2626783249,9187,574
29207.327039,2626786544,2626787136,12068,592
29207.339061,2626790490,2626791080,12011,590
29207.351093,2626794463,2626795053,12105,590
29207.363107,2626798416,2626799010,12066,594
29207.375133,2626802348,2626802941,11831,593
29207.387160,2626806301,2626806876,11960,575
29207.399176,2626810244,2626810833,9224,589
29207.411194,2626814001,2626814594,8863,593
29207.423230,2626817822,2626818395,9191,573
29207.435244,2626821686,2626822282,12049,596
29207.447270,2626825579,2626826177,11841,598
29207.459299,2626829502,2626830098,12073,596
29207.471314,2626833389,2626833983,12066,594
29207.483338,2626837271,2626837864,11823,593
29207.493861,2626840623,2626841069,7376,446
29207.505885,2626844262,2626844708,7578,446
29207.517913,2626847896,2626848470,9239,574
29207.529927,2626851621,2626852215,9176,594
29207.541943,2626855333,2626855910,8833,577
29207.553979,2626859087,2626859683,9208,596
29207.565997,2626862886,2626863482,9256,596
29207.578014,2626866645,2626867238,8873,593
29207.590053,2626870397,2626870971,9200,574
29207.602064,2626874344,2626874943,12024,599
29207.614081,2626878101,2626878688,8799,587
29207.626118,2626881959,2626882534,12003,575
29207.638137,2626885830,2626886425,12119,595
29207.650149,2626889555,2626890147,8804,592
29207.662185,2626893370,2626893945,9214,575
29207.674201,2626897135,2626897720,9216,585
29207.686221,2626900869,2626901467,8882,598
29207.698256,2626904665,2626905240,9209,575
29207.710269,2626908599,2626909200,12016,601
29207.722289,2626912467,2626913057,11974,590
29207.734322,2626916232,2626916806,9236,574
29207.746340,2626920032,2626920621,9262,589
29207.758358,2626923765,2626924353,8853,588
29207.770391,2626927529,2626928125,9228,596
29207.782411,2626931566,2626932155,12105,589
29207.794423,2626935335,2626935923,8856,588
29207.806460,2626939093,2626939688,9193,595
29207.816973,2626942465,2626943061,11979,596
29207.836510,2626948522,2626949117,12034,595
29207.850039,2626952803,2626953398,12099,595
29207.862052,2626956591,2626957179,8843,588
29207.874092,2626960404,2626960979,9224,575
29207.886106,2626964194,2626964795,9286,601
29207.898123,2626968009,2626968602,8851,593
29207.910154,2626971864,2626972440,11954,576
29207.922168,2626975753,2626976352,12023,599
29207.934192,2626979500,2626980087,8833,587
29207.946227,2626983267,2626983841,9181,574
29207.958245,2626987038,2626987628,9240,590
29207.970259,2626990810,2626991403,8878,593
29207.982294,2626994611,2626995186,9153,575
29207.992806,2626997953,2626998544,11992,591
29208.003324,2627001297,2627001886,9264,589
29208.015349,2627005198,2627005780,11841,582
29208.025873,2627008550,2627008991,7383,441
29208.037897,2627012209,2627012655,7572,446
29208.049925,2627015859,2627016434,9196,575
29208.061938,2627019668,2627020263,12037,595
29208.073956,2627023415,2627024013,8848,598
29208.085993,2627027221,2627027796,9178,575
29208.098014,2627031059,2627031665,9185,606
29208.110028,2627035078,2627035678,11989,600
29208.131076,2627041858,2627042458,12034,600
29208.143100,2627045982,2627046583,12071,601
29208.155117,2627050070,2627050671,12011,601
29208.167145,2627054101,2627054691,12068,590
29208.179161,2627058079,2627058667,12092,588
29208.191183,2627061937,2627062525,11822,588
29208.203213,2627065943,2627066517,11967,574
29208.215226,2627069865,2627070454,9244,589
29208.227247,2627073587,2627074175,8850,588
29208.239282,2627077538,2627078134,12072,596
29208.251298,2627081469,2627082060,12079,591
29208.263316,2627085236,2627085829,8880,593
29208.275351,2627089183,2627089773,12073,590
29208.285860,2627092455,2627093049,8873,594
29208.297898,2627096218,2627096793,9227,575
29208.309913,2627100001,2627100440,7377,439
29208.321929,2627103619,2627104215,11966,596
29208.333965,2627107417,2627107991,9238,574
29208.345979,2627111181,2627111774,9233,593
29208.357995,2627114932,2627115519,8847,587
29208.370028,2627118736,2627119332,9248,596
29208.382048,2627122537,2627123132,9247,595
29208.394069,2627126419,2627127008,11988,589
29208.406102,2627130205,2627130779,9187,574
29208.418114,2627134227,2627134821,12060,594
29208.430133,2627137991,2627138584,8793,593
29208.442167,2627141886,2627142461,11977,575
29208.454188,2627145804,2627146395,12071,591
29208.466200,2627149598,2627150192,8950,594
29208.482742,2627154737,2627155332,9162,595
29208.494763,2627158577,2627159172,9279,595
29208.506780,2627162341,2627162934,8880,593
29208.518817,2627166124,2627166700,9256,576
29208.530828,2627169913,2627170507,9264,594
29208.542853,2627173824,2627174417,11836,593
29208.554883,2627177762,2627178357,12123,595
29208.566895,2627181550,2627182138,9230,588
29208.578913,2627185291,2627185879,8847,588
29208.590951,2627189079,2627189654,9220,575
29208.602964,2627192870,2627193469,9225,599
29208.614985,2627196623,2627197217,8880,594
29208.627022,2627200426,2627201006,9217,580
29208.639037,2627204267,2627204863,9242,596
29208.651061,2627208182,2627208768,11841,586
29208.663087,2627212220,2627212816,12068,596
29208.675104,2627216201,2627216795,12081,594
29208.687126,2627220156,2627220739,11818,583
29208.699156,2627224061,2627224636,11968,575
29208.711171,2627227942,2627228515,12101,573
29208.723189,2627231675,2627232268,8873,593
29208.735222,2627235579,2627236180,12089,601
29208.747240,2627239495,2627240094,12058,599
29208.759263,2627243384,2627243972,11842,588
29208.771295,2627247229,2627247819,12109,590
29208.783311,2627251027,2627251611,9250,584
29208.795335,2627254908,2627255496,11844,588
29208.807362,2627258844,2627259419,11940,575
29208.817871,2627262134,2627262731,8842,597
29208.829907,2627265937,2627266517,9207,580
29208.841921,2627269729,2627270324,12020,595
29208.853945,2627273526,2627274111,12029,585
29208.865977,2627277326,2627277901,9209,575
29208.877994,2627281118,2627281693,9230,575
29208.890007,2627284844,2627285432,8788,588
29208.914058,2627292208,2627292807,9158,599
29208.926079,2627296064,2627296657,11834,593
29208.938110,2627299934,2627300509,11960,575
29208.950131,2627303717,2627304306,9263,589
29208.962146,2627307462,2627308049,8887,587
29208.974184,2627311256,2627311832,9233,576
29208.986197,2627315048,2627315639,9243,591
29208.998216,2627318796,2627319385,8870,589
29209.010254,2627322561,2627323135,9217,574
29209.022268,2627326325,2627326926,9264,601
29209.034283,2627330106,2627330698,8889,592
29209.046314,2627333906,2627334502,9179,596
29209.058331,2627337847,2627338443,12016,596
29209.070355,2627341757,2627342347,11987,590
29209.082384,2627345526,2627346117,9218,591
29209.094404,2627349363,2627349954,9224,591
29209.106420,2627353128,2627353720,8833,592
29209.118451,2627356913,2627357492,9195,579
29209.130472,2627360720,2627361311,9243,591
29209.142491,2627364634,2627365223,11843,589
29209.154520,2627368565,2627369140,11960,575
29209.166540,2627372356,2627372940,9230,584
29209.178559,2627376264,2627376858,11846,594
29209.190592,2627380060,2627380648,9239,588
29209.202608,2627383856,2627384452,9259,596
29209.214627,2627387620,2627388213,8920,593
29209.226660,2627391380,2627391981,9232,601
29209.238678,2627395206,2627395802,9265,596
29209.250694,2627398960,2627399551,8860,591
29209.262726,2627402749,2627403344,9272,595
29209.274745,2627406715,2627407304,12057,589
29209.286764,2627410589,2627411181,11798,592
29209.298796,2627414384,2627414977,9230,593
29209.310810,2627418179,2627418772,9189,593
29209.322831,2627421941,2627422534,8882,593
29209.334866,2627425750,2627426345,9246,595
29209.346881,2627429556,2627430157,9246,601
29209.358904,2627433483,2627434076,11839,593
29209.370933,2627437412,2627438003,12120,591
29209.382947,2627441193,2627441781,9201,588
29209.394968,2627444941,2627445535,8834,594
29209.407005,2627448721,2627449296,9244,575
29209.419019,2627452604,2627453198,12078,594
29209.431040,2627456513,2627457106,11836,593
29209.443070,2627460473,2627461074,9240,601
29209.455087,2627464404,2627465000,9237,596
29209.467109,2627468402,2627468999,11837,597
29209.479138,2627472390,2627472965,11942,575
29209.491154,2627476302,2627476896,12054,594
29209.503179,2627480197,2627480789,11839,592
29209.515207,2627484019,2627484614,12084,595
29209.527225,2627487940,2627488529,12084,589
29209.539246,2627491819,2627492413,11837,594
29209.551276,2627495732,2627496328,12139,596
29209.563291,2627499648,2627500242,12053,594
29209.575316,2627503575,2627504168,11819,593
29209.587347,2627507502,2627508098,12083,596
29209.597855,2627510822,2627511415,8861,593
29209.609892,2627514583,2627515158,9227,575
29209.621910,2627518383,2627518829,7381,446
29209.633924,2627521986,2627522578,8872,592
29209.645960,2627525795,2627526370,9215,575
29209.657972,2627529600,2627530190,12021,590
29209.669995,2627533364,2627533959,11979,595
29209.682027,2627537132,2627537692,9200,560
29209.694041,2627540912,2627541506,9185,594
29209.706062,2627544657,2627545250,8900,593
29209.718100,2627548429,2627549004,9222,575
29209.730114,2627552229,2627552830,9188,601
29209.742129,2627556004,2627556597,8865,593
29209.754161,2627559881,2627560455,11962,574
29209.766181,2627563672,2627564256,9243,584
29209.778199,2627567398,2627567991,8836,593
29209.790237,2627571197,2627571771,9254,574
29209.802251,2627574969,2627575565,9268,596
29209.814266,2627578726,2627579314,8855,588
29209.826304,2627582475,2627583050,9269,575
29209.838318,2627586261,2627586852,9238,591
29209.850334,2627590005,2627590597,8843,592
29209.862367,2627593799,2627594390,9198,591
29209.874383,2627597761,2627598351,12019,590
29209.886407,2627601648,2627602244,11988,596
29209.898436,2627605432,2627606022,9207,590
29209.910454,2627609215,2627609809,9235,594
29209.922471,2627612972,2627613565,8864,593
29209.934510,2627616756,2627617332,9230,576
29209.946524,2627620558,2627621154,9290,596
29209.958542,2627624330,2627624918,8894,588
29209.970573,2627628253,2627628828,11978,575
29209.982594,2627632032,2627632626,9241,594
29210.014150,2627641668,2627642257,9157,589
29210.026170,2627645411,2627645984,8863,573
29210.038208,2627649172,2627649746,9201,574
29210.050223,2627653099,2627653687,9256,588
29210.062238,2627656862,2627657445,8834,583
29210.074271,2627660724,2627661299,11992,575
29210.086292,2627664639,2627665235,12078,596
29210.098305,2627668403,2627668997,8828,594
29210.110341,2627672203,2627672778,9209,575
29210.122358,2627676003,2627676593,9226,590
29210.134376,2627679749,2627680343,8869,594
29210.146411,2627683545,2627684125,9142,580
29210.158428,2627687368,2627687957,9275,589
29210.170447,2627691247,2627691842,11988,595
29210.238075,2627711699,2627712272,11813,573
29210.250108,2627715558,2627716137,9211,579
29210.262126,2627719355,2627719950,9254,595
29210.274143,2627723271,2627723869,11826,598
29210.286174,2627727186,2627727761,11963,575
29210.298195,2627730978,2627731568,9280,590
29210.310209,2627734730,2627735328,8792,598
29210.322247,2627738512,2627739086,9218,574
29210.334261,2627742291,2627742893,9235,602
29210.346279,2627746070,2627746664,8883,594
29210.358314,2627749874,2627750449,9155,575
29210.370332,2627753808,2627754403,12068,595
29210.382346,2627757549,2627758130,8873,581
29210.394382,2627761333,2627761908,9177,575
29210.406398,2627765121,2627765722,9252,601
29210.418416,2627768874,2627769462,8870,588
29210.430451,2627772669,2627773228,9223,559
29210.442468,2627776448,2627777038,9276,590
29210.454486,2627780502,2627781092,11986,590
29210.466518,2627784284,2627784857,9201,573
29210.478535,2627788096,2627788692,9250,596
29210.490554,2627792024,2627792623,11839,599
29210.502583,2627795955,2627796530,11980,575
29210.514604,2627799750,2627800340,9275,590
29210.526622,2627803479,2627804073,8860,594
29210.538656,2627807261,2627807862,9217,601
29210.550672,2627811083,2627811679,9289,596
29210.562689,2627814843,2627815410,8871,567
29210.574727,2627818609,2627819189,9204,580
29210.586742,2627822549,2627823145,12111,596
29210.598759,2627826310,2627826897,8901,587
29210.610794,2627830091,2627830665,9216,574
29210.622809,2627833875,2627834466,9246,591
29210.654370,2627843439,2627844030,9229,591
29210.666386,2627847201,2627847797,8883,596
29210.678419,2627851008,2627851596,9215,588
29210.690438,2627854829,2627855425,9232,596
29210.702459,2627858745,2627859341,11984,596
29210.714492,2627862529,2627863104,9196,575
29210.726509,2627866326,2627866917,9264,591
29210.738523,2627870085,2627870678,8874,593
29210.750561,2627873860,2627874441,9195,581
29210.762576,2627877670,2627878271,9303,601
29210.774594,2627881472,2627882065,8902,593
29210.786623,2627885410,2627886000,12070,590
29210.798644,2627889222,2627889811,9267,589
29210.810664,2627893155,2627893749,11847,594
29210.822697,2627896954,2627897529,9204,575
29210.834714,2627900732,2627901328,9293,596
29210.846729,2627904493,2627905087,8898,594
29210.858763,2627908271,2627908867,9212,596
29210.870780,2627912091,2627912681,9252,590
29210.882800,2627915829,2627916420,8862,591
29210.894831,2627919617,2627920218,9169,601
29210.906849,2627923550,2627924144,12094,594
29210.918870,2627927461,2627928056,11982,595
29210.930897,2627931260,2627931851,9193,591
29210.942915,2627935066,2627935655,9224,589
29210.954933,2627938818,2627939411,8880,593
29210.966967,2627942596,2627943198,9208,602
29210.978985,2627946439,2627947035,9282,596
29210.991004,2627950232,2627950820,8820,588
29211.003036,2627954174,2627954749,11932,575
29211.015055,2627958159,2627958741,12091,582
29211.027075,2627962138,2627962732,11852,594
29211.039106,2627966157,2627966753,12072,596
29211.051121,2627970211,2627970810,12059,599
29211.063146,2627974144,2627974738,11862,594
29211.075175,2627978056,2627978630,9219,574
29211.087192,2627981989,2627982579,9223,590
29211.099214,2627985869,2627986461,11837,592
29211.111242,2627989830,2627990426,12073,596
29211.123260,2627993740,2627994329,12091,589
29211.135283,2627997648,2627998244,12012,596
29211.147313,2628001548,2628002139,12125,591
29211.159326,2628005543,2628006136,12050,593
29211.171354,2628009448,2628010044,12018,596
29211.263024,2628037271,2628037860,12022,589
29211.275050,2628041365,2628041964,11844,599
29211.287078,2628045349,2628045945,9251,596
29211.299094,2628049389,2628049982,12082,593
29211.311116,2628053397,2628053996,11836,599
29211.323144,2628057471,2628058067,12070,596
29211.335161,2628061440,2628062029,12064,589
29211.347186,2628065326,2628065920,11820,594
29211.359217,2628069212,2628069809,12087,597
29211.371233,2628073184,2628073785,12043,601
29211.383254,2628077078,2628077667,11843,589
29211.395285,2628081007,2628081598,12088,591
29211.407298,2628084799,2628085388,9259,589
29211.419322,2628088696,2628089292,12046,596
29211.431354,2628092590,2628093178,12112,588
29211.441862,2628095896,2628096489,8872,593
29211.453899,2628099654,2628100229,9224,575
29211.465911,2628103431,2628104023,9218,592
29211.477931,2628107419,2628108013,11834,594
29211.489964,2628111217,2628111791,11980,574
29211.501985,2628115020,2628115616,12074,596
29211.513998,2628118796,2628119379,8836,583
29211.526034,2628122592,2628123168,9161,576
29211.538048,2628126377,2628126971,9174,594
29211.550068,2628130141,2628130734,8821,593
29211.562106,2628133907,2628134482,9228,575
29211.574122,2628137713,2628138304,9240,591
29211.586142,2628141516,2628142112,8946,596
29211.598171,2628145303,2628145881,9221,578
29211.610188,2628149102,2628149681,9296,579
29211.622213,2628152847,2628153443,8974,596
29211.674813,2628168963,2628169559,12115,596
29211.686831,2628172780,2628173376,9282,596
29211.698850,2628176550,2628177148,8845,598
29211.710888,2628180348,2628180923,9233,575
29211.722900,2628184271,2628184865,12086,594
29211.734922,2628188191,2628188787,11991,596
29211.746954,2628191988,2628192579,9273,591
29211.758967,2628195776,2628196370,9261,594
29211.770985,2628199522,2628200116,8851,594
29211.783022,2628203447,2628204044,12088,597
29211.795036,2628207390,2628207984,12056,594
29211.807053,2628211249,2628211822,8845,573
29211.819089,2628215099,2628215674,9204,575
29211.831104,2628219092,2628219678,12052,586
29211.843129,2628222993,2628223587,11840,594
29211.855159,2628226976,2628227551,11966,575
29211.867175,2628230885,2628231479,12081,594
29211.879196,2628234775,2628235364,11841,589
29211.891226,2628238588,2628239163,9217,575
29211.903242,2628242373,2628242969,9260,596
29211.915266,2628246263,2628246849,11835,586
29211.927293,2628250168,2628250759,12087,591
29211.939308,2628254063,2628254657,12034,594
29211.951335,2628257984,2628258575,12016,591
29211.963364,2628261883,2628262458,11968,575
29211.973880,2628265202,2628265639,7522,437
29211.985912,2628268868,2628269299,7438,431
29211.997926,2628272523,2628273116,9250,593
29212.009944,2628276270,2628276859,8820,589
29212.021978,2628280114,2628280689,11964,575
29212.033992,2628283868,2628284467,9180,599
29212.046010,2628287622,2628288211,8824,589
29212.058048,2628291378,2628291959,9208,581
29212.070063,2628295179,2628295775,9246,596
29212.082081,2628298965,2628299563,8821,598
29212.094116,2628302781,2628303340,9191,559
29212.106129,2628306648,2628307244,12018,596
29212.118151,2628310536,2628311126,12000,590
29212.130183,2628314324,2628314899,9194,575
29212.142200,2628318136,2628318737,9277,601
29212.154218,2628321906,2628322491,8865,585
29212.166251,2628325675,2628326271,9176,596
29212.178270,2628329513,2628330109,9255,596
29212.190284,2628333323,2628333917,8847,594
29212.202322,2628337094,2628337670,9218,576
29212.214334,2628340870,2628341472,9228,602
29212.226354,2628344653,2628345240,8864,587
29212.236879,2628348008,2628348604,12049,596
29212.286472,2628363117,2628363713,9276,596
29212.298490,2628366888,2628367481,8894,593
29212.310522,2628370680,2628371271,9197,591
29212.322538,2628374607,2628375196,12065,589
29212.334561,2628378530,2628379126,11977,596
29212.346589,2628382305,2628382896,9252,591
29212.358611,2628386124,2628386715,9281,591
29212.370629,2628389872,2628390463,8860,591
29212.382662,2628393635,2628394232,9208,597
29212.394681,2628397455,2628398051,9262,596
29212.406695,2628401250,2628401844,8905,594
29212.418727,2628405038,2628405639,9204,601
29212.430745,2628408834,2628409441,9275,607
29212.442766,2628412603,2628413192,8880,589
29212.454801,2628416395,2628416991,9221,596
29212.466816,2628420198,2628420788,9233,590
29212.478833,2628423940,2628424523,8862,583
29212.490866,2628427702,2628428293,9178,591
29212.502883,2628431539,2628432135,9281,596
29212.514901,2628435305,2628435903,8900,598
29212.526934,2628439110,2628439706,9191,596
29212.538952,2628443062,2628443651,12096,589
29212.550974,2628446984,2628447575,12017,591
29212.563001,2628450766,2628451357,9198,591
29212.575019,2628454564,2628455153,9268,589
29212.587044,2628458557,2628459151,11839,594
29212.599074,2628462550,2628463152,12125,602
29212.611089,2628466569,2628467158,12082,589
29212.623107,2628470402,2628470996,8886,594
29212.635142,2628474194,2628474770,9207,576
29212.647158,2628478210,2628478792,12082,582
29212.659179,2628482083,2628482671,11841,588
29212.671209,2628485988,2628486564,11968,576
29212.683222,2628489888,2628490476,12035,588
29212.695250,2628493767,2628494361,11852,594
29212.707279,2628497595,2628498190,9194,595
29212.719296,2628501429,2628502031,9237,602
29212.731320,2628505330,2628505923,11834,593
29212.743346,2628509268,2628509843,11944,575
29212.753857,2628512572,2628513161,8851,589
29212.765888,2628516339,2628516939,9188,600
29212.777906,2628520106,2628520706,9179,600
29212.789927,2628523894,2628524488,8885,594
29212.801962,2628527673,2628528249,9234,576
29212.813979,2628531481,2628532085,9267,604
29212.825994,2628535272,2628535861,8864,589
29212.838029,2628539081,2628539657,11964,576
29212.850047,2628542926,2628543522,12071,596
29212.862063,2628546716,2628547310,8858,594
29212.874101,2628550471,2628551047,9171,576
29212.886116,2628554270,2628554860,9225,590
29212.898131,2628558006,2628558604,8862,598
29212.910167,2628561824,2628562399,9177,575
29212.922180,2628565750,2628566351,12021,601
29212.934204,2628569674,2628570275,11974,601
29212.946236,2628573485,2628574061,9185,576
29212.958253,2628577283,2628577879,9221,596
29212.970268,2628581050,2628581643,8857,593
29212.982302,2628584828,2628585424,9229,596
29213.030383,2628599628,2628600220,12010,592
29213.042406,2628603398,2628603997,8898,599
29213.054440,2628607237,2628607812,9215,575
29213.066455,2628611145,2628611740,12052,595
29213.078473,2628614879,2628615472,8917,593
29213.090511,2628618647,2628619207,9228,560
29213.102525,2628622428,2628623019,9263,591
29213.114553,2628626243,2628626844,8931,601
29213.126577,2628630253,2628630854,12082,601
29213.138595,2628634286,2628634892,12023,606
29213.150623,2628638325,2628638921,12041,596
29213.162646,2628642196,2628642797,9226,601
29213.174664,2628646084,2628646680,8979,596
29213.186678,2628649888,2628650477,8833,589
29213.198714,2628653692,2628654268,9208,576
29213.210731,2628657482,2628658078,9284,596
29213.222749,2628661268,2628661856,8884,588
29213.234781,2628665054,2628665650,9229,596
29213.246801,2628668888,2628669482,9278,594
29213.258815,2628672639,2628673238,8875,599
29213.270848,2628676584,2628677144,11983,560
29213.282863,2628680342,2628680942,9276,600
29213.294885,2628684094,2628684688,8899,594
29213.306920,2628687908,2628688504,9236,596
29213.318937,2628691732,2628692322,9273,590
29213.330951,2628695488,2628696087,8847,599
29213.342987,2628699328,2628699919,9226,591
29213.355003,2628703276,2628703869,12066,593
29213.367026,2628707245,2628707840,12006,595
29213.379057,2628711214,2628711790,11982,576
29213.391073,2628715201,2628715789,12079,588
29213.403094,2628719183,2628719771,11838,588
29213.415123,2628723162,2628723752,12069,590
29213.427138,2628727171,2628727766,12046,595
29213.439157,2628731043,2628731636,8884,593
29213.451192,2628734810,2628735411,9266,601
29213.463208,2628738733,2628739329,12054,596
29213.475235,2628742619,2628743197,11812,578
29213.487262,2628746512,2628747088,11942,576
29213.499278,2628750400,2628751000,12083,600
29213.511300,2628754282,2628754876,11836,594
29213.523330,2628758105,2628758686,9215,581
29213.533848,2628761451,2628761897,7607,446
29213.545875,2628765108,2628765682,9203,574
29213.557890,2628768873,2628769469,9265,596
29213.569910,2628772666,2628773265,8827,599
29213.581942,2628776467,2628777063,9173,596
29213.593962,2628780312,2628780907,9276,595
29213.605977,2628784081,2628784675,8820,594
29213.618013,2628787859,2628788435,9211,576
29213.630027,2628791643,2628792240,9170,597
29213.642047,2628795418,2628796011,8836,593
29213.654082,2628799332,2628799907,11962,575
29213.666096,2628803209,2628803804,12059,595
29213.678114,2628806979,2628807567,8870,588
29213.690150,2628810776,2628811351,9225,575
29213.702166,2628814574,2628815165,9265,591
29213.714185,2628818327,2628818920,8823,593
29213.726220,2628822138,2628822714,9267,576
29213.738233,2628826082,2628826673,12015,591
29213.750255,2628829986,2628830582,11987,596
29213.762286,2628833784,2628834359,9233,575
29213.774301,2628837559,2628838160,9270,601
29213.786322,2628841309,2628841903,8886,594
29213.798355,2628845087,2628845689,9251,602
29213.810373,2628848900,2628849496,9241,596
29213.822389,2628852629,2628853223,8868,594
29213.834425,2628856425,2628857000,9186,575
29213.846440,2628860226,2628860824,9274,598
29213.858458,2628863988,2628864587,8880,599
29213.870491,2628867953,2628868550,12066,597
29213.894523,2628875425,2628876024,8910,599
29213.906560,2628879215,2628879791,9204,576
29213.918577,2628883030,2628883626,9241,596
29213.930596,2628886803,2628887402,8873,599
29213.942631,2628890614,2628891190,9210,576
29213.954643,2628894545,2628895139,12080,594
29213.966667,2628898466,2628899062,11976,596
29213.978698,2628902252,2628902827,9207,575
29214.122972,2628941555,2628942150,9245,595
29214.134988,2628945384,2628945975,9292,591
29214.147003,2628949170,2628949768,8881,598
29214.159040,2628953140,2628953715,11968,575
29214.171053,2628957114,2628957713,12035,599
29214.183078,2628961110,2628961706,12010,596
29214.195109,2628965149,2628965739,12090,590
29214.207125,2628969190,2628969784,12082,594
29214.219147,2628973076,2628973670,11816,594
29214.231177,2628977111,2628977687,11970,576
29214.243192,2628981051,2628981645,12102,594
29214.255209,2628984834,2628985428,8881,594
29214.267245,2628988596,2628989171,9207,575
29214.279261,2628992501,2628993092,12059,591
29214.291286,2628996424,2628997017,11836,593
29214.303314,2629000377,2629000952,11971,575
29214.315330,2629004236,2629004836,12078,600
29214.327352,2629008149,2629008743,11857,594
29214.337877,2629011532,2629011978,7326,446
29214.349900,2629015225,2629015672,7589,447
29214.361927,2629018853,2629019428,9183,575
29214.373941,2629022598,2629023194,9266,596
29214.385962,2629026398,2629026992,8829,594
29214.397995,2629030171,2629030762,9213,591
29214.410014,2629033983,2629034563,9247,580
29214.422028,2629037687,2629038276,8870,589
29214.434064,2629041482,2629042057,9192,575
29214.446081,2629045279,2629045874,9226,595
29214.458100,2629049058,2629049647,8870,589
29214.470134,2629052947,2629053523,11978,576
29214.482151,2629056862,2629057458,12064,596
29214.494166,2629060632,2629061221,8806,589
29214.506203,2629064418,2629064994,9202,576
29214.518216,2629068203,2629068799,9288,596
29214.530237,2629071996,2629072584,8825,588
29214.542271,2629075790,2629076366,9153,576
29214.554285,2629079732,2629080318,12025,586
29214.566305,2629083636,2629084227,11955,591
29214.578338,2629087426,2629088001,9202,575
29214.590352,2629091196,2629091790,9209,594
29214.602372,2629094952,2629095551,8852,599
29214.614405,2629098765,2629099366,9225,601
29214.626425,2629102596,2629103187,9269,591
29214.694050,2629123013,2629123608,9225,595
29214.706070,2629126807,2629127385,8834,578
29214.718109,2629130582,2629131163,9266,581
29214.730123,2629134364,2629134965,9271,601
29214.742140,2629138418,2629139011,11801,593
29214.754170,2629142313,2629142890,11955,577
29214.766189,2629146236,2629146837,12071,601
29214.778208,2629149990,2629150578,8867,588
29214.790243,2629153771,2629154346,9186,575
29214.802260,2629157550,2629158146,9259,596
29214.814275,2629161327,2629161921,8839,594
29214.826312,2629165136,2629165712,9207,576
29214.838324,2629168919,2629169513,9184,594
29214.850344,2629172707,2629173306,8842,599
29214.862383,2629176494,2629177069,9214,575
29214.874395,2629180285,2629180880,9195,595
29214.886413,2629184186,2629184774,11824,588
29214.898444,2629188141,2629188738,12079,597
29214.910466,2629191986,2629192576,9274,590
29214.922480,2629195741,2629196340,8868,599
29214.934518,2629199518,2629200093,9221,575
29214.946533,2629203314,2629203910,9287,596
29214.958550,2629207109,2629207703,8869,594
29214.970584,2629210999,2629211600,12125,601
29214.982602,2629214968,2629215569,12059,601
29214.994617,2629218752,2629219340,8881,588
29215.006649,2629222549,2629223145,9179,596
29215.018669,2629226384,2629226974,9245,590
29215.030687,2629230145,2629230744,8888,599
29215.042721,2629233925,2629234522,9216,597
29215.054739,2629237753,2629238328,9249,575
29215.066754,2629241473,2629242072,8892,599
29215.078787,2629245275,2629245867,9211,592
29215.090803,2629249081,2629249674,9214,593
29215.102828,2629252995,2629253589,11844,594
29215.114854,2629256946,2629257543,12090,597
29215.126876,2629260931,2629261527,12046,596
29215.138892,2629264686,2629265285,8877,599
29215.150929,2629268468,2629269027,9202,559
29215.162942,2629272243,2629272843,9255,600
29215.174958,2629276010,2629276604,8899,594
29215.186994,2629279961,2629280537,11944,576
29215.199010,2629283888,2629284488,12055,600
29215.211034,2629287812,2629288405,11842,593
29215.223062,2629291810,2629292406,12102,596
29215.235080,2629295838,2629296438,12089,600
29215.247101,2629299829,2629300427,11823,598
29215.259129,2629303802,2629304399,12070,597
29215.271145,2629307616,2629308211,9219,595
29215.283168,2629311418,2629312019,8897,601
29215.295200,2629315411,2629315994,12109,583
29215.307215,2629319345,2629319939,12054,594
29215.319240,2629323239,2629323828,11845,589
29215.331269,2629327141,2629327736,12081,595
29215.343285,2629331068,2629331663,12082,595
29215.355307,2629335196,2629335785,11833,589
29215.367336,2629339006,2629339606,9200,600
29215.377849,2629342334,2629342921,8870,587
29215.389884,2629346146,2629346706,9186,560
29215.401898,2629349898,2629350498,9201,600
29215.413915,2629353713,2629354312,8822,599
29215.425950,2629357514,2629358095,9192,581
29215.437967,2629361328,2629361924,9270,596
29215.449985,2629365115,2629365709,8822,594
29215.462020,2629368917,2629369491,9212,574
29215.474034,2629372712,2629373312,9181,600
29215.486054,2629376532,2629377131,11827,599
29215.498084,2629380408,2629381005,12068,597
29215.510102,2629384227,2629384817,9209,590
29215.522120,2629388002,2629388596,8823,594
29215.534156,2629391802,2629392378,9228,576
29215.546170,2629395585,2629396185,9209,600
29215.558190,2629399641,2629400235,11828,594
29215.570223,2629403573,2629404149,11973,576
29215.582244,2629407477,2629408073,12075,596
29215.594257,2629411242,2629411824,8865,582
29215.606294,2629415043,2629415603,9184,560
29215.618311,2629418825,2629419414,9233,589
29215.661894,2629432065,2629432510,7528,445
29215.755075,2629458798,2629459397,9265,599
29215.767092,2629462726,2629463323,9276,597
29215.779115,2629466707,2629467306,11872,599
29215.791142,2629470763,2629471339,11941,576
29215.803160,2629474661,2629475255,12084,594
29215.815180,2629478581,2629479183,12009,602
29215.827210,2629482581,2629483171,12111,590
29215.839227,2629486499,2629487093,12056,594
29215.851253,2629490383,2629490972,11843,589
29215.863283,2629494264,2629494866,12117,602
29215.875297,2629498210,2629498805,12080,595
29215.887315,2629501989,2629502578,8894,589
29215.899350,2629505817,2629506419,9234,602
29215.909859,2629509155,2629509744,8872,589
29215.921894,2629512967,2629513543,9218,576
29215.933908,2629516738,2629517334,9247,596
29215.945929,2629520542,2629521137,8824,595
29215.957966,2629524319,2629524900,9258,581
29215.969981,2629528161,2629528757,9225,596
29215.982001,2629532011,2629532608,11979,597
29215.994032,2629535805,2629536380,9204,575
29216.006048,2629539625,2629540216,9276,591
29216.018064,2629543404,2629544003,8875,599
29216.030098,2629547195,2629547792,9204,597
29216.042117,2629551016,2629551611,9243,595
29216.054133,2629554789,2629555383,8877,594
29216.066172,2629558571,2629559147,9174,576
29216.078187,2629562381,2629562976,9291,595
29216.090201,2629566149,2629566743,8823,594
29216.102234,2629570071,2629570631,11971,560
29216.114256,2629573973,2629574569,12069,596
29216.126269,2629577749,2629578343,8798,594
29216.138307,2629581537,2629582113,9204,576
29216.150323,2629585351,2629585948,9261,597
29216.162340,2629589126,2629589731,8811,605
29216.174375,2629592940,2629593521,9220,581
29216.186389,2629596884,2629597480,12021,596
29216.198410,2629600838,2629601427,11972,589
29216.210442,2629604653,2629605228,9196,575
29216.222460,2629608457,2629609053,9298,596
29216.234477,2629612235,2629612830,8862,595
29216.246509,2629616028,2629616623,9166,595
29216.258526,2629619836,2629620436,9192,600
29216.270544,2629623612,2629624200,8915,588
29216.282577,2629627377,2629627979,9226,602
29216.294593,2629631408,2629632003,11986,595
29216.304332,2629634956,2629635547,12090,591
29216.366733,2629654214,2629654816,12008,602
29216.378762,2629658087,2629658689,8905,602
29216.390786,2629661930,2629662527,9220,597
29216.402804,2629665914,2629666504,12013,590
29216.414831,2629669897,2629670498,12040,601
29216.426852,2629673738,2629674334,9234,596
29216.438871,2629677573,2629678170,8922,597
29216.450897,2629681407,2629682008,8967,601
29216.462921,2629685247,2629685849,9236,602
29216.474939,2629689106,2629689708,8983,602
29216.486966,2629692951,2629693553,8918,602
29216.498990,2629696794,2629697385,9265,591
29216.511007,2629700662,2629701262,8998,600
29216.523035,2629704651,2629705248,12038,597
29216.535061,2629708644,2629709246,12084,602
29216.547077,2629712755,2629713350,12005,595
29216.559105,2629716844,2629717441,12042,597
29216.571128,2629720890,2629721487,12070,597
29216.583146,2629725045,2629725642,12014,597
29216.595171,2629729032,2629729623,12084,591
29216.607193,2629733003,2629733599,12073,596
29216.619212,2629736969,2629737566,12014,597
29216.670316,2629752934,2629753531,12080,597
29216.682335,2629756787,2629757384,8998,597
29216.694360,2629760628,2629761218,8938,590
29216.706385,2629764453,2629765050,9233,597
29216.718399,2629768445,2629769041,11981,596
29216.730430,2629772411,2629773008,12033,597
29216.742452,2629776259,2629776850,9253,591
29216.754470,2629780104,2629780701,8939,597
29216.766497,2629783956,2629784563,8913,607
29216.778523,2629787822,2629788424,9243,602
29216.790541,2629791684,2629792275,8980,591
29216.802566,2629795632,2629796228,8934,596
29216.814590,2629799618,2629800214,12095,596
29216.831114,2629804975,2629805577,11987,602
29216.843145,2629809025,2629809615,12038,590
29216.855166,2629812914,2629813511,9207,597
29216.867187,2629816917,2629817514,12011,597
29216.879214,2629820873,2629821475,12051,602
29216.891237,2629824866,2629825462,12074,596
29216.901756,2629828372,2629828969,12041,597
29216.913779,2629832349,2629832946,12101,597
29216.927304,2629836799,2629837399,12069,600
29216.939324,2629840795,2629841391,12012,596
29216.951352,2629844778,2629845375,12042,597
29216.961868,2629848169,2629848761,8997,592
29216.973894,2629852024,2629852620,8929,596
29216.985918,2629856078,2629856675,9224,597
29216.997935,2629859991,2629860588,8966,597
29217.009961,2629863856,2629864446,8935,590
29217.021986,2629867691,2629868293,9227,602
29217.034004,2629871525,2629872122,8957,597
29217.046030,2629875371,2629875978,8951,607
29217.058054,2629879218,2629879820,9200,602
29217.070072,2629883080,2629883682,8954,602
29217.082098,2629886931,2629887533,8863,602
29217.094123,2629890789,2629891389,9231,600
29217.106140,2629894646,2629895242,8986,596
29217.118166,2629898608,2629899205,12041,597
29217.130190,2629902589,2629903191,12102,602
29217.142209,2629906437,2629907034,8965,597
29217.154235,2629910290,2629910892,8950,602
29217.166260,2629914139,2629914736,9256,597
29217.176779,2629917537,2629918142,12040,605
29217.194815,2629923377,2629923974,12072,597
29217.206835,2629927218,2629927819,9217,601
29217.218853,2629931085,2629931681,8932,596
29217.230882,2629935073,2629935669,12036,596
29217.242904,2629938918,2629939512,9211,594
29217.254922,2629942746,2629943343,8992,597
29217.266949,2629946580,2629947176,8893,596
29217.278974,2629950586,2629951188,12099,602
29217.290991,2629954433,2629955030,8982,597
29217.303018,2629958284,2629958886,8933,602
29217.315042,2629962187,2629962784,9225,597
29217.327060,2629966214,2629966814,12012,600
29217.339088,2629970277,2629970879,12037,602
29217.351111,2629974367,2629974962,12069,595
29217.363129,2629978413,2629979014,12002,601
29217.375158,2629982410,2629983011,12042,601
29217.387178,2629986260,2629986861,9259,601
29217.399197,2629990261,2629990858,12015,597
29217.411224,2629994237,2629994839,12038,602
29217.423246,2629998233,2629998835,12069,602
29217.435264,2630002204,2630002801,12014,597
29217.447292,2630006253,2630006855,12042,602
29217.471332,2630013802,2630014399,8936,597
29217.481859,2630017183,2630017785,9243,602
29217.499893,2630022886,2630023481,9241,595
29217.541974,2630036014,2630036610,8983,596
29217.553998,2630039866,2630040468,9246,602
29217.566015,2630043717,2630044314,8955,597
29217.578041,2630047573,2630048171,8947,598
29217.590065,2630051444,2630052039,12080,595
29217.602085,2630055308,2630055910,8931,602
29217.614111,2630059172,2630059774,8932,602
29217.626135,2630063135,2630063729,12083,594
29217.638154,2630066962,2630067559,8993,597
29217.650180,2630070814,2630071416,8931,602
29217.662203,2630074705,2630075307,9226,602
29217.674222,2630078538,2630079135,8973,597
29217.686246,2630082363,2630082960,8907,597
29217.726826,2630095164,2630095764,12059,600
29217.738847,2630098995,2630099597,9234,602
29217.750868,2630102991,2630103593,12012,602
29217.762894,2630106976,2630107578,12037,602
29217.774915,2630110818,2630111420,9213,602
29217.786934,2630114655,2630115252,8965,597
29217.798961,2630118811,2630119408,12031,597
29217.810982,2630122633,2630123235,9253,602
29217.823004,2630126621,2630127223,12019,602
29217.835027,2630130556,2630131158,8966,602
29217.847053,2630134637,2630135234,12101,597
29217.859067,2630138747,2630139342,11978,595
29217.871097,2630142837,2630143439,12039,602
29217.883123,2630146920,2630147521,12088,601
29217.895139,2630150886,2630151488,12017,602
29217.907167,2630154908,2630155509,12036,601
29217.919189,2630158767,2630159363,9248,596
29217.931207,2630162606,2630163202,9000,596
29217.943235,2630166630,2630167225,12040,595
29217.955258,2630170475,2630171072,9205,597
29217.967276,2630174470,2630175067,12016,597
29217.979304,2630178446,2630179043,12036,597
29217.991327,2630182439,2630183041,12074,602
29218.003346,2630186508,2630187110,12012,602
29218.013873,2630189900,2630190502,9184,602
29218.025891,2630193765,2630194370,8882,605
29218.037918,2630197621,2630198201,8974,580
29218.049941,2630201491,2630202087,12094,596
29218.061960,2630205346,2630205943,8921,597
29218.073986,2630209179,2630209786,8939,607
29218.086011,2630213029,2630213631,9220,602
29218.098028,2630216876,2630217473,8968,597
29218.110055,2630220722,2630221323,8886,601
29218.122079,2630224592,2630225194,9211,602
29218.134100,2630228585,2630229192,12043,607
29218.146122,2630232628,2630233234,12044,606
29218.158146,2630236552,2630237154,8874,602
29218.170169,2630240450,2630241056,8963,606
29218.182192,2630244353,2630244960,8935,607
29218.194215,2630248265,2630248851,8946,586
29218.206233,2630252128,2630252730,8991,602
29218.218261,2630255981,2630256583,8921,602
29218.230285,2630259826,2630260427,9222,601
29218.242303,2630263685,2630264286,8976,601
29218.254329,2630267531,2630268133,8900,602
29218.266353,2630271386,2630271988,9226,602
29218.278371,2630275247,2630275849,8936,602
29218.290398,2630279101,2630279703,8916,602
29218.302422,2630282947,2630283549,9256,602
29218.314440,2630286805,2630287407,8976,602
29218.326466,2630290659,2630291264,8956,605
29218.338490,2630294504,2630295106,9218,602
29218.350507,2630298502,2630299104,12014,602
29218.362535,2630302502,2630303099,12084,597
29218.374557,2630306366,2630306963,9223,597
29218.386576,2630310218,2630310815,8988,597
29218.398603,2630314070,2630314677,8923,607
29218.410625,2630317939,2630318536,9213,597
29218.422643,2630321776,2630322378,8964,602
29218.434670,2630325637,2630326234,8980,597
29218.446694,2630329506,2630330108,9203,602
29218.458712,2630333358,2630333952,8989,594
29218.470738,2630337219,2630337821,8930,602
29218.482763,2630341058,2630341655,9218,597
29218.494780,2630344925,2630345522,8966,597
29218.506807,2630348774,2630349370,8952,596
29218.518830,2630352611,2630353208,9256,597
29218.530848,2630356480,2630357077,8942,597
29218.542874,2630360302,2630360901,8900,599
29218.554899,2630364153,2630364750,9198,597
29218.566918,2630368149,2630368746,12012,597
29218.578944,2630372125,2630372727,12038,602
29218.590965,2630375970,2630376567,9243,597
29218.602984,2630379822,2630380424,8990,602
29218.615012,2630383710,2630384317,8916,607
29218.627037,2630387597,2630388200,9217,603
29218.639055,2630391642,2630392234,12011,592
29218.651081,2630395583,2630396184,8956,601
29218.663106,2630399555,2630400157,9214,602
29218.675123,2630403578,2630404167,12023,589
29218.687153,2630407578,2630408175,12037,597
29218.699175,2630411628,2630412230,12072,602
29218.711192,2630415604,2630416201,12013,597
29218.723220,2630419585,2630420187,12057,602
29218.735241,2630423444,2630424046,9219,602
29218.747260,2630427296,2630427893,8977,597
29218.759289,2630431263,2630431863,12039,600
29218.771313,2630435215,2630435812,12088,597
29218.783330,2630439179,2630439781,12053,602
29218.795357,2630443156,2630443758,12037,602
29218.805874,2630446538,2630447134,8968,596
29218.817898,2630450369,2630450966,8918,597
29218.829924,2630454227,2630454824,9184,597
29218.841942,2630458074,2630458674,9005,600
29218.853968,2630461919,2630462515,8954,596
29218.865991,2630465790,2630466387,12084,597
29218.878007,2630469658,2630470254,11980,596
29218.890036,2630473510,2630474111,8935,601
29218.902061,2630477362,2630477959,9260,597
29218.914079,2630481203,2630481800,8897,597
29218.926105,2630485044,2630485650,8940,606
29218.938130,2630488887,2630489488,9243,601
29218.950144,2630492846,2630493443,11979,597
29218.962174,2630496808,2630497405,12040,597
29218.974196,2630500658,2630501255,9190,597
29218.986212,2630504654,2630505251,12033,597
29218.998242,2630508494,2630509091,8960,597
29219.010267,2630512330,2630512934,9264,604
29219.022283,2630516208,2630516804,8965,596
29219.034310,2630520063,2630520659,8929,596
29219.046335,2630523911,2630524513,9213,602
29219.058353,2630527755,2630528355,8975,600
29219.070379,2630531595,2630532197,8909,602
29219.082403,2630535596,2630536191,12085,595
29219.094421,2630539447,2630540049,9006,602
29219.106448,2630543295,2630543900,8968,605
29219.118472,2630547134,2630547731,9246,597
29219.130490,2630550976,2630551573,8976,597
29219.142516,2630554818,2630555419,8938,601
29219.154541,2630558671,2630559278,9256,607
29219.166558,2630562683,2630563285,12019,602
29219.178585,2630566683,2630567285,12041,602
29219.190608,2630570530,2630571127,9221,597
29219.202627,2630574386,2630574983,8937,597
29219.214653,2630578235,2630578832,8938,597
29219.226678,2630582102,2630582698,9231,596
29219.238697,2630585961,2630586563,8970,602
29219.250724,2630589813,2630590415,8928,602
29219.262748,2630593663,2630594265,9207,602
29219.274765,2630597506,2630598111,8942,605
29219.286790,2630601508,2630602099,12039,591
29219.298815,2630605490,2630606087,12064,597
29219.310832,2630609336,2630609928,8963,592
29219.322860,2630613197,2630613794,8933,597
29219.334882,2630617033,2630617630,9270,597
29219.346901,2630620903,2630621505,9005,602
29219.358928,2630624750,2630625356,8959,606
29219.370952,2630628618,2630629220,9242,602
29219.382972,2630632620,2630633212,12015,592
29219.394998,2630636601,2630637203,12039,602
29219.407019,2630640591,2630641187,12073,596
29219.419039,2630644603,2630645199,12012,596
29219.431065,2630648532,2630649124,8940,592
29219.443088,2630652621,2630653219,12081,598
29219.455108,2630656699,2630657291,12017,592
29219.467132,2630660574,2630661154,8916,580
29219.479156,2630664489,2630665096,9210,607
29219.491175,2630668517,2630669133,12013,616
29219.503202,2630672520,2630673122,12041,602
29219.515225,2630676503,2630677105,12079,602
29219.527244,2630680491,2630681093,12012,602
29219.539272,2630684485,2630685087,12040,602
29219.551293,2630688322,2630688919,9254,597
29219.563311,2630692174,2630692771,8986,597
29219.575339,2630696160,2630696754,12028,594
29219.585856,2630699549,2630700146,8953,597
29219.597883,2630703408,2630704009,8945,601
29219.609907,2630707256,2630707858,9188,602
29219.621921,2630711135,2630711725,11971,590
29219.642969,2630717757,2630718355,8898,598
29219.654992,2630721617,2630722219,9189,602
29219.667010,2630725486,2630726088,8945,602
29219.679036,2630729363,2630729965,8913,602
29219.691061,2630733433,2630734038,12072,605
29219.703080,2630737526,2630738123,12015,597
29219.715106,2630741560,2630742157,12039,597
29219.727128,2630745585,2630746187,12070,602
29219.739147,2630749573,2630750175,12013,602
29219.751173,2630753426,2630754028,8937,602
29219.763198,2630757265,2630757862,9211,597
29219.775217,2630761228,2630761823,12013,595
29219.787244,2630765225,2630765817,12040,592
29219.799266,2630769207,2630769809,12073,602
29219.811284,2630773178,2630773775,12015,597
29219.823310,2630777030,2630777627,8972,597
29219.835337,2630781015,2630781617,12084,602
29219.845860,2630784437,2630784882,7675,445
29219.857879,2630788145,2630788744,9272,599
29219.869895,2630792008,2630792599,8988,591
29219.920995,2630807969,2630808566,9219,597
29219.934521,2630813356,2630814060,9552,704
29219.946541,2630817812,2630818414,8978,602
29219.970591,2630825520,2630826127,12079,607
29219.987117,2630830912,2630831509,12005,597
29219.999147,2630834996,2630835598,12054,602
29220.011167,2630839074,2630839671,12073,597
29220.023185,2630842972,2630843564,8975,592
29220.035215,2630846987,2630847589,12038,602
29220.047236,2630851002,2630851598,9266,596
29220.059256,2630855066,2630855669,12011,603
29220.071282,2630859053,2630859649,12036,596
29220.083306,2630862913,2630863520,9234,607
29220.095324,2630866786,2630867388,8964,602
29220.107352,2630870757,2630871368,12038,611
29220.117870,2630874160,2630874757,8964,597
29220.129896,2630878003,2630878599,8959,596
29220.141921,2630881848,2630882444,9236,596
29220.153938,2630885709,2630886306,8952,597
29220.165963,2630889576,2630890173,12049,597
29220.177986,2630893443,2630894040,12090,597
29220.190007,2630897303,2630897890,8961,587
29220.202033,2630901140,2630901737,8955,597
29220.214057,2630904978,2630905580,9245,602
29220.226075,2630908830,2630909427,8976,597
29220.238099,2630912671,2630913268,8902,597
29220.259141,2630919448,2630920046,12081,598
29220.271157,2630923455,2630924057,12012,602
29220.283183,2630927316,2630927896,8895,580
29220.295208,2630931231,2630931833,9206,602
29220.307225,2630935183,2630935779,11900,596
29220.319248,2630939095,2630939669,11948,574
29220.331279,2630943023,2630943625,12075,602
29220.343292,2630946963,2630947566,11869,603
29220.355317,2630950868,2630951466,11843,598
29220.367348,2630954713,2630955289,9196,576
29220.377863,2630958054,2630958501,7608,447
29220.389889,2630961699,2630962273,9202,574
29220.401906,2630965476,2630966073,9254,597
29220.413928,2630969279,2630969851,8876,572
29220.425956,2630973063,2630973665,9221,602
29220.437975,2630976905,2630977502,9188,597
29220.450000,2630980736,2630981338,8922,602
29220.462029,2630984576,2630985151,9225,575
29220.474044,2630988356,2630988955,9237,599
29220.486067,2630992194,2630992768,8972,574
29220.498096,2630996100,2630996675,12004,575
29220.510114,2631000019,2631000621,12114,602
29220.522135,2631003847,2631004420,8937,573
29220.534169,2631007624,2631008200,9169,576
29220.546184,2631011415,2631012017,9228,602
29220.558205,2631015147,2631015726,8965,579
29220.570233,2631018952,2631019527,9223,575
29220.582247,2631022850,2631023448,11837,598
29220.594269,2631026730,2631027329,11806,599
29220.606305,2631030517,2631031092,9192,575
29220.618319,2631034307,2631034909,9223,602
29220.630341,2631038095,2631038669,8939,574
29220.642369,2631041849,2631042446,9200,597
29220.654387,2631045700,2631046297,9264,597
29220.666407,2631049534,2631050108,8983,574
29220.678440,2631053314,2631053890,9165,576
29220.690458,2631057139,2631057734,9271,595
29220.702478,2631060922,2631061496,8972,574
29220.714504,2631064854,2631065430,11942,576
29220.726521,2631068787,2631069383,12050,596
29220.738546,2631072543,2631073117,8972,574
29220.750578,2631076322,2631076904,9202,582
29220.762595,2631080134,2631080736,9230,602
29220.774609,2631083922,2631084521,8843,599
29220.786642,2631087744,2631088346,9176,602
29220.798660,2631091710,2631092307,12032,597
29220.810683,2631095624,2631096220,11982,596
29220.822711,2631099412,2631100009,9214,597
29220.834732,2631103254,2631103856,9246,602
29220.846746,2631107041,2631107641,8832,600
29220.858778,2631110960,2631111562,9260,602
29220.870799,2631114967,2631115564,12056,597
29220.942932,2631136999,2631137593,12058,594
29220.969984,2631145259,2631145857,11912,598
29221.010561,2631157825,2631158420,12051,595
29221.058652,2631172521,2631173115,11800,594
29221.070683,2631176345,2631176947,9197,602
29221.082703,2631180181,2631180783,9249,602
29221.094725,2631183955,2631184557,8918,602
29221.106753,2631187753,2631188326,9191,573
29221.118770,2631191545,2631192142,9264,597
29221.130786,2631195482,2631196055,11951,573
29221.142816,2631199397,2631199992,12079,595
29221.154837,2631203231,2631203828,9281,597
29221.166858,2631206991,2631207565,8998,574
29221.178886,2631210773,2631211375,9180,602
29221.190907,2631214616,2631215212,9240,596
29221.202928,2631218368,2631218941,9007,573
29221.214956,2631222254,2631222851,12115,597
29221.226972,2631226230,2631226830,12097,600
29221.238992,2631229998,2631230582,8859,584
29221.251025,2631233968,2631234570,12078,602
29221.263040,2631237928,2631238526,11903,598
29221.275062,2631241948,2631242521,11952,573
29221.287092,2631245948,2631246550,12072,602
29221.299113,2631249883,2631250490,9210,607
29221.311132,2631253731,2631254322,8906,591
29221.323162,2631257761,2631258340,11966,579
29221.335178,2631261640,2631262232,11908,592
29221.347199,2631265539,2631266113,11951,574
29221.359230,2631269447,2631270039,12081,592
29221.371249,2631273366,2631273964,11935,598
29221.383264,2631277125,2631277718,8883,593
29221.395298,2631280934,2631281531,9213,597
29221.407316,2631284879,2631285477,11889,598
29221.419342,2631288776,2631289371,11841,595
29221.429864,2631292128,2631292730,9234,602
29221.441879,2631295956,2631296561,8793,605
29221.453916,2631299742,2631300324,9222,582
29221.465932,2631303541,2631304143,9225,602
29221.477954,2631307390,2631307961,8950,571
29221.489982,2631311173,2631311751,9168,578
29221.501997,2631314950,2631315541,9251,591
29221.514017,2631318770,2631319358,11835,588
29221.526046,2631322577,2631323174,12076,597
29221.538066,2631326392,2631326999,9236,607
29221.550089,2631330244,2631330823,8887,579
29221.562124,2631334017,2631334593,9276,576
29221.574139,2631337802,2631338404,9269,602
29221.586159,2631341641,2631342215,8908,574
29221.598187,2631345545,2631346121,11983,576
29221.610206,2631349498,2631350095,12066,597
29221.622228,2631353285,2631353843,8919,558
29221.634257,2631357045,2631357627,9175,582
29221.646272,2631360824,2631361419,9217,595
29221.658293,2631364584,2631365158,8958,574
29221.670330,2631368349,2631368925,9190,576
29221.682344,2631372174,2631372769,9228,595
29221.694365,2631375931,2631376504,8989,573
29221.706394,2631379722,2631380295,9196,573
29221.718411,2631383535,2631384127,9276,592
29221.730432,2631387345,2631387918,8934,573
29221.742462,2631391257,2631391859,12098,602
29221.754481,2631395113,2631395715,9314,602
29221.766503,2631398866,2631399440,8951,574
29221.778530,2631402677,2631403258,9182,581
29221.790549,2631406471,2631407066,9255,595
29221.802569,2631410250,2631410829,8909,579
29221.814600,2631414169,2631414730,11984,561
29221.826617,2631418133,2631418730,12066,597
29221.838632,2631421900,2631422488,8837,588
29221.850668,2631425718,2631426299,9218,581
29221.862682,2631429499,2631430099,9282,600
29221.874703,2631433263,2631433862,8890,599
29221.886738,2631437082,2631437659,9195,577
29221.898755,2631440878,2631441475,9274,597
29221.910777,2631444655,2631445247,8970,592
29221.922801,2631448463,2631449052,9185,589
29221.934820,2631452302,2631452898,9247,596
29221.946838,2631456233,2631456807,11956,574
29221.958869,2631460179,2631460781,12088,602
29221.970889,2631464152,2631464749,12054,597
29222.009965,2631476064,2631476660,11969,596
29222.079092,2631496939,2631497528,9224,589
29222.091118,2631500940,2631501534,11836,594
29222.103146,2631504989,2631505566,11942,577
29222.115162,2631508800,2631509395,9195,595
29222.127185,2631512578,2631513175,8928,597
29222.139218,2631516501,2631517101,12106,600
29222.151230,2631520446,2631521039,11869,593
29222.163256,2631524349,2631524944,11842,595
29222.175283,2631528267,2631528869,12078,602
29222.187300,2631532201,2631532791,11899,590
29222.199325,2631536122,2631536696,11964,574
29222.211352,2631539888,2631540490,9199,602
29222.221868,2631543243,2631543816,8927,573
29222.233897,2631547049,2631547630,9208,581
29222.245912,2631550861,2631551452,9272,591
29222.257932,2631554666,2631555266,8862,600
29222.269969,2631558460,2631559036,9265,576
29222.281985,2631562273,2631562870,9217,597
29222.294001,2631566076,2631566649,8905,573
29222.306034,2631569870,2631570444,9187,574
29222.318049,2631573629,2631574224,9175,595
29222.330069,2631577542,2631578142,11826,600
29222.342098,2631581446,2631582043,12072,597
29222.354115,2631585252,2631585849,9219,597
29222.366141,2631589075,2631589649,8936,574
29222.378175,2631592870,2631593446,9185,576
29222.390190,2631596674,2631597280,9259,606
29222.402209,2631600479,2631601052,8969,573
29222.414242,2631604251,2631604827,9245,576
29222.426256,2631608185,2631608792,12053,607
29222.438278,2631611950,2631612523,8933,573
29222.450310,2631615733,2631616309,9200,576
29222.462327,2631619515,2631620112,9225,597
29222.474342,2631623267,2631623862,8874,595
29222.486380,2631627032,2631627612,9201,580
29222.498395,2631630860,2631631456,9245,596
29222.510415,2631634624,2631635198,8947,574
29222.522449,2631638380,2631638953,9242,573
29222.534464,2631642169,2631642766,9290,597
29222.546481,2631646121,2631646695,11956,574
29222.558511,2631650055,2631650652,12074,597
29222.570533,2631653897,2631654483,9289,586
29222.582553,2631657648,2631658222,8953,574
29222.594585,2631661433,2631662013,9203,580
29222.606599,2631665265,2631665867,9246,602
29222.618621,2631669031,2631669605,8947,574
29222.630650,2631672981,2631673557,11965,576
29222.642669,2631676949,2631677546,12055,597
29222.654691,2631680704,2631681278,8947,574
29222.666719,2631684491,2631685067,9181,576
29222.678737,2631688288,2631688890,9202,602
29222.690755,2631692044,2631692638,8839,594
29222.702786,2631695866,2631696463,9233,597
29222.714806,2631699688,2631700290,9278,602
29222.726821,2631703453,2631704047,8881,594
29222.738856,2631707270,2631707848,9245,578
29222.750870,2631711078,2631711675,9288,597
29222.762889,2631714993,2631715566,11946,573
29222.774920,2631718913,2631719513,12067,600
29222.786941,2631722746,2631723343,9281,597
29222.798960,2631726510,2631727084,8948,574
29222.810996,2631730292,2631730873,9161,581
29222.823008,2631734065,2631734659,9217,594
29222.835029,2631737996,2631738570,11951,574
29222.847060,2631741917,2631742519,12078,602
29222.859080,2631745996,2631746588,12031,592
29222.871101,2631749980,2631750574,11826,594
29222.895146,2631757570,2631758170,9255,600
29222.907169,2631761610,2631762210,11842,600
29222.919198,2631765606,2631766208,12073,602
29222.931213,2631769419,2631770013,9248,594
29222.943236,2631773188,2631773790,8964,602
29222.955265,2631777101,2631777675,11967,574
29222.967284,2631781019,2631781612,11940,593
29222.979307,2631784921,2631785516,11839,595
29222.991334,2631788861,2631789463,12072,602
29223.001848,2631792223,2631792796,8975,573
29223.013880,2631796009,2631796591,9193,582
29223.025895,2631799799,2631800401,9207,602
29223.037919,2631803628,2631804184,8901,556
29223.049950,2631807382,2631807957,9137,575
29223.061965,2631811164,2631811760,9285,596
29223.073982,2631814979,2631815579,8855,600
29223.086018,2631818758,2631819332,9119,574
29223.098033,2631822574,2631823176,9229,602
29223.110057,2631826415,2631826988,8910,573
29223.122086,2631830189,2631830761,9163,572
29223.134101,2631833967,2631834564,9265,597
29223.146120,2631837884,2631838478,11826,594
29223.158150,2631841859,2631842466,12067,607
29223.170172,2631845887,2631846489,12113,602
29223.182193,2631849762,2631850341,8911,579
29223.194227,2631853588,2631854170,9159,582
29223.206242,2631857479,2631858092,9240,613
29223.218263,2631861281,2631861854,8947,573
29223.230295,2631865061,2631865637,9245,576
29223.242306,2631868993,2631869594,12058,601
29223.254330,2631872789,2631873362,8942,573
29223.266362,2631876579,2631877155,9206,576
29223.278379,2631880386,2631880982,9272,596
29223.290394,2631884154,2631884749,8851,595
29223.302430,2631887951,2631888525,9219,574
29223.314446,2631891764,2631892361,9244,597
29223.326467,2631895554,2631896133,8909,579
29223.338501,2631899323,2631899896,9192,573
29223.350514,2631903127,2631903722,9276,595
29223.362532,2631907075,2631907649,11955,574
29223.374564,2631911029,2631911626,12084,597
29223.386585,2631914890,2631915486,9208,596
29223.398605,2631918661,2631919234,8909,573
29223.410635,2631922472,2631923048,9213,576
29223.422652,2631926271,2631926873,9274,602
29223.434672,2631930062,2631930641,8950,579
29223.446701,2631933866,2631934468,9244,602
29223.458721,2631937835,2631938437,12072,602
29223.470742,2631941574,2631942162,8941,588
29223.482769,2631945381,2631945978,9229,597
29223.494788,2631949235,2631949832,9283,597
29223.506805,2631952988,2631953581,8896,593
29223.518836,2631956800,2631957402,9219,602
29223.530856,2631960665,2631961267,9251,602
29223.542874,2631964430,2631965029,8957,599
29223.554911,2631968241,2631968813,9227,572
29223.566926,2631972043,2631972640,9252,597
29223.578948,2631975963,2631976558,11845,595
29223.590973,2631979919,2631980522,12064,603
29223.602993,2631983742,2631984335,9204,593
29223.615017,2631987603,2631988198,11850,595
29223.627046,2631991451,2631992028,9163,577
29223.639063,2631995490,2631996092,12042,602
29223.651080,2631999471,2632000045,11953,574
29223.663113,2632003412,2632003988,11966,576
29223.675132,2632007421,2632008013,12042,592
29223.687153,2632011377,2632011965,11836,588
29223.699181,2632015378,2632015959,11940,581
29223.711197,2632019263,2632019861,11912,598
29223.723224,2632023296,2632023901,11858,605
29223.735249,2632027299,2632027874,11938,575
29223.747267,2632031063,2632031661,9218,598
29223.759289,2632034865,2632035438,8995,573
29223.771321,2632038728,2632039326,12104,598
29223.783335,2632042672,2632043258,11902,586
29223.793869,2632045973,2632046550,9257,577
29223.805884,2632049761,2632050358,9230,597
29223.817903,2632053597,2632054170,8920,573
29223.829932,2632057390,2632057966,9222,576
29223.841945,2632061159,2632061756,9239,597
29223.853967,2632064948,2632065525,8888,577
29223.866002,2632068697,2632069272,9160,575
29223.878020,2632072484,2632073081,9272,597
29223.890035,2632076295,2632076889,8833,594
29223.902072,2632080073,2632080654,9169,581
29223.914087,2632083794,2632084391,9238,597
29223.926109,2632087618,2632088191,8960,573
29223.938138,2632091412,2632091992,9201,580
29223.950154,2632095155,2632095753,9157,598
29223.962175,2632099102,2632099675,11996,573
29223.974202,2632103031,2632103623,12084,592
29223.986224,2632106883,2632107475,9254,592
29223.998244,2632110656,2632111230,8914,574
29224.010279,2632114418,2632114999,9212,581
29224.022293,2632118231,2632118833,9286,602
29224.034315,2632122016,2632122595,8948,579
29224.046346,2632125792,2632126369,9185,577
29224.058358,2632129568,2632130168,9213,600
29224.070384,2632133306,2632133878,8918,572
29224.082414,2632137073,2632137653,9219,580
29224.094431,2632140880,2632141482,9308,602
29224.106452,2632144674,2632145248,8958,574
29224.118483,2632148461,2632149037,9147,576
29224.130498,2632152280,2632152882,9283,602
29224.142518,2632156066,2632156640,8970,574
29224.154550,2632159863,2632160438,9198,575
29224.166568,2632163660,2632164257,9291,597
29224.178588,2632167623,2632168197,11958,574
29224.190614,2632171549,2632172151,12104,602
29224.202637,2632175389,2632175986,9298,597
29224.214657,2632179173,2632179746,8953,573
29224.226689,2632182937,2632183519,9241,582
29224.237197,2632186407,2632187002,11978,595
29224.274768,2632197977,2632198583,12046,606
29224.322859,2632212683,2632213277,11823,594
29224.334892,2632216521,2632217097,9190,576
29224.346909,2632220338,2632220940,9232,602
29224.358932,2632224074,2632224647,8949,573
29224.370955,2632227852,2632228455,9155,603
29224.382978,2632231665,2632232262,9279,597
29224.395000,2632235565,2632236160,11847,595
29224.407027,2632239514,2632240111,12087,597
29224.419037,2632243458,2632244053,11848,595
29224.431067,2632247411,2632248006,11816,595
29224.443097,2632251435,2632252016,12006,581
29224.455110,2632255363,2632255961,11846,598
29224.467137,2632259391,2632259985,11822,594
29224.479166,2632263300,2632263882,9157,582
29224.491184,2632267237,2632267834,12041,597
29224.503200,2632271123,2632271696,11947,573
29224.515231,2632275066,2632275642,11943,576
29224.527247,2632278917,2632279510,11850,593
29224.539276,2632282934,2632283534,11822,600
29224.551302,2632286866,2632287467,12074,601
29224.563319,2632290676,2632291274,9162,598
29224.575334,2632294419,2632295008,8865,589
29224.585863,2632297749,2632298341,9311,592
29224.597888,2632301570,2632302144,8991,574
29224.609920,2632305331,2632305906,9234,575
29224.621931,2632309100,2632309690,12057,590
29224.710595,2632336001,2632336575,11954,574
29224.722625,2632339795,2632340403,9183,608
29224.734644,2632343749,2632344346,9244,597
29224.746668,2632347523,2632348096,8953,573
29224.758703,2632351286,2632351867,9229,581
29224.770717,2632355104,2632355704,9244,600
29224.782736,2632358869,2632359448,9014,579
29224.794766,2632362774,2632363376,12110,602
29224.806783,2632366756,2632367352,12058,596
29224.818808,2632370492,2632371066,8944,574
29224.830839,2632374273,2632374849,9189,576
29224.842853,2632378068,2632378665,9230,597
29224.854867,2632381838,2632382437,8852,599
29224.866898,2632385660,2632386251,9255,591
29224.878921,2632389474,2632390071,9252,597
29224.890936,2632393274,2632393850,8872,576
29224.902973,2632397038,2632397613,9203,575
29224.914986,2632400837,2632401430,9199,593
29224.927012,2632404704,2632405294,11846,590
29224.939035,2632408681,2632409283,9212,602
29224.978106,2632420658,2632421256,11883,598
29224.999148,2632427347,2632427940,11841,593
29225.011176,2632431414,2632431990,11941,576
29225.023185,2632435314,2632435908,11836,594
29225.035215,2632439204,2632439799,11819,595
29225.047243,2632443162,2632443744,11941,582
29225.059256,2632447062,2632447657,11894,595
29225.071287,2632450947,2632451521,11969,574
29225.083316,2632454896,2632455471,12018,575
29225.095330,2632458674,2632459267,9198,593
29225.105863,2632462010,2632462462,7526,452
29225.117878,2632465683,2632466280,9262,597
29225.129900,2632469487,2632470062,9021,575
29225.141928,2632473381,2632473962,9217,581
29225.153944,2632477161,2632477762,9260,601
29225.165969,2632480969,2632481527,8964,558
29225.177997,2632484730,2632485306,11995,576
29225.190014,2632488543,2632489140,12062,597
29225.202039,2632492334,2632492908,8957,574
29225.214064,2632496134,2632496710,9183,576
29225.226079,2632499945,2632500537,9257,592
29225.238105,2632503759,2632504334,8966,575
29225.250137,2632507494,2632508074,9158,580
29225.262151,2632511261,2632511854,9230,593
29225.274173,2632515092,2632515674,8950,582
29225.286201,2632518894,2632519469,9195,575
29225.308331,2632526200,2632526796,12024,596
29225.322271,2632530657,2632531254,12041,597
29225.334295,2632534519,2632535121,9199,602
29225.346312,2632538378,2632538975,8956,597
29225.358340,2632542205,2632542781,8904,576
29225.370363,2632546042,2632546642,9227,600
29225.382380,2632549907,2632550503,8945,596
29225.394408,2632553900,2632554497,12040,597
29225.406430,2632557899,2632558501,12102,602
29225.418450,2632561772,2632562364,9012,592
29225.430478,2632565594,2632566176,8924,582
29225.442500,2632569444,2632570035,9238,591
29225.454519,2632573285,2632573888,8970,603
29225.466546,2632577125,2632577707,8856,582
29225.478568,2632580955,2632581557,9238,602
29225.490587,2632584806,2632585402,9002,596
29225.502614,2632588642,2632589222,8919,580
29225.514636,2632592485,2632593087,9227,602
29225.526652,2632596470,2632597070,11820,600
29225.538683,2632600308,2632600904,8947,596
29225.550702,2632604202,2632604804,9218,602
29225.562722,2632608058,2632608660,8935,602
29225.574750,2632611890,2632612487,8932,597
29225.586771,2632615752,2632616352,9206,600
29225.598789,2632619607,2632620209,8931,602
29225.610820,2632623627,2632624204,11938,577
29225.622838,2632627594,2632628189,12072,595
29225.673940,2632643361,2632643943,8930,582
29225.685962,2632647195,2632647799,9247,604
29225.697980,2632651056,2632651653,8924,597
29225.710005,2632654939,2632655547,12047,608
29225.722030,2632658839,2632659441,12107,602
29225.734049,2632662716,2632663312,8987,596
29225.746076,2632666557,2632667133,8895,576
29225.758099,2632670643,2632671245,12077,602
29225.770118,2632674513,2632675114,8977,601
29225.782146,2632678359,2632678940,8930,581
29225.794167,2632682308,2632682910,12067,602
29225.806183,2632686424,2632687026,11989,602
29225.818215,2632690268,2632690844,8897,576
29225.830237,2632694108,2632694704,9201,596
29225.842255,2632697933,2632698530,8968,597
29225.854283,2632701770,2632702348,8876,578
29225.866305,2632705632,2632706229,9222,597
29225.878324,2632709506,2632710107,8955,601
29225.890352,2632713351,2632713928,8891,577
29225.900863,2632716870,2632717467,11980,597
29225.912893,2632720819,2632721416,12066,597
29225.926419,2632725296,2632725898,12037,602
29225.938442,2632729312,2632729909,12101,597
29225.950461,2632733171,2632733768,8957,597
29225.962488,2632737016,2632737598,8869,582
29225.972998,2632740532,2632741134,11964,602
29225.991035,2632746227,2632746823,8966,596
29226.003064,2632750282,2632750882,12061,600
29226.015087,2632754411,2632755003,12130,592
29226.027103,2632758507,2632759107,11823,600
29226.039130,2632762482,2632763078,12058,596
29226.051156,2632766530,2632767121,12085,591
29226.063172,2632770451,2632771048,8930,597
29226.075201,2632774508,2632775110,12068,602
29226.087221,2632778516,2632779119,12069,603
29226.099239,2632782465,2632783054,11857,589
29226.111267,2632786305,2632786902,8926,597
29226.123291,2632790166,2632790762,9203,596
29226.135309,2632794004,2632794600,8963,596
29226.147336,2632797995,2632798603,12039,608
29226.157855,2632801416,2632801863,7619,447
29226.169884,2632805124,2632805705,8909,581
29226.181907,2632808977,2632809585,9240,608
29226.193925,2632812842,2632813439,8911,597
29226.205952,2632816709,2632817312,12063,603
29226.217974,2632820583,2632821180,9256,597
29226.229993,2632824448,2632825045,8976,597
29226.242024,2632828318,2632828899,8906,581
29226.254044,2632832168,2632832771,9220,603
29226.266061,2632836045,2632836636,8990,591
29226.278089,2632839885,2632840467,8902,582
29226.290108,2632843696,2632844302,9120,606
29226.302130,2632847548,2632848154,8990,606
29226.314157,2632851393,2632851969,8934,576
29226.326180,2632855352,2632855949,12086,597
29226.338195,2632859327,2632859925,11968,598
29226.350224,2632863291,2632863888,12060,597
29226.362250,2632867140,2632867736,9242,596
29226.374266,2632871001,2632871603,8968,602
29226.386293,2632874844,2632875420,8861,576
29226.398316,2632878692,2632879294,9160,602
29226.410328,2632882689,2632883283,11804,594
29226.422361,2632886671,2632887268,12066,597
29226.434383,2632890530,2632891132,9238,602
29226.464436,2632899910,2632900360,7551,450
29226.485481,2632906367,2632906941,8916,574
29226.502014,2632911605,2632912205,9223,600
29226.514032,2632915475,2632916072,8980,597
29226.526057,2632919428,2632920025,12033,597
29226.538080,2632923352,2632923954,12087,602
29226.550100,2632927225,2632927827,8954,602
29226.562128,2632931060,2632931642,8931,582
29226.574152,2632935144,2632935741,12085,597
29226.586170,2632939007,2632939612,8957,605
29226.598198,2632942844,2632943426,8889,582
29226.610220,2632946806,2632947408,12020,602
29226.622235,2632950822,2632951413,11994,591
29226.689864,2632971859,2632972462,11985,603
29226.725934,2632983035,2632983630,11848,595
29226.737964,2632986893,2632987495,12064,602
29226.749984,2632990750,2632991354,9201,604
29226.762005,2632994614,2632995216,8956,602
29226.774032,2632998599,2632999181,8892,582
29226.786055,2633002435,2633003041,9247,606
29226.798073,2633006289,2633006891,8984,602
29226.810099,2633010236,2633010838,12040,602
29226.822124,2633014205,2633014802,12106,597
29226.834142,2633018088,2633018685,8950,597
29226.846170,2633021931,2633022513,8869,582
29226.858193,2633025762,2633026364,9266,602
29226.870207,2633029728,2633030327,11982,599
29226.882238,2633033559,2633034141,8894,582
29226.894261,2633037395,2633037992,9273,597
29226.906279,2633041248,2633041845,9017,597
29226.918304,2633045270,2633045870,12038,600
29226.934832,2633050519,2633051118,9224,599
29226.946855,2633054487,2633055082,11825,595
29226.958883,2633058504,2633059086,11963,582
29226.969395,2633062000,2633062606,11990,606
29226.987429,2633067846,2633068441,11844,595
29226.997958,2633071257,2633071854,12082,597
29227.009970,2633075195,2633075794,11802,599
29227.022004,2633079041,2633079638,12063,597
29227.034027,2633082933,2633083530,9218,597
29227.046045,2633086799,2633087402,8939,603
29227.058076,2633090660,2633091237,8880,577
29227.070096,2633094494,2633095097,9245,603
29227.082113,2633098376,2633098983,8940,607
29227.094141,2633102222,2633102798,8894,576
29227.106164,2633106059,2633106661,9207,602
29227.118182,2633109941,2633110541,8932,600
29227.130210,2633113786,2633114368,8890,582
29227.142230,2633117743,2633118344,12079,601
29227.154247,2633121759,2633122361,11972,602
29227.166278,2633125603,2633126180,8889,577
29227.178301,2633129445,2633130047,9229,602
29227.190318,2633133327,2633133929,8968,602
29227.202345,2633137169,2633137745,8922,576
29227.214368,2633141001,2633141603,9280,602
29227.226380,2633144986,2633145581,11807,595
29227.238413,2633148975,2633149572,12056,597
29227.250436,2633152823,2633153420,9184,597
29227.262453,2633156655,2633157246,8991,591
29227.274485,2633160526,2633161108,8906,582
29227.286505,2633164370,2633164968,9254,598
29227.298523,2633168247,2633168849,8959,602
29227.310551,2633172095,2633172677,8898,582
29227.322574,2633175950,2633176545,9192,595
29227.334592,2633179797,2633180397,8988,600
29227.346619,2633183639,2633184216,8868,577
29227.358641,2633187652,2633188254,12088,602
29227.370657,2633191672,2633192275,11978,603
29227.382688,2633195508,2633196090,8866,582
29227.394710,2633199356,2633199953,9205,597
29227.406729,2633203222,2633203824,8975,602
29227.418757,2633207053,2633207634,8938,581
29227.430779,2633210884,2633211492,9258,608
29227.442796,2633214864,2633215459,11818,595
29227.454824,2633218829,2633219426,12056,597
29227.466845,2633222684,2633223281,9212,597
29227.478864,2633226520,2633227122,8996,602
29227.490892,2633230361,2633230969,8974,608
29227.502914,2633234233,2633234841,9220,608
29227.514933,2633238082,2633238674,8964,592
29227.526961,2633241924,2633242526,8877,602
29227.538982,2633245788,2633246385,9181,597
29227.551001,2633249630,2633250230,9003,600
29227.563029,2633253620,2633254218,12057,598
29227.575053,2633257697,2633258299,12084,602
29227.587068,2633261754,2633262349,11840,595
29227.599099,2633265745,2633266327,8900,582
29227.611122,2633269687,2633270283,9290,596
29227.623140,2633273567,2633274169,8985,602
29227.692277,2633295210,2633295807,12070,597
29227.782447,2633323030,2633323631,9203,601
29227.794467,2633326924,2633327520,9000,596
29227.806499,2633330783,2633331365,8970,582
29227.818519,2633334621,2633335222,9290,601
29227.830536,2633338509,2633339106,8997,597
29227.842564,2633342518,2633343094,11934,576
29227.854584,2633346477,2633347078,12102,601
29227.866605,2633350350,2633350952,8963,602
29227.878633,2633354196,2633354773,8888,577
29227.890652,2633358008,2633358609,9213,601
29227.902673,2633361894,2633362498,8986,604
29227.914701,2633365755,2633366337,8909,582
29227.926721,2633369571,2633370171,9176,600
29227.938742,2633373435,2633374037,8932,602
29227.950770,2633377271,2633377851,8911,580
29227.962793,2633381114,2633381715,9212,601
29227.974808,2633385119,2633385713,11815,594
29227.986838,2633389113,2633389709,12056,596
29228.001855,2633393948,2633394547,11819,599
29228.037928,2633405134,2633405737,11996,603
29228.049958,2633408982,2633409543,8903,561
29228.061978,2633412741,2633413337,9200,596
29228.073998,2633416617,2633417224,9004,607
29228.086027,2633420443,2633421045,8853,602
29228.098049,2633424276,2633424883,9253,607
29228.110067,2633428125,2633428722,8962,597
29228.122095,2633431967,2633432549,8939,582
29228.134118,2633435801,2633436401,9249,600
29228.146131,2633439650,2633440245,8832,595
29228.158164,2633443611,2633444187,11918,576
29228.170184,2633447533,2633448129,12096,596
29228.182197,2633451358,2633451963,8847,605
29228.194231,2633455229,2633455810,8940,581
29228.206255,2633459324,2633459937,9242,613
29228.218266,2633463226,2633463829,8828,603
29228.230300,2633467105,2633467686,8894,581
29228.242322,2633470981,2633471593,9191,612
29228.254336,2633475045,2633475648,11966,603
29228.266369,2633478899,2633479459,8883,560
29228.278392,2633482739,2633483340,9228,601
29228.290403,2633486542,2633487142,8877,600
29228.302438,2633490372,2633490974,8931,602
29228.314459,2633494228,2633494829,9218,601
29228.326473,2633498045,2633498646,8886,601
29228.338507,2633501888,2633502470,8906,582
29228.350527,2633505698,2633506296,9196,598
29228.362542,2633509519,2633510119,8933,600
29228.374576,2633513516,2633514098,11925,582
29228.386597,2633517507,2633518109,12096,602
29228.398610,2633521311,2633521911,8877,600
29228.410643,2633525188,2633525770,8877,582
29228.422666,2633529050,2633529652,9265,602
29228.434677,2633532862,2633533462,8873,600
29228.446708,2633536868,2633537445,11925,577
29228.458736,2633540817,2633541417,12142,600
29228.470749,2633544822,2633545420,11985,598
29228.482781,2633548645,2633549221,8929,576
29228.494803,2633552492,2633553094,9211,602
29228.506813,2633556308,2633556903,8877,595
29228.518848,2633560121,2633560725,8880,604
29228.530868,2633564006,2633564608,9205,602
29228.542883,2633567831,2633568425,8864,594
29228.554917,2633571663,2633572240,8895,577
29228.566936,2633575480,2633576078,9226,598
29228.578951,2633579260,2633579855,8884,595
29228.590986,2633583235,2633583836,12036,601
29228.603009,2633587270,2633587873,12109,603
29228.615018,2633591124,2633591724,8861,600
29228.627053,2633595012,2633595591,8912,579
29228.639076,2633599097,2633599694,12080,597
29228.651092,2633603096,2633603695,11878,599
29228.663123,2633607142,2633607744,12060,602
29228.675148,2633611186,2633611787,12139,601
29228.687164,2633615158,2633615755,11999,597
29228.699191,2633619130,2633619712,11921,582
29228.711215,2633623124,2633623721,12125,597
29228.723231,2633627043,2633627638,11847,595
29228.735261,2633630992,2633631601,12064,609
29228.747283,2633634937,2633635531,12144,594
29228.759294,2633638746,2633639341,8876,595
29228.771327,2633642629,2633643232,8915,603
29228.783353,2633646598,2633647202,12143,604
29228.793871,2633649955,2633650537,8954,582
29228.805896,2633653784,2633654391,9211,607
29228.817907,2633657862,2633658457,11808,595
29228.853981,2633669057,2633669660,11992,603
29228.866010,2633672914,2633673490,8914,576
29228.878030,2633676749,2633677345,9193,596
29228.966695,2633704018,2633704620,11849,602
29228.978725,2633707867,2633708449,8936,582
29228.998252,2633713964,2633714554,8922,590
29229.010286,2633717782,2633718364,8905,582
29229.022305,2633721780,2633722377,9229,597
29229.062880,2633734216,2633734812,9212,596
29229.074902,2633738206,2633738801,11824,595
29229.086929,2633742187,2633742783,12057,596
29229.098950,2633746038,2633746635,9261,597
29229.110963,2633749814,2633750409,8881,595
29229.122996,2633753638,2633754241,8897,603
29229.135022,2633757625,2633758227,12084,602
29229.147039,2633761593,2633762193,11850,600
29229.159066,2633765472,2633766080,8917,608
29229.171088,2633769437,2633770034,9224,597
29229.183100,2633773311,2633773913,8875,602
29229.195134,2633777361,2633777943,11940,582
29229.207159,2633781337,2633781940,12080,603
29229.219174,2633785279,2633785873,11851,594
29229.231201,2633789280,2633789862,11944,582
29229.243225,2633793364,2633793961,12078,597
29229.255240,2633797309,2633797904,11838,595
29229.267271,2633801279,2633801881,12062,602
29229.279293,2633805273,2633805876,12082,603
29229.291311,2633809223,2633809818,11821,595
29229.303341,2633813342,2633813944,12060,602
29229.318364,2633818027,2633818622,8909,595
29229.330394,2633821848,2633822424,9151,576
29229.342406,2633825628,2633826228,9188,600
29229.354426,2633829422,2633829999,8866,577
29229.366461,2633833210,2633833784,9177,574
29229.378473,2633836989,2633837589,9195,600
29229.390499,2633840932,2633841506,11970,574
29229.402526,2633844883,2633845480,12080,597
29229.414542,2633848693,2633849288,9199,595
29229.426563,2633852465,2633853042,8864,577
29229.438598,2633856277,2633856854,9205,577
29229.450609,2633860060,2633860658,9179,598
29229.462637,2633863858,2633864431,8958,573
29229.474668,2633867760,2633868337,11984,577
29229.486685,2633871715,2633872311,12110,596
29229.498707,2633875485,2633876059,8988,574
29229.510736,2633879284,2633879866,9214,582
29229.522748,2633883034,2633883626,9201,592
29229.534774,2633886777,2633887372,8906,595
29229.546804,2633890587,2633891167,9184,580
29229.558816,2633894410,2633895005,9197,595
29229.570838,2633898192,2633898768,8857,576
29229.582875,2633901951,2633902524,9215,573
29229.594882,2633905691,2633906286,9172,595
29229.606912,2633909634,2633910213,11970,579
29229.618938,2633913580,2633914171,12090,591
29229.630957,2633917415,2633918011,9251,596
29229.642976,2633921187,2633921761,8957,574
29229.655010,2633925058,2633925640,12018,582
29229.667017,2633929009,2633929608,11840,599
29229.679046,2633932970,2633933570,11842,600
29229.691076,2633936989,2633937566,11975,577
29229.703094,2633941023,2633941619,12040,596
29229.715113,2633944961,2633945535,11953,574
29229.727144,2633948940,2633949522,12002,582
29229.739157,2633952807,2633953406,11821,599
29229.751186,2633956710,2633957310,11860,600
29229.763215,2633960623,2633961220,12109,597
29229.775231,2633964426,2633965031,9208,605
29229.787249,2633968181,2633968786,8853,605
29229.799285,2633972111,2633972711,12109,600
29229.811290,2633976040,2633976634,11879,594
29229.823321,2633979944,2633980517,11970,573
29229.833841,2633983267,2633983862,9228,595
29229.869910,2633994329,2633994930,9218,601
29229.970611,2634024831,2634025432,12113,601
29229.982627,2634028668,2634029273,9248,605
29230.035224,2634044769,2634045368,11828,599
29230.047252,2634048738,2634049340,12081,602
29230.059264,2634052671,2634053271,11882,600
29230.071296,2634056574,2634057168,11828,594
29230.083326,2634060490,2634061071,11978,581
29230.095333,2634064383,2634064982,11829,599
29230.105870,2634067741,2634068323,9263,582
29230.117880,2634071467,2634072062,9141,595
29230.129909,2634075230,2634075804,8919,574
29230.141941,2634079009,2634079591,9198,582
29230.153950,2634082786,2634083386,9178,600
29230.165977,2634086579,2634087151,8936,572
29230.178007,2634090350,2634090932,9235,582
29230.190014,2634094162,2634094767,11928,605
29230.202043,2634098022,2634098622,11834,600
29230.214075,2634101819,2634102395,9179,576
29230.226089,2634105578,2634106176,9195,598
29230.238113,2634109380,2634109954,8953,574
29230.250142,2634113198,2634113775,9187,577
29230.278690,2634122060,2634122634,12022,574
29230.290718,2634125878,2634126454,9189,576
29230.302736,2634129806,2634130403,12088,597
29230.314757,2634133563,2634134137,8983,574
29230.326787,2634137389,2634137966,9124,577
29230.338799,2634141112,2634141704,9156,592
29230.350823,2634144867,2634145467,8849,600
29230.362857,2634148689,2634149270,9214,581
29230.374865,2634152496,2634153096,9125,600
29230.386894,2634156277,2634156875,8919,598
29230.398923,2634160076,2634160649,9221,573
29230.410933,2634163844,2634164444,9173,600
29230.422963,2634167785,2634168380,11819,595
29230.434990,2634171733,2634172335,12115,602
29230.447002,2634175543,2634176137,9153,594
29230.459032,2634179446,2634180019,11962,573
29230.471060,2634183375,2634183950,11983,575
29230.483071,2634187349,2634187948,11864,599
29230.495100,2634191333,2634191907,11965,574
29230.507126,2634195199,2634195795,9178,596
29230.519146,2634199155,2634199752,12044,597
29230.531167,2634203028,2634203623,11858,595
29230.543196,2634207011,2634207607,12100,596
29230.555207,2634210924,2634211519,11863,595
29230.567239,2634214805,2634215405,11818,600
29230.579266,2634218767,2634219344,11960,577
29230.591277,2634222549,2634223144,9146,595
29230.603305,2634226327,2634226925,8965,598
29230.615333,2634230232,2634230832,12095,600
29230.625850,2634233592,2634234024,7557,432
29230.636368,2634237087,2634237690,12026,603
29230.646893,2634241676,2634242798,15831,1122
29230.657409,2634249922,2634251062,16289,1140
29230.743070,2634277846,2634278451,11819,605
29230.755101,2634281974,2634282550,12008,576
29230.767111,2634285989,2634286593,11865,604
29230.779142,2634289982,2634290577,11815,595
29230.791172,2634293839,2634294416,9159,577
29230.803189,2634297616,2634298219,9309,603
29230.815205,2634301544,2634302116,11953,572
29230.827236,2634305465,2634306042,11961,577
29230.839248,2634309365,2634309970,11862,605
29230.851279,2634313250,2634313839,11833,589
29230.863306,2634317203,2634317794,12123,591
29230.875316,2634321120,2634321719,11903,599
29230.887346,2634325017,2634325612,11814,595
29230.897869,2634328405,2634329017,9240,612
29230.909892,2634332261,2634332835,8960,574
29230.921925,2634336083,2634336515,7407,432
29230.933936,2634339703,2634340302,9200,599
29230.945960,2634343506,2634344086,8936,580
29230.957992,2634347296,2634347873,9133,577
29230.970001,2634351072,2634351667,9123,595
29230.982027,2634354844,2634355417,8949,573
29230.994059,2634358622,2634359204,9192,582
29231.006066,2634362441,2634363041,11926,600
29231.018094,2634366358,2634366953,11824,595
29231.030128,2634370179,2634370756,9217,577
29231.042142,2634374011,2634374604,9211,593
29231.054166,2634377807,2634378386,8991,579
29231.066193,2634381632,2634382209,9153,577
29231.078208,2634385385,2634385985,9142,600
29231.090234,2634389204,2634389784,8928,580
29231.102265,2634392970,2634393551,9183,581
29231.114274,2634396761,2634397364,9131,603
29231.126303,2634400595,2634401170,8982,575
29231.138334,2634404368,2634404947,9232,579
29231.150343,2634408153,2634408753,9212,600
29231.162372,2634411954,2634412533,8995,579
29231.174402,2634415711,2634416293,9230,582
29231.186416,2634419522,2634420122,9203,600
29231.198441,2634423321,2634423894,8924,573
29231.210469,2634427129,2634427711,9200,582
29231.222477,2634431040,2634431633,11826,593
29231.234507,2634434943,2634435538,11770,595
29231.246537,2634438764,2634439341,9185,577
29231.258547,2634442542,2634443137,9150,595
29231.270577,2634446323,2634446897,8996,574
29231.282606,2634450130,2634450712,9246,582
29231.294618,2634453876,2634454474,9145,598
29231.306646,2634457686,2634458265,8936,579
29231.318675,2634461503,2634462079,9197,576
29231.330685,2634465285,2634465869,9170,584
29231.342712,2634469028,2634469608,8910,580
29231.354745,2634472852,2634473434,9238,582
29231.366754,2634476602,2634477196,9165,594
29231.378779,2634480390,2634480965,8965,575
29231.390812,2634484159,2634484734,9220,575
29231.402820,2634487924,2634488524,9159,600
29231.414847,2634491699,2634492276,8933,577
29231.426879,2634495510,2634496087,9217,577
29231.438888,2634499417,2634500012,11835,595
29231.450915,2634503325,2634503914,11801,589
29231.462946,2634507161,2634507757,9175,596
29231.474957,2634510968,2634511557,9152,589
29231.486984,2634514720,2634515294,8934,574
29231.499012,2634518532,2634519140,9202,608
29231.511027,2634522559,2634523158,11838,599
29231.523054,2634526373,2634526973,8856,600
29231.535084,2634530316,2634530893,9206,577
29231.547095,2634534313,2634534906,11822,593
29231.559123,2634538299,2634538879,11965,580
29231.571152,2634542351,2634542948,12070,597
29231.583158,2634546318,2634546913,11857,595
29231.595194,2634550170,2634550765,11818,595
29231.607220,2634553988,2634554580,9226,592
29231.619233,2634557775,2634558369,9167,594
29231.667330,2634572514,2634573114,11838,600
29231.679358,2634576475,2634577077,12097,602
29231.689870,2634579816,2634580393,8865,577
29231.701907,2634583595,2634584177,9211,582
29231.713917,2634587366,2634587965,9126,599
29231.725942,2634591160,2634591740,8998,580
29231.737973,2634594981,2634595563,11962,582
29231.749979,2634598773,2634599367,11866,594
29231.762014,2634602540,2634603114,8981,574
29231.774043,2634606284,2634606859,9126,575
29231.786053,2634610067,2634610662,9146,595
29231.798081,2634613880,2634614453,8971,573
29231.810111,2634617650,2634618226,9119,576
29231.822118,2634621562,2634622157,11960,595
29231.834147,2634625437,2634626032,11831,595
29231.846179,2634629214,2634629796,9210,582
29231.858192,2634633035,2634633635,9143,600
29231.870216,2634636809,2634637398,8889,589
29231.882246,2634640629,2634641211,9215,582
29232.074602,2634683949,2634684542,9238,593
29232.086624,2634686847,2634687441,8943,594
29232.098654,2634690229,2634690815,9273,586
29232.110670,2634693952,2634694552,9196,600
29232.122696,2634697775,2634698349,9027,574
29232.134729,2634701559,2634702141,9229,582
29232.146736,2634705328,2634705937,9214,609
29232.158764,2634709130,2634709704,8957,574
29232.170792,2634713059,2634713636,11936,577
29232.182805,2634716846,2634717435,9118,589
29232.194832,2634720589,2634721163,8911,574
29232.206867,2634724362,2634724937,9257,575
29232.218872,2634728160,2634728760,9205,600
29232.230900,2634731938,2634732537,8919,599
29232.242932,2634735795,2634736374,9199,579
29232.254943,2634739696,2634740295,11852,599
29232.266965,2634743595,2634744190,11804,595
29232.278995,2634747430,2634748027,9186,597
29232.291010,2634751313,2634751908,9186,595
29232.303039,2634755206,2634755801,11817,595
29232.315069,2634759193,2634759768,11969,575
29232.327080,2634763160,2634763748,11846,588
29232.339104,2634767037,2634767631,8923,594
29232.351134,2634770984,2634771587,9252,603
29232.363144,2634774986,2634775596,11865,610
29232.375176,2634778905,2634779480,11961,575
29232.387205,2634782835,2634783433,12084,598
29232.399214,2634786772,2634787372,11887,600
29232.411245,2634790653,2634791248,11835,595
29232.423274,2634794442,2634795024,9254,582
29232.435285,2634798217,2634798817,9239,600
29232.447313,2634802137,2634802735,11838,598
29232.459343,2634806050,2634806645,12101,595
29232.469852,2634809375,2634809952,8919,577
29232.481891,2634813124,2634813700,9178,576
29232.493903,2634816920,2634817516,9203,596
29232.505929,2634820740,2634821315,8949,575
29232.517958,2634824508,2634825085,9201,577
29232.529967,2634828290,2634828894,9109,604
29232.541995,2634832111,2634832685,9008,574
29232.554023,2634835931,2634836513,11947,582
29232.566036,2634839691,2634840290,11910,599
29232.578064,2634843462,2634844037,8906,575
29232.590094,2634847262,2634847844,9148,582
29232.602105,2634851064,2634851659,9165,595
29232.614133,2634854869,2634855447,8986,578
29232.626161,2634858798,2634859375,12005,577
29232.638170,2634862704,2634863299,11925,595
29232.650198,2634866631,2634867207,11829,576
29232.662233,2634870397,2634870974,9234,577
29232.674245,2634874206,2634874806,9177,600
29232.686270,2634878005,2634878580,8972,575
29232.698297,2634881835,2634882418,9149,583
29232.890654,2634927353,2634927947,9224,594
29232.902672,2634930247,2634930835,8946,588
29232.914705,2634933562,2634934164,9283,602
29232.926721,2634937384,2634937978,9192,594
29232.938749,2634941172,2634941746,8969,574
29232.950778,2634944964,2634945546,9225,582
29232.962789,2634948763,2634949367,9176,604
29232.974816,2634952556,2634953130,8963,574
29232.986845,2634956515,2634957097,11936,582
29232.998851,2634960436,2634961031,11885,595
29233.010883,2634964197,2634964771,8981,574
29233.022916,2634967977,2634968558,9206,581
29233.034924,2634971756,2634972345,9178,589
29233.046948,2634975496,2634976095,8890,599
29233.058981,2634979308,2634979909,9234,601
29233.070995,2634983222,2634983815,11893,593
29233.083021,2634987109,2634987704,11879,595
29233.095047,2634991140,2634991738,12079,598
29233.107067,2634995073,2634995662,9172,589
29233.119086,2634999060,2634999634,11942,574
29233.131118,2635003077,2635003685,12086,608
29233.143127,2635007084,2635007673,11873,589
29233.155156,2635010864,2635011459,8906,595
29233.167184,2635014764,2635015365,9222,601
29233.179197,2635018693,2635019297,11869,604
29233.191229,2635022596,2635023169,11964,573
29233.203257,2635026550,2635027147,12070,597
29233.215272,2635030594,2635031199,11882,605
29233.227301,2635034497,2635035105,8950,608
29233.239322,2635038425,2635039033,9232,608
29233.251336,2635042283,2635042894,8871,611
29233.261867,2635045721,2635046326,9226,605
29233.273888,2635049648,2635050261,9021,613
29233.285912,2635053453,2635054027,8973,574
29233.297941,2635057232,2635057809,9222,577
29233.309956,2635061088,2635061690,9278,602
29233.321979,2635064903,2635065477,8912,574
29233.334009,2635068685,2635069262,9229,577
29233.346019,2635072465,2635073063,9185,598
29233.358047,2635076282,2635076857,8951,575
29233.370075,2635080172,2635080753,11954,581
29233.382082,2635084059,2635084659,11858,600
29233.394116,2635087866,2635088440,8961,574
29233.406148,2635091660,2635092234,9228,574
29233.418157,2635095425,2635096031,9098,606
29233.430184,2635099255,2635099828,8918,573
29233.442214,2635103055,2635103631,9208,576
29233.454222,2635106975,2635107580,11926,605
29233.466250,2635110956,2635111532,11842,576
29233.478283,2635114745,2635115322,9262,577
29233.490294,2635118503,2635119098,9184,595
29233.502322,2635122292,2635122872,8976,580
29233.514349,2635126112,2635126694,9264,582
29233.622556,2635158914,2635159510,12131,596
29233.691681,2635174425,2635174854,3898,429
29233.702197,2635177153,2635177748,7575,595
29233.714227,2635181247,2635181822,12005,575
29233.906595,2635210735,2635211311,9204,576
29233.918609,2635213723,2635214319,9294,596
29233.930638,2635216925,2635217538,9257,613
29233.942656,2635220214,2635220808,9176,594
29233.954683,2635223951,2635224525,8954,574
29233.966711,2635227744,2635228321,9216,577
29233.978721,2635231548,2635232146,9184,598
29233.990747,2635235333,2635235907,8954,574
29234.002775,2635239250,2635239830,11984,580
29234.014785,2635243213,2635243807,11870,594
29234.026819,2635246983,2635247558,8956,575
29234.038850,2635250769,2635251351,9201,582
29234.050856,2635254554,2635255149,9210,595
29234.062884,2635258341,2635258919,8989,578
29234.074914,2635262158,2635262739,9189,581
29234.086930,2635266061,2635266654,11931,593
29234.098949,2635270014,2635270606,11977,592
29234.110979,2635273838,2635274440,9215,602
29234.122998,2635277674,2635278274,9162,600
29234.135020,2635281489,2635282069,8990,580
29234.147054,2635285478,2635286055,12003,577
29234.159070,2635289482,2635290079,12084,597
29234.171093,2635293349,2635293924,9017,575
29234.183122,2635297172,2635297753,9224,581
29234.195130,2635301151,2635301755,11864,604
29234.207160,2635305144,2635305739,11820,595
29234.219189,2635309191,2635309768,11967,577
29234.231197,2635313180,2635313785,11835,605
29234.243227,2635317096,2635317671,11965,575
29234.255256,2635320864,2635321460,9043,596
29234.267272,2635324692,2635325287,9194,595
29234.279293,2635328578,2635329151,11956,573
29234.291322,2635332361,2635332962,9209,601
29234.303350,2635336289,2635336888,12001,599
29234.315364,2635340322,2635340925,11974,603
29234.328331,2635345002,2635345602,11971,600
29234.373975,2635358881,2635359461,11956,580
29234.386007,2635362705,2635363282,11950,577
29234.398015,2635366519,2635367113,11868,594
29234.410047,2635370356,2635370930,8962,574
29234.422075,2635374166,2635374748,9175,582
29234.434088,2635377949,2635378544,9139,595
29234.446117,2635381738,2635382311,8972,573
29234.458145,2635385520,2635386097,9219,577
29234.470158,2635389408,2635390007,11922,599
29234.482178,2635393368,2635393945,11806,577
29234.494217,2635397141,2635397718,9198,577
29234.506232,2635400940,2635401542,9264,602
29234.518249,2635404735,2635405315,8914,580
29234.530284,2635408666,2635409249,9195,583
29234.573860,2635421977,2635422426,7389,449
29234.585882,2635425706,2635426137,7506,431
29234.597916,2635429358,2635429809,7472,451
29234.609922,2635433008,2635433603,9181,595
29234.621943,2635436844,2635437427,11814,583
29234.633983,2635440636,2635441212,9220,576
29234.645993,2635444431,2635445030,9116,599
29234.658018,2635448240,2635448820,8894,580
29234.670047,2635452036,2635452612,12020,576
29234.682064,2635455911,2635456514,12062,603
29234.694088,2635459738,2635460313,8920,575
29234.706116,2635463540,2635464121,9219,581
29234.718133,2635467275,2635467874,9174,599
29234.730150,2635471194,2635471777,8825,583
29234.754199,2635478778,2635479378,12031,600
29234.766219,2635482602,2635483178,8858,576
29234.778256,2635486400,2635486980,9199,580
29234.790270,2635490167,2635490760,9218,593
29234.802291,2635494154,2635494754,11864,600
29234.814316,2635498106,2635498708,12107,602
29234.826338,2635502094,2635502694,9164,600
29234.838362,2635505928,2635506508,8953,580
29234.850395,2635509711,2635510293,9083,582
29234.860893,2635513091,2635513667,11806,576
29234.872932,2635517027,2635517601,12039,574
29234.889456,2635522179,2635522780,12030,601
29234.915003,2635530289,2635530886,11974,597
29234.925524,2635533746,2635534341,9228,595
29234.946568,2635540526,2635541106,12005,580
29234.957086,2635544033,2635544634,12031,601
29234.970604,2635548459,2635549058,11834,599
29234.993146,2635555573,2635556167,11842,594
29235.011179,2635561363,2635561957,11862,594
29235.023212,2635565269,2635565869,11819,600
29235.035242,2635569354,2635569931,11964,577
29235.047264,2635573271,2635573871,11956,600
29235.059277,2635577183,2635577757,11953,574
29235.071308,2635581145,2635581722,11964,577
29235.083320,2635584961,2635585561,9195,600
29235.095349,2635588837,2635589441,11859,604
29235.105868,2635592197,2635592786,9166,589
29235.117890,2635596035,2635596612,8893,577
29235.129924,2635599796,2635600401,9124,605
29235.141937,2635603757,2635604353,12029,596
29235.153958,2635607616,2635608193,8886,577
29235.165994,2635611379,2635611961,9231,582
29235.178004,2635615199,2635615797,9118,598
29235.190032,2635619008,2635619583,8935,575
29235.202061,2635622912,2635623493,11964,581
29235.214067,2635626810,2635627409,11881,599
29235.235115,2635633502,2635634102,11857,600
29235.247146,2635637535,2635638136,12067,601
29235.259153,2635641566,2635642160,11853,594
29235.271183,2635645464,2635646059,11816,595
29235.283212,2635649394,2635650002,12102,608
29235.295236,2635653340,2635653944,12001,604
29235.307248,2635657259,2635657864,8884,605
29235.319278,2635661232,2635661829,12079,597
29235.331299,2635665161,2635665752,12039,591
29235.343321,2635669201,2635669791,11841,590
29235.355348,2635673161,2635673763,12079,602
29235.365861,2635676498,2635677080,8901,582
29235.377898,2635680274,2635680852,9183,578
29235.389910,2635684065,2635684666,9187,601
29235.401927,2635688046,2635688628,11840,582
29235.419964,2635693645,2635694240,8910,595
29235.459044,2635705753,2635706354,12069,601
29235.471054,2635709792,2635710392,11859,600
29235.490609,2635715819,2635716397,9228,578
29235.502624,2635719665,2635720261,9242,596
29235.514644,2635723663,2635724246,11833,583
29235.526677,2635727505,2635728082,9175,577
29235.538687,2635731314,2635731909,9163,595
29235.550715,2635735173,2635735747,8964,574
29235.562746,2635738992,2635739575,9183,583
29235.574755,2635742798,2635743393,9141,595
29235.586786,2635746590,2635747164,8964,574
29235.598814,2635750385,2635750967,9230,582
29235.610822,2635754200,2635754798,9149,598
29235.622846,2635757985,2635758561,8859,576
29235.634882,2635761972,2635762554,11970,582
29235.646898,2635765938,2635766535,12059,597
29235.658921,2635769711,2635770286,8996,575
29235.670950,2635773499,2635774080,9197,581
29235.682960,2635777334,2635777929,9186,595
29235.694986,2635781084,2635781683,8863,599
29235.707014,2635784940,2635785543,9195,603
29235.719027,2635788929,2635789529,11866,600
29235.731049,2635792988,2635793565,11791,577
29235.743086,2635797009,2635797607,12040,598
29235.755104,2635800991,2635801586,9212,595
29235.767121,2635805002,2635805582,11951,580
29235.779154,2635809026,2635809607,11950,581
29235.791179,2635812928,2635813529,12013,601
29235.803192,2635816755,2635817354,8912,599
29235.815225,2635820565,2635821141,9226,576
29235.827236,2635824480,2635825079,11864,599
29235.839264,2635828403,2635828977,11959,574
29235.851292,2635832362,2635832944,11961,582
29235.863301,2635836263,2635836857,11834,594
29235.875332,2635840195,2635840775,11970,580
29235.885856,2635843561,2635844012,7412,451
29235.897872,2635847272,2635847849,8874,577
29235.909910,2635851035,2635851615,9184,580
29235.921923,2635854798,2635855391,9179,593
29235.933941,2635858663,2635859239,8894,576
29235.945972,2635862466,2635863069,9240,603
29235.956488,2635866027,2635866627,11846,600
29235.970012,2635870415,2635870989,11983,574
29235.986553,2635875564,2635876139,9215,575
29235.998568,2635879401,2635880004,9291,603
29236.010589,2635883216,2635883789,8985,573
29236.022620,2635887026,2635887608,9186,582
29236.034629,2635890980,2635891574,11878,594
29236.046655,2635894942,2635895542,11813,600
29236.058692,2635898783,2635899360,9217,577
29236.070700,2635902570,2635903169,9170,599
29236.082728,2635906337,2635906911,9026,574
29236.094758,2635910178,2635910758,9193,580
29236.106767,2635913986,2635914586,9161,600
29236.118794,2635917928,2635918507,11967,579
29236.130821,2635921979,2635922556,11959,577
29236.142840,2635925802,2635926394,9252,592
29236.154862,2635929554,2635930128,8956,574
29236.166896,2635933407,2635933988,9236,581
29236.178903,2635937194,2635937795,9159,601
29236.190930,2635940968,2635941563,8897,595
29236.202963,2635944787,2635945369,9220,582
29236.214978,2635948601,2635949198,9267,597
29236.226999,2635952514,2635953092,11967,578
29236.239028,2635956481,2635957083,12103,602
29236.251042,2635960487,2635961080,11847,593
29236.266087,2635965281,2635965858,9250,577
29236.278100,2635969066,2635969669,9215,603
29236.290120,2635972857,2635973451,8844,594
29236.302154,2635976667,2635977243,9195,576
29236.314168,2635980476,2635981084,9296,608
29236.326192,2635984276,2635984850,8952,574
29236.338223,2635988055,2635988637,9074,582
29236.350232,2635991840,2635992440,9120,600
29236.362258,2635995740,2635996343,8947,603
29236.378800,2636000913,2636001495,9237,582
29236.390813,2636004751,2636005353,9275,602
29236.402837,2636008547,2636009122,8941,575
29236.414869,2636012337,2636012914,9244,577
29236.426874,2636016137,2636016735,9201,598
29236.438901,2636019923,2636020524,8916,601
29236.450931,2636023933,2636024515,11954,582
29236.462947,2636027825,2636028424,11877,599
29236.474972,2636031588,2636032163,9019,575
29236.487002,2636035402,2636035979,9055,577
29236.499011,2636039234,2636039834,9195,600
29236.511041,2636043145,2636043744,11818,599
29236.523066,2636047206,2636047809,12076,603
29236.535095,2636051271,2636051872,12013,601
29236.547108,2636055294,2636055897,12003,603
29236.559138,2636059310,2636059887,11953,577
29236.571150,2636063246,2636063846,9215,600
29236.583176,2636067218,2636067813,11819,595
29236.595205,2636071201,2636071804,12083,603
29236.607218,2636075173,2636075774,11864,601
29236.619244,2636078969,2636079570,8912,601
29236.631274,2636082770,2636083366,9230,596
29236.643283,2636086720,2636087329,11861,609
29236.655316,2636090637,2636091243,11820,606
29236.667344,2636094624,2636095221,12075,597
29236.677855,2636097983,2636098565,8914,582
29236.689889,2636101768,2636102345,9204,577
29236.701905,2636105569,2636106165,9227,596
29236.713928,2636109380,2636109941,8874,561
29236.725960,2636113141,2636113721,9166,580
29236.737969,2636116960,2636117560,9168,600
29236.749993,2636120812,2636121388,8882,576
29236.762028,2636124564,2636125165,9195,601
29236.774036,2636128568,2636129163,11930,595
29236.786066,2636132390,2636132991,8892,601
29236.798098,2636136189,2636136766,9232,577
29236.810108,2636139957,2636140560,9093,603
29236.822134,2636143788,2636144394,8892,606
29236.834164,2636147733,2636148310,11921,577
29236.846171,2636151640,2636152240,11872,600
29236.858204,2636155452,2636156027,8951,575
29236.870236,2636159251,2636159833,9227,582
29236.934846,2636178940,2636179541,8903,601
29236.946874,2636182938,2636183519,11974,581
29236.958887,2636186743,2636187338,9187,595
29236.970912,2636190675,2636191270,11842,595
29236.997969,2636199077,2636199657,8962,580
29237.010000,2636202857,2636203435,9195,578
29237.022012,2636206644,2636207240,9198,596
29237.034034,2636210502,2636211099,11985,597
29237.046063,2636214395,2636214991,12084,596
29237.058077,2636218184,2636218785,9087,601
29237.070107,2636221997,2636222572,8952,575
29237.082138,2636225789,2636226365,9020,576
29237.094151,2636229564,2636230162,9187,598
29237.106175,2636233378,2636233953,8949,575
29237.118202,2636237258,2636237860,12088,602
29237.130225,2636241118,2636241721,9285,603
29237.142245,2636244960,2636245534,8930,574
29237.154272,2636248912,2636249493,11969,581
29237.166285,2636252677,2636253277,9132,600
29237.178309,2636256630,2636257233,8961,603
29237.227905,2636271790,2636272370,8962,580
29237.259459,2636281651,2636282229,11950,578
29237.269986,2636285026,2636285622,9254,596
29237.282010,2636288874,2636289472,8942,598
29237.294038,2636292642,2636293222,9229,580
29237.306054,2636296403,2636297002,9158,599
29237.318079,2636300201,2636300775,8933,574
29237.330110,2636303994,2636304576,9065,582
29237.342119,2636307812,2636308427,9142,615
29237.354147,2636311650,2636312224,8967,574
29237.366179,2636315439,2636316021,9211,582
29237.378195,2636319246,2636319852,9184,606
29237.390214,2636323108,2636323685,8899,577
29237.402245,2636326903,2636327485,9211,582
29237.414260,2636330690,2636331298,9233,608
29237.426284,2636334511,2636335087,8975,576
29237.438313,2636338335,2636338912,9223,577
29237.450322,2636342278,2636342877,11930,599
29237.462350,2636346272,2636346862,11841,590
29237.474383,2636350076,2636350652,9219,576
29237.486397,2636353870,2636354468,9183,598
29237.498421,2636357674,2636358249,8959,575
29237.510452,2636361469,2636362051,9176,582
29237.522461,2636365272,2636365873,9168,601
29237.534487,2636369101,2636369676,8958,575
29237.546520,2636372865,2636373445,9169,580
29237.558530,2636376658,2636377253,9114,595
29237.570558,2636380485,2636381060,8969,575
29237.582590,2636384296,2636384878,9195,582
29237.594596,2636388135,2636388736,9160,601
29237.611128,2636393251,2636393851,8847,600
29237.623161,2636397251,2636397833,11953,582
29237.635178,2636401079,2636401673,9197,594
29237.647196,2636404890,2636405467,8850,577
29237.659230,2636408827,2636409407,11963,580
29237.671239,2636412739,2636413339,11836,600
29237.683270,2636416634,2636417229,11853,595
29237.695298,2636420558,2636421158,12068,600
29237.707308,2636424504,2636425099,11864,595
29237.719339,2636428397,2636428977,11967,580
29237.729855,2636431739,2636432345,9172,606
29237.741880,2636435573,2636436155,8826,582
29237.753915,2636439363,2636439944,9208,581
29237.765926,2636443175,2636443771,12032,596
29237.777954,2636447004,2636447607,8940,603
29237.789982,2636450877,2636451457,9143,580
29237.801997,2636454683,2636455284,9231,601
29237.814021,2636458498,2636459080,8938,582
29237.826054,2636462270,2636462848,9064,578
29237.838063,2636466069,2636466670,9278,601
29237.866626,2636475028,2636475607,11990,579
29237.878644,2636478990,2636479588,12070,598
29237.890657,2636482998,2636483580,11829,582
29237.902695,2636486839,2636487416,9118,577
29237.914705,2636490607,2636491207,9185,600
29237.926732,2636494358,2636494963,8912,605
29237.938763,2636498209,2636498786,9205,577
29237.950774,2636502048,2636502643,9164,595
29237.962797,2636505866,2636506448,8917,582
29237.974836,2636509713,2636510295,9011,582
29237.986843,2636513495,2636514089,9187,594
29237.998868,2636517299,2636517874,8915,575
29238.010897,2636521126,2636521729,9213,603
29238.022925,2636525123,2636525719,11953,596
29238.034938,2636528922,2636529502,8960,580
29238.046970,2636532723,2636533304,9224,581
29238.058979,2636536528,2636537130,9150,602
29238.071006,2636540359,2636540934,8953,575
29238.083037,2636544419,2636545001,11962,582
29238.095045,2636548412,2636549012,11836,600
29238.107071,2636552478,2636553058,11995,580
29238.119103,2636556506,2636557104,12080,598
29238.131113,2636560559,2636561160,11872,601
29238.143144,2636564452,2636565057,11819,605
29238.155171,2636568476,2636569079,12078,603
29238.167191,2636572313,2636572908,9240,595
29238.179208,2636576127,2636576716,8904,589
29238.191245,2636580043,2636580620,11980,577
29238.203257,2636583985,2636584580,9169,595
29238.215282,2636587906,2636588500,11843,594
29238.227309,2636591872,2636592475,12058,603
29238.239332,2636595809,2636596422,9229,613
29238.249861,2636599256,2636599694,7679,438
29238.261882,2636602974,2636603424,7495,450
29238.273897,2636606753,2636607366,8957,613
29238.285925,2636610645,2636611227,8908,582
29238.297938,2636614465,2636615065,9154,600
29238.309964,2636618319,2636618901,8927,582
29238.321995,2636622267,2636622848,9030,581
29238.334009,2636626055,2636626656,9202,601
29238.346034,2636629915,2636630492,8946,577
29238.358064,2636633673,2636634247,9167,574
29238.370085,2636637429,2636638028,9257,599
29238.382100,2636641396,2636641970,12008,574
29238.394128,2636645284,2636645887,12096,603
29238.406140,2636649334,2636649933,11932,599
29238.418172,2636653170,2636653745,8988,575
29238.430199,2636656970,2636657552,9201,582
29238.442216,2636660718,2636661315,9181,597
29238.454240,2636664514,2636665089,8955,575
29238.466267,2636668440,2636669015,12035,575
29238.478274,2636672384,2636672989,11866,605
29238.490309,2636676186,2636676761,8960,575
29238.502338,2636679954,2636680534,9222,580
29238.514347,2636683751,2636684350,9141,599
29238.526375,2636687545,2636688120,9027,575
29238.538406,2636691308,2636691885,9209,577
29238.550417,2636695089,2636695684,9180,595
29238.562439,2636698905,2636699482,8919,577
29238.574473,2636702684,2636703260,9214,576
29238.586486,2636706448,2636707048,9198,600
29238.598508,2636710438,2636711013,11960,575
29238.610535,2636714197,2636714795,9169,598
29238.627067,2636719411,2636720008,9244,597
29238.805907,2636765317,2636765747,3844,430
29238.817935,2636767951,2636768562,5196,611
29238.829947,2636771263,2636771865,5840,602
29238.841977,2636775043,2636775625,8925,582
29238.854007,2636778822,2636779403,9168,581
29238.866025,2636782619,2636783220,12092,601
29238.878041,2636786490,2636787087,11962,597
29238.890073,2636790244,2636790818,9180,574
29238.902090,2636794024,2636794618,9203,594
29238.914115,2636797838,2636798412,8967,574
29238.926144,2636801619,2636802200,9205,581
29238.938155,2636805397,2636805992,9136,595
29238.950182,2636809188,2636809762,8903,574
29238.962213,2636812952,2636813532,9206,580
29238.974222,2636816721,2636817314,9191,593
29238.986251,2636820550,2636821125,8976,575
29238.998279,2636824556,2636825133,11963,577
29239.010284,2636828508,2636829102,11868,594
29239.022317,2636832362,2636832936,8961,574
29239.034352,2636836124,2636836705,9158,581
29239.046361,2636839931,2636840531,9175,600
29239.058388,2636843750,2636844328,8990,578
29239.070415,2636847534,2636848116,9202,582
29239.082427,2636851319,2636851913,9095,594
29239.094455,2636855258,2636855853,11828,595
29239.106486,2636859069,2636859651,9141,582
29239.118501,2636862931,2636863534,9237,603
29239.130525,2636866701,2636867281,8985,580
29239.142556,2636870465,2636871045,9176,580
29239.154566,2636874271,2636874877,9174,606
29239.166590,2636878074,2636878674,8911,600
29239.178620,2636881902,2636882483,9195,581
29239.190633,2636885674,2636886274,9204,600
29239.202660,2636889455,2636890029,8913,574
29239.214691,2636893432,2636894009,11946,577
29239.225198,2636896812,2636897388,11828,576
29239.313882,2636923681,2636924257,9095,576
29239.334906,2636930181,2636930773,9154,592
29239.346932,2636933961,2636934540,8959,579
29239.358967,2636937750,2636938327,9205,577
29239.370979,2636941585,2636942185,9173,600
29239.383004,2636945351,2636945927,8980,576
29239.395032,2636949155,2636949735,9185,580
29239.407043,2636953136,2636953734,11823,598
29239.419066,2636957216,2636957791,11973,575
29239.431098,2636961323,2636961905,11979,582
29239.443110,2636965348,2636965947,11856,599
29239.455140,2636969309,2636969910,11823,601
29239.467169,2636973155,2636973737,9210,582
29239.479178,2636976937,2636977533,9200,596
29239.491209,2636980798,2636981400,11818,602
29239.503235,2636984734,2636985337,12086,603
29239.515257,2636988706,2636989309,12036,603
29239.527279,2636992598,2636993199,11840,601
29239.539306,2636996559,2636997141,11958,582
29239.551317,2637000454,2637001055,11834,601
29239.563347,2637004354,2637004950,11835,596
29239.573868,2637007672,2637008272,9204,600
29239.585890,2637011504,2637012086,8921,582
29239.597926,2637015306,2637015736,7457,430
29239.609943,2637018969,2637019570,12128,601
29239.621958,2637022827,2637023403,11874,576
29239.692598,2637044515,2637045093,11993,578
29239.826346,2637077100,2637077701,11865,601
29239.838375,2637079988,2637080589,9139,601
29239.850393,2637082959,2637083560,9259,601
29239.862411,2637086750,2637087327,8911,577
29239.874448,2637090552,2637091133,9223,581
29239.886458,2637094349,2637094945,9119,596
29239.898480,2637098314,2637098889,11960,575
29239.910513,2637102242,2637102839,12092,597
29239.922527,2637106057,2637106652,9193,595
29239.934553,2637109870,2637110450,8979,580
29239.946585,2637113678,2637114260,9250,582
29239.958595,2637117480,2637118080,9040,600
29239.970624,2637121287,2637121862,8976,575
29239.982650,2637125082,2637125664,9174,582
29239.994667,2637128887,2637129490,9239,603
29240.006696,2637132655,2637133229,9033,574
29240.018720,2637136464,2637137046,9184,582
29240.030728,2637140343,2637140942,11824,599
29240.041260,2637143734,2637144307,12013,573
29240.071310,2637152912,2637153506,9208,594
29240.083329,2637156692,2637157292,8864,600
29240.093859,2637160025,2637160475,7413,450
29240.105886,2637163707,2637164283,8965,576
29240.117908,2637167500,2637168081,9175,581
29240.129923,2637171296,2637171899,9261,603
29240.141946,2637175125,2637175702,8919,577
29240.153981,2637178880,2637179460,9187,580
29240.165992,2637182716,2637183317,9215,601
29240.178017,2637186524,2637187101,8955,577
29240.190048,2637190278,2637190852,9165,574
29240.202061,2637194048,2637194646,9190,598
29240.214079,2637198010,2637198587,11823,577
29240.226114,2637201884,2637202480,12174,596
29240.238130,2637205698,2637206296,9265,598
29240.326799,2637232934,2637233537,12002,603
29240.338824,2637236781,2637237373,9212,592
29240.350838,2637240589,2637241183,9159,594
29240.362865,2637244400,2637244976,8946,576
29240.374892,2637248217,2637248820,9185,603
29240.386907,2637252040,2637252635,9138,595
29240.398929,2637255865,2637256447,8844,582
29240.410965,2637259715,2637260296,9192,581
29240.422976,2637263531,2637264125,9164,594
29240.434997,2637267377,2637267954,8905,577
29240.447035,2637271358,2637271935,11970,577
29240.459039,2637275369,2637275964,11866,595
29240.471063,2637279408,2637279985,11789,577
29240.483101,2637283350,2637283955,9220,605
29240.495111,2637287237,2637287833,9169,596
29240.507138,2637291214,2637291810,12005,596
29240.519171,2637295218,2637295819,12091,601
29240.531177,2637299144,2637299745,11874,601
29240.543207,2637303101,2637303699,11952,598
29240.555240,2637307104,2637307695,12096,591
29240.567246,2637311025,2637311626,11867,601
29240.579278,2637314965,2637315568,11974,603
29240.591308,2637318974,2637319587,12086,613
29240.603323,2637322917,2637323518,11838,601
29240.615346,2637326733,2637327331,8946,598
29240.625870,2637330149,2637330595,7408,446
29240.637889,2637333860,2637334437,8945,577
29240.649927,2637337855,2637338312,7532,457
29240.661939,2637341596,2637342199,9226,603
29240.673958,2637345466,2637346041,8934,575
29240.685989,2637349297,2637349902,9258,605
29240.698003,2637353204,2637353807,12017,603
29240.710028,2637357081,2637357658,11847,577
29240.722059,2637360890,2637361486,9238,596
29240.734076,2637364771,2637365372,9254,601
29240.746091,2637368590,2637369172,8884,582
29240.758128,2637372393,2637372995,9256,602
29240.770143,2637376247,2637376849,9267,602
29240.782160,2637380083,2637380665,8864,582
29240.794193,2637383900,2637384503,9233,603
29240.806211,2637387765,2637388369,9163,604
29240.818232,2637391615,2637392192,8907,577
29240.830260,2637395594,2637396191,12057,597
29240.842270,2637399540,2637400134,11867,594
29240.854297,2637403490,2637404067,8884,577
29240.866333,2637407333,2637407936,9241,603
29240.878349,2637411210,2637411804,9191,594
29240.890370,2637415050,2637415631,8941,581
29240.902398,2637418885,2637419488,9227,603
29240.914411,2637422878,2637423478,11969,600
29240.926438,2637426869,2637427446,11844,577
29240.938470,2637430690,2637431293,9270,603
29240.950481,2637434532,2637435128,9031,596
29240.962508,2637438384,2637438966,8952,582
29240.974538,2637442218,2637442816,9227,598
29240.986554,2637446071,2637446677,9211,606
29240.998584,2637449910,2637450492,8971,582
29241.010606,2637453746,2637454349,9222,603
29241.022622,2637457607,2637458206,9220,599
29241.034643,2637461460,2637462037,8915,577
29241.046673,2637465441,2637466042,12086,601
29241.057182,2637468982,2637469559,11833,577
29241.094753,2637480747,2637481342,11867,595
29241.106782,2637484594,2637485169,8955,575
29241.118811,2637488444,2637489047,9249,603
29241.130820,2637492430,2637493031,11911,601
29241.142848,2637496433,2637497036,11993,603
29241.154879,2637500312,2637500903,9209,591
29241.166892,2637504130,2637504731,9234,601
29241.178912,2637507951,2637508527,8882,576
29241.190946,2637511792,2637512400,9252,608
29241.202962,2637515613,2637516216,9259,603
29241.214982,2637519446,2637520024,8863,578
29241.227016,2637523300,2637523903,9229,603
29241.239023,2637527307,2637527912,11867,605
29241.251056,2637531383,2637531986,12028,603
29241.263084,2637535549,2637536147,12088,598
29241.275095,2637539623,2637540224,11866,601
29241.287119,2637543668,2637544245,11831,577
29241.299155,2637547727,2637548328,12140,601
29241.311166,2637551558,2637552158,9201,600
29241.323191,2637555503,2637556109,11986,606
29241.335221,2637559515,2637560118,12077,603
29241.347237,2637563447,2637564048,11838,601
29241.359260,2637567431,2637568029,11984,598
29241.371292,2637571455,2637572053,12080,598
29241.383298,2637575390,2637575991,11865,601
29241.395337,2637579372,2637579954,11908,582
29241.407359,2637583365,2637583973,12083,608
29241.417869,2637586743,2637587319,8892,576
29241.429910,2637590556,2637591012,7524,456
29241.441916,2637594279,2637594730,7309,451
29241.453939,2637597971,2637598547,8885,576
29241.465974,2637601943,2637602538,12182,595
29241.477991,2637605821,2637606423,9240,602
29241.490011,2637609687,2637610263,8930,576
29241.502041,2637613490,2637614093,9243,603
29241.514058,2637617368,2637617976,9288,608
29241.526073,2637621287,2637621869,11830,582
29241.538110,2637625096,2637625691,9234,595
29241.550128,2637628958,2637629561,9279,603
29241.562143,2637632792,2637633369,8902,577
29241.574179,2637636611,2637637215,9240,604
29241.586194,2637640471,2637641066,9185,595
29241.598215,2637644290,2637644888,8922,598
29241.610247,2637648134,2637648736,9209,602
29241.622254,2637652103,2637652707,11868,604
29241.662830,2637664851,2637665446,11869,595
29241.673366,2637668374,2637668969,12167,595
29241.867233,2637712517,2637713118,9189,601
29241.879238,2637715780,2637716382,9060,602
29241.889776,2637718579,2637719170,7425,591
29241.903302,2637722813,2637723416,9208,603
29241.915312,2637726774,2637727370,11868,596
29241.927338,2637730730,2637731306,11815,576
29241.937864,2637734109,2637734707,9249,598
29241.949882,2637737996,2637738571,8920,575
29241.961916,2637741798,2637742399,9274,601
29241.973932,2637745683,2637746282,9246,599
29241.985955,2637749540,2637750117,8965,577
29241.997986,2637753340,2637753943,9198,603
29242.010002,2637757227,2637757825,9240,598
29242.022023,2637761091,2637761672,8928,581
29242.034052,2637764907,2637765508,9231,601
29242.046068,2637768879,2637769477,12021,598
29242.058089,2637772835,2637773433,11980,598
29242.070122,2637776667,2637777260,9250,593
29242.082139,2637780534,2637781132,9227,598
29242.094160,2637784390,2637784993,8945,603
29242.106189,2637788274,2637788880,9223,606
29242.118207,2637792105,2637792699,9177,594
29242.130227,2637795947,2637796525,8908,578
29242.142257,2637799909,2637800507,12099,598
29242.154274,2637803758,2637804347,9104,589
29242.166296,2637807601,2637808179,8900,578
29242.178326,2637811434,2637812037,9213,603
29242.190339,2637815288,2637815885,8952,597
29242.202366,2637819136,2637819712,8985,576
29242.214395,2637822932,2637823538,9262,606
29242.226414,2637826810,2637827418,9206,608
29242.238441,2637830657,2637831232,8979,575
29242.250463,2637834502,2637835110,9250,608
29242.262471,2637838476,2637839082,11874,606
29242.274500,2637842470,2637843073,11968,603
29242.286534,2637846349,2637846947,9234,598
29242.298550,2637850200,2637850796,9200,596
29242.310571,2637854059,2637854641,8891,582
29242.322601,2637857904,2637858504,9274,600
29242.334617,2637861733,2637862327,9237,594
29242.346631,2637865717,2637866294,11797,577
29242.358668,2637869666,2637870273,12162,607
29242.370684,2637873541,2637874131,9190,590
29242.382707,2637877383,2637877961,8930,578
29242.394739,2637881233,2637881841,9267,608
29242.406753,2637885069,2637885670,9193,601
29242.418777,2637888938,2637889514,8962,576
29242.430807,2637892763,2637893366,9244,603
29242.442821,2637896613,2637897211,9271,598
29242.454841,2637900437,2637901017,8866,580
29242.466873,2637904281,2637904889,9226,608
29242.478880,2637908223,2637908819,11880,596
29242.489415,2637911769,2637912365,12075,596
29242.566063,2637935456,2637936052,12129,596
29242.578082,2637939296,2637939899,9187,603
29242.590103,2637943121,2637943723,8963,602
29242.602133,2637946960,2637947555,9252,595
29242.614149,2637950819,2637951417,9283,598
29242.626166,2637954777,2637955360,11814,583
29242.638201,2637958601,2637959207,9224,606
29242.650217,2637962452,2637963053,9150,601
29242.662235,2637966451,2637967027,11852,576
29242.674268,2637970413,2637971016,12119,603
29242.686284,2637974315,2637974923,9060,608
29242.698307,2637978210,2637978787,8920,577
29242.710338,2637982042,2637982645,9246,603
29242.722353,2637985884,2637986488,9183,604
29242.734385,2637989757,2637990339,8972,582
29242.746408,2637993628,2637994235,9266,607
29242.758426,2637997647,2637998245,12073,598
29242.770442,2638001473,2638002049,8909,576
29242.782477,2638005300,2638005897,9235,597
29242.794488,2638009131,2638009737,9188,606
29242.806509,2638012953,2638013532,8856,579
29242.818546,2638016762,2638017369,9314,607
29242.830560,2638020609,2638021204,9169,595
29242.842579,2638024465,2638025047,8873,582
29242.854614,2638028299,2638028905,9245,606
29242.866628,2638032180,2638032786,9225,606
29242.878642,2638036203,2638036780,11785,577
29242.890681,2638040205,2638040808,12147,603
29242.902697,2638044078,2638044673,9234,595
29242.914718,2638047930,2638048507,8943,577
29242.926751,2638051788,2638052396,9267,608
29242.938768,2638055659,2638056266,9257,607
29242.950788,2638059532,2638060109,8926,577
29242.962816,2638063398,2638064001,9171,603
29242.974824,2638067342,2638067937,11869,595
29242.986855,2638071163,2638071760,8942,597
29242.998886,2638075042,2638075639,9262,597
29243.010897,2638078832,2638079433,9203,601
29243.022920,2638082651,2638083229,8907,578
29243.034951,2638086531,2638087138,9259,607
29243.046969,2638090385,2638090986,9188,601
29243.058988,2638094190,2638094767,8866,577
29243.071023,2638098161,2638098768,12079,607
29243.083040,2638102171,2638102772,11844,601
29243.095058,2638106254,2638106836,8934,582
29243.105584,2638109745,2638110348,9271,603
29243.143161,2638121589,2638122197,12082,608
29243.155168,2638125579,2638126182,11829,603
29243.167194,2638129566,2638130143,11825,577
29243.179228,2638133568,2638134171,12065,603
29243.191247,2638137613,2638138211,12041,598
29243.203269,2638141581,2638142179,12006,598
29243.215298,2638145591,2638146194,12085,603
29243.227306,2638149531,2638150131,11868,600
29243.239337,2638153585,2638154199,12001,614
29243.249860,2638157085,2638157544,7408,459
29243.261880,2638160887,2638161319,7511,432
29243.273917,2638164598,2638165065,7489,467
29243.285929,2638168408,2638169011,9286,603
29243.297944,2638172402,2638172983,8887,581
29243.309980,2638176247,2638176860,9211,613
29243.332331,2638183760,2638184362,12018,602
29243.346048,2638188171,2638188774,12031,603
29243.358070,2638192065,2638192673,9203,608
29243.370089,2638195962,2638196560,8985,598
29243.382116,2638199840,2638200443,8944,603
29243.394140,2638203737,2638204334,9205,597
29243.406158,2638207607,2638208210,8960,603
29243.418184,2638211509,2638212112,8939,603
29243.430207,2638215379,2638215992,9074,613
29243.442226,2638219280,2638219883,8953,603
29243.454253,2638223179,2638223780,8922,601
29243.466277,2638227066,2638227669,9243,603
29243.478299,2638231097,2638231695,12039,598
29243.490320,2638235113,2638235716,12047,603
29243.502343,2638239011,2638239614,9246,603
29243.514362,2638242937,2638243540,8972,603
29243.526389,2638246825,2638247428,8961,603
29243.538411,2638250706,2638251313,9175,607
29243.550430,2638254587,2638255190,8980,603
29243.562457,2638258486,2638259089,8961,603
29243.574481,2638262392,2638262995,9227,603
29243.586499,2638266284,2638266882,8985,598
29243.598525,2638270186,2638270794,8955,608
29243.610549,2638274076,2638274679,9237,603
29243.622568,2638277968,2638278567,9005,599
29243.639100,2638283244,2638283853,8934,609
29243.651124,2638287361,2638287964,12074,603
29243.663142,2638291287,2638291889,8992,602
29243.675169,2638295249,2638295852,8913,603
29243.687196,2638299279,2638299875,12089,596
29243.699211,2638303318,2638303921,12011,603
29243.711242,2638307493,2638308101,12049,608
29243.723262,2638311548,2638312146,12080,598
29243.735281,2638315576,2638316173,12011,597
29243.747311,2638319602,2638320205,12052,603
29243.759332,2638323628,2638324231,12081,603
29243.771350,2638327667,2638328274,12012,607
29243.781876,2638331089,2638331686,9239,597
29243.793896,2638335014,2638335461,7578,447
29243.805922,2638338746,2638339354,8934,608
29243.817946,2638342635,2638343243,9203,608
29243.829964,2638346656,2638347254,8957,598
29243.841990,2638350542,2638351150,8901,608
29243.854014,2638354430,2638355034,9233,604
29243.866032,2638358325,2638358923,8915,598
29243.878058,2638362279,2638362886,12045,607
29243.890082,2638366273,2638366876,12101,603
29243.902101,2638370178,2638370781,8951,603
29243.914127,2638374345,2638374943,12056,598
29243.926148,2638378244,2638378851,9060,607
29243.938166,2638382132,2638382745,8945,613
29243.950195,2638386032,2638386634,8905,602
29243.962217,2638390088,2638390691,12086,603
29243.974241,2638393992,2638394595,9014,603
29243.986262,2638397887,2638398506,8941,619
29243.996776,2638401430,2638402038,11991,608
29244.014811,2638407209,2638407806,8927,597
29244.026838,2638411105,2638411713,8977,608
29244.038863,2638414989,2638415597,9271,608
29244.050881,2638418882,2638419484,8978,602
29244.062907,2638422762,2638423371,8961,609
29244.074929,2638426642,2638427250,9052,608
29244.086948,2638430551,2638431152,8988,601
29244.098976,2638434433,2638435041,8932,608
29244.111000,2638438477,2638439085,12120,608
29244.123022,2638442624,2638443227,12076,603
29244.135047,2638446722,2638447325,12044,603
29244.147070,2638450873,2638451476,12076,603
29244.159088,2638455031,2638455634,12054,603
29244.171116,2638459183,2638459785,12042,602
29244.183139,2638463348,2638463946,12088,598
29244.195156,2638467288,2638467890,8983,602
29244.207182,2638471366,2638471969,12051,603
29244.219209,2638475387,2638475984,12085,597
29244.231224,2638479399,2638480002,12012,603
29244.243254,2638483418,2638484021,12081,603
29244.255276,2638487439,2638488048,12067,609
29244.267294,2638491466,2638492075,12009,609
29244.279319,2638495426,2638496034,8932,608
29244.291344,2638499313,2638499921,9209,608
29244.301866,2638502726,2638503329,8971,603
29244.313889,2638506641,2638507249,9245,608
29244.325906,2638510548,2638511151,8926,603
29244.337932,2638514455,2638515058,8929,603
29244.349956,2638518362,2638518964,9226,602
29244.361974,2638522264,2638522867,8982,603
29244.374000,2638526171,2638526778,8938,607
29244.386021,2638530088,2638530696,9179,608
29244.398042,2638534003,2638534606,8935,603
29244.410069,2638537960,2638538563,12051,603
29244.422093,2638541850,2638542463,9031,613
29244.434111,2638545769,2638546372,8945,603
29244.446137,2638549649,2638550252,8906,603
29244.458162,2638553525,2638554138,9234,613
29244.470185,2638557439,2638558049,9004,610
29244.482207,2638561487,2638562085,12039,598
29244.494229,2638565510,2638566113,12082,603
29244.506244,2638569526,2638570129,11979,603
29244.518275,2638573415,2638574018,8931,603
29244.530300,2638577318,2638577921,9184,603
29244.542318,2638581199,2638581802,8966,603
29244.554345,2638585094,2638585696,8921,602
29244.566370,2638588997,2638589600,9247,603
29244.578387,2638592897,2638593500,8967,603
29244.590414,2638596793,2638597396,8955,603
29244.602437,2638600692,2638601305,9231,613
29244.614455,2638604586,2638605189,8960,603
29244.626483,2638608623,2638609231,12043,608
29244.638506,2638612525,2638613128,9253,603
29244.650524,2638616434,2638617037,9026,603
29244.662550,2638620341,2638620944,8984,603
29244.674573,2638624222,2638624825,9190,603
29244.686593,2638628113,2638628714,9013,601
29244.698618,2638632025,2638632628,8956,603
29244.710642,2638636055,2638636658,12088,603
29244.722657,2638640112,2638640715,11978,603
29244.734686,2638644027,2638644625,8922,598
29244.746711,2638647939,2638648542,9224,603
29244.758728,2638651831,2638652428,8972,597
29244.770756,2638655711,2638656324,8943,613
29244.782777,2638659614,2638660217,9240,603
29244.794796,2638663515,2638664113,8944,598
29244.806823,2638667420,2638668028,8909,608
29244.818845,2638671462,2638672069,12041,607
29244.830865,2638675507,2638676110,12014,603
29244.842890,2638679399,2638680002,8931,603
29244.854915,2638683280,2638683883,9206,603
29244.866936,2638687168,2638687776,9005,608
29244.878959,2638691075,2638691683,8913,608
29244.890981,2638694960,2638695573,9220,613
29244.910521,2638701375,2638701978,12044,603
29244.922543,2638705417,2638706025,12096,608
29244.934563,2638709324,2638709927,8990,603
29244.946588,2638713385,2638713993,12088,608
29244.958613,2638717289,2638717892,9207,603
29244.970630,2638721171,2638721777,8973,606
29244.981156,2638724722,2638725330,12081,608
29245.023233,2638738267,2638738880,12040,613
29245.035258,2638742305,2638742903,12085,598
29245.047275,2638746337,2638746945,12014,608
29245.059304,2638750372,2638750975,12041,603
29245.071326,2638754402,2638755005,12134,603
29245.083345,2638758431,2638759029,12018,598
29245.093876,2638761858,2638762316,7497,458
29245.105889,2638765629,2638766082,7581,453
29245.117916,2638769378,2638769981,8928,603
29245.129940,2638773290,2638773898,9193,608
29245.141959,2638777321,2638777924,8988,603
29245.153986,2638781208,2638781816,8948,608
29245.166008,2638785104,2638785707,9045,603
29245.178027,2638789009,2638789612,8945,603
29245.190054,2638792921,2638793529,8940,608
29245.202077,2638796850,2638797453,9219,603
29245.214099,2638800747,2638801356,8992,609
29245.226123,2638804785,2638805393,12039,608
29245.238144,2638808831,2638809433,12108,602
29245.250165,2638812740,2638813348,9003,608
29245.262191,2638816638,2638817241,8939,603
29245.274214,2638820505,2638821108,9207,603
29245.286232,2638824405,2638825010,8888,605
29245.298261,2638828307,2638828909,8968,602
29245.310283,2638832360,2638832963,12083,603
29245.322298,2638836407,2638837015,11988,608
29245.334328,2638840304,2638840902,8930,598
29245.346350,2638844350,2638844952,9213,602
29245.358369,2638848240,2638848843,8996,603
29245.370395,2638852114,2638852717,8946,603
29245.382419,2638856007,2638856615,9239,608
29245.394437,2638859905,2638860508,8943,603
29245.406464,2638863791,2638864394,8943,603
29245.418487,2638867678,2638868291,9206,613
29245.430505,2638871587,2638872190,8957,603
29245.442532,2638875636,2638876244,12041,608
29245.454554,2638879683,2638880286,12088,603
29245.466574,2638883577,2638884185,8950,608
29245.478600,2638887474,2638888076,8940,602
29245.490625,2638891362,2638891970,9216,608
29245.502643,2638895261,2638895867,8982,606
29245.514669,2638899175,2638899778,8920,603
29245.526693,2638903201,2638903814,12090,613
29245.538708,2638907248,2638907846,11976,598
29245.550739,2638911149,2638911757,8928,608
29245.562762,2638915056,2638915663,9019,607
29245.574781,2638918972,2638919575,8947,603
29245.586808,2638922847,2638923449,8941,602
29245.598831,2638926731,2638927338,9267,607
29245.610852,2638930641,2638931254,9022,613
29245.622875,2638934570,2638935177,8894,607
29245.634899,2638938467,2638939085,9274,618
29245.646917,2638942365,2638942968,8960,603
29245.658946,2638946405,2638947008,12043,603
29245.670966,2638950313,2638950921,9229,608
29245.682985,2638954207,2638954814,8968,607
29245.695012,2638958123,2638958736,8918,613
29245.707036,2638962028,2638962636,9194,608
29245.719055,2638966170,2638966776,12015,606
29245.731083,2638970315,2638970918,12045,603
29245.743104,2638974436,2638975039,12076,603
29245.755121,2638978567,2638979171,12010,604
29245.767150,2638982676,2638983279,12043,603
29245.779170,2638986737,2638987340,12088,603
29245.791190,2638990766,2638991369,12038,603
29245.803219,2638994793,2638995395,12040,602
29245.815241,2638998822,2638999425,12107,603
29245.827256,2639002867,2639003475,12020,608
29245.839285,2639006764,2639007371,8889,607
29245.851311,2639010809,2639011428,12085,619
29245.863329,2639014868,2639015471,12015,603
29245.875356,2639018904,2639019506,12040,602
29245.885872,2639022333,2639022938,8975,605
29245.897898,2639026243,2639026850,8917,607
29245.909928,2639030175,2639030633,7609,458
29245.921938,2639033935,2639034532,11992,597
29245.933967,2639037821,2639038419,8940,598
29245.945992,2639041715,2639042318,9196,603
29245.958015,2639045605,2639046212,8986,607
29245.970038,2639049486,2639050094,8928,608
29245.982060,2639053452,2639054060,12098,608
29246.063214,2639079197,2639079804,12086,607
29246.075232,2639083231,2639083839,12027,608
29246.087260,2639087257,2639087860,12049,603
29246.099283,2639091273,2639091881,12076,608
29246.111299,2639095164,2639095772,8979,608
29246.123326,2639099066,2639099669,8916,603
29246.135352,2639103092,2639103693,12084,601
29246.145872,2639106513,2639107116,8938,603
29246.157894,2639110572,2639111175,9074,603
29246.169913,2639114475,2639115072,8945,597
29246.181939,2639118384,2639118987,8895,603
29246.193963,2639122277,2639122891,9259,614
29246.205985,2639126174,2639126781,8992,607
29246.218007,2639130093,2639130695,8932,602
29246.230032,2639133981,2639134584,9265,603
29246.242046,2639137919,2639138517,11991,598
29246.254076,2639141907,2639142510,12034,603
29246.266100,2639145812,2639146415,9235,603
29246.278118,2639149715,2639150318,8978,603
29246.290144,2639153612,2639154210,8937,598
29246.302169,2639157492,2639158094,9204,602
29246.314186,2639161384,2639161987,8926,603
29246.326214,2639165431,2639166039,12085,608
29246.338234,2639169448,2639170051,12128,603
29246.350255,2639173337,2639173940,8948,603
29246.362283,2639177387,2639178000,8949,613
29246.374308,2639181284,2639181881,9251,597
29246.386325,2639185177,2639185780,8990,603
29246.398352,2639189064,2639189667,8941,603
29246.410375,2639192981,2639193588,9249,607
29246.422393,2639196882,2639197485,8977,603
29246.434421,2639200788,2639201401,8958,613
29246.446445,2639204678,2639205281,9256,603
29246.458461,2639208740,2639209338,12009,598
29246.470489,2639212775,2639213384,12053,609
29246.482513,2639216663,2639217271,9242,608
29246.494531,2639220565,2639221174,9004,609
29246.506557,2639224460,2639225063,8902,603
29246.518582,2639228337,2639228941,9256,604
29246.530599,2639232249,2639232853,8984,604
29246.542626,2639236301,2639236904,12041,603
29246.554649,2639240354,2639240962,12041,608
29246.566668,2639244273,2639244876,8968,603
29246.578694,2639248165,2639248768,8946,603
29246.590719,2639252047,2639252650,9204,603
29246.602741,2639255938,2639256546,8987,608
29246.614763,2639259831,2639260439,8959,608
29246.626787,2639263711,2639264318,9193,607
29246.662853,2639275282,2639275890,12114,608
29246.674874,2639279356,2639279958,12007,602
29246.686901,2639283400,2639284003,12039,603
29246.698921,2639287311,2639287914,9242,603
29246.710941,2639291192,2639291800,8974,608
29246.722967,2639295089,2639295697,8949,608
29246.734991,2639298983,2639299583,9221,600
29246.747009,2639302900,2639303503,8985,603
29246.759038,2639306998,2639307601,12063,603
29246.771057,2639311127,2639311735,12089,608
29246.783077,2639315276,2639315874,12018,598
29246.795104,2639319325,2639319933,12040,608
29246.807129,2639323436,2639324039,12128,603
29246.819145,2639327512,2639328120,12013,608
29246.831173,2639331554,2639332157,12042,603
29246.843194,2639335452,2639336055,9184,603
29246.855213,2639339449,2639340046,8953,597
29246.867243,2639343488,2639344096,12040,608
29246.879263,2639347516,2639348124,12071,608
29246.891283,2639351635,2639352238,12014,603
29246.903309,2639355684,2639356287,12040,603
29246.915334,2639359689,2639360297,12082,608
29246.925859,2639363128,2639363586,7699,458
29246.937884,2639366894,2639367352,7510,458
29246.949899,2639370634,2639371232,8985,598
29246.961923,2639374529,2639375137,8958,608
29246.973948,2639378574,2639379180,9192,606
29246.985962,2639382509,2639383118,11995,609
29246.997993,2639386432,2639387040,8920,608
29247.010015,2639390340,2639390943,9210,603
29247.022034,2639394244,2639394848,8920,604
29247.034061,2639398261,2639398867,12041,606
29247.046083,2639402239,2639402842,12091,603
29247.058099,2639406270,2639406867,11979,597
29247.070130,2639410285,2639410894,12043,609
29247.082153,2639414184,2639414792,9227,608
29247.094171,2639418086,2639418693,8963,607
29247.106198,2639422005,2639422608,8928,603
29247.118222,2639425891,2639426493,9252,602
29247.130240,2639429820,2639430423,8986,603
29247.142265,2639433861,2639434459,12055,598
29247.154288,2639437863,2639438471,12089,608
29247.166309,2639441795,2639442393,8981,598
29247.178333,2639445736,2639446343,8904,607
29247.190358,2639449627,2639450235,9204,608
29247.202375,2639453536,2639454144,9011,608
29247.214402,2639457414,2639458026,8925,612
29247.226427,2639461309,2639461911,9200,602
29247.238444,2639465208,2639465811,8962,603
29247.250471,2639469098,2639469706,8928,608
29247.262495,2639473007,2639473605,9241,598
29247.274511,2639477046,2639477644,12013,598
29247.286539,2639481090,2639481698,12040,608
29247.298561,2639485009,2639485617,9025,608
29247.310581,2639488916,2639489519,8983,603
29247.322608,2639492959,2639493568,9223,609
29247.375196,2639509391,2639509997,11870,606
29247.387225,2639513429,2639514032,11984,603
29247.399255,2639517456,2639518059,12095,603
29247.411266,2639521413,2639522009,11870,596
29247.423288,2639525393,2639525975,11830,582
29247.435321,2639529391,2639530004,12070,613
29247.447338,2639533388,2639533989,11858,601
29247.457873,2639536796,2639537252,7559,456
29247.469889,2639540547,2639541000,7384,453
29247.481907,2639544280,2639544858,8923,578
29247.493936,2639548117,2639548719,9224,602
29247.505954,2639551999,2639552599,9182,600
29247.517971,2639555842,2639556423,8922,581
29247.530007,2639559633,2639560240,9298,607
29247.542020,2639563545,2639564148,12022,603
29247.554042,2639567495,2639568092,11970,597
29247.566073,2639571330,2639571931,9272,601
29247.578090,2639575164,2639575765,9169,601
29247.590110,2639579036,2639579614,8916,578
29247.602143,2639582856,2639583459,9240,603
29247.614160,2639586732,2639587340,9263,608
29247.626175,2639590749,2639591327,11815,578
29247.638212,2639594549,2639595156,9259,607
29247.650229,2639598426,2639599033,9212,607
29247.662250,2639602330,2639602908,8925,578
29247.674278,2639606302,2639606899,12141,597
29247.686286,2639610312,2639610913,11869,601
29247.698316,2639614161,2639614765,8937,604
29247.710347,2639618050,2639618652,9215,602
29247.722364,2639621897,2639622498,9172,601
29247.734382,2639625722,2639626303,8897,581
29247.746411,2639629543,2639630145,9243,602
29247.758432,2639633423,2639634024,9191,601
29247.770454,2639637409,2639638013,11984,604
29247.782484,2639641277,2639641870,9222,593
29247.794497,2639645293,2639645894,9003,601
29247.806523,2639649166,2639649744,8924,578
29247.818554,2639653006,2639653609,9245,603
29247.830570,2639656852,2639657453,9169,601
29247.842600,2639660697,2639661280,8986,583
29247.854621,2639664567,2639665169,9267,602
29247.866636,2639668405,2639669005,9218,600
29247.878660,2639672261,2639672844,8939,583
29247.890687,2639676253,2639676856,12054,603
29247.902697,2639680240,2639680841,11863,601
29247.914730,2639684076,2639684653,8933,577
29247.926758,2639687927,2639688529,9236,602
29247.938774,2639691805,2639692406,9219,601
29247.950794,2639695657,2639696232,8887,575
29247.962828,2639699495,2639700093,9251,598
29247.974834,2639703471,2639704072,11867,601
29247.986865,2639707481,2639708079,11972,598
29247.998894,2639711393,2639711991,9260,598
29248.010910,2639715266,2639715867,9193,601
29248.022931,2639719110,2639719687,8939,577
29248.034963,2639722971,2639723578,9253,607
29248.046979,2639726834,2639727437,9262,603
29248.058998,2639730666,2639731243,8928,577
29248.071030,2639734621,2639735219,9209,598
29248.083042,2639738649,2639739254,11872,605
29248.095070,2639742729,2639743326,12009,597
29248.107101,2639746796,2639747399,12085,603
29248.119108,2639750811,2639751412,11868,601
29248.131140,2639754820,2639755403,11848,583
29248.143167,2639758916,2639759519,12089,603
29248.155180,2639762771,2639763360,9212,589
29248.167202,2639766724,2639767298,11847,574
29248.179235,2639770710,2639771313,12071,603
29248.191254,2639774659,2639775260,11841,601
29248.203276,2639778641,2639779238,11968,597
29248.215306,2639782641,2639783233,12086,592
29248.227314,2639786558,2639787159,11869,601
29248.239352,2639790535,2639791139,12021,604
29248.249868,2639793948,2639794555,9285,607
29248.261895,2639797847,2639798465,9003,618
29248.273926,2639801816,2639802284,7479,468
29248.285935,2639805651,2639806270,11988,619
29248.297965,2639809628,2639810241,8963,613
29248.309988,2639813568,2639814176,9245,608
29248.322007,2639817505,2639818119,8947,614
29248.334023,2639821425,2639822001,8906,576
29248.346057,2639825291,2639825899,9236,608
29248.358074,2639829205,2639829808,9256,603
29248.370088,2639833159,2639833742,11811,583
29248.382125,2639836974,2639837569,9239,595
29248.394143,2639840839,2639841437,9215,598
29248.406162,2639844703,2639845281,8893,578
29248.418192,2639848515,2639849117,9243,602
29248.430210,2639852402,2639853010,9260,608
29248.442230,2639856280,2639856883,8982,603
29248.454263,2639860122,2639860734,9262,612
29248.466280,2639864024,2639864636,9241,612
29248.478297,2639867893,2639868470,8904,577
29248.490328,2639871859,2639872461,12083,602
29248.502337,2639875873,2639876479,11865,606
29248.514368,2639879733,2639880310,8944,577
29248.526400,2639883595,2639884202,9257,607
29248.538410,2639887471,2639888072,8961,601
29248.550436,2639891345,2639891921,8921,576
29248.562469,2639895206,2639895814,9278,608
29248.574475,2639899232,2639899833,11884,601
29248.586511,2639903228,2639903831,12027,603
29248.598536,2639907103,2639907698,9197,595
29248.610552,2639911113,2639911714,9219,601
29248.622573,2639914963,2639915540,8917,577
29248.711251,2639942523,2639943119,12099,596
29248.723261,2639946490,2639947091,11877,601
29248.735293,2639950453,2639951051,12042,598
29248.747317,2639954467,2639955065,12078,598
29248.759325,2639958421,2639959016,11874,595
29248.771357,2639962376,2639962958,11841,582
29248.781881,2639965752,2639966356,9261,604
29248.793898,2639969666,2639970242,8903,576
29248.805928,2639973500,2639974107,9299,607
29248.817946,2639977410,2639978014,9234,604
29248.983267,2640019967,2640020549,11896,582
29249.007306,2640024385,2640024964,8913,579
29249.019334,2640027812,2640028415,12098,603
29249.029851,2640031194,2640031776,8969,582
29249.041880,2640035026,2640035622,9239,596
29249.053899,2640038890,2640039493,9233,603
29249.065915,2640042726,2640043307,8906,581
29249.077949,2640046571,2640047166,9235,595
29249.089962,2640050475,2640051073,12023,598
29249.101986,2640054332,2640054935,12000,603
29249.114017,2640058206,2640058808,9237,602
29249.126034,2640062062,2640062665,9278,603
29249.138050,2640065900,2640066483,8861,583
29249.150087,2640069728,2640070333,9245,605
29249.162104,2640073610,2640074208,9274,598
29249.174119,2640077441,2640078018,8916,577
29249.186154,2640081254,2640081855,9208,601
29249.198171,2640085168,2640085766,9272,598
29249.210189,2640089002,2640089580,8922,578
29249.222222,2640092871,2640093473,9218,602
29249.234238,2640096811,2640097415,9303,604
29249.246258,2640100668,2640101245,8882,577
29249.258292,2640104467,2640105068,9236,601
29249.270309,2640108323,2640108921,9279,598
29249.282326,2640112153,2640112733,8880,580
29249.294359,2640115994,2640116596,9254,602
29249.306370,2640120005,2640120600,11928,595
29249.318397,2640123986,2640124593,11979,607
29249.330430,2640127843,2640128441,9265,598
29249.342445,2640131698,2640132299,9213,601
29249.354463,2640135521,2640136099,8882,578
29249.366496,2640139355,2640139957,9223,602
29249.378514,2640143182,2640143777,9200,595
29249.390531,2640147025,2640147602,8907,577
29249.402563,2640150990,2640151593,12061,603
29249.414582,2640154811,2640155406,9212,595
29249.426600,2640158854,2640159436,8899,582
29249.438633,2640162714,2640163312,9250,598
29249.450651,2640166549,2640167151,9249,602
29249.462669,2640170407,2640170984,8906,577
29249.474702,2640174244,2640174846,9223,602
29249.486719,2640178104,2640178712,9230,608
29249.498737,2640181954,2640182530,8844,576
29249.510770,2640185822,2640186420,9278,598
29249.522779,2640189828,2640190429,11905,601
29249.534808,2640193823,2640194426,11966,603
29249.546841,2640197662,2640198263,9286,601
29249.558854,2640201526,2640202122,9201,596
29249.570871,2640205361,2640205939,8837,578
29249.582905,2640209227,2640209838,9294,611
29249.594924,2640213056,2640213662,9182,606
29249.606941,2640216898,2640217481,8857,583
29249.618974,2640220912,2640221509,12091,597
29249.633993,2640225815,2640226399,11859,584
29249.734680,2640257041,2640257642,11870,601
29249.746712,2640260882,2640261459,8957,577
29249.758743,2640264727,2640265329,9177,602
29249.770760,2640268596,2640269197,9218,601
29249.782778,2640272453,2640273033,8916,580
29249.799317,2640277724,2640278336,9219,612
29249.811329,2640281702,2640282302,11869,600
29249.823352,2640285677,2640286254,11825,577
29249.833882,2640289075,2640289678,9272,603
29249.845897,2640292906,2640293482,8885,576
29249.857933,2640296716,2640297322,9256,606
29249.869949,2640300623,2640301226,9228,603
29249.881966,2640304476,2640305051,8932,575
29249.894000,2640308324,2640308926,9235,602
29249.906016,2640312213,2640312816,12027,603
29249.918037,2640316121,2640316728,11987,607
29249.930070,2640319966,2640320562,9288,596
29249.942086,2640323830,2640324426,9147,596
29249.954104,2640327657,2640328219,8864,562
29249.966139,2640331465,2640332066,9250,601
29249.978154,2640335346,2640335949,9250,603
29250.026238,2640350446,2640351023,11829,577
29250.038275,2640354316,2640354919,9243,603
29250.050292,2640358168,2640358772,9275,604
29250.062309,2640362000,2640362583,8902,583
29250.074345,2640365815,2640366416,9302,601
29250.086361,2640369697,2640370295,9263,598
29250.098378,2640373527,2640374103,8919,576
29250.110412,2640377367,2640377970,9253,603
29250.122427,2640381250,2640381856,9209,606
29250.134450,2640385234,2640385836,11984,602
29250.146480,2640389101,2640389698,9229,597
29250.158496,2640392963,2640393563,9219,600
29250.170515,2640396789,2640397372,8851,583
29250.182550,2640400609,2640401214,9279,605
29250.194565,2640404489,2640405085,9181,596
29250.206583,2640408322,2640408899,8873,577
29250.218619,2640412155,2640412756,9291,601
29250.230634,2640415992,2640416588,9173,596
29250.242656,2640419831,2640420408,8929,577
29250.254686,2640423654,2640424262,9245,608
29250.266702,2640427520,2640428122,9237,602
29250.278720,2640431368,2640431946,8873,578
29250.290756,2640435179,2640435776,9326,597
29250.302772,2640439071,2640439674,9285,603
29250.314789,2640442902,2640443483,8941,581
29250.326823,2640446749,2640447352,9277,603
29250.338831,2640450730,2640451331,11869,601
29250.350860,2640454725,2640455333,11974,608
29250.362891,2640458585,2640459183,9201,598
29250.374906,2640462417,2640463013,9218,596
29250.386925,2640466244,2640466822,8888,578
29250.398958,2640470114,2640470721,9224,607
29250.410974,2640473953,2640474558,9240,605
29250.422993,2640477793,2640478370,8892,577
29250.435026,2640481653,2640482256,9229,603
29250.447035,2640485717,2640486308,11909,591
29250.459066,2640489765,2640490348,11878,583
29250.471096,2640493863,2640494471,12083,608
29250.483104,2640497909,2640498505,11871,596
29250.495135,2640501956,2640502539,11839,583
29250.507163,2640505850,2640506457,9248,607
29250.519182,2640509747,2640510355,9285,608
29250.531197,2640513737,2640514318,11829,581
29250.543232,2640517730,2640518327,12072,597
29250.555244,2640521722,2640522323,11845,601
29250.567272,2640525691,2640526294,11976,603
29250.579304,2640529702,2640530299,12087,597
29250.591309,2640533642,2640534242,11869,600
29250.603342,2640537596,2640538174,11846,578
29250.613863,2640540983,2640541596,9228,613
29250.625886,2640544907,2640545338,7499,431
29250.637920,2640548636,2640549093,7512,457
29250.648431,2640551982,2640552434,7618,452
29250.758136,2640585675,2640586276,9139,601
29250.770154,2640589507,2640590084,8890,577
29250.782190,2640593347,2640593952,9214,605
29250.794207,2640597205,2640597805,9145,600
29250.806224,2640601028,2640601610,8881,582
29250.818259,2640604848,2640605449,9249,601
29250.830275,2640608699,2640609300,9198,601
29250.842292,2640612550,2640613128,8836,578
29250.854326,2640616431,2640617039,9210,608
29250.866343,2640620328,2640620926,9256,598
29250.878363,2640624190,2640624767,8928,577
29250.890395,2640628024,2640628625,9217,601
29250.902411,2640631887,2640632490,9269,603
29250.914429,2640635712,2640636293,8876,581
29250.926462,2640639587,2640640194,9249,607
29250.938470,2640643574,2640644175,11886,601
29250.950499,2640647544,2640648146,11964,602
29250.962531,2640651382,2640651977,9292,595
29250.974548,2640655246,2640655842,9238,596
29250.986561,2640659248,2640659826,11790,578
29250.998600,2640663071,2640663672,9236,601
29251.010616,2640666954,2640667555,9153,601
29251.022635,2640670789,2640671372,8872,583
29251.034668,2640674678,2640675286,9261,608
29251.046685,2640678534,2640679145,9200,611
29251.058708,2640682426,2640683004,8920,578
29251.070737,2640686294,2640686902,9258,608
29251.082753,2640690172,2640690769,9187,597
29251.094772,2640693994,2640694577,8919,583
29251.106805,2640697879,2640698482,9264,603
29251.118821,2640701742,2640702350,9282,608
29251.130841,2640705575,2640706156,8905,581
29251.142873,2640709405,2640710007,9254,602
29251.154881,2640713411,2640714007,11868,596
29251.166911,2640717380,2640717983,11972,603
29251.178940,2640721283,2640721880,9192,597
29251.190959,2640725125,2640725721,9210,596
29251.202976,2640728940,2640729518,8862,578
29251.215010,2640732811,2640733418,9246,607
29251.227021,2640736809,2640737410,11878,601
29251.239049,2640740739,2640741321,8913,582
29251.251078,2640744702,2640745309,9217,607
29251.263091,2640748814,2640749410,11870,596
29251.275112,2640752881,2640753458,11850,577
29251.287148,2640756936,2640757543,12068,607
29251.299156,2640760967,2640761564,11866,597
29251.311187,2640764951,2640765528,11846,577
29251.323216,2640768787,2640769393,9262,606
29251.335236,2640772659,2640773266,9279,607
29251.347251,2640776606,2640777187,11818,581
29251.359283,2640780592,2640781189,12073,597
29251.371298,2640784565,2640785160,11906,595
29251.383324,2640788529,2640789132,11972,603
29251.395354,2640792525,2640793122,12096,597
29251.405867,2640795909,2640796492,8900,583
29251.417898,2640799770,2640800372,9224,602
29251.429915,2640803627,2640804240,9227,613
29251.441932,2640807484,2640808062,8888,578
29251.453967,2640811320,2640811927,12169,607
29251.464478,2640814763,2640815359,11970,596
29251.526105,2640833904,2640834506,12179,602
29251.538119,2640837909,2640838507,12025,598
29251.550141,2640841859,2640842462,11988,603
29251.562173,2640845707,2640846302,9191,595
29251.574189,2640849545,2640850143,9257,598
29251.586207,2640853383,2640853960,8896,577
29251.598243,2640857189,2640857790,9280,601
29251.610259,2640861087,2640861684,9268,597
29251.622280,2640864949,2640865531,8956,582
29251.658345,2640876326,2640876904,11836,578
29251.670377,2640880388,2640880990,12174,602
29251.682395,2640884415,2640885023,12063,608
29251.694413,2640888255,2640888832,8879,577
29251.706446,2640892072,2640892680,9235,608
29251.718465,2640895935,2640896537,9235,602
29251.730477,2640899951,2640900531,11805,580
29251.742515,2640903784,2640904380,9231,596
29251.754521,2640907772,2640908378,11866,606
29251.766552,2640911750,2640912347,11966,597
29251.778583,2640915617,2640916220,9263,603
29251.790601,2640919449,2640920055,9226,606
29251.802619,2640923276,2640923854,8903,578
29251.814653,2640927115,2640927721,9252,606
29251.826668,2640930995,2640931606,9193,611
29251.838687,2640934846,2640935423,8865,577
29251.850720,2640938674,2640939272,9208,598
29251.862737,2640942547,2640943148,9236,601
29251.874761,2640946406,2640946988,8968,582
29251.886788,2640950440,2640951043,12085,603
29251.898804,2640954298,2640954905,9225,607
29251.910824,2640958135,2640958711,8879,576
29251.922857,2640961986,2640962589,9229,603
29251.934875,2640965873,2640966476,9298,603
29251.946895,2640969735,2640970315,8972,580
29251.958924,2640973597,2640974205,9268,608
29251.970934,2640977596,2640978198,11896,602
29252.067133,2641007313,2641007915,9348,602
29252.079140,2641011390,2641011996,11845,606
29252.091164,2641015400,2641015978,11804,578
29252.103200,2641019375,2641019983,12072,608
29252.115210,2641023354,2641023956,11844,602
29252.127234,2641027338,2641027920,11816,582
29252.139267,2641031195,2641031798,9218,603
29252.151286,2641035031,2641035634,9281,603
29252.163303,2641038983,2641039565,11833,582
29252.175337,2641042993,2641043596,12070,603
29252.185845,2641046367,2641046943,8897,576
29252.197882,2641050159,2641050765,9225,606
29252.209898,2641054010,2641054611,9158,601
29252.221919,2641057864,2641058447,8904,583
29252.233949,2641061671,2641062272,9248,601
29252.245967,2641065568,2641066176,9228,608
29252.257985,2641069428,2641070010,8909,582
29252.270018,2641073249,2641073856,12172,607
29252.280531,2641076769,2641077381,11992,612
29252.321104,2641089525,2641090103,11838,578
29252.340331,2641096472,2641097080,12025,608
29252.358688,2641101789,2641102391,9278,602
29252.370705,2641105847,2641106450,12018,603
29252.382732,2641109886,2641110493,12036,607
29252.394755,2641113807,2641114405,9205,598
29252.406772,2641117713,2641118317,9012,604
29252.418801,2641121619,2641122222,8973,603
29252.430823,2641125539,2641126145,9199,606
29252.442841,2641129435,2641130033,8990,598
29252.454868,2641133328,2641133942,8902,614
29252.466891,2641137250,2641137852,9162,602
29252.478910,2641141170,2641141779,8980,609
29252.490936,2641145094,2641145702,8944,608
29252.502963,2641149175,2641149778,12091,603
29252.514979,2641153083,2641153698,8981,615
29252.527005,2641157012,2641157615,8909,603
29252.539029,2641160905,2641161508,9256,603
29252.551046,2641164893,2641165497,8976,604
29252.563074,2641169047,2641169653,12042,606
29252.575099,2641173180,2641173778,12093,598
29252.587117,2641177298,2641177901,12014,603
29252.599144,2641181351,2641181958,12048,607
29252.611165,2641185473,2641186076,12074,603
29252.623184,2641189514,2641190117,12012,603
29252.635212,2641193562,2641194164,12043,602
29252.647233,2641197586,2641198198,12072,612
29252.659253,2641201630,2641202227,12014,597
29252.671279,2641205541,2641206144,8933,603
29252.683303,2641209547,2641210149,9225,602
29252.695321,2641213594,2641214207,12014,613
29252.707350,2641217639,2641218242,12039,603
29252.717866,2641221060,2641221664,8995,604
29252.729893,2641224959,2641225569,8929,610
29252.741918,2641228852,2641229460,9230,608
29252.753929,2641232783,2641233390,11965,607
29252.765962,2641236710,2641237313,12033,603
29252.777984,2641240598,2641241199,9228,601
29252.790003,2641244508,2641245111,8982,603
29252.802030,2641248399,2641249002,8922,603
29252.814054,2641252291,2641252894,9197,603
29252.826072,2641256191,2641256794,8945,603
29252.838098,2641260204,2641260806,8859,602
29252.850123,2641264105,2641264714,9212,609
29252.862140,2641268022,2641268635,8982,613
29252.872663,2641271601,2641272209,12089,608
29252.883180,2641275032,2641275636,8939,604
29252.895205,2641279069,2641279676,12089,607
29252.907222,2641283014,2641283618,9001,604
29252.919251,2641287074,2641287683,12040,609
29252.931274,2641291119,2641291722,12100,603
29252.943292,2641295162,2641295770,12014,608
29252.955317,2641299072,2641299675,8911,603
29252.967341,2641302987,2641303595,9244,608
29252.977869,2641306425,2641306876,7713,451
29252.989886,2641310179,2641310782,9230,603
29253.001904,2641314109,2641314563,7554,454
29253.013932,2641317843,2641318445,8916,602
29253.025956,2641321743,2641322355,9248,612
29253.037974,2641325653,2641326256,9008,603
29253.049998,2641329557,2641330164,8912,607
29253.074038,2641337372,2641337970,11976,598
29253.086067,2641341364,2641341972,12039,608
29253.096581,2641344934,2641345541,11982,607
29253.108611,2641348962,2641349569,12035,607
29253.150686,2641362306,2641362915,8982,609
29253.162714,2641366215,2641366829,8926,614
29253.174738,2641370151,2641370758,9233,607
29253.185256,2641373569,2641374171,8913,602
29253.210804,2641381714,2641382316,9217,602
29253.222822,2641385601,2641386204,8958,603
29253.234851,2641389518,2641390132,8948,614
29253.246874,2641393428,2641394030,9223,602
29253.258891,2641397338,2641397941,8927,603
29253.270918,2641401245,2641401848,8960,603
29253.282943,2641405165,2641405773,9237,608
29253.294961,2641409087,2641409689,8982,602
29253.306988,2641413024,2641413643,8940,619
29253.319013,2641417119,2641417733,12072,614
29253.331030,2641421247,2641421866,12011,619
29253.343058,2641425428,2641426042,12056,614
29253.355079,2641429462,2641430076,9230,614
29253.367098,2641433527,2641434141,8928,614
29253.379125,2641437621,2641438230,12034,609
29253.391149,2641441783,2641442386,12081,603
29253.403167,2641445892,2641446495,12009,603
29253.415195,2641449993,2641450596,12037,603
29253.427217,2641454030,2641454632,12072,602
29253.439236,2641458073,2641458676,12010,603
29253.451264,2641462091,2641462694,12029,603
29253.463287,2641466142,2641466745,12071,603
29253.475306,2641470188,2641470796,12009,608
29253.487334,2641474243,2641474846,12039,603
29253.497849,2641477699,2641478163,7574,464
29253.509877,2641481476,2641482080,8984,604
29253.521901,2641485423,2641486026,9215,603
29253.533918,2641489327,2641489934,9013,607
29253.545946,2641493224,2641493834,8923,610
29253.557969,2641497131,2641497739,9208,608
29253.569983,2641501059,2641501667,11975,608
29253.582014,2641504988,2641505592,12040,604
29253.594036,2641508894,2641509495,9170,601
29253.606055,2641512813,2641513411,8930,598
29253.618082,2641516712,2641517319,8933,607
29253.630106,2641520607,2641521215,9207,608
29253.642124,2641524538,2641525146,8970,608
29253.654150,2641528451,2641529054,8930,603
29253.666175,2641532354,2641532957,9255,603
29253.678192,2641536259,2641536861,8944,602
29253.690219,2641540173,2641540775,8974,602
29253.702241,2641544217,2641544819,12098,602
29253.712760,2641547796,2641548398,12029,602
29253.759342,2641562529,2641563136,8952,607
29253.769876,2641565977,2641566435,7472,458
29253.781889,2641569761,2641570213,7571,452
29253.793915,2641573514,2641574109,8922,595
29253.805940,2641577421,2641578028,9198,607
29253.817957,2641581332,2641581935,8959,603
29253.829984,2641585229,2641585832,8939,603
29253.842008,2641589149,2641589752,9239,603
29253.854025,2641593053,2641593657,8915,604
29253.866052,2641596949,2641597558,8947,609
29253.878076,2641600853,2641601460,9230,607
29253.890094,2641604777,2641605385,8959,608
29253.902118,2641608829,2641609433,12055,604
29253.912633,2641612396,2641612999,11987,603
29253.935178,2641619742,2641620345,12018,603
29253.945704,2641623174,2641623782,9198,608
29253.966738,2641630042,2641630651,12013,609
29253.978766,2641634078,2641634688,12071,610
29253.992291,2641638459,2641639068,12075,609
29254.029858,2641650403,2641651006,9007,603
29254.041887,2641654312,2641654915,8961,603
29254.053911,2641658209,2641658817,9264,608
29254.065928,2641662129,2641662737,8914,608
29254.077955,2641666027,2641666635,8919,608
29254.089980,2641669943,2641670551,9244,608
29254.101993,2641673887,2641674496,11979,609
29254.112521,2641677620,2641678223,12069,603
29254.126049,2641682032,2641682635,12081,603
29254.138067,2641685938,2641686545,8980,607
29254.150093,2641689840,2641690443,8939,603
29254.162118,2641693753,2641694360,9286,607
29254.174136,2641697675,2641698273,8924,598
29254.186161,2641701688,2641702295,12039,607
29254.198185,2641705699,2641706301,12103,602
29254.210204,2641709600,2641710195,8998,595
29254.222231,2641713532,2641714146,8924,614
29254.234255,2641717445,2641718048,9254,603
29254.246273,2641721332,2641721930,8934,598
29254.258299,2641725219,2641725833,8940,614
29254.270324,2641729135,2641729739,9218,604
29254.282341,2641733035,2641733638,8913,603
29254.294368,2641736945,2641737553,8958,608
29254.306392,2641740850,2641741453,9238,603
29254.318406,2641744985,2641745593,11975,608
29254.330437,2641749060,2641749664,12037,604
29254.342459,2641752968,2641753571,9239,603
29254.354478,2641756872,2641757475,8947,603
29254.366505,2641760787,2641761396,8938,609
29254.378529,2641764691,2641765306,9222,615
29254.390546,2641768619,2641769216,8947,597
29254.402573,2641772573,2641773187,8845,614
29254.414596,2641776628,2641777230,12097,602
29254.426615,2641780522,2641781118,8968,596
29254.438642,2641784436,2641785050,8952,614
29254.450666,2641788343,2641788945,9223,602
29254.462684,2641792243,2641792845,8947,602
29254.474711,2641796147,2641796755,8972,608
29254.486735,2641800041,2641800649,9250,608
29254.498752,2641803947,2641804550,8987,603
29254.510779,2641807851,2641808463,8916,612
29254.522802,2641811788,2641812396,9264,608
29254.534820,2641815868,2641816472,12054,604
29254.546846,2641819926,2641820535,12056,609
29254.558867,2641823836,2641824444,9284,608
29254.570886,2641827754,2641828357,8979,603
29254.582913,2641831662,2641832276,8925,614
29254.594937,2641835559,2641836169,9235,610
29254.606955,2641839465,2641840067,8922,602
29254.618984,2641843507,2641844111,12045,604
29254.631006,2641847560,2641848163,12102,603
29254.643023,2641851472,2641852068,8958,596
29254.655050,2641855570,2641856167,12039,597
29254.667077,2641859696,2641860298,12090,602
29254.679092,2641863839,2641864447,12014,608
29254.691120,2641867979,2641868582,12042,603
29254.703141,2641871915,2641872519,9220,604
29254.715160,2641875837,2641876451,8996,614
29254.727189,2641879903,2641880510,8942,607
29254.739215,2641883965,2641884568,12101,603
29254.751231,2641888003,2641888606,12014,603
29254.763259,2641892037,2641892639,12043,602
29254.775281,2641896070,2641896673,12075,603
29254.787298,2641900111,2641900714,11994,603
29254.799329,2641904118,2641904720,12051,602
29254.811351,2641908135,2641908744,12072,609
29254.821871,2641911570,2641912174,8906,604
29254.833895,2641915453,2641916056,9182,603
29254.845913,2641919368,2641919965,8963,597
29254.857940,2641923265,2641923874,8913,609
29254.869964,2641927177,2641927780,9240,603
29254.918046,2641942483,2641943085,11970,602
29254.930075,2641946598,2641947201,12082,603
29254.942100,2641950517,2641951120,9212,603
29254.954117,2641954431,2641955035,8924,604
29254.966144,2641958341,2641958943,8941,602
29254.978168,2641962259,2641962866,9230,607
29255.071339,2641991781,2641992384,12011,603
29255.083366,2641995809,2641996412,12040,603
29255.093884,2641999224,2641999837,8949,613
29255.105915,2642003170,2642003633,7675,463
29255.117934,2642006952,2642007555,12086,603
29255.129949,2642010872,2642011474,11980,602
29255.141979,2642014785,2642015392,8905,607
29255.154003,2642018690,2642019293,9200,603
29255.166021,2642022592,2642023199,8949,607
29255.178047,2642026504,2642027118,8902,614
29255.190071,2642030421,2642031024,9193,603
29255.202089,2642034327,2642034936,8978,609
29255.214116,2642038350,2642038958,12054,608
29255.226138,2642042245,2642042846,9230,601
29255.238157,2642046159,2642046768,8915,609
29255.250184,2642050072,2642050679,8929,607
29255.262209,2642053974,2642054576,9217,602
29255.274226,2642057874,2642058477,8969,603
29255.286252,2642061767,2642062374,8943,607
29255.298277,2642065686,2642066290,9256,604
29255.310295,2642069582,2642070190,8980,608
29255.322321,2642073482,2642074091,8925,609
29255.334346,2642077544,2642078153,12117,609
29255.346361,2642081614,2642082216,11978,602
29255.358392,2642085524,2642086127,8952,603
29255.370416,2642089433,2642090041,9229,608
29255.382431,2642093341,2642093955,8983,614
29255.406483,2642101201,2642101804,12079,603
29255.418502,2642105112,2642105716,8960,604
29255.430529,2642109158,2642109761,12037,603
29255.442551,2642113065,2642113661,9214,596
29255.454570,2642116952,2642117559,8981,607
29255.466597,2642120857,2642121465,8961,608
29255.478621,2642124757,2642125371,9216,614
29255.490639,2642128680,2642129284,8933,604
29255.502666,2642132568,2642133171,8920,603
29255.514689,2642136466,2642137074,9275,608
29255.526707,2642140363,2642140976,8946,613
29255.538731,2642144316,2642144924,8920,608
29255.550755,2642148366,2642148978,12077,612
29255.562771,2642152427,2642153029,11975,602
29255.574801,2642156359,2642156962,8879,603
29255.586824,2642160263,2642160877,9259,614
29255.598841,2642164170,2642164773,8907,603
29255.610868,2642168084,2642168687,8916,603
29255.622892,2642171990,2642172592,9228,602
29255.738608,2642208540,2642209143,12011,603
29255.750637,2642212615,2642213213,12035,598
29255.762659,2642216639,2642217246,12090,607
29255.774679,2642220536,2642221139,8941,603
29255.786705,2642224439,2642225048,8909,609
29255.798730,2642228358,2642228972,9215,614
29255.810747,2642232271,2642232879,8952,608
29255.822774,2642236179,2642236788,8942,609
29255.834799,2642240092,2642240695,9254,603
29255.846812,2642244144,2642244752,11975,608
29255.858842,2642248044,2642248650,8906,606
29255.870865,2642252087,2642252694,12102,607
29255.885901,2642256935,2642257393,7690,458
29255.897919,2642260694,2642261297,9201,603
29255.909936,2642264596,2642265209,8990,613
29255.921963,2642268516,2642269130,8944,614
29255.933986,2642272464,2642273067,12075,603
29255.946002,2642276396,2642276999,11980,603
29255.958032,2642280300,2642280908,8939,608
29255.970056,2642284196,2642284799,9190,603
29255.982070,2642288166,2642288770,11979,604
29256.030169,2642303485,2642304093,12035,608
29256.042191,2642307517,2642308106,12089,589
29256.054210,2642311401,2642312004,9000,603
29256.066238,2642315436,2642316043,12037,607
29256.078260,2642319329,2642319938,9239,609
29256.090279,2642323230,2642323827,8944,597
29256.102306,2642327127,2642327739,8908,612
29256.114331,2642331020,2642331629,9181,609
29256.126346,2642334927,2642335530,8980,603
29256.138375,2642338841,2642339450,8927,609
29256.150396,2642342903,2642343512,12100,609
29256.162411,2642346969,2642347571,11973,602
29256.174442,2642350876,2642351484,8956,608
29256.186466,2642354778,2642355386,9254,608
29256.198484,2642358708,2642359312,8980,604
29256.210510,2642362621,2642363230,8920,609
29256.222534,2642366543,2642367146,9213,603
29256.234552,2642370467,2642371074,8964,607
29256.246578,2642374364,2642374961,8905,597
29256.258603,2642378263,2642378858,9194,595
29256.270620,2642382157,2642382760,8916,603
29256.282647,2642386041,2642386650,8954,609
29256.294671,2642389949,2642390557,9249,608
29256.306689,2642393854,2642394462,8952,608
29256.318716,2642397753,2642398367,8929,614
29256.330733,2642401790,2642402393,9251,603
29256.350277,2642408066,2642408675,12122,609
29256.362295,2642412121,2642412724,12056,603
29256.374311,2642415947,2642416542,8874,595
29256.386342,2642419936,2642420539,12083,603
29256.398365,2642423833,2642424436,9284,603
29256.410380,2642427647,2642428248,8856,601
29256.422412,2642431539,2642432142,9202,603
29256.434432,2642435447,2642436050,9260,603
29256.446456,2642439305,2642439908,8957,603
29256.458485,2642443195,2642443770,9226,575
29256.470502,2642447059,2642447662,9284,603
29256.482517,2642450877,2642451478,8886,601
29256.494549,2642454731,2642455338,9133,607
29256.506569,2642458649,2642459252,9269,603
29256.518587,2642462471,2642463072,8872,601
29256.530622,2642466333,2642466941,9250,608
29256.542635,2642470213,2642470819,9242,606
29256.554653,2642474019,2642474620,8853,601
29256.566689,2642478062,2642478644,11972,582
29256.578702,2642482051,2642482653,12057,602
29256.590724,2642485868,2642486469,8869,601
29256.602759,2642489761,2642490370,9223,609
29256.614773,2642493638,2642494239,9206,601
29256.626791,2642497484,2642498085,8892,601
29256.638826,2642501357,2642501965,9273,608
29256.650839,2642505253,2642505854,9229,601
29256.662866,2642509079,2642509683,8972,604
29256.674892,2642512934,2642513534,9237,600
29256.686909,2642516799,2642517395,9206,596
29256.698926,2642520611,2642521211,8874,600
29256.710962,2642524476,2642525090,9158,614
29256.722974,2642528380,2642528977,9234,597
29256.734997,2642532187,2642532798,8871,611
29256.747032,2642536081,2642536689,9224,608
29256.759047,2642540155,2642540756,12081,601
29256.771071,2642544233,2642544833,11815,600
29256.783102,2642548346,2642548929,11983,583
29256.795116,2642552422,2642553023,12086,601
29256.807138,2642556456,2642557052,11879,596
29256.819166,2642560468,2642561070,12076,602
29256.831183,2642564468,2642565069,12075,601
29256.843207,2642568504,2642569110,11856,606
29256.855239,2642572539,2642573122,11972,583
29256.867253,2642576518,2642577119,12083,601
29256.879276,2642580462,2642581069,12009,607
29256.891306,2642584498,2642585093,12089,595
29256.903320,2642588469,2642589075,12104,606
29256.915346,2642592426,2642593032,11823,606
29256.925869,2642595847,2642596449,9277,602
29256.937884,2642599689,2642600290,8862,601
29256.949924,2642603539,2642603971,7440,432
29256.961938,2642607288,2642607891,12071,603
29256.973950,2642611152,2642611747,8845,595
29256.985986,2642615033,2642615610,11974,577
29256.998006,2642618903,2642619511,9265,608
29257.010020,2642622741,2642623342,8854,601
29257.022054,2642626580,2642627188,9247,608
29257.034072,2642630493,2642631101,9247,608
29257.046091,2642634319,2642634925,8869,606
29257.058128,2642638183,2642638764,9226,581
29257.070141,2642642052,2642642649,9246,597
29257.082160,2642645984,2642646580,11831,596
29257.094191,2642649830,2642650438,9180,608
29257.106211,2642653720,2642654322,9272,602
29257.118226,2642657528,2642658129,8902,601
29257.130259,2642661375,2642661978,9193,603
29257.142275,2642665245,2642665851,9231,606
29257.154296,2642669062,2642669668,8871,606
29257.166326,2642673078,2642673660,11951,582
29257.178347,2642677103,2642677700,12067,597
29257.190365,2642680897,2642681497,8881,600
29257.202400,2642684755,2642685338,9180,583
29257.214417,2642688633,2642689235,9244,602
29257.226431,2642692455,2642693060,8848,605
29257.238464,2642696314,2642696917,9207,603
29257.250484,2642700213,2642700821,9259,608
29257.262502,2642704056,2642704657,8872,601
29257.274537,2642707925,2642708506,9188,581
29257.286553,2642711808,2642712411,9242,603
29257.298568,2642715620,2642716226,8881,606
29257.310605,2642719505,2642720108,9176,603
29257.322618,2642723370,2642723965,9204,595
29257.334639,2642727167,2642727768,8888,601
29257.346674,2642731028,2642731631,9239,603
29257.358687,2642734890,2642735490,9204,600
29257.370705,2642738718,2642739324,8855,606
29257.382739,2642742768,2642743366,12088,598
29257.394754,2642746777,2642747374,12054,597
29257.406776,2642750590,2642751185,8898,595
29257.418807,2642754461,2642755063,9229,602
29257.430823,2642758314,2642758916,9244,602
29257.442842,2642762138,2642762743,8840,605
29257.454880,2642766131,2642766709,9272,578
29257.466889,2642769971,2642770577,9187,606
29257.478915,2642773853,2642774457,8970,604
29257.490950,2642777753,2642778328,9247,575
29257.502961,2642781590,2642782197,9238,607
29257.514978,2642785414,2642786020,8917,606
29257.527014,2642789408,2642790022,12085,614
29257.539029,2642793437,2642794038,12053,601
29257.551047,2642797335,2642797936,8858,601
29257.563082,2642801290,2642801899,9194,609
29257.575098,2642805362,2642805962,12053,600
29257.587124,2642809456,2642810057,11840,601
29257.599152,2642813500,2642814076,11945,576
29257.611168,2642817504,2642818104,12082,600
29257.623186,2642821329,2642821925,8857,596
29257.777985,2642869048,2642869625,6164,577
29257.790006,2642872892,2642873487,8855,595
29257.802041,2642876741,2642877323,9239,582
29257.814056,2642880603,2642881211,9259,608
29257.826072,2642884456,2642885056,8789,600
29257.838108,2642888302,2642888879,9206,577
29257.850121,2642892141,2642892748,9131,607
29257.862143,2642895979,2642896583,8866,604
29257.874176,2642899815,2642900422,9194,607
29257.886194,2642903709,2642904312,9274,603
29257.898212,2642907705,2642908305,11842,600
29257.910241,2642911710,2642912314,12079,604
29257.922263,2642915599,2642916197,9270,598
29257.934278,2642919424,2642920024,8864,600
29257.946316,2642923264,2642923846,9222,582
29257.958330,2642927126,2642927734,9227,608
29257.970348,2642930956,2642931562,8909,606
29257.982379,2642934946,2642935555,12086,609
29258.022956,2642947811,2642948414,12088,603
29258.034972,2642951687,2642952289,9226,602
29258.046991,2642955521,2642956122,8845,601
29258.059026,2642959399,2642960007,9231,608
29258.071041,2642963475,2642964081,12051,606
29258.083058,2642967417,2642968022,8864,605
29258.095096,2642971431,2642972008,9197,577
29258.107110,2642975506,2642976120,12098,614
29258.119134,2642979526,2642980127,11857,601
29258.131164,2642983603,2642984180,11935,577
29258.143179,2642987546,2642988148,12077,602
29258.155201,2642991485,2642992086,11827,601
29258.167227,2642995350,2642995953,9203,603
29258.179246,2642999227,2642999830,9257,603
29258.191270,2643003321,2643003927,11838,606
29258.203299,2643007354,2643007937,11967,583
29258.215316,2643011294,2643011896,12060,602
29258.227338,2643015294,2643015898,11994,604
29258.237860,2643018685,2643019287,9219,602
29258.249877,2643022524,2643023125,8846,601
29258.261916,2643026359,2643026941,9246,582
29258.273930,2643030228,2643030830,9266,602
29258.285948,2643034057,2643034661,8853,604
29258.297981,2643037924,2643038501,11993,577
29258.309998,2643041823,2643042426,12071,603
29258.322016,2643045674,2643046275,8849,601
29258.334055,2643049544,2643050126,9220,582
29258.346068,2643053541,2643054155,12061,614
29258.358083,2643057429,2643058035,8899,606
29258.370115,2643061342,2643061954,9206,612
29258.382132,2643065370,2643065976,12031,606
29258.394157,2643069441,2643070060,11984,619
29258.406185,2643073346,2643073948,9209,602
29258.418206,2643077240,2643077848,9252,608
29258.430221,2643081074,2643081675,8843,601
29258.442254,2643084910,2643085519,9190,609
29258.454270,2643088794,2643089390,9183,596
29258.466292,2643092611,2643093207,8855,596
29258.478325,2643096428,2643097036,9251,608
29258.490343,2643100333,2643100939,9283,606
29258.502358,2643104160,2643104761,8852,601
29258.514389,2643108201,2643108809,12080,608
29258.526411,2643112238,2643112836,12057,598
29258.538426,2643116058,2643116659,8869,601
29258.550464,2643119895,2643120472,9261,577
29258.562478,2643123770,2643124373,9279,603
29258.574497,2643127597,2643128203,8887,606
29258.586532,2643131474,2643132052,9186,578
29258.598545,2643135503,2643136112,9232,609
29258.610567,2643139498,2643140097,11982,599
29258.622595,2643143330,2643143933,9200,603
29258.790916,2643186885,2643187492,9241,607
29258.802941,2643190349,2643190955,12093,606
29258.814956,2643194378,2643194973,11815,595
29258.826986,2643198397,2643199006,12102,609
29258.839000,2643202283,2643202877,9209,594
29258.851024,2643206223,2643206819,11838,596
29258.863056,2643210305,2643210912,12085,607
29258.875070,2643214404,2643215016,12049,612
29258.950210,2643237746,2643238351,8851,605
29258.962241,2643241652,2643242255,9208,603
29258.974262,2643245548,2643246157,9265,609
29258.986279,2643249560,2643250161,11844,601
29258.998314,2643253549,2643254126,11997,577
29259.010330,2643257650,2643258264,12053,614
29259.022349,2643261481,2643262081,8935,600
29259.034381,2643265343,2643265952,9174,609
29259.046400,2643269243,2643269841,9268,598
29259.058414,2643273069,2643273674,8858,605
29259.070446,2643276924,2643277532,9157,608
29259.082467,2643280820,2643281434,9303,614
29259.094486,2643284664,2643285265,8885,601
29259.106520,2643288525,2643289132,9190,607
29259.118535,2643292400,2643293006,9255,606
29259.130557,2643296417,2643297018,11837,601
29259.142584,2643300414,2643301018,12087,604
29259.154606,2643304315,2643304918,9250,603
29259.166621,2643308158,2643308759,8886,601
29259.178658,2643312022,2643312599,9204,577
29259.190670,2643315856,2643316458,9253,602
29259.202698,2643319689,2643320292,8975,603
29259.214724,2643323722,2643324325,12100,603
29259.226739,2643327747,2643328354,12056,607
29259.238758,2643331564,2643332159,8854,595
29259.250791,2643335465,2643336079,9053,614
29259.262807,2643339356,2643339957,9276,601
29259.274829,2643343178,2643343779,8881,601
29259.286863,2643347057,2643347666,9222,609
29259.298880,2643350945,2643351546,9269,601
29259.310893,2643354780,2643355376,8873,596
29259.322932,2643358669,2643359249,9180,580
29259.334943,2643362508,2643363105,9263,597
29259.346970,2643366481,2643367077,11836,596
29259.358998,2643370525,2643371139,12089,614
29259.371012,2643374426,2643375028,9244,602
29259.383031,2643378342,2643378942,8881,600
29259.395070,2643382257,2643382840,9208,583
29259.407083,2643386343,2643386954,12110,611
29259.419101,2643390307,2643390908,8850,601
29259.431134,2643394410,2643394993,11944,583
29259.443152,2643398437,2643399038,12081,601
29259.455172,2643402507,2643403102,11817,595
29259.467203,2643406528,2643407111,11946,583
29259.479219,2643410469,2643411071,12074,602
29259.491245,2643414407,2643415008,11819,601
29259.503275,2643418444,2643419048,12087,604
29259.515287,2643422309,2643422909,9257,600
29259.527304,2643426128,2643426734,8903,606
29259.539340,2643430106,2643430713,12092,607
29259.549859,2643433521,2643434125,8997,604
29259.561886,2643437401,2643437984,9225,583
29259.573904,2643441274,2643441878,9272,604
29259.585919,2643445114,2643445719,8840,605
29259.597954,2643448979,2643449583,12041,604
29259.609972,2643452892,2643453501,12060,609
29259.621993,2643456947,2643457543,11981,596
29259.818864,2643507037,2643507640,8916,603
29259.830896,2643510000,2643510612,9374,612
29259.842908,2643513694,2643514289,12021,595
29259.854928,2643517518,2643518113,8857,595
29259.866963,2643521400,2643522009,9255,609
29259.878977,2643525276,2643525878,9193,602
29259.891002,2643529214,2643529820,11841,606
29259.903032,2643533141,2643533745,9243,604
29259.915046,2643537025,2643537627,9263,602
29259.927067,2643540930,2643541530,8868,600
29259.939102,2643545018,2643545620,12090,602
29259.951118,2643549129,2643549731,12086,602
29259.963138,2643553171,2643553767,11824,596
29259.975169,2643557222,2643557826,12080,604
29259.987185,2643561243,2643561844,12097,601
29259.999202,2643565079,2643565675,8859,596
29260.011238,2643568958,2643569570,9269,612
29260.023253,2643572947,2643573549,12062,602
29260.035278,2643577022,2643577623,11821,601
29260.047311,2643581033,2643581611,12025,578
29260.059324,2643584980,2643585582,12084,602
29260.071346,2643588965,2643589564,11835,599
29260.081869,2643592386,2643592989,9266,603
29260.093887,2643596233,2643596829,8879,596
29260.105922,2643600109,2643600690,9227,581
29260.117939,2643603981,2643604584,9280,603
29260.129956,2643607848,2643608454,11835,606
29260.141987,2643611725,2643612303,11967,578
29260.154008,2643615617,2643616219,9256,602
29260.166022,2643619479,2643620080,8824,601
29260.178060,2643623319,2643623901,9237,582
29260.190074,2643627202,2643627805,9278,603
29260.202092,2643631020,2643631621,8777,601
29260.214125,2643634974,2643635558,11969,584
29260.226139,2643638923,2643639529,12058,606
29260.238157,2643642758,2643643352,8885,594
29260.430527,2643688955,2643689550,8946,595
29260.442549,2643692077,2643692685,9293,608
29260.454575,2643695517,2643696111,9289,594
29260.466593,2643699362,2643699963,8887,601
29260.478629,2643703258,2643703865,9261,607
29260.490644,2643707147,2643707750,9067,603
29260.502663,2643710992,2643711588,8839,596
29260.514702,2643714879,2643715461,9226,582
29260.526716,2643718753,2643719362,9230,609
29260.538741,2643722577,2643723175,8975,598
29260.550764,2643726447,2643727050,9173,603
29260.562782,2643730471,2643731073,12089,602
29260.574804,2643734458,2643735067,12030,609
29260.586831,2643738347,2643738955,9212,608
29260.598848,2643742249,2643742851,9198,602
29260.610866,2643746074,2643746680,8864,606
29260.622900,2643749926,2643750530,9201,604
29260.634915,2643753789,2643754396,9233,607
29260.646942,2643757803,2643758398,11832,595
29260.658971,2643761832,2643762446,12137,614
29260.670985,2643765747,2643766348,9249,601
29260.683010,2643769713,2643770319,11850,606
29260.695040,2643773729,2643774307,11945,578
29260.707056,2643777792,2643778393,12084,601
29260.719077,2643781856,2643782457,11859,601
29260.731106,2643785804,2643786387,9203,583
29260.743123,2643789761,2643790368,9258,607
29260.755147,2643793761,2643794361,11839,600
29260.767173,2643797796,2643798379,11936,583
29260.779191,2643801800,2643802402,12058,602
29260.791217,2643805791,2643806394,12004,603
29260.803247,2643809811,2643810389,11971,578
29260.815261,2643813795,2643814396,12079,601
29260.827279,2643817610,2643818205,8868,595
29260.839314,2643821613,2643822222,12100,609
29260.851330,2643825588,2643826190,12094,602
29260.863353,2643829586,2643830187,11826,601
29260.873875,2643833012,2643833619,9254,607
29260.885903,2643836829,2643837434,8945,605
29260.897928,2643840693,2643841276,9244,583
29260.909945,2643844569,2643845177,9232,608
29260.921960,2643848398,2643849008,8894,610
29260.933995,2643852275,2643852857,9199,582
29260.946011,2643856169,2643856777,12024,608
29260.958032,2643860126,2643860724,11976,598
29260.970060,2643863970,2643864579,9224,609
29260.998609,2643873167,2643873768,11879,601
29261.010640,2643877049,2643877632,9155,583
29261.022657,2643880913,2643881516,9263,603
29261.034685,2643884740,2643885345,8913,605
29261.046708,2643888806,2643889409,9280,603
29261.058722,2643892829,2643893436,12058,607
29261.070744,2643896643,2643897231,8873,588
29261.082776,2643900515,2643901124,9208,609
29261.094792,2643904401,2643905002,9235,601
29261.106810,2643908223,2643908824,8877,601
29261.118843,2643912074,2643912678,9235,604
29261.130858,2643915945,2643916552,9267,607
29261.142878,2643919786,2643920397,8900,611
29261.154909,2643923628,2643924235,9203,607
29261.166927,2643927499,2643928096,9242,597
29261.178952,2643931490,2643932086,11836,596
29261.190984,2643935513,2643936122,12088,609
29261.202997,2643939419,2643940021,9217,602
29261.215022,2643943377,2643943973,11845,596
29261.227050,2643947383,2643947965,12007,582
29261.239069,2643951493,2643952096,12052,603
29261.251083,2643955527,2643956128,8857,601
29261.263117,2643959652,2643960260,12071,608
29261.275134,2643963755,2643964360,12061,605
29261.287162,2643967769,2643968366,12005,597
29261.299188,2643971758,2643972340,11967,582
29261.311205,2643975731,2643976337,12083,606
29261.323226,2643979689,2643980289,11837,600
29261.347272,2643987598,2643988202,11955,604
29261.359301,2643991551,2643992165,8904,614
29261.369813,2643995942,2643996961,14705,1019
29261.380338,2644003872,2644005006,16331,1134
29261.410394,2644016037,2644016646,12005,609
29261.422421,2644020019,2644020629,8905,610
29261.434446,2644023981,2644024600,9250,619
29261.446463,2644028094,2644028703,12032,609
29261.458492,2644032225,2644032829,12040,604
29261.470515,2644036138,2644036733,9202,595
29261.482532,2644040040,2644040654,9011,614
29261.494560,2644043975,2644044578,8947,603
29261.506585,2644047870,2644048474,9199,604
29261.518603,2644051789,2644052392,8941,603
29261.530629,2644055687,2644056301,8933,614
29261.542653,2644059601,2644060209,9190,608
29261.554671,2644063535,2644064141,8905,606
29261.566698,2644067452,2644068061,8916,609
29261.578721,2644071502,2644072111,12086,609
29261.590736,2644075565,2644076168,11971,603
29261.602766,2644079460,2644080062,8938,602
29261.614790,2644083373,2644083987,9229,614
29261.626806,2644087295,2644087899,8934,604
29261.638834,2644091218,2644091831,8922,613
29261.650858,2644095138,2644095741,9243,603
29261.662877,2644099214,2644099816,12007,602
29261.674903,2644103267,2644103871,12031,604
29261.686925,2644107196,2644107792,9224,596
29261.698943,2644111104,2644111708,8957,604
29261.710970,2644115008,2644115612,8917,604
29261.722995,2644118931,2644119544,9165,613
29261.735012,2644122877,2644123486,8996,609
29261.747039,2644126878,2644127492,8923,614
29261.759063,2644130885,2644131493,9248,608
29261.771081,2644135060,2644135667,12009,607
29261.783109,2644139243,2644139852,12034,609
29261.795132,2644143389,2644143992,12067,603
29261.807150,2644147483,2644148092,12053,609
29261.819178,2644151561,2644152170,12037,609
29261.831199,2644155670,2644156273,12098,603
29261.843217,2644159704,2644160306,8969,602
29261.855247,2644163737,2644164352,12038,615
29261.867266,2644167798,2644168401,9220,603
29261.879285,2644171877,2644172481,12000,604
29261.891313,2644175918,2644176520,12041,602
29261.903336,2644179958,2644180560,12069,602
29261.913857,2644183416,2644184030,8928,614
29261.925882,2644187323,2644187932,9283,609
29261.937897,2644191253,2644191860,8968,607
29261.954432,2644196603,2644197206,8931,603
29261.966458,2644200510,2644201114,9221,604
29261.978473,2644204594,2644205196,11998,602
29261.990502,2644208647,2644209256,12035,609
29262.002525,2644212551,2644213155,9191,604
29262.014544,2644216453,2644217060,8967,607
29262.026571,2644220359,2644220961,8973,602
29262.038595,2644224263,2644224873,9251,610
29262.050613,2644228182,2644228791,9001,609
29262.062638,2644232250,2644232859,12036,609
29262.074662,2644236319,2644236927,12095,608
29262.086677,2644240386,2644240987,11983,601
29262.098707,2644244295,2644244898,8897,603
29262.110732,2644248195,2644248804,9200,609
29262.122749,2644252106,2644252715,8971,609
29262.134776,2644256016,2644256625,8971,609
29262.146800,2644259905,2644260509,9232,604
29262.158817,2644263808,2644264412,8953,604
29262.170845,2644267705,2644268318,8931,613
29262.182868,2644271779,2644272382,12103,603
29262.194887,2644275816,2644276419,12012,603
29262.206914,2644279843,2644280452,12055,609
29262.218935,2644283761,2644284369,9275,608
29262.230954,2644287664,2644288268,8977,604
29262.242980,2644291589,2644292192,8928,603
29262.255005,2644295494,2644296098,9221,604
29262.267023,2644299560,2644300163,12011,603
29262.279052,2644303718,2644304327,12035,609
29262.291073,2644307840,2644308443,12072,603
29262.303093,2644312014,2644312610,12042,596
29262.315121,2644316155,2644316769,12039,614
29262.327142,2644320354,2644320968,12098,614
29262.339161,2644324490,2644325098,12013,608
29262.351189,2644328579,2644329182,12030,603
29262.363210,2644332469,2644333078,9238,609
29262.375227,2644336385,2644336994,8943,609
29262.387256,2644340305,2644340912,8871,607
29262.399281,2644344251,2644344859,9209,608
29262.411300,2644348281,2644348884,12012,603
29262.423327,2644352366,2644352975,12041,609
29262.435349,2644356409,2644357016,12072,607
29262.445871,2644359855,2644360459,8947,604
29262.457895,2644363772,2644364380,9203,608
29262.469912,2644367683,2644368282,8962,599
29262.481937,2644371599,2644372208,8897,609
29262.493962,2644375516,2644376118,9257,602
29262.505976,2644379456,2644380065,11977,609
29262.518006,2644383384,2644383993,8911,609
29262.530029,2644387329,2644387927,12085,598
29262.542045,2644391241,2644391850,9003,609
29262.599160,2644409454,2644410063,12039,609
29262.611181,2644413587,2644414190,12067,603
29262.623198,2644417711,2644418319,11984,608
29262.654758,2644427918,2644428522,11976,604
29262.666788,2644431827,2644432430,8920,603
29262.678812,2644435795,2644436404,9254,609
29262.690828,2644439859,2644440463,11973,604
29262.702857,2644443771,2644444367,8943,596
29262.714881,2644447661,2644448269,9251,608
29262.726898,2644451561,2644452163,8948,602
29262.738925,2644455474,2644456087,8930,613
29262.750949,2644459390,2644459998,9246,608
29262.762967,2644463293,2644463902,8988,609
29262.774994,2644467224,2644467828,8978,604
29262.787018,2644471129,2644471736,9207,607
29262.799036,2644475235,2644475843,12011,608
29262.811064,2644479388,2644479991,12040,603
29262.823086,2644483520,2644484129,12086,609
29262.835104,2644487683,2644488297,12009,614
29262.847133,2644491821,2644492425,12037,604
29262.859154,2644495922,2644496529,12075,607
29262.871171,2644500039,2644500642,11993,603
29262.887708,2644505615,2644506225,8925,610
29262.898225,2644509056,2644509660,8958,604
29262.910251,2644512957,2644513566,8913,609
29262.922276,2644516865,2644517472,9257,607
29262.934294,2644520776,2644521379,8971,603
29262.946320,2644524686,2644525289,8939,603
29262.956833,2644528173,2644528775,12031,602
29262.974866,2644534123,2644534731,11989,608
29262.986895,2644538027,2644538635,8946,608
29262.998920,2644541940,2644542554,9280,614
29263.010939,2644546004,2644546603,12014,599
29263.022965,2644550064,2644550667,12037,603
29263.034987,2644553979,2644554583,9208,604
29263.047005,2644557916,2644558520,8972,604
29263.059035,2644561985,2644562592,12073,607
29263.071055,2644566101,2644566716,12085,615
29263.083075,2644570285,2644570894,12013,609
29263.095102,2644574341,2644574950,8959,609
29263.107127,2644578474,2644579077,12081,603
29263.119143,2644582616,2644583212,11994,596
29263.131173,2644586719,2644587328,12038,609
29263.143195,2644590857,2644591465,12068,608
29263.155213,2644594985,2644595599,12008,614
29263.167243,2644599050,2644599653,12040,603
29263.179262,2644602960,2644603563,9187,603
29263.191282,2644606858,2644607467,8973,609
29263.203308,2644610910,2644611517,12039,607
29263.215334,2644614947,2644615555,12087,608
29263.227351,2644619004,2644619607,12016,603
29263.237878,2644622434,2644623037,9278,603
29263.249895,2644626350,2644626959,8958,609
29263.261922,2644630271,2644630880,8956,609
29263.273946,2644634202,2644634805,9228,603
29263.285964,2644638124,2644638741,8898,617
29263.297989,2644642073,2644642687,8926,614
29263.310014,2644646002,2644646610,9275,608
29263.322031,2644649918,2644650522,8962,604
29263.334058,2644653844,2644654458,8942,614
29263.346082,2644657758,2644658361,9232,603
29263.358100,2644661661,2644662260,8991,599
29263.370126,2644665568,2644666175,8957,607
29263.382151,2644669478,2644670092,9249,614
29263.394164,2644673522,2644674125,11978,603
29263.406195,2644677606,2644678220,12039,614
29263.418218,2644681741,2644682354,12117,613
29263.430237,2644685706,2644686320,8902,614
29263.442263,2644689680,2644690299,8945,619
29263.454287,2644693667,2644694276,9180,609
29263.466303,2644697642,2644698245,8990,603
29263.478331,2644701582,2644702185,8941,603
29263.490356,2644705506,2644706115,9255,609
29263.502375,2644709447,2644710064,8961,617
29263.514402,2644713371,2644713974,8964,603
29263.526426,2644717271,2644717885,9215,614
29263.538444,2644721191,2644721800,8950,609
29263.550470,2644725105,2644725708,8909,603
29263.562495,2644729017,2644729625,9251,608
29263.574512,2644732923,2644733524,8966,601
29263.586539,2644736833,2644737435,8957,602
29263.598563,2644740736,2644741340,9256,604
29263.610580,2644744802,2644745406,12015,604
29263.622608,2644748843,2644749451,12033,608
29263.634630,2644752760,2644753368,9203,608
29263.646649,2644756662,2644757271,8930,609
29263.658675,2644760587,2644761196,8868,609
29263.670700,2644764516,2644765125,9189,609
29263.682718,2644768419,2644769023,8991,604
29263.694744,2644772345,2644772954,8960,609
29263.706769,2644776344,2644776948,9221,604
29263.718787,2644780267,2644780863,8989,596
29263.730813,2644784196,2644784800,8926,604
29263.742836,2644788088,2644788697,9237,609
29263.754854,2644791999,2644792607,8986,608
29263.766880,2644795917,2644796524,8876,607
29263.778904,2644799821,2644800425,9243,604
29263.790922,2644803731,2644804335,8974,604
29263.802948,2644807651,2644808259,8934,608
29263.814973,2644811566,2644812180,9271,614
29263.826991,2644815638,2644816247,12014,609
29263.839019,2644819683,2644820287,12038,604
29263.851041,2644823762,2644824361,12067,599
29263.863059,2644827921,2644828535,11992,614
29263.875087,2644832091,2644832699,12041,608
29263.887110,2644836267,2644836876,12067,609
29263.899128,2644840393,2644840996,12023,603
29263.911153,2644844411,2644845020,8923,609
29263.923177,2644848373,2644848980,9261,607
29263.935195,2644852459,2644853060,12021,601
29263.947223,2644856582,2644857186,12038,604
29263.959246,2644860631,2644861240,12074,609
29263.971264,2644864689,2644865303,12018,614
29263.983293,2644868747,2644869361,12033,614
29263.995313,2644872657,2644873266,9184,609
29264.007332,2644876572,2644877175,8963,603
29264.019360,2644880591,2644881194,12039,603
29264.029878,2644884037,2644884640,8993,603
29264.041904,2644887959,2644888568,8899,609
29264.053928,2644891876,2644892480,9250,604
29264.065946,2644895789,2644896392,8933,603
29264.077973,2644899720,2644900329,8974,609
29264.089997,2644903620,2644904228,9266,608
29264.102014,2644907534,2644908145,8979,611
29264.114042,2644911454,2644912058,8939,604
29264.126066,2644915466,2644916075,12083,609
29264.138081,2644919484,2644920086,11974,602
29264.150111,2644923400,2644924009,8939,609
29264.162135,2644927318,2644927925,9244,607
29264.174153,2644931231,2644931838,8956,607
29264.186180,2644935134,2644935747,8955,613
29264.198204,2644939059,2644939661,9248,602
29264.210217,2644943098,2644943707,11972,609
29264.222249,2644947175,2644947778,12042,603
29264.234271,2644951071,2644951674,9210,603
29264.246290,2644954999,2644955603,8944,604
29264.258317,2644958921,2644959540,8952,619
29264.270341,2644962818,2644963426,9233,608
29264.282359,2644966729,2644967338,8886,609
29264.294384,2644970791,2644971395,12040,604
29264.306409,2644974709,2644975318,9255,609
29264.318425,2644978649,2644979255,8991,606
29264.330452,2644982575,2644983184,8902,609
29264.342475,2644986652,2644987254,12085,602
29264.354494,2644990544,2644991148,8961,604
29264.366521,2644994436,2644995045,8922,609
29264.378545,2644998352,2644998956,9199,604
29264.390563,2645002282,2645002886,8971,604
29264.402589,2645006182,2645006785,8831,603
29264.414614,2645010102,2645010710,9219,608
29264.426630,2645014151,2645014759,12012,608
29264.438658,2645018228,2645018837,12041,609
29264.450681,2645022172,2645022769,9225,597
29264.462700,2645026072,2645026680,8970,608
29264.474727,2645029991,2645030600,8916,609
29264.486751,2645033901,2645034504,9264,603
29264.498769,2645037813,2645038417,8978,604
29264.510795,2645041728,2645042337,8961,609
29264.522818,2645045674,2645046283,9224,609
29264.534835,2645049598,2645050214,8946,616
29264.546862,2645053545,2645054152,8916,607
29264.558888,2645057610,2645058218,12115,608
29264.570904,2645061526,2645062135,8998,609
29264.582930,2645065452,2645066061,8921,609
29264.594955,2645069374,2645069983,9281,609
29264.606971,2645073303,2645073911,8987,608
29264.618999,2645077224,2645077832,8984,608
29264.643039,2645085060,2645085674,11976,614
29264.655068,2645089230,2645089839,12040,609
29264.667092,2645093377,2645093975,12097,598
29264.679110,2645097524,2645098128,12014,604
29264.691138,2645101644,2645102258,12040,614
29264.703159,2645105754,2645106363,12066,609
29264.715179,2645109823,2645110432,12016,609
29264.727206,2645113827,2645114436,8912,609
29264.739230,2645117843,2645118447,9254,604
29264.751249,2645121896,2645122496,12017,600
29264.763278,2645126019,2645126623,12041,604
29264.775299,2645130056,2645130670,12066,614
29264.787319,2645134114,2645134718,12011,604
29264.799347,2645138159,2645138761,12040,602
29264.809863,2645141588,2645142047,7588,459
29264.821894,2645145364,2645145823,7646,459
29264.833912,2645149155,2645149753,9245,598
29264.845931,2645153079,2645153683,8960,604
29264.857957,2645156997,2645157600,8931,603
29264.869982,2645160910,2645161519,9244,609
29264.882000,2645164834,2645165438,8954,604
29264.894026,2645168731,2645169339,8906,608
29264.906049,2645172676,2645173285,12097,609
29264.918066,2645176591,2645177203,9001,612
29264.930093,2645180531,2645181140,8930,609
29264.942116,2645184573,2645185182,12123,609
29264.954129,2645188636,2645189245,11962,609
29264.966161,2645192572,2645193175,8949,603
29264.978185,2645196467,2645197071,9202,604
29265.042807,2645217045,2645217654,12040,609
29265.054828,2645221106,2645221720,12099,614
29265.066847,2645225028,2645225625,8947,597
29265.078875,2645229089,2645229698,12032,609
29265.090897,2645233016,2645233624,9206,608
29265.102913,2645236932,2645237541,8981,609
29265.114942,2645240867,2645241476,8955,609
29265.126968,2645244791,2645245395,9247,604
29265.138985,2645248730,2645249332,8956,602
29265.151013,2645252662,2645253268,8932,606
29265.163037,2645256728,2645257331,12088,603
29265.175056,2645260873,2645261482,12004,609
29265.187083,2645265020,2645265629,12038,609
29265.199104,2645269171,2645269780,12071,609
29265.211122,2645273154,2645273758,8918,604
29265.223149,2645277151,2645277765,8913,614
29265.235174,2645281224,2645281836,12128,612
29265.247191,2645285298,2645285907,12010,609
29265.259219,2645289375,2645289979,12040,604
29265.271241,2645293406,2645294015,12072,609
29265.283260,2645297497,2645298095,12011,598
29265.295289,2645301538,2645302146,12041,608
29265.307309,2645305592,2645306206,12110,614
29265.319329,2645309659,2645310278,12014,619
29265.331356,2645313766,2645314375,12036,609
29265.341877,2645317258,2645317711,7440,453
29265.447073,2645349892,2645350496,12090,604
29265.459091,2645353993,2645354595,12050,602
29265.471117,2645358083,2645358687,12009,604
29265.483146,2645362181,2645362778,12108,597
29265.495161,2645366249,2645366851,12083,602
29265.507183,2645370240,2645370841,11855,601
29265.519215,2645374253,2645374867,12111,614
29265.531229,2645378276,2645378878,12080,602
29265.543245,2645382252,2645382853,8826,601
29265.555284,2645386171,2645386753,9188,582
29265.567297,2645390151,2645390754,12054,603
29265.579323,2645394120,2645394721,11842,601
29265.591351,2645398151,2645398755,12116,604
29265.603368,2645402191,2645402798,12035,607
29265.613897,2645405569,2645406152,9182,583
29265.625914,2645409475,2645409934,7361,459
29265.637932,2645413223,2645413837,11977,614
29265.649965,2645417102,2645417704,9242,602
29265.661982,2645421023,2645421626,9261,603
29265.673997,2645424869,2645425470,8888,601
29265.686030,2645428712,2645429326,9230,614
29265.698048,2645432639,2645433242,9088,603
29265.710067,2645436488,2645437094,8898,606
29265.722102,2645440367,2645440949,9202,582
29265.734116,2645444215,2645444815,9223,600
29265.746146,2645448045,2645448646,8983,601
29265.758171,2645452055,2645452638,11990,583
29265.770188,2645456067,2645456669,12062,602
29265.782202,2645459943,2645460544,8834,601
29265.794240,2645463793,2645464375,9211,582
29265.806257,2645467689,2645468298,9176,609
29265.818271,2645471539,2645472151,8865,612
29265.830303,2645475420,2645476034,9224,614
29265.842320,2645479485,2645480083,12020,598
29265.854343,2645483536,2645484138,11989,602
29265.866374,2645487412,2645487994,9190,582
29265.878388,2645491445,2645492049,12020,604
29265.890410,2645495280,2645495881,8815,601
29265.902446,2645499147,2645499755,9234,608
29265.914459,2645503017,2645503619,9222,602
29265.926476,2645506840,2645507446,8870,606
29265.938514,2645510696,2645511279,9189,583
29265.950529,2645514591,2645515192,9254,601
29265.962547,2645518421,2645519017,8897,596
29265.974579,2645522458,2645523062,12067,604
29265.986598,2645526526,2645527130,12045,604
29265.998622,2645530379,2645530983,8960,604
29266.010646,2645534220,2645534824,9176,604
29266.022667,2645538130,2645538739,9271,609
29266.034682,2645541957,2645542563,8835,606
29266.046718,2645545827,2645546436,9194,609
29266.058735,2645549887,2645550496,12045,609
29266.070754,2645553886,2645554494,11982,608
29266.118854,2645568981,2645569564,11965,583
29266.130867,2645572819,2645573421,9235,602
29266.142898,2645576653,2645577254,8950,601
29266.154923,2645580560,2645581169,9207,609
29266.166937,2645584445,2645585049,9235,604
29266.178955,2645588262,2645588867,8825,605
29266.190991,2645592294,2645592908,12113,614
29266.203006,2645596317,2645596918,12044,601
29266.215031,2645600294,2645600895,11823,601
29266.227057,2645604275,2645604889,9218,614
29266.239077,2645608269,2645608878,9178,609
29266.251098,2645612331,2645612932,11850,601
29266.263129,2645616455,2645617069,12090,614
29266.275144,2645620525,2645621122,12081,597
29266.287168,2645624543,2645625147,12003,604
29266.299198,2645628593,2645629196,12091,603
29266.311213,2645632612,2645633219,12083,607
29266.323235,2645636565,2645637166,11819,601
29266.335263,2645640608,2645641217,12095,609
29266.347282,2645644646,2645645249,12039,603
29266.359298,2645648579,2645649175,8890,596
29266.371333,2645652493,2645653097,9233,604
29266.381845,2645655892,2645656488,8885,596
29266.393879,2645659741,2645660349,9234,608
29266.405897,2645663674,2645664277,9214,603
29266.417911,2645667530,2645668132,8900,602
29266.429950,2645671374,2645671957,9186,583
29266.441962,2645675262,2645675871,11992,609
29266.453985,2645679152,2645679766,11975,614
29266.466017,2645683046,2645683623,9265,577
29266.478034,2645686901,2645687499,9297,598
29266.490061,2645690752,2645691354,8944,602
29266.502082,2645694620,2645695228,9168,608
29266.514103,2645698531,2645699128,9256,597
29266.526116,2645702369,2645702974,8868,605
29266.538153,2645706220,2645706803,9177,583
29266.550171,2645710107,2645710709,9263,602
29266.562186,2645713931,2645714542,8896,611
29266.574219,2645717958,2645718541,11976,583
29266.586240,2645721986,2645722589,12068,603
29266.598254,2645725850,2645726451,8829,601
29266.610290,2645729782,2645730364,9195,582
29266.622306,2645733680,2645734283,9251,603
29266.692937,2645755727,2645756331,11984,604
29266.754563,2645775049,2645775632,11987,583
29266.766580,2645778928,2645779530,9251,602
29266.778599,2645782751,2645783347,8880,596
29266.790633,2645786779,2645787382,12145,603
29266.802650,2645790838,2645791445,12053,607
29266.814666,2645794672,2645795283,8888,611
29266.826703,2645798540,2645799118,9225,578
29266.838716,2645802416,2645803020,9082,604
29266.850734,2645806277,2645806877,8908,600
29266.862767,2645810145,2645810754,9227,609
29266.874787,2645814208,2645814811,12041,603
29266.958942,2645840447,2645841048,11824,601
29266.970975,2645844501,2645845105,12089,604
29266.982989,2645848379,2645848980,9264,601
29266.995007,2645852248,2645852860,8862,612
29267.007043,2645856392,2645856996,12071,604
29267.019058,2645860478,2645861084,12062,606
29267.031083,2645864532,2645865134,11822,602
29267.043114,2645868683,2645869266,11965,583
29267.055129,2645872661,2645873258,9261,597
29267.067151,2645876644,2645877255,11851,611
29267.079178,2645880733,2645881337,12088,604
29267.091200,2645884778,2645885387,12042,609
29267.103218,2645888749,2645889357,12007,608
29267.115250,2645892757,2645893355,12112,598
29267.127265,2645896769,2645897375,12079,606
29267.139289,2645900775,2645901383,12008,608
29267.151318,2645904774,2645905383,12114,609
29267.163333,2645908792,2645909399,12122,607
29267.173868,2645912273,2645912710,7458,437
29267.185881,2645916039,2645916498,7492,459
29267.197897,2645919773,2645920379,8890,606
29267.209934,2645923632,2645924215,9228,583
29267.221949,2645927544,2645928148,9259,604
29267.233975,2645931395,2645932002,8947,607
29267.246000,2645935282,2645935865,9200,583
29267.258018,2645939174,2645939778,9276,604
29267.270033,2645943096,2645943707,11808,611
29267.282068,2645946980,2645947555,9208,575
29267.294086,2645950851,2645951455,9278,604
29267.306101,2645954693,2645955294,8831,601
29267.318133,2645958550,2645959164,9232,614
29267.330153,2645962468,2645963066,9223,598
29267.342171,2645966337,2645966944,8861,607
29267.354206,2645970223,2645970806,9211,583
29267.366224,2645974085,2645974692,9249,607
29267.378238,2645977954,2645978559,8860,605
29267.390273,2645982010,2645982593,11969,583
29267.402291,2645986045,2645986643,12083,598
29267.414307,2645989892,2645990498,8830,606
29267.426346,2645993745,2645994328,9230,583
29267.438360,2645997651,2645998255,9275,604
29267.450375,2646001470,2646002077,8827,607
29267.462407,2646005347,2646005955,9227,608
29267.474423,2646009381,2646009993,12032,612
29267.486448,2646013381,2646013979,11989,598
29267.498480,2646017222,2646017804,9163,582
29267.510497,2646021103,2646021706,9272,603
29267.522512,2646024931,2646025532,8888,601
29267.534547,2646028763,2646029367,9230,604
29267.546565,2646032673,2646033277,9242,604
29267.558580,2646036497,2646037092,8807,595
29267.570617,2646040324,2646040905,9207,581
29267.582631,2646044223,2646044829,9083,606
29267.594653,2646048254,2646048855,11813,601
29267.606681,2646052280,2646052863,11971,583
29267.618702,2646056333,2646056936,12068,603
29267.686331,2646077436,2646078040,12065,604
29267.698347,2646081293,2646081887,8882,594
29267.710378,2646085171,2646085773,9190,602
29267.720893,2646088751,2646089359,11976,608
29267.774991,2646105611,2646106212,8884,601
29267.787025,2646109558,2646110160,9220,602
29267.799041,2646113658,2646114268,12056,610
29267.811059,2646117577,2646118178,8832,601
29267.823093,2646121719,2646122323,12075,604
29267.835112,2646125897,2646126500,12043,603
29267.847133,2646129883,2646130484,11861,601
29267.859163,2646133961,2646134544,11968,583
29267.871180,2646138041,2646138644,12043,603
29267.970366,2646168957,2646169556,12019,599
29267.983895,2646173498,2646174107,12036,609
29268.167232,2646206723,2646207324,9127,601
29268.179271,2646209852,2646210455,9260,603
29268.189794,2646213121,2646213574,3445,453
29268.203309,2646216631,2646217233,9227,602
29268.215334,2646220675,2646221275,11818,600
29268.225864,2646224107,2646224710,9326,603
29268.237870,2646227992,2646228598,8856,606
29268.386665,2646258249,2646258831,9247,582
29268.398684,2646261643,2646262244,9280,601
29268.410708,2646265025,2646265638,9287,613
29268.422734,2646269135,2646269744,12036,609
29268.434758,2646273242,2646273851,12064,609
29268.446777,2646277193,2646277812,8950,619
29268.458805,2646281177,2646281791,8931,614
29268.470827,2646285150,2646285769,9247,619
29268.482844,2646289137,2646289750,8994,613
29268.494859,2646293043,2646293644,8860,601
29268.506893,2646297058,2646297666,12087,608
29268.518909,2646301086,2646301688,12064,602
29268.530928,2646304935,2646305530,8882,595
29268.542964,2646308817,2646309421,9206,604
29268.554978,2646312686,2646313288,9239,602
29268.566997,2646316506,2646317112,8910,606
29268.579033,2646320630,2646321208,11969,578
29268.591046,2646324528,2646325134,9247,606
29268.603065,2646328498,2646329100,8892,602
29268.615099,2646332667,2646333273,12073,606
29268.627119,2646336801,2646337404,12042,603
29268.639137,2646340812,2646341413,11833,601
29268.651169,2646344867,2646345476,12099,609
29268.663184,2646348909,2646349511,12058,602
29268.675208,2646352901,2646353510,11977,609
29268.687238,2646356870,2646357474,12085,604
29268.699255,2646360871,2646361478,12082,607
29268.711276,2646364871,2646365473,11845,602
29268.723307,2646368910,2646369508,12039,598
29268.735321,2646372906,2646373508,12060,602
29268.747348,2646376867,2646377463,11855,596
29268.757870,2646380303,2646380907,9273,604
29268.769885,2646384162,2646384757,8893,595
29268.781920,2646388037,2646388618,9203,581
29268.793934,2646391891,2646392493,9220,602
29268.805956,2646395806,2646396412,11849,606
29268.817986,2646399686,2646400268,11962,582
29268.830004,2646403549,2646404156,9182,607
29268.842021,2646407402,2646408007,8869,605
29268.854059,2646411282,2646411865,9171,583
29268.866074,2646415170,2646415779,9297,609
29268.878093,2646419060,2646419661,8858,601
29268.890127,2646422936,2646423519,9239,583
29268.902141,2646426810,2646427416,9200,606
29268.914158,2646430681,2646431275,8828,594
29268.926196,2646434581,2646435164,9208,583
29268.938208,2646438434,2646439036,9205,602
29268.950228,2646442278,2646442879,8874,601
29268.962267,2646446131,2646446714,9237,583
29268.974281,2646450013,2646450622,9195,609
29268.986296,2646453826,2646454427,8867,601
29268.998334,2646457688,2646458269,9202,581
29269.010349,2646461568,2646462182,9274,614
29269.022368,2646465634,2646466238,12030,604
29269.034394,2646469636,2646470250,11846,614
29269.046416,2646473613,2646474222,9197,609
29269.058434,2646477481,2646478081,8844,600
29269.070469,2646481366,2646481975,9083,609
29269.082483,2646485312,2646485925,9251,613
29269.094502,2646489178,2646489789,8877,611
29269.106535,2646493051,2646493655,9225,604
29269.118557,2646496962,2646497566,9311,604
29269.130572,2646500809,2646501414,8909,605
29269.142603,2646504669,2646505278,9227,609
29269.154623,2646508577,2646509174,9274,597
29269.166638,2646512413,2646513014,8878,601
29269.178670,2646516289,2646516893,9233,604
29269.190687,2646520168,2646520770,9173,602
29269.202708,2646523996,2646524601,8892,605
29269.214741,2646527872,2646528480,9239,608
29269.226761,2646531779,2646532382,9254,603
29269.238780,2646535785,2646536392,11857,607
29269.250809,2646539793,2646540375,11961,582
29269.262828,2646543676,2646544284,9278,608
29269.274841,2646547538,2646548139,8811,601
29269.286873,2646551391,2646551994,9145,603
29269.298894,2646555283,2646555886,9192,603
29269.310913,2646559115,2646559716,8889,601
29269.322947,2646563016,2646563630,9214,614
29269.334962,2646567047,2646567653,12055,606
29269.346979,2646570864,2646571464,8867,600
29269.359018,2646574798,2646575381,9252,583
29269.371034,2646578844,2646579446,12038,602
29269.383054,2646582863,2646583465,11840,602
29269.395084,2646586982,2646587591,12110,609
29269.407097,2646590977,2646591583,9231,606
29269.419125,2646594970,2646595578,8979,608
29269.431152,2646599042,2646599624,11967,582
29269.443169,2646603093,2646603695,12082,602
29269.455189,2646607107,2646607712,11863,605
29269.467221,2646611135,2646611738,12068,603
29269.479236,2646615124,2646615731,12058,607
29269.491261,2646619084,2646619686,11816,602
29269.503291,2646623096,2646623700,12075,604
29269.515313,2646627119,2646627732,12138,613
29269.527329,2646631123,2646631724,11846,601
29269.537849,2646634540,2646634993,7433,453
29269.549870,2646638266,2646638873,8823,607
29269.561904,2646642152,2646642735,9210,583
29269.573922,2646646032,2646646636,9274,604
29269.585935,2646649890,2646650491,8888,601
29269.597974,2646653724,2646654306,9181,582
29269.609989,2646657622,2646658231,9201,609
29269.622008,2646661510,2646662116,11830,606
29269.634039,2646665404,2646665987,11988,583
29269.646059,2646669298,2646669896,9252,598
29269.658074,2646673151,2646673752,8826,601
29269.670111,2646677039,2646677621,9214,582
29269.682123,2646680923,2646681530,9235,607
29269.694143,2646684782,2646685387,8833,605
29269.706178,2646688667,2646689250,9176,583
29269.718196,2646692553,2646693160,9234,607
29269.730210,2646696425,2646697040,8834,615
29269.742246,2646700318,2646700901,9146,583
29269.754263,2646704201,2646704810,9274,609
29269.766288,2646708064,2646708668,8952,604
29269.778316,2646711938,2646712521,9208,583
29269.790333,2646715825,2646716428,9288,603
29269.802347,2646719698,2646720299,8850,601
29269.814383,2646723560,2646724163,9059,603
29269.826400,2646727506,2646728110,9229,604
29269.838417,2646731527,2646732133,11826,606
29269.850446,2646735547,2646736151,12072,604
29269.862473,2646739456,2646740064,9285,608
29269.874486,2646743321,2646743932,8857,611
29269.886524,2646747197,2646747779,9202,582
29269.898538,2646751074,2646751684,9209,610
29269.910553,2646754896,2646755497,8906,601
29269.922584,2646758769,2646759373,9207,604
29269.934605,2646762688,2646763291,9271,603
29269.946624,2646766504,2646767103,8890,599
29269.958655,2646770397,2646771006,9215,609
29269.970672,2646774298,2646774895,9229,597
29269.982694,2646778278,2646778882,11984,604
29270.018760,2646789575,2646790176,8892,601
29270.030791,2646793447,2646794065,9163,618
29270.042811,2646797380,2646797989,9276,609
29270.054833,2646801380,2646801987,11853,607
29270.066863,2646805421,2646806025,12067,604
29270.078876,2646809320,2646809922,9265,602
29270.090895,2646813137,2646813738,8874,601
29270.102930,2646817021,2646817625,9231,604
29270.114947,2646820917,2646821520,9271,603
29270.126965,2646824749,2646825350,8897,601
29270.139002,2646828631,2646829213,9218,582
29270.151013,2646832510,2646833112,9257,602
29270.163038,2646836565,2646837167,11979,602
29270.175066,2646840678,2646841287,12089,609
29270.187082,2646844687,2646845294,9255,607
29270.199109,2646848770,2646849377,11844,607
29270.211137,2646852891,2646853500,12062,609
29270.223151,2646856927,2646857529,9266,602
29270.235169,2646860843,2646861443,8852,600
29270.247204,2646864900,2646865507,12074,607
29270.259228,2646868912,2646869518,12134,606
29270.271244,2646872921,2646873517,11815,596
29270.283272,2646876931,2646877513,12009,582
29270.295290,2646880928,2646881535,12084,607
29270.307311,2646884900,2646885502,11843,602
29270.319342,2646888943,2646889552,12088,609
29270.329854,2646892361,2646892965,8883,604
29270.341888,2646896250,2646896833,9184,583
29270.353902,2646900221,2646900829,11967,608
29270.368331,2646905418,2646906027,12075,609
29270.426039,2646923535,2646924144,12007,609
29270.438067,2646927579,2646928183,12036,604
29270.450089,2646931592,2646932206,12087,614
29270.462110,2646935536,2646936128,8996,592
29270.474137,2646939448,2646940062,8926,614
29270.486160,2646943378,2646943982,9248,604
29270.498176,2646947292,2646947894,8942,602
29270.546272,2646962684,2646963285,12031,601
29270.558296,2646966600,2646967209,9015,609
29270.570312,2646970697,2646971301,11993,604
29270.582342,2646974610,2646975213,8916,603
29270.594366,2646978511,2646979115,9242,604
29270.606389,2646982444,2646983053,9040,609
29270.618410,2646986364,2646986973,8924,609
29270.630435,2646990273,2646990886,9231,613
29270.642454,2646994225,2646994829,8978,604
29270.654479,2646998282,2646998886,12043,604
29270.666502,2647002354,2647002968,12087,614
29270.678522,2647006261,2647006860,8999,599
29270.690549,2647010195,2647010804,8956,609
29270.702573,2647014119,2647014727,9164,608
29270.714591,2647018036,2647018645,8990,609
29270.726617,2647021971,2647022579,8926,608
29270.738642,2647025883,2647026497,9253,614
29270.750659,2647029799,2647030403,8988,604
29270.762686,2647033716,2647034328,8959,612
29270.774710,2647037646,2647038255,9247,609
29270.786727,2647041718,2647042321,12008,603
29270.798754,2647045644,2647046253,8929,609
29270.810777,2647049566,2647050175,9235,609
29270.822794,2647053495,2647054104,8876,609
29270.834823,2647057418,2647058027,8916,609
29270.846846,2647061344,2647061944,9203,600
29270.858863,2647065361,2647065970,8996,609
29270.870892,2647069437,2647070051,12037,614
29270.885917,2647074328,2647074942,8957,614
29270.897944,2647078260,2647078864,12037,604
29270.915977,2647084202,2647084806,12038,604
29270.928001,2647088214,2647088823,12087,609
29270.950543,2647095609,2647096213,12073,604
29270.962561,2647099696,2647100301,12013,605
29270.974589,2647103626,2647104235,8943,609
29270.986613,2647107642,2647108256,9237,614
29270.998631,2647111551,2647112160,8971,609
29271.010657,2647115483,2647116092,8865,609
29271.022682,2647119407,2647120021,9251,614
29271.034699,2647123361,2647123965,8948,604
29271.046725,2647127287,2647127890,8970,603
29271.058747,2647131201,2647131805,9239,604
29271.070766,2647135123,2647135732,8968,609
29271.082794,2647139185,2647139788,12036,603
29271.094815,2647143103,2647143707,9199,604
29271.106833,2647147032,2647147636,8929,604
29271.118860,2647150955,2647151559,8928,604
29271.129376,2647154438,2647155043,12006,605
29271.142902,2647158964,2647159568,12013,604
29271.154929,2647162887,2647163496,8964,609
29271.174460,2647169305,2647169909,11983,604
29271.186491,2647173369,2647173983,12036,614
29271.198512,2647177451,2647178055,12068,604
29271.210532,2647181379,2647181983,8978,604
29271.222559,2647185303,2647185917,8907,614
29271.234582,2647189365,2647189969,12102,604
29271.248106,2647193919,2647194523,12062,604
29271.270651,2647201285,2647201899,12079,614
29271.282666,2647205363,2647205966,11976,603
29271.294696,2647209272,2647209881,8953,609
29271.306719,2647213195,2647213804,9190,609
29271.318737,2647217112,2647217715,8922,603
29271.330764,2647221007,2647221621,8935,614
29271.342789,2647224942,2647225546,9229,604
29271.354805,2647228848,2647229462,9005,614
29271.366833,2647232784,2647233387,8919,603
29271.378856,2647236719,2647237331,9167,612
29271.390872,2647240817,2647241426,11973,609
29271.402903,2647244884,2647245488,12038,604
29271.414923,2647248821,2647249425,9230,604
29271.426942,2647252755,2647253364,8940,609
29271.438971,2647256830,2647257438,12037,608
29271.450993,2647260927,2647261535,9091,608
29271.463011,2647264870,2647265483,8956,613
29271.473535,2647268402,2647269006,9237,604
29271.491570,2647274368,2647274977,12070,609
29271.502091,2647277820,2647278426,8906,606
29271.514113,2647281740,2647282354,9236,614
29271.526133,2647285671,2647286280,8970,609
29271.538157,2647289609,2647290218,8926,609
29271.550180,2647293548,2647294162,9007,614
29271.590760,2647306619,2647307223,12083,604
29271.602777,2647310698,2647311306,12010,608
29271.614804,2647314609,2647315223,8942,614
29271.626828,2647318545,2647319154,9218,609
29271.638845,2647322459,2647323073,8971,614
29271.650872,2647326390,2647326994,8900,604
29271.662896,2647330303,2647330916,9206,613
29271.674914,2647334223,2647334826,8922,603
29271.686942,2647338279,2647338887,12036,608
29271.698963,2647342325,2647342933,12039,608
29271.710982,2647346264,2647346863,8984,599
29271.723008,2647350167,2647350780,8921,613
29271.735035,2647354248,2647354857,12086,609
29271.747056,2647358401,2647359010,12081,609
29271.759078,2647362598,2647363207,12039,609
29271.771102,2647366616,2647367224,9257,608
29271.783119,2647370668,2647371276,8961,608
29271.795146,2647374795,2647375412,12039,617
29271.807169,2647378902,2647379510,12073,608
29271.819190,2647382946,2647383555,12011,609
29271.831217,2647386994,2647387598,12037,604
29271.843240,2647391049,2647391653,12076,604
29271.855255,2647395120,2647395724,11976,604
29271.867285,2647399033,2647399642,8903,609
29271.879310,2647403089,2647403697,12087,608
29271.891327,2647407150,2647407758,12012,608
29271.903356,2647411287,2647411896,12043,609
29271.913872,2647414726,2647415340,8970,614
29271.925904,2647418675,2647419132,7676,457
29271.937922,2647422430,2647423038,9235,608
29271.949941,2647426353,2647426961,8997,608
29271.961967,2647430276,2647430887,8992,611
29271.973992,2647434249,2647434858,9268,609
29271.986006,2647438212,2647438816,11995,604
29271.998036,2647442163,2647442777,12083,614
29272.010058,2647446102,2647446716,9203,614
29272.022074,2647450146,2647450759,11990,613
29272.034105,2647454058,2647454667,8924,609
29272.046128,2647457969,2647458577,9043,608
29272.058145,2647461901,2647462505,8887,604
29272.070172,2647465948,2647466552,12040,604
29272.082193,2647470017,2647470621,12087,604
29272.094217,2647473941,2647474545,8987,604
29272.106240,2647477870,2647478484,8906,614
29272.118265,2647481800,2647482404,9249,604
29272.130282,2647485736,2647486344,8956,608
29272.142308,2647489660,2647490263,8878,603
29272.154332,2647493578,2647494182,9252,604
29272.166350,2647497499,2647498103,8977,604
29272.178377,2647501418,2647502024,8954,606
29272.190402,2647505331,2647505935,9195,604
29272.202415,2647509417,2647510031,11991,614
29272.214446,2647513493,2647514101,12035,608
29272.226468,2647517410,2647518019,9227,609
29272.236988,2647520868,2647521471,12044,603
29272.262537,2647529182,2647529795,12078,613
29272.274558,2647533129,2647533743,8991,614
29272.286583,2647537202,2647537816,12037,614
29272.298606,2647541280,2647541888,12082,608
29272.310626,2647545207,2647545815,9012,608
29272.322653,2647549126,2647549740,8968,614
29272.334677,2647553056,2647553659,9250,603
29272.346694,2647556997,2647557600,8991,603
29272.358721,2647560909,2647561523,8908,614
29272.370745,2647564831,2647565433,9240,602
29272.382763,2647568751,2647569360,8981,609
29272.394790,2647572686,2647573298,8925,612
29272.406812,2647576620,2647577224,9228,604
29272.418832,2647580697,2647581301,12009,604
29272.430858,2647584786,2647585389,12034,603
29272.442880,2647588699,2647589302,8998,603
29272.454898,2647592603,2647593217,8933,614
29272.466926,2647596540,2647597148,8928,608
29272.478950,2647600479,2647601092,9199,613
29272.490972,2647604399,2647605008,9018,609
29272.502997,2647608453,2647609062,12038,609
29272.515017,2647612536,2647613140,12069,604
29272.527036,2647616602,2647617206,12010,604
29272.539066,2647620733,2647621337,12044,604
29272.551087,2647624912,2647625521,12085,609
29272.563105,2647629087,2647629689,12014,602
29272.575132,2647633224,2647633833,12079,609
29272.587154,2647637211,2647637815,9228,604
29272.599173,2647641150,2647641754,8999,604
29272.611202,2647645213,2647645825,12042,612
29272.623224,2647649137,2647649745,9239,608
29272.647270,2647657017,2647657620,12035,603
29272.659291,2647661066,2647661668,12111,602
29272.671309,2647664971,2647665575,8942,604
29272.683335,2647668878,2647669487,8927,609
29272.693854,2647672323,2647672920,9004,597
29272.705880,2647676236,2647676845,8944,609
29272.717905,2647680158,2647680772,9256,614
29272.729923,2647684098,2647684702,8978,604
29272.741949,2647688023,2647688627,8970,604
29272.753974,2647691934,2647692543,9244,609
29272.765991,2647695872,2647696486,8950,614
29272.778018,2647699818,2647700425,8932,607
29272.790040,2647703730,2647704339,9038,609
29272.802056,2647707723,2647708327,11989,604
29272.814087,2647711744,2647712353,12041,609
29272.826109,2647715660,2647716264,9243,604
29272.838131,2647719605,2647720213,9001,608
29272.850155,2647723528,2647724137,8923,609
29272.862179,2647727447,2647728056,9231,609
29272.874197,2647731383,2647731987,8925,604
29272.886224,2647735450,2647736054,12082,604
29272.898247,2647739507,2647740111,12132,604
29272.910267,2647743425,2647744028,8948,603
29272.922294,2647747343,2647747952,8951,609
29272.934318,2647751266,2647751880,9170,614
29272.946335,2647755211,2647755815,9007,604
29272.958362,2647759136,2647759750,8899,614
29272.970386,2647763050,2647763658,9250,608
29272.982401,2647767117,2647767721,11981,604
29273.078592,2647797568,2647798177,9213,609
29273.090608,2647801514,2647802123,8914,609
29273.102635,2647805577,2647806186,12060,609
29273.114656,2647809640,2647810254,12088,614
29273.126676,2647813572,2647814165,8962,593
29273.138703,2647817486,2647818099,8931,613
29273.150727,2647821400,2647822004,9240,604
29273.162743,2647825315,2647825919,8982,604
29273.174772,2647829229,2647829838,8926,609
29273.186794,2647833168,2647833777,9074,609
29273.198811,2647837097,2647837701,8989,604
29273.210840,2647841018,2647841629,8920,611
29273.222863,2647844940,2647845554,9264,614
29273.234886,2647849029,2647849638,12041,609
29273.246909,2647853097,2647853701,12034,604
29273.258930,2647857018,2647857627,9237,609
29273.270949,2647860956,2647861560,8960,604
29273.282975,2647864874,2647865482,8938,608
29273.295000,2647868799,2647869401,9190,602
29273.307019,2647872851,2647873455,12010,604
29273.319049,2647876963,2647877577,12038,614
29273.331069,2647881158,2647881762,12068,604
29273.343088,2647885302,2647885905,12012,603
29273.355115,2647889496,2647890103,12042,607
29273.367139,2647893641,2647894248,12071,607
29273.379157,2647897764,2647898368,12018,604
29273.391183,2647901832,2647902441,12036,609
29273.403207,2647905779,2647906393,9229,614
29273.415225,2647909698,2647910312,9005,614
29273.427253,2647913754,2647914355,12039,601
29273.439275,2647917834,2647918448,8937,614
29273.451299,2647921971,2647922590,12041,619
29273.463322,2647926097,2647926706,12039,609
29273.475344,2647930199,2647930818,12043,619
29273.485865,2647933687,2647934301,8925,614
29273.497893,2647937704,2647938168,7694,464
29273.509906,2647941505,2647942113,8959,608
29273.521933,2647945439,2647946043,8950,604
29273.533955,2647949344,2647949948,9043,604
29273.545974,2647953262,2647953871,8934,609
29273.558001,2647957179,2647957782,8923,603
29273.570026,2647961087,2647961691,9191,604
29273.582048,2647965006,2647965615,9012,609
29273.594070,2647968931,2647969533,8901,602
29273.606094,2647972848,2647973462,9252,614
29273.618108,2647976895,2647977504,11983,609
29273.654179,2647988538,2647989142,12010,604
29273.666207,2647992466,2647993085,8964,619
29273.678231,2647996417,2647997025,9252,608
29273.690249,2648000369,2648000978,8920,609
29273.702278,2648004448,2648005057,12043,609
29273.714299,2648008526,2648009135,12102,609
29273.726319,2648012434,2648013032,8967,598
29273.738345,2648016347,2648016956,8917,609
29273.750370,2648020261,2648020869,9231,608
29273.762387,2648024176,2648024780,8918,604
29273.774414,2648028101,2648028715,8920,614
29273.786437,2648032036,2648032639,9203,603
29273.798455,2648035952,2648036561,8962,609
29273.810482,2648039871,2648040472,8894,601
29273.822507,2648043783,2648044387,9266,604
29273.834523,2648047865,2648048468,12002,603
29273.846551,2648051944,2648052557,12026,613
29273.858574,2648055851,2648056460,9234,609
29273.870592,2648059779,2648060383,8968,604
29273.882617,2648063702,2648064304,8946,602
29273.894644,2648067608,2648068222,9235,614
29273.906659,2648071597,2648072201,8985,604
29273.918685,2648075661,2648076265,12040,604
29273.930708,2648079741,2648080355,12040,614
29273.942728,2648083679,2648084282,8999,603
29273.954755,2648087607,2648088221,8931,614
29273.966779,2648091522,2648092125,9185,603
29273.978799,2648095439,2648096053,9015,614
29274.053945,2648119284,2648119888,12042,604
29274.065967,2648123199,2648123803,9251,604
29274.077988,2648127109,2648127728,8995,619
29274.099027,2648133883,2648134492,8920,609
29274.111051,2648137874,2648138488,9225,614
29274.123071,2648142048,2648142657,12008,609
29274.135096,2648146227,2648146830,12040,603
29274.147121,2648150365,2648150974,12087,609
29274.159138,2648154442,2648155045,12011,603
29274.171166,2648158570,2648159174,12039,604
29274.183191,2648162666,2648163270,12084,604
29274.195207,2648166729,2648167338,12012,609
29274.207235,2648170795,2648171404,12056,609
29274.219256,2648174730,2648175344,9242,614
29274.231275,2648178674,2648179283,8941,609
29274.243303,2648182725,2648183331,12037,606
29274.255327,2648186766,2648187373,12073,607
29274.267344,2648190834,2648191442,12014,608
29274.277869,2648194288,2648194902,9080,614
29274.289889,2648198236,2648198845,8991,609
29274.301916,2648202177,2648202786,8983,609
29274.313939,2648206137,2648206741,12008,604
29274.325962,2648210054,2648210651,8942,597
29274.337985,2648213973,2648214592,8937,619
29274.350009,2648217885,2648218499,9227,614
29274.362023,2648221996,2648222605,12066,609
29274.374044,2648225903,2648226505,8881,602
29274.386079,2648229782,2648230365,9166,583
29274.398096,2648233649,2648234258,9268,609
29274.410111,2648237513,2648238112,8874,599
29274.422146,2648241403,2648241985,9201,582
29274.434160,2648245414,2648246017,12025,603
29274.446182,2648249391,2648249997,11805,606
29274.458219,2648253257,2648253840,9222,583
29274.470233,2648257134,2648257743,9257,609
29274.482247,2648261023,2648261630,8835,607
29274.494285,2648264899,2648265483,9220,584
29274.506297,2648268763,2648269369,9177,606
29274.518319,2648272805,2648273405,11816,600
29274.530353,2648276858,2648277435,11956,577
29274.542370,2648280755,2648281357,9256,602
29274.554385,2648284619,2648285220,8847,601
29274.566424,2648288507,2648289089,9248,582
29274.578437,2648292416,2648293024,9238,608
29274.590454,2648296295,2648296896,8796,601
29274.602490,2648300174,2648300757,9200,583
29274.614507,2648304035,2648304639,9283,604
29274.626527,2648308091,2648308697,11989,606
29274.638554,2648311985,2648312594,9211,609
29274.650575,2648316045,2648316649,12043,604
29274.662591,2648320022,2648320623,11811,601
29274.674624,2648323909,2648324517,9077,608
29274.686639,2648327802,2648328399,9213,597
29274.698661,2648331621,2648332222,8891,601
29274.710692,2648335514,2648336123,9132,609
29274.722716,2648339430,2648340034,9328,604
29274.734733,2648343473,2648344075,11811,602
29274.746759,2648347462,2648348065,12069,603
29274.758781,2648351397,2648352000,9258,603
29274.770796,2648355229,2648355834,8861,605
29274.782831,2648359133,2648359742,9234,609
29274.794844,2648363015,2648363617,9226,602
29274.806865,2648366842,2648367442,8896,600
29274.818898,2648370672,2648371281,9227,609
29274.830917,2648374581,2648375185,9261,604
29274.842931,2648378416,2648379022,8917,606
29274.854964,2648382300,2648382909,9197,609
29274.866986,2648386358,2648386962,12043,604
29274.879006,2648390346,2648390953,11837,607
29274.891035,2648394387,2648394970,11987,583
29274.903052,2648398470,2648399077,12061,607
29274.915076,2648402566,2648403172,11837,606
29274.927107,2648406625,2648407208,9204,583
29274.939122,2648410717,2648411319,12086,602
29274.951142,2648414738,2648415340,11837,602
29274.963171,2648418739,2648419321,11970,582
29274.975192,2648422765,2648423368,12038,603
29274.987208,2648426623,2648427224,8889,601
29274.999242,2648430672,2648431255,11960,583
29275.011258,2648434664,2648435271,12103,607
29275.023279,2648438661,2648439269,11978,608
29275.035311,2648442565,2648443169,9281,604
29275.047327,2648446467,2648447071,9222,604
29275.059347,2648450467,2648451064,11836,597
29275.069876,2648453903,2648454507,9319,604
29275.081889,2648457779,2648458379,8894,600
29275.093925,2648461668,2648462252,9164,584
29275.105939,2648465489,2648466096,9235,607
29275.117957,2648469394,2648469995,8907,601
29275.129993,2648473291,2648473874,9190,583
29275.142008,2648477174,2648477776,9247,602
29275.154025,2648481035,2648481636,8861,601
29275.166061,2648484922,2648485505,9201,583
29275.178078,2648488807,2648489416,9263,609
29275.190095,2648492689,2648493291,8844,602
29275.202133,2648496541,2648497124,9198,583
29275.214148,2648500415,2648501024,9251,609
29275.226161,2648504342,2648504947,8835,605
29275.238198,2648508220,2648508803,9224,583
29275.250212,2648512231,2648512835,12019,604
29275.262236,2648516260,2648516868,11974,608
29275.274268,2648520155,2648520738,9205,583
29275.286285,2648524063,2648524667,9286,604
29275.298299,2648527883,2648528484,8829,601
29275.310337,2648531735,2648532319,9204,584
29275.322352,2648535613,2648536221,9242,608
29275.334368,2648539530,2648540130,8828,600
29275.346404,2648543398,2648543981,9165,583
29275.358420,2648547284,2648547881,9235,597
29275.370445,2648551133,2648551742,8976,609
29275.382477,2648555023,2648555607,9233,584
29275.394490,2648558934,2648559538,9231,604
29275.406506,2648562774,2648563375,8865,601
29275.418540,2648566621,2648567224,9119,603
29275.430557,2648570528,2648571137,9271,609
29275.442574,2648574392,2648574992,8908,600
29275.454606,2648578264,2648578872,9181,608
29275.466631,2648582311,2648582920,12084,609
29275.478643,2648586306,2648586911,11841,605
29275.490680,2648590160,2648590743,9228,583
29275.502691,2648594033,2648594639,9230,606
29275.514713,2648597884,2648598485,8856,601
29275.526743,2648601764,2648602384,9211,620
29275.538764,2648605695,2648606303,9244,608
29275.550782,2648609565,2648610146,8952,581
29275.562811,2648613546,2648614129,11961,583
29275.574830,2648617440,2648618031,9300,591
29275.586848,2648621258,2648621859,8901,601
29275.598883,2648625147,2648625756,9248,609
29275.610900,2648629065,2648629674,9255,609
29275.622914,2648632942,2648633547,8887,605
29275.692052,2648654557,2648655155,12091,598
29275.731122,2648666828,2648667435,8864,607
29275.743156,2648670971,2648671575,12072,604
29275.755170,2648675006,2648675616,11879,610
29275.767196,2648678884,2648679488,8970,604
29275.779226,2648682906,2648683489,11974,583
29275.791240,2648686905,2648687501,12054,596
29275.803265,2648690855,2648691456,11845,601
29275.815295,2648694883,2648695492,12057,609
29275.827307,2648698878,2648699488,11903,610
29275.839332,2648702849,2648703456,11821,607
29275.849857,2648706305,2648706759,7407,454
29275.861878,2648710063,2648710520,7517,457
29275.873908,2648713806,2648714389,9165,583
29275.885921,2648717690,2648718294,9238,604
29275.897945,2648721586,2648722161,8944,575
29275.909977,2648725416,2648726000,9220,584
29275.921994,2648729307,2648729911,9273,604
29275.934015,2648733200,2648733776,8939,576
29275.946045,2648737064,2648737646,9184,582
29275.958058,2648740920,2648741538,9243,618
29275.970079,2648744802,2648745409,8921,607
29276.138399,2648787081,2648787687,9260,606
29276.150424,2648790598,2648791212,8909,614
29276.162452,2648794038,2648794646,9074,608
29276.174472,2648797883,2648798485,9277,602
29276.186493,2648801704,2648802279,8963,575
29276.198528,2648805542,2648806125,9231,583
29276.210546,2648809412,2648810019,9266,607
29276.222563,2648813244,2648813819,8975,575
29276.234595,2648817025,2648817607,9236,582
29276.246609,2648820877,2648821486,9240,609
29276.258630,2648824702,2648825276,8965,574
29276.270658,2648828546,2648829150,9210,604
29276.282672,2648832542,2648833137,11904,595
29276.294699,2648836513,2648837117,11974,604
29276.306728,2648840355,2648840957,9204,602
29276.318748,2648844270,2648844879,9289,609
29276.330762,2648848068,2648848673,8851,605
29276.342796,2648851925,2648852535,9184,610
29276.354813,2648855868,2648856477,9301,609
29276.366832,2648859772,2648860353,8905,581
29276.378864,2648863629,2648864232,9187,603
29276.390880,2648867492,2648868087,9232,595
29276.402904,2648871290,2648871865,8907,575
29276.414934,2648875159,2648875768,9236,609
29276.426951,2648879070,2648879674,9223,604
29276.438968,2648882898,2648883504,8865,606
29276.451003,2648886734,2648887335,9235,601
29276.463020,2648890662,2648891266,9241,604
29276.475043,2648894658,2648895258,11843,600
29276.487070,2648898772,2648899355,11963,583
29276.499086,2648902846,2648903446,11908,600
29276.511108,2648906911,2648907519,11975,608
29276.523138,2648910958,2648911536,11972,578
29276.535157,2648914949,2648915549,11940,600
29276.547179,2648918904,2648919511,11848,607
29276.559209,2648922973,2648923583,12042,610
29276.571223,2648926984,2648927584,11903,600
29276.583243,2648930850,2648931456,8872,606
29276.595278,2648934758,2648935372,9237,614
29276.607302,2648938753,2648939347,11961,594
29276.619317,2648942730,2648943341,11846,611
29276.631348,2648946738,2648947342,12112,604
29276.641861,2648950149,2648950729,8990,580
29276.653890,2648954000,2648954583,9170,583
29276.665909,2648957858,2648958317,7353,459
29276.677929,2648961606,2648962215,11999,609
29276.689960,2648965442,2648966024,9198,582
29276.701974,2648969301,2648969909,9217,608
29276.713995,2648973168,2648973749,8909,581
29276.726027,2648977002,2648977586,9175,584
29276.738042,2648980847,2648981450,9320,603
29276.750061,2648984710,2648985290,8887,580
29276.762099,2648988604,2648989187,9224,583
29276.774115,2648992506,2648993113,9292,607
29276.786135,2648996407,2648996982,8952,575
29276.798164,2649000407,2649000989,11965,582
29276.810181,2649004299,2649004908,9266,609
29276.822203,2649008109,2649008690,8951,581
29276.834236,2649011959,2649012542,9224,583
29276.846252,2649015823,2649016431,9267,608
29276.858275,2649019674,2649020276,8971,602
29276.870299,2649023577,2649024180,9170,603
29276.901858,2649033705,2649034314,12086,609
29276.934916,2649044221,2649044821,11844,600
29276.946942,2649048087,2649048691,9229,604
29276.958964,2649052026,2649052640,9251,614
29276.970980,2649055994,2649056599,11799,605
29277.158850,2649101080,2649101663,9226,583
29277.170867,2649104129,2649104733,9242,604
29277.182897,2649107524,2649108107,9244,583
29277.194912,2649111417,2649112025,9268,608
29277.206934,2649115263,2649115875,8968,612
29277.218963,2649119166,2649119744,9178,578
29277.230980,2649122996,2649123599,9280,603
29277.242998,2649126791,2649127396,8902,605
29277.255033,2649130803,2649131412,12105,609
29277.267049,2649134793,2649135397,9255,604
29277.279064,2649138676,2649139277,8854,601
29277.291098,2649142796,2649143372,11943,576
29277.303118,2649146844,2649147444,11844,600
29277.315136,2649150917,2649151493,11950,576
29277.327168,2649154972,2649155581,12066,609
29277.339182,2649158966,2649159561,11868,595
29277.351215,2649162905,2649163511,11900,606
29277.363237,2649166954,2649167568,12066,614
29277.375251,2649170990,2649171595,11868,605
29277.387276,2649174989,2649175590,11840,601
29277.399306,2649178864,2649179472,9244,608
29277.411319,2649182788,2649183395,9202,607
29277.423340,2649186746,2649187320,11955,574
29277.433866,2649190148,2649190751,9287,603
29277.445885,2649194007,2649194587,8908,580
29277.457923,2649197887,2649198463,9155,576
29277.469935,2649201745,2649202353,9282,608
29277.481954,2649205656,2649206268,11815,612
29277.493986,2649209519,2649210101,11960,582
29277.506007,2649213383,2649213987,9254,604
29277.518027,2649217276,2649217857,8900,581
29277.530058,2649221126,2649221709,9216,583
29277.542071,2649224956,2649225571,9271,615
29277.554097,2649228876,2649229485,8970,609
29277.566124,2649232730,2649233311,9212,581
29277.578142,2649236622,2649237226,9262,604
29277.590163,2649240506,2649241084,8888,578
29277.602194,2649244372,2649244981,9246,609
29277.614209,2649248456,2649249059,12022,603
29277.626228,2649252425,2649253031,11802,606
29277.638264,2649256296,2649256879,9258,583
29277.650278,2649260210,2649260814,9074,604
29277.662300,2649264036,2649264617,8905,581
29277.674334,2649267860,2649268442,9181,582
29277.686350,2649271743,2649272347,9272,604
29277.698374,2649275763,2649276369,11863,606
29277.710398,2649279791,2649280374,11956,583
29277.722414,2649283649,2649284246,9212,597
29277.734439,2649287480,2649288056,8914,576
29277.746471,2649291361,2649291944,9229,583
29277.758485,2649295244,2649295849,9269,605
29277.770506,2649299256,2649299860,11990,604
29277.782537,2649303158,2649303741,9181,583
29277.794555,2649307045,2649307649,9248,604
29277.806572,2649310912,2649311490,8934,578
29277.818605,2649314744,2649315326,9183,582
29277.830621,2649318797,2649319400,12037,603
29277.842639,2649322611,2649323223,8901,612
29277.854675,2649326677,2649327259,11980,582
29277.866692,2649330566,2649331175,9278,609
29277.878706,2649334380,2649334981,8873,601
29277.890739,2649338255,2649338863,9230,608
29277.902759,2649342165,2649342779,9259,614
29277.914775,2649346188,2649346763,11953,575
29277.926804,2649350148,2649350757,12068,609
29277.938825,2649354080,2649354684,9281,604
29277.950850,2649357908,2649358512,8985,604
29277.962876,2649361791,2649362400,9215,609
29277.974896,2649365706,2649366321,9266,615
29277.986916,2649369748,2649370355,11849,607
29277.998946,2649373633,2649374247,9239,614
29278.010964,2649377557,2649378160,9240,603
29278.022979,2649381364,2649381969,8884,605
29278.035013,2649385379,2649385983,12077,604
29278.047033,2649389390,2649390000,11848,610
29278.059053,2649393477,2649394078,11839,601
29278.071083,2649397553,2649398136,11978,583
29278.083102,2649401559,2649402173,9224,614
29278.095127,2649405455,2649406062,8952,607
29278.107152,2649409564,2649410171,12074,607
29278.119166,2649413596,2649414200,11860,604
29278.131191,2649417593,2649418200,11833,607
29278.143220,2649421593,2649422197,12110,604
29278.155237,2649425588,2649426188,11910,600
29278.167262,2649429539,2649430119,11963,580
29278.179290,2649433524,2649434107,11969,583
29278.191304,2649437585,2649438190,11905,605
29278.203329,2649441613,2649442220,11859,607
29278.215355,2649445462,2649446065,9203,603
29278.225875,2649448892,2649449348,7551,456
29278.237903,2649452624,2649453207,9218,583
29278.249922,2649456499,2649457103,9256,604
29278.261938,2649460359,2649460940,8901,581
29278.273971,2649464157,2649464737,9178,580
29278.285986,2649468034,2649468638,9247,604
29278.298008,2649471967,2649472576,11989,609
29278.310037,2649475824,2649476406,11967,582
29278.322054,2649479668,2649480259,9210,591
29278.334074,2649483547,2649484128,8884,581
29278.346109,2649487379,2649487987,9233,608
29278.358124,2649491255,2649491858,9180,603
29278.370143,2649495114,2649495695,8882,581
29278.382176,2649498934,2649499516,9211,582
29278.394193,2649502792,2649503396,9066,604
29278.406215,2649506628,2649507206,8965,578
29278.418247,2649510491,2649511073,9204,582
29278.430261,2649514538,2649515147,12026,609
29278.442291,2649518539,2649519151,11898,612
29278.454315,2649522437,2649523020,9158,583
29278.466338,2649526391,2649527005,9294,614
29278.478352,2649530522,2649531141,11978,619
29278.490382,2649534487,2649535100,8936,613
29278.502405,2649538457,2649539071,9254,614
29278.514421,2649542585,2649543194,11990,609
29278.526451,2649546692,2649547306,12036,614
29278.538470,2649550633,2649551236,9242,603
29278.550490,2649554533,2649555113,8913,580
29278.562523,2649558410,2649558993,9253,583
29278.574537,2649562297,2649562906,9260,609
29278.586558,2649566147,2649566728,8977,581
29278.598591,2649570037,2649570620,9209,583
29278.610606,2649573904,2649574502,9281,598
29278.622628,2649577716,2649578295,8991,579
29278.790947,2649623074,2649623677,9064,603
29278.802966,2649626242,2649626825,8916,583
29278.814995,2649630111,2649630715,9186,604
29278.827016,2649634095,2649634704,9243,609
29278.839042,2649638038,2649638647,11872,609
29278.851066,2649642135,2649642718,11966,583
29278.863085,2649646295,2649646903,12039,608
29278.875106,2649650345,2649650950,11841,605
29278.887136,2649654377,2649654986,12086,609
29278.899150,2649658331,2649658933,9230,602
29278.911168,2649662178,2649662784,8893,606
29278.923205,2649666180,2649666782,12084,602
29278.935221,2649670196,2649670796,11901,600
29278.947242,2649674188,2649674800,11819,612
29278.959274,2649678227,2649678836,12087,609
29278.971287,2649682246,2649682846,11874,600
29278.983307,2649686071,2649686677,8878,606
29278.995343,2649690119,2649690723,12084,604
29279.005857,2649693545,2649694123,8993,578
29279.017886,2649697410,2649697993,9276,583
29279.029901,2649701289,2649701742,7366,453
29279.041923,2649705076,2649705680,11973,604
29279.053954,2649708917,2649709499,9167,582
29279.065969,2649712790,2649713387,9212,597
29279.077989,2649716653,2649717228,8914,575
29279.090023,2649720461,2649721074,9254,613
29279.102038,2649724362,2649724975,9242,613
29279.114059,2649728315,2649728916,11834,601
29279.126090,2649732212,2649732793,11967,581
29279.138109,2649736067,2649736671,9122,604
29279.150131,2649739961,2649740537,8918,576
29279.162162,2649743820,2649744403,9257,583
29279.174177,2649747690,2649748294,9262,604
29279.186206,2649751589,2649752169,9000,580
29279.198229,2649755412,2649755993,9157,581
29279.210247,2649759310,2649759913,9275,603
29279.222268,2649763141,2649763719,8965,578
29279.234297,2649766996,2649767578,9206,582
29279.246311,2649770999,2649771608,12038,609
29279.258333,2649774994,2649775595,11805,601
29279.270369,2649778837,2649779420,9184,583
29279.282385,2649782706,2649783310,9246,604
29279.294404,2649786760,2649787368,11988,608
29279.306435,2649790624,2649791207,9215,583
29279.318453,2649794510,2649795124,9262,614
29279.330469,2649798527,2649799108,11964,581
29279.342501,2649802542,2649803125,11948,583
29279.354520,2649806417,2649807014,9253,597
29279.376331,2649813920,2649814524,11979,604
29279.402616,2649822145,2649822749,8914,604
29279.414642,2649826071,2649826685,9233,614
29279.426659,2649830011,2649830624,8993,613
29279.438685,2649833934,2649834551,8904,617
29279.450710,2649837877,2649838486,9266,609
29279.462726,2649841953,2649842556,12013,603
29279.474754,2649846024,2649846633,12031,609
29279.486777,2649849957,2649850566,9245,609
29279.498794,2649853891,2649854498,8953,607
29279.510822,2649857819,2649858428,8943,609
29279.522846,2649861742,2649862355,9219,613
29279.534861,2649865669,2649866272,8983,603
29279.546892,2649869735,2649870344,12043,609
29279.558914,2649873801,2649874414,12099,613
29279.570932,2649877732,2649878330,8959,598
29279.582959,2649881652,2649882266,8909,614
29279.594982,2649885555,2649886164,9242,609
29279.607000,2649889490,2649890099,8958,609
29279.619027,2649893592,2649894203,12037,611
29279.682149,2649913735,2649914344,8941,609
29279.694172,2649917668,2649918277,9224,609
29279.706189,2649921613,2649922220,8996,607
29279.718217,2649925535,2649926138,8897,603
29279.730239,2649929596,2649930199,12085,603
29279.742255,2649933632,2649934240,11980,608
29279.754285,2649937550,2649938159,8915,609
29279.766309,2649941500,2649942109,9266,609
29279.778326,2649945434,2649946048,9003,614
29279.790353,2649949355,2649949959,8943,604
29279.802378,2649953281,2649953895,9230,614
29279.814394,2649957201,2649957805,8980,604
29279.826422,2649961120,2649961739,8883,619
29279.838446,2649965056,2649965668,9260,612
29279.850464,2649968996,2649969597,8993,601
29279.862489,2649973057,2649973671,12039,614
29279.874514,2649977267,2649977870,12099,603
29279.886532,2649981200,2649981809,8975,609
29279.898559,2649985144,2649985757,8932,613
29279.910583,2649989221,2649989835,12109,614
29279.922601,2649993146,2649993759,8953,613
29279.934627,2649997101,2649997715,8913,614
29279.946651,2650001187,2650001791,12101,604
29279.958666,2650005251,2650005853,11980,602
29279.970696,2650009172,2650009780,8936,608
29279.982719,2650013264,2650013878,12113,614
29279.999244,2650018621,2650019230,8977,609
29280.011276,2650022680,2650023264,11916,584
29280.023296,2650026729,2650027339,9202,610
29280.035315,2650030768,2650031377,12008,609
29280.047344,2650034852,2650035461,12040,609
29280.057860,2650038311,2650038770,7610,459
29280.069887,2650042080,2650042689,8918,609
29280.081911,2650046028,2650046637,9178,609
29280.093929,2650049969,2650050577,9012,608
29280.105955,2650053923,2650054536,8930,613
29280.117979,2650057867,2650058471,12086,604
29280.129996,2650061801,2650062410,8991,609
29280.142024,2650065764,2650066378,12038,614
29280.154047,2650069716,2650070314,9201,598
29280.166065,2650073643,2650074251,8952,608
29280.178093,2650077575,2650078189,8897,614
29280.190112,2650081480,2650082088,9186,608
29280.202134,2650085406,2650086015,8960,609
29280.214161,2650089335,2650089938,8911,603
29280.226183,2650093503,2650094107,12124,604
29280.238199,2650097430,2650098035,8994,605
29280.254736,2650102764,2650103370,8889,606
29280.266760,2650106692,2650107306,9214,614
29280.278777,2650110749,2650111351,12000,602
29280.290805,2650114820,2650115424,12036,604
29280.302826,2650118734,2650119337,9183,603
29280.314844,2650122626,2650123241,8967,615
29280.326872,2650126571,2650127190,8944,619
29280.338892,2650130470,2650131082,9230,612
29280.350911,2650134520,2650135129,11985,609
29280.362943,2650138609,2650139223,12040,614
29280.374962,2650142656,2650143259,12099,603
29280.386982,2650146599,2650147203,8995,604
29280.399009,2650150536,2650151150,8955,614
29280.411035,2650154589,2650155198,12097,609
29280.423051,2650158743,2650159351,12008,608
29280.435080,2650162917,2650163500,11931,583
29280.447103,2650167065,2650167669,12101,604
29280.459120,2650171085,2650171688,8973,603
29280.471150,2650175208,2650175825,12062,617
29280.483173,2650179299,2650179903,12081,604
29280.495191,2650183376,2650183980,12007,604
29280.507218,2650187425,2650188034,12058,609
29280.519242,2650191554,2650192162,12083,608
29280.531256,2650195608,2650196209,11849,601
29280.543289,2650199656,2650200239,11925,583
29280.555310,2650203676,2650204278,12085,602
29280.567326,2650207582,2650208191,8969,609
29280.579354,2650211638,2650212247,12035,609
29280.589872,2650215088,2650215697,8959,609
29280.601900,2650218991,2650219575,8848,584
29280.613923,2650222881,2650223495,9214,614
29280.625934,2650226810,2650227411,11802,601
29280.637967,2650230707,2650231289,8949,582
29280.649990,2650234610,2650235219,9238,609
29280.662001,2650238549,2650239155,11810,606
29280.674035,2650242489,2650243098,12061,609
29280.686056,2650246423,2650247037,9203,614
29280.698076,2650250336,2650250940,8972,604
29280.710104,2650254249,2650254831,8927,582
29280.722122,2650258123,2650258730,9235,607
29280.734144,2650262067,2650262681,9000,614
29280.746173,2650265961,2650266543,8912,582
29280.758194,2650269998,2650270607,12103,609
29280.798768,2650282803,2650283414,9222,611
29280.810788,2650286699,2650287308,8957,609
29280.822817,2650290592,2650291201,8926,609
29280.834839,2650294555,2650295164,9245,609
29280.846858,2650298444,2650299048,8959,604
29280.858886,2650302340,2650302954,8961,614
29280.870908,2650306425,2650307026,12088,601
29280.882926,2650310342,2650310951,8959,609
29280.894957,2650314429,2650315032,12037,603
29280.906976,2650318490,2650319094,12087,604
29280.918995,2650322399,2650323003,8990,604
29280.931023,2650326345,2650326959,8955,614
29280.943044,2650330400,2650331014,9234,614
29280.955062,2650334454,2650335055,11845,601
29280.967093,2650338604,2650339212,12060,608
29280.979115,2650342782,2650343386,12080,604
29280.991133,2650346896,2650347500,11999,604
29281.003160,2650350971,2650351554,11944,583
29281.015185,2650355136,2650355740,12085,604
29281.027201,2650359146,2650359753,11840,607
29281.039229,2650363401,2650364015,12036,614
29281.051249,2650367461,2650368070,12072,609
29281.063267,2650371421,2650372030,8961,609
29281.075294,2650375341,2650375955,8921,614
29281.087321,2650379400,2650380011,12085,611
29281.099335,2650383409,2650384016,11845,607
29281.109865,2650386870,2650387484,9227,614
29281.121881,2650390815,2650391419,8998,604
29281.133910,2650394711,2650395294,8926,583
29281.145933,2650398626,2650399229,9241,603
29281.157950,2650402547,2650403155,9008,608
29281.169979,2650406456,2650407038,8924,582
29281.180490,2650410022,2650410630,11981,608
29281.192520,2650414114,2650414723,12036,609
29281.210556,2650420065,2650420647,11930,582
29281.222578,2650423969,2650424583,9211,614
29281.234596,2650427908,2650428521,9008,613
29281.246623,2650431980,2650432563,11926,583
29281.258646,2650435869,2650436472,9197,603
29281.270662,2650439790,2650440396,8989,606
29281.282692,2650443683,2650444267,8900,584
29281.294714,2650447737,2650448346,12082,609
29281.306729,2650451810,2650452413,11974,603
29281.318760,2650455712,2650456295,8891,583
29281.330779,2650459604,2650460211,9216,607
29281.342800,2650463523,2650464131,8966,608
29281.354829,2650467429,2650468043,8926,614
29281.366849,2650471354,2650471963,9255,609
29281.378869,2650475371,2650475973,11843,602
29281.390897,2650479420,2650480029,12060,609
29281.402917,2650483342,2650483945,9228,603
29281.414937,2650487233,2650487847,9009,614
29281.426968,2650491182,2650491765,8892,583
29281.438988,2650495081,2650495695,9232,614
29281.451005,2650499007,2650499616,9008,609
29281.463034,2650502924,2650503507,8934,583
29281.475056,2650506949,2650507558,9246,609
29281.487072,2650511028,2650511631,11842,603
29281.499101,2650515156,2650515769,12065,613
29281.511126,2650519309,2650519912,12129,603
29281.523141,2650523395,2650523997,11842,602
29281.535170,2650527481,2650528065,11926,584
29281.547194,2650531543,2650532152,12086,609
29281.559210,2650535545,2650536157,11844,612
29281.571241,2650539606,2650540189,11923,583
29281.583262,2650543653,2650544267,12084,614
29281.595278,2650547692,2650548298,11825,606
29281.607308,2650551732,2650552341,12041,609
29281.619331,2650555789,2650556393,12085,604
29281.646381,2650564487,2650565083,12076,596
29281.658403,2650568425,2650569033,8998,608
29281.670431,2650572326,2650572908,8940,582
29281.682454,2650576231,2650576834,9221,603
29281.694469,2650580283,2650580895,11823,612
29281.706499,2650584358,2650584967,12057,609
29281.718521,2650588287,2650588895,9202,608
29281.730540,2650592210,2650592824,8996,614
29281.742569,2650596140,2650596722,8875,582
29281.754588,2650600005,2650600616,9221,611
29281.766607,2650603940,2650604544,8990,604
29281.778637,2650607833,2650608416,8957,583
29281.790656,2650611850,2650612458,12102,608
29281.802677,2650615773,2650616371,8990,598
29281.814704,2650619806,2650620410,12058,604
29281.826724,2650623693,2650624294,9154,601
29281.838746,2650627563,2650628167,8965,604
29281.850774,2650631447,2650632061,8933,614
29281.862795,2650635371,2650635975,9242,604
29281.874813,2650639252,2650639866,8988,614
29281.886842,2650643159,2650643739,8923,580
29281.898866,2650647071,2650647674,9201,603
29281.958978,2650666236,2650666845,12025,609
29281.971000,2650670342,2650670944,12087,602
29281.983018,2650674314,2650674923,8940,609
29281.995047,2650678319,2650678933,8879,614
29282.007068,2650682467,2650683071,12068,604
29282.019086,2650686578,2650687179,11839,601
29282.031114,2650690674,2650691283,12060,609
29282.043140,2650694800,2650695414,12089,614
29282.055156,2650698850,2650699452,11845,602
29282.067181,2650702974,2650703588,12059,614
29282.079204,2650706922,2650707531,9177,609
29282.091222,2650710813,2650711417,9000,604
29282.103249,2650714857,2650715462,12037,605
29282.115274,2650718968,2650719577,12094,609
29282.127290,2650722983,2650723585,11842,602
29282.139319,2650727019,2650727622,12038,603
29282.151342,2650731068,2650731682,12068,614
29282.161865,2650734503,2650735087,8912,584
29282.173884,2650738373,2650738985,9160,612
29282.185906,2650742310,2650742928,8944,618
29282.197933,2650746224,2650746808,8888,584
29282.209957,2650750123,2650750727,9232,604
29282.221974,2650754050,2650754659,8943,609
29282.234002,2650757953,2650758535,8939,582
29282.246022,2650761824,2650762432,9160,608
29282.258042,2650765759,2650766368,8956,609
29282.270073,2650769684,2650770266,8875,582
29282.282095,2650773579,2650774188,9199,609
29282.294106,2650777580,2650778187,11805,607
29282.306140,2650781601,2650782205,12060,604
29282.318162,2650785542,2650786146,9223,604
29282.330181,2650789465,2650790068,8953,603
29282.342209,2650793348,2650793932,8905,584
29282.354232,2650797245,2650797865,9233,620
29282.366250,2650801205,2650801814,8917,609
29282.378277,2650805106,2650805689,8925,583
29282.390301,2650809018,2650809632,9232,614
29282.402318,2650812949,2650813562,8968,613
29282.414346,2650816846,2650817429,8878,583
29282.426369,2650820734,2650821348,9232,614
29282.438386,2650824627,2650825236,8916,609
29282.450415,2650828539,2650829121,8893,582
29282.462434,2650832439,2650833042,9234,603
29282.474454,2650836358,2650836962,8997,604
29282.486482,2650840260,2650840842,8887,582
29282.498504,2650844154,2650844757,9234,603
29282.510520,2650848167,2650848773,11840,606
29282.522550,2650852202,2650852810,12063,608
29282.534572,2650856132,2650856746,9258,614
29282.546591,2650860063,2650860667,8970,604
29282.558619,2650863959,2650864542,8903,583
29282.570642,2650867871,2650868474,9240,603
29282.582659,2650871768,2650872372,8995,604
29282.594688,2650875686,2650876270,8822,584
29282.606710,2650879600,2650880209,9243,609
29282.618728,2650883535,2650884133,8974,598
29282.635261,2650888853,2650889461,8904,608
29282.647288,2650892936,2650893545,12091,609
29282.659304,2650896939,2650897541,11842,602
29282.671333,2650901123,2650901732,12032,609
29282.681850,2650904572,2650905181,8958,609
29282.693884,2650908526,2650908990,7676,464
29282.705906,2650912325,2650912788,7510,463
29282.717919,2650916116,2650916714,8970,598
29282.729947,2650919994,2650920576,8912,582
29282.741970,2650923892,2650924495,9216,603
29282.753987,2650927809,2650928414,8940,605
29282.766016,2650931716,2650932299,8893,583
29282.778038,2650935608,2650936223,9241,615
29282.790056,2650939533,2650940142,8942,609
29282.802084,2650943435,2650944016,8888,581
29282.814106,2650947342,2650947950,9251,608
29282.826118,2650951333,2650951940,11801,607
29282.838152,2650955227,2650955846,8964,619
29282.850172,2650959156,2650959758,9191,602
29282.862193,2650963088,2650963692,8951,604
29282.872714,2650966661,2650967268,12114,607
29282.887743,2650971498,2650972107,8867,609
29282.898261,2650974948,2650975557,8966,609
29282.910289,2650979032,2650979645,12041,613
29282.922310,2650983117,2650983721,12093,604
29282.934329,2650987060,2650987658,9006,598
29282.946357,2650991113,2650991721,12037,608
29282.958379,2650995038,2650995647,9265,609
29282.970398,2650998958,2650999567,8954,609
29282.982426,2651002870,2651003453,8905,583
29283.066583,2651029276,2651029883,12080,607
29283.078603,2651033219,2651033828,8978,609
29283.089126,2651036795,2651037401,12067,606
29283.099649,2651040369,2651040978,12039,609
29283.110158,2651043922,2651044529,11804,607
29283.122192,2651047947,2651048555,12063,608
29283.134214,2651051898,2651052502,9242,604
29283.146233,2651055815,2651056419,8970,604
29283.158261,2651059712,2651060294,8900,582
29283.170284,2651063604,2651064208,9209,604
29283.182302,2651067532,2651068141,8927,609
29283.194329,2651071448,2651072031,8909,583
29283.206352,2651075350,2651075964,9259,614
29283.218370,2651079287,2651079900,8999,613
29283.230398,2651083200,2651083783,8883,583
29283.242420,2651087232,2651087841,12103,609
29283.254437,2651091156,2651091770,8996,614
29283.266466,2651095069,2651095652,8948,583
29283.278490,2651098968,2651099582,9258,614
29283.290506,2651102905,2651103509,8994,604
29283.302533,2651106796,2651107378,8906,582
29283.314557,2651110702,2651111311,9204,609
29283.326571,2651114760,2651115366,11824,606
29283.338602,2651118804,2651119418,12096,614
29283.350624,2651122741,2651123345,9247,604
29283.362643,2651126666,2651127275,8977,609
29283.374663,2651130866,2651131447,11975,581
29283.386693,2651134727,2651135310,9209,583
29283.398710,2651138603,2651139207,9246,604
29283.410736,2651142428,2651143008,8996,580
29283.422764,2651146258,2651146841,9203,583
29283.434779,2651150148,2651150750,9234,602
29283.446797,2651153961,2651154566,8863,605
29283.458833,2651157834,2651158438,9271,604
29283.470846,2651161718,2651162327,9227,609
29283.482869,2651165513,2651166115,8900,602
29283.494895,2651169440,2651170053,9201,613
29283.506916,2651173389,2651173997,9261,608
29283.518931,2651177233,2651177848,8868,615
29283.530963,2651181184,2651181798,9199,614
29283.542976,2651185227,2651185834,11866,607
29283.555008,2651189203,2651189817,12005,614
29283.567035,2651193229,2651193811,11963,582
29283.579044,2651197275,2651197877,11836,602
29283.591074,2651201274,2651201880,11814,606
29283.603101,2651205338,2651205956,12103,618
29283.615115,2651209473,2651210075,11863,602
29283.627145,2651213398,2651213979,8960,581
29283.639171,2651217285,2651217868,9210,583
29283.651192,2651221264,2651221864,11858,600
29283.663212,2651225243,2651225849,11840,606
29283.675243,2651229262,2651229876,12114,614
29283.687249,2651233253,2651233865,11829,612
29283.699288,2651237370,2651237982,11878,612
29283.711309,2651241240,2651241842,9256,602
29283.723329,2651245086,2651245690,9337,604
29283.735349,2651249024,2651249634,11847,610
29283.745872,2651252469,2651253073,9292,604
29283.757897,2651256328,2651256908,9001,580
29283.769926,2651260099,2651260681,9222,582
29283.781939,2651263892,2651264497,9190,605
29283.793964,2651267763,2651268338,8966,575
29283.805995,2651271643,2651272226,9213,583
29283.818007,2651275506,2651276118,9265,612
29283.830034,2651279353,2651279929,8964,576
29283.842060,2651283276,2651283858,11967,582
29283.854078,2651287250,2651287859,12084,609
29283.866103,2651291152,2651291733,8974,581
29283.878131,2651294984,2651295567,9233,583
29283.890146,2651298850,2651299464,9296,614
29283.902163,2651302727,2651303309,8906,582
29283.914194,2651306728,2651307311,11977,583
29283.971293,2651324519,2651325119,11819,600
29284.094542,2651356287,2651356871,9226,584
29284.106552,2651359804,2651360412,9164,608
29284.118578,2651363642,2651364221,8961,579
29284.130609,2651367502,2651368085,9172,583
29284.142614,2651371510,2651372112,11907,602
29284.154645,2651375536,2651376145,11954,609
29284.166678,2651379427,2651380010,9207,583
29284.178696,2651383297,2651383901,9296,604
29284.190716,2651387106,2651387682,8978,576
29284.202747,2651390985,2651391569,9250,584
29284.214763,2651394855,2651395464,9294,609
29284.226785,2651398740,2651399345,8925,605
29284.237304,2651402260,2651402868,12026,608
29284.298921,2651421429,2651422033,11962,604
29284.310950,2651425330,2651425913,9202,583
29284.322968,2651429179,2651429788,9258,609
29284.334987,2651432961,2651433561,8903,600
29284.347020,2651436986,2651437590,12145,604
29284.359034,2651441037,2651441637,11880,600
29284.371057,2651445088,2651445690,11839,602
29284.383085,2651449173,2651449777,12085,604
29284.395104,2651453265,2651453867,11837,602
29284.407127,2651457354,2651457960,11842,606
29284.419156,2651461378,2651461993,12082,615
29284.431164,2651465423,2651466025,11837,602
29284.443202,2651469247,2651469859,8961,612
29284.455220,2651473146,2651473755,9198,609
29284.467230,2651477100,2651477716,11867,616
29284.479264,2651481047,2651481659,11818,612
29284.491292,2651485066,2651485649,11944,583
29284.503304,2651488981,2651489579,11868,598
29284.515334,2651493020,2651493596,11967,576
29284.527361,2651496868,2651497476,9235,608
29284.537877,2651500272,2651500731,7533,459
29284.549909,2651503996,2651504578,9222,582
29284.561918,2651507845,2651508441,9095,596
29284.573945,2651511667,2651512247,8894,580
29284.585978,2651515504,2651516088,9228,584
29284.597992,2651519348,2651519955,9197,607
29284.610015,2651523169,2651523750,8954,581
29284.622047,2651526972,2651527555,9244,583
29284.634057,2651530816,2651531416,9150,600
29284.646078,2651534681,2651535264,8876,583
29284.658113,2651538694,2651539271,11963,577
29284.670119,2651542626,2651543227,11866,601
29284.682153,2651546507,2651547083,8963,576
29284.694180,2651550358,2651550961,9215,603
29284.706195,2651554184,2651554785,9115,601
29284.718221,2651558059,2651558639,8930,580
29284.730251,2651561871,2651562454,9199,583
29284.742265,2651565821,2651566422,11841,601
29284.754281,2651569821,2651570404,11808,583
29284.766317,2651573707,2651574289,9223,582
29284.778330,2651577570,2651578175,9152,605
29284.790364,2651581361,2651581937,8967,576
29284.802388,2651585216,2651585800,9159,584
29284.814397,2651589047,2651589653,9169,606
29284.826427,2651592882,2651593463,8956,581
29284.838459,2651596685,2651597267,9239,582
29284.850467,2651600486,2651601095,9162,609
29284.862493,2651604326,2651604901,8957,575
29284.874522,2651608350,2651608928,11939,578
29284.886529,2651612333,2651612938,11861,605
29284.898563,2651616153,2651616733,8993,580
29284.910596,2651619979,2651620563,9204,584
29284.922602,2651623820,2651624427,9201,607
29284.934630,2651627659,2651628239,8956,580
29284.946664,2651631545,2651632128,9231,583
29284.958667,2651635563,2651636163,11869,600
29284.970693,2651639568,2651640176,11986,608
29285.114976,2651681306,2651681887,8998,581
29285.126997,2651685190,2651685799,9208,609
29285.139012,2651689052,2651689664,9049,612
29285.151036,2651693107,2651693686,11953,579
29285.163067,2651697198,2651697807,12078,609
29285.175080,2651701237,2651701849,11867,612
29285.187117,2651705318,2651705926,12036,608
29285.199137,2651709472,2651710076,12078,604
29285.211147,2651713512,2651714113,11865,601
29285.223177,2651717435,2651718010,11956,575
29285.235207,2651721423,2651722007,11964,584
29285.247221,2651725376,2651725978,11865,602
29285.259244,2651729167,2651729774,8892,607
29285.271274,2651733021,2651733625,9235,604
29285.283282,2651736981,2651737586,11900,605
29285.295316,2651740950,2651741557,11818,607
29285.307346,2651744962,2651745566,12083,604
29285.317862,2651748315,2651748895,9000,580
29285.329892,2651752178,2651752759,9177,581
29285.341905,2651756024,2651756486,7375,462
29285.353927,2651759734,2651760316,11831,582
29285.365960,2651763580,2651764157,9205,577
29285.377975,2651767379,2651767979,9213,600
29285.389994,2651771299,2651771882,8880,583
29285.402026,2651775103,2651775719,9219,616
29285.414039,2651778985,2651779591,9105,606
29285.426068,2651782822,2651783403,8938,581
29285.438095,2651786628,2651787237,9227,609
29285.450109,2651790495,2651791105,9157,610
29285.462136,2651794339,2651794915,8934,576
29285.474165,2651798292,2651798875,11983,583
29285.486177,2651802241,2651802841,11858,600
29285.498206,2651806075,2651806655,9009,580
29285.510234,2651809908,2651810491,9218,583
29285.522244,2651813728,2651814329,9137,601
29285.534278,2651817567,2651818146,8997,579
29285.546304,2651821410,2651821993,9175,583
29285.558314,2651825350,2651825950,11879,600
29285.570337,2651829357,2651829940,11837,583
29285.582373,2651833187,2651833765,9237,578
29285.594386,2651837057,2651837663,9173,606
29285.606408,2651840861,2651841437,8950,576
29285.618443,2651844663,2651845246,9243,583
29285.630451,2651848473,2651849083,9192,610
29285.642479,2651852313,2651852894,8984,581
29285.654507,2651856170,2651856753,9211,583
29285.666517,2651860015,2651860614,9194,599
29285.678545,2651863814,2651864394,8926,580
29285.690576,2651867814,2651868397,11963,583
29285.702588,2651871791,2651872395,11876,604
29285.714616,2651875607,2651876185,8991,578
29285.726648,2651879468,2651880051,9223,583
29285.738655,2651883331,2651883932,9151,601
29285.750682,2651887157,2651887737,8952,580
29285.762713,2651891023,2651891606,9165,583
29285.774718,2651895028,2651895634,11868,606
29285.786745,2651899027,2651899605,11852,578
29285.798783,2651902863,2651903446,9180,583
29285.810792,2651906691,2651907303,9199,612
29285.822822,2651910516,2651911092,8975,576
29285.834848,2651914331,2651914939,9179,608
29285.846864,2651918196,2651918801,9225,605
29285.858888,2651922028,2651922609,8990,581
29285.870913,2651925894,2651926498,9195,604
29285.894957,2651933567,2651934174,11867,607
29285.906988,2651937643,2651938247,12104,604
29285.918993,2651941654,2651942260,11862,606
29285.931031,2651945573,2651946154,12044,581
29285.943049,2651949553,2651950157,9206,604
29285.955067,2651953494,2651954094,9190,600
29285.967092,2651957528,2651958133,11818,605
29285.979121,2651961604,2651962206,12076,602
29286.133913,2652006892,2652007505,5604,613
29286.145941,2652010809,2652011392,9201,583
29286.157951,2652014675,2652015276,11922,601
29286.169979,2652018548,2652019131,11828,583
29286.182010,2652022399,2652022998,9197,599
29286.194024,2652026250,2652026857,9145,607
29286.206049,2652030110,2652030690,8966,580
29286.218078,2652033915,2652034524,9191,609
29286.230090,2652037789,2652038389,8963,600
29286.242119,2652041620,2652042201,8984,581
29286.254150,2652045445,2652046028,9238,583
29286.266164,2652049226,2652049824,9195,598
29286.278191,2652053036,2652053617,8973,581
29286.290216,2652057041,2652057624,11973,583
29286.302230,2652060971,2652061575,11909,604
29286.314258,2652064793,2652065374,8970,581
29286.326287,2652068586,2652069167,9200,581
29286.338301,2652072467,2652073074,9134,607
29286.350325,2652076338,2652076918,8956,580
29286.362355,2652080178,2652080761,9182,583
29286.374364,2652084172,2652084778,11931,606
29286.386390,2652088161,2652088744,11837,583
29286.398421,2652092021,2652092604,9177,583
29286.410437,2652095856,2652096456,9160,600
29286.422460,2652099706,2652100287,8972,581
29286.434491,2652103552,2652104155,9247,603
29286.446502,2652107382,2652107987,9182,605
29286.458530,2652111246,2652111827,9025,581
29286.470563,2652115051,2652115633,9204,582
29286.482570,2652118866,2652119465,9142,599
29286.494597,2652122675,2652123254,8944,579
29286.506626,2652126643,2652127225,12019,582
29286.518640,2652130582,2652131186,11873,604
29286.530662,2652134403,2652134986,8893,583
29286.542700,2652138220,2652138802,9255,582
29286.554707,2652142074,2652142680,9212,606
29286.566736,2652145901,2652146481,8936,580
29286.578765,2652149775,2652150378,9197,603
29286.590777,2652153788,2652154392,11863,604
29286.602798,2652157772,2652158350,11807,578
29286.614836,2652161604,2652162186,9249,582
29286.626844,2652165444,2652166046,9062,602
29286.662911,2652176597,2652177202,9148,605
29286.674947,2652180419,2652181020,8997,601
29286.686969,2652184300,2652184883,9202,583
29286.698979,2652188103,2652188708,9180,605
29286.711007,2652192042,2652192623,11962,581
29286.723036,2652196074,2652196656,11942,582
29286.735049,2652200116,2652200723,11868,607
29286.747077,2652204117,2652204698,11962,581
29286.759104,2652208224,2652208828,12081,604
29286.771116,2652212133,2652212740,9161,607
29286.783144,2652216170,2652216776,11840,606
29286.795173,2652220244,2652220827,11977,583
29286.807184,2652224222,2652224824,11859,602
29286.819215,2652228162,2652228771,11997,609
29286.831242,2652232183,2652232762,11938,579
29286.843253,2652236126,2652236733,11832,607
29286.855284,2652240043,2652240618,11970,575
29286.867313,2652243989,2652244599,12109,610
29286.879317,2652247995,2652248597,11857,602
29286.891350,2652251790,2652252392,8941,602
29286.901876,2652255198,2652255654,7359,456
29286.913899,2652258900,2652259481,8982,581
29286.925924,2652262745,2652263353,9198,608
29286.937939,2652266594,2652267200,9152,606
29286.949966,2652270462,2652271043,8918,581
29286.961994,2652274329,2652274912,9221,583
29286.974005,2652278153,2652278765,8999,612
29286.986027,2652282162,2652282744,11831,582
29286.998065,2652286002,2652286584,9182,582
29287.010079,2652289778,2652290383,9146,605
29287.022107,2652293645,2652294226,8933,581
29287.034129,2652297491,2652298095,9220,604
29287.046143,2652301347,2652301943,9140,596
29287.058172,2652305158,2652305739,8966,581
29287.070202,2652308962,2652309543,9176,581
29287.082215,2652312806,2652313405,9117,599
29287.094240,2652316634,2652317209,8947,575
29287.106267,2652320633,2652321215,11962,582
29287.118275,2652324582,2652325183,11860,601
29287.130308,2652328381,2652328962,8956,581
29287.142339,2652332218,2652332801,9142,583
29287.154350,2652336020,2652336627,9164,607
29287.166377,2652339900,2652340480,8932,580
29287.178408,2652343786,2652344364,9238,578
29287.190416,2652347788,2652348394,11935,606
29287.202440,2652351799,2652352377,11829,578
29287.214474,2652355641,2652356218,9241,577
29287.226485,2652359460,2652360067,9189,607
29287.238511,2652363272,2652363852,8974,580
29287.250540,2652367104,2652367710,9243,606
29287.262554,2652370928,2652371533,9145,605
29287.274576,2652374776,2652375360,8835,584
29287.286614,2652378584,2652379166,9200,582
29287.298621,2652382420,2652383025,9185,605
29287.310649,2652386232,2652386813,8993,581
29287.322676,2652390225,2652390831,12121,606
29287.334686,2652394234,2652394836,11873,602
29287.346717,2652398012,2652398588,8985,576
29287.358751,2652401826,2652402409,9218,583
29287.370760,2652405681,2652406287,9018,606
29287.382788,2652409516,2652410096,8993,580
29287.394815,2652413375,2652413959,9191,584
29287.406824,2652417390,2652417995,11869,605
29287.418859,2652421363,2652421946,11890,583
29287.430884,2652425241,2652425824,9222,583
29287.442894,2652429052,2652429664,9204,612
29287.454918,2652432854,2652433459,8858,605
29287.466951,2652436715,2652437318,9232,603
29287.478964,2652440525,2652441125,9159,600
29287.490991,2652444318,2652444924,8865,606
29287.503020,2652448215,2652448819,9239,604
29287.515027,2652452275,2652452873,11869,598
29287.527059,2652456352,2652456964,11815,612
29287.539089,2652460513,2652461117,12083,604
29287.551097,2652464589,2652465191,11857,602
29287.563129,2652468576,2652469152,11965,576
29287.575159,2652472739,2652473343,12083,604
29287.587165,2652476719,2652477321,11868,602
29287.599196,2652480636,2652481242,11821,606
29287.611225,2652484668,2652485250,11960,582
29287.623241,2652488501,2652489103,9167,602
29287.654804,2652498401,2652499001,11913,600
29287.666833,2652502219,2652502819,8945,600
29287.678857,2652506099,2652506683,9181,584
29287.690867,2652509929,2652510530,9167,601
29287.702896,2652513736,2652514344,8948,608
29287.714922,2652517609,2652518208,9202,599
29287.726935,2652521440,2652522044,9170,604
29287.738958,2652525387,2652525968,11957,581
29287.750989,2652529354,2652529955,12064,601
29287.763002,2652533325,2652533927,11889,602
29287.775032,2652537202,2652537783,8997,581
29287.787060,2652541345,2652541959,12076,614
29287.799068,2652545429,2652546035,11864,606
29287.811101,2652549506,2652550118,11817,612
29287.823131,2652553619,2652554226,12136,607
29287.835148,2652557638,2652558248,12041,610
29287.847171,2652561593,2652562189,11843,596
29287.859197,2652565588,2652566196,12083,608
29287.871204,2652569556,2652570162,11859,606
29287.886252,2652574297,2652574881,9216,584
29287.896760,2652577824,2652578402,11815,578
29287.910285,2652582274,2652582855,11972,581
29287.922320,2652586147,2652586730,9221,583
29287.934329,2652590144,2652590750,11928,606
29287.946362,2652593995,2652594571,9005,576
29287.958390,2652597821,2652598403,9191,582
29287.970406,2652601654,2652602266,9232,612
29287.982426,2652605559,2652606142,8927,583
29287.994458,2652609430,2652610013,9207,583
29288.006469,2652613306,2652613907,9160,601
29288.018489,2652617262,2652617845,11832,583
29288.030521,2652621274,2652621878,12076,604
29288.042537,2652625143,2652625745,9178,602
29288.054564,2652628967,2652629543,8960,576
29288.066593,2652632771,2652633378,9216,607
29288.078606,2652636571,2652637171,9151,600
29288.090632,2652640389,2652640970,8945,581
29288.102666,2652644207,2652644790,9187,583
29288.114675,2652648049,2652648652,9030,603
29288.126702,2652651894,2652652474,8989,580
29288.138727,2652655896,2652656473,11938,577
29288.150744,2652659813,2652660408,11872,595
29288.162777,2652663594,2652664170,9009,576
29288.174801,2652667461,2652668044,9200,583
29288.186809,2652671308,2652671915,9120,607
29288.198838,2652675150,2652675730,8971,580
29288.210869,2652679015,2652679597,9218,582
29288.222883,2652682870,2652683477,9230,607
29288.234906,2652686889,2652687497,11967,608
29288.246935,2652690796,2652691379,9170,583
29288.258946,2652694610,2652695212,9158,602
29288.270974,2652698447,2652699028,8978,581
29288.283003,2652702275,2652702879,9173,604
29288.295014,2652706107,2652706708,9153,601
29288.307044,2652709976,2652710552,8904,576
29288.319076,2652713953,2652714535,9230,582
29288.331083,2652718021,2652718631,11833,610
29288.343111,2652722035,2652722642,11820,607
29288.355143,2652726063,2652726645,12003,582
29288.367147,2652730106,2652730713,11861,607
29288.388331,2652737668,2652738272,12046,604
29288.454331,2652757928,2652758509,11988,581
29288.466348,2652761772,2652762377,9156,605
29288.478372,2652765622,2652766203,8979,581
29288.490401,2652769445,2652770026,9165,581
29288.502414,2652773279,2652773890,9175,611
29288.514434,2652777177,2652777758,8900,581
29288.526469,2652781090,2652781673,9168,583
29288.538474,2652785148,2652785754,11870,606
29288.550502,2652789183,2652789793,11819,610
29288.562537,2652793144,2652793764,9254,620
29288.574553,2652797070,2652797682,9174,612
29288.586575,2652800910,2652801491,8945,581
29288.598609,2652804842,2652805425,9240,583
29288.610618,2652808681,2652809287,9074,606
29288.622645,2652812584,2652813167,8952,583
29288.634673,2652816456,2652817040,9204,584
29288.646684,2652820280,2652820875,9203,595
29288.658720,2652824085,2652824665,9014,580
29288.670746,2652827977,2652828561,9218,584
29288.682754,2652831796,2652832403,9153,607
29288.694781,2652835640,2652836220,8916,580
29288.706814,2652839460,2652840044,9184,584
29288.718820,2652843278,2652843884,9169,606
29288.730852,2652847102,2652847680,8969,578
29288.742880,2652850941,2652851522,9185,581
29288.754890,2652854925,2652855537,11835,612
29288.766919,2652858936,2652859542,11833,606
29288.778946,2652862800,2652863409,9234,609
29288.790957,2652866655,2652867262,9186,607
29288.802989,2652870632,2652871235,8919,603
29288.815016,2652874577,2652875196,9216,619
29288.827025,2652878641,2652879243,11875,602
29288.839056,2652882558,2652883138,8985,580
29288.851085,2652886645,2652887249,12149,604
29288.863090,2652890748,2652891349,11859,601
29288.875124,2652894777,2652895379,11813,602
29288.887153,2652898836,2652899440,9228,604
29288.914207,2652907510,2652908091,12044,581
29288.926216,2652911488,2652912089,11931,601
29288.938239,2652915487,2652916094,11829,607
29288.950270,2652919403,2652920007,12073,604
29288.962288,2652923271,2652923872,9159,601
29288.974315,2652927116,2652927692,8978,576
29288.986343,2652930987,2652931570,9157,583
29288.998352,2652934982,2652935581,11963,599
29289.010377,2652938946,2652939529,8873,583
29289.022411,2652942974,2652943556,11961,582
29289.034429,2652946881,2652947482,9231,601
29289.046452,2652950755,2652951330,8971,575
29289.058478,2652954622,2652955223,9179,601
29289.070497,2652958513,2652959125,9238,612
29289.082519,2652962364,2652962959,8932,595
29289.094546,2652966207,2652966815,9215,608
29289.106561,2652970045,2652970647,9003,602
29289.118588,2652973889,2652974469,8951,580
29289.130616,2652977771,2652978351,9149,580
29289.142628,2652981579,2652982191,9192,612
29289.154662,2652985576,2652986156,12023,580
29289.166680,2652989552,2652990165,12069,613
29289.178696,2652993401,2652994008,9139,607
29289.190723,2652997212,2652997793,8960,581
29289.202755,2653001076,2653001658,9203,582
29289.214767,2653004970,2653005570,9187,600
29289.226793,2653008833,2653009414,8970,581
29289.238826,2653012668,2653013251,9165,583
29289.250839,2653016556,2653017160,9256,604
29289.262862,2653020393,2653020973,8990,580
29289.274891,2653024238,2653024821,9179,583
29289.286901,2653028037,2653028644,9193,607
29289.298929,2653031843,2653032445,8909,602
29289.310963,2653035767,2653036350,9254,583
29289.322969,2653039617,2653040219,9186,602
29289.334992,2653043455,2653044038,8865,583
29289.347030,2653047291,2653047871,9215,580
29289.359034,2653051300,2653051901,11867,601
29289.371069,2653055359,2653055966,11840,607
29289.383097,2653059494,2653060098,12139,604
29289.395104,2653063554,2653064156,11861,602
29289.407138,2653067545,2653068149,12031,604
29289.419161,2653071591,2653072200,9189,609
29289.431172,2653075623,2653076224,11866,601
29289.443204,2653079648,2653080255,11850,607
29289.455232,2653083569,2653084178,9223,609
29289.467249,2653087523,2653088127,9232,604
29289.479269,2653091443,2653092019,11955,576
29289.491300,2653095441,2653096023,11962,582
29289.501824,2653098883,2653099467,9019,584
29289.522865,2653105466,2653106047,9191,581
29289.534873,2653109311,2653109918,9197,607
29289.546900,2653113156,2653113735,8943,579
29289.558931,2653117035,2653117649,9237,614
29289.570938,2653121047,2653121659,11866,612
29289.582966,2653124998,2653125599,11802,601
29289.594998,2653128850,2653129454,9237,604
29289.607011,2653132725,2653133337,9188,612
29289.619039,2653136732,2653137346,8897,614
29289.631065,2653140870,2653141473,12080,603
29289.643078,2653144970,2653145577,11863,607
29289.655106,2653148954,2653149558,8924,604
29289.667133,2653152921,2653153535,9190,614
29289.679142,2653156986,2653157582,11861,596
29289.691174,2653160915,2653161520,11815,605
29289.703204,2653164957,2653165561,12078,604
29289.715211,2653168939,2653169551,11864,612
29289.727245,2653172891,2653173493,11823,602
29289.739273,2653176779,2653177362,9212,583
29289.751290,2653180622,2653181231,9115,609
29289.763314,2653184573,2653185178,11866,605
29289.775340,2653188605,2653189188,11940,583
29289.785855,2653191959,2653192543,8914,584
29289.797890,2653195786,2653196367,9231,581
29289.809903,2653199659,2653200265,9224,606
29289.821925,2653203630,2653204214,8920,584
29289.833957,2653207439,2653208021,9185,582
29289.845968,2653211270,2653211875,9188,605
29289.857996,2653215141,2653215722,8908,581
29289.870024,2653219045,2653219628,11962,583
29289.882030,2653223012,2653223617,11868,605
29289.894066,2653226892,2653227473,8959,581
29289.906095,2653230765,2653231346,9210,581
29289.918104,2653234573,2653235185,9153,612
29289.930133,2653238398,2653238977,8900,579
29289.942163,2653242222,2653242805,9213,583
29289.954171,2653246175,2653246782,11931,607
29289.966199,2653250177,2653250784,11838,607
29289.978232,2653254037,2653254620,9200,583
29289.990244,2653257918,2653258519,9186,601
29290.002265,2653261853,2653262431,8867,578
29290.014300,2653265659,2653266243,9216,584
29290.026314,2653269597,2653270200,9269,603
29290.038337,2653273447,2653274028,8984,581
29290.050367,2653277300,2653277914,9210,614
29290.062380,2653281171,2653281782,9138,611
29290.074408,2653285042,2653285618,8928,576
29290.086434,2653288899,2653289483,9148,584
29290.098448,2653292717,2653293323,8966,606
29290.110477,2653296589,2653297170,8989,581
29290.122504,2653300456,2653301040,9211,584
29290.134514,2653304332,2653304933,9155,601
29290.146549,2653308131,2653308711,9036,580
29290.158573,2653311993,2653312577,9179,584
29290.170581,2653315977,2653316584,11837,607
29290.182611,2653319943,2653320554,11834,611
29290.194643,2653323817,2653324400,9212,583
29290.206653,2653327611,2653328217,9171,606
29290.218681,2653331423,2653332003,8932,580
29290.230709,2653335378,2653335961,9197,583
29290.242720,2653339224,2653339831,9190,607
29290.254750,2653343089,2653343669,8967,580
29290.266781,2653346938,2653347520,9224,582
29290.278788,2653350783,2653351399,9200,616
29290.290816,2653354622,2653355203,8936,581
29290.302847,2653358626,2653359210,11958,584
29290.314862,2653362457,2653363066,9278,609
29290.326886,2653366254,2653366829,8990,575
29290.338917,2653370078,2653370661,9197,583
29290.350925,2653373928,2653374530,9167,602
29290.362952,2653377717,2653378295,8943,578
29290.374980,2653381557,2653382158,9158,601
29290.386988,2653385558,2653386170,11858,612
29290.399022,2653389600,2653390214,11986,614
29290.411051,2653393724,2653394306,11955,582
29290.423060,2653397736,2653398337,11836,601
29290.435090,2653401641,2653402244,8985,603
29290.447122,2653405800,2653406404,12114,604
29290.459127,2653409835,2653410442,11885,607
29290.471158,2653413757,2653414359,8940,602
29290.483184,2653417643,2653418252,9238,609
29290.495200,2653421612,2653422227,11814,615
29290.507224,2653425592,2653426173,11966,581
29290.519257,2653429581,2653430188,12122,607
29290.531264,2653433557,2653434163,11868,606
29290.543305,2653437477,2653438058,12024,581
29290.555321,2653441328,2653441931,9209,603
29290.565842,2653444735,2653445169,7564,434
29290.577873,2653448365,2653448947,9193,582
29290.589887,2653452202,2653452806,9219,604
29290.601909,2653456076,2653456660,8946,584
29290.613942,2653459901,2653460483,9194,582
29290.625952,2653463734,2653464339,11881,605
29290.637977,2653467753,2653468337,8923,584
29290.650006,2653471649,2653472231,9209,582
29290.662021,2653475496,2653476101,9154,605
29290.674045,2653479391,2653479969,8956,578
29290.686075,2653483383,2653483966,11947,583
29290.698083,2653487345,2653487947,11881,602
29290.710116,2653491218,2653491799,8957,581
29290.722147,2653495051,2653495634,9178,583
29290.734158,2653498849,2653499451,9125,602
29290.746179,2653502686,2653503268,8899,582
29290.758217,2653506523,2653507107,9181,584
29290.770222,2653510522,2653511122,11927,600
29290.782252,2653514513,2653515114,11836,601
29290.794281,2653518352,2653518948,9206,596
29290.806294,2653522209,2653522814,9176,605
29290.818322,2653526044,2653526620,8949,576
29290.830354,2653529853,2653530437,9161,584
29290.842366,2653533739,2653534348,9045,609
29290.854392,2653537589,2653538169,9006,580
29290.866418,2653541468,2653542051,9186,583
29290.878430,2653545315,2653545916,9169,601
29290.894967,2653550542,2653551155,8948,613
29290.906991,2653554447,2653555056,9195,609
29290.919002,2653558442,2653559044,11867,602
29290.931029,2653562309,2653562911,8865,602
29290.943064,2653566393,2653567000,12120,607
29290.955078,2653570363,2653570968,9193,605
29290.967098,2653574223,2653574830,8898,607
29290.979133,2653578335,2653578917,11993,582
29291.006184,2653587025,2653587606,12024,581
29291.018196,2653590867,2653591468,9178,601
29291.030225,2653594713,2653595295,8966,582
29291.042253,2653598488,2653599095,9182,607
29291.054270,2653602390,2653602992,9212,602
29291.066288,2653606256,2653606840,8898,584
29291.078324,2653610084,2653610666,9202,582
29291.090334,2653613935,2653614547,9021,612
29291.102358,2653617957,2653618538,12002,581
29291.114387,2653621947,2653622556,12090,609
29291.126403,2653625831,2653626433,9171,602
29291.138436,2653629676,2653630257,9035,581
29291.150460,2653633506,2653634088,9213,582
29291.162470,2653637327,2653637937,9132,610
29291.174499,2653641188,2653641769,8984,581
29291.186527,2653645173,2653645755,11982,582
29291.198535,2653649168,2653649775,11870,607
29291.210569,2653652980,2653653561,8978,581
29291.222595,2653656828,2653657410,9207,582
29291.234606,2653660635,2653661241,9190,606
29291.246636,2653664487,2653665068,8952,581
29291.258665,2653668381,2653668965,9216,584
29291.270677,2653672258,2653672860,9213,602
29291.282699,2653676125,2653676709,8884,584
29291.294736,2653679986,2653680567,9206,581
29291.306745,2653683833,2653684440,9181,607
29291.318770,2653687808,2653688388,11970,580
29291.330798,2653691765,2653692366,12088,601
29291.342813,2653695605,2653696212,9121,607
29291.354840,2653699440,2653700021,8948,581
29291.366872,2653703266,2653703849,9203,583
29291.378881,2653707079,2653707683,9182,604
29291.390902,2653710937,2653711515,8883,578
29291.402941,2653714912,2653715494,11981,582
29291.414944,2653718900,2653719512,11861,612
29291.426977,2653722728,2653723304,8978,576
29291.439005,2653726558,2653727178,9226,620
29291.451014,2653730581,2653731183,11896,602
29291.463038,2653734515,2653735116,8877,601
29291.475072,2653738638,2653739252,12077,614
29291.487086,2653742576,2653743181,8912,605
29291.499114,2653746518,2653747122,8956,604
29291.511139,2653750564,2653751171,12077,607
29291.523151,2653754567,2653755169,11876,602
29291.535191,2653758538,2653759155,11883,617
29291.547209,2653762563,2653763177,12073,614
29291.559219,2653766539,2653767146,11861,607
29291.571246,2653770357,2653770969,8891,612
29291.583276,2653774254,2653774868,9200,614
29291.595291,2653778207,2653778810,11817,603
29291.607320,2653782147,2653782754,11816,607
29291.619347,2653786194,2653786776,11939,582
29291.653906,2653796904,2653797504,9201,600
29291.665933,2653800810,2653801389,8900,579
29291.677965,2653804585,2653805163,9244,578
29291.689980,2653808445,2653809046,9158,601
29291.702003,2653812353,2653812934,12003,581
29291.714025,2653816179,2653816788,12076,609
29291.726043,2653820062,2653820669,9108,607
29291.738065,2653823968,2653824546,8874,578
29291.750103,2653827799,2653828382,9242,583
29291.762113,2653831631,2653832235,9166,604
29291.774140,2653835478,2653836054,8961,576
29291.786166,2653839393,2653840007,12096,614
29291.798183,2653843410,2653844018,12070,608
29291.810210,2653847271,2653847852,8944,581
29291.822236,2653851119,2653851702,9184,583
29291.834249,2653854968,2653855575,9038,607
29291.846279,2653858806,2653859388,8996,582
29291.858308,2653862603,2653863184,9256,581
29291.870320,2653866486,2653867092,9191,606
29291.901875,2653876320,2653876931,11828,611
29291.913904,2653880229,2653880689,7534,460
29291.925935,2653883904,2653884486,9171,582
29291.936446,2653887438,2653888041,11980,603
29291.951466,2653892415,2653893027,11865,612
29291.962000,2653895830,2653896411,11965,581
29291.974018,2653899706,2653900315,9250,609
29291.986036,2653903651,2653904229,11857,578
29291.998069,2653907591,2653908174,11972,583
29292.010083,2653911415,2653912016,9167,601
29292.022111,2653915281,2653915856,8907,575
29292.034140,2653919093,2653919697,9263,604
29292.046154,2653922947,2653923555,9150,608
29292.058180,2653926791,2653927372,8906,581
29292.070207,2653930873,2653931451,11964,578
29292.080726,2653934745,2653935359,12039,614
29292.091244,2653939184,2653940300,14996,1116
29292.101763,2653947430,2653948570,16322,1140
29292.142343,2653962805,2653963388,11929,583
29292.154369,2653966736,2653967351,9182,615
29292.166379,2653970694,2653971300,8882,606
29292.178416,2653974565,2653975147,9212,582
29292.190430,2653978447,2653979049,9209,602
29292.202452,2653982476,2653983058,11970,582
29292.214481,2653986444,2653987028,11998,584
29292.226497,2653990342,2653990943,9233,601
29292.237024,2653993793,2653994375,12044,582
29292.255061,2653999575,2654000188,12094,613
29292.267066,2654003681,2654004283,11863,602
29292.279104,2654007778,2654008389,11873,611
29292.291125,2654011947,2654012531,11958,584
29292.303143,2654015856,2654016471,9175,615
29292.315165,2654019810,2654020413,8957,603
29292.327194,2654023868,2654024450,11953,582
29292.339205,2654027861,2654028473,11840,612
29292.351235,2654031824,2654032405,11969,581
29292.363264,2654035769,2654036375,12095,606
29292.375271,2654039745,2654040352,11866,607
29292.387300,2654043692,2654044298,8927,606
29292.399330,2654047582,2654048165,9199,583
29292.409847,2654050948,2654051526,8956,578
29292.421879,2654054750,2654055332,9215,582
29292.433895,2654058599,2654059208,9262,609
29292.445917,2654062472,2654063056,8924,584
29292.457948,2654066284,2654066866,9210,582
29292.469960,2654070123,2654070725,9176,602
29292.481980,2654074022,2654074606,8897,584
29292.494017,2654077841,2654078420,9205,579
29292.506026,2654081651,2654082257,9162,606
29292.518052,2654085633,2654086213,12008,580
29292.530082,2654089537,2654090151,12098,614
29292.542097,2654093420,2654094021,9156,601
29292.554123,2654097269,2654097850,8918,581
29292.566153,2654101135,2654101718,9182,583
29292.578164,2654105014,2654105626,9019,612
29292.590193,2654108886,2654109467,8956,581
29292.602220,2654112830,2654113413,12001,583
29292.614238,2654116801,2654117405,12063,604
29292.626264,2654120622,2654121198,9004,576
29292.638290,2654124459,2654125042,9207,583
29292.650301,2654128310,2654128912,9159,602
29292.662322,2654132166,2654132751,8865,585
29292.674359,2654136000,2654136584,9205,584
29292.686373,2654139889,2654140490,9167,601
29292.698395,2654143815,2654144399,8966,584
29292.710428,2654147618,2654148199,9199,581
29292.722438,2654151436,2654152041,9196,605
29292.734459,2654155423,2654156004,11960,581
29292.746491,2654159410,2654160013,12087,603
29292.758506,2654163231,2654163833,9188,602
29292.770534,2654167090,2654167666,8929,576
29292.782565,2654170961,2654171544,9228,583
29292.794576,2654174836,2654175441,9193,605
29292.806603,2654178674,2654179254,8979,580
29292.818628,2654182687,2654183270,11962,583
29292.830645,2654186686,2654187294,12073,608
29292.842672,2654190488,2654191068,8953,580
29292.854700,2654194358,2654194941,9150,583
29292.866710,2654198196,2654198803,9177,607
29292.878735,2654202018,2654202602,8904,584
29292.890767,2654205898,2654206481,9196,583
29292.902779,2654209765,2654210372,9145,607
29292.914802,2654213633,2654214216,8902,583
29292.926837,2654217505,2654218118,9222,613
29292.938851,2654221392,2654221994,9205,602
29292.950874,2654225385,2654225966,11970,581
29292.962901,2654229396,2654230016,12092,620
29292.974916,2654233260,2654233867,9021,607
29292.986945,2654237082,2654237663,9006,581
29292.998974,2654240897,2654241480,9229,583
29293.010985,2654244705,2654245319,9150,614
29293.023019,2654248698,2654249279,12050,581
29293.035039,2654252719,2654253321,12073,602
29293.047060,2654256825,2654257433,12039,608
29293.059077,2654260875,2654261451,11957,576
29293.071110,2654264929,2654265531,12088,602
29293.083121,2654269000,2654269607,11838,607
29293.095151,2654272989,2654273604,8930,615
29293.107178,2654277092,2654277674,11958,582
29293.119190,2654280926,2654281528,9187,602
29293.131219,2654284772,2654285381,8994,609
29293.143245,2654288774,2654289387,12091,613
29293.155257,2654292761,2654293368,11885,607
29293.167287,2654296716,2654297322,11823,606
29293.179318,2654300757,2654301361,12079,604
29293.191323,2654304725,2654305327,11875,602
29293.203355,2654308652,2654309227,11983,575
29293.213879,2654312050,2654312508,7439,458
29293.225893,2654315797,2654316375,8835,578
29293.237932,2654319610,2654320191,9217,581
29293.249944,2654323456,2654324058,9184,602
29293.261971,2654327319,2654327925,8970,606
29293.273995,2654331145,2654331752,9156,607
29293.286013,2654334978,2654335580,9174,602
29293.298037,2654338845,2654339423,8946,578
29293.310068,2654342665,2654343246,9246,581
29293.322078,2654346512,2654347124,8957,612
29293.334105,2654350536,2654351112,12001,576
29293.346131,2654354477,2654355086,12089,609
29293.358147,2654358359,2654358960,9164,601
29293.370180,2654362194,2654362770,9009,576
29293.382205,2654366026,2654366609,9180,583
29293.394215,2654369839,2654370455,9170,616
29293.406243,2654373732,2654374308,8940,576
29293.418271,2654377683,2654378265,11966,582
29293.430291,2654381730,2654382338,12073,608
29293.442313,2654385571,2654386146,8996,575
29293.454342,2654389406,2654389990,9207,584
29293.466352,2654393228,2654393840,9174,612
29293.478381,2654397026,2654397608,8965,582
29293.490413,2654400803,2654401385,9206,582
29293.502425,2654404696,2654405303,9236,607
29293.514443,2654408551,2654409130,8880,579
29293.526480,2654412379,2654412960,9189,581
29293.538500,2654416252,2654416866,9216,614
29293.550517,2654420372,2654420984,11821,612
29293.562546,2654424457,2654425075,12059,618
29293.574569,2654428460,2654429078,9252,618
29293.586579,2654432408,2654433010,8884,602
29293.598614,2654436309,2654436893,8918,584
29293.610630,2654440187,2654440798,9231,611
29293.622648,2654444056,2654444640,8869,584
29293.634683,2654448023,2654448606,11983,583
29293.646700,2654452029,2654452632,12116,603
29293.658724,2654455841,2654456422,9001,581
29293.670751,2654459710,2654460319,9253,609
29293.682767,2654463602,2654464214,9157,612
29293.694790,2654467392,2654467973,8963,581
29293.706820,2654471276,2654471859,9192,583
29293.718829,2654475123,2654475730,9015,607
29293.730854,2654478987,2654479565,8885,578
29293.742890,2654482820,2654483401,9230,581
29293.754899,2654486606,2654487206,9189,600
29293.766933,2654490573,2654491153,12070,580
29293.778951,2654494593,2654495197,12054,604
29293.790967,2654498435,2654499037,9196,602
29293.802993,2654502272,2654502853,8927,581
29293.815026,2654506266,2654506849,11984,583
29293.827036,2654510313,2654510917,11813,604
29293.839063,2654514404,2654515016,11841,612
29293.851092,2654518523,2654519107,11965,584
29293.863103,2654522583,2654523190,11877,607
29293.875133,2654526649,2654527245,11818,596
29293.887161,2654530741,2654531324,11964,583
29293.899173,2654534733,2654535335,11905,602
29293.911203,2654538813,2654539426,11818,613
29293.923232,2654542879,2654543457,11965,578
29293.935242,2654546714,2654547325,9122,611
29293.947270,2654550560,2654551169,8981,609
29293.959297,2654554569,2654555175,12082,606
29293.971305,2654558565,2654559167,11861,602
29293.983337,2654562543,2654563150,11839,607
29294.102064,2654598828,2654599423,9153,595
29294.114096,2654602700,2654603284,8980,584
29294.126120,2654606549,2654607130,9195,581
29294.138131,2654610393,2654610994,9183,601
29294.150157,2654614377,2654614953,12004,576
29294.162182,2654618292,2654618901,12061,609
29294.174204,2654622186,2654622788,9194,602
29294.186227,2654626033,2654626609,8940,576
29294.198258,2654629838,2654630420,9254,582
29294.210272,2654633664,2654634267,9179,603
29294.222297,2654637519,2654638094,9009,575
29294.234326,2654641324,2654641907,9206,583
29294.246340,2654645333,2654645942,12069,609
29294.258364,2654649200,2654649776,8990,576
29294.270392,2654653045,2654653629,9186,584
29294.282405,2654656891,2654657498,9164,607
29294.294431,2654660704,2654661311,8886,607
29294.306462,2654664579,2654665163,9199,584
29294.318476,2654668449,2654669050,9216,601
29294.330499,2654672319,2654672897,8854,578
29294.342533,2654676122,2654676702,9224,580
29294.354543,2654679955,2654680562,9225,607
29294.366558,2654684003,2654684585,11791,582
29294.378597,2654688013,2654688622,12085,609
29294.390614,2654691905,2654692506,9209,601
29294.402638,2654695726,2654696301,8974,575
29294.414666,2654699567,2654700171,9249,604
29294.426682,2654703432,2654704032,9179,600
29294.438705,2654707255,2654707836,8934,581
29294.450735,2654711132,2654711714,9168,582
29294.462750,2654715104,2654715713,11997,609
29294.474773,2654718953,2654719529,8928,576
29294.486804,2654722806,2654723389,9172,583
29294.498814,2654726570,2654727170,9161,600
29294.510849,2654730338,2654730919,9013,581
29294.522872,2654734212,2654734795,9195,583
29294.534883,2654738074,2654738676,9193,602
29294.546904,2654741899,2654742482,8865,583
29294.558942,2654745735,2654746316,9231,581
29294.570954,2654749564,2654750166,9218,602
29294.582979,2654753548,2654754129,11971,581
29294.595004,2654757553,2654758167,12075,614
29294.607016,2654761606,2654762213,11868,607
29294.619047,2654765673,2654766248,11971,575
29294.631074,2654769580,2654770194,9188,614
29294.643083,2654773686,2654774297,11880,611
29294.655116,2654777772,2654778374,11817,602
29294.667147,2654781887,2654782501,12079,614
29294.679162,2654785949,2654786553,12043,604
29294.691183,2654789860,2654790462,11877,602
29294.703212,2654793880,2654794487,12116,607
29294.715221,2654797865,2654798471,11858,606
29294.727253,2654801887,2654802469,11955,582
29294.739282,2654805888,2654806466,11961,578
29294.751293,2654809724,2654810330,9168,606
29294.763315,2654813552,2654814136,8839,584
29294.775350,2654817553,2654818135,11960,582
29294.785864,2654820924,2654821502,9000,578
29294.797896,2654824729,2654825312,9169,583
29294.809907,2654828522,2654829122,8967,600
29294.821934,2654832412,2654832996,8861,584
29294.833968,2654836205,2654836786,9216,581
29294.845980,2654840050,2654840657,9204,607
29294.858011,2654843889,2654844472,8968,583
29294.870036,2654847707,2654848289,9169,582
29294.918115,2654862655,2654863255,11869,600
29294.930141,2654866548,2654867127,8940,579
29294.942171,2654870382,2654870963,9213,581
29294.954182,2654874202,2654874804,9131,602
29294.966207,2654878179,2654878760,11991,581
29294.978235,2654882154,2654882758,12085,604
29294.990250,2654885996,2654886593,9177,597
29295.002279,2654889825,2654890406,8936,581
29295.014310,2654893658,2654894241,9212,583
29295.026324,2654897448,2654898046,9184,598
29295.038348,2654901311,2654901891,8969,580
29295.050377,2654905157,2654905739,9203,582
29295.062394,2654909036,2654909645,9282,609
29295.074417,2654912878,2654913453,8983,575
29295.086446,2654916725,2654917308,9210,583
29295.098456,2654920567,2654921173,9172,606
29295.110481,2654924456,2654925064,8915,608
29295.122515,2654928298,2654928880,9234,582
29295.134527,2654932170,2654932772,9213,602
29295.146551,2654936069,2654936653,8921,584
29295.158581,2654939920,2654940527,9202,607
29295.170594,2654943788,2654944400,9172,612
29295.182614,2654947803,2654948384,11958,581
29295.194644,2654951776,2654952384,12087,608
29295.206662,2654955658,2654956258,9020,600
29295.218689,2654959489,2654960064,8925,575
29295.230720,2654963325,2654963907,9227,582
29295.242729,2654967165,2654967776,9160,611
29295.254763,2654971017,2654971598,9018,581
29295.266787,2654974870,2654975453,9206,583
29295.278802,2654978686,2654979295,9280,609
29295.290825,2654982540,2654983121,8980,581
29295.302857,2654986363,2654986944,9196,581
29295.314864,2654990198,2654990798,9150,600
29295.326889,2654993999,2654994605,8872,606
29295.338923,2654997886,2654998469,9191,583
29295.350935,2655001762,2655002369,9200,607
29295.362961,2655005621,2655006199,8915,578
29295.374991,2655009478,2655010058,9225,580
29295.387001,2655013322,2655013929,9161,607
29295.399030,2655017319,2655017900,11993,581
29295.411061,2655021393,2655022006,12099,613
29295.423068,2655025508,2655026104,11892,596
29295.435099,2655029518,2655030093,11956,575
29295.447126,2655033603,2655034207,12081,604
29295.459134,2655037699,2655038315,11873,616
29295.471166,2655041716,2655042292,11962,576
29295.483196,2655045600,2655046184,9149,584
29295.495212,2655049541,2655050148,12015,607
29295.507238,2655053517,2655054121,12009,604
29295.519265,2655057525,2655058108,11959,583
29295.531276,2655061452,2655062052,11815,600
29295.543307,2655065465,2655066068,11819,603
29295.555336,2655069496,2655070104,12114,608
29295.565852,2655072908,2655073339,7637,431
29295.577884,2655076572,2655077039,7525,467
29295.589893,2655080302,2655080898,9202,596
29295.601927,2655084154,2655084738,9027,584
29295.613949,2655087994,2655088577,9179,583
29295.625961,2655091824,2655092425,12025,601
29295.637981,2655095703,2655096286,8857,583
29295.650020,2655099482,2655100063,9183,581
29295.662032,2655103327,2655103935,9194,608
29295.674058,2655107150,2655107731,8969,581
29295.686087,2655110965,2655111547,9205,582
29295.698097,2655114843,2655115443,11879,600
29295.710122,2655118672,2655119284,8897,612
29295.722155,2655122502,2655123085,9199,583
29295.734167,2655126371,2655126973,9135,602
29295.746191,2655130259,2655130843,8923,584
29295.758221,2655134113,2655134694,9206,581
29295.770235,2655137950,2655138557,9141,607
29295.782260,2655141908,2655142489,11984,581
29295.794287,2655145862,2655146471,12085,609
29295.806308,2655149703,2655150299,9211,596
29295.818331,2655153539,2655154120,8965,581
29295.830363,2655157356,2655157939,9235,583
29295.842371,2655161201,2655161801,9134,600
29295.854393,2655165069,2655165653,8915,584
29295.866431,2655168879,2655169463,9127,584
29295.878447,2655172747,2655173356,9281,609
29295.890470,2655176619,2655177200,8941,581
29295.902495,2655180458,2655181067,9200,609
29295.914509,2655184295,2655184901,9165,606
29295.926535,2655188132,2655188739,8904,607
29295.938568,2655191982,2655192565,9246,583
29295.950575,2655195856,2655196458,9034,602
29295.962602,2655199750,2655200334,8913,584
29295.974634,2655203618,2655204199,9189,581
29295.986645,2655207491,2655208091,9172,600
29295.998676,2655211488,2655212069,12089,581
29296.010697,2655215494,2655216103,12065,609
29296.022714,2655219332,2655219939,9220,607
29296.034742,2655223145,2655223721,8995,576
29296.046771,2655227003,2655227587,9197,584
29296.058781,2655230847,2655231458,9210,611
29296.070808,2655234690,2655235271,8977,581
29296.082841,2655238528,2655239111,9192,583
29296.094847,2655242356,2655242963,9146,607
29296.106877,2655246174,2655246749,8971,575
29296.118906,2655250041,2655250623,9194,582
29296.130916,2655253852,2655254464,9156,612
29296.142941,2655257663,2655258270,8837,607
29296.154978,2655261596,2655262179,9258,583
29296.166987,2655265454,2655266056,9203,602
29296.179008,2655269348,2655269932,8882,584
29296.191043,2655273334,2655273915,12020,581
29296.203051,2655277354,2655277955,11871,601
29296.215083,2655281385,2655281966,11970,581
29296.227108,2655285447,2655286055,12077,608
29296.239125,2655289475,2655290075,11851,600
29296.251141,2655293515,2655294099,11789,584
29296.263181,2655297526,2655298104,11980,578
29296.275191,2655301471,2655302075,11840,604
29296.287219,2655305407,2655306019,11819,612
29296.299245,2655309283,2655309896,9185,613
29296.311267,2655313165,2655313774,9262,609
29296.323288,2655317114,2655317690,11966,576
29296.335316,2655321107,2655321689,11961,582
29296.347335,2655325048,2655325655,11873,607
29296.359357,2655329008,2655329620,11841,612
29296.369876,2655332422,2655333030,9197,608
29296.381901,2655336305,2655336744,7495,439
29296.393928,2655339987,2655340589,12097,602
29296.405945,2655343881,2655344478,9210,597
29296.417972,2655347739,2655348320,8975,581
29296.430003,2655351562,2655352146,9235,584
29296.442016,2655355409,2655356017,9244,608
29296.454039,2655359293,2655359876,8925,583
29296.466071,2655363084,2655363666,9201,582
29296.478082,2655366954,2655367567,9227,613
29296.490103,2655370848,2655371430,8905,582
29296.502135,2655374723,2655375306,9194,583
29296.514146,2655378663,2655379269,11946,606
29296.526176,2655382635,2655383216,11979,581
29296.538208,2655386444,2655387027,9227,583
29296.550223,2655390281,2655390888,9208,607
29296.562242,2655394188,2655394771,8912,583
29296.574272,2655398037,2655398647,9201,610
29296.586285,2655401894,2655402501,9153,607
29296.598307,2655405920,2655406498,11828,578
29296.610341,2655409896,2655410505,12088,609
29296.622358,2655413798,2655414402,9225,604
29296.754613,2655452107,2655452714,9307,607
29296.766632,2655456022,2655456624,9182,602
29296.778654,2655459908,2655460492,8932,584
29296.790686,2655463807,2655464419,9228,612
29296.802697,2655467659,2655468259,9181,600
29296.814713,2655471696,2655472280,11823,584
29296.826752,2655475706,2655476314,12090,608
29296.838770,2655479570,2655480162,9222,592
29296.850791,2655483455,2655484039,8917,584
29296.862822,2655487368,2655487976,9250,608
29296.874833,2655491213,2655491815,9176,602
29296.886858,2655495097,2655495681,8893,584
29296.898890,2655498988,2655499602,9222,614
29296.910905,2655502880,2655503484,9251,604
29296.922924,2655506765,2655507348,8897,583
29296.934953,2655510628,2655511232,9217,604
29296.946966,2655514632,2655515239,11873,607
29296.958999,2655518506,2655519115,8961,609
29296.971025,2655522469,2655523078,9190,609
29296.983035,2655526567,2655527168,11862,601
29296.995060,2655530572,2655531155,8937,583
29297.007095,2655534684,2655535284,12072,600
29297.019105,2655538771,2655539383,11841,612
29297.031136,2655542855,2655543458,11987,603
29297.043163,2655547042,2655547646,12088,604
29297.055172,2655551068,2655551670,11859,602
29297.067204,2655555083,2655555696,11984,613
29297.079231,2655559166,2655559775,12083,609
29297.091249,2655563141,2655563753,11837,612
29297.103275,2655567184,2655567788,12004,604
29297.115300,2655571087,2655571690,9239,603
29297.127321,2655574964,2655575572,9341,608
29297.139349,2655578970,2655579554,11915,584
29297.149865,2655582390,2655582999,9305,609
29297.161881,2655586248,2655586827,8922,579
29297.173915,2655590094,2655590694,9191,600
29297.185932,2655594013,2655594622,9285,609
29297.197949,2655597898,2655598482,11828,584
29297.209982,2655601748,2655602351,12167,603
29297.221998,2655605612,2655606209,9163,597
29297.234022,2655609509,2655610093,8930,584
29297.246054,2655613351,2655613964,9262,613
29297.258070,2655617281,2655617885,9253,604
29297.270087,2655621143,2655621727,8914,584
29297.282122,2655624971,2655625579,9248,608
29297.294137,2655628890,2655629488,9250,598
29297.306154,2655632767,2655633350,8847,583
29297.318188,2655636650,2655637253,9243,603
29297.330199,2655640641,2655641248,11938,607
29297.342221,2655644653,2655645262,11964,609
29297.354259,2655648524,2655649125,9249,601
29297.366275,2655652411,2655653023,9185,612
29297.378295,2655656305,2655656889,8868,584
29297.400331,2655663748,2655664352,11970,604
29297.414359,2655668309,2655668888,11836,579
29297.426394,2655672312,2655672916,12057,604
29297.438406,2655676169,2655676771,8988,602
29297.450433,2655680060,2655680639,8915,579
29297.462464,2655683929,2655684532,9269,603
29297.474481,2655687822,2655688424,9181,602
29297.486510,2655691682,2655692266,8966,584
29297.498532,2655695585,2655696204,9242,619
29297.510548,2655699511,2655700120,9256,609
29297.522566,2655703390,2655703973,8878,583
29297.534602,2655707218,2655707831,9306,613
29297.546605,2655711282,2655711889,11869,607
29297.558636,2655715338,2655715942,11971,604
29297.570668,2655719251,2655719865,9213,614
29297.582685,2655723162,2655723774,9244,612
29297.594703,2655727102,2655727686,8870,584
29297.606738,2655730999,2655731605,9235,606
29297.618753,2655734884,2655735490,9226,606
29297.647312,2655744109,2655744722,12195,613
29297.659323,2655748096,2655748708,11862,612
29297.671352,2655752101,2655752710,11986,609
29297.681873,2655755549,2655756152,9289,603
29297.693893,2655759454,2655760038,8885,584
29297.705927,2655763302,2655763908,9244,606
29297.717943,2655767161,2655767768,9194,607
29297.729959,2655771081,2655771665,11819,584
29297.741993,2655775000,2655775614,12082,614
29297.754013,2655778918,2655779527,9228,609
29297.766030,2655782812,2655783396,8893,584
29297.778063,2655786700,2655787304,9291,604
29297.790082,2655790633,2655791244,9236,611
29297.802103,2655794549,2655795133,8946,584
29297.814131,2655798520,2655799126,12140,606
29297.826139,2655802543,2655803143,11906,600
29297.838169,2655806411,2655807015,8959,604
29297.850200,2655810357,2655810961,9242,604
29297.862216,2655814247,2655814849,9151,602
29297.874238,2655818126,2655818710,8876,584
29297.886265,2655821984,2655822592,9178,608
29297.898285,2655826026,2655826633,9207,607
29297.910306,2655829924,2655830503,8908,579
29297.922337,2655833798,2655834412,9199,614
29297.934350,2655837728,2655838330,8927,602
29297.946371,2655841809,2655842393,11819,584
29297.958404,2655845864,2655846478,12093,614
29297.970423,2655849737,2655850338,9176,601
29297.986951,2655855160,2655855764,8927,604
29297.998982,2655859086,2655859695,9253,609
29298.010999,2655862993,2655863595,9241,602
29298.023017,2655867077,2655867657,11810,580
29298.033543,2655870652,2655871262,11986,610
29298.044068,2655874212,2655874820,12169,608
29298.065097,2655881061,2655881661,11933,600
29298.075627,2655884666,2655885270,12146,604
29298.086140,2655888091,2655888704,8955,613
29298.098173,2655891988,2655892592,9222,604
29298.110190,2655895917,2655896530,9217,613
29298.122211,2655899832,2655900415,8889,583
29298.134241,2655903714,2655904327,9259,613
29298.146251,2655907787,2655908398,11952,611
29298.158277,2655911851,2655912460,11957,609
29298.170309,2655915745,2655916359,9251,614
29298.182324,2655919713,2655920321,9081,608
29298.194349,2655923627,2655924205,8969,578
29298.206379,2655927485,2655928093,9243,608
29298.218395,2655931400,2655932001,9178,601
29298.230423,2655935426,2655936010,11917,584
29298.242445,2655939470,2655940078,12093,608
29298.254464,2655943362,2655943964,9193,602
29298.266481,2655947222,2655947805,8873,583
29298.278514,2655951122,2655951725,9266,603
29298.290529,2655955011,2655955617,9239,606
29298.302553,2655958911,2655959494,8945,583
29298.314583,2655962786,2655963395,9231,609
29298.326600,2655966709,2655967318,9271,609
29298.338618,2655970637,2655971220,8888,583
29298.350652,2655974510,2655975116,9247,606
29298.362659,2655978567,2655979174,11867,607
29298.374689,2655982592,2655983196,12007,604
29298.386720,2655986522,2655987131,9213,609
29298.398736,2655990443,2655991050,9191,607
29298.410758,2655994329,2655994913,8913,584
29298.422790,2655998221,2655998834,9220,613
29298.434803,2656002111,2656002719,9271,608
29298.446821,2656006195,2656006779,11806,584
29298.458857,2656010255,2656010869,12096,614
29298.470871,2656014134,2656014736,9211,602
29298.482893,2656018029,2656018633,8939,604
29298.494923,2656021943,2656022557,9225,614
29298.506941,2656025831,2656026439,9286,608
29298.518959,2656029778,2656030361,8938,583
29298.530990,2656033659,2656034258,9185,599
29298.543009,2656037561,2656038164,9243,603
29298.555030,2656041514,2656042096,8928,582
29298.565553,2656045077,2656045692,12017,615
29298.577582,2656049036,2656049620,8989,584
29298.591102,2656053584,2656054199,12035,615
29298.603130,2656057719,2656058339,9261,620
29298.615146,2656061710,2656062317,9188,607
29298.627175,2656065621,2656066225,9005,604
29298.639199,2656069800,2656070411,12080,611
29298.651206,2656073787,2656074394,11883,607
29298.663238,2656077844,2656078452,11979,608
29298.675267,2656081896,2656082500,12075,604
29298.687280,2656085787,2656086389,9185,602
29298.699308,2656089777,2656090387,11981,610
29298.711337,2656093825,2656094429,12081,604
29298.723344,2656097792,2656098404,11867,612
29298.733881,2656101261,2656101870,9244,609
29298.745898,2656105198,2656105655,7362,457
29298.757917,2656108980,2656109583,11970,603
29298.769950,2656112847,2656113460,9221,613
29298.781966,2656116792,2656117401,9280,609
29298.793989,2656120714,2656121295,8924,581
29298.806018,2656124602,2656125213,9205,611
29298.818035,2656128541,2656129150,9279,609
29298.830057,2656132497,2656133100,12021,603
29298.842084,2656136461,2656137069,12140,608
29298.854104,2656140393,2656140997,9279,604
29298.866122,2656144257,2656144839,8874,582
29298.878155,2656148122,2656148731,9226,609
29298.890172,2656152056,2656152666,9245,610
29298.902191,2656155931,2656156509,8841,578
29298.914223,2656159791,2656160400,9251,609
29298.926239,2656163725,2656164334,9075,609
29298.938263,2656167633,2656168214,8908,581
29298.950292,2656171505,2656172114,9239,609
29298.962308,2656175434,2656176036,9229,602
29298.974337,2656179483,2656180092,12026,609
29298.986362,2656183417,2656184031,9262,614
29298.998378,2656187320,2656187927,9211,607
29299.010397,2656191390,2656191999,11957,609
29299.022429,2656195304,2656195912,9258,608
29299.034437,2656199331,2656199937,11874,606
29299.046467,2656203368,2656203952,11846,584
29299.058496,2656207403,2656208012,12092,609
29299.070515,2656211280,2656211877,9231,597
29299.082533,2656215183,2656215761,8906,578
29299.094568,2656219051,2656219665,9223,614
29299.106584,2656222953,2656223560,9236,607
29299.118604,2656226850,2656227434,8925,584
29299.130636,2656230714,2656231323,9228,609
29299.142652,2656234603,2656235211,9288,608
29299.154672,2656238504,2656239086,8931,582
29299.166703,2656242365,2656242979,9209,614
29299.178720,2656246450,2656247053,12046,603
29299.190741,2656250468,2656251077,11978,609
29299.202770,2656254384,2656255002,9239,618
29299.234333,2656264499,2656265112,9212,613
29299.246343,2656268564,2656269171,11929,607
29299.258368,2656272563,2656273147,11834,584
29299.270400,2656276437,2656277045,9227,608
29299.282414,2656280326,2656280928,9172,602
29299.294436,2656284197,2656284776,8878,579
29299.306469,2656288062,2656288677,9242,615
29299.318485,2656291988,2656292590,9243,602
29299.330504,2656295926,2656296510,8905,584
29299.342539,2656299822,2656300425,9243,603
29299.354556,2656303727,2656304333,9177,606
29299.366575,2656307635,2656308219,8916,584
29299.378606,2656311652,2656312261,12152,609
29299.390614,2656315716,2656316317,11873,601
29299.402645,2656319586,2656320169,8903,583
29299.414676,2656323494,2656324103,9221,609
29299.426694,2656327422,2656328037,9270,615
29299.438715,2656331334,2656331915,8956,581
29299.450743,2656335224,2656335832,9251,608
29299.462752,2656339246,2656339858,11890,612
29299.474776,2656343299,2656343908,11983,609
29299.486813,2656347199,2656347801,9231,602
29299.498826,2656351077,2656351679,9209,602
29299.510847,2656354935,2656355519,8872,584
29299.522877,2656358857,2656359472,9228,615
29299.534895,2656362744,2656363346,9211,602
29299.546914,2656366601,2656367185,8876,584
29299.558947,2656370515,2656371119,9219,604
29299.570960,2656374392,2656374992,9023,600
29299.582987,2656378304,2656378888,8942,584
29299.595018,2656382357,2656382965,12103,608
29299.607028,2656386384,2656386985,11861,601
29299.619062,2656390361,2656390945,8933,584
29299.682172,2656410352,2656410936,11847,584
29299.694207,2656414243,2656414847,9279,604
29299.706223,2656418128,2656418729,9156,601
29299.718254,2656422005,2656422587,9006,582
29299.730276,2656425905,2656426514,9204,609
29299.742292,2656429809,2656430418,9270,609
29299.754313,2656433716,2656434298,8940,582
29299.766343,2656437578,2656438181,9230,603
29299.778355,2656441610,2656442217,11930,607
29299.790381,2656445653,2656446263,11967,610
29299.802414,2656449560,2656450164,9237,604
29299.814429,2656453435,2656454036,9195,601
29299.826447,2656457371,2656457955,8879,584
29299.838483,2656461206,2656461812,9308,606
29299.850499,2656465078,2656465685,9218,607
29299.862513,2656469111,2656469694,11857,583
29299.874548,2656473117,2656473726,12087,609
29299.886565,2656477035,2656477637,9188,602
29299.898584,2656480903,2656481486,8869,583
29299.910618,2656484782,2656485396,9224,614
29299.922636,2656488743,2656489358,9273,615
29299.934657,2656492669,2656493247,8943,578
29299.946687,2656496529,2656497143,9212,614
29299.958703,2656500456,2656501060,9259,604
29299.970726,2656504315,2656504923,8930,608
29300.018822,2656519422,2656520024,9199,602
29300.030835,2656523308,2656523914,9159,606
29300.042860,2656527217,2656527801,8913,584
29300.054892,2656531120,2656531721,9199,601
29300.066903,2656534998,2656535600,9039,602
29300.078930,2656539044,2656539628,11848,584
29300.090962,2656543057,2656543665,12137,608
29300.102975,2656546928,2656547530,9187,602
29300.115007,2656550800,2656551383,8964,583
29300.127031,2656554848,2656555452,12084,604
29300.139044,2656558749,2656559361,9174,612
29300.151063,2656562899,2656563483,11797,584
29300.163097,2656566916,2656567525,9243,609
29300.175115,2656570883,2656571491,9292,608
29300.187130,2656574998,2656575580,11827,582
29300.199164,2656579100,2656579709,12076,609
29300.211174,2656583097,2656583703,11866,606
29300.223207,2656587149,2656587763,11993,614
29300.235234,2656591265,2656591874,12079,609
29300.247243,2656595324,2656595931,11868,607
29300.259277,2656599345,2656599949,12006,604
29300.271300,2656603396,2656604009,12068,613
29300.283311,2656607393,2656608000,11868,607
29300.295340,2656611400,2656611984,11830,584
29300.305867,2656614812,2656615428,9284,616
29300.317886,2656618726,2656619330,8916,604
29300.329916,2656622599,2656623205,9267,606
29300.341932,2656626541,2656627145,12058,604
29300.353951,2656630413,2656630995,8876,582
29300.365981,2656634285,2656634897,9192,612
29300.377999,2656638236,2656638840,12023,604
29300.390021,2656642152,2656642761,11955,609
29300.402053,2656646041,2656646644,9228,603
29300.414071,2656649926,2656650540,9066,614
29300.426094,2656653833,2656654417,8930,584
29300.438123,2656657699,2656658306,9220,607
29300.450141,2656661630,2656662239,9287,609
29300.462168,2656665538,2656666122,8970,584
29300.474191,2656669531,2656670133,12137,602
29300.486209,2656673447,2656674051,9280,604
29300.498229,2656677355,2656677939,8926,584
29300.510260,2656681229,2656681838,9273,609
29300.522275,2656685121,2656685729,9145,608
29300.534292,2656688999,2656689577,8899,578
29300.546329,2656692854,2656693456,9251,602
29300.558346,2656696772,2656697381,9245,609
29300.570362,2656700675,2656701257,8840,582
29300.582396,2656704541,2656705145,9169,604
29300.594407,2656708584,2656709186,11929,602
29300.606433,2656712602,2656713206,11978,604
29300.618464,2656716512,2656717126,9211,614
29300.630482,2656720404,2656721010,9204,606
29300.642503,2656724322,2656724900,8931,578
29300.654532,2656728207,2656728820,9208,613
29300.666550,2656732150,2656732764,9262,614
29300.678571,2656736058,2656736641,8916,583
29300.690600,2656740058,2656740667,12060,609
29300.702617,2656743960,2656744562,9241,602
29300.714639,2656747863,2656748467,8921,604
29300.726671,2656751747,2656752351,9242,604
29300.738686,2656755618,2656756225,9233,607
29300.750705,2656759487,2656760071,8891,584
29300.762735,2656763355,2656763958,9184,603
29300.774755,2656767286,2656767890,9304,604
29300.786774,2656771154,2656771736,8895,582
29300.798807,2656775056,2656775660,9196,604
29300.810824,2656779123,2656779735,11865,612
29300.822844,2656783186,2656783801,11966,615
29300.834875,2656787134,2656787748,9246,614
29300.846891,2656791027,2656791634,9200,607
29300.858922,2656794945,2656795529,8992,584
29300.870943,2656798990,2656799591,12092,601
29300.914521,2656812589,2656813202,9267,613
29300.926543,2656816490,2656817068,8941,578
29300.938574,2656820355,2656820965,9237,610
29300.950591,2656824440,2656825048,12079,608
29300.962612,2656828350,2656828959,8916,609
29300.974642,2656832253,2656832856,9192,603
29300.986657,2656836160,2656836776,9176,616
29300.998680,2656840057,2656840635,8896,578
29301.010708,2656844070,2656844679,12084,609
29301.022718,2656848113,2656848725,11882,612
29301.034750,2656852012,2656852590,8944,578
29301.046778,2656855925,2656856539,9250,614
29301.058791,2656859828,2656860435,9050,607
29301.070818,2656863737,2656864319,8921,582
29301.082847,2656867632,2656868246,9266,614
29301.094862,2656871546,2656872157,9205,611
29301.106890,2656875604,2656876187,11884,583
29301.118918,2656879655,2656880259,12084,604
29301.130923,2656883703,2656884309,11886,606
29301.142951,2656887593,2656888177,8917,584
29301.154984,2656891494,2656892104,9250,610
29301.166999,2656895433,2656896040,9207,607
29301.179017,2656899300,2656899878,8856,578
29301.191053,2656903240,2656903848,9290,608
29301.203063,2656907290,2656907896,11837,606
29301.215086,2656911480,2656912063,11823,583
29301.227121,2656915586,2656916195,12081,609
29301.237634,2656919071,2656919654,8928,583
29301.254174,2656924650,2656925257,12132,607
29301.266193,2656928601,2656929209,9235,608
29301.278214,2656932497,2656933076,8946,579
29301.290243,2656936357,2656936964,9271,607
29301.302259,2656940260,2656940864,9285,604
29301.314277,2656944195,2656944778,8915,583
29301.326312,2656948071,2656948680,9218,609
29301.338328,2656951961,2656952575,9198,614
29301.350349,2656955871,2656956454,8898,583
29301.362380,2656959748,2656960357,9219,609
29301.378902,2656965044,2656965651,9206,607
29301.390924,2656968936,2656969520,8890,584
29301.402956,2656972988,2656973594,9236,606
29301.414971,2656976891,2656977493,9182,602
29301.426988,2656980969,2656981548,11809,579
29301.439024,2656985024,2656985633,12093,609
29301.451043,2656989164,2656989768,9325,604
29301.463060,2656993364,2656993948,11829,584
29301.475093,2656997521,2656998125,12128,604
29301.487101,2657001649,2657002254,11839,605
29301.499125,2657005759,2657006343,11807,584
29301.511162,2657009710,2657010324,9277,614
29301.523179,2657013758,2657014373,12062,615
29301.535193,2657017814,2657018391,11845,577
29301.547229,2657021839,2657022452,12073,613
29301.559247,2657025889,2657026497,12044,608
29301.571267,2657029898,2657030518,11979,620
29301.583297,2657033974,2657034577,12085,603
29301.595315,2657037849,2657038461,9228,612
29301.607336,2657041713,2657042322,8962,609
29301.617862,2657045164,2657045768,9283,604
29301.629877,2657049050,2657049629,8957,579
29301.641913,2657052927,2657053530,9216,603
29301.653925,2657056841,2657057450,9042,609
29301.831265,2657106415,2657107023,9136,608
29301.843277,2657109823,2657110432,9089,609
29301.855307,2657113888,2657114497,12004,609
29301.867339,2657117945,2657118554,12087,609
29301.877850,2657121351,2657121935,8894,584
29301.889884,2657125210,2657125817,9292,607
29301.901901,2657129116,2657129731,9096,615
29301.913923,2657133017,2657133601,8929,584
29301.925950,2657136883,2657137491,12140,608
29301.937969,2657140768,2657141372,9202,604
29301.949999,2657144642,2657145226,8960,584
29301.962020,2657148499,2657149112,9228,613
29301.974037,2657152437,2657153041,9253,604
29301.986053,2657156445,2657157026,11831,581
29301.998090,2657160282,2657160895,9278,613
29302.010104,2657164306,2657164910,12023,604
29302.022125,2657168287,2657168891,11983,604
29302.034159,2657172162,2657172770,9267,608
29302.046174,2657176061,2657176665,9257,604
29302.058192,2657179939,2657180523,8880,584
29302.070225,2657183845,2657184447,9231,602
29302.191956,2657216977,2657217595,7596,618
29302.202476,2657219992,2657220599,9035,607
29302.214494,2657223821,2657224427,9223,606
29302.226507,2657227892,2657228476,11804,584
29302.238545,2657231909,2657232513,12063,604
29302.250562,2657235775,2657236377,9219,602
29302.262581,2657239632,2657240216,8908,584
29302.274614,2657243556,2657244165,9244,609
29302.286630,2657247466,2657248066,9221,600
29302.298652,2657251355,2657251939,8945,584
29302.310682,2657255216,2657255830,9242,614
29302.322700,2657259166,2657259776,9301,610
29302.334717,2657263047,2657263626,8932,579
29302.346751,2657266909,2657267517,9212,608
29302.358767,2657270806,2657271408,9186,602
29302.370786,2657274666,2657275246,8902,580
29302.382819,2657278540,2657279148,9203,608
29302.466967,2657304866,2657305468,11878,602
29302.478995,2657308763,2657309346,8927,583
29302.491025,2657312804,2657313413,12085,609
29302.503035,2657316876,2657317482,11873,606
29302.515059,2657321008,2657321592,11825,584
29302.527092,2657324977,2657325579,9274,602
29302.539112,2657328919,2657329528,9293,609
29302.551126,2657333015,2657333595,11808,580
29302.563161,2657337097,2657337705,12071,608
29302.575173,2657341113,2657341714,11855,601
29302.587194,2657345142,2657345726,11814,584
29302.599230,2657349161,2657349763,12135,602
29302.611245,2657353055,2657353667,9195,612
29302.623264,2657356916,2657357500,8837,584
29302.656334,2657367502,2657368106,12027,604
29302.669851,2657371886,2657372487,11945,601
29302.681883,2657375779,2657376363,8921,584
29302.693912,2657379623,2657380231,9222,608
29302.705930,2657383519,2657384128,9235,609
29302.717946,2657387400,2657387983,8863,583
29302.729981,2657391248,2657391856,9229,608
29302.741996,2657395195,2657395803,12022,608
29302.754018,2657399107,2657399712,11970,605
29302.766051,2657402996,2657403604,9276,608
29302.778067,2657406925,2657407529,9248,604
29302.790084,2657410781,2657411364,8915,583
29302.802119,2657414597,2657415202,9261,605
29302.814135,2657418520,2657419129,9251,609
29302.826151,2657422539,2657423123,11819,584
29302.838186,2657426512,2657427120,12174,608
29302.850204,2657430444,2657431042,9237,598
29302.862221,2657434302,2657434885,8880,583
29302.874256,2657438197,2657438801,9257,604
29302.886272,2657442133,2657442736,9270,603
29302.982463,2657472117,2657472720,9216,603
29303.047076,2657487265,2657487849,8989,584
29303.059105,2657490671,2657491282,9320,611
29303.071113,2657494798,2657495400,11865,602
29303.083138,2657498890,2657499468,8901,578
29303.095174,2657502960,2657503564,12087,604
29303.107179,2657506963,2657507575,11862,612
29303.119209,2657510991,2657511573,11815,582
29303.131242,2657515005,2657515613,12098,608
29303.143257,2657518919,2657519526,9224,607
29303.155276,2657522786,2657523369,8864,583
29303.167311,2657526802,2657527400,12091,598
29303.179320,2657530780,2657531387,11863,607
29303.191350,2657534815,2657535425,11984,610
29303.201872,2657538269,2657538870,9280,601
29303.213893,2657542182,2657542766,8888,584
29303.225928,2657546053,2657546516,7491,463
29303.237940,2657549847,2657550451,12057,604
29303.249959,2657553716,2657554300,8891,584
29303.261992,2657557594,2657558195,9190,601
29303.274011,2657561465,2657562069,9229,604
29303.286031,2657565471,2657566054,8951,583
29303.302571,2657570738,2657571340,9252,602
29303.314586,2657574636,2657575238,9229,602
29303.326606,2657578534,2657579111,8911,577
29303.338637,2657582411,2657583025,9229,614
29303.350653,2657586328,2657586940,9207,612
29303.362675,2657590245,2657590828,8909,583
29303.374703,2657594255,2657594864,12045,609
29303.386722,2657598118,2657598725,9159,607
29303.398740,2657601986,2657602565,8902,579
29303.410774,2657605847,2657606461,9188,614
29303.485907,2657629324,2657629925,11935,601
29303.497933,2657633240,2657633824,8869,584
29303.509962,2657637094,2657637706,9259,612
29303.521980,2657641019,2657641622,9263,603
29303.534001,2657644900,2657645483,8937,583
29303.546031,2657648738,2657649351,9212,613
29303.558048,2657652685,2657653294,12018,609
29303.570079,2657656729,2657657336,12053,607
29303.582101,2657660814,2657661428,12108,614
29303.594120,2657664798,2657665407,8952,609
29303.606146,2657668765,2657669380,8949,615
29303.618171,2657672733,2657673348,9258,615
29303.690306,2657695360,2657695973,9247,613
29303.702323,2657699275,2657699884,9255,609
29303.846587,2657727506,2657728113,9209,607
29303.858621,2657730680,2657731284,8950,604
29303.870651,2657734427,2657735035,12089,608
29303.894684,2657740024,2657740608,8974,584
29303.906717,2657743932,2657744546,9232,614
29303.918734,2657747839,2657748450,9253,611
29303.930755,2657751745,2657752329,8874,584
29303.942785,2657755595,2657756199,9220,604
29303.954805,2657759509,2657760119,9271,610
29303.966825,2657763394,2657763977,8920,583
29303.978854,2657767315,2657767924,9258,609
29304.005912,2657775924,2657776383,7448,459
29304.017924,2657779688,2657780293,9268,605
29304.029946,2657783596,2657784179,8925,583
29304.041973,2657787444,2657788052,12143,608
29304.053992,2657791390,2657792000,12054,610
29304.066011,2657795273,2657795851,8886,578
29304.078045,2657799142,2657799749,9225,607
29304.090062,2657803047,2657803649,9165,602
29304.102077,2657807010,2657807588,8849,578
29304.192249,2657835895,2657836479,11849,584
29304.231334,2657845967,2657846568,9192,601
29304.241845,2657849473,2657850057,8878,584
29304.253885,2657853322,2657853785,7548,463
29304.265898,2657857099,2657857703,9272,604
29304.277913,2657860964,2657861548,8910,584
29304.289948,2657864851,2657865460,9217,609
29304.301966,2657868784,2657869388,9286,604
29304.313985,2657872708,2657873291,8912,583
29304.326014,2657876556,2657877159,9206,603
29304.338032,2657880469,2657881074,9208,605
29304.350051,2657884345,2657884927,8901,582
29304.362084,2657888211,2657888813,9188,602
29304.374100,2657892197,2657892796,12028,599
29304.386121,2657896190,2657896798,12026,608
29304.398154,2657900063,2657900671,9254,608
29304.410170,2657903954,2657904558,9238,604
29304.422190,2657907845,2657908429,8888,584
29304.434220,2657911664,2657912274,9225,610
29304.498835,2657932003,2657932587,11872,584
29304.510867,2657935943,2657936545,9284,602
29304.522882,2657939835,2657940437,9202,602
29304.534903,2657943699,2657944282,8904,583
29304.546935,2657947591,2657948200,9229,609
29304.558952,2657951468,2657952075,9220,607
29304.570968,2657955336,2657955914,8881,578
29304.583001,2657959239,2657959853,9236,614
29304.595015,2657963255,2657963861,11861,606
29304.607038,2657967395,2657967973,11816,578
29304.619070,2657971504,2657972113,12080,609
29304.679173,2657990552,2657991131,11827,579
29304.691210,2657994592,2657995195,12092,603
29304.703218,2657998605,2657999205,11837,600
29304.715244,2658002738,2658003322,11850,584
29304.727279,2658006763,2658007367,12084,604
29304.739285,2658010752,2658011370,11854,618
29304.751311,2658014751,2658015334,11818,583
29304.763344,2658018793,2658019402,12078,609
29304.773860,2658022225,2658022664,7544,439
29304.785896,2658025939,2658026397,7486,458
29304.797908,2658029700,2658030314,9220,614
29304.809924,2658033585,2658034163,8895,578
29304.821958,2658037482,2658038091,9232,609
29304.833976,2658041411,2658042012,9240,601
29304.845994,2658045275,2658045858,8890,583
29304.858027,2658049138,2658049746,12175,608
29304.870046,2658053097,2658053711,12063,614
29304.882066,2658056999,2658057583,8920,584
29304.894096,2658060879,2658061487,9219,608
29304.906115,2658064798,2658065407,9254,609
29304.918129,2658068810,2658069388,8915,578
29304.978241,2658087736,2658088348,11874,612
29305.030850,2658104245,2658104829,8953,584
29305.042876,2658108135,2658108744,9258,609
29305.054895,2658112032,2658112635,9285,603
29305.066912,2658115888,2658116469,8918,581
29305.078946,2658119805,2658120414,9195,609
29305.090954,2658123790,2658124397,11868,607
29305.102984,2658127806,2658128410,11964,604
29305.115014,2658131883,2658132482,12130,599
29305.127030,2658135859,2658136466,9171,607
29305.139050,2658139980,2658140563,11810,583
29305.151082,2658144100,2658144703,12082,603
29305.163094,2658148187,2658148788,11879,601
29305.175116,2658152143,2658152727,8895,584
29305.187153,2658156129,2658156744,9208,615
29305.199160,2658160158,2658160770,11843,612
29305.211184,2658164215,2658164798,11808,583
29305.223219,2658168287,2658168896,12067,609
29305.235226,2658172261,2658172867,11863,606
29305.247254,2658176307,2658176891,11818,584
29305.259287,2658180215,2658180824,9269,609
29305.271309,2658184105,2658184718,9334,613
29305.283325,2658188104,2658188685,11827,581
29305.295358,2658192094,2658192695,12079,601
29305.305869,2658195470,2658196046,8882,576
29305.317903,2658199351,2658199958,9181,607
29305.329922,2658203430,2658203894,7389,464
29305.341937,2658207181,2658207765,8880,584
29305.353971,2658211046,2658211654,9243,608
29305.365988,2658214969,2658215583,9291,614
29305.378006,2658218837,2658219420,8853,583
29305.390039,2658222742,2658223350,12178,608
29305.402057,2658226755,2658227358,12052,603
29305.414074,2658230642,2658231226,8885,584
29305.426107,2658234517,2658235125,9195,608
29305.438123,2658238424,2658239028,9254,604
29305.459157,2658245076,2658245657,8922,581
29305.526789,2658266217,2658266800,8869,583
29305.538823,2658270114,2658270723,9230,609
29305.550837,2658274035,2658274635,9211,600
29305.562855,2658277902,2658278486,8912,584
29305.574888,2658281794,2658282397,9287,603
29305.586907,2658285687,2658286297,9263,610
29305.598924,2658289573,2658290156,8915,583
29305.610958,2658293480,2658294089,9282,609
29305.622973,2658297367,2658297976,9280,609
29305.731178,2658330986,2658331587,9208,601
29305.743197,2658335001,2658335584,8877,583
29305.755232,2658339043,2658339652,12072,609
29305.767245,2658343037,2658343654,11868,617
29305.779268,2658347049,2658347633,11831,584
29305.791301,2658350946,2658351550,9220,604
29305.803317,2658354834,2658355438,9265,604
29305.815334,2658358817,2658359400,11816,583
29305.825863,2658362240,2658362850,9268,610
29305.837880,2658366124,2658366708,8807,584
29305.849915,2658369970,2658370581,9206,611
29305.861933,2658373901,2658374510,9246,609
29305.873948,2658377803,2658378382,11826,579
29305.885981,2658381665,2658382266,12167,601
29305.898000,2658385545,2658386149,9282,604
29305.910016,2658389417,2658390000,8898,583
29305.922051,2658393320,2658393924,9229,604
29305.934068,2658397217,2658397827,9269,610
29305.946091,2658401099,2658401683,8973,584
29305.958120,2658404957,2658405564,9247,607
29305.970136,2658408881,2658409491,9267,610
29305.982156,2658412906,2658413513,11981,607
29306.054295,2658435482,2658436066,8838,584
29306.066326,2658439358,2658439963,9231,605
29306.078342,2658443262,2658443871,9288,609
29306.090357,2658447314,2658447897,11813,583
29306.102392,2658451350,2658451959,12095,609
29306.114410,2658455273,2658455874,9200,601
29306.126428,2658459137,2658459721,8870,584
29306.138462,2658463001,2658463615,9242,614
29306.150477,2658466896,2658467508,9208,612
29306.246662,2658496093,2658496696,9338,603
29306.258685,2658499996,2658500603,9257,607
29306.270703,2658503884,2658504468,8893,584
29306.282736,2658507776,2658508389,9259,613
29306.294754,2658511658,2658512260,9204,602
29306.306766,2658515701,2658516280,11790,579
29306.318803,2658519708,2658520322,12096,614
29306.330819,2658523626,2658524223,9227,597
29306.342840,2658527477,2658528055,8848,578
29306.354872,2658531381,2658531985,9221,604
29306.366888,2658535282,2658535883,9162,601
29306.378907,2658539155,2658539739,8899,584
29306.390940,2658543053,2658543668,9239,615
29306.416331,2658551410,2658552018,11953,608
29306.482615,2658572625,2658573238,12033,613
29306.494641,2658576553,2658577167,9235,614
29306.506658,2658580642,2658581246,12017,604
29306.518685,2658584711,2658585315,12034,604
29306.530708,2658588620,2658589230,9265,610
29306.542727,2658592541,2658593156,8980,615
29306.554752,2658596492,2658597101,8945,609
29306.566776,2658600416,2658601031,9246,615
29306.578792,2658604366,2658604975,8982,609
29306.590820,2658608288,2658608903,8958,615
29306.602843,2658612232,2658612847,9240,615
29306.614861,2658616188,2658616797,8974,609
29306.626888,2658620145,2658620754,8919,609
29306.638912,2658624233,2658624843,12098,610
29306.650927,2658628300,2658628909,11976,609
29306.662956,2658632241,2658632851,8965,610
29306.674980,2658636184,2658636799,9218,615
29306.686998,2658640259,2658640868,12014,609
29306.699028,2658644354,2658644956,12042,602
29306.711048,2658648520,2658649134,12062,614
29306.723067,2658652704,2658653313,12005,609
29306.735095,2658656895,2658657503,12039,608
29306.747118,2658661051,2658661655,12067,604
29306.759135,2658665120,2658665729,8980,609
29306.771163,2658669282,2658669891,12038,609
29306.783185,2658673381,2658673990,12071,609
29306.795206,2658677475,2658678090,12017,615
29306.807230,2658681424,2658682039,8906,615
29306.819255,2658685360,2658685980,9252,620
29306.831272,2658689455,2658690064,12014,609
29306.843300,2658693517,2658694120,12040,603
29306.855322,2658697578,2658698192,12076,614
29306.867343,2658701657,2658702272,12014,615
29306.877869,2658705149,2658705758,9247,609
29306.889886,2658709109,2658709712,8981,603
29306.901913,2658713030,2658713645,8946,615
29306.913938,2658717081,2658717679,9234,598
29306.925954,2658721005,2658721609,8981,604
29306.937981,2658724951,2658725559,8929,608
29306.950005,2658728901,2658729516,12085,615
29306.962019,2658733136,2658733744,11978,608
29306.974049,2658737069,2658737672,8942,603
29306.986074,2658741011,2658741615,9214,604
29306.998092,2658744943,2658745556,8952,613
29307.010117,2658748895,2658749515,8956,620
29307.034160,2658756761,2658757364,12015,603
29307.046187,2658760690,2658761305,8945,615
29307.058212,2658764631,2658765239,9213,608
29307.070229,2658768574,2658769177,8942,603
29307.080751,2658772121,2658772736,12065,615
29307.098787,2658778117,2658778725,12079,608
29307.110804,2658782036,2658782639,8977,603
29307.122832,2658786099,2658786702,12040,603
29307.134856,2658790172,2658790787,12102,615
29307.145374,2658793668,2658794282,8884,614
29307.158899,2658798104,2658798718,8955,614
29307.170923,2658802063,2658802672,9237,609
29307.182941,2658806006,2658806611,8984,605
29307.194967,2658809952,2658810566,8936,614
29307.206992,2658813878,2658814486,9244,608
29307.219009,2658817824,2658818434,8968,610
29307.231038,2658821963,2658822571,12042,608
29307.243061,2658826145,2658826748,12090,603
29307.255079,2658830322,2658830925,12017,603
29307.267106,2658834517,2658835121,12038,604
29307.279129,2658838722,2658839324,12068,602
29307.291147,2658842864,2658843474,12011,610
29307.303175,2658846986,2658847590,12062,604
29307.315198,2658851104,2658851716,12075,612
29307.327217,2658855189,2658855792,12017,603
29307.339244,2658859262,2658859882,12042,620
29307.351265,2658863325,2658863934,12059,609
29307.363285,2658867473,2658868077,12018,604
29307.375311,2658871562,2658872171,8944,609
29307.387338,2658875641,2658876245,12089,604
29307.397857,2658879102,2658879720,8945,618
29307.409880,2658883037,2658883640,9186,603
29307.430915,2658889945,2658890564,12010,619
29307.442941,2658893893,2658894507,8947,614
29307.454965,2658897990,2658898594,12087,604
29307.466980,2658902070,2658902673,11975,603
29307.479009,2658906058,2658906661,8957,603
29307.491034,2658909986,2658910600,9263,614
29307.503052,2658914140,2658914750,12016,610
29307.515078,2658918262,2658918875,8897,613
29307.527103,2658922476,2658923091,12090,615
29307.539122,2658926632,2658927242,12019,610
29307.551148,2658930739,2658931341,12036,602
29307.563171,2658934859,2658935458,12075,599
29307.575189,2658938943,2658939547,8977,604
29307.587217,2658943100,2658943709,12042,609
29307.599240,2658947182,2658947797,12075,615
29307.609758,2658950669,2658951284,8924,615
29307.623283,2658955085,2658955694,8959,609
29307.654846,2658965342,2658965946,12045,604
29307.666866,2658969429,2658970032,12087,603
29307.678886,2658973365,2658973974,9004,609
29307.690912,2658977304,2658977919,8914,615
29307.702937,2658981398,2658982006,12086,608
29307.714954,2658985340,2658985953,9013,613
29307.726981,2658989304,2658989909,8929,605
29307.739006,2658993228,2658993837,9232,609
29307.751023,2658997321,2658997929,12006,608
29307.763051,2659001492,2659002100,12040,608
29307.775075,2659005707,2659006322,9209,615
29307.787092,2659009904,2659010512,12016,608
29307.799119,2659014075,2659014690,12046,615
29307.811142,2659018221,2659018829,12075,608
29307.823160,2659022199,2659022807,8979,608
29307.835186,2659026163,2659026781,8916,618
29307.847211,2659030263,2659030865,12086,602
29307.859229,2659034335,2659034944,12014,609
29307.871257,2659038420,2659039029,12038,609
29307.899804,2659047718,2659048327,11979,609
29307.910331,2659051330,2659051933,12092,603
29307.922351,2659055277,2659055891,8961,614
29307.934377,2659059232,2659059846,8878,614
29307.946402,2659063168,2659063772,9239,604
29307.958420,2659067108,2659067727,8950,619
29307.970445,2659071048,2659071657,8932,609
29307.982467,2659074981,2659075596,9248,615
29308.011021,2659084301,2659084916,12043,615
29308.023042,2659088293,2659088907,9246,614
29308.035062,2659092345,2659092954,8964,609
29308.047088,2659096521,2659097139,12036,618
29308.059115,2659100732,2659101336,12091,604
29308.071131,2659104883,2659105486,12018,603
29308.083159,2659109024,2659109632,12043,608
29308.095180,2659113127,2659113731,12077,604
29308.107200,2659117195,2659117798,12016,603
29308.119227,2659121270,2659121883,12044,613
29308.131248,2659125357,2659125970,12117,613
29308.143269,2659129425,2659130029,12015,604
29308.155294,2659133390,2659134004,8947,614
29308.167320,2659137468,2659138073,12090,605
29308.179337,2659141535,2659142139,12019,604
29308.189870,2659145153,2659145623,7502,470
29308.201881,2659148961,2659149571,9014,610
29308.212407,2659152567,2659153171,12082,604
29308.222925,2659156082,2659156696,8935,614
29308.234948,2659160022,2659160625,9222,603
29308.246966,2659163954,2659164572,8970,618
29308.258993,2659167918,2659168522,8940,604
29308.271020,2659171989,2659172598,12089,609
29308.283035,2659176130,2659176734,12016,604
29308.295061,2659180142,2659180745,8925,603
29308.307088,2659184307,2659184916,12091,609
29308.319104,2659188469,2659189077,12014,608
29308.331132,2659192624,2659193232,12042,608
29308.343153,2659196785,2659197394,12071,609
29308.355172,2659200924,2659201533,12021,609
29308.367200,2659205074,2659205683,12052,609
29308.379223,2659209146,2659209750,12068,604
29308.391240,2659213235,2659213850,8987,615
29308.403270,2659217306,2659217915,12036,609
29308.415291,2659221371,2659221981,12072,610
29308.427310,2659225436,2659226039,12018,603
29308.439335,2659229377,2659229992,8927,615
29308.449855,2659232859,2659233317,7630,458
29308.461880,2659236638,2659237242,8943,604
29308.473905,2659240589,2659241192,9207,603
29308.485923,2659244508,2659245117,8984,609
29308.497950,2659248417,2659249031,8928,614
29308.509974,2659252368,2659252987,9259,619
29308.521991,2659256307,2659256916,8994,609
29308.534018,2659260262,2659260877,8932,615
29308.546042,2659264208,2659264828,9257,620
29308.558061,2659268150,2659268758,8978,608
29308.570086,2659272195,2659272805,12045,610
29308.582111,2659276126,2659276741,9204,615
29308.594125,2659280333,2659280937,11983,604
29308.606155,2659284304,2659284912,8905,608
29308.618179,2659288432,2659289047,12108,615
29308.630197,2659292410,2659293028,9001,618
29308.642223,2659296415,2659297030,8942,615
29308.654247,2659300539,2659301153,12083,614
29308.666262,2659304674,2659305282,11983,608
29308.678292,2659308626,2659309230,8935,604
29308.690317,2659312548,2659313156,9227,608
29308.702335,2659316500,2659317104,8974,604
29308.714360,2659320448,2659321061,8940,613
29308.726385,2659324405,2659325008,9277,603
29308.738403,2659328335,2659328950,9002,615
29308.750429,2659332289,2659332892,8923,603
29308.762454,2659336219,2659336839,9226,620
29308.774471,2659340181,2659340789,8987,608
29308.786497,2659344105,2659344719,8961,614
29308.798519,2659348046,2659348656,9248,610
29308.870657,2659371140,2659371755,12081,615
29308.902216,2659381401,2659382016,12073,615
29308.914236,2659385345,2659385953,8942,608
29308.926262,2659389288,2659389896,8834,608
29308.938287,2659393231,2659393851,9231,620
29308.950304,2659397179,2659397794,8999,615
29308.962330,2659401138,2659401746,8936,608
29308.974355,2659405072,2659405687,9241,615
29308.986369,2659409142,2659409751,11978,609
29308.998398,2659413088,2659413704,8917,616
29309.029961,2659423224,2659423839,12040,615
29309.041985,2659427164,2659427784,9199,620
29309.053999,2659431123,2659431732,12003,609
29309.066030,2659435111,2659435714,12035,603
29309.078053,2659439044,2659439648,9181,604
29309.090071,2659442980,2659443583,8956,603
29309.102098,2659446925,2659447529,8931,604
29309.114123,2659450853,2659451456,9218,603
29309.126141,2659454796,2659455399,8977,603
29309.138167,2659458744,2659459359,8936,615
29309.150192,2659462711,2659463330,9258,619
29309.162209,2659466674,2659467289,8964,615
29309.174235,2659470625,2659471245,8941,620
29309.186259,2659474753,2659475373,12084,620
29309.198277,2659478700,2659479305,8980,605
29309.210302,2659482655,2659483275,8955,620
29309.222327,2659486608,2659487211,9259,603
29309.234344,2659490530,2659491134,8961,604
29309.246371,2659494454,2659495069,8902,615
29309.258395,2659498406,2659499016,9246,610
29309.270409,2659502490,2659503093,11978,603
29309.282439,2659506555,2659507164,12036,609
29309.294462,2659510493,2659511096,9210,603
29309.306481,2659514441,2659515045,8948,604
29309.318508,2659518374,2659518982,8947,608
29309.330532,2659522296,2659522916,9257,620
29309.342550,2659526272,2659526887,9005,615
29309.354576,2659530233,2659530853,8933,620
29309.366601,2659534186,2659534800,9218,614
29309.378618,2659538144,2659538762,8919,618
29309.390645,2659542105,2659542725,8950,620
29309.402668,2659546189,2659546798,12089,609
29309.414686,2659550135,2659550744,8986,609
29309.479313,2659570839,2659571443,12067,604
29309.491333,2659574909,2659575529,12010,620
29309.503362,2659578993,2659579602,12041,609
29309.513878,2659582452,2659583061,8917,609
29309.525902,2659586377,2659586981,8949,604
29309.537929,2659590302,2659590922,9224,620
29309.549946,2659594261,2659594871,8942,610
29309.561973,2659598196,2659598803,8949,607
29309.573998,2659602121,2659602725,9220,604
29309.586011,2659606094,2659606698,11979,604
29309.598042,2659610096,2659610711,12039,615
29309.610062,2659614057,2659614662,9220,605
29309.622082,2659617992,2659618600,8989,608
29309.634108,2659621915,2659622524,8924,609
29309.646133,2659625862,2659626472,9219,610
29309.658151,2659629809,2659630418,8958,609
29309.670175,2659633895,2659634509,12039,614
29309.682200,2659637995,2659638599,12102,604
29309.694219,2659641938,2659642541,8977,603
29309.706245,2659645867,2659646477,8900,610
29309.718270,2659649825,2659650439,9170,614
29309.730287,2659653782,2659654386,8952,604
29309.742314,2659657718,2659658331,8933,613
29309.754338,2659661674,2659662288,9194,614
29309.766356,2659665609,2659666213,8957,604
29309.778383,2659669564,2659670182,8908,618
29309.790407,2659673495,2659674110,9262,615
29309.802421,2659677613,2659678216,11981,603
29309.812957,2659681078,2659681539,7503,461
29309.870051,2659699210,2659699814,11972,604
29309.927164,2659717410,2659718019,8883,609
29309.939190,2659721576,2659722191,12086,615
29309.951207,2659725670,2659726284,12007,614
29309.963235,2659729757,2659730377,12035,620
29309.975256,2659733856,2659734465,12069,609
29309.987275,2659737797,2659738401,8967,604
29309.999302,2659741775,2659742385,8878,610
29310.011327,2659745843,2659746449,12085,606
29310.021854,2659749476,2659749946,7693,470
29310.033871,2659753254,2659753863,9225,609
29310.045890,2659757193,2659757803,8970,610
29310.057915,2659761148,2659761768,8941,620
29310.069940,2659765117,2659765731,12084,614
29310.081954,2659769069,2659769673,11980,604
29310.093985,2659773032,2659773640,8922,608
29310.106009,2659776984,2659777593,9249,609
29310.118026,2659780901,2659781505,8985,604
29310.130053,2659784847,2659785462,8939,615
29310.142076,2659788880,2659789483,12081,603
29310.154095,2659792803,2659793406,8941,603
29310.166121,2659796730,2659797343,8924,613
29310.178146,2659800677,2659801290,9265,613
29310.190164,2659804617,2659805221,8988,604
29310.202189,2659808681,2659809285,12042,604
29310.214213,2659812747,2659813357,12139,610
29310.226232,2659816828,2659817432,8938,604
29310.238258,2659820753,2659821358,8947,605
29310.250283,2659824686,2659825301,9223,615
29310.262301,2659828622,2659829237,8968,615
29310.274328,2659832564,2659833179,8946,615
29310.286350,2659836670,2659837279,12076,609
29310.298365,2659840767,2659841376,11978,609
29310.310396,2659844715,2659845323,8939,608
29310.322420,2659848661,2659849270,9248,609
29310.334438,2659852599,2659853208,8952,609
29310.346464,2659856560,2659857180,8938,620
29310.358489,2659860510,2659861120,9264,610
29310.370506,2659864448,2659865057,8976,609
29310.382533,2659868379,2659868997,8938,618
29310.394557,2659872319,2659872937,9282,618
29310.406573,2659876431,2659877035,9202,604
29310.423103,2659881864,2659882470,11856,606
29310.435133,2659886063,2659886667,12086,604
29310.447148,2659890131,2659890734,12079,603
29310.459170,2659894231,2659894838,11820,607
29310.471199,2659898175,2659898778,9197,603
29310.483217,2659902062,2659902676,9264,614
29310.495241,2659906066,2659906674,11839,608
29310.507268,2659910127,2659910730,12072,603
29310.519286,2659914125,2659914738,12087,613
29310.531307,2659918137,2659918745,11987,608
29310.543338,2659922204,2659922786,11972,582
29310.553849,2659925586,2659926193,8863,607
29310.565887,2659929465,2659930049,9203,584
29310.577899,2659933329,2659933944,9203,615
29310.589914,2659937213,2659937814,8871,601
29310.601952,2659941089,2659941672,12009,583
29310.613971,2659945019,2659945634,12079,615
29310.625983,2659948922,2659949528,8855,606
29310.726680,2659980321,2659980922,9227,601
29310.738698,2659984150,2659984762,8841,612
29310.750737,2659988070,2659988653,9254,583
29310.762747,2659991950,2659992568,9278,618
29310.774768,2659995812,2659996419,8878,607
29310.786803,2659999741,2660000350,9251,609
29310.798818,2660003689,2660004297,9290,608
29310.810835,2660007528,2660008137,8850,609
29310.822874,2660011460,2660012043,9265,583
29310.834885,2660015518,2660016121,9235,603
29310.845415,2660018927,2660019512,11999,585
29310.861935,2660024163,2660024766,9228,603
29310.873957,2660028044,2660028646,8865,602
29310.885987,2660031950,2660032559,12070,609
29310.898007,2660035921,2660036524,12057,603
29310.910026,2660039766,2660040366,8864,600
29310.922058,2660043649,2660044252,9235,603
29310.934077,2660047565,2660048180,9285,615
29310.946093,2660051418,2660052020,8838,602
29310.958126,2660055284,2660055894,9203,610
29310.970142,2660059177,2660059778,9197,601
29310.982166,2660063193,2660063797,11973,604
29311.034770,2660079852,2660080467,12105,615
29311.045282,2660083309,2660083909,11842,600
29311.174536,2660113246,2660113846,9214,600
29311.186553,2660116440,2660117044,9256,604
29311.198584,2660119823,2660120442,9333,619
29311.210600,2660123736,2660124336,9255,600
29311.222618,2660127559,2660128161,8861,602
29311.234653,2660131622,2660132206,11971,584
29311.245162,2660135108,2660135710,11827,602
29311.335332,2660159201,2660159805,9267,604
29311.347359,2660163301,2660163910,11999,609
29311.357885,2660166746,2660167355,9261,609
29311.369898,2660170617,2660171229,8886,612
29311.381936,2660174486,2660175070,9212,584
29311.393949,2660178349,2660178961,9195,612
29311.405968,2660182239,2660182840,8875,601
29311.417999,2660186138,2660186722,11953,584
29311.430020,2660190075,2660190684,12071,609
29311.442038,2660193924,2660194526,8883,602
29311.454070,2660197884,2660198493,9187,609
29311.466090,2660201848,2660202457,9203,609
29311.478104,2660205684,2660206297,8876,613
29311.490140,2660209609,2660210193,9192,584
29311.502153,2660213633,2660214247,12018,614
29311.514178,2660217645,2660218254,11988,609
29311.526205,2660221553,2660222154,9235,601
29311.538226,2660225467,2660226070,9226,603
29311.550241,2660229305,2660229912,8874,607
29311.562273,2660233201,2660233810,9141,609
29311.574292,2660237134,2660237743,9232,609
29311.586312,2660240979,2660241581,8846,602
29311.598349,2660244845,2660245429,9234,584
29311.610361,2660248727,2660249327,9228,600
29311.622379,2660252576,2660253177,8890,601
29311.646429,2660260317,2660260920,12051,603
29311.658447,2660264208,2660264820,8861,612
29311.670479,2660268189,2660268798,9231,609
29311.682499,2660272105,2660272713,9232,608
29311.694517,2660275953,2660276566,8897,613
29311.706552,2660279886,2660280495,9241,609
29311.718565,2660283926,2660284529,12092,603
29311.730588,2660287943,2660288553,11983,610
29311.742622,2660291843,2660292446,9217,603
29311.754635,2660295739,2660296340,9225,601
29311.766653,2660299581,2660300188,8885,607
29311.778689,2660303482,2660304085,9215,603
29311.790702,2660307372,2660307974,9265,602
29311.802723,2660311212,2660311814,8849,602
29311.814760,2660315112,2660315696,9178,584
29311.826772,2660318981,2660319592,9229,611
29311.838790,2660322840,2660323447,8896,607
29311.850824,2660326934,2660327537,12083,603
29311.861334,2660330457,2660331064,11836,607
29311.874863,2660334923,2660335530,11856,607
29311.886892,2660338855,2660339469,9248,614
29311.898909,2660342791,2660343394,9230,603
29311.910927,2660346627,2660347234,8890,607
29311.922965,2660350555,2660351138,9273,583
29311.934978,2660354576,2660355184,12090,608
29311.947000,2660358578,2660359182,11994,604
29311.959029,2660362659,2660363262,12094,603
29311.971045,2660366781,2660367389,12070,608
29311.983064,2660370706,2660371312,8873,606
29312.038674,2660388383,2660388985,12057,602
29312.050697,2660392402,2660393004,11841,602
29312.061215,2660395961,2660396569,12017,608
29312.091268,2660405429,2660406041,8832,612
29312.103303,2660409371,2660409980,9255,609
29312.115321,2660413256,2660413860,9238,604
29312.127344,2660417217,2660417830,11845,613
29312.137868,2660420669,2660421273,9276,604
29312.149883,2660424534,2660425141,8872,607
29312.161915,2660428423,2660429043,9224,620
29312.173935,2660432381,2660432996,9204,615
29312.185951,2660436257,2660436859,8853,602
29312.197990,2660440116,2660440699,9183,583
29312.210005,2660444014,2660444621,9264,607
29312.222019,2660447875,2660448477,8827,602
29312.234055,2660451829,2660452412,12031,583
29312.246074,2660455828,2660456442,12068,614
29312.258087,2660459701,2660460302,8846,601
29312.270120,2660463604,2660464213,9247,609
29312.282140,2660467554,2660468158,9264,604
29312.294158,2660471394,2660472002,8868,608
29312.306193,2660475300,2660475883,9214,583
29312.318206,2660479344,2660479948,12022,604
29312.330228,2660483387,2660483991,11976,604
29312.342256,2660487278,2660487875,9258,597
29312.354274,2660491244,2660491852,9214,608
29312.366296,2660495095,2660495707,8856,612
29312.378328,2660498972,2660499586,9215,614
29312.390348,2660502897,2660503501,9267,604
29312.402361,2660506779,2660507386,8869,607
29312.414398,2660510667,2660511251,9211,584
29312.426415,2660514550,2660515153,9207,603
29312.438432,2660518426,2660519032,8834,606
29312.450466,2660522460,2660523069,12112,609
29312.462484,2660526549,2660527164,12060,615
29312.474499,2660530434,2660531041,8841,607
29312.486531,2660534342,2660534957,9178,615
29312.498551,2660538289,2660538899,9259,610
29312.510569,2660542135,2660542743,8909,608
29312.522604,2660546066,2660546680,9237,614
29312.534618,2660550126,2660550734,12093,608
29312.546641,2660554138,2660554747,11981,609
29312.558671,2660558050,2660558627,9172,577
29312.570687,2660561923,2660562525,9295,602
29312.582704,2660565763,2660566369,8866,606
29312.594740,2660569690,2660570293,9220,603
29312.606754,2660573594,2660574206,9242,612
29312.618775,2660577441,2660578048,8885,607
29312.666875,2660592735,2660593345,12101,610
29312.677386,2660596324,2660596936,11795,612
29312.775080,2660626931,2660627533,12086,602
29312.787099,2660631047,2660631647,12081,600
29312.799121,2660635061,2660635662,11835,601
29312.811150,2660639168,2660639782,12114,614
29312.823166,2660643196,2660643804,12101,608
29312.835183,2660647086,2660647693,8873,607
29312.847218,2660651030,2660651634,9229,604
29312.859234,2660655025,2660655626,12064,601
29312.871259,2660658986,2660659587,11821,601
29312.883287,2660663053,2660663656,12112,603
29312.895304,2660667044,2660667651,12083,607
29312.907325,2660671019,2660671625,11821,606
29312.919354,2660675057,2660675661,12090,604
29312.929871,2660678497,2660678957,7568,460
29312.941901,2660682222,2660682802,9184,580
29312.953920,2660686135,2660686738,9243,603
29312.965934,2660689989,2660690596,8833,607
29312.977966,2660693875,2660694490,9255,615
29313.074142,2660723883,2660724485,8857,602
29313.086173,2660727784,2660728404,9217,620
29313.098194,2660731731,2660732335,9269,604
29313.110208,2660735575,2660736177,8852,602
29313.122243,2660739475,2660740059,9164,584
29313.134261,2660743381,2660743990,9181,609
29313.146281,2660747408,2660748023,11978,615
29313.158309,2660751287,2660751889,9161,602
29313.170330,2660755207,2660755816,9264,609
29313.182345,2660759058,2660759670,8867,612
29313.194377,2660762951,2660763560,9120,609
29313.206394,2660766864,2660767472,9198,608
29313.218416,2660770723,2660771329,8878,606
29313.230448,2660774597,2660775201,9203,604
29313.242465,2660778481,2660779093,9224,612
29313.254481,2660782368,2660782969,8896,601
29313.266517,2660786364,2660786969,12107,605
29313.278534,2660790427,2660791036,12062,609
29313.290551,2660794276,2660794882,8893,606
29313.302589,2660798201,2660798785,9234,584
29313.314600,2660802068,2660802671,9260,603
29313.326621,2660805910,2660806522,8861,612
29313.338656,2660809828,2660810431,9240,603
29313.350669,2660813880,2660814486,12090,606
29313.362693,2660817910,2660818518,11984,608
29313.374726,2660821817,2660822419,9258,602
29313.386739,2660825711,2660826312,9268,601
29313.398755,2660829581,2660830183,8883,602
29313.410791,2660833494,2660834103,9225,609
29313.422804,2660837403,2660838006,9225,603
29313.434827,2660841232,2660841839,8863,607
29313.446862,2660845114,2660845718,9252,604
29313.458873,2660849002,2660849614,9253,612
29313.470892,2660852847,2660853449,8874,602
29313.482926,2660856878,2660857492,12113,614
29313.493438,2660860465,2660861072,11799,607
29313.622692,2660900622,2660901236,9214,614
29313.687313,2660915497,2660916107,9226,610
29313.699336,2660919735,2660920344,12010,609
29313.709860,2660923269,2660923878,12100,609
29313.721880,2660927264,2660927878,8988,614
29313.733907,2660931257,2660931871,8960,614
29313.745931,2660935257,2660935870,9231,613
29313.757949,2660939251,2660939858,8984,607
29313.769963,2660943181,2660943788,8866,607
29313.782001,2660947099,2660947682,9268,583
29313.794016,2660951006,2660951620,9259,614
29313.806040,2660954904,2660955512,8963,608
29313.818069,2660958783,2660959366,9210,583
29313.830086,2660962684,2660963288,9278,604
29313.842100,2660966559,2660967171,8874,612
29313.854134,2660970459,2660971069,9092,610
29313.866149,2660974522,2660975137,12057,615
29313.878174,2660978534,2660979149,11980,615
29313.890201,2660982443,2660983052,9191,609
29313.902227,2660986396,2660987011,9244,615
29313.914237,2660990280,2660990887,8820,607
29313.926270,2660994194,2660994809,9168,615
29313.938289,2660998143,2660998747,9210,604
29313.950308,2661001993,2661002600,8817,607
29313.962342,2661005900,2661006483,9173,583
29313.974360,2661009804,2661010406,9282,602
29313.986376,2661013816,2661014417,11826,601
29313.998412,2661017714,2661018323,9280,609
29314.010428,2661021632,2661022241,9184,609
29314.022442,2661025479,2661026086,8894,607
29314.034480,2661029338,2661029921,9200,583
29314.046495,2661033217,2661033825,9280,608
29314.058512,2661037092,2661037697,8874,605
29314.070548,2661040997,2661041581,9253,584
29314.082564,2661045039,2661045654,12034,615
29314.094583,2661049072,2661049682,11984,610
29314.106615,2661053012,2661053620,9249,608
29314.118629,2661056914,2661057517,9269,603
29314.130650,2661060757,2661061359,8878,602
29314.142683,2661064621,2661065235,9202,614
29314.154702,2661068577,2661069192,9233,615
29314.166717,2661072501,2661073113,8843,612
29314.178749,2661076568,2661077151,11957,583
29314.190766,2661080432,2661081027,9276,595
29314.202794,2661084298,2661084908,8987,610
29314.214823,2661088210,2661088820,9257,610
29314.226835,2661092106,2661092714,9218,608
29314.238851,2661095988,2661096590,8883,602
29314.250886,2661099897,2661100505,9009,608
29314.262905,2661103831,2661104434,9281,603
29314.274923,2661107671,2661108288,8886,617
29314.286958,2661111594,2661112208,9267,614
29314.298979,2661115640,2661116243,12135,603
29314.310996,2661119697,2661120301,11983,604
29314.323030,2661123832,2661124415,11981,583
29314.335043,2661127860,2661128461,12088,601
29314.347064,2661131963,2661132565,11864,602
29314.359095,2661136127,2661136743,12087,616
29314.371109,2661140296,2661140909,12093,613
29314.383126,2661144254,2661144865,8886,611
29314.395163,2661148342,2661148925,11970,583
29314.407178,2661152372,2661152966,12066,594
29314.419202,2661156331,2661156932,11844,601
29314.431233,2661160378,2661160988,12071,610
29314.443248,2661164390,2661165002,12082,612
29314.455269,2661168395,2661169002,11812,607
29314.467299,2661172328,2661172911,9217,583
29314.479318,2661176196,2661176811,9261,615
29314.491340,2661180174,2661180785,11845,611
29314.501863,2661183628,2661184232,9276,604
29314.513877,2661187519,2661188121,8847,602
29314.525912,2661191394,2661192008,9187,614
29314.537930,2661195330,2661195934,9253,604
29314.549955,2661199229,2661199833,8987,604
29314.561983,2661203125,2661203708,9209,583
29314.574001,2661207029,2661207646,9245,617
29314.586015,2661210918,2661211520,8866,602
29314.598049,2661214811,2661215426,8996,615
29314.610067,2661218738,2661219348,9232,610
29314.622089,2661222728,2661223343,11988,615
29314.694224,2661245394,2661246003,11983,609
29314.706256,2661249293,2661249876,9223,583
29314.718273,2661253212,2661253821,9246,609
29314.730291,2661257063,2661257669,8842,606
29314.742321,2661260953,2661261561,9163,608
29314.754340,2661264853,2661265460,9233,607
29314.766358,2661268698,2661269300,8845,602
29314.778395,2661272564,2661273148,9259,584
29314.790410,2661276474,2661277080,9233,606
29314.802427,2661280356,2661280957,8862,601
29314.814463,2661284268,2661284852,9202,584
29314.826480,2661288172,2661288787,9245,615
29314.838495,2661292062,2661292664,8888,602
29314.850530,2661295974,2661296582,9190,608
29314.862547,2661299903,2661300512,9282,609
29314.874568,2661303935,2661304538,12024,603
29314.910636,2661315461,2661316065,11998,604
29314.922668,2661319395,2661319999,9232,604
29314.934682,2661323310,2661323921,9214,611
29314.946708,2661327179,2661327783,8996,604
29314.958735,2661331060,2661331643,9207,583
29314.970749,2661334935,2661335542,9230,607
29314.982770,2661338784,2661339391,8883,607
29315.115025,2661375949,2661376554,9203,605
29315.127046,2661380095,2661380704,11970,609
29315.139078,2661384278,2661384862,11981,584
29315.151093,2661388351,2661388958,12063,607
29315.163117,2661392415,2661393022,11844,607
29315.175146,2661396571,2661397190,12070,619
29315.187163,2661400651,2661401253,12088,602
29315.199179,2661404552,2661405158,8891,606
29315.211219,2661408505,2661409089,9216,584
29315.223231,2661412499,2661413099,12082,600
29315.235253,2661416480,2661417087,11816,607
29315.247283,2661420544,2661421153,12131,609
29315.259298,2661424559,2661425161,12066,602
29315.271323,2661428539,2661429141,11815,602
29315.281847,2661431987,2661432445,7390,458
29315.293870,2661435763,2661436222,7599,459
29315.305895,2661439513,2661440096,9198,583
29315.317912,2661443386,2661443993,9192,607
29315.329931,2661447274,2661447876,8894,602
29315.341965,2661451132,2661451736,9000,604
29315.353983,2661455055,2661455658,9270,603
29315.365998,2661458909,2661459511,8834,602
29315.378036,2661462781,2661463365,9215,584
29315.390056,2661466680,2661467282,9318,602
29315.402068,2661470557,2661471169,8867,612
29315.424331,2661478131,2661478742,11967,611
29315.490745,2661499016,2661499617,12029,601
29315.502761,2661502918,2661503531,9222,613
29315.514783,2661506947,2661507554,11836,607
29315.526816,2661511031,2661511635,12123,604
29315.538834,2661514939,2661515546,9281,607
29315.550848,2661518828,2661519435,8862,607
29315.562886,2661522772,2661523356,9250,584
29315.574897,2661526652,2661527265,9237,613
29315.586918,2661530514,2661531126,8894,612
29315.598949,2661534434,2661535049,9203,615
29315.610967,2661538357,2661538964,9220,607
29315.622984,2661542207,2661542800,8885,593
29315.671088,2661557488,2661558092,12105,604
29315.683104,2661561523,2661562136,9240,613
29315.695121,2661565518,2661566125,8897,607
29315.707154,2661569618,2661570232,12083,614
29315.719173,2661573662,2661574265,12057,603
29315.731195,2661577800,2661578407,11836,607
29315.743224,2661581873,2661582476,12066,603
29315.755241,2661585886,2661586483,12045,597
29315.767266,2661589865,2661590477,11820,612
29315.779297,2661593950,2661594533,11967,583
29315.791313,2661597961,2661598569,12038,608
29315.803335,2661601953,2661602560,11844,607
29315.813858,2661605443,2661605898,7402,455
29315.825880,2661609157,2661609614,7518,457
29315.837910,2661612915,2661613523,9066,608
29315.849927,2661616854,2661617468,9285,614
29315.861941,2661620704,2661621311,8878,607
29315.873980,2661624631,2661625215,9221,584
29315.886000,2661628539,2661629148,9335,609
29315.898011,2661632465,2661633077,11809,612
29315.910043,2661636419,2661637003,11957,584
29315.922062,2661640453,2661641056,9270,603
29315.934086,2661644401,2661645016,8963,615
29315.946118,2661648363,2661648947,9257,584
29315.958132,2661652295,2661652904,9231,609
29315.970147,2661656147,2661656759,8857,612
29315.986691,2661661620,2661662224,12033,604
29315.998706,2661665523,2661666131,9224,608
29316.010723,2661669389,2661669991,8843,602
29316.021247,2661672978,2661673592,12012,614
29316.042284,2661679688,2661680300,8835,612
29316.054318,2661683628,2661684231,9277,603
29316.073851,2661689900,2661690357,7578,457
29316.085878,2661693660,2661694264,9079,604
29316.106910,2661700542,2661701160,12032,618
29316.118930,2661704421,2661705023,8881,602
29316.130960,2661708376,2661708996,9231,620
29316.142978,2661712446,2661713054,12050,608
29316.154998,2661716298,2661716905,8845,607
29316.167034,2661720401,2661721021,12070,620
29316.179047,2661724428,2661725041,9229,613
29316.191074,2661728546,2661729158,11845,612
29316.203102,2661732736,2661733345,12099,609
29316.215116,2661736801,2661737408,9225,607
29316.227139,2661740765,2661741380,8936,615
29316.239170,2661744903,2661745515,12084,612
29316.251184,2661748857,2661749459,9233,602
29316.263211,2661752825,2661753431,11843,606
29316.275239,2661756761,2661757371,9201,610
29316.287255,2661760816,2661761424,12039,608
29316.299272,2661764666,2661765273,8853,607
29316.311309,2661768589,2661769172,9193,583
29316.323323,2661772579,2661773185,12088,606
29316.335346,2661776607,2661777217,11985,610
29316.345869,2661780216,2661780819,9285,603
29316.357886,2661784097,2661784708,8860,611
29316.369921,2661788009,2661788593,9205,584
29316.381944,2661791927,2661792542,9309,615
29316.393952,2661795826,2661796427,8870,601
29316.405989,2661799720,2661800302,9176,582
29316.418005,2661803641,2661804250,9284,609
29316.430023,2661807535,2661808142,11851,607
29316.442052,2661811521,2661812129,12108,608
29316.454071,2661815435,2661816048,9159,613
29316.466093,2661819293,2661819894,8827,601
29316.478129,2661823176,2661823760,9169,584
29316.490144,2661827084,2661827693,9256,609
29316.502159,2661830930,2661831532,8865,602
29316.514190,2661834976,2661835585,12079,609
29316.526212,2661839035,2661839649,12056,614
29316.538226,2661842921,2661843522,8833,601
29316.550260,2661846934,2661847549,9186,615
29316.562281,2661850886,2661851490,9234,604
29316.574296,2661854732,2661855339,8841,607
29316.586334,2661858643,2661859226,9222,583
29316.598348,2661862576,2661863185,9185,609
29316.610366,2661866422,2661867028,8883,606
29316.622401,2661870323,2661870904,9184,581
29316.634418,2661874247,2661874856,9250,609
29316.646433,2661878135,2661878742,8864,607
29316.658465,2661882164,2661882779,12090,615
29316.670483,2661886068,2661886664,9218,596
29316.682510,2661889954,2661890563,8975,609
29316.694538,2661893850,2661894434,9201,584
29316.706555,2661897760,2661898374,9266,614
29316.718570,2661901621,2661902223,8853,602
29316.730602,2661905655,2661906264,12104,609
29316.742622,2661909732,2661910346,12056,614
29316.754640,2661913606,2661914212,8886,606
29316.766675,2661917537,2661918152,9206,615
29316.778693,2661921433,2661922041,9275,608
29316.790707,2661925308,2661925920,8901,612
29316.802742,2661929227,2661929811,9242,584
29316.814756,2661933114,2661933721,9203,607
29316.826778,2661936969,2661937576,8863,607
29316.838809,2661940876,2661941488,9210,612
29316.850825,2661944805,2661945413,9250,608
29316.862850,2661948810,2661949411,11846,601
29316.874880,2661952714,2661953328,9175,614
29316.886894,2661956633,2661957235,9248,602
29316.898911,2661960479,2661961081,8864,602
29316.910947,2661964400,2661965008,9231,608
29316.922962,2661968452,2661969064,12065,612
29316.934979,2661972337,2661972949,8833,612
29316.947012,2661976377,2661976987,12083,610
29316.959030,2661980474,2661981081,12055,607
29316.971053,2661984558,2661985162,12001,604
29316.986083,2661989533,2661990135,9170,602
29316.998103,2661993403,2661994009,8846,606
29317.010141,2661997281,2661997864,9231,583
29317.022156,2662001210,2662001818,9264,608
29317.034169,2662005114,2662005721,8864,607
29317.046203,2662009162,2662009777,12095,615
29317.058224,2662013246,2662013849,12060,603
29317.070239,2662017097,2662017704,8824,607
29317.082274,2662021029,2662021643,9221,614
29317.094291,2662024957,2662025566,9256,609
29317.106309,2662028810,2662029422,8867,612
29317.118341,2662032719,2662033334,9242,615
29317.130362,2662036819,2662037434,12067,615
29317.142380,2662040839,2662041448,12008,609
29317.154407,2662044755,2662045358,9202,603
29317.166428,2662048837,2662049441,9276,604
29317.178453,2662052706,2662053316,8917,610
29317.190478,2662056611,2662057215,9248,604
29317.202498,2662060539,2662061148,9291,609
29317.214513,2662064408,2662065010,8856,602
29317.225040,2662067947,2662068560,12069,613
29317.255090,2662077633,2662078242,11822,609
29317.267124,2662081778,2662082393,12070,615
29317.279143,2662085979,2662086594,12036,615
29317.291163,2662090044,2662090651,11858,607
29317.303190,2662094122,2662094706,11965,584
29317.315206,2662097994,2662098594,9251,600
29317.327232,2662101874,2662102478,8928,604
29317.339263,2662105952,2662106560,12106,608
29317.351276,2662109962,2662110565,12062,603
29317.363299,2662114050,2662114657,11813,607
29317.375329,2662118127,2662118742,12064,615
29317.385842,2662121546,2662122153,8876,607
29317.397879,2662125425,2662126008,9271,583
29317.409894,2662129342,2662129956,9256,614
29317.421908,2662133232,2662133837,8875,605
29317.433944,2662137124,2662137708,9191,584
29317.445958,2662141057,2662141660,12023,603
29317.457982,2662144987,2662145591,11980,604
29317.470014,2662148904,2662149488,9212,584
29317.482031,2662152820,2662153434,9312,614
29317.494044,2662156703,2662157315,8827,612
29317.506083,2662160591,2662161175,9222,584
29317.518095,2662164505,2662165107,9192,602
29317.530115,2662168525,2662169132,11807,607
29317.542146,2662172527,2662173111,11961,584
29317.554166,2662176451,2662177054,9281,603
29317.566190,2662180407,2662181016,8966,609
29317.578221,2662184346,2662184929,9172,583
29317.590235,2662188258,2662188873,9271,615
29317.602251,2662192132,2662192744,8852,612
29317.614285,2662196007,2662196616,9202,609
29317.626303,2662199948,2662200562,9200,614
29317.638321,2662203801,2662204407,8875,606
29317.650353,2662207708,2662208323,9234,615
29317.662369,2662211773,2662212381,12028,608
29317.674391,2662215797,2662216407,11983,610
29317.686423,2662219701,2662220283,9193,582
29317.698440,2662223612,2662224216,9266,604
29317.710458,2662227453,2662228060,8898,607
29317.722492,2662231315,2662231924,9030,609
29317.734507,2662235266,2662235879,9254,613
29317.746529,2662239306,2662239912,11841,606
29317.758556,2662243320,2662243923,12068,603
29317.770581,2662247259,2662247861,9304,602
29317.782594,2662251127,2662251734,8888,607
29317.794632,2662255066,2662255650,9230,584
29317.806645,2662258981,2662259596,9249,615
29317.818664,2662262835,2662263443,8856,608
29317.830695,2662266744,2662267354,9196,610
29317.842715,2662270678,2662271281,9263,603
29317.854731,2662274518,2662275118,8847,600
29317.866766,2662278468,2662279083,9252,615
29317.878780,2662282544,2662283152,12045,608
29317.890800,2662286555,2662287167,11802,612
29317.902834,2662290471,2662291085,9227,614
29317.914847,2662294362,2662294969,9212,607
29317.926867,2662298241,2662298843,8850,602
29317.938899,2662302126,2662302734,9239,608
29317.950917,2662306042,2662306650,9251,608
29317.962942,2662310087,2662310688,11877,601
29317.974972,2662314187,2662314802,12079,615
29317.986986,2662318244,2662318846,12066,602
29317.999011,2662322232,2662322844,11819,612
29318.011040,2662326297,2662326881,11965,584
29318.023058,2662330448,2662331063,12035,615
29318.035079,2662334566,2662335173,11850,607
29318.047109,2662338618,2662339202,9226,584
29318.059125,2662342621,2662343236,9274,615
29318.071147,2662346767,2662347374,12024,607
29318.083174,2662350830,2662351440,12082,610
29318.095193,2662354928,2662355536,12080,608
29318.107215,2662358945,2662359558,11839,613
29318.119244,2662363010,2662363619,12038,609
29318.131258,2662366923,2662367535,9250,612
29318.143279,2662370793,2662371400,8858,607
29318.155317,2662374849,2662375433,11967,584
29318.167337,2662378821,2662379434,12142,613
29318.179354,2662382944,2662383546,11826,602
29318.189877,2662386403,2662387007,9277,604
29318.201891,2662390294,2662390901,8855,607
29318.213927,2662394195,2662394778,9177,583
29318.225944,2662398105,2662398720,9252,615
29318.237961,2662402006,2662402617,8863,611
29318.249997,2662405907,2662406491,9225,584
29318.262010,2662409849,2662410457,12018,608
29318.274034,2662413814,2662414419,11983,605
29318.286066,2662417691,2662418275,9190,584
29318.298083,2662421603,2662422217,9274,614
29318.310097,2662425493,2662426100,8795,607
29318.322136,2662429407,2662429992,9243,585
29318.334149,2662433309,2662433913,9274,604
29318.346167,2662437327,2662437934,11835,607
29318.358196,2662441381,2662441996,12076,615
29318.370216,2662445327,2662445930,9189,603
29318.389757,2662451632,2662452235,9201,603
29318.406285,2662456962,2662457571,9255,609
29318.418310,2662460854,2662461457,8957,603
29318.430334,2662464705,2662465315,9204,610
29318.442354,2662468655,2662469264,9281,609
29318.454373,2662472507,2662473118,8891,611
29318.466407,2662476427,2662477047,9096,620
29318.478422,2662480518,2662481122,12018,604
29318.490443,2662484553,2662485162,11982,609
29318.502475,2662488437,2662489021,9193,584
29318.514497,2662492352,2662492955,9298,603
29318.526509,2662496221,2662496828,8882,607
29318.538547,2662500089,2662500673,9201,584
29318.550562,2662504011,2662504626,9276,615
29318.562581,2662508064,2662508670,11842,606
29318.574610,2662512138,2662512721,11961,583
29318.586626,2662516067,2662516670,9263,603
29318.598645,2662519916,2662520523,8837,607
29318.610680,2662523845,2662524448,9268,603
29318.622697,2662527784,2662528399,9278,615
29318.711364,2662555579,2662556191,11840,612
29318.721886,2662559031,2662559645,9245,614
29318.733903,2662562915,2662563517,8912,602
29318.745938,2662566863,2662567446,9232,583
29318.757953,2662570823,2662571433,12018,610
29318.769974,2662574775,2662575374,8872,599
29318.782008,2662578707,2662579290,9194,583
29318.794026,2662582780,2662583395,9275,615
29318.806039,2662586713,2662587325,8839,612
29318.818078,2662590689,2662591273,9190,584
29318.830092,2662594620,2662595235,9271,615
29318.842111,2662598484,2662599086,8854,602
29318.854148,2662602342,2662602924,9219,582
29318.866162,2662606242,2662606852,9275,610
29318.878180,2662610276,2662610888,11829,612
29318.890211,2662614308,2662614892,11962,584
29318.902231,2662618219,2662618826,9219,607
29318.914253,2662622094,2662622704,8999,610
29318.926278,2662626017,2662626621,9207,604
29318.938296,2662629953,2662630569,9252,616
29318.950316,2662633839,2662634446,8822,607
29318.962347,2662637866,2662638469,12059,603
29318.974363,2662641936,2662642545,12043,609
29318.986386,2662645986,2662646588,11986,602
29318.998418,2662649926,2662650541,9249,615
29319.010440,2662653870,2662654474,9255,604
29319.022451,2662657746,2662658358,8878,612
29319.034487,2662661662,2662662245,9211,583
29319.046504,2662665556,2662666166,9232,610
29319.058522,2662669413,2662670020,8864,607
29319.070553,2662673309,2662673917,9232,608
29319.082573,2662677254,2662677862,9225,608
29319.094593,2662681277,2662681889,11857,612
29319.106619,2662685311,2662685926,12066,615
29319.118642,2662689281,2662689885,9263,604
29319.130657,2662693128,2662693735,8896,607
29319.142691,2662697025,2662697640,9234,615
29319.154706,2662700923,2662701532,9178,609
29319.166727,2662704814,2662705421,8834,607
29319.178761,2662708898,2662709502,12088,604
29319.190776,2662712957,2662713565,12059,608
29319.202795,2662716860,2662717461,8899,601
29319.214830,2662720802,2662721407,9249,605
29319.226843,2662724701,2662725308,9232,607
29319.238862,2662728574,2662729182,8800,608
29319.250901,2662732506,2662733089,9275,583
29319.262915,2662736424,2662737028,9285,604
29319.274928,2662740315,2662740922,8872,607
29319.286967,2662744228,2662744810,9199,582
29319.298979,2662748100,2662748707,9262,607
29319.311003,2662752175,2662752780,11986,605
29319.323034,2662756306,2662756921,12085,615
29319.335049,2662760466,2662761074,12050,608
29319.347074,2662764562,2662765164,11819,602
29319.359102,2662768695,2662769310,12063,615
29319.371119,2662772838,2662773452,12126,614
29319.383141,2662776870,2662777477,11842,607
29319.395172,2662780993,2662781596,12086,603
29319.407191,2662785191,2662785804,12096,613
29319.419205,2662789167,2662789772,8869,605
29319.431241,2662793246,2662793856,12078,610
29319.443257,2662797279,2662797882,12120,603
29319.455278,2662801255,2662801872,11816,617
29319.467308,2662805335,2662805955,12084,620
29319.479322,2662809280,2662809893,9252,613
29319.491342,2662813318,2662813927,11975,609
29319.501870,2662816778,2662817382,9283,604
29319.513888,2662820660,2662821268,8905,608
29319.525923,2662824576,2662825160,9211,584
29319.537941,2662828493,2662829099,9262,606
29319.549954,2662832383,2662832985,8758,602
29319.561992,2662836311,2662836894,9225,583
29319.574007,2662840247,2662840857,12065,610
29319.586025,2662844142,2662844742,8834,600
29319.598060,2662848047,2662848630,9197,583
29319.610077,2662852127,2662852730,9237,603
29319.622095,2662856136,2662856746,11970,610
29319.692740,2662878386,2662878990,12075,604
29319.806953,2662907145,2662907758,9024,613
29319.818973,2662910360,2662910962,9214,602
29319.830987,2662914232,2662914844,8850,612
29319.843023,2662918305,2662918909,12067,604
29319.855040,2662922443,2662923051,12001,608
29319.867063,2662926581,2662927183,11857,602
29319.879089,2662930580,2662931195,9197,615
29319.891109,2662934620,2662935233,9149,613
29319.903135,2662938675,2662939276,11880,601
29319.915164,2662942814,2662943398,11966,584
29319.927177,2662946851,2662947459,12125,608
29319.939197,2662950879,2662951489,12003,610
29319.951226,2662954905,2662955509,12115,604
29319.963244,2662958949,2662959552,12048,603
29319.975269,2662962924,2662963531,11817,607
29319.987295,2662966818,2662967433,9179,615
29319.999314,2662970833,2662971440,12089,607
29320.011337,2662974842,2662975449,11810,607
29320.021861,2662978298,2662978907,9283,609
29320.033874,2662982175,2662982777,8859,602
29320.045912,2662986046,2662986629,9224,583
29320.057927,2662989949,2662990559,9265,610
29320.069946,2662993804,2662994421,8911,617
29320.081981,2662997721,2662998305,9205,584
29320.093995,2663001608,2663002216,12047,608
29320.106018,2663005544,2663006148,11992,604
29320.118049,2663009433,2663010017,9247,584
29320.130066,2663013361,2663013970,9272,609
29320.142081,2663017218,2663017820,8829,602
29320.154117,2663021114,2663021729,9224,615
29320.166132,2663025015,2663025628,9242,613
29320.178150,2663028942,2663029549,8913,607
29320.190185,2663032856,2663033439,9225,583
29320.202200,2663036759,2663037361,9089,602
29320.214219,2663040635,2663041237,8866,602
29320.226258,2663044570,2663045154,9227,584
29320.238269,2663048472,2663049090,9230,618
29320.358492,2663085357,2663085958,8942,601
29320.370523,2663089180,2663089790,9204,610
29320.382545,2663093120,2663093730,9241,610
29320.394562,2663097026,2663097633,8904,607
29320.406598,2663101102,2663101686,12010,584
29320.418614,2663105005,2663105608,9261,603
29320.430629,2663108983,2663109595,8895,612
29320.442665,2663112919,2663113502,9235,583
29320.454681,2663116810,2663117419,9278,609
29320.466700,2663120678,2663121280,8870,602
29320.478733,2663124536,2663125144,9206,608
29320.490752,2663128461,2663129070,9258,609
29320.502775,2663132338,2663132945,8989,607
29320.514806,2663136270,2663136854,9287,584
29320.526818,2663140289,2663140890,12080,601
29320.538840,2663144304,2663144908,11983,604
29320.550869,2663148187,2663148795,9244,608
29320.562884,2663152111,2663152714,9268,603
29320.574902,2663155972,2663156578,8858,606
29320.586937,2663159908,2663160529,9243,621
29320.598952,2663163831,2663164444,9010,613
29320.610970,2663167741,2663168358,8889,617
29320.623006,2663171823,2663172432,12097,609
29320.638023,2663176807,2663177414,11830,607
29320.825888,2663225830,2663226288,4065,458
29320.837908,2663229291,2663229898,11809,607
29320.866453,2663235806,2663236407,9138,601
29320.943100,2663249789,2663250395,9152,606
29320.955133,2663252959,2663253566,11830,607
29320.967161,2663256994,2663257598,9256,604
29320.979178,2663261086,2663261694,12070,608
29320.998721,2663267342,2663267945,9214,603
29321.010739,2663271267,2663271876,9291,609
29321.022764,2663275144,2663275742,8935,598
29321.034789,2663279079,2663279680,9277,601
29321.046802,2663282987,2663283600,9217,613
29321.058825,2663286856,2663287463,8903,607
29321.070859,2663290711,2663291321,9162,610
29321.082873,2663294630,2663295238,9271,608
29321.094892,2663298481,2663299083,8894,602
29321.106929,2663302400,2663302984,9196,584
29321.118940,2663306260,2663306872,9236,612
29321.130962,2663310127,2663310734,8877,607
29321.142995,2663314195,2663314798,12081,603
29321.155012,2663318251,2663318853,12090,602
29321.167034,2663322290,2663322897,11822,607
29321.179062,2663326428,2663327038,12079,610
29321.191081,2663330609,2663331217,12047,608
29321.203102,2663334672,2663335290,11846,618
29321.215131,2663338888,2663339492,12077,604
29321.227146,2663342886,2663343494,9201,608
29321.239167,2663347065,2663347668,11979,603
29321.251205,2663351184,2663351765,11976,581
29321.263218,2663355195,2663355798,12082,603
29321.275241,2663359173,2663359780,11854,607
29321.287268,2663363165,2663363780,12087,615
29321.299286,2663367219,2663367831,12063,612
29321.311302,2663371092,2663371704,8848,612
29321.323338,2663375027,2663375631,9239,604
29321.333850,2663378444,2663379051,8870,607
29321.345883,2663382359,2663382943,9251,584
29321.357902,2663386258,2663386867,9255,609
29321.369916,2663390134,2663390735,8880,601
29321.381955,2663393997,2663394581,9205,584
29321.393967,2663397901,2663398504,9275,603
29321.405993,2663401798,2663402408,8976,610
29321.418022,2663405671,2663406251,9176,580
29321.430039,2663409594,2663410203,9227,609
29321.442055,2663413593,2663414208,11955,615
29321.454083,2663417522,2663418126,9191,604
29321.478124,2663425293,2663425900,11828,607
29321.490159,2663429192,2663429776,9229,584
29321.502176,2663433111,2663433718,9251,607
29321.514191,2663436972,2663437574,8828,602
29321.526224,2663441027,2663441611,11988,584
29321.538245,2663445092,2663445706,12111,614
29321.550258,2663448996,2663449603,8868,607
29321.562294,2663452888,2663453471,9201,583
29321.574311,2663456788,2663457392,9229,604
29321.586329,2663460634,2663461246,8841,612
29321.598367,2663464510,2663465094,9239,584
29321.610381,2663468412,2663469016,9265,604
29321.622399,2663472445,2663473050,11977,605
29321.641935,2663478707,2663479315,12028,608
29321.653956,2663482607,2663483219,8876,612
29321.846324,2663528846,2663529454,8570,608
29321.858351,2663531847,2663532454,8269,607
29321.870377,2663534825,2663535439,9278,614
29321.882396,2663538030,2663538644,9237,614
29321.894415,2663541870,2663542482,8854,612
29321.906447,2663545768,2663546371,9215,603
29321.918467,2663549704,2663550318,9279,614
29321.930481,2663553578,2663554179,8840,601
29321.942516,2663557644,2663558259,12085,615
29321.954533,2663561722,2663562326,12069,604
29321.966552,2663565566,2663566168,8898,602
29321.978584,2663569467,2663570082,9179,615
29321.990604,2663573398,2663574001,9257,603
29322.002619,2663577238,2663577850,8860,612
29322.014651,2663581153,2663581768,9199,615
29322.026671,2663585110,2663585719,9292,609
29322.038696,2663588996,2663589605,9006,609
29322.050720,2663592861,2663593473,9216,612
29322.062741,2663596814,2663597423,9227,609
29322.074756,2663600664,2663601266,8919,602
29322.086790,2663604539,2663605148,9041,609
29322.098804,2663608444,2663609057,9234,613
29322.110826,2663612296,2663612908,8891,612
29322.122862,2663616219,2663616829,9249,610
29322.134878,2663620117,2663620734,9284,617
29322.146892,2663624022,2663624624,8862,602
29322.158927,2663628066,2663628669,12075,603
29322.170942,2663632102,2663632709,12057,607
29322.182962,2663635951,2663636558,8877,607
29322.194993,2663639864,2663640473,9203,609
29322.207011,2663643765,2663644373,9236,608
29322.219034,2663647781,2663648391,12008,610
29322.231068,2663651939,2663652523,11970,584
29322.243079,2663655940,2663656548,9216,608
29322.255102,2663659926,2663660529,8946,603
29322.267133,2663664077,2663664673,12074,596
29322.279150,2663668167,2663668780,12090,613
29322.291173,2663672183,2663672800,11814,617
29322.303200,2663676267,2663676881,12091,614
29322.315217,2663680315,2663680922,12104,607
29322.327234,2663684163,2663684770,8896,607
29322.339272,2663688058,2663688641,9200,583
29322.351285,2663692168,2663692775,12057,607
29322.363310,2663696153,2663696765,11845,612
29322.375340,2663700211,2663700826,12076,615
29322.385856,2663703670,2663704278,8985,608
29322.397886,2663707578,2663708162,9203,584
29322.409902,2663711482,2663712090,9234,608
29322.421917,2663715348,2663715960,8836,612
29322.433951,2663719253,2663719864,9067,611
29322.445966,2663723168,2663723776,9203,608
29322.457987,2663727034,2663727635,11869,601
29322.468509,2663730473,2663731076,12048,603
29322.503071,2663741407,2663742019,8889,612
29322.515104,2663745598,2663746202,12075,604
29322.527120,2663749585,2663750192,9233,607
29322.539137,2663753598,2663754210,8832,612
29322.551171,2663757666,2663758248,11945,582
29322.563188,2663761685,2663762293,12058,608
29322.575212,2663765704,2663766311,11833,607
29322.587241,2663769748,2663770332,11942,584
29322.599258,2663773763,2663774364,12083,601
29322.611280,2663777735,2663778347,11841,612
29322.623309,2663781658,2663782272,9176,614
29322.662376,2663794140,2663794743,12042,603
29322.674399,2663798156,2663798763,11852,607
29322.686433,2663802080,2663802690,9226,610
29322.698450,2663806012,2663806621,9272,609
29322.710465,2663809867,2663810473,8863,606
29322.722498,2663813744,2663814354,9193,610
29322.734518,2663817681,2663818289,9233,608
29322.746535,2663821540,2663822146,8903,606
29322.758570,2663825568,2663826152,12001,584
29322.770588,2663829646,2663830249,12071,603
29322.782609,2663833508,2663834112,8913,604
29322.794632,2663837449,2663838064,9261,615
29322.805150,2663841814,2663842646,13655,832
29322.815670,2663849389,2663850533,16323,1144
29322.826193,2663855865,2663856706,9910,841
29322.838215,2663860560,2663861170,9273,610
29322.850232,2663864499,2663865114,8879,615
29322.862267,2663868459,2663869048,9223,589
29322.874282,2663872751,2663873366,12013,615
29322.902839,2663881848,2663882452,9196,604
29322.914857,2663885737,2663886344,9257,607
29322.926875,2663889585,2663890191,8851,606
29322.938910,2663893516,2663894131,9203,615
29322.950924,2663897431,2663898042,9287,611
29322.962944,2663901336,2663901936,8899,600
29322.974980,2663905383,2663905967,11944,584
29322.986995,2663909420,2663910028,12054,608
29322.999019,2663913479,2663914080,11878,601
29323.011047,2663917556,2663918166,12068,610
29323.023065,2663921667,2663922270,12091,603
29323.035086,2663925799,2663926411,11856,612
29323.047115,2663929976,2663930581,12075,605
29323.059129,2663933985,2663934587,9222,602
29323.071153,2663937913,2663938517,8920,604
29323.083185,2663942068,2663942685,12090,617
29323.095200,2663946149,2663946750,12051,601
29323.107225,2663950134,2663950746,11843,612
29323.119253,2663954182,2663954787,12070,605
29323.131272,2663958257,2663958872,12043,615
29323.143286,2663962111,2663962713,8843,602
29323.155323,2663966024,2663966608,9260,584
29323.167337,2663970026,2663970643,12055,617
29323.177867,2663973454,2663974074,9095,620
29323.189885,2663977394,2663978002,9273,608
29323.201901,2663981276,2663981883,8857,607
29323.213935,2663985165,2663985748,9182,583
29323.225958,2663989077,2663989692,9293,615
29323.237969,2663992965,2663993577,8862,612
29323.250008,2663996857,2663997438,9209,581
29323.262023,2664000775,2664001373,9284,598
29323.274040,2664004685,2664005292,11827,607
29323.284561,2664008208,2664008815,12034,607
29323.310110,2664016430,2664017037,11853,607
29323.322142,2664020329,2664020912,9204,583
29323.334158,2664024229,2664024832,9294,603
29323.346176,2664028077,2664028683,8842,606
29323.358206,2664032115,2664032697,11974,582
29323.370227,2664036156,2664036764,12063,608
29323.382244,2664040041,2664040642,8864,601
29323.394279,2664043928,2664044512,9199,584
29323.406294,2664047798,2664048411,9221,613
29323.418311,2664051666,2664052273,8873,607
29323.430350,2664055566,2664056150,9230,584
29323.442364,2664059465,2664060073,9251,608
29323.454382,2664063337,2664063944,8837,607
29323.466415,2664067203,2664067820,9157,617
29323.478434,2664071145,2664071759,9289,614
29323.490455,2664075181,2664075788,11846,607
29323.502481,2664079252,2664079867,12078,615
29323.514502,2664083203,2664083812,9268,609
29323.526524,2664087081,2664087689,8935,608
29323.538548,2664090998,2664091613,9238,615
29323.550566,2664094899,2664095512,9257,613
29323.562587,2664098758,2664099369,8879,611
29323.574619,2664102766,2664103381,12044,615
29323.586636,2664106820,2664107428,12057,608
29323.598654,2664110677,2664111278,8871,601
29323.610690,2664114575,2664115157,9206,582
29323.622711,2664118471,2664119074,9314,603
29323.682824,2664137488,2664138095,12128,607
29323.694843,2664141432,2664142036,9280,604
29323.706867,2664145460,2664146062,11858,602
29323.718895,2664149538,2664150146,12097,608
29323.730909,2664153438,2664154046,9226,608
29323.742927,2664157293,2664157895,8822,602
29323.754964,2664161188,2664161771,9226,583
29323.766976,2664165069,2664165675,9227,606
29323.778996,2664168958,2664169569,8872,611
29323.791033,2664173006,2664173604,12155,598
29323.803047,2664177143,2664177758,11995,615
29323.815078,2664181374,2664181989,12037,615
29323.827099,2664185615,2664186223,12075,608
29323.839119,2664189823,2664190436,12014,613
29323.851147,2664194022,2664194637,12040,615
29323.863168,2664198181,2664198796,12105,615
29323.875186,2664202137,2664202747,9238,610
29323.887206,2664206055,2664206665,8969,610
29323.899238,2664210162,2664210768,12036,606
29323.911253,2664214220,2664214833,12128,613
29323.923276,2664218307,2664218917,11990,610
29323.935307,2664222330,2664222945,12104,615
29323.947321,2664226361,2664226964,12054,603
29323.959338,2664230196,2664230803,8879,607
29323.969872,2664233652,2664234256,12132,604
29324.039004,2664255315,2664255925,9256,610
29324.051018,2664259223,2664259830,9248,607
29324.063044,2664263239,2664263851,11841,612
29324.075072,2664267277,2664267897,9230,620
29324.087086,2664271309,2664271911,9250,602
29324.099104,2664275325,2664275935,8846,610
29324.111139,2664279521,2664280104,11944,583
29324.123157,2664283604,2664284207,12039,603
29324.135178,2664287610,2664288212,11860,602
29324.147206,2664291738,2664292342,12121,604
29324.159222,2664295630,2664296238,9206,608
29324.171248,2664299506,2664300116,8983,610
29324.183279,2664303570,2664304152,11987,582
29324.195292,2664307586,2664308199,12052,613
29324.207315,2664311592,2664312204,11834,612
29324.219345,2664315606,2664316220,12088,614
29324.229854,2664319042,2664319644,8861,602
29324.241893,2664322930,2664323514,9256,584
29324.253908,2664326828,2664327436,9288,608
29324.265924,2664330703,2664331308,8827,605
29324.277961,2664334587,2664335171,9201,584
29324.289974,2664338514,2664339122,12057,608
29324.300501,2664342205,2664342816,12115,611
29324.414707,2664377764,2664378365,8846,601
29324.426741,2664381903,2664382512,12022,609
29324.436332,2664385528,2664386137,11966,609
29324.486850,2664401350,2664401965,9007,615
29324.498877,2664405314,2664405926,8961,612
29324.510901,2664409276,2664409881,9220,605
29324.522920,2664413380,2664413988,12009,608
29324.534947,2664417488,2664418093,12035,605
29324.546968,2664421407,2664422017,9238,610
29324.558987,2664425349,2664425958,8952,609
29324.571014,2664429309,2664429918,8903,609
29324.583040,2664433480,2664434095,12085,615
29324.595056,2664437699,2664438303,12012,604
29324.607084,2664441861,2664442475,12037,614
29324.619106,2664446049,2664446653,12073,604
29324.631124,2664450240,2664450843,12007,603
29324.643152,2664454414,2664455029,12037,615
29324.655174,2664458554,2664459164,12070,610
29324.667194,2664462675,2664463284,12017,609
29324.679221,2664466746,2664467355,12035,609
29324.691243,2664470692,2664471302,9211,610
29324.703261,2664474642,2664475246,8970,604
29324.715287,2664478750,2664479361,12039,611
29324.727313,2664482839,2664483454,12085,615
29324.739329,2664486917,2664487527,12014,610
29324.751357,2664491005,2664491614,12036,609
29324.761874,2664494464,2664495079,9025,615
29324.773907,2664498422,2664498882,7687,460
29324.785931,2664502239,2664502698,7478,459
29324.797942,2664506034,2664506642,8969,608
29324.809969,2664509978,2664510593,8921,615
29324.821993,2664513909,2664514517,9262,608
29324.834011,2664517856,2664518466,8929,610
29324.846038,2664521788,2664522398,8951,610
29324.858062,2664525715,2664526325,9234,610
29324.870079,2664529653,2664530262,8960,609
29324.906147,2664541320,2664541930,12016,610
29324.916673,2664544950,2664545566,12080,616
29324.928332,2664549110,2664549713,11964,603
29324.963261,2664560358,2664560973,12038,615
29324.975283,2664564513,2664565122,12094,609
29324.987301,2664568445,2664569055,8951,610
29324.999329,2664572521,2664573135,12038,614
29325.011354,2664576612,2664577215,12086,603
29325.021873,2664580069,2664580671,8958,602
29325.033896,2664584009,2664584624,9221,615
29325.057943,2664591787,2664592396,8940,609
29325.069964,2664595734,2664596348,9228,614
29325.090999,2664602523,2664603138,8958,615
29325.101526,2664606079,2664606683,12087,604
29325.116554,2664611245,2664611851,12030,606
29325.134587,2664617133,2664617748,12077,615
29325.146612,2664621074,2664621683,9213,609
29325.158629,2664625019,2664625629,8984,610
29325.170656,2664628964,2664629567,8940,603
29325.182680,2664632890,2664633495,9256,605
29325.194698,2664636827,2664637437,8972,610
29325.206723,2664640923,2664641533,12035,610
29325.218748,2664645013,2664645618,12106,605
29325.230767,2664648965,2664649569,8942,604
29325.242793,2664652906,2664653515,8907,609
29325.254816,2664656852,2664657455,9225,603
29325.266833,2664660814,2664661422,8987,608
29325.278860,2664664762,2664665377,8882,615
29325.290884,2664668701,2664669321,9206,620
29325.302902,2664672658,2664673261,8963,603
29325.313428,2664676246,2664676850,12082,604
29325.332964,2664682809,2664683425,12044,616
29325.346488,2664687383,2664687993,12053,610
29325.358513,2664691339,2664691942,9192,603
29325.370531,2664695289,2664695897,8988,608
29325.382557,2664699218,2664699821,8925,603
29325.394582,2664703159,2664703767,9232,608
29325.406598,2664707247,2664707863,12007,616
29325.418626,2664711340,2664711944,12037,604
29325.430648,2664715290,2664715893,9233,603
29325.442668,2664719223,2664719833,8965,610
29325.454694,2664723162,2664723777,8880,615
29325.466718,2664727108,2664727717,9171,609
29325.478736,2664731058,2664731668,8865,610
29325.490763,2664735035,2664735650,8892,615
29325.502787,2664738986,2664739591,9205,605
29325.514803,2664742937,2664743550,8948,613
29325.526833,2664746897,2664747505,8904,608
29325.538858,2664751011,2664751621,12104,610
29325.550871,2664755103,2664755708,11968,605
29325.562900,2664759053,2664759668,8929,615
29325.574924,2664763018,2664763623,9214,605
29325.601977,2664771715,2664772318,12089,603
29325.613994,2664775666,2664776273,8983,607
29325.626021,2664779768,2664780372,12038,604
29325.716192,2664808589,2664809204,12032,615
29325.732725,2664814137,2664814747,12117,610
29325.746252,2664818701,2664819304,12086,603
29325.758270,2664822668,2664823272,9001,604
29325.770297,2664826600,2664827209,8912,609
29325.782321,2664830547,2664831157,9211,610
29325.794338,2664834519,2664835129,8963,610
29325.806364,2664838602,2664839210,12041,608
29325.818388,2664842698,2664843313,12146,615
29325.858963,2664855681,2664856296,9226,615
29325.870982,2664859619,2664860239,8946,620
29325.920577,2664875487,2664876102,8984,615
29325.932604,2664879569,2664880178,12035,609
29325.970172,2664891720,2664892329,12026,609
29325.982200,2664895830,2664896440,12037,610
29326.003238,2664902615,2664903225,9225,610
29326.015257,2664906700,2664907315,12011,615
29326.027286,2664910787,2664911397,12039,610
29326.039306,2664914743,2664915358,9212,615
29326.051323,2664918848,2664919463,11989,615
29326.063353,2664922948,2664923556,12038,608
29326.073871,2664926434,2664927044,8996,610
29326.085902,2664930398,2664930855,7677,457
29326.097920,2664934181,2664934788,9237,607
29326.109939,2664938117,2664938727,8926,610
29326.121966,2664942072,2664942682,12034,610
29326.133986,2664946067,2664946671,12091,604
29326.146006,2664949988,2664950592,8957,604
29326.158033,2664953934,2664954549,8967,615
29326.170057,2664957898,2664958512,9259,614
29326.182075,2664961879,2664962489,8952,610
29326.194101,2664965837,2664966452,8960,615
29326.206126,2664969801,2664970415,9213,614
29326.218140,2664973860,2664974465,12019,605
29326.230170,2664977801,2664978414,8943,613
29326.242193,2664981885,2664982488,12084,603
29326.254212,2664985813,2664986422,9004,609
29326.266238,2664989766,2664990381,8940,615
29326.278263,2664993735,2664994340,9177,605
29326.290280,2664997674,2664998284,8919,610
29326.302307,2665001614,2665002224,8944,610
29326.314331,2665005535,2665006138,9245,603
29326.326349,2665009488,2665010098,8990,610
29326.338376,2665013596,2665014206,12039,610
29326.350400,2665017697,2665018300,12100,603
29326.362419,2665021649,2665022252,8958,603
29326.374445,2665025592,2665026207,8970,615
29326.386470,2665029562,2665030177,9256,615
29326.398487,2665033528,2665034143,8946,615
29326.410514,2665037484,2665038088,8932,604
29326.422538,2665041447,2665042050,9207,603
29326.434552,2665045535,2665046145,11975,610
29326.446582,2665049488,2665050091,8930,603
29326.458607,2665053420,2665054035,9240,615
29326.470624,2665057375,2665057990,8965,615
29326.482651,2665061328,2665061938,8911,610
29326.494676,2665065264,2665065868,9245,604
29326.506693,2665069207,2665069817,9011,610
29326.518720,2665073134,2665073743,8953,609
29326.530744,2665077054,2665077661,9259,607
29326.542760,2665081029,2665081644,8975,615
29326.554787,2665085112,2665085721,12039,609
29326.566812,2665089205,2665089815,12104,610
29326.578828,2665093137,2665093741,8926,604
29326.590855,2665097070,2665097673,8962,603
29326.602879,2665101022,2665101637,9178,615
29326.614897,2665104986,2665105594,8977,608
29326.626923,2665108929,2665109544,8928,615
29326.714087,2665136824,2665137426,12015,602
29326.726115,2665140756,2665141376,8975,620
29326.738138,2665144845,2665145459,12085,614
29326.750153,2665149071,2665149681,11975,610
29326.762183,2665153032,2665153642,8915,610
29326.774208,2665156983,2665157598,9217,615
29326.786225,2665160936,2665161546,8975,610
29326.798252,2665164883,2665165502,8971,619
29326.810276,2665168846,2665169460,9228,614
29326.822293,2665172797,2665173407,8948,610
29326.834320,2665176750,2665177365,8927,615
29326.846345,2665180706,2665181313,9245,607
29326.858362,2665184635,2665185250,8983,615
29326.870389,2665188586,2665189206,8929,620
29326.918480,2665204070,2665204674,12081,604
29326.930499,2665208013,2665208626,8930,613
29326.942526,2665211962,2665212577,8938,615
29326.954547,2665216051,2665216666,12085,615
29326.966563,2665220146,2665220761,11977,615
29326.978593,2665224097,2665224710,8932,613
29327.050730,2665247293,2665247908,12033,615
29327.062753,2665251246,2665251854,9216,608
29327.074772,2665255199,2665255814,8943,615
29327.086798,2665259149,2665259758,8939,609
29327.098821,2665263086,2665263701,9183,615
29327.110839,2665267034,2665267649,8969,615
29327.122865,2665270999,2665271608,8894,609
29327.134890,2665274968,2665275571,9258,603
29327.146907,2665278909,2665279527,8994,618
29327.158936,2665282883,2665283498,8938,615
29327.170962,2665286992,2665287597,12089,605
29327.182975,2665291075,2665291680,11974,605
29327.195004,2665295017,2665295627,8962,610
29327.207030,2665299099,2665299709,12087,610
29327.219046,2665303262,2665303877,12005,615
29327.231074,2665307463,2665308073,12035,610
29327.243095,2665311667,2665312277,12112,610
29327.255114,2665315673,2665316283,8977,610
29327.267142,2665319798,2665320413,12040,615
29327.279166,2665323951,2665324559,12071,608
29327.291183,2665328055,2665328670,12010,615
29327.303213,2665332150,2665332765,12056,615
29327.315233,2665336234,2665336847,12075,613
29327.327251,2665340319,2665340929,12051,610
29327.339278,2665344259,2665344868,8934,609
29327.351302,2665348173,2665348781,9282,608
29327.363319,2665352268,2665352876,8950,608
29327.375347,2665356346,2665356961,12042,615
29327.385864,2665359824,2665360434,9001,610
29327.397890,2665363772,2665364378,8963,606
29327.409916,2665367727,2665368340,9253,613
29327.421933,2665371679,2665372284,8976,605
29327.433959,2665375622,2665376227,8902,605
29327.445983,2665379585,2665380203,12082,618
29327.458002,2665383543,2665384148,8982,605
29327.470028,2665387461,2665388070,8913,609
29327.482052,2665391387,2665391991,9224,604
29327.494070,2665395356,2665395966,8961,610
29327.506096,2665399288,2665399908,8921,620
29327.518121,2665403242,2665403846,9218,604
29327.530138,2665407177,2665407791,8968,614
29327.542165,2665411137,2665411752,8949,615
29327.554189,2665415215,2665415835,12104,620
29327.566204,2665419460,2665420070,11981,610
29327.578234,2665423424,2665424034,8914,610
29327.590258,2665427370,2665427985,9245,615
29327.602275,2665431321,2665431941,8986,620
29327.614302,2665435285,2665435888,8930,603
29327.626326,2665439374,2665439989,12089,615
29327.638344,2665443335,2665443945,8940,610
29327.650370,2665447291,2665447901,8926,610
29327.662395,2665451246,2665451843,9241,597
29327.674413,2665455187,2665455802,8965,615
29327.686439,2665459130,2665459745,8934,615
29327.698463,2665463078,2665463693,9180,615
29327.710481,2665467043,2665467653,8962,610
29327.722507,2665470983,2665471598,8904,615
29327.734531,2665474923,2665475533,9212,610
29327.746549,2665478873,2665479476,8924,603
29327.758576,2665482797,2665483412,8934,615
29327.770601,2665486896,2665487516,12089,620
29327.782615,2665491007,2665491616,11973,609
29327.794646,2665494956,2665495561,8931,605
29327.806671,2665498901,2665499511,9249,610
29327.818688,2665502860,2665503470,8995,610
29327.830715,2665506814,2665507424,8903,610
29327.842739,2665510766,2665511369,9242,603
29327.854757,2665514703,2665515318,9013,615
29327.866783,2665518660,2665519274,8940,614
29327.878808,2665522590,2665523193,9224,603
29327.890824,2665526537,2665527141,8985,604
29327.902851,2665530463,2665531078,8967,615
29327.914874,2665534406,2665535021,9220,615
29327.926892,2665538356,2665538971,8990,615
29327.938919,2665542307,2665542917,8943,610
29327.950943,2665546404,2665547009,12102,605
29327.962961,2665550352,2665550965,8969,613
29327.974986,2665554312,2665554927,8913,615
29327.987011,2665558428,2665559033,12085,605
29327.999026,2665562554,2665563164,11977,610
29328.011056,2665566718,2665567323,12060,605
29328.023079,2665570905,2665571510,12105,605
29328.035097,2665575051,2665575656,12016,605
29328.047125,2665579234,2665579855,12041,621
29328.059146,2665583389,2665583994,12076,605
29328.071165,2665587382,2665587997,8982,615
29328.083191,2665591360,2665591970,8930,610
29328.095218,2665595473,2665596076,12088,603
29328.107234,2665599556,2665600161,12030,605
29328.119263,2665603631,2665604241,12039,610
29328.131285,2665607783,2665608403,12071,620
29328.143302,2665611891,2665612496,12008,605
29328.155328,2665615823,2665616443,8938,620
29328.165848,2665619313,2665619773,7624,460
29328.177881,2665623273,2665623733,7660,460
29328.189899,2665627086,2665627691,9229,605
29328.201918,2665631026,2665631634,8942,608
29328.213943,2665634951,2665635557,8959,606
29328.225969,2665638893,2665639508,9230,615
29328.237984,2665642851,2665643461,8970,610
29328.298105,2665662148,2665662768,11993,620
29328.310124,2665666121,2665666730,9015,609
29328.322150,2665670070,2665670680,8929,610
29328.334174,2665674019,2665674633,9185,614
29328.346192,2665677963,2665678577,8979,614
29328.358218,2665681903,2665682512,8948,609
29328.370242,2665685996,2665686605,12096,609
29328.382257,2665690241,2665690851,11992,610
29328.394287,2665694189,2665694804,8918,615
29328.406311,2665698144,2665698753,9246,609
29328.418329,2665702089,2665702699,8996,610
29328.430355,2665706307,2665706891,11989,584
29328.442372,2665710225,2665710840,9289,615
29328.454391,2665714123,2665714725,8916,602
29328.466425,2665718005,2665718589,9248,584
29328.478443,2665721916,2665722534,9276,618
29328.490456,2665725840,2665726441,8790,601
29328.502493,2665729890,2665730474,11974,584
29328.514509,2665733785,2665734389,9264,604
29328.526527,2665737631,2665738233,8848,602
29328.538561,2665741560,2665742164,9221,604
29328.579135,2665754479,2665755082,12130,603
29328.591154,2665758647,2665759255,12084,608
29328.603174,2665762726,2665763333,11836,607
29328.615205,2665766816,2665767420,12097,604
29328.627219,2665770845,2665771448,9242,603
29328.639243,2665774861,2665775467,11838,606
29328.651272,2665778906,2665779515,12074,609
29328.663288,2665782950,2665783553,12062,603
29328.675314,2665786920,2665787522,11824,602
29328.687345,2665790848,2665791432,9225,584
29328.697860,2665794270,2665794732,7575,462
29328.709887,2665798034,2665798618,9168,584
29328.721906,2665801949,2665802552,9284,603
29328.733929,2665805881,2665806496,8989,615
29328.745957,2665809749,2665810332,9208,583
29328.757975,2665813652,2665814256,9272,604
29328.769992,2665817543,2665818145,11850,602
29328.782023,2665821472,2665822076,12053,604
29328.794043,2665825417,2665826031,9285,614
29328.806058,2665829270,2665829871,8889,601
29328.818096,2665833187,2665833771,9222,584
29328.830113,2665837241,2665837855,12087,614
29328.842128,2665841166,2665841778,8845,612
29328.854163,2665845129,2665845713,9213,584
29328.866180,2665849089,2665849709,9271,620
29328.878194,2665853014,2665853629,8816,615
29328.890230,2665856927,2665857511,9165,584
29328.902244,2665861006,2665861620,12020,614
29328.914264,2665864878,2665865485,8880,607
29328.926303,2665868759,2665869341,9213,582
29328.938317,2665872645,2665873254,9303,609
29328.950336,2665876697,2665877307,11973,610
29328.962367,2665880565,2665881148,9176,583
29328.974384,2665884500,2665885109,9247,609
29328.986401,2665888560,2665889161,11801,601
29328.998433,2665892631,2665893214,11966,583
29329.010452,2665896554,2665897158,9256,604
29329.022471,2665900390,2665901002,8906,612
29329.034506,2665904322,2665904931,9237,609
29329.046523,2665908245,2665908850,9271,605
29329.058538,2665912105,2665912712,8871,607
29329.070571,2665915984,2665916589,9213,605
29329.082590,2665919911,2665920515,9260,604
29329.094608,2665923757,2665924367,8874,610
29329.106640,2665927661,2665928264,9202,603
29329.118659,2665931748,2665932352,12045,604
29329.130681,2665935606,2665936216,8950,610
29329.142706,2665939492,2665940097,9179,605
29329.154726,2665943427,2665944042,9261,615
29329.166745,2665947287,2665947889,8890,602
29329.178778,2665951195,2665951809,9084,614
29329.190796,2665955145,2665955744,9197,599
29329.202816,2665959172,2665959784,11840,612
29329.214845,2665963210,2665963794,11964,584
29329.226869,2665967116,2665967731,9307,615
29329.238878,2665971013,2665971614,8839,601
29329.250916,2665974899,2665975482,9226,583
29329.262928,2665978770,2665979384,9244,614
29329.274949,2665982630,2665983232,8918,602
29329.286984,2665986544,2665987127,9190,583
29329.298998,2665990433,2665991041,9238,608
29329.311023,2665994475,2665995091,11845,616
29329.323050,2665998580,2665999164,11940,584
29329.335068,2666002689,2666003297,12087,608
29329.347090,2666006782,2666007389,11840,607
29329.359120,2666010921,2666011531,12111,610
29329.371133,2666014917,2666015525,9193,608
29329.383154,2666018835,2666019441,8902,606
29329.395191,2666022896,2666023498,12081,602
29329.407205,2666027014,2666027617,12080,603
29329.419226,2666031024,2666031631,11821,607
29329.431255,2666035074,2666035684,12075,610
29329.443272,2666039124,2666039731,12104,607
29329.455298,2666043107,2666043714,11821,607
29329.467326,2666047169,2666047783,12080,614
29329.479344,2666051235,2666051851,12043,616
29329.489870,2666054645,2666055228,9212,583
29329.501890,2666058528,2666058986,7363,458
29329.513911,2666062318,2666062775,7540,457
29329.525941,2666066039,2666066649,9063,610
29329.537956,2666069937,2666070544,9192,607
29329.549973,2666073847,2666074454,8824,607
29329.562009,2666077743,2666078326,9174,583
29329.574029,2666081636,2666082251,9319,615
29329.586042,2666085605,2666086217,11812,612
29329.598073,2666089573,2666090157,11961,584
29329.610094,2666093485,2666094088,9264,603
29329.622115,2666097492,2666098096,11984,604
29329.670213,2666112768,2666113351,11986,583
29329.682231,2666116662,2666117271,9274,609
29329.694247,2666120577,2666121187,8871,610
29329.706283,2666124491,2666125074,9211,583
29329.718297,2666128541,2666129151,12019,610
29329.730318,2666132584,2666133196,11832,612
29329.742352,2666136475,2666137059,9226,584
29329.754369,2666140369,2666140984,9255,615
29329.766384,2666144264,2666144871,8887,607
29329.778423,2666148166,2666148749,9230,583
29329.790436,2666152068,2666152683,9310,615
29329.802455,2666156089,2666156690,11838,601
29329.814485,2666160123,2666160707,11964,584
29329.826504,2666164032,2666164636,9226,604
29329.838522,2666167885,2666168486,8849,601
29329.850558,2666171762,2666172372,9244,610
29329.862573,2666175696,2666176305,9241,609
29329.874596,2666179581,2666180190,8961,609
29329.886620,2666183471,2666184080,9214,609
29329.898641,2666187395,2666188004,9207,609
29329.910659,2666191268,2666191878,8885,610
29329.922693,2666195179,2666195789,9020,610
29329.934708,2666199259,2666199860,12090,601
29329.946729,2666203252,2666203863,11823,611
29329.958766,2666207132,2666207715,9192,583
29329.970784,2666211180,2666211795,12095,615
29329.982801,2666215095,2666215710,8979,615
29330.006843,2666222920,2666223527,12016,607
29330.018867,2666226952,2666227554,11836,602
29330.030896,2666230995,2666231610,12083,615
29330.042916,2666234944,2666235548,9259,604
29330.054931,2666238790,2666239397,8849,607
29330.066968,2666242686,2666243270,9247,584
29330.078983,2666246588,2666247204,9236,616
29330.091005,2666250610,2666251222,11840,612
29330.103032,2666254566,2666255181,9190,615
29330.115048,2666258591,2666259199,9223,608
29330.127075,2666262684,2666263294,11842,610
29330.139102,2666266833,2666267443,12074,610
29330.151119,2666270970,2666271578,12064,608
29330.163143,2666275026,2666275639,11816,613
29330.175172,2666279143,2666279751,12076,608
29330.187187,2666283128,2666283736,9245,608
29330.199204,2666286993,2666287601,8856,608
29330.211243,2666291053,2666291635,11979,582
29330.223259,2666295235,2666295839,12041,604
29330.235277,2666299237,2666299849,11838,612
29330.247307,2666303247,2666303857,12084,610
29330.259324,2666307290,2666307898,12059,608
29330.271348,2666311308,2666311923,12020,615
29330.281869,2666314743,2666315352,9294,609
29330.293888,2666318660,2666319275,8843,615
29330.305921,2666322571,2666323153,9224,582
29330.317944,2666326471,2666327079,12106,608
29330.329956,2666330419,2666331033,11801,614
29330.341991,2666334320,2666334904,9198,584
29330.354006,2666338201,2666338804,9191,603
29330.366027,2666342104,2666342706,8890,602
29330.378061,2666345990,2666346574,9197,584
29330.390078,2666349898,2666350502,9250,604
29330.402095,2666353886,2666354488,11830,602
29330.414126,2666357884,2666358468,11954,584
29330.426147,2666361804,2666362403,9274,599
29330.438162,2666365661,2666366268,8822,607
29330.450200,2666369587,2666370170,9250,583
29330.462211,2666373466,2666374068,9187,602
29330.474232,2666377379,2666377991,8836,612
29330.486270,2666381252,2666381836,9213,584
29330.498284,2666385174,2666385789,9251,615
29330.510299,2666389032,2666389636,8860,604
29330.522336,2666392965,2666393549,9218,584
29330.534347,2666396987,2666397595,12028,608
29330.546370,2666401011,2666401613,11829,602
29330.558404,2666404944,2666405528,9147,584
29330.570421,2666408869,2666409484,9226,615
29330.582436,2666412722,2666413329,8876,607
29330.594471,2666416618,2666417201,9174,583
29330.606485,2666420504,2666421106,9239,602
29330.618508,2666424579,2666425194,11996,615
29330.630537,2666428665,2666429249,11975,584
29330.642557,2666432582,2666433191,9286,609
29330.654574,2666436445,2666437051,8908,606
29330.666608,2666440369,2666440979,9044,610
29330.678623,2666444282,2666444895,9223,613
29330.690642,2666448146,2666448753,8879,607
29330.702679,2666452027,2666452611,9204,584
29330.714698,2666455928,2666456532,9315,604
29330.726710,2666459817,2666460417,8903,600
29330.738742,2666463716,2666464326,9200,610
29330.750764,2666467799,2666468403,12061,604
29330.762779,2666471802,2666472409,11791,607
29330.774809,2666475714,2666476317,9234,603
29330.786826,2666479605,2666480213,9190,608
29330.798847,2666483458,2666484059,8900,601
29330.810879,2666487340,2666487954,9195,614
29330.822896,2666491251,2666491864,9220,613
29330.834920,2666495283,2666495885,11839,602
29330.846946,2666499294,2666499902,12068,608
29330.858967,2666503221,2666503825,9246,604
29330.870982,2666507099,2666507706,8883,607
29330.970178,2666538305,2666538912,11837,607
29330.982205,2666542345,2666542928,11962,583
29331.027291,2666556629,2666557238,12085,609
29331.039307,2666560680,2666561293,12070,613
29331.051331,2666564708,2666565310,11836,602
29331.063362,2666568748,2666569351,12043,603
29331.073870,2666572171,2666572773,8850,602
29331.085905,2666576076,2666576659,9197,583
29331.097921,2666579979,2666580588,9242,609
29331.109941,2666583896,2666584507,8851,611
29331.121976,2666587805,2666588389,9205,584
29331.133987,2666591697,2666592312,12022,615
29331.146010,2666595630,2666596232,11819,602
29331.158044,2666599507,2666600091,9183,584
29331.170059,2666603385,2666603993,9171,608
29331.182077,2666607281,2666607893,8859,612
29331.194112,2666611152,2666611736,9183,584
29331.206126,2666615036,2666615644,9189,608
29331.218146,2666619061,2666619673,11814,612
29331.230177,2666623096,2666623680,11967,584
29331.242197,2666627060,2666627664,9234,604
29331.254216,2666630943,2666631544,8902,601
29331.266254,2666634826,2666635409,9214,583
29331.278268,2666638792,2666639402,9272,610
29331.290282,2666642675,2666643282,8819,607
29331.302320,2666646555,2666647139,9220,584
29331.314334,2666650457,2666651067,9240,610
29331.326352,2666654352,2666654961,8838,609
29331.338388,2666658253,2666658837,9220,584
29331.350401,2666662320,2666662924,12020,604
29331.362423,2666666389,2666667004,12015,615
29331.374454,2666670276,2666670859,9205,583
29331.386471,2666674205,2666674810,9243,605
29331.398489,2666678064,2666678671,8907,607
29331.410524,2666681948,2666682567,9068,619
29331.420343,2666685739,2666686350,11962,611
29331.434561,2666691387,2666692011,12732,624
29331.622423,2666745089,2666745691,9194,602
29331.638951,2666749532,2666750141,9213,609
29331.650972,2666753596,2666754203,11806,607
29331.663000,2666757691,2666758301,12057,610
29331.675018,2666761643,2666762251,9263,608
29331.687040,2666765722,2666766330,11845,608
29331.699072,2666769828,2666770438,12154,610
29331.711088,2666774026,2666774639,12043,613
29331.723108,2666778129,2666778736,11845,607
29331.735138,2666782141,2666782751,9179,610
29331.747152,2666786072,2666786675,9221,603
29331.759176,2666790123,2666790730,11980,607
29331.771208,2666794184,2666794767,11991,583
29331.783223,2666798194,2666798802,12104,608
29331.795247,2666802222,2666802824,11832,602
29331.807277,2666806239,2666806854,12062,615
29331.819292,2666810282,2666810884,12087,602
29331.831311,2666814132,2666814744,8895,612
29331.843346,2666818229,2666818837,12071,608
29331.853853,2666821685,2666822292,8859,607
29331.865893,2666825621,2666826205,9229,584
29331.877907,2666829536,2666830146,9223,610
29331.889923,2666833438,2666834040,8875,602
29331.901962,2666837302,2666837886,9227,584
29331.913976,2666841211,2666841820,9250,609
29331.925991,2666845096,2666845707,8875,611
29331.938026,2666849018,2666849602,9155,584
29331.950038,2666852901,2666853510,12022,609
29331.962060,2666856834,2666857446,11822,612
29331.974095,2666860748,2666861331,9187,583
29331.986109,2666864618,2666865218,9220,600
29331.998129,2666868496,2666869098,8838,602
29332.010167,2666872447,2666873031,9222,584
29332.022180,2666876328,2666876931,9212,603
29332.034199,2666880364,2666880971,11829,607
29332.046230,2666884404,2666884988,11952,584
29332.058250,2666888334,2666888932,9264,598
29332.070265,2666892148,2666892755,8883,607
29332.082304,2666896068,2666896652,9226,584
29332.094318,2666899974,2666900584,9233,610
29332.106343,2666903873,2666904483,9002,610
29332.118370,2666907745,2666908328,9243,583
29332.130388,2666911648,2666912251,9281,603
29332.142402,2666915496,2666916106,8851,610
29332.154436,2666919407,2666920011,9102,604
29332.166454,2666923474,2666924078,12046,604
29332.178473,2666927475,2666928077,11809,602
29332.190508,2666931402,2666931986,9223,584
29332.202526,2666935287,2666935900,9310,613
29332.214539,2666939171,2666939775,8889,604
29332.226572,2666943114,2666943734,9188,620
29332.237084,2666946687,2666947294,11827,607
29332.250610,2666951201,2666951802,11834,601
29332.262642,2666955242,2666955826,11960,584
29332.274662,2666959160,2666959759,9310,599
29332.286682,2666962992,2666963573,8953,581
29332.298715,2666966894,2666967478,9233,584
29332.310728,2666970801,2666971405,9230,604
29332.322750,2666974618,2666975200,8913,582
29332.334784,2666978458,2666979042,9197,584
29332.346799,2666982334,2666982937,9288,603
29332.358816,2666986211,2666986789,8950,578
29332.370849,2666990088,2666990672,9208,584
29332.382865,2666994052,2666994653,11935,601
29332.394883,2666998020,2666998621,11801,601
29332.406916,2667001955,2667002570,9265,615
29332.418933,2667005892,2667006501,9284,609
29332.430953,2667009726,2667010307,8964,581
29332.442985,2667013596,2667014179,9189,583
29332.455003,2667017493,2667018102,9233,609
29332.467023,2667021638,2667022219,11963,581
29332.479052,2667025690,2667026274,11965,584
29332.491068,2667029761,2667030361,11947,600
29332.503093,2667033817,2667034430,11886,613
29332.515125,2667037938,2667038543,12114,605
29332.527137,2667042051,2667042661,11878,610
29332.539160,2667046052,2667046634,11967,582
29332.551188,2667049988,2667050593,9020,605
29332.563204,2667053912,2667054519,9275,607
29332.575231,2667057896,2667058501,11844,605
29332.587258,2667061969,2667062553,11944,584
29332.599282,2667065959,2667066564,11986,605
29332.611299,2667069957,2667070564,11841,607
29332.623328,2667074019,2667074629,12072,610
29332.635341,2667078039,2667078638,11865,599
29332.645875,2667081407,2667081989,9199,582
29332.657888,2667085246,2667085847,9167,601
29332.669908,2667089305,2667089887,8912,582
29332.681941,2667093206,2667093790,9213,584
29332.693955,2667097074,2667097678,9243,604
29332.705975,2667100963,2667101545,8926,582
29332.718011,2667104815,2667105399,9209,584
29332.730025,2667108675,2667109283,9212,608
29332.742045,2667112567,2667113147,8959,580
29332.754081,2667116482,2667117066,9199,584
29332.766092,2667120405,2667121011,11926,606
29332.778112,2667124427,2667125034,11823,607
29332.790147,2667128336,2667128919,9196,583
29332.802164,2667132261,2667132869,9263,608
29332.814185,2667136118,2667136699,8969,581
29332.826219,2667139940,2667140522,9164,582
29332.838231,2667143810,2667144423,9229,613
29332.850257,2667147782,2667148387,8972,605
29332.862283,2667151838,2667152422,11966,584
29332.874303,2667155747,2667156345,9253,598
29332.886323,2667159608,2667160189,8976,581
29332.898351,2667163509,2667164114,9049,605
29332.910370,2667167434,2667168043,9275,609
29332.922390,2667171286,2667171867,8949,581
29332.934425,2667175099,2667175681,9202,582
29332.946444,2667179010,2667179620,9276,610
29332.958460,2667182862,2667183442,8968,580
29332.970485,2667186736,2667187340,9224,604
29333.030597,2667205793,2667206400,11838,607
29333.042628,2667209716,2667210300,9198,584
29333.054645,2667213633,2667214248,9235,615
29333.066660,2667217521,2667218127,8873,606
29333.078691,2667221582,2667222186,12080,604
29333.090712,2667225516,2667226123,9234,607
29333.102729,2667229392,2667229973,8948,581
29333.114766,2667233249,2667233864,9272,615
29333.126782,2667237186,2667237790,9283,604
29333.138797,2667241022,2667241623,8883,601
29333.150832,2667244942,2667245551,9209,609
29333.162847,2667248868,2667249483,9265,615
29333.174868,2667252698,2667253278,8957,580
29333.186900,2667256575,2667257159,9210,584
29333.198920,2667260588,2667261196,12041,608
29333.210934,2667264551,2667265153,11802,602
29333.222965,2667268453,2667269063,9210,610
29333.234981,2667272375,2667272977,9170,602
29333.247008,2667276331,2667276932,11840,601
29333.259037,2667280377,2667280990,12091,613
29333.271055,2667284510,2667285115,12041,605
29333.283073,2667288648,2667289226,11959,578
29333.295105,2667292784,2667293404,12066,620
29333.307119,2667296896,2667297501,11879,605
29333.319143,2667300941,2667301518,11963,577
29333.331171,2667304962,2667305541,11983,579
29333.343197,2667308942,2667309553,12001,611
29333.355213,2667312959,2667313567,11857,608
29333.367244,2667317000,2667317605,9276,605
29333.379260,2667320938,2667321553,9243,615
29333.391282,2667324926,2667325536,11842,610
29333.403314,2667328990,2667329605,12089,615
29333.415327,2667332988,2667333589,11882,601
29333.425855,2667336412,2667336997,9221,585
29333.439378,2667341013,2667341618,12061,605
29333.452332,2667346107,2667346716,12030,609
29333.473938,2667352482,2667353085,11989,603
29333.485970,2667356443,2667357053,8936,610
29333.497993,2667360394,2667361009,9238,615
29333.510012,2667364348,2667364953,8974,605
29333.522039,2667368306,2667368915,8932,609
29333.534063,2667372254,2667372869,9229,615
29333.546080,2667376221,2667376836,8973,615
29333.558107,2667380178,2667380796,8944,618
29333.570132,2667384154,2667384769,9218,615
29333.582145,2667388227,2667388830,11978,603
29333.594174,2667392283,2667392893,12045,610
29333.606201,2667396242,2667396857,9274,615
29333.618218,2667400201,2667400811,8989,610
29333.630244,2667404165,2667404768,8986,603
29333.642266,2667408118,2667408727,9050,609
29333.654287,2667412060,2667412670,8979,610
29333.666313,2667416012,2667416627,8922,615
29333.678337,2667419968,2667420576,9178,608
29333.690358,2667423927,2667424530,9027,603
29333.702380,2667427874,2667428483,8905,609
29333.714404,2667431811,2667432426,9228,615
29333.726422,2667435753,2667436362,8949,609
29333.738448,2667439697,2667440305,8953,608
29333.750472,2667443649,2667444251,9262,602
29333.762490,2667447600,2667448204,8953,604
29333.774517,2667451532,2667452145,8968,613
29333.786541,2667455466,2667456086,9184,620
29333.798558,2667459575,2667460180,12058,605
29333.810586,2667463662,2667464272,12039,610
29333.822609,2667467615,2667468219,9240,604
29333.834632,2667471617,2667472237,8937,620
29333.846654,2667475782,2667476392,12042,610
29333.858678,2667479776,2667480396,8985,620
29333.870701,2667483778,2667484393,8947,615
29333.882724,2667487786,2667488406,8917,620
29333.894747,2667491930,2667492550,12035,620
29333.906766,2667495895,2667496493,8925,598
29333.918793,2667499848,2667500457,8936,609
29333.930816,2667503790,2667504400,9254,610
29333.942833,2667507855,2667508460,8975,605
29333.954859,2667511808,2667512418,8938,610
29333.966884,2667515774,2667516382,9208,608
29333.978900,2667519880,2667520495,11975,615
29333.993936,2667524958,2667525573,12074,615
29334.010464,2667530367,2667530827,7598,460
29334.022490,2667534163,2667534772,8954,609
29334.034515,2667538098,2667538701,9240,603
29334.046531,2667542046,2667542656,8969,610
29334.058559,2667546013,2667546622,8969,609
29334.070583,2667549969,2667550578,9265,609
29334.082599,2667554062,2667554677,12015,615
29334.094625,2667558051,2667558656,8885,605
29334.106649,2667562150,2667562753,12129,603
29334.130693,2667570038,2667570641,12036,603
29334.142716,2667573993,2667574608,9218,615
29334.154736,2667577940,2667578550,8939,610
29334.166762,2667581885,2667582490,8937,605
29334.178787,2667585832,2667586447,9202,615
29334.190803,2667589787,2667590405,8946,618
29334.202831,2667593735,2667594350,8925,615
29334.214856,2667597815,2667598425,12088,610
29334.226869,2667601911,2667602521,11973,610
29334.238898,2667605859,2667606463,8938,604
29334.250922,2667609802,2667610412,9257,610
29334.262940,2667613764,2667614384,8963,620
29334.274966,2667617741,2667618345,8935,604
29334.286990,2667621678,2667622288,9055,610
29334.299011,2667625858,2667626473,12015,615
29334.311035,2667629847,2667630457,8917,610
29334.323060,2667634013,2667634616,12085,603
29334.335083,2667638224,2667638839,12039,615
29334.347105,2667642441,2667643051,12051,610
29334.359129,2667646605,2667647215,12091,610
29334.371146,2667650724,2667651339,12012,615
29334.383172,2667654688,2667655302,8941,614
29334.395195,2667658716,2667659331,9193,615
29334.407216,2667662816,2667663433,12011,617
29334.419244,2667666894,2667667509,12039,615
29334.431264,2667670971,2667671580,12071,609
29334.443283,2667675067,2667675677,12010,610
29334.455313,2667679136,2667679741,12038,605
29334.467334,2667683202,2667683811,12071,609
29334.477855,2667686675,2667687280,8959,605
29334.489885,2667690640,2667691103,7543,463
29334.500397,2667694221,2667694831,12043,610
29334.513924,2667698666,2667699270,12042,604
29334.525947,2667702605,2667703220,9227,615
29334.537966,2667706561,2667707164,8971,603
29334.549992,2667710507,2667711127,8933,620
29334.562015,2667714489,2667715099,12082,610
29334.574034,2667718451,2667719063,9000,612
29334.586061,2667722388,2667722998,8967,610
29334.598085,2667726359,2667726969,9258,610
29334.610099,2667730403,2667731013,12022,610
29334.622129,2667734365,2667734970,8929,605
29334.634150,2667738314,2667738922,9040,608
29334.694267,2667757505,2667758120,8920,615
29334.706293,2667761600,2667762218,9221,618
29334.718310,2667765554,2667766157,8965,603
29334.730336,2667769505,2667770115,8913,610
29334.742359,2667773463,2667774078,9203,615
29334.754378,2667777424,2667778034,8978,610
29334.766405,2667781373,2667781987,8885,614
29334.778429,2667785324,2667785944,9270,620
29334.790447,2667789285,2667789898,8955,613
29334.802473,2667793235,2667793855,8904,620
29334.814497,2667797314,2667797929,12091,615
29334.826511,2667801422,2667802032,11978,610
29334.838542,2667805363,2667805978,8961,615
29334.850566,2667809309,2667809919,9243,610
29334.862584,2667813250,2667813865,8945,615
29334.874610,2667817195,2667817810,8904,615
29334.886634,2667821147,2667821761,9267,614
29334.898652,2667825097,2667825707,8969,610
29334.910677,2667829081,2667829701,8936,620
29334.922702,2667833051,2667833670,9246,619
29334.934716,2667837170,2667837780,11989,610
29334.946746,2667841117,2667841727,8933,610
29334.958770,2667845056,2667845666,9232,610
29334.970784,2667849150,2667849765,11972,615
29335.002347,2667859407,2667860011,12011,604
29335.014375,2667863492,2667864107,12038,615
29335.026397,2667867576,2667868191,12093,615
29335.038417,2667871533,2667872143,8947,610
29335.050443,2667875495,2667876115,8970,620
29335.062468,2667879467,2667880082,9189,615
29335.074485,2667883432,2667884037,8932,605
29335.086512,2667887410,2667888016,8866,606
29335.098536,2667891357,2667891977,9222,620
29335.110553,2667895365,2667895974,8970,609
29335.122580,2667899306,2667899918,8906,612
29335.134604,2667903256,2667903866,9222,610
29335.146622,2667907363,2667907973,12015,610
29335.158649,2667911309,2667911929,8915,620
29335.170673,2667915276,2667915896,9207,620
29335.182691,2667919224,2667919834,8961,610
29335.194717,2667923177,2667923787,8921,610
29335.206742,2667927117,2667927734,9255,617
29335.218759,2667931080,2667931690,8991,610
29335.230788,2667935191,2667935795,12040,604
29335.242808,2667939273,2667939888,12086,615
29335.254827,2667943252,2667943856,8981,604
29335.266853,2667947214,2667947828,8947,614
29335.278876,2667951169,2667951783,9035,614
29335.290895,2667955125,2667955741,8982,616
29335.302922,2667959077,2667959686,8885,609
29335.314947,2667963029,2667963644,9251,615
29335.326970,2667967042,2667967652,9028,610
29335.338991,2667970981,2667971600,8937,619
29335.351016,2667974952,2667975562,9257,610
29335.363034,2667979087,2667979691,12013,604
29335.375062,2667983263,2667983873,12042,610
29335.387087,2667987448,2667988062,12107,614
29335.399102,2667991506,2667992115,8969,609
29335.411129,2667995503,2667996118,8912,615
29335.423155,2667999606,2668000219,12085,613
29335.435173,2668003724,2668004339,12014,615
29335.447199,2668007852,2668008456,12050,604
29335.459221,2668011942,2668012557,12070,615
29335.471239,2668016031,2668016641,12011,610
29335.483266,2668020125,2668020730,12053,605
29335.495292,2668024199,2668024809,12083,610
29335.507310,2668028266,2668028881,12008,615
29335.519335,2668032417,2668033031,12038,614
29335.529853,2668035907,2668036367,7612,460
29335.541884,2668039737,2668040202,7650,465
29335.553901,2668043550,2668044160,9230,610
29335.565920,2668047500,2668048109,8964,609
29335.577947,2668051454,2668052064,8952,610
29335.589971,2668055411,2668056019,9256,608
29335.601989,2668059376,2668059985,8967,609
29335.614015,2668063366,2668063981,12043,615
29335.626037,2668067399,2668068014,12041,615
29335.638058,2668071348,2668071953,8947,605
29335.650084,2668075306,2668075910,8953,604
29335.662109,2668079241,2668079851,9229,610
29335.674131,2668083184,2668083800,9004,616
29335.686153,2668087137,2668087746,8896,609
29335.698177,2668091080,2668091695,9240,615
29335.710195,2668095042,2668095646,8965,604
29335.722222,2668099006,2668099614,8936,608
29335.734246,2668102949,2668103553,9245,604
29335.746261,2668107046,2668107649,12005,603
29335.758292,2668111136,2668111751,12039,615
29335.770314,2668115092,2668115701,9195,609
29335.782334,2668119037,2668119647,8972,610
29335.794359,2668122977,2668123592,8954,615
29335.806385,2668126935,2668127548,9241,613
29335.818402,2668130893,2668131503,9022,610
29335.830428,2668134989,2668135604,12079,615
29335.842450,2668139074,2668139684,12134,610
29335.854470,2668143040,2668143645,8965,605
29335.866497,2668146987,2668147602,8952,615
29335.878520,2668150922,2668151526,9232,604
29335.890539,2668154853,2668155464,8976,611
29335.902565,2668158795,2668159410,8901,615
29335.914590,2668162765,2668163374,9236,609
29335.926605,2668166756,2668167360,8976,604
29335.938632,2668170702,2668171304,8910,602
29335.950657,2668174647,2668175256,9248,609
29335.962673,2668178747,2668179357,12010,610
29335.974701,2668182690,2668183295,8938,605
29335.986725,2668186628,2668187243,9292,615
29335.998743,2668190575,2668191184,8948,609
29336.010769,2668194521,2668195141,8926,620
29336.022792,2668198489,2668199096,9032,607
29336.034809,2668202447,2668203057,8982,610
29336.046840,2668206545,2668207165,12075,620
29336.058860,2668210671,2668211281,12086,610
29336.070882,2668214650,2668215254,8972,604
29336.082905,2668218580,2668219199,8913,619
29336.094929,2668222543,2668223158,9186,615
29336.106947,2668226456,2668227067,8913,611
29336.118973,2668230417,2668231032,8891,615
29336.130997,2668234389,2668234997,9221,608
29336.143015,2668238394,2668239009,8972,615
29336.155045,2668242574,2668243192,12041,618
29336.167067,2668246758,2668247368,12073,610
29336.179086,2668250935,2668251555,12014,620
29336.191113,2668255121,2668255731,12038,610
29336.203134,2668259275,2668259889,12070,614
29336.215152,2668263308,2668263912,8935,604
29336.227179,2668267282,2668267892,8909,610
29336.239204,2668271369,2668271972,12086,603
29336.251221,2668275456,2668276060,12013,604
29336.263250,2668279535,2668280139,12037,604
29336.275272,2668283582,2668284186,12086,604
29336.287290,2668287670,2668288285,12013,615
29336.299319,2668291756,2668292366,12038,610
29336.311341,2668295831,2668296440,12076,609
29336.321862,2668299294,2668299901,8934,607
29336.333887,2668303255,2668303870,9170,615
29336.345904,2668307199,2668307662,7516,463
29336.357931,2668310995,2668311610,12038,615
29336.369955,2668314951,2668315560,9015,609
29336.381974,2668318917,2668319526,8992,609
29336.394000,2668322877,2668323492,8946,615
29336.406025,2668326849,2668327463,9244,614
29336.418047,2668330792,2668331402,9003,610
29336.430070,2668334834,2668335454,12044,620
29336.442091,2668338916,2668339525,12095,609
29336.454111,2668342874,2668343479,8984,605
29336.466138,2668346823,2668347438,8935,615
29336.478161,2668350777,2668351387,9226,610
29336.490179,2668354714,2668355324,8942,610
29336.502206,2668358647,2668359262,8918,615
29336.514230,2668362577,2668363180,9267,603
29336.526247,2668366509,2668367114,8993,605
29336.538272,2668370465,2668371078,8918,613
29336.550297,2668374426,2668375030,9259,604
29336.562312,2668378526,2668379136,11993,610
29336.574340,2668382640,2668383255,12069,615
29336.586363,2668386562,2668387180,9207,618
29336.598384,2668390522,2668391132,8954,610
29336.610410,2668394467,2668395082,8929,615
29336.622433,2668398432,2668399051,9228,619
29336.693057,2668420978,2668421589,11827,611
29336.735147,2668434525,2668435140,12079,615
29336.747164,2668438627,2668439242,8986,615
29336.759192,2668442614,2668443224,8980,610
29336.771216,2668446695,2668447308,12088,613
29336.783233,2668450780,2668451395,12016,615
29336.795263,2668454883,2668455498,12040,615
29336.807283,2668458963,2668459572,12068,609
29336.819301,2668463034,2668463644,12047,610
29336.831328,2668466986,2668467596,8934,610
29336.841848,2668470477,2668470936,7628,459
29336.853876,2668474270,2668474854,8926,584
29336.865897,2668478205,2668478810,9041,605
29336.877916,2668482159,2668482763,8992,604
29336.889943,2668486086,2668486701,8929,615
29336.901966,2668490047,2668490661,9240,614
29336.913988,2668494010,2668494620,9002,610
29336.926013,2668497941,2668498525,8904,584
29336.938035,2668501850,2668502456,9260,606
29336.950046,2668506000,2668506601,11842,601
29336.962080,2668510044,2668510659,12041,615
29336.974102,2668514118,2668514723,12100,605
29336.986121,2668518074,2668518689,8968,615
29336.998152,2668522041,2668522625,8857,584
29337.010172,2668525960,2668526564,9188,604
29337.022190,2668529894,2668530498,8979,604
29337.034217,2668533959,2668534563,12061,604
29337.046237,2668538020,2668538639,12075,619
29337.058255,2668542121,2668542724,11979,603
29337.070290,2668546064,2668546648,8929,584
29337.082309,2668549974,2668550584,9253,610
29337.094327,2668553895,2668554510,8955,615
29337.106355,2668557821,2668558435,8953,614
29337.118377,2668561765,2668562380,9199,615
29337.130395,2668565748,2668566353,8943,605
29337.142422,2668569825,2668570429,12061,604
29337.154447,2668573778,2668574394,9204,616
29337.166465,2668577749,2668578364,8917,615
29337.178493,2668581841,2668582425,11941,584
29337.190515,2668585921,2668586525,12101,604
29337.202534,2668589872,2668590476,8970,604
29337.214562,2668593802,2668594411,8912,609
29337.226583,2668597737,2668598340,9210,603
29337.238602,2668601635,2668602254,8977,619
29337.250630,2668605552,2668606135,8848,583
29337.262651,2668609611,2668610226,12043,615
29337.274667,2668613711,2668614316,11997,605
29337.286699,2668617621,2668618205,8890,584
29337.298721,2668621549,2668622154,9228,605
29337.310742,2668625448,2668626063,8987,615
29337.322768,2668629369,2668629954,8906,585
29337.334790,2668633302,2668633917,9231,615
29337.346807,2668637236,2668637845,8989,609
29337.358834,2668641170,2668641785,8941,615
29337.370856,2668645133,2668645746,9216,613
29337.382873,2668649057,2668649667,8894,610
29337.394905,2668653173,2668653757,11925,584
29337.406925,2668657253,2668657863,12091,610
29337.418942,2668661206,2668661821,8965,615
29337.430970,2668665103,2668665718,8977,615
29337.442990,2668669154,2668669769,9204,615
29337.455012,2668673084,2668673687,9228,603
29337.467029,2668677167,2668677743,11952,576
29337.479063,2668681234,2668681818,12003,584
29337.491080,2668685272,2668685880,12051,608
29337.503099,2668689343,2668689945,11840,602
29337.515129,2668693481,2668694090,12113,609
29337.527143,2668697629,2668698236,11861,607
29337.539170,2668701612,2668702226,11817,614
29337.551198,2668705687,2668706271,12000,584
29337.563217,2668709723,2668710327,9276,604
29337.575237,2668713609,2668714219,8955,610
29337.587267,2668717686,2668718294,12074,608
29337.599279,2668721660,2668722266,11864,606
29337.611308,2668725612,2668726213,11820,601
29337.623332,2668729603,2668730222,12071,619
29337.758596,2668771278,2668771861,11948,583
29337.770614,2668775201,2668775803,9284,602
29337.782635,2668779025,2668779607,8972,582
29337.794663,2668783071,2668783655,11990,584
29337.806685,2668787111,2668787721,12101,610
29337.818702,2668790957,2668791540,8921,583
29337.830732,2668794812,2668795432,9222,620
29337.842749,2668798734,2668799344,9257,610
29337.854772,2668802529,2668803110,8951,581
29337.866798,2668806407,2668807016,9143,609
29337.878808,2668810424,2668811026,11862,602
29337.890839,2668814369,2668814984,11977,615
29337.902866,2668818291,2668818900,9230,609
29337.914886,2668822223,2668822838,9291,615
29337.926900,2668826052,2668826659,8878,607
29337.938933,2668829953,2668830558,9200,605
29337.950955,2668833862,2668834466,9255,604
29337.962973,2668837731,2668838341,8920,610
29337.975004,2668841681,2668842285,9246,604
29337.987013,2668845715,2668846320,11868,605
29337.999045,2668849757,2668850370,11814,613
29338.011074,2668853916,2668854526,12114,610
29338.023084,2668858058,2668858671,11834,613
29338.035113,2668862082,2668862690,11847,608
29338.047143,2668866090,2668866673,9208,583
29338.059159,2668870087,2668870691,9294,604
29338.071181,2668874072,2668874684,11843,612
29338.083209,2668878111,2668878721,12083,610
29338.095219,2668882156,2668882768,11869,612
29338.107249,2668886158,2668886768,11998,610
29338.119279,2668890194,2668890778,11958,584
29338.131292,2668894121,2668894721,11890,600
29338.143319,2668898072,2668898674,11839,602
29338.155349,2668902102,2668902708,12044,606
29338.165866,2668905516,2668906098,9000,582
29338.177899,2668909460,2668909899,7412,439
29338.189915,2668913219,2668913679,7385,460
29338.201935,2668916932,2668917513,8939,581
29338.213963,2668920789,2668921372,9177,583
29338.225977,2668924677,2668925282,9235,605
29338.238003,2668928517,2668929099,8988,582
29338.250033,2668932330,2668932911,9238,581
29338.262044,2668936260,2668936865,11887,605
29338.274067,2668940274,2668940884,11972,610
29338.286099,2668944145,2668944728,9159,583
29338.298115,2668948033,2668948653,9296,620
29338.310134,2668951898,2668952480,8955,582
29338.322162,2668955713,2668956317,9221,604
29338.334184,2668959594,2668960209,9277,615
29338.346208,2668963439,2668964021,8917,582
29338.358236,2668967324,2668967908,9210,584
29338.370255,2668971205,2668971811,9246,606
29338.382276,2668975093,2668975674,8986,581
29338.394305,2668979160,2668979744,11960,584
29338.406322,2668983177,2668983786,12057,609
29338.418344,2668987040,2668987621,8969,581
29338.430372,2668990927,2668991511,9199,584
29338.442391,2668994853,2668995463,9256,610
29338.454410,2668998710,2668999310,8851,600
29338.466441,2669002607,2669003190,9188,583
29338.478447,2669006635,2669007237,11880,602
29338.490480,2669010626,2669011236,11978,610
29338.502512,2669014511,2669015095,9059,584
29338.514526,2669018362,2669018963,9222,601
29338.526550,2669022170,2669022751,8977,581
29338.538574,2669026055,2669026658,9189,603
29338.550599,2669029985,2669030588,9310,603
29338.562616,2669033824,2669034405,8929,581
29338.574648,2669037699,2669038283,9234,584
29338.586666,2669041621,2669042233,9265,612
29338.598686,2669045480,2669046062,8998,582
29338.610713,2669049464,2669050048,11958,584
29338.622731,2669053471,2669054080,12064,609
29338.643773,2669060271,2669060853,12042,582
29338.654293,2669063710,2669064320,9304,610
29338.666316,2669067610,2669068192,8980,582
29338.678341,2669071623,2669072207,11947,584
29338.690363,2669075639,2669076249,12078,610
29338.702382,2669079501,2669080092,8881,591
29338.714412,2669083396,2669083980,9185,584
29338.726430,2669087280,2669087894,9220,614
29338.738448,2669091114,2669091716,8878,602
29338.750486,2669094979,2669095562,9073,583
29338.762501,2669098885,2669099494,9263,609
29338.774515,2669102770,2669103355,8889,585
29338.786546,2669106654,2669107271,9190,617
29338.822615,2669118128,2669118734,12092,606
29338.834635,2669122079,2669122692,9260,613
29338.846658,2669125888,2669126468,8951,580
29338.858687,2669129744,2669130328,9219,584
29338.870711,2669133663,2669134276,9226,613
29338.887234,2669139192,2669139803,11835,611
29338.899264,2669143319,2669143939,12039,620
29338.911287,2669147440,2669148050,12074,610
29338.923305,2669151520,2669152130,11997,610
29338.935332,2669155627,2669156232,12083,605
29338.945849,2669159022,2669159604,8953,582
29338.957878,2669162914,2669163497,9204,583
29338.969891,2669166791,2669167393,9235,602
29338.981918,2669170681,2669171263,8997,582
29338.993944,2669174638,2669175221,11963,583
29339.005960,2669178511,2669179116,12071,605
29339.017987,2669182390,2669182972,8948,582
29339.030016,2669186234,2669186815,9179,581
29339.042030,2669190081,2669190690,9282,609
29339.054050,2669193931,2669194507,8935,576
29339.066082,2669197798,2669198381,9165,583
29339.078096,2669201692,2669202302,9274,610
29339.090119,2669205659,2669206269,11960,610
29339.102151,2669209507,2669210084,9197,577
29339.114166,2669213355,2669213963,9233,608
29339.126191,2669217283,2669217864,8930,581
29339.138216,2669221177,2669221782,9203,605
29339.150236,2669225076,2669225686,9252,610
29339.162259,2669228929,2669229511,8971,582
29339.174291,2669232792,2669233376,9218,584
29339.186305,2669236640,2669237237,9164,597
29339.198327,2669240538,2669241146,8949,608
29339.210357,2669244607,2669245191,11964,584
29339.222375,2669248649,2669249257,12067,608
29339.234398,2669252444,2669253020,8934,576
29339.246430,2669256267,2669256849,9081,582
29339.258444,2669260187,2669260791,9221,604
29339.270464,2669264038,2669264619,8984,581
29339.282493,2669267920,2669268504,9189,584
29339.294515,2669271835,2669272445,9325,610
29339.306531,2669275848,2669276451,11965,603
29339.318563,2669279720,2669280302,9176,582
29339.330581,2669283633,2669284243,9298,610
29339.342602,2669287435,2669288011,8997,576
29339.354629,2669291241,2669291848,9200,607
29339.366646,2669295092,2669295696,9224,604
29339.378668,2669298950,2669299527,8925,577
29339.390702,2669302775,2669303358,9234,583
29339.402717,2669306685,2669307292,9302,607
29339.414738,2669310545,2669311126,8961,581
29339.426765,2669314571,2669315181,12073,610
29339.438790,2669318703,2669319323,12103,620
29339.450805,2669322686,2669323306,8953,620
29339.462836,2669326656,2669327276,8952,620
29339.474855,2669330674,2669331289,9188,615
29339.486874,2669334639,2669335247,8912,608
29339.498902,2669338579,2669339163,9208,584
29339.510911,2669342579,2669343191,11859,612
29339.522942,2669346551,2669347166,11973,615
29339.534968,2669350438,2669351042,9171,604
29339.546990,2669354336,2669354940,9288,604
29339.559008,2669358353,2669358935,11951,582
29339.571039,2669362388,2669362997,12086,609
29339.583049,2669366517,2669367124,11854,607
29339.595077,2669370424,2669371026,8919,602
29339.607104,2669374453,2669375056,9217,603
29339.619116,2669378500,2669379099,11879,599
29339.634167,2669383294,2669383878,9203,584
29339.646181,2669387194,2669387798,9252,604
29339.658204,2669391087,2669391669,8970,582
29339.670231,2669394948,2669395530,9191,582
29339.682245,2669398826,2669399430,9263,604
29339.694270,2669402665,2669403278,8910,613
29339.706301,2669406578,2669407162,9191,584
29339.718318,2669410538,2669411136,9251,598
29339.730339,2669414390,2669414972,8990,582
29339.742370,2669418259,2669418843,9049,584
29339.754385,2669422172,2669422782,9219,610
29339.766409,2669425969,2669426550,8954,581
29339.778437,2669429844,2669430427,9172,583
29339.790460,2669433717,2669434320,9323,603
29339.802471,2669437583,2669438163,8941,580
29339.814506,2669441470,2669442054,9164,584
29339.826510,2669445484,2669446085,11885,601
29339.838538,2669449458,2669450064,11807,606
29339.850573,2669453374,2669453958,9184,584
29339.862591,2669457255,2669457870,9300,615
29339.874614,2669461072,2669461653,8999,581
29339.886646,2669464905,2669465488,9232,583
29339.898660,2669468805,2669469420,9259,615
29339.910684,2669472644,2669473226,9023,582
29339.922708,2669476677,2669477260,11961,583
29339.934727,2669480586,2669481190,9287,604
29339.946749,2669484500,2669485081,8958,581
29339.958782,2669488376,2669488960,9211,584
29339.970796,2669492210,2669492816,9228,606
29340.002354,2669502158,2669502773,11888,615
29340.014381,2669506058,2669506635,8955,577
29340.026407,2669510101,2669510685,11960,584
29340.038428,2669514073,2669514674,11941,601
29340.050447,2669517895,2669518476,8967,581
29340.062480,2669521711,2669522293,9215,582
29340.074494,2669525631,2669526235,9220,604
29340.086515,2669529487,2669530069,8934,582
29340.098546,2669533365,2669533949,9205,584
29340.110564,2669537256,2669537860,9292,604
29340.122579,2669541069,2669541648,8909,579
29340.134617,2669544916,2669545497,9201,581
29340.146630,2669548836,2669549445,9273,609
29340.158652,2669552682,2669553259,8960,577
29340.170680,2669556581,2669557191,9196,610
29340.182701,2669560530,2669561140,9297,610
29340.194718,2669564422,2669565004,8977,582
29340.206750,2669568264,2669568848,9181,584
29340.218768,2669572173,2669572790,9206,617
29340.230789,2669576013,2669576595,8965,582
29340.242821,2669580041,2669580625,11970,584
29340.254838,2669584058,2669584673,12063,615
29340.266851,2669587899,2669588506,8861,607
29340.278884,2669591787,2669592400,9221,613
29340.290903,2669595699,2669596304,9273,605
29340.302925,2669599486,2669600093,8934,607
29340.314956,2669603397,2669603981,9151,584
29340.326973,2669607277,2669607886,9253,609
29340.338995,2669611236,2669611840,11981,604
29340.351024,2669615253,2669615857,12084,604
29340.363032,2669619297,2669619904,11833,607
29340.375064,2669623334,2669623935,11833,601
29340.387092,2669627514,2669628098,11930,584
29340.399103,2669631607,2669632214,11863,607
29340.411132,2669635484,2669636065,8942,581
29340.423156,2669639454,2669640069,9181,615
29340.435185,2669643460,2669644070,12002,610
29340.447201,2669647444,2669648062,11879,618
29340.459229,2669651554,2669652138,11964,584
29340.471241,2669655483,2669656088,11824,605
29340.483268,2669659445,2669660053,11817,608
29340.495297,2669663502,2669664086,12003,584
29340.507309,2669667460,2669668067,11862,607
29340.519340,2669671415,2669672017,11858,602
29340.529862,2669674855,2669675464,9240,609
29340.541889,2669678787,2669679217,7575,430
29340.553909,2669682445,2669683055,9184,610
29340.565928,2669686353,2669686957,9286,604
29340.577954,2669690229,2669690811,8939,582
29340.589980,2669694099,2669694683,9152,584
29340.601997,2669697906,2669698510,9209,604
29340.614021,2669701785,2669702366,8983,581
29340.626050,2669705720,2669706304,11964,584
29340.638067,2669709716,2669710331,12080,615
29340.650091,2669713555,2669714130,8973,575
29340.662119,2669717396,2669717980,9177,584
29340.674134,2669721255,2669721859,9296,604
29340.686157,2669725112,2669725720,8957,608
29340.698187,2669729029,2669729612,9197,583
29340.710202,2669732923,2669733527,9270,604
29340.722225,2669736845,2669737429,8890,584
29340.734257,2669740672,2669741259,8996,587
29340.746269,2669744549,2669745159,9310,610
29340.758290,2669748479,2669749063,8907,584
29340.770321,2669752314,2669752929,9229,615
29340.782343,2669756251,2669756866,9310,615
29340.794361,2669760075,2669760656,8942,581
29340.806395,2669763924,2669764508,9157,584
29340.818408,2669767801,2669768408,9267,607
29340.830431,2669771651,2669772228,8974,577
29340.842460,2669775544,2669776128,9159,584
29340.854476,2669779543,2669780158,12056,615
29340.866501,2669783335,2669783911,8960,576
29340.878529,2669787223,2669787807,9179,584
29340.890547,2669791144,2669791754,9300,610
29340.902568,2669794963,2669795544,8977,581
29340.914596,2669798859,2669799442,9192,583
29340.926608,2669802819,2669803426,9167,607
29340.938632,2669806779,2669807363,8858,584
29340.950666,2669810668,2669811251,9199,583
29340.962683,2669814553,2669815157,9296,604
29340.974704,2669818357,2669818939,8930,582
29340.986731,2669822199,2669822808,9223,609
29340.998749,2669826080,2669826687,9197,607
29341.010772,2669829911,2669830492,8915,581
29341.022805,2669833755,2669834339,9169,584
29341.034818,2669837628,2669838241,9276,613
29341.046838,2669841467,2669842069,8884,602
29341.058873,2669845531,2669846115,11992,584
29341.070876,2669849540,2669850153,11862,613
29341.082907,2669853349,2669853951,8929,602
29341.094940,2669857218,2669857802,9195,584
29341.106949,2669861048,2669861655,9187,607
29341.118973,2669864870,2669865476,8888,606
29341.131007,2669868761,2669869370,9108,609
29341.143024,2669872661,2669873267,9165,606
29341.155042,2669876552,2669877136,8872,584
29341.167079,2669880605,2669881181,12001,576
29341.179100,2669884638,2669885246,11961,608
29341.191117,2669888698,2669889310,11884,612
29341.203143,2669892741,2669893351,12083,610
29341.215156,2669896745,2669897351,11821,606
29341.227179,2669900562,2669901169,8898,607
29341.239208,2669904566,2669905171,9177,605
29341.251219,2669908613,2669909222,11865,609
29341.263252,2669912608,2669913190,11969,582
29341.275284,2669916612,2669917226,12083,614
29341.287289,2669920634,2669921247,11866,613
29341.299323,2669924622,2669925204,11971,582
29341.311352,2669928590,2669929172,12001,582
29341.321863,2669931966,2669932550,8899,584
29341.333893,2669935815,2669936397,9215,582
29341.345907,2669939666,2669940272,9124,606
29341.357932,2669943562,2669944143,11997,581
29341.369958,2669947398,2669948008,12064,610
29341.381981,2669951285,2669951895,9251,610
29341.394004,2669955137,2669955719,8937,582
29341.406035,2669958955,2669959539,9219,584
29341.418045,2669962801,2669963407,9166,606
29341.430071,2669966652,2669967264,8865,612
29341.442098,2669970636,2669971218,11971,582
29341.454114,2669974622,2669975225,12071,603
29341.466141,2669978475,2669979057,8971,582
29341.478174,2669982304,2669982886,9030,582
29341.490182,2669986162,2669986769,9182,607
29341.502210,2669990012,2669990593,8962,581
29341.514241,2669993847,2669994431,9257,584
29341.526258,2669997690,2669998291,9149,601
29341.538275,2670001599,2670002183,8917,584
29341.550309,2670005425,2670006008,9211,583
29341.562319,2670009264,2670009871,9196,607
29341.574343,2670013286,2670013862,11999,576
29341.586371,2670017137,2670017747,9203,610
29341.598387,2670020963,2670021574,9186,611
29341.610415,2670024778,2670025359,8999,581
29341.622446,2670028607,2670029191,9220,584
29341.634461,2670032448,2670033058,9197,610
29341.646486,2670036323,2670036905,8972,582
29341.658508,2670040348,2670040932,11963,584
29341.670518,2670044334,2670044936,11869,602
29341.682551,2670048249,2670048824,8954,575
29341.694582,2670052080,2670052664,9174,584
29341.706591,2670055922,2670056534,9170,612
29341.718619,2670059777,2670060359,8960,582
29341.730650,2670063644,2670064227,9212,583
29341.742666,2670067481,2670068086,9207,605
29341.754683,2670071323,2670071907,8849,584
29341.766719,2670075160,2670075742,9236,582
29341.778735,2670079049,2670079652,9274,603
29341.790756,2670082906,2670083487,8963,581
29341.802784,2670086748,2670087356,9225,608
29341.814797,2670090579,2670091185,9161,606
29341.826822,2670094394,2670095007,8902,613
29341.838852,2670098263,2670098878,9152,615
29341.850864,2670102121,2670102727,9136,606
29341.862891,2670105979,2670106560,8948,581
29341.874922,2670109978,2670110588,12044,610
29341.886930,2670114006,2670114608,11861,602
29341.898956,2670117789,2670118390,8889,601
29341.910993,2670121663,2670122247,9233,584
29341.923010,2670125481,2670126094,9259,613
29341.935025,2670129475,2670130057,11954,582
29341.947056,2670133560,2670134144,11961,584
29341.959074,2670137515,2670138115,9181,600
29341.971093,2670141595,2670142200,11972,605
29341.983123,2670145600,2670146209,9201,609
29342.043235,2670164287,2670164899,11850,612
29342.055259,2670168264,2670168869,9202,605
29342.067271,2670172243,2670172849,11865,606
29342.079304,2670176213,2670176819,11847,606
29342.091334,2670180230,2670180832,12156,602
29342.101850,2670183603,2670184186,8941,583
29342.113880,2670187417,2670188001,9188,584
29342.125897,2670191276,2670191891,9290,615
29342.137913,2670195170,2670195753,8912,583
29342.149950,2670199029,2670199610,9207,581
29342.161966,2670202905,2670203509,9252,604
29342.173981,2670206754,2670207365,11822,611
29342.186011,2670210611,2670211223,12076,612
29342.198028,2670214494,2670215095,9108,601
29342.210056,2670218330,2670218911,8957,581
29342.222089,2670222162,2670222746,9001,584
29342.234102,2670225979,2670226583,9200,604
29342.246127,2670229845,2670230427,8963,582
29342.258150,2670233844,2670234428,11975,584
29342.270173,2670237820,2670238431,12122,611
29342.282194,2670241673,2670242255,8972,582
29342.294224,2670245492,2670246075,9167,583
29342.306233,2670249341,2670249948,9141,607
29342.318262,2670253182,2670253759,8972,577
29342.330291,2670257009,2670257591,9194,582
29342.342303,2670260859,2670261472,9180,613
29342.354328,2670264731,2670265314,8928,583
29342.366358,2670268587,2670269167,9112,580
29342.378376,2670272445,2670273051,9160,606
29342.390395,2670276481,2670277064,12003,583
29342.402423,2670280499,2670281114,12080,615
29342.414438,2670284389,2670284990,9182,601
29342.426466,2670288210,2670288792,9007,582
29342.436983,2670291769,2670292382,12045,613
29342.456331,2670298833,2670299438,11960,605
29342.470055,2670302974,2670303558,11970,584
29342.482068,2670306835,2670307437,9167,602
29342.494096,2670310741,2670311322,8953,581
29342.506126,2670314602,2670315186,9215,584
29342.518145,2670318471,2670319084,9197,613
29342.530164,2670322391,2670322973,8909,582
29342.542194,2670326248,2670326832,9174,584
29342.554209,2670330134,2670330738,9253,604
29342.566233,2670333977,2670334557,8954,580
29342.578262,2670337862,2670338446,9235,584
29342.590270,2670341856,2670342468,11930,612
29342.602299,2670345895,2670346502,11835,607
29342.614332,2670349748,2670350330,9219,582
29342.626346,2670353620,2670354232,9203,612
29342.642877,2670358857,2670359439,8967,582
29342.654902,2670362717,2670363325,9194,608
29342.666927,2670366643,2670367256,9322,613
29342.678940,2670370523,2670371130,8870,607
29342.690974,2670374551,2670375155,12106,604
29342.702982,2670378537,2670379154,11860,617
29342.715011,2670382385,2670382961,8945,576
29342.727040,2670386419,2670387039,12107,620
29342.739050,2670390496,2670391108,11878,612
29342.751083,2670394546,2670395128,11966,582
29342.763109,2670398684,2670399268,11955,584
29342.775128,2670402614,2670403220,9252,606
29342.787146,2670406453,2670407037,8894,584
29342.799179,2670410433,2670411016,12007,583
29342.811193,2670414375,2670414981,11858,606
29342.823217,2670418335,2670418917,11997,582
29342.835247,2670422321,2670422936,12077,615
29342.847257,2670426323,2670426925,11869,602
29342.859283,2670430119,2670430731,8897,612
29342.871312,2670434228,2670434831,12059,603
29342.883324,2670438212,2670438822,11887,610
29342.895355,2670442218,2670442825,11877,607
29342.905877,2670445624,2670446226,9220,602
29342.917899,2670449478,2670450086,8823,608
29342.929932,2670453363,2670453946,9213,583
29342.941942,2670457184,2670457785,9147,601
29342.953965,2670461264,2670461848,8917,584
29342.966003,2670465159,2670465741,9074,582
29342.978012,2670469021,2670469623,9140,602
29343.006576,2670478206,2670478789,12079,583
29343.018593,2670482265,2670482885,12059,620
29343.030615,2670486154,2670486735,8947,581
29343.042646,2670490006,2670490590,9221,584
29343.054655,2670493871,2670494473,9118,602
29343.066682,2670497743,2670498353,8909,610
29343.078712,2670501667,2670502251,9213,584
29343.090718,2670505667,2670506274,11863,607
29343.102747,2670509668,2670510251,11816,583
29343.114781,2670513573,2670514156,9040,583
29343.126792,2670517429,2670518031,9203,602
29343.138819,2670521250,2670521831,8936,581
29343.150850,2670525147,2670525732,9157,585
29343.162870,2670529162,2670529775,11990,613
29343.174887,2670533024,2670533631,8904,607
29343.185408,2670536560,2670537167,12033,607
29343.201940,2670541895,2670542502,11858,607
29343.213973,2670545758,2670546342,9077,584
29343.225975,2670549684,2670550286,11878,602
29343.238011,2670553527,2670554109,8903,582
29343.250042,2670557351,2670557934,9255,583
29343.262059,2670561209,2670561827,9192,618
29343.274076,2670565204,2670565785,11987,581
29343.286104,2670569236,2670569820,11955,584
29343.298122,2670573080,2670573680,9200,600
29343.326684,2670582197,2670582779,11974,582
29343.338695,2670586061,2670586662,9181,601
29343.350725,2670589873,2670590454,8940,581
29343.362753,2670593761,2670594376,9048,615
29343.374770,2670597701,2670598307,9197,606
29343.386787,2670601533,2670602117,8835,584
29343.398820,2670605430,2670606012,9169,582
29343.410840,2670609251,2670609863,9239,612
29343.422855,2670613278,2670613860,11957,582
29343.434888,2670617339,2670617942,12068,603
29343.446900,2670621190,2670621791,9175,601
29343.458924,2670624981,2670625582,8885,601
29343.470954,2670628891,2670629494,9183,603
29343.482974,2670632769,2670633376,9252,607
29343.494992,2670636593,2670637200,8862,607
29343.507024,2670640717,2670641332,12072,615
29343.519044,2670644874,2670645484,12039,610
29343.531067,2670648819,2670649400,8993,581
29343.543093,2670652948,2670653532,11958,584
29343.555104,2670657025,2670657626,11881,601
29343.565639,2670660505,2670661087,9209,582
29343.585169,2670666816,2670667428,11874,612
29343.604698,2670673096,2670673698,11862,602
29343.618225,2670677576,2670678183,11944,607
29343.630254,2670681613,2670682219,11835,606
29343.651299,2670688451,2670689059,12108,608
29343.663320,2670692496,2670693106,12040,610
29343.675339,2670696322,2670696903,8959,581
29343.685864,2670699786,2670700255,7432,469
29343.697884,2670703572,2670704150,8929,578
29343.709917,2670707423,2670708007,9051,584
29343.721928,2670711325,2670711935,9224,610
29343.733954,2670715216,2670715799,8918,583
29343.745984,2670719081,2670719665,9204,584
29343.758002,2670722945,2670723563,9176,618
29343.770020,2670726856,2670727440,8935,584
29343.782054,2670730671,2670731250,9229,579
29343.794064,2670734498,2670735104,9121,606
29343.806089,2670738480,2670739056,12008,576
29343.818115,2670742440,2670743043,12064,603
29343.830137,2670746297,2670746897,9202,600
29343.842158,2670750220,2670750804,8965,584
29343.854191,2670754080,2670754664,9235,584
29343.866199,2670757940,2670758546,9170,606
29343.878228,2670761806,2670762388,8965,582
29343.890255,2670765774,2670766357,11987,583
29343.902277,2670769838,2670770457,12093,619
29343.914291,2670773950,2670774562,11811,612
29343.926325,2670777926,2670778510,8931,584
29343.938347,2670781856,2670782471,9183,615
29343.950359,2670785932,2670786544,11830,612
29343.962392,2670789904,2670790488,8879,584
29343.974405,2670793786,2670794387,9150,601
29343.986433,2670797676,2670798260,8917,584
29343.998463,2670801567,2670802149,9245,582
29344.010479,2670805451,2670806066,9265,615
29344.022500,2670809471,2670810054,11968,583
29344.034529,2670813548,2670814168,12095,620
29344.046538,2670817629,2670818237,11868,608
29344.058565,2670821513,2670822114,8898,601
29344.070598,2670825401,2670825985,9183,584
29344.082610,2670829250,2670829856,9154,606
29344.094632,2670833129,2670833713,8861,584
29344.106664,2670837156,2670837740,11949,584
29344.118685,2670841175,2670841785,12074,610
29344.130706,2670845041,2670845623,8954,582
29344.142737,2670848909,2670849492,9213,583
29344.154757,2670852776,2670853382,9262,606
29344.166774,2670856634,2670857217,8914,583
29344.178806,2670860517,2670861101,9232,584
29344.190815,2670864377,2670864995,9216,618
29344.202838,2670868274,2670868857,8848,583
29344.214872,2670872134,2670872717,9175,583
29344.226882,2670875977,2670876578,9191,601
29344.238911,2670879947,2670880554,11844,607
29344.250938,2670884012,2670884621,12085,609
29344.262956,2670887904,2670888505,9159,601
29344.274978,2670891736,2670892318,8978,582
29344.287005,2670895620,2670896231,9161,611
29344.299020,2670899640,2670900249,9159,609
29344.311047,2670903641,2670904222,8991,581
29344.323077,2670907743,2670908347,12078,604
29344.335085,2670911796,2670912404,11911,608
29344.347116,2670915812,2670916418,11821,606
29344.359145,2670919946,2670920530,11986,584
29344.371158,2670923964,2670924566,11861,602
29344.383186,2670927920,2670928528,11857,608
29344.395214,2670931962,2670932575,12070,613
29344.407233,2670935953,2670936567,9274,614
29344.419249,2670939821,2670940405,8881,584
29344.431285,2670943821,2670944435,12127,614
29344.443291,2670947819,2670948420,11867,601
29344.455322,2670951795,2670952403,11843,608
29344.467350,2670955848,2670956450,12081,602
29344.477862,2670959250,2670959834,8881,584
29344.489902,2670963060,2670963497,7439,437
29344.501922,2670966807,2670967267,7417,460
29344.513936,2670970573,2670971157,8930,584
29344.525968,2670974450,2670975034,9178,584
29344.537978,2670978305,2670978906,9155,601
29344.550005,2670982152,2670982754,8901,602
29344.562035,2670986031,2670986613,9235,582
29344.574051,2670989846,2670990457,9159,611
29344.586069,2670993742,2670994326,8925,584
29344.598106,2670997541,2670998120,9243,579
29344.610115,2671001379,2671001985,9147,606
29344.622137,2671005402,2671005986,11841,584
29344.646182,2671012978,2671013589,9209,611
29344.658210,2671016906,2671017488,8950,582
29344.670242,2671020779,2671021363,9224,584
29344.682252,2671024651,2671025268,9154,617
29344.694280,2671028523,2671029105,8932,582
29344.706307,2671032501,2671033084,11965,583
29344.718325,2671036519,2671037129,12061,610
29344.730349,2671040397,2671040974,8976,577
29344.742379,2671044253,2671044836,9223,583
29344.754394,2671048131,2671048746,9264,615
29344.766417,2671051963,2671052546,8958,583
29344.778449,2671055814,2671056398,9158,584
29344.790462,2671059660,2671060266,9178,606
29344.802487,2671063553,2671064157,8956,604
29344.814514,2671067456,2671068038,9163,582
29344.826525,2671071296,2671071903,9153,607
29344.838551,2671075300,2671075882,11969,582
29344.850580,2671079302,2671079913,12036,611
29344.862598,2671083201,2671083809,9201,608
29344.874620,2671087030,2671087612,8919,582
29344.886654,2671090898,2671091482,9183,584
29344.898674,2671094699,2671095309,9261,610
29344.910685,2671098606,2671099191,8850,585
29344.922717,2671102619,2671103202,11980,583
29344.934737,2671106648,2671107253,12073,605
29344.946757,2671110507,2671111089,8936,582
29344.958788,2671114389,2671114973,9156,584
29344.970799,2671118244,2671118852,9178,608
29344.982822,2671122135,2671122720,8906,585
29345.030924,2671137213,2671137824,12138,611
29345.042935,2671141080,2671141692,9156,612
29345.054959,2671145088,2671145670,11958,582
29345.066989,2671149127,2671149737,12070,610
29345.079004,2671152992,2671153591,9154,599
29345.091031,2671157054,2671157660,11843,606
29345.103057,2671161149,2671161754,12102,605
29345.115073,2671165250,2671165851,9143,601
29345.127095,2671169342,2671169924,11967,582
29345.139128,2671173475,2671174059,11959,584
29345.151145,2671177454,2671178062,12024,608
29345.163170,2671181425,2671182031,11825,606
29345.175197,2671185446,2671186064,12113,618
29345.187207,2671189441,2671190047,11867,606
29345.199239,2671193397,2671194009,11817,612
29345.211265,2671197415,2671198017,12067,602
29345.223282,2671201304,2671201917,9181,613
29345.235301,2671205115,2671205728,8866,613
29345.247338,2671209134,2671209716,11930,582
29345.257854,2671212511,2671213088,8985,577
29345.269883,2671216359,2671216942,9203,583
29345.281896,2671220196,2671220807,9174,611
29345.293915,2671224104,2671224687,8866,583
29345.305950,2671228003,2671228587,9219,584
29345.317964,2671231899,2671232514,12076,615
29345.329990,2671235790,2671236371,8964,581
29345.342019,2671239648,2671240232,9206,584
29345.354031,2671243478,2671244085,9168,607
29345.366056,2671247369,2671247981,8871,612
29345.378088,2671251256,2671251841,9238,585
29345.390101,2671255146,2671255758,9220,612
29345.402121,2671259073,2671259657,8889,584
29345.414158,2671262867,2671263447,9163,580
29345.426171,2671266687,2671267297,9163,610
29345.438193,2671270738,2671271320,12005,582
29345.450218,2671274720,2671275329,12059,609
29345.462236,2671278597,2671279210,9181,613
29345.474264,2671282419,2671283001,8960,582
29345.486295,2671286255,2671286839,9218,584
29345.498305,2671290119,2671290731,9178,612
29345.510334,2671294022,2671294603,8958,581
29345.522363,2671297914,2671298498,9215,584
29345.534378,2671301934,2671302538,12059,604
29345.546397,2671305783,2671306380,8890,597
29345.558430,2671309672,2671310256,9210,584
29345.570444,2671313492,2671314098,9160,606
29345.582468,2671317355,2671317967,8903,612
29345.594498,2671321271,2671321855,8986,584
29345.606509,2671325161,2671325764,9154,603
29345.618531,2671328963,2671329547,8874,584
29345.630565,2671332857,2671333439,9161,582
29345.642586,2671336720,2671337326,9235,606
29345.654599,2671340736,2671341318,12001,582
29345.666628,2671344733,2671345336,12065,603
29345.678646,2671348627,2671349235,9171,608
29345.690675,2671352464,2671353046,8950,582
29345.702703,2671356372,2671356955,9217,583
29345.714714,2671360210,2671360822,9185,612
29345.726736,2671364092,2671364677,8838,585
29345.738767,2671368142,2671368726,11968,584
29345.750787,2671372209,2671372813,12058,604
29345.762809,2671376052,2671376634,8944,582
29345.774841,2671379953,2671380536,9241,583
29345.786849,2671383802,2671384409,9187,607
29345.798874,2671387678,2671388291,8874,613
29345.810907,2671391718,2671392322,12110,604
29345.854483,2671405437,2671406043,11924,606
29345.866503,2671409448,2671410055,11829,607
29345.878536,2671413366,2671413949,9172,583
29345.890557,2671417200,2671417817,9300,617
29345.902576,2671421041,2671421623,8953,582
29345.914609,2671424920,2671425503,9194,583
29345.926618,2671428722,2671429333,9179,611
29345.938643,2671432760,2671433343,11982,583
29345.950671,2671436782,2671437366,11950,584
29345.962685,2671440623,2671441225,9144,602
29345.974712,2671444475,2671445057,8942,582
29345.986743,2671448544,2671449128,11988,584
29345.998762,2671452440,2671453044,9305,604
29346.010782,2671456298,2671456880,8987,582
29346.022811,2671460133,2671460716,9240,583
29346.054371,2671470165,2671470746,11993,581
29346.066379,2671474173,2671474785,11865,612
29346.078414,2671478061,2671478643,9002,582
29346.090444,2671481913,2671482497,9059,584
29346.102451,2671485787,2671486399,9108,612
29346.114481,2671489631,2671490212,8997,581
29346.126510,2671493527,2671494111,9205,584
29346.138530,2671497440,2671498046,9254,606
29346.150546,2671501526,2671502110,11854,584
29346.162578,2671505411,2671505995,9191,584
29346.174583,2671509463,2671510070,11875,607
29346.186617,2671513353,2671513936,8964,583
29346.198644,2671517237,2671517842,9200,605
29346.210658,2671521113,2671521713,9197,600
29346.222686,2671524944,2671525526,8988,582
29346.234718,2671528778,2671529361,9180,583
29346.246732,2671532650,2671533260,9223,610
29346.258752,2671536524,2671537105,8990,581
29346.270782,2671540529,2671541111,12002,582
29346.282788,2671544547,2671545160,11909,613
29346.294822,2671548410,2671548992,8914,582
29346.306854,2671552276,2671552860,9229,584
29346.318861,2671556108,2671556709,9178,601
29346.330888,2671559930,2671560510,8968,580
29346.342920,2671563810,2671564394,9200,584
29346.354925,2671567841,2671568442,11863,601
29346.366954,2671571815,2671572399,11840,584
29346.378989,2671575677,2671576260,9247,583
29346.391002,2671579528,2671580141,9262,613
29346.403024,2671583580,2671584162,11958,582
29346.415054,2671587611,2671588225,12076,614
29346.427069,2671591678,2671592284,11846,606
29346.439093,2671595602,2671596203,8916,601
29346.451122,2671599604,2671600219,9216,615
29346.463131,2671603714,2671604324,11863,610
29346.475164,2671607685,2671608287,11816,602
29346.487195,2671611751,2671612335,11936,584
29346.499202,2671615740,2671616352,11861,612
29346.511233,2671619673,2671620286,11817,613
29346.523262,2671623703,2671624308,12106,605
29346.535286,2671627683,2671628289,12009,606
29346.547303,2671631721,2671632302,9003,581
29346.559328,2671635748,2671636358,12086,610
29346.569842,2671639175,2671639759,8896,584
29346.581875,2671643003,2671643616,9226,613
29346.593886,2671646859,2671647468,9123,609
29346.605914,2671650777,2671651361,8898,584
29346.617946,2671654615,2671655199,9181,584
29346.663030,2671668813,2671669413,12097,600
29346.675035,2671672842,2671673444,11860,602
29346.687068,2671676876,2671677484,11820,608
29346.699096,2671680979,2671681587,12069,608
29346.711107,2671684999,2671685605,11833,606
29346.723135,2671688954,2671689555,11817,601
29346.735163,2671692964,2671693574,12050,610
29346.747176,2671696994,2671697595,9218,601
29346.759203,2671700952,2671701553,11817,601
29346.771232,2671704893,2671705477,9215,584
29346.783259,2671708835,2671709443,12106,608
29346.795274,2671712806,2671713409,11836,603
29346.807301,2671716836,2671717446,12080,610
29346.819312,2671720822,2671721422,11866,600
29346.831341,2671724736,2671725347,11815,611
29346.841861,2671728172,2671728785,9224,613
29346.853889,2671732055,2671732492,7616,437
29346.865921,2671735718,2671736155,7429,437
29346.877931,2671739448,2671740056,12033,608
29346.889950,2671743363,2671743947,8837,584
29346.901986,2671747223,2671747807,9225,584
29346.913996,2671751082,2671751690,9159,608
29346.926025,2671754965,2671755547,8978,582
29346.938053,2671758794,2671759378,9228,584
29346.950067,2671762726,2671763341,9252,615
29346.962095,2671766630,2671767210,8967,580
29346.974123,2671770476,2671771060,9206,584
29346.986138,2671774355,2671774965,9202,610
29346.998160,2671778217,2671778825,8908,608
29347.010191,2671782112,2671782696,9221,584
29347.022205,2671785939,2671786555,9159,616
29347.034229,2671789825,2671790433,8868,608
29347.046260,2671793698,2671794279,9216,581
29347.058270,2671797508,2671798115,9175,607
29347.070295,2671801520,2671802102,12005,582
29347.082325,2671805518,2671806123,12033,605
29347.094339,2671809409,2671810011,9158,602
29347.106367,2671813287,2671813868,8986,581
29347.118397,2671817131,2671817715,9191,584
29347.130415,2671820994,2671821606,9217,612
29347.142436,2671824853,2671825435,8930,582
29347.154466,2671828752,2671829335,9229,583
29347.166483,2671832719,2671833329,9293,610
29347.178506,2671836610,2671837191,8972,581
29347.190533,2671840483,2671841067,9136,584
29347.202543,2671844334,2671844940,9105,606
29347.214568,2671848158,2671848760,8832,602
29347.226604,2671852033,2671852617,9168,584
29347.238618,2671855887,2671856488,9147,601
29347.250635,2671859700,2671860284,8876,584
29347.262669,2671863592,2671864173,9191,581
29347.274680,2671867452,2671868059,9207,607
29347.286703,2671871446,2671872022,11961,576
29347.298732,2671875417,2671876032,12063,615
29347.310748,2671879293,2671879900,9150,607
29347.322776,2671883095,2671883677,8968,582
29347.334807,2671886955,2671887539,9229,584
29347.346817,2671890767,2671891383,9174,616
29347.358841,2671894721,2671895304,8927,583
29347.370873,2671898627,2671899211,9222,584
29347.382891,2671902520,2671903135,9294,615
29347.394912,2671906384,2671906960,8978,576
29347.406942,2671910258,2671910843,9167,585
29347.418953,2671914083,2671914695,9161,612
29347.430979,2671917910,2671918510,8874,600
29347.443009,2671921938,2671922546,12093,608
29347.455022,2671925853,2671926465,9128,612
29347.467045,2671929780,2671930364,8856,584
29347.479083,2671933809,2671934425,12051,616
29347.491091,2671937935,2671938540,11818,605
29347.503118,2671941990,2671942571,12011,581
29347.515148,2671946058,2671946668,12106,610
29347.527174,2671950150,2671950752,12010,602
29347.539188,2671954108,2671954709,11844,601
29347.551216,2671958153,2671958768,12080,615
29347.563225,2671962285,2671962891,11876,606
29347.575257,2671966243,2671966825,11965,582
29347.587285,2671970088,2671970672,9207,584
29347.599303,2671974097,2671974707,12074,610
29347.611325,2671978059,2671978661,11841,602
29347.623349,2671981959,2671982579,9190,620
29347.692481,2672003449,2672004031,12013,582
29347.763119,2672025192,2672025809,9235,617
29347.775143,2672029321,2672029934,11989,613
29347.787161,2672033229,2672033810,8992,581
29347.799183,2672037121,2672037726,9164,605
29347.811194,2672041102,2672041699,11865,597
29347.823228,2672045055,2672045636,11962,581
29347.835255,2672049061,2672049644,11962,583
29347.847265,2672053027,2672053638,11831,611
29347.859297,2672056982,2672057594,11818,612
29347.871321,2672061048,2672061658,12069,610
29347.966007,2672090139,2672090721,12045,582
29347.978025,2672094050,2672094669,9260,619
29347.990048,2672097948,2672098529,8957,581
29348.002075,2672101933,2672102516,11949,583
29348.014084,2672105866,2672106468,11874,602
29348.038144,2672113563,2672114146,11989,583
29348.050157,2672117411,2672118023,9165,612
29348.062185,2672121297,2672121877,8998,580
29348.074217,2672125137,2672125721,9063,584
29348.086222,2672129144,2672129751,11925,607
29348.098251,2672133158,2672133769,11826,611
29348.110284,2672137058,2672137642,9220,584
29348.122303,2672140937,2672141553,9239,616
29348.134324,2672144819,2672145401,8980,582
29348.146353,2672148687,2672149271,9185,584
29348.158362,2672152549,2672153151,9171,602
29348.170390,2672156411,2672156993,9002,582
29348.182419,2672160309,2672160893,9193,584
29348.194433,2672164164,2672164776,9173,612
29348.206459,2672168048,2672168630,8936,582
29348.218487,2672172040,2672172622,12022,582
29348.230499,2672175892,2672176499,9191,607
29348.242525,2672179753,2672180335,8937,582
29348.254557,2672183624,2672184208,9210,584
29348.266567,2672187472,2672188079,9152,607
29348.278594,2672191336,2672191915,8952,579
29348.290624,2672195223,2672195807,9197,584
29348.302634,2672199209,2672199816,11841,607
29348.314664,2672203176,2672203788,11832,612
29348.326695,2672207069,2672207647,9207,578
29348.338705,2672210881,2672211492,9174,611
29348.350734,2672214714,2672215295,8960,581
29348.362765,2672218558,2672219141,9198,583
29348.374779,2672222451,2672223061,9268,610
29348.386804,2672226334,2672226915,9017,581
29348.398829,2672230215,2672230799,9197,584
29348.410840,2672234078,2672234695,9204,617
29348.422866,2672237939,2672238546,8943,607
29348.434896,2672241846,2672242429,9191,583
29348.446909,2672245674,2672246278,9204,604
29348.458938,2672249470,2672250051,8982,581
29348.470970,2672253321,2672253904,9058,583
29348.482976,2672257180,2672257787,9176,607
29348.495001,2672261072,2672261677,8879,605
29348.507033,2672265190,2672265795,12081,605
29348.519059,2672269264,2672269877,11982,613
29348.531073,2672273339,2672273946,11837,607
29348.543101,2672277467,2672278072,12083,605
29348.555116,2672281538,2672282148,11848,610
29348.567143,2672285613,2672286226,11819,613
29348.579170,2672289650,2672290234,11999,584
29348.591182,2672293700,2672294307,11833,607
29348.603212,2672297527,2672298109,8961,582
29348.615238,2672301376,2672301984,9187,608
29348.627254,2672305366,2672305966,11856,600
29348.639280,2672309332,2672309939,11819,607
29348.651310,2672313388,2672313972,11963,584
29348.663320,2672317333,2672317935,11861,602
29348.675350,2672321304,2672321911,11887,607
29348.685873,2672324728,2672325190,7402,462
29348.697895,2672328495,2672328950,7548,455
29348.709922,2672332175,2672332757,9195,582
29348.721933,2672336025,2672336638,9191,613
29348.733960,2672339896,2672340479,8928,583
29348.745995,2672343694,2672344277,9218,583
29348.758005,2672347559,2672348167,9140,608
29348.770028,2672351413,2672352020,8865,607
29348.782061,2672355262,2672355846,9223,584
29348.794065,2672359262,2672359873,11863,611
29348.806100,2672363174,2672363757,8925,583
29348.818129,2672367150,2672367733,11927,583
29348.830137,2672371137,2672371739,11931,602
29348.842169,2672375040,2672375622,8948,582
29348.854200,2672378895,2672379478,9216,583
29348.866216,2672382750,2672383357,9217,607
29348.878237,2672386638,2672387218,8938,580
29348.890267,2672390490,2672391074,9237,584
29348.902275,2672394499,2672395096,11899,597
29348.914311,2672398573,2672399182,12081,609
29348.926334,2672402716,2672403331,12105,615
29348.938344,2672406681,2672407294,8854,613
29348.950378,2672410645,2672411229,8873,584
29348.962402,2672414578,2672415199,9173,621
29348.974415,2672418570,2672419178,8861,608
29348.986444,2672422428,2672423010,9003,582
29348.998470,2672426312,2672426896,9223,584
29349.010483,2672430164,2672430770,9218,606
29349.063083,2672446398,2672447005,8897,607
29349.075112,2672450539,2672451148,12083,609
29349.087126,2672454495,2672455102,9164,607
29349.099150,2672458403,2672459016,8887,613
29349.111183,2672462485,2672463097,12079,612
29349.123191,2672466540,2672467142,11908,602
29349.135223,2672470496,2672471077,11972,581
29349.147252,2672474499,2672475114,12083,615
29349.159260,2672478533,2672479140,11834,607
29349.171287,2672482509,2672483085,11982,576
29349.183318,2672486506,2672487115,12081,609
29349.195329,2672490621,2672491228,11871,607
29349.205870,2672494003,2672494585,9199,582
29349.217885,2672497843,2672498302,7371,459
29349.229904,2672501619,2672502079,7562,460
29349.241937,2672505327,2672505909,9200,582
29349.253950,2672509194,2672509798,9178,604
29349.265976,2672513077,2672513682,8955,605
29349.278004,2672516896,2672517476,9157,580
29349.290018,2672520774,2672521389,9280,615
29349.302041,2672524677,2672525258,11980,581
29349.314068,2672528642,2672529226,11889,584
29349.326083,2672532507,2672533109,9147,602
29349.338111,2672536340,2672536922,8930,582
29349.350142,2672540156,2672540740,9179,584
29349.362164,2672543958,2672544570,9245,612
29349.374182,2672547851,2672548433,8971,582
29349.386210,2672551702,2672552285,9227,583
29349.398224,2672555556,2672556166,9244,610
29349.410248,2672559442,2672560022,8974,580
29349.422278,2672563334,2672563918,9175,584
29349.434286,2672567352,2672567958,11959,606
29349.446315,2672571356,2672571938,11978,582
29349.458347,2672575225,2672575809,9227,584
29349.470361,2672579108,2672579716,9189,608
29349.482386,2672582960,2672583542,8959,582
29349.494416,2672586796,2672587377,9193,581
29349.506426,2672590640,2672591247,9196,607
29349.518452,2672594669,2672595250,11964,581
29349.530480,2672598675,2672599279,12123,604
29349.542494,2672602561,2672603167,9177,606
29349.554523,2672606415,2672606996,8992,581
29349.566550,2672610280,2672610864,9195,584
29349.578566,2672614155,2672614757,9255,602
29349.590592,2672617974,2672618555,9005,581
29349.602622,2672621914,2672622498,9268,584
29349.614636,2672625788,2672626401,9284,613
29349.626658,2672629650,2672630230,8954,580
29349.638689,2672633523,2672634107,9218,584
29349.650697,2672637549,2672638156,11836,607
29349.662727,2672641529,2672642136,11831,607
29349.674757,2672645448,2672646033,9150,585
29349.686767,2672649293,2672649911,9195,618
29349.698795,2672653102,2672653683,8951,581
29349.710829,2672656927,2672657508,9090,581
29349.722836,2672660757,2672661358,9185,601
29349.734864,2672664712,2672665294,11976,582
29349.746891,2672668715,2672669325,12093,610
29349.758912,2672672597,2672673204,9213,607
29349.770930,2672676456,2672677038,8914,582
29349.782961,2672680336,2672680920,9162,584
29349.794971,2672684185,2672684792,9183,607
29349.807003,2672688057,2672688639,9010,582
29349.819025,2672691986,2672692596,9200,610
29349.831040,2672695942,2672696550,9210,608
29349.843068,2672699943,2672700548,11825,605
29349.855095,2672704081,2672704665,11960,584
29349.867108,2672708165,2672708778,11868,613
29349.879137,2672712191,2672712797,11816,606
29349.891164,2672716332,2672716942,12079,610
29349.903178,2672720227,2672720840,9193,613
29349.915201,2672724094,2672724700,8860,606
29349.927238,2672728069,2672728676,12035,607
29349.939243,2672732067,2672732680,11884,613
29349.951273,2672736022,2672736629,11862,607
29349.963302,2672740033,2672740653,12107,620
29349.975311,2672744018,2672744620,11869,602
29349.987340,2672747880,2672748493,8905,613
29349.997864,2672751293,2672751906,9196,613
29350.009890,2672755312,2672755926,8990,614
29350.021920,2672759180,2672759763,9205,583
29350.033931,2672763047,2672763649,12031,602
29350.045954,2672766932,2672767542,11958,610
29350.057987,2672770765,2672771348,9044,583
29350.070002,2672774660,2672775268,9222,608
29350.082021,2672778563,2672779147,8924,584
29350.094057,2672782377,2672782957,9180,580
29350.106075,2672786241,2672786853,9230,612
29350.118088,2672790232,2672790808,11972,576
29350.130122,2672794202,2672794785,11999,583
29350.142134,2672798068,2672798671,9166,603
29350.154163,2672801913,2672802494,8959,581
29350.166192,2672805757,2672806341,9194,584
29350.178205,2672809578,2672810191,9201,613
29350.190232,2672813469,2672814051,8977,582
29350.202263,2672817294,2672817879,9245,585
29350.214270,2672821341,2672821945,12027,604
29350.226301,2672825228,2672825808,8988,580
29350.238330,2672829084,2672829669,9221,585
29350.250338,2672833058,2672833665,11931,607
29350.262365,2672837100,2672837707,11811,607
29350.274398,2672840964,2672841547,9186,583
29350.286409,2672844819,2672845421,9196,602
29350.298438,2672848659,2672849236,9008,577
29350.310466,2672852510,2672853092,9220,582
29350.322478,2672856368,2672856976,9197,608
29350.334503,2672860370,2672860952,11964,582
29350.346533,2672864345,2672864928,11982,583
29350.358551,2672868254,2672868859,9265,605
29350.370575,2672872134,2672872715,9017,581
29350.382607,2672875985,2672876568,9253,583
29350.394619,2672879856,2672880464,9241,608
29350.406640,2672883707,2672884314,8896,607
29350.418672,2672887691,2672888275,9253,584
29350.430689,2672891580,2672892195,9256,615
29350.442711,2672895415,2672895996,8928,581
29350.454741,2672899285,2672899869,9031,584
29350.466749,2672903300,2672903913,11851,613
29350.478779,2672907283,2672907900,11870,617
29350.490812,2672911185,2672911769,9194,584
29350.502828,2672915005,2672915606,9271,601
29350.514846,2672918847,2672919429,8948,582
29350.526879,2672922679,2672923261,9167,582
29350.538886,2672926520,2672927128,9159,608
29350.550917,2672930523,2672931105,11963,582
29350.562941,2672934498,2672935112,12073,614
29350.574955,2672938354,2672938956,9180,602
29350.586982,2672942128,2672942710,8907,582
29350.599015,2672945984,2672946567,9212,583
29350.611027,2672949971,2672950582,11865,611
29350.623050,2672954048,2672954661,8894,613
29350.662131,2672966473,2672967081,12074,608
29350.674148,2672970381,2672970993,9134,612
29350.686175,2672974235,2672974816,8937,581
29350.698207,2672978069,2672978653,9237,584
29350.710217,2672981930,2672982531,9185,601
29350.722243,2672985785,2672986367,8922,582
29350.734270,2672989764,2672990348,11964,584
29350.746288,2672993742,2672994357,12060,615
29350.758308,2672997607,2672998183,8988,576
29350.770342,2673001447,2673002030,9205,583
29350.782352,2673005319,2673005927,9170,608
29350.794381,2673009139,2673009721,8978,582
29350.806409,2673012976,2673013560,9183,584
29350.818421,2673016846,2673017448,9146,602
29350.830446,2673020766,2673021350,8921,584
29350.842481,2673024604,2673025186,9255,582
29350.854496,2673028444,2673029048,9277,604
29350.866513,2673032455,2673033037,12014,582
29350.878543,2673036471,2673037081,12068,610
29350.890559,2673040383,2673040991,9167,608
29350.902583,2673044237,2673044838,8892,601
29350.914614,2673048127,2673048711,9229,584
29350.926626,2673052023,2673052634,9236,611
29350.938653,2673055889,2673056471,8920,582
29350.950681,2673059888,2673060469,11925,581
29350.962701,2673063890,2673064500,12073,610
29350.974724,2673067722,2673068304,8966,582
29350.986755,2673071574,2673072158,9180,584
29350.998771,2673075424,2673076032,9188,608
29351.010787,2673079251,2673079854,8903,603
29351.027330,2673084484,2673085068,9186,584
29351.039337,2673088597,2673089210,11872,613
29351.049879,2673091999,2673092437,7558,438
29351.061892,2673095717,2673096175,7392,458
29351.073907,2673099450,2673100033,8891,583
29351.085944,2673103276,2673103858,9267,582
29351.097961,2673107164,2673107769,9306,605
29351.109980,2673111069,2673111652,8932,583
29351.122013,2673114888,2673115470,9138,582
29351.134023,2673118737,2673119338,11881,601
29351.146046,2673122704,2673123288,11835,584
29351.158078,2673126565,2673127148,9225,583
29351.170091,2673130389,2673131000,9160,611
29351.182119,2673134208,2673134789,8943,581
29351.194150,2673138025,2673138610,9204,585
29351.206160,2673141883,2673142491,9140,608
29351.218187,2673145746,2673146328,8970,582
29351.230219,2673149562,2673150146,9244,584
29351.242231,2673153491,2673154107,9218,616
29351.254249,2673157395,2673157978,8907,583
29351.266281,2673161395,2673161979,11971,584
29351.278291,2673165408,2673166014,11868,606
29351.290325,2673169297,2673169879,8925,582
29351.302352,2673173154,2673173737,9228,583
29351.314366,2673177006,2673177613,9210,607
29351.326392,2673180857,2673181436,8910,579
29351.338422,2673184710,2673185294,9241,584
29351.350432,2673188586,2673189199,9206,613
29351.362458,2673192656,2673193239,11833,583
29351.374491,2673196501,2673197085,9234,584
29351.386501,2673200355,2673200957,9152,602
29351.398528,2673204199,2673204817,8902,618
29351.410562,2673208034,2673208616,9221,582
29351.422575,2673211859,2673212470,9171,611
29351.434600,2673215736,2673216318,8994,582
29351.454132,2673222171,2673222781,11983,610
29351.468334,2673227423,2673228033,12123,610
29351.526268,2673245656,2673246267,11833,611
29351.538302,2673249595,2673250179,8895,584
29351.550322,2673253630,2673254250,12073,620
29351.562339,2673257693,2673258303,11992,610
29351.574371,2673261580,2673262164,8911,584
29351.586390,2673265433,2673266046,9235,613
29351.598412,2673269403,2673270017,8999,614
29351.610439,2673273319,2673273904,8904,585
29351.622461,2673277249,2673277853,9233,604
29351.638980,2673282562,2673283170,8900,608
29351.651017,2673286560,2673287143,8950,583
29351.663037,2673290554,2673291169,9261,615
29351.675054,2673294655,2673295261,11844,606
29351.687082,2673298809,2673299424,12062,615
29351.699105,2673303010,2673303620,12116,610
29351.711122,2673307090,2673307703,11844,613
29351.723150,2673311193,2673311777,11927,584
29351.735174,2673315373,2673315976,12079,603
29351.747192,2673319394,2673319999,12000,605
29351.759221,2673323440,2673324052,12032,612
29351.771243,2673327527,2673328131,12084,604
29351.783261,2673331539,2673332147,11835,608
29351.795289,2673335545,2673336160,12039,615
29351.807312,2673339704,2673340314,12089,610
29351.819328,2673343709,2673344322,11847,613
29351.831357,2673347777,2673348382,12063,605
29351.841878,2673351248,2673351861,9052,613
29351.853901,2673355207,2673355791,8887,584
29351.865926,2673359092,2673359549,7457,457
29351.877938,2673362921,2673363531,11978,610
29351.889969,2673366822,2673367406,8875,584
29351.901990,2673370729,2673371342,9175,613
29351.914011,2673374691,2673375306,8964,615
29351.926040,2673378593,2673379176,8856,583
29351.938059,2673382471,2673383089,9152,618
29351.951585,2673387069,2673387690,12077,621
29351.962105,2673390635,2673391219,11915,584
29351.974131,2673394529,2673395138,9234,609
29351.986147,2673398494,2673399103,8976,609
29352.010197,2673406348,2673406951,12078,603
29352.026725,2673411836,2673412440,11834,604
29352.046266,2673418255,2673418870,12100,615
29352.058278,2673422334,2673422950,11806,616
29352.070311,2673426253,2673426836,8903,583
29352.094354,2673434077,2673434687,12000,610
29352.110890,2673439570,2673440180,12058,610
29352.122910,2673443516,2673444131,9243,615
29352.134928,2673447560,2673448173,11854,613
29352.146960,2673451519,2673452102,8921,583
29352.158977,2673455401,2673456018,9154,617
29352.170995,2673459476,2673460081,11984,605
29352.183024,2673463570,2673464154,11964,584
29352.195046,2673467720,2673468330,12073,610
29352.207066,2673471834,2673472437,11851,603
29352.219092,2673476014,2673476598,11926,584
29352.231115,2673480135,2673480739,12078,604
29352.250657,2673486367,2673486951,8912,584
29352.262679,2673490282,2673490891,9233,609
29352.274691,2673494154,2673494759,8902,605
29352.286725,2673498089,2673498673,8917,584
29352.298747,2673502152,2673502760,12088,608
29352.310762,2673506257,2673506867,11974,610
29352.322793,2673510182,2673510766,8922,584
29352.334814,2673514245,2673514860,12095,615
29352.346824,2673518152,2673518765,8878,613
29352.358859,2673522088,2673522671,8867,583
29352.370882,2673526032,2673526653,9233,621
29352.382899,2673530097,2673530710,11816,613
29352.394931,2673534175,2673534759,11936,584
29352.406952,2673538086,2673538691,9252,605
29352.418963,2673541947,2673542555,8902,608
29352.430998,2673545834,2673546418,8894,584
29352.443020,2673549784,2673550400,9188,616
29352.455039,2673553850,2673554451,11848,601
29352.467065,2673557885,2673558469,8915,584
29352.479087,2673561947,2673562567,9240,620
29352.491107,2673566075,2673566693,12004,618
29352.503134,2673570245,2673570860,12063,615
29352.515160,2673574331,2673574935,12098,604
29352.527174,2673578320,2673578928,11881,608
29352.539202,2673582408,2673583013,12031,605
29352.551228,2673586509,2673587129,12085,620
29352.563242,2673590591,2673591204,11843,613
29352.575272,2673594720,2673595333,12052,613
29352.587295,2673598826,2673599431,12046,605
29352.599311,2673602917,2673603530,11843,613
29352.611340,2673606951,2673607535,11948,584
29352.621858,2673610415,2673610885,7639,470
29352.638393,2673615619,2673616228,8922,609
29352.654923,2673620986,2673621601,9259,615
29352.666939,2673625178,2673625781,11826,603
29352.678968,2673629090,2673629674,8895,584
29352.690989,2673633025,2673633633,9229,608
29352.703009,2673637047,2673637660,11842,613
29352.715039,2673641169,2673641752,11967,583
29352.727059,2673645319,2673645939,12083,620
29352.739079,2673649469,2673650085,12000,616
29352.751104,2673653609,2673654193,11922,584
29352.763129,2673657743,2673658353,12078,610
29352.775141,2673661721,2673662331,8872,610
29352.787175,2673665781,2673666396,12035,615
29352.799198,2673669893,2673670503,12087,610
29352.811216,2673673904,2673674524,12002,620
29352.823241,2673677949,2673678532,11941,583
29352.835264,2673682014,2673682619,12049,605
29352.847286,2673686051,2673686661,12004,610
29352.859312,2673690097,2673690682,11942,585
29352.871334,2673694180,2673694784,9220,604
29352.881862,2673697648,2673698087,7667,439
29352.893881,2673701409,2673701868,7501,459
29352.905898,2673705204,2673705809,8925,605
29352.917926,2673709118,2673709702,8909,584
29352.929949,2673713040,2673713655,9213,615
29352.941967,2673716986,2673717594,8973,608
29352.953994,2673720967,2673721582,12037,615
29352.966014,2673724878,2673725485,9153,607
29352.978035,2673728868,2673729483,8990,615
29352.990066,2673732834,2673733418,8957,584
29353.002082,2673736725,2673737333,9183,608
29353.014104,2673740674,2673741284,8947,610
29353.024626,2673744114,2673744726,12073,612
29353.054681,2673753756,2673754360,8987,604
29353.066709,2673757681,2673758296,8950,615
29353.078729,2673761644,2673762259,9199,615
29353.090745,2673765750,2673766357,11971,607
29353.102774,2673769850,2673770460,12039,610
29353.114800,2673773950,2673774554,12086,604
29353.126813,2673778062,2673778667,11973,605
29353.138844,2673782009,2673782618,8901,609
29353.150867,2673785970,2673786585,9213,615
29353.162884,2673789925,2673790529,8987,604
29353.174911,2673793865,2673794478,8913,613
29353.186934,2673797815,2673798419,9207,604
29353.198953,2673801781,2673802385,8970,604
29353.210982,2673805870,2673806480,12042,610
29353.223003,2673809824,2673810429,9160,605
29353.235022,2673813948,2673814563,12011,615
29353.247051,2673818105,2673818720,12039,615
29353.259071,2673822316,2673822932,12079,616
29353.269592,2673825881,2673826491,8959,610
29353.298143,2673835211,2673835826,12011,615
29353.310171,2673839312,2673839927,12036,615
29353.322194,2673843277,2673843892,9228,615
29353.334212,2673847235,2673847845,8936,610
29353.346239,2673851185,2673851795,8943,610
29353.358263,2673855208,2673855812,9266,604
29353.370282,2673859169,2673859779,9004,610
29353.382308,2673863114,2673863729,8927,615
29353.394332,2673867115,2673867730,9242,615
29353.406350,2673871067,2673871672,8981,605
29353.418376,2673874995,2673875605,8883,610
29353.430399,2673878950,2673879559,9058,609
29353.442419,2673882904,2673883514,8908,610
29353.454445,2673886860,2673887464,8976,604
29353.466470,2673890788,2673891395,9244,607
29353.478489,2673895021,2673895631,12032,610
29353.490512,2673898983,2673899591,8900,608
29353.502536,2673902925,2673903545,9220,620
29353.514555,2673907022,2673907637,9016,615
29353.525079,2673911365,2673912148,13492,783
29353.535594,2673919045,2673920195,16321,1150
29353.546109,2673926290,2673927417,16084,1127
29353.558142,2673931455,2673932075,8951,620
29353.570167,2673935488,2673936104,9229,616
29353.582184,2673939482,2673940101,8957,619
29353.594211,2673943500,2673944115,8934,615
29353.606235,2673947490,2673948109,9203,619
29353.618253,2673951467,2673952077,9040,610
29353.630280,2673955426,2673956041,8940,615
29353.642304,2673959367,2673959987,9207,620
29353.654321,2673963344,2673963958,8962,614
29353.666348,2673967300,2673967915,8919,615
29353.678370,2673971257,2673971877,9046,620
29353.690389,2673975214,2673975816,8972,602
29353.702415,2673979160,2673979774,8938,614
29353.714439,2673983131,2673983740,9252,609
29353.726460,2673987226,2673987841,12037,615
29353.738484,2673991184,2673991794,8966,610
29353.750507,2673995162,2673995772,9248,610
29353.762526,2673999141,2673999751,8960,610
29353.774552,2674003096,2674003715,8937,619
29353.786575,2674007069,2674007679,9196,610
29353.798593,2674011024,2674011633,8960,609
29353.810620,2674014971,2674015575,8953,604
29353.822645,2674018932,2674019547,9262,615
29353.834662,2674022879,2674023486,8938,607
29353.846689,2674026848,2674027463,8930,615
29353.858713,2674030780,2674031395,9167,615
29353.870731,2674034741,2674035351,8956,610
29353.882758,2674038700,2674039320,8960,620
29353.894781,2674042654,2674043263,9258,609
29353.906798,2674046603,2674047216,8979,613
29353.918826,2674050553,2674051163,8932,610
29353.930849,2674054577,2674055192,9239,615
29353.942864,2674058719,2674059333,12029,614
29353.954893,2674062716,2674063336,8948,620
29353.966917,2674066741,2674067356,9253,615
29353.978935,2674070756,2674071376,9008,620
29353.990962,2674074744,2674075363,8908,619
29354.002986,2674078701,2674079316,9209,615
29354.015004,2674082683,2674083288,8979,605
29354.027032,2674086693,2674087303,8933,610
29354.039055,2674090857,2674091466,12067,609
29354.051073,2674095078,2674095683,12015,605
29354.063100,2674099252,2674099867,12041,615
29354.075125,2674103469,2674104080,12049,611
29354.087143,2674107637,2674108241,12017,604
29354.099168,2674111707,2674112317,8931,610
29354.111193,2674115704,2674116319,9260,615
29354.123216,2674119819,2674120432,12037,613
29354.135237,2674123909,2674124524,12039,615
29354.147262,2674128011,2674128621,12086,610
29354.159279,2674132118,2674132727,12009,609
29354.171308,2674136203,2674136813,12054,610
29354.183332,2674140295,2674140910,12093,615
29354.195348,2674144363,2674144973,12011,610
29354.205876,2674147840,2674148448,9273,608
29354.217893,2674151775,2674152390,8952,615
29354.229925,2674155775,2674156244,7666,469
29354.241942,2674159580,2674160190,12088,610
29354.253962,2674163533,2674164137,8988,604
29354.265988,2674167476,2674168091,8919,615
29354.278011,2674171442,2674172062,9219,620
29354.290030,2674175399,2674176011,8968,612
29354.302055,2674179371,2674179981,8930,610
29354.314079,2674183429,2674184039,12080,610
29354.326094,2674187502,2674188107,11986,605
29354.338124,2674191451,2674192056,8941,605
29354.350149,2674195408,2674196023,9292,615
29354.362166,2674199380,2674199985,8977,605
29354.374193,2674203332,2674203952,8917,620
29354.386217,2674207307,2674207922,9272,615
29354.398235,2674211267,2674211871,8985,604
29354.410261,2674215216,2674215826,8893,610
29354.422284,2674219158,2674219773,9080,615
29354.434303,2674223112,2674223727,8958,615
29354.446330,2674227218,2674227822,12037,604
29354.458352,2674231172,2674231787,9202,615
29354.470375,2674235134,2674235744,8994,610
29354.482398,2674239053,2674239668,8956,615
29354.494422,2674243000,2674243620,9267,620
29354.506442,2674246942,2674247549,9011,607
29354.518468,2674250900,2674251515,8963,615
29354.530490,2674255009,2674255619,12070,610
29354.542506,2674259104,2674259712,11989,608
29354.554537,2674263057,2674263672,8907,615
29354.566562,2674267028,2674267638,9275,610
29354.578578,2674270991,2674271606,9009,615
29354.590606,2674274942,2674275555,8953,613
29354.602629,2674278899,2674279509,9252,610
29354.614647,2674282849,2674283459,8998,610
29354.626673,2674286792,2674287402,8873,610
29354.638698,2674290744,2674291364,9181,620
29354.650716,2674294705,2674295315,8926,610
29354.662743,2674298649,2674299259,8941,610
29354.674765,2674302591,2674303200,9242,609
29354.686785,2674306544,2674307159,8970,615
29354.698811,2674310501,2674311106,8917,605
29354.710834,2674314466,2674315081,9200,615
29354.722851,2674318448,2674319054,8981,606
29354.734878,2674322413,2674323033,8950,620
29354.746904,2674326539,2674327154,12088,615
29354.758918,2674330633,2674331247,11998,614
29354.770946,2674334586,2674335201,8941,615
29354.782971,2674338535,2674339151,9240,616
29354.794989,2674342483,2674343093,8955,610
29354.807014,2674346433,2674347048,8962,615
29354.819040,2674350587,2674351192,12045,605
29354.831057,2674354657,2674355272,9002,615
29354.843084,2674358746,2674359356,8938,610
29354.855110,2674362943,2674363553,12083,610
29354.867129,2674367130,2674367745,12039,615
29354.879152,2674371152,2674371762,8918,610
29354.891176,2674375297,2674375906,12087,609
29354.903194,2674379418,2674380033,12011,615
29354.915219,2674383448,2674384058,8924,610
29354.927242,2674387406,2674388021,9206,615
29354.939261,2674391502,2674392110,12008,608
29354.951290,2674395595,2674396214,12037,619
29354.963312,2674399708,2674400312,12066,604
29354.975330,2674403783,2674404388,12014,605
29354.987359,2674407877,2674408487,12041,610
29354.997875,2674411365,2674411975,8952,610
29355.009902,2674415324,2674415939,8927,615
29355.021925,2674419284,2674419898,9198,614
29355.033941,2674423235,2674423839,8939,604
29355.045971,2674427224,2674427839,12043,615
29355.057992,2674431209,2674431812,12085,603
29355.070013,2674435168,2674435778,8969,610
29355.082039,2674439104,2674439719,8909,615
29355.094063,2674443060,2674443669,9246,609
29355.106081,2674447028,2674447635,8991,607
29355.118109,2674450978,2674451588,8910,610
29355.130132,2674455055,2674455660,12074,605
29355.142147,2674459135,2674459739,12018,604
29355.154177,2674463081,2674463696,8922,615
29355.166201,2674467052,2674467667,8988,615
29355.178219,2674471017,2674471632,8942,615
29355.190246,2674474975,2674475590,8963,615
29355.202271,2674478943,2674479553,9256,610
29355.214292,2674482903,2674483507,9021,604
29355.226314,2674486843,2674487462,8937,619
29355.238339,2674490806,2674491415,9225,609
29355.250356,2674494760,2674495375,8993,615
29355.262382,2674498872,2674499482,12045,610
29355.274405,2674502954,2674503558,12091,604
29355.286425,2674506916,2674507536,8986,620
29355.298452,2674510882,2674511497,8954,615
29355.310476,2674514809,2674515419,9204,610
29355.322492,2674518745,2674519352,8958,607
29355.334519,2674522695,2674523305,8934,610
29355.346542,2674526797,2674527412,12090,615
29355.358557,2674530900,2674531510,11977,610
29355.370587,2674534871,2674535481,8902,610
29355.382612,2674538811,2674539426,9210,615
29355.394629,2674542761,2674543371,8989,610
29355.406655,2674546714,2674547322,8949,608
29355.418679,2674550671,2674551281,9252,610
29355.430698,2674554612,2674555222,8952,610
29355.442724,2674558573,2674559193,8928,620
29355.454748,2674562602,2674563222,9244,620
29355.514854,2674581684,2674582289,11981,605
29355.526886,2674585621,2674586241,9247,620
29355.538901,2674589516,2674590131,9196,615
29355.550922,2674593437,2674594020,8927,583
29355.562955,2674597484,2674598093,12048,609
29355.574961,2674601517,2674602120,11870,603
29355.586992,2674605418,2674606002,8938,584
29355.599020,2674609448,2674610057,12066,609
29355.611046,2674613510,2674614123,11959,613
29355.623060,2674617522,2674618106,8950,584
29355.719240,2674647911,2674648513,11915,602
29355.731266,2674651833,2674652443,8930,610
29355.743296,2674655768,2674656378,9202,610
29355.755304,2674659766,2674660370,11910,604
29355.767337,2674663833,2674664438,11995,605
29355.779366,2674667870,2674668483,12086,613
29355.789878,2674671308,2674671892,8918,584
29355.801908,2674675180,2674675786,9251,606
29355.813927,2674679137,2674679741,9283,604
29355.825948,2674683050,2674683634,8930,584
29355.837978,2674686922,2674687529,9253,607
29355.849997,2674690843,2674691458,9269,615
29355.862016,2674694853,2674695468,11989,615
29355.874045,2674698788,2674699391,12056,603
29355.886063,2674702725,2674703335,9276,610
29355.898081,2674706627,2674707211,8882,584
29355.910114,2674710520,2674711135,9066,615
29355.922132,2674714485,2674715092,9275,607
29355.934154,2674718429,2674719014,8906,585
29355.946184,2674722419,2674723027,12140,608
29355.958205,2674726435,2674727041,12004,606
29355.970221,2674730345,2674730929,8955,584
29355.982252,2674734412,2674735021,12072,609
29355.994270,2674738331,2674738938,9147,607
29356.006288,2674742206,2674742784,8909,578
29356.018321,2674746072,2674746675,9232,603
29356.030336,2674749985,2674750593,9181,608
29356.042359,2674753899,2674754483,8941,584
29356.054389,2674757791,2674758400,9206,609
29356.066404,2674761707,2674762315,9252,608
29356.078423,2674765627,2674766211,8889,584
29356.090456,2674769667,2674770270,12076,603
29356.102474,2674773597,2674774205,9234,608
29356.114493,2674777504,2674778088,8889,584
29356.126528,2674781389,2674782009,9244,620
29356.138544,2674785323,2674785939,9146,616
29356.150564,2674789249,2674789828,8919,579
29356.162595,2674793252,2674793855,12084,603
29356.174602,2674797268,2674797875,11861,607
29356.186634,2674801194,2674801778,8964,584
29356.198663,2674805113,2674805722,9245,609
29356.210681,2674809075,2674809680,9296,605
29356.222697,2674812959,2674813543,8913,584
29356.234732,2674816872,2674817487,9254,615
29356.246748,2674820792,2674821405,9228,613
29356.258772,2674824710,2674825315,8941,605
29356.270800,2674828631,2674829234,9264,603
29356.282815,2674832500,2674833107,9195,607
29356.294833,2674836591,2674837175,11803,584
29356.306870,2674840640,2674841242,12042,602
29356.318884,2674844520,2674845122,9207,602
29356.330906,2674848428,2674849012,8896,584
29356.342938,2674852333,2674852943,9199,610
29356.354955,2674856220,2674856831,9237,611
29356.366973,2674860142,2674860726,8936,584
29356.379008,2674864209,2674864824,12089,615
29356.391014,2674868307,2674868914,11869,607
29356.403040,2674872459,2674873043,11823,584
29356.415075,2674876596,2674877211,12087,615
29356.427082,2674880737,2674881340,11840,603
29356.439107,2674884846,2674885430,11826,584
29356.451140,2674888969,2674889579,12072,610
29356.463157,2674892963,2674893566,9189,603
29356.475180,2674896920,2674897499,8890,579
29356.487212,2674900976,2674901590,12070,614
29356.499221,2674905005,2674905618,11839,613
29356.511252,2674909085,2674909700,11996,615
29356.523280,2674913165,2674913773,12123,608
29356.535287,2674917168,2674917776,11863,608
29356.547318,2674921076,2674921660,8900,584
29356.559346,2674924969,2674925574,9213,605
29356.569859,2674928379,2674928957,8940,578
29356.581893,2674932267,2674932874,9227,607
29356.593909,2674936143,2674936750,9203,607
29356.605935,2674940031,2674940640,8973,609
29356.617961,2674943919,2674944538,9286,619
29356.629979,2674947880,2674948490,9292,610
29356.641997,2674951760,2674952344,8878,584
29356.654031,2674955609,2674956216,9076,607
29356.666049,2674959567,2674960177,9273,610
29356.678063,2674963622,2674964207,11818,585
29356.690098,2674967578,2674968190,12171,612
29356.702122,2674971511,2674972121,9348,610
29356.714137,2674975433,2674976016,8926,583
29356.726168,2674979305,2674979915,9246,610
29356.738185,2674983231,2674983834,9282,603
29356.750205,2674987152,2674987731,8938,579
29356.762234,2674991229,2674991839,12079,610
29356.774243,2674995291,2674995898,11866,607
29356.786274,2674999182,2674999766,8944,584
29356.798305,2675003098,2675003707,9240,609
29356.810322,2675006989,2675007591,9192,602
29356.822340,2675010860,2675011439,8861,579
29356.834373,2675014742,2675015357,9168,615
29356.846389,2675018681,2675019294,9187,613
29356.858408,2675022603,2675023187,8938,584
29356.870443,2675026481,2675027100,9261,619
29356.902001,2675036530,2675037137,12064,607
29356.914019,2675040474,2675041089,9260,615
29356.926037,2675044375,2675044959,8866,584
29356.938072,2675048245,2675048862,9187,617
29356.950091,2675052431,2675053035,12068,604
29356.962104,2675056445,2675057029,11825,584
29356.974138,2675060442,2675061057,12061,615
29356.986156,2675064370,2675064969,9251,599
29356.998177,2675068277,2675068861,8961,584
29357.010209,2675072199,2675072803,9216,604
29357.022226,2675076144,2675076754,9257,610
29357.034243,2675080017,2675080601,8915,584
29357.046277,2675083907,2675084527,9254,620
29357.058294,2675087831,2675088441,9277,610
29357.070311,2675091709,2675092292,8885,583
29357.082346,2675095554,2675096162,9265,608
29357.094356,2675099616,2675100229,11935,613
29357.106382,2675103705,2675104315,11985,610
29357.118413,2675107611,2675108226,9224,615
29357.130429,2675111550,2675112158,9199,608
29357.142448,2675115449,2675116033,8859,584
29357.154483,2675119328,2675119941,9257,613
29357.166498,2675123257,2675123870,9220,613
29357.178517,2675127325,2675127909,11836,584
29357.190548,2675131367,2675131982,12070,615
29357.202567,2675135303,2675135907,9300,604
29357.214584,2675139181,2675139764,8886,583
29357.226618,2675143069,2675143674,9221,605
29357.238636,2675146962,2675147574,9215,612
29357.250660,2675150855,2675151464,8944,609
29357.262687,2675154772,2675155382,9263,610
29357.274704,2675158701,2675159305,9283,604
29357.286722,2675162589,2675163172,8881,583
29357.298754,2675166521,2675167136,9049,615
29357.310764,2675170573,2675171181,11870,608
29357.322793,2675174645,2675175255,11964,610
29357.334823,2675178588,2675179209,9272,621
29357.346843,2675182458,2675183071,9216,613
29357.358860,2675186377,2675186961,8944,584
29357.370892,2675190298,2675190906,9253,608
29357.382907,2675194191,2675194794,9180,603
29357.394923,2675198264,2675198848,11844,584
29357.406959,2675202316,2675202920,12092,604
29357.418972,2675206182,2675206795,9213,613
29357.430995,2675210085,2675210669,8909,584
29357.443030,2675214184,2675214788,12093,604
29357.455038,2675218365,2675218983,11866,618
29357.467063,2675222551,2675223135,11820,584
29357.479097,2675226556,2675227165,9263,609
29357.491117,2675230606,2675231215,9331,609
29357.503128,2675234727,2675235310,11808,583
29357.515166,2675238848,2675239453,12082,605
29357.527176,2675242874,2675243484,11871,610
29357.539207,2675246941,2675247556,12007,615
29357.551234,2675251020,2675251635,12074,615
29357.563242,2675255377,2675255973,11880,596
29357.575275,2675259269,2675259874,9015,605
29357.587302,2675263342,2675263950,12087,608
29357.599321,2675267379,2675267994,12040,615
29357.611334,2675271442,2675272026,11791,584
29357.621865,2675274877,2675275493,9324,616
29357.633882,2675278753,2675279336,8871,583
29357.645917,2675282615,2675283228,9080,613
29357.657935,2675286549,2675287159,9261,610
29357.669951,2675290435,2675291017,8881,582
29357.681986,2675294297,2675294910,9260,613
29357.694005,2675298226,2675298835,12052,609
29357.706021,2675302212,2675302827,11967,615
29357.718053,2675306089,2675306702,9256,613
29357.730071,2675310027,2675310637,9234,610
29357.742088,2675313927,2675314511,8866,584
29357.754122,2675317819,2675318431,9173,612
29357.766137,2675321989,2675322604,12026,615
29357.778156,2675326018,2675326602,11830,584
29357.790189,2675330000,2675330609,12172,609
29357.802209,2675333907,2675334512,9261,605
29357.814230,2675337834,2675338417,8931,583
29357.826260,2675341719,2675342328,9261,609
29357.838277,2675345629,2675346243,9184,614
29357.850294,2675349588,2675350172,8924,584
29357.862329,2675353470,2675354080,9229,610
29357.874345,2675357386,2675357996,9275,610
29357.886363,2675361268,2675361851,8866,583
29357.898398,2675365158,2675365773,9199,615
29357.910408,2675369202,2675369804,11955,602
29357.922433,2675373235,2675373839,11968,604
29357.934465,2675377109,2675377717,9260,608
29357.946482,2675381063,2675381673,9283,610
29357.958499,2675384942,2675385526,8864,584
29357.970534,2675388834,2675389447,9194,613
29357.982550,2675392765,2675393380,9242,615
29358.165899,2675439604,2675440042,3931,438
29358.177926,2675442798,2675443413,5476,615
29358.189951,2675446207,2675446823,5817,616
29358.201961,2675450090,2675450669,11814,579
29358.213997,2675453958,2675454576,9225,618
29358.226016,2675457896,2675458506,9248,610
29358.238032,2675461771,2675462356,8865,585
29358.250065,2675465660,2675466267,9257,607
29358.262084,2675469573,2675470176,9271,603
29358.274099,2675473441,2675474025,8910,584
29358.286134,2675477308,2675477920,9258,612
29358.298151,2675481256,2675481866,9243,610
29358.310167,2675485306,2675485889,11813,583
29358.322201,2675489308,2675489916,12166,608
29358.334221,2675493229,2675493834,9270,605
29358.346237,2675497144,2675497728,8868,584
29358.358270,2675501032,2675501642,9223,610
29358.370288,2675504922,2675505533,9200,611
29358.382309,2675508851,2675509435,8914,584
29358.394339,2675512881,2675513491,12076,610
29358.406358,2675516968,2675517572,12059,604
29358.418378,2675520884,2675521468,8933,584
29358.430408,2675524770,2675525372,9246,602
29358.442427,2675528689,2675529297,9267,608
29358.454442,2675532553,2675533138,8877,585
29358.466478,2675536418,2675537033,9227,615
29358.478492,2675540303,2675540916,9206,613
29358.490517,2675544225,2675544830,8987,605
29358.502546,2675548109,2675548728,9248,619
29358.514561,2675552006,2675552614,9203,608
29358.526575,2675556084,2675556668,11819,584
29358.538613,2675560110,2675560720,12034,610
29358.550631,2675564031,2675564633,9202,602
29358.562648,2675567924,2675568508,8902,584
29358.574682,2675571808,2675572428,9241,620
29358.586702,2675575741,2675576356,9198,615
29358.598720,2675579652,2675580236,8881,584
29358.610748,2675583656,2675584259,12134,603
29358.622767,2675587747,2675588356,12065,609
29358.779060,2675631858,2675632445,8906,587
29358.791091,2675635552,2675636172,9216,620
29358.803108,2675639590,2675640201,9212,611
29358.815126,2675643704,2675644288,11810,584
29358.827162,2675647793,2675648397,12087,604
29358.839180,2675651906,2675652508,12049,602
29358.851195,2675655953,2675656537,11834,584
29358.863230,2675660037,2675660647,12087,610
29358.875239,2675664053,2675664656,11850,603
29358.887270,2675668092,2675668712,11988,620
29358.899298,2675672143,2675672756,12076,613
29358.911315,2675676025,2675676632,9199,607
29358.923339,2675679904,2675680509,8952,605
29358.933867,2675683366,2675683974,9328,608
29358.945882,2675687288,2675687867,8926,579
29358.957912,2675691236,2675691851,9237,615
29358.969928,2675695218,2675695832,12059,614
29358.981949,2675699185,2675699769,8922,584
29358.993980,2675703167,2675703786,9217,619
29359.005997,2675707142,2675707762,9238,620
29359.018014,2675711073,2675711656,8851,583
29359.030049,2675714943,2675715545,9236,602
29359.042067,2675718838,2675719442,9205,604
29359.054087,2675722739,2675723323,8951,584
29359.066117,2675726620,2675727233,9243,613
29359.078134,2675730533,2675731140,9154,607
29359.090152,2675734458,2675735042,8920,584
29359.102187,2675738307,2675738913,9200,606
29359.114203,2675742240,2675742855,9266,615
29359.126219,2675746294,2675746878,11813,584
29359.138254,2675750335,2675750950,12115,615
29359.150273,2675754299,2675754909,9287,610
29359.162293,2675758208,2675758793,8899,585
29359.174323,2675762097,2675762712,9276,615
29359.186342,2675766031,2675766634,9259,603
29359.198362,2675769939,2675770523,8925,584
29359.210392,2675773905,2675774515,9219,610
29359.222408,2675777836,2675778451,9284,615
29359.234434,2675781732,2675782341,8975,609
29359.246460,2675785642,2675786246,9227,604
29359.258476,2675789556,2675790152,9194,596
29359.270495,2675793436,2675794021,8857,585
29359.282526,2675797321,2675797930,9034,609
29359.294544,2675801246,2675801864,9205,618
29359.306566,2675805184,2675805769,8920,585
29359.318596,2675809077,2675809695,9223,618
29359.330617,2675812984,2675813602,9237,618
29359.342627,2675817078,2675817662,11800,584
29359.354664,2675821089,2675821697,12167,608
29359.366680,2675824975,2675825581,9173,606
29359.378704,2675828885,2675829470,8932,585
29359.390735,2675832809,2675833419,9246,610
29359.402752,2675836752,2675837368,9213,616
29359.414772,2675840667,2675841246,8911,579
29359.426802,2675844564,2675845178,9212,614
29359.438819,2675848644,2675849254,12062,610
29359.450838,2675852530,2675853109,8895,579
29359.462871,2675856441,2675857056,9265,615
29359.474886,2675860323,2675860924,9185,601
29359.486905,2675864251,2675864836,8900,585
29359.498938,2675868148,2675868756,9271,608
29359.510954,2675872067,2675872675,9201,608
29359.522973,2675875933,2675876515,8899,582
29359.535007,2675879848,2675880461,9243,613
29359.547019,2675883886,2675884494,11869,608
29359.559040,2675888020,2675888604,11804,584
29359.571076,2675892169,2675892773,12077,604
29359.583095,2675896335,2675896945,12045,610
29359.595111,2675900459,2675901043,11839,584
29359.607147,2675904621,2675905241,12082,620
29359.619153,2675908732,2675909337,11879,605
29359.798000,2675959765,2675960373,5625,608
29359.810031,2675963018,2675963628,6440,610
29359.822050,2675966951,2675967565,12066,614
29359.834067,2675970909,2675971497,8877,588
29359.846102,2675974772,2675975386,9280,614
29359.858119,2675978687,2675979297,9263,610
29359.870136,2675982570,2675983156,8898,586
29359.970822,2676006313,2676006927,11845,614
29360.002388,2676012988,2676013570,8779,582
29360.014418,2676016268,2676016889,9340,621
29360.026433,2676020197,2676020804,9020,607
29360.038459,2676024107,2676024690,8945,583
29360.050490,2676028000,2676028610,9237,610
29360.062506,2676031939,2676032541,9228,602
29360.074534,2676035854,2676036437,9009,583
29360.086557,2676039758,2676040369,9174,611
29360.098573,2676043670,2676044277,9186,607
29360.110595,2676047571,2676048155,8962,584
29360.122625,2676051438,2676052041,9206,603
29360.134638,2676055320,2676055931,9174,611
29360.146663,2676059246,2676059826,8917,580
29360.158692,2676063283,2676063898,12048,615
29360.170702,2676067352,2676067959,11881,607
29360.182729,2676071259,2676071838,8852,579
29360.194762,2676075186,2676075796,9220,610
29360.206781,2676079070,2676079677,9223,607
29360.218801,2676083017,2676083599,8911,582
29360.230833,2676086939,2676087559,9234,620
29360.242847,2676090861,2676091462,9219,601
29360.254868,2676094746,2676095330,8916,584
29360.266899,2676098639,2676099252,9265,613
29360.278917,2676102546,2676103149,9290,603
29360.290934,2676106425,2676107009,8905,584
29360.302969,2676110325,2676110941,9258,616
29360.314983,2676114224,2676114837,9235,613
29360.327006,2676118165,2676118779,8918,614
29360.339037,2676122099,2676122702,9252,603
29360.351044,2676126142,2676126748,11889,606
29360.363071,2676130310,2676130893,11819,583
29360.375109,2676134460,2676135068,12146,608
29360.387114,2676138570,2676139183,11838,613
29360.399138,2676142676,2676143260,11815,584
29360.411173,2676146742,2676147355,12098,613
29360.423192,2676150837,2676151438,11845,601
29360.435208,2676154868,2676155450,11824,582
29360.447239,2676158917,2676159526,12072,609
29360.472331,2676167411,2676168026,11956,615
29360.538916,2676188738,2676189358,12042,620
29360.550938,2676192703,2676193321,9247,618
29360.562956,2676196666,2676197281,8987,615
29360.574984,2676200772,2676201392,12041,620
29360.587006,2676204882,2676205485,12090,603
29360.599025,2676208973,2676209582,12017,609
29360.611055,2676213150,2676213765,12048,615
29360.623076,2676217222,2676217832,9262,610
29360.659146,2676229109,2676229725,12085,616
29360.671162,2676233163,2676233773,8955,610
29360.683192,2676237308,2676237923,12045,615
29360.695216,2676241386,2676242001,12083,615
29360.707233,2676245480,2676246095,12012,615
29360.719261,2676249583,2676250199,12039,616
29360.731282,2676253697,2676254312,12069,615
29360.743300,2676257653,2676258268,9002,615
29360.755326,2676261614,2676262228,8917,614
29360.767353,2676265688,2676266306,12127,618
29360.777873,2676269179,2676269794,8987,615
29360.789897,2676273130,2676273740,9222,610
29360.801914,2676277083,2676277686,8965,603
29360.813942,2676281016,2676281635,8910,619
29360.825963,2676285115,2676285725,12084,610
29360.837981,2676289097,2676289707,8923,610
29360.850008,2676293028,2676293643,8938,615
29360.862033,2676296989,2676297604,9254,615
29360.874046,2676301013,2676301623,11980,610
29360.886076,2676304949,2676305564,8904,615
29360.898101,2676308902,2676309516,9230,614
29360.910118,2676312834,2676313449,8976,615
29360.922145,2676316815,2676317430,8957,615
29360.934170,2676320777,2676321395,9228,618
29360.946187,2676324740,2676325350,8949,610
29360.958213,2676328884,2676329493,12047,609
29360.970238,2676333113,2676333718,12150,605
29360.994281,2676341021,2676341635,12043,614
29361.006305,2676345154,2676345764,12092,610
29361.022831,2676350558,2676351167,8960,609
29361.034858,2676354556,2676355170,8941,614
29361.046883,2676358528,2676359138,9212,610
29361.058900,2676362488,2676363098,8966,610
29361.070927,2676366470,2676367090,8866,620
29361.081442,2676370094,2676370708,11987,614
29361.105496,2676378015,2676378630,12087,615
29361.122022,2676383396,2676384000,8916,604
29361.134048,2676387354,2676387967,8941,613
29361.155089,2676394178,2676394788,9204,610
29361.167105,2676398401,2676399019,11999,618
29361.179135,2676402591,2676403195,12041,604
29361.191157,2676406706,2676407316,12073,610
29361.203175,2676410816,2676411425,12010,609
29361.215203,2676414923,2676415528,12036,605
29361.227224,2676419093,2676419703,12071,610
29361.239244,2676423177,2676423792,12012,615
29361.251269,2676427287,2676427900,12041,613
29361.263293,2676431366,2676431986,12071,620
29361.275310,2676435343,2676435958,8998,615
29361.287337,2676439316,2676439936,8887,620
29361.297856,2676442810,2676443425,8975,615
29361.309882,2676446783,2676447397,8937,614
29361.321907,2676450737,2676451357,9186,620
29361.333924,2676454699,2676455306,8925,607
29361.345952,2676458656,2676459264,8925,608
29361.357974,2676462631,2676463251,12082,620
29361.369990,2676466608,2676467218,11981,610
29361.382019,2676470569,2676471184,8947,615
29361.394044,2676474551,2676475161,9219,610
29361.406061,2676478500,2676479109,8978,609
29361.418088,2676482459,2676483073,8906,614
29361.430113,2676486416,2676487025,9247,609
29361.442131,2676490360,2676490980,8997,620
29361.454158,2676494341,2676494956,8893,615
29361.466183,2676498294,2676498909,9206,615
29361.478200,2676502263,2676502884,8991,621
29361.490226,2676506392,2676507002,12088,610
29361.502250,2676510516,2676511131,12145,615
29361.514267,2676514490,2676515100,8952,610
29361.526295,2676518457,2676519072,8936,615
29361.538320,2676522418,2676523033,9206,615
29361.550337,2676526382,2676527000,8952,618
29361.562364,2676530420,2676531030,8938,610
29361.574388,2676534530,2676535145,12084,615
29361.586402,2676538633,2676539253,11971,620
29361.598432,2676542612,2676543216,8943,604
29361.610456,2676546556,2676547176,9246,620
29361.622471,2676550679,2676551284,11980,605
29361.634501,2676554645,2676555266,8967,621
29361.646526,2676558637,2676559251,9246,614
29361.658542,2676562745,2676563354,12017,609
29361.751722,2676592672,2676593282,12037,610
29361.762238,2676596140,2676596755,9007,615
29361.774267,2676600246,2676600850,12038,604
29361.786288,2676604346,2676604961,12093,615
29361.798309,2676608320,2676608925,8950,605
29361.810336,2676612270,2676612885,8933,615
29361.822360,2676616231,2676616846,9219,615
29361.834378,2676620206,2676620809,9006,603
29361.846403,2676624172,2676624781,8931,609
29361.858427,2676628113,2676628728,9263,615
29361.870444,2676632070,2676632685,8940,615
29361.882471,2676636043,2676636663,8905,620
29361.894495,2676640003,2676640608,9193,605
29361.906512,2676644109,2676644724,12017,615
29361.918540,2676648225,2676648845,12036,620
29361.930562,2676652194,2676652804,9225,610
29361.942581,2676656145,2676656760,8987,615
29361.954608,2676660099,2676660714,8919,615
29361.966632,2676664197,2676664803,12103,606
29361.978651,2676668180,2676668794,8980,614
29361.990676,2676672281,2676672891,12041,610
29362.002700,2676676376,2676676986,12098,610
29362.014719,2676680323,2676680932,8967,609
29362.026746,2676684281,2676684896,8958,615
29362.038769,2676688384,2676688989,12155,605
29362.050787,2676692341,2676692956,8953,615
29362.062813,2676696299,2676696914,8923,615
29362.074837,2676700410,2676701025,12100,615
29362.086854,2676704401,2676705005,8974,604
29362.098880,2676708367,2676708987,8949,620
29362.110906,2676712522,2676713132,12117,610
29362.122925,2676716637,2676717252,12019,615
29362.134951,2676720740,2676721350,12039,610
29362.146972,2676724709,2676725319,9230,610
29362.158989,2676728636,2676729240,9014,604
29362.171018,2676732575,2676733190,8917,615
29362.183043,2676736719,2676737332,12079,613
29362.195061,2676740905,2676741509,12015,604
29362.207088,2676745118,2676745738,12048,620
29362.219109,2676749343,2676749953,12072,610
29362.231130,2676753512,2676754114,12017,602
29362.243157,2676757591,2676758206,12046,615
29362.255180,2676761686,2676762301,9246,615
29362.267199,2676765884,2676766503,12011,619
29362.279226,2676769980,2676770595,12084,615
29362.291248,2676774019,2676774633,9268,614
29362.303267,2676777980,2676778590,8967,610
29362.315295,2676782049,2676782658,12040,609
29362.327318,2676786124,2676786739,12088,615
29362.339335,2676790238,2676790849,12013,611
29362.351366,2676794315,2676794931,12048,616
29362.361881,2676797805,2676798420,8960,615
29362.373914,2676801767,2676802232,7668,465
29362.385931,2676805608,2676806213,12101,605
29362.397949,2676809548,2676810158,8891,610
29362.409976,2676813490,2676814105,8954,615
29362.422000,2676817452,2676818072,9247,620
29362.434018,2676821428,2676822031,8981,603
29362.446045,2676825373,2676825993,8952,620
29362.458067,2676829528,2676830137,12095,609
29362.470085,2676833499,2676834104,8946,605
29362.482111,2676837436,2676838051,8981,615
29362.494136,2676841391,2676842011,9279,620
29362.506149,2676845482,2676846086,11972,604
29362.518181,2676849576,2676850190,12081,614
29362.530203,2676853526,2676854141,9235,615
29362.542222,2676857515,2676858120,8938,605
29362.554250,2676861465,2676862075,8969,610
29362.566273,2676865416,2676866023,9235,607
29362.578290,2676869387,2676870007,8974,620
29362.590317,2676873478,2676874083,12084,605
29362.602340,2676877574,2676878183,12099,609
29362.614360,2676881558,2676882160,8992,602
29362.626385,2676885660,2676886275,12044,615
29362.638411,2676889621,2676890236,9259,615
29362.650428,2676893573,2676894188,8954,615
29362.662456,2676897565,2676898174,8911,609
29362.674480,2676901518,2676902133,9265,615
29362.686498,2676905491,2676906105,8971,614
29362.698525,2676909456,2676910076,8962,620
29362.710549,2676913430,2676914044,9241,614
29362.722565,2676917552,2676918156,12012,604
29362.734593,2676921657,2676922272,12049,615
29362.746615,2676925619,2676926234,9240,615
29362.758634,2676929604,2676930214,8966,610
29362.770662,2676933547,2676934157,8946,610
29362.782686,2676937512,2676938124,9201,612
29362.794703,2676941478,2676942083,8956,605
29362.806728,2676945591,2676946205,12044,614
29362.818753,2676949695,2676950300,12103,605
29362.830772,2676953654,2676954259,9007,605
29362.842798,2676957590,2676958211,8910,621
29362.854822,2676961540,2676962149,9244,609
29362.866839,2676965495,2676966110,8902,615
29362.878865,2676969477,2676970082,8922,605
29362.890890,2676973406,2676974021,9204,615
29362.902905,2676977363,2676977967,8955,604
29362.914934,2676981325,2676981939,8932,614
29362.926958,2676985284,2676985899,9222,615
29362.938978,2676989388,2676990008,12014,620
29362.951005,2676993522,2676994137,12040,615
29362.963026,2676997626,2676998229,12074,603
29362.975045,2677001587,2677002207,8980,620
29362.987072,2677005631,2677006246,8925,615
29362.999096,2677009815,2677010416,12089,601
29363.011114,2677014009,2677014614,12054,605
29363.023141,2677018182,2677018796,12043,614
29363.035163,2677022280,2677022890,12070,610
29363.047182,2677026386,2677026990,12024,604
29363.059210,2677030464,2677031073,12044,609
29363.071230,2677034554,2677035174,9255,620
29363.083249,2677038678,2677039291,12021,613
29363.095277,2677042770,2677043379,12043,609
29363.107298,2677046718,2677047327,9239,609
29363.119317,2677050687,2677051297,8970,610
29363.131345,2677054778,2677055393,12062,615
29363.141863,2677058254,2677058869,9034,615
29363.153889,2677062233,2677062843,8928,610
29363.165914,2677066190,2677066798,9258,608
29363.177932,2677070156,2677070765,8986,609
29363.189957,2677074123,2677074728,12037,605
29363.201982,2677078096,2677078710,12121,614
29363.214000,2677082070,2677082680,8918,610
29363.226027,2677086024,2677086639,8924,615
29363.238050,2677089995,2677090615,9204,620
29363.250067,2677093966,2677094575,9019,609
29363.262095,2677097923,2677098538,8926,615
29363.274120,2677102137,2677102747,12086,610
29363.286138,2677106088,2677106703,8940,615
29363.298166,2677110061,2677110669,8946,608
29363.310190,2677114022,2677114632,9196,610
29363.322204,2677118129,2677118744,11977,615
29363.334234,2677122246,2677122860,12040,614
29363.346256,2677126216,2677126830,9202,614
29363.358275,2677130182,2677130786,8981,604
29363.370302,2677134131,2677134746,8932,615
29363.382327,2677138089,2677138701,9245,612
29363.394343,2677142050,2677142665,9000,615
29363.406370,2677146135,2677146750,12055,615
29363.418394,2677150236,2677150851,12119,615
29363.430412,2677154184,2677154794,8987,610
29363.442439,2677158134,2677158749,8966,615
29363.454464,2677162088,2677162702,9260,614
29363.466481,2677166043,2677166653,9016,610
29363.478506,2677170009,2677170624,8944,615
29363.490530,2677173980,2677174585,9234,605
29363.502548,2677177912,2677178527,8953,615
29363.514575,2677181864,2677182478,8882,614
29363.526599,2677185814,2677186434,9255,620
29363.538616,2677189915,2677190525,12012,610
29363.550644,2677194036,2677194641,12038,605
29363.562666,2677197971,2677198586,9182,615
29363.574685,2677201946,2677202561,8911,615
29363.586712,2677205921,2677206540,8931,619
29363.598736,2677209880,2677210487,9267,607
29363.610753,2677213852,2677214467,8976,615
29363.622780,2677217841,2677218461,8862,620
29363.654341,2677228169,2677228784,12046,615
29363.666364,2677232117,2677232737,9261,620
29363.678382,2677236100,2677236715,8966,615
29363.690410,2677240049,2677240664,8890,615
29363.702434,2677244019,2677244629,9211,610
29363.714452,2677247980,2677248594,8985,614
29363.726478,2677251941,2677252555,8962,614
29363.738500,2677256045,2677256660,12081,615
29363.750516,2677260163,2677260779,11987,616
29363.762546,2677264132,2677264741,8907,609
29363.774571,2677268082,2677268702,9225,620
29363.786589,2677272056,2677272665,8954,609
29363.798615,2677276018,2677276630,8956,612
29363.810639,2677280012,2677280622,9249,610
29363.822656,2677284113,2677284727,12016,614
29363.834684,2677288222,2677288832,12043,610
29363.846706,2677292180,2677292785,9210,605
29363.858725,2677296134,2677296748,8969,614
29363.870752,2677300094,2677300708,8943,614
29363.882777,2677304135,2677304750,9246,615
29363.894793,2677308092,2677308707,8955,615
29363.906822,2677312057,2677312672,8939,615
29363.918845,2677316027,2677316637,9240,610
29363.930862,2677320001,2677320616,8984,615
29363.942889,2677323970,2677324585,8949,615
29363.954916,2677328074,2677328694,12091,620
29363.966929,2677332196,2677332806,11979,610
29363.978959,2677336349,2677336964,12038,615
29363.990982,2677340483,2677341097,12091,614
29364.003000,2677344496,2677345115,8999,619
29364.015026,2677348537,2677349154,8923,617
29364.027051,2677352630,2677353245,9258,615
29364.039068,2677356884,2677357503,12014,619
29364.051097,2677361087,2677361691,12040,604
29364.063118,2677365169,2677365784,9230,615
29364.075137,2677369330,2677369940,12017,610
29364.087165,2677373599,2677374214,12047,615
29364.099184,2677377770,2677378380,12071,610
29364.111204,2677381876,2677382486,12018,610
29364.123231,2677385859,2677386474,8969,615
29364.135254,2677389819,2677390434,9269,615
29364.147273,2677393929,2677394544,12027,615
29364.159301,2677398001,2677398615,12048,614
29364.171324,2677402084,2677402694,12079,610
29364.181842,2677405557,2677406171,8942,614
29364.198374,2677410952,2677411555,9217,603
29364.210395,2677414893,2677415513,8973,620
29364.222421,2677418988,2677419598,12053,610
29364.234443,2677423089,2677423709,12107,620
29364.246463,2677427070,2677427675,8997,605
29364.258490,2677431026,2677431641,8940,615
29364.270514,2677434980,2677435590,9242,610
29364.282532,2677438915,2677439525,8945,610
29364.294560,2677442865,2677443480,8923,615
29364.306584,2677446813,2677447428,9254,615
29364.318601,2677450775,2677451385,8991,610
29364.330628,2677454731,2677455345,8907,614
29364.342652,2677458695,2677459315,9229,620
29364.354669,2677462791,2677463396,12015,605
29364.366697,2677466907,2677467517,12039,610
29364.378720,2677470856,2677471466,9261,610
29364.390736,2677474816,2677475430,8937,614
29364.402765,2677478789,2677479399,8924,610
29364.414790,2677482736,2677483348,9259,612
29364.426806,2677486709,2677487313,8950,604
29364.438833,2677490804,2677491409,12045,605
29364.450857,2677494885,2677495489,12102,604
29364.462874,2677498848,2677499453,8978,605
29364.474890,2677502931,2677503516,8901,585
29364.486924,2677506843,2677507453,9249,610
29364.498939,2677510770,2677511382,9181,612
29364.510958,2677514677,2677515261,8898,584
29364.522993,2677518596,2677519206,9222,610
29364.535009,2677522548,2677523158,9268,610
29364.547026,2677526656,2677527240,11798,584
29364.559062,2677530774,2677531387,12094,613
29364.571072,2677534904,2677535506,11868,602
29364.583099,2677539032,2677539647,11983,615
29364.595130,2677543166,2677543771,12115,605
29364.607142,2677547287,2677547892,11873,605
29364.619165,2677551329,2677551913,11832,584
29364.631199,2677555403,2677556020,12120,617
29364.643213,2677559460,2677560070,12043,610
29364.655229,2677563521,2677564105,11785,584
29364.667268,2677567517,2677568130,12093,613
29364.679278,2677571549,2677572156,11864,607
29364.691307,2677575600,2677576215,12053,615
29364.703337,2677579702,2677580311,9245,609
29364.713851,2677583145,2677583728,8973,583
29364.725881,2677587041,2677587654,9252,613
29364.737901,2677590996,2677591466,7485,470
29364.749919,2677594791,2677595396,11980,605
29364.761950,2677598709,2677599317,9225,608
29364.773968,2677602631,2677603235,9221,604
29364.785995,2677606563,2677607147,9018,584
29364.798018,2677610455,2677611060,9248,605
29364.810036,2677614419,2677615029,9286,610
29364.822053,2677618317,2677618901,8891,584
29364.834085,2677622260,2677622873,12167,613
29364.846103,2677626177,2677626777,9269,600
29364.858121,2677630069,2677630653,8917,584
29364.870155,2677633973,2677634577,9280,604
29364.898697,2677643220,2677643799,11835,579
29364.910733,2677647134,2677647749,9263,615
29364.922748,2677651030,2677651643,9175,613
29364.934778,2677654919,2677655502,8955,583
29364.946801,2677658819,2677659433,9198,614
29364.958815,2677662715,2677663318,9235,603
29364.970830,2677666771,2677667350,11788,579
29364.997886,2677675410,2677675993,11830,583
29365.009921,2677679276,2677679879,9253,603
29365.021938,2677683191,2677683801,9259,610
29365.033968,2677687118,2677687703,8977,585
29365.045990,2677691026,2677691629,9231,603
29365.058007,2677694920,2677695530,9227,610
29365.070024,2677698805,2677699389,8819,584
29365.082059,2677702697,2677703316,9229,619
29365.094077,2677706660,2677707275,9258,615
29365.106092,2677710678,2677711262,8896,584
29365.118127,2677714559,2677715172,9196,613
29365.130143,2677718499,2677719113,9283,614
29365.142161,2677722446,2677723030,8865,584
29365.154196,2677726463,2677727071,12176,608
29365.166202,2677730502,2677731115,11867,613
29365.178235,2677734399,2677734983,8937,584
29365.190264,2677738321,2677738926,9268,605
29365.202279,2677742244,2677742847,9186,603
29365.214298,2677746130,2677746713,8834,583
29365.226332,2677750002,2677750605,9211,603
29365.238350,2677753937,2677754547,9254,610
29365.250368,2677757985,2677758590,11971,605
29365.262401,2677761869,2677762472,9239,603
29365.274416,2677765775,2677766383,9215,608
29365.286439,2677769669,2677770284,8961,615
29365.298470,2677773562,2677774171,9292,609
29365.310486,2677777513,2677778117,9252,604
29365.322511,2677781390,2677781999,8991,609
29365.334534,2677785289,2677785897,9220,608
29365.346554,2677789203,2677789815,9188,612
29365.358579,2677793107,2677793717,8997,610
29365.370603,2677797175,2677797790,12046,615
29365.382619,2677801225,2677801826,11805,601
29365.394648,2677805172,2677805782,8977,610
29365.406675,2677809114,2677809724,9261,610
29365.418694,2677813075,2677813679,9272,604
29365.430720,2677817019,2677817633,9022,614
29365.442745,2677820985,2677821595,9272,610
29365.454762,2677824937,2677825547,9276,610
29365.466782,2677829027,2677829636,11991,609
29365.478813,2677832964,2677833570,9267,606
29365.490829,2677836913,2677837528,9247,615
29365.502852,2677840876,2677841486,8971,610
29365.514878,2677844894,2677845504,9174,610
29365.714750,2677896184,2677896802,8865,618
29365.726783,2677899641,2677900249,9342,608
29365.738799,2677903571,2677904173,12047,602
29365.750817,2677907428,2677908030,8884,602
29365.762855,2677911359,2677911942,9253,583
29365.774864,2677915242,2677915845,9277,603
29365.786891,2677919253,2677919860,11838,607
29365.798919,2677923334,2677923918,11963,584
29365.810934,2677927233,2677927839,9236,606
29365.822952,2677931091,2677931698,8867,607
29365.834991,2677935033,2677935617,9240,584
29365.847004,2677939045,2677939658,12055,613
29365.859027,2677943061,2677943668,11841,607
29365.871057,2677947094,2677947709,9249,615
29365.919138,2677962316,2677962918,9236,602
29365.931168,2677966464,2677967084,12008,620
29365.943195,2677970588,2677971191,12087,603
29365.955208,2677974516,2677975124,9262,608
29365.967225,2677978388,2677978996,8876,608
29365.979262,2677982461,2677983070,12119,609
29366.022837,2677996141,2677996749,9252,608
29366.034855,2678000050,2678000657,8839,607
29366.046891,2678003953,2678004568,9289,615
29366.058905,2678007903,2678008516,9246,613
29366.070926,2678011792,2678012400,8866,608
29366.082962,2678015866,2678016450,11974,584
29366.094974,2678019744,2678020338,9244,594
29366.106992,2678023598,2678024211,8870,613
29366.119026,2678027722,2678028332,12076,610
29366.131045,2678031760,2678032364,9277,604
29366.143066,2678035849,2678036452,11841,603
29366.155096,2678039897,2678040481,9215,584
29366.167114,2678043866,2678044470,9208,604
29366.179138,2678047920,2678048524,12007,604
29366.191166,2678052050,2678052660,12085,610
29366.203182,2678056082,2678056694,12092,612
29366.215205,2678060094,2678060698,12054,604
29366.227232,2678064164,2678064766,12085,602
29366.239249,2678068180,2678068793,12054,613
29366.251274,2678072163,2678072770,11853,607
29366.263302,2678076323,2678076943,12073,620
29366.275318,2678080360,2678080973,11981,613
29366.287334,2678084274,2678084876,8870,602
29366.297865,2678087728,2678088332,9299,604
29366.309881,2678091630,2678092238,8864,608
29366.321920,2678095517,2678096100,9230,583
29366.333932,2678099578,2678100182,12023,604
29366.345948,2678103462,2678104075,8874,613
29366.357980,2678107385,2678107990,9208,605
29366.369998,2678111332,2678111942,12037,610
29366.382022,2678115272,2678115887,11988,615
29366.394050,2678119170,2678119779,9162,609
29366.406068,2678123088,2678123690,9201,602
29366.418086,2678126946,2678127548,8857,602
29366.430122,2678130878,2678131488,9221,610
29366.442138,2678134820,2678135435,9219,615
29366.454156,2678138692,2678139305,8834,613
29366.466189,2678142595,2678143210,9251,615
29366.478208,2678146538,2678147146,9247,608
29366.502256,2678154307,2678154912,12070,605
29366.514275,2678158226,2678158830,9273,604
29366.526300,2678162096,2678162706,8941,610
29366.538327,2678166111,2678166694,9163,583
29366.550343,2678170014,2678170629,9242,615
29366.562362,2678173886,2678174494,8907,608
29366.574396,2678177807,2678178417,9263,610
29366.586411,2678181897,2678182506,12061,609
29366.598432,2678185922,2678186531,11984,609
29366.610464,2678189841,2678190419,9162,578
29366.622479,2678193738,2678194358,9099,620
29366.735191,2678229003,2678229611,12079,608
29366.747218,2678233097,2678233705,11820,608
29366.759245,2678237187,2678237802,12065,615
29366.771259,2678241110,2678241718,9089,608
29366.783278,2678245012,2678245618,8873,606
29366.795312,2678249047,2678249665,12087,618
29366.807329,2678253080,2678253683,12064,603
29366.819358,2678257107,2678257720,11858,613
29366.829876,2678260565,2678261179,9278,614
29366.841893,2678264467,2678265080,8876,613
29366.853930,2678268353,2678268937,9226,584
29366.865944,2678272263,2678272867,9266,604
29366.877961,2678276147,2678276762,8818,615
29366.889993,2678280062,2678280672,9176,610
29366.902010,2678284020,2678284623,12024,603
29366.914030,2678287904,2678288510,8878,606
29366.926068,2678291832,2678292416,9215,584
29366.938083,2678295744,2678296354,9277,610
29366.950096,2678299639,2678300242,8838,603
29366.962133,2678303551,2678304135,9166,584
29366.974149,2678307459,2678308064,9280,605
29366.986166,2678311483,2678312096,11823,613
29366.998198,2678315525,2678316135,12089,610
29367.010215,2678319461,2678320064,9244,603
29367.022243,2678323354,2678323963,8990,609
29367.034273,2678327291,2678327906,9281,615
29367.046288,2678331238,2678331847,9262,609
29367.058303,2678335095,2678335698,8860,603
29367.070338,2678339009,2678339624,9258,615
29367.082357,2678342965,2678343580,9263,615
29367.094372,2678346827,2678347442,8883,615
29367.106407,2678350764,2678351346,9161,582
29367.118423,2678354691,2678355296,9097,605
29367.130442,2678358554,2678359156,8881,602
29367.142479,2678362430,2678363014,9207,584
29367.154494,2678366346,2678366966,9275,620
29367.166520,2678370218,2678370831,8963,613
29367.178549,2678374160,2678374744,9257,584
29367.190559,2678378050,2678378653,9250,603
29367.202581,2678382074,2678382677,11841,603
29367.214612,2678386152,2678386736,11976,584
29367.226628,2678390042,2678390644,9249,602
29367.238646,2678393894,2678394507,8851,613
29367.250682,2678397796,2678398400,9252,604
29367.262696,2678401712,2678402325,9247,613
29367.274714,2678405609,2678406217,8868,608
29367.286749,2678409525,2678410109,9204,584
29367.298767,2678413455,2678414065,9238,610
29367.310785,2678417305,2678417913,8907,608
29367.322823,2678421257,2678421841,9216,584
29367.334833,2678425149,2678425752,9210,603
29367.346848,2678429027,2678429640,8761,613
29367.358885,2678432975,2678433590,9215,615
29367.370902,2678436922,2678437527,9270,605
29367.382921,2678440767,2678441380,8896,613
29367.394952,2678444689,2678445299,9224,610
29367.406969,2678448612,2678449220,9265,608
29367.418998,2678452685,2678453289,12000,604
29367.431025,2678456741,2678457345,12117,604
29367.443040,2678460832,2678461433,12082,601
29367.455061,2678464916,2678465523,11824,607
29367.467092,2678469113,2678469728,12102,615
29367.479108,2678473218,2678473836,12070,618
29367.491132,2678477311,2678477924,11844,613
29367.503158,2678481454,2678482068,12095,614
29367.551242,2678496724,2678497332,9242,608
29367.563275,2678500801,2678501419,11872,618
29367.575301,2678504865,2678505449,11969,584
29367.587312,2678508737,2678509345,9254,608
29367.599330,2678512599,2678513211,8852,612
29367.611366,2678516667,2678517250,11967,583
29367.621884,2678520164,2678520634,7568,470
29367.754130,2678561540,2678562143,12025,603
29367.766158,2678565425,2678566030,8979,605
29367.778185,2678569312,2678569897,9210,585
29367.790200,2678573189,2678573802,9177,613
29367.802220,2678577234,2678577847,11820,613
29367.814253,2678581276,2678581891,12107,615
29367.826272,2678585254,2678585856,9244,602
29367.838287,2678589103,2678589705,8802,602
29367.850323,2678593040,2678593645,9246,605
29367.862338,2678596987,2678597597,9074,610
29367.874357,2678600868,2678601481,8893,613
29367.886390,2678604752,2678605367,9258,615
29367.898409,2678608690,2678609295,9218,605
29367.910435,2678612546,2678613152,8949,606
29367.922457,2678616478,2678617087,9230,609
29367.934477,2678620599,2678621214,12042,615
29367.946492,2678624460,2678625068,8854,608
29367.958526,2678628362,2678628977,9225,615
29367.970545,2678632315,2678632920,9285,605
29368.071239,2678663708,2678664323,9184,615
29368.083257,2678667741,2678668349,12081,608
29368.095280,2678671733,2678672346,11834,613
29368.107307,2678675810,2678676420,12075,610
29368.119323,2678679727,2678680335,9276,608
29368.131344,2678683588,2678684206,8850,618
29368.141873,2678687053,2678687668,9282,615
29368.153887,2678690907,2678691514,8840,607
29368.165924,2678694818,2678695401,9264,583
29368.177939,2678698709,2678699325,9271,616
29368.189956,2678702605,2678703212,8854,607
29368.201989,2678706529,2678707113,11955,584
29368.214007,2678710475,2678711090,12059,615
29368.226025,2678714390,2678714991,8877,601
29368.238054,2678718296,2678718906,9228,610
29368.367292,2678753506,2678754110,9239,604
29368.379313,2678757119,2678757737,8877,618
29368.391348,2678761238,2678761822,11942,584
29368.401865,2678764651,2678765107,7582,456
29368.413901,2678768438,2678768876,7424,438
29368.425913,2678772216,2678772818,9297,602
29368.437928,2678776094,2678776701,8846,607
29368.449965,2678780025,2678780609,9249,584
29368.461980,2678783935,2678784550,9259,615
29368.473997,2678787835,2678788443,8894,608
29368.486035,2678791742,2678792325,9240,583
29368.498050,2678795665,2678796275,9292,610
29368.510073,2678799544,2678800162,8979,618
29368.522099,2678803475,2678804084,9236,609
29368.534114,2678807523,2678808138,12016,615
29368.546137,2678811534,2678812144,12029,610
29368.558169,2678815460,2678816070,9228,610
29368.570187,2678819396,2678820006,9231,610
29368.582202,2678823264,2678823877,8871,613
29368.594234,2678827181,2678827797,9200,616
29368.606253,2678831135,2678831740,9101,605
29368.618271,2678835196,2678835804,11838,608
29368.646826,2678844412,2678845027,12049,615
29368.691914,2678858636,2678859239,9216,603
29368.774569,2678879887,2678880496,9269,609
29368.786589,2678883794,2678884407,8816,613
29368.798625,2678887728,2678888338,9254,610
29368.810640,2678891645,2678892252,9266,607
29368.822659,2678895529,2678896136,8854,607
29368.834694,2678899559,2678900179,12109,620
29368.846709,2678903634,2678904242,12057,608
29368.858727,2678907494,2678908099,8886,605
29368.870762,2678911434,2678912039,9219,605
29368.882776,2678915348,2678915955,9264,607
29368.894798,2678919196,2678919798,8873,602
29368.906836,2678923124,2678923708,9253,584
29368.918845,2678926997,2678927599,9217,602
29368.930863,2678930858,2678931471,8892,613
29368.942900,2678934767,2678935348,9234,581
29368.954910,2678938652,2678939265,9219,613
29368.966935,2678942689,2678943302,11829,613
29368.978962,2678946734,2678947344,12106,610
29368.990987,2678950744,2678951364,9191,620
29369.003007,2678954926,2678955541,12005,615
29369.015033,2678959009,2678959629,8960,620
29369.027058,2678963249,2678963869,12086,620
29369.039076,2678967505,2678968118,12052,613
29369.051103,2678971696,2678972310,12038,614
29369.063119,2678975868,2678976481,12051,613
29369.075144,2678979949,2678980550,11823,601
29369.087174,2678984112,2678984717,12073,605
29369.097680,2678987567,2678988169,8834,602
29369.108205,2678991134,2678991737,12030,603
29369.129246,2678997906,2678998520,11969,614
29369.139765,2679001462,2679002070,12100,608
29369.150290,2679005045,2679005654,12082,609
29369.162309,2679009099,2679009712,12074,613
29369.174327,2679012987,2679013595,8881,608
29369.186360,2679016987,2679017597,9204,610
29369.198381,2679020927,2679021537,9276,610
29369.210395,2679024781,2679025400,8804,619
29369.222429,2679028730,2679029340,9197,610
29369.234444,2679032798,2679033406,12065,608
29369.246468,2679036822,2679037432,11982,610
29369.258499,2679040716,2679041300,9168,584
29369.270514,2679044596,2679045209,9209,613
29369.282533,2679048495,2679049097,8871,602
29369.294570,2679052415,2679053030,9253,615
29369.306583,2679056353,2679056961,9261,608
29369.318602,2679060214,2679060815,8889,601
29369.330634,2679064123,2679064733,9173,610
29369.342651,2679068049,2679068654,9269,605
29369.354672,2679071923,2679072531,8901,608
29369.366704,2679075986,2679076570,11944,584
29369.378720,2679080021,2679080640,12053,619
29369.390737,2679083960,2679084573,8866,613
29369.402774,2679087905,2679088525,9266,620
29369.414791,2679091853,2679092458,9201,605
29369.426809,2679095706,2679096319,8881,613
29369.438844,2679099658,2679100268,9266,610
29369.450857,2679103716,2679104324,12098,608
29369.462880,2679107742,2679108347,11986,605
29369.488331,2679116173,2679116788,12016,615
29369.510980,2679123664,2679124283,12036,619
29369.523000,2679127632,2679128246,9205,614
29369.535020,2679131668,2679132278,8987,610
29369.547047,2679135714,2679136329,8916,615
29369.559071,2679139913,2679140531,12086,618
29369.571089,2679144129,2679144734,12004,605
29369.583116,2679148305,2679148925,12075,620
29369.593631,2679151988,2679152604,11973,616
29369.607157,2679156591,2679157195,12009,604
29369.619183,2679160610,2679161224,8942,614
29369.638715,2679167113,2679167722,11980,609
29369.650745,2679171202,2679171807,12035,605
29369.662767,2679175306,2679175910,12092,604
29369.674787,2679179260,2679179864,8998,604
29369.686814,2679183233,2679183848,8941,615
29369.698837,2679187199,2679187814,9263,615
29369.710855,2679191164,2679191779,8996,615
29369.722881,2679195125,2679195744,8928,619
29369.734905,2679199090,2679199705,9216,615
29369.746921,2679203082,2679203686,8942,604
29369.758950,2679207024,2679207643,8926,619
29369.770973,2679210986,2679211590,9223,604
29369.782993,2679215085,2679215700,12017,615
29369.795020,2679219243,2679219852,12030,609
29369.807041,2679223438,2679224043,12069,605
29369.819060,2679227459,2679228069,8985,610
29369.831087,2679231504,2679232114,8890,610
29369.843113,2679235677,2679236287,12082,610
29369.855129,2679239852,2679240461,12009,609
29369.867157,2679244017,2679244621,12038,604
29369.879178,2679248155,2679248775,12068,620
29369.891198,2679252278,2679252887,12012,609
29369.903225,2679256386,2679257006,12037,620
29369.915247,2679260488,2679261103,12059,615
29369.927266,2679264584,2679265194,12009,610
29369.939295,2679268668,2679269283,12035,615
29369.951315,2679272629,2679273233,9202,604
29369.963334,2679276602,2679277217,8996,615
29369.975362,2679280706,2679281324,12037,618
29369.985880,2679284337,2679284798,7640,461
29369.997907,2679288153,2679288774,8903,621
29370.009931,2679292145,2679292750,9242,605
29370.020449,2679295738,2679296353,12036,615
29370.038483,2679301786,2679302391,12037,605
29370.050506,2679305769,2679306376,9251,607
29370.062521,2679309864,2679310484,11989,620
29370.074552,2679313836,2679314444,8918,608
29370.086575,2679317940,2679318550,12103,610
29370.098590,2679322040,2679322650,11976,610
29370.110620,2679325999,2679326614,8956,615
29370.121135,2679329499,2679330113,8944,614
29370.142181,2679336456,2679337070,12078,614
29370.152693,2679339994,2679340614,11977,620
29370.175235,2679347456,2679348063,11982,607
29370.187265,2679351552,2679352166,12040,614
29370.199288,2679355686,2679356301,12068,615
29370.209808,2679359349,2679359965,12041,616
29370.238356,2679368730,2679369339,11984,609
29370.250386,2679372831,2679373446,12038,615
29370.262410,2679376932,2679377537,12086,605
29370.274427,2679380905,2679381513,8979,608
29370.286454,2679384855,2679385470,8899,615
29370.298479,2679388843,2679389458,9237,615
29370.310497,2679392797,2679393417,8978,620
29370.322523,2679396765,2679397380,8938,615
29370.334548,2679400719,2679401329,9245,610
29370.346565,2679404725,2679405335,8970,610
29370.358590,2679408672,2679409279,8985,607
29370.399168,2679421832,2679422441,12035,609
29370.409684,2679425471,2679426086,8968,615
29370.430729,2679432316,2679432931,8932,615
29370.442753,2679436281,2679436902,9255,621
29370.454771,2679440237,2679440841,8995,604
29370.466798,2679444329,2679444939,12051,610
29370.478821,2679448415,2679449030,12115,615
29370.490836,2679452376,2679452984,8947,608
29370.502865,2679456324,2679456939,8878,615
29370.514889,2679460280,2679460890,9226,610
29370.526906,2679464243,2679464863,8978,620
29370.538933,2679468222,2679468831,8947,609
29370.550958,2679472317,2679472922,12096,605
29370.562975,2679476260,2679476870,8988,610
29370.575002,2679480221,2679480828,8930,607
29370.587026,2679484171,2679484791,9260,620
29370.599044,2679488205,2679488815,9012,610
29370.611069,2679492291,2679492905,12032,614
29370.623094,2679496394,2679497008,9235,614
29370.633613,2679499996,2679500606,8898,610
29370.651647,2679505864,2679506480,8925,616
29370.662162,2679509491,2679510101,11987,610
29370.674192,2679513444,2679514057,8912,613
29370.686217,2679517393,2679518008,9215,615
29370.698234,2679521351,2679521966,8978,615
29370.710261,2679525312,2679525927,8946,615
29370.722285,2679529270,2679529879,9225,609
29370.734303,2679533234,2679533849,8980,615
29370.746329,2679537174,2679537783,8946,609
29370.758354,2679541150,2679541763,9229,613
29370.770371,2679545121,2679545731,8936,610
29370.782396,2679549232,2679549837,12038,605
29370.794421,2679553316,2679553931,12103,615
29370.806440,2679557287,2679557896,8960,609
29370.818464,2679561258,2679561868,8937,610
29370.830489,2679565244,2679565853,9214,609
29370.842507,2679569209,2679569825,8951,616
29370.854534,2679573164,2679573779,8949,615
29370.866556,2679577279,2679577883,12086,604
29370.878574,2679581363,2679581973,12015,610
29370.890602,2679585332,2679585935,8931,603
29370.902626,2679589277,2679589892,9224,615
29370.914644,2679593231,2679593846,8984,615
29370.926671,2679597190,2679597805,8903,615
29370.938694,2679601149,2679601759,9270,610
29370.950713,2679605094,2679605709,8989,615
29370.962738,2679609055,2679609665,8903,610
29370.974763,2679613013,2679613621,9232,608
29370.986779,2679616971,2679617581,8931,610
29370.998808,2679621079,2679621684,12080,605
29371.010831,2679625200,2679625809,12097,609
29371.022848,2679629233,2679629842,8951,609
29371.034875,2679633184,2679633803,8950,619
29371.046899,2679637141,2679637751,9220,610
29371.058916,2679641096,2679641706,8925,610
29371.070943,2679645081,2679645696,8891,615
29371.082968,2679649182,2679649797,12092,615
29371.094983,2679653304,2679653919,12019,615
29371.107012,2679657266,2679657869,8936,603
29371.119036,2679661244,2679661853,9254,609
29371.131054,2679665325,2679665935,8971,610
29371.143080,2679669423,2679670038,8932,615
29371.155107,2679673620,2679674224,12089,604
29371.167123,2679677664,2679678273,8991,609
29371.179149,2679681694,2679682301,8911,607
29371.191175,2679685869,2679686482,12086,613
29371.203191,2679689970,2679690585,12014,615
29371.215221,2679694053,2679694663,12040,610
29371.225734,2679697646,2679698256,8988,610
29371.246779,2679704487,2679705097,8952,610
29371.258804,2679708447,2679709062,9271,615
29371.270820,2679712411,2679713025,9001,614
29371.282848,2679716504,2679717114,12035,610
29371.294871,2679720596,2679721206,12113,610
29371.306888,2679724555,2679725158,8965,603
29371.318914,2679728512,2679729121,8936,609
29371.330939,2679732472,2679733076,9271,604
29371.342957,2679736423,2679737038,8962,615
29371.354983,2679740393,2679741003,8940,610
29371.367008,2679744343,2679744953,9208,610
29371.379025,2679748327,2679748931,8982,604
29371.391053,2679752471,2679753090,12041,619
29371.403077,2679756688,2679757303,12087,615
29371.415094,2679760937,2679761552,12015,615
29371.427122,2679765122,2679765731,12079,609
29371.439146,2679769330,2679769945,12073,615
29371.451164,2679773567,2679774182,12003,615
29371.463191,2679777651,2679778271,12039,620
29371.475212,2679781741,2679782352,12088,611
29371.487233,2679785866,2679786486,12017,620
29371.499260,2679789954,2679790567,12037,613
29371.511280,2679794031,2679794641,12070,610
29371.523300,2679798140,2679798743,12017,603
29371.535328,2679802247,2679802862,12040,615
29371.547350,2679806333,2679806937,12070,604
29371.557872,2679809819,2679810439,8968,620
29371.569896,2679813782,2679814396,9241,614
29371.581913,2679817756,2679818215,7536,459
29371.593941,2679821571,2679822191,12039,620
29371.605963,2679825555,2679826159,9215,604
29371.617983,2679829507,2679830122,8950,615
29371.630009,2679833464,2679834084,8899,620
29371.642031,2679837453,2679838068,9253,615
29371.654051,2679841437,2679842046,8954,609
29371.666078,2679845413,2679846028,8946,615
29371.678101,2679849352,2679849972,9242,620
29371.690119,2679853324,2679853931,9003,607
29371.702146,2679857287,2679857902,8911,615
29371.714170,2679861229,2679861844,9169,615
29371.726187,2679865181,2679865791,8969,610
29371.738214,2679869171,2679869786,8966,615
29371.750239,2679873165,2679873775,9158,610
29371.762256,2679877113,2679877723,8937,610
29371.774282,2679881054,2679881668,8987,614
29371.786307,2679885010,2679885625,9242,615
29371.798322,2679889127,2679889737,11977,610
29371.810352,2679893222,2679893837,12050,615
29371.822374,2679897219,2679897824,9231,605
29371.834393,2679901175,2679901790,8925,615
29371.846422,2679905147,2679905762,8859,615
29371.858445,2679909099,2679909714,9168,615
29371.870463,2679913084,2679913694,8974,610
29371.882490,2679917061,2679917676,8930,615
29371.894513,2679921169,2679921784,12096,615
29371.906532,2679925130,2679925736,8933,606
29371.918559,2679929080,2679929694,8958,614
29371.930583,2679933050,2679933670,9265,620
29371.942600,2679937013,2679937623,8999,610
29371.954627,2679940989,2679941599,8920,610
29371.966652,2679944956,2679945571,9223,615
29371.978664,2679949066,2679949681,11964,615
29371.995202,2679954456,2679955060,8944,604
29372.007227,2679958554,2679959163,12094,609
29372.019244,2679962646,2679963261,12010,615
29372.031272,2679966752,2679967357,12037,605
29372.041787,2679970319,2679970928,8973,609
29372.106415,2679991167,2679991769,12112,602
29372.118435,2679995111,2679995715,8957,604
29372.130461,2679999055,2679999670,8937,615
29372.142486,2680003002,2680003617,9172,615
29372.154503,2680006955,2680007565,8923,610
29372.166530,2680010921,2680011536,8930,615
29372.178555,2680014878,2680015493,9266,615
29372.190572,2680018821,2680019429,8950,608
29372.202599,2680022779,2680023394,8888,615
29372.214622,2680026896,2680027501,12089,605
29372.226636,2680031016,2680031630,11965,614
29372.237166,2680034594,2680035203,12082,609
29372.258196,2680041571,2680042179,11977,608
29372.270226,2680045536,2680046146,8928,610
29372.282251,2680049484,2680050104,9241,620
29372.294268,2680053462,2680054083,8939,621
29372.306294,2680057428,2680058036,8909,608
29372.318319,2680061386,2680061990,9214,604
29372.330337,2680065350,2680065965,8986,615
29372.342363,2680069296,2680069906,8913,610
29372.354387,2680073249,2680073854,9248,605
29372.366405,2680077201,2680077815,8984,614
29372.378431,2680081161,2680081771,8955,610
29372.390456,2680085114,2680085728,9200,614
29372.402473,2680089073,2680089687,8940,614
29372.414499,2680093187,2680093792,12046,605
29372.426523,2680097299,2680097914,12118,615
29372.438542,2680101275,2680101890,8985,615
29372.450569,2680105241,2680105855,8909,614
29372.462595,2680109196,2680109811,9273,615
29372.474611,2680113152,2680113762,8988,610
29372.486639,2680117118,2680117738,8944,620
29372.498663,2680121110,2680121730,9252,620
29372.510680,2680125071,2680125691,8955,620
29372.522708,2680129060,2680129662,8944,602
29372.534731,2680132985,2680133600,9203,615
29372.546749,2680136947,2680137557,9005,610
29372.558775,2680140913,2680141527,8920,614
29372.570800,2680144879,2680145493,9227,614
29372.582816,2680148844,2680149454,8959,610
29372.594844,2680152791,2680153400,8930,609
29372.606867,2680156741,2680157360,9261,619
29372.618885,2680160705,2680161310,9006,605
29372.630912,2680164817,2680165427,12043,610
29372.642936,2680168922,2680169531,12102,609
29372.654951,2680172891,2680173506,8983,615
29372.666979,2680176839,2680177449,8905,610
29372.679003,2680180787,2680181407,9206,620
29372.691021,2680184928,2680185538,12049,610
29372.703049,2680189107,2680189722,12042,615
29372.715070,2680193180,2680193795,9202,615
29372.727090,2680197403,2680198013,12016,610
29372.739117,2680201555,2680202158,12049,603
29372.751139,2680205721,2680206330,12070,609
29372.763160,2680209834,2680210449,12055,615
29372.775186,2680213979,2680214594,12040,615
29372.787208,2680218167,2680218787,12076,620
29372.799225,2680222111,2680222716,8987,605
29372.811252,2680226070,2680226686,8899,616
29372.823279,2680230166,2680230775,12103,609
29372.835295,2680234234,2680234844,12012,610
29372.847323,2680238313,2680238928,12061,615
29372.857837,2680241865,2680242475,8972,610
29372.869866,2680245847,2680246457,8931,610
29372.890905,2680252678,2680253292,9235,614
29372.902923,2680256647,2680257257,8985,610
29372.914950,2680260613,2680261223,8887,610
29372.926974,2680264570,2680265190,9222,620
29372.938992,2680268530,2680269138,8939,608
29372.951020,2680272636,2680273245,12037,609
29372.963043,2680276801,2680277405,12085,604
29372.975063,2680280990,2680281605,12028,615
29372.987089,2680285179,2680285794,12040,615
29372.999110,2680289243,2680289863,9183,620
29373.011129,2680293365,2680293980,8961,615
29373.023157,2680297555,2680298168,12079,613
29373.035178,2680301662,2680302277,12108,615
29373.047198,2680305848,2680306453,12010,605
29373.059226,2680309961,2680310575,12035,614
29373.071249,2680314081,2680314691,12087,610
29373.083266,2680318175,2680318780,12009,605
29373.095295,2680322262,2680322872,12038,610
29373.107317,2680326353,2680326974,12070,621
29373.119334,2680330463,2680331083,11995,620
29373.129868,2680333976,2680334436,7494,460
29373.141880,2680337800,2680338410,8937,610
29373.153907,2680341769,2680342389,8911,620
29373.165931,2680345720,2680346330,9253,610
29373.177949,2680349691,2680350301,8977,610
29373.189976,2680353659,2680354269,8943,610
29373.201997,2680357624,2680358239,9228,615
29373.242574,2680370814,2680371424,12088,610
29373.254593,2680374775,2680375384,8961,609
29373.266621,2680378753,2680379368,8920,615
29373.278646,2680382722,2680383327,9206,605
29373.290663,2680386670,2680387284,8970,614
29373.302690,2680390651,2680391266,8910,615
29373.314715,2680394604,2680395219,9246,615
29373.326732,2680398577,2680399186,8944,609
29373.338759,2680402525,2680403133,8933,608
29373.350783,2680406478,2680407098,9219,620
29373.362800,2680410454,2680411069,8981,615
29373.374827,2680414414,2680415023,8955,609
29373.386850,2680418381,2680418996,9232,615
29373.398868,2680422342,2680422951,9000,609
29373.410894,2680426300,2680426915,8943,615
29373.422919,2680430248,2680430857,9244,609
29373.434937,2680434181,2680434791,8944,610
29373.446965,2680438291,2680438895,12041,604
29373.458987,2680442391,2680443006,12101,615
29373.471003,2680446519,2680447128,8972,609
29373.483033,2680450703,2680451318,9206,615
29373.543140,2680469745,2680470360,11967,615
29373.555171,2680473953,2680474561,12087,608
29373.567185,2680478029,2680478632,12065,603
29373.579209,2680481998,2680482600,11819,602
29373.591236,2680486043,2680486654,12086,611
29373.603253,2680490077,2680490680,12063,603
29373.615271,2680493935,2680494541,8881,606
29373.627308,2680497874,2680498458,9194,584
29373.639322,2680501859,2680502476,12067,617
29373.651347,2680505901,2680506503,11841,602
29373.661871,2680509340,2680509950,9307,610
29373.673890,2680513360,2680513970,8982,610
29373.702442,2680522589,2680523196,12076,607
29373.714464,2680526439,2680527046,8942,607
29373.726499,2680530363,2680530946,9224,583
29373.738516,2680534310,2680534927,9266,617
29373.750530,2680538215,2680538833,8867,618
29373.762565,2680542161,2680542766,9206,605
29373.774582,2680546093,2680546702,9214,609
29373.786600,2680549959,2680550567,8884,608
29373.798635,2680553876,2680554459,9169,583
29373.810652,2680557799,2680558409,9282,610
29373.822667,2680561672,2680562284,8899,612
29373.834700,2680565599,2680566214,9202,615
29373.846716,2680569655,2680570263,12066,608
29373.858739,2680573684,2680574289,12000,605
29373.870772,2680577594,2680578203,9272,609
29373.890297,2680584006,2680584607,11820,601
29373.969961,2680609060,2680609675,12117,615
29373.981978,2680613101,2680613711,9255,610
29374.078164,2680638182,2680638765,7341,583
29374.090186,2680642245,2680642865,9270,620
29374.214915,2680663845,2680664454,9239,609
29374.226943,2680667295,2680667906,8959,611
29374.238968,2680670245,2680670859,9266,614
29374.250994,2680673803,2680674409,8982,606
29374.263013,2680677899,2680678507,12045,608
29374.275030,2680681926,2680682546,11983,620
29374.287061,2680686060,2680686665,9246,605
29374.299077,2680690216,2680690829,12057,613
29374.311101,2680694336,2680694946,11986,610
29374.323130,2680698435,2680699019,11977,584
29374.335147,2680702533,2680703146,12084,613
29374.347165,2680706410,2680707011,8880,601
29374.359198,2680710437,2680711052,9038,615
29374.371215,2680714560,2680715164,12091,604
29374.383237,2680718552,2680719160,11818,608
29374.395267,2680722612,2680723227,12071,615
29374.407292,2680726648,2680727260,12134,612
29374.419307,2680730678,2680731291,11843,613
29374.431337,2680734592,2680735176,9163,584
29374.441853,2680738014,2680738478,7612,464
29374.453881,2680741754,2680742337,9189,583
29374.465898,2680745671,2680746281,9270,610
29374.477914,2680749559,2680750167,8885,608
29374.489944,2680753546,2680754161,9244,615
29374.626700,2680795286,2680795901,9000,615
29374.662770,2680805613,2680806214,8904,601
29374.674800,2680809646,2680810251,12098,605
29374.686814,2680813553,2680814155,9231,602
29374.698833,2680817448,2680818055,8878,607
29374.710869,2680821401,2680822016,9199,615
29374.722881,2680825319,2680825922,9264,603
29374.734902,2680829184,2680829791,8863,607
29374.746939,2680833092,2680833676,9223,584
29374.758954,2680837029,2680837639,9291,610
29374.770978,2680841113,2680841728,11843,615
29374.783005,2680845116,2680845705,9184,589
29374.795021,2680849153,2680849761,12122,608
29374.807043,2680853238,2680853853,11981,615
29374.819070,2680857407,2680858022,12085,615
29374.831086,2680861483,2680862091,9268,608
29374.843108,2680865422,2680866034,8860,612
29374.855141,2680869546,2680870161,12045,615
29374.867158,2680873662,2680874265,12087,603
29374.879179,2680877693,2680878301,11807,608
29374.891207,2680881741,2680882356,12084,615
29374.903228,2680885813,2680886416,9249,603
29374.915249,2680889844,2680890457,11836,613
29374.927277,2680893954,2680894569,12066,615
29374.939294,2680898013,2680898625,12061,612
29374.951319,2680902014,2680902621,11838,607
29374.963348,2680905939,2680906558,9235,619
29374.973863,2680909388,2680909844,7562,456
29374.985893,2680913131,2680913716,9212,585
29374.997910,2680917058,2680917668,9276,610
29375.009926,2680920974,2680921586,8875,612
29375.021962,2680924891,2680925475,9141,584
29375.033980,2680928816,2680929431,9285,615
29375.045997,2680932782,2680933394,11804,612
29375.058031,2680936765,2680937349,11991,584
29375.070046,2680940665,2680941277,9236,612
29375.082062,2680944548,2680945156,8889,608
29375.094101,2680948470,2680949053,9252,583
29375.106115,2680952674,2680953289,12061,615
29375.191776,2680979561,2680980163,12025,602
29375.202304,2680982988,2680983603,9079,615
29375.214322,2680986949,2680987564,9286,615
29375.226337,2680990819,2680991432,8821,613
29375.238370,2680994692,2680995307,9219,615
29375.250392,2680998653,2680999262,9283,609
29375.262406,2681002724,2681003336,11815,612
29375.274435,2681006765,2681007375,12068,610
29375.286458,2681010705,2681011309,9251,604
29375.298476,2681014569,2681015182,8847,613
29375.310510,2681018531,2681019146,9238,615
29375.322526,2681022498,2681023102,9281,604
29375.334543,2681026379,2681026986,8884,607
29375.346578,2681030274,2681030884,9210,610
29375.358596,2681034230,2681034845,9267,615
29375.370611,2681038109,2681038715,8839,606
29375.382643,2681042020,2681042630,9206,610
29375.394662,2681046122,2681046737,12044,615
29375.406680,2681050166,2681050772,11822,606
29375.418710,2681054049,2681054653,9202,604
29375.430732,2681057979,2681058582,9303,603
29375.442750,2681061834,2681062441,8875,607
29375.454785,2681065757,2681066372,9235,615
29375.466797,2681069675,2681070278,9245,603
29375.478823,2681073697,2681074304,11840,607
29375.490850,2681077751,2681078335,11979,584
29375.502868,2681081674,2681082278,9273,604
29375.514884,2681085572,2681086174,8873,602
29375.526919,2681089492,2681090102,9237,610
29375.538933,2681093427,2681094039,9187,612
29375.550961,2681097327,2681097942,8994,615
29375.562990,2681101239,2681101849,9253,610
29375.575006,2681105160,2681105770,9220,610
29375.587028,2681109172,2681109770,11850,598
29375.599057,2681113320,2681113925,12044,605
29375.611073,2681117468,2681118071,12081,603
29375.623091,2681121576,2681122189,11797,613
29375.686215,2681141689,2681142296,11836,607
29375.698245,2681145617,2681146232,9083,615
29375.710264,2681149576,2681150179,9239,603
29375.722279,2681153459,2681154067,8886,608
29375.750842,2681162697,2681163307,12069,610
29375.762855,2681166555,2681167166,8884,611
29375.774891,2681170461,2681171076,9200,615
29375.786905,2681174385,2681174997,9222,612
29375.798932,2681178274,2681178884,8932,610
29375.810959,2681182365,2681182949,11989,584
29375.822976,2681186398,2681187006,12049,608
29375.835000,2681190381,2681190983,11841,602
29375.847027,2681194295,2681194905,9006,610
29375.859046,2681198303,2681198918,9281,615
29375.871068,2681202397,2681203008,11865,611
29375.914657,2681216284,2681216889,9211,605
29375.926676,2681220216,2681220820,9284,604
29375.938691,2681224061,2681224673,8877,612
29375.950729,2681228007,2681228591,9139,584
29375.962743,2681231918,2681232528,9274,610
29375.974762,2681235800,2681236401,8891,601
29375.986798,2681239702,2681240285,9206,583
29375.998812,2681243602,2681244222,9280,620
29376.010836,2681247665,2681248278,11843,613
29376.022864,2681251741,2681252356,12124,615
29376.034878,2681255658,2681256276,9251,618
29376.046902,2681259540,2681260150,8985,610
29376.058929,2681263443,2681264027,9258,584
29376.070945,2681267344,2681267957,9260,613
29376.082966,2681271207,2681271820,8891,613
29376.095001,2681275284,2681275894,12044,610
29376.107016,2681279348,2681279956,12079,608
29376.119038,2681283416,2681284023,11811,607
29376.131069,2681287496,2681288106,9181,610
29376.143092,2681291663,2681292276,12137,613
29376.155107,2681295757,2681296370,11882,613
29376.167135,2681299854,2681300438,11969,584
29376.179150,2681303740,2681304343,9263,603
29376.191171,2681307628,2681308240,8902,612
29376.203209,2681311711,2681312293,11968,582
29376.215222,2681315751,2681316359,12084,608
29376.227246,2681319727,2681320340,11842,613
29376.239272,2681323774,2681324394,12085,620
29376.251289,2681327839,2681328452,12064,613
29376.263307,2681331701,2681332307,8835,606
29376.275342,2681335666,2681336281,9201,615
29376.285853,2681339086,2681339692,8891,606
29376.297891,2681343040,2681343623,9214,583
29376.309906,2681346941,2681347551,9262,610
29376.321920,2681350802,2681351405,8861,603
29376.333957,2681354735,2681355319,9223,584
29376.345972,2681358653,2681359263,9255,610
29376.357991,2681362518,2681363126,8874,608
29376.370026,2681366436,2681367018,9201,582
29376.382041,2681370334,2681370947,9220,613
29376.394062,2681374392,2681375002,11986,610
29376.406092,2681378407,2681378990,12006,583
29376.418112,2681382339,2681382949,9298,610
29376.430126,2681386234,2681386844,8840,610
29376.442161,2681390133,2681390753,9088,620
29376.454176,2681394071,2681394685,9226,614
29376.466196,2681397996,2681398608,8843,612
29376.478228,2681402036,2681402620,11957,584
29376.490251,2681406102,2681406717,12099,615
29376.502264,2681409986,2681410587,8834,601
29376.514296,2681413893,2681414508,9189,615
29376.526317,2681417840,2681418450,9211,610
29376.538330,2681421715,2681422323,8832,608
29376.622499,2681448277,2681448887,12069,610
29376.711162,2681470432,2681471047,9174,615
29376.723197,2681473997,2681474612,12084,615
29376.735212,2681478198,2681478802,9256,604
29376.747235,2681482213,2681482821,11849,608
29376.759266,2681486294,2681486903,12084,609
29376.771279,2681490357,2681490970,12084,613
29376.783302,2681494390,2681495003,11831,613
29376.795334,2681498355,2681498938,9230,583
29376.805850,2681501788,2681502258,7595,470
29376.817876,2681505536,2681506120,9227,584
29376.829894,2681509453,2681510058,9293,605
29376.841918,2681513355,2681513975,8959,620
29376.853946,2681517307,2681517892,9233,585
29376.865963,2681521225,2681521840,9266,615
29376.877980,2681525134,2681525741,11829,607
29376.890012,2681529052,2681529656,12104,604
29376.902029,2681532963,2681533563,9211,600
29376.914046,2681536841,2681537452,8859,611
29376.926085,2681540799,2681541382,9258,583
29376.938095,2681544725,2681545335,9073,610
29376.971167,2681555302,2681555912,12110,610
29377.062830,2681583947,2681584553,8910,606
29377.074867,2681587874,2681588458,9178,584
29377.086877,2681591742,2681592345,9080,603
29377.098895,2681595633,2681596234,8863,601
29377.110933,2681599710,2681600319,12088,609
29377.122946,2681603781,2681604394,12064,613
29377.134976,2681607649,2681608256,8957,607
29377.146999,2681611600,2681612215,9234,615
29377.159016,2681615730,2681616338,12052,608
29377.171040,2681619815,2681620422,11821,607
29377.183068,2681623934,2681624518,11968,584
29377.195084,2681627959,2681628572,9206,613
29377.207101,2681631937,2681632545,8873,608
29377.219135,2681636074,2681636676,12072,602
29377.231152,2681640139,2681640746,12059,607
29377.243176,2681644210,2681644812,11811,602
29377.255207,2681648270,2681648880,12149,610
29377.267224,2681652230,2681652835,9239,605
29377.279247,2681656273,2681656876,11839,603
29377.291279,2681660214,2681660798,9205,584
29377.303291,2681664236,2681664855,12077,619
29377.315312,2681668242,2681668849,11840,607
29377.327341,2681672276,2681672886,12088,610
29377.337860,2681675734,2681676349,8955,615
29377.349894,2681679814,2681680248,7446,434
29377.361907,2681683587,2681684197,9279,610
29377.373921,2681687483,2681688096,8872,613
29377.385957,2681691368,2681691982,9221,614
29377.397973,2681695306,2681695914,9218,608
29377.409992,2681699246,2681699852,11827,606
29377.422023,2681703207,2681703791,11971,584
29377.434042,2681707145,2681707756,9058,611
29377.446057,2681711046,2681711655,8870,609
29377.458097,2681714922,2681715504,9238,582
29377.470112,2681718830,2681719436,9259,606
29377.482139,2681722722,2681723340,8940,618
29377.494164,2681726680,2681727264,9196,584
29377.506176,2681730670,2681731284,12055,614
29377.518196,2681734531,2681735132,8843,601
29377.530231,2681738471,2681739055,9202,584
29377.542249,2681742371,2681742975,9234,604
29377.554262,2681746416,2681747024,8849,608
29377.621901,2681767671,2681768131,7588,460
29377.734612,2681794045,2681794649,9039,604
29377.746641,2681797241,2681797855,9290,614
29377.758660,2681801137,2681801740,9282,603
29377.770675,2681805001,2681805609,8884,608
29377.782711,2681808920,2681809528,9229,608
29377.794729,2681812859,2681813469,9278,610
29377.806744,2681816725,2681817326,8849,601
29377.818778,2681820600,2681821213,9210,613
29377.830794,2681824568,2681825183,9090,615
29377.842818,2681828663,2681829276,11828,613
29377.854847,2681832726,2681833336,12128,610
29377.866860,2681836648,2681837255,9250,607
29377.878891,2681840517,2681841123,8934,606
29377.890913,2681844425,2681845040,9175,615
29377.902930,2681848331,2681848945,9229,614
29377.914948,2681852198,2681852811,8845,613
29377.926983,2681856270,2681856854,11946,584
29377.939001,2681860291,2681860899,12077,608
29377.951022,2681864275,2681864876,11840,601
29377.963052,2681868290,2681868894,9202,604
29377.975069,2681872447,2681873050,12078,603
29377.987091,2681876583,2681877185,11834,602
29377.999122,2681880793,2681881397,12086,604
29378.011136,2681884770,2681885383,9261,613
29378.023153,2681888656,2681889269,8860,613
29378.035193,2681892721,2681893304,11968,583
29378.047206,2681896752,2681897359,12083,607
29378.059228,2681900769,2681901371,11843,602
29378.071258,2681904838,2681905453,12108,615
29378.083275,2681908926,2681909531,12044,605
29378.095297,2681912915,2681913523,11837,608
29378.107325,2681916963,2681917547,11965,584
29378.119342,2681920970,2681921584,12055,614
29378.129870,2681924382,2681925002,9271,620
29378.141887,2681928304,2681928912,9191,608
29378.153905,2681932156,2681932764,8845,608
29378.165941,2681936192,2681936776,12017,584
29378.177957,2681940112,2681940722,9103,610
29378.189972,2681944003,2681944606,8848,603
29378.202011,2681947893,2681948476,9187,583
29378.214026,2681951844,2681952449,9249,605
29378.226052,2681955762,2681956375,11903,613
29378.238075,2681959782,2681960366,11963,584
29378.250093,2681963686,2681964289,9233,603
29378.262110,2681967589,2681968196,8807,607
29378.274149,2681971524,2681972107,9248,583
29378.286162,2681975421,2681976030,9181,609
29378.298178,2681979307,2681979919,8789,612
29378.310217,2681983209,2681983793,9200,584
29378.322231,2681987133,2681987743,9235,610
29378.334250,2681991094,2681991695,8905,601
29378.346284,2681995003,2681995588,9178,585
29378.358297,2681998961,2681999564,9184,603
29378.370313,2682002927,2682003530,8875,603
29378.484538,2682038897,2682039506,12054,609
29378.504332,2682045984,2682046588,11966,604
29378.567198,2682065406,2682066009,9180,603
29378.579219,2682069484,2682070094,9257,610
29378.591241,2682073476,2682074084,11835,608
29378.603269,2682077558,2682078167,12067,609
29378.615287,2682081616,2682082234,12098,618
29378.627311,2682085505,2682086114,8958,609
29378.639339,2682089455,2682090065,9226,610
29378.649848,2682092888,2682093500,8894,612
29378.661882,2682096827,2682097410,9230,583
29378.673898,2682100753,2682101363,9088,610
29378.685917,2682104628,2682105237,8886,609
29378.697956,2682108530,2682109112,9223,582
29378.709968,2682112428,2682113030,9187,602
29378.721996,2682116328,2682116941,8986,613
29378.734022,2682120248,2682120830,9181,582
29378.746039,2682124166,2682124770,9252,604
29378.758054,2682128019,2682128632,8876,613
29378.770086,2682131943,2682132552,9167,609
29378.782108,2682135915,2682136519,9268,604
29378.794123,2682139809,2682140422,8841,613
29378.806160,2682143693,2682144277,9256,584
29378.818172,2682147594,2682148201,9214,607
29378.830192,2682151524,2682152125,8818,601
29378.842225,2682155557,2682156140,11973,583
29378.854244,2682159616,2682160226,12073,610
29378.866261,2682163470,2682164077,8852,607
29378.878298,2682167415,2682167998,9230,583
29378.890310,2682171298,2682171906,9209,608
29378.902327,2682175160,2682175774,8870,614
29378.914360,2682179089,2682179699,9222,610
29378.926380,2682183047,2682183656,9239,609
29378.938405,2682186960,2682187575,8949,615
29378.950433,2682190898,2682191480,9175,582
29378.962450,2682194813,2682195428,9291,615
29378.974472,2682198689,2682199304,8943,615
29378.986496,2682202625,2682203239,9213,614
29379.027075,2682215802,2682216422,12065,620
29379.037590,2682219569,2682220183,11995,614
29379.051116,2682224075,2682224682,11837,607
29379.063145,2682228228,2682228843,12071,615
29379.075164,2682232435,2682233050,12039,615
29379.087183,2682236513,2682237123,12008,610
29379.099213,2682240689,2682241299,12073,610
29379.111227,2682244685,2682245293,9260,608
29379.123254,2682248766,2682249381,12005,615
29379.135281,2682252838,2682253449,12130,611
29379.147298,2682256892,2682257495,12085,603
29379.159316,2682260787,2682261388,8902,601
29379.171351,2682264842,2682265457,12091,615
29379.181867,2682268400,2682269005,8961,605
29379.193897,2682272303,2682272886,9180,583
29379.205912,2682276231,2682276846,9272,615
29379.217940,2682280096,2682280703,8976,607
29379.229963,2682284016,2682284600,9214,584
29379.250995,2682290904,2682291511,12020,607
29379.263023,2682294885,2682295505,8884,620
29379.275048,2682298998,2682299618,9178,620
29379.287066,2682303219,2682303834,12055,615
29379.297591,2682306832,2682307451,9215,619
29379.314120,2682312293,2682312908,9007,615
29379.326146,2682316336,2682316956,8939,620
29379.338171,2682320261,2682320845,9200,584
29379.348681,2682323844,2682324459,11978,615
29379.366721,2682329757,2682330363,11874,606
29379.378747,2682333695,2682334300,9177,605
29379.390764,2682337642,2682338252,9260,610
29379.402785,2682341525,2682342135,8965,610
29379.414814,2682345458,2682346042,9223,584
29379.426832,2682349381,2682349990,9280,609
29379.438846,2682353278,2682353884,8866,606
29379.450883,2682357190,2682357773,9278,583
29379.462895,2682361095,2682361713,9213,618
29379.474922,2682365155,2682365756,11840,601
29379.486951,2682369246,2682369861,12099,615
29379.498965,2682373177,2682373785,9258,608
29379.510983,2682377045,2682377652,8884,607
29379.523019,2682381114,2682381719,12077,605
29379.535035,2682385215,2682385829,12082,614
29379.547052,2682389243,2682389861,8833,618
29379.559088,2682393320,2682393935,9211,615
29379.571106,2682397495,2682398115,12057,620
29379.583120,2682401451,2682402047,8847,596
29379.595159,2682405513,2682406097,9225,584
29379.605666,2682408936,2682409544,8850,608
29379.622211,2682414472,2682415056,11972,584
29379.634228,2682418384,2682418993,9279,609
29379.646242,2682422291,2682422893,8853,602
29379.656765,2682425793,2682426406,12057,613
29379.682308,2682433932,2682434534,8879,602
29379.698853,2682439413,2682439996,12010,583
29379.710868,2682443309,2682443917,9281,608
29379.722886,2682447206,2682447824,8911,618
29379.734917,2682451098,2682451708,9225,610
29379.746936,2682455022,2682455629,9230,607
29379.758956,2682458921,2682459533,8899,612
29379.770991,2682462856,2682463476,9275,620
29379.783008,2682466935,2682467535,12081,600
29379.795025,2682470929,2682471531,8854,602
29379.807059,2682475075,2682475685,12078,610
29379.819077,2682479073,2682479688,9264,615
29379.831098,2682483197,2682483810,11842,613
29379.843128,2682487244,2682487859,9268,615
29379.855142,2682491250,2682491853,9240,603
29379.867169,2682495328,2682495935,12028,607
29379.879199,2682499419,2682500029,12084,610
29379.891213,2682503489,2682504102,12127,613
29379.903236,2682507519,2682508134,12014,615
29379.915264,2682511634,2682512249,12089,615
29379.927279,2682515713,2682516316,12061,603
29379.939305,2682519721,2682520334,11819,613
29379.951337,2682523793,2682524378,11968,585
29379.961851,2682527201,2682527809,8930,608
29379.973882,2682531179,2682531618,7387,439
29379.985894,2682534957,2682535572,9286,615
29379.997917,2682538976,2682539586,11975,610
29380.009948,2682542883,2682543467,9186,584
29380.021966,2682546808,2682547412,9244,604
29380.033980,2682550673,2682551285,8814,612
29380.046015,2682554618,2682555202,9163,584
29380.058030,2682558552,2682559156,12022,604
29380.070052,2682562578,2682563193,11992,615
29380.082084,2682566505,2682567089,9193,584
29380.094098,2682570413,2682571021,9228,608
29380.106117,2682574303,2682574911,8863,608
29380.118154,2682578301,2682578916,9214,615
29380.130168,2682582411,2682583021,12062,610
29380.142185,2682586343,2682586957,8879,614
29380.154220,2682590398,2682590981,11983,583
29380.166238,2682594330,2682594942,9273,612
29380.178255,2682598235,2682598843,8880,608
29380.190290,2682602335,2682602918,11961,583
29380.202303,2682606272,2682606875,9234,603
29380.226355,2682614047,2682614652,12080,605
29380.236874,2682617533,2682618003,7573,470
29380.257916,2682624115,2682624698,11969,583
29380.269938,2682628050,2682628660,12073,610
29380.281950,2682631962,2682632574,8853,612
29380.293987,2682635888,2682636472,9200,584
29380.306005,2682639829,2682640444,12076,615
29380.318022,2682643777,2682644385,8866,608
29380.330060,2682647668,2682648251,9141,583
29380.342074,2682651581,2682652190,9270,609
29380.354096,2682655515,2682656130,8975,615
29380.366125,2682659452,2682660032,9196,580
29380.378142,2682663364,2682663979,9239,615
29380.390160,2682667372,2682667978,11835,606
29380.402191,2682671298,2682671913,9209,615
29380.414212,2682675270,2682675880,9237,610
29380.426226,2682679162,2682679763,8828,601
29380.438261,2682683072,2682683656,9176,584
29380.450279,2682686996,2682687615,9299,619
29380.462302,2682690927,2682691542,8960,615
29380.474329,2682694993,2682695577,11973,584
29380.486347,2682699046,2682699656,12069,610
29380.498364,2682702909,2682703510,8870,601
29380.510399,2682706821,2682707436,9274,615
29380.522416,2682710781,2682711391,9304,610
29380.534431,2682714648,2682715249,8863,601
29380.546463,2682718559,2682719174,9182,615
29380.558480,2682722482,2682723091,9054,609
29380.570504,2682726409,2682727013,8963,604
29380.582531,2682730288,2682730899,9250,611
29380.594552,2682734249,2682734864,9291,615
29380.606578,2682738253,2682738866,11908,613
29380.618600,2682742172,2682742782,9195,610
29380.671191,2682758964,2682759579,12046,615
29380.683219,2682762963,2682763570,11849,607
29380.695247,2682767057,2682767641,11929,584
29380.707260,2682771101,2682771709,11979,608
29380.719287,2682775156,2682775766,12043,610
29380.731316,2682779224,2682779806,11848,582
29380.743333,2682783245,2682783853,12079,608
29380.755361,2682787238,2682787851,11887,613
29380.765880,2682790692,2682791299,9296,607
29380.777893,2682794626,2682795234,8831,608
29380.789930,2682798606,2682799190,11972,584
29380.801947,2682802557,2682803172,12067,615
29380.813971,2682806522,2682807137,8913,615
29380.826000,2682810455,2682811039,9228,584
29380.838018,2682814383,2682814993,9211,610
29380.850032,2682818278,2682818885,8868,607
29380.862070,2682822249,2682822833,9222,584
29380.874084,2682826197,2682826802,9248,605
29380.886105,2682830222,2682830832,11987,610
29380.898137,2682834108,2682834691,9191,583
29380.910154,2682838049,2682838654,9269,605
29380.922169,2682841903,2682842505,8851,602
29380.934203,2682845799,2682846409,9179,610
29380.946221,2682849733,2682850337,9280,604
29380.958246,2682853656,2682854266,8987,610
29380.970269,2682857701,2682858316,12068,615
29381.006340,2682869330,2682869933,12097,603
29381.016854,2682872814,2682873430,11988,616
29381.119058,2682903770,2682904384,12111,614
29381.131069,2682907782,2682908385,9202,603
29381.143095,2682911872,2682912480,11840,608
29381.155124,2682915994,2682916604,12136,610
29381.167140,2682920134,2682920747,12081,613
29381.179162,2682924168,2682924781,11818,613
29381.191189,2682928099,2682928709,9197,610
29381.203205,2682932033,2682932636,9068,603
29381.215231,2682936057,2682936673,11844,616
29381.227259,2682940167,2682940777,9245,610
29381.239275,2682944317,2682944925,12053,608
29381.251306,2682948319,2682948932,11870,613
29381.263332,2682952411,2682952994,11964,583
29381.273845,2682955861,2682956324,7569,463
29381.285880,2682959620,2682960059,7463,439
29381.297888,2682963331,2682963939,9214,608
29381.309909,2682967253,2682967854,8844,601
29381.321946,2682971192,2682971776,9218,584
29381.333957,2682975080,2682975693,9231,613
29381.345975,2682978949,2682979556,8875,607
29381.358014,2682982886,2682983470,9256,584
29381.370027,2682986808,2682987428,9293,620
29381.382046,2682990719,2682991324,8878,605
29381.394081,2682994632,2682995216,9232,584
29381.406094,2682998682,2682999297,12017,615
29381.418113,2683002711,2683003312,11803,601
29381.430149,2683006848,2683007432,12006,584
29381.442166,2683010779,2683011398,9252,619
29381.454189,2683014702,2683015317,9006,615
29381.466218,2683018616,2683019200,9209,584
29381.478235,2683022524,2683023139,9255,615
29381.490251,2683026557,2683027158,11830,601
29381.502283,2683030620,2683031230,12108,610
29381.514303,2683034557,2683035156,9284,599
29381.526317,2683038439,2683039041,8876,602
29381.538355,2683042358,2683042942,9223,584
29381.550367,2683046244,2683046857,9032,613
29381.562385,2683050149,2683050751,8856,602
29381.574417,2683054075,2683054684,9232,609
29381.586438,2683058025,2683058640,9217,615
29381.598467,2683061900,2683062510,8955,610
29381.610489,2683065811,2683066420,9219,609
29381.622505,2683069907,2683070509,12094,602
29381.633030,2683073382,2683073966,11988,584
29381.678117,2683087669,2683088253,11962,584
29381.690134,2683091722,2683092342,12035,620
29381.702157,2683095734,2683096339,11989,605
29381.714190,2683099652,2683100235,9228,583
29381.726203,2683103565,2683104178,9251,613
29381.738221,2683107433,2683108035,8851,602
29381.750257,2683111305,2683111915,9235,610
29381.762275,2683115273,2683115888,9254,615
29381.774289,2683119181,2683119788,8854,607
29381.786328,2683123064,2683123647,9239,583
29381.798340,2683127043,2683127654,9090,611
29381.810359,2683130947,2683131560,8889,613
29381.822394,2683135031,2683135615,11973,584
29381.832902,2683138522,2683139133,11981,611
29381.870477,2683150425,2683151045,9191,620
29381.894527,2683158198,2683158812,12081,614
29381.906546,2683162190,2683162794,9276,604
29381.918568,2683166215,2683166825,11984,610
29381.930600,2683170108,2683170692,9220,584
29381.942614,2683174006,2683174619,9228,613
29381.954632,2683177924,2683178531,8821,607
29381.966666,2683181813,2683182427,9199,614
29381.978684,2683185784,2683186399,9264,615
29382.014751,2683197295,2683197904,12114,609
29382.026771,2683201158,2683201771,8900,613
29382.038804,2683205217,2683205832,9208,615
29382.049317,2683208722,2683209327,11990,605
29382.062844,2683213223,2683213826,11841,603
29382.074870,2683217139,2683217759,9199,620
29382.086890,2683221091,2683221706,9250,615
29382.098913,2683224986,2683225594,8950,608
29382.110945,2683228931,2683229515,9179,584
29382.122958,2683232973,2683233581,12085,608
29382.134979,2683237007,2683237611,11988,604
29382.147010,2683240954,2683241562,9217,608
29382.159026,2683245055,2683245668,12082,613
29382.171048,2683249127,2683249735,11818,608
29382.183078,2683253274,2683253884,12085,610
29382.195094,2683257454,2683258068,11984,614
29382.207117,2683261490,2683262100,8943,610
29382.219147,2683265541,2683266125,9189,584
29382.231160,2683269579,2683270183,9230,604
29382.243190,2683273631,2683274239,8933,608
29382.255216,2683277744,2683278354,12071,610
29382.267231,2683281803,2683282411,12132,608
29382.279253,2683285789,2683286402,11814,613
29382.291284,2683289703,2683290287,9243,584
29382.303301,2683293650,2683294259,9263,609
29382.315324,2683297650,2683298262,11841,612
29382.327350,2683301717,2683302301,11941,584
29382.337862,2683305136,2683305754,8917,618
29382.349899,2683309083,2683309667,9227,584
29382.361911,2683312983,2683313603,9230,620
29382.373932,2683316891,2683317493,8834,602
29382.385967,2683320773,2683321356,9180,583
29382.397984,2683324718,2683325326,9262,608
29382.409998,2683328608,2683329216,8874,608
29382.422034,2683332597,2683333181,11973,584
29382.434052,2683336600,2683337214,12064,614
29382.446074,2683340677,2683341286,8977,609
29382.458103,2683344637,2683345221,9233,584
29382.470121,2683348567,2683349187,9252,620
29382.482136,2683352455,2683353068,8844,613
29382.494173,2683356652,2683357262,12111,610
29382.621902,2683396528,2683397129,8719,601
29382.645952,2683403817,2683404421,5813,604
29382.657973,2683407774,2683408380,8876,606
29382.670007,2683411704,2683412290,9188,586
29382.682021,2683415599,2683416217,9188,618
29382.694047,2683419513,2683420123,8952,610
29382.706074,2683423509,2683424093,11975,584
29382.718092,2683427558,2683428173,12074,615
29382.730108,2683431459,2683432060,8896,601
29382.742143,2683435370,2683435985,9201,615
29382.754161,2683439326,2683439941,9299,615
29382.766176,2683443191,2683443797,8829,606
29382.778214,2683447072,2683447655,9223,583
29382.790226,2683450994,2683451609,9063,615
29382.802245,2683454900,2683455507,8858,607
29382.814284,2683458800,2683459382,9246,582
29382.826295,2683462697,2683463310,9208,613
29382.838323,2683466751,2683467358,11894,607
29382.850345,2683470824,2683471439,12083,615
29382.862367,2683474794,2683475404,9287,610
29382.874382,2683478730,2683479337,8897,607
29382.886417,2683482630,2683483213,9210,583
29382.898432,2683486536,2683487154,9235,618
29382.910449,2683490444,2683491051,8846,607
29382.922482,2683494495,2683495099,12090,604
29382.934502,2683498590,2683499200,12103,610
29382.946520,2683502506,2683503108,8907,602
29382.958552,2683506411,2683507026,9180,615
29382.970572,2683510352,2683510956,9276,604
29382.982586,2683514211,2683514824,8857,613
29382.994626,2683518168,2683518752,9272,584
29383.006638,2683522085,2683522699,9224,614
29383.018658,2683525964,2683526566,8899,602
29383.030689,2683529869,2683530486,9226,617
29383.042709,2683533814,2683534424,9289,610
29383.054728,2683537855,2683538456,11849,601
29383.065250,2683541431,2683542040,12035,609
29383.141899,2683565527,2683566142,9298,615
29383.153914,2683569470,2683570083,8822,613
29383.165946,2683573402,2683574017,9180,615
29383.177966,2683577359,2683577969,9299,610
29383.189990,2683581306,2683581921,8951,615
29383.202018,2683585231,2683585815,9226,584
29383.214036,2683589167,2683589785,9274,618
29383.226050,2683593073,2683593675,8812,602
29383.238085,2683597091,2683597701,12136,610
29383.250104,2683601161,2683601776,12073,615
29383.262125,2683605187,2683605797,8935,610
29383.274154,2683609114,2683609696,9226,582
29383.286169,2683613044,2683613653,9060,609
29383.298188,2683616947,2683617560,8809,613
29383.310224,2683620868,2683621452,9207,584
29383.322238,2683624949,2683625552,12016,603
29383.334265,2683628962,2683629572,12030,610
29383.346291,2683632875,2683633457,9156,582
29383.358308,2683636782,2683637397,9235,615
29383.370327,2683640631,2683641238,8893,607
29383.382360,2683644528,2683645138,9235,610
29383.394376,2683648456,2683649069,9260,613
29383.406392,2683652357,2683652975,8805,618
29383.418428,2683656296,2683656880,9199,584
29383.430446,2683660219,2683660833,9251,614
29383.442464,2683664141,2683664748,8926,607
29383.454496,2683668187,2683668807,12074,620
29383.465009,2683671828,2683672439,11972,611
29383.558192,2683701248,2683701832,11984,584
29383.570211,2683705171,2683705775,9256,604
29383.582239,2683709026,2683709638,8927,612
29383.594265,2683712935,2683713518,9190,583
29383.606278,2683716813,2683717421,9240,608
29383.618296,2683720719,2683721326,8895,607
29383.666397,2683736031,2683736635,12071,604
29383.678419,2683740001,2683740606,9306,605
29383.690433,2683743893,2683744500,8866,607
29383.702466,2683747809,2683748424,9186,615
29383.714485,2683751768,2683752383,9240,615
29383.726504,2683755650,2683756263,8888,613
29383.738539,2683759723,2683760307,11973,584
29383.750556,2683763772,2683764381,12062,609
29383.762570,2683767654,2683768250,8879,596
29383.774606,2683771562,2683772146,9230,584
29383.786622,2683775476,2683776080,9265,604
29383.798640,2683779354,2683779972,8855,618
29383.810675,2683783279,2683783863,9219,584
29383.822693,2683787200,2683787810,9276,610
29383.834715,2683791092,2683791702,8927,610
29383.846740,2683794993,2683795602,9180,609
29383.858758,2683798928,2683799541,9256,613
29383.870781,2683802946,2683803554,11847,608
29383.881300,2683806540,2683807149,11990,609
29383.942915,2683826048,2683826661,11844,613
29383.954946,2683830142,2683830726,11945,584
29383.966967,2683834191,2683834806,12063,615
29383.978992,2683838059,2683838666,8980,607
29383.991017,2683842126,2683842735,12071,609
29384.003033,2683846254,2683846861,12091,607
29384.015054,2683850325,2683850933,11829,608
29384.027086,2683854498,2683855082,11966,584
29384.039099,2683858473,2683859081,9229,608
29384.051117,2683862394,2683863001,8880,607
29384.063151,2683866501,2683867083,11948,582
29384.075169,2683870530,2683871133,12056,603
29384.087193,2683874636,2683875243,11839,607
29384.099223,2683878708,2683879318,12086,610
29384.111238,2683882761,2683883369,12080,608
29384.123262,2683886760,2683887367,11814,607
29384.135293,2683890804,2683891414,12082,610
29384.147306,2683894847,2683895455,12114,608
29384.159328,2683898847,2683899465,11812,618
29384.171358,2683902895,2683903478,11966,583
29384.181873,2683906313,2683906923,8965,610
29384.193904,2683910209,2683910793,9215,584
29384.205921,2683914115,2683914729,9276,614
29384.217939,2683918021,2683918623,8873,602
29384.229973,2683921908,2683922521,9211,613
29384.240491,2683925723,2683926344,12039,621
29384.251004,2683930948,2683932085,16292,1137
29384.261529,2683939005,2683940145,16381,1140
29384.278058,2683946728,2683947342,9000,614
29384.290084,2683950750,2683951365,8916,615
29384.302110,2683954786,2683955406,9241,620
29384.314123,2683958954,2683959570,11983,616
29384.326153,2683962996,2683963616,8918,620
29384.338178,2683966999,2683967614,9242,615
29384.350192,2683971142,2683971757,11977,615
29384.362222,2683975165,2683975784,8931,619
29384.374246,2683979112,2683979697,9214,585
29384.386265,2683983046,2683983655,9279,609
29384.398279,2683986950,2683987563,8863,613
29384.410317,2683990846,2683991430,9228,584
29384.422329,2683994724,2683995338,9241,614
29384.434350,2683998661,2683999269,8850,608
29384.446385,2684002602,2684003183,9197,581
29384.458402,2684006515,2684007130,9283,615
29384.470416,2684010403,2684011011,8864,608
29384.482452,2684014454,2684015064,12085,610
29384.494470,2684018400,2684019010,9254,610
29384.506485,2684022264,2684022870,8827,606
29384.518517,2684026186,2684026796,9235,610
29384.530537,2684030161,2684030777,9291,616
29384.542555,2684034033,2684034646,8873,613
29384.554590,2684037977,2684038560,9226,583
29384.566603,2684042001,2684042610,12058,609
29384.578630,2684045890,2684046494,8949,604
29384.590656,2684049803,2684050418,9219,615
29384.602676,2684053760,2684054370,9245,610
29384.614691,2684057615,2684058216,8881,601
29384.626726,2684061648,2684062252,12095,604
29384.638744,2684065568,2684066177,9267,609
29384.650759,2684069426,2684070039,8839,613
29384.662795,2684073367,2684073949,9213,582
29384.674809,2684077269,2684077878,9080,609
29384.686832,2684081354,2684081962,11804,608
29384.697351,2684084951,2684085561,12044,610
29384.742440,2684099226,2684099844,9233,618
29384.754457,2684103168,2684103775,8843,607
29384.766487,2684107189,2684107809,12074,620
29384.778509,2684111155,2684111763,9277,608
29384.790527,2684115024,2684115631,8849,607
29384.802562,2684118945,2684119555,9257,610
29384.814579,2684122886,2684123490,9241,604
29384.826601,2684126774,2684127378,8947,604
29384.838630,2684130690,2684131273,9157,583
29384.850648,2684134599,2684135214,9226,615
29384.862662,2684138478,2684139089,8914,611
29384.874698,2684142402,2684143022,9212,620
29384.886712,2684146478,2684147086,12098,608
29384.898732,2684150517,2684151124,11795,607
29384.910767,2684154438,2684155022,9197,584
29384.922781,2684158358,2684158978,9109,620
29384.934800,2684162260,2684162867,8821,607
29384.946835,2684166152,2684166767,9183,615
29384.958852,2684170122,2684170732,9269,610
29384.970874,2684174007,2684174620,8955,613
29385.094109,2684212552,2684213160,9180,608
29385.106125,2684216461,2684217074,8824,613
29385.118161,2684220400,2684220984,9190,584
29385.130180,2684224325,2684224935,9286,610
29385.142194,2684228213,2684228821,8817,608
29385.154230,2684232128,2684232712,9202,584
29385.166247,2684236037,2684236647,9272,610
29385.178265,2684239971,2684240572,8855,601
29385.190300,2684243903,2684244487,9119,584
29385.202317,2684247815,2684248435,9240,620
29385.214331,2684251707,2684252308,8831,601
29385.226371,2684255656,2684256240,9260,584
29385.238385,2684259566,2684260170,9285,604
29385.250400,2684263430,2684264031,8862,601
29385.262436,2684267320,2684267903,9190,583
29385.274452,2684271248,2684271863,9256,615
29385.286473,2684275317,2684275935,11840,618
29385.298499,2684279373,2684279983,12071,610
29385.310521,2684283334,2684283944,9249,610
29385.322545,2684287234,2684287844,9011,610
29385.334573,2684291125,2684291709,9144,584
29385.346591,2684295050,2684295654,9294,604
29385.358605,2684298927,2684299528,8835,601
29385.370641,2684302808,2684303428,9186,620
29385.382659,2684306770,2684307374,9263,604
29385.394674,2684310632,2684311233,8882,601
29385.406706,2684314548,2684315157,9198,609
29385.418725,2684318473,2684319082,9073,609
29385.430744,2684322366,2684322968,8872,602
29385.442779,2684326281,2684326866,9210,585
29385.454797,2684330193,2684330808,9210,615
29385.466822,2684334063,2684334671,8945,608
29385.478845,2684337990,2684338608,9242,618
29385.490863,2684341961,2684342571,9260,610
29385.502884,2684346001,2684346609,11833,608
29385.514911,2684350088,2684350692,12069,604
29385.526931,2684354043,2684354648,9235,605
29385.538946,2684357904,2684358516,8819,612
29385.550979,2684361827,2684362442,9230,615
29385.562999,2684365795,2684366410,9281,615
29385.575020,2684369933,2684370546,11826,613
29385.587050,2684373911,2684374516,9237,605
29385.599066,2684378043,2684378656,12057,613
29385.611093,2684382153,2684382754,11834,601
29385.623124,2684386201,2684386785,9227,584
29385.707271,2684412777,2684413386,12026,609
29385.719299,2684416895,2684417504,12005,609
29385.731325,2684420931,2684421535,12116,604
29385.743342,2684424981,2684425584,12085,603
29385.753868,2684428393,2684428977,9202,584
29385.765884,2684432290,2684432894,9081,604
29385.777904,2684436211,2684436827,8858,616
29385.789941,2684440144,2684440728,9220,584
29385.801955,2684444059,2684444674,9278,615
29385.813983,2684447982,2684448595,8960,613
29385.826009,2684451897,2684452481,9225,584
29385.838026,2684455809,2684456413,9269,604
29385.850040,2684459686,2684460299,8864,613
29385.862076,2684463599,2684464182,9179,583
29385.874095,2684467529,2684468139,9308,610
29385.886111,2684471561,2684472168,11800,607
29385.898142,2684475621,2684476206,11975,585
29385.910163,2684479541,2684480145,9276,604
29385.922178,2684483439,2684484045,8847,606
29385.934213,2684487327,2684487911,9226,584
29385.946230,2684491239,2684491850,9277,611
29385.958249,2684495128,2684495729,8925,601
29385.970284,2684499035,2684499650,9249,615
29385.991312,2684505808,2684506420,9245,612
29386.003330,2684509691,2684510309,8854,618
29386.013856,2684513131,2684513738,9065,607
29386.025874,2684517046,2684517658,8833,612
29386.037912,2684520922,2684521505,9163,583
29386.049927,2684524815,2684525420,9293,605
29386.061952,2684528720,2684529331,8945,611
29386.073982,2684532625,2684533209,9216,584
29386.085991,2684536546,2684537156,12020,610
29386.098017,2684540506,2684541121,11987,615
29386.110049,2684544405,2684544989,9166,584
29386.122063,2684548556,2684549164,12022,608
29386.134081,2684552473,2684553075,8891,602
29386.146119,2684556338,2684556923,9239,585
29386.158130,2684560225,2684560833,9236,608
29386.170151,2684564165,2684564778,8892,613
29386.182189,2684568074,2684568656,9230,582
29386.194200,2684571962,2684572574,9185,612
29386.206217,2684575855,2684576456,8900,601
29386.218257,2684579782,2684580366,9230,584
29386.230272,2684583696,2684584306,9250,610
29386.242285,2684587603,2684588216,8857,613
29386.254321,2684591517,2684592102,9166,585
29386.266339,2684595438,2684596043,9313,605
29386.278356,2684599323,2684599929,8854,606
29386.290392,2684603223,2684603807,9232,584
29386.318934,2684612453,2684613066,11800,613
29386.330965,2684616535,2684617150,12081,615
29386.342983,2684620480,2684621090,9288,610
29386.354998,2684624355,2684624963,8868,608
29386.367036,2684628408,2684629018,12089,610
29386.379051,2684632535,2684633144,12122,609
29386.391073,2684636625,2684637243,11821,618
29386.403100,2684640690,2684641300,9202,610
29386.415119,2684644757,2684645367,9269,610
29386.427141,2684648830,2684649430,11840,600
29386.439170,2684652969,2684653584,12073,615
29386.451187,2684657038,2684657651,12058,613
29386.463213,2684661068,2684661683,12012,615
29386.475241,2684665155,2684665770,12088,615
29386.487255,2684669076,2684669678,9240,602
29386.499273,2684672969,2684673576,8843,607
29386.511308,2684677009,2684677628,12084,619
29386.523323,2684681066,2684681669,12059,603
29386.535347,2684685147,2684685754,11814,607
29386.545873,2684688609,2684689219,9310,610
29386.557898,2684692537,2684693148,8949,611
29386.569924,2684696449,2684697032,9199,583
29386.581937,2684700328,2684700938,9197,610
29386.593955,2684704209,2684704820,8860,611
29386.605991,2684708132,2684708716,9213,584
29386.618006,2684712053,2684712655,12046,602
29386.726211,2684746088,2684746696,12086,608
29386.738229,2684749999,2684750606,8877,607
29386.750268,2684753934,2684754518,9260,584
29386.762282,2684757860,2684758471,9229,611
29386.774299,2684761772,2684762379,8863,607
29386.786335,2684765674,2684766258,9203,584
29386.798352,2684769590,2684770200,9254,610
29386.810374,2684773510,2684774117,8996,607
29386.822403,2684777430,2684778014,9200,584
29386.834417,2684781488,2684782092,12011,604
29386.846434,2684785380,2684785982,8863,602
29386.858470,2684789269,2684789889,9182,620
29386.870489,2684793212,2684793820,9246,608
29386.930605,2684812143,2684812758,12090,615
29386.942626,2684816127,2684816732,9251,605
29386.954652,2684819983,2684820590,8971,607
29386.966674,2684823881,2684824496,9193,615
29386.978695,2684827816,2684828431,9239,615
29386.990708,2684831711,2684832324,8871,613
29387.002747,2684835601,2684836185,9248,584
29387.014760,2684839504,2684840117,9240,613
29387.026778,2684843376,2684843986,8831,610
29387.038810,2684847288,2684847903,9196,615
29387.050829,2684851248,2684851857,9295,609
29387.062845,2684855147,2684855760,8904,613
29387.074880,2684859031,2684859615,9240,584
29387.086897,2684862926,2684863536,9266,610
29387.098916,2684866777,2684867384,8888,607
29387.110953,2684870728,2684871311,9204,583
29387.122965,2684874611,2684875224,9240,613
29387.134990,2684878642,2684879244,11859,602
29387.147015,2684882766,2684883376,12072,610
29387.159038,2684886948,2684887558,12045,610
29387.171058,2684891055,2684891657,11848,602
29387.183088,2684895232,2684895853,12111,621
29387.195103,2684899446,2684900054,12083,608
29387.207128,2684903572,2684904191,11997,619
29387.219159,2684907595,2684908179,9215,584
29387.231170,2684911568,2684912176,9253,608
29387.243195,2684915573,2684916169,11840,596
29387.255227,2684919586,2684920206,12127,620
29387.267240,2684923652,2684924260,12086,608
29387.279262,2684927672,2684928284,11837,612
29387.291290,2684931768,2684932351,11956,583
29387.303306,2684935665,2684936267,9058,602
29387.315324,2684939551,2684940158,8870,607
29387.327359,2684943616,2684944232,12075,616
29387.337871,2684947069,2684947682,8866,613
29387.349909,2684951020,2684951604,9243,584
29387.361924,2684954942,2684955552,9273,610
29387.373939,2684958845,2684959446,8854,601
29387.385974,2684962726,2684963310,9217,584
29387.397988,2684966588,2684967196,9240,608
29387.410009,2684970537,2684971148,8890,611
29387.422044,2684974472,2684975056,9203,584
29387.434058,2684978490,2684979100,12022,610
29387.446078,2684982525,2684983138,11804,613
29387.458111,2684986435,2684987018,9190,583
29387.470127,2684990313,2684990921,9204,608
29387.482143,2684994202,2684994813,8858,611
29387.494182,2684998097,2684998681,9233,584
29387.506194,2685002212,2685002827,11968,615
29387.520332,2685007439,2685008054,12088,615
29387.542266,2685014283,2685014888,8979,605
29387.554294,2685018380,2685018995,8930,615
29387.566318,2685022328,2685022942,9260,614
29387.578335,2685026294,2685026909,8987,615
29387.590363,2685030258,2685030878,8947,620
29387.602387,2685034224,2685034828,9198,604
29387.614404,2685038185,2685038800,8937,615
29387.626431,2685042168,2685042775,8901,607
29387.638455,2685046131,2685046741,9271,610
29387.650471,2685050247,2685050851,12020,604
29387.662500,2685054343,2685054958,12036,615
29387.674523,2685058321,2685058936,9257,615
29387.686540,2685062314,2685062934,8953,620
29387.698568,2685066281,2685066896,8949,615
29387.710592,2685070246,2685070855,9258,609
29387.722609,2685074197,2685074812,9013,615
29387.734635,2685078300,2685078915,12040,615
29387.746660,2685082395,2685083005,12099,610
29387.758677,2685086371,2685086981,8960,610
29387.770703,2685090337,2685090946,8941,609
29387.782727,2685094286,2685094901,9247,615
29387.794746,2685098230,2685098846,8969,616
29387.806772,2685102195,2685102810,8919,615
29387.818797,2685106169,2685106784,9250,615
29387.830812,2685110126,2685110746,8984,620
29387.842841,2685114092,2685114700,8921,608
29387.854863,2685118043,2685118648,9221,605
29387.866883,2685122143,2685122758,12013,615
29387.878907,2685126112,2685126722,8932,610
29387.890932,2685130049,2685130670,9251,621
29387.902950,2685134033,2685134648,8994,615
29387.914976,2685138000,2685138615,8920,615
29387.927000,2685141972,2685142584,9238,612
29387.939019,2685146158,2685146762,12012,604
29387.951048,2685150254,2685150863,12038,609
29387.963069,2685154480,2685155090,12068,610
29387.975087,2685158699,2685159308,12010,609
29387.999136,2685166614,2685167235,9243,621
29388.011154,2685170721,2685171326,8941,605
29388.038205,2685179655,2685180260,11993,605
29388.050236,2685183773,2685184388,12040,615
29388.062257,2685187894,2685188503,12089,609
29388.074277,2685191848,2685192464,8958,616
29388.086304,2685195807,2685196422,8976,615
29388.098328,2685199782,2685200402,9283,620
29388.110342,2685203915,2685204528,11993,613
29388.122373,2685207874,2685208494,8959,620
29388.134396,2685211994,2685212603,12085,609
29388.146409,2685216120,2685216730,11963,610
29388.158442,2685220090,2685220694,8918,604
29388.170467,2685224047,2685224662,9246,615
29388.182481,2685228166,2685228776,11974,610
29388.194511,2685232124,2685232739,8919,615
29388.206536,2685236088,2685236693,9234,605
29388.218553,2685240063,2685240667,9004,604
29388.230580,2685244025,2685244634,8877,609
29388.242604,2685247994,2685248607,9222,613
29388.254622,2685251964,2685252579,8988,615
29388.266647,2685256118,2685256733,12035,615
29388.278671,2685260245,2685260865,12096,620
29388.290690,2685264213,2685264817,8956,604
29388.302717,2685268172,2685268787,8938,615
29388.314740,2685272122,2685272737,9263,615
29388.326758,2685276064,2685276678,8913,614
29388.338786,2685280021,2685280631,8916,610
29388.350808,2685284117,2685284732,12074,615
29388.362823,2685288269,2685288879,12011,610
29388.374852,2685292240,2685292855,8955,615
29388.386877,2685296348,2685296952,12101,604
29388.398894,2685300308,2685300923,8965,615
29388.410920,2685304257,2685304879,8945,622
29388.422945,2685308221,2685308826,9162,605
29388.434963,2685312182,2685312802,8950,620
29388.446989,2685316140,2685316755,8935,615
29388.459014,2685320148,2685320761,9258,613
29388.471031,2685324349,2685324958,12009,609
29388.483060,2685328551,2685329161,12040,610
29388.495081,2685332758,2685333368,12100,610
29388.507100,2685336977,2685337587,12008,610
29388.519126,2685341086,2685341706,8920,620
29388.531151,2685345136,2685345749,9203,613
29388.543166,2685349249,2685349863,11994,614
29388.555197,2685353393,2685354008,12037,615
29388.567218,2685357630,2685358240,12067,610
29388.579239,2685361757,2685362371,12015,614
29388.591265,2685365964,2685366574,12034,610
29388.603288,2685370058,2685370663,12072,605
29388.615307,2685374130,2685374740,12010,610
29388.625832,2685377619,2685378232,12145,613
29388.646866,2685384487,2685385108,8976,621
29388.658892,2685388465,2685389078,8947,613
29388.670916,2685392435,2685393050,9257,615
29388.682935,2685396558,2685397167,12015,609
29388.694962,2685400667,2685401277,12045,610
29388.706984,2685404616,2685405231,9190,615
29388.719002,2685408574,2685409189,8964,615
29388.731030,2685412578,2685413193,8926,615
29388.743055,2685416737,2685417346,12100,609
29388.755072,2685420967,2685421572,12011,605
29388.767100,2685425194,2685425814,12038,620
29388.779123,2685429427,2685430036,12073,609
29388.791138,2685433581,2685434191,11996,610
29388.803166,2685437591,2685438201,8916,610
29388.815193,2685441742,2685442350,12089,608
29388.827210,2685445857,2685446474,12010,617
29388.839236,2685449958,2685450573,12041,615
29388.851258,2685453928,2685454532,9243,604
29388.863277,2685457880,2685458495,8986,615
29388.875304,2685461976,2685462589,12041,613
29388.887328,2685466074,2685466689,12086,615
29388.899347,2685470187,2685470797,12007,610
29388.909873,2685473665,2685474275,9279,610
29388.921891,2685477645,2685478263,8965,618
29388.933924,2685481626,2685482092,7686,466
29388.945941,2685485470,2685486074,12104,604
29388.957959,2685489428,2685490033,8980,605
29388.969986,2685493397,2685494011,8939,614
29388.998535,2685502748,2685503357,12012,609
29389.010564,2685506695,2685507315,8942,620
29389.022588,2685510679,2685511293,9242,614
29389.034605,2685514640,2685515255,8990,615
29389.046631,2685518599,2685519208,8942,609
29389.058656,2685522547,2685523159,9275,612
29389.070672,2685526498,2685527108,9015,610
29389.111246,2685539741,2685540356,11985,615
29389.121775,2685543221,2685543831,9272,610
29389.142807,2685550168,2685550782,11976,614
29389.154837,2685554132,2685554747,8940,615
29389.166860,2685558258,2685558868,12101,610
29389.178877,2685562451,2685563072,11971,621
29389.190904,2685566428,2685567032,8890,604
29389.202928,2685570368,2685570972,9248,604
29389.214946,2685574314,2685574929,8974,615
29389.226973,2685578290,2685578905,8952,615
29389.238997,2685582250,2685582865,9289,615
29389.251015,2685586234,2685586843,9002,609
29389.263041,2685590217,2685590832,8917,615
29389.275066,2685594438,2685595046,12083,608
29389.287082,2685598662,2685599267,12010,605
29389.299111,2685602848,2685603453,12080,605
29389.311133,2685607062,2685607672,12089,610
29389.323151,2685611088,2685611703,8954,615
29389.335179,2685615217,2685615836,8889,619
29389.347202,2685619303,2685619917,9228,614
29389.359222,2685623478,2685624097,12010,619
29389.371248,2685627605,2685628226,12082,621
29389.383269,2685631894,2685632514,12108,620
29389.395290,2685636033,2685636653,12009,620
29389.407319,2685640139,2685640744,12042,605
29389.419340,2685644229,2685644839,12068,610
29389.431357,2685648319,2685648929,12011,610
29389.441885,2685651785,2685652391,9278,606
29389.453904,2685655730,2685656345,9025,615
29389.465928,2685659709,2685660324,12040,615
29389.477952,2685663683,2685664298,12100,615
29389.489971,2685667651,2685668261,8993,610
29389.501998,2685671617,2685672227,8954,610
29389.514019,2685675584,2685676199,9237,615
29389.544073,2685685297,2685685912,8962,615
29389.566612,2685692763,2685693378,11984,615
29389.578644,2685696880,2685697495,12039,615
29389.590665,2685700866,2685701471,9168,605
29389.602683,2685704841,2685705451,8913,610
29389.614710,2685708792,2685709401,8905,609
29389.626734,2685712738,2685713359,9243,621
29389.638752,2685716719,2685717328,8987,609
29389.650778,2685720665,2685721274,8939,609
29389.662803,2685724620,2685725234,9257,614
29389.674819,2685728598,2685729216,8941,618
29389.686847,2685732580,2685733190,8944,610
29389.698870,2685736703,2685737313,12081,610
29389.710886,2685740807,2685741427,12018,620
29389.722914,2685744784,2685745398,8942,614
29389.734938,2685748765,2685749375,9228,610
29389.746956,2685752706,2685753321,8984,615
29389.758983,2685756662,2685757275,8933,613
29389.771008,2685760648,2685761258,9219,610
29389.783025,2685764813,2685765418,11997,605
29389.795055,2685768986,2685769601,12050,615
29389.807078,2685773190,2685773805,12066,615
29389.819095,2685777407,2685778022,12014,615
29389.831125,2685781611,2685782226,12043,615
29389.843145,2685785804,2685786419,12073,615
29389.855164,2685789979,2685790588,12014,609
29389.867190,2685793970,2685794590,8949,620
29389.879214,2685797977,2685798587,9227,610
29389.891233,2685802081,2685802688,12010,607
29389.903260,2685806160,2685806774,12036,614
29389.915282,2685810263,2685810867,12073,604
29389.927300,2685814359,2685814969,12008,610
29389.939329,2685818443,2685819063,12041,620
29389.951351,2685822556,2685823170,12069,614
29389.961877,2685826041,2685826505,7638,464
29389.973896,2685829844,2685830452,9227,608
29389.985914,2685833808,2685834418,8964,610
29389.997940,2685837900,2685838510,8894,610
29390.009964,2685841840,2685842450,9260,610
29390.021982,2685845805,2685846415,8982,610
29390.034008,2685849756,2685850366,8924,610
29390.046032,2685853705,2685854310,9247,605
29390.058050,2685857659,2685858273,8964,614
29390.070076,2685861620,2685862236,8942,616
29390.082101,2685865707,2685866327,12096,620
29390.094115,2685869786,2685870401,11974,615
29390.106145,2685873751,2685874360,8932,609
29390.118169,2685877706,2685878320,9193,614
29390.130185,2685881674,2685882295,8963,621
29390.142214,2685885646,2685886261,8950,615
29390.154238,2685889601,2685890211,9236,610
29390.166252,2685893697,2685894302,11986,605
29390.178282,2685897801,2685898411,12039,610
29390.190305,2685901758,2685902362,9222,604
29390.202324,2685905806,2685906427,8946,621
29390.214351,2685909782,2685910391,8919,609
29390.226376,2685913784,2685914398,9242,614
29390.238393,2685917768,2685918372,8960,604
29390.250419,2685921719,2685922334,8935,615
29390.262444,2685925675,2685926290,9187,615
29390.274461,2685929636,2685930243,8984,607
29390.286488,2685933601,2685934205,8961,604
29390.298511,2685937712,2685938322,12087,610
29390.310526,2685941814,2685942418,11985,604
29390.322557,2685945779,2685946388,8936,609
29390.334581,2685949743,2685950357,9236,614
29390.346598,2685953697,2685954311,8967,614
29390.358625,2685957665,2685958284,8938,619
29390.370650,2685961628,2685962237,9237,609
29390.382666,2685965729,2685966334,12010,605
29390.394694,2685969837,2685970442,12040,605
29390.406718,2685973823,2685974427,9248,604
29390.418737,2685977776,2685978386,8926,610
29390.430763,2685981748,2685982357,8949,609
29390.442787,2685985702,2685986311,9239,609
29390.454804,2685989678,2685990293,8934,615
29390.466832,2685993630,2685994245,8900,615
29390.478855,2685997591,2685998200,9253,609
29390.490872,2686001535,2686002141,8985,606
29390.502899,2686005486,2686006096,8934,610
29390.514925,2686009579,2686010188,12082,609
29390.526937,2686013676,2686014286,11969,610
29390.538967,2686017630,2686018245,8901,615
29390.550992,2686021606,2686022221,9248,615
29390.563009,2686025599,2686026214,8957,615
29390.575038,2686029779,2686030389,12036,610
29390.587061,2686033942,2686034547,12085,605
29390.599079,2686038154,2686038758,12007,604
29390.611105,2686042407,2686043016,12036,609
29390.623126,2686046600,2686047204,12068,604
29390.686249,2686067002,2686067612,12090,610
29390.698264,2686071103,2686071718,11978,615
29390.710294,2686075237,2686075846,12037,609
29390.722316,2686079199,2686079814,9209,615
29390.734335,2686083180,2686083790,8989,610
29390.746362,2686087154,2686087769,8923,615
29390.758387,2686091143,2686091763,9224,620
29390.770404,2686095112,2686095722,8967,610
29390.782431,2686099063,2686099678,8943,615
29390.794455,2686103186,2686103806,12103,620
29390.806473,2686107186,2686107795,9011,609
29390.818501,2686111288,2686111909,8908,621
29390.830525,2686115265,2686115879,9213,614
29390.842543,2686119223,2686119828,8960,605
29390.854570,2686123155,2686123774,8932,619
29390.866594,2686127123,2686127738,9230,615
29390.878612,2686131092,2686131707,8957,615
29390.890638,2686135052,2686135659,8896,607
29390.902663,2686139020,2686139630,9245,610
29390.914679,2686143197,2686143802,12012,605
29390.926707,2686147309,2686147924,12030,615
29390.938730,2686151282,2686151897,9214,615
29390.950749,2686155270,2686155880,8965,610
29390.962775,2686159241,2686159860,8925,619
29390.974799,2686163232,2686163847,9239,615
29390.986816,2686167218,2686167833,8987,615
29390.998842,2686171322,2686171932,12034,610
29391.010867,2686175422,2686176036,12098,614
29391.022881,2686179412,2686180021,8999,609
29391.034910,2686183366,2686183980,8951,614
29391.046933,2686187327,2686187931,9255,604
29391.058951,2686191276,2686191886,8982,610
29391.070978,2686195236,2686195855,8959,619
29391.083003,2686199208,2686199828,9145,620
29391.095020,2686203212,2686203816,9004,604
29391.107048,2686207388,2686207995,12045,607
29391.119071,2686211607,2686212217,12082,610
29391.131089,2686215779,2686216383,12014,604
29391.143117,2686219928,2686220532,12038,604
29391.155138,2686224091,2686224706,12076,615
29391.167158,2686228250,2686228860,12011,610
29391.179185,2686232389,2686233004,12039,615
29391.191207,2686236524,2686237139,12077,615
29391.203227,2686240663,2686241272,12008,609
29391.215254,2686244765,2686245375,12085,610
29391.227276,2686248875,2686249484,12068,609
29391.239296,2686253010,2686253614,12011,604
29391.251322,2686257081,2686257696,12037,615
29391.263345,2686261168,2686261778,12070,610
29391.273865,2686264647,2686265266,8932,619
29391.285891,2686268630,2686269235,9213,605
29391.297909,2686272613,2686273078,7570,465
29391.309935,2686276448,2686277052,12036,604
29391.321958,2686280411,2686281016,9224,605
29391.333977,2686284397,2686285007,8945,610
29391.346003,2686288354,2686288974,8915,620
29391.358028,2686292329,2686292934,9250,605
29391.370043,2686296289,2686296898,8968,609
29391.382072,2686300265,2686300885,8927,620
29391.394096,2686304240,2686304849,9198,609
29391.406114,2686308268,2686308876,8992,608
29391.418141,2686312232,2686312853,8960,621
29391.430164,2686316219,2686316833,9253,614
29391.442182,2686320174,2686320784,8995,610
29391.454209,2686324132,2686324742,8948,610
29391.466234,2686328083,2686328693,9217,610
29391.478251,2686332056,2686332666,9003,610
29391.490277,2686336024,2686336632,8954,608
29391.502304,2686340292,2686340876,11955,584
29391.590961,2686367980,2686368592,9275,612
29391.602985,2686371847,2686372429,8986,582
29391.615014,2686375726,2686376310,9169,584
29391.627035,2686379845,2686380450,12070,605
29391.639050,2686383909,2686384490,11949,581
29391.651081,2686388044,2686388654,12083,610
29391.663102,2686392190,2686392800,12046,610
29391.675123,2686396308,2686396921,11810,613
29391.687151,2686400465,2686401070,12074,605
29391.699169,2686404497,2686405107,9238,610
29391.711190,2686408416,2686408998,8963,582
29391.723222,2686412488,2686413069,11969,581
29391.735237,2686416470,2686417081,11963,611
29391.747262,2686420465,2686421068,11853,603
29391.759290,2686424515,2686425119,12107,604
29391.771307,2686428594,2686429209,12041,615
29391.783330,2686432588,2686433201,11837,613
29391.795360,2686436651,2686437260,12108,609
29391.805874,2686440091,2686440671,8958,580
29391.817903,2686443984,2686444599,9212,615
29391.829917,2686447931,2686448541,9235,610
29391.841932,2686451852,2686452465,8839,613
29391.870490,2686461036,2686461641,12015,605
29391.911072,2686473643,2686474258,9277,615
29391.923093,2686477809,2686478420,11838,611
29391.935122,2686482004,2686482588,12004,584
29391.947142,2686486126,2686486736,12047,610
29391.959163,2686490203,2686490816,11841,613
29391.971193,2686494317,2686494927,12082,610
29392.031296,2686513212,2686513794,11948,582
29392.043330,2686517267,2686517881,12077,614
29392.055342,2686521312,2686521912,11882,600
29392.065873,2686524678,2686525285,9172,607
29392.077889,2686528612,2686529217,9255,605
29392.089912,2686532535,2686533115,8883,580
29392.101944,2686536407,2686536992,9232,585
29392.113959,2686540312,2686540922,12003,610
29392.125980,2686544283,2686544888,11998,605
29392.138012,2686548191,2686548775,9187,584
29392.150027,2686552097,2686552710,9252,613
29392.162055,2686556027,2686556609,9026,582
29392.174080,2686559927,2686560512,9191,585
29392.186094,2686563825,2686564429,9247,604
29392.198117,2686567748,2686568330,8926,582
29392.210152,2686571612,2686572196,9192,584
29392.222165,2686575501,2686576119,9265,618
29392.234184,2686579432,2686580014,8914,582
29392.246217,2686583353,2686583937,9162,584
29392.258234,2686587251,2686587866,9225,615
29392.270252,2686591160,2686591742,8923,582
29392.282285,2686595032,2686595615,9188,583
29392.294303,2686598964,2686599579,9274,615
29392.306323,2686602833,2686603412,8955,579
29392.318357,2686606764,2686607348,9200,584
29392.330369,2686610780,2686611385,12022,605
29392.342388,2686614790,2686615402,11807,612
29392.354421,2686618681,2686619263,9186,582
29392.366440,2686622579,2686623189,9294,610
29392.378459,2686626405,2686626987,8941,582
29392.390492,2686630293,2686630878,9195,585
29392.402510,2686634207,2686634822,9252,615
29392.414532,2686638171,2686638775,8977,604
29392.426561,2686642062,2686642646,9209,584
29392.438578,2686645985,2686646589,9292,604
29392.450601,2686649863,2686650446,8969,583
29392.462628,2686653769,2686654384,9233,615
29392.474645,2686657733,2686658348,9263,615
29392.486662,2686661608,2686662216,8882,608
29392.498696,2686665500,2686666115,9161,615
29392.510712,2686669423,2686670032,9108,609
29392.522734,2686673294,2686673874,8935,580
29392.534765,2686677187,2686677772,9231,585
29392.546783,2686681233,2686681843,12047,610
29392.558811,2686685185,2686685786,11903,601
29392.570835,2686689089,2686689673,9211,584
29392.582851,2686692994,2686693609,9227,615
29392.594864,2686696863,2686697471,8894,608
29392.606898,2686700763,2686701378,9190,615
29392.618917,2686704692,2686705302,9220,610
29392.642970,2686712447,2686713056,12107,609
29392.654987,2686716409,2686717013,9269,604
29392.667004,2686720301,2686720882,8939,581
29392.679036,2686724368,2686724952,11973,584
29392.691055,2686728502,2686729112,12040,610
29392.703072,2686732558,2686733140,11950,582
29392.715106,2686736573,2686737178,9265,605
29392.727123,2686740608,2686741229,9237,621
29392.739145,2686744617,2686745223,11833,606
29392.751173,2686748722,2686749305,11976,583
29392.763192,2686752809,2686753424,12039,615
29392.775214,2686756768,2686757376,11839,608
29392.787244,2686760825,2686761435,12128,610
29392.799261,2686764857,2686765468,11906,611
29392.811285,2686768881,2686769486,12011,605
29392.823315,2686772958,2686773542,11974,584
29392.835327,2686776933,2686777539,11908,606
29392.845860,2686780370,2686780809,7453,439
29392.856381,2686783759,2686784229,7628,470
29392.970585,2686818890,2686819496,9199,606
29392.999150,2686827962,2686828575,12098,613
29393.011163,2686832113,2686832728,12039,615
29393.023185,2686836111,2686836718,11861,607
29393.035214,2686840208,2686840792,11945,584
29393.047231,2686844053,2686844664,9208,611
29393.059253,2686848280,2686848896,11976,616
29393.071285,2686852373,2686852972,12086,599
29393.083300,2686856392,2686856999,11942,607
29393.095325,2686860375,2686860983,11820,608
29393.107354,2686864459,2686865074,12100,615
29393.117871,2686867880,2686868462,8958,582
29393.129903,2686871722,2686872161,7438,439
29393.141916,2686875426,2686875895,7400,469
29393.153942,2686879119,2686879696,9011,577
29393.165965,2686882978,2686883561,9167,583
29393.177981,2686886883,2686887493,9202,610
29393.190004,2686890808,2686891386,8975,578
29393.202035,2686894699,2686895283,9225,584
29393.214053,2686898576,2686899191,9255,615
29393.226076,2686902449,2686903059,9008,610
29393.238103,2686906349,2686906929,9198,580
29393.250118,2686910214,2686910824,9185,610
29393.262141,2686914365,2686914947,11995,582
29393.274170,2686918243,2686918853,9214,610
29393.286190,2686922193,2686922802,9289,609
29393.298213,2686926072,2686926654,8941,582
29393.310242,2686929987,2686930571,9207,584
29393.322258,2686933867,2686934475,9301,608
29393.334278,2686937733,2686938315,8943,582
29393.346308,2686941736,2686942320,11990,584
29393.358325,2686945791,2686946411,12061,620
29393.370346,2686949665,2686950247,8957,582
29393.382379,2686953564,2686954148,9234,584
29393.394396,2686957504,2686958108,9251,604
29393.406413,2686961401,2686961988,8902,587
29393.418449,2686965243,2686965826,9236,583
29393.430462,2686969106,2686969722,9214,616
29393.442481,2686972999,2686973583,8903,584
29393.454513,2686976861,2686977480,9217,619
29393.466531,2686980809,2686981414,9310,605
29393.478547,2686984840,2686985422,11949,582
29393.490579,2686988726,2686989331,9207,605
29393.502594,2686992620,2686993220,8951,600
29393.514621,2686996460,2686997042,8944,582
29393.526655,2687000311,2687000895,9224,584
29393.538668,2687004180,2687004790,9232,610
29393.550695,2687008047,2687008629,9013,582
29393.562716,2687012092,2687012675,11961,583
29393.574738,2687016123,2687016738,12066,615
29393.586759,2687019938,2687020545,8943,607
29393.598788,2687023845,2687024465,9243,620
29393.610805,2687027772,2687028387,9260,615
29393.622828,2687031603,2687032213,9009,610
29393.661915,2687043915,2687044354,7432,439
29393.672422,2687047269,2687047884,11991,615
29393.866298,2687092002,2687092584,8397,582
29393.878310,2687095123,2687095734,8626,611
29393.890336,2687098425,2687099033,11853,608
29393.902363,2687101574,2687102189,9011,615
29393.914385,2687105451,2687106061,9260,610
29393.926405,2687109332,2687109913,8963,581
29393.938434,2687113186,2687113769,9163,583
29393.950450,2687117086,2687117701,9258,615
29393.962472,2687121188,2687121769,11983,581
29393.974499,2687125208,2687125792,11960,584
29393.986521,2687129108,2687129713,9283,605
29393.998539,2687132967,2687133547,9008,580
29394.010575,2687136817,2687137401,9198,584
29394.022591,2687140689,2687141298,9292,609
29394.034611,2687144536,2687145118,8972,582
29394.046643,2687148393,2687148977,9217,584
29394.058655,2687152265,2687152872,9231,607
29394.070678,2687156145,2687156725,8925,580
29394.082710,2687160038,2687160622,9220,584
29394.094714,2687164074,2687164683,11862,609
29394.106742,2687167871,2687168483,8850,612
29394.118777,2687171762,2687172364,9250,602
29394.130796,2687175678,2687176283,9244,605
29394.142816,2687179500,2687180082,8968,582
29394.154844,2687183361,2687183973,9211,612
29394.166861,2687187328,2687187933,9263,605
29394.178883,2687191327,2687191935,11838,608
29394.190910,2687195410,2687196024,12089,614
29394.202930,2687199381,2687199985,9258,604
29394.214953,2687203183,2687203765,8999,582
29394.226980,2687207032,2687207641,9242,609
29394.238998,2687210888,2687211500,9186,612
29394.251020,2687214897,2687215510,11838,613
29394.263049,2687218899,2687219483,9201,584
29394.275070,2687222830,2687223445,9218,615
29394.287091,2687226935,2687227552,11826,617
29394.299116,2687231133,2687231717,11995,584
29394.311131,2687235149,2687235752,11873,603
29394.323158,2687239199,2687239807,11878,608
29394.335188,2687243229,2687243837,12075,608
29394.347204,2687247181,2687247795,9255,614
29394.359219,2687251191,2687251809,8786,618
29394.371256,2687255154,2687255771,9232,617
29394.383267,2687259138,2687259748,11826,610
29394.395295,2687263203,2687263821,11834,618
29394.407325,2687267291,2687267906,12123,615
29394.419338,2687271318,2687271923,11857,605
29394.429873,2687274732,2687275315,9226,583
29394.441888,2687278608,2687279213,9272,605
29394.453912,2687282512,2687283092,8975,580
29394.465938,2687286396,2687286979,9174,583
29394.477951,2687290252,2687290858,11939,606
29394.488483,2687293816,2687294399,12100,583
29394.622226,2687335117,2687335732,12031,615
29394.682348,2687349608,2687350190,8657,582
29394.694361,2687352972,2687353572,9173,600
29394.706389,2687356942,2687357543,11830,601
29394.718419,2687360860,2687361444,9174,584
29394.730437,2687364759,2687365364,9260,605
29394.742455,2687368615,2687369197,9036,582
29394.754488,2687372466,2687373049,9199,583
29394.766503,2687376280,2687376886,9175,606
29394.778520,2687380323,2687380905,11954,582
29394.790552,2687384333,2687384917,11962,584
29394.802572,2687388270,2687388875,9257,605
29394.814593,2687392096,2687392678,8912,582
29394.826627,2687395989,2687396572,9244,583
29394.838641,2687399845,2687400451,9195,606
29394.850663,2687403712,2687404293,8957,581
29394.862692,2687407574,2687408157,9226,583
29394.874709,2687411495,2687412105,9226,610
29394.886730,2687415345,2687415925,8903,580
29394.898757,2687419244,2687419848,9230,604
29394.910766,2687423288,2687423890,11866,602
29394.922796,2687427264,2687427865,11797,601
29394.934828,2687431144,2687431757,9213,613
29394.946845,2687435053,2687435663,9251,610
29394.958867,2687438866,2687439474,8886,608
29394.970895,2687442933,2687443547,12082,614
29395.091110,2687479942,2687480549,9152,607
29395.103144,2687484053,2687484633,11974,580
29395.115169,2687488112,2687488696,11962,584
29395.127181,2687492091,2687492693,11833,602
29395.139209,2687496015,2687496623,11812,608
29395.151240,2687500082,2687500666,11986,584
29395.163256,2687503959,2687504574,9265,615
29395.175274,2687507813,2687508420,8860,607
29395.187309,2687511854,2687512462,12127,608
29395.199319,2687515847,2687516458,11848,611
29395.211346,2687519840,2687520422,11971,582
29395.221868,2687523244,2687523853,9223,609
29395.233893,2687527147,2687527729,8940,582
29395.245926,2687530988,2687531572,9239,584
29395.257941,2687534886,2687535490,9227,604
29395.269964,2687538776,2687539355,8950,579
29395.281990,2687542665,2687543249,9139,584
29395.293999,2687546518,2687547126,11922,608
29395.304535,2687550086,2687550669,12050,583
29395.493897,2687594994,2687595432,3957,438
29395.505911,2687598162,2687598624,4206,462
29395.517936,2687601423,2687602007,5352,584
29395.529954,2687604852,2687605467,5807,615
29395.541979,2687608729,2687609310,8988,581
29395.554008,2687612623,2687613206,9216,583
29395.566021,2687616539,2687617144,9265,605
29395.578044,2687620434,2687621016,11993,582
29395.590072,2687624401,2687624984,11956,583
29395.602090,2687628295,2687628894,9255,599
29395.614116,2687632146,2687632728,8940,582
29395.626144,2687636028,2687636612,9174,584
29395.638162,2687639891,2687640500,9262,609
29395.650187,2687643729,2687644311,8996,582
29395.662215,2687647558,2687648142,9191,584
29395.674229,2687651416,2687652026,9265,610
29395.686252,2687655263,2687655872,8867,609
29395.698282,2687659145,2687659728,9209,583
29395.710292,2687663328,2687663934,11926,606
29395.722321,2687667334,2687667935,11829,601
29395.734355,2687671210,2687671794,9077,584
29395.746367,2687675086,2687675696,9204,610
29395.758390,2687678950,2687679532,9011,582
29395.770420,2687682822,2687683405,9254,583
29395.782441,2687686733,2687687348,9275,615
29395.794455,2687690792,2687691374,11958,582
29395.806484,2687694831,2687695414,11956,583
29395.818504,2687698760,2687699370,9260,610
29395.830525,2687702591,2687703173,8986,582
29395.842556,2687706490,2687707074,9189,584
29395.854574,2687710400,2687711015,9279,615
29395.866596,2687714257,2687714834,8959,577
29395.878628,2687718071,2687718654,9172,583
29395.890641,2687721995,2687722600,9246,605
29395.902662,2687725848,2687726428,8940,580
29395.914693,2687729741,2687730325,9219,584
29395.926698,2687733787,2687734390,11859,603
29395.938728,2687737824,2687738437,11802,613
29395.950762,2687741727,2687742310,9192,583
29395.962780,2687745643,2687746253,9279,610
29395.974799,2687749463,2687750076,8887,613
29396.110059,2687790554,2687791139,6122,585
29396.122082,2687794603,2687795208,12066,605
29396.134099,2687798492,2687799095,9190,603
29396.146129,2687802394,2687802976,8949,582
29396.158159,2687806231,2687806815,9198,584
29396.170174,2687810089,2687810697,9268,608
29396.182194,2687813950,2687814563,8895,613
29396.194225,2687817970,2687818554,11987,584
29396.206242,2687821977,2687822587,12064,610
29396.218267,2687825870,2687826451,8975,581
29396.230293,2687829738,2687830322,9042,584
29396.242309,2687833596,2687834202,9197,606
29396.254332,2687837486,2687838099,8902,613
29396.266365,2687841397,2687841981,9186,584
29396.278383,2687845244,2687845850,9204,606
29396.290397,2687849125,2687849710,8912,585
29396.302433,2687852991,2687853573,9193,582
29396.314447,2687856875,2687857475,9183,600
29396.326465,2687860912,2687861493,11958,581
29396.338495,2687864935,2687865545,12064,610
29396.350517,2687868901,2687869505,9266,604
29396.362538,2687872766,2687873348,8941,582
29396.374569,2687876616,2687877200,9180,584
29396.386585,2687880558,2687881172,9300,614
29396.398605,2687884425,2687885007,8960,582
29396.410637,2687888446,2687889030,11983,584
29396.422651,2687892480,2687893089,12066,609
29396.434675,2687896424,2687897005,8955,581
29396.446704,2687900296,2687900879,9170,583
29396.458720,2687904156,2687904762,9241,606
29396.470740,2687908010,2687908621,8908,611
29396.482770,2687911897,2687912507,9200,610
29396.494790,2687915820,2687916430,9263,610
29396.520331,2687924075,2687924681,11971,606
29396.536875,2687929690,2687930272,11954,582
29396.586472,2687945120,2687945702,9162,582
29396.598490,2687949062,2687949671,9269,609
29396.610509,2687953113,2687953695,12007,582
29396.622538,2687957158,2687957741,11965,583
29396.634557,2687961075,2687961680,9253,605
29396.646578,2687964906,2687965488,8965,582
29396.658609,2687968796,2687969380,9200,584
29396.670625,2687972714,2687973334,9258,620
29396.682646,2687976663,2687977245,8944,582
29396.694677,2687980548,2687981132,9204,584
29396.706692,2687984403,2687985022,9257,619
29396.718716,2687988266,2687988846,8967,580
29396.730745,2687992259,2687992842,9250,583
29396.742750,2687996307,2687996915,11867,608
29396.754778,2688000312,2688000925,11841,613
29396.766812,2688004228,2688004812,9239,584
29396.778828,2688008147,2688008762,9286,615
29396.790849,2688012007,2688012588,8955,581
29396.802881,2688015894,2688016477,9189,583
29396.814898,2688019804,2688020418,9244,614
29396.826922,2688023829,2688024437,11847,608
29396.838947,2688027899,2688028514,12078,615
29396.850966,2688031804,2688032410,9215,606
29396.862982,2688035639,2688036241,8864,602
29396.875020,2688039603,2688040186,9076,583
29396.887030,2688043682,2688044288,11869,606
29396.899051,2688047651,2688048264,8873,613
29396.911085,2688051700,2688052284,9225,584
29396.923108,2688055683,2688056298,9306,615
29396.935121,2688059782,2688060398,8915,616
29396.947153,2688063957,2688064562,12072,605
29396.959163,2688068000,2688068613,11837,613
29396.971193,2688071985,2688072593,11813,608
29397.007262,2688083500,2688084113,11839,613
29397.019291,2688087693,2688088297,12119,604
29397.046343,2688096351,2688096934,11955,583
29397.058364,2688100304,2688100920,9296,616
29397.070379,2688104185,2688104798,8852,613
29397.082414,2688108290,2688108874,11995,584
29397.094432,2688112193,2688112813,9273,620
29397.106448,2688116048,2688116633,8909,585
29397.118484,2688119915,2688120497,9187,582
29397.130500,2688123804,2688124414,9199,610
29397.142521,2688127884,2688128466,11967,582
29397.154548,2688131941,2688132546,12076,605
29397.166567,2688135855,2688136464,9293,609
29397.178583,2688139972,2688140556,11834,584
29397.190623,2688143899,2688144484,9248,585
29397.202636,2688147784,2688148404,9288,620
29397.214657,2688151626,2688152207,8969,581
29397.226689,2688155678,2688156262,11968,584
29397.238706,2688159709,2688160319,12074,610
29397.250726,2688163578,2688164160,8916,582
29397.262760,2688167508,2688168092,9217,584
29397.274773,2688171373,2688171988,9299,615
29397.286791,2688175242,2688175850,8889,608
29397.298823,2688179169,2688179784,9213,615
29397.310840,2688183092,2688183702,9223,610
29397.322865,2688186924,2688187529,8974,605
29397.334890,2688190836,2688191454,9196,618
29397.346911,2688194941,2688195546,12072,605
29397.358931,2688198959,2688199577,11842,618
29397.370961,2688202997,2688203612,12096,615
29397.382976,2688206906,2688207519,9229,613
29397.394999,2688210773,2688211355,8972,582
29397.407033,2688214657,2688215241,9201,584
29397.419055,2688218706,2688219317,11959,611
29397.431069,2688222788,2688223390,11838,602
29397.443096,2688226956,2688227566,12078,610
29397.455115,2688231099,2688231719,12060,620
29397.467137,2688235167,2688235770,11862,603
29397.479165,2688239275,2688239858,11948,583
29397.491180,2688243225,2688243836,11851,611
29397.503207,2688247272,2688247885,11821,613
29397.515234,2688251327,2688251931,12077,604
29397.527252,2688255222,2688255830,9227,608
29397.539272,2688259073,2688259678,8917,605
29397.551305,2688263122,2688263728,9219,606
29397.563313,2688267125,2688267738,11867,613
29397.575342,2688271203,2688271816,11820,613
29397.585863,2688274650,2688275263,9202,613
29397.597884,2688278554,2688279139,8872,585
29397.609921,2688282403,2688282988,9227,585
29397.621936,2688286318,2688286928,9304,610
29397.632461,2688289794,2688290377,12058,583
29397.642972,2688293325,2688293938,11831,613
29397.654997,2688297421,2688298031,12070,610
29397.667026,2688301396,2688301997,11946,601
29397.679037,2688305395,2688305977,11956,582
29397.691070,2688309498,2688310082,11964,584
29397.703078,2688313580,2688314193,11830,613
29397.715108,2688317654,2688318236,11964,582
29397.727138,2688321640,2688322224,9206,584
29397.739158,2688325541,2688326151,9306,610
29397.751173,2688329543,2688330153,8875,610
29397.763205,2688333603,2688334213,12076,610
29397.775215,2688337643,2688338250,11867,607
29397.787246,2688341581,2688342183,11817,602
29397.799278,2688345595,2688346200,12107,605
29397.811284,2688349613,2688350226,11835,613
29397.823310,2688353608,2688354190,11958,582
29397.835343,2688357632,2688358216,11976,584
29397.845861,2688360981,2688361563,8949,582
29397.857891,2688364838,2688365420,9257,582
29397.869905,2688368719,2688369329,9222,610
29397.902973,2688379200,2688379813,12102,613
29397.942041,2688391344,2688391945,11908,601
29397.954064,2688395479,2688396089,11993,610
29397.966098,2688399375,2688399954,9073,579
29397.978110,2688403249,2688403855,9198,606
29398.005157,2688411714,2688412322,9198,608
29398.054754,2688427314,2688427928,12054,614
29398.066777,2688431192,2688431798,8896,606
29398.078808,2688435114,2688435698,9198,584
29398.090817,2688438947,2688439560,9190,613
29398.102843,2688442787,2688443400,8879,613
29398.114879,2688446683,2688447267,9034,584
29398.126890,2688450698,2688451307,12022,609
29398.138917,2688454582,2688455186,8941,604
29398.150942,2688458512,2688459126,9242,614
29398.162964,2688462442,2688463044,9221,602
29398.174984,2688466466,2688467079,11837,613
29398.187009,2688470566,2688471176,12072,610
29398.199021,2688474650,2688475252,11858,602
29398.211053,2688478683,2688479296,11824,613
29398.223080,2688482893,2688483476,11963,583
29398.235090,2688486986,2688487597,11853,611
29398.247121,2688491037,2688491650,11825,613
29398.259146,2688495043,2688495653,9196,610
29398.271167,2688499221,2688499841,12049,620
29398.283184,2688503228,2688503810,11954,582
29398.295216,2688507264,2688507880,12080,616
29398.307228,2688511264,2688511877,11864,613
29398.319254,2688515331,2688515913,11955,582
29398.331287,2688519373,2688519986,12115,613
29398.343304,2688523246,2688523847,9196,601
29398.355322,2688527145,2688527729,8900,584
29398.365853,2688530751,2688531211,7415,460
29398.377873,2688534479,2688535061,8943,582
29398.389903,2688538349,2688538932,9173,583
29398.401914,2688542189,2688542802,9146,613
29398.413938,2688546054,2688546667,8835,613
29398.425971,2688549950,2688550534,9203,584
29398.437984,2688553787,2688554395,9151,608
29398.450010,2688557658,2688558238,8996,580
29398.462043,2688561496,2688562079,9044,583
29398.474052,2688565352,2688565969,9171,617
29398.486078,2688569252,2688569834,8964,582
29398.498109,2688573097,2688573681,9221,584
29398.510126,2688576959,2688577565,9224,606
29398.522147,2688580823,2688581405,8939,582
29398.534179,2688584624,2688585204,9209,580
29398.546192,2688588457,2688589063,9180,606
29398.558212,2688592499,2688593081,11992,582
29398.570237,2688596684,2688597299,12063,615
29398.582255,2688600591,2688601194,9109,603
29398.594283,2688604441,2688605023,8971,582
29398.606315,2688608299,2688608883,9228,584
29398.618324,2688612172,2688612789,9143,617
29398.630352,2688616041,2688616624,8958,583
29398.642381,2688619950,2688620534,9198,584
29398.654396,2688623901,2688624509,9238,608
29398.666420,2688627759,2688628340,8937,581
29398.678449,2688631697,2688632281,9154,584
29398.690461,2688635506,2688636117,9182,611
29398.702484,2688639373,2688639981,8848,608
29398.714518,2688643272,2688643856,9183,584
29398.726528,2688647130,2688647738,9136,608
29398.738558,2688650973,2688651554,8932,581
29398.750587,2688654861,2688655443,9197,582
29398.762603,2688658772,2688659392,9295,620
29398.774621,2688662843,2688663424,11957,581
29398.786652,2688666877,2688667492,12079,615
29398.798666,2688670795,2688671403,9203,608
29398.810691,2688674636,2688675245,8900,609
29398.822725,2688678537,2688679120,9197,583
29398.834734,2688682401,2688683009,9187,608
29398.846762,2688686247,2688686829,8976,582
29398.858797,2688690098,2688690682,9064,584
29398.870807,2688693992,2688694596,9258,604
29398.914387,2688707714,2688708296,11973,582
29398.926422,2688711621,2688712205,9178,584
29398.938431,2688715469,2688716082,9163,613
29398.950459,2688719303,2688719883,8913,580
29398.962490,2688723210,2688723794,9210,584
29398.974509,2688727180,2688727789,9319,609
29398.986525,2688731187,2688731794,11802,607
29398.998562,2688735044,2688735628,9247,584
29399.010572,2688738931,2688739539,9240,608
29399.022596,2688742790,2688743372,8929,582
29399.034630,2688746655,2688747239,9218,584
29399.046636,2688750519,2688751122,9118,603
29399.058663,2688754334,2688754942,8894,608
29399.070694,2688758273,2688758857,9170,584
29399.082707,2688762120,2688762715,9173,595
29399.094736,2688765946,2688766528,8981,582
29399.106767,2688769796,2688770378,9092,582
29399.118774,2688773670,2688774278,9167,608
29399.130804,2688777509,2688778091,8999,582
29399.142835,2688781361,2688781945,9158,584
29399.154851,2688785197,2688785808,9240,611
29399.166865,2688789041,2688789656,8900,615
29399.178897,2688793103,2688793718,9230,615
29399.190907,2688797136,2688797744,11861,608
29399.202936,2688801129,2688801741,11845,612
29399.214965,2688805025,2688805637,9205,612
29399.226979,2688808888,2688809501,9116,613
29399.239002,2688812702,2688813315,8883,613
29399.251033,2688816793,2688817412,12076,619
29399.263044,2688820909,2688821521,11873,612
29399.275075,2688824844,2688825427,8942,583
29399.287106,2688828830,2688829415,9195,585
29399.299117,2688832842,2688833442,11844,600
29399.311140,2688836905,2688837486,11957,581
29399.323172,2688840785,2688841369,9219,584
29399.335184,2688844839,2688845447,11829,608
29399.347214,2688848816,2688849434,11826,618
29399.359237,2688852743,2688853359,9198,616
29399.371252,2688856809,2688857427,8871,618
29399.383286,2688860806,2688861424,8909,618
29399.395311,2688864959,2688865579,12081,620
29399.407329,2688869041,2688869650,12003,609
29399.419357,2688873097,2688873711,12063,614
29399.429866,2688876579,2688877197,8851,618
29399.441897,2688880464,2688881046,8980,582
29399.453927,2688884340,2688884924,9053,584
29399.465937,2688888224,2688888834,9170,610
29399.477962,2688892156,2688892741,8955,585
29399.489993,2688896075,2688896657,11956,582
29399.502012,2688899942,2688900560,9197,618
29399.514033,2688903864,2688904446,8974,582
29399.526064,2688907717,2688908301,9192,584
29399.538074,2688911563,2688912176,9153,613
29399.550101,2688915416,2688915997,8930,581
29399.562130,2688919267,2688919850,9203,583
29399.574142,2688923166,2688923779,9177,613
29399.586167,2688927354,2688927959,11971,605
29399.598201,2688931250,2688931834,9215,584
29399.610214,2688935164,2688935771,9166,607
29399.622235,2688939174,2688939758,11830,584
29399.670334,2688954298,2688954881,11983,583
29399.698881,2688963391,2688963992,11839,601
29399.710906,2688967288,2688967908,9201,620
29399.722922,2688971165,2688971767,9173,602
29399.734950,2688974990,2688975603,8894,613
29399.746977,2688978898,2688979507,9242,609
29399.758996,2688982786,2688983392,9165,606
29399.771012,2688986628,2688987236,8928,608
29399.783047,2688990757,2688991375,12104,618
29399.795063,2688994835,2688995443,9221,608
29399.807088,2688998871,2688999479,11844,608
29399.819113,2689003056,2689003666,12058,610
29399.831123,2689007129,2689007735,11869,606
29399.843155,2689011151,2689011732,11967,581
29399.855184,2689015230,2689015815,11987,585
29399.867196,2689019280,2689019886,11865,606
29399.879225,2689023277,2689023890,11818,613
29399.891256,2689027172,2689027756,9219,584
29399.903265,2689031011,2689031620,9187,609
29399.915295,2689034953,2689035554,11842,601
29399.927322,2689039016,2689039600,11954,584
29399.939334,2689042893,2689043501,9202,608
29399.949869,2689046295,2689046876,9063,581
29399.961881,2689050167,2689050780,9131,613
29399.973908,2689054085,2689054667,8974,582
29399.985937,2689057940,2689058523,11977,583
29399.997959,2689061966,2689062574,12040,608
29400.009977,2689065870,2689066452,8951,582
29400.022007,2689069734,2689070318,9214,584
29400.034017,2689073608,2689074221,9125,613
29400.046045,2689077513,2689078095,8977,582
29400.058074,2689081417,2689082001,9196,584
29400.070088,2689085398,2689086008,12120,610
29400.082115,2689089322,2689089902,8936,580
29400.094144,2689093184,2689093768,9214,584
29400.106151,2689097175,2689097777,11928,602
29400.118180,2689101195,2689101808,11833,613
29400.130212,2689105081,2689105665,9213,584
29400.142225,2689108973,2689109586,9178,613
29400.154248,2689112866,2689113448,8967,582
29400.166282,2689116670,2689117251,9222,581
29400.178292,2689120540,2689121147,9154,607
29400.190316,2689124547,2689125129,11998,582
29400.202343,2689128635,2689129250,12061,615
29400.214360,2689132546,2689133154,9161,608
29400.226388,2689136427,2689137009,8971,582
29400.236909,2689139856,2689140314,7366,458
29400.262449,2689147985,2689148567,11958,582
29400.274484,2689151890,2689152473,9106,583
29400.286501,2689155796,2689156411,9251,615
29400.298521,2689159669,2689160276,8897,607
29400.310551,2689163555,2689164138,9192,583
29400.322562,2689167557,2689168175,11874,618
29400.334586,2689171371,2689171979,8866,608
29400.346624,2689175261,2689175846,9066,585
29400.358632,2689179132,2689179745,9112,613
29400.370660,2689182952,2689183534,8977,582
29400.382693,2689186818,2689187400,9274,582
29400.394710,2689190652,2689191265,9278,613
29400.406724,2689194700,2689195282,11972,582
29400.418752,2689198750,2689199360,12057,610
29400.430769,2689202631,2689203239,9150,608
29400.442796,2689206509,2689207091,8922,582
29400.454827,2689210381,2689210964,9170,583
29400.466836,2689214236,2689214843,9162,607
29400.478864,2689218087,2689218668,8962,581
29400.490898,2689221950,2689222534,9202,584
29400.502912,2689225846,2689226451,9271,605
29400.514936,2689229743,2689230357,8964,614
29400.602100,2689256820,2689257423,12087,603
29400.614125,2689260720,2689261297,8961,577
29400.626155,2689264750,2689265334,11955,584
29400.638167,2689268620,2689269227,9154,607
29400.650191,2689272528,2689273111,8977,583
29400.662223,2689276389,2689276973,9179,584
29400.674233,2689280228,2689280836,9132,608
29400.686259,2689284092,2689284677,8896,585
29400.698290,2689287959,2689288541,9187,582
29400.710306,2689291791,2689292402,9187,611
29400.722330,2689295835,2689296416,12017,581
29400.734354,2689299814,2689300429,12066,615
29400.746377,2689303737,2689304347,9267,610
29400.758401,2689307572,2689308153,8966,581
29400.770429,2689311415,2689311999,9156,584
29400.782438,2689315256,2689315867,9197,611
29400.794465,2689319140,2689319753,8893,613
29400.806493,2689323215,2689323798,11978,583
29400.818514,2689327260,2689327869,12072,609
29400.830534,2689331123,2689331705,8959,582
29400.842566,2689335008,2689335592,9032,584
29400.854576,2689338864,2689339471,9169,607
29400.866606,2689342706,2689343288,8988,582
29400.878634,2689346591,2689347175,9195,584
29400.890653,2689350487,2689351105,9245,618
29400.902667,2689354352,2689354935,8838,583
29400.914700,2689358227,2689358808,9205,581
29400.926714,2689362081,2689362683,9177,602
29400.938739,2689366093,2689366675,11974,582
29400.950766,2689370129,2689370734,12070,605
29400.962783,2689374009,2689374622,9207,613
29400.974810,2689377847,2689378429,8974,582
29400.986838,2689381728,2689382312,9199,584
29400.998854,2689385572,2689386177,9172,605
29401.010877,2689389441,2689390023,8950,582
29401.022903,2689393480,2689394090,12083,610
29401.034913,2689397517,2689398130,11857,613
29401.046941,2689401403,2689402006,8860,603
29401.058972,2689405321,2689405931,9131,610
29401.070986,2689409183,2689409783,9190,600
29401.083014,2689413172,2689413753,11968,581
29401.095042,2689417308,2689417892,12006,584
29401.107053,2689421262,2689421870,9151,608
29401.119078,2689425192,2689425776,8912,584
29401.131110,2689429336,2689429949,12077,613
29401.143129,2689433469,2689434083,12058,614
29401.155150,2689437548,2689438151,11848,603
29401.167177,2689441648,2689442263,12079,615
29401.179188,2689445705,2689446318,11908,613
29401.191217,2689449578,2689450180,8850,602
29401.203244,2689453464,2689454079,9198,615
29401.215262,2689457448,2689458046,11850,598
29401.227286,2689461450,2689462031,11954,581
29401.239317,2689465468,2689466078,12044,610
29401.251327,2689469481,2689470089,11831,608
29401.263357,2689473440,2689474043,11833,603
29401.273877,2689476858,2689477461,9265,603
29401.285896,2689480749,2689481334,8857,585
29401.297933,2689484627,2689485208,9183,581
29401.309944,2689488504,2689489105,9160,601
29401.321968,2689492399,2689492981,11999,582
29401.333994,2689496249,2689496852,12063,603
29401.346012,2689500138,2689500751,9164,613
29401.358041,2689504038,2689504620,8960,582
29401.370071,2689507872,2689508456,9252,584
29401.382082,2689511716,2689512328,9143,612
29401.394106,2689515663,2689516245,8937,582
29401.406135,2689519573,2689520156,12015,583
29401.418150,2689523538,2689524141,12057,603
29401.430179,2689527406,2689527982,9001,576
29401.442205,2689531311,2689531895,9231,584
29401.454217,2689535166,2689535784,9173,618
29401.466246,2689539058,2689539640,8950,582
29401.478278,2689542856,2689543439,9170,583
29401.490286,2689546731,2689547343,9157,612
29401.502309,2689550635,2689551220,8937,585
29401.514345,2689554449,2689555030,9196,581
29401.526354,2689558324,2689558932,9184,608
29401.538381,2689562365,2689562978,11878,613
29401.550405,2689566402,2689567012,12068,610
29401.562422,2689570294,2689570902,9167,608
29401.574451,2689574145,2689574727,9016,582
29401.586480,2689578016,2689578600,9036,584
29401.598490,2689581876,2689582487,9214,611
29401.610517,2689585756,2689586338,8962,582
29401.622548,2689589753,2689590335,11979,582
29401.826936,2689639279,2689639863,9234,584
29401.838947,2689642696,2689643299,9169,603
29401.850971,2689645997,2689646601,11965,604
29401.862998,2689649914,2689650524,9199,610
29401.875013,2689653785,2689654398,9204,613
29401.887046,2689657843,2689658447,12011,604
29401.899069,2689661978,2689662599,12108,621
29401.911080,2689666102,2689666715,11862,613
29401.923109,2689670045,2689670653,8884,608
29401.935140,2689674031,2689674646,9214,615
29401.947149,2689678107,2689678718,11861,611
29401.959180,2689682080,2689682681,11821,601
29401.971209,2689686149,2689686759,12067,610
29401.983223,2689690117,2689690728,11793,611
29401.995250,2689694081,2689694699,11834,618
29402.007279,2689697983,2689698567,9218,584
29402.019290,2689701811,2689702419,9174,608
29402.031325,2689705741,2689706352,11877,611
29402.043346,2689709809,2689710393,11983,584
29402.053858,2689713195,2689713780,8926,585
29402.065896,2689717001,2689717585,9192,584
29402.077908,2689720882,2689721496,9209,614
29402.089932,2689724763,2689725347,8969,584
29402.101962,2689728620,2689729204,9257,584
29402.113972,2689732461,2689733072,9127,611
29402.126000,2689736335,2689736917,8963,582
29402.138030,2689740229,2689740813,11963,584
29402.150036,2689744119,2689744722,11868,603
29402.162069,2689748026,2689748608,8982,582
29402.174100,2689751893,2689752477,9208,584
29402.186114,2689755730,2689756332,9202,602
29402.198137,2689759582,2689760163,8962,581
29402.210169,2689763402,2689763985,9224,583
29402.222179,2689767358,2689767964,11905,606
29402.234200,2689771389,2689771973,11851,584
29402.246235,2689775283,2689775867,9174,584
29402.258247,2689779159,2689779760,9121,601
29402.270272,2689783052,2689783634,8933,582
29402.282303,2689786874,2689787484,9261,610
29402.294316,2689790763,2689791375,9179,612
29402.306343,2689794667,2689795248,8992,581
29402.318375,2689798481,2689799065,9212,584
29402.330382,2689802351,2689802962,8984,611
29402.342412,2689806248,2689806830,8963,582
29402.354440,2689810139,2689810722,9207,583
29402.366446,2689814157,2689814759,11852,602
29402.378484,2689818010,2689818592,9020,582
29402.390508,2689821908,2689822492,9188,584
29402.402519,2689825755,2689826368,9198,613
29402.414549,2689829571,2689830151,8923,580
29402.426578,2689833450,2689834034,9176,584
29402.438582,2689837493,2689838095,11866,602
29402.450611,2689841497,2689842082,11828,585
29402.462646,2689845354,2689845937,9197,583
29402.474657,2689849192,2689849792,9142,600
29402.486686,2689853062,2689853644,8943,582
29402.498717,2689856910,2689857495,9220,585
29402.510725,2689860770,2689861384,9161,614
29402.522754,2689864629,2689865211,8998,582
29402.534785,2689868538,2689869122,9221,584
29402.546794,2689872410,2689873016,9189,606
29402.558821,2689876241,2689876823,8940,582
29402.570850,2689880291,2689880874,11974,583
29402.582857,2689884291,2689884898,11857,607
29402.594887,2689888151,2689888732,8985,581
29402.606922,2689892027,2689892611,9209,584
29402.618928,2689895897,2689896510,9214,613
29402.642987,2689903582,2689904196,12115,614
29402.654996,2689907678,2689908286,11864,608
29402.667018,2689911678,2689912262,11834,584
29402.679056,2689915794,2689916400,12120,606
29402.691067,2689919874,2689920485,11825,611
29402.703096,2689923939,2689924521,11964,582
29402.715123,2689928063,2689928677,12075,614
29402.727141,2689932133,2689932741,11842,608
29402.739165,2689936078,2689936660,8996,582
29402.751188,2689939977,2689940592,9147,615
29402.763200,2689944023,2689944634,11861,611
29402.775241,2689947996,2689948609,11876,613
29402.787261,2689952074,2689952689,12070,615
29402.799268,2689956082,2689956690,11898,608
29402.811301,2689960026,2689960608,11966,582
29402.823331,2689963992,2689964606,12098,614
29402.833845,2689967425,2689967864,7533,439
29402.845878,2689971087,2689971670,9216,583
29402.857889,2689975089,2689975697,9191,608
29402.869910,2689979020,2689979604,8878,584
29402.886454,2689984283,2689984866,9264,583
29402.898467,2689988180,2689988793,9196,613
29402.910492,2689992061,2689992643,8936,582
29402.922521,2689995970,2689996554,9183,584
29402.934538,2689999857,2690000466,9273,609
29402.946560,2690003695,2690004275,8962,580
29402.958591,2690007549,2690008132,9221,583
29402.970598,2690011547,2690012155,11842,608
29402.982626,2690015551,2690016153,11830,602
29402.994659,2690019439,2690020023,9235,584
29403.006662,2690023471,2690024084,11864,613
29403.018698,2690027332,2690027913,8977,581
29403.030729,2690031209,2690031792,9239,583
29403.042738,2690035046,2690035657,9207,611
29403.054759,2690039122,2690039707,8886,585
29403.066790,2690043177,2690043762,11953,585
29403.078806,2690047003,2690047606,9197,603
29403.090833,2690050841,2690051422,8932,581
29403.102863,2690054720,2690055305,9209,585
29403.114872,2690058551,2690059170,9196,619
29403.126896,2690062444,2690063028,8883,584
29403.138933,2690066288,2690066873,9201,585
29403.150947,2690070187,2690070797,9258,610
29403.162970,2690073996,2690074575,8989,579
29403.174998,2690077900,2690078515,9268,615
29403.187010,2690081872,2690082483,11819,611
29403.199037,2690085852,2690086465,11817,613
29403.211068,2690089975,2690090579,12107,604
29403.223085,2690094073,2690094686,11837,613
29403.235106,2690098131,2690098713,11963,582
29403.247136,2690102203,2690102786,12017,583
29403.259149,2690106235,2690106848,9141,613
29403.271184,2690110260,2690110842,12027,582
29403.283201,2690114305,2690114920,12085,615
29403.295212,2690118306,2690118909,11860,603
29403.307244,2690122268,2690122869,11815,601
29403.319275,2690126278,2690126887,12107,609
29403.331282,2690130259,2690130873,11853,614
29403.343311,2690134224,2690134805,11963,581
29403.355338,2690138083,2690138692,9227,609
29403.365860,2690141537,2690141997,7637,460
29403.377890,2690145257,2690145839,9248,582
29403.389901,2690149129,2690149731,9214,602
29403.401924,2690153054,2690153639,8926,585
29403.413960,2690156858,2690157440,9207,582
29403.425973,2690160741,2690161348,9183,607
29403.437995,2690164647,2690165229,8931,582
29403.450023,2690168514,2690169098,12004,584
29403.462039,2690172418,2690173023,9243,605
29403.474058,2690176323,2690176907,8910,584
29403.486095,2690180158,2690180740,9242,582
29403.498104,2690184034,2690184641,9124,607
29403.510133,2690187883,2690188465,8996,582
29403.522160,2690191762,2690192377,9259,615
29403.534177,2690195727,2690196336,9244,609
29403.546203,2690199586,2690200166,9003,580
29403.558231,2690203446,2690204030,9234,584
29403.570244,2690207471,2690208074,11858,603
29403.582269,2690211496,2690212103,11850,607
29403.594301,2690215365,2690215948,9198,583
29403.606315,2690219223,2690219823,9238,600
29403.618342,2690223115,2690223697,8984,582
29403.661928,2690236652,2690237235,12026,583
29403.673945,2690240658,2690241263,9202,605
29403.685961,2690244590,2690245175,8902,585
29403.697993,2690248455,2690249075,9236,620
29403.710007,2690252380,2690252993,9112,613
29403.722029,2690256267,2690256851,8869,584
29403.734065,2690260112,2690260696,9188,584
29403.746076,2690263959,2690264568,9153,609
29403.758104,2690267866,2690268443,8981,577
29403.770128,2690271838,2690272446,12070,608
29403.782146,2690275809,2690276420,11886,611
29403.794173,2690279657,2690280239,8987,582
29403.806204,2690283484,2690284067,9201,583
29403.818211,2690287360,2690287968,9004,608
29403.830241,2690291204,2690291785,8967,581
29403.842271,2690295055,2690295639,9220,584
29403.854281,2690298932,2690299540,9178,608
29403.866312,2690302975,2690303559,11877,584
29403.878339,2690306865,2690307449,9142,584
29403.890351,2690310741,2690311359,9155,618
29403.902376,2690314655,2690315237,8950,582
29403.914407,2690318485,2690319093,9202,608
29403.926424,2690322417,2690323018,9225,601
29403.938447,2690326290,2690326871,8982,581
29403.950477,2690330139,2690330723,9219,584
29403.962490,2690334038,2690334644,9202,606
29403.974517,2690337894,2690338475,9025,581
29403.986542,2690341951,2690342535,11962,584
29403.998549,2690345935,2690346548,11866,613
29404.070690,2690368391,2690368992,11933,601
29404.082714,2690372427,2690373011,11845,584
29404.094750,2690376325,2690376910,9216,585
29404.106761,2690380181,2690380789,9180,608
29404.118785,2690384069,2690384652,8897,583
29404.130815,2690387938,2690388553,9258,615
29404.142829,2690391801,2690392406,9130,605
29404.154856,2690395685,2690396267,8997,582
29404.166885,2690399563,2690400183,9243,620
29404.178897,2690403416,2690404020,9197,604
29404.190923,2690407280,2690407862,8971,582
29404.202953,2690411308,2690411890,11953,582
29404.214970,2690415256,2690415867,11838,611
29404.226992,2690419105,2690419713,8858,608
29404.239022,2690423183,2690423787,12095,604
29404.251029,2690427249,2690427850,11860,601
29404.263069,2690431258,2690431875,11879,617
29404.275091,2690435386,2690436004,12078,618
29404.287099,2690439590,2690440192,11863,602
29404.299122,2690443615,2690444199,11788,584
29404.311156,2690447663,2690448267,12083,604
29404.323171,2690451580,2690452193,9199,613
29404.335200,2690455546,2690456154,11840,608
29404.347229,2690459600,2690460186,11980,586
29404.359238,2690463573,2690464181,11865,608
29404.371264,2690467447,2690468060,8889,613
29404.383294,2690471307,2690471922,9223,615
29404.395309,2690475284,2690475899,11848,615
29404.407338,2690479219,2690479801,11964,582
29404.417864,2690482669,2690483289,9298,620
29404.429880,2690486698,2690487308,11993,610
29404.441911,2690490662,2690491251,8927,589
29404.453931,2690494571,2690495184,9181,613
29404.465951,2690498561,2690499176,8945,615
29404.477980,2690502535,2690503119,8894,584
29404.489996,2690506473,2690507091,9193,618
29404.502017,2690510419,2690511001,8975,582
29404.514047,2690514274,2690514889,9231,615
29404.526061,2690518183,2690518791,9163,608
29404.538088,2690522056,2690522638,8958,582
29404.550119,2690525873,2690526457,9212,584
29404.562126,2690529725,2690530324,8982,599
29404.574156,2690533615,2690534196,8852,581
29404.586185,2690537623,2690538207,11956,584
29404.598199,2690541566,2690542171,11916,605
29404.610229,2690545432,2690546014,8998,582
29404.622252,2690549320,2690549904,9183,584
29404.634265,2690553192,2690553793,9191,601
29404.646293,2690557044,2690557626,8969,582
29404.658323,2690560906,2690561490,9240,584
29404.670336,2690564776,2690565384,9173,608
29404.682359,2690568676,2690569259,8944,583
29404.694391,2690572564,2690573149,9212,585
29404.706404,2690576426,2690577034,9201,608
29404.718424,2690580313,2690580895,8939,582
29404.730456,2690584143,2690584748,9227,605
29404.742472,2690588046,2690588654,9146,608
29404.754499,2690591881,2690592464,8919,583
29404.766530,2690595782,2690596366,9219,584
29404.778541,2690599679,2690600288,9227,609
29404.790565,2690603555,2690604136,8943,581
29404.802593,2690607593,2690608177,11941,584
29404.814602,2690611596,2690612199,11861,603
29404.826633,2690615400,2690615982,8963,582
29404.838668,2690619242,2690619824,9245,582
29404.850675,2690623087,2690623693,9135,606
29404.862699,2690626908,2690627492,8884,584
29404.874731,2690630784,2690631368,9200,584
29404.886743,2690634651,2690635253,9143,602
29404.898766,2690638691,2690639275,11880,584
29404.910802,2690642598,2690643208,9221,610
29404.922815,2690646505,2690647118,9188,613
29404.934839,2690650362,2690650944,8966,582
29404.946867,2690654222,2690654837,9217,615
29404.958880,2690658113,2690658726,9014,613
29404.970907,2690662108,2690662715,11834,607
29405.002466,2690672038,2690672622,8895,584
29405.091143,2690699505,2690700112,12146,607
29405.103150,2690703698,2690704311,11861,613
29405.115181,2690707706,2690708324,11816,618
29405.127210,2690711745,2690712329,11963,584
29405.139221,2690715747,2690716355,11907,608
29405.151252,2690719709,2690720291,11968,582
29405.163281,2690723703,2690724317,12082,614
29405.175292,2690727711,2690728317,11843,606
29405.187321,2690731563,2690732145,8967,582
29405.199345,2690735428,2690736032,9207,604
29405.209857,2690738820,2690739404,8931,584
29405.221892,2690742672,2690743254,9206,582
29405.233907,2690746536,2690747151,9224,615
29405.245932,2690750414,2690750997,8906,583
29405.257962,2690754225,2690754839,9180,614
29405.269976,2690758101,2690758702,9204,601
29405.281997,2690761992,2690762576,8895,584
29405.294032,2690765824,2690766412,9186,588
29405.306043,2690769721,2690770322,8950,601
29405.318071,2690773638,2690774220,8963,582
29405.330098,2690777468,2690778083,9207,615
29405.342111,2690781377,2690781988,9146,611
29405.354145,2690785263,2690785845,8983,582
29405.366170,2690789106,2690789690,9242,584
29405.378180,2690792970,2690793579,9157,609
29405.390208,2690796841,2690797423,8963,582
29405.402238,2690800854,2690801438,11961,584
29405.414242,2690804896,2690805504,11866,608
29405.426276,2690808785,2690809362,8907,577
29405.438308,2690812640,2690813224,9193,584
29405.450318,2690816472,2690817085,9154,613
29405.462344,2690820336,2690820913,8986,577
29405.474378,2690824134,2690824717,9228,583
29405.486387,2690828005,2690828623,9204,618
29405.498408,2690831912,2690832496,8892,584
29405.510444,2690835851,2690836434,9210,583
29405.522462,2690839935,2690840545,12089,610
29405.534479,2690844050,2690844660,11982,610
29405.599107,2690864567,2690865176,12120,609
29405.611127,2690868695,2690869306,11828,611
29405.623153,2690872825,2690873408,11942,583
29405.635180,2690876994,2690877609,12080,615
29405.647194,2690881002,2690881610,11842,608
29405.659224,2690885110,2690885695,11945,585
29405.671247,2690889145,2690889764,12140,619
29405.683261,2690893153,2690893761,11864,608
29405.695290,2690897180,2690897763,11928,583
29405.707315,2690901343,2690901958,12081,615
29405.719324,2690905263,2690905876,8882,613
29405.731359,2690909333,2690909942,12061,609
29405.741876,2690912813,2690913428,8961,615
29405.753906,2690916756,2690917365,8910,609
29405.765929,2690920698,2690921313,9229,615
29405.777947,2690924666,2690925280,8996,614
29405.789974,2690928620,2690929205,8897,585
29405.801998,2690932505,2690933117,12069,612
29405.814012,2690936530,2690937145,11977,615
29405.826043,2690940431,2690941015,8913,584
29405.838063,2690944332,2690944950,9160,618
29405.850086,2690948269,2690948882,8939,613
29405.862112,2690952203,2690952787,8918,584
29405.874135,2690956123,2690956738,9258,615
29405.886144,2690960051,2690960664,8822,613
29405.898179,2690963977,2690964561,8843,584
29405.910201,2690967928,2690968541,9251,613
29405.922215,2690971874,2690972482,8855,608
29405.934249,2690975976,2690976560,11920,584
29405.946273,2690979876,2690980491,9243,615
29405.958281,2690983823,2690984436,8833,613
29405.970316,2690987743,2690988328,8922,585
29406.001874,2690997809,2690998424,12075,615
29406.018405,2691003300,2691003915,12108,615
29406.030419,2691007480,2691008088,11805,608
29406.042453,2691011412,2691011996,8925,584
29406.054475,2691015351,2691015965,9241,614
29406.066493,2691019309,2691019924,8983,615
29406.078522,2691023242,2691023826,8832,584
29406.090545,2691027235,2691027850,9233,615
29406.102561,2691031349,2691031959,12016,610
29406.114591,2691035435,2691036020,8929,585
29406.126615,2691039366,2691039986,9248,620
29406.138631,2691043318,2691043933,8929,615
29406.149155,2691046937,2691047552,12042,615
29406.161172,2691050922,2691051534,8947,612
29406.182220,2691057661,2691058246,8904,585
29406.194241,2691061717,2691062331,12100,614
29406.206253,2691065638,2691066251,8866,613
29406.218287,2691069741,2691070326,11913,585
29406.230309,2691073758,2691074378,12097,620
29406.242325,2691077870,2691078485,11994,615
29406.254361,2691081787,2691082370,8917,583
29406.266379,2691085837,2691086441,12102,604
29406.278390,2691089793,2691090406,8867,613
29406.290424,2691093733,2691094318,8937,585
29406.302447,2691097645,2691098249,9253,604
29406.314467,2691101570,2691102180,9020,610
29406.326493,2691105528,2691106112,8954,584
29406.338517,2691109434,2691110048,9238,614
29406.350532,2691113569,2691114179,12015,610
29406.362559,2691117641,2691118256,12059,615
29406.374581,2691121589,2691122202,9247,613
29406.386600,2691125655,2691126263,11861,608
29406.398631,2691129593,2691130208,8926,615
29406.410652,2691133704,2691134311,12076,607
29406.422664,2691137646,2691138254,8879,608
29406.434698,2691141769,2691142353,11921,584
29406.446719,2691145836,2691146446,12040,610
29406.458733,2691149755,2691150363,8884,608
29406.470768,2691153656,2691154240,8917,584
29406.482790,2691157591,2691158200,9243,609
29406.494807,2691161470,2691162078,8882,608
29406.506837,2691165380,2691165965,8921,585
29406.518859,2691169322,2691169937,9219,615
29406.530876,2691173271,2691173881,8970,610
29406.542904,2691177208,2691177797,8875,589
29406.554927,2691181142,2691181752,9264,610
29406.566939,2691185050,2691185668,8858,618
29406.578973,2691188984,2691189599,8953,615
29406.590994,2691192953,2691193568,9221,615
29406.603004,2691196884,2691197492,8874,608
29406.615043,2691200869,2691201452,8881,583
29406.627065,2691205025,2691205632,12084,607
29406.639080,2691209145,2691209753,11846,608
29406.651107,2691213391,2691214000,12041,609
29406.663135,2691217516,2691218124,12135,608
29406.675149,2691221561,2691222168,11844,607
29406.687178,2691225609,2691226193,11920,584
29406.699201,2691229707,2691230322,12069,615
29406.711219,2691233687,2691234301,8978,614
29406.723248,2691237773,2691238383,12066,610
29406.735269,2691241847,2691242461,9253,614
29406.747288,2691245776,2691246391,8952,615
29406.759316,2691249833,2691250437,12068,604
29406.771338,2691253926,2691254541,12083,615
29406.783355,2691257951,2691258568,11852,617
29406.793884,2691261417,2691262024,9037,607
29406.805902,2691265393,2691266014,9002,621
29406.817930,2691269361,2691269945,8923,584
29406.829950,2691273251,2691273870,12108,619
29406.841975,2691277227,2691277837,8987,610
29406.853998,2691281172,2691281757,8925,585
29406.866021,2691285073,2691285687,9238,614
29406.878031,2691288967,2691289575,8845,608
29406.890066,2691292889,2691293473,8919,584
29406.902090,2691296822,2691297442,9247,620
29406.914108,2691300744,2691301348,8966,604
29406.926135,2691304691,2691305274,8904,583
29406.938159,2691308635,2691309255,9240,620
29406.950170,2691312728,2691313341,11813,613
29406.962204,2691316800,2691317420,12060,620
29406.974226,2691320741,2691321356,9238,615
29406.986236,2691324638,2691325241,8814,603
29406.998276,2691328566,2691329149,8939,583
29407.010292,2691332419,2691333030,9161,611
29407.022305,2691336360,2691336968,8799,608
29407.034339,2691340453,2691341039,11923,586
29407.046363,2691344494,2691345104,12092,610
29407.058373,2691348417,2691349025,8861,608
29407.070408,2691352322,2691352906,8895,584
29407.082430,2691356236,2691356846,9243,610
29407.094445,2691360292,2691360902,11977,610
29407.106476,2691364215,2691364800,8919,585
29407.118495,2691368094,2691368708,9221,614
29407.130515,2691372077,2691372692,8974,615
29407.144041,2691376684,2691377304,11989,620
29407.159074,2691381619,2691382237,9216,618
29407.171093,2691385811,2691386424,11829,613
29407.183125,2691389947,2691390531,11939,584
29407.195143,2691394062,2691394682,12066,620
29407.207161,2691398111,2691398724,11841,613
29407.219190,2691402037,2691402621,8889,584
29407.231213,2691406050,2691406665,9249,615
29407.243231,2691410173,2691410791,12000,618
29407.255259,2691414267,2691414888,12055,621
29407.267282,2691418344,2691418953,12087,609
29407.279298,2691422339,2691422952,11842,613
29407.291327,2691426373,2691426983,12034,610
29407.303352,2691430461,2691431081,12078,620
29407.313873,2691433887,2691434472,8923,585
29407.325892,2691437754,2691438361,9194,607
29407.337914,2691441841,2691442451,12036,610
29407.366469,2691451130,2691451744,12085,614
29407.378484,2691455223,2691455830,11840,607
29407.390519,2691459147,2691459756,8931,609
29407.402540,2691463098,2691463713,9261,615
29407.414550,2691467039,2691467641,8904,602
29407.426585,2691470944,2691471527,8820,583
29407.438607,2691474860,2691475481,9003,621
29407.450623,2691478925,2691479543,11842,618
29407.462653,2691482984,2691483599,12057,615
29407.474675,2691486940,2691487550,9174,610
29407.486699,2691490887,2691491494,8935,607
29407.498723,2691494801,2691495385,8921,584
29407.510747,2691498730,2691499345,9243,615
29407.522758,2691502633,2691503245,8913,612
29407.534792,2691506524,2691507108,8928,584
29407.546811,2691510456,2691511061,9228,605
29407.558823,2691514311,2691514917,8919,606
29407.570858,2691518254,2691518837,8877,583
29407.582881,2691522339,2691522954,12083,615
29407.594895,2691526387,2691527000,11802,613
29407.606928,2691530291,2691530875,8886,584
29407.618948,2691534184,2691534797,9198,613
29407.703104,2691560797,2691561405,11837,608
29407.715133,2691564887,2691565497,12082,610
29407.727157,2691569067,2691569682,12083,615
29407.739174,2691573127,2691573747,12000,620
29407.751201,2691577206,2691577791,8946,585
29407.763223,2691581226,2691581834,9212,608
29407.775240,2691585281,2691585893,11842,612
29407.787271,2691589350,2691589960,12030,610
29407.799295,2691593400,2691594013,12144,613
29407.811309,2691597426,2691598033,11843,607
29407.823338,2691601506,2691602116,12088,610
29407.833862,2691604968,2691605435,7567,467
29407.845886,2691608759,2691609199,7630,440
29407.857902,2691612488,2691613091,9173,603
29407.869919,2691616386,2691616998,8831,612
29407.910494,2691629243,2691629851,8832,608
29407.922528,2691633176,2691633760,8941,584
29407.934550,2691637109,2691637730,9046,621
29407.946568,2691641076,2691641691,8959,615
29407.958599,2691645011,2691645594,8934,583
29407.970622,2691648941,2691649556,9217,615
29408.006687,2691660620,2691661233,12117,613
29408.018701,2691664511,2691665118,8915,607
29408.030738,2691668457,2691669041,8940,584
29408.042758,2691672392,2691672994,9244,602
29408.054771,2691676295,2691676908,8915,613
29408.066804,2691680397,2691680981,11920,584
29408.078823,2691684451,2691685058,12134,607
29408.090835,2691688352,2691688955,8886,603
29408.102870,2691692236,2691692820,8881,584
29408.114893,2691696149,2691696759,9252,610
29408.126903,2691700051,2691700663,8872,612
29408.138941,2691704016,2691704600,8926,584
29408.150961,2691707943,2691708562,9262,619
29408.162980,2691711899,2691712514,8962,615
29408.175007,2691715967,2691716550,11930,583
29408.187029,2691720056,2691720671,12075,615
29408.199046,2691724168,2691724786,11838,618
29408.211075,2691728317,2691728932,12060,615
29408.223098,2691732552,2691733172,12079,620
29408.235117,2691736557,2691737172,8961,615
29408.247145,2691740531,2691741146,8966,615
29408.259167,2691744640,2691745257,12068,617
29408.271184,2691748781,2691749383,11845,602
29408.283213,2691752865,2691753480,12042,615
29408.295237,2691756940,2691757555,12083,615
29408.307253,2691760941,2691761544,11840,603
29408.319282,2691764961,2691765543,11926,582
29408.331304,2691769024,2691769645,12045,621
29408.343321,2691773051,2691773664,11841,613
29408.355352,2691777121,2691777731,12061,610
29408.365869,2691780628,2691781094,7591,466
29408.377901,2691784431,2691784891,7695,460
29408.389915,2691788213,2691788831,9154,618
29408.401937,2691792171,2691792781,8983,610
29408.413965,2691796097,2691796681,8856,584
29408.425985,2691799975,2691800592,9188,617
29408.437997,2691803923,2691804524,8843,601
29408.450031,2691807914,2691808498,11889,584
29408.462053,2691811838,2691812445,12106,607
29408.474074,2691815807,2691816416,8930,609
29408.486104,2691819744,2691820328,8945,584
29408.498125,2691823636,2691824255,9232,619
29408.510134,2691827545,2691828153,8801,608
29408.522169,2691831452,2691832036,8897,584
29408.534193,2691835389,2691835998,9206,609
29408.546211,2691839341,2691839951,8936,610
29408.558239,2691843237,2691843820,8887,583
29408.570262,2691847175,2691847785,9252,610
29408.582276,2691851254,2691851864,11980,610
29408.594307,2691855291,2691855901,12060,610
29408.606330,2691859219,2691859835,9232,616
29408.618340,2691863160,2691863767,8850,607
29408.710026,2691892023,2691892637,9222,614
29408.722046,2691895989,2691896599,8952,610
29408.734076,2691899956,2691900540,8917,584
29408.746093,2691903829,2691904436,9163,607
29408.758106,2691907721,2691908338,8819,617
29408.770138,2691911897,2691912482,11910,585
29408.782163,2691915941,2691916556,12071,615
29408.794176,2691920046,2691920654,11800,608
29408.806211,2691923989,2691924573,8910,584
29408.818234,2691927926,2691928541,9282,615
29408.830251,2691931943,2691932553,9011,610
29408.842280,2691935833,2691936415,8898,582
29408.854299,2691939693,2691940307,9192,614
29408.866314,2691943779,2691944392,11818,613
29408.878347,2691947832,2691948436,12034,604
29408.890370,2691951760,2691952370,9246,610
29408.902380,2691955668,2691956281,8851,613
29408.914415,2691959581,2691960166,8878,585
29408.926439,2691963462,2691964081,9053,619
29408.938449,2691967417,2691968029,8859,612
29408.950484,2691971346,2691971930,8914,584
29408.962502,2691975216,2691975830,9228,614
29408.974528,2691979131,2691979748,8943,617
29408.986554,2691983081,2691983665,8902,584
29408.998574,2691987122,2691987731,12073,609
29409.010588,2691991188,2691991796,11805,608
29409.022622,2691995080,2691995664,8927,584
29409.034645,2691999021,2691999626,9238,605
29409.046656,2692002927,2692003528,8919,601
29409.058691,2692006851,2692007434,8930,583
29409.070710,2692010769,2692011376,9233,607
29409.082727,2692014886,2692015496,11980,610
29409.094756,2692018987,2692019572,11932,585
29409.106781,2692023067,2692023682,12088,615
29409.118790,2692027006,2692027614,8870,608
29409.130829,2692030977,2692031561,8904,584
29409.142847,2692034893,2692035509,9254,616
29409.154858,2692038804,2692039412,8889,608
29409.166893,2692042714,2692043298,8889,584
29409.178916,2692046641,2692047251,9226,610
29409.190934,2692050587,2692051196,8956,609
29409.202961,2692054508,2692055093,8906,585
29409.214984,2692058591,2692059206,12126,615
29409.227001,2692062644,2692063248,11971,604
29409.237526,2692066177,2692066791,9156,614
29409.254048,2692071603,2692072216,8841,613
29409.266084,2692075623,2692076237,12037,614
29409.278107,2692079677,2692080287,12095,610
29409.290126,2692083633,2692084238,8995,605
29409.302154,2692087560,2692088170,8957,610
29409.314177,2692091506,2692092115,9171,609
29409.326195,2692095467,2692096078,8919,611
29409.338222,2692099409,2692100018,8989,609
29409.350246,2692103329,2692103939,9258,610
29409.362263,2692107305,2692107910,8985,605
29409.374292,2692111231,2692111845,8944,614
29409.386312,2692115211,2692115815,9246,604
29409.398326,2692119247,2692119860,11826,613
29409.410359,2692123331,2692123946,12060,615
29409.422381,2692127271,2692127886,9034,615
29409.434400,2692131259,2692131874,8957,615
29409.446428,2692135212,2692135822,8967,610
29409.458451,2692139122,2692139735,9252,613
29409.470472,2692143158,2692143777,8931,619
29409.482494,2692147323,2692147943,12043,620
29409.494517,2692151490,2692152109,12036,619
29409.506541,2692155516,2692156131,8914,615
29409.518564,2692159527,2692160147,8926,620
29409.530581,2692163829,2692164444,12014,615
29409.542599,2692167805,2692168390,8868,585
29409.554633,2692171745,2692172360,9250,615
29409.566649,2692175671,2692176272,9262,601
29409.578670,2692179568,2692180152,8883,584
29409.590703,2692183493,2692184095,9244,602
29409.602717,2692187381,2692187988,9192,607
29409.614732,2692191450,2692192034,11792,584
29409.626767,2692195544,2692196164,12071,620
29409.638786,2692199463,2692200069,9208,606
29409.650807,2692203392,2692203977,8950,585
29409.662839,2692207316,2692207926,9225,610
29409.674849,2692211163,2692211773,9183,610
29409.686874,2692215083,2692215667,8926,584
29409.698909,2692219155,2692219759,12103,604
29409.710923,2692223205,2692223820,12055,615
29409.722939,2692227099,2692227683,8885,584
29409.734974,2692231074,2692231689,9277,615
29409.746989,2692235011,2692235613,9216,602
29409.759009,2692239062,2692239645,11806,583
29409.769535,2692242604,2692243209,9082,605
29409.783060,2692247007,2692247615,9217,608
29409.795080,2692251082,2692251667,8897,585
29409.807111,2692255217,2692255831,12069,614
29409.819127,2692259249,2692259857,11836,608
29409.831153,2692263334,2692263949,11996,615
29409.843180,2692267504,2692268114,12071,610
29409.855188,2692271518,2692272131,11864,613
29409.867227,2692275586,2692276170,11894,584
29409.879247,2692279509,2692280129,9211,620
29409.891256,2692283509,2692284114,11903,605
29409.903289,2692287563,2692288178,11987,615
29409.915317,2692291654,2692292264,12082,610
29409.927329,2692295635,2692296236,11831,601
29409.939353,2692299650,2692300235,11813,585
29409.949878,2692303081,2692303688,9211,607
29409.961897,2692306958,2692307543,8913,585
29409.973929,2692310848,2692311461,9218,613
29409.985949,2692314771,2692315381,9269,610
29409.997964,2692318743,2692319328,11828,585
29410.009998,2692322644,2692323258,12171,614
29410.022016,2692326622,2692327232,9254,610
29410.034033,2692330535,2692331117,8870,582
29410.046067,2692334441,2692335051,9246,610
29410.058084,2692338411,2692339014,9280,603
29410.070105,2692342323,2692342938,8934,615
29410.082138,2692346244,2692346857,9227,613
29410.094160,2692350357,2692350972,12107,615
29410.106178,2692354336,2692354951,8972,615
29410.118205,2692358342,2692358957,8942,615
29410.130228,2692362335,2692362950,9241,615
29410.142247,2692366325,2692366941,8981,616
29410.154276,2692370312,2692370927,9260,615
29410.166284,2692374239,2692374852,8980,613
29410.178311,2692378159,2692378744,8911,585
29410.190341,2692382044,2692382646,9200,602
29410.202358,2692385986,2692386588,9197,602
29410.214387,2692390063,2692390642,11912,579
29410.226408,2692394125,2692394735,12094,610
29410.238428,2692398022,2692398630,9237,608
29410.250448,2692401946,2692402526,8905,580
29410.262479,2692405843,2692406458,9212,615
29410.274495,2692409782,2692410399,9218,617
29410.286518,2692413710,2692414294,8881,584
29410.298547,2692417602,2692418217,9270,615
29410.310565,2692421669,2692422273,12056,604
29410.322583,2692425626,2692426204,8899,578
29410.334618,2692429477,2692430091,9260,614
29410.346633,2692433405,2692434007,9221,602
29410.358654,2692437311,2692437895,8913,584
29410.370685,2692441235,2692441845,9205,610
29410.382702,2692445155,2692445768,9192,613
29410.394722,2692449065,2692449649,8927,584
29410.406754,2692452998,2692453601,9278,603
29410.418770,2692456916,2692457530,9287,614
29410.430783,2692461021,2692461605,11808,584
29410.442822,2692465091,2692465701,12101,610
29410.454836,2692468991,2692469599,9222,608
29410.466859,2692472891,2692473501,8994,610
29410.478890,2692476850,2692477455,9273,605
29410.490904,2692480744,2692481355,9204,611
29410.502926,2692484680,2692485265,8942,585
29410.514959,2692488731,2692489346,12087,615
29410.526975,2692492802,2692493407,12054,605
29410.538992,2692496852,2692497431,11809,579
29410.551027,2692500908,2692501518,12077,610
29410.563044,2692504967,2692505570,11839,603
29410.575061,2692509115,2692509700,11813,585
29410.587096,2692513281,2692513890,12074,609
29410.599112,2692517302,2692517915,9202,613
29410.611142,2692521316,2692521899,9005,583
29410.623164,2692525260,2692525868,9229,608
29410.692287,2692547088,2692547698,11976,610
29410.801990,2692579536,2692580140,5826,604
29410.814019,2692583530,2692584140,11972,610
29410.826050,2692587480,2692588089,12151,609
29410.838066,2692591383,2692591986,9181,603
29410.850090,2692595306,2692595890,8928,584
29410.862120,2692599199,2692599814,9208,615
29410.874136,2692603161,2692603775,9249,614
29410.970323,2692625789,2692626402,9316,613
29411.006392,2692632679,2692633286,8935,607
29411.018407,2692635992,2692636605,9217,613
29411.030428,2692639891,2692640474,8873,583
29411.042461,2692643919,2692644529,12064,610
29411.054478,2692647847,2692648455,9228,608
29411.066498,2692651798,2692652382,8897,584
29411.078532,2692655700,2692656315,9214,615
29411.090548,2692659630,2692660241,9201,611
29411.102569,2692663560,2692664139,8927,579
29411.114601,2692667472,2692668082,9244,610
29411.126618,2692671560,2692672170,12071,610
29411.138635,2692675459,2692676038,8922,579
29411.150669,2692679330,2692679939,9250,609
29411.162687,2692683264,2692683878,9282,614
29411.174702,2692687152,2692687737,8920,585
29411.186737,2692691063,2692691667,9247,604
29411.198753,2692694944,2692695552,9160,608
29411.210774,2692698874,2692699484,8916,610
29411.222805,2692702843,2692703456,9264,613
29411.234819,2692706745,2692707347,9165,602
29411.246835,2692710803,2692711387,11795,584
29411.258871,2692714864,2692715474,12083,610
29411.270888,2692718759,2692719362,9223,603
29411.282907,2692722638,2692723224,8889,586
29411.294940,2692726578,2692727193,9251,615
29411.306953,2692730474,2692731086,8997,612
29411.318979,2692734389,2692734973,8933,584
29411.331009,2692738313,2692738929,9255,616
29411.343026,2692742408,2692743018,12045,610
29411.355055,2692746509,2692747093,11914,584
29411.367077,2692750677,2692751287,12084,610
29411.379086,2692754743,2692755351,11882,608
29411.391116,2692758843,2692759427,11841,584
29411.403147,2692762939,2692763548,12120,609
29411.415160,2692766907,2692767515,9207,608
29411.427183,2692770907,2692771486,8942,579
29411.439215,2692774936,2692775543,12085,607
29411.451221,2692778941,2692779554,11871,613
29411.463257,2692783001,2692783611,12000,610
29411.475282,2692787088,2692787698,12084,610
29411.487292,2692791082,2692791685,11871,603
29411.499325,2692795110,2692795720,11994,610
29411.511353,2692799189,2692799799,12072,610
29411.521862,2692802606,2692803190,8900,584
29411.533898,2692806486,2692807100,9196,614
29411.545914,2692810469,2692811079,9251,610
29411.557934,2692814391,2692815006,8959,615
29411.569967,2692818277,2692818885,9279,608
29411.581984,2692822226,2692822835,9253,609
29411.594002,2692826116,2692826700,8890,584
29411.606032,2692829981,2692830591,9201,610
29411.618052,2692833918,2692834520,9150,602
29411.822444,2692884163,2692884780,9256,617
29411.834463,2692887369,2692887984,9304,615
29411.846484,2692890761,2692891376,9016,615
29411.858509,2692894605,2692895219,12018,614
29411.870530,2692898539,2692899124,8948,585
29411.974229,2692920255,2692920867,8974,612
29412.026835,2692929962,2692930576,9266,614
29412.038850,2692933406,2692934025,9177,619
29412.050870,2692936280,2692936898,8977,618
29412.062904,2692940398,2692941007,12079,609
29412.074910,2692944425,2692945037,11865,612
29412.086941,2692948311,2692948895,8920,584
29412.098970,2692952218,2692952838,9250,620
29412.110986,2692956114,2692956716,9212,602
29412.123003,2692960173,2692960756,11805,583
29412.135040,2692964299,2692964919,12071,620
29412.147055,2692968322,2692968930,9219,608
29412.159073,2692972324,2692972907,8876,583
29412.171108,2692976415,2692977018,12116,603
29412.183117,2692980544,2692981146,11868,602
29412.195138,2692984633,2692985217,11803,584
29412.207177,2692988682,2692989302,12096,620
29412.219186,2692992735,2692993348,11863,613
29412.231216,2692996658,2692997268,9012,610
29412.243244,2693000657,2693001272,9242,615
29412.255252,2693004655,2693005271,11866,616
29412.267279,2693008729,2693009312,11807,583
29412.279312,2693012760,2693013369,12087,609
29412.291319,2693016746,2693017354,11852,608
29412.303352,2693020764,2693021374,11980,610
29412.313874,2693024223,2693024833,9261,610
29412.325892,2693028130,2693028715,8871,585
29412.337928,2693032001,2693032614,9246,613
29412.349943,2693035968,2693036572,9223,604
29412.361961,2693039926,2693040509,11833,583
29412.373997,2693043787,2693044389,9315,602
29412.386010,2693047718,2693048331,9145,613
29412.398033,2693051648,2693052232,8910,584
29412.410063,2693055508,2693056111,9251,603
29412.422080,2693059441,2693060048,9243,607
29412.434101,2693063366,2693063950,8909,584
29412.446131,2693067383,2693067997,12168,614
29412.458150,2693071433,2693072048,12073,615
29412.470170,2693075366,2693075950,8935,584
29412.482201,2693079254,2693079868,9202,614
29412.494218,2693083220,2693083824,9270,604
29412.506238,2693087142,2693087725,8925,583
29412.518268,2693091017,2693091630,9260,613
29412.530285,2693094927,2693095535,9183,608
29412.542307,2693098849,2693099433,8933,584
29412.554338,2693102722,2693103337,9224,615
29412.566353,2693106645,2693107258,9176,613
29412.578371,2693110738,2693111323,11831,585
29412.590408,2693114628,2693115232,9169,604
29412.602422,2693118513,2693119126,9190,613
29412.614441,2693122406,2693122991,8870,585
29412.626475,2693126299,2693126914,9224,615
29412.638491,2693130241,2693130851,9171,610
29412.650514,2693134163,2693134747,8932,584
29412.662542,2693138202,2693138806,12053,604
29412.674550,2693142267,2693142869,11872,602
29412.686581,2693146179,2693146763,8932,584
29412.698611,2693150054,2693150661,9225,607
29412.710626,2693153963,2693154571,9230,608
29412.722645,2693157856,2693158439,8869,583
29412.734681,2693161725,2693162338,9295,613
29412.746698,2693165648,2693166254,9166,606
29412.758715,2693169529,2693170113,8894,584
29412.770748,2693173456,2693174076,9229,620
29412.782765,2693177411,2693178024,9249,613
29412.794784,2693181334,2693181918,8931,584
29412.806816,2693185259,2693185874,9244,615
29412.818832,2693189147,2693189755,9191,608
29412.830851,2693193036,2693193620,8889,584
29412.842884,2693196957,2693197567,9255,610
29412.854901,2693200865,2693201476,9168,611
29412.866923,2693204775,2693205359,8863,584
29412.878956,2693208840,2693209449,12087,609
29412.890961,2693212880,2693213493,11875,613
29412.902994,2693216773,2693217357,8939,584
29412.915023,2693220874,2693221489,12086,615
29412.927032,2693224998,2693225611,11862,613
29412.939056,2693229198,2693229782,11826,584
29412.951089,2693233357,2693233966,12073,609
29412.963105,2693237381,2693237994,9209,613
29412.975125,2693241382,2693241966,8860,584
29412.987160,2693245482,2693246089,12094,607
29412.999169,2693249533,2693250136,11886,603
29413.011192,2693253601,2693254184,11810,583
29413.023229,2693257646,2693258256,12090,610
29413.035236,2693261676,2693262283,11838,607
29413.047268,2693265562,2693266177,8967,615
29413.059296,2693269518,2693270133,9251,615
29413.071306,2693273528,2693274133,11867,605
29413.083337,2693277585,2693278195,12008,610
29413.095364,2693281658,2693282268,12097,610
29413.105875,2693285073,2693285658,8860,585
29413.117912,2693288938,2693289557,9266,619
29413.129928,2693292896,2693293506,9254,610
29413.141945,2693296802,2693297385,8898,583
29413.153980,2693300671,2693301281,9251,610
29413.165995,2693304583,2693305191,9171,608
29413.178012,2693308585,2693309169,11821,584
29413.190046,2693312574,2693313181,12168,607
29413.202064,2693316497,2693317112,9280,615
29413.214081,2693320397,2693320981,8850,584
29413.226115,2693324288,2693324903,9191,615
29413.238133,2693328178,2693328787,9193,609
29413.250154,2693332091,2693332675,8948,584
29413.262183,2693336150,2693336762,12189,612
29413.274201,2693340265,2693340874,12061,609
29413.286219,2693344153,2693344732,8855,579
29413.298252,2693348065,2693348675,9240,610
29413.310270,2693351943,2693352551,9165,608
29413.322290,2693355859,2693356442,8909,583
29413.334319,2693359722,2693360336,9180,614
29413.346337,2693363656,2693364264,9191,608
29413.358358,2693367568,2693368152,8916,584
29413.370389,2693371446,2693372060,9237,614
29413.382406,2693375342,2693375955,9231,613
29413.394425,2693379282,2693379866,8884,584
29413.406456,2693383326,2693383941,12062,615
29413.418475,2693387218,2693387831,9236,613
29413.430496,2693391136,2693391720,8949,584
29413.442526,2693395008,2693395623,9263,615
29413.454542,2693398941,2693399551,9249,610
29413.466566,2693402898,2693403482,8935,584
29413.478594,2693406922,2693407537,12092,615
29413.490602,2693410984,2693411597,11872,613
29413.502634,2693414880,2693415464,8913,584
29413.514664,2693418802,2693419411,9237,609
29413.526682,2693422725,2693423331,9213,606
29413.538699,2693426612,2693427196,8913,584
29413.550733,2693430522,2693431131,9241,609
29413.562748,2693434459,2693435072,9215,613
29413.574769,2693438387,2693438971,8919,584
29413.586801,2693442321,2693442941,9263,620
29413.598811,2693446207,2693446805,9192,598
29413.610832,2693450290,2693450874,11790,584
29413.622867,2693454212,2693454821,9224,609
29413.634880,2693458065,2693458673,9187,608
29413.646905,2693461997,2693462581,8899,584
29413.658937,2693465931,2693466546,9235,615
29413.670952,2693469841,2693470453,9241,612
29413.682974,2693473773,2693474357,8909,584
29413.695008,2693477851,2693478461,12087,610
29413.707013,2693481847,2693482450,11871,603
29413.719039,2693485926,2693486509,11817,583
29413.731073,2693490076,2693490678,12097,602
29413.743086,2693494202,2693494815,11870,613
29413.755108,2693498314,2693498898,11825,584
29413.767144,2693502430,2693503044,12084,614
29413.779158,2693506365,2693506972,9197,607
29413.791177,2693510306,2693510891,8889,585
29413.803212,2693514324,2693514941,12099,617
29413.815221,2693518354,2693518962,11872,608
29413.827250,2693522425,2693523040,11977,615
29413.839280,2693526523,2693527138,12096,615
29413.851287,2693530536,2693531143,11868,607
29413.863320,2693534414,2693535024,9009,610
29413.875347,2693538379,2693538988,9231,609
29413.885858,2693541790,2693542374,8940,584
29413.897893,2693545689,2693546303,9250,614
29413.909912,2693549606,2693550216,9249,610
29413.921928,2693553485,2693554070,8901,585
29413.933963,2693557367,2693557981,9192,614
29413.945979,2693561329,2693561944,9254,615
29413.957996,2693565219,2693565804,8876,585
29413.970032,2693569077,2693569690,9302,613
29414.066200,2693599340,2693599924,11810,584
29414.078235,2693603379,2693603998,12172,619
29414.090243,2693607469,2693608076,11865,607
29414.102276,2693611355,2693611935,8958,580
29414.114304,2693615280,2693615890,9243,610
29414.126320,2693619196,2693619799,9197,603
29414.138342,2693623108,2693623687,8939,579
29414.150373,2693627014,2693627624,9275,610
29414.162389,2693630944,2693631551,9211,607
29414.174411,2693634867,2693635451,8930,584
29414.186440,2693638768,2693639387,9245,619
29414.198457,2693642718,2693643326,9225,608
29414.210472,2693646783,2693647366,11803,583
29414.222508,2693650823,2693651427,12062,604
29414.234527,2693654726,2693655332,9199,606
29414.246545,2693658609,2693659194,8861,585
29414.258578,2693662514,2693663129,9216,615
29414.270595,2693666442,2693667047,9245,605
29414.282618,2693670384,2693670968,8942,584
29414.294645,2693674406,2693675016,12055,610
29414.306652,2693678439,2693679052,11867,613
29414.318685,2693682460,2693683065,11963,605
29414.330714,2693686412,2693687017,9267,605
29414.342733,2693690299,2693690912,9215,613
29414.354753,2693694218,2693694802,8935,584
29414.366783,2693698111,2693698731,9213,620
29414.378802,2693702026,2693702639,9211,613
29414.390820,2693705923,2693706506,8887,583
29414.402853,2693709824,2693710437,9276,613
29414.414859,2693713859,2693714467,11869,608
29414.426884,2693717933,2693718517,11793,584
29414.438920,2693721994,2693722604,12099,610
29414.450936,2693725901,2693726509,9211,608
29414.474987,2693733701,2693734305,12074,604
29414.487004,2693737615,2693738225,9216,610
29414.499023,2693741710,2693742296,11819,586
29414.511059,2693745927,2693746542,12087,615
29414.523063,2693750171,2693750789,11870,618
29414.544332,2693757930,2693758544,12045,614
29414.559134,2693762551,2693763163,11873,612
29414.571160,2693766639,2693767228,11819,589
29414.583192,2693770770,2693771384,12083,614
29414.595209,2693774694,2693775307,9198,613
29414.607231,2693778627,2693779212,8963,585
29414.619262,2693782672,2693783287,12068,615
29414.662839,2693796373,2693796986,9232,613
29414.674860,2693800300,2693800885,8930,585
29414.686890,2693804247,2693804859,9244,612
29414.698903,2693808120,2693808728,9145,608
29414.710923,2693812193,2693812777,11817,584
29414.722959,2693816291,2693816906,12090,615
29414.734972,2693820172,2693820775,9150,603
29414.746995,2693824074,2693824658,8879,584
29414.759027,2693828053,2693828673,9246,620
29414.771039,2693832173,2693832784,11873,611
29414.783064,2693836333,2693836916,11820,583
29414.795096,2693840348,2693840963,9235,615
29414.807117,2693844341,2693844956,9315,615
29414.819132,2693848464,2693849048,11823,584
29414.831164,2693852584,2693853199,12084,615
29414.843178,2693856651,2693857259,11870,608
29414.855203,2693860706,2693861321,11979,615
29414.867234,2693864793,2693865408,12084,615
29414.879250,2693868693,2693869311,9181,618
29414.891275,2693872735,2693873345,8976,610
29414.903302,2693876818,2693877430,12068,612
29414.915309,2693880825,2693881427,11879,602
29414.927334,2693884888,2693885472,11791,584
29414.937865,2693888349,2693888953,9257,604
29414.949882,2693892249,2693892834,8843,585
29414.960412,2693896276,2693896895,12096,619
29414.970929,2693901889,2693903037,16330,1148
29414.982951,2693911193,2693912343,16399,1150
29414.994971,2693916429,2693917045,8987,616
29415.006998,2693920459,2693921080,8910,621
29415.019022,2693924486,2693925106,9221,620
29415.031040,2693928517,2693929126,8987,609
29415.043067,2693932622,2693933238,9212,616
29415.062601,2693939026,2693939610,8939,584
29415.074630,2693943089,2693943704,12096,615
29415.086648,2693947002,2693947614,9195,612
29415.098666,2693950965,2693951549,8926,584
29415.134736,2693962434,2693963018,8883,584
29415.146767,2693966366,2693966971,9224,605
29415.158784,2693970288,2693970901,9173,613
29415.170805,2693974212,2693974797,8900,585
29415.182836,2693978142,2693978756,9266,614
29415.194852,2693982074,2693982682,9197,608
29415.206869,2693985968,2693986552,8853,584
29415.218902,2693989882,2693990501,9264,619
29415.230915,2693993763,2693994370,9195,607
29415.242934,2693997858,2693998442,11804,584
29415.254972,2694001958,2694002573,12132,615
29415.266984,2694005822,2694006424,9233,602
29415.279007,2694009698,2694010282,8889,584
29415.291039,2694013645,2694014249,9225,604
29415.303056,2694017680,2694018289,9206,609
29415.315078,2694021739,2694022323,8879,584
29415.327108,2694025931,2694026546,12082,615
29415.339120,2694030077,2694030685,11844,608
29415.351144,2694034184,2694034768,11823,584
29415.363178,2694038275,2694038885,12080,610
29415.375193,2694042229,2694042833,9271,604
29415.387216,2694046153,2694046736,8947,583
29415.399245,2694050250,2694050865,12069,615
29415.411257,2694054122,2694054735,9180,613
29415.423285,2694058030,2694058651,9002,621
29415.435315,2694062136,2694062750,12077,614
29415.447323,2694066131,2694066734,11871,603
29415.457861,2694069564,2694070168,9226,604
29415.469879,2694073517,2694074125,9267,608
29415.481893,2694077425,2694078009,8909,584
29415.493934,2694081313,2694081777,7521,464
29415.505946,2694085152,2694085772,12074,620
29415.517965,2694089114,2694089719,11954,605
29415.529997,2694093053,2694093667,9221,614
29415.542014,2694097005,2694097620,9240,615
29415.554034,2694100943,2694101528,8883,585
29415.566064,2694104810,2694105418,9220,608
29415.578084,2694108732,2694109347,9215,615
29415.590101,2694112736,2694113351,11969,615
29415.602135,2694116631,2694117243,9254,612
29415.614151,2694120557,2694121171,9246,614
29415.626168,2694124653,2694125236,11836,583
29415.638202,2694128657,2694129265,12174,608
29415.650219,2694132625,2694133235,9182,610
29415.662240,2694136563,2694137148,8936,585
29415.674270,2694140487,2694141092,9221,605
29415.686288,2694144415,2694145026,9150,611
29415.698309,2694148342,2694148926,8918,584
29415.710339,2694152427,2694153037,12076,610
29415.720848,2694155930,2694156515,11816,585
29415.732883,2694159992,2694160601,12184,609
29415.824549,2694188943,2694189527,11836,584
29415.854614,2694198631,2694199233,12134,602
29415.866630,2694202551,2694203159,9179,608
29415.878651,2694206464,2694207048,8913,584
29415.890681,2694210364,2694210984,9228,620
29415.902698,2694214301,2694214913,9247,612
29415.914721,2694218261,2694218845,8933,584
29415.926748,2694222286,2694222901,12050,615
29415.967326,2694235192,2694235795,9233,603
29415.979336,2694239197,2694239810,11871,613
29415.989870,2694242594,2694243201,9257,607
29416.001889,2694246541,2694247149,9279,608
29416.013908,2694250458,2694251042,8937,584
29416.025939,2694254330,2694254944,12145,614
29416.037957,2694258310,2694258914,12068,604
29416.049975,2694262210,2694262790,8861,580
29416.062010,2694266086,2694266693,9277,607
29416.074027,2694270044,2694270659,9259,615
29416.086044,2694273966,2694274549,8893,583
29416.098079,2694277842,2694278449,9249,607
29416.110091,2694281927,2694282543,12024,616
29416.122114,2694285993,2694286603,11955,610
29416.134145,2694289908,2694290511,9266,603
29416.146162,2694293843,2694294458,9203,615
29416.158182,2694297912,2694298527,11957,615
29416.170214,2694301814,2694302428,9278,614
29416.182231,2694305787,2694306397,9295,610
29416.194251,2694309721,2694310305,8932,584
29416.206283,2694313608,2694314216,9243,608
29416.218299,2694317530,2694318142,9226,612
29416.230322,2694321450,2694322034,8927,584
29416.242350,2694325369,2694325989,9229,620
29416.254358,2694329459,2694330072,11878,613
29416.266391,2694333399,2694333984,8974,585
29416.278419,2694337340,2694337950,9218,610
29416.290437,2694341242,2694341855,9231,613
29416.302458,2694345194,2694345777,8950,583
29416.314487,2694349127,2694349731,9246,604
29416.326496,2694353207,2694353814,11870,607
29416.338526,2694357282,2694357892,11974,610
29416.350556,2694361368,2694361978,12073,610
29416.362573,2694365267,2694365880,9177,613
29416.374592,2694369154,2694369738,8908,584
29416.386625,2694373042,2694373663,9228,621
29416.398641,2694376971,2694377579,9207,608
29416.410661,2694380881,2694381460,8894,579
29416.422694,2694384762,2694385372,9206,610
29416.434710,2694388711,2694389323,9207,612
29416.446732,2694392628,2694393212,8916,584
29416.458760,2694396674,2694397289,12046,615
29416.470770,2694400750,2694401363,11871,613
29416.482802,2694404647,2694405231,8932,584
29416.494830,2694408579,2694409199,9253,620
29416.506846,2694412513,2694413120,9204,607
29416.518869,2694416582,2694417165,8946,583
29416.530899,2694420512,2694421127,9206,615
29416.542909,2694424606,2694425214,11876,608
29416.554935,2694428671,2694429291,11956,620
29416.566967,2694432631,2694433239,9254,608
29416.578979,2694436506,2694437114,9231,608
29416.591001,2694440432,2694441016,8835,584
29416.603037,2694444531,2694445143,12098,612
29416.615047,2694448683,2694449291,11872,608
29416.627070,2694452676,2694453258,8885,582
29416.639104,2694456735,2694457349,9252,614
29416.651112,2694460868,2694461480,11869,612
29416.663139,2694465041,2694465625,11842,584
29416.675170,2694469181,2694469796,12068,615
29416.687180,2694473242,2694473855,11870,613
29416.699209,2694477283,2694477866,11854,583
29416.711240,2694481361,2694481965,12074,604
29416.723252,2694485628,2694486236,11846,608
29416.735274,2694489678,2694490261,11804,583
29416.747309,2694493740,2694494355,12069,615
29416.759321,2694497752,2694498360,11841,608
29416.771350,2694501791,2694502396,11976,605
29416.781873,2694505248,2694505863,9261,615
29416.793893,2694509179,2694509763,8944,584
29416.805923,2694513065,2694513673,9247,608
29416.817941,2694516990,2694517604,9267,614
29416.829963,2694520925,2694521509,8924,584
29416.841989,2694524821,2694525435,12142,614
29416.854008,2694528800,2694529410,12065,610
29416.866027,2694532702,2694533287,8869,585
29416.878061,2694536597,2694537215,9207,618
29416.890080,2694540534,2694541149,9285,615
29416.902101,2694544485,2694545067,8914,582
29416.914130,2694548377,2694548986,9277,609
29416.926146,2694552349,2694552959,9249,610
29416.938168,2694556402,2694556987,11846,585
29416.950198,2694560292,2694560900,9248,608
29416.962214,2694564251,2694564861,9248,610
29416.974236,2694568166,2694568751,8922,585
29416.986267,2694572016,2694572630,9237,614
29416.998285,2694575968,2694576583,9216,615
29417.010301,2694579867,2694580451,8929,584
29417.022336,2694583737,2694584345,9278,608
29417.034350,2694587675,2694588286,9170,611
29417.046372,2694591590,2694592174,8908,584
29417.058401,2694595595,2694596198,12139,603
29417.070410,2694599622,2694600228,11864,606
29417.082442,2694603514,2694604099,8947,585
29417.094472,2694607415,2694608029,9252,614
29417.106487,2694611359,2694611961,9235,602
29417.118507,2694615259,2694615842,8865,583
29417.130539,2694619161,2694619776,9289,615
29417.142556,2694623089,2694623702,9209,613
29417.154578,2694627152,2694627736,11846,584
29417.166607,2694631047,2694631663,9248,616
29417.178626,2694634972,2694635580,9228,608
29417.190646,2694638909,2694639493,8917,584
29417.202677,2694642819,2694643435,9174,616
29417.214693,2694646760,2694647362,9208,602
29417.226712,2694650635,2694651219,8863,584
29417.238745,2694654528,2694655132,9213,604
29417.250763,2694658427,2694659038,9217,611
29417.262781,2694662325,2694662909,8895,584
29417.274813,2694666352,2694666967,12087,615
29417.286821,2694670430,2694671036,11863,606
29417.298852,2694674357,2694674943,8938,586
29417.310880,2694678285,2694678901,9246,616
29417.322898,2694682195,2694682808,9145,613
29417.334919,2694686237,2694686820,8924,583
29417.346950,2694690178,2694690793,9172,615
29417.358960,2694694225,2694694827,11876,602
29417.370989,2694698252,2694698862,11984,610
29417.383018,2694702243,2694702848,9206,605
29417.395034,2694706252,2694706854,9192,602
29417.407053,2694710386,2694710965,11818,579
29417.419087,2694714527,2694715148,12091,621
29417.431098,2694718682,2694719284,11866,602
29417.443121,2694722715,2694723299,8904,584
29417.455157,2694726751,2694727359,9252,608
29417.467168,2694730870,2694731482,11865,612
29417.479190,2694734963,2694735548,11815,585
29417.491224,2694738978,2694739586,12115,608
29417.503236,2694743017,2694743630,11861,613
29417.515261,2694747045,2694747630,11827,585
29417.527294,2694751080,2694751688,12083,608
29417.539305,2694755258,2694755871,11870,613
29417.551329,2694759339,2694759922,11819,583
29417.563359,2694763400,2694764011,12086,611
29417.573872,2694766852,2694767436,8885,584
29417.585909,2694770738,2694771347,9254,609
29417.597925,2694774718,2694775322,9244,604
29417.609942,2694778600,2694779184,8874,584
29417.621975,2694782504,2694783123,12134,619
29417.670051,2694797804,2694798412,11869,608
29417.682082,2694801747,2694802331,8890,584
29417.694112,2694805640,2694806242,9203,602
29417.706129,2694809559,2694810164,9286,605
29417.718147,2694813448,2694814031,8888,583
29417.730181,2694817334,2694817942,9252,608
29417.742197,2694821261,2694821866,9265,605
29417.754219,2694825250,2694825834,8952,584
29417.766249,2694829110,2694829720,9243,610
29417.778266,2694833091,2694833706,9212,615
29417.790285,2694836997,2694837581,8877,584
29417.802320,2694840858,2694841472,9275,614
29417.814335,2694844803,2694845416,9168,613
29417.826355,2694848733,2694849317,8910,584
29417.838386,2694852645,2694853260,9192,615
29417.850402,2694856593,2694857203,9215,610
29417.862424,2694860531,2694861114,8922,583
29417.874454,2694864436,2694865047,9222,611
29417.886462,2694868474,2694869082,11867,608
29417.898493,2694872382,2694872966,8922,584
29417.910524,2694876316,2694876926,9267,610
29417.922541,2694880248,2694880856,9230,608
29417.934558,2694884145,2694884728,8889,583
29417.946590,2694888085,2694888689,9295,604
29417.958608,2694892053,2694892665,9175,612
29417.970627,2694895960,2694896545,8862,585
29418.059305,2694923847,2694924466,9276,619
29418.071324,2694927780,2694928396,9335,616
29418.083345,2694931804,2694932417,11978,613
29418.093872,2694935293,2694935764,7412,471
29418.105883,2694939047,2694939632,8896,585
29418.117919,2694942961,2694943574,12176,613
29418.129935,2694946918,2694947538,9259,620
29418.141953,2694950830,2694951415,8891,585
29418.153986,2694954873,2694955482,12172,609
29418.166005,2694958837,2694959457,9245,620
29418.178022,2694962753,2694963337,8884,584
29418.190056,2694966648,2694967255,9184,607
29418.202070,2694970602,2694971213,9252,611
29418.214090,2694974514,2694975099,8849,585
29418.226124,2694978407,2694979021,9226,614
29418.238142,2694982329,2694982944,9283,615
29418.250155,2694986246,2694986829,8909,583
29418.266700,2694991569,2694992185,9263,616
29418.278717,2694995521,2694996122,9208,601
29418.290731,2694999615,2695000199,11808,584
29418.302769,2695003649,2695004253,12075,604
29418.314787,2695007584,2695008186,9223,602
29418.326804,2695011482,2695012066,8880,584
29418.338837,2695015411,2695016026,9277,615
29418.350853,2695019332,2695019944,9192,612
29418.362876,2695023234,2695023819,8923,585
29418.374904,2695027221,2695027837,9243,616
29418.386921,2695031175,2695031791,9297,616
29418.398942,2695035112,2695035697,8926,585
29418.410974,2695039045,2695039655,9256,610
29418.422990,2695042926,2695043534,9176,608
29418.435008,2695046838,2695047424,8900,586
29418.447041,2695050982,2695051597,12082,615
29418.459059,2695055002,2695055615,9218,613
29418.471077,2695059042,2695059625,8826,583
29418.483111,2695063187,2695063800,12082,613
29418.495122,2695067326,2695067928,11889,602
29418.507142,2695071453,2695072037,11849,584
29418.519180,2695075605,2695076220,12079,615
29418.531188,2695079707,2695080310,11840,603
29418.543213,2695083694,2695084278,8867,584
29418.555246,2695087799,2695088414,12081,615
29418.567260,2695091933,2695092538,11871,605
29418.579283,2695095947,2695096532,11830,585
29418.591317,2695099873,2695100483,9228,610
29418.603335,2695103938,2695104548,12047,610
29418.615352,2695107961,2695108545,11817,584
29418.625879,2695111414,2695111874,7368,460
29418.637899,2695115192,2695115777,8948,585
29418.649930,2695119084,2695119695,9215,611
29418.661947,2695123029,2695123644,9257,615
29418.673964,2695126968,2695127551,11818,583
29418.685998,2695130847,2695131461,12167,614
29418.698016,2695134810,2695135415,9282,605
29418.710034,2695138717,2695139301,8914,584
29418.722068,2695142617,2695143227,9238,610
29418.734086,2695146576,2695147185,9281,609
29418.746102,2695150485,2695151069,8935,584
29418.758137,2695154353,2695154972,9278,619
29418.770153,2695158334,2695158949,9282,615
29418.782170,2695162224,2695162809,8831,585
29418.794205,2695166108,2695166722,9260,614
29418.806215,2695170179,2695170792,11952,613
29418.818243,2695174069,2695174655,8957,586
29418.830273,2695177947,2695178561,9275,614
29418.842289,2695181903,2695182518,9242,615
29418.854308,2695185804,2695186388,8889,584
29418.866344,2695189666,2695190276,9301,610
29418.878360,2695193626,2695194236,9273,610
29418.890375,2695197689,2695198273,11826,584
29418.902409,2695201749,2695202359,12094,610
29418.914426,2695205694,2695206301,9188,607
29418.926445,2695209610,2695210194,8884,584
29418.938479,2695213493,2695214097,9218,604
29418.950494,2695217408,2695218010,9186,602
29418.962514,2695221289,2695221872,8889,583
29418.974547,2695225213,2695225822,9218,609
29418.986563,2695229158,2695229768,9249,610
29418.998582,2695233042,2695233632,8921,590
29419.010614,2695236991,2695237605,9228,614
29419.022633,2695240882,2695241500,9191,618
29419.034650,2695244789,2695245375,8899,586
29419.046684,2695248688,2695249308,9245,620
29419.058700,2695252605,2695253213,9204,608
29419.070719,2695256503,2695257087,8863,584
29419.082752,2695260388,2695261000,9209,612
29419.094770,2695264298,2695264911,9188,613
29419.106783,2695268358,2695268942,11788,584
29419.118819,2695272412,2695273017,12057,605
29419.130837,2695276316,2695276919,9227,603
29419.142855,2695280208,2695280792,8921,584
29419.154887,2695284132,2695284747,9214,615
29419.166905,2695288036,2695288643,9248,607
29419.178926,2695291941,2695292526,8919,585
29419.190958,2695295861,2695296476,9275,615
29419.202974,2695299790,2695300405,9252,615
29419.214991,2695303712,2695304291,8886,579
29419.227024,2695307624,2695308239,9257,615
29419.239036,2695311655,2695312263,11871,608
29419.251064,2695315761,2695316346,11879,585
29419.263096,2695319920,2695320528,12087,608
29419.275110,2695323922,2695324535,9196,613
29419.287129,2695327912,2695328496,8894,584
29419.299162,2695332073,2695332685,12085,612
29419.311173,2695336115,2695336723,11867,608
29419.323194,2695340165,2695340750,11818,585
29419.335232,2695344221,2695344835,12080,614
29419.347239,2695348227,2695348835,11884,608
29419.359272,2695352259,2695352843,11855,584
29419.371299,2695356302,2695356906,12098,604
29419.383310,2695360336,2695360936,11864,600
29419.395334,2695364351,2695364935,11852,584
29419.405864,2695367816,2695368276,7392,460
29419.417886,2695371590,2695372048,7567,458
29419.429913,2695375333,2695375935,9256,602
29419.441928,2695379216,2695379818,9190,602
29419.453948,2695383091,2695383675,8898,584
29419.465982,2695386984,2695387595,9244,611
29419.478000,2695390917,2695391524,9131,607
29419.490015,2695394857,2695395442,11812,585
29419.502050,2695398809,2695399412,12179,603
29419.514069,2695402762,2695403367,9246,605
29419.526095,2695406679,2695407298,8901,619
29419.538118,2695410710,2695411330,9165,620
29419.550137,2695414730,2695415344,8927,614
29419.562163,2695418733,2695419353,8914,620
29419.574188,2695422732,2695423351,9250,619
29419.586206,2695426746,2695427366,8991,620
29419.598222,2695430719,2695431303,8899,584
29419.610257,2695434623,2695435235,9175,612
29419.622272,2695438755,2695439364,12011,609
29419.686903,2695459193,2695459795,12216,602
29419.698916,2695463107,2695463723,9229,616
29419.710935,2695467013,2695467596,8893,583
29419.722969,2695471091,2695471701,12085,610
29419.734977,2695475140,2695475753,11883,613
29419.747008,2695479034,2695479619,8960,585
29419.759037,2695483103,2695483712,12102,609
29419.771048,2695487225,2695487833,11873,608
29419.783072,2695491373,2695491956,8868,583
29419.795105,2695495561,2695496171,12116,610
29419.807120,2695499550,2695500163,9208,613
29419.819139,2695503522,2695504107,8875,585
29419.831174,2695507683,2695508297,12067,614
29419.843181,2695511706,2695512309,11866,603
29419.855213,2695515735,2695516319,11837,584
29419.867244,2695519773,2695520389,12070,616
29419.879253,2695523814,2695524427,11840,613
29419.891277,2695527705,2695528290,8896,585
29419.903311,2695531646,2695532250,9235,604
29419.915322,2695535675,2695536287,11868,612
29419.927350,2695539713,2695540329,11985,616
29419.937872,2695543176,2695543786,9280,610
29419.949895,2695547109,2695547693,8918,584
29419.961923,2695550987,2695551601,9206,614
29419.973944,2695554922,2695555536,9219,614
29419.984466,2695558530,2695559145,12155,615
29419.999489,2695563528,2695564142,11974,614
29420.010012,2695566985,2695567600,9245,615
29420.022028,2695571002,2695571586,11823,584
29420.034062,2695575007,2695575616,12166,609
29420.046078,2695578955,2695579563,9184,608
29420.058097,2695582839,2695583423,8867,584
29420.070132,2695586705,2695587319,9291,614
29420.082150,2695590670,2695591282,9283,612
29420.094166,2695594580,2695595164,8839,584
29420.106200,2695598586,2695599200,12174,614
29420.118216,2695602659,2695603274,12065,615
29420.130235,2695606542,2695607121,8881,579
29420.142268,2695610435,2695611049,9258,614
29420.154286,2695614390,2695615000,9275,610
29420.166304,2695618273,2695618851,8899,578
29420.178338,2695622139,2695622747,9303,608
29420.190352,2695626070,2695626685,9259,615
29420.202371,2695629980,2695630565,8915,585
29420.214405,2695633880,2695634489,9224,609
29420.226422,2695637826,2695638436,9281,610
29420.236947,2695641289,2695641894,9257,605
29420.294041,2695659302,2695659905,11872,603
29420.306067,2695663320,2695663905,11829,585
29420.318103,2695667339,2695667948,12138,609
29420.330119,2695671288,2695671898,9249,610
29420.342138,2695675188,2695675772,8895,584
29420.354171,2695679115,2695679724,9287,609
29420.366188,2695683046,2695683661,9247,615
29420.378206,2695686940,2695687523,8899,583
29420.390241,2695690783,2695691397,9279,614
29420.402258,2695694733,2695695347,9270,614
29420.414275,2695698637,2695699221,8879,584
29420.426309,2695702677,2695703290,12182,613
29420.438322,2695706758,2695707373,12022,615
29420.450346,2695710811,2695711421,11985,610
29420.462376,2695714739,2695715343,9251,604
29420.474394,2695718655,2695719270,9299,615
29420.486410,2695722571,2695723156,8893,585
29420.498445,2695726481,2695727099,9236,618
29420.510463,2695730387,2695730995,9239,608
29420.522475,2695734450,2695735034,11786,584
29420.534511,2695738504,2695739108,12074,604
29420.546531,2695742409,2695743022,9223,613
29420.558549,2695746315,2695746899,8857,584
29420.570582,2695750238,2695750843,9225,605
29420.582597,2695754165,2695754771,9189,606
29420.594617,2695758055,2695758640,8904,585
29420.606650,2695761988,2695762603,9259,615
29420.618667,2695765944,2695766553,9224,609
29420.630686,2695769855,2695770439,8892,584
29420.642719,2695773779,2695774393,9235,614
29420.654726,2695777866,2695778469,11868,603
29420.666757,2695781905,2695782509,11977,604
29420.678789,2695785826,2695786436,9252,610
29420.690804,2695789740,2695790348,9233,608
29420.702822,2695793637,2695794221,8887,584
29420.714856,2695797519,2695798137,9209,618
29420.726872,2695801449,2695802051,9189,602
29420.738888,2695805505,2695806089,11829,584
29420.750923,2695809547,2695810162,12060,615
29420.762941,2695813438,2695814041,9218,603
29420.774958,2695817333,2695817918,8881,585
29420.786991,2695821268,2695821884,9229,616
29420.799008,2695825177,2695825794,9189,617
29420.811030,2695829274,2695829858,11822,584
29420.823060,2695833290,2695833905,9207,615
29420.835081,2695837326,2695837936,9317,610
29420.847095,2695841359,2695841944,8852,585
29420.859130,2695845494,2695846099,12088,605
29420.871138,2695849600,2695850208,11860,608
29420.941777,2695871805,2695872389,8887,584
29420.970341,2695880909,2695881524,9354,615
29421.001892,2695890884,2695891497,9149,613
29421.013919,2695894814,2695895397,8930,583
29421.025950,2695898708,2695899315,9239,607
29421.037963,2695902684,2695903288,12023,604
29421.049986,2695906604,2695907219,11985,615
29421.062017,2695910518,2695911127,9255,609
29421.074034,2695914467,2695915072,9276,605
29421.086052,2695918363,2695918947,8912,584
29421.098086,2695922247,2695922853,9244,606
29421.110104,2695926208,2695926813,9279,605
29421.122119,2695930255,2695930839,11849,584
29421.134155,2695934258,2695934867,12138,609
29421.146172,2695938200,2695938805,9246,605
29421.158189,2695942115,2695942699,8906,584
29421.170224,2695945983,2695946585,9267,602
29421.182242,2695949910,2695950513,9247,603
29421.194258,2695953809,2695954392,8877,583
29421.206291,2695957705,2695958319,9236,614
29421.218308,2695961664,2695962279,9226,615
29421.230327,2695965570,2695966153,8864,583
29421.242360,2695969463,2695970071,9224,608
29421.254375,2695973525,2695974145,12023,620
29421.266396,2695977584,2695978193,11981,609
29421.278430,2695981483,2695982091,9221,608
29421.290446,2695985417,2695986020,9190,603
29421.302464,2695989293,2695989877,8859,584
29421.314497,2695993181,2695993798,9213,617
29421.326513,2695997122,2695997724,9179,602
29421.338527,2696001192,2696001777,11797,585
29421.350564,2696005237,2696005842,12065,605
29421.362582,2696009143,2696009756,9201,613
29421.374600,2696013037,2696013616,8898,579
29421.386634,2696016961,2696017571,9244,610
29421.398650,2696020905,2696021512,9211,607
29421.410669,2696024799,2696025383,8859,584
29421.422702,2696028746,2696029355,9209,609
29421.434721,2696032678,2696033298,9294,620
29421.446738,2696036576,2696037160,8904,584
29421.458772,2696040492,2696041107,9253,615
29421.470780,2696044533,2696045136,11871,603
29421.482808,2696048565,2696049180,11978,615
29421.494839,2696052544,2696053159,9273,615
29421.506854,2696056482,2696057095,9244,613
29421.518873,2696060375,2696060959,8849,584
29421.530908,2696064231,2696064842,9287,611
29421.542924,2696068136,2696068744,9232,608
29421.554940,2696072194,2696072779,11791,585
29421.566975,2696076256,2696076866,12114,610
29421.578992,2696080164,2696080767,9233,603
29421.591010,2696084239,2696084822,11815,583
29421.603043,2696088323,2696088932,12078,609
29421.615055,2696092417,2696093029,11885,612
29421.627080,2696096569,2696097154,11855,585
29421.639112,2696100623,2696101227,9233,604
29421.651131,2696104625,2696105235,9271,610
29421.663147,2696108769,2696109354,11817,585
29421.675181,2696112811,2696113425,12097,614
29421.687193,2696116838,2696117441,11888,603
29421.699219,2696120877,2696121482,11983,605
29421.711249,2696124946,2696125555,12090,609
29421.723265,2696128857,2696129465,9208,608
29421.735287,2696132770,2696133355,8920,585
29421.747318,2696136802,2696137410,12093,608
29421.759337,2696140871,2696141481,12049,610
29421.771356,2696144931,2696145541,11992,610
29421.781881,2696148410,2696149019,9287,609
29421.793902,2696152356,2696152966,9008,610
29421.805932,2696156316,2696156926,9199,610
29421.817949,2696160270,2696160885,9274,615
29421.829974,2696164235,2696164838,8979,603
29421.842002,2696168189,2696168804,9216,615
29421.854015,2696172194,2696172798,12015,604
29421.866039,2696176224,2696176834,11991,610
29421.878071,2696180166,2696180775,9305,609
29421.890088,2696184121,2696184736,9245,615
29421.902110,2696188072,2696188686,8951,614
29421.914139,2696192018,2696192638,9212,620
29421.926156,2696195996,2696196611,9218,615
29421.938175,2696200090,2696200704,11974,614
29421.950202,2696204142,2696204761,12070,619
29421.962221,2696208076,2696208677,9257,601
29421.974239,2696211981,2696212584,8817,603
29421.986273,2696215886,2696216470,9219,584
29421.998288,2696219779,2696220381,9241,602
29422.010314,2696223720,2696224330,8987,610
29422.022343,2696227609,2696228192,9183,583
29422.034359,2696231529,2696232144,9250,615
29422.046384,2696235417,2696236032,8984,615
29422.058413,2696239336,2696239920,9215,584
29422.070428,2696243275,2696243895,9280,620
29422.082448,2696247338,2696247948,11982,610
29422.094476,2696251233,2696251843,9232,610
29422.106494,2696255162,2696255775,9210,613
29422.118516,2696259028,2696259634,8913,606
29422.130552,2696262944,2696263530,9190,586
29422.142564,2696266837,2696267439,9250,602
29422.154586,2696270856,2696271469,11840,613
29422.166618,2696274937,2696275558,12122,621
29422.178632,2696278875,2696279476,9234,601
29422.190651,2696282747,2696283359,8884,612
29422.202686,2696286655,2696287270,9256,615
29422.214699,2696290592,2696291211,9260,619
29422.226720,2696294455,2696295073,8882,618
29422.238759,2696298412,2696298995,9255,583
29422.250773,2696302328,2696302933,9236,605
29422.262788,2696306188,2696306800,8902,612
29422.274826,2696310134,2696310717,9271,583
29422.286837,2696314172,2696314786,12058,614
29422.298859,2696318227,2696318841,11988,614
29422.310885,2696322141,2696322751,9191,610
29422.322904,2696326086,2696326705,9209,619
29422.334925,2696329960,2696330568,8882,608
29422.346960,2696333871,2696334482,9228,611
29422.358974,2696337801,2696338409,9244,608
29422.370999,2696341833,2696342441,11855,608
29422.383029,2696345965,2696346585,12085,620
29422.395044,2696350111,2696350718,12092,607
29422.407067,2696354195,2696354798,11817,603
29422.419099,2696358378,2696358961,12029,583
29422.431111,2696362507,2696363126,12049,619
29422.443136,2696366650,2696367263,11820,613
29422.455165,2696370688,2696371298,9268,610
29422.467179,2696374675,2696375294,9275,619
29422.479203,2696378692,2696379303,11841,611
29422.491231,2696382743,2696383348,12083,605
29422.503248,2696386772,2696387381,12062,609
29422.515273,2696390809,2696391424,11992,615
29422.527303,2696394883,2696395493,12128,610
29422.539318,2696398928,2696399535,12092,607
29422.551336,2696402790,2696403408,8906,618
29422.561866,2696406268,2696406876,9287,608
29422.573880,2696410166,2696410773,8821,607
29422.585917,2696414134,2696414718,9225,584
29422.597932,2696418042,2696418657,9279,615
29422.609951,2696421928,2696422530,8875,602
29422.621983,2696425812,2696426427,9222,615
29422.634002,2696429786,2696430396,9298,610
29422.646017,2696433666,2696434278,8867,612
29422.658049,2696437591,2696438206,9162,615
29422.670066,2696441657,2696442262,12018,605
29422.682090,2696445660,2696446270,12016,610
29422.694118,2696449553,2696450158,9206,605
29422.706139,2696453505,2696454110,9290,605
29422.718154,2696457371,2696457984,8887,613
29422.730189,2696461308,2696461892,9170,584
29422.742207,2696465218,2696465828,9211,610
29422.754224,2696469087,2696469690,8849,603
29422.766255,2696473163,2696473767,12137,604
29422.778276,2696477116,2696477718,9272,602
29422.790290,2696481012,2696481614,8873,602
29422.802326,2696484961,2696485571,9232,610
29422.814341,2696488923,2696489527,9288,604
29422.826361,2696492779,2696493392,8834,613
29422.838393,2696496711,2696497321,9206,610
29422.850413,2696500668,2696501278,9272,610
29422.862427,2696504589,2696505207,8923,618
29422.874463,2696508540,2696509161,9239,621
29422.886476,2696512631,2696513234,12063,603
29422.898500,2696516667,2696517280,11986,613
29422.910528,2696520608,2696521229,9224,621
29422.922546,2696524546,2696525153,9251,607
29422.934567,2696528410,2696529018,8869,608
29422.946600,2696532310,2696532929,9182,619
29422.958616,2696536264,2696536883,9284,619
29422.970637,2696540306,2696540908,11872,602
29422.982665,2696544340,2696544950,12076,610
29422.994684,2696548273,2696548879,9273,606
29423.006702,2696552131,2696552739,8860,608
29423.018738,2696556031,2696556646,9207,615
29423.030751,2696559949,2696560558,9227,609
29423.042773,2696563819,2696564432,8923,613
29423.054808,2696567762,2696568371,9263,609
29423.066823,2696571730,2696572340,9233,610
29423.078839,2696575608,2696576224,8859,616
29423.090873,2696579577,2696580192,9258,615
29423.102889,2696583650,2696584258,12069,608
29423.114907,2696587716,2696588331,11961,615
29423.126942,2696591652,2696592272,9212,620
29423.138956,2696595583,2696596192,9233,609
29423.150976,2696599478,2696600091,8881,613
29423.163011,2696603425,2696604041,9274,616
29423.175028,2696607533,2696608151,12076,618
29423.187050,2696611651,2696612264,11816,613
29423.199077,2696615825,2696616408,11977,583
29423.211093,2696619884,2696620485,12033,601
29423.223121,2696623931,2696624538,11820,607
29423.235148,2696628041,2696628650,12078,609
29423.247164,2696632103,2696632711,12078,608
29423.259190,2696636187,2696636795,11813,608
29423.271217,2696640162,2696640778,9272,616
29423.283232,2696644099,2696644703,9278,604
29423.295254,2696648093,2696648705,11843,612
29423.307282,2696652192,2696652776,11940,584
29423.319300,2696656193,2696656805,12060,612
29423.331326,2696660230,2696660835,12012,605
29423.343354,2696664281,2696664865,11970,584
29423.353863,2696667684,2696668302,8863,618
29423.365901,2696671573,2696672157,9190,584
29423.377915,2696675511,2696676117,9250,606
29423.389934,2696679366,2696679974,8874,608
29423.401971,2696683311,2696683894,9243,583
29423.413985,2696687221,2696687831,9276,610
29423.426000,2696691086,2696691694,8881,608
29423.438033,2696695005,2696695616,9229,611
29423.450052,2696698965,2696699570,9285,605
29423.462069,2696702832,2696703439,8858,607
29423.474104,2696706757,2696707341,9199,584
29423.486118,2696710785,2696711400,12013,615
29423.498141,2696714820,2696715430,11984,610
29423.510174,2696718718,2696719302,9234,584
29423.522191,2696722692,2696723297,9256,605
29423.534206,2696726541,2696727154,8853,613
29423.556332,2696734120,2696734735,11947,615
29423.622882,2696754962,2696755577,9204,615
29423.654443,2696764985,2696765595,9183,610
29423.666463,2696768953,2696769558,9262,605
29423.678482,2696772811,2696773424,8862,613
29423.690520,2696776780,2696777364,9222,584
29423.702530,2696780825,2696781437,12081,612
29423.714553,2696784859,2696785474,11986,615
29423.726581,2696788774,2696789389,9244,615
29423.738599,2696792728,2696793336,9267,608
29423.750617,2696796600,2696797213,8900,613
29423.762654,2696800524,2696801108,9185,584
29423.774666,2696804439,2696805041,9196,602
29423.786687,2696808353,2696808956,8891,603
29423.798719,2696812408,2696812991,11980,583
29423.810736,2696816297,2696816902,9283,605
29423.822754,2696820171,2696820778,8893,607
29423.834790,2696824093,2696824698,9227,605
29423.846801,2696828006,2696828615,9245,609
29423.858824,2696831876,2696832484,8870,608
29423.870859,2696835822,2696836436,9234,614
29423.921949,2696851970,2696852583,11841,613
29423.933980,2696855913,2696856497,9178,584
29423.945994,2696859805,2696860407,9237,602
29423.958012,2696863658,2696864260,8828,602
29423.970046,2696867549,2696868159,9199,610
29423.982063,2696871517,2696872127,9245,610
29423.994082,2696875385,2696875985,8895,600
29424.006114,2696879304,2696879919,9260,615
29424.018134,2696883256,2696883860,9260,604
29424.030149,2696887118,2696887731,8872,613
29424.042181,2696891036,2696891646,9216,610
29424.054199,2696895135,2696895749,9269,614
29424.066222,2696899194,2696899805,11983,611
29424.078250,2696903115,2696903735,9162,620
29424.088768,2696906760,2696907375,11989,615
29424.109810,2696913664,2696914279,12087,615
29424.142868,2696924323,2696924936,11834,613
29424.154900,2696928433,2696929043,12101,610
29424.166912,2696932348,2696932957,9257,609
29424.178930,2696936219,2696936827,8863,608
29424.190964,2696940317,2696940922,12083,605
29424.202978,2696944386,2696944994,12044,608
29424.215004,2696948434,2696949049,11990,615
29424.227038,2696952546,2696953127,11967,581
29424.239051,2696956645,2696957258,12084,613
29424.251073,2696960729,2696961337,11840,608
29424.261591,2696964289,2696964903,9209,614
29424.279625,2696970245,2696970847,9211,602
29424.290152,2696973661,2696974265,9184,604
29424.302168,2696977740,2696978345,12013,605
29424.314194,2696981768,2696982388,11991,620
29424.326226,2696985685,2696986269,9216,584
29424.338243,2696989594,2696990203,9222,609
29424.350258,2696993464,2696994071,8917,607
29424.362289,2696997387,2696998007,9216,620
29424.374310,2697001350,2697001959,9269,609
29424.386328,2697005238,2697005851,8900,613
29424.398362,2697009161,2697009744,9189,583
29424.410380,2697013088,2697013690,9253,602
29424.422395,2697016959,2697017562,8832,603
29424.434433,2697020931,2697021514,9177,583
29424.446447,2697024852,2697025462,9266,610
29424.458465,2697028735,2697029348,8874,613
29424.470497,2697032644,2697033259,9262,615
29424.482517,2697036615,2697037225,9293,610
29424.494532,2697040488,2697041106,8891,618
29424.506567,2697044446,2697045055,9259,609
29424.518580,2697048531,2697049138,12060,607
29424.530604,2697052563,2697053178,11985,615
29424.542634,2697056499,2697057083,9215,584
29424.554656,2697060470,2697061091,9246,621
29424.566675,2697064624,2697065239,11995,615
29424.578703,2697068623,2697069244,8940,621
29424.590726,2697072644,2697073265,9247,621
29424.602745,2697076658,2697077279,9011,621
29424.614771,2697080676,2697081297,8867,621
29424.626787,2697084769,2697085370,12063,601
29424.638812,2697088810,2697089418,11840,608
29424.650842,2697092765,2697093381,9247,616
29424.662855,2697096685,2697097299,9224,614
29424.674873,2697100550,2697101168,8820,618
29424.686908,2697104522,2697105127,9219,605
29424.698923,2697108472,2697109083,9247,611
29424.710947,2697112532,2697113144,11841,612
29424.722976,2697116648,2697117264,12097,616
29424.734991,2697120710,2697121324,12054,614
29424.747013,2697124826,2697125436,11974,610
29424.759044,2697128801,2697129384,9209,583
29424.771062,2697132917,2697133524,12054,607
29424.783086,2697137029,2697137636,11840,607
29424.795114,2697141247,2697141863,12069,616
29424.807131,2697145386,2697145993,12079,607
29424.819149,2697149323,2697149925,8891,602
29424.831183,2697153432,2697154047,12072,615
29424.843198,2697157361,2697157962,9239,601
29424.855225,2697161354,2697161967,11844,613
29424.867253,2697165439,2697166043,12074,604
29424.879269,2697169458,2697170072,12084,614
29424.891290,2697173507,2697174115,11849,608
29424.903319,2697177451,2697178065,9268,614
29424.915338,2697181385,2697181996,9275,611
29424.927360,2697185398,2697186010,11882,612
29424.937881,2697188879,2697189483,9275,604
29424.970946,2697199504,2697200114,12083,610
29424.982965,2697203475,2697204080,9248,605
29425.040076,2697221552,2697222165,11851,613
29425.082155,2697234851,2697235466,9293,615
29425.094173,2697238739,2697239351,8881,612
29425.106205,2697242680,2697243295,9241,615
29425.118222,2697246789,2697247404,12016,615
29425.130246,2697250843,2697251458,11985,615
29425.142277,2697254784,2697255367,9189,583
29425.154295,2697258711,2697259320,9280,609
29425.166309,2697262575,2697263183,8860,608
29425.178341,2697266495,2697267105,9160,610
29425.190358,2697270593,2697271197,12027,604
29425.202380,2697274467,2697275075,8875,608
29425.214413,2697278504,2697279089,11970,585
29425.226431,2697282441,2697283058,9258,617
29425.238448,2697286316,2697286934,8878,618
29425.250483,2697290243,2697290859,9197,616
29425.262500,2697294205,2697294815,9263,610
29425.274515,2697298082,2697298695,8876,613
29425.286550,2697302030,2697302639,9215,609
29425.298567,2697306005,2697306619,9238,614
29425.310585,2697309887,2697310499,8864,612
29425.322623,2697313846,2697314430,9249,584
29425.334633,2697317890,2697318498,12084,608
29425.346657,2697321939,2697322559,12022,620
29425.358685,2697325873,2697326476,9208,603
29425.370703,2697329797,2697330405,9209,608
29425.382720,2697333678,2697334296,8862,618
29425.394756,2697337622,2697338236,9255,614
29425.406769,2697341545,2697342154,9207,609
29425.418791,2697345422,2697346035,8883,613
29425.430825,2697349377,2697349992,9256,615
29425.442836,2697353321,2697353920,9244,599
29425.454856,2697357198,2697357811,8864,613
29425.466892,2697361132,2697361742,9221,610
29425.478906,2697365081,2697365695,9251,614
29425.490927,2697368953,2697369560,8924,607
29425.502961,2697372923,2697373532,9259,609
29425.514978,2697376874,2697377484,9264,610
29425.527000,2697380863,2697381480,11845,617
29425.539028,2697385039,2697385622,11940,583
29425.551046,2697389170,2697389784,12078,614
29425.563068,2697393341,2697393945,12001,604
29425.575100,2697397538,2697398121,11968,583
29425.587115,2697401708,2697402310,12082,602
29425.599136,2697405777,2697406384,11841,607
29425.611163,2697409919,2697410534,12083,615
29425.623182,2697413949,2697414564,9245,615
29425.671269,2697429061,2697429668,8875,607
29425.683304,2697433132,2697433747,12070,615
29425.695320,2697437176,2697437795,12080,619
29425.707345,2697441318,2697441936,11819,618
29425.717868,2697444822,2697445287,7394,465
29425.729890,2697448611,2697449081,7581,470
29425.741918,2697452405,2697452987,9179,582
29425.753934,2697456349,2697456964,9266,615
29425.765952,2697460233,2697460846,8846,613
29425.777986,2697464129,2697464734,9244,605
29425.790002,2697468090,2697468704,9227,614
29425.802019,2697471971,2697472579,8880,608
29425.814053,2697475867,2697476472,9217,605
29425.826071,2697479842,2697480455,9231,613
29425.838089,2697483712,2697484325,8918,613
29425.850117,2697487774,2697488388,12061,614
29425.862139,2697491872,2697492487,12055,615
29425.874158,2697495743,2697496345,8893,602
29425.886195,2697499621,2697500205,9213,584
29425.898210,2697503555,2697504165,9281,610
29425.910224,2697507437,2697508045,8793,608
29425.922260,2697511352,2697511936,9217,584
29425.934272,2697515397,2697516006,12037,609
29425.946298,2697519442,2697520057,11991,615
29425.958330,2697523359,2697523942,9169,583
29425.970347,2697527296,2697527901,9256,605
29425.982365,2697531333,2697531953,11986,620
29426.062021,2697556432,2697557047,12070,615
29426.074044,2697560381,2697560991,9257,610
29426.086059,2697564248,2697564860,8873,612
29426.098097,2697568130,2697568714,9156,584
29426.110109,2697572322,2697572938,12017,616
29426.122128,2697576237,2697576845,8883,608
29426.134160,2697580263,2697580873,12080,610
29426.146179,2697584347,2697584962,12064,615
29426.158198,2697588230,2697588837,8841,607
29426.170232,2697592153,2697592738,9205,585
29426.182250,2697596089,2697596698,9292,609
29426.194264,2697599956,2697600569,8862,613
29426.206298,2697603855,2697604465,9186,610
29426.218317,2697607831,2697608441,9238,610
29426.230335,2697611704,2697612306,8855,602
29426.242369,2697615596,2697616208,9173,612
29426.254387,2697619558,2697620168,9280,610
29426.266404,2697623648,2697624250,11804,602
29426.278434,2697627730,2697628340,12118,610
29426.290455,2697631689,2697632304,9277,615
29426.302470,2697635569,2697636172,8834,603
29426.314503,2697639496,2697640111,9194,615
29426.326524,2697643464,2697644078,9268,614
29426.338537,2697647384,2697647987,8846,603
29426.350573,2697651427,2697652011,11989,584
29426.362587,2697655466,2697656075,12054,609
29426.374609,2697659344,2697659945,8890,601
29426.386644,2697663292,2697663907,9249,615
29426.398658,2697667220,2697667829,9228,609
29426.410676,2697671092,2697671705,8842,613
29426.422714,2697675067,2697675651,9205,584
29426.434723,2697678957,2697679566,9260,609
29426.446746,2697682825,2697683443,8793,618
29426.458781,2697686765,2697687384,9257,619
29426.470793,2697690693,2697691312,9231,619
29426.482820,2697694729,2697695342,11842,613
29426.494850,2697698648,2697699264,9246,616
29426.506862,2697702610,2697703229,9267,619
29426.518880,2697706512,2697707120,8886,608
29426.530915,2697710460,2697711070,9261,610
29426.542929,2697714378,2697714990,9209,612
29426.554950,2697718257,2697718870,8878,613
29426.566983,2697722335,2697722919,11939,584
29426.579001,2697726348,2697726955,12079,607
29426.591022,2697730353,2697730955,11837,602
29426.603050,2697734462,2697735082,12085,620
29426.615068,2697738629,2697739243,12056,614
29426.627086,2697742680,2697743293,8859,613
29426.639118,2697746915,2697747499,11941,584
29426.651135,2697750898,2697751501,9236,603
29426.663156,2697754820,2697755433,8856,613
29426.675189,2697758922,2697759534,12073,612
29426.687207,2697762974,2697763593,12082,619
29426.699228,2697767036,2697767649,11856,613
29426.711256,2697771130,2697771745,12069,615
29426.723271,2697775225,2697775839,9214,614
29426.735293,2697779095,2697779702,8837,607
29426.747329,2697783044,2697783628,9224,584
29426.759343,2697787029,2697787636,12089,607
29426.769875,2697790445,2697791029,9251,584
29426.781884,2697794341,2697794948,9171,607
29426.793907,2697798220,2697798833,8808,613
29426.805945,2697802136,2697802719,9198,583
29426.817959,2697806081,2697806690,9290,609
29426.829974,2697809981,2697810594,8923,613
29426.842011,2697813873,2697814456,9214,583
29426.854026,2697817817,2697818432,9263,615
29426.866043,2697821828,2697822441,11832,613
29426.878078,2697825788,2697826372,11996,584
29426.890096,2697829719,2697830334,9287,615
29426.902111,2697833594,2697834207,8772,613
29426.914149,2697837489,2697838072,9256,583
29426.926160,2697841678,2697842289,12019,611
29426.938181,2697845580,2697846193,8868,613
29426.950212,2697849643,2697850259,12082,616
29426.962231,2697853747,2697854352,12080,605
29426.974250,2697857669,2697858275,8875,606
29426.986280,2697861735,2697862318,11954,583
29426.998300,2697865658,2697866263,9298,605
29427.010318,2697869549,2697870157,8872,608
29427.022352,2697873452,2697874062,9230,610
29427.034370,2697877419,2697878024,9313,605
29427.046385,2697881304,2697881917,8903,613
29427.058420,2697885213,2697885796,9177,583
29427.070437,2697889151,2697889755,9264,604
29427.082457,2697893177,2697893780,11839,603
29427.094483,2697897215,2697897830,12068,615
29427.106505,2697901341,2697901955,12074,614
29427.118524,2697905230,2697905837,8909,607
29427.130554,2697909156,2697909765,9250,609
29427.142574,2697913108,2697913724,9272,616
29427.154591,2697917009,2697917617,8901,608
29427.166624,2697921096,2697921701,12087,605
29427.178639,2697925171,2697925775,12040,604
29427.190659,2697929033,2697929638,8859,605
29427.202694,2697932985,2697933606,9267,621
29427.214708,2697936917,2697937536,9274,619
29427.226730,2697940799,2697941412,8884,613
29427.238768,2697944748,2697945332,9197,584
29427.250781,2697948677,2697949292,9292,615
29427.262796,2697952538,2697953141,8877,603
29427.274833,2697956474,2697957057,9233,583
29427.286846,2697960521,2697961129,12064,608
29427.298870,2697964575,2697965188,11840,613
29427.310895,2697968665,2697969275,12065,610
29427.322914,2697972592,2697973194,9254,602
29427.334932,2697976470,2697977083,8838,613
29427.346970,2697980423,2697981006,9217,583
29427.358981,2697984323,2697984928,9240,605
29427.371002,2697988224,2697988837,8866,613
29427.383040,2697992346,2697992931,11972,585
29427.395053,2697996460,2697997074,12087,614
29427.407074,2698000560,2698001166,11840,606
29427.419103,2698004710,2698005331,12112,621
29427.431118,2698008771,2698009378,9233,607
29427.443143,2698012865,2698013483,11843,618
29427.455171,2698017033,2698017643,12070,610
29427.467186,2698020987,2698021596,9204,609
29427.479208,2698024855,2698025468,8866,613
29427.491243,2698028930,2698029549,12074,619
29427.503258,2698033138,2698033745,12099,607
29427.515280,2698037140,2698037753,11822,613
29427.527308,2698041242,2698041852,12083,610
29427.539323,2698045316,2698045919,9225,603
29427.551347,2698049190,2698049798,8903,608
29427.621992,2698071448,2698072032,11975,584
29427.686606,2698091906,2698092519,11837,613
29427.698637,2698096017,2698096621,12090,604
29427.710651,2698100089,2698100697,12097,608
29427.722673,2698103959,2698104572,8875,613
29427.734709,2698107870,2698108489,9182,619
29427.746724,2698111848,2698112453,9263,605
29427.758739,2698115703,2698116311,8840,608
29427.770778,2698119643,2698120228,9242,585
29427.782789,2698123686,2698124305,12058,619
29427.794811,2698127738,2698128353,11987,615
29427.806843,2698131709,2698132313,9265,604
29427.818856,2698135640,2698136243,9224,603
29427.830877,2698139503,2698140116,8846,613
29427.842912,2698143426,2698144041,9239,615
29427.854926,2698147352,2698147960,9215,608
29427.866942,2698151231,2698151844,8892,613
29427.878975,2698155145,2698155760,9210,615
29427.890993,2698159081,2698159688,9221,607
29427.903018,2698163082,2698163690,11843,608
29427.915050,2698167192,2698167813,12114,621
29427.927063,2698171367,2698171986,12054,619
29427.939088,2698175511,2698176124,11819,613
29427.951117,2698179629,2698180250,9199,621
29427.963134,2698183745,2698184355,9287,610
29427.975156,2698187782,2698188401,11853,619
29427.987185,2698191907,2698192528,12075,621
29427.999201,2698195920,2698196529,12090,609
29428.011225,2698199942,2698200551,12013,609
29428.023254,2698204036,2698204619,11984,583
29428.035268,2698208038,2698208652,12055,614
29428.047293,2698212043,2698212651,11821,608
29428.059323,2698216132,2698216747,12070,615
29428.071337,2698220163,2698220776,12065,613
29428.081872,2698223582,2698224022,7499,440
29428.093886,2698227358,2698227826,7396,468
29428.105900,2698231090,2698231703,8845,613
29428.117936,2698235022,2698235605,9206,583
29428.129953,2698238958,2698239573,9303,615
29428.141970,2698242858,2698243460,8877,602
29428.154006,2698246780,2698247365,9219,585
29428.166020,2698250740,2698251355,12022,615
29428.178038,2698254692,2698255305,11804,613
29428.190075,2698258578,2698259161,9234,583
29428.202089,2698262494,2698263104,9250,610
29428.214108,2698266349,2698266957,8882,608
29428.226141,2698270243,2698270863,9201,620
29428.238157,2698274201,2698274816,9273,615
29428.346361,2698308258,2698308873,12047,615
29428.358382,2698312173,2698312782,8903,609
29428.370414,2698316091,2698316710,9243,619
29428.382434,2698320067,2698320671,9278,604
29428.394452,2698324102,2698324707,11985,605
29428.406484,2698328026,2698328609,9198,583
29428.418496,2698331925,2698332533,9221,608
29428.430519,2698335794,2698336402,8839,608
29428.442552,2698339696,2698340311,9196,615
29428.454571,2698343688,2698344303,9267,615
29428.466586,2698347556,2698348164,8863,608
29428.478618,2698351465,2698352074,9221,609
29428.490638,2698355419,2698356038,9243,619
29428.502656,2698359297,2698359910,8883,613
29428.514688,2698363380,2698363984,12071,604
29428.526704,2698367445,2698368054,12095,609
29428.538723,2698371302,2698371915,8852,613
29428.550760,2698375235,2698375818,9237,583
29428.562774,2698379158,2698379763,9264,605
29428.574793,2698383030,2698383643,8881,613
29428.586828,2698386974,2698387584,9210,610
29428.598842,2698391044,2698391657,12086,613
29428.610864,2698395087,2698395702,11996,615
29428.622896,2698399025,2698399639,9260,614
29428.634909,2698402957,2698403570,9209,613
29428.646927,2698406827,2698407440,8851,613
29428.658962,2698410779,2698411394,9227,615
29428.670976,2698414728,2698415331,9282,603
29428.682997,2698418592,2698419193,8911,601
29428.695034,2698422538,2698423122,9250,584
29428.707049,2698426645,2698427256,12096,611
29428.719071,2698430720,2698431328,11821,608
29428.731101,2698434924,2698435508,11969,584
29428.743115,2698439085,2698439699,12055,614
29428.755140,2698443163,2698443764,11842,601
29428.767168,2698447369,2698447983,12084,614
29428.779186,2698451368,2698451983,9265,615
29428.791209,2698455421,2698456034,11843,613
29428.803236,2698459527,2698460141,12072,614
29428.815251,2698463545,2698464153,12064,608
29428.827278,2698467571,2698468191,12014,620
29428.839308,2698471649,2698472231,11968,582
29428.851320,2698475651,2698476264,12053,613
29428.863347,2698479660,2698480263,11810,603
29428.873869,2698483111,2698483724,9259,613
29428.885884,2698486997,2698487599,8830,602
29428.897925,2698490899,2698491338,7442,439
29428.909938,2698494712,2698495321,12074,609
29428.921952,2698498611,2698499219,8854,608
29428.933987,2698502533,2698503117,9210,584
29428.946005,2698506482,2698507092,9316,610
29428.958023,2698510391,2698511005,8884,614
29428.970055,2698514322,2698514932,9208,610
29428.982071,2698518367,2698518972,12022,605
29428.998601,2698523829,2698524437,11836,608
29429.010630,2698527896,2698528480,12006,584
29429.022649,2698531814,2698532422,9261,608
29429.034667,2698535676,2698536289,8856,613
29429.046704,2698539606,2698540189,9212,583
29429.058717,2698543500,2698544113,9192,613
29429.070735,2698547363,2698547971,8922,608
29429.082769,2698551291,2698551905,9242,614
29429.094787,2698555235,2698555850,9276,615
29429.106805,2698559106,2698559723,8865,617
29429.118840,2698563070,2698563685,9241,615
29429.130854,2698567138,2698567746,12109,608
29429.142876,2698571194,2698571798,11981,604
29429.154906,2698575137,2698575721,9221,584
29429.166920,2698579069,2698579673,9270,604
29429.178939,2698582940,2698583548,8857,608
29429.190976,2698586857,2698587441,9213,584
29429.202988,2698590738,2698591352,9249,614
29429.215013,2698594788,2698595391,11835,603
29429.227041,2698598867,2698599451,11979,584
29429.239059,2698602957,2698603564,12061,607
29429.251085,2698607064,2698607666,11841,602
29429.263113,2698611226,2698611835,12127,609
29429.275128,2698615382,2698615990,12083,608
29429.287150,2698619483,2698620091,11820,608
29429.299177,2698623496,2698624116,9178,620
29429.311194,2698627480,2698628090,9277,610
29429.323215,2698631351,2698631963,8876,612
29429.335250,2698635430,2698636040,12079,610
29429.347265,2698639450,2698640063,12083,613
29429.359287,2698643488,2698644097,11998,609
29429.371317,2698647634,2698648244,12082,610
29429.383332,2698651779,2698652387,12055,608
29429.395357,2698655796,2698656404,11820,608
29429.405878,2698659245,2698659851,9203,606
29429.417895,2698663123,2698663731,8861,608
29429.429933,2698667023,2698667607,9220,584
29429.441944,2698670908,2698671522,9206,614
29429.453966,2698674783,2698675401,8878,618
29429.466003,2698678682,2698679267,9195,585
29429.478018,2698682618,2698683228,9221,610
29429.490032,2698686503,2698687115,8868,612
29429.502069,2698690443,2698691027,9235,584
29429.514081,2698694494,2698695114,12017,620
29429.526106,2698698505,2698699115,11989,610
29429.538138,2698702431,2698703015,9225,584
29429.550155,2698706368,2698706978,9242,610
29429.562169,2698710219,2698710827,8803,608
29429.574204,2698714279,2698714901,9260,622
29429.586220,2698718451,2698719066,12015,615
29429.598238,2698722400,2698723018,8876,618
29429.610268,2698726481,2698727095,12082,614
29429.622290,2698730497,2698731105,9289,608
29429.634309,2698734387,2698735005,8846,618
29429.646343,2698738328,2698738938,9236,610
29429.658359,2698742284,2698742894,9237,610
29429.670375,2698746162,2698746775,8809,613
29429.682408,2698750034,2698750638,9246,604
29429.694427,2698753981,2698754590,9257,609
29429.706446,2698757844,2698758455,8913,611
29429.718481,2698761781,2698762365,9200,584
29429.730496,2698765838,2698766443,12042,605
29429.742515,2698769876,2698770491,11984,615
29429.754543,2698773787,2698774396,9154,609
29429.766561,2698777743,2698778352,9218,609
29429.778588,2698781687,2698782291,8968,604
29429.790615,2698785613,2698786229,9217,616
29429.802634,2698789584,2698790188,9253,604
29429.814650,2698793483,2698794084,8900,601
29429.826682,2698797571,2698798155,11962,584
29429.838698,2698801475,2698802076,9259,601
29429.850720,2698805331,2698805934,8858,603
29429.862755,2698809228,2698809832,9286,604
29429.874768,2698813153,2698813762,9226,609
29429.886787,2698817021,2698817640,8878,619
29429.898822,2698820968,2698821577,9270,609
29429.910837,2698824930,2698825538,9249,608
29429.922856,2698828807,2698829419,8874,612
29429.934893,2698832778,2698833363,9262,585
29429.946906,2698836811,2698837419,12078,608
29429.958928,2698840833,2698841448,11975,615
29429.970959,2698844923,2698845539,12099,616
29429.982975,2698848899,2698849514,9246,615
29430.022045,2698861283,2698861884,11807,601
29430.034079,2698865203,2698865787,9182,584
29430.046096,2698869123,2698869733,9237,610
29430.058114,2698872992,2698873599,8850,607
29430.070145,2698876909,2698877514,9213,605
29430.082164,2698880845,2698881454,9260,609
29430.149789,2698902093,2698902707,9233,614
29430.182859,2698912733,2698913338,12102,605
29430.194878,2698916694,2698917298,9264,604
29430.206893,2698920553,2698921162,8856,609
29430.218929,2698924504,2698925124,9291,620
29430.230944,2698928565,2698929179,12064,614
29430.242967,2698932609,2698933224,11989,615
29430.254998,2698936554,2698937162,9285,608
29430.267013,2698940616,2698941218,12051,602
29430.279038,2698944650,2698945252,11824,602
29430.291067,2698948782,2698949397,12086,615
29430.303082,2698952958,2698953561,12068,603
29430.315101,2698956891,2698957504,8824,613
29430.327135,2698960855,2698961470,9243,615
29430.339152,2698964952,2698965564,12083,612
29430.351170,2698968964,2698969577,8899,613
29430.363207,2698973064,2698973647,11971,583
29430.375220,2698977087,2698977705,12081,618
29430.387244,2698981097,2698981704,11844,607
29430.399272,2698985253,2698985863,12073,610
29430.411291,2698989311,2698989921,12054,610
29430.423312,2698993344,2698993963,11846,619
29430.435341,2698997441,2698998057,12095,616
29430.445850,2699000870,2699001478,8850,608
29430.457882,2699004764,2699005374,9228,610
29430.469899,2699008693,2699009295,9213,602
29430.481921,2699012565,2699013178,8901,613
29430.493956,2699016485,2699017068,9162,583
29430.505973,2699020407,2699021016,9301,609
29430.517987,2699024299,2699024912,8846,613
29430.530021,2699028253,2699028837,11972,584
29430.542042,2699032210,2699032825,12111,615
29430.554056,2699036082,2699036695,8879,613
29430.566091,2699040004,2699040587,9190,583
29430.578105,2699043910,2699044520,9267,610
29430.590127,2699047782,2699048395,8833,613
29430.602161,2699051728,2699052318,9254,590
29430.614178,2699055659,2699056263,9206,604
29430.626194,2699059717,2699060327,11966,610
29430.638225,2699063654,2699064256,9207,602
29430.650245,2699067633,2699068238,9236,605
29430.662262,2699071485,2699072097,8859,612
29430.674295,2699075388,2699076004,9214,616
29430.686314,2699079339,2699079954,9220,615
29430.698333,2699083205,2699083818,8859,613
29430.710367,2699087139,2699087723,9182,584
29430.722384,2699091048,2699091662,9249,614
29430.734399,2699094967,2699095585,8811,618
29430.746435,2699099011,2699099595,11997,584
29430.758454,2699103072,2699103682,12070,610
29430.770467,2699106946,2699107549,8882,603
29430.782503,2699110870,2699111453,9202,583
29430.794519,2699114787,2699115397,9263,610
29430.806538,2699118734,2699119351,8877,617
29430.818569,2699122651,2699123261,9182,610
29430.830589,2699126628,2699127237,9301,609
29430.842611,2699130534,2699131149,8965,615
29430.854639,2699134429,2699135011,9174,582
29430.866657,2699138358,2699138968,9245,610
29430.878675,2699142217,2699142825,8884,608
29430.890708,2699146119,2699146740,9142,621
29430.902723,2699150069,2699150683,9219,614
29430.914741,2699153935,2699154553,8859,618
29430.926776,2699157885,2699158489,9242,604
29430.938791,2699161796,2699162414,9255,618
29430.950811,2699165744,2699166353,8845,609
29430.962843,2699169812,2699170395,11941,583
29430.974859,2699173866,2699174480,12052,614
29430.986876,2699177750,2699178363,8842,613
29430.998912,2699181702,2699182322,9240,620
29431.010926,2699185643,2699186256,9201,613
29431.022947,2699189516,2699190124,8863,608
29431.034985,2699193482,2699194066,9293,584
29431.046994,2699197388,2699197997,9224,609
29431.059020,2699201413,2699202028,12008,615
29431.071049,2699205536,2699206113,11969,577
29431.083067,2699209662,2699210270,12078,608
29431.095090,2699213746,2699214348,11859,602
29431.107118,2699217892,2699218502,12070,610
29431.119133,2699221984,2699222592,12059,608
29431.131151,2699225846,2699226454,8849,608
29431.143186,2699229895,2699230505,9230,610
29431.155202,2699233962,2699234574,12052,612
29431.167228,2699237975,2699238583,11817,608
29431.179258,2699242077,2699242660,11970,583
29431.191272,2699246107,2699246720,12079,613
29431.203295,2699250099,2699250702,11885,603
29431.215322,2699254204,2699254787,11961,583
29431.227339,2699258202,2699258810,12052,608
29431.237873,2699261606,2699262188,9253,582
29431.249884,2699265502,2699266106,9182,604
29431.261909,2699269416,2699269874,7540,458
29431.273935,2699273145,2699273760,9185,615
29431.285957,2699277127,2699277732,9242,605
29431.297970,2699281014,2699281627,8858,613
29431.310006,2699284944,2699285528,9167,584
29431.322023,2699288877,2699289491,9254,614
29431.334041,2699292746,2699293354,8828,608
29431.346075,2699296711,2699297294,11989,583
29431.358092,2699300741,2699301346,12077,605
29431.370108,2699304633,2699305235,8882,602
29431.382144,2699308548,2699309134,9148,586
29431.394157,2699312445,2699313048,9154,603
29431.406175,2699316336,2699316947,8812,611
29431.418212,2699320263,2699320847,9223,584
29431.430228,2699324188,2699324803,9208,615
29431.442251,2699328093,2699328697,8992,604
29431.454277,2699331992,2699332604,9178,612
29431.466299,2699335932,2699336537,9263,605
29431.478314,2699339801,2699340414,8876,613
29431.490345,2699343717,2699344326,9157,609
29431.502365,2699347676,2699348291,9231,615
29431.514384,2699351551,2699352164,8859,613
29431.526418,2699355454,2699356038,9178,584
29431.538436,2699359369,2699359989,9283,620
29431.550451,2699363241,2699363843,8864,602
29431.562485,2699367286,2699367895,12127,609
29431.574502,2699371398,2699372008,12056,610
29431.586521,2699375268,2699375870,8874,602
29431.598556,2699379189,2699379773,9236,584
29431.610572,2699383107,2699383716,9190,609
29431.622594,2699386992,2699387613,8975,621
29431.634624,2699390928,2699391511,9211,583
29431.646640,2699394843,2699395453,9251,610
29431.658664,2699398749,2699399354,8990,605
29431.670690,2699402665,2699403273,9213,608
29431.682710,2699406622,2699407232,9269,610
29431.694724,2699410495,2699411103,8832,608
29431.706760,2699414427,2699415048,9240,621
29431.718773,2699418368,2699418981,9260,613
29431.730795,2699422232,2699422839,8916,607
29431.742832,2699426120,2699426704,9280,584
29431.754842,2699430027,2699430634,9253,607
29431.766859,2699433921,2699434529,8881,608
29431.778896,2699437999,2699438614,12076,615
29431.790908,2699442089,2699442703,12040,614
29431.802931,2699445950,2699446558,8865,608
29431.814963,2699449862,2699450472,9195,610
29431.826979,2699453806,2699454413,9219,607
29431.839005,2699457806,2699458424,11840,618
29431.851034,2699461925,2699462508,11944,583
29431.863048,2699465904,2699466512,9268,608
29431.875066,2699469879,2699470487,8835,608
29431.887101,2699474029,2699474611,11946,582
29431.899117,2699478150,2699478764,12052,614
29431.911142,2699482192,2699482795,11868,603
29431.923170,2699486260,2699486864,12114,604
29431.935187,2699490384,2699490997,12089,613
29431.947205,2699494261,2699494869,8872,608
29431.959242,2699498229,2699498813,9158,584
29431.971255,2699502260,2699502873,12078,613
29432.007323,2699513771,2699514373,12053,602
29432.019347,2699517783,2699518391,11842,608
29432.029870,2699521259,2699521864,9263,605
29432.041885,2699525144,2699525752,8827,608
29432.053922,2699529048,2699529628,9255,580
29432.065938,2699532982,2699533592,9287,610
29432.077955,2699536878,2699537480,11827,602
29432.089985,2699540795,2699541411,12094,616
29432.102006,2699544749,2699545354,9271,605
29432.114023,2699548656,2699549269,8870,613
29432.126062,2699552536,2699553120,9223,584
29432.138075,2699556450,2699557065,9254,615
29432.150091,2699560343,2699560944,8817,601
29432.162127,2699564335,2699564919,11999,584
29432.174146,2699568362,2699568972,12074,610
29432.186159,2699572260,2699572862,8910,602
29432.198195,2699576183,2699576767,9170,584
29432.210209,2699580072,2699580674,9201,602
29432.222228,2699583945,2699584558,8838,613
29432.234261,2699587885,2699588495,9188,610
29432.246282,2699591850,2699592455,9228,605
29432.258296,2699595724,2699596337,8818,613
29432.270335,2699599613,2699600194,9210,581
29432.282349,2699603541,2699604156,9237,615
29432.294366,2699607565,2699608173,11823,608
29432.306396,2699611437,2699612052,9199,615
29432.318418,2699615386,2699616001,9290,615
29432.330436,2699619250,2699619868,8881,618
29432.342467,2699623177,2699623792,9181,615
29432.354487,2699627126,2699627734,9225,608
29432.366503,2699630993,2699631606,8900,613
29432.378536,2699635054,2699635663,12112,609
29432.390550,2699639131,2699639734,12055,603
29432.402573,2699642992,2699643599,8888,607
29432.414604,2699646912,2699647527,9230,615
29432.426624,2699650854,2699651464,9228,610
29432.438639,2699654710,2699655323,8859,613
29432.450672,2699658639,2699659259,9246,620
29432.462692,2699662603,2699663218,9273,615
29432.474716,2699666506,2699667121,8953,615
29432.486742,2699670446,2699671058,9230,612
29432.498758,2699674375,2699674984,9247,609
29432.510782,2699678372,2699678980,11838,608
29432.522809,2699682252,2699682872,9170,620
29432.534824,2699686182,2699686791,9233,609
29432.546843,2699690033,2699690641,8887,608
29432.567895,2699697164,2699697774,12016,610
29432.582919,2699702089,2699702694,8984,605
29432.594947,2699706190,2699706800,12062,610
29432.606971,2699710290,2699710905,12098,615
29432.618989,2699714267,2699714876,9008,609
29432.631016,2699718234,2699718844,8950,610
29432.643040,2699722255,2699722876,9265,621
29432.655058,2699726465,2699727085,12012,620
29432.667086,2699730661,2699731270,12040,609
29432.679107,2699734758,2699735363,9209,605
29432.691126,2699738782,2699739386,8958,604
29432.703153,2699742946,2699743564,12053,618
29432.715177,2699747122,2699747731,12087,609
29432.727197,2699751281,2699751891,12008,610
29432.739223,2699755387,2699755992,12079,605
29432.751244,2699759486,2699760103,12070,617
29432.763263,2699763455,2699764076,8965,621
29432.775290,2699767413,2699768034,8889,621
29432.787316,2699771513,2699772127,12093,614
29432.799332,2699775595,2699776216,12009,621
29432.811361,2699779689,2699780303,12041,614
29432.821876,2699783179,2699783789,8969,610
29432.833904,2699787162,2699787777,8912,615
29432.845929,2699791142,2699791756,9216,614
29432.857946,2699795120,2699795730,8965,610
29432.869973,2699799074,2699799688,9001,614
29432.881997,2699803037,2699803642,9242,605
29432.894011,2699807041,2699807651,11976,610
29432.906041,2699811107,2699811722,12037,615
29432.918064,2699815082,2699815703,9237,621
29432.930081,2699819061,2699819665,8953,604
29432.942110,2699823034,2699823650,8973,616
29432.954134,2699827009,2699827619,9255,610
29432.966152,2699830978,2699831588,8970,610
29432.978177,2699835075,2699835684,12045,609
29432.994708,2699840617,2699841227,12066,610
29433.006724,2699844715,2699845319,11987,604
29433.018755,2699848682,2699849302,8926,620
29433.030779,2699852661,2699853271,9240,610
29433.042795,2699856646,2699857261,8965,615
29433.054823,2699860605,2699861220,8866,615
29433.066848,2699864678,2699865294,9207,616
29433.093899,2699873459,2699874063,12088,604
29433.105914,2699877460,2699878070,11977,610
29433.117944,2699881446,2699882063,12037,617
29433.129965,2699885430,2699886044,9241,614
29433.158519,2699894802,2699895422,12036,620
29433.170545,2699898772,2699899387,9274,615
29433.182563,2699902746,2699903361,8929,615
29433.194589,2699906739,2699907353,8868,614
29433.206613,2699910873,2699911488,12104,615
29433.218631,2699914864,2699915472,8936,608
29433.230658,2699918821,2699919431,8928,610
29433.242682,2699922791,2699923401,9216,610
29433.254698,2699926761,2699927371,8957,610
29433.266725,2699930715,2699931330,8933,615
29433.278748,2699934842,2699935453,12101,611
29433.290766,2699938814,2699939424,8983,610
29433.302793,2699942789,2699943402,8893,613
29433.314816,2699946757,2699947367,9230,610
29433.326833,2699950868,2699951479,12000,611
29433.338862,2699954972,2699955588,12035,616
29433.350883,2699958928,2699959542,9246,614
29433.362902,2699962918,2699963532,8975,614
29433.374930,2699966875,2699967491,8929,616
29433.386953,2699970855,2699971471,9221,616
29433.398971,2699974822,2699975426,8949,604
29433.411000,2699978911,2699979521,11981,610
29433.438049,2699987811,2699988427,12051,616
29433.454582,2699993262,2699993876,9202,614
29433.466602,2699997230,2699997840,8981,610
29433.478629,2700001184,2700001794,8966,610
29433.490653,2700005139,2700005760,9204,621
29433.502672,2700009120,2700009727,8989,607
29433.514698,2700013088,2700013703,8968,615
29433.526722,2700017998,2700018632,12945,634
29433.538737,2700027709,2700028860,16348,1151
29433.550767,2700035961,2700036776,13909,815
29433.562790,2700040487,2700041092,9251,605
29433.574807,2700044452,2700045067,8989,615
29433.586834,2700048423,2700049042,8913,619
29433.606365,2700054958,2700055573,11986,615
29433.618395,2700058919,2700059522,8921,603
29433.637925,2700065416,2700066031,11984,615
29433.649956,2700069390,2700070007,8963,617
29433.661980,2700073384,2700073999,9242,615
29433.673996,2700077373,2700077989,8989,616
29433.686025,2700081362,2700081976,8943,614
29433.698049,2700085358,2700085977,9243,619
29433.710062,2700089434,2700090049,11973,615
29433.722091,2700093513,2700094134,12033,621
29433.734117,2700097493,2700098097,9261,604
29433.746131,2700101569,2700102185,11978,616
29433.758162,2700105540,2700106156,8933,616
29433.770186,2700109503,2700110118,9219,615
29433.782203,2700113499,2700114109,8915,610
29433.794229,2700117598,2700118208,12041,610
29433.806253,2700121722,2700122337,12100,615
29433.818272,2700125709,2700126317,8975,608
29433.830299,2700129690,2700130306,8949,616
29433.842323,2700133655,2700134276,9227,621
29433.854340,2700137683,2700138288,9007,605
29433.866365,2700141637,2700142252,8909,615
29433.878390,2700145588,2700146204,9245,616
29433.890407,2700149559,2700150174,8951,615
29433.902434,2700153530,2700154144,8928,614
29433.914459,2700157490,2700158101,9232,611
29433.926475,2700161631,2700162235,12050,604
29433.938503,2700165751,2700166372,12035,621
29433.949020,2700169260,2700169720,7567,460
29433.970062,2700176052,2700176667,12035,615
29433.991102,2700182887,2700183497,9243,610
29434.003120,2700187054,2700187669,12011,615
29434.015148,2700191245,2700191861,12037,616
29434.027169,2700195407,2700196017,12108,610
29434.039189,2700199506,2700200111,12009,605
29434.051217,2700203594,2700204204,12037,610
29434.063238,2700207908,2700208518,12072,610
29434.075258,2700212018,2700212639,12011,621
29434.087285,2700216145,2700216759,12041,614
29434.099308,2700220256,2700220865,12074,609
29434.111325,2700224282,2700224894,8948,612
29434.123352,2700228247,2700228863,8947,616
29434.133871,2700231744,2700232359,8985,615
29434.145896,2700235717,2700236336,8915,619
29434.157922,2700239700,2700240320,9222,620
29434.169935,2700243678,2700244289,8991,611
29434.198498,2700253055,2700253659,12079,604
29434.210515,2700257172,2700257782,12009,610
29434.222543,2700261254,2700261875,12035,621
29434.234566,2700265234,2700265843,9221,609
29434.246584,2700269193,2700269803,8960,610
29434.258611,2700273159,2700273775,8912,616
29434.270637,2700277135,2700277750,9217,615
29434.282655,2700281098,2700281702,8968,604
29434.294681,2700285068,2700285679,8904,611
29434.306706,2700289025,2700289644,9231,619
29434.318721,2700292995,2700293608,8940,613
29434.330750,2700296968,2700297584,8951,616
29434.342775,2700301106,2700301710,12084,604
29434.354788,2700305213,2700305827,11974,614
29434.366819,2700309182,2700309796,8951,614
29434.378841,2700313153,2700313774,9257,621
29434.390859,2700317140,2700317744,8944,604
29434.402886,2700321126,2700321742,8856,616
29434.414910,2700325078,2700325682,9233,604
29434.426929,2700329184,2700329799,12008,615
29434.438956,2700333295,2700333910,12039,615
29434.450977,2700337254,2700337863,9206,609
29434.462996,2700341203,2700341813,9006,610
29434.475021,2700345206,2700345822,8947,616
29434.487048,2700349390,2700350005,12087,615
29434.499064,2700353606,2700354210,12015,604
29434.511090,2700357703,2700358318,8907,615
29434.523114,2700361782,2700362392,9194,610
29434.535132,2700365977,2700366593,12014,616
29434.547160,2700370144,2700370760,12037,616
29434.559182,2700374305,2700374919,12071,614
29434.571201,2700378419,2700379030,12053,611
29434.583229,2700382521,2700383141,12041,620
29434.595251,2700386667,2700387288,8912,621
29434.607273,2700390687,2700391308,8968,621
29434.619298,2700394824,2700395439,12040,615
29434.631321,2700399007,2700399622,12040,615
29434.643344,2700403142,2700403763,12044,621
29434.653865,2700406662,2700407283,8947,621
29434.665883,2700410653,2700411269,8929,616
29434.677909,2700414785,2700415401,8900,616
29434.689933,2700418736,2700419351,9251,615
29434.701951,2700422715,2700423324,8973,609
29434.713978,2700426675,2700427296,8958,621
29434.726001,2700430662,2700431272,12076,610
29434.738016,2700434668,2700435284,11979,616
29434.750046,2700438648,2700439263,8934,615
29434.762070,2700442620,2700443233,9285,613
29434.774088,2700446601,2700447210,8955,609
29434.786115,2700450570,2700451181,8939,611
29434.798139,2700454528,2700455144,9200,616
29434.810153,2700458629,2700459244,12017,615
29434.822184,2700462732,2700463341,12042,609
29434.834206,2700466693,2700467307,9180,614
29434.846225,2700470690,2700471310,8963,620
29434.858252,2700474685,2700475295,8951,610
29434.870276,2700478700,2700479310,9240,610
29434.886801,2700484234,2700484844,8959,610
29434.898828,2700488202,2700488818,8910,616
29434.910851,2700492171,2700492781,9245,610
29434.922869,2700496132,2700496748,8967,616
29434.934895,2700500104,2700500723,8848,619
29434.946920,2700504079,2700504689,9212,610
29434.958938,2700508214,2700508818,12013,604
29434.970966,2700512342,2700512958,12036,616
29435.070154,2700544223,2700544839,12039,616
29435.082180,2700548203,2700548824,9244,621
29435.094199,2700552188,2700552798,8985,610
29435.106225,2700556146,2700556750,8940,604
29435.118249,2700560098,2700560717,9247,619
29435.130267,2700564083,2700564693,8981,610
29435.142293,2700568198,2700568803,12041,605
29435.154316,2700572305,2700572915,12102,610
29435.166335,2700576288,2700576892,8956,604
29435.178362,2700580259,2700580875,8879,616
29435.190387,2700584213,2700584828,9245,615
29435.202404,2700588168,2700588783,8937,615
29435.214431,2700592131,2700592747,8958,616
29435.226454,2700596232,2700596847,12087,615
29435.238469,2700600351,2700600966,11977,615
29435.250499,2700604313,2700604927,8940,614
29435.262524,2700608264,2700608874,9262,610
29435.274541,2700612233,2700612848,9008,615
29435.286565,2700616193,2700616808,8977,615
29435.406790,2700653933,2700654542,9266,609
29435.418809,2700657850,2700658463,8860,613
29435.430843,2700661825,2700662439,9239,614
29435.442858,2700665908,2700666520,12090,612
29435.454880,2700669968,2700670584,11998,616
29435.466910,2700673926,2700674529,9235,603
29435.478924,2700677845,2700678447,9251,602
29435.490949,2700681875,2700682480,8943,605
29435.502977,2700685821,2700686436,9221,615
29435.514991,2700689758,2700690371,9274,613
29435.527013,2700693642,2700694245,8832,603
29435.539048,2700697675,2700698287,9220,612
29435.551064,2700701848,2700702465,12081,617
29435.563087,2700705966,2700706574,11812,608
29435.575113,2700710113,2700710697,11955,584
29435.587131,2700714247,2700714861,12051,614
29435.599157,2700718299,2700718907,11843,608
29435.611183,2700722474,2700723058,11953,584
29435.623201,2700726441,2700727050,9271,609
29435.654761,2700736543,2700737146,12124,603
29435.666780,2700740413,2700741014,8898,601
29435.678815,2700744333,2700744917,9195,584
29435.690830,2700748254,2700748859,9280,605
29435.702845,2700752131,2700752744,8821,613
29435.714880,2700756092,2700756712,9282,620
29435.726895,2700760028,2700760637,9216,609
29435.738916,2700763901,2700764514,8861,613
29435.750952,2700767829,2700768412,9243,583
29435.762965,2700771745,2700772358,9260,613
29435.774990,2700775804,2700776418,11855,614
29435.787019,2700779927,2700780542,12080,615
29435.799035,2700784056,2700784670,12082,614
29435.811057,2700788167,2700788770,11842,603
29435.823086,2700792340,2700792945,12086,605
29435.835103,2700796452,2700797070,12057,618
29435.847127,2700800482,2700801090,11818,608
29435.859157,2700804614,2700805224,12082,610
29435.871172,2700808718,2700809327,12090,609
29435.895220,2700816458,2700817074,9189,616
29435.907237,2700820559,2700821168,12038,609
29435.919264,2700824552,2700825165,11849,613
29435.931291,2700828654,2700829238,11962,584
29435.943307,2700832540,2700833154,9265,614
29435.955326,2700836434,2700837042,8873,608
29435.967360,2700840526,2700841134,12066,608
29435.977879,2700844026,2700844485,7562,459
29436.078567,2700875388,2700875996,9253,608
29436.090584,2700879249,2700879851,8887,602
29436.102616,2700883223,2700883834,9226,611
29436.114637,2700887343,2700887957,12055,614
29436.126653,2700891220,2700891828,8867,608
29436.138688,2700895153,2700895767,9258,614
29436.150705,2700899109,2700899717,9284,608
29436.162724,2700902976,2700903579,8915,603
29436.174757,2700907030,2700907646,12111,616
29436.186774,2700911154,2700911763,12057,609
29436.198790,2700915032,2700915650,8867,618
29436.210825,2700918954,2700919539,9170,585
29436.222841,2700922894,2700923514,9257,620
29436.234859,2700926769,2700927382,8887,613
29436.246897,2700930732,2700931317,9233,585
29436.258911,2700934679,2700935300,9290,621
29436.270931,2700938728,2700939343,12005,615
29436.282961,2700942720,2700943329,9273,609
29436.294977,2700946802,2700947415,12104,613
29436.306995,2700950800,2700951418,8845,618
29436.319030,2700954911,2700955526,12069,615
29436.331045,2700959102,2700959716,12063,614
29436.343063,2700963072,2700963685,8818,613
29436.355094,2700967091,2700967701,9213,610
29436.367114,2700971229,2700971841,12068,612
29436.379139,2700975301,2700975914,11844,613
29436.391170,2700979419,2700980034,12101,615
29436.403182,2700983518,2700984127,12064,609
29436.415207,2700987523,2700988136,11814,613
29436.427235,2700991631,2700992240,12101,609
29436.439253,2700995818,2700996427,12041,609
29436.451274,2700999814,2701000427,11847,613
29436.463303,2701003874,2701004459,11966,585
29436.475320,2701007901,2701008504,12058,603
29436.487343,2701011940,2701012560,11999,620
29436.497867,2701015450,2701016064,9323,614
29436.509890,2701019439,2701020044,9000,605
29436.521919,2701023358,2701023942,9200,584
29436.533936,2701027283,2701027896,9252,613
29436.545951,2701031149,2701031751,8856,602
29436.557989,2701035143,2701035727,12037,584
29436.678205,2701073036,2701073643,12057,607
29436.690225,2701076936,2701077544,8848,608
29436.702257,2701080859,2701081469,9166,610
29436.714276,2701084826,2701085440,9250,614
29436.726295,2701088714,2701089315,8856,601
29436.738330,2701092614,2701093197,9224,583
29436.750346,2701096550,2701097163,9268,613
29436.762363,2701100459,2701101067,8850,608
29436.774398,2701104494,2701105079,11999,585
29436.786417,2701108588,2701109202,12065,614
29436.798431,2701112464,2701113077,8943,613
29436.810463,2701116399,2701117015,9219,616
29436.822483,2701120357,2701120977,9256,620
29436.834501,2701124239,2701124852,8914,613
29436.846536,2701128169,2701128753,9225,584
29436.858553,2701132096,2701132700,9236,604
29436.870571,2701136152,2701136767,11985,615
29436.914165,2701149999,2701150583,11994,584
29436.926183,2701153942,2701154557,9284,615
29436.938197,2701157860,2701158478,8867,618
29436.950232,2701161786,2701162368,9229,582
29436.962246,2701165747,2701166350,9275,603
29436.974266,2701169683,2701170291,8839,608
29436.986299,2701173779,2701174363,11967,584
29436.998318,2701177692,2701178296,9295,604
29437.010334,2701181549,2701182162,8871,613
29437.022371,2701185440,2701186025,9235,585
29437.034386,2701189352,2701189968,9274,616
29437.046405,2701193238,2701193845,8938,607
29437.058439,2701197160,2701197744,9193,584
29437.070456,2701201074,2701201683,9213,609
29437.082471,2701204951,2701205552,8896,601
29437.094506,2701208875,2701209459,9184,584
29437.106523,2701212802,2701213417,9235,615
29437.118541,2701216678,2701217291,8878,613
29437.130576,2701220621,2701221204,9159,583
29437.142593,2701224554,2701225169,9223,615
29437.154608,2701228434,2701229036,8878,602
29437.166641,2701232325,2701232934,9205,609
29437.178660,2701236283,2701236888,9248,605
29437.190679,2701240324,2701240937,11836,613
29437.202706,2701244413,2701245017,12071,604
29437.214729,2701248359,2701248964,9204,605
29437.226747,2701252221,2701252834,8864,613
29437.238780,2701256131,2701256746,9237,615
29437.250799,2701260088,2701260699,9272,611
29437.262812,2701264001,2701264609,8843,608
29437.274849,2701267918,2701268502,9181,584
29437.286867,2701271996,2701272618,12058,622
29437.298882,2701275881,2701276482,8835,601
29437.310921,2701279835,2701280419,9259,584
29437.322931,2701283737,2701284351,9252,614
29437.334949,2701287613,2701288226,8852,613
29437.527325,2701338933,2701339548,9259,615
29437.537857,2701341913,2701342370,3652,457
29437.549870,2701345644,2701346108,7407,464
29437.561883,2701349412,2701350015,8829,603
29437.573924,2701353337,2701353776,7434,439
29437.585938,2701357123,2701357738,12070,615
29437.597952,2701361058,2701361665,8859,607
29437.609987,2701364970,2701365553,9235,583
29437.622005,2701368903,2701369518,9302,615
29437.634022,2701372802,2701373420,8828,618
29437.646059,2701376757,2701377341,9193,584
29437.658071,2701380663,2701381265,9216,602
29437.670092,2701384591,2701385200,8938,609
29437.682123,2701388489,2701389082,9164,593
29437.694141,2701392407,2701393016,9287,609
29437.706159,2701396274,2701396882,8867,608
29437.718191,2701400189,2701400809,9200,620
29437.730211,2701404163,2701404767,9273,604
29437.742233,2701408079,2701408690,8980,611
29437.754261,2701411995,2701412579,9256,584
29437.766276,2701415973,2701416585,9233,612
29437.778295,2701419886,2701420499,8844,613
29437.790327,2701423934,2701424544,12035,610
29437.802346,2701428027,2701428632,12058,605
29437.814365,2701431911,2701432514,8883,603
29437.826397,2701435835,2701436445,9170,610
29437.838418,2701439781,2701440384,9271,603
29437.850432,2701443682,2701444294,8856,612
29437.862464,2701447609,2701448219,9245,610
29437.874483,2701451573,2701452183,9293,610
29437.886508,2701455491,2701456112,8948,621
29437.898532,2701459426,2701460034,9256,608
29437.910551,2701463355,2701463969,9238,614
29437.922567,2701467239,2701467847,8886,608
29437.934601,2701471119,2701471734,9196,615
29437.946621,2701475091,2701475705,9255,614
29437.958637,2701478994,2701479602,8878,608
29437.970669,2701482921,2701483531,9188,610
29438.138988,2701527466,2701528081,8943,615
29438.151015,2701530720,2701531335,9150,615
29438.163028,2701534674,2701535293,9251,619
29438.175047,2701538617,2701539225,8851,608
29438.187080,2701542669,2701543284,9067,615
29438.199098,2701546802,2701547419,12063,617
29438.211122,2701550892,2701551505,11819,613
29438.223150,2701555015,2701555599,11945,584
29438.235173,2701559081,2701559689,12113,608
29438.247189,2701563113,2701563721,11876,608
29438.259220,2701567194,2701567809,12077,615
29438.271237,2701571281,2701571890,12041,609
29438.283260,2701575274,2701575888,11843,614
29438.295289,2701579353,2701579937,11971,584
29438.307301,2701583264,2701583872,9216,608
29438.319324,2701587147,2701587751,8963,604
29438.331358,2701591194,2701591797,12113,603
29438.341869,2701594642,2701595260,8886,618
29438.353904,2701598587,2701599171,9193,584
29438.365918,2701602476,2701603088,9225,612
29438.377934,2701606371,2701606989,8885,618
29438.389970,2701610347,2701610932,11965,585
29438.401989,2701614297,2701614912,12078,615
29438.414005,2701618217,2701618825,8851,608
29438.426040,2701622158,2701622744,9173,586
29438.438057,2701626081,2701626691,9291,610
29438.450072,2701629942,2701630550,8858,608
29438.462110,2701633837,2701634421,9240,584
29438.474125,2701637771,2701638380,9268,609
29438.486149,2701641696,2701642306,8982,610
29438.498177,2701645607,2701646188,9186,581
29438.510195,2701649528,2701650138,9218,610
29438.522212,2701653599,2701654206,11830,607
29438.534246,2701657480,2701658095,9099,615
29438.546260,2701661410,2701662019,9230,609
29438.558276,2701665307,2701665915,8844,608
29438.570313,2701669220,2701669804,9213,584
29438.582335,2701673144,2701673760,9296,616
29438.594347,2701677053,2701677654,8838,601
29438.606381,2701681082,2701681666,11971,584
29438.618399,2701685176,2701685786,12069,610
29438.630417,2701689048,2701689651,8900,603
29438.642447,2701692973,2701693588,9169,615
29438.654469,2701696935,2701697545,9291,610
29438.666483,2701700802,2701701410,8827,608
29438.678520,2701704694,2701705277,9233,583
29438.690535,2701708627,2701709237,9234,610
29438.702560,2701712525,2701713135,8933,610
29438.714588,2701716429,2701717011,9200,582
29438.726602,2701720325,2701720929,9234,604
29438.738626,2701724344,2701724957,11837,613
29438.750654,2701728264,2701728874,9232,610
29438.762671,2701732272,2701732893,8996,621
29438.774701,2701736285,2701736906,8935,621
29438.786724,2701740309,2701740925,9260,616
29438.798743,2701744326,2701744946,9002,620
29438.810770,2701748336,2701748957,8910,621
29438.822793,2701752482,2701753102,12089,620
29438.834812,2701756595,2701757200,12067,605
29438.846826,2701760453,2701761061,8894,608
29438.858858,2701764383,2701764997,9153,614
29438.870874,2701768306,2701768908,9218,602
29438.943011,2701791174,2701791776,12068,602
29438.955036,2701795157,2701795765,11846,608
29438.967063,2701799353,2701799968,12063,615
29439.157926,2701844752,2701845209,3821,457
29439.169947,2701847912,2701848527,5814,615
29439.181969,2701851374,2701851985,5472,611
29439.193997,2701854847,2701855455,12064,608
29439.206013,2701858503,2701859104,11811,601
29439.218044,2701862456,2701863039,11970,583
29439.230062,2701866378,2701866988,9293,610
29439.242078,2701870242,2701870849,8856,607
29439.254117,2701874202,2701874786,9247,584
29439.266131,2701878153,2701878762,9272,609
29439.278149,2701882024,2701882632,8913,608
29439.290184,2701885946,2701886530,9214,584
29439.302201,2701889890,2701890505,9235,615
29439.314215,2701893792,2701894402,8861,610
29439.326250,2701897705,2701898289,9222,584
29439.338265,2701901774,2701902384,12020,610
29439.350286,2701905812,2701906418,11803,606
29439.362323,2701909712,2701910296,9220,584
29439.374338,2701913625,2701914240,9270,615
29439.386353,2701917538,2701918146,8852,608
29439.398390,2701921419,2701922002,9222,583
29439.410405,2701925356,2701925966,9285,610
29439.422422,2701929311,2701929930,8920,619
29439.434452,2701933406,2701934026,12062,620
29439.446474,2701937375,2701937985,9285,610
29439.458490,2701941253,2701941860,8834,607
29439.470525,2701945172,2701945787,9229,615
29439.482537,2701949105,2701949719,9217,614
29439.494560,2701952985,2701953593,8868,608
29439.506592,2701956904,2701957514,9197,610
29439.518611,2701960860,2701961470,9286,610
29439.530626,2701964727,2701965343,8885,616
29439.542662,2701968649,2701969233,9223,584
29439.554678,2701972724,2701973329,12043,605
29439.566697,2701976726,2701977339,11800,613
29439.578729,2701980663,2701981278,9247,615
29439.590749,2701984613,2701985223,9297,610
29439.602763,2701988477,2701989085,8880,608
29439.614798,2701992395,2701993015,9224,620
29439.626814,2701996563,2701997178,12052,615
29439.638835,2702000647,2702001260,11846,613
29439.650862,2702004731,2702005345,12067,614
29439.662882,2702008719,2702009331,9252,612
29439.674901,2702012600,2702013213,8919,613
29439.686939,2702016532,2702017115,9233,583
29439.698949,2702020416,2702021029,9242,613
29439.710968,2702024290,2702024903,8881,613
29439.723003,2702028214,2702028823,9213,609
29439.735017,2702032168,2702032771,9207,603
29439.747038,2702036107,2702036718,8892,611
29439.759076,2702040304,2702040888,11968,584
29439.771089,2702044422,2702045025,12082,603
29439.783112,2702048537,2702049150,11841,613
29439.870277,2702075928,2702076530,9238,602
29439.918365,2702091239,2702091849,11968,610
29439.930401,2702095163,2702095745,9204,582
29439.942415,2702099054,2702099667,9239,613
29439.954433,2702102988,2702103596,8848,608
29439.966465,2702107033,2702107636,12083,603
29439.978484,2702110973,2702111583,9232,610
29439.990503,2702114850,2702115453,8859,603
29440.002540,2702118734,2702119317,9206,583
29440.014556,2702122644,2702123248,9258,604
29440.026570,2702126547,2702127160,8838,613
29440.038604,2702130597,2702131207,12110,610
29440.050621,2702134690,2702135305,12057,615
29440.062639,2702138595,2702139201,8886,606
29440.074670,2702142517,2702143126,9190,609
29440.086692,2702146468,2702147088,9263,620
29440.098706,2702150344,2702150962,8892,618
29440.110742,2702154297,2702154882,9207,585
29440.122757,2702158216,2702158820,9260,604
29440.134783,2702162101,2702162716,8973,615
29440.146807,2702165992,2702166600,9190,608
29440.158825,2702169905,2702170513,9218,608
29440.170850,2702173927,2702174539,11831,612
29440.181368,2702177530,2702178144,12047,614
29440.196402,2702182558,2702183141,11956,583
29440.206914,2702185955,2702186563,8904,608
29440.218945,2702189865,2702190474,9206,609
29440.230961,2702193797,2702194415,9256,618
29440.242988,2702197825,2702198433,11879,608
29440.255015,2702201911,2702202521,12080,610
29440.267032,2702205990,2702206604,12088,614
29440.279054,2702210060,2702210668,11813,608
29440.291084,2702214243,2702214828,12008,585
29440.303097,2702218277,2702218891,9249,614
29440.315122,2702222343,2702222956,11843,613
29440.327150,2702226476,2702227061,11969,585
29440.339166,2702230411,2702231024,9266,613
29440.351189,2702234364,2702234974,8956,610
29440.363219,2702238429,2702239042,12083,613
29440.375236,2702242511,2702243118,12052,607
29440.387254,2702246531,2702247139,8845,608
29440.397782,2702249996,2702250602,9270,606
29440.551072,2702297568,2702298171,9177,603
29440.563088,2702301554,2702302163,8896,609
29440.575122,2702305753,2702306363,12115,610
29440.587139,2702309880,2702310482,12064,602
29440.597669,2702313397,2702313982,9221,585
29440.623210,2702321533,2702322138,9258,605
29440.774999,2702356322,2702356903,8946,581
29440.787028,2702359490,2702360100,9229,610
29440.797549,2702362786,2702363372,6472,586
29440.811072,2702367130,2702367745,9224,615
29440.823086,2702371132,2702371746,9253,614
29440.835107,2702375143,2702375751,8897,608
29440.847143,2702379288,2702379892,12086,604
29440.859158,2702383377,2702383990,12081,613
29440.871182,2702387458,2702388071,11883,613
29440.883208,2702391582,2702392191,12073,609
29440.895225,2702395632,2702396235,12060,603
29440.907251,2702399619,2702400222,11821,603
29440.919280,2702403714,2702404323,12087,609
29440.931295,2702407776,2702408388,12081,612
29440.943317,2702411782,2702412390,11824,608
29440.955349,2702415670,2702416254,9236,584
29440.965865,2702419132,2702419591,7608,459
29440.977892,2702422904,2702423487,9189,583
29440.994414,2702428201,2702428815,9217,614
29441.006434,2702432154,2702432767,8820,613
29441.018473,2702436066,2702436651,9257,585
29441.030484,2702439962,2702440575,9284,613
29441.042502,2702443831,2702444433,8810,602
29441.054536,2702447869,2702448474,12113,605
29441.066555,2702451946,2702452551,12068,605
29441.078572,2702455809,2702456416,8862,607
29441.090604,2702459724,2702460328,9244,604
29441.102624,2702463681,2702464296,9321,615
29441.114646,2702467574,2702468178,8968,604
29441.126674,2702471473,2702472058,9194,585
29441.138691,2702475397,2702476007,9268,610
29441.150709,2702479264,2702479866,8835,602
29441.162743,2702483180,2702483792,9051,612
29441.174761,2702487140,2702487750,9283,610
29441.186782,2702491166,2702491779,11880,613
29441.198808,2702495205,2702495820,12083,615
29441.210832,2702499166,2702499777,9304,611
29441.222843,2702503118,2702503725,8900,607
29441.234875,2702507029,2702507639,9207,610
29441.246892,2702510955,2702511567,9219,612
29441.258913,2702514841,2702515460,8923,619
29441.270948,2702518925,2702519509,11971,584
29441.282963,2702522974,2702523583,12040,609
29441.294980,2702526877,2702527479,8859,602
29441.307019,2702530975,2702531558,12007,583
29441.319032,2702535071,2702535674,12062,603
29441.331056,2702539158,2702539771,11843,613
29441.343084,2702543348,2702543932,11942,584
29441.355099,2702547345,2702547947,9277,602
29441.367116,2702551370,2702551983,8894,613
29441.379152,2702555553,2702556135,11944,582
29441.391168,2702559657,2702560271,12056,614
29441.403193,2702563680,2702564288,11843,608
29441.413715,2702567236,2702567852,9275,616
29441.556481,2702611905,2702612523,8887,618
29441.576332,2702618997,2702619601,12022,604
29441.606081,2702628365,2702628986,12027,621
29441.618107,2702632354,2702632968,8947,614
29441.630133,2702636330,2702636951,9226,621
29441.642150,2702640308,2702640913,8983,605
29441.654175,2702644416,2702645030,12042,614
29441.666200,2702648494,2702649109,12104,615
29441.678218,2702652520,2702653129,8978,609
29441.690245,2702656468,2702657087,8948,619
29441.702270,2702660428,2702661038,9280,610
29441.714286,2702664395,2702665000,8993,605
29441.726313,2702668383,2702668993,8947,610
29441.738338,2702672332,2702672937,9217,605
29441.750355,2702676281,2702676886,8953,605
29441.762382,2702680240,2702680853,8906,613
29441.774407,2702684207,2702684827,9277,620
29441.786420,2702688331,2702688946,11981,615
29441.798451,2702692428,2702693043,12040,615
29441.810473,2702696386,2702696996,9230,610
29441.822493,2702700374,2702700991,8964,617
29441.834520,2702704347,2702704961,8897,614
29441.846544,2702708327,2702708948,9153,621
29441.858562,2702712274,2702712884,8934,610
29441.870588,2702716371,2702716983,12037,612
29441.882612,2702720481,2702721097,12104,616
29441.894631,2702724453,2702725061,8984,608
29441.906657,2702728421,2702729037,8939,616
29441.918682,2702732375,2702732980,9263,605
29441.930699,2702736349,2702736959,8999,610
29441.942726,2702740315,2702740931,8892,616
29441.954750,2702744305,2702744919,9219,614
29441.966768,2702748275,2702748885,9008,610
29441.978795,2702752245,2702752857,8968,612
29441.990817,2702756200,2702756809,9236,609
29442.002837,2702760305,2702760915,12011,610
29442.014863,2702764418,2702765034,12036,616
29442.026884,2702768389,2702769004,9263,615
29442.038903,2702772366,2702772976,8988,610
29442.050930,2702776340,2702776961,8940,621
29442.062955,2702780309,2702780923,9199,614
29442.074974,2702784415,2702785030,8975,615
29442.102025,2702793231,2702793841,12013,610
29442.114053,2702797266,2702797877,12039,611
29442.126075,2702801238,2702801853,9238,615
29442.138090,2702805292,2702805896,11991,604
29442.150121,2702809235,2702809851,8904,616
29442.162146,2702813197,2702813816,9230,619
29442.174162,2702817164,2702817774,8959,610
29442.186188,2702821261,2702821877,12038,616
29442.198213,2702825381,2702825990,12105,609
29442.210231,2702829360,2702829964,8981,604
29442.222256,2702833353,2702833963,8929,610
29442.234281,2702837343,2702837957,9186,614
29442.246299,2702841315,2702841931,8923,616
29442.258325,2702845286,2702845901,8912,615
29442.270350,2702849242,2702849857,9240,615
29442.282364,2702853375,2702853980,11984,605
29442.294394,2702857324,2702857933,8932,609
29442.306418,2702861276,2702861886,9252,610
29442.318436,2702865262,2702865875,8954,613
29442.330462,2702869244,2702869858,8906,614
29442.342487,2702873224,2702873834,9258,610
29442.354504,2702877207,2702877812,9006,605
29442.366530,2702881162,2702881783,8950,621
29442.378555,2702885139,2702885753,9227,614
29442.390573,2702889110,2702889725,8988,615
29442.402598,2702893227,2702893836,12036,609
29442.414622,2702897339,2702897948,12110,609
29442.425143,2702900883,2702901493,12035,610
29442.446182,2702907859,2702908470,12078,611
29442.486758,2702921003,2702921613,12071,610
29442.498775,2702925121,2702925730,11992,609
29442.510804,2702929091,2702929700,8918,609
29442.522828,2702933063,2702933668,9261,605
29442.534845,2702937019,2702937635,9004,616
29442.546872,2702940970,2702941590,8901,620
29442.558896,2702944955,2702945570,9225,615
29442.570913,2702948940,2702949545,8945,605
29442.582940,2702952900,2702953515,8941,615
29442.594964,2702956859,2702957473,9250,614
29442.606982,2702960831,2702961442,8969,611
29442.619010,2702964958,2702965564,12086,606
29442.629524,2702968812,2702969423,11993,611
29442.643052,2702973404,2702974014,12008,610
29442.655077,2702977504,2702978120,8929,616
29442.667102,2702981724,2702982334,12089,610
29442.679120,2702985916,2702986526,12011,610
29442.691147,2702990151,2702990761,12038,610
29442.703169,2702994317,2702994937,12068,620
29442.715188,2702998446,2702999055,12011,609
29442.727216,2703002523,2703003133,12042,610
29442.739239,2703006645,2703007261,12075,616
29442.751258,2703010744,2703011355,12016,611
29442.763283,2703014705,2703015326,8935,621
29442.775307,2703018823,2703019438,12122,615
29442.787325,2703022778,2703023398,8955,620
29442.799351,2703026785,2703027395,8885,610
29442.809870,2703030267,2703030882,8967,615
29442.821896,2703034218,2703034823,8932,605
29442.833922,2703038185,2703038795,9247,610
29442.845939,2703042155,2703042771,8948,616
29442.874500,2703051421,2703052030,9237,609
29442.886517,2703055378,2703055982,8987,604
29442.898544,2703059506,2703060116,12037,610
29442.910566,2703063457,2703064071,9216,614
29442.922585,2703067426,2703068037,9009,611
29442.934613,2703071401,2703072011,8901,610
29442.946637,2703075374,2703075983,9214,609
29442.958653,2703079331,2703079951,8982,620
29442.970681,2703083315,2703083936,8926,621
29442.999227,2703092677,2703093287,11983,610
29443.011258,2703096774,2703097383,12034,609
29443.023281,2703100889,2703101510,12073,621
29443.035298,2703105003,2703105608,12010,605
29443.045823,2703108491,2703109102,9215,611
29443.060850,2703113570,2703114183,12043,613
29443.101426,2703126804,2703127414,12030,610
29443.142006,2703139873,2703140487,8940,614
29443.154030,2703143843,2703144463,9256,620
29443.166047,2703147832,2703148447,8988,615
29443.178075,2703151799,2703152413,8976,614
29443.190098,2703155777,2703156393,9212,616
29443.206621,2703161346,2703161961,11989,615
29443.218651,2703165473,2703166092,12040,619
29443.230673,2703169590,2703170205,12090,615
29443.242692,2703173568,2703174183,8943,615
29443.254719,2703177550,2703178171,8978,621
29443.266744,2703181542,2703182151,9234,609
29443.278761,2703185517,2703186129,8962,612
29443.290788,2703189499,2703190114,8950,615
29443.302813,2703193479,2703194083,9228,604
29443.314827,2703197593,2703198208,11976,615
29443.326854,2703201564,2703202178,8930,614
29443.338879,2703205534,2703206155,9215,621
29443.350897,2703209489,2703210099,8960,610
29443.362923,2703213457,2703214073,8898,616
29443.374948,2703217423,2703218042,9213,619
29443.386966,2703221542,2703222158,12015,616
29443.398992,2703225519,2703226135,8934,616
29443.411017,2703229638,2703230257,12089,619
29443.423035,2703233805,2703234414,12014,609
29443.435062,2703238017,2703238627,12032,610
29443.445576,2703241869,2703242480,11969,611
29443.522224,2703266626,2703267236,12017,610
29443.534251,2703270575,2703271195,8923,620
29443.546276,2703274555,2703275175,9237,620
29443.558294,2703278548,2703279152,8988,604
29443.570320,2703282513,2703283122,8930,609
29443.582344,2703286466,2703287081,9253,615
29443.594362,2703290457,2703291071,9003,614
29443.606389,2703294424,2703295039,8951,615
29443.618413,2703298542,2703299152,12087,610
29443.634937,2703304102,2703304717,12013,615
29443.646965,2703308232,2703308853,12035,621
29443.658987,2703312226,2703312836,9194,610
29443.671006,2703316339,2703316954,12015,615
29443.683034,2703320489,2703321099,12039,610
29443.695056,2703324698,2703325314,12072,616
29443.707075,2703328934,2703329550,12015,616
29443.719100,2703333009,2703333624,8926,615
29443.731126,2703337248,2703337863,12089,615
29443.743143,2703341380,2703341989,12011,609
29443.755171,2703345583,2703346192,12038,609
29443.767193,2703349703,2703350319,12072,616
29443.779212,2703353828,2703354444,12015,616
29443.791239,2703357934,2703358544,12037,610
29443.803261,2703361894,2703362503,9195,609
29443.815280,2703365865,2703366475,8952,610
29443.827307,2703369971,2703370579,12038,608
29443.839332,2703374065,2703374686,12090,621
29443.851349,2703378172,2703378787,12012,615
29443.861876,2703381654,2703382265,9258,611
29443.873896,2703385626,2703386236,9015,610
29443.885922,2703389610,2703390226,8926,616
29443.897947,2703393584,2703394194,9254,610
29443.909964,2703397569,2703398188,8961,619
29443.921991,2703401532,2703402147,8961,615
29443.934015,2703405495,2703406110,9265,615
29443.946032,2703409455,2703410076,8990,621
29443.958059,2703413432,2703414053,8962,621
29443.970084,2703417434,2703418054,9188,620
29443.982097,2703421521,2703422125,11977,604
29443.994128,2703425495,2703426108,8925,613
29444.006152,2703429462,2703430070,9265,608
29444.018166,2703433546,2703434161,11977,615
29444.030196,2703437636,2703438245,12035,609
29444.042220,2703441608,2703442228,9229,620
29444.054238,2703445578,2703446182,8995,604
29444.066264,2703449540,2703450161,8907,621
29444.078288,2703453536,2703454147,9253,611
29444.090305,2703457506,2703458123,8979,617
29444.102332,2703461497,2703462113,8935,616
29444.114356,2703465458,2703466073,9247,615
29444.126374,2703469429,2703470032,9005,603
29444.138400,2703473405,2703474021,8932,616
29444.150425,2703477370,2703477975,9202,605
29444.162443,2703481332,2703481947,8911,615
29444.174469,2703485300,2703485914,8969,614
29444.186493,2703489267,2703489877,9216,610
29444.198511,2703493237,2703493852,8982,615
29444.210537,2703497214,2703497823,8912,609
29444.222562,2703501184,2703501798,9231,614
29444.234578,2703505309,2703505924,12010,615
29444.246606,2703509435,2703510050,12041,615
29444.258629,2703513397,2703514006,9229,609
29444.270649,2703517356,2703517966,8987,610
29444.282676,2703521331,2703521946,8921,615
29444.294700,2703525296,2703525917,9202,621
29444.306718,2703529267,2703529872,8955,605
29444.318745,2703533224,2703533838,8950,614
29444.330769,2703537196,2703537811,9258,615
29444.342786,2703541169,2703541783,8975,614
29444.354813,2703545145,2703545754,8896,609
29444.366836,2703549091,2703549695,9278,604
29444.378853,2703553060,2703553665,8929,605
29444.390880,2703557014,2703557635,8942,621
29444.402904,2703560992,2703561613,9256,621
29444.414922,2703564949,2703565570,9008,621
29444.426949,2703568937,2703569550,8949,613
29444.438973,2703572904,2703573519,9228,615
29444.450991,2703577028,2703577643,12008,615
29444.463019,2703581140,2703581759,12081,619
29444.475040,2703585359,2703585974,12069,615
29444.487059,2703589579,2703590184,12011,605
29444.499087,2703593768,2703594384,12036,616
29444.511109,2703597945,2703598566,12072,621
29444.523128,2703602124,2703602745,12047,621
29444.535154,2703606154,2703606769,8955,615
29444.547179,2703610227,2703610842,9260,615
29444.559197,2703614363,2703614977,12010,614
29444.571224,2703618456,2703619073,12037,617
29444.583248,2703622565,2703623170,12122,605
29444.595265,2703626661,2703627275,12002,614
29444.607293,2703630749,2703631370,12040,621
29444.619314,2703634726,2703635341,9168,615
29444.631333,2703638686,2703639301,8963,615
29444.643362,2703642778,2703643397,12039,619
29444.653884,2703646327,2703646948,8975,621
29444.665907,2703650372,2703650992,8917,620
29444.677926,2703654398,2703655020,8960,622
29444.754571,2703679334,2703679950,12066,616
29444.766591,2703683302,2703683918,8954,616
29444.778617,2703687277,2703687898,8907,621
29444.790642,2703691236,2703691856,9193,620
29444.802659,2703695199,2703695814,8985,615
29444.814686,2703699166,2703699776,8925,610
29444.826711,2703703131,2703703745,9221,614
29444.838728,2703707111,2703707715,8958,604
29444.850753,2703711197,2703711807,12040,610
29444.862778,2703715312,2703715916,12095,604
29444.874795,2703719301,2703719913,8977,612
29444.886823,2703723284,2703723893,8909,609
29444.898846,2703727224,2703727840,9253,616
29444.910863,2703731209,2703731825,8976,616
29444.922890,2703735184,2703735798,8951,614
29444.934914,2703739149,2703739765,9239,616
29444.946932,2703743129,2703743739,8987,610
29444.958958,2703747100,2703747708,8908,608
29444.970983,2703751219,2703751834,12098,615
29445.074681,2703784458,2703785073,9231,615
29445.086701,2703788436,2703789046,8990,610
29445.098728,2703792416,2703793035,8928,619
29445.110752,2703796398,2703797013,9237,615
29445.122770,2703800377,2703800992,8953,615
29445.134796,2703804374,2703804980,8929,606
29445.146820,2703808504,2703809119,12103,615
29445.158837,2703812474,2703813087,8989,613
29445.170864,2703816618,2703817232,12059,614
29445.182887,2703820597,2703821212,9253,615
29445.194905,2703824591,2703825212,8967,621
29445.206932,2703828606,2703829221,8909,615
29445.218956,2703832583,2703833197,9253,614
29445.230974,2703836565,2703837175,8964,610
29445.243001,2703840539,2703841153,8955,614
29445.255025,2703844662,2703845283,12085,621
29445.267043,2703848840,2703849449,12013,609
29445.279071,2703853060,2703853681,12041,621
29445.291092,2703857329,2703857934,12072,605
29445.303111,2703861373,2703861982,8984,609
29445.315138,2703865549,2703866158,12085,609
29445.327162,2703869704,2703870320,12083,616
29445.339180,2703873878,2703874488,12013,610
29445.351206,2703877875,2703878489,8894,614
29445.363231,2703881858,2703882477,9258,619
29445.375249,2703885969,2703886578,12011,609
29445.387276,2703890069,2703890678,12043,609
29445.399300,2703894180,2703894795,12073,615
29445.411317,2703898306,2703898920,12017,614
29445.423345,2703902394,2703903009,12037,615
29445.433862,2703905876,2703906342,7601,466
29445.445894,2703909722,2703910193,7679,471
29445.457912,2703913534,2703914149,9194,615
29445.469931,2703917522,2703918137,8938,615
29445.481958,2703921488,2703922103,8915,615
29445.493980,2703925462,2703926082,9219,620
29445.554094,2703944870,2703945481,12043,611
29445.566118,2703948969,2703949590,12085,621
29445.578133,2703953199,2703953809,11976,610
29445.590164,2703957142,2703957727,9237,585
29445.602182,2703961079,2703961688,9281,609
29445.614202,2703964941,2703965523,8932,582
29445.626231,2703968819,2703969432,9050,613
29445.638249,2703972778,2703973388,9296,610
29445.650266,2703976860,2703977473,11806,613
29445.662297,2703980896,2703981480,11956,584
29445.674321,2703984837,2703985454,9035,617
29445.684841,2703989218,2703990066,13797,848
29445.696327,2703998589,2703999751,16397,1162
29445.787028,2704028898,2704029510,11955,612
29445.799048,2704032971,2704033553,11958,582
29445.811079,2704037101,2704037716,12087,615
29445.823103,2704041312,2704041916,12085,604
29445.835115,2704045314,2704045921,8865,607
29445.847151,2704049301,2704049885,9209,584
29445.859165,2704053356,2704053960,11953,604
29445.871188,2704057370,2704057978,11841,608
29445.890726,2704063740,2704064343,9216,603
29445.902746,2704067859,2704068466,8901,607
29445.914781,2704071828,2704072443,9229,615
29445.926797,2704075778,2704076388,9287,610
29445.938819,2704079616,2704080197,8914,581
29445.950847,2704083466,2704084082,9194,616
29445.962863,2704087456,2704088071,9243,615
29445.974889,2704091357,2704091970,8964,613
29445.986916,2704095298,2704095882,9165,584
29445.998936,2704099385,2704099995,12038,610
29446.010949,2704103229,2704103836,8858,607
29446.022983,2704107140,2704107755,9042,615
29446.034998,2704111070,2704111678,9224,608
29446.047019,2704114938,2704115546,8892,608
29446.059057,2704119044,2704119653,12127,609
29446.071077,2704123267,2704123882,12083,615
29446.083093,2704127436,2704128043,11831,607
29446.095123,2704131558,2704132179,12110,621
29446.107137,2704135710,2704136311,11884,601
29446.119160,2704139755,2704140358,11823,603
29446.131190,2704143863,2704144472,12087,609
29446.143207,2704147941,2704148553,11906,612
29446.155230,2704151963,2704152571,11835,608
29446.167261,2704155878,2704156463,9255,585
29446.179273,2704159747,2704160366,9263,619
29446.191298,2704163765,2704164382,11861,617
29446.203327,2704167854,2704168458,12091,604
29446.215342,2704171887,2704172493,11916,606
29446.225871,2704175323,2704175908,9209,585
29446.237887,2704179183,2704179798,9258,615
29446.249911,2704183088,2704183546,7531,458
29446.261938,2704186871,2704187456,11968,585
29446.273958,2704190787,2704191392,9263,605
29446.285975,2704194690,2704195271,8919,581
29446.298011,2704198597,2704199181,9222,584
29446.310026,2704202534,2704203144,9256,610
29446.343093,2704213011,2704213621,12106,610
29446.355110,2704217191,2704217805,12055,614
29446.367128,2704221186,2704221794,8890,608
29446.379158,2704225194,2704225804,9199,610
29446.391175,2704229276,2704229891,11898,615
29446.403197,2704233261,2704233843,11954,582
29446.415232,2704237286,2704237896,12112,610
29446.427247,2704241339,2704241950,11902,611
29446.439270,2704245339,2704245941,11818,602
29446.451300,2704249256,2704249865,9259,609
29446.463317,2704253216,2704253826,9281,610
29446.475338,2704257244,2704257855,11838,611
29446.485859,2704260704,2704261311,9213,607
29446.497879,2704264604,2704265186,8934,582
29446.509909,2704268800,2704269416,12094,616
29446.622623,2704304017,2704304627,12118,610
29446.706776,2704325114,2704325723,9220,609
29446.718808,2704328720,2704329335,9347,615
29446.730825,2704332681,2704333295,9276,614
29446.742848,2704336527,2704337109,8933,582
29446.754875,2704340427,2704341011,9153,584
29446.766891,2704344310,2704344921,9080,611
29446.778918,2704348214,2704348824,8962,610
29446.790942,2704352126,2704352739,9230,613
29446.802960,2704356059,2704356662,9249,603
29446.814991,2704360110,2704360717,11875,607
29446.827012,2704364161,2704364782,12075,621
29446.839032,2704368294,2704368903,12044,609
29446.851046,2704372202,2704372810,8909,608
29446.863084,2704376204,2704376788,9240,584
29446.875101,2704380374,2704380987,12041,613
29446.887119,2704384483,2704385093,11999,610
29446.899150,2704388602,2704389186,11980,584
29446.911166,2704392694,2704393302,12057,608
29446.923187,2704396857,2704397439,11953,582
29446.935222,2704400912,2704401517,12101,605
29446.947234,2704404936,2704405537,11875,601
29446.959257,2704408921,2704409503,11962,582
29446.971288,2704412967,2704413582,12087,615
29447.114053,2704457335,2704457948,9049,613
29447.126070,2704461289,2704461892,8900,603
29447.207229,2704480301,2704480913,8907,612
29447.219257,2704483402,2704484012,9265,610
29447.231274,2704487504,2704488110,11926,606
29447.243299,2704491497,2704492105,11843,608
29447.255327,2704495571,2704496175,12113,604
29447.265847,2704499048,2704499507,7628,459
29447.277878,2704502814,2704503253,7481,439
29447.289889,2704506534,2704507138,9235,604
29447.301911,2704510467,2704511048,8948,581
29447.313943,2704514349,2704514958,9270,609
29447.325957,2704518585,2704519194,12047,609
29447.366534,2704531396,2704532001,9212,605
29447.378560,2704535287,2704535904,8949,617
29447.390587,2704539197,2704539779,9184,582
29447.402605,2704543099,2704543704,9293,605
29447.414628,2704547188,2704547803,12012,615
29447.426651,2704551247,2704551857,12060,610
29447.438674,2704555192,2704555802,9248,610
29447.450688,2704559041,2704559653,8854,612
29447.462723,2704562944,2704563560,9162,616
29447.474742,2704566904,2704567519,9275,615
29447.486763,2704570788,2704571369,8985,581
29447.498789,2704574822,2704575407,11994,585
29447.510806,2704578842,2704579446,12028,604
29447.522825,2704582702,2704583310,8819,608
29447.534857,2704586768,2704587389,9190,621
29447.546876,2704590735,2704591340,9263,605
29447.558904,2704594565,2704595178,8914,613
29447.570929,2704598503,2704599087,9208,584
29447.582946,2704602396,2704603011,9266,615
29447.594968,2704606264,2704606873,8971,609
29447.606993,2704610144,2704610756,9148,612
29447.619015,2704614266,2704614876,12083,610
29447.692659,2704637313,2704637922,12125,609
29447.718202,2704645413,2704646016,9210,603
29447.730228,2704649364,2704649975,8987,611
29447.742252,2704653285,2704653906,9202,621
29447.845949,2704683408,2704684030,5481,622
29447.857970,2704687330,2704687946,11996,616
29447.869992,2704691270,2704691853,8930,583
29447.930101,2704705074,2704705685,6338,611
29447.942135,2704708268,2704708877,9281,609
29447.970687,2704716343,2704716958,9179,615
29448.134489,2704743543,2704744155,8929,612
29448.146522,2704746673,2704747287,9293,614
29448.158539,2704750070,2704750677,9246,607
29448.170569,2704753479,2704754100,9365,621
29448.182588,2704757382,2704757992,9272,610
29448.194610,2704761282,2704761893,8938,611
29448.206640,2704765203,2704765815,9229,612
29448.218657,2704769153,2704769757,9274,604
29448.230673,2704773149,2704773731,11951,582
29448.242707,2704777229,2704777849,12096,620
29448.254722,2704781175,2704781779,9023,604
29448.266740,2704785037,2704785640,8864,603
29448.278774,2704788930,2704789545,9244,615
29448.290792,2704792894,2704793509,9245,615
29448.302821,2704796739,2704797321,9037,582
29448.314842,2704800764,2704801348,11961,584
29448.326858,2704804797,2704805406,12057,609
29448.338875,2704808655,2704809255,8864,600
29448.350908,2704812696,2704813311,9145,615
29448.362928,2704816659,2704817275,9278,616
29448.374949,2704820549,2704821130,8970,581
29448.386978,2704824431,2704825050,9169,619
29448.398998,2704828393,2704829007,9240,614
29448.411021,2704832373,2704832977,8941,604
29448.423049,2704836422,2704837035,12084,613
29448.435064,2704840539,2704841145,11908,606
29448.447088,2704844632,2704845240,11845,608
29448.459117,2704848837,2704849442,12086,605
29448.471134,2704852996,2704853606,12038,610
29448.483156,2704857058,2704857661,11841,603
29448.495186,2704861122,2704861726,12113,604
29448.507203,2704865206,2704865821,12078,615
29448.519224,2704869167,2704869775,11852,608
29448.531253,2704873190,2704873810,12085,620
29448.543270,2704877255,2704877863,12057,608
29448.555296,2704881403,2704882007,12009,604
29448.567326,2704885464,2704886049,11972,585
29448.579338,2704889480,2704890086,11909,606
29448.589869,2704892869,2704893451,9188,582
29448.601883,2704896735,2704897354,9004,619
29448.613908,2704900692,2704901155,7518,463
29448.625935,2704904523,2704905128,12068,605
29448.637953,2704908472,2704909081,9213,609
29448.649981,2704912397,2704912979,8973,582
29448.662005,2704916314,2704916898,9232,584
29448.674020,2704920173,2704920776,9224,603
29448.686039,2704924107,2704924688,8944,581
29448.698075,2704927949,2704928532,9168,583
29448.710093,2704931968,2704932573,12074,605
29448.722113,2704935888,2704936470,8960,582
29448.734142,2704939785,2704940370,9221,585
29448.746157,2704943693,2704944303,9290,610
29448.758172,2704947615,2704948228,8866,613
29448.943028,2704994690,2704995300,11967,610
29448.958055,2704999015,2704999623,9260,608
29448.970083,2705002915,2705003497,8890,582
29448.982115,2705006811,2705007394,9185,583
29449.100840,2705029485,2705030068,7815,583
29449.154943,2705038897,2705039481,9272,584
29449.166959,2705041915,2705042524,9230,609
29449.178978,2705044749,2705045367,8928,618
29449.191006,2705048605,2705049219,9174,614
29449.203026,2705052544,2705053164,9295,620
29449.215048,2705056430,2705057043,8924,613
29449.227081,2705060444,2705061028,9191,584
29449.239093,2705064518,2705065127,11872,609
29449.251116,2705068570,2705069152,11960,582
29449.263148,2705072691,2705073275,11964,584
29449.275163,2705076753,2705077368,12042,615
29449.287184,2705080765,2705081373,11860,608
29449.299215,2705084825,2705085435,12168,610
29449.311232,2705088922,2705089532,12032,610
29449.323253,2705092902,2705093515,11844,613
29449.335283,2705096919,2705097538,12078,619
29449.347300,2705100944,2705101555,11955,611
29449.359322,2705104938,2705105548,12004,610
29449.371352,2705109019,2705109603,11945,584
29449.381864,2705112415,2705112997,8922,582
29449.393897,2705116252,2705116842,9164,590
29449.405913,2705120074,2705120684,9172,610
29449.417931,2705123980,2705124561,8905,581
29449.429964,2705127846,2705128431,11968,585
29449.441979,2705131669,2705132275,11878,606
29449.454004,2705135572,2705136154,8934,582
29449.466039,2705139420,2705140002,9223,582
29449.478053,2705143321,2705143936,9281,615
29449.490073,2705147261,2705147843,8943,582
29449.502103,2705151141,2705151724,9188,583
29449.514117,2705155053,2705155657,9285,604
29449.526137,2705158981,2705159565,8845,584
29449.538172,2705162875,2705163458,9196,583
29449.550187,2705166735,2705167340,9294,605
29449.562210,2705170651,2705171233,8963,582
29449.574232,2705174554,2705175164,9172,610
29449.622323,2705189654,2705190267,12028,613
29449.735046,2705219775,2705220361,9294,586
29449.747055,2705223402,2705224014,11907,612
29449.759082,2705227485,2705228090,11991,605
29449.771111,2705231686,2705232290,9191,604
29449.783130,2705235792,2705236407,9005,615
29449.795157,2705239897,2705240518,8941,621
29449.807184,2705244075,2705244694,12088,619
29449.819198,2705248158,2705248765,11850,607
29449.831227,2705252120,2705252741,8894,621
29449.843249,2705256118,2705256733,9272,615
29449.855261,2705260092,2705260700,11828,608
29449.867289,2705264084,2705264666,11968,582
29449.879319,2705268102,2705268718,12086,616
29449.891332,2705272104,2705272709,11814,605
29449.903357,2705276131,2705276744,11860,613
29449.913880,2705279532,2705280132,9252,600
29449.925902,2705283447,2705284032,8957,585
29449.937932,2705287278,2705287865,9244,587
29449.949950,2705291200,2705291820,9298,620
29449.961967,2705295086,2705295667,8930,581
29449.973994,2705299004,2705299614,9218,610
29449.990521,2705304293,2705304900,9029,607
29450.002547,2705308154,2705308735,8960,581
29450.014576,2705312056,2705312640,9231,584
29450.026594,2705315943,2705316553,9257,610
29450.038622,2705319813,2705320394,9023,581
29450.050647,2705323727,2705324311,9198,584
29450.062650,2705327765,2705328378,11881,613
29450.074679,2705331770,2705332377,11801,607
29450.086711,2705335697,2705336302,9194,605
29450.098729,2705339565,2705340166,9205,601
29450.110751,2705343365,2705343947,8983,582
29450.122782,2705347230,2705347845,9165,615
29450.134798,2705351115,2705351721,9204,606
29450.146819,2705354992,2705355610,8866,618
29450.158847,2705359081,2705359690,12083,609
29450.170866,2705363036,2705363640,9217,604
29450.182888,2705366911,2705367514,8889,603
29450.194920,2705370820,2705371430,9249,610
29450.206934,2705374744,2705375354,9260,610
29450.218957,2705378545,2705379158,8910,613
29450.230990,2705382442,2705383026,9199,584
29450.243005,2705386325,2705386936,9230,611
29450.255027,2705390326,2705390925,11852,599
29450.267054,2705394461,2705395076,12087,615
29450.279067,2705398607,2705399213,11827,606
29450.291095,2705402728,2705403349,12005,621
29450.303122,2705406871,2705407455,11996,584
29450.315134,2705410907,2705411515,11858,608
29450.327164,2705414841,2705415422,11964,581
29450.339195,2705418879,2705419498,12133,619
29450.351210,2705422867,2705423477,9230,610
29450.363225,2705426791,2705427399,8860,608
29450.375260,2705430855,2705431459,12119,604
29450.387278,2705435036,2705435636,11841,600
29450.399301,2705439056,2705439664,11834,608
29450.411330,2705443126,2705443731,12078,605
29450.423343,2705447128,2705447734,11855,606
29450.433878,2705450530,2705451114,9236,584
29450.445892,2705454445,2705454909,7347,464
29450.457913,2705458224,2705458689,7530,465
29450.469944,2705462010,2705462594,9170,584
29450.481963,2705465915,2705466530,9300,615
29450.493985,2705469830,2705470412,8943,582
29450.506014,2705473665,2705474250,9247,585
29450.518028,2705477567,2705478171,9290,604
29450.530052,2705481407,2705481989,8946,582
29450.542084,2705485326,2705485910,9223,584
29450.554096,2705489227,2705489846,9222,619
29450.566122,2705493126,2705493707,9009,581
29450.588332,2705500653,2705501272,11994,619
29450.606694,2705506745,2705507353,11854,608
29450.623232,2705512084,2705512698,9271,614
29450.654793,2705522051,2705522633,12003,582
29450.666810,2705525933,2705526543,9261,610
29450.678832,2705529992,2705530594,11843,602
29450.690863,2705534089,2705534710,12088,621
29450.702879,2705538054,2705538669,9236,615
29450.714900,2705542024,2705542631,11849,607
29450.726928,2705545920,2705546524,9197,604
29450.738948,2705549843,2705550464,9240,621
29450.750962,2705553707,2705554315,8885,608
29450.763000,2705557601,2705558185,9206,584
29450.775009,2705561499,2705562118,9187,619
29450.787029,2705565584,2705566162,11801,578
29450.799068,2705569724,2705570344,9197,620
29450.811077,2705573843,2705574451,11865,608
29450.823106,2705577940,2705578543,11813,603
29450.835138,2705582078,2705582688,12111,610
29450.847153,2705586128,2705586743,9272,615
29450.859175,2705589990,2705590572,8968,582
29450.871206,2705594050,2705594659,12108,609
29450.895244,2705601855,2705602468,11823,613
29450.907274,2705605928,2705606544,12083,616
29450.919284,2705609952,2705610553,11828,601
29450.931321,2705613914,2705614527,11882,613
29450.943341,2705618026,2705618641,12069,615
29450.953860,2705621452,2705622033,9001,581
29450.965884,2705625354,2705625938,9233,584
29450.977903,2705629263,2705629721,7353,458
29450.989923,2705633010,2705633617,8934,607
29451.001958,2705636941,2705637526,9267,585
29451.013975,2705640874,2705641479,9257,605
29451.025997,2705644787,2705645368,8973,581
29451.038025,2705648714,2705649297,9213,583
29451.050038,2705652586,2705653196,9264,610
29451.062060,2705656570,2705657153,12000,583
29451.074089,2705660513,2705661097,11956,584
29451.086109,2705664592,2705665206,9297,614
29451.098133,2705668533,2705669115,8958,582
29451.110165,2705672382,2705672967,9191,585
29451.122180,2705676287,2705676898,9305,611
29451.134194,2705680237,2705680821,8839,584
29451.146232,2705684161,2705684745,9223,584
29451.158243,2705688044,2705688647,9241,603
29451.170269,2705691990,2705692571,8917,581
29451.182296,2705696050,2705696666,12098,616
29451.192810,2705699679,2705700298,11984,619
29451.203330,2705703126,2705703726,9245,600
29451.215353,2705707174,2705707793,11843,619
29451.225877,2705710641,2705711261,9285,620
29451.237900,2705714571,2705715153,8960,582
29451.249923,2705718477,2705719061,11960,584
29451.261938,2705722386,2705722992,11926,606
29451.273963,2705726276,2705726880,11962,604
29451.285995,2705730179,2705730764,9259,585
29451.298010,2705734137,2705734746,12017,609
29451.310037,2705737981,2705738564,8988,583
29451.322061,2705741976,2705742561,11964,585
29451.334082,2705745873,2705746488,9261,615
29451.346105,2705749746,2705750328,8927,582
29451.358132,2705753642,2705754226,9191,584
29451.370146,2705757548,2705758167,9251,619
29451.382166,2705761499,2705762084,8922,585
29451.394200,2705765517,2705766101,11980,584
29451.406216,2705769346,2705769951,9201,605
29451.418239,2705773424,2705774006,12000,582
29451.430270,2705777321,2705777936,9262,615
29451.442281,2705781427,2705782040,11931,613
29451.454309,2705785335,2705785916,8997,581
29451.466338,2705789223,2705789807,9209,584
29451.478354,2705793233,2705793846,11862,613
29451.490371,2705797273,2705797877,11983,604
29451.502406,2705801182,2705801766,9212,584
29451.514423,2705805104,2705805713,9287,609
29451.526452,2705808943,2705809525,9024,582
29451.538476,2705812831,2705813416,9216,585
29451.550494,2705816783,2705817387,9266,604
29451.562512,2705820826,2705821430,11980,604
29451.574543,2705824758,2705825342,9185,584
29451.586562,2705828683,2705829302,9291,619
29451.598583,2705832572,2705833154,8929,582
29451.610612,2705836656,2705837239,11973,583
29451.622627,2705840569,2705841184,9287,615
29451.654185,2705850562,2705851171,11871,609
29451.666210,2705854485,2705855070,8940,585
29451.678240,2705858467,2705859086,12101,619
29451.690259,2705862590,2705863205,12059,615
29451.702279,2705866652,2705867234,11997,582
29451.714310,2705870558,2705871142,9156,584
29451.726327,2705874454,2705875064,9082,610
29451.738349,2705878313,2705878896,8980,583
29451.750377,2705882229,2705882813,9152,584
29451.760889,2705885677,2705886287,11990,610
29451.781939,2705892433,2705893015,12061,582
29451.793948,2705896335,2705896942,11928,607
29451.805976,2705900265,2705900867,11830,602
29451.818010,2705904222,2705904807,9217,585
29451.830026,2705908164,2705908784,9261,620
29451.842049,2705912089,2705912671,8991,582
29451.854078,2705915936,2705916519,9251,583
29451.866093,2705919793,2705920409,9302,616
29451.878113,2705923887,2705924492,11993,605
29451.890140,2705927937,2705928522,11961,585
29451.902158,2705931836,2705932441,9214,605
29451.914184,2705935703,2705936283,8990,580
29451.926213,2705939590,2705940200,9228,610
29451.938232,2705943473,2705944089,9286,616
29451.950255,2705947386,2705947968,8951,582
29451.962284,2705951211,2705951794,9219,583
29451.974297,2705955130,2705955740,9067,610
29452.005851,2705965000,2705965611,11862,611
29452.017882,2705968905,2705969487,8965,582
29452.029912,2705972840,2705973425,9224,585
29452.041926,2705976724,2705977345,9270,621
29452.053952,2705980645,2705981226,8982,581
29452.065978,2705984533,2705985118,9204,585
29452.077997,2705988423,2705989033,9316,610
29452.090016,2705992358,2705992968,11991,610
29452.102046,2705996307,2705996891,9190,584
29452.114061,2706000174,2706000778,9282,604
29452.126081,2706004105,2706004689,8890,584
29452.138117,2706008020,2706008605,9161,585
29452.148624,2706011582,2706012192,11974,610
29452.183198,2706022444,2706023058,9212,614
29452.195217,2706026513,2706027117,9250,604
29452.207237,2706030379,2706030994,8908,615
29452.219264,2706034454,2706035068,12060,614
29452.231285,2706038521,2706039127,9221,606
29452.243308,2706042512,2706043120,11839,608
29452.255337,2706046615,2706047225,12070,610
29452.265855,2706050045,2706050627,8988,582
29452.277886,2706053913,2706054353,7383,440
29452.289903,2706057675,2706058135,7362,460
29452.301924,2706061410,2706061991,8936,581
29452.313949,2706065328,2706065912,9186,584
29452.325969,2706069216,2706069831,9225,615
29452.337992,2706073111,2706073693,8955,582
29452.350021,2706076946,2706077529,9229,583
29452.362036,2706080848,2706081458,9281,610
29452.374053,2706084783,2706085367,8885,584
29452.386088,2706088695,2706089277,9232,582
29452.398103,2706092619,2706093229,9279,610
29452.410129,2706096662,2706097243,12038,581
29452.422155,2706100673,2706101278,12102,605
29452.434165,2706104844,2706105462,11928,618
29452.446196,2706108772,2706109354,8986,582
29452.458225,2706112661,2706113244,9205,583
29452.470242,2706116584,2706117194,9100,610
29452.482266,2706120491,2706121072,8999,581
29452.494291,2706124493,2706125076,11978,583
29452.506312,2706128553,2706129168,12077,615
29452.518337,2706132478,2706133061,8990,583
29452.530361,2706136378,2706136962,9219,584
29452.542379,2706140295,2706140899,9254,604
29452.554400,2706144167,2706144750,8942,583
29452.566431,2706148071,2706148655,9200,584
29452.578449,2706152002,2706152611,9295,609
29452.590463,2706155918,2706156503,8891,585
29452.602499,2706159827,2706160410,9173,583
29452.614517,2706163726,2706164336,9294,610
29452.626534,2706167788,2706168370,11973,582
29452.637057,2706171226,2706171839,12037,613
29452.758782,2706208518,2706209121,9145,603
29452.770811,2706212421,2706213031,8936,610
29452.782842,2706216358,2706216947,9181,589
29452.794858,2706220267,2706220882,9253,615
29452.806874,2706224134,2706224719,8898,585
29452.818908,2706228030,2706228648,9236,618
29452.830924,2706231903,2706232503,9218,600
29452.842947,2706236046,2706236628,11974,582
29452.854972,2706240107,2706240709,12075,602
29452.866992,2706244049,2706244664,9085,615
29452.879012,2706247931,2706248543,8900,612
29452.891042,2706251906,2706252515,9192,609
29452.903057,2706255970,2706256580,11843,610
29452.915092,2706260070,2706260683,11926,613
29452.927114,2706264158,2706264772,12071,614
29452.939132,2706268271,2706268876,12032,605
29452.951152,2706272249,2706272857,11854,608
29452.963182,2706276325,2706276910,11960,585
29452.975194,2706280289,2706280907,11863,618
29452.987224,2706284265,2706284848,12009,583
29452.999251,2706288292,2706288875,11964,583
29453.011269,2706292199,2706292808,9294,609
29453.023292,2706296133,2706296742,8943,609
29453.035318,2706300179,2706300762,11963,583
29453.047336,2706304175,2706304781,9192,606
29453.059355,2706308183,2706308765,11989,582
29453.071389,2706312220,2706312824,12083,604
29453.081902,2706315633,2706316241,8885,608
29453.093932,2706319561,2706320146,11974,585
29453.105949,2706323492,2706324112,12076,620
29453.117968,2706327441,2706328025,8886,584
29453.130001,2706331311,2706331894,9196,583
29453.142017,2706335164,2706335765,9170,601
29453.154043,2706339002,2706339585,8948,583
29453.166068,2706342873,2706343486,9121,613
29453.178086,2706346798,2706347402,9264,604
29453.190110,2706350714,2706351299,8935,585
29453.202141,2706354560,2706355149,9223,589
29453.214155,2706358440,2706359055,9070,615
29453.226179,2706362507,2706363089,11997,582
29453.238202,2706366494,2706367104,12105,610
29453.250222,2706370569,2706371173,9242,604
29453.262253,2706374492,2706375074,9024,582
29453.274278,2706378386,2706378971,9207,585
29453.286292,2706382289,2706382903,9253,614
29453.298319,2706386207,2706386789,8969,582
29453.310345,2706390196,2706390778,11980,582
29453.322362,2706394245,2706394860,12053,615
29453.334384,2706398098,2706398680,8969,582
29453.346413,2706401970,2706402553,9172,583
29453.358430,2706405898,2706406508,9227,610
29453.370456,2706409780,2706410362,9008,582
29453.382484,2706413653,2706414236,9246,583
29453.394498,2706417565,2706418180,9287,615
29453.406515,2706421417,2706422001,8841,584
29453.418553,2706425319,2706425899,9213,580
29453.430568,2706429248,2706429858,9273,610
29453.442584,2706433316,2706433897,11959,581
29453.453109,2706436840,2706437443,12045,603
29453.510224,2706454717,2706455299,12029,582
29453.522244,2706458773,2706459356,11976,583
29453.534262,2706462645,2706463250,9258,605
29453.546289,2706466550,2706467131,8921,581
29453.558320,2706470441,2706471025,9220,584
29453.570333,2706474335,2706474949,9208,614
29453.582357,2706478244,2706478826,8966,582
29453.594389,2706482110,2706482700,9188,590
29453.606402,2706486005,2706486625,9251,620
29453.618425,2706489897,2706490477,8980,580
29453.630454,2706493802,2706494386,9205,584
29453.642462,2706497786,2706498399,11860,613
29453.652997,2706501298,2706501912,12127,614
29453.734154,2706526449,2706527031,9205,582
29453.746163,2706530316,2706530928,9175,612
29453.758196,2706534258,2706534840,9001,582
29453.770222,2706538125,2706538709,9226,584
29453.782231,2706542005,2706542618,9159,613
29453.794260,2706545850,2706546431,8958,581
29453.806290,2706549703,2706550287,9253,584
29453.818303,2706553546,2706554155,9215,609
29453.830328,2706557413,2706557995,8942,582
29453.842357,2706561460,2706562044,11958,584
29453.854362,2706565482,2706566095,11892,613
29453.866397,2706569383,2706569965,9001,582
29453.878426,2706573324,2706573907,9193,583
29453.890436,2706577191,2706577799,9178,608
29453.902463,2706581003,2706581583,8951,580
29453.914497,2706584899,2706585482,9230,583
29453.926508,2706588929,2706589542,11936,613
29453.938525,2706592976,2706593560,11844,584
29453.950564,2706596841,2706597425,9161,584
29453.962575,2706600690,2706601303,9223,613
29453.974600,2706604575,2706605157,8945,582
29453.986632,2706608474,2706609059,9192,585
29453.998641,2706612349,2706612951,9171,602
29454.010664,2706616215,2706616799,8865,584
29454.022701,2706620099,2706620684,9240,585
29454.034712,2706623960,2706624569,9199,609
29454.046737,2706627833,2706628414,8972,581
29454.058764,2706631871,2706632480,12120,609
29454.069277,2706635463,2706636047,11834,584
29454.087315,2706641284,2706641886,11806,602
29454.099343,2706645340,2706645954,12093,614
29454.109854,2706648853,2706649439,8894,586
29454.121894,2706652733,2706653173,7444,440
29454.133902,2706656457,2706657059,9148,602
29454.145929,2706660337,2706660918,8932,581
29454.157957,2706664243,2706664853,12086,610
29454.169973,2706668158,2706668768,9286,610
29454.181999,2706672032,2706672614,8983,582
29454.194027,2706675873,2706676457,9198,584
29454.206041,2706679752,2706680368,9038,616
29454.218066,2706683633,2706684213,8976,580
29454.230097,2706687475,2706688058,9181,583
29454.242103,2706691462,2706692075,11919,613
29454.254140,2706695425,2706696038,11897,613
29454.266166,2706699418,2706700001,9199,583
29454.278178,2706703318,2706703932,9153,614
29454.290203,2706707233,2706707815,8925,582
29454.302233,2706711105,2706711689,9194,584
29454.342809,2706723969,2706724551,11982,582
29454.354822,2706728002,2706728618,11998,616
29454.366847,2706731847,2706732455,8887,608
29454.378876,2706735765,2706736348,9188,583
29454.390886,2706739632,2706740239,9129,607
29454.402919,2706743465,2706744084,8921,619
29454.414942,2706747361,2706747975,9266,614
29454.426961,2706751284,2706751889,9173,605
29454.438977,2706755150,2706755734,8909,584
29454.451014,2706758981,2706759562,9208,581
29454.463024,2706762855,2706763468,9128,613
29454.475053,2706766979,2706767560,11977,581
29454.487077,2706771123,2706771733,12079,610
29454.499089,2706775240,2706775853,11865,613
29454.511119,2706779335,2706779917,11967,582
29454.523145,2706783284,2706783904,9199,620
29454.535162,2706787308,2706787918,11848,610
29454.547193,2706791357,2706791978,11997,621
29454.566723,2706797627,2706798228,9188,601
29454.578749,2706801501,2706802082,8935,581
29454.590783,2706805558,2706806143,9247,585
29454.602791,2706809417,2706810026,9032,609
29454.614816,2706813260,2706813863,8911,603
29454.626848,2706817378,2706817962,11990,584
29454.638863,2706821239,2706821854,9238,615
29454.650892,2706825058,2706825637,9007,579
29454.662913,2706828941,2706829556,9218,615
29454.674927,2706832983,2706833585,9187,602
29454.685461,2706836495,2706837077,11999,582
29454.822208,2706878654,2706879239,11864,585
29454.834246,2706882548,2706883135,9228,587
29454.846249,2706886599,2706887211,11871,612
29454.858280,2706890693,2706891281,12003,588
29454.870306,2706894711,2706895326,12070,615
29454.885332,2706899844,2706900426,11983,582
29454.930422,2706913911,2706914492,8945,581
29454.942448,2706917819,2706918404,9222,585
29454.954463,2706921869,2706922478,12065,609
29454.966491,2706925689,2706926265,8990,576
29454.978516,2706929583,2706930167,9179,584
29454.990528,2706933424,2706934037,9199,613
29455.002558,2706937305,2706937909,8940,604
29455.014587,2706941169,2706941752,9235,583
29455.026598,2706945085,2706945698,9143,613
29455.038619,2706948959,2706949544,8886,585
29455.050654,2706952847,2706953460,9218,613
29455.062665,2706956727,2706957328,9112,601
29455.074691,2706960704,2706961286,11969,582
29455.085213,2706964241,2706964850,12077,609
29455.110760,2706972467,2706973049,11979,582
29455.122791,2706976376,2706976960,9182,584
29455.134800,2706980254,2706980866,9152,612
29455.146836,2706984138,2706984746,8992,608
29455.158856,2706988203,2706988813,12101,610
29455.170873,2706992218,2706992827,12045,609
29455.182898,2706996028,2706996610,9001,582
29455.194928,2706999891,2707000479,9227,588
29455.206939,2707003720,2707004333,9167,613
29455.218964,2707007530,2707008112,8947,582
29455.230996,2707011439,2707012023,9157,584
29455.243007,2707015330,2707015943,9151,613
29455.255034,2707019250,2707019835,8944,585
29455.267064,2707023403,2707023985,11962,582
29455.279075,2707027465,2707028076,11821,611
29455.291101,2707031624,2707032237,11815,613
29455.303131,2707035852,2707036457,12069,605
29455.315146,2707039885,2707040490,11839,605
29455.327173,2707043943,2707044525,11964,582
29455.339201,2707048028,2707048612,11960,584
29455.351209,2707052015,2707052622,11859,607
29455.363243,2707055970,2707056578,11819,608
29455.375270,2707060000,2707060609,12084,609
29455.387287,2707064038,2707064653,12040,615
29455.399309,2707068044,2707068653,12010,609
29455.411336,2707072118,2707072733,12085,615
29455.421856,2707075506,2707076088,8939,582
29455.433883,2707079374,2707079956,9210,582
29455.445896,2707083222,2707083824,9025,602
29455.457921,2707087104,2707087685,11979,581
29455.469949,2707090988,2707091603,12090,615
29455.481965,2707094862,2707095463,9130,601
29455.493997,2707098888,2707099470,12077,582
29455.506022,2707102760,2707103344,9208,584
29455.518033,2707106594,2707107202,9130,608
29455.530062,2707110470,2707111052,8968,582
29455.542093,2707114305,2707114890,9213,585
29455.554105,2707118227,2707118841,9181,614
29455.566131,2707122138,2707122719,8904,581
29455.578160,2707126005,2707126590,9213,585
29455.590170,2707129875,2707130493,9130,618
29455.602197,2707133720,2707134333,8872,613
29455.614230,2707137566,2707138149,9203,583
29455.626237,2707141582,2707142190,11931,608
29455.638265,2707145471,2707146056,8930,585
29455.650298,2707149301,2707149882,9203,581
29455.662307,2707153137,2707153748,9177,611
29455.674334,2707157173,2707157755,12000,582
29455.686359,2707161112,2707161731,12070,619
29455.698379,2707165056,2707165664,9199,608
29455.710404,2707168926,2707169507,8967,581
29455.722432,2707172825,2707173409,9190,584
29455.734444,2707176725,2707177343,9178,618
29455.746467,2707180630,2707181215,8857,585
29455.758499,2707184535,2707185119,9224,584
29455.770518,2707188539,2707189143,12089,604
29455.782541,2707192395,2707192971,8980,576
29455.794568,2707196280,2707196900,9242,620
29455.806579,2707200156,2707200760,9161,604
29455.818604,2707204020,2707204633,8863,613
29455.830640,2707207952,2707208537,9224,585
29455.842651,2707211785,2707212398,9003,613
29455.854673,2707215678,2707216263,8902,585
29455.866709,2707219554,2707220136,9205,582
29455.878716,2707223418,2707224021,9209,603
29455.890751,2707227387,2707227969,12032,582
29455.901265,2707230964,2707231578,12025,614
29455.943350,2707244250,2707244852,12123,602
29455.953859,2707247671,2707248255,8899,584
29455.965899,2707251524,2707252106,9150,582
29455.977907,2707255402,2707256015,9194,613
29455.989941,2707259316,2707259897,8975,581
29456.001962,2707263163,2707263783,9178,620
29456.013976,2707267074,2707267687,9168,613
29456.026004,2707270939,2707271520,8954,581
29456.038034,2707274799,2707275383,9219,584
29456.050050,2707278668,2707279271,9174,603
29456.062074,2707282566,2707283148,8981,582
29456.074100,2707286546,2707287131,11972,585
29456.086108,2707290529,2707291142,11862,613
29456.098143,2707294429,2707295011,8940,582
29456.110169,2707298352,2707298937,9192,585
29456.122182,2707302195,2707302803,9171,608
29456.134210,2707306085,2707306667,8912,582
29456.146237,2707309971,2707310556,9229,585
29456.158252,2707313827,2707314430,9165,603
29456.170276,2707317771,2707318356,8915,585
29456.182310,2707321645,2707322228,9226,583
29456.194323,2707325482,2707326089,9212,607
29456.206341,2707329341,2707329922,8928,581
29456.218373,2707333215,2707333830,9196,615
29456.230391,2707337140,2707337747,9155,607
29456.242410,2707341033,2707341619,8897,586
29456.254446,2707344906,2707345490,9203,584
29456.266458,2707348801,2707349411,9175,610
29456.278482,2707352642,2707353223,8914,581
29456.290512,2707356696,2707357306,12106,610
29456.302519,2707360755,2707361368,11867,613
29456.314552,2707364634,2707365211,8981,577
29456.326581,2707368526,2707369110,9224,584
29456.338594,2707372354,2707372967,9047,613
29456.350623,2707376216,2707376797,9026,581
29456.362651,2707380081,2707380666,9195,585
29456.374665,2707383967,2707384578,9135,611
29456.386693,2707387981,2707388565,11904,584
29456.398718,2707391890,2707392473,9191,583
29456.410729,2707395735,2707396348,9170,613
29456.422756,2707399578,2707400159,8947,581
29456.434786,2707403437,2707404052,9210,615
29456.446799,2707407329,2707407934,9218,605
29456.458827,2707411154,2707411736,8957,582
29456.470856,2707415040,2707415625,9195,585
29456.482864,2707418913,2707419518,9163,605
29456.494890,2707422782,2707423390,8901,608
29456.506922,2707426824,2707427434,12073,610
29456.518928,2707430862,2707431470,11892,608
29456.530957,2707434696,2707435299,8902,603
29456.542995,2707438634,2707439217,9264,583
29456.555001,2707442476,2707443089,9184,613
29456.567029,2707446476,2707447083,11816,607
29456.579058,2707450596,2707451205,12091,609
29456.591075,2707454642,2707455255,9187,613
29456.603097,2707458736,2707459345,11994,609
29456.615124,2707462868,2707463483,12109,615
29456.627144,2707466858,2707467470,9161,612
29456.639169,2707470885,2707471500,12010,615
29456.651196,2707474953,2707475563,12113,610
29456.663204,2707478980,2707479593,11868,613
29456.675236,2707482828,2707483410,8983,582
29456.687264,2707486703,2707487318,9236,615
29456.699276,2707490682,2707491291,11819,609
29456.711305,2707494649,2707495262,11822,613
29456.723332,2707498721,2707499331,12069,610
29456.735351,2707502716,2707503318,11846,602
29456.745882,2707506079,2707506662,9199,583
29456.757891,2707509965,2707510573,9119,608
29456.769917,2707513838,2707514423,8947,585
29456.781951,2707517651,2707518243,9227,592
29456.793965,2707521518,2707522125,9188,607
29456.805985,2707525434,2707526015,8951,581
29456.818014,2707529298,2707529903,9189,605
29456.830028,2707533214,2707533816,9138,602
29456.842056,2707537085,2707537666,8960,581
29456.854086,2707540945,2707541530,9237,585
29456.866100,2707544786,2707545391,9224,605
29456.878124,2707548672,2707549253,8951,581
29456.890154,2707552653,2707553236,12059,583
29456.902160,2707556639,2707557241,11871,602
29456.914193,2707560547,2707561124,8929,577
29456.926222,2707564436,2707565020,9233,584
29456.938235,2707568315,2707568928,9171,613
29456.950262,2707572176,2707572753,8951,577
29456.962293,2707576058,2707576642,9202,584
29456.974303,2707579936,2707580549,9150,613
29456.986324,2707583877,2707584461,8915,584
29456.998362,2707587748,2707588331,9212,583
29457.010376,2707591582,2707592198,9173,616
29457.022398,2707595470,2707596052,9011,582
29457.034427,2707599320,2707599935,9246,615
29457.046444,2707603265,2707603878,9199,613
29457.058467,2707607106,2707607688,8982,582
29457.070496,2707610985,2707611569,9163,584
29457.082508,2707614862,2707615467,9069,605
29457.094535,2707618727,2707619308,8987,581
29457.106563,2707622748,2707623332,11981,584
29457.118569,2707626737,2707627350,11861,613
29457.130608,2707630589,2707631171,8977,582
29457.142632,2707634479,2707635063,9146,584
29457.154643,2707638354,2707638967,9170,613
29457.166673,2707642198,2707642780,8992,582
29457.178702,2707646100,2707646685,9197,585
29457.190718,2707649964,2707650581,9178,617
29457.202736,2707653859,2707654443,8903,584
29457.214770,2707657768,2707658352,9197,584
29457.226781,2707661613,2707662214,9198,601
29457.238810,2707665481,2707666062,8917,581
29457.250837,2707669352,2707669962,9154,610
29457.262848,2707673201,2707673812,9202,611
29457.274877,2707677046,2707677628,8986,582
29457.286907,2707680958,2707681573,9265,615
29457.298917,2707684796,2707685406,9155,610
29457.310940,2707688636,2707689239,8838,603
29457.322975,2707692695,2707693300,12068,605
29457.334982,2707696736,2707697347,11903,611
29457.347009,2707700585,2707701188,8859,603
29457.359041,2707704697,2707705281,11960,584
29457.371051,2707708745,2707709357,11857,612
29457.383074,2707712836,2707713420,11797,584
29457.395111,2707716951,2707717559,12071,608
29457.407126,2707720893,2707721499,9214,606
29457.419146,2707724771,2707725356,8834,585
29457.431182,2707728823,2707729428,12120,605
29457.443187,2707732839,2707733441,11864,602
29457.455218,2707736822,2707737440,11834,618
29457.467247,2707740871,2707741455,11961,584
29457.479267,2707744849,2707745462,11832,613
29457.491289,2707748685,2707749267,8975,582
29457.503318,2707752532,2707753115,9218,583
29457.515327,2707756520,2707757136,11864,616
29457.527365,2707760517,2707761098,12023,581
29457.537881,2707764023,2707764643,9215,620
29457.549896,2707767927,2707768512,8898,585
29457.561931,2707771780,2707772365,9245,585
29457.573943,2707775645,2707776248,9168,603
29457.585969,2707779521,2707780106,8917,585
29457.598001,2707783381,2707783964,9171,583
29457.610012,2707787253,2707787866,9176,613
29457.622033,2707791255,2707791863,11805,608
29457.643079,2707798098,2707798707,12094,609
29457.670135,2707806791,2707807375,11982,584
29457.682153,2707810680,2707811293,9177,613
29457.694177,2707814589,2707815171,8970,582
29457.706204,2707818604,2707819188,11969,584
29457.718212,2707822623,2707823230,11866,607
29457.730239,2707826555,2707827140,8920,585
29457.742273,2707830461,2707831046,9194,585
29457.754286,2707834319,2707834922,9155,603
29457.766314,2707838182,2707838764,8952,582
29457.778341,2707842050,2707842670,9245,620
29457.790356,2707845973,2707846576,9184,603
29457.802376,2707849871,2707850456,8843,585
29457.814415,2707853685,2707854267,9204,582
29457.826421,2707857555,2707858168,9024,613
29457.838448,2707861642,2707862224,11967,582
29457.850474,2707865480,2707866089,9176,609
29457.862490,2707869363,2707869966,9233,603
29457.874524,2707873203,2707873785,9032,582
29457.886548,2707877083,2707877668,9191,585
29457.898558,2707880922,2707881529,9178,607
29457.910585,2707884763,2707885340,8915,577
29457.922613,2707888799,2707889383,11941,584
29457.934623,2707892783,2707893401,11866,618
29457.946656,2707896684,2707897266,9022,582
29457.958685,2707900531,2707901113,9220,582
29457.970695,2707904388,2707904996,9179,608
29458.139025,2707949798,2707950384,9246,586
29458.149538,2707952906,2707953493,8869,587
29458.182600,2707962578,2707963192,9199,614
29458.194628,2707966457,2707967039,8951,582
29458.206655,2707970337,2707970921,9184,584
29458.218673,2707974220,2707974835,9265,615
29458.230696,2707978104,2707978690,9011,586
29458.242725,2707982002,2707982588,9194,586
29458.254733,2707985974,2707986574,11821,600
29458.266760,2707989810,2707990418,8880,608
29458.278796,2707993733,2707994317,9224,584
29458.290803,2707997582,2707998190,9168,608
29458.302831,2708001388,2708001971,8975,583
29458.314866,2708005224,2708005805,9248,581
29458.326872,2708009105,2708009723,9201,618
29458.338901,2708013092,2708013674,11970,582
29458.350929,2708017116,2708017731,12090,615
29458.362944,2708021016,2708021620,9186,604
29458.374964,2708024849,2708025434,8834,585
29458.386993,2708028737,2708029358,9212,621
29458.399011,2708032811,2708033429,11906,618
29458.411036,2708036789,2708037372,8978,583
29458.423064,2708040738,2708041352,9227,614
29458.435086,2708044789,2708045399,9307,610
29458.447102,2708048806,2708049393,11953,587
29458.459133,2708052953,2708053537,11960,584
29458.471152,2708056993,2708057596,11874,603
29458.483173,2708061038,2708061646,11808,608
29458.495202,2708065075,2708065657,11955,582
29458.507215,2708068885,2708069487,9143,602
29458.519247,2708072695,2708073307,8990,612
29458.531272,2708076722,2708077338,12076,616
29458.543283,2708080736,2708081341,11821,605
29458.555309,2708084882,2708085490,11816,608
29458.567338,2708088921,2708089531,12075,610
29458.577854,2708092344,2708092929,8967,585
29458.589889,2708096153,2708096736,9192,583
29458.601901,2708100033,2708100641,9246,608
29458.613927,2708103869,2708104450,8927,581
29458.625951,2708107780,2708108364,11959,584
29458.637963,2708111661,2708112262,11923,601
29458.649992,2708115539,2708116146,11830,607
29458.662024,2708119401,2708119986,9205,585
29458.674039,2708123271,2708123873,9142,602
29458.686064,2708127158,2708127740,8945,582
29458.698093,2708131015,2708131598,9222,583
29458.710103,2708134871,2708135474,9118,603
29458.722125,2708138906,2708139491,11845,585
29458.734160,2708142881,2708143465,11975,584
29458.746173,2708146767,2708147374,9141,607
29458.758198,2708150903,2708151485,11981,582
29458.770228,2708154761,2708155376,9189,615
29458.782242,2708158688,2708159302,9195,614
29458.794269,2708162601,2708163183,8950,582
29458.806300,2708166434,2708167018,9198,584
29458.818314,2708170314,2708170919,9083,605
29458.830338,2708174185,2708174766,8965,581
29458.842367,2708178080,2708178665,9219,585
29458.854378,2708182082,2708182688,11884,606
29458.866411,2708186088,2708186701,11890,613
29458.878433,2708190112,2708190695,12021,583
29458.890448,2708194000,2708194608,9222,608
29458.902474,2708197865,2708198447,8977,582
29458.914502,2708201763,2708202346,9179,583
29458.926516,2708205633,2708206234,9157,601
29458.938541,2708209637,2708210219,11966,582
29458.950570,2708213656,2708214266,12090,610
29458.962588,2708217587,2708218185,9216,598
29458.974612,2708221466,2708222048,8962,582
29458.986640,2708225355,2708225939,9171,584
29458.998651,2708229194,2708229811,9152,617
29459.010677,2708233082,2708233665,8937,583
29459.022710,2708236942,2708237526,9256,584
29459.034725,2708240830,2708241434,9251,604
29459.046748,2708244675,2708245256,8982,581
29459.058777,2708248578,2708249162,9203,584
29459.070782,2708252582,2708253189,11862,607
29459.082810,2708256555,2708257163,11802,608
29459.094848,2708260409,2708260992,9195,583
29459.106854,2708264278,2708264886,9152,608
29459.118878,2708268152,2708268738,8899,586
29459.130911,2708272046,2708272629,9225,583
29459.142922,2708275918,2708276526,9189,608
29459.154947,2708279928,2708280510,11982,582
29459.166980,2708283967,2708284583,12096,616
29459.178991,2708287867,2708288475,9180,608
29459.191019,2708291871,2708292473,11828,602
29459.203047,2708295796,2708296411,9215,615
29459.215069,2708299881,2708300494,11837,613
29459.227085,2708303985,2708304567,11949,582
29459.239115,2708307988,2708308597,9185,609
29459.251135,2708311953,2708312568,9297,615
29459.263163,2708315935,2708316516,12045,581
29459.275185,2708320006,2708320620,12076,614
29459.287196,2708324031,2708324638,11865,607
29459.299226,2708327980,2708328593,11851,613
29459.362353,2708347642,2708348219,12022,577
29459.374378,2708351680,2708352264,9207,584
29459.386391,2708355555,2708356163,9168,608
29459.398418,2708359449,2708360032,8954,583
29459.410448,2708363297,2708363880,9231,583
29459.422462,2708367205,2708367823,9230,618
29459.434484,2708371141,2708371726,8928,585
29459.446517,2708374999,2708375581,9218,582
29459.458531,2708378825,2708379426,9206,601
29459.470549,2708382877,2708383459,11970,582
29459.482578,2708386936,2708387540,12067,604
29459.494595,2708390840,2708391448,9194,608
29459.506623,2708394679,2708395261,9004,582
29459.518653,2708398584,2708399169,9233,585
29459.530663,2708402420,2708403032,9207,612
29459.542689,2708406270,2708406851,8971,581
29459.554720,2708410281,2708410866,11982,585
29459.566727,2708414274,2708414886,11865,612
29459.578760,2708418144,2708418726,8973,582
29459.604311,2708426439,2708427048,12008,609
29459.622345,2708432445,2708433030,11907,585
29459.653909,2708442509,2708443094,11921,585
29459.665932,2708446429,2708447034,12100,605
29459.677951,2708450396,2708451000,8951,604
29459.689979,2708454314,2708454899,8923,585
29459.702001,2708458230,2708458845,9252,615
29459.714020,2708462175,2708462784,8988,609
29459.726047,2708466085,2708466669,8938,584
29459.738068,2708470069,2708470683,12069,614
29459.750085,2708474124,2708474740,11994,616
29459.762116,2708478070,2708478691,8939,621
29459.774136,2708482009,2708482625,9275,616
29459.786150,2708485952,2708486565,8863,613
29459.798184,2708489879,2708490464,8915,585
29459.810206,2708493791,2708494412,9055,621
29459.822217,2708497720,2708498321,8853,601
29459.834252,2708501660,2708502244,8927,584
29459.846272,2708505587,2708506206,9233,619
29459.858295,2708509729,2708510347,11877,618
29459.870321,2708513876,2708514464,11927,588
29459.910896,2708527028,2708527633,12057,605
29459.922919,2708530977,2708531587,9186,610
29459.934936,2708534903,2708535519,8954,616
29459.946964,2708538819,2708539402,8909,583
29459.958985,2708542741,2708543356,9059,615
29459.971002,2708546841,2708547448,11834,607
29460.007077,2708558452,2708559068,11881,616
29460.019100,2708562647,2708563232,11923,585
29460.031125,2708566826,2708567436,12085,610
29460.043141,2708570956,2708571558,11842,602
29460.055171,2708574930,2708575551,8971,621
29460.067193,2708578957,2708579571,9213,614
29460.079210,2708582989,2708583600,11847,611
29460.091240,2708587054,2708587669,12084,615
29460.103264,2708591159,2708591779,9185,620
29460.130312,2708599925,2708600532,12111,607
29460.142330,2708604044,2708604648,11990,604
29460.154358,2708608130,2708608716,11953,586
29460.166383,2708612218,2708612823,12097,605
29460.178394,2708616137,2708616744,8833,607
29460.190430,2708620199,2708620783,8894,584
29460.202452,2708624266,2708624881,12099,615
29460.214462,2708628200,2708628814,8822,614
29460.226497,2708632107,2708632692,8933,585
29460.237009,2708635612,2708636216,11988,604
29460.258058,2708642482,2708643092,12038,610
29460.268573,2708645946,2708646561,12001,615
29460.291110,2708653323,2708653936,11829,613
29460.303143,2708657571,2708658155,11922,584
29460.315166,2708661678,2708662282,12139,604
29460.327179,2708665705,2708666313,11837,608
29460.339209,2708669644,2708670259,8901,615
29460.351230,2708673635,2708674255,9226,620
29460.363250,2708677766,2708678376,11827,610
29460.375279,2708681681,2708682265,8928,584
29460.387303,2708685845,2708686455,12074,610
29460.399319,2708689859,2708690472,11844,613
29460.411348,2708693973,2708694584,12037,611
29460.421865,2708697464,2708698074,9005,610
29460.433892,2708701399,2708701983,8926,584
29460.445912,2708705278,2708705889,9182,611
29460.457934,2708709228,2708709838,9000,610
29460.469962,2708713175,2708713760,11934,585
29460.481981,2708717060,2708717674,12099,614
29460.493994,2708721008,2708721621,8856,613
29460.506029,2708725033,2708725648,12037,615
29460.518052,2708729015,2708729625,9211,610
29460.530061,2708732949,2708733560,8834,611
29460.540591,2708736549,2708737158,12074,609
29460.576660,2708748027,2708748640,9186,613
29460.587182,2708751636,2708752248,12001,612
29460.599206,2708755762,2708756366,12081,604
29460.609729,2708759217,2708759801,8920,584
29460.642779,2708769834,2708770447,11857,613
29460.653310,2708773449,2708774062,12069,613
29460.674339,2708780385,2708780987,11837,602
29460.686373,2708784494,2708785079,11919,585
29460.698392,2708788516,2708789130,12098,614
29460.710405,2708792421,2708793029,8888,608
29460.722440,2708796363,2708796948,8940,585
29460.734463,2708800285,2708800890,9234,605
29460.746476,2708804187,2708804794,8895,607
29460.758513,2708808166,2708808751,8945,585
29460.770531,2708812203,2708812816,12144,613
29460.781049,2708815705,2708816321,8908,616
29460.791565,2708819428,2708820041,11850,613
29460.802092,2708822929,2708823544,8973,615
29460.814103,2708826872,2708827486,8812,614
29460.826138,2708830775,2708831360,8883,585
29460.838157,2708834664,2708835276,9190,612
29460.850181,2708838657,2708839268,8995,611
29460.862207,2708842576,2708843158,8924,582
29460.874229,2708846484,2708847094,9249,610
29460.886243,2708850573,2708851183,11990,610
29460.898274,2708854653,2708855275,12080,622
29460.910296,2708858629,2708859239,9275,610
29460.943356,2708869283,2708869868,11926,585
29460.953876,2708872744,2708873348,8948,604
29460.965907,2708876656,2708877090,7642,434
29460.977924,2708880396,2708880999,9193,603
29460.989946,2708884369,2708884985,8972,616
29461.001973,2708888487,2708889103,8921,616
29461.013996,2708892429,2708893041,9224,612
29461.026008,2708896386,2708896993,8808,607
29461.038043,2708900313,2708900898,8890,585
29461.050063,2708904227,2708904847,9060,620
29461.062075,2708908176,2708908782,8856,606
29461.074109,2708912097,2708912681,8911,584
29461.086130,2708916121,2708916742,12070,621
29461.098153,2708920211,2708920823,11892,612
29461.110179,2708924166,2708924752,8897,586
29461.122203,2708928078,2708928687,9243,609
29461.134211,2708932017,2708932625,8844,608
29461.146246,2708935930,2708936514,8893,584
29461.158271,2708939881,2708940496,9194,615
29461.170282,2708943958,2708944571,11804,613
29461.182313,2708948011,2708948595,11917,584
29461.194340,2708951928,2708952538,9236,610
29461.206351,2708956017,2708956625,8890,608
29461.218388,2708959976,2708960560,8912,584
29461.230408,2708963872,2708964483,9248,611
29461.242418,2708967800,2708968413,8871,613
29461.254454,2708971766,2708972350,8936,584
29461.264964,2708975329,2708975939,11989,610
29461.276994,2708979437,2708980022,11944,585
29461.295027,2708985234,2708985817,8873,583
29461.307051,2708989348,2708989958,12084,610
29461.319068,2708993447,2708994059,11842,612
29461.331096,2708997641,2708998256,12057,615
29461.343121,2709001838,2709002447,12141,609
29461.355136,2709005995,2709006608,11823,613
29461.367165,2709010012,2709010597,8927,585
29461.379190,2709014105,2709014720,12114,615
29461.391205,2709018210,2709018812,11846,602
29461.403233,2709022308,2709022918,12051,610
29461.415259,2709026411,2709027021,12073,610
29461.427275,2709030434,2709031037,11844,603
29461.439303,2709034491,2709035107,12060,616
29461.451324,2709038619,2709039224,12068,605
29461.463344,2709042610,2709043224,11843,614
29461.473868,2709046063,2709046675,9201,612
29461.485890,2709050058,2709050519,7568,461
29461.497921,2709053863,2709054329,7671,466
29461.509939,2709057657,2709058272,9201,615
29461.521958,2709061588,2709062198,8935,610
29461.533986,2709065508,2709066093,8890,585
29461.546008,2709069410,2709070018,9054,608
29461.558026,2709073379,2709073989,8975,610
29461.570054,2709077310,2709077895,8869,585
29461.582073,2709081290,2709081904,12121,614
29461.594097,2709085204,2709085812,8961,608
29461.606122,2709089140,2709089725,8904,585
29461.618145,2709093100,2709093705,9198,605
29461.630155,2709097023,2709097631,8832,608
29461.642190,2709100939,2709101529,8905,590
29461.654213,2709104880,2709105494,9181,614
29461.666232,2709108815,2709109425,8943,610
29461.678259,2709112727,2709113309,8925,582
29461.690279,2709116598,2709117200,9175,602
29461.702294,2709120658,2709121271,11816,613
29461.714328,2709124750,2709125360,12063,610
29461.726350,2709128670,2709129285,9245,615
29461.738360,2709132576,2709133184,8886,608
29461.750400,2709136510,2709137095,8896,585
29461.762419,2709140417,2709141031,9247,614
29461.774429,2709144342,2709144955,8893,613
29461.786464,2709148246,2709148831,8897,585
29461.798487,2709152295,2709152910,12102,615
29461.810498,2709156232,2709156830,8883,598
29461.822533,2709160282,2709160867,8930,585
29461.834556,2709164227,2709164842,9190,615
29461.846575,2709168156,2709168774,8939,618
29461.858602,2709172104,2709172688,8912,584
29461.870625,2709176053,2709176662,9252,609
29461.894670,2709183884,2709184501,12039,617
29461.906692,2709187860,2709188470,9208,610
29461.918709,2709191882,2709192490,11888,608
29461.930736,2709195934,2709196518,11956,584
29461.942761,2709199873,2709200494,9071,621
29461.954774,2709203795,2709204408,8896,613
29461.966808,2709207703,2709208287,8905,584
29461.978826,2709211606,2709212219,9215,613
29461.990847,2709215534,2709216147,8929,613
29462.002875,2709219621,2709220206,11936,585
29462.014896,2709223674,2709224288,12102,614
29462.026907,2709227608,2709228211,8885,603
29462.038942,2709231512,2709232097,8908,585
29462.050966,2709235443,2709236053,9238,610
29462.062978,2709239347,2709239966,8885,619
29462.075012,2709243295,2709243879,8924,584
29462.087030,2709247297,2709247899,9231,602
29462.099052,2709251327,2709251942,8962,615
29462.111080,2709255540,2709256159,12062,619
29462.123103,2709259750,2709260360,12079,610
29462.135121,2709263851,2709264458,11846,607
29462.147148,2709268036,2709268651,12081,615
29462.159172,2709272193,2709272798,12083,605
29462.171188,2709276269,2709276871,11844,602
29462.183216,2709280369,2709280953,11924,584
29462.195239,2709284441,2709285060,12072,619
29462.207257,2709288462,2709289070,11843,608
29462.219287,2709292518,2709293139,12073,621
29462.231311,2709296626,2709297230,12079,604
29462.243329,2709300669,2709301274,12002,605
29462.255354,2709304717,2709305301,11925,584
29462.265872,2709308187,2709308801,8955,614
29462.277900,2709312088,2709312670,8894,582
29462.289922,2709315955,2709316573,9013,618
29462.301937,2709319940,2709320544,11987,604
29462.313969,2709323895,2709324510,12064,615
29462.325988,2709327805,2709328407,9185,602
29462.338013,2709331776,2709332396,8939,620
29462.350037,2709335743,2709336333,8886,590
29462.362061,2709339671,2709340274,9266,603
29462.374069,2709343595,2709344203,8871,608
29462.386105,2709347535,2709348119,8920,584
29462.398129,2709351448,2709352063,9182,615
29462.410138,2709355405,2709356012,8788,607
29462.422172,2709359330,2709359914,8917,584
29462.434196,2709363261,2709363876,9260,615
29462.446208,2709367194,2709367812,8854,618
29462.458243,2709371101,2709371686,8938,585
29462.470262,2709374963,2709375566,9184,603
29462.482284,2709378951,2709379561,8982,610
29462.494314,2709382872,2709383454,8867,582
29462.506334,2709386775,2709387390,9231,615
29462.518346,2709390873,2709391486,11810,613
29462.530379,2709394938,2709395548,12056,610
29462.542402,2709398884,2709399494,9247,610
29462.554412,2709402789,2709403407,8900,618
29462.566447,2709406701,2709407286,8898,585
29462.578470,2709410597,2709411211,9163,614
29462.590487,2709414571,2709415186,8973,615
29462.602515,2709418478,2709419062,8934,584
29462.614538,2709422534,2709423138,12108,604
29462.626551,2709426468,2709427071,8897,603
29462.638586,2709430550,2709431165,8947,615
29462.650607,2709434501,2709435116,9254,615
29462.662618,2709438447,2709439053,8827,606
29462.674652,2709442374,2709442958,8903,584
29462.686674,2709446340,2709446955,9065,615
29462.698695,2709450275,2709450886,8977,611
29462.710722,2709454180,2709454762,8925,582
29462.722745,2709458117,2709458728,9246,611
29462.734765,2709462156,2709462763,11922,607
29462.746788,2709466243,2709466828,11917,585
29462.758813,2709470169,2709470774,9236,605
29462.770824,2709474067,2709474670,8910,603
29462.782858,2709477992,2709478576,8907,584
29462.794881,2709481930,2709482538,9233,608
29462.806892,2709485810,2709486423,8876,613
29462.818926,2709489735,2709490320,8945,585
29462.830950,2709493815,2709494425,12103,610
29462.842961,2709497780,2709498382,8911,602
29462.854995,2709501719,2709502304,8908,585
29462.867020,2709505799,2709506414,12083,615
29462.879035,2709509818,2709510422,11866,604
29462.891065,2709513964,2709514579,12040,615
29462.903086,2709518049,2709518669,9241,620
29462.915104,2709522068,2709522684,8974,616
29462.927130,2709526228,2709526810,11946,582
29462.939155,2709530376,2709530986,12065,610
29462.951173,2709534473,2709535086,11881,613
29462.963200,2709538549,2709539164,12060,615
29462.975224,2709542721,2709543325,12076,604
29462.987241,2709546760,2709547381,11995,621
29462.999270,2709550900,2709551515,12063,615
29463.011294,2709554999,2709555613,12083,614
29463.023309,2709559018,2709559626,11843,608
29463.035338,2709563050,2709563660,12034,610
29463.045856,2709566544,2709567159,9015,615
29463.057884,2709570500,2709571084,8924,584
29463.069903,2709574402,2709575021,9132,619
29463.081928,2709578374,2709578995,8976,621
29463.093952,2709582331,2709582913,8876,582
29463.105971,2709586214,2709586827,9175,613
29463.117989,2709590200,2709590816,12029,616
29463.130020,2709594182,2709594791,12063,609
29463.142039,2709598126,2709598739,9179,613
29463.154053,2709602048,2709602656,8849,608
29463.166088,2709605955,2709606539,8909,584
29463.178111,2709609859,2709610479,9186,620
29463.190123,2709613814,2709614417,8846,603
29463.202158,2709617705,2709618290,8932,585
29463.214180,2709621620,2709622240,9258,620
29463.226192,2709625697,2709626305,11811,608
29463.238229,2709629660,2709630245,8937,585
29463.250248,2709633763,2709634367,12098,604
29463.262259,2709637689,2709638303,8783,614
29463.274293,2709641610,2709642195,8902,585
29463.286315,2709645544,2709646154,9255,610
29463.298333,2709649503,2709650107,8988,604
29463.310362,2709653426,2709654008,8899,582
29463.322385,2709657328,2709657943,9256,615
29463.334399,2709661433,2709662043,11992,610
29463.346429,2709665504,2709666120,12054,616
29463.358453,2709669450,2709670060,9219,610
29463.370466,2709673357,2709673965,8862,608
29463.382501,2709677255,2709677865,8935,610
29463.394523,2709681203,2709681813,9233,610
29463.406532,2709685155,2709685758,8895,603
29463.418568,2709689096,2709689680,8924,584
29463.430589,2709693052,2709693668,9048,616
29463.442603,2709696993,2709697596,8898,603
29463.454638,2709700928,2709701512,8905,584
29463.466660,2709704878,2709705493,9229,615
29463.478678,2709708783,2709709402,8928,619
29463.490706,2709712729,2709713313,8848,584
29463.502729,2709716635,2709717244,9246,609
29463.514745,2709720547,2709721160,8971,613
29463.526773,2709724490,2709725072,8894,582
29463.538793,2709728408,2709729015,9212,607
29463.550812,2709732413,2709733020,11851,607
29463.562842,2709736472,2709737088,12063,616
29463.574861,2709740390,2709740998,9208,608
29463.586874,2709744349,2709744951,8856,602
29463.598908,2709748257,2709748841,8930,584
29463.610928,2709752176,2709752788,9227,612
29463.622951,2709756124,2709756740,8962,616
29463.647000,2709763987,2709764596,12078,609
29463.659016,2709768127,2709768735,11845,608
29463.671044,2709772313,2709772898,11928,585
29463.683069,2709776469,2709777084,12069,615
29463.695085,2709780619,2709781229,8964,610
29463.750690,2709798190,2709798801,11882,611
29463.762712,2709802209,2709802816,11824,607
29463.774746,2709806123,2709806707,9196,584
29463.786756,2709809995,2709810603,9186,608
29463.798783,2709813863,2709814445,9000,582
29463.810815,2709817730,2709818312,9188,582
29463.822823,2709821597,2709822205,9190,608
29463.834854,2709825470,2709826052,8983,582
29463.846881,2709829351,2709829935,9189,584
29463.858893,2709833254,2709833862,9086,608
29463.870915,2709837129,2709837742,8898,613
29463.970112,2709867790,2709868373,8997,583
29464.039234,2709886107,2709886708,9084,601
29464.051266,2709890026,2709890641,9207,615
29464.063288,2709894269,2709894873,12070,604
29464.075310,2709898234,2709898836,11843,602
29464.087336,2709902288,2709902892,12079,604
29464.097850,2709905687,2709906272,8904,585
29464.109886,2709909533,2709910114,9226,581
29464.121898,2709913378,2709913987,9210,609
29464.133917,2709917320,2709917905,11826,585
29464.145950,2709921140,2709921759,12093,619
29464.157964,2709925004,2709925608,9187,604
29464.169987,2709928890,2709929474,8873,584
29464.182024,2709932753,2709933337,9225,584
29464.194036,2709936623,2709937226,9235,603
29464.206059,2709940549,2709941134,8952,585
29464.218090,2709944421,2709945007,9211,586
29464.230105,2709948300,2709948909,9249,609
29464.242129,2709952144,2709952725,8959,581
29464.254159,2709956004,2709956589,9194,585
29464.266167,2709960151,2709960765,11932,614
29464.278194,2709964052,2709964660,8913,608
29464.290227,2709967915,2709968500,9212,585
29464.302242,2709971777,2709972383,9182,606
29464.314266,2709975635,2709976216,8967,581
29464.326296,2709979502,2709980084,9253,582
29464.338307,2709983379,2709983992,9173,613
29464.350333,2709987424,2709988005,12000,581
29464.362359,2709991430,2709992036,12070,606
29464.374377,2709995319,2709995927,9196,608
29464.386403,2709999206,2709999788,8996,582
29464.398435,2710003097,2710003682,9228,585
29464.410447,2710006943,2710007543,9156,600
29464.422472,2710010818,2710011399,9036,581
29464.434502,2710014654,2710015237,9217,583
29464.446512,2710018515,2710019123,9192,608
29464.458540,2710022381,2710022962,8998,581
29464.470572,2710026238,2710026822,9214,584
29464.482575,2710030263,2710030871,11866,608
29464.494605,2710034126,2710034739,8891,613
29464.506636,2710038031,2710038614,9198,583
29464.518649,2710041909,2710042522,9184,613
29464.530677,2710045759,2710046340,8963,581
29464.542709,2710049623,2710050205,9206,582
29464.554716,2710053501,2710054115,9162,614
29464.566742,2710057463,2710058045,11964,582
29464.578770,2710061464,2710062078,12068,614
29464.590786,2710065339,2710065946,9205,607
29464.602814,2710069173,2710069754,8982,581
29464.614844,2710073065,2710073649,9206,584
29464.626848,2710077103,2710077715,11870,612
29464.638881,2710080964,2710081545,8946,581
29464.650910,2710084827,2710085410,9192,583
29464.662927,2710088741,2710089350,9289,609
29464.674950,2710092614,2710093196,8987,582
29464.686978,2710096502,2710097086,9198,584
29464.698989,2710100353,2710100956,9164,603
29464.711017,2710104293,2710104900,11814,607
29464.723044,2710108444,2710109028,11989,584
29464.735058,2710112414,2710113032,9163,618
29464.747082,2710116408,2710116993,8910,585
29464.759117,2710120449,2710121060,12129,611
29464.771129,2710124510,2710125116,11901,606
29464.783157,2710128516,2710129098,11968,582
29464.795184,2710132530,2710133133,12070,603
29464.807195,2710136503,2710137108,11825,605
29464.819224,2710140438,2710141051,11811,613
29464.831250,2710144524,2710145144,12081,620
29464.843262,2710148540,2710149153,11864,613
29464.855294,2710152515,2710153117,11816,602
29464.867321,2710156418,2710157001,9175,583
29464.879339,2710160518,2710161123,9287,605
29464.889867,2710163930,2710164518,9185,588
29464.901886,2710167899,2710168368,7362,469
29464.913906,2710171708,2710172293,8962,585
29464.925937,2710175549,2710176135,9187,586
29464.937949,2710179434,2710180053,9219,619
29464.949976,2710183427,2710184009,12007,582
29464.961998,2710187255,2710187869,12076,614
29464.974015,2710191139,2710191743,9193,604
29464.986038,2710195091,2710195676,11829,585
29464.998076,2710198940,2710199524,9180,584
29465.010089,2710202809,2710203419,9215,610
29465.022107,2710206708,2710207293,8932,585
29465.034144,2710210510,2710211093,9210,583
29465.046155,2710214390,2710215003,9197,613
29465.058181,2710218290,2710218871,8929,581
29465.070211,2710222143,2710222727,9188,584
29465.082219,2710226298,2710226911,11928,613
29465.094248,2710230357,2710230938,11979,581
29465.106281,2710234190,2710234774,9131,584
29465.118294,2710238065,2710238673,9186,608
29465.130318,2710241940,2710242522,8952,582
29465.142348,2710245814,2710246397,9254,583
29465.154362,2710249665,2710250276,9193,611
29465.166383,2710253695,2710254277,11993,582
29465.178412,2710257718,2710258322,12096,604
29465.190427,2710261616,2710262224,9166,608
29465.202455,2710265450,2710266032,8981,582
29465.214487,2710269298,2710269883,9195,585
29465.226501,2710273107,2710273713,9209,606
29465.238525,2710276985,2710277567,9001,582
29465.250553,2710280822,2710281405,9220,583
29465.262569,2710284724,2710285334,9282,610
29465.274593,2710288609,2710289190,8971,581
29465.286624,2710292482,2710293067,9202,585
29465.298626,2710296568,2710297171,11868,603
29465.310658,2710300574,2710301187,11835,613
29465.322688,2710304499,2710305084,9208,585
29465.334700,2710308368,2710308976,9138,608
29465.346729,2710312217,2710312799,8954,582
29465.358759,2710316068,2710316648,9210,580
29465.370768,2710319950,2710320558,9209,608
29465.382795,2710323958,2710324540,11974,582
29465.394822,2710327977,2710328592,12082,615
29465.406836,2710331888,2710332491,9186,603
29465.418864,2710335719,2710336301,8988,582
29465.430896,2710339591,2710340176,9162,585
29465.442905,2710343414,2710344020,9167,606
29465.454931,2710347282,2710347863,8956,581
29465.466965,2710351143,2710351727,9246,584
29465.478979,2710355008,2710355618,9291,610
29465.491002,2710358945,2710359527,8990,582
29465.503029,2710363060,2710363645,11962,585
29465.515041,2710367066,2710367675,11842,609
29465.527069,2710371146,2710371759,11815,613
29465.539097,2710375320,2710375905,11971,585
29465.551109,2710379289,2710379902,9204,613
29465.563134,2710383168,2710383775,8913,607
29465.575166,2710387277,2710387895,12082,618
29465.587175,2710391300,2710391908,11889,608
29465.599208,2710395416,2710396025,12011,609
29465.611232,2710399485,2710400100,12080,615
29465.623254,2710403396,2710404000,9291,604
29465.686369,2710423241,2710423842,11868,601
29465.698399,2710427315,2710427897,11998,582
29465.710424,2710431337,2710431947,12095,610
29465.722443,2710435267,2710435880,9186,613
29465.734462,2710439160,2710439745,8914,585
29465.746493,2710443026,2710443635,9240,609
29465.758507,2710446924,2710447530,9200,606
29465.770533,2710450870,2710451455,8923,585
29465.782559,2710454906,2710455491,11909,585
29465.794571,2710458894,2710459512,11867,618
29465.806604,2710462811,2710463396,8929,585
29465.818632,2710466732,2710467341,9228,609
29465.830648,2710470661,2710471263,9188,602
29465.842667,2710474540,2710475124,8913,584
29465.854696,2710478432,2710479052,9219,620
29465.866711,2710482330,2710482933,9183,603
29465.878738,2710486214,2710486793,8896,579
29465.890768,2710490068,2710490676,9184,608
29465.902781,2710493972,2710494585,9157,613
29465.914801,2710498088,2710498673,11830,585
29465.926836,2710502159,2710502780,12101,621
29465.938852,2710506078,2710506691,9184,613
29465.950871,2710509973,2710510557,8896,584
29465.962904,2710513907,2710514527,9281,620
29465.974917,2710517794,2710518400,9168,606
29465.986942,2710521718,2710522302,8923,584
29465.998975,2710525807,2710526428,12089,621
29466.010982,2710529866,2710530479,11870,613
29466.023013,2710533909,2710534488,11867,579
29466.035042,2710537972,2710538582,12086,610
29466.047055,2710542103,2710542711,11906,608
29466.059076,2710546208,2710546792,11839,584
29466.071110,2710550402,2710551012,12073,610
29466.083125,2710554402,2710555010,9202,608
29466.095148,2710558370,2710558954,8890,584
29466.107178,2710562523,2710563137,12068,614
29466.119185,2710566547,2710567160,11865,613
29466.131210,2710570623,2710571207,11793,584
29466.143249,2710574659,2710575262,12091,603
29466.155257,2710578654,2710579262,11871,608
29466.167287,2710582576,2710583191,9014,615
29466.179317,2710586530,2710587134,9227,604
29466.191325,2710590522,2710591132,11869,610
29466.203359,2710594580,2710595189,12048,609
29466.213878,2710598026,2710598637,9280,611
29466.225897,2710601940,2710602526,8852,586
29466.237932,2710605811,2710606414,9295,603
29466.249949,2710609750,2710610360,9297,610
29466.261965,2710613668,2710614253,8925,585
29466.274000,2710617537,2710618144,9238,607
29466.286016,2710621478,2710622087,9277,609
29466.298033,2710625491,2710626076,11842,585
29466.308553,2710629059,2710629671,11923,612
29466.374678,2710650042,2710650624,11816,582
29466.386712,2710653958,2710654568,9260,610
29466.398722,2710657996,2710658604,11866,608
29466.410749,2710662044,2710662654,11977,610
29466.422781,2710666009,2710666614,9256,605
29466.434797,2710669919,2710670537,9237,618
29466.446816,2710673832,2710674417,8867,585
29466.458849,2710677773,2710678394,9258,621
29466.470864,2710681690,2710682303,9190,613
29466.482883,2710685583,2710686167,8840,584
29466.494917,2710689493,2710690106,9245,613
29466.506932,2710693426,2710694046,9272,620
29466.518955,2710697357,2710697942,8905,585
29466.530987,2710701440,2710702055,12087,615
29466.542994,2710705502,2710706115,11907,613
29466.555026,2710709581,2710710165,11849,584
29466.567053,2710713569,2710714173,9271,604
29466.579066,2710717558,2710718161,9221,603
29466.591087,2710721676,2710722260,11822,584
29466.603122,2710725787,2710726396,12095,609
29466.615135,2710729844,2710730452,11870,608
29466.627160,2710733903,2710734513,11982,610
29466.639192,2710737991,2710738600,12089,609
29466.651202,2710742022,2710742630,11867,608
29466.663228,2710746058,2710746668,11986,610
29466.675261,2710750147,2710750759,12088,612
29466.687268,2710754139,2710754752,11868,613
29466.699299,2710758030,2710758640,8974,610
29466.711329,2710762051,2710762671,9204,620
29466.723338,2710766082,2710766699,11869,617
29466.733874,2710769535,2710770137,9286,602
29466.745891,2710773501,2710774116,9274,615
29466.757908,2710777419,2710778003,8929,584
29466.769943,2710781283,2710781890,9221,607
29466.781957,2710785234,2710785844,12021,610
29466.793980,2710789185,2710789769,11843,584
29466.806012,2710793058,2710793667,9259,609
29466.818028,2710796991,2710797604,9188,613
29466.830048,2710800915,2710801500,8921,585
29466.842078,2710804803,2710805416,9232,613
29466.854094,2710808768,2710809380,9260,612
29466.866114,2710812664,2710813248,8890,584
29466.878149,2710816531,2710817134,9281,603
29466.890166,2710820477,2710821091,9254,614
29466.902186,2710824413,2710824997,8980,584
29466.914214,2710828475,2710829084,12097,609
29466.924724,2710832102,2710832686,11818,584
29466.971309,2710846926,2710847539,11836,613
29467.114089,2710883050,2710883654,6308,604
29467.126112,2710886436,2710887056,7173,620
29467.138141,2710889894,2710890479,6795,585
29467.150158,2710893805,2710894409,9081,604
29467.162181,2710897727,2710898311,8885,584
29467.174211,2710901614,2710902228,9216,614
29467.186226,2710905514,2710906127,9210,613
29467.198251,2710909558,2710910142,11886,584
29467.210280,2710913602,2710914210,12145,608
29467.222296,2710917511,2710918124,9179,613
29467.234314,2710921402,2710921987,8910,585
29467.246348,2710925302,2710925917,9217,615
29467.258360,2710929195,2710929815,9149,620
29467.270382,2710933092,2710933676,8856,584
29467.282416,2710936974,2710937584,9146,610
29467.294435,2710940895,2710941504,9237,609
29467.306451,2710944830,2710945413,8858,583
29467.318487,2710948706,2710949310,9281,604
29467.330491,2710952805,2710953418,11860,613
29467.342521,2710956901,2710957510,11954,609
29467.354556,2710960834,2710961450,9252,616
29467.366570,2710964777,2710965380,9229,603
29467.378588,2710968672,2710969257,8898,585
29467.390622,2710972552,2710973160,9210,608
29467.402639,2710976526,2710977136,9213,610
29467.414655,2710980565,2710981150,11808,585
29467.426691,2710984611,2710985218,12180,607
29467.438708,2710988517,2710989124,9180,607
29467.450727,2710992443,2710993053,8979,610
29467.462758,2710996394,2710997009,9235,615
29467.474771,2711000272,2711000880,9145,608
29467.486794,2711004161,2711004746,8864,585
29467.498825,2711008082,2711008698,9239,616
29467.510843,2711012000,2711012621,9291,621
29467.522863,2711015916,2711016499,8951,583
29467.534896,2711019839,2711020444,9263,605
29467.546912,2711023895,2711024497,11838,602
29467.558932,2711027964,2711028579,11955,615
29467.570964,2711031926,2711032537,9253,611
29467.582974,2711035805,2711036414,9185,609
29467.595010,2711039827,2711040412,11914,585
29467.607034,2711043876,2711044488,12173,612
29467.619042,2711047971,2711048578,11863,607
29467.631067,2711052110,2711052695,11826,585
29467.692696,2711071832,2711072446,12154,614
29467.727255,2711082994,2711083605,12027,611
29467.739276,2711087056,2711087665,11968,609
29467.751305,2711091146,2711091767,12067,621
29467.763314,2711095163,2711095776,11863,613
29467.775346,2711099216,2711099831,11979,615
29467.785868,2711102709,2711103324,9305,615
29467.797888,2711106649,2711107265,8902,616
29467.809925,2711110562,2711111021,7519,459
29467.821939,2711114354,2711114963,9210,609
29467.833960,2711118265,2711118850,8919,585
29467.845989,2711122154,2711122765,9240,611
29467.858007,2711126119,2711126725,9276,606
29467.870027,2711130053,2711130638,8948,585
29467.910601,2711142886,2711143470,8898,584
29467.922633,2711146798,2711147412,9252,614
29467.934651,2711150734,2711151349,9244,615
29467.946674,2711154835,2711155445,12011,610
29467.958702,2711158935,2711159550,12101,615
29467.970719,2711162873,2711163475,9207,602
29467.982740,2711166805,2711167390,8923,585
29467.994770,2711170740,2711171349,9252,609
29468.006786,2711174633,2711175244,9214,611
29468.018809,2711178550,2711179134,8931,584
29468.030840,2711182601,2711183215,12089,614
29468.042854,2711186678,2711187294,11989,616
29468.054876,2711190614,2711191200,8941,586
29468.066906,2711194505,2711195108,9257,603
29468.078922,2711198387,2711199000,9172,613
29468.090954,2711202317,2711202902,9020,585
29468.102976,2711206254,2711206869,9238,615
29468.114992,2711210182,2711210790,9210,608
29468.127009,2711214075,2711214659,8899,584
29468.139043,2711218218,2711218827,9272,609
29468.151053,2711222387,2711222995,11859,608
29468.163078,2711226615,2711227200,11819,585
29468.175113,2711230736,2711231338,12090,602
29468.187123,2711234812,2711235425,11867,613
29468.199144,2711238939,2711239524,11780,585
29468.211180,2711243015,2711243630,12086,615
29468.223191,2711247062,2711247674,11862,612
29468.235224,2711251121,2711251724,12007,603
29468.247249,2711255218,2711255829,12071,611
29468.259255,2711259216,2711259819,11861,603
29468.271286,2711263230,2711263835,11968,605
29468.283318,2711267301,2711267911,12084,610
29468.295335,2711273229,2711274360,16441,1131
29468.305860,2711283353,2711284518,16501,1165
29468.317879,2711295111,2711296287,16484,1176
29468.329902,2711306907,2711308082,16361,1175
29468.341929,2711318523,2711319696,16466,1173
29468.352335,2711328424,2711329589,16315,1165
29468.362966,2711337250,2711338418,16447,1168
29468.372331,2711346338,2711347496,16462,1158
29468.384000,2711355223,2711356389,16328,1166
29468.394525,2711364315,2711365462,16460,1147
29468.404327,2711373409,2711374574,16463,1165
29468.415559,2711382586,2711383767,16327,1181
29468.424332,2711391758,2711392947,16419,1189
29468.436330,2711400962,2711402127,16465,1165
29468.447122,2711410139,2711411300,16327,1161
29468.456330,2711419316,2711420501,16443,1185
29468.468167,2711428541,2711429707,16468,1166
29468.478681,2711437739,2711438928,16328,1189
29468.488328,2711446932,2711448094,16351,1162
29468.499727,2711455992,2711457155,16469,1163
29468.508327,2711465178,2711466366,16324,1188
29468.520329,2711474149,2711475333,16441,1184
29468.531288,2711483066,2711484229,16468,1163
29468.540329,2711491993,2711493180,16346,1187
29468.552322,2711500940,2711502125,16447,1185
29468.562848,2711510107,2711511269,16468,1162
29468.572330,2711519225,2711520392,16328,1167
29468.583882,2711528268,2711529455,16434,1187
29468.594409,2711537142,2711538299,16446,1157
29468.604330,2711546065,2711547258,16326,1193
29468.615443,2711554827,2711555985,16445,1158
29468.624330,2711563883,2711565049,16457,1166
29468.636329,2711572969,2711574156,16402,1187
29468.647003,2711582026,2711583189,16446,1163
29468.656329,2711590993,2711592179,16465,1186
29468.668039,2711599980,2711601142,16311,1162
29468.678563,2711608711,2711609899,16448,1188
29468.688335,2711617789,2711618951,16467,1162
29468.712333,2711630161,2711630779,11952,618
29468.723648,2711635436,2711636582,16346,1146
29468.732333,2711642715,2711643865,16182,1150
29468.744331,2711651068,2711652228,16271,1160
29468.755206,2711659452,2711660608,16302,1156
29468.764329,2711667996,2711669155,16368,1159
29468.776247,2711676498,2711677661,16268,1163
29468.786768,2711685097,2711686257,16253,1160
29468.796329,2711693770,2711694934,16375,1164
29468.807808,2711702318,2711703512,16269,1194
29468.816328,2711711073,2711712230,16357,1157
29468.828329,2711719464,2711720633,16369,1169
29468.839365,2711728246,2711729438,16258,1192
29468.848332,2711736877,2711738037,16356,1160
29468.860328,2711745558,2711746717,16376,1159
29468.870926,2711754269,2711755453,16238,1184
29468.880330,2711762922,2711764116,16324,1194
29468.891973,2711771643,2711772806,16363,1163
29468.902487,2711780518,2711781712,16240,1194
29468.912328,2711789296,2711790484,16349,1188
29468.923533,2711797974,2711799168,16374,1194
29468.932327,2711807056,2711808248,16322,1192
29468.944334,2711815668,2711816847,16348,1179
29468.955094,2711824026,2711825218,16380,1192
29468.964333,2711832833,2711834023,16243,1190
29468.976128,2711841648,2711842830,16338,1182
29468.986653,2711850418,2711851612,16361,1194
29468.996332,2711859147,2711860330,16247,1183
29469.007688,2711867864,2711869046,16353,1182
29469.016328,2711876685,2711877879,16378,1194
29469.028328,2711885277,2711886461,16236,1184
29469.039250,2711893951,2711895136,16370,1185
29469.048330,2711902908,2711904090,16364,1182
29469.060285,2711911726,2711912917,16243,1191
29469.070810,2711920476,2711921669,16352,1193
29469.080331,2711929421,2711930615,16379,1194
29469.091846,2711938381,2711939569,16246,1188
29469.102369,2711947086,2711948250,16348,1164
29469.112333,2711955775,2711956969,16377,1194
29469.123406,2711964574,2711965764,16238,1190
29469.132334,2711973587,2711974766,16255,1179
29469.144328,2711982329,2711983498,16373,1169
29469.154962,2711991004,2711992201,16184,1197
29469.164335,2711999845,2712001034,16353,1189
29469.176013,2712008822,2712010013,16375,1191
29469.186526,2712017658,2712018847,16259,1189
29469.196329,2712026501,2712027690,16355,1189
29469.207573,2712035375,2712036563,16375,1188
29469.216327,2712041822,2712042923,15617,1101
29469.228337,2712049590,2712050700,16035,1110
29469.239134,2712057380,2712058487,16034,1107
29469.248327,2712065169,2712066280,15907,1111
29469.260168,2712072954,2712074063,16030,1109
29469.270694,2712080740,2712081840,16055,1100
29469.280330,2712088394,2712089503,15917,1109
29469.291729,2712096171,2712097273,15942,1102
29469.300330,2712103947,2712105051,15966,1104
29469.312330,2712111720,2712112824,15828,1104
29469.323289,2712119503,2712120615,15936,1112
29469.332332,2712127299,2712128409,16058,1110
29469.344325,2712135090,2712136201,15909,1111
29469.354850,2712142873,2712143986,16028,1113
29469.364333,2712150670,2712151780,15961,1110
29469.375887,2712158457,2712159563,15839,1106
29469.386411,2712166233,2712167338,15964,1105
29469.396328,2712174010,2712175118,15969,1108
29469.407446,2712181790,2712182898,15835,1108
29469.416327,2712189569,2712190683,15942,1114
29469.428327,2712197355,2712198464,15965,1109
29469.439007,2712205136,2712206241,15832,1105
29469.448334,2712212926,2712214036,15946,1110
29469.460053,2712220714,2712221823,16051,1109
29469.470569,2712228494,2712229595,15916,1101
29469.480330,2712236267,2712237381,15937,1114
29469.491614,2712244047,2712245153,16052,1106
29469.500330,2712251829,2712252934,15926,1105
29469.512329,2712259613,2712260727,16031,1114
29469.523174,2712267404,2712268516,16054,1112
29469.532328,2712275189,2712276294,15940,1105
29469.544209,2712282961,2712284069,15946,1108
29469.554734,2712290748,2712291849,15957,1101
29469.564335,2712298540,2712299642,15919,1102
29469.575768,2712306313,2712307427,16035,1114
29469.584328,2712314102,2712315210,16037,1108
29469.596329,2712321889,2712322994,15921,1105
29469.607329,2712329667,2712330770,16031,1103
29469.616329,2712337429,2712338534,16036,1105
29469.628332,2712345197,2712346311,16004,1114
29469.638889,2712352993,2712354101,16019,1108
29469.648332,2712360784,2712361887,16054,1103
29469.659926,2712368560,2712369668,15924,1108
29469.670450,2712376339,2712377448,15948,1109
29469.680329,2712384117,2712385226,15968,1109
29469.691487,2712391903,2712393017,15828,1114
29469.700329,2712399687,2712400796,15942,1109
29469.712329,2712407465,2712408571,16059,1106
29469.723049,2712415251,2712416362,15926,1111
29469.732332,2712423045,2712424155,15962,1110
29469.744093,2712430838,2712431948,15960,1110
29469.754608,2712438617,2712439720,15840,1103
29469.764330,2712446403,2712447513,15944,1110
29469.775654,2712454198,2712455312,16036,1114
29469.784328,2712461989,2712463089,15923,1100
29469.796330,2712469759,2712470863,15939,1104
29469.807216,2712477538,2712478647,15963,1109
29469.816328,2712485336,2712486442,15832,1106
29469.828247,2712493118,2712494224,15850,1106
29469.838775,2712500895,2712502004,16053,1109
29469.848328,2712508677,2712509787,15920,1110
29469.859809,2712516469,2712517584,16023,1115
29469.868329,2712524266,2712525378,16055,1112
29469.880330,2712532052,2712533160,15934,1108
29469.891369,2712539834,2712540944,16033,1110
29469.900327,2712547622,2712548735,16057,1113
29469.912330,2712555408,2712556519,15929,1111
29469.922929,2712563197,2712564308,16034,1111
29469.932328,2712570997,2712572111,16034,1114
29469.943966,2712578789,2712579900,15923,1111
29469.954490,2712586570,2712587682,16031,1112
29469.964332,2712594359,2712595474,16052,1115
29469.975534,2712602165,2712603276,15992,1111
29469.984331,2712609965,2712611079,16020,1114
29469.996330,2712617751,2712618860,16055,1109
29470.007087,2712625530,2712626634,15924,1104
29470.016332,2712633307,2712634416,16034,1109
29470.028132,2712641092,2712642201,16056,1109
29470.038647,2712648889,2712649998,15831,1109
29470.048335,2712656673,2712657774,15940,1101
29470.059694,2712664451,2712665562,15968,1111
29470.068328,2712672235,2712673346,15837,1111
29470.080333,2712680025,2712681131,15961,1106
29470.091254,2712687803,2712688913,15964,1110
29470.100331,2712695601,2712696715,15837,1114
29470.112289,2712703392,2712704502,15937,1110
29470.122814,2712711180,2712712291,15965,1111
29470.132332,2712718975,2712720089,15837,1114
29470.143849,2712726768,2712727877,16031,1109
29470.154375,2712734547,2712735659,16054,1112
29470.164330,2712742341,2712743450,15923,1109
29470.175404,2712750135,2712751248,15893,1113
29470.184335,2712757932,2712759047,16054,1115
29470.196327,2712765727,2712766836,15914,1109
29470.206970,2712773521,2712774630,16033,1109
29470.216328,2712781305,2712782409,16054,1104
29470.228006,2712789081,2712790184,15940,1103
29470.238531,2712796859,2712797962,16033,1103
29470.248334,2712804641,2712805747,16054,1106
29470.259567,2712812427,2712813537,15841,1110
29470.268327,2712820217,2712821331,15950,1114
29470.280328,2712828009,2712829123,15952,1114
29470.291127,2712835803,2712836913,15840,1110
29470.300333,2712843590,2712844705,15943,1115
29470.312173,2712851387,2712852501,16057,1114
29470.322694,2712859152,2712860266,15916,1114
29470.332328,2712866931,2712868035,15943,1104
29470.343734,2712874721,2712875826,15954,1105
29470.352330,2712882511,2712883623,15802,1112
29470.364328,2712890293,2712891402,15941,1109
29470.375293,2712898081,2712899191,16050,1110
29470.384332,2712905876,2712906979,15833,1103
29470.396329,2712913662,2712914768,15943,1106
29470.406855,2712921449,2712922559,15966,1110
29470.416327,2712929238,2712930347,15835,1109
29470.427890,2712937018,2712938123,15962,1105
29470.438415,2712944807,2712945917,16046,1110
29470.448327,2712952587,2712953688,15923,1101
29470.459449,2712960377,2712961486,16031,1109
29470.468330,2712968170,2712969285,16052,1115
29470.480330,2712975980,2712977092,15922,1112
29470.491010,2712983771,2712984874,16035,1103
29470.500327,2712991551,2712992661,16048,1110
29470.512046,2712999339,2713000453,15926,1114
29470.522569,2713007133,2713008242,15931,1109
29470.532328,2713014916,2713016021,16052,1105
29470.543606,2713022692,2713023797,15921,1105
29470.552329,2713030465,2713031567,15951,1102
29470.564330,2713038244,2713039353,15952,1109
29470.575167,2713046035,2713047141,15844,1106
29470.584328,2713053809,2713054907,16023,1098
29470.596213,2713061577,2713062682,16055,1105
29470.606727,2713069361,2713070467,15914,1106
29470.616335,2713077149,2713078257,16034,1108
29470.627774,2713084937,2713086052,16036,1115
29470.636328,2713092731,2713093837,15924,1106
29470.648331,2713100526,2713101635,16031,1109
29470.659336,2713108314,2713109424,15957,1110
29470.668332,2713116106,2713117217,15916,1111
29470.680329,2713123905,2713125011,15947,1106
29470.690895,2713131686,2713132795,15964,1109
29470.700332,2713139468,2713140574,15833,1106
29470.711929,2713147253,2713148359,15942,1106
29470.722453,2713155038,2713156148,15969,1110
29470.732335,2713162831,2713163931,15836,1100
29470.743489,2713170606,2713171711,15940,1105
29470.752334,2713178380,2713179486,15964,1106
29470.764328,2713186161,2713187272,15839,1111
29470.775051,2713193947,2713195062,15955,1115
29470.784327,2713201740,2713202855,15966,1115
29470.796087,2713209545,2713210654,15926,1109
29470.806611,2713217325,2713218436,16031,1111
29470.816331,2713225108,2713226219,16052,1111
29470.827647,2713232894,2713234003,15923,1109
29470.836332,2713240683,2713241794,16031,1111
29470.848328,2713248473,2713249582,16043,1109
29470.859207,2713256252,2713257358,15919,1106
29470.868331,2713264038,2713265149,15938,1111
29470.880254,2713271836,2713272939,16053,1103
29470.890767,2713279618,2713280723,15833,1105
29470.900329,2713287407,2713288514,15931,1107
29470.911814,2713295189,2713296295,15966,1106
29470.920327,2713302966,2713304075,15850,1109
29470.932333,2713310755,2713311866,15949,1111
29470.943375,2713318537,2713319641,15963,1104
29470.952332,2713326330,2713327437,15841,1107
29470.964329,2713334128,2713335237,15945,1109
29470.974935,2713341907,2713343016,15949,1109
29470.984331,2713349690,2713350797,15839,1107
29470.995970,2713357478,2713358589,15948,1111
29471.006495,2713365258,2713366368,15962,1110
29471.016333,2713373043,2713374154,15909,1111
29471.027530,2713380835,2713381945,15943,1110
29471.036328,2713388619,2713389729,15953,1110
29471.048327,2713396410,2713397520,15838,1110
29471.059090,2713404190,2713405300,15948,1110
29471.068333,2713411965,2713413072,15967,1107
29471.080126,2713419750,2713420864,15830,1114
29471.090650,2713427536,2713428649,15945,1113
29471.100330,2713435324,2713436428,15964,1104
29471.111687,2713443097,2713444202,15828,1105
29471.120331,2713450875,2713451986,15962,1111
29471.132329,2713458667,2713459775,15964,1108
29471.143248,2713466438,2713467553,15829,1115
29471.152329,2713474238,2713475345,15945,1107
29471.164294,2713482023,2713483129,15965,1106
29471.174808,2713489800,2713490911,15825,1111
29471.184328,2713497586,2713498691,15944,1105
29471.195854,2713505377,2713506485,16110,1108
29471.206368,2713513156,2713514262,15910,1106
29471.216329,2713520949,2713522055,15927,1106
29471.227415,2713528734,2713529844,15964,1110
29471.236327,2713536522,2713537633,15837,1111
29471.248328,2713544308,2713545417,15946,1109
29471.258975,2713552097,2713553202,15968,1105
29471.268328,2713559875,2713560985,15849,1110
29471.280010,2713567667,2713568774,15941,1107
29471.290535,2713575451,2713576555,15963,1104
29471.300334,2713583249,2713584360,15840,1111
29471.311570,2713591041,2713592152,15928,1111
29471.320334,2713598825,2713599928,15949,1103
29471.332329,2713606608,2713607720,15834,1112
29471.343131,2713614388,2713615497,15945,1109
29471.352334,2713622169,2713623280,15959,1111
29471.364174,2713629967,2713631082,15912,1115
29471.374690,2713637760,2713638870,15941,1110
29471.384333,2713645552,2713646663,15964,1111
29471.395727,2713653342,2713654453,15836,1111
29471.404331,2713661097,2713662200,16031,1103
29471.416331,2713668870,2713669981,16051,1111
29471.427287,2713676650,2713677758,15924,1108
29471.436328,2713684431,2713685544,16037,1113
29471.448328,2713692215,2713693319,15964,1104
29471.458848,2713699995,2713701101,15838,1106
29471.468327,2713707786,2713708895,15957,1109
29471.479894,2713715575,2713716679,15961,1104
29471.490409,2713723362,2713724472,15837,1110
29471.500336,2713731154,2713732263,15946,1109
29471.511455,2713738940,2713740046,15958,1106
29471.520328,2713746717,2713747832,15834,1115
29471.532330,2713754506,2713755612,15946,1106
29471.543015,2713762278,2713763384,15962,1106
29471.552330,2713770050,2713771160,15813,1110
29471.564048,2713777831,2713778937,15840,1106
29471.574576,2713785616,2713786721,15956,1105
29471.584331,2713793400,2713794506,15825,1106
29471.595610,2713801183,2713802286,15936,1103
29471.604334,2713808976,2713810085,16108,1109
29471.616328,2713816760,2713817867,15941,1107
29471.627171,2713824546,2713825652,16030,1106
29471.636327,2713832336,2713833445,16054,1109
29471.648207,2713840124,2713841230,15924,1106
29471.658731,2713847918,2713849024,16039,1106
29471.668327,2713855709,2713856812,15953,1103
29471.679767,2713863502,2713864617,15836,1115
29471.688328,2713871297,2713872403,15941,1106
29471.700336,2713879093,2713880199,15968,1106
29471.711335,2713886878,2713887989,15916,1111
29471.720330,2713894678,2713895789,15937,1111
29471.732335,2713902462,2713903573,15962,1111
29471.742888,2713910257,2713911363,15838,1106
29471.752329,2713918045,2713919155,15943,1110
29471.763933,2713925831,2713926942,15967,1111
29471.774448,2713933625,2713934734,15836,1109
29471.784327,2713941413,2713942514,15943,1101
29471.795495,2713949195,2713950309,15963,1114
29471.804330,2713956991,2713958101,15840,1110
29471.816328,2713964796,2713965908,15964,1112
29471.827056,2713972582,2713973693,15955,1111
29471.836333,2713980368,2713981478,15827,1110
29471.848090,2713988164,2713989274,15948,1110
29471.858616,2713995949,2713997059,15955,1110
29471.868329,2714003736,2714004845,15841,1109
29471.879652,2714011529,2714012644,15944,1115
29471.888328,2714019329,2714020433,15969,1104
29471.900328,2714027108,2714028221,15841,1113
29471.911209,2714034898,2714036010,15846,1112
29471.920332,2714042699,2714043803,15963,1104
29471.932247,2714050483,2714051592,15827,1109
29471.942771,2714058268,2714059382,15949,1114
29471.952332,2714066073,2714067188,15963,1115
29471.963807,2714073867,2714074972,15847,1105
29471.972328,2714081649,2714082752,15939,1103
29471.984336,2714089425,2714090531,15965,1106
29471.995367,2714097203,2714098313,15836,1110
29472.004333,2714104986,2714106091,16027,1105
29472.016328,2714112778,2714113885,16029,1107
29472.026928,2714120565,2714121676,15924,1111
29472.036330,2714128361,2714129469,16033,1108
29472.047975,2714136149,2714137253,16054,1104
29472.058496,2714143938,2714145048,15998,1110
29472.068328,2714151712,2714152816,16032,1104
29472.079535,2714159499,2714160605,16058,1106
29472.088331,2714167281,2714168387,15926,1106
29472.100329,2714175071,2714176176,16024,1105
29472.111094,2714182863,2714183978,16053,1115
29472.120332,2714190498,2714191603,15923,1105
29472.132130,2714198283,2714199394,16033,1111
29472.142656,2714206075,2714207183,16051,1108
29472.152329,2714213870,2714214982,15921,1112
29472.163692,2714221659,2714222769,16049,1110
29472.172329,2714229457,2714230567,16046,1110
29472.184336,2714237245,2714238347,15922,1102
29472.195251,2714245019,2714246125,16028,1106
29472.204329,2714252797,2714253902,16053,1105
29472.216287,2714260579,2714261689,15906,1110
29472.226811,2714268360,2714269472,16035,1112
29472.236330,2714276147,2714277259,16053,1112
29472.247848,2714283935,2714285046,15923,1111
29472.258370,2714291741,2714292848,15925,1107
29472.268331,2714299529,2714300637,16054,1108
29472.279407,2714307324,2714308434,15924,1110
29472.288329,2714315111,2714316222,16030,1111
29472.300334,2714322894,2714324004,16052,1110
29472.310968,2714330674,2714331789,15937,1115
29472.320331,2714338457,2714339566,16030,1109
29472.332015,2714346240,2714347355,16049,1115
29472.342528,2714354026,2714355132,15927,1106
29472.352328,2714361814,2714362927,16033,1113
29472.363575,2714369601,2714370716,16037,1115
29472.372333,2714377382,2714378486,15925,1104
29472.384332,2714385163,2714386264,16026,1101
29472.395136,2714392930,2714394035,16057,1105
29472.404334,2714400716,2714401827,16005,1111
29472.416170,2714408505,2714409614,16035,1109
29472.426696,2714416310,2714417419,16035,1109
29472.436329,2714424101,2714425208,15917,1107
29472.447730,2714431882,2714432986,16035,1104
29472.456335,2714439662,2714440778,16053,1116
29472.468328,2714447450,2714448560,15922,1110
29472.479291,2714455244,2714456359,16031,1115
29472.488331,2714463034,2714464150,16039,1116
29472.500327,2714470833,2714471939,15929,1106
29472.510853,2714478610,2714479713,16054,1103
29472.520330,2714486390,2714487500,16055,1110
29472.531887,2714494179,2714495291,15922,1112
29472.542412,2714501976,2714503079,16026,1103
29472.552334,2714509769,2714510877,16046,1108
29472.563448,2714517565,2714518675,15925,1110
29472.572331,2714525351,2714526457,16029,1106
29472.584332,2714533135,2714534235,15963,1100
29472.595008,2714540913,2714542022,15836,1109
29472.604329,2714548696,2714549806,15854,1110
29472.616055,2714556492,2714557603,15965,1111
29472.626571,2714564319,2714565425,15923,1106
29472.636327,2714572104,2714573214,16033,1110
29472.647615,2714579902,2714581008,16050,1106
29472.656328,2714587677,2714588787,15933,1110
29472.668329,2714595467,2714596577,16034,1110
29472.679176,2714603265,2714604374,16053,1109
29472.688328,2714611063,2714612174,15923,1111
29472.700211,2714618852,2714619966,16029,1114
29472.710737,2714626836,2714627942,15957,1106
29472.720328,2714634634,2714635736,15920,1102
29472.731770,2714642422,2714643532,16032,1110
29472.740331,2714650219,2714651324,16056,1105
29472.752332,2714658006,2714659120,15993,1114
29472.763331,2714665804,2714666908,16034,1104
29472.772334,2714673583,2714674693,16057,1110
29472.784329,2714681363,2714682464,15918,1101
29472.794892,2714689144,2714690253,16036,1109
29472.804330,2714696938,2714698043,16043,1105
29472.815928,2714704727,2714705834,15905,1107
29472.827959,2714713631,2714714744,16074,1113
29472.838472,2714721425,2714722536,15919,1111
29472.848328,2714729211,2714730317,16031,1106
29472.859518,2714736989,2714738105,16042,1116
29472.868329,2714744789,2714745896,15920,1107
29472.880330,2714752573,2714753684,16035,1111
29472.891079,2714760364,2714761475,16057,1111
29472.900333,2714768156,2714769270,15996,1114
29472.912115,2714775949,2714777054,16035,1105
29472.922642,2714783752,2714784862,16097,1110
29472.932329,2714791542,2714792649,15913,1107
29472.943673,2714799330,2714800437,16026,1107
29472.952329,2714807128,2714808238,16059,1110
29472.964334,2714814913,2714816023,15921,1110
29472.975234,2714822689,2714823799,16028,1110
29472.984334,2714830474,2714831587,16057,1113
29472.996270,2714838272,2714839383,15920,1111
29473.006796,2714846057,2714847166,16048,1109
29473.016327,2714853841,2714854952,16058,1111
29473.027831,2714861634,2714862745,15920,1111
29473.038355,2714869437,2714870552,16025,1115
29473.048328,2714877230,2714878340,16049,1110
29473.059394,2714885017,2714886130,15938,1113
29473.068331,2714892833,2714893949,16031,1116
29473.080335,2714900631,2714901737,16058,1106
29473.090951,2714908413,2714909523,15916,1110
29473.100328,2714916205,2714917315,15927,1110
29473.111998,2714923993,2714925104,16057,1111
29473.122512,2714931784,2714932889,15920,1105
29473.132329,2714939563,2714940673,16029,1110
29473.143559,2714947344,2714948451,16057,1107
29473.152334,2714955121,2714956227,15926,1106
29473.164329,2714962910,2714964016,16038,1106
29473.175119,2714970685,2714971796,16050,1111
29473.184335,2714978502,2714979608,15920,1106
29473.196153,2714986292,2714987399,16032,1107
29473.206679,2714994082,2714995188,16043,1106
29473.216334,2715001875,2715002976,15922,1101
29473.227713,2715009653,2715010760,16027,1107
29473.236328,2715017459,2715018575,16106,1116
29473.248333,2715025256,2715026372,15998,1116
29473.259274,2715033046,2715034155,16029,1109
29473.268327,2715040831,2715041947,16058,1116
29473.280311,2715048633,2715049739,15916,1106
29473.290835,2715056418,2715057530,16032,1112
29473.300331,2715064219,2715065332,16049,1113
29473.311871,2715072009,2715073120,15909,1111
29473.322402,2715079808,2715080924,15732,1116
29473.332328,2715087609,2715088724,16004,1115
29473.343432,2715095416,2715096528,15937,1112
29473.352327,2715103218,2715104334,16068,1116
29473.364333,2715111011,2715112126,16001,1115
29473.374994,2715118818,2715119933,15937,1115
29473.384328,2715126618,2715127726,16050,1108
29473.396039,2715134396,2715135502,16059,1106
29473.406552,2715142191,2715143302,15927,1111
29473.416327,2715149985,2715151081,16026,1096
29473.427599,2715157753,2715158863,16046,1110
29473.436328,2715165544,2715166654,15919,1110
29473.448329,2715173343,2715174453,15936,1110
29473.459160,2715181132,2715182243,16061,1111
29473.468332,2715188922,2715190039,15910,1117
29473.480194,2715196720,2715197826,16038,1106
29473.490720,2715204509,2715205620,16057,1111
29473.500331,2715212300,2715213414,15932,1114
29473.511754,2715220093,2715221204,16034,1111
29473.520327,2715227875,2715228982,16058,1107
29473.532330,2715235658,2715236769,15916,1111
29473.543315,2715243455,2715244561,16029,1106
29473.552329,2715251247,2715252362,16039,1115
29473.564335,2715259042,2715260152,15952,1110
29473.574875,2715266832,2715267939,16025,1107
29473.584330,2715274630,2715275735,16058,1105
29473.595918,2715282416,2715283516,15995,1100
29473.606435,2715290197,2715291312,16037,1115
29473.616335,2715297987,2715299092,16045,1105
29473.627472,2715305774,2715306884,15917,1110
29473.636327,2715313568,2715314670,16037,1102
29473.648331,2715321303,2715322418,16061,1115
29473.659032,2715329109,2715330216,15919,1107
29473.668332,2715336895,2715338005,16025,1110
29473.680079,2715344692,2715345804,16054,1112
29473.690592,2715352482,2715353598,15920,1116
29473.700329,2715360286,2715361395,16050,1109
29473.711639,2715368079,2715369185,16057,1106
29473.720330,2715375880,2715376995,15921,1115
29473.732330,2715383679,2715384779,16035,1100
29473.743199,2715391457,2715392561,16054,1104
29473.752333,2715399257,2715400366,15923,1109
29473.764236,2715407040,2715408149,16026,1109
29473.774760,2715414825,2715415925,16057,1100
29473.784334,2715422619,2715423724,15916,1105
29473.795793,2715430423,2715431533,15938,1110
29473.804332,2715438222,2715439334,16051,1112
29473.816329,2715446015,2715447121,15918,1106
29473.827355,2715453806,2715454921,16031,1115
29473.836328,2715461605,2715462715,16056,1110
29473.848336,2715469409,2715470519,15930,1110
29473.858915,2715477204,2715478314,16033,1110
29473.868331,2715485011,2715486117,16103,1106
29473.879951,2715492796,2715493902,15919,1106
29473.890473,2715500596,2715501710,15982,1114
29473.900334,2715508400,2715509514,16039,1114
29473.911512,2715516195,2715517305,15915,1110
29473.920327,2715523984,2715525098,16029,1114
29473.932331,2715531787,2715532896,16095,1109
29473.943079,2715539582,2715540694,15997,1112
29473.952329,2715547407,2715548517,16025,1110
29473.964121,2715555215,2715556326,16105,1111
29473.974635,2715563009,2715564129,15946,1120
29473.984327,2715570818,2715571929,16036,1111
29473.995678,2715578607,2715579718,16054,1111
29474.004328,2715586403,2715587515,15922,1112
29474.016331,2715594199,2715595310,16034,1111
29474.027239,2715601987,2715603098,16057,1111
29474.036330,2715609779,2715610888,15948,1109
29474.048275,2715617585,2715618701,16049,1116
29474.058800,2715625401,2715626516,16051,1115
29474.068328,2715633207,2715634324,15949,1117
29474.079834,2715641012,2715642119,16031,1107
29474.090360,2715648811,2715649920,16052,1109
29474.100329,2715656602,2715657709,15916,1107
29474.111395,2715664380,2715665491,16030,1111
29474.120328,2715672177,2715673297,16057,1120
29474.132327,2715679971,2715681076,15918,1105
29474.142953,2715687759,2715688868,15938,1109
29474.152337,2715695537,2715696648,16056,1111
29474.163991,2715703339,2715704451,15917,1112
29474.174516,2715711149,2715712258,16040,1109
29474.184334,2715718950,2715720062,16048,1112
29474.195552,2715726752,2715727863,15928,1111
29474.204330,2715734554,2715735658,16037,1104
29474.216328,2715742335,2715743451,16059,1116
29474.227113,2715750139,2715751256,15920,1117
29474.236334,2715757972,2715759082,16031,1110
29474.248158,2715765750,2715766861,16040,1111
29474.258672,2715773565,2715774678,15919,1113
29474.268329,2715781357,2715782471,16025,1114
29474.279719,2715789156,2715790265,16050,1109
29474.288329,2715796951,2715798065,15998,1114
29474.300332,2715804737,2715805849,16016,1112
29474.311279,2715812539,2715813645,16056,1106
29474.320327,2715820327,2715821437,15911,1110
29474.332314,2715828114,2715829224,16035,1110
29474.342838,2715835902,2715837012,16055,1110
29474.352331,2715843706,2715844820,15899,1114
29474.363874,2715851510,2715852619,16035,1109
29474.374400,2715859273,2715860379,16075,1106
29474.384327,2715867068,2715868172,15911,1104
29474.395436,2715874842,2715875947,16035,1105
29474.404329,2715882625,2715883736,16055,1111
29474.416327,2715890414,2715891534,15947,1120
29474.426995,2715898211,2715899318,16028,1107
29474.436327,2715906014,2715907125,16087,1111
29474.448031,2715913822,2715914931,15922,1109
29474.460064,2715922722,2715923827,16091,1105
29474.470575,2715930505,2715931612,15917,1107
29474.480328,2715938309,2715939423,16006,1114
29474.491621,2715946086,2715947201,16056,1115
29474.500328,2715953872,2715954993,15949,1121
29474.512331,2715961682,2715962794,16032,1112
29474.523183,2715969436,2715970543,16082,1107
29474.532333,2715977233,2715978341,15916,1108
29474.544218,2715985018,2715986129,16047,1111
29474.554743,2715992790,2715993900,16066,1110
29474.564331,2716000596,2716001711,15933,1115
29474.575777,2716008408,2716009514,16031,1106
29474.584329,2716016173,2716017284,16076,1111
29474.596331,2716023970,2716025084,15945,1114
29474.607338,2716031782,2716032897,15999,1115
29474.616329,2716039598,2716040707,16052,1109
29474.628329,2716047419,2716048525,15919,1106
29474.638897,2716055195,2716056302,15938,1107
29474.648329,2716062987,2716064098,16058,1111
29474.659934,2716070779,2716071886,15919,1107
29474.670459,2716078595,2716079708,16034,1113
29474.680331,2716086353,2716087461,16077,1108
29474.691495,2716094155,2716095269,15936,1114
29474.700330,2716101960,2716103075,16033,1115
29474.712332,2716109751,2716110862,16079,1111
29474.723055,2716117553,2716118664,15914,1111
29474.732331,2716125379,2716126490,16029,1111
29474.744103,2716133191,2716134306,16041,1115
29474.754615,2716140997,2716142120,15920,1123
29474.764327,2716148822,2716149922,16030,1100
29474.775662,2716156574,2716157692,16069,1118
29474.784328,2716164376,2716165488,15997,1112
29474.796329,2716172173,2716173280,16031,1107
29474.807223,2716179955,2716181069,16078,1114
29474.816330,2716187775,2716188890,15920,1115
29474.828255,2716195580,2716196693,15980,1113
29474.838781,2716203357,2716204469,16046,1112
29474.848328,2716211184,2716212304,15930,1120
29474.859814,2716219001,2716220115,15977,1114
29474.868330,2716226793,2716227905,16052,1112
29474.880331,2716234588,2716235699,15863,1111
29474.891379,2716242403,2716243510,15963,1107
29474.900327,2716250189,2716251296,16080,1107
29474.912331,2716257986,2716259099,15919,1113
29474.922938,2716265816,2716266930,16026,1114
29474.932327,2716273631,2716274740,16074,1109
29474.943981,2716281445,2716282561,16003,1116
29474.954496,2716289268,2716290384,15934,1116
29474.964329,2716297077,2716298193,16085,1116
29474.975543,2716304886,2716306005,15996,1119
29474.984330,2716312699,2716313817,15934,1118
29474.996329,2716320518,2716321637,16045,1119
29475.007097,2716328324,2716329433,15919,1109
29475.016328,2716336156,2716337266,16027,1110
29475.028142,2716343916,2716345031,16074,1115
29475.038656,2716351708,2716352822,15934,1114
29475.048329,2716359519,2716360635,16027,1116
29475.059703,2716367285,2716368396,16055,1111
29475.068336,2716375096,2716376207,15911,1111
29475.080330,2716382927,2716384034,15945,1107
29475.091264,2716390724,2716391834,16004,1110
29475.100330,2716398551,2716399665,15831,1114
29475.112298,2716406346,2716407461,15920,1115
29475.122822,2716414120,2716415230,15939,1110
29475.132331,2716421921,2716423034,15908,1113
29475.143858,2716429740,2716430856,15930,1116
29475.154383,2716437547,2716438658,15958,1111
29475.164328,2716445355,2716446464,15849,1109
29475.175418,2716453168,2716454287,15948,1119
29475.184329,2716460943,2716462054,15967,1111
29475.196329,2716468745,2716469860,15831,1115
29475.206978,2716476556,2716477665,15949,1109
29475.216327,2716484326,2716485444,15992,1118
29475.228015,2716492152,2716493268,15827,1116
29475.238541,2716499975,2716501090,15964,1115
29475.248331,2716507749,2716508864,15986,1115
29475.259575,2716515562,2716516682,15823,1120
29475.268327,2716523372,2716524488,15944,1116
29475.280330,2716531178,2716532289,16076,1111
29475.291138,2716538969,2716540087,15947,1118
29475.300334,2716546788,2716547897,16032,1109
29475.312185,2716554571,2716555683,16095,1112
29475.322696,2716562369,2716563479,15896,1110
29475.332327,2716570174,2716571291,15938,1117
29475.343743,2716577987,2716579107,16056,1120
29475.352328,2716585808,2716586917,15950,1109
29475.364330,2716593606,2716594708,16028,1102
29475.375303,2716601399,2716602512,16082,1113
29475.384336,2716609231,2716610346,15935,1115
29475.396327,2716617039,2716618145,16033,1106
29475.406865,2716624818,2716625934,16095,1116
29475.416329,2716632621,2716633725,15905,1104
29475.427898,2716640420,2716641534,16028,1114
29475.438424,2716648240,2716649349,16043,1109
29475.448329,2716656057,2716657173,15919,1116
29475.459458,2716663883,2716664998,16027,1115
29475.468329,2716671665,2716672780,16079,1115
29475.480328,2716679498,2716680618,15904,1120
29475.491018,2716687304,2716688419,15918,1115
29475.500328,2716695078,2716696195,16056,1117
29475.512055,2716702885,2716704002,15919,1117
29475.522579,2716710704,2716711821,16035,1117
29475.532334,2716718461,2716719574,16058,1113
29475.543615,2716726275,2716727388,15909,1113
29475.552335,2716734089,2716735200,16033,1111
29475.564328,2716741855,2716742967,16074,1112
29475.575176,2716749657,2716750764,15919,1107
29475.584329,2716757459,2716758575,16052,1116
29475.596223,2716765274,2716766390,16055,1116
29475.606737,2716773089,2716774199,15921,1110
29475.616329,2716780911,2716782020,16032,1109
29475.627783,2716788688,2716789802,16072,1114
29475.636328,2716796483,2716797598,15926,1115
29475.648328,2716804290,2716805409,16034,1119
29475.659343,2716812081,2716813197,16075,1116
29475.668329,2716819897,2716821004,15920,1107
29475.680337,2716827703,2716828821,15937,1118
29475.690904,2716835526,2716836639,15968,1113
29475.700331,2716843343,2716844455,15832,1112
29475.711938,2716851162,2716852273,15939,1111
29475.722464,2716858924,2716860038,15989,1114
29475.732329,2716866736,2716867847,15851,1111
29475.743496,2716874542,2716875652,15879,1110
29475.752329,2716882324,2716883435,15985,1111
29475.764330,2716890139,2716891253,15833,1114
29475.775059,2716897953,2716899069,15945,1116
29475.784332,2716905761,2716906876,16008,1115
29475.796095,2716913582,2716914697,15834,1115
29475.806619,2716921391,2716922502,15935,1111
29475.816331,2716929184,2716930299,15954,1115
29475.827663,2716936998,2716938118,15913,1120
29475.836329,2716944824,2716945939,15946,1115
29475.848332,2716952607,2716953723,15987,1116
29475.859216,2716960424,2716961535,15831,1111
29475.868327,2716968241,2716969360,15943,1119
29475.880259,2716976034,2716977145,15957,1111
29475.890778,2716983930,2716985046,15846,1116
29475.900329,2716991730,2716992847,15916,1117
29475.911823,2716999517,2717000628,16078,1111
29475.922336,2717007336,2717008452,15914,1116
29475.932328,2717015149,2717016265,16051,1116
29475.943383,2717022942,2717024063,16077,1121
29475.952328,2717030776,2717031890,15912,1114
29475.964327,2717038597,2717039708,16034,1111
29475.974944,2717046395,2717047505,16073,1110
29475.984333,2717054212,2717055325,15919,1113
29475.995978,2717062037,2717063151,16037,1114
29476.006505,2717069827,2717070942,16076,1115
29476.016331,2717077648,2717078762,15917,1114
29476.027536,2717085459,2717086576,15936,1117
29476.036330,2717093277,2717094395,16062,1118
29476.048328,2717101114,2717102234,15918,1120
29476.059099,2717108936,2717110051,16021,1115
29476.068329,2717116754,2717117869,16074,1115
29476.080135,2717124566,2717125678,15934,1112
29476.090656,2717132341,2717133471,15979,1130
29476.100330,2717140183,2717141292,15955,1109
29476.111696,2717147990,2717149109,15829,1119
29476.120334,2717155799,2717156914,15950,1115
29476.132328,2717163619,2717164732,15948,1113
29476.143256,2717171431,2717172550,15833,1119
29476.152332,2717179246,2717180356,15945,1110
29476.164303,2717187016,2717188137,15976,1121
29476.174824,2717194868,2717195983,15909,1115
29476.184328,2717202681,2717203792,15947,1111
29476.195863,2717210465,2717211583,15984,1118
29476.206377,2717218287,2717219398,15829,1111
29476.216332,2717226114,2717227225,15941,1111
29476.227422,2717233934,2717235051,15968,1117
29476.236328,2717241759,2717242871,15830,1112
29476.248335,2717249578,2717250697,15944,1119
29476.258984,2717257390,2717258500,15966,1110
29476.268332,2717265208,2717266329,15834,1121
29476.280020,2717273032,2717274143,15965,1111
29476.290544,2717280851,2717281963,15967,1112
29476.300332,2717288684,2717289800,15829,1116
29476.311579,2717296503,2717297615,15936,1112
29476.320328,2717304282,2717305397,16073,1115
29476.332328,2717312100,2717313214,15917,1114
29476.343136,2717319916,2717321030,15975,1114
29476.352337,2717327691,2717328808,16076,1117
29476.364175,2717335518,2717336629,15915,1111
29476.374699,2717343334,2717344443,15932,1109
29476.384332,2717351142,2717352259,16058,1117
29476.395738,2717358978,2717360104,15933,1126
29476.404327,2717366833,2717367950,16046,1117
29476.416329,2717374640,2717375752,15983,1112
29476.427296,2717382462,2717383578,15834,1116
29476.436332,2717390284,2717391404,15926,1120
29476.448330,2717398152,2717399272,15822,1120
29476.458857,2717406019,2717407137,15837,1118
29476.468328,2717413867,2717414987,15923,1120
29476.479902,2717421702,2717422822,15942,1120
29476.490417,2717429534,2717430654,15850,1120
29476.500328,2717437372,2717438486,15886,1114
29476.511460,2717445220,2717446340,15926,1120
29476.520328,2717453083,2717454200,15683,1117
29476.532329,2717461037,2717462154,16004,1117
29476.543024,2717468845,2717469961,16071,1116
29476.552327,2717476673,2717477790,15920,1117
29476.564058,2717484502,2717485616,16036,1114
29476.574581,2717492288,2717493403,16047,1115
29476.584333,2717500137,2717501254,15936,1117
29476.595618,2717507959,2717509075,16031,1116
29476.604329,2717515741,2717516852,16078,1111
29476.616330,2717523555,2717524674,15920,1119
29476.627180,2717531384,2717532502,16048,1118
29476.636334,2717539164,2717540285,16083,1121
29476.648215,2717546994,2717548111,15920,1117
29476.658740,2717554818,2717555932,16026,1114
29476.668330,2717562634,2717563755,16059,1121
29476.679776,2717570450,2717571567,15915,1117
29476.688327,2717578274,2717579394,16036,1120
29476.700335,2717586065,2717587177,16063,1112
29476.711337,2717593901,2717595022,15830,1121
29476.720328,2717601740,2717602856,15848,1116
29476.732328,2717609561,2717610672,15958,1111
29476.742897,2717617373,2717618484,15830,1111
29476.752328,2717625191,2717626307,15934,1116
29476.763943,2717633010,2717634130,15973,1120
29476.774457,2717640837,2717641953,15847,1116
29476.784329,2717648662,2717649773,15938,1111
29476.795504,2717656485,2717657605,15969,1120
29476.804334,2717664324,2717665441,15833,1117
29476.816329,2717672143,2717673264,15946,1121
29476.827065,2717679956,2717681066,15989,1110
29476.836331,2717687865,2717688982,15820,1117
29476.848098,2717695695,2717696810,15948,1115
29476.858624,2717703474,2717704594,15983,1120
29476.868333,2717711307,2717712424,15909,1117
29476.879659,2717719125,2717720239,15948,1114
29476.888328,2717726942,2717728057,15968,1115
29476.900335,2717734760,2717735871,15828,1111
29476.911219,2717742589,2717743706,15947,1117
29476.920329,2717750392,2717751509,16044,1117
29476.932255,2717758220,2717759337,15928,1117
29476.942779,2717766049,2717767163,16035,1114
29476.952330,2717773868,2717774984,16043,1116
29476.963816,2717781691,2717782799,15931,1108
29476.974342,2717789509,2717790625,16047,1116
29476.984327,2717797306,2717798425,16081,1119
29476.995376,2717805132,2717806250,15916,1118
29477.004330,2717812956,2717814072,16034,1116
29477.016328,2717820758,2717821875,16075,1117
29477.026937,2717828571,2717829691,15923,1120
29477.036334,2717836409,2717837525,16024,1116
29477.047984,2717844188,2717845306,16075,1118
29477.058497,2717852003,2717853123,15916,1120
29477.068333,2717859817,2717860931,15935,1114
29477.079545,2717867631,2717868746,16044,1115
29477.088332,2717875452,2717876563,15920,1111
29477.100331,2717883266,2717884372,16034,1106
29477.111104,2717891046,2717892176,15998,1130
29477.120332,2717898919,2717900037,15847,1118
29477.132139,2717906753,2717907872,15945,1119
29477.142665,2717914546,2717915662,15991,1116
29477.152336,2717922366,2717923483,15832,1117
29477.163699,2717930189,2717931302,15950,1113
29477.172330,2717937981,2717939102,16000,1121
29477.184327,2717945805,2717946925,15832,1120
29477.195260,2717953624,2717954740,15946,1116
29477.204332,2717961457,2717962574,15967,1117
29477.216303,2717969279,2717970396,15909,1117
29477.226820,2717977102,2717978217,15943,1115
29477.236327,2717984889,2717986006,15989,1117
29477.247856,2717992709,2717993827,15826,1118
29477.258381,2718000529,2718001649,15944,1120
29477.268333,2718008326,2718009438,15950,1112
29477.279416,2718016147,2718017263,15844,1116
29477.288335,2718023955,2718025066,15943,1111
29477.300337,2718031740,2718032851,15984,1111
29477.310977,2718039569,2718040686,15832,1117
29477.320331,2718047410,2718048522,16048,1112
29477.332024,2718055212,2718056324,16077,1112
29477.342538,2718063044,2718064160,15921,1116
29477.352331,2718070876,2718071993,16022,1117
29477.363584,2718078703,2718079815,16048,1112
29477.372332,2718086521,2718087629,15918,1108
29477.384335,2718094336,2718095447,16034,1111
29477.395145,2718102127,2718103246,16075,1119
29477.404331,2718109963,2718111071,15921,1108
29477.416177,2718117773,2718118893,15934,1120
29477.426705,2718125597,2718126708,16058,1111
29477.436331,2718133418,2718134528,15919,1110
29477.447740,2718141230,2718142346,16034,1116
29477.456328,2718149016,2718150132,16078,1116
29477.468329,2718156848,2718157968,15936,1120
29477.479299,2718164678,2718165789,16033,1111
29477.488334,2718172466,2718173586,16077,1120
29477.500329,2718180290,2718181398,15920,1108
29477.510860,2718188108,2718189225,16034,1117
29477.520332,2718195955,2718197071,15977,1116
29477.531896,2718203781,2718204896,15840,1115
29477.542420,2718211600,2718212716,15940,1116
29477.552327,2718219397,2718220512,16073,1115
29477.563464,2718227216,2718228327,15992,1111
29477.572328,2718235029,2718236149,16028,1120
29477.584331,2718242856,2718243970,16052,1114
29477.595017,2718250665,2718251779,15924,1114
29477.604331,2718258479,2718259589,16030,1110
29477.616061,2718266251,2718267368,16049,1117
29477.626577,2718274068,2718275183,15929,1115
29477.636332,2718281887,2718283002,16035,1115
29477.647623,2718289712,2718290831,16042,1119
29477.656329,2718297542,2718298660,15937,1118
29477.668328,2718305375,2718306496,16051,1121
29477.679185,2718313178,2718314293,16080,1115
29477.688327,2718321027,2718322143,15920,1116
29477.700219,2718328850,2718329967,16033,1117
29477.724274,2718341065,2718341690,12062,625
29477.734787,2718345081,2718345708,11965,627
29477.744333,2718351149,2718352254,16000,1105
29477.755832,2718358940,2718360056,15916,1116
29477.766346,2718366739,2718367861,15873,1122
29477.776327,2718374555,2718375675,15991,1120
29477.787390,2718382384,2718383500,15904,1116
29477.796332,2718390205,2718391324,15828,1119
29477.808330,2718398032,2718399149,15985,1117
29477.818950,2718405849,2718406970,15913,1121
29477.828329,2718413674,2718414788,15837,1114
29477.839988,2718421491,2718422612,15985,1121
29477.850510,2718429312,2718430433,16045,1121
29477.860330,2718437152,2718438272,15993,1120
29477.871549,2718444980,2718446098,16070,1118
29477.880330,2718452806,2718453922,16004,1116
29477.892329,2718460643,2718461764,15934,1121
29477.903111,2718468468,2718469585,16078,1117
29477.912327,2718476314,2718477431,16012,1117
29477.924142,2718484141,2718485261,15934,1120
29477.934670,2718491986,2718493101,15983,1115
29477.944329,2718499840,2718500962,15908,1122
29477.955702,2718507675,2718508791,15846,1116
29477.964330,2718515494,2718516607,15992,1113
29477.976328,2718523318,2718524435,15917,1117
29477.987263,2718531145,2718532266,15843,1121
29477.996335,2718538968,2718540082,15973,1114
29478.008307,2718546790,2718547907,15915,1117
29478.018823,2718554616,2718555731,15852,1115
29478.028328,2718562442,2718563562,15970,1120
29478.039867,2718570269,2718571380,15917,1111
29478.050383,2718578092,2718579204,15849,1112
29478.060332,2718585915,2718587035,15920,1120
29478.071428,2718593748,2718594865,15916,1117
29478.080331,2718601576,2718602695,15862,1119
29478.092329,2718609402,2718610512,15986,1110
29478.102989,2718617221,2718618339,15914,1118
29478.112332,2718625045,2718626165,15861,1120
29478.124029,2718632883,2718634001,15986,1118
29478.134553,2718640743,2718641857,15915,1114
29478.144328,2718648575,2718649697,15824,1122
29478.155589,2718656416,2718657524,15974,1108
29478.164330,2718664241,2718665355,15904,1114
29478.176329,2718672058,2718673172,15829,1114
29478.187149,2718679871,2718680989,15980,1118
29478.196331,2718687725,2718688843,15912,1118
29478.208189,2718695549,2718696667,15912,1118
29478.218713,2718702077,2718703191,15941,1114
29478.228330,2718709895,2718711004,15996,1109
29478.239743,2718717718,2718718834,15918,1116
29478.248327,2718725548,2718726662,16078,1114
29478.260327,2718733385,2718734498,15999,1113
29478.271303,2718741214,2718742325,15920,1111
29478.280329,2718749042,2718750160,16070,1118
29478.292328,2718756873,2718757985,15998,1112
29478.302863,2718764691,2718765809,15937,1118
29478.312327,2718772523,2718773636,16074,1113
29478.323908,2718780354,2718781468,15994,1114
29478.335933,2718789304,2718790412,16129,1108
29478.346454,2718797133,2718798246,15910,1113
29478.356330,2718804962,2718806082,15906,1120
29478.367494,2718812792,2718813910,15996,1118
29478.376329,2718820629,2718821738,15911,1109
29478.388330,2718828456,2718829564,15834,1108
29478.399052,2718836287,2718837405,16065,1118
29478.408326,2718844136,2718845250,15914,1114
29478.420086,2718851959,2718853073,15828,1114
29478.430615,2718859783,2718860902,15982,1119
29478.440330,2718867621,2718868739,15908,1118
29478.451645,2718875455,2718876573,15847,1118
29478.460331,2718883282,2718884392,16067,1110
29478.472328,2718891105,2718892223,15909,1118
29478.483206,2718898933,2718900051,15839,1118
29478.492327,2718906767,2718907882,16000,1115
29478.504253,2718914599,2718915717,15915,1118
29478.514767,2718922432,2718923546,15845,1114
29478.524330,2718930263,2718931378,16082,1115
29478.535813,2718938087,2718939201,15917,1114
29478.544331,2718945927,2718947044,15917,1117
29478.556333,2718953764,2718954876,16002,1112
29478.567373,2718961592,2718962706,16001,1114
29478.576331,2718969418,2718970536,15916,1118
29478.588335,2718977253,2718978361,16067,1108
29478.598932,2718985081,2718986199,15912,1118
29478.608334,2718992921,2718994035,15824,1114
29478.619971,2719000744,2719001857,15982,1113
29478.630493,2719008567,2719009686,15909,1119
29478.640334,2719016402,2719017517,15848,1115
29478.651533,2719024240,2719025358,16081,1118
29478.660328,2719032081,2719033198,15987,1117
29478.672327,2719039913,2719041027,15928,1114
29478.683094,2719047739,2719048854,16086,1115
29478.692327,2719055594,2719056712,16002,1118
29478.704132,2719063431,2719064543,15995,1112
29478.714655,2719071251,2719072369,16081,1118
29478.724327,2719079086,2719080201,16001,1115
29478.735685,2719086913,2719088026,15827,1113
29478.744332,2719094756,2719095873,15967,1117
29478.756328,2719102589,2719103698,15912,1109
29478.767245,2719110407,2719111520,15842,1113
29478.776332,2719118237,2719119351,16056,1114
29478.788290,2719126068,2719127183,15999,1115
29478.798807,2719133894,2719135012,15936,1118
29478.808328,2719141723,2719142841,16058,1118
29478.819850,2719149555,2719150673,15992,1118
29478.830367,2719157382,2719158501,15943,1119
29478.840333,2719165238,2719166356,16069,1118
29478.851412,2719173069,2719174187,15996,1118
29478.860330,2719180894,2719182009,15945,1115
29478.872327,2719188717,2719189835,16069,1118
29478.882973,2719196559,2719197667,16003,1108
29478.892328,2719204381,2719205494,15926,1113
29478.904012,2719212214,2719213329,16003,1115
29478.914533,2719220043,2719221162,15999,1119
29478.924327,2719227873,2719228992,15833,1119
29478.935571,2719235705,2719236823,15966,1118
29478.944328,2719243532,2719244649,15910,1117
29478.956328,2719251379,2719252489,15927,1110
29478.967131,2719259201,2719260312,16055,1111
29478.976334,2719267051,2719268165,16003,1114
29478.988165,2719274880,2719275992,15944,1112
29478.998693,2719282699,2719283817,16066,1118
29479.008327,2719290539,2719291655,15993,1116
29479.019726,2719298362,2719299472,15948,1110
29479.028331,2719306186,2719307305,16069,1119
29479.040331,2719314014,2719315132,15996,1118
29479.051292,2719321842,2719322956,15990,1114
29479.060330,2719329664,2719330772,16066,1108
29479.072328,2719337484,2719338598,16001,1114
29479.082846,2719345311,2719346429,15928,1118
29479.092330,2719353138,2719354255,16047,1117
29479.103892,2719360974,2719362082,15991,1108
29479.114406,2719368802,2719369924,15927,1122
29479.124327,2719376643,2719377758,16057,1115
29479.135451,2719384475,2719385590,15996,1115
29479.144329,2719392302,2719393418,15866,1116
29479.156331,2719400112,2719401230,16068,1118
29479.167013,2719407946,2719409059,15986,1113
29479.176330,2719415808,2719416920,15934,1112
29479.188053,2719423640,2719424753,16079,1113
29479.198574,2719431460,2719432580,16000,1120
29479.208328,2719439297,2719440409,15936,1112
29479.219614,2719447134,2719448249,16079,1115
29479.228331,2719454961,2719456081,15968,1120
29479.240334,2719462796,2719463911,15907,1115
29479.251174,2719470627,2719471742,16004,1115
29479.260333,2719478435,2719479543,15915,1108
29479.272206,2719486267,2719487385,15827,1118
29479.282733,2719494090,2719495203,15984,1113
29479.292333,2719501917,2719503035,15904,1118
29479.303766,2719509746,2719510861,15909,1115
29479.312328,2719517579,2719518691,16069,1112
29479.324328,2719525407,2719526522,15994,1115
29479.335326,2719533233,2719534348,15938,1115
29479.344335,2719541059,2719542173,16080,1114
29479.356332,2719548896,2719550014,15996,1118
29479.366886,2719556737,2719557852,15929,1115
29479.376331,2719564568,2719565687,16086,1119
29479.387933,2719572395,2719573510,16004,1115
29479.398454,2719580225,2719581343,15995,1118
29479.408332,2719588058,2719589173,16084,1115
29479.419494,2719595885,2719597000,15999,1115
29479.428333,2719603704,2719604820,15912,1116
29479.440333,2719611541,2719612655,16071,1114
29479.451054,2719619379,2719620493,15999,1114
29479.460332,2719627231,2719628338,15914,1107
29479.472092,2719635058,2719636173,16067,1115
29479.482613,2719642916,2719644034,15998,1118
29479.492330,2719650748,2719651863,15933,1115
29479.503653,2719658581,2719659694,16077,1113
29479.512331,2719666400,2719667514,15909,1114
29479.524330,2719674224,2719675338,15846,1114
29479.535214,2719682050,2719683168,15995,1118
29479.544331,2719689876,2719690993,15997,1117
29479.556245,2719697710,2719698828,15933,1118
29479.566773,2719705554,2719706671,16072,1117
29479.576327,2719713416,2719714533,15997,1117
29479.587806,2719721246,2719722361,15933,1115
29479.596329,2719729079,2719730194,16006,1115
29479.608332,2719736921,2719738030,16005,1109
29479.619366,2719744732,2719745847,15925,1115
29479.628328,2719752557,2719753673,16059,1116
29479.640327,2719760387,2719761505,15993,1118
29479.650926,2719768220,2719769334,15931,1114
29479.660328,2719776056,2719777166,16054,1110
29479.671971,2719783883,2719785000,15998,1117
29479.682487,2719791710,2719792822,15945,1112
29479.692329,2719799539,2719800649,16069,1110
29479.703531,2719807372,2719808487,15997,1115
29479.712336,2719815196,2719816311,15947,1115
29479.724329,2719823022,2719824132,16069,1110
29479.735093,2719830849,2719831963,15999,1114
29479.744329,2719838708,2719839824,15990,1116
29479.756132,2719846550,2719847669,16063,1119
29479.766655,2719854465,2719855580,15916,1115
29479.776333,2719862301,2719863417,15829,1116
29479.787692,2719870130,2719871245,16070,1115
29479.796334,2719877960,2719879072,15999,1112
29479.808329,2719885787,2719886906,15921,1119
29479.819253,2719893622,2719894740,16060,1118
29479.828328,2719901460,2719902575,15982,1115
29479.840286,2719909315,2719910427,15927,1112
29479.850813,2719917135,2719918250,16069,1115
29479.860329,2719924964,2719926080,15995,1116
29479.871846,2719932805,2719933920,15929,1115
29479.882375,2719940635,2719941750,16079,1115
29479.892330,2719948465,2719949584,15996,1119
29479.903406,2719956306,2719957424,15833,1118
29479.912334,2719964137,2719965255,15995,1118
29479.924329,2719971971,2719973089,15904,1118
29479.934966,2719979805,2719980923,15825,1118
29479.944328,2719987641,2719988757,15904,1116
29479.956012,2719995473,2719996591,15893,1118
29479.968037,2720004380,2720005498,16135,1118
29479.978558,2720012225,2720013341,16001,1116
29479.988328,2720020073,2720021192,15914,1119
29479.999597,2720027913,2720029029,16087,1116
29480.008329,2720035742,2720036857,15905,1115
29480.020329,2720043573,2720044683,15828,1110
29480.031156,2720051388,2720052506,15981,1118
29480.040330,2720059237,2720060352,15912,1115
29480.052188,2720067069,2720068186,15825,1117
29480.062716,2720074893,2720076012,16022,1119
29480.072333,2720082730,2720083848,15910,1118
29480.083749,2720090568,2720091683,15845,1115
29480.092332,2720098398,2720099515,15913,1117
29480.104329,2720106231,2720107346,15910,1115
29480.115309,2720114065,2720115177,15845,1112
29480.124337,2720121893,2720123007,15995,1114
29480.136328,2720129733,2720130848,15909,1115
29480.146870,2720137565,2720138682,15840,1117
29480.156330,2720145394,2720146512,15993,1118
29480.167917,2720153232,2720154345,15918,1113
29480.178431,2720161093,2720162210,15915,1117
29480.188327,2720168926,2720170045,16065,1119
29480.199477,2720176752,2720177871,15997,1119
29480.208331,2720184590,2720185709,15917,1119
29480.220333,2720192423,2720193538,16066,1115
29480.231036,2720200249,2720201364,15912,1115
29480.240328,2720208100,2720209217,15904,1117
29480.252076,2720215930,2720217052,15978,1122
29480.262597,2720223768,2720224887,15907,1119
29480.272330,2720231606,2720232718,15845,1112
29480.283637,2720239438,2720240557,15991,1119
29480.292334,2720247281,2720248389,15914,1108
29480.304332,2720255104,2720256219,15840,1115
29480.315198,2720262944,2720264059,15999,1115
29480.324331,2720270799,2720271914,15908,1115
29480.336229,2720278615,2720279730,15832,1115
29480.346758,2720286445,2720287560,15986,1115
29480.356333,2720294278,2720295397,15903,1119
29480.367789,2720302101,2720303216,15816,1115
29480.376329,2720309936,2720311050,16055,1114
29480.388329,2720317778,2720318892,15997,1114
29480.399350,2720325614,2720326729,15927,1115
29480.408329,2720333442,2720334550,16052,1108
29480.420337,2720341261,2720342379,16000,1118
29480.430910,2720349096,2720350211,15944,1115
29480.440330,2720356934,2720358051,15991,1117
29480.451954,2720364768,2720365886,15999,1118
29480.462473,2720372584,2720373707,15878,1123
29480.472329,2720380444,2720381562,15981,1118
29480.483516,2720388272,2720389387,15912,1115
29480.492332,2720396106,2720397222,15923,1116
29480.504328,2720403947,2720405061,15916,1114
29480.515075,2720411787,2720412902,15997,1115
29480.524330,2720419643,2720420761,16000,1118
29480.536114,2720427482,2720428597,15996,1115
29480.546636,2720435321,2720436436,15996,1115
29480.556328,2720443171,2720444290,15934,1119
29480.567675,2720450979,2720452097,16053,1118
29480.576332,2720458806,2720459920,15998,1114
29480.588327,2720466643,2720467758,15992,1115
29480.599235,2720474468,2720475583,16049,1115
29480.608328,2720482299,2720483414,15991,1115
29480.620271,2720490130,2720491245,15947,1115
29480.630796,2720497956,2720499070,16065,1114
29480.640328,2720505787,2720506906,16006,1119
29480.651829,2720513623,2720514737,15941,1114
29480.662357,2720521458,2720522578,16061,1120
29480.672332,2720529311,2720530426,16002,1115
29480.683390,2720537156,2720538275,15836,1119
29480.692328,2720544996,2720546109,15974,1113
29480.704329,2720552821,2720553936,15911,1115
29480.714950,2720560649,2720561758,15841,1109
29480.724330,2720568481,2720569596,15965,1115
29480.735994,2720576308,2720577423,15911,1115
29480.746510,2720584128,2720585243,15841,1115
29480.756331,2720591955,2720593070,15957,1115
29480.767555,2720599787,2720600906,15912,1119
29480.776328,2720607617,2720608735,15846,1118
29480.788330,2720615443,2720616558,16002,1115
29480.799117,2720623275,2720624394,15993,1119
29480.808328,2720631137,2720632250,15928,1113
29480.820157,2720638969,2720640083,16083,1114
29480.830678,2720646801,2720647920,15997,1119
29480.840332,2720654634,2720655748,15920,1114
29480.851717,2720662469,2720663585,16074,1116
29480.860329,2720670302,2720671417,15999,1115
29480.872328,2720678131,2720679246,15916,1115
29480.883276,2720685960,2720687075,16068,1115
29480.892330,2720693787,2720694904,15997,1117
29480.904309,2720701626,2720702736,15919,1110
29480.914837,2720709463,2720710576,16067,1113
29480.924333,2720717289,2720718404,16001,1115
29480.935876,2720725123,2720726238,15987,1115
29480.946398,2720732951,2720734066,16065,1115
29480.956334,2720740803,2720741917,16000,1114
29480.967429,2720748637,2720749751,15923,1114
29480.976330,2720756464,2720757582,16081,1118
29480.988333,2720764318,2720765433,15995,1115
29480.998990,2720772154,2720773273,15941,1119
29481.008327,2720779987,2720781102,16076,1115
29481.020036,2720787834,2720788957,15989,1123
29481.030551,2720795684,2720796798,15934,1114
29481.040331,2720803527,2720804646,16086,1119
29481.051597,2720811360,2720812479,16002,1119
29481.060330,2720819226,2720820341,15932,1115
29481.072328,2720827064,2720828179,16053,1115
29481.083155,2720834897,2720836012,15999,1115
29481.092327,2720842753,2720843864,15932,1111
29481.104195,2720850594,2720851709,16054,1115
29481.114716,2720858432,2720859546,15990,1114
29481.124329,2720866270,2720867385,15942,1115
29481.135755,2720874103,2720875222,15917,1119
29481.144331,2720881930,2720883044,15912,1114
29481.156332,2720889756,2720890872,15846,1116
29481.167316,2720897581,2720898696,15979,1115
29481.176329,2720905412,2720906527,15911,1115
29481.188328,2720913246,2720914364,15861,1118
29481.198879,2720921114,2720922233,16088,1119
29481.208329,2720928954,2720930069,15996,1115
29481.219910,2720936803,2720937918,15901,1115
29481.230437,2720944659,2720945778,16063,1119
29481.240331,2720952532,2720953651,15997,1119
29481.251472,2720960371,2720961486,15914,1115
29481.260329,2720968218,2720969340,16045,1122
29481.272336,2720976073,2720977185,15990,1112
29481.283036,2720983906,2720985019,15992,1113
29481.292329,2720991768,2720992879,16068,1111
29481.304076,2720999638,2721000751,16002,1113
29481.314591,2721007474,2721008593,15932,1119
29481.324330,2721015301,2721016416,16082,1115
29481.335636,2721023134,2721024249,16004,1115
29481.344328,2721030963,2721032078,15925,1115
29481.356330,2721038821,2721039940,16078,1119
29481.367199,2721046693,2721047816,15995,1123
29481.376328,2721054545,2721055661,15916,1116
29481.388237,2721062423,2721063537,16081,1114
29481.398760,2721070285,2721071404,15980,1119
29481.408327,2721078122,2721079231,15916,1109
29481.419796,2721085944,2721087063,16063,1119
29481.428331,2721093797,2721094912,16000,1115
29481.440330,2721101635,2721102754,15915,1119
29481.451357,2721109461,2721110578,16066,1117
29481.460332,2721117282,2721118397,15998,1115
29481.472336,2721125107,2721126222,15931,1115
29481.482917,2721132936,2721134051,16004,1115
29481.492335,2721140761,2721141874,16004,1113
29481.503950,2721148594,2721149713,15929,1119
29481.514479,2721156428,2721157543,16087,1115
29481.524329,2721164283,2721165402,15996,1119
29481.535510,2721172140,2721173263,15930,1123
29481.544330,2721179995,2721181118,16089,1123
29481.556335,2721187845,2721188959,15999,1114
29481.567072,2721195690,2721196810,15918,1120
29481.576327,2721203544,2721204662,16067,1118
29481.588118,2721211373,2721212492,15998,1119
29481.598625,2721219219,2721220335,15903,1116
29481.608331,2721227052,2721228161,16061,1109
29481.619676,2721234876,2721235991,16000,1115
29481.628331,2721242708,2721243823,15999,1115
29481.640329,2721250536,2721251645,16067,1109
29481.651237,2721258365,2721259484,15999,1119
29481.660327,2721266219,2721267334,15929,1115
29481.672278,2721274059,2721275176,16069,1117
29481.682798,2721281889,2721283004,16005,1115
29481.692329,2721289734,2721290846,15931,1112
29481.703838,2721297563,2721298682,16087,1119
29481.714359,2721305229,2721306349,15909,1120
29481.724328,2721313083,2721314193,15823,1110
29481.735394,2721320931,2721322046,16040,1115
29481.744331,2721328780,2721329895,16133,1115
29481.756334,2721336611,2721337729,15913,1118
29481.766954,2721344440,2721345555,16025,1115
29481.776330,2721352250,2721353373,16073,1123
29481.787990,2721360105,2721361219,15914,1114
29481.798514,2721367934,2721369053,16024,1119
29481.808332,2721375745,2721376863,15983,1118
29481.819550,2721383584,2721384699,15828,1115
29481.828329,2721391429,2721392544,15839,1115
29481.840335,2721399263,2721400378,15962,1115
29481.851111,2721407091,2721408210,15832,1119
29481.860328,2721414952,2721416066,15932,1114
29481.872158,2721422768,2721423883,16075,1115
29481.882671,2721430598,2721431717,15920,1119
29481.892327,2721438428,2721439542,16030,1114
29481.903718,2721446240,2721447352,16077,1112
29481.912333,2721454084,2721455199,15915,1115
29481.924330,2721461932,2721463051,16021,1119
29481.935278,2721469750,2721470869,16038,1119
29481.944335,2721477600,2721478724,15945,1124
29481.956312,2721485450,2721486569,16025,1119
29481.966840,2721493259,2721494378,16061,1119
29481.976327,2721501134,2721502254,15995,1120
29481.987873,2721508994,2721510112,15988,1118
29481.998399,2721516806,2721517926,16065,1120
29482.008331,2721524662,2721525771,15823,1109
29482.019433,2721532496,2721533611,15934,1115
29482.028330,2721540305,2721541420,16072,1115
29482.040330,2721548137,2721549253,15909,1116
29482.050993,2721555984,2721557098,16016,1114
29482.060335,2721563788,2721564907,16070,1119
29482.072030,2721571636,2721572751,15907,1115
29482.082555,2721579485,2721580603,16041,1118
29482.092331,2721587300,2721588411,16070,1111
29482.103590,2721595128,2721596243,15917,1115
29482.112327,2721602962,2721604080,16019,1118
29482.124328,2721610763,2721611882,16074,1119
29482.135151,2721618593,2721619713,15915,1120
29482.144329,2721626456,2721627570,16025,1114
29482.156198,2721634263,2721635379,16074,1116
29482.166711,2721642121,2721643240,15918,1119
29482.176333,2721649940,2721651059,15934,1119
29482.187759,2721657782,2721658905,16056,1123
29482.196329,2721665640,2721666755,15912,1115
29482.208329,2721673469,2721674582,16034,1113
29482.219319,2721681308,2721682423,15965,1115
29482.228330,2721689141,2721690259,15841,1118
29482.240329,2721696977,2721698088,15939,1111
29482.250879,2721704783,2721705902,16075,1119
29482.260327,2721712618,2721713737,15913,1119
29482.271912,2721720459,2721721574,16024,1115
29482.282441,2721728299,2721729418,16057,1119
29482.292331,2721736139,2721737260,15945,1121
29482.303473,2721744030,2721745148,16021,1118
29482.312336,2721751853,2721752972,16073,1119
29482.324328,2721759690,2721760805,15998,1115
29482.335031,2721767533,2721768651,15976,1118
29482.344336,2721775412,2721776529,16056,1117
29482.356070,2721783252,2721784368,15918,1116
29482.366591,2721791095,2721792217,15971,1122
29482.376332,2721798925,2721800048,16069,1123
29482.387630,2721806799,2721807914,15885,1115
29482.396329,2721814630,2721815745,16026,1115
29482.408327,2721822444,2721823554,16074,1110
29482.419191,2721830306,2721831421,15853,1115
29482.428328,2721838174,2721839288,15951,1114
29482.440237,2721846042,2721847165,16063,1123
29482.450751,2721853903,2721855025,15931,1122
29482.460335,2721861756,2721862871,16024,1115
29482.471797,2721869600,2721870719,16053,1119
29482.480330,2721877452,2721878567,15932,1115
29482.492332,2721885329,2721886441,16026,1112
29482.503358,2721893171,2721894290,16039,1119
29482.512331,2721901012,2721902127,15927,1115
29482.524330,2721908856,2721909979,15947,1123
29482.534917,2721916730,2721917849,16043,1119
29482.544326,2721924581,2721925691,15934,1110
29482.555953,2721932403,2721933522,16026,1119
29482.566478,2721940216,2721941329,16063,1113
29482.576330,2721948033,2721949153,15944,1120
29482.587514,2721955893,2721957012,16022,1119
29482.596349,2721963769,2721964884,16030,1115
29482.608330,2721971628,2721972741,15930,1113
29482.619071,2721979486,2721980609,15925,1123
29482.628327,2721987383,2721988502,15935,1119
29482.640110,2721995260,2721996376,15831,1116
29482.650634,2722003107,2722004222,15936,1115
29482.660330,2722010944,2722012062,16060,1118
29482.671677,2722018821,2722019944,15993,1123
29482.680328,2722026742,2722027865,16018,1123
29482.692328,2722034578,2722035691,16058,1113
29482.703234,2722042408,2722043529,15947,1121
29482.712335,2722050266,2722051382,16023,1116
29482.724276,2722058105,2722059228,16057,1123
29482.734791,2722065975,2722067084,15912,1109
29482.744331,2722073830,2722074952,16026,1122
29482.755837,2722081669,2722082792,16057,1123
29482.766352,2722089572,2722090690,15927,1118
29482.776327,2722097430,2722098546,16039,1116
29482.787397,2722105279,2722106401,16037,1122
29482.796333,2722113137,2722114260,15957,1123
29482.808328,2722120984,2722122093,16022,1109
29482.818960,2722128820,2722129939,16073,1119
29482.828331,2722136673,2722137796,15869,1123
29482.839993,2722144525,2722145640,15940,1115
29482.850518,2722152407,2722153528,16062,1121
29482.860328,2722160241,2722161354,15963,1113
29482.871552,2722168105,2722169223,15949,1118
29482.880330,2722175975,2722177094,16041,1119
29482.892329,2722183845,2722184966,15930,1121
29482.903114,2722191694,2722192808,16027,1114
29482.912336,2722199575,2722200694,16066,1119
29482.924153,2722207457,2722208573,15974,1116
29482.934675,2722215330,2722216453,16029,1123
29482.944330,2722223192,2722224314,16044,1122
29482.955711,2722231060,2722232179,15931,1119
29482.964334,2722238905,2722240019,16020,1114
29482.976329,2722246749,2722247873,16020,1124
29482.987272,2722254592,2722255707,15923,1115
29482.996327,2722262470,2722263593,16019,1123
29483.008316,2722270344,2722271457,16037,1113
29483.018837,2722278216,2722279335,15991,1119
29483.028332,2722286088,2722287209,15876,1121
29483.039878,2722293946,2722295061,15963,1115
29483.050392,2722301809,2722302929,15823,1120
29483.060329,2722309688,2722310811,15938,1123
29483.071439,2722317536,2722318654,15984,1118
29483.080328,2722325369,2722326484,15828,1115
29483.092329,2722333207,2722334324,15939,1117
29483.103000,2722341046,2722342169,15984,1123
29483.112328,2722348942,2722350065,15829,1123
29483.124034,2722356837,2722357960,15956,1123
29483.134560,2722364676,2722365799,15986,1123
29483.144326,2722372529,2722373644,15823,1115
29483.155593,2722380381,2722381499,15933,1118
29483.164332,2722388222,2722389341,15977,1119
29483.176332,2722396107,2722397230,15870,1123
29483.187155,2722403971,2722405087,15934,1116
29483.196334,2722411910,2722413029,15984,1119
29483.208190,2722419799,2722420915,15830,1116
29483.218713,2722427659,2722428782,15847,1123
29483.228329,2722435535,2722436654,15978,1119
29483.239751,2722443407,2722444529,15915,1122
29483.248330,2722451277,2722452392,16017,1115
29483.260328,2722459124,2722460242,16069,1118
29483.271311,2722467022,2722468140,15930,1118
29483.280334,2722474920,2722476043,16018,1123
29483.292331,2722482812,2722483934,16053,1122
29483.302872,2722490699,2722491822,15916,1123
29483.312328,2722498572,2722499685,16024,1113
29483.323919,2722506400,2722507520,16043,1120
29483.334432,2722514261,2722515384,15916,1123
29483.344328,2722522126,2722523249,16023,1123
29483.355480,2722529980,2722531098,16060,1118
29483.364333,2722537849,2722538964,15997,1115
29483.376327,2722545699,2722546814,16020,1115
29483.387040,2722553533,2722554655,16067,1122
29483.396332,2722561447,2722562566,15913,1119
29483.408073,2722569320,2722570436,16026,1116
29483.418600,2722577138,2722578252,16070,1114
29483.428333,2722585013,2722586136,15918,1123
29483.439636,2722592896,2722594019,15940,1123
29483.448328,2722600772,2722601889,15966,1117
29483.460330,2722608619,2722609737,15832,1118
29483.471195,2722616516,2722617639,15952,1123
29483.480329,2722624396,2722625512,16069,1116
29483.492231,2722632256,2722633378,15915,1122
29483.502754,2722640112,2722641231,16017,1119
29483.512328,2722647956,2722649079,16072,1123
29483.523791,2722655884,2722657003,15916,1119
29483.532333,2722663750,2722664872,16023,1122
29483.544328,2722671597,2722672721,16070,1124
29483.555352,2722679479,2722680601,15905,1122
29483.564331,2722687341,2722688463,15933,1122
29483.576331,2722695209,2722696331,16057,1122
29483.586912,2722703083,2722704200,15901,1117
29483.596334,2722710974,2722712093,16029,1119
29483.607960,2722718820,2722719936,16077,1116
29483.618472,2722726691,2722727814,15934,1123
29483.628330,2722734558,2722735681,16028,1123
29483.639521,2722742412,2722743530,16058,1118
29483.648333,2722750276,2722751398,15829,1122
29483.660331,2722758164,2722759277,15939,1113
29483.671079,2722766010,2722767133,15947,1123
29483.680335,2722774001,2722775123,15829,1122
29483.692113,2722781905,2722783027,15938,1122
29483.702640,2722789784,2722790907,15980,1123
29483.712329,2722797704,2722798827,15908,1123
29483.723674,2722805578,2722806692,15936,1114
29483.732331,2722813427,2722814546,15980,1119
29483.744329,2722821323,2722822445,15831,1122
29483.755234,2722829200,2722830323,15937,1123
29483.764333,2722837078,2722838201,15981,1123
29483.776272,2722844955,2722846078,15820,1123
29483.786795,2722852830,2722853953,15939,1123
29483.796329,2722860685,2722861809,15980,1124
29483.807832,2722868566,2722869678,15832,1112
29483.818357,2722876434,2722877556,15955,1122
29483.828330,2722884274,2722885397,15986,1123
29483.839392,2722892152,2722893275,15834,1123
29483.848330,2722900048,2722901166,15940,1118
29483.860330,2722907891,2722909013,15981,1122
29483.870952,2722915772,2722916895,15831,1123
29483.880328,2722923650,2722924773,15936,1123
29483.892000,2722931494,2722932612,15984,1118
29483.902512,2722939362,2722940485,15829,1123
29483.912327,2722947253,2722948376,15840,1123
29483.923560,2722955130,2722956253,15963,1123
29483.932328,2722963031,2722964148,15819,1117
29483.944331,2722970922,2722972040,15926,1118
29483.955120,2722978746,2722979869,15978,1123
29483.964332,2722986671,2722987794,15840,1123
29483.976154,2722994549,2722995673,15934,1124
29483.986680,2723002426,2723003548,15964,1122
29483.996334,2723010292,2723011415,15828,1123
29484.007714,2723018166,2723019281,15938,1115
29484.016331,2723026013,2723027137,15954,1124
29484.028327,2723033878,2723035001,15826,1123
29484.039274,2723041775,2723042893,15939,1118
29484.048327,2723049657,2723050780,16017,1123
29484.060318,2723057533,2723058653,15904,1120
29484.070835,2723065451,2723066570,15941,1119
29484.080330,2723073310,2723074432,16073,1122
29484.091872,2723081182,2723082299,15918,1117
29484.102395,2723089053,2723090175,16026,1122
29484.112329,2723096951,2723098074,16069,1123
29484.123432,2723104858,2723105981,15918,1123
29484.132328,2723112736,2723113859,16021,1123
29484.144328,2723120580,2723121703,16065,1123
29484.154992,2723128461,2723129583,15916,1122
29484.164330,2723136362,2723137484,16034,1122
29484.176040,2723144236,2723145359,16072,1123
29484.186552,2723152104,2723153224,15914,1120
29484.196329,2723160025,2723161144,16025,1119
29484.207600,2723167879,2723168994,16068,1115
29484.216331,2723175761,2723176880,15918,1119
29484.228328,2723183664,2723184787,16020,1123
29484.239160,2723191532,2723192655,16051,1123
29484.248329,2723199499,2723200621,15917,1122
29484.260192,2723207390,2723208513,15845,1123
29484.270721,2723215270,2723216392,15958,1122
29484.280330,2723223143,2723224263,15827,1120
29484.291754,2723231002,2723232124,15939,1122
29484.300330,2723238857,2723239976,15985,1119
29484.312328,2723246716,2723247839,15845,1123
29484.323314,2723254611,2723255733,15938,1122
29484.332328,2723262518,2723263641,15977,1123
29484.344337,2723270391,2723271513,15832,1122
29484.354875,2723278291,2723279413,15933,1122
29484.364336,2723286146,2723287265,15949,1119
29484.375912,2723294014,2723295136,15834,1122
29484.386435,2723301893,2723303016,15938,1123
29484.396327,2723309744,2723310864,15985,1120
29484.407480,2723317636,2723318748,15906,1112
29484.416328,2723325529,2723326652,15926,1123
29484.428332,2723333415,2723334535,15984,1120
29484.439033,2723341295,2723342418,15832,1123
29484.448334,2723349199,2723350322,15938,1123
29484.460081,2723357120,2723358239,15987,1119
29484.470592,2723365029,2723366152,15829,1123
29484.480328,2723372909,2723374032,15937,1123
29484.491640,2723380760,2723381879,16068,1119
29484.500333,2723388651,2723389774,15913,1123
29484.512331,2723396549,2723397672,16039,1123
29484.523200,2723404428,2723405551,16075,1123
29484.532328,2723412298,2723413421,15918,1123
29484.544234,2723420167,2723421290,16015,1123
29484.554761,2723428029,2723429151,16068,1122
29484.564333,2723435903,2723437023,15915,1120
29484.575794,2723443769,2723444892,16025,1123
29484.584333,2723451618,2723452740,16071,1122
29484.596331,2723459514,2723460633,15914,1119
29484.607354,2723467381,2723468499,15927,1118
29484.616332,2723475244,2723476366,16053,1122
29484.628328,2723483110,2723484229,15889,1119
29484.638915,2723490973,2723492093,16024,1120
29484.648329,2723498813,2723499936,16071,1123
29484.659952,2723506703,2723507823,15832,1120
29484.670475,2723514603,2723515725,15938,1122
29484.680331,2723522463,2723523582,15997,1119
29484.691512,2723530326,2723531448,15823,1122
29484.700334,2723538251,2723539374,15938,1123
29484.712334,2723546112,2723547235,15953,1123
29484.723073,2723553992,2723555115,15828,1123
29484.732331,2723561968,2723563091,15938,1123
29484.744119,2723569826,2723570949,15968,1123
29484.754640,2723577734,2723578847,15908,1113
29484.764329,2723585680,2723586803,15934,1123
29484.775680,2723593538,2723594660,15978,1122
29484.784330,2723601406,2723602523,15834,1117
29484.796332,2723609279,2723610402,15940,1123
29484.807239,2723617158,2723618278,15965,1120
29484.816331,2723625039,2723626161,15833,1122
29484.828274,2723632892,2723634015,15910,1123
29484.838802,2723640769,2723641892,15979,1123
29484.848332,2723648677,2723649800,15820,1123
29484.859836,2723656586,2723657702,15955,1116
29484.870362,2723664487,2723665611,16067,1124
29484.880332,2723672366,2723673490,15915,1124
29484.891394,2723680235,2723681354,16024,1119
29484.900328,2723688082,2723689205,16065,1123
29484.912334,2723695930,2723697053,15943,1123
29484.922955,2723703814,2723704936,16025,1122
29484.932333,2723711664,2723712787,16072,1123
29484.943992,2723719564,2723720688,15919,1124
29484.954521,2723727529,2723728653,16001,1124
29484.964331,2723735410,2723736534,15985,1124
29484.975552,2723743291,2723744414,15820,1123
29484.984335,2723751199,2723752322,15981,1123
29484.996335,2723759078,2723760201,15912,1123
29485.007113,2723766953,2723768073,15829,1120
29485.016335,2723774904,2723776024,15975,1120
29485.028159,2723782768,2723783887,15967,1119
29485.038673,2723790638,2723791758,15828,1120
29485.048328,2723798510,2723799633,15938,1123
29485.059722,2723806364,2723807487,16037,1123
29485.068330,2723814257,2723815377,15826,1120
29485.080330,2723822139,2723823257,15935,1118
29485.091280,2723830038,2723831157,15957,1119
29485.100328,2723837910,2723839034,15907,1124
29485.112314,2723845778,2723846901,15942,1123
29485.122841,2723853624,2723854741,16072,1117
29485.132332,2723861496,2723862619,15917,1123
29485.143875,2723869375,2723870498,16028,1123
29485.154401,2723877254,2723878376,16071,1122
29485.164332,2723885155,2723886275,15905,1120
29485.175435,2723893054,2723894177,16025,1123
29485.184331,2723900957,2723902078,16071,1121
29485.196330,2723908836,2723909959,15912,1123
29485.206997,2723916709,2723917830,16041,1121
29485.216328,2723924590,2723925713,16060,1123
29485.228032,2723932513,2723933631,15916,1118
29485.238556,2723940387,2723941510,16031,1123
29485.248334,2723948252,2723949376,16076,1124
29485.259593,2723956155,2723957277,15916,1122
29485.268335,2723964082,2723965204,16023,1122
29485.280334,2723971977,2723973100,16070,1123
29485.291153,2723979836,2723980959,15916,1123
29485.300328,2723987735,2723988855,15933,1120
29485.312202,2723995610,2723996730,16054,1120
29485.322713,2724003505,2724004622,15906,1117
29485.332328,2724011431,2724012553,16029,1122
29485.343761,2724019300,2724020420,16056,1120
29485.352331,2724027196,2724028319,15924,1123
29485.364329,2724035072,2724036194,16026,1122
29485.375321,2724042946,2724044069,16071,1123
29485.384327,2724050831,2724051951,15915,1120
29485.396333,2724058702,2724059825,16020,1123
29485.406881,2724066582,2724067704,16043,1122
29485.416329,2724074456,2724075579,15914,1123
29485.427915,2724082357,2724083479,16029,1122
29485.438442,2724090202,2724091322,16070,1120
29485.448331,2724098100,2724099223,15994,1123
29485.459476,2724105971,2724107087,16025,1116
29485.468329,2724113817,2724114941,16065,1124
29485.480331,2724121685,2724122809,15832,1124
29485.491037,2724129582,2724130705,15941,1123
29485.500329,2724137492,2724138615,15984,1123
29485.512073,2724145365,2724146483,15817,1118
29485.522596,2724153282,2724154404,15938,1122
29485.532333,2724161195,2724162314,15985,1119
29485.543632,2724169063,2724170183,15814,1120
29485.552328,2724176945,2724178068,15952,1123
29485.564328,2724184787,2724185910,15981,1123
29485.575193,2724192681,2724193803,15818,1122
29485.584327,2724200611,2724201734,15936,1123
29485.596240,2724208462,2724209584,15980,1122
29485.606753,2724216337,2724217459,15827,1122
29485.616330,2724224214,2724225338,15940,1124
29485.627800,2724232079,2724233199,15983,1120
29485.636335,2724239945,2724241068,15827,1123
29485.648329,2724247838,2724248958,15846,1120
29485.659361,2724255718,2724256836,15967,1118
29485.668331,2724263599,2724264721,15824,1122
29485.680332,2724271514,2724272634,15918,1120
29485.690921,2724279349,2724280472,16035,1123
29485.700328,2724287220,2724288338,15930,1118
29485.711956,2724295095,2724296218,16028,1123
29485.722481,2724302970,2724304088,16053,1118
29485.732328,2724310849,2724311973,15915,1124
29485.743515,2724318719,2724319842,16026,1123
29485.752330,2724326601,2724327723,16039,1122
29485.764333,2724334496,2724335620,15914,1124
29485.775076,2724342364,2724343483,16028,1119
29485.784330,2724350301,2724351424,16070,1123
29485.796120,2724358197,2724359317,15994,1120
29485.806638,2724366148,2724367270,16021,1122
29485.816336,2724374075,2724375199,16055,1124
29485.827673,2724381953,2724383070,15915,1117
29485.836327,2724389826,2724390949,16025,1123
29485.848329,2724397680,2724398803,16062,1123
29485.859233,2724405557,2724406680,15916,1123
29485.868330,2724413435,2724414558,16017,1123
29485.880280,2724421295,2724422418,16071,1123
29485.890795,2724429179,2724430303,15820,1124
29485.900331,2724437062,2724438185,15940,1123
29485.911840,2724444913,2724446037,15983,1124
29485.922354,2724452796,2724453915,15817,1119
29485.932330,2724460722,2724461844,15938,1122
29485.943401,2724468659,2724469782,15971,1123
29485.952336,2724476546,2724477665,15833,1119
29485.964328,2724484430,2724485552,15934,1122
29485.974961,2724492312,2724493436,15967,1124
29485.984329,2724500247,2724501371,15828,1124
29485.995995,2724508118,2724509238,15843,1120
29486.006521,2724515994,2724517116,15965,1122
29486.016330,2724523952,2724525074,15827,1122
29486.027555,2724531854,2724532977,15938,1123
29486.036332,2724539706,2724540826,15985,1120
29486.048332,2724547581,2724548704,15842,1123
29486.059116,2724555487,2724556610,15942,1123
29486.068334,2724563457,2724564580,15984,1123
29486.080152,2724571355,2724572475,15828,1120
29486.090676,2724579281,2724580405,15920,1124
29486.100337,2724587137,2724588257,15950,1120
29486.111712,2724595008,2724596125,15826,1117
29486.120329,2724602883,2724604000,15938,1117
29486.132327,2724610752,2724611876,15980,1124
29486.143282,2724618627,2724619751,15904,1124
29486.152327,2724626531,2724627654,15934,1123
29486.164321,2724634381,2724635501,15982,1120
29486.174834,2724642253,2724643376,15831,1123
29486.184331,2724650179,2724651299,15936,1120
29486.195881,2724658039,2724659163,15986,1124
29486.206394,2724665916,2724667038,15828,1122
29486.216335,2724673818,2724674942,15939,1124
29486.227441,2724681722,2724682846,15984,1124
29486.236328,2724689599,2724690723,15828,1124
29486.248333,2724697483,2724698606,15955,1123
29486.259001,2724705355,2724706475,15981,1120
29486.268328,2724713229,2724714353,15829,1124
29486.280035,2724721133,2724722255,15934,1122
29486.292063,2724730103,2724731223,15920,1120
29486.302579,2724738032,2724739152,15935,1120
29486.312331,2724745905,2724747029,15983,1124
29486.323616,2724753804,2724754924,15815,1120
29486.332328,2724761703,2724762821,15936,1118
29486.344329,2724769577,2724770700,15983,1123
29486.355177,2724777452,2724778569,15821,1117
29486.364333,2724785344,2724786464,15939,1120
29486.376223,2724793200,2724794324,15987,1124
29486.386737,2724801078,2724802198,15829,1120
29486.396327,2724809000,2724810123,15953,1123
29486.407784,2724816882,2724818006,15984,1124
29486.416333,2724824763,2724825887,15825,1124
29486.428332,2724832646,2724833766,15938,1120
29486.439345,2724840483,2724841605,15976,1122
29486.448328,2724848376,2724849496,15830,1120
29486.460333,2724856251,2724857373,15924,1122
29486.470905,2724864119,2724865243,15975,1124
29486.480331,2724871995,2724873119,15833,1124
29486.491937,2724879897,2724881021,15847,1124
29486.502465,2724887797,2724888921,15967,1124
29486.512331,2724895709,2724896833,15826,1124
29486.523499,2724903589,2724904713,15930,1124
29486.532334,2724911483,2724912602,16063,1119
29486.544328,2724919364,2724920484,15929,1120
29486.555059,2724927241,2724928357,16024,1116
29486.564329,2724935204,2724936328,16072,1124
29486.576096,2724943084,2724944208,15908,1124
29486.586619,2724950968,2724952088,16021,1120
29486.596328,2724958844,2724959966,16039,1122
29486.607656,2724966745,2724967869,15911,1124
29486.616331,2724974649,2724975773,16020,1124
29486.628329,2724982533,2724983656,16073,1123
29486.639224,2724990454,2724991575,16000,1121
29486.648328,2724998351,2724999475,16023,1124
29486.660264,2725006212,2725007332,16066,1120
29486.670777,2725014112,2725015231,15915,1119
29486.680330,2725022005,2725023127,16010,1122
29486.691823,2725029857,2725030980,16070,1123
29486.702339,2725037749,2725038873,15831,1124
29486.712328,2725045633,2725046755,15929,1122
29486.736332,2725057552,2725058181,12024,629
29486.747425,2725061564,2725062191,11975,627
29486.756329,2725068103,2725069218,15964,1115
29486.768336,2725075936,2725077051,15916,1115
29486.778982,2725083797,2725084913,15827,1116
29486.788331,2725091669,2725092788,15919,1119
29486.800029,2725099538,2725100658,15912,1120
29486.810543,2725107437,2725108554,15829,1117
29486.820332,2725115309,2725116432,15980,1123
29486.831589,2725123214,2725124337,15911,1123
29486.840327,2725131134,2725132257,15821,1123
29486.852336,2725139010,2725140130,15983,1120
29486.863149,2725146880,2725148004,15910,1124
29486.872328,2725154831,2725155955,15849,1124
29486.884190,2725162724,2725163846,15996,1122
29486.894709,2725170629,2725171752,15912,1123
29486.904330,2725178545,2725179661,15859,1116
29486.915748,2725186470,2725187594,15977,1124
29486.924334,2725194373,2725195497,15910,1124
29486.936329,2725202255,2725203379,15908,1124
29486.947309,2725210137,2725211260,15980,1123
29486.956328,2725218089,2725219209,15912,1120
29486.968328,2725225964,2725227087,15838,1123
29486.978869,2725233838,2725234961,15960,1123
29486.988329,2725241716,2725242839,15915,1123
29486.999902,2725249624,2725250748,15842,1124
29487.010429,2725257503,2725258626,15971,1123
29487.020333,2725265372,2725266492,15906,1120
29487.031462,2725273267,2725274391,15859,1124
29487.040333,2725281178,2725282302,15971,1124
29487.052335,2725289058,2725290182,15913,1124
29487.063023,2725296966,2725298090,15853,1124
29487.072334,2725304925,2725306049,15972,1124
29487.084069,2725312851,2725313971,15907,1120
29487.094583,2725320749,2725321869,15861,1120
29487.104333,2725328629,2725329750,15983,1121
29487.115630,2725336523,2725337643,15908,1120
29487.124329,2725344401,2725345525,15832,1124
29487.136329,2725352282,2725353402,15916,1120
29487.147191,2725360161,2725361285,15910,1124
29487.156328,2725368056,2725369176,15825,1120
29487.168228,2725375928,2725377050,15981,1122
29487.178749,2725383804,2725384925,15911,1121
29487.188333,2725391680,2725392802,15830,1122
29487.199788,2725399559,2725400679,15984,1120
29487.208332,2725407434,2725408558,15914,1124
29487.220328,2725415320,2725416444,15842,1124
29487.231349,2725421833,2725422949,15942,1116
29487.240328,2725429699,2725430822,15996,1123
29487.252334,2725437582,2725438706,15922,1124
29487.262911,2725445453,2725446577,16077,1124
29487.272328,2725453335,2725454459,16001,1124
29487.283949,2725461216,2725462339,15991,1123
29487.294471,2725469095,2725470215,15999,1120
29487.304330,2725476969,2725478089,15914,1120
29487.315502,2725484887,2725486009,15916,1122
29487.324333,2725492826,2725493950,16068,1124
29487.336332,2725500757,2725501881,16008,1124
29487.347063,2725508667,2725509790,15900,1123
29487.356328,2725516648,2725517772,16069,1124
29487.368108,2725524540,2725525664,16001,1124
29487.378623,2725532425,2725533544,15933,1119
29487.388326,2725540327,2725541450,16062,1123
29487.399669,2725548252,2725549375,16000,1123
29487.408333,2725556138,2725557261,15934,1123
29487.420331,2725564016,2725565139,15998,1123
29487.431230,2725571901,2725573024,15910,1123
29487.440330,2725579798,2725580921,15851,1123
29487.452270,2725587727,2725588851,15991,1124
29487.462791,2725595631,2725596754,15899,1123
29487.472331,2725603526,2725604649,15911,1123
29487.483829,2725611408,2725612532,15913,1124
29487.494351,2725619293,2725620417,15908,1124
29487.504332,2725627209,2725628330,15830,1121
29487.515389,2725635097,2725636221,16111,1124
29487.524333,2725643081,2725644205,16002,1124
29487.536329,2725650992,2725652116,15902,1124
29487.546949,2725658879,2725660000,15983,1121
29487.556336,2725666778,2725667902,15914,1124
29487.567982,2725674685,2725675804,15848,1119
29487.578511,2725682644,2725683767,15988,1123
29487.588331,2725690534,2725691658,15904,1124
29487.599542,2725698399,2725699519,15936,1120
29487.608336,2725706282,2725707405,16083,1123
29487.620327,2725714163,2725715276,15911,1113
29487.631110,2725722039,2725723160,15897,1121
29487.640330,2725729966,2725731089,15992,1123
29487.652150,2725737881,2725739005,15913,1124
29487.662663,2725745790,2725746913,15911,1123
29487.672331,2725753676,2725754800,16064,1124
29487.683710,2725761556,2725762676,15916,1120
29487.692331,2725769437,2725770561,15827,1124
29487.704336,2725777317,2725778438,15980,1121
29487.715269,2725785202,2725786326,15907,1124
29487.724332,2725793224,2725794349,15945,1125
29487.736307,2725801109,2725802233,16055,1124
29487.746828,2725808985,2725810109,15909,1124
29487.756327,2725816893,2725818013,15852,1120
29487.767868,2725824771,2725825895,15980,1124
29487.778390,2725832657,2725833777,15913,1120
29487.788330,2725840533,2725841657,15944,1124
29487.799429,2725848437,2725849560,16060,1123
29487.808327,2725856314,2725857436,15912,1122
29487.820331,2725864192,2725865315,15841,1123
29487.830990,2725872117,2725873241,15917,1124
29487.840327,2725880016,2725881140,15912,1124
29487.852024,2725887932,2725889054,15920,1122
29487.862548,2725895859,2725896983,16056,1124
29487.872331,2725903741,2725904864,15905,1123
29487.883582,2725911666,2725912790,15840,1124
29487.892334,2725919543,2725920667,15967,1124
29487.904328,2725927421,2725928542,15911,1121
29487.915143,2725935310,2725936433,15940,1123
29487.924335,2725943223,2725944346,16170,1123
29487.936189,2725950990,2725952114,15913,1124
29487.946704,2725958873,2725959996,15848,1123
29487.956330,2725966751,2725967875,15994,1124
29487.967751,2725974637,2725975761,15913,1124
29487.976331,2725982540,2725983664,15900,1124
29487.988332,2725990442,2725991562,15999,1120
29487.999311,2725998322,2725999446,15913,1124
29488.008328,2726006264,2726007388,15831,1124
29488.020331,2726014150,2726015268,15980,1118
29488.030872,2726022031,2726023156,15915,1125
29488.040329,2726029917,2726031041,15815,1124
29488.051909,2726037820,2726038944,15984,1124
29488.062430,2726045758,2726046882,15910,1124
29488.072333,2726053659,2726054779,15848,1120
29488.083469,2726061567,2726062690,15985,1123
29488.092333,2726069492,2726070616,15906,1124
29488.104328,2726077373,2726078496,15840,1123
29488.115031,2726085274,2726086394,15998,1120
29488.124328,2726093173,2726094293,15912,1120
29488.136062,2726101087,2726102210,15946,1123
29488.146590,2726108964,2726110088,16059,1124
29488.156329,2726116806,2726117926,15914,1120
29488.167622,2726124708,2726125831,15842,1123
29488.176336,2726132583,2726133707,15916,1124
29488.188327,2726140485,2726141608,15906,1123
29488.199183,2726148361,2726149482,15838,1121
29488.208330,2726156284,2726157408,15965,1124
29488.220228,2726164195,2726165318,15789,1123
29488.230743,2726172088,2726173212,15836,1124
29488.240335,2726179961,2726181085,15967,1124
29488.251787,2726187842,2726188966,15907,1124
29488.260330,2726195725,2726196846,15858,1121
29488.272333,2726203607,2726204731,15980,1124
29488.283348,2726211505,2726212626,15911,1121
29488.292329,2726219407,2726220531,15860,1124
29488.304330,2726227337,2726228459,15978,1122
29488.314910,2726235258,2726236382,15989,1124
29488.324327,2726243141,2726244260,15992,1119
29488.335949,2726251026,2726252150,16071,1124
29488.346470,2726258928,2726260052,15999,1124
29488.356327,2726266833,2726267957,15925,1124
29488.367508,2726274711,2726275835,16053,1124
29488.376328,2726282592,2726283715,16001,1123
29488.388335,2726290471,2726291595,15929,1124
29488.399068,2726298372,2726299496,15971,1124
29488.408333,2726306342,2726307465,15908,1123
29488.420102,2726314302,2726315419,15862,1117
29488.430629,2726322204,2726323327,15968,1123
29488.440328,2726330144,2726331264,15910,1120
29488.451662,2726338076,2726339197,15944,1121
29488.460328,2726345959,2726347083,15978,1124
29488.472333,2726353841,2726354961,15917,1120
29488.483223,2726361748,2726362871,15857,1123
29488.492332,2726369696,2726370820,15982,1124
29488.504269,2726377627,2726378749,15905,1122
29488.514784,2726385511,2726386635,15933,1124
29488.524329,2726393420,2726394544,15993,1124
29488.535830,2726401358,2726402482,15972,1124
29488.546344,2726409230,2726410354,15909,1124
29488.556328,2726417115,2726418239,16065,1124
29488.567390,2726425007,2726426131,16002,1124
29488.576330,2726432882,2726434002,15827,1120
29488.588334,2726440778,2726441902,15979,1124
29488.598950,2726448658,2726449781,15900,1123
29488.608327,2726456541,2726457665,15839,1124
29488.619991,2726464445,2726465568,15995,1123
29488.630512,2726472397,2726473521,15905,1124
29488.640330,2726480302,2726481425,15848,1123
29488.651551,2726488177,2726489301,15987,1124
29488.660329,2726496080,2726497204,15916,1124
29488.672327,2726503961,2726505082,15905,1121
29488.683111,2726511871,2726512994,15993,1123
29488.692327,2726519922,2726521046,15911,1124
29488.704143,2726527826,2726528947,15826,1121
29488.714671,2726535711,2726536831,15978,1120
29488.724330,2726543596,2726544720,15913,1124
29488.735703,2726551501,2726552621,15827,1120
29488.744330,2726559419,2726560542,15969,1123
29488.756329,2726567300,2726568424,15902,1124
29488.767264,2726575167,2726576290,15844,1123
29488.776327,2726583071,2726584196,15974,1125
29488.788309,2726591022,2726592147,15904,1125
29488.798824,2726598908,2726600032,15846,1124
29488.808334,2726606788,2726607908,15991,1120
29488.819871,2726614666,2726615785,15911,1119
29488.830384,2726622563,2726623687,15843,1124
29488.840331,2726630442,2726631566,15990,1124
29488.851431,2726638322,2726639443,15918,1121
29488.860332,2726646203,2726647327,15826,1124
29488.872329,2726654085,2726655209,15915,1124
29488.882992,2726661958,2726663082,15912,1124
29488.892332,2726669850,2726670974,15830,1124
29488.904029,2726677732,2726678854,15984,1122
29488.914550,2726685672,2726686796,15909,1124
29488.924327,2726693578,2726694702,15822,1124
29488.935590,2726701517,2726702641,15969,1124
29488.944330,2726709442,2726710567,15996,1125
29488.956330,2726717359,2726718479,15933,1120
29488.967152,2726725240,2726726364,16082,1124
29488.976329,2726733138,2726734259,15999,1121
29488.988183,2726741019,2726742144,15970,1125
29488.998712,2726748952,2726750076,16078,1124
29489.008328,2726756825,2726757945,15998,1120
29489.019750,2726764707,2726765825,15909,1118
29489.028330,2726772632,2726773755,15987,1123
29489.040336,2726780541,2726781662,15914,1121
29489.051303,2726788475,2726789599,15826,1124
29489.060332,2726796437,2726797561,15984,1124
29489.072335,2726804400,2726805523,15910,1123
29489.082864,2726812284,2726813408,15829,1124
29489.092332,2726820215,2726821336,15976,1121
29489.103909,2726828141,2726829259,15914,1118
29489.114425,2726836039,2726837160,15846,1121
29489.124327,2726843962,2726845085,15973,1123
29489.135469,2726851850,2726852974,15912,1124
29489.144331,2726859784,2726860908,15848,1124
29489.156333,2726867677,2726868800,16066,1123
29489.167030,2726875615,2726876739,16001,1124
29489.176328,2726883540,2726884663,15944,1123
29489.188069,2726891497,2726892620,16068,1123
29489.198590,2726899461,2726900585,15998,1124
29489.208329,2726907420,2726908544,15931,1124
29489.219630,2726915357,2726916479,16001,1122
29489.228333,2726923233,2726924357,15998,1124
29489.240329,2726931114,2726932238,15925,1124
29489.251189,2726938986,2726940110,15964,1124
29489.260336,2726946914,2726948035,15914,1121
29489.272225,2726954799,2726955920,15830,1121
29489.282749,2726962699,2726963822,15966,1123
29489.292331,2726970625,2726971749,15911,1124
29489.303783,2726978551,2726979674,15859,1123
29489.312331,2726986433,2726987557,15980,1124
29489.324330,2726994341,2726995465,15911,1124
29489.335345,2727002273,2727003397,15862,1124
29489.344330,2727010162,2727011286,15978,1124
29489.356330,2727018064,2727019185,15911,1121
29489.366911,2727025975,2727027096,15905,1121
29489.376328,2727033858,2727034979,15994,1121
29489.387952,2727041787,2727042911,15902,1124
29489.398465,2727049749,2727050872,15823,1123
29489.408330,2727057657,2727058782,15980,1125
29489.419511,2727065545,2727066667,15918,1122
29489.428332,2727073480,2727074604,15830,1124
29489.440334,2727081352,2727082476,15978,1124
29489.451071,2727089236,2727090359,15908,1123
29489.460335,2727097242,2727098366,15838,1124
29489.472110,2727105029,2727106150,15983,1121
29489.482630,2727112906,2727114027,15913,1121
29489.492327,2727120817,2727121941,15851,1124
29489.503673,2727128696,2727129819,15989,1123
29489.512330,2727136612,2727137736,15911,1124
29489.524329,2727144495,2727145616,15842,1121
29489.535232,2727152398,2727153521,15998,1123
29489.544327,2727160321,2727161445,15913,1124
29489.556265,2727168240,2727169364,15874,1124
29489.566792,2727176205,2727177328,16001,1123
29489.576327,2727184161,2727185285,16000,1124
29489.587823,2727192064,2727193188,15915,1124
29489.598352,2727199956,2727201080,16079,1124
29489.608329,2727207872,2727208997,15988,1125
29489.619384,2727215762,2727216884,15907,1122
29489.628328,2727223690,2727224814,16065,1124
29489.640337,2727231597,2727232721,15988,1124
29489.650944,2727239472,2727240595,15935,1123
29489.660329,2727247353,2727248474,16081,1121
29489.671989,2727255232,2727256356,15998,1124
29489.682505,2727263147,2727264270,15928,1123
29489.692331,2727271026,2727272150,15994,1124
29489.703552,2727278960,2727280082,15915,1122
29489.712331,2727286835,2727287958,15894,1123
29489.724330,2727294722,2727295843,15995,1121
29489.735113,2727302608,2727303729,15913,1121
29489.744327,2727310544,2727311669,15830,1125
29489.756150,2727318480,2727319605,15979,1125
29489.766672,2727326401,2727327524,16005,1123
29489.776328,2727334314,2727335435,15915,1121
29489.787711,2727342220,2727343345,16067,1125
29489.796328,2727350130,2727351251,15999,1121
29489.808328,2727358031,2727359152,15853,1121
29489.819271,2727365905,2727367021,15979,1116
29489.828332,2727373779,2727374903,15909,1124
29489.840303,2727381669,2727382792,15844,1123
29489.850832,2727389566,2727390690,15992,1124
29489.860327,2727397524,2727398652,15912,1128
29489.871866,2727405476,2727406608,15877,1132
29489.882392,2727413373,2727414496,15990,1123
29489.892328,2727421258,2727422383,15916,1125
29489.903424,2727429143,2727430265,15822,1122
29489.912331,2727437049,2727438170,15915,1121
29489.924328,2727444947,2727446071,15915,1124
29489.934984,2727452836,2727453954,15825,1118
29489.944330,2727460762,2727461885,15969,1123
29489.956031,2727468671,2727469794,15915,1123
29489.966551,2727476568,2727477692,15998,1124
29489.976328,2727484459,2727485582,15976,1123
29489.987590,2727492366,2727493491,15998,1125
29489.996330,2727500255,2727501378,15996,1123
29490.008329,2727508152,2727509277,15999,1125
29490.019150,2727516063,2727517181,15997,1118
29490.028335,2727523970,2727525094,15920,1124
29490.040189,2727531850,2727532975,15982,1125
29490.050711,2727539743,2727540868,15918,1125
29490.060330,2727547649,2727548770,15895,1121
29490.071750,2727555522,2727556642,15981,1120
29490.080333,2727563405,2727564528,15910,1123
29490.092327,2727571349,2727572472,15844,1123
29490.103309,2727579290,2727580410,15965,1120
29490.112329,2727587190,2727588314,15909,1124
29490.124327,2727595077,2727596201,15839,1124
29490.134869,2727603020,2727604145,15964,1125
29490.144328,2727610904,2727612025,15906,1121
29490.155903,2727618811,2727619936,15857,1125
29490.167932,2727627838,2727628962,15881,1124
29490.178448,2727635733,2727636858,15862,1125
29490.188328,2727643650,2727644773,15970,1123
29490.199493,2727651581,2727652705,15900,1124
29490.208334,2727659466,2727660589,15897,1123
29490.220330,2727667387,2727668507,15981,1120
29490.231054,2727675290,2727676414,15910,1124
29490.240328,2727683226,2727684350,15842,1124
29490.252092,2727691197,2727692320,16046,1123
29490.262615,2727699084,2727700208,15998,1124
29490.272336,2727707012,2727708136,15928,1124
29490.283652,2727714919,2727716044,16055,1125
29490.292331,2727722810,2727723935,15995,1125
29490.304335,2727730697,2727731820,15949,1123
29490.315212,2727738584,2727739708,15968,1124
29490.324328,2727746499,2727747624,15915,1125
29490.336246,2727754471,2727755594,15841,1123
29490.346774,2727762373,2727763496,15980,1123
29490.356328,2727770281,2727771402,15916,1121
29490.367807,2727778164,2727779288,15863,1124
29490.376335,2727786103,2727787227,16072,1124
29490.388331,2727794016,2727795140,16003,1124
29490.399369,2727801951,2727803072,15918,1121
29490.408330,2727809848,2727810973,15994,1125
29490.420334,2727817738,2727818863,15999,1125
29490.430928,2727825657,2727826778,15834,1121
29490.440334,2727833542,2727834665,15980,1123
29490.451973,2727841423,2727842542,15913,1119
29490.462488,2727849333,2727850454,15826,1121
29490.472328,2727857269,2727858392,15971,1123
29490.483533,2727865225,2727866349,15997,1124
29490.492333,2727873178,2727874307,15872,1129
29490.504332,2727881126,2727882250,15997,1124
29490.515094,2727889095,2727890224,15899,1129
29490.524329,2727897102,2727898225,15835,1123
29490.536135,2727905015,2727906137,15995,1122
29490.546656,2727912943,2727914067,15917,1124
29490.556332,2727920881,2727922006,15906,1125
29490.567694,2727928759,2727929880,15982,1121
29490.576328,2727936694,2727937816,15909,1122
29490.588329,2727944607,2727945732,15829,1125
29490.599255,2727952537,2727953658,15982,1121
29490.608332,2727960449,2727961573,16005,1124
29490.620287,2727968334,2727969459,15918,1125
29490.630814,2727976222,2727977345,16065,1123
29490.640333,2727984122,2727985246,16000,1124
29490.651847,2727992032,2727993154,15929,1122
29490.662375,2727999945,2728001066,16064,1121
29490.672329,2728007822,2728008946,15996,1124
29490.683408,2728015732,2728016857,15939,1125
29490.692329,2728023649,2728024773,16082,1124
29490.704336,2728031535,2728032656,15997,1121
29490.714968,2728039442,2728040565,15925,1123
29490.724329,2728047354,2728048479,16081,1125
29490.736015,2728055323,2728056444,15960,1121
29490.746528,2728063284,2728064409,15922,1125
29490.756336,2728071165,2728072289,15936,1124
29490.767575,2728079038,2728080163,16055,1125
29490.776328,2728086954,2728088077,15916,1123
29490.788335,2728094867,2728095991,16028,1124
29490.799136,2728102756,2728103881,16072,1125
29490.808327,2728110694,2728111815,15931,1121
29490.820169,2728118628,2728119753,16026,1125
29490.830696,2728126487,2728127612,16057,1125
29490.840334,2728134371,2728135494,15912,1123
29490.851730,2728142304,2728143421,16027,1117
29490.860334,2728150188,2728151313,16034,1125
29490.872329,2728158127,2728159252,15914,1125
29490.883290,2728166008,2728167132,16022,1124
29490.892330,2728173926,2728175051,16076,1125
29490.904329,2728181809,2728182934,15990,1125
29490.914850,2728189740,2728190864,16025,1124
29490.924330,2728197620,2728198740,16070,1120
29490.935887,2728205568,2728206688,15918,1120
29490.946411,2728213473,2728214597,16026,1124
29490.956335,2728221348,2728222469,16067,1121
29490.967447,2728229281,2728230406,15914,1125
29490.976327,2728237173,2728238297,16022,1124
29490.988335,2728245074,2728246199,15961,1125
29490.999008,2728252987,2728254107,15828,1120
29491.008331,2728260966,2728262089,15958,1123
29491.020055,2728268863,2728269992,15962,1129
29491.030568,2728276833,2728277957,15830,1124
29491.040331,2728284760,2728285881,15942,1121
29491.051616,2728292618,2728293735,15983,1117
29491.060327,2728300567,2728301692,15833,1125
29491.072330,2728308449,2728309572,15936,1123
29491.083176,2728316312,2728317436,15970,1124
29491.092327,2728324276,2728325407,15829,1131
29491.104208,2728332183,2728333306,15846,1123
29491.114736,2728340110,2728341234,15967,1124
29491.124329,2728348003,2728349134,15818,1131
29491.135770,2728355901,2728357029,15926,1128
29491.144332,2728363805,2728364929,15984,1124
29491.156336,2728371707,2728372828,15842,1121
29491.167330,2728379612,2728380733,15939,1121
29491.176330,2728387507,2728388632,15987,1125
29491.188332,2728395404,2728396528,15821,1124
29491.198891,2728403330,2728404451,15937,1121
29491.208329,2728411219,2728412344,16040,1125
29491.219927,2728419179,2728420302,15918,1123
29491.230451,2728427088,2728428212,16026,1124
29491.240334,2728435008,2728436134,16072,1126
29491.251495,2728442919,2728444040,15996,1121
29491.260333,2728450840,2728451964,16026,1124
29491.272328,2728458726,2728459854,16070,1128
29491.283048,2728466654,2728467779,15914,1125
29491.292336,2728474644,2728475772,15974,1128
29491.304095,2728482540,2728483664,16074,1124
29491.314611,2728490460,2728491589,15946,1129
29491.324328,2728498400,2728499524,16026,1124
29491.335656,2728506269,2728507389,16062,1120
29491.344332,2728514149,2728515274,15918,1125
29491.356332,2728522057,2728523178,16049,1121
29491.367218,2728529954,2728531078,16067,1124
29491.376327,2728537865,2728538990,15919,1125
29491.388247,2728545801,2728546929,15967,1128
29491.398776,2728553764,2728554889,15950,1125
29491.408330,2728561677,2728562798,15832,1121
29491.419810,2728569581,2728570703,15941,1122
29491.428332,2728577499,2728578624,15981,1125
29491.440328,2728585384,2728586509,15824,1125
29491.451369,2728593275,2728594394,15847,1119
29491.460328,2728601256,2728602380,15967,1124
29491.472331,2728609138,2728610259,15819,1121
29491.482931,2728617071,2728618192,15937,1121
29491.492329,2728624975,2728626099,15967,1124
29491.503968,2728632920,2728634043,15838,1123
29491.514491,2728640867,2728641996,15934,1129
29491.524335,2728648824,2728649952,15962,1128
29491.535527,2728656735,2728657855,15827,1120
29491.544328,2728664635,2728665760,15934,1125
29491.556334,2728672549,2728673673,15946,1124
29491.567088,2728680481,2728681605,15830,1124
29491.576331,2728688545,2728689670,15935,1125
29491.588135,2728696430,2728697553,15982,1123
29491.598655,2728704506,2728705631,15904,1125
29491.608328,2728712394,2728713515,15941,1121
29491.619696,2728720253,2728721373,16070,1120
29491.628328,2728728149,2728729273,15920,1124
29491.640331,2728736029,2728737150,16025,1121
29491.651255,2728743912,2728745031,16068,1119
29491.660330,2728751909,2728753034,15907,1125
29491.672289,2728759790,2728760918,16030,1128
29491.682817,2728767665,2728768786,16070,1121
29491.692335,2728775541,2728776662,15909,1121
29491.703851,2728783446,2728784571,16029,1125
29491.714377,2728791316,2728792437,16060,1121
29491.724327,2728799199,2728800324,15915,1125
29491.735410,2728807115,2728808239,16029,1124
29491.744333,2728815027,2728816148,16069,1121
29491.756327,2728822952,2728824075,15910,1123
29491.766971,2728830835,2728831956,16028,1121
29491.776329,2728838723,2728839847,16076,1124
29491.788007,2728846604,2728847728,15918,1124
29491.800037,2728855649,2728856774,16069,1125
29491.810552,2728863556,2728864681,15919,1125
29491.820331,2728871533,2728872662,15971,1129
29491.831599,2728879443,2728880568,16069,1125
29491.840327,2728887332,2728888455,15917,1123
29491.852328,2728895260,2728896386,16041,1126
29491.863159,2728903139,2728904264,16071,1125
29491.872333,2728911146,2728912275,15946,1129
29491.884192,2728919085,2728920208,16022,1123
29491.894720,2728926983,2728928108,16073,1125
29491.904329,2728934895,2728936023,15945,1128
29491.915753,2728942894,2728944025,16013,1131
29491.924329,2728950814,2728951939,16034,1125
29491.936330,2728958740,2728959861,15917,1121
29491.947314,2728966632,2728967763,15932,1131
29491.956331,2728974578,2728975710,16055,1132
29491.968328,2728982577,2728983699,15917,1122
29491.978874,2728990492,2728991624,16003,1132
29491.988327,2728998470,2728999602,16074,1132
29491.999913,2729006432,2729007560,15964,1128
29492.010435,2729014384,2729015509,16020,1125
29492.020329,2729022373,2729023496,16056,1123
29492.031471,2729030291,2729031416,15915,1125
29492.040331,2729038203,2729039331,16002,1128
29492.052328,2729046094,2729047219,16029,1125
29492.063031,2729053987,2729055112,15917,1125
29492.072328,2729061944,2729063065,16024,1121
29492.084080,2729069813,2729070934,16073,1121
29492.094599,2729077782,2729078915,15992,1133
29492.104330,2729085717,2729086841,16028,1124
29492.115639,2729093579,2729094700,16066,1121
29492.124329,2729101461,2729102584,15919,1123
29492.136329,2729109412,2729110533,16027,1121
29492.147197,2729117359,2729118484,16052,1125
29492.156332,2729125279,2729126407,15917,1128
29492.168233,2729133220,2729134342,16027,1122
29492.178760,2729141139,2729142260,16067,1121
29492.188335,2729149099,2729150223,15919,1124
29492.199794,2729157010,2729158135,16042,1125
29492.208330,2729164910,2729166035,16061,1125
29492.220335,2729172852,2729173977,15829,1125
29492.231354,2729180783,2729181911,15940,1128
29492.240327,2729188713,2729189844,15985,1131
29492.252329,2729196684,2729197806,15834,1122
29492.262914,2729204570,2729205691,15939,1121
29492.272336,2729212457,2729213589,15983,1132
29492.283950,2729220420,2729221550,15825,1130
29492.294473,2729228469,2729229597,15850,1128
29492.304334,2729236465,2729237597,15965,1132
29492.315511,2729244465,2729245596,15816,1131
29492.324330,2729252459,2729253591,15929,1132
29492.336329,2729260362,2729261486,15948,1124
29492.347071,2729268305,2729269430,15837,1125
29492.356328,2729276362,2729277493,15935,1131
29492.368118,2729284277,2729285397,15951,1120
29492.378635,2729292210,2729293341,15859,1131
29492.388334,2729300111,2729301234,15935,1123
29492.399679,2729307974,2729309098,15948,1124
29492.408327,2729315911,2729317039,15827,1128
29492.420335,2729323878,2729324999,15938,1121
29492.431240,2729331809,2729332938,16110,1129
29492.440329,2729339758,2729340883,15994,1125
29492.452273,2729347672,2729348797,16026,1125
29492.462800,2729355617,2729356749,16115,1132
29492.472330,2729363638,2729364770,15914,1132
29492.483831,2729371573,2729372702,15964,1129
29492.494360,2729379531,2729380662,16064,1131
29492.504333,2729387523,2729388644,15916,1121
29492.515394,2729395496,2729396620,16026,1124
29492.524332,2729403354,2729404479,16072,1125
29492.536329,2729411291,2729412420,15945,1129
29492.546956,2729419295,2729420424,16041,1129
29492.556331,2729427277,2729428406,16065,1129
29492.567990,2729435246,2729436370,15919,1124
29492.578514,2729443189,2729444314,16024,1125
29492.588331,2729451084,2729452208,16059,1124
29492.599554,2729459031,2729460159,15944,1128
29492.608330,2729466993,2729468114,16022,1121
29492.620330,2729474977,2729476102,16054,1125
29492.631111,2729482898,2729484019,15913,1121
29492.640330,2729490859,2729491987,15935,1128
29492.652158,2729498840,2729499971,16054,1131
29492.662672,2729506771,2729507896,15913,1125
29492.672332,2729514706,2729515837,16028,1131
29492.683720,2729522670,2729523797,16068,1127
29492.692327,2729530642,2729531767,15932,1125
29492.704329,2729538595,2729539727,16021,1132
29492.715280,2729546603,2729547730,16069,1127
29492.724330,2729554555,2729555687,15916,1132
29492.736313,2729562582,2729563713,16025,1131
29492.746841,2729570603,2729571734,16038,1131
29492.756330,2729578606,2729579735,15919,1129
29492.767873,2729586552,2729587684,16020,1132
29492.778400,2729594469,2729595600,16069,1131
29492.788328,2729602382,2729603511,16000,1129
29492.799434,2729610383,2729611513,16031,1130
29492.808329,2729618342,2729619471,16070,1129
29492.820328,2729626373,2729627504,15827,1131
29492.830994,2729634379,2729635504,15939,1125
29492.840329,2729642326,2729643455,15977,1129
29492.852031,2729650316,2729651437,15828,1121
29492.862552,2729658280,2729659412,15872,1132
29492.872330,2729666245,2729667370,15993,1125
29492.883594,2729674137,2729675263,15848,1126
29492.892332,2729682115,2729683243,15953,1128
29492.904335,2729690063,2729691195,15981,1132
29492.915152,2729698012,2729699145,15826,1133
29492.924327,2729705994,2729707123,15882,1129
29492.936199,2729713991,2729715122,15973,1131
29492.946713,2729722019,2729723151,15830,1132
29492.956328,2729730039,2729731171,15936,1132
29492.967761,2729737992,2729739117,16006,1125
29492.976330,2729745991,2729747115,15799,1124
29492.988330,2729753931,2729755063,15847,1132
29492.999320,2729761919,2729763050,15957,1131
29493.008332,2729769895,2729771024,15833,1129
29493.020332,2729777887,2729779018,15928,1131
29493.030881,2729785900,2729787025,15984,1125
29493.040334,2729793841,2729794970,15867,1129
29493.051914,2729801820,2729802952,15943,1132
29493.062440,2729809828,2729810953,15968,1125
29493.072329,2729817846,2729818979,15831,1133
29493.083476,2729825833,2729826961,15956,1128
29493.092334,2729833746,2729834872,15956,1126
29493.104329,2729841691,2729842822,15826,1131
29493.115035,2729849605,2729850734,15914,1129
29493.124333,2729857620,2729858749,15984,1129
29493.136078,2729865553,2729866680,15908,1127
29493.146595,2729873504,2729874635,15939,1131
29493.156329,2729881480,2729882609,15980,1129
29493.167631,2729889477,2729890609,15827,1132
29493.176329,2729897496,2729898624,15933,1128
29493.188328,2729905394,2729906526,15979,1132
29493.199192,2729913371,2729914496,15829,1125
29493.208327,2729921330,2729922459,15902,1129
29493.220239,2729929270,2729930395,15980,1125
29493.230755,2729937287,2729938412,15829,1125
29493.240329,2729945181,2729946308,15942,1127
29493.251800,2729953168,2729954297,15973,1129
29493.260330,2729961125,2729962246,15833,1121
29493.272333,2729969094,2729970226,15940,1132
29493.283360,2729977072,2729978201,15982,1129
29493.292330,2729985093,2729986222,15833,1129
29493.304332,2729993091,2729994212,15940,1121
29493.314920,2730001019,2730002148,15986,1129
29493.324331,2730008957,2730010079,15827,1122
29493.335952,2730016947,2730018079,15838,1132
29493.346480,2730024944,2730026071,15967,1127
29493.356327,2730032928,2730034057,15825,1129
29493.367514,2730040872,2730042001,15939,1129
29493.376328,2730048804,2730049937,15984,1133
29493.388335,2730056765,2730057889,15848,1124
29493.399074,2730064781,2730065905,15939,1124
29493.408329,2730072807,2730073935,15986,1128
29493.420111,2730080805,2730081934,15830,1129
29493.432145,2730089911,2730091040,15979,1129
29493.442658,2730097896,2730099025,15856,1129
29493.452333,2730105866,2730106994,15940,1128
29493.463702,2730113805,2730114933,15984,1128
29493.472328,2730121764,2730122893,15853,1129
29493.484333,2730129739,2730130868,15841,1129
29493.495263,2730137709,2730138838,15964,1129
29493.504327,2730145696,2730146825,15860,1129
29493.516297,2730153645,2730154771,15943,1126
29493.526825,2730161582,2730162707,15982,1125
29493.536329,2730169511,2730170639,15841,1128
29493.547857,2730177476,2730178605,15935,1129
29493.558384,2730185425,2730186556,15965,1131
29493.568329,2730193371,2730194500,15828,1129
29493.579418,2730201339,2730202468,15934,1129
29493.588328,2730209293,2730210419,15948,1126
29493.600328,2730217186,2730218317,15859,1131
29493.610977,2730225188,2730226320,15942,1132
29493.620329,2730233192,2730234323,15983,1131
29493.632022,2730241217,2730242348,15906,1131
29493.642538,2730249255,2730250384,15942,1129
29493.652328,2730257307,2730258436,15971,1129
29493.663575,2730265312,2730266441,15816,1129
29493.672332,2730273253,2730274386,15938,1133
29493.684330,2730281232,2730282361,15960,1129
29493.695135,2730289185,2730290314,15829,1129
29493.704329,2730297162,2730298291,15938,1129
29493.716182,2730305148,2730306278,15988,1130
29493.726696,2730313098,2730314227,15829,1129
29493.736331,2730321080,2730322209,15958,1129
29493.747743,2730329089,2730330218,15966,1129
29493.756337,2730337038,2730338167,15832,1129
29493.768332,2730344986,2730346117,15941,1131
29493.779303,2730352967,2730354095,15967,1128
29493.788328,2730360936,2730362065,15835,1129
29493.800330,2730368944,2730370075,15939,1131
29493.810863,2730376982,2730378110,15955,1128
29493.820328,2730385002,2730386131,15831,1129
29493.831896,2730393050,2730394178,15846,1128
29493.842425,2730401051,2730402176,16031,1125
29493.852329,2730409041,2730410170,15829,1129
29493.863458,2730417035,2730418162,15937,1127
29493.872332,2730424984,2730426116,15983,1132
29493.884333,2730432985,2730434116,15842,1131
29493.895018,2730441013,2730442145,15946,1132
29493.904329,2730449004,2730450136,15962,1132
29493.916055,2730456984,2730458110,15829,1126
29493.926579,2730465003,2730466132,15940,1129
29493.936357,2730472983,2730474116,15952,1133
29493.947615,2730481040,2730482168,15831,1128
29493.956329,2730489059,2730490191,15936,1132
29493.968330,2730497059,2730498188,15968,1129
29493.979184,2730505057,2730506186,15912,1129
29493.988332,2730513076,2730514205,15944,1129
29494.000222,2730521044,2730522176,15966,1132
29494.010736,2730529042,2730530174,15835,1132
29494.020332,2730537101,2730538230,15933,1129
29494.031781,2730545154,2730546285,15966,1131
29494.040328,2730553178,2730554309,15826,1131
29494.052334,2730561191,2730562322,15944,1131
29494.063344,2730569157,2730570290,16072,1133
29494.072328,2730577184,2730578315,15922,1131
29494.084332,2730585157,2730586290,16033,1133
29494.094904,2730593191,2730594323,16047,1132
29494.104329,2730601245,2730602374,15903,1129
29494.115938,2730609298,2730610424,16018,1126
29494.126464,2730617271,2730618400,16050,1129
29494.136332,2730625197,2730626326,15920,1129
29494.147498,2730633164,2730634292,16029,1128
29494.156329,2730641113,2730642242,16053,1129
29494.168330,2730649132,2730650265,15919,1133
29494.179057,2730657088,2730658219,15936,1131
29494.188329,2730665110,2730666242,16056,1132
29494.200095,2730673106,2730674238,15914,1132
29494.210619,2730681159,2730682291,16030,1132
29494.220334,2730689187,2730690317,16058,1130
29494.231656,2730697164,2730698296,15932,1132
29494.240328,2730705139,2730706267,16032,1128
29494.252332,2730713104,2730714233,15970,1129
29494.263216,2730721032,2730722164,15852,1132
29494.272327,2730729040,2730730169,15943,1129
29494.284262,2730737058,2730738186,15953,1128
29494.294776,2730745054,2730746183,15848,1129
29494.304328,2730753077,2730754206,15937,1129
29494.315823,2730761070,2730762196,15956,1126
29494.326346,2730769049,2730770178,15907,1129
29494.336336,2730777023,2730778154,15943,1131
29494.347383,2730785031,2730786160,15969,1129
29494.356329,2730793003,2730794136,15829,1133
29494.368334,2730800963,2730802092,15948,1129
29494.378942,2730808958,2730810086,15961,1128
29494.388329,2730816960,2730818093,15831,1133
29494.399979,2730824955,2730826087,15932,1132
29494.410504,2730832942,2730834071,15968,1129
29494.420327,2730840961,2730842090,15832,1129
29494.431540,2730849005,2730850133,15948,1128
29494.440329,2730856975,2730858104,15966,1129
29494.452336,2730864940,2730866069,15779,1129
29494.463099,2730872926,2730874055,15948,1129
29494.472336,2730881020,2730882151,15969,1131
29494.484135,2730889045,2730890176,15836,1131
29494.494658,2730897083,2730898212,15943,1129
29494.504328,2730905058,2730906187,15968,1129
29494.515695,2730913051,2730914179,15833,1128
29494.524330,2730921025,2730922156,15848,1131
29494.536328,2730929027,2730930156,15970,1129
29494.547255,2730937021,2730938154,15828,1133
29494.556327,2730945026,2730946157,15944,1131
29494.568302,2730953000,2730954129,15966,1129
29494.578816,2730960943,2730962072,15848,1129
29494.588327,2730968913,2730970041,15947,1128
29494.599863,2730976883,2730978012,15965,1129
29494.610376,2730984864,2730985996,15832,1132
29494.620332,2730992843,2730993972,15945,1129
29494.631423,2731000825,2731001953,15953,1128
29494.640331,2731008800,2731009929,15826,1129
29494.652328,2731016821,2731017953,15940,1132
29494.662986,2731024838,2731025971,15958,1133
29494.672329,2731032810,2731033939,15907,1129
29494.684017,2731040756,2731041887,15941,1131
29494.694544,2731048783,2731049916,15959,1133
29494.704334,2731056761,2731057890,15831,1129
29494.715578,2731064808,2731065934,15931,1126
29494.724328,2731072801,2731073930,15971,1129
29494.736333,2731080790,2731081918,15832,1128
29494.747138,2731088739,2731089868,15940,1129
29494.756329,2731096844,2731097974,15970,1130
29494.768175,2731104848,2731105976,15836,1128
29494.778700,2731112849,2731113978,15957,1129
29494.788327,2731120859,2731121992,15960,1133
29494.799736,2731128887,2731130020,15821,1133
29494.808333,2731136902,2731138031,15940,1129
29494.820332,2731144878,2731146007,15974,1129
29494.831296,2731152828,2731153960,15832,1132
29494.840329,2731160848,2731161977,15944,1129
29494.852327,2731168874,2731170005,15971,1131
29494.862856,2731176827,2731177951,15844,1124
29494.872334,2731184802,2731185931,15849,1129
29494.883903,2731192773,2731193901,15972,1128
29494.894416,2731200721,2731201850,15830,1129
29494.904329,2731208690,2731209819,15944,1129
29494.915463,2731216708,2731217839,15967,1131
29494.924327,2731224739,2731225868,15850,1129
29494.936334,2731232693,2731233822,15936,1129
29494.947025,2731240719,2731241851,15968,1132
29494.956330,2731248739,2731249871,15833,1132
29494.968058,2731256697,2731257826,15944,1129
29494.978585,2731264667,2731265800,15953,1133
29494.988329,2731272673,2731273802,15833,1129
29494.999624,2731280678,2731281807,15997,1129
29495.008329,2731288651,2731289780,15918,1129
29495.020332,2731296647,2731297776,15901,1129
29495.031183,2731304670,2731305798,15983,1128
29495.040331,2731312711,2731313840,15909,1129
29495.052215,2731320710,2731321843,15837,1133
29495.062736,2731328695,2731329828,15933,1133
29495.072332,2731336650,2731337779,15970,1129
29495.083776,2731344664,2731345793,15847,1129
29495.092331,2731352637,2731353769,15941,1132
29495.104330,2731360636,2731361765,15960,1129
29495.115336,2731368662,2731369792,15824,1130
29495.124328,2731376665,2731377796,15958,1131
29495.136327,2731384660,2731385789,15967,1129
29495.146896,2731392585,2731393717,15828,1132
29495.156328,2731400584,2731401713,15944,1129
29495.167945,2731408574,2731409704,15967,1130
29495.178457,2731416597,2731417726,15825,1129
29495.188330,2731424539,2731425668,15939,1129
29495.199504,2731432487,2731433617,15968,1130
29495.208330,2731440505,2731441634,15823,1129
29495.220333,2731448482,2731449614,15848,1132
29495.231064,2731456453,2731457583,15967,1130
29495.240329,2731464550,2731465679,15835,1129
29495.252098,2731472497,2731473626,15946,1129
29495.262625,2731480463,2731481595,15967,1132
29495.272329,2731488445,2731489574,15844,1129
29495.283658,2731496432,2731497561,15940,1129
29495.292334,2731504481,2731505610,15935,1129
29495.304328,2731512488,2731513621,15850,1133
29495.315220,2731520465,2731521596,15957,1131
29495.324337,2731528466,2731529599,15956,1133
29495.336256,2731536497,2731537626,15847,1129
29495.346779,2731544471,2731545604,15947,1133
29495.356330,2731552491,2731553620,15959,1129
29495.367822,2731560464,2731561597,15917,1133
29495.378340,2731568446,2731569575,15937,1129
29495.388332,2731576450,2731577580,15945,1130
29495.399376,2731584500,2731585630,15851,1130
29495.408328,2731592443,2731593572,15951,1129
29495.420329,2731600412,2731601544,15960,1132
29495.430939,2731608439,2731609567,15847,1128
29495.440331,2731616402,2731617534,15942,1132
29495.451981,2731624427,2731625556,15941,1129
29495.462499,2731632479,2731633608,15853,1129
29495.472328,2731640539,2731641667,15898,1128
29495.483544,2731648517,2731649646,15950,1129
29495.492327,2731656511,2731657643,15831,1132
29495.504327,2731664433,2731665562,15939,1129
29495.515105,2731672426,2731673554,15970,1128
29495.524329,2731680543,2731681676,15844,1133
29495.536139,2731688539,2731689671,15940,1132
29495.546665,2731696537,2731697666,15959,1129
29495.556329,2731704507,2731705636,15834,1129
29495.567699,2731712453,2731713582,15844,1129
29495.576329,2731720424,2731721553,15932,1129
29495.588329,2731728444,2731729573,15830,1129
29495.599259,2731736386,2731737519,15941,1133
29495.608332,2731744438,2731745570,15969,1132
29495.620295,2731752385,2731753515,15848,1130
29495.630820,2731760438,2731761565,15943,1127
29495.640334,2731768439,2731769568,15970,1129
29495.651856,2731776400,2731777529,15828,1129
29495.662382,2731784393,2731785521,15959,1128
29495.672330,2731792388,2731793517,15952,1129
29495.683417,2731800351,2731801480,15822,1129
29495.692333,2731808347,2731809476,15949,1129
29495.704328,2731816315,2731817448,15960,1133
29495.714984,2731824323,2731825451,15909,1128
29495.724332,2731832351,2731833481,15944,1130
29495.748334,2731844425,2731845054,12094,629
29495.760074,2731848465,2731849094,12027,629
29495.770583,2731855160,2731856280,15834,1120
29495.780331,2731863087,2731864210,15996,1123
29495.791628,2731870971,2731872095,15902,1124
29495.800329,2731878876,2731880004,15850,1128
29495.812331,2731886813,2731887946,15970,1133
29495.823190,2731894819,2731895952,15913,1133
29495.832328,2731902845,2731903974,15832,1129
29495.844227,2731910848,2731911977,15980,1129
29495.854749,2731918852,2731919980,15919,1128
29495.864327,2731926800,2731927929,15828,1129
29495.875790,2731934855,2731935988,16001,1133
29495.884330,2731942848,2731943980,15919,1132
29495.896334,2731950847,2731951976,15836,1129
29495.907349,2731958864,2731959993,15980,1129
29495.916331,2731966863,2731967993,15912,1130
29495.928336,2731974840,2731975970,15843,1130
29495.938911,2731982816,2731983948,15987,1132
29495.948335,2731990826,2731991959,15918,1133
29495.959942,2731998808,2731999941,15833,1133
29495.970471,2732006780,2732007913,16000,1133
29495.980328,2732014801,2732015927,15919,1126
29495.991503,2732022770,2732023903,15832,1133
29496.000329,2732030764,2732031893,15998,1129
29496.012329,2732038761,2732039894,15920,1133
29496.023063,2732046739,2732047868,15833,1129
29496.032329,2732054743,2732055872,15982,1129
29496.044108,2732062739,2732063871,15915,1132
29496.054623,2732070712,2732071841,15832,1129
29496.064329,2732078736,2732079865,16013,1129
29496.075670,2732086710,2732087842,15920,1132
29496.084328,2732094754,2732095886,15842,1132
29496.096328,2732102708,2732103837,15970,1129
29496.107227,2732110687,2732111818,15915,1131
29496.116331,2732118679,2732119809,15847,1130
29496.128267,2732126685,2732127818,15969,1133
29496.138789,2732134688,2732135821,15918,1133
29496.148327,2732142691,2732143820,15848,1129
29496.159828,2732150690,2732151823,15976,1133
29496.170349,2732158693,2732159823,15901,1130
29496.180330,2732166720,2732167850,15857,1130
29496.191389,2732174780,2732175908,15987,1128
29496.200331,2732182805,2732183935,15893,1130
29496.212329,2732190835,2732191965,15843,1130
29496.222949,2732198813,2732199946,15982,1133
29496.232332,2732206795,2732207925,15915,1130
29496.243981,2732213424,2732214550,15807,1126
29496.254509,2732221394,2732222527,15955,1133
29496.264330,2732229381,2732230510,15898,1129
29496.275542,2732237360,2732238493,15865,1133
29496.284328,2732245361,2732246491,15983,1130
29496.296331,2732253346,2732254475,15915,1129
29496.307105,2732261392,2732262518,15820,1126
29496.316332,2732269503,2732270631,15984,1128
29496.328148,2732277506,2732278634,15920,1128
29496.338663,2732285557,2732286686,15843,1129
29496.348330,2732293583,2732294713,15985,1130
29496.359708,2732301596,2732302725,15917,1129
29496.368331,2732309551,2732310680,15830,1129
29496.380328,2732317574,2732318704,15986,1130
29496.391270,2732325605,2732326738,15917,1133
29496.400329,2732333637,2732334767,15832,1130
29496.412309,2732341618,2732342748,16006,1130
29496.422832,2732349607,2732350741,15908,1134
29496.432328,2732357611,2732358740,15833,1129
29496.443869,2732365610,2732366743,15981,1133
29496.454391,2732373590,2732374723,15916,1133
29496.464331,2732381553,2732382688,15882,1135
29496.475430,2732389515,2732390645,15979,1130
29496.484334,2732397493,2732398621,15921,1128
29496.496335,2732405488,2732406616,15845,1128
29496.506988,2732413454,2732414584,15971,1130
29496.516334,2732421400,2732422530,15916,1130
29496.528022,2732429404,2732430533,15863,1129
29496.538551,2732437433,2732438562,15987,1129
29496.548330,2732445457,2732446590,15921,1133
29496.559581,2732453392,2732454524,15835,1132
29496.568333,2732461416,2732462550,15968,1134
29496.580331,2732469451,2732470578,15916,1127
29496.591145,2732477455,2732478585,15865,1130
29496.600331,2732485536,2732486666,15984,1130
29496.612187,2732493533,2732494663,15902,1130
29496.622703,2732501563,2732502693,15846,1130
29496.632331,2732509580,2732510710,15962,1130
29496.643749,2732517535,2732518665,15916,1130
29496.652328,2732525481,2732526615,15848,1134
29496.664334,2732533486,2732534616,15980,1130
29496.675309,2732541466,2732542599,15914,1133
29496.684334,2732549467,2732550597,15863,1130
29496.696328,2732557457,2732558586,16071,1129
29496.706870,2732565484,2732566614,15899,1130
29496.716330,2732573510,2732574640,15845,1130
29496.727909,2732581532,2732582662,15972,1130
29496.738430,2732589587,2732590717,15915,1130
29496.748328,2732597585,2732598715,15850,1130
29496.759469,2732605580,2732606712,15995,1132
29496.768331,2732613587,2732614717,15905,1130
29496.780336,2732621599,2732622727,15847,1128
29496.791029,2732629576,2732630706,15980,1130
29496.800334,2732637639,2732638769,15919,1130
29496.812062,2732645666,2732646798,15830,1132
29496.822591,2732653720,2732654850,16090,1130
29496.832328,2732661723,2732662853,16007,1130
29496.843622,2732669726,2732670855,15932,1129
29496.852334,2732677701,2732678830,16067,1129
29496.864331,2732685722,2732686856,15919,1134
29496.875183,2732693678,2732694811,15827,1133
29496.884329,2732701653,2732702783,15998,1130
29496.896229,2732709627,2732710755,15909,1128
29496.906742,2732717677,2732718811,15818,1134
29496.916329,2732725717,2732726847,15981,1130
29496.927790,2732733684,2732734814,15908,1130
29496.936330,2732741691,2732742820,15828,1129
29496.948328,2732749662,2732750791,15981,1129
29496.959350,2732757585,2732758714,15918,1129
29496.968329,2732765658,2732766791,15852,1133
29496.980331,2732773660,2732774790,15983,1130
29496.990911,2732781692,2732782821,15922,1129
29497.000331,2732789718,2732790848,15834,1130
29497.011950,2732797698,2732798828,15992,1130
29497.022471,2732805694,2732806824,15917,1130
29497.032333,2732813677,2732814807,15848,1130
29497.043510,2732821701,2732822830,15982,1129
29497.052330,2732829697,2732830829,15915,1132
29497.064331,2732837732,2732838866,15846,1134
29497.075071,2732845670,2732846800,16003,1130
29497.084330,2732853712,2732854842,15906,1130
29497.096102,2732861762,2732862891,15849,1129
29497.106632,2732869972,2732871102,16088,1130
29497.116327,2732878033,2732879163,16003,1130
29497.127663,2732886036,2732887166,15937,1130
29497.136327,2732894069,2732895199,16056,1130
29497.148328,2732902098,2732903231,16008,1133
29497.159223,2732910131,2732911260,15954,1129
29497.168329,2732918144,2732919274,15972,1130
29497.180267,2732926172,2732927304,15897,1132
29497.190783,2732934199,2732935333,15842,1134
29497.200327,2732942255,2732943387,15964,1132
29497.211829,2732950286,2732951415,15921,1129
29497.222344,2732958258,2732959387,15845,1129
29497.232331,2732966310,2732967440,15988,1130
29497.243389,2732974346,2732975479,15927,1133
29497.252332,2732982347,2732983477,15841,1130
29497.264327,2732990374,2732991504,15961,1130
29497.274948,2732998428,2732999558,15908,1130
29497.284336,2733006407,2733007536,15857,1129
29497.295989,2733014414,2733015542,15974,1128
29497.308006,2733023610,2733024739,15798,1129
29497.318533,2733031616,2733032746,15986,1130
29497.328335,2733039597,2733040725,15914,1128
29497.339566,2733047607,2733048736,15838,1129
29497.348327,2733055635,2733056765,15980,1130
29497.360327,2733063599,2733064733,15919,1134
29497.371128,2733071612,2733072742,15828,1130
29497.380333,2733079784,2733080917,15978,1133
29497.392171,2733087810,2733088942,15918,1132
29497.402686,2733095818,2733096948,15822,1130
29497.412330,2733103874,2733105002,15981,1128
29497.423733,2733111880,2733113010,15918,1130
29497.432328,2733119858,2733120988,15849,1130
29497.444328,2733127860,2733128993,15996,1133
29497.455294,2733135841,2733136971,15899,1130
29497.464334,2733143876,2733145009,15838,1133
29497.476330,2733151830,2733152959,15982,1129
29497.486854,2733159829,2733160959,15912,1130
29497.496331,2733167862,2733168992,15851,1130
29497.507894,2733175839,2733176969,15998,1130
29497.518415,2733183882,2733185012,15921,1130
29497.528329,2733191914,2733193047,15836,1133
29497.539454,2733199956,2733201086,15998,1130
29497.548330,2733208003,2733209135,15916,1132
29497.560331,2733216019,2733217152,15832,1133
29497.571013,2733224023,2733225153,15983,1130
29497.580329,2733232026,2733233156,15918,1130
29497.592045,2733240003,2733241135,15851,1132
29497.602575,2733247978,2733249108,15996,1130
29497.612328,2733255999,2733257127,15916,1128
29497.623606,2733264000,2733265130,15830,1130
29497.632328,2733271981,2733273113,15976,1132
29497.644328,2733279962,2733281092,15918,1130
29497.655169,2733287962,2733289092,15840,1130
29497.664330,2733296059,2733297190,15997,1131
29497.676212,2733304117,2733305249,15901,1132
29497.686727,2733312147,2733313279,15846,1132
29497.696328,2733320153,2733321283,15981,1130
29497.707772,2733328100,2733329230,15919,1130
29497.716351,2733336139,2733337269,15849,1130
29497.728330,2733344141,2733345269,15992,1128
29497.739334,2733352171,2733353304,15918,1133
29497.748333,2733360172,2733361305,15814,1133
29497.760330,2733368174,2733369304,15972,1130
29497.770893,2733376194,2733377324,15917,1130
29497.780330,2733384175,2733385304,15836,1129
29497.791932,2733392205,2733393334,15986,1129
29497.802454,2733400205,2733401335,15915,1130
29497.812336,2733408232,2733409360,15918,1128
29497.823492,2733416260,2733417390,16070,1130
29497.832328,2733424289,2733425419,16002,1130
29497.844332,2733432239,2733433369,15917,1130
29497.855054,2733440262,2733441396,16085,1134
29497.864333,2733448382,2733449512,16003,1130
29497.876085,2733456432,2733457565,15920,1133
29497.886613,2733464485,2733465619,16073,1134
29497.896327,2733472540,2733473671,16001,1131
29497.907646,2733480549,2733481679,15925,1130
29497.916328,2733488558,2733489688,16080,1130
29497.928328,2733496579,2733497712,16003,1133
29497.939207,2733504616,2733505750,15934,1134
29497.948332,2733512646,2733513778,16102,1132
29497.960253,2733520656,2733521786,16000,1130
29497.970767,2733528667,2733529797,15918,1130
29497.980335,2733536686,2733537820,16062,1134
29497.991813,2733544687,2733545817,16000,1130
29498.000327,2733552686,2733553820,15931,1134
29498.012331,2733560692,2733561823,16081,1131
29498.023374,2733568720,2733569850,16000,1130
29498.032330,2733576743,2733577873,15924,1130
29498.044331,2733584779,2733585909,16072,1130
29498.054934,2733592822,2733593956,16003,1134
29498.064328,2733600837,2733601968,15934,1131
29498.075973,2733608896,2733610029,16078,1133
29498.086495,2733616929,2733618063,15999,1134
29498.096328,2733624946,2733626080,15902,1134
29498.107533,2733632980,2733634110,16071,1130
29498.116326,2733640901,2733642031,16003,1130
29498.128333,2733648915,2733650048,15862,1133
29498.139093,2733656893,2733658023,15986,1130
29498.148331,2733664878,2733666008,15905,1130
29498.160126,2733672881,2733674014,15851,1133
29498.170652,2733680834,2733681963,15963,1129
29498.180328,2733688840,2733689970,15918,1130
29498.191686,2733696868,2733698002,15857,1134
29498.200328,2733704875,2733706005,15983,1130
29498.212330,2733712874,2733714002,15917,1128
29498.223247,2733720881,2733722015,15846,1134
29498.232330,2733728942,2733730072,15960,1130
29498.244291,2733736969,2733738099,15913,1130
29498.254807,2733744982,2733746115,15858,1133
29498.264328,2733752990,2733754120,15988,1130
29498.275852,2733761025,2733762155,15915,1130
29498.286367,2733769029,2733770159,15846,1130
29498.296337,2733777005,2733778135,15979,1130
29498.307411,2733784959,2733786090,15913,1131
29498.316330,2733793011,2733794141,15862,1130
29498.328332,2733801009,2733802137,16091,1128
29498.338975,2733809050,2733810181,15912,1131
29498.348331,2733817053,2733818183,15840,1130
29498.360012,2733825025,2733826159,15977,1134
29498.370534,2733833007,2733834137,16007,1130
29498.380330,2733841009,2733842140,15931,1131
29498.391574,2733848969,2733850103,16088,1134
29498.400335,2733857004,2733858136,16003,1132
29498.412336,2733865060,2733866188,15919,1128
29498.423133,2733872996,2733874130,16072,1134
29498.432328,2733881093,2733882225,15994,1132
29498.444165,2733889111,2733890241,15909,1130
29498.454695,2733897144,2733898274,16085,1130
29498.464332,2733905175,2733906309,16001,1134
29498.475727,2733913220,2733914353,15924,1133
29498.484336,2733921280,2733922410,16072,1130
29498.496330,2733929311,2733930444,16005,1133
29498.507289,2733937352,2733938482,15938,1130
29498.516328,2733945399,2733946532,16087,1133
29498.528330,2733953381,2733954509,16005,1128
29498.538847,2733961416,2733962550,15834,1134
29498.548327,2733969407,2733970536,15977,1129
29498.559893,2733977470,2733978600,15917,1130
29498.570407,2733985530,2733986664,15848,1134
29498.580329,2733993587,2733994720,15990,1133
29498.591454,2734001621,2734002755,15913,1134
29498.600327,2734009652,2734010782,15836,1130
29498.612330,2734017684,2734018816,15980,1132
29498.623014,2734025717,2734026847,15916,1130
29498.632331,2734033713,2734034843,15840,1130
29498.644054,2734041738,2734042868,16019,1130
29498.654575,2734049767,2734050900,15921,1133
29498.664328,2734057764,2734058898,15849,1134
29498.675613,2734065821,2734066954,15972,1133
29498.684331,2734073831,2734074965,15916,1134
29498.696328,2734081818,2734082952,15850,1134
29498.707175,2734089828,2734090958,15994,1130
29498.716334,2734097833,2734098962,15901,1129
29498.728206,2734105831,2734106960,15830,1129
29498.738732,2734113875,2734115009,15968,1134
29498.748329,2734121908,2734123039,15913,1131
29498.759765,2734129943,2734131073,15853,1130
29498.768331,2734137921,2734139055,15981,1134
29498.780333,2734145929,2734147060,15915,1131
29498.791326,2734153969,2734155099,15832,1130
29498.800332,2734161922,2734163055,15969,1133
29498.812337,2734169916,2734171048,15916,1132
29498.822887,2734177970,2734179104,15862,1134
29498.832330,2734185980,2734187110,15982,1130
29498.843932,2734194034,2734195165,15910,1131
29498.854448,2734202037,2734203167,15837,1130
29498.864329,2734210021,2734211151,15971,1130
29498.875492,2734218048,2734219179,15921,1131
29498.884327,2734226106,2734227236,15857,1130
29498.896331,2734234101,2734235233,15985,1132
29498.907054,2734242133,2734243267,15909,1134
29498.916327,2734250182,2734251313,15845,1131
29498.928091,2734258215,2734259347,16055,1132
29498.940107,2734267364,2734268498,15808,1134
29498.950639,2734275403,2734276534,16002,1131
29498.960328,2734283439,2734284568,15903,1129
29498.971670,2734291390,2734292521,15820,1131
29498.980332,2734299393,2734300527,15996,1134
29498.992331,2734307400,2734308530,15917,1130
29499.003230,2734315350,2734316484,15832,1134
29499.012328,2734323410,2734324540,15982,1130
29499.024275,2734331420,2734332550,15912,1130
29499.034791,2734339452,2734340586,15838,1134
29499.044328,2734347410,2734348537,15996,1127
29499.055839,2734355435,2734356568,15918,1133
29499.066351,2734363420,2734364553,15825,1133
29499.076329,2734371455,2734372585,15980,1130
29499.087396,2734379382,2734380515,15911,1133
29499.096332,2734387418,2734388548,15849,1130
29499.108328,2734395397,2734396530,15998,1133
29499.118959,2734403425,2734404556,15919,1131
29499.128334,2734411407,2734412538,15829,1131
29499.139996,2734419392,2734420522,16000,1130
29499.150517,2734427463,2734428593,15913,1130
29499.160332,2734435521,2734436652,15850,1131
29499.171558,2734443533,2734444663,15996,1130
29499.180332,2734451565,2734452695,15917,1130
29499.192334,2734459574,2734460705,15831,1131
29499.203117,2734467551,2734468680,15981,1129
29499.212329,2734475577,2734476711,15914,1134
29499.224149,2734483559,2734484692,15830,1133
29499.234677,2734491613,2734492744,15981,1131
29499.244328,2734499649,2734500777,15923,1128
29499.255710,2734507658,2734508788,15833,1130
29499.264334,2734515608,2734516738,15976,1130
29499.276332,2734523630,2734524760,15916,1130
29499.287268,2734531604,2734532734,15812,1130
29499.296328,2734539628,2734540762,15996,1134
29499.308318,2734547674,2734548805,15910,1131
29499.318830,2734555704,2734556838,15831,1134
29499.328332,2734563686,2734564820,16066,1134
29499.339876,2734571699,2734572830,16006,1131
29499.350391,2734579720,2734580850,15852,1130
29499.360327,2734587724,2734588855,16001,1131
29499.371438,2734595731,2734596864,15920,1133
29499.380327,2734603743,2734604874,15831,1131
29499.392332,2734611782,2734612915,15977,1133
29499.402997,2734619810,2734620940,15917,1130
29499.412328,2734627844,2734628975,15847,1131
29499.424037,2734635848,2734636978,15997,1130
29499.434559,2734643838,2734644972,15921,1134
29499.444329,2734651846,2734652978,15830,1132
29499.455598,2734659842,2734660972,15993,1130
29499.464328,2734667865,2734668995,15914,1130
29499.476327,2734675817,2734676947,15828,1130
29499.487156,2734683823,2734684953,15996,1130
29499.496331,2734691897,2734693030,15920,1133
29499.508190,2734699857,2734700988,15846,1131
29499.518718,2734707879,2734709013,15996,1134
29499.528332,2734715907,2734717041,15916,1134
29499.539750,2734723909,2734725043,15837,1134
29499.548328,2734731962,2734733096,15982,1134
29499.560331,2734739960,2734741089,16010,1129
29499.571310,2734747964,2734749094,15933,1130
29499.580334,2734755966,2734757098,16086,1132
29499.592329,2734763969,2734765099,16007,1130
29499.602872,2734772006,2734773140,15925,1134
29499.612333,2734780044,2734781174,16068,1130
29499.623916,2734788045,2734789179,15902,1134
29499.634430,2734796022,2734797152,15835,1130
29499.644333,2734803978,2734805106,16003,1128
29499.655477,2734812015,2734813148,15888,1133
29499.664330,2734820044,2734821177,15832,1133
29499.676330,2734828048,2734829181,15980,1133
29499.687037,2734836043,2734837174,15907,1131
29499.696330,2734844123,2734845258,15875,1135
29499.708076,2734852183,2734853314,15985,1131
29499.718599,2734860164,2734861295,15921,1131
29499.728333,2734868215,2734869349,15832,1134
29499.739637,2734876185,2734877316,15973,1131
29499.748335,2734884224,2734885355,15833,1131
29499.760329,2734892199,2734893330,15958,1131
29499.771197,2734900266,2734901397,15958,1131
29499.780332,2734908324,2734909458,15902,1134
29499.792232,2734916368,2734917501,15942,1133
29499.802759,2734924395,2734925528,15965,1133
29499.812332,2734932397,2734933528,15826,1131
29499.823792,2734940374,2734941507,15938,1133
29499.832334,2734948400,2734949530,15971,1130
29499.844329,2734956374,2734957503,15829,1129
29499.855353,2734964372,2734965501,15946,1129
29499.864333,2734972374,2734973504,15969,1130
29499.876329,2734980405,2734981536,15833,1131
29499.886915,2734988442,2734989573,15961,1131
29499.896334,2734996443,2734997573,15953,1130
29499.907952,2735004451,2735005581,15833,1130
29499.918474,2735012481,2735013612,15944,1131
29499.928331,2735020543,2735021675,15962,1132
29499.939510,2735028597,2735029726,15836,1129
29499.948329,2735036607,2735037738,15933,1131
29499.960328,2735044625,2735045757,16003,1132
29499.971073,2735052672,2735053807,15856,1135
29499.980328,2735060805,2735061935,15857,1130
29499.992118,2735068856,2735069986,15967,1130
29500.002631,2735076909,2735078040,15828,1131
29500.012327,2735084947,2735086077,15959,1130
29500.023679,2735092979,2735094108,15957,1129
29500.032328,2735101008,2735102138,15848,1130
29500.044333,2735109013,2735110142,15948,1129
29500.055238,2735117049,2735118180,15968,1131
29500.064334,2735125105,2735126236,15833,1131
29500.076272,2735133159,2735134289,15946,1130
29500.086799,2735141209,2735142339,15968,1130
29500.096331,2735149265,2735150395,15832,1130
29500.107833,2735157299,2735158430,15946,1131
29500.118360,2735165282,2735166413,15968,1131
29500.128334,2735173340,2735174472,15914,1132
29500.139393,2735181375,2735182506,15945,1131
29500.148332,2735189425,2735190556,15953,1131
29500.160331,2735197457,2735198585,15832,1128
29500.170954,2735205422,2735206555,15948,1133
29500.180331,2735213457,2735214586,15981,1129
29500.191990,2735221479,2735222610,15828,1131
29500.202514,2735229484,2735230617,15947,1133
29500.212329,2735237546,2735238679,15959,1133
29500.223550,2735245588,2735246719,15848,1131
29500.232333,2735253619,2735254752,15962,1133
29500.244328,2735261680,2735262810,15956,1130
29500.255111,2735269680,2735270811,15833,1131
29500.264328,2735277810,2735278945,15949,1135
29500.276157,2735285887,2735287018,15958,1131
29500.286671,2735293887,2735295020,15833,1133
29500.296331,2735301898,2735303031,15937,1133
29500.307716,2735309935,2735311069,15953,1134
29500.316329,2735317917,2735319051,15829,1134
29500.328328,2735325979,2735327110,15843,1131
29500.339279,2735334012,2735335143,15952,1131
29500.348331,2735341992,2735343122,15831,1130
29500.360313,2735349979,2735351107,15946,1128
29500.370840,2735358106,2735359240,16028,1134
29500.380336,2735366066,2735367197,15844,1131
29500.391874,2735374067,2735375201,15947,1134
29500.402400,2735382024,2735383155,15967,1131
29500.412329,2735390037,2735391171,15831,1134
29500.423434,2735398093,2735399226,15947,1133
29500.432332,2735406096,2735407227,15967,1131
29500.444330,2735414128,2735415257,15833,1129
29500.454994,2735422162,2735423293,15944,1131
29500.464330,2735430196,2735431327,15975,1131
29500.476037,2735438226,2735439359,15908,1133
29500.486555,2735446236,2735447367,15943,1131
29500.496328,2735454297,2735455428,15969,1131
29500.507590,2735462358,2735463488,15816,1130
29500.516330,2735470362,2735471495,15946,1133
29500.528333,2735478346,2735479478,15971,1132
29500.539151,2735486309,2735487439,15828,1130
29500.548332,2735494309,2735495442,15951,1133
29500.560198,2735502291,2735503420,15970,1129
29500.570705,2735510360,2735511500,15754,1140
29500.580331,2735518428,2735519562,15881,1134
29500.591758,2735526392,2735527526,15969,1134
29500.600334,2735534325,2735535458,15825,1133
29500.612331,2735542365,2735543499,15951,1134
29500.623319,2735550374,2735551505,15971,1131
29500.632333,2735558380,2735559514,15834,1134
29500.644334,2735566410,2735567540,15959,1130
29500.654879,2735574464,2735575594,15968,1130
29500.664332,2735582477,2735583608,15840,1131
29500.675911,2735590464,2735591595,15862,1131
29500.686440,2735598467,2735599600,15966,1133
29500.696327,2735606452,2735607583,15820,1131
29500.707474,2735614454,2735615584,15946,1130
29500.716332,2735622484,2735623615,15954,1131
29500.728335,2735630509,2735631641,15832,1132
29500.739034,2735638562,2735639692,15934,1130
29500.748331,2735646670,2735647803,15956,1133
29500.760070,2735654673,2735655801,15848,1128
29500.770596,2735662655,2735663786,15963,1131
29500.780335,2735670692,2735671825,15966,1133
29500.791631,2735678753,2735679888,15830,1135
29500.800329,2735686816,2735687949,15942,1133
29500.812332,2735694853,2735695984,15972,1131
29500.823198,2735702860,2735703994,15913,1134
29500.832331,2735710920,2735712051,15936,1131
29500.844237,2735718980,2735720110,15959,1130
29500.854751,2735727057,2735728188,15819,1131
29500.864333,2735735092,2735736223,15942,1131
29500.875799,2735743108,2735744242,15994,1134
29500.884327,2735751114,2735752245,15832,1131
29500.896335,2735759122,2735760252,15949,1130
29500.907359,2735767176,2735768310,15973,1134
29500.916331,2735775237,2735776372,15814,1135
29500.928328,2735783219,2735784350,15945,1131
29500.938919,2735791280,2735792415,15965,1135
29500.948329,2735799293,2735800426,15830,1133
29500.959953,2735807321,2735808449,15947,1128
29500.970480,2735815325,2735816459,15973,1134
29500.980329,2735823430,2735824565,15813,1135
29500.991514,2735831472,2735832604,15933,1132
29501.000332,2735839541,2735840676,15972,1135
29501.012327,2735847604,2735848735,15824,1131
29501.023073,2735855669,2735856803,15849,1134
29501.032333,2735863859,2735864990,16014,1131
29501.044110,2735871919,2735873048,15808,1129
29501.054635,2735879949,2735881080,15943,1131
29501.064334,2735887960,2735889091,15969,1131
29501.075671,2735896003,2735897133,15824,1130
29501.084329,2735904042,2735905175,15944,1133
29501.096329,2735912074,2735913205,15967,1131
29501.107232,2735920102,2735921233,15830,1131
29501.116330,2735928155,2735929286,15943,1131
29501.128278,2735936192,2735937323,15950,1131
29501.138795,2735944244,2735945375,15861,1131
29501.148337,2735952307,2735953438,15945,1131
29501.159839,2735960352,2735961481,15946,1129
29501.170358,2735968363,2735969494,15887,1131
29501.180331,2735976422,2735977556,15905,1134
29501.191396,2735984497,2735985631,15927,1134
29501.200328,2735992555,2735993686,15891,1131
29501.212328,2736000585,2736001715,15948,1130
29501.222959,2736008592,2736009725,15981,1133
29501.232331,2736016657,2736017788,15848,1131
29501.243993,2736024658,2736025789,15947,1131
29501.254518,2736032747,2736033878,15943,1131
29501.264334,2736040724,2736041855,15862,1131
29501.275553,2736048764,2736049894,15944,1130
29501.284330,2736056772,2736057903,15935,1131
29501.296329,2736064824,2736065957,15865,1133
29501.307114,2736072864,2736073999,15942,1135
29501.316331,2736081013,2736082144,15946,1131
29501.328150,2736089020,2736090151,15849,1131
29501.338675,2736097034,2736098165,15943,1131
29501.348330,2736105058,2736106189,15938,1131
29501.359711,2736113043,2736114171,15831,1128
29501.368333,2736121078,2736122209,15853,1131
29501.380334,2736129061,2736130196,15942,1135
29501.391274,2736137051,2736138186,15837,1135
29501.400331,2736145118,2736146253,15942,1135
29501.412318,2736153155,2736154286,15969,1131
29501.422831,2736161137,2736162268,15844,1131
29501.432330,2736169175,2736170306,15958,1131
29501.443881,2736177211,2736178341,16015,1130
29501.454392,2736185244,2736186379,15829,1135
29501.464332,2736193286,2736194421,15943,1135
29501.475439,2736201248,2736202378,15954,1130
29501.484331,2736209291,2736210425,15815,1134
29501.496346,2736217278,2736218409,15944,1131
29501.507000,2736225291,2736226425,15969,1134
29501.516334,2736233324,2736234458,15913,1134
29501.528033,2736241346,2736242480,15943,1134
29501.538560,2736249410,2736250541,15976,1131
29501.548328,2736257465,2736258600,15825,1135
29501.559594,2736265543,2736266673,15945,1130
29501.568335,2736273600,2736274731,15982,1131
29501.580329,2736281635,2736282766,15843,1131
29501.591153,2736289676,2736290807,15947,1131
29501.600327,2736297785,2736298915,15953,1130
29501.612190,2736305845,2736306978,15829,1133
29501.622715,2736313858,2736314993,15914,1135
29501.632329,2736321870,2736323001,15956,1131
29501.643751,2736329907,2736331038,15831,1131
29501.652327,2736337945,2736339080,15944,1135
29501.664330,2736345982,2736347117,15968,1135
29501.675314,2736353992,2736355126,15858,1134
29501.684334,2736362059,2736363193,15945,1134
29501.696332,2736370089,2736371220,15955,1131
29501.706873,2736378115,2736379249,15835,1134
29501.716328,2736386152,2736387283,15856,1131
29501.727919,2736394180,2736395311,15954,1131
29501.738432,2736402191,2736403324,15848,1133
29501.748335,2736410201,2736411332,15960,1131
29501.759478,2736418155,2736419287,15956,1132
29501.768332,2736426138,2736427273,15846,1135
29501.780333,2736434125,2736435256,15935,1131
29501.791040,2736442190,2736443324,15952,1134
29501.800330,2736450233,2736451365,15832,1132
29501.812074,2736458295,2736459428,15948,1133
29501.822602,2736466359,2736467494,15944,1135
29501.832328,2736474416,2736475550,15834,1134
29501.843635,2736482482,2736483613,15946,1131
29501.852329,2736490578,2736491712,15976,1134
29501.864329,2736498640,2736499771,15910,1131
29501.875195,2736506671,2736507805,15950,1134
29501.884329,2736514713,2736515847,15953,1134
29501.896231,2736522747,2736523881,15821,1134
29501.906755,2736530788,2736531919,15943,1131
29501.916330,2736538790,2736539925,15974,1135
29501.927791,2736546855,2736547985,15821,1130
29501.936328,2736554889,2736556019,15945,1130
29501.948328,2736562896,2736564027,15967,1131
29501.959352,2736570967,2736572101,15833,1134
29501.968337,2736579026,2736580161,15942,1135
29501.980328,2736587043,2736588174,15964,1131
29501.990912,2736595045,2736596178,15830,1133
29502.000333,2736603096,2736604226,15944,1130
29502.011959,2736611116,2736612247,15973,1131
29502.022472,2736619139,2736620274,15828,1135
29502.032329,2736627213,2736628346,15891,1133
29502.043519,2736635280,2736636414,15967,1134
29502.052330,2736643319,2736644450,15851,1131
29502.064335,2736651360,2736652495,15844,1135
29502.075080,2736659395,2736660527,15969,1132
29502.084331,2736667531,2736668662,15811,1131
29502.096114,2736675603,2736676738,15949,1135
29502.106640,2736683635,2736684769,15970,1134
29502.116327,2736691707,2736692842,15837,1135
29502.127672,2736699781,2736700912,15889,1131
29502.136327,2736707821,2736708953,15964,1132
29502.148332,2736715893,2736717024,15833,1131
29502.159234,2736723927,2736725057,15917,1130
29502.168330,2736731999,2736733131,15947,1132
29502.180271,2736740076,2736741207,15836,1131
29502.190795,2736748118,2736749252,15936,1134
29502.200331,2736756184,2736757315,15952,1131
29502.211840,2736764258,2736765393,15898,1135
29502.222357,2736772303,2736773434,15919,1131
29502.232330,2736780343,2736781477,15967,1134
29502.243392,2736788442,2736789572,15830,1130
29502.252332,2736796494,2736797629,15952,1135
29502.264329,2736804560,2736805693,15985,1133
29502.274955,2736812632,2736813765,15864,1133
29502.284327,2736820650,2736821781,15949,1131
29502.295997,2736828719,2736829852,15957,1133
29502.306512,2736836763,2736837898,15831,1135
29502.316330,2736844821,2736845951,15964,1130
29502.327559,2736852874,2736854005,15957,1131
29502.336327,2736860933,2736862067,15834,1134
29502.348332,2736868995,2736870125,15945,1130
29502.359120,2736877057,2736878190,15968,1133
29502.368333,2736885214,2736886349,15829,1135
29502.380154,2736893231,2736894364,15945,1133
29502.390679,2736901239,2736902370,15957,1131
29502.400331,2736909266,2736910401,15846,1135
29502.411714,2736917313,2736918447,15862,1134
29502.420330,2736925335,2736926470,15972,1135
29502.432330,2736933350,2736934480,15834,1130
29502.443275,2736941364,2736942499,15942,1135
29502.452334,2736949435,2736950566,15970,1131
29502.464311,2736957451,2736958582,15826,1131
29502.474835,2736965492,2736966621,15947,1129
29502.484328,2736973566,2736974696,15992,1130
29502.495871,2736981569,2736982700,15830,1131
29502.506396,2736989612,2736990746,15944,1134
29502.516331,2736997666,2736998801,15966,1135
29502.527432,2737005733,2737006864,15813,1131
29502.536336,2737013764,2737014898,15943,1134
29502.548333,2737021778,2737022913,15960,1135
29502.559000,2737029815,2737030947,15910,1132
29502.568328,2737037807,2737038942,15886,1135
29502.580040,2737045885,2737047020,15971,1135
29502.590553,2737053983,2737055118,15802,1135
29502.600327,2737062035,2737063166,15962,1131
29502.611600,2737070299,2737071431,16042,1132
29502.620331,2737078332,2737079462,15832,1130
29502.632330,2737086376,2737087511,15941,1135
29502.643160,2737094456,2737095588,15969,1132
29502.652332,2737102544,2737103675,15833,1131
29502.664194,2737110557,2737111690,15948,1133
29502.674721,2737118608,2737119742,15947,1134
29502.684328,2737126670,2737127805,15855,1135
29502.695755,2737134740,2737135872,15945,1132
29502.704328,2737142811,2737143945,15961,1134
29502.716329,2737150826,2737151960,15875,1134
29502.727315,2737158842,2737159973,15947,1131
29502.736326,2737166850,2737167983,15970,1133
29502.748329,2737174896,2737176027,15861,1131
29502.758874,2737182935,2737184068,15853,1133
29502.768330,2737190983,2737192117,15961,1134
29502.779912,2737199051,2737200183,15818,1132
29502.790435,2737207074,2737208206,15943,1132
29502.800334,2737215143,2737216276,15967,1133
29502.811472,2737223158,2737224292,15852,1134
29502.820331,2737231219,2737232350,15948,1131
29502.832328,2737239258,2737240393,15955,1135
29502.843032,2737247326,2737248460,15834,1134
29502.852328,2737255455,2737256586,15948,1131
29502.864079,2737263522,2737264654,15953,1132
29502.874593,2737271600,2737272733,15832,1133
29502.884329,2737279676,2737280807,15951,1131
29502.895640,2737287699,2737288833,15964,1134
29502.904331,2737295725,2737296860,15914,1135
29502.916329,2737303770,2737304905,15933,1135
29502.927200,2737311784,2737312918,15970,1134
29502.936328,2737319932,2737321067,15834,1135
29502.948235,2737328019,2737329154,15947,1135
29502.958761,2737336090,2737337223,15985,1133
29502.968328,2737344142,2737345277,15822,1135
29502.979795,2737352194,2737353328,15939,1134
29502.988328,2737360224,2737361356,15982,1132
29503.000332,2737368268,2737369399,15836,1131
29503.011357,2737376310,2737377444,15955,1134
29503.020330,2737384373,2737385509,16027,1136
29503.032332,2737392447,2737393582,15858,1135
29503.042916,2737400530,2737401666,15947,1136
29503.052327,2737408602,2737409734,15970,1132
29503.063952,2737416648,2737417783,15833,1135
29503.074476,2737424729,2737425859,15943,1130
29503.084329,2737432810,2737433942,15976,1132
29503.095515,2737440880,2737442014,15865,1134
29503.104327,2737448876,2737450011,15851,1135
29503.116329,2737456926,2737458060,15974,1134
29503.127073,2737465004,2737466135,15832,1131
29503.136327,2737473135,2737474270,15920,1135
29503.148121,2737481215,2737482350,15966,1135
29503.158635,2737489258,2737490390,15877,1132
29503.168333,2737497285,2737498420,15949,1135
29503.179680,2737505335,2737506466,15967,1131
29503.188328,2737513379,2737514513,15860,1134
29503.200328,2737521431,2737522565,15919,1134
29503.211240,2737529493,2737530624,15953,1131
29503.220327,2737537567,2737538703,15823,1136
29503.232274,2737545600,2737546734,15943,1134
29503.242801,2737553668,2737554804,15964,1136
29503.252332,2737561711,2737562845,15908,1134
29503.263835,2737569761,2737570892,15947,1131
29503.274361,2737577773,2737578906,15962,1133
29503.284328,2737585845,2737586980,15835,1135
29503.295395,2737593867,2737594998,15942,1131
29503.304327,2737601917,2737603053,15973,1136
29503.316327,2737609967,2737611103,15830,1136
29503.326956,2737618040,2737619173,15949,1133
29503.336328,2737626080,2737627214,15965,1134
29503.347992,2737634126,2737635257,15835,1131
29503.358518,2737642160,2737643289,15954,1129
29503.368333,2737650205,2737651339,15971,1134
29503.379552,2737658259,2737659391,15811,1132
29503.388329,2737666269,2737667400,15948,1131
29503.400331,2737674313,2737675449,15999,1136
29503.411113,2737682392,2737683525,15836,1133
29503.420329,2737690540,2737691675,15947,1135
29503.432159,2737698789,2737699923,15970,1134
29503.442675,2737706864,2737708001,15818,1137
29503.452330,2737714989,2737716124,15838,1135
29503.463720,2737723045,2737724179,15965,1134
29503.472332,2737731035,2737732168,15826,1133
29503.484327,2737739085,2737740216,15944,1131
29503.495280,2737747155,2737748287,15954,1132
29503.504333,2737755225,2737756360,15836,1135
29503.516312,2737763218,2737764352,15881,1134
29503.526842,2737771216,2737772351,15980,1135
29503.536330,2737779275,2737780410,15860,1135
29503.547875,2737787328,2737788463,15943,1135
29503.558401,2737795286,2737796419,15952,1133
29503.568329,2737803359,2737804495,15829,1136
29503.579436,2737811432,2737812563,15948,1131
29503.588333,2737819506,2737820638,15971,1132
29503.600331,2737827582,2737828717,15903,1135
29503.610996,2737835655,2737836790,15943,1135
29503.620328,2737843762,2737844897,15965,1135
29503.632032,2737851824,2737852956,15826,1132
29503.642557,2737859901,2737861038,15946,1137
29503.652334,2737867918,2737869052,15971,1134
29503.663593,2737875969,2737877103,15835,1134
29503.672329,2737884033,2737885167,15915,1134
29503.684330,2737892084,2737893217,15969,1133
29503.695153,2737900107,2737901242,15833,1135
29503.704328,2737908223,2737909358,15959,1135
29503.716200,2737916267,2737917403,15968,1136
29503.726713,2737924319,2737925455,15836,1136
29503.736330,2737932394,2737933529,15944,1135
29503.747760,2737940463,2737941595,15972,1132
29503.756328,2737948482,2737949617,15826,1135
29503.768329,2737956533,2737957668,15937,1135
29503.779321,2737964607,2737965739,15971,1132
29503.788331,2737972661,2737973793,15834,1132
29503.800328,2737980725,2737981856,15848,1131
29503.810881,2737988768,2737989903,15958,1135
29503.820329,2737996846,2737997981,15833,1135
29503.831915,2738004893,2738006028,15947,1135
29503.842442,2738012952,2738014090,15937,1138
29503.852330,2738021027,2738022162,15838,1135
29503.863476,2738029053,2738030188,15934,1135
29503.872334,2738037100,2738038233,15968,1133
29503.884328,2738045146,2738046278,15801,1132
29503.895036,2738053182,2738054317,15936,1135
29503.904330,2738061278,2738062414,15945,1136
29503.916072,2738069322,2738070454,15814,1132
29503.926596,2738077392,2738078527,15944,1135
29503.936328,2738085518,2738086654,15967,1136
29503.947640,2738093566,2738094701,15909,1135
29503.956330,2738101642,2738102773,15945,1131
29503.968329,2738109685,2738110819,15972,1134
29503.979195,2738117731,2738118866,15833,1135
29503.988334,2738125829,2738126964,15937,1135
29504.000239,2738133823,2738134954,15976,1131
29504.010753,2738141873,2738143005,15830,1132
29504.020333,2738149899,2738151034,15943,1135
29504.031800,2738158004,2738159140,15965,1136
29504.040331,2738166094,2738167227,15832,1133
29504.052328,2738174174,2738175308,15954,1134
29504.063361,2738182256,2738183390,15971,1134
29504.072329,2738190336,2738191466,15822,1130
29504.084331,2738198374,2738199509,15945,1135
29504.094921,2738206429,2738207565,15959,1136
29504.104329,2738214507,2738215642,15829,1135
29504.115955,2738222585,2738223718,15945,1133
29504.126482,2738230663,2738231799,15970,1136
29504.136327,2738238774,2738239906,15830,1132
29504.147514,2738246823,2738247958,15855,1135
29504.156329,2738254872,2738256007,15969,1135
29504.168331,2738262961,2738264096,15822,1135
29504.179076,2738271043,2738272178,15943,1135
29504.188334,2738279239,2738280370,15970,1131
29504.200112,2738287315,2738288450,15847,1135
29504.210637,2738295400,2738296532,15946,1132
29504.220334,2738303466,2738304601,15969,1135
29504.231673,2738311541,2738312673,15828,1132
29504.240328,2738319610,2738320745,15947,1135
29504.252331,2738327699,2738328834,15943,1135
29504.263233,2738335781,2738336917,15850,1136
29504.272330,2738343949,2738345082,15941,1133
29504.284279,2738352029,2738353165,15957,1136
29504.294799,2738360113,2738361248,15911,1135
29504.304330,2738368171,2738369305,15940,1134
29504.315839,2738376273,2738377408,15956,1135
29504.326354,2738384328,2738385463,15840,1135
29504.336329,2738392434,2738393569,15941,1135
29504.347398,2738400479,2738401613,15958,1134
29504.356332,2738408546,2738409681,15843,1135
29504.368334,2738416622,2738417758,15945,1136
29504.378960,2738424642,2738425774,15954,1132
29504.388328,2738432712,2738433847,15844,1135
29504.399997,2738440758,2738441892,15962,1134
29504.410521,2738448796,2738449927,15944,1131
29504.420333,2738456859,2738457995,15847,1136
29504.431556,2738464936,2738466072,15936,1136
29504.440327,2738473021,2738474152,15974,1131
29504.452330,2738481042,2738482177,15845,1135
29504.463116,2738489120,2738490254,15945,1134
29504.472329,2738497340,2738498473,15955,1133
29504.484155,2738505353,2738506485,15871,1132
29504.494675,2738513399,2738514531,15864,1132
29504.504335,2738521475,2738522611,15947,1136
29504.515713,2738529551,2738530687,15834,1136
29504.524330,2738537600,2738538734,15896,1134
29504.536333,2738545636,2738546772,15945,1136
29504.547273,2738553688,2738554820,15856,1132
29504.556330,2738561740,2738562873,15986,1133
29504.568319,2738569811,2738570946,15958,1135
29504.578833,2738577889,2738579024,15847,1135
29504.588328,2738585968,2738587103,15945,1135
29504.599880,2738594000,2738595136,15932,1136
29504.610394,2738602068,2738603203,15847,1135
29504.620330,2738610162,2738611293,15939,1131
29504.631440,2738618224,2738619359,15958,1135
29504.640328,2738626299,2738627433,15909,1134
29504.652329,2738634387,2738635522,15960,1135
29504.663003,2738642460,2738643595,15967,1135
29504.672331,2738650543,2738651675,15829,1132
29504.684035,2738658653,2738659789,15947,1136
29504.694560,2738666746,2738667880,15968,1134
29504.704330,2738674853,2738675987,15834,1134
29504.715596,2738682898,2738684032,15947,1134
29504.724328,2738690951,2738692086,15971,1135
29504.736335,2738699032,2738700164,15825,1132
29504.760332,2738711318,2738711950,11963,632
29504.771210,2738715369,2738716002,12087,633
29504.780328,2738721837,2738722961,15998,1124
29504.792237,2738729838,2738730972,15922,1134
29504.802768,2738737856,2738738987,16091,1131
29504.812331,2738745861,2738746992,16003,1131
29504.823799,2738753867,2738755000,15921,1133
29504.832328,2738761965,2738763101,15974,1136
29504.844328,2738770025,2738771159,15914,1134
29504.855360,2738778102,2738779234,15877,1132
29504.864334,2738786152,2738787287,16086,1135
29504.876329,2738794212,2738795347,16001,1135
29504.886920,2738802293,2738803428,15834,1135
29504.896331,2738810369,2738811505,15984,1136
29504.907965,2738818423,2738819560,15914,1137
29504.918480,2738826556,2738827690,15837,1134
29504.928328,2738834630,2738835765,16001,1135
29504.939527,2738842785,2738843920,15904,1135
29504.948333,2738850849,2738851985,15829,1136
29504.960333,2738858926,2738860062,15984,1136
29504.971086,2738866983,2738868119,15912,1136
29504.980333,2738875157,2738876293,15849,1136
29504.992126,2738883241,2738884373,16017,1132
29505.002648,2738891318,2738892454,15915,1136
29505.012328,2738899396,2738900530,15836,1134
29505.023686,2738907452,2738908587,15980,1135
29505.032330,2738915535,2738916671,15920,1136
29505.044330,2738923619,2738924753,15913,1134
29505.055247,2738931707,2738932841,15999,1134
29505.064329,2738939975,2738941112,15913,1137
29505.076285,2738948089,2738949221,15924,1132
29505.086806,2738956138,2738957273,15912,1135
29505.096327,2738964225,2738965357,15922,1132
29505.107846,2738972304,2738973437,15917,1133
29505.118367,2738980388,2738981524,15991,1136
29505.128331,2738988435,2738989567,15913,1132
29505.139398,2738996507,2738997641,15834,1134
29505.148328,2739004558,2739005693,15970,1135
29505.160328,2739012611,2739013746,15918,1135
29505.170960,2739020667,2739021802,15862,1135
29505.180329,2739028745,2739029877,15984,1132
29505.192005,2739036824,2739037958,15912,1134
29505.202520,2739044945,2739046077,15850,1132
29505.212333,2739053022,2739054158,15967,1136
29505.223565,2739061054,2739062188,15903,1134
29505.232328,2739069113,2739070249,15857,1136
29505.244328,2739077162,2739078297,15983,1135
29505.255125,2739083887,2739085019,15828,1132
29505.264335,2739092086,2739093220,15845,1134
29505.276164,2739100106,2739101238,15970,1132
29505.286685,2739108188,2739109325,15909,1137
29505.296329,2739116243,2739117377,15862,1134
29505.307726,2739124321,2739125457,15991,1136
29505.316332,2739132401,2739133537,15916,1136
29505.328331,2739140477,2739141612,15844,1135
29505.339285,2739148576,2739149705,15985,1129
29505.348327,2739156663,2739157796,15907,1133
29505.360318,2739164737,2739165869,15857,1132
29505.370846,2739172811,2739173946,15984,1135
29505.380327,2739180802,2739181938,16004,1136
29505.391879,2739188857,2739189991,15929,1134
29505.402405,2739196939,2739198072,16057,1133
29505.412330,2739204964,2739206099,16003,1135
29505.423439,2739213031,2739214166,15946,1135
29505.432328,2739221085,2739222221,15972,1136
29505.444331,2739229161,2739230293,15916,1132
29505.455002,2739237239,2739238375,15838,1136
29505.464333,2739245326,2739246459,15966,1133
29505.476045,2739253397,2739254533,15918,1136
29505.486559,2739261483,2739262618,15837,1135
29505.496329,2739269568,2739270704,16001,1136
29505.507607,2739277552,2739278689,15992,1137
29505.516334,2739285632,2739286767,15924,1135
29505.528328,2739293705,2739294840,16068,1135
29505.539166,2739301791,2739302923,16008,1132
29505.548328,2739309910,2739311042,15932,1132
29505.560207,2739317960,2739319096,15995,1136
29505.570728,2739326039,2739327175,15916,1136
29505.580330,2739334093,2739335227,15835,1134
29505.591765,2739342167,2739343299,15972,1132
29505.600331,2739350246,2739351382,15919,1136
29505.612330,2739358326,2739359462,15844,1136
29505.623330,2739366412,2739367547,16001,1135
29505.632331,2739374472,2739375608,15914,1136
29505.644328,2739382552,2739383688,15831,1136
29505.654887,2739390604,2739391738,15979,1134
29505.664327,2739398682,2739399814,15917,1132
29505.675920,2739406735,2739407869,15843,1134
29505.686450,2739414817,2739415952,16011,1135
29505.696330,2739422899,2739424035,15912,1136
29505.707480,2739430976,2739432111,15831,1135
29505.716328,2739439057,2739440192,15979,1135
29505.728329,2739447135,2739448272,15909,1137
29505.739040,2739455221,2739456354,15853,1133
29505.748328,2739463315,2739464451,16000,1136
29505.760087,2739471371,2739472507,15903,1136
29505.770603,2739479448,2739480584,15833,1136
29505.780330,2739487507,2739488643,15981,1136
29505.791647,2739495581,2739496717,15918,1136
29505.800328,2739503659,2739504791,15848,1132
29505.812331,2739511737,2739512869,16000,1132
29505.823208,2739519783,2739520917,15910,1134
29505.832330,2739527838,2739528974,15824,1136
29505.844245,2739535888,2739537024,15978,1136
29505.854767,2739543949,2739545084,15905,1135
29505.864327,2739552010,2739553146,15848,1136
29505.875808,2739560269,2739561402,16022,1133
29505.884329,2739568359,2739569494,15913,1135
29505.896332,2739576416,2739577552,15926,1136
29505.907366,2739584494,2739585631,16074,1137
29505.916328,2739592575,2739593707,16000,1132
29505.928332,2739600651,2739601785,15927,1134
29505.938928,2739608728,2739609858,15996,1130
29505.948330,2739616798,2739617933,15917,1135
29505.959960,2739624873,2739626009,15830,1136
29505.970487,2739632951,2739634083,15985,1132
29505.980331,2739641030,2739642166,15910,1136
29505.991520,2739649117,2739650253,15710,1136
29506.000330,2739657143,2739658275,16000,1132
29506.012329,2739665226,2739666362,15904,1136
29506.023080,2739673301,2739674436,15835,1135
29506.032327,2739681547,2739682683,15988,1136
29506.044128,2739689632,2739690767,15916,1135
29506.054643,2739697722,2739698855,15837,1133
29506.064332,2739705820,2739706956,16000,1136
29506.075688,2739713901,2739715037,15907,1136
29506.084333,2739721993,2739723126,15833,1133
29506.096334,2739730078,2739731213,15981,1135
29506.107246,2739738146,2739739283,15919,1137
29506.116328,2739746231,2739747368,15839,1137
29506.128287,2739754317,2739755452,15989,1135
29506.138808,2739762371,2739763504,15917,1133
29506.148331,2739770441,2739771574,15832,1133
29506.159846,2739778466,2739779598,15974,1132
29506.170368,2739786515,2739787651,15906,1136
29506.180330,2739794588,2739795724,15922,1136
29506.191408,2739802672,2739803806,16090,1134
29506.200334,2739810780,2739811916,15999,1136
29506.212333,2739818850,2739819982,15920,1132
29506.222967,2739826932,2739828066,16062,1134
29506.232331,2739835015,2739836151,15998,1136
29506.243999,2739843093,2739844229,15936,1136
29506.254529,2739851150,2739852285,16082,1135
29506.264330,2739859232,2739860367,16002,1135
29506.275560,2739867305,2739868437,15915,1132
29506.284328,2739875387,2739876524,15965,1137
29506.296329,2739883413,2739884546,16002,1133
29506.307120,2739891500,2739892635,15947,1135
29506.316329,2739899620,2739900756,16078,1136
29506.328165,2739907706,2739908842,15998,1136
29506.338681,2739915781,2739916915,15845,1134
29506.348329,2739923857,2739924993,15967,1136
29506.359725,2739931909,2739933045,15921,1136
29506.368328,2739939946,2739941081,15862,1135
29506.380332,2739948024,2739949160,16003,1136
29506.391287,2739956139,2739957275,15917,1136
29506.400333,2739964226,2739965362,15849,1136
29506.412324,2739972281,2739973417,15968,1136
29506.422846,2739980313,2739981448,15917,1135
29506.432334,2739988395,2739989530,15856,1135
29506.443886,2739996454,2739997586,15987,1132
29506.454408,2740004527,2740005660,15912,1133
29506.464331,2740012634,2740013770,15847,1136
29506.475445,2740020717,2740021853,15967,1136
29506.484331,2740028798,2740029934,15911,1136
29506.496327,2740036897,2740038032,15862,1135
29506.507007,2740044983,2740046119,15983,1136
29506.516330,2740053087,2740054224,15909,1137
29506.528039,2740061175,2740062312,15835,1137
29506.538566,2740069262,2740070395,15975,1133
29506.548329,2740077267,2740078403,15916,1136
29506.559600,2740085321,2740086457,15859,1136
29506.568330,2740093403,2740094539,15984,1136
29506.580329,2740101484,2740102620,15915,1136
29506.591160,2740109564,2740110700,15936,1136
29506.600328,2740117763,2740118897,16055,1134
29506.612204,2740125804,2740126937,16003,1133
29506.622721,2740133884,2740135016,15938,1132
29506.632328,2740141958,2740143093,16067,1135
29506.643766,2740150032,2740151168,16003,1136
29506.652332,2740158112,2740159247,15935,1135
29506.664329,2740166194,2740167326,16054,1132
29506.675325,2740174260,2740175396,15999,1136
29506.684332,2740182344,2740183476,15932,1132
29506.696331,2740190412,2740191548,15987,1136
29506.706887,2740198495,2740199631,15915,1136
29506.716329,2740206578,2740207713,15847,1135
29506.727925,2740214654,2740215791,15977,1137
29506.738447,2740222815,2740223948,15920,1133
29506.748327,2740230923,2740232055,15852,1132
29506.759486,2740238944,2740240080,15986,1136
29506.768335,2740247018,2740248151,15918,1133
29506.780327,2740255075,2740256212,15837,1137
29506.791045,2740263148,2740264283,15972,1135
29506.800331,2740271298,2740272432,15905,1134
29506.812079,2740279380,2740280512,15857,1132
29506.822607,2740287454,2740288590,15983,1136
29506.832331,2740295532,2740296663,15911,1131
29506.843640,2740303640,2740304776,15847,1136
29506.852329,2740311730,2740312866,15969,1136
29506.864331,2740319804,2740320947,15920,1143
29506.875199,2740327937,2740329072,15845,1135
29506.884333,2740336072,2740337208,15984,1136
29506.896247,2740344137,2740345272,15913,1135
29506.906763,2740352220,2740353352,15846,1132
29506.916327,2740360303,2740361435,15973,1132
29506.927805,2740368351,2740369488,15909,1137
29506.936328,2740376429,2740377559,15855,1130
29506.948332,2740384511,2740385644,15986,1133
29506.959367,2740392575,2740393707,15908,1132
29506.968332,2740400655,2740401792,15845,1137
29506.980329,2740408764,2740409900,15968,1136
29506.990926,2740416822,2740417959,15915,1137
29507.000333,2740424915,2740426051,15861,1136
29507.011968,2740433001,2740434136,15983,1135
29507.022488,2740441161,2740442298,15914,1137
29507.032330,2740449202,2740450338,15842,1136
29507.043525,2740457275,2740458411,15956,1136
29507.052327,2740465326,2740466461,15906,1135
29507.064330,2740473396,2740474532,15856,1136
29507.075087,2740481453,2740482586,15998,1133
29507.084327,2740489624,2740490760,15917,1136
29507.096120,2740497701,2740498834,15844,1133
29507.106648,2740505802,2740506938,15986,1136
29507.116328,2740513879,2740515014,15897,1135
29507.127680,2740522012,2740523148,15851,1136
29507.136327,2740530091,2740531224,15995,1133
29507.148334,2740538171,2740539308,15916,1137
29507.159241,2740546254,2740547390,15822,1136
29507.168327,2740554331,2740555463,15984,1132
29507.180286,2740562380,2740563516,15920,1136
29507.190801,2740570435,2740571571,15843,1136
29507.200329,2740578440,2740579573,15991,1133
29507.211848,2740586524,2740587660,15921,1136
29507.222360,2740594612,2740595744,15819,1132
29507.232327,2740602719,2740603854,15983,1135
29507.243407,2740610747,2740611883,15911,1136
29507.252330,2740618832,2740619967,15847,1135
29507.264328,2740626879,2740628012,15991,1133
29507.274969,2740634951,2740636087,15906,1136
29507.284333,2740643031,2740644167,15832,1136
29507.296006,2740651112,2740652249,15972,1137
29507.306530,2740659225,2740660361,15912,1136
29507.316336,2740667357,2740668492,15851,1135
29507.327568,2740675438,2740676574,15998,1136
29507.336328,2740683528,2740684663,15921,1135
29507.348330,2740691613,2740692748,15831,1135
29507.359128,2740699692,2740700828,15983,1136
29507.368333,2740707793,2740708929,15903,1136
29507.380160,2740715854,2740716989,15838,1135
29507.390688,2740723939,2740725075,15987,1136
29507.400332,2740732119,2740733255,15645,1136
29507.411720,2740740515,2740741652,15842,1137
29507.422248,2740749244,2740750377,15967,1133
29507.432546,2740757605,2740758741,15912,1136
29507.443281,2740765687,2740766823,15837,1136
29507.452332,2740773902,2740775037,15859,1135
29507.464327,2740782079,2740783216,15635,1137
29507.474841,2740790459,2740791593,15828,1134
29507.484333,2740798544,2740799680,15972,1136
29507.495887,2740806726,2740807862,15909,1136
29507.507913,2740815920,2740817056,16115,1136
29507.518432,2740824011,2740825148,15914,1137
29507.528334,2740832117,2740833251,15838,1134
29507.539470,2740840174,2740841310,15971,1136
29507.548327,2740848255,2740849387,15908,1132
29507.560336,2740856314,2740857450,15852,1136
29507.571032,2740864393,2740865526,16015,1133
29507.580327,2740872562,2740873697,15913,1135
29507.592064,2740880658,2740881795,15831,1137
29507.602591,2740888719,2740889856,15987,1137
29507.612331,2740896800,2740897936,15913,1136
29507.623623,2740904880,2740906011,15854,1131
29507.632328,2740912950,2740914086,15982,1136
29507.644328,2740921061,2740922198,15921,1137
29507.655184,2740929147,2740930283,15829,1136
29507.664328,2740937279,2740938412,15982,1133
29507.676229,2740945360,2740946497,15907,1137
29507.686744,2740953466,2740954601,15849,1135
29507.696332,2740961571,2740962708,15996,1137
29507.707791,2740969581,2740970714,15918,1133
29507.716333,2740977689,2740978822,15819,1133
29507.728330,2740985816,2740986953,15982,1137
29507.739351,2740993925,2740995061,15917,1136
29507.748333,2741002005,2741003142,15848,1137
29507.760331,2741010091,2741011228,15993,1137
29507.770912,2741018169,2741019301,15913,1132
29507.780330,2741026248,2741027383,15834,1135
29507.791950,2741034330,2741035465,15984,1135
29507.802471,2741042384,2741043519,15916,1135
29507.812332,2741050445,2741051581,15844,1136
29507.823512,2741058527,2741059663,16083,1136
29507.832334,2741066684,2741067820,16003,1136
29507.844334,2741074763,2741075898,15920,1135
29507.855070,2741082850,2741083986,16072,1136
29507.864334,2741091074,2741092210,15999,1136
29507.876103,2741099139,2741100272,15938,1133
29507.886633,2741107161,2741108297,16074,1136
29507.896327,2741115249,2741116386,16003,1137
29507.907664,2741123334,2741124470,15921,1136
29507.916330,2741131428,2741132564,15982,1136
29507.928329,2741139509,2741140642,15903,1133
29507.939224,2741147645,2741148782,15853,1137
29507.948328,2741155736,2741156873,15976,1137
29507.960269,2741163848,2741164985,15918,1137
29507.970784,2741171940,2741173074,15850,1134
29507.980329,2741180001,2741181134,15966,1133
29507.991828,2741188085,2741189221,15915,1136
29508.002346,2741196173,2741197309,15860,1136
29508.012330,2741204253,2741205389,15987,1136
29508.023390,2741212335,2741213472,15909,1137
29508.032332,2741220491,2741221623,15840,1132
29508.044331,2741228590,2741229723,15967,1133
29508.054949,2741236616,2741237752,15997,1136
29508.064329,2741244696,2741245832,15939,1136
29508.075990,2741252748,2741253881,16073,1133
29508.086513,2741260829,2741261965,16000,1136
29508.096330,2741268942,2741270079,15932,1137
29508.107549,2741277002,2741278138,16053,1136
29508.116334,2741285035,2741286170,15997,1135
29508.128330,2741293118,2741294254,15952,1136
29508.139111,2741301170,2741302306,16073,1136
29508.148330,2741309422,2741310558,16001,1136
29508.160143,2741317528,2741318664,15929,1136
29508.170670,2741325614,2741326749,16040,1135
29508.180330,2741333693,2741334826,16006,1133
29508.191704,2741341762,2741342898,15947,1136
29508.200334,2741349791,2741350927,16075,1136
29508.212336,2741357877,2741359014,15989,1137
29508.223264,2741365961,2741367098,15932,1137
29508.232329,2741374051,2741375187,16055,1136
29508.244308,2741382123,2741383256,16000,1133
29508.254824,2741390235,2741391372,15953,1137
29508.264328,2741398296,2741399433,16084,1137
29508.275870,2741406357,2741407493,15906,1136
29508.286385,2741414446,2741415582,15831,1136
29508.296329,2741422586,2741423721,15968,1135
29508.307429,2741430639,2741431772,15917,1133
29508.316332,2741438720,2741439856,15865,1136
29508.328331,2741446786,2741447922,15994,1136
29508.338992,2741454854,2741455990,16002,1136
29508.348334,2741462903,2741464036,15915,1133
29508.360030,2741470978,2741472115,16073,1137
29508.370551,2741479110,2741480245,16004,1135
29508.380332,2741487201,2741488337,15934,1136
29508.391592,2741495333,2741496469,16089,1136
29508.400328,2741503416,2741504549,16001,1133
29508.412329,2741511490,2741512623,15900,1133
29508.423151,2741519565,2741520698,16076,1133
29508.432331,2741527837,2741528974,16004,1137
29508.444184,2741535901,2741537036,15937,1135
29508.454713,2741543983,2741545120,15988,1137
29508.464328,2741552072,2741553208,15915,1136
29508.475744,2741560149,2741561285,15834,1136
29508.484334,2741568231,2741569366,15979,1135
29508.496329,2741576309,2741577445,15909,1136
29508.507304,2741584396,2741585533,15849,1137
29508.516331,2741592466,2741593599,16083,1133
29508.528329,2741600551,2741601682,15914,1131
29508.538865,2741608628,2741609761,15832,1133
29508.548330,2741616677,2741617813,15970,1136
29508.559912,2741624789,2741625926,15914,1137
29508.570425,2741632873,2741634003,15848,1130
29508.580330,2741640930,2741642066,15987,1136
29508.591472,2741649015,2741650152,15918,1137
29508.600333,2741657069,2741658202,15832,1133
29508.612332,2741665144,2741666277,15999,1133
29508.623031,2741673224,2741674361,15917,1137
29508.632333,2741681427,2741682564,15849,1137
29508.644072,2741689535,2741690669,15996,1134
29508.654593,2741697685,2741698822,15915,1137
29508.664334,2741705749,2741706883,15834,1134
29508.675630,2741713806,2741714942,15979,1136
29508.684330,2741721897,2741723028,15911,1131
29508.696331,2741729992,2741731129,15851,1137
29508.707192,2741738082,2741739218,15997,1136
29508.716328,2741746279,2741747415,15917,1136
29508.728224,2741754355,2741755492,15834,1137
29508.738750,2741762468,2741763605,15974,1137
29508.748330,2741770531,2741771664,15858,1133
29508.759785,2741778564,2741779702,15864,1138
29508.768327,2741786647,2741787781,15957,1134
29508.780331,2741794735,2741795872,15845,1137
29508.791347,2741802811,2741803948,15946,1137
29508.800328,2741810894,2741812027,15958,1133
29508.812337,2741818980,2741820116,15863,1136
29508.822908,2741827065,2741828202,15931,1137
29508.832331,2741835180,2741836314,15944,1134
29508.843944,2741843364,2741844501,15836,1137
29508.854468,2741851456,2741852593,15941,1137
29508.864331,2741859560,2741860696,15942,1136
29508.875504,2741867645,2741868782,15835,1137
29508.884332,2741875733,2741876868,15935,1135
29508.896328,2741883771,2741884907,15960,1136
29508.907071,2741891853,2741892990,15897,1137
29508.916328,2741900073,2741901209,15940,1136
29508.928111,2741908148,2741909281,15946,1133
29508.938625,2741916437,2741917573,15845,1136
29508.948328,2741924522,2741925655,15947,1133
29508.959669,2741932582,2741933714,15956,1132
29508.968330,2741940663,2741941799,15847,1136
29508.980333,2741948755,2741949892,15943,1137
29508.991232,2741956934,2741958071,15952,1137
29509.000327,2741965092,2741966229,15844,1137
29509.012268,2741973182,2741974319,15954,1137
29509.022794,2741981240,2741982372,15956,1132
29509.032328,2741989347,2741990484,15850,1137
29509.043827,2741997413,2741998550,15942,1137
29509.054352,2742005496,2742006630,15954,1134
29509.064333,2742013581,2742014717,15836,1136
29509.075387,2742021693,2742022830,15938,1137
29509.084334,2742029787,2742030921,15956,1134
29509.096328,2742037853,2742038990,15842,1137
29509.106946,2742045905,2742047041,15867,1136
29509.116327,2742053990,2742055127,15957,1137
29509.127985,2742062075,2742063211,15836,1136
29509.140013,2742071313,2742072449,15969,1136
29509.150529,2742079426,2742080563,15845,1137
29509.160334,2742087540,2742088677,15961,1137
29509.171574,2742095594,2742096727,15956,1133
29509.180328,2742103623,2742104756,15843,1133
29509.192334,2742111705,2742112842,15944,1137
29509.203135,2742119758,2742120890,15959,1132
29509.212329,2742128011,2742129148,15851,1137
29509.224170,2742136092,2742137228,15936,1136
29509.234694,2742144143,2742145279,15954,1136
29509.244329,2742152234,2742153370,15842,1136
29509.255728,2742160267,2742161402,15866,1135
29509.264328,2742168375,2742169511,15959,1136
29509.276335,2742176453,2742177590,15845,1137
29509.287290,2742184534,2742185667,15942,1133
29509.296328,2742192668,2742193813,15951,1145
29509.308326,2742200735,2742201872,15858,1137
29509.318851,2742208819,2742209951,15946,1132
29509.328330,2742216896,2742218029,15958,1133
29509.339887,2742224946,2742226082,15847,1136
29509.350411,2742233015,2742234148,15939,1133
29509.360330,2742241097,2742242234,15942,1137
29509.371447,2742249178,2742250314,15847,1136
29509.380328,2742257206,2742258343,15931,1137
29509.392328,2742265286,2742266422,15957,1136
29509.403014,2742273374,2742274510,15915,1136
29509.412330,2742281462,2742282599,15940,1137
29509.424053,2742289581,2742290718,15960,1137
29509.434568,2742297672,2742298807,15851,1135
29509.444332,2742305776,2742306912,15935,1136
29509.455613,2742313858,2742314991,15955,1133
29509.464327,2742321930,2742323066,15847,1136
29509.476332,2742330037,2742331173,15944,1136
29509.487175,2742338074,2742339206,15956,1132
29509.496328,2742346202,2742347335,15836,1133
29509.508211,2742354282,2742355415,15957,1133
29509.518734,2742362363,2742363497,15957,1134
29509.528333,2742370468,2742371605,15848,1137
29509.539771,2742378546,2742379682,15946,1136
29509.548335,2742386640,2742387777,16021,1137
29509.560328,2742394668,2742395804,15835,1136
29509.571330,2742402749,2742403882,15945,1133
29509.580331,2742410834,2742411971,15962,1137
29509.592327,2742418910,2742420043,15832,1133
29509.602889,2742426983,2742428117,15839,1134
29509.612335,2742435066,2742436199,15961,1133
29509.623927,2742443140,2742444275,15830,1135
29509.634451,2742451226,2742452360,15947,1134
29509.644328,2742459309,2742460445,15969,1136
29509.655488,2742467310,2742468447,15833,1137
29509.664334,2742475392,2742476525,15943,1133
29509.676333,2742483462,2742484599,15968,1137
29509.687048,2742491551,2742492688,15835,1137
29509.696328,2742499779,2742500911,15950,1132
29509.708095,2742507855,2742508992,15951,1137
29509.718608,2742515948,2742517080,15832,1132
29509.728327,2742524053,2742525186,15947,1133
29509.739655,2742532132,2742533268,15957,1136
29509.748329,2742540221,2742541357,15900,1136
29509.760332,2742548349,2742549486,15946,1137
29509.771216,2742556438,2742557575,15967,1137
29509.780331,2742564498,2742565635,15835,1137
29509.792250,2742572579,2742573716,15938,1137
29509.802775,2742580668,2742581799,15960,1131
29509.812330,2742588753,2742589886,15833,1133
29509.823810,2742596830,2742597967,15946,1137
29509.832333,2742604923,2742606060,15968,1137
29509.844331,2742612990,2742614127,15826,1137
29509.855372,2742621075,2742622211,15962,1136
29509.864332,2742629150,2742630287,15971,1137
29509.876331,2742637228,2742638365,15834,1137
29509.886931,2742645330,2742646464,15941,1134
29509.896331,2742653447,2742654580,15970,1133
29509.907967,2742661502,2742662639,15835,1137
29509.918491,2742669587,2742670721,15941,1134
29509.928330,2742677673,2742678810,15970,1137
29509.939528,2742685773,2742686906,15832,1133
29509.948332,2742693826,2742694963,15853,1137
29509.960328,2742701880,2742703013,16056,1133
29509.971088,2742709978,2742711116,15924,1138
29509.980328,2742718214,2742719350,16019,1136
29509.992135,2742726304,2742727441,16056,1137
29510.002648,2742734395,2742735530,15933,1135
29510.012330,2742742577,2742743714,16035,1137
29510.023696,2742750659,2742751792,16048,1133
29510.032330,2742758713,2742759847,15914,1134
29510.044328,2742766817,2742767953,16033,1136
29510.055256,2742774887,2742776020,16041,1133
29510.064331,2742783024,2742784162,15982,1138
29510.076289,2742791102,2742792239,15926,1137
29510.086817,2742799207,2742800340,15983,1133
29510.096328,2742807285,2742808421,15917,1136
29510.107847,2742815412,2742816550,15823,1138
29510.118376,2742823510,2742824642,15982,1132
29510.128330,2742831662,2742832799,15913,1137
29510.139411,2742839771,2742840907,15948,1136
29510.148330,2742847887,2742849024,15967,1137
29510.160330,2742855986,2742857119,15823,1133
29510.170971,2742864065,2742865198,15946,1133
29510.180332,2742872153,2742873289,15964,1136
29510.192008,2742880238,2742881375,15827,1137
29510.202533,2742888322,2742889457,15961,1135
29510.212328,2742896399,2742897532,15973,1133
29510.223568,2742904485,2742905623,15836,1138
29510.232328,2742912540,2742913676,15945,1136
29510.244328,2742920599,2742921736,15970,1137
29510.255128,2742928685,2742929822,15833,1137
29510.264332,2742936875,2742938012,15937,1137
29510.276175,2742944964,2742946101,15969,1137
29510.286688,2742953054,2742954192,15831,1138
29510.296330,2742961141,2742962274,15851,1133
29510.307736,2742969223,2742970360,15968,1137
29510.316335,2742977305,2742978436,15834,1131
29510.328335,2742985383,2742986519,15937,1136
29510.339296,2742993440,2742994577,15968,1137
29510.348330,2743001528,2743002661,15835,1133
29510.360330,2743009660,2743010797,15928,1137
29510.370859,2743017759,2743018896,15944,1137
29510.380330,2743025817,2743026955,15822,1138
29510.391890,2743033875,2743035008,15945,1133
29510.402417,2743041961,2743043094,15950,1133
29510.412334,2743050076,2743051213,15830,1137
29510.423451,2743058158,2743059295,15942,1137
29510.432330,2743066221,2743067358,15971,1137
29510.444329,2743074306,2743075443,15907,1137
29510.455011,2743082413,2743083549,15938,1136
29510.464328,2743090524,2743091661,15970,1137
29510.476049,2743098608,2743099745,15831,1137
29510.486572,2743106721,2743107859,15948,1138
29510.496327,2743114818,2743115955,15963,1137
29510.507608,2743122898,2743124036,15827,1138
29510.516334,2743131010,2743132144,15948,1134
29510.528331,2743139068,2743140205,15966,1137
29510.539168,2743147129,2743148266,15836,1137
29510.548328,2743155259,2743156392,15955,1133
29510.560216,2743163355,2743164492,15972,1137
29510.570729,2743171559,2743172693,15826,1134
29510.580328,2743179670,2743180807,15948,1137
29510.591776,2743187783,2743188915,15958,1132
29510.600328,2743195858,2743196993,15834,1135
29510.612328,2743203950,2743205083,15943,1133
29510.623336,2743212029,2743213166,15970,1137
29510.632327,2743220196,2743221333,15827,1137
29510.644329,2743228285,2743229422,15851,1137
29510.654897,2743236361,2743237498,15968,1137
29510.664331,2743244420,2743245553,15834,1133
29510.675930,2743252495,2743253628,15944,1133
29510.686457,2743260599,2743261737,15968,1138
29510.696332,2743268714,2743269852,15852,1138
29510.707491,2743276827,2743277964,15947,1137
29510.716330,2743284963,2743286098,15969,1135
29510.728333,2743293046,2743294180,15834,1134
29510.739052,2743301135,2743302268,15944,1133
29510.748334,2743309384,2743310517,15956,1133
29510.760087,2743317497,2743318633,15829,1136
29510.772118,2743326717,2743327850,15969,1133
29510.782632,2743334847,2743335983,15830,1136
29510.792327,2743342937,2743344073,15851,1136
29510.803679,2743351052,2743352189,15970,1137
29510.812332,2743359139,2743360276,15830,1137
29510.824328,2743367244,2743368386,15920,1142
29510.835239,2743375344,2743376474,15967,1130
29510.844328,2743383423,2743384559,15849,1136
29510.856273,2743391506,2743392643,15946,1137
29510.866800,2743399594,2743400731,15969,1137
29510.876330,2743407700,2743408837,15835,1137
29510.887834,2743415789,2743416923,15945,1134
29510.898360,2743423897,2743425034,15951,1137
29510.908327,2743432055,2743433187,15833,1132
29510.919394,2743440098,2743441236,15933,1138
29510.928331,2743448190,2743449328,15956,1138
29510.940327,2743456258,2743457392,15903,1134
29510.950955,2743464318,2743465453,15946,1135
29510.960326,2743472408,2743473545,15964,1137
29510.971991,2743480501,2743481634,15834,1133
29510.982515,2743488663,2743489801,15943,1138
29510.992328,2743496780,2743497917,15971,1137
29511.003553,2743504863,2743506001,15826,1138
29511.012329,2743512924,2743514061,15946,1137
29511.024332,2743521009,2743522145,15968,1136
29511.035111,2743529101,2743530237,15832,1136
29511.044327,2743537373,2743538510,15959,1137
29511.056159,2743545457,2743546595,15970,1138
29511.066672,2743553550,2743554686,15828,1136
29511.076330,2743561673,2743562810,15943,1137
29511.087719,2743569787,2743570924,15972,1137
29511.096328,2743577901,2743579037,15836,1136
29511.108331,2743585972,2743587106,15948,1134
29511.119279,2743594055,2743595189,15965,1134
29511.128331,2743602147,2743603285,15832,1138
29511.140312,2743610286,2743611424,15851,1138
29511.150840,2743618374,2743619510,15966,1136
29511.160328,2743626514,2743627648,15822,1134
29511.171874,2743634597,2743635734,15945,1137
29511.182401,2743642730,2743643867,16022,1137
29511.192332,2743650826,2743651963,15852,1137
29511.203434,2743658995,2743660132,15946,1137
29511.212330,2743667101,2743668245,15974,1144
29511.224328,2743675214,2743676350,15822,1136
29511.234995,2743683345,2743684480,15929,1135
29511.244333,2743691425,2743692562,15953,1137
29511.256033,2743699512,2743700645,15833,1133
29511.266557,2743707590,2743708727,15940,1137
29511.276328,2743715724,2743716860,15963,1136
29511.287599,2743723816,2743724953,15912,1137
29511.296333,2743731897,2743733034,15946,1137
29511.308328,2743740052,2743741188,15968,1136
29511.319152,2743748160,2743749298,15824,1138
29511.328331,2743756306,2743757444,15947,1138
29511.340197,2743764380,2743765517,15969,1137
29511.350712,2743772488,2743773622,15836,1134
29511.360329,2743780600,2743781732,15944,1132
29511.371759,2743788696,2743789833,15970,1137
29511.380333,2743796798,2743797931,15830,1133
29511.392331,2743804920,2743806054,15963,1134
29511.403319,2743812999,2743814137,15966,1138
29511.412331,2743821109,2743822247,15833,1138
29511.424328,2743829209,2743830346,15933,1137
29511.434880,2743837311,2743838442,15975,1131
29511.444330,2743845436,2743846573,15829,1137
29511.455915,2743853516,2743854653,15937,1137
29511.466440,2743861599,2743862735,15964,1136
29511.476330,2743869718,2743870862,15833,1144
29511.487473,2743877782,2743878919,15851,1137
29511.496336,2743885867,2743887001,15969,1134
29511.508335,2743893950,2743895087,15830,1137
29511.519035,2743902031,2743903169,15934,1138
29511.528328,2743910257,2743911391,15958,1134
29511.540071,2743918329,2743919463,15843,1134
29511.550595,2743926408,2743927540,15944,1132
29511.560328,2743934516,2743935653,15974,1137
29511.571635,2743942612,2743943754,15861,1142
29511.580330,2743950832,2743951970,15940,1138
29511.592328,2743958883,2743960028,15943,1145
29511.603195,2743966995,2743968135,15863,1140
29511.612328,2743975140,2743976276,15941,1136
29511.624239,2743983255,2743984389,15970,1134
29511.634760,2743991330,2743992465,15906,1135
29511.644328,2743999418,2744000554,15945,1136
29511.655799,2744007503,2744008639,15969,1136
29511.664328,2744015588,2744016724,15836,1136
29511.676327,2744023648,2744024785,15945,1137
29511.687358,2744031752,2744032886,15970,1134
29511.696327,2744039911,2744041049,15831,1138
29511.708327,2744047998,2744049136,15943,1138
29511.718920,2744056109,2744057246,15970,1137
29511.728329,2744064200,2744065336,15832,1136
29511.739955,2744072332,2744073469,15952,1137
29511.750481,2744080423,2744081558,15970,1135
29511.760329,2744088573,2744089706,15819,1133
29511.771515,2744096680,2744097817,15947,1137
29511.780335,2744104743,2744105877,15968,1134
29511.792329,2744112839,2744113977,15830,1138
29511.803075,2744120906,2744122043,15946,1137
29511.812334,2744129155,2744130289,15968,1134
29511.824111,2744137231,2744138369,15830,1138
29511.834634,2744145289,2744146425,15852,1136
29511.844330,2744153495,2744154629,15959,1134
29511.855672,2744161630,2744162763,15831,1133
29511.864334,2744169716,2744170850,15946,1134
29511.876334,2744177805,2744178946,15971,1141
29511.887232,2744185929,2744187063,15846,1134
29511.896328,2744194079,2744195216,15950,1137
29511.908279,2744202142,2744203278,15967,1136
29511.918792,2744210269,2744211407,15837,1138
29511.928330,2744218379,2744219516,15944,1137
29511.939841,2744226465,2744227599,15953,1134
29511.950353,2744234644,2744235787,15828,1143
29511.960331,2744242859,2744243996,15945,1137
29511.971400,2744250972,2744252106,15970,1134
29511.980329,2744259046,2744260183,15912,1137
29511.992332,2744267081,2744268219,15939,1138
29512.002960,2744275161,2744276299,15954,1138
29512.012327,2744283248,2744284383,15825,1135
29512.023995,2744291338,2744292472,15946,1134
29512.034519,2744299414,2744300550,16008,1136
29512.044331,2744307573,2744308710,15826,1137
29512.055554,2744315682,2744316819,15943,1137
29512.064334,2744323774,2744324911,15959,1137
29512.076330,2744331857,2744332990,15832,1133
29512.087114,2744339950,2744341094,15908,1144
29512.096329,2744348214,2744349351,15966,1137
29512.108154,2744356309,2744357450,15854,1141
29512.118676,2744364425,2744365571,15899,1146
29512.128327,2744372525,2744373662,15966,1137
29512.139714,2744380639,2744381780,15851,1141
29512.148330,2744388778,2744389918,15919,1140
29512.160336,2744396886,2744398022,15954,1136
29512.171273,2744404989,2744406126,15835,1137
29512.180328,2744413098,2744414236,15852,1138
29512.192320,2744421167,2744422305,15956,1138
29512.202835,2744429399,2744430533,15827,1134
29512.212331,2744437493,2744438629,15949,1136
29512.223879,2744445628,2744446766,16012,1138
29512.234393,2744453726,2744454863,15848,1137
29512.244327,2744461823,2744462966,15918,1143
29512.255440,2744469944,2744471080,15968,1136
29512.264327,2744478056,2744479192,15829,1136
29512.276330,2744486138,2744487276,15941,1138
29512.287000,2744494217,2744495351,15953,1134
29512.296328,2744502415,2744503556,15834,1141
29512.308034,2744510572,2744511717,15944,1145
29512.318562,2744518734,2744519880,15968,1146
29512.328332,2744526886,2744528024,15901,1138
29512.339595,2744535165,2744536302,15938,1137
29512.348329,2744543274,2744544411,15967,1137
29512.360329,2744551360,2744552498,15833,1138
29512.371155,2744559456,2744560590,15947,1134
29512.380327,2744567691,2744568828,15969,1137
29512.392192,2744575791,2744576936,15830,1145
29512.402712,2744583884,2744585032,15940,1148
29512.412330,2744591998,2744593142,15968,1144
29512.423752,2744600082,2744601216,15834,1134
29512.432329,2744608170,2744609306,15961,1136
29512.444329,2744616262,2744617402,15968,1140
29512.455312,2744624441,2744625575,15814,1134
29512.464329,2744632550,2744633688,15949,1138
29512.476330,2744640611,2744641748,15966,1137
29512.486873,2744648695,2744649831,15823,1136
29512.496330,2744656762,2744657899,15944,1137
29512.507919,2744664851,2744665996,15968,1145
29512.518436,2744672989,2744674130,15860,1141
29512.528328,2744681182,2744682319,15849,1137
29512.539480,2744689332,2744690472,15971,1140
29512.548328,2744697440,2744698575,15830,1135
29512.560329,2744705544,2744706677,15943,1133
29512.571044,2744713689,2744714826,16018,1137
29512.580327,2744721868,2744723005,15847,1137
29512.592075,2744730047,2744731181,15947,1134
29512.602602,2744738184,2744739324,15968,1140
29512.612333,2744746360,2744747494,15831,1134
29512.623635,2744754501,2744755635,15943,1134
29512.632331,2744762657,2744763793,15953,1136
29512.644331,2744770831,2744771968,15822,1137
29512.655195,2744778910,2744780051,15921,1141
29512.664329,2744787022,2744788159,15968,1137
29512.676239,2744795088,2744796222,15915,1134
29512.686756,2744803178,2744804315,15947,1137
29512.696333,2744811264,2744812401,15965,1137
29512.707792,2744819375,2744820513,15832,1138
29512.716328,2744827465,2744828598,15947,1133
29512.728334,2744835552,2744836689,15972,1137
29512.739352,2744843638,2744844776,15834,1138
29512.748330,2744851740,2744852882,15918,1142
29512.760329,2744859977,2744861122,15967,1145
29512.770913,2744868119,2744869257,15830,1138
29512.780328,2744876235,2744877373,15961,1138
29512.791960,2744884321,2744885458,15959,1137
29512.802474,2744892516,2744893661,15834,1145
29512.812329,2744900650,2744901788,15853,1138
29512.823520,2744908742,2744909887,15968,1145
29512.832330,2744916821,2744917954,15829,1133
29512.844328,2744924881,2744926026,15949,1145
29512.855081,2744932989,2744934122,15973,1133
29512.864327,2744941234,2744942371,15831,1137
29512.876113,2744949348,2744950485,15851,1137
29512.886641,2744957452,2744958585,15971,1133
29512.896329,2744965538,2744966672,15836,1134
29512.907675,2744973717,2744974863,15946,1146
29512.916329,2744981876,2744983017,15969,1141
29512.928330,2744990060,2744991206,15848,1146
29512.939235,2744998189,2744999327,15947,1138
29512.948330,2745006415,2745007551,16018,1136
29512.960271,2745014496,2745015633,15831,1137
29512.970796,2745022630,2745023768,15949,1138
29512.980328,2745030951,2745032087,15972,1136
29512.991832,2745039036,2745040182,15825,1146
29513.002356,2745047232,2745048365,15939,1133
29513.012330,2745055344,2745056487,15991,1143
29513.023400,2745063569,2745064711,15910,1142
29513.032333,2745071741,2745072878,15940,1137
29513.044328,2745079927,2745081061,16000,1134
29513.054953,2745087988,2745089126,15835,1138
29513.064331,2745096093,2745097234,15886,1141
29513.075998,2745104192,2745105330,15968,1138
29513.086513,2745112352,2745113490,15813,1138
29513.096330,2745120431,2745121577,15919,1146
29513.107560,2745128540,2745129683,15966,1143
29513.116335,2745136625,2745137761,15837,1136
29513.128333,2745144925,2745146063,15945,1138
29513.139121,2745153069,2745154203,15972,1134
29513.148333,2745161344,2745162479,15830,1135
29513.160155,2745169526,2745170662,15942,1136
29513.170682,2745177648,2745178789,15967,1141
29513.180334,2745185814,2745186960,15859,1146
29513.191715,2745194070,2745195214,15938,1144
29513.200334,2745202248,2745203382,15973,1134
29513.212333,2745210396,2745211533,15832,1137
29513.223276,2745218458,2745219595,15846,1137
29513.232328,2745226595,2745227736,15962,1141
29513.244312,2745234739,2745235883,15835,1144
29513.254836,2745242901,2745244042,15945,1141
29513.264331,2745251007,2745252147,15963,1140
29513.275872,2745259164,2745260309,15848,1145
29513.286397,2745267349,2745268492,15948,1143
29513.296335,2745275536,2745276678,15962,1142
29513.307434,2745283727,2745284867,15831,1140
29513.316330,2745292012,2745293156,15940,1144
29513.328330,2745300221,2745301359,15952,1138
29513.338993,2745308347,2745309488,15834,1141
29513.348331,2745316442,2745317579,15945,1137
29513.360040,2745324666,2745325810,15956,1144
29513.370561,2745332818,2745333955,15909,1137
29513.380328,2745340993,2745342137,15946,1144
29513.391600,2745349206,2745350351,15972,1145
29513.400328,2745357350,2745358494,15832,1144
29513.412328,2745365451,2745366586,15946,1135
29513.423159,2745373515,2745374661,16017,1146
29513.432330,2745381844,2745382985,15834,1141
29513.444195,2745389932,2745391069,15944,1137
29513.454722,2745398037,2745399175,15965,1138
29513.464328,2745406102,2745407239,15817,1137
29513.475757,2745414194,2745415333,15962,1139
29513.484330,2745422348,2745423482,16016,1134
29513.496335,2745430443,2745431584,15867,1141
29513.507314,2745438554,2745439699,15889,1145
29513.516328,2745446787,2745447925,15984,1138
29513.528329,2745454882,2745456027,15862,1145
29513.538876,2745463040,2745464183,15949,1143
29513.548331,2745471225,2745472366,15968,1141
29513.559913,2745479413,2745480550,15835,1137
29513.570435,2745487502,2745488648,15852,1146
29513.580332,2745495674,2745496819,15968,1145
29513.591474,2745503870,2745505016,15823,1146
29513.600329,2745512082,2745513224,15947,1142
29513.612329,2745520314,2745521456,15968,1142
29513.623036,2745528408,2745529550,15879,1142
29513.632333,2745536671,2745537816,15942,1145
29513.644081,2745544772,2745545910,15973,1138
29513.654596,2745552877,2745554017,15862,1140
29513.664332,2745561085,2745562232,15951,1147
29513.675641,2745569260,2745570401,15952,1141
29513.684328,2745577505,2745578650,15835,1145
29513.696334,2745585623,2745586766,15935,1143
29513.707201,2745593786,2745594930,15970,1144
29513.716333,2745602020,2745603165,15909,1145
29513.728235,2745610282,2745611428,15944,1146
29513.738761,2745618474,2745619619,15959,1145
29513.748330,2745626617,2745627757,15833,1140
29513.768333,2745636738,2745637369,12036,631
29513.780330,2745640815,2745641449,11975,634
29513.791361,2745647605,2745648738,15984,1133
29513.800326,2745655755,2745656891,15909,1136
29513.812328,2745663848,2745664980,15852,1132
29513.822922,2745671931,2745673068,15987,1137
29513.832326,2745680010,2745681148,15913,1138
29513.843953,2745688100,2745689237,15847,1137
29513.854482,2745696187,2745697324,15998,1137
29513.864327,2745704305,2745705441,15916,1136
29513.875513,2745712435,2745713572,15837,1137
29513.884328,2745720531,2745721672,15967,1141
29513.896333,2745728615,2745729749,16019,1134
29513.907074,2745736715,2745737856,15922,1141
29513.916329,2745745026,2745746159,16008,1133
29513.928120,2745753131,2745754264,16002,1133
29513.938634,2745761298,2745762440,15920,1142
29513.948331,2745769435,2745770575,16031,1140
29513.959679,2745777575,2745778716,16004,1141
29513.968327,2745785690,2745786831,15940,1141
29513.980333,2745793811,2745794948,16069,1137
29513.991241,2745801963,2745803101,16015,1138
29514.000330,2745810252,2745811394,15940,1142
29514.012281,2745818400,2745819536,16072,1136
29514.022800,2745826579,2745827720,16002,1141
29514.032331,2745834752,2745835893,15937,1141
29514.043839,2745842897,2745844038,15988,1141
29514.054361,2745850984,2745852122,15909,1138
29514.064332,2745859142,2745860286,15913,1144
29514.075400,2745867305,2745868450,15985,1145
29514.084328,2745875425,2745876566,15917,1141
29514.096328,2745883594,2745884740,15872,1146
29514.106959,2745891730,2745892871,15972,1141
29514.116329,2745899956,2745901102,15914,1146
29514.127993,2745908248,2745909394,15843,1146
29514.138519,2745916457,2745917601,15973,1144
29514.148328,2745924736,2745925880,15918,1144
29514.159553,2745933002,2745934143,15858,1141
29514.168328,2745941218,2745942362,15967,1144
29514.180328,2745949433,2745950577,15904,1144
29514.191113,2745957600,2745958746,15857,1146
29514.200332,2745965908,2745967053,15958,1145
29514.212159,2745974045,2745975186,15915,1141
29514.222674,2745982182,2745983328,15864,1146
29514.232328,2745990322,2745991467,15988,1145
29514.243723,2745998525,2745999670,15921,1145
29514.252330,2746006691,2746007836,15832,1145
29514.264329,2746013394,2746014531,15851,1137
29514.275281,2746021467,2746022604,15913,1137
29514.284333,2746029556,2746030694,15845,1138
29514.296321,2746037644,2746038782,16004,1138
29514.306841,2746045749,2746046894,15915,1145
29514.316331,2746053925,2746055058,15847,1133
29514.327881,2746062015,2746063161,16082,1146
29514.338402,2746070357,2746071498,15992,1141
29514.348334,2746078766,2746079906,15919,1140
29514.359440,2746087020,2746088165,16058,1145
29514.368327,2746095156,2746096301,16001,1145
29514.380330,2746103350,2746104496,15830,1146
29514.391002,2746111496,2746112640,15985,1144
29514.400329,2746119712,2746120854,15907,1142
29514.412039,2746127928,2746129073,15912,1145
29514.422561,2746136136,2746137281,15982,1145
29514.432334,2746144465,2746145611,15917,1146
29514.443592,2746152770,2746153911,15766,1141
29514.452327,2746160964,2746162100,15997,1136
29514.464330,2746169072,2746170209,15914,1137
29514.475154,2746177188,2746178333,15848,1145
29514.484328,2746185516,2746186662,15999,1146
29514.496200,2746193764,2746194911,15914,1147
29514.506714,2746202000,2746203142,15828,1142
29514.516329,2746210266,2746211412,15997,1146
29514.527762,2746218496,2746219635,15914,1139
29514.536329,2746226651,2746227796,15832,1145
29514.548329,2746234790,2746235934,15982,1144
29514.559322,2746243003,2746244145,15916,1142
29514.568328,2746251194,2746252336,15835,1142
29514.580334,2746259395,2746260529,15979,1134
29514.590880,2746267568,2746268714,15915,1146
29514.600328,2746275739,2746276883,15876,1144
29514.611920,2746283867,2746285013,15920,1146
29514.622441,2746292056,2746293198,15918,1142
29514.632330,2746300171,2746301317,15848,1146
29514.643482,2746308310,2746309451,15986,1141
29514.652330,2746316430,2746317575,15920,1145
29514.664329,2746324572,2746325716,15848,1144
29514.675042,2746332734,2746333880,16000,1146
29514.684329,2746341021,2746342166,15914,1145
29514.696074,2746349189,2746350327,15822,1138
29514.706601,2746357369,2746358511,15983,1142
29514.716335,2746365545,2746366683,15894,1138
29514.727634,2746373631,2746374777,15827,1146
29514.736335,2746381804,2746382946,15982,1142
29514.748329,2746390046,2746391191,15911,1145
29514.759200,2746398154,2746399300,15898,1146
29514.768331,2746406486,2746407630,15984,1144
29514.780240,2746414596,2746415738,15906,1142
29514.790754,2746422730,2746423875,15847,1145
29514.800330,2746430888,2746432033,15996,1145
29514.811800,2746439133,2746440274,15919,1141
29514.820330,2746447342,2746448484,15869,1142
29514.832331,2746455484,2746456625,16002,1141
29514.843362,2746463625,2746464765,15918,1140
29514.852330,2746471869,2746473014,15833,1145
29514.864331,2746480036,2746481180,16007,1144
29514.874922,2746488309,2746489451,15915,1142
29514.884328,2746496527,2746497670,15837,1143
29514.895962,2746504759,2746505900,15986,1141
29514.906481,2746513088,2746514232,15913,1144
29514.916329,2746521432,2746522577,15834,1145
29514.927520,2746529604,2746530749,15982,1145
29514.936331,2746537763,2746538904,15919,1141
29514.948331,2746545985,2746547129,15840,1144
29514.959081,2746554121,2746555263,15910,1142
29514.968335,2746562209,2746563355,16002,1146
29514.980113,2746570372,2746571517,15929,1145
29514.990643,2746578488,2746579633,16062,1145
29515.000327,2746586693,2746587839,16003,1146
29515.011674,2746594946,2746596092,15938,1146
29515.020331,2746603069,2746604211,16045,1142
29515.032331,2746611239,2746612380,15992,1141
29515.043234,2746619432,2746620574,15919,1142
29515.052330,2746627859,2746629000,16067,1141
29515.064280,2746636016,2746637159,15916,1143
29515.074800,2746644229,2746645376,15902,1147
29515.084331,2746652447,2746653594,15918,1147
29515.095838,2746660756,2746661897,15915,1141
29515.106360,2746668885,2746670030,15906,1145
29515.116333,2746677047,2746678189,15914,1142
29515.127399,2746685260,2746686405,15912,1145
29515.136328,2746693398,2746694543,15916,1145
29515.148335,2746701589,2746702733,16015,1144
29515.158961,2746709803,2746710947,15919,1144
29515.168328,2746717968,2746719111,15842,1143
29515.179998,2746726219,2746727360,15974,1141
29515.190520,2746734397,2746735538,16003,1141
29515.200330,2746742601,2746743747,15942,1146
29515.211561,2746750867,2746752012,16077,1145
29515.220330,2746759060,2746760204,16003,1144
29515.232330,2746767201,2746768347,15935,1146
29515.243119,2746775467,2746776612,16061,1145
29515.252329,2746783772,2746784918,16001,1146
29515.264154,2746792108,2746793243,15829,1135
29515.274683,2746800271,2746801417,15995,1146
29515.284330,2746808411,2746809556,15920,1145
29515.295714,2746816547,2746817692,15848,1145
29515.304327,2746824753,2746825899,15923,1146
29515.316327,2746832916,2746834057,15916,1141
29515.327275,2746841074,2746842215,15835,1141
29515.336328,2746849381,2746850524,15998,1143
29515.348321,2746857619,2746858759,15914,1140
29515.358835,2746865778,2746866924,15845,1146
29515.368332,2746873973,2746875118,16085,1145
29515.379881,2746882212,2746883357,15990,1145
29515.390395,2746890397,2746891539,15922,1142
29515.400331,2746898653,2746899798,16072,1145
29515.411442,2746906912,2746908054,15914,1142
29515.420327,2746915144,2746916289,15832,1145
29515.432328,2746923326,2746924474,15984,1148
29515.443001,2746931492,2746932638,15914,1146
29515.452332,2746939651,2746940796,15913,1145
29515.464041,2746947827,2746948970,16050,1143
29515.474561,2746955944,2746957082,15912,1138
29515.484335,2746964253,2746965396,15849,1143
29515.495602,2746972421,2746973559,15997,1138
29515.504332,2746980569,2746981711,15912,1142
29515.516328,2746988798,2746989943,15848,1145
29515.527162,2746996973,2746998115,15993,1142
29515.536333,2747005415,2747006560,15917,1145
29515.548196,2747013603,2747014743,15826,1140
29515.558723,2747021919,2747023061,15998,1142
29515.568331,2747030253,2747031395,15915,1142
29515.579754,2747038410,2747039550,15833,1140
29515.588333,2747046539,2747047685,15983,1146
29515.600333,2747054733,2747055875,15921,1142
29515.611314,2747062871,2747064017,15844,1146
29515.620331,2747071165,2747072307,15973,1142
29515.632336,2747079446,2747080593,15908,1147
29515.642875,2747087713,2747088859,15846,1146
29515.652331,2747096143,2747097289,15910,1146
29515.663920,2747104368,2747105511,15912,1143
29515.674435,2747112688,2747113830,15838,1142
29515.684334,2747120804,2747121944,16001,1140
29515.695482,2747128991,2747130133,15916,1142
29515.704333,2747137127,2747138273,15836,1146
29515.716328,2747145288,2747146433,16004,1145
29515.727043,2747153446,2747154592,15905,1146
29515.736331,2747161907,2747163053,15821,1146
29515.748081,2747170191,2747171331,15990,1140
29515.758601,2747178545,2747179692,15915,1147
29515.768329,2747186794,2747187935,15849,1141
29515.779641,2747194933,2747196075,15997,1142
29515.788329,2747203104,2747204250,15919,1146
29515.800330,2747211389,2747212535,15907,1146
29515.811202,2747219675,2747220816,16002,1141
29515.820331,2747228009,2747229154,15920,1145
29515.832234,2747236170,2747237317,15850,1147
29515.842765,2747244414,2747245560,15998,1146
29515.852330,2747252716,2747253862,15900,1146
29515.863794,2747261026,2747262166,15852,1140
29515.872331,2747269313,2747270452,16000,1139
29515.884332,2747277566,2747278707,15901,1141
29515.895355,2747285734,2747286879,15825,1145
29515.904327,2747294057,2747295203,16002,1146
29515.916331,2747302388,2747303530,15916,1142
29515.926915,2747310521,2747311667,15836,1146
29515.936330,2747318731,2747319877,15983,1146
29515.947960,2747326938,2747328083,15919,1145
29515.958476,2747335100,2747336246,15831,1146
29515.968328,2747343239,2747344384,15987,1145
29515.979521,2747351413,2747352554,15916,1141
29515.988330,2747359646,2747360791,15846,1145
29516.000328,2747367810,2747368956,15919,1146
29516.011081,2747376055,2747377201,15917,1146
29516.020329,2747384363,2747385510,15844,1147
29516.032122,2747392539,2747393684,15977,1145
29516.042642,2747400746,2747401892,15909,1146
29516.052330,2747408924,2747410070,15918,1146
29516.063682,2747417085,2747418227,16087,1142
29516.072328,2747425223,2747426364,16000,1141
29516.084333,2747433416,2747434562,15834,1146
29516.095241,2747441553,2747442698,15977,1145
29516.104334,2747449856,2747451002,15910,1146
29516.116273,2747458016,2747459162,15832,1146
29516.126802,2747466250,2747467396,15986,1146
29516.136329,2747474463,2747475604,15919,1141
29516.147841,2747482824,2747483966,15912,1142
29516.158362,2747491190,2747492332,15983,1142
29516.168330,2747499309,2747500450,15917,1141
29516.179395,2747507473,2747508615,15847,1142
29516.188328,2747515875,2747517021,16005,1146
29516.200328,2747524116,2747525262,15913,1146
29516.210955,2747532408,2747533550,15830,1142
29516.220329,2747540689,2747541830,15984,1141
29516.232001,2747548895,2747550041,15919,1146
29516.242516,2747557138,2747558284,15852,1146
29516.252327,2747565293,2747566438,15987,1145
29516.263561,2747573502,2747574640,15902,1138
29516.272335,2747581757,2747582903,15849,1146
29516.284334,2747589906,2747591052,15969,1146
29516.295123,2747598096,2747599242,15917,1146
29516.304328,2747606525,2747607670,15836,1145
29516.316162,2747614667,2747615813,15997,1146
29516.326683,2747622881,2747624027,15925,1146
29516.336327,2747631172,2747632318,15824,1146
29516.347722,2747639275,2747640420,15910,1145
29516.356328,2747647440,2747648586,15910,1146
29516.368330,2747655621,2747656766,15835,1145
29516.379281,2747663791,2747664936,15984,1145
29516.388333,2747672022,2747673168,15912,1146
29516.400314,2747680192,2747681334,15828,1142
29516.410842,2747688354,2747689497,15985,1143
29516.420328,2747696491,2747697638,15910,1147
29516.431874,2747704697,2747705838,15852,1141
29516.442404,2747712826,2747713968,15988,1142
29516.452329,2747721088,2747722234,15912,1146
29516.463434,2747729331,2747730470,15829,1139
29516.472327,2747737635,2747738782,16000,1147
29516.484328,2747745844,2747746990,15908,1146
29516.495002,2747754044,2747755187,15912,1143
29516.504327,2747762266,2747763412,16003,1146
29516.516041,2747770621,2747771764,15916,1143
29516.526555,2747778861,2747780008,15847,1147
29516.536328,2747787027,2747788169,15998,1142
29516.547601,2747795199,2747796344,15919,1145
29516.556336,2747803383,2747804529,15845,1146
29516.568328,2747811544,2747812689,15988,1145
29516.579162,2747819773,2747820917,15913,1144
29516.588328,2747828024,2747829170,15839,1146
29516.600201,2747836189,2747837334,15987,1145
29516.610722,2747844414,2747845560,16003,1146
29516.620329,2747852671,2747853814,15935,1143
29516.631762,2747860882,2747862023,16088,1141
29516.640328,2747869041,2747870187,16004,1146
29516.652327,2747877301,2747878447,15933,1146
29516.663322,2747885539,2747886678,16081,1139
29516.672332,2747893826,2747894973,16007,1147
29516.684335,2747902070,2747903215,15927,1145
29516.694883,2747910275,2747911422,15922,1147
29516.704330,2747918527,2747919673,15907,1146
29516.715915,2747926749,2747927890,15865,1141
29516.726441,2747934897,2747936042,15961,1145
29516.736333,2747943060,2747944201,15925,1141
29516.747475,2747951218,2747952365,15847,1147
29516.756331,2747959407,2747960549,15970,1142
29516.768332,2747967554,2747968696,15911,1142
29516.779035,2747975761,2747976906,15864,1145
29516.788328,2747984042,2747985188,15966,1146
29516.800081,2747992206,2747993352,15912,1146
29516.810596,2748000597,2748001742,15868,1145
29516.820328,2748008785,2748009928,15986,1143
29516.831641,2748017147,2748018293,15913,1146
29516.840328,2748025489,2748026635,15908,1146
29516.852328,2748033656,2748034798,15967,1142
29516.863202,2748041808,2748042948,15920,1140
29516.872329,2748050161,2748051308,15846,1147
29516.884240,2748058296,2748059437,15989,1141
29516.894763,2748066604,2748067743,15919,1139
29516.904331,2748074788,2748075930,15836,1142
29516.915801,2748083000,2748084145,15985,1145
29516.924328,2748091230,2748092376,15912,1146
29516.936327,2748099439,2748100582,15846,1143
29516.947363,2748107695,2748108837,16007,1142
29516.956332,2748116054,2748117196,15902,1142
29516.968327,2748124361,2748125508,15839,1147
29516.978922,2748132550,2748133691,15982,1141
29516.988331,2748140855,2748142000,15914,1145
29516.999956,2748149038,2748150179,15847,1141
29517.010484,2748157178,2748158324,15984,1146
29517.020328,2748165377,2748166523,15918,1146
29517.031516,2748173516,2748174662,15833,1146
29517.040329,2748181671,2748182817,15916,1146
29517.052328,2748189882,2748191024,15906,1142
29517.063075,2748198019,2748199164,15829,1145
29517.072329,2748206350,2748207491,15980,1141
29517.084121,2748214553,2748215694,15914,1141
29517.094630,2748222685,2748223836,15818,1151
29517.104331,2748230984,2748232130,16003,1146
29517.115683,2748239154,2748240300,15914,1146
29517.124332,2748247449,2748248592,15831,1143
29517.136329,2748255587,2748256733,16000,1146
29517.147243,2748263759,2748264905,15924,1146
29517.156334,2748271946,2748273094,15852,1148
29517.168281,2748280138,2748281285,15982,1147
29517.178802,2748288300,2748289441,15915,1141
29517.188330,2748296591,2748297734,15906,1143
29517.199843,2748304782,2748305925,15993,1143
29517.210363,2748312943,2748314090,15919,1147
29517.220332,2748321124,2748322270,15845,1146
29517.231402,2748329440,2748330586,15984,1146
29517.240334,2748337675,2748338818,15920,1143
29517.252328,2748345962,2748347108,15833,1146
29517.262962,2748354112,2748355256,15975,1144
29517.272327,2748362325,2748363472,15904,1147
29517.283995,2748370573,2748371717,15938,1144
29517.294523,2748378738,2748379880,16071,1142
29517.304330,2748386939,2748388085,15916,1146
29517.315555,2748395253,2748396396,15833,1143
29517.324329,2748403490,2748404636,16004,1146
29517.336329,2748411655,2748412797,15913,1142
29517.347116,2748419856,2748420998,15849,1142
29517.356330,2748428240,2748429386,15976,1146
29517.368162,2748436419,2748437566,15919,1147
29517.378677,2748444664,2748445805,15831,1141
29517.388328,2748452950,2748454094,15925,1144
29517.399721,2748461144,2748462291,15915,1147
29517.408331,2748469283,2748470428,15832,1145
29517.420328,2748477401,2748478546,15987,1145
29517.431282,2748485591,2748486736,15915,1145
29517.440328,2748493903,2748495049,15831,1146
29517.452323,2748502207,2748503350,16001,1143
29517.462842,2748510367,2748511506,15996,1139
29517.472331,2748518600,2748519745,15908,1145
29517.483881,2748526765,2748527907,16068,1142
29517.494405,2748534938,2748536084,16007,1146
29517.504331,2748543270,2748544417,15847,1147
29517.515442,2748551636,2748552783,15976,1147
29517.524331,2748560029,2748561175,15916,1146
29517.536333,2748568282,2748569427,15911,1145
29517.547001,2748576490,2748577632,15966,1142
29517.556330,2748584679,2748585824,15918,1145
29517.568035,2748593034,2748594175,15862,1141
29517.578561,2748601213,2748602357,15971,1144
29517.588330,2748609535,2748610682,15894,1147
29517.599595,2748617828,2748618975,15847,1147
29517.608330,2748626138,2748627284,15967,1146
29517.620328,2748634357,2748635503,15902,1146
29517.631155,2748642528,2748643673,15850,1145
29517.640329,2748650865,2748652010,15975,1145
29517.652201,2748659033,2748660175,15914,1142
29517.662716,2748667316,2748668460,15839,1144
29517.672328,2748675596,2748676741,15977,1145
29517.683762,2748683831,2748684972,15916,1141
29517.692328,2748692006,2748693149,15850,1143
29517.704329,2748700170,2748701316,15986,1146
29517.715324,2748708389,2748709534,15905,1145
29517.724329,2748716648,2748717791,15839,1143
29517.736329,2748724888,2748726034,15919,1146
29517.746882,2748733024,2748734172,15917,1148
29517.756330,2748741238,2748742380,15826,1142
29517.767918,2748749632,2748750778,15949,1146
29517.778444,2748757995,2748759141,15951,1146
29517.788336,2748766434,2748767576,15828,1142
29517.799478,2748774675,2748775821,15943,1146
29517.808327,2748782820,2748783966,15974,1146
29517.820328,2748791027,2748792169,15827,1142
29517.831039,2748799216,2748800362,15951,1146
29517.840330,2748807540,2748808687,15951,1147
29517.852075,2748815764,2748816906,15840,1142
29517.862599,2748824000,2748825142,15934,1142
29517.872329,2748832165,2748833310,15971,1145
29517.883642,2748840287,2748841429,15896,1142
29517.892327,2748848525,2748849670,15961,1145
29517.904329,2748856658,2748857800,15975,1142
29517.915198,2748864804,2748865950,15828,1146
29517.924329,2748873165,2748874311,15952,1146
29517.936241,2748881426,2748882571,15970,1145
29517.946757,2748889694,2748890836,15833,1142
29517.956330,2748897954,2748899097,15940,1143
29517.967804,2748906119,2748907265,15969,1146
29517.976330,2748914362,2748915505,15846,1143
29517.988333,2748922524,2748923670,15943,1146
29517.999363,2748930696,2748931838,15978,1142
29518.008331,2748938886,2748940031,15832,1145
29518.020330,2748947190,2748948336,15950,1146
29518.030924,2748955333,2748956479,15966,1146
29518.040327,2748963695,2748964838,15829,1143
29518.051957,2748971973,2748973119,15930,1146
29518.062485,2748980157,2748981301,15958,1144
29518.072327,2748988350,2748989496,15827,1146
29518.083517,2748996537,2748997683,15848,1146
29518.092331,2749004723,2749005869,15966,1146
29518.104328,2749012999,2749014141,15831,1142
29518.115076,2749021286,2749022436,15930,1150
29518.124333,2749029831,2749030978,15967,1147
29518.136116,2749038048,2749039194,15831,1146
29518.146639,2749046214,2749047361,15944,1147
29518.156329,2749054557,2749055703,15970,1146
29518.167676,2749062832,2749063979,15832,1147
29518.176335,2749071010,2749072151,15943,1141
29518.188330,2749079296,2749080437,15971,1141
29518.199238,2749087448,2749088590,15832,1142
29518.208330,2749095696,2749096837,15962,1141
29518.220283,2749103873,2749105014,15969,1141
29518.230803,2749112015,2749113162,15900,1147
29518.240330,2749120183,2749121329,15952,1146
29518.251843,2749128417,2749129563,15970,1146
29518.262356,2749136684,2749137828,15863,1144
29518.272327,2749144945,2749146092,15954,1147
29518.283402,2749153118,2749154260,15955,1142
29518.292327,2749161300,2749162447,15833,1147
29518.304329,2749169524,2749170669,15951,1145
29518.314962,2749177687,2749178835,15954,1148
29518.324333,2749185863,2749187011,15847,1148
29518.335998,2749194132,2749195279,15947,1147
29518.346524,2749202395,2749203538,15940,1143
29518.356328,2749210710,2749211856,15834,1146
29518.367559,2749218957,2749220103,15945,1146
29518.376334,2749227119,2749228264,15970,1145
29518.388328,2749235333,2749236480,15832,1147
29518.399120,2749243595,2749244742,15940,1147
29518.408327,2749252024,2749253170,15962,1146
29518.420155,2749260261,2749261408,15838,1147
29518.430678,2749268527,2749269670,15864,1143
29518.440337,2749276684,2749277829,15955,1145
29518.451715,2749284847,2749285993,15830,1146
29518.460328,2749293110,2749294256,15947,1146
29518.472329,2749301249,2749302394,15957,1145
29518.483276,2749309393,2749310538,15847,1145
29518.492337,2749317600,2749318747,15952,1147
29518.504323,2749325747,2749326890,15956,1143
29518.514836,2749333919,2749335062,15832,1143
29518.524335,2749342234,2749343377,15849,1143
29518.535884,2749350525,2749351670,15957,1145
29518.546397,2749358721,2749359869,15834,1148
29518.556333,2749366969,2749368115,15946,1146
29518.567444,2749375141,2749376286,15970,1145
29518.576334,2749383335,2749384476,15903,1141
29518.588331,2749391518,2749392660,15935,1142
29518.599004,2749399756,2749400903,15966,1147
29518.608331,2749407945,2749409088,15831,1143
29518.620038,2749416271,2749417418,15930,1147
29518.630563,2749424884,2749426030,15974,1146
29518.640328,2749433193,2749434340,15828,1147
29518.651599,2749441343,2749442486,15947,1143
29518.660328,2749449628,2749450769,15956,1141
29518.672336,2749457924,2749459071,15832,1147
29518.683161,2749466173,2749467316,15960,1143
29518.692330,2749474480,2749475626,15952,1146
29518.704195,2749482640,2749483781,15829,1141
29518.714717,2749490782,2749491929,15887,1147
29518.724329,2749499027,2749500175,15967,1148
29518.735756,2749507219,2749508365,15847,1146
29518.744331,2749515441,2749516585,15949,1144
29518.756327,2749523606,2749524752,15965,1146
29518.767316,2749531770,2749532913,15840,1143
29518.776328,2749540006,2749541151,15852,1145
29518.788331,2749548197,2749549342,15967,1145
29518.798876,2749556419,2749557566,15830,1147
29518.808327,2749564704,2749565851,15946,1147
29518.819924,2749573088,2749574234,15973,1146
29518.830436,2749581280,2749582423,15827,1143
29518.840336,2749589573,2749590721,15949,1148
29518.851484,2749597842,2749598990,15969,1148
29518.860328,2749606107,2749607252,15821,1145
29518.872327,2749614399,2749615542,15945,1143
29518.883044,2749622576,2749623719,15961,1143
29518.892328,2749630988,2749632134,15831,1146
29518.904078,2749639174,2749640315,15943,1141
29518.914605,2749647313,2749648460,15969,1147
29518.924329,2749655481,2749656626,15913,1145
29518.935639,2749663785,2749664930,15946,1145
29518.944328,2749671997,2749673141,15969,1144
29518.956328,2749680161,2749681308,15828,1147
29518.967199,2749688299,2749689445,15946,1146
29518.976331,2749696591,2749697734,15968,1143
29518.988236,2749704895,2749706042,15830,1147
29518.998760,2749713087,2749714229,15947,1142
29519.008331,2749721294,2749722441,15970,1147
29519.019796,2749729459,2749730606,15831,1147
29519.028329,2749737772,2749738913,15959,1141
29519.040329,2749745912,2749747056,15966,1144
29519.051356,2749754126,2749755270,15832,1144
29519.060332,2749762388,2749763529,15937,1141
29519.072328,2749770591,2749771736,15965,1145
29519.082917,2749778721,2749779868,15832,1147
29519.092326,2749786886,2749788033,15938,1147
29519.103964,2749795045,2749796187,15958,1142
29519.114477,2749803234,2749804380,15831,1146
29519.124328,2749811445,2749812588,15851,1143
29519.135525,2749819746,2749820893,16021,1147
29519.144333,2749828024,2749829170,15832,1146
29519.156329,2749836292,2749837438,15936,1146
29519.167084,2749844430,2749845577,15956,1147
29519.176333,2749852775,2749853919,15849,1144
29519.188118,2749861015,2749862157,15947,1142
29519.198645,2749869198,2749870339,15973,1141
29519.208333,2749877359,2749878500,15833,1141
29519.219679,2749885576,2749886723,15946,1147
29519.228328,2749893777,2749894924,15996,1147
29519.240331,2749901943,2749903088,15832,1145
29519.251240,2749910177,2749911320,15949,1143
29519.260330,2749918563,2749919704,15958,1141
29519.272283,2749926850,2749927997,15909,1147
29519.282800,2749935049,2749936192,15951,1143
29519.292335,2749943249,2749944395,15967,1146
29519.303837,2749951491,2749952637,15833,1146
29519.314360,2749959798,2749960943,15940,1145
29519.324332,2749968118,2749969265,15963,1147
29519.335396,2749976363,2749977509,15838,1146
29519.344333,2749984564,2749985709,15948,1145
29519.356328,2749992862,2749994009,15966,1147
29519.366957,2750001173,2750002320,15829,1147
29519.376327,2750009402,2750010546,15934,1144
29519.388004,2750017574,2750018716,15973,1142
29519.398517,2750025857,2750026999,15831,1142
29519.408335,2750034083,2750035225,15939,1142
29519.419565,2750042467,2750043610,15970,1143
29519.428335,2750050785,2750051933,15832,1148
29519.440329,2750058990,2750060137,15942,1147
29519.451124,2750067352,2750068498,15965,1146
29519.460330,2750075862,2750077005,15830,1143
29519.472156,2750084009,2750085150,15844,1141
29519.482685,2750092228,2750093374,15950,1146
29519.492329,2750100520,2750101664,15829,1144
29519.503719,2750108690,2750109837,15929,1147
29519.512333,2750116833,2750117980,15972,1147
29519.524330,2750125044,2750126186,15849,1142
29519.535280,2750133355,2750134501,15951,1146
29519.544332,2750141610,2750142752,16029,1142
29519.556316,2750149846,2750150991,15835,1145
29519.566840,2750158069,2750159209,15946,1140
29519.576333,2750166278,2750167422,15960,1144
29519.587878,2750174648,2750175795,15830,1147
29519.598401,2750183064,2750184211,15945,1147
29519.608328,2750191356,2750192503,15965,1147
29519.619444,2750199524,2750200667,15913,1143
29519.628331,2750207817,2750208958,15949,1141
29519.640328,2750216129,2750217276,15967,1147
29519.650996,2750224352,2750225498,15833,1146
29519.660328,2750232589,2750233730,15949,1141
29519.672042,2750240821,2750241964,15967,1143
29519.682557,2750248952,2750250096,15830,1144
29519.692329,2750257211,2750258355,15939,1144
29519.703604,2750265451,2750266594,15969,1143
29519.712329,2750273661,2750274807,15833,1146
29519.724334,2750281900,2750283047,15964,1147
29519.735165,2750290095,2750291242,15970,1147
29519.744329,2750298407,2750299553,15834,1146
29519.756199,2750306662,2750307807,15949,1145
29519.766725,2750314879,2750316025,15969,1146
29519.776332,2750323042,2750324187,15834,1145
29519.787757,2750331285,2750332433,15886,1148
29519.796335,2750339523,2750340669,15968,1146
29519.808327,2750347798,2750348945,15834,1147
29519.819318,2750356060,2750357209,15837,1149
29519.828328,2750364467,2750365614,15967,1147
29519.840328,2750372677,2750373823,15826,1146
29519.850880,2750380815,2750381958,15947,1143
29519.860328,2750389006,2750390152,15968,1146
29519.871916,2750397225,2750398368,15835,1143
29519.882440,2750405421,2750406563,15949,1142
29519.892331,2750413660,2750414805,15971,1145
29519.903477,2750421861,2750423007,15829,1146
29519.912327,2750430042,2750431183,15949,1141
29519.924328,2750438332,2750439479,15950,1147
29519.935038,2750446629,2750447773,15826,1144
29519.944327,2750455083,2750456225,15934,1142
29519.956085,2750463428,2750464575,15970,1147
29519.966605,2750471650,2750472797,15906,1147
29519.976330,2750479846,2750480987,15946,1141
29519.987645,2750488048,2750489190,15967,1142
29519.996329,2750496259,2750497406,15831,1147
29520.008328,2750504473,2750505614,15950,1141
29520.019204,2750512737,2750513884,15974,1147
29520.028328,2750520939,2750522081,15832,1142
29520.040239,2750529243,2750530385,15948,1142
29520.050765,2750537485,2750538628,15967,1143
29520.060327,2750545700,2750546842,15833,1142
29520.071801,2750553911,2750555057,15957,1146
29520.080327,2750562075,2750563218,15971,1143
29520.092331,2750570329,2750571477,15921,1148
29520.103360,2750578598,2750579745,15853,1147
29520.112332,2750587030,2750588177,15995,1147
29520.124334,2750595231,2750596375,15918,1144
29520.134917,2750603510,2750604653,15831,1143
29520.144329,2750611700,2750612846,15983,1146
29520.155964,2750620005,2750621152,15915,1147
29520.166479,2750628180,2750629323,15851,1143
29520.176332,2750636464,2750637607,15958,1143
29520.187517,2750644612,2750645758,15832,1146
29520.196334,2750652773,2750653918,15944,1145
29520.208329,2750661015,2750662157,15969,1142
29520.219077,2750669237,2750670379,15844,1142
29520.228328,2750677591,2750678734,15945,1143
29520.240124,2750685778,2750686925,15969,1147
29520.250638,2750694190,2750695334,15836,1144
29520.260330,2750702502,2750703646,15945,1144
29520.271685,2750710795,2750711942,15941,1147
29520.280328,2750719061,2750720208,15833,1147
29520.292331,2750727290,2750728433,15940,1143
29520.303245,2750735620,2750736768,15970,1148
29520.312327,2750743820,2750744963,15916,1143
29520.324279,2750752128,2750753270,15946,1142
29520.334805,2750760443,2750761588,15968,1145
29520.344328,2750768633,2750769780,15831,1147
29520.355840,2750776854,2750778000,15914,1146
29520.366364,2750785216,2750786359,15972,1143
29520.376329,2750793457,2750794601,15844,1144
29520.387400,2750801845,2750802992,15943,1147
29520.396353,2750810137,2750811284,15955,1147
29520.408328,2750818427,2750819570,15845,1143
29520.418962,2750826657,2750827799,15962,1142
29520.428330,2750834971,2750836118,15958,1147
29520.439997,2750843172,2750844319,15849,1147
29520.450520,2750851393,2750852540,15939,1147
29520.460330,2750859589,2750860732,15956,1143
29520.471557,2750867800,2750868946,15849,1146
29520.480334,2750875987,2750877130,15947,1143
29520.492331,2750884155,2750885302,15957,1147
29520.503118,2750892380,2750893523,15846,1143
29520.512333,2750900709,2750901855,15849,1146
29520.524163,2750908897,2750910043,15961,1146
29520.534678,2750917134,2750918277,15844,1143
29520.544328,2750925395,2750926538,15944,1143
29520.555724,2750933709,2750934850,15958,1141
29520.564332,2750941848,2750942995,15846,1147
29520.576329,2750950108,2750951251,15932,1143
29520.587285,2750958357,2750959504,15971,1147
29520.596329,2750966548,2750967691,15835,1143
29520.608319,2750974758,2750975901,15942,1143
29520.618845,2750982986,2750984133,15954,1147
29520.628328,2750991321,2750992468,15830,1147
29520.639880,2750999516,2751000658,15947,1142
29520.650408,2751007710,2751008857,15991,1147
29520.660330,2751015974,2751017121,15903,1147
29520.671440,2751024312,2751025459,15939,1147
29520.680328,2751032695,2751033838,15966,1143
29520.692334,2751040867,2751042011,15825,1144
29520.703001,2751049157,2751050306,15945,1149
29520.712328,2751057500,2751058647,15991,1147
29520.724037,2751065770,2751066912,15827,1142
29520.734561,2751074006,2751075154,15950,1148
29520.744328,2751082422,2751083564,15967,1142
29520.755598,2751090641,2751091788,15829,1147
29520.764330,2751098916,2751100064,15961,1148
29520.776331,2751107125,2751108266,15968,1141
29520.787158,2751115354,2751116497,15830,1143
29520.796329,2751123759,2751124906,15945,1147
29520.808204,2751132018,2751133164,15971,1146
29520.818718,2751140158,2751141305,15834,1147
29520.828333,2751148527,2751149672,15947,1145
29520.839765,2751156763,2751157907,15974,1144
29520.848328,2751164970,2751166117,15830,1147
29520.860328,2751173240,2751174389,15851,1149
29520.871326,2751181533,2751182680,15960,1147
29520.880328,2751189821,2751190968,15834,1147
29520.892330,2751198073,2751199218,15934,1145
29520.902886,2751206310,2751207456,15967,1146
29520.912328,2751214678,2751215820,15846,1142
29520.923920,2751222865,2751224012,15940,1147
29520.934446,2751231043,2751232186,15966,1143
29520.944331,2751239472,2751240617,15832,1145
29520.955480,2751247741,2751248888,15936,1147
29520.964327,2751256233,2751257375,15956,1142
29520.976329,2751264506,2751265648,15826,1142
29520.987040,2751272773,2751273921,15949,1148
29520.996327,2751281337,2751282481,15965,1144
29521.008085,2751289631,2751290778,15909,1147
29521.018601,2751297826,2751298974,15941,1148
29521.028331,2751306064,2751307207,15974,1143
29521.039637,2751314255,2751315402,15829,1147
29521.048330,2751322599,2751323747,15946,1148
29521.060329,2751330841,2751331988,15966,1147
29521.071198,2751339108,2751340256,15834,1148
29521.080327,2751347409,2751348551,15942,1142
29521.092245,2751355593,2751356738,15968,1145
29521.102758,2751363928,2751365071,15820,1143
29521.112328,2751372290,2751373437,15965,1147
29521.123805,2751380661,2751381803,15966,1142
29521.132336,2751389126,2751390270,15834,1144
29521.144327,2751397298,2751398441,15947,1143
29521.155365,2751405474,2751406622,15962,1148
29521.164332,2751413689,2751414831,15821,1142
29521.176330,2751421951,2751423097,15929,1146
29521.186926,2751430319,2751431465,15968,1146
29521.196332,2751438529,2751439676,15834,1147
29521.207960,2751446673,2751447817,15850,1144
29521.218486,2751455036,2751456182,15971,1146
29521.228333,2751463274,2751464422,15832,1148
29521.239520,2751471567,2751472713,15949,1146
29521.248332,2751479879,2751481026,15966,1147
29521.260328,2751488161,2751489307,15843,1146
29521.271081,2751496454,2751497598,15944,1144
29521.280331,2751504982,2751506125,15968,1143
29521.292117,2751513322,2751514464,15813,1142
29521.302641,2751521649,2751522795,15936,1146
29521.312328,2751529913,2751531060,15944,1147
29521.323677,2751538064,2751539207,15813,1143
29521.332336,2751546331,2751547475,15941,1144
29521.344332,2751554660,2751555808,15968,1148
29521.355245,2751562854,2751564001,15910,1147
29521.364329,2751571064,2751572211,15941,1147
29521.376285,2751579308,2751580455,16016,1147
29521.386799,2751587594,2751588742,15833,1148
29521.396330,2751595835,2751596982,15941,1147
29521.407844,2751604082,2751605229,15963,1147
29521.418358,2751612369,2751613513,15830,1144
29521.428329,2751620678,2751621826,15948,1148
29521.439406,2751628899,2751630046,15971,1147
29521.448332,2751637088,2751638232,15834,1144
29521.460327,2751645371,2751646518,15963,1147
29521.470967,2751653588,2751654735,15970,1147
29521.480333,2751661834,2751662981,15822,1147
29521.492002,2751670071,2751671215,15946,1144
29521.502526,2751678339,2751679485,15968,1146
29521.512329,2751686633,2751687779,15834,1146
29521.523561,2751694821,2751695968,15948,1147
29521.532327,2751703035,2751704178,15969,1143
29521.544330,2751711234,2751712382,15834,1148
29521.555119,2751719554,2751720701,15849,1147
29521.564329,2751728068,2751729215,15970,1147
29521.576157,2751736286,2751737426,15833,1140
29521.586683,2751744607,2751745754,16034,1147
29521.596330,2751752830,2751753977,16057,1147
29521.607718,2751761039,2751762187,15925,1148
29521.616328,2751769343,2751770486,16036,1143
29521.628332,2751777505,2751778647,16055,1142
29521.639278,2751785673,2751786816,15922,1143
29521.648333,2751794083,2751795230,16027,1147
29521.660325,2751802326,2751803472,16032,1146
29521.670839,2751810539,2751811686,15906,1147
29521.680327,2751818759,2751819906,16034,1147
29521.691885,2751827050,2751828195,16058,1145
29521.702408,2751835416,2751836564,15999,1148
29521.712333,2751843665,2751844811,16026,1146
29521.723448,2751851913,2751853060,16103,1147
29521.732328,2751860103,2751861246,15910,1143
29521.744328,2751868267,2751869413,16033,1146
29521.755004,2751876437,2751877584,16044,1147
29521.764332,2751884907,2751886054,15891,1147
29521.776040,2751893149,2751894289,16034,1140
29521.788060,2751902476,2751903621,15804,1145
29521.798585,2751910715,2751911858,15945,1143
29521.808333,2751919133,2751920279,15953,1146
29521.819621,2751927278,2751928422,15830,1144
29521.828330,2751935736,2751936883,15894,1147
29521.840329,2751944107,2751945249,15976,1142
29521.851188,2751952423,2751953569,15915,1146
29521.860328,2751960815,2751961961,15945,1146
29521.872228,2751969054,2751970201,15967,1147
29521.882741,2751977297,2751978441,15834,1144
29521.892330,2751985522,2751986669,15949,1147
29521.903787,2751993831,2751994974,15974,1143
29521.912328,2752002074,2752003221,15828,1147
29521.924330,2752010393,2752011534,15946,1141
29521.935348,2752018705,2752019848,15966,1143
29521.944333,2752027039,2752028186,15840,1147
29521.956333,2752035248,2752036395,15954,1147
29521.966909,2752043466,2752044610,15970,1144
29521.976328,2752051860,2752053008,15832,1148
29521.987943,2752060162,2752061310,15936,1148
29521.998470,2752068590,2752069732,15952,1142
29522.008329,2752076782,2752077928,15834,1146
29522.019503,2752084957,2752086104,15944,1147
29522.028336,2752093130,2752094277,15972,1147
29522.040327,2752101397,2752102544,15824,1147
29522.051062,2752109734,2752110877,15848,1143
29522.060332,2752118191,2752119339,15971,1148
29522.072100,2752126410,2752127557,15829,1147
29522.082624,2752134754,2752135901,15941,1147
29522.092329,2752143129,2752144277,15969,1148
29522.103661,2752151353,2752152501,15845,1148
29522.112329,2752159558,2752160705,15945,1147
29522.124332,2752167800,2752168941,15965,1141
29522.135221,2752176013,2752177155,15834,1142
29522.144328,2752184289,2752185436,15943,1147
29522.156268,2752192559,2752193702,15956,1143
29522.166782,2752200725,2752201871,15833,1146
29522.176330,2752208931,2752210073,15949,1142
29522.187829,2752217294,2752218441,15971,1147
29522.198349,2752225518,2752226659,15904,1141
29522.208335,2752233758,2752234903,15945,1145
29522.219389,2752241959,2752243105,15969,1146
29522.228330,2752250147,2752251294,15831,1147
29522.240328,2752258325,2752259473,15936,1148
29522.250948,2752266623,2752267770,15970,1147
29522.260328,2752274911,2752276059,15822,1148
29522.271984,2752283278,2752284424,15944,1146
29522.282510,2752291498,2752292645,15970,1147
29522.292332,2752299811,2752300953,15831,1142
29522.303545,2752308050,2752309192,15960,1142
29522.312328,2752316267,2752317411,15990,1144
29522.324330,2752324435,2752325579,15862,1144
29522.335104,2752332604,2752333746,15945,1142
29522.344327,2752340938,2752342085,15967,1147
29522.356141,2752349237,2752350383,15833,1146
29522.366664,2752357452,2752358593,15943,1141
29522.376329,2752365808,2752366955,15969,1147
29522.387701,2752374095,2752375239,15832,1144
29522.396330,2752382337,2752383481,15851,1144
29522.408329,2752390543,2752391685,15968,1142
29522.419261,2752398865,2752400009,15833,1144
29522.428337,2752407047,2752408193,15944,1146
29522.440308,2752415295,2752416443,15966,1148
29522.450822,2752423692,2752424840,15847,1148
29522.460327,2752431889,2752433035,15893,1146
29522.471869,2752440063,2752441206,15971,1143
29522.482382,2752448302,2752449445,15831,1143
29522.492327,2752456668,2752457815,15946,1147
29522.503429,2752464983,2752466130,15951,1147
29522.512328,2752473290,2752474437,15835,1147
29522.524332,2752481484,2752482626,15932,1142
29522.534989,2752489750,2752490892,15970,1142
29522.544331,2752497959,2752499106,15902,1147
29522.556024,2752506187,2752507334,15939,1147
29522.566550,2752514600,2752515743,15967,1143
29522.576331,2752522990,2752524138,15832,1148
29522.587584,2752531190,2752532332,15937,1142
29522.596330,2752539451,2752540599,15971,1148
29522.608331,2752547711,2752548856,15846,1145
29522.619145,2752555958,2752557105,15947,1147
29522.628333,2752564345,2752565491,15967,1146
29522.640181,2752572569,2752573716,15825,1147
29522.650706,2752580763,2752581912,15965,1149
29522.660333,2752589036,2752590179,15961,1143
29522.671741,2752597349,2752598493,15834,1144
29522.680332,2752605568,2752606715,15941,1147
29522.692331,2752613810,2752614959,15967,1149
29522.703301,2752622210,2752623357,15831,1147
29522.712327,2752630710,2752631858,15935,1148
29522.724331,2752639035,2752640179,15963,1144
29522.734862,2752647400,2752648543,15821,1143
29522.744330,2752655622,2752656769,15852,1147
29522.755909,2752663799,2752664947,15968,1148
29522.780333,2752677557,2752678191,12063,634
29522.791981,2752681657,2752682293,12073,636
29522.802492,2752688590,2752689731,15925,1141
29522.812332,2752696875,2752698015,16050,1140
29522.823538,2752705038,2752706181,16058,1143
29522.832332,2752713202,2752714345,15918,1143
29522.844335,2752721412,2752722556,15936,1144
29522.855098,2752729627,2752730774,15966,1147
29522.864329,2752737975,2752739122,15836,1147
29522.876132,2752746129,2752747277,15946,1148
29522.886658,2752754344,2752755488,15963,1144
29522.896330,2752762610,2752763757,15853,1147
29522.907693,2752770807,2752771952,16029,1145
29522.916329,2752779010,2752780158,16056,1148
29522.928327,2752787224,2752788371,15926,1147
29522.939250,2752795564,2752796711,15967,1147
29522.948329,2752803980,2752805124,16088,1144
29522.960289,2752812245,2752813392,15923,1147
29522.970814,2752820536,2752821679,16034,1143
29522.980330,2752828899,2752830046,16075,1147
29522.991857,2752837055,2752838201,16000,1146
29523.002374,2752845466,2752846609,16032,1143
29523.012328,2752853739,2752854886,16080,1147
29523.023410,2752862034,2752863182,15915,1148
29523.032327,2752870273,2752871416,16033,1143
29523.044335,2752878519,2752879668,16052,1149
29523.054971,2752886751,2752887898,15925,1147
29523.064330,2752895043,2752896191,16006,1148
29523.076017,2752903216,2752904363,16054,1147
29523.086531,2752911734,2752912883,15920,1149
29523.096327,2752920109,2752921251,16049,1142
29523.107577,2752928295,2752929440,16050,1145
29523.116332,2752936634,2752937778,15925,1144
29523.128327,2752944974,2752946116,16027,1142
29523.139138,2752953183,2752954326,16057,1143
29523.148331,2752961840,2752962987,15916,1147
29523.160173,2752970247,2752971390,16016,1143
29523.170699,2752978549,2752979697,16049,1148
29523.180327,2752986850,2752987996,15925,1146
29523.191731,2752995070,2752996217,15936,1147
29523.200336,2753003260,2753004407,16055,1147
29523.212329,2753011512,2753012660,15922,1148
29523.223293,2753019877,2753021026,16024,1149
29523.232332,2753028349,2753029496,16052,1147
29523.244329,2753036649,2753037797,15938,1148
29523.254854,2753044889,2753046033,16029,1144
29523.264331,2753053223,2753054369,16054,1146
29523.275891,2753059880,2753061022,15760,1142
29523.286414,2753068159,2753069306,15943,1147
29523.296333,2753076401,2753077545,15949,1144
29523.307451,2753084721,2753085866,15842,1145
29523.316331,2753093188,2753094336,15939,1148
29523.328328,2753101425,2753102572,15973,1147
29523.339018,2753109620,2753110767,15906,1147
29523.348331,2753117912,2753119057,15942,1145
29523.360058,2753126090,2753127236,15958,1146
29523.370571,2753134405,2753135552,15835,1147
29523.380327,2753142771,2753143919,15948,1148
29523.391616,2753151023,2753152168,15966,1145
29523.400330,2753159313,2753160457,15824,1144
29523.412331,2753167574,2753168722,15946,1148
29523.423180,2753175738,2753176885,15965,1147
29523.432329,2753184184,2753185332,15838,1148
29523.444212,2753192668,2753193841,15904,1173
29523.454738,2753200944,2753202090,15963,1146
29523.464330,2753209240,2753210384,15840,1144
29523.475773,2753217563,2753218709,15931,1146
29523.484335,2753225940,2753227084,15966,1144
29523.496328,2753234140,2753235287,15837,1147
29523.507331,2753242408,2753243552,15888,1144
29523.516333,2753250653,2753251800,15968,1147
29523.528330,2753258973,2753260121,15922,1148
29523.538892,2753267172,2753268320,15937,1148
29523.548327,2753275480,2753276628,16059,1148
29523.559930,2753283755,2753284902,15917,1147
29523.570454,2753292132,2753293280,16036,1148
29523.580332,2753300633,2753301778,15967,1145
29523.591490,2753309029,2753310173,15932,1144
29523.600333,2753317266,2753318408,16036,1142
29523.612328,2753325710,2753326857,16049,1147
29523.623047,2753334135,2753335293,15809,1158
29523.632328,2753342528,2753343671,15945,1143
29523.644099,2753350755,2753351903,15949,1148
29523.654611,2753359125,2753360270,15835,1145
29523.664330,2753367395,2753368542,15909,1147
29523.675658,2753375642,2753376786,15969,1144
29523.684330,2753383866,2753385015,15919,1149
29523.696327,2753392169,2753393312,15944,1143
29523.707218,2753400658,2753401802,15968,1144
29523.716328,2753408984,2753410131,15832,1147
29523.728253,2753417353,2753418497,15944,1144
29523.738777,2753425769,2753426916,15966,1147
29523.748329,2753434116,2753435259,15835,1143
29523.759813,2753442521,2753443669,15945,1148
29523.768329,2753450866,2753452008,15963,1142
29523.780329,2753459254,2753460402,15824,1148
29523.791375,2753467537,2753468685,15955,1148
29523.800331,2753475780,2753476927,15968,1147
29523.812337,2753484147,2753485294,15827,1147
29523.822934,2753492383,2753493530,15942,1147
29523.832330,2753500885,2753502032,15966,1147
29523.843970,2753509270,2753510417,15836,1147
29523.854494,2753517637,2753518783,15909,1146
29523.864330,2753525914,2753527061,15951,1147
29523.875530,2753534260,2753535407,15826,1147
29523.884327,2753542758,2753543932,15846,1174
29523.896331,2753550987,2753552134,15966,1147
29523.907091,2753559211,2753560356,15834,1145
29523.916327,2753567411,2753568554,16036,1143
29523.928140,2753575780,2753576928,16045,1148
29523.938652,2753584014,2753585162,15938,1148
29523.948331,2753592514,2753593658,16031,1144
29523.959698,2753600657,2753601800,15965,1143
29523.968330,2753609092,2753610239,15836,1147
29523.980333,2753617568,2753618713,15949,1145
29523.991258,2753625920,2753627067,15943,1147
29524.000328,2753634245,2753635393,15837,1148
29524.012293,2753642658,2753643806,15945,1148
29524.022819,2753650831,2753651977,15966,1146
29524.032329,2753659217,2753660365,15907,1148
29524.043853,2753667492,2753668640,15942,1148
29524.054379,2753675826,2753676972,15959,1146
29524.064330,2753684229,2753685377,15836,1148
29524.075413,2753692479,2753693625,15930,1146
29524.084328,2753700777,2753701925,15970,1148
29524.096328,2753709068,2753710216,15834,1148
29524.106974,2753717295,2753718436,15944,1141
29524.116334,2753725567,2753726715,15965,1148
29524.128010,2753733910,2753735054,15826,1144
29524.138537,2753742477,2753743621,15961,1144
29524.148328,2753751036,2753752180,15964,1144
29524.159571,2753759547,2753760694,15803,1147
29524.168333,2753767941,2753769085,15894,1144
29524.180334,2753776380,2753777528,15968,1148
29524.191132,2753784695,2753785839,15817,1144
29524.200336,2753792997,2753794144,15945,1147
29524.212178,2753801487,2753802635,15994,1148
29524.222692,2753809727,2753810874,15823,1147
29524.232331,2753817976,2753819124,15838,1148
29524.243738,2753826308,2753827455,15969,1147
29524.252327,2753834707,2753835855,15832,1148
29524.264332,2753842939,2753844088,15944,1149
29524.275298,2753851238,2753852380,15964,1142
29524.284329,2753859584,2753860728,15825,1144
29524.296327,2753867871,2753869019,15949,1148
29524.306861,2753876200,2753877340,16013,1140
29524.316329,2753884532,2753885676,15841,1144
29524.327893,2753892857,2753894007,15937,1150
29524.338420,2753901259,2753902407,15950,1148
29524.348329,2753909473,2753910621,15862,1148
29524.359456,2753918046,2753919193,15939,1147
29524.368328,2753926560,2753927708,15966,1148
29524.380330,2753934838,2753935982,15903,1144
29524.391014,2753943151,2753944299,15916,1148
29524.400327,2753951541,2753952689,15965,1148
29524.412050,2753959962,2753961109,15837,1147
29524.422575,2753968347,2753969493,15946,1146
29524.432336,2753976568,2753977711,15966,1143
29524.443613,2753984871,2753986014,15825,1143
29524.452336,2753993230,2753994379,15909,1149
29524.464329,2754001575,2754002719,15952,1144
29524.475171,2754009865,2754011009,15834,1144
29524.484331,2754018421,2754019569,15961,1148
29524.496218,2754026640,2754027787,15955,1147
29524.506732,2754034816,2754035962,15918,1146
29524.516328,2754043214,2754044360,16029,1146
29524.527778,2754051485,2754052633,16050,1148
29524.536328,2754059829,2754060977,15923,1148
29524.548333,2754068123,2754069270,16021,1147
29524.559338,2754076541,2754077689,15957,1148
29524.568334,2754085084,2754086232,15921,1148
29524.580329,2754093457,2754094605,15932,1148
29524.590899,2754101662,2754102810,16048,1148
29524.600328,2754109959,2754111102,15834,1143
29524.611933,2754118342,2754119490,15945,1148
29524.622460,2754126564,2754127710,15966,1146
29524.632329,2754135015,2754136158,15849,1143
29524.643491,2754143332,2754144480,15934,1148
29524.652330,2754151836,2754152985,15963,1149
29524.664334,2754160459,2754161607,15832,1148
29524.675054,2754168765,2754169912,15945,1147
29524.684332,2754177251,2754178399,15951,1148
29524.696090,2754185572,2754186720,15840,1148
29524.706615,2754194002,2754195145,15932,1143
29524.716329,2754202490,2754203633,15970,1143
29524.727658,2754210680,2754211828,15911,1148
29524.736331,2754218926,2754220074,15945,1148
29524.748329,2754227241,2754228387,15955,1146
29524.759211,2754235534,2754236678,15822,1144
29524.768334,2754243896,2754245043,15946,1147
29524.780256,2754252261,2754253409,15971,1148
29524.790774,2754260825,2754261974,15850,1149
29524.800328,2754269124,2754270273,15946,1149
29524.811820,2754277452,2754278594,16011,1142
29524.820332,2754285598,2754286743,15818,1145
29524.832328,2754293820,2754294968,15960,1148
29524.843379,2754302099,2754303246,16055,1147
29524.852333,2754310451,2754311598,15864,1147
29524.864331,2754318821,2754319965,15942,1144
29524.874939,2754327049,2754328196,15969,1147
29524.884334,2754335516,2754336665,15833,1149
29524.895974,2754343872,2754345018,15938,1146
29524.906500,2754352339,2754353484,16004,1145
29524.916332,2754360679,2754361821,15834,1142
29524.927532,2754369148,2754370297,15848,1149
29524.936333,2754377501,2754378643,15965,1142
29524.948327,2754385869,2754387017,15862,1148
29524.959095,2754394218,2754395366,15939,1148
29524.968330,2754402686,2754403830,15969,1144
29524.980131,2754411067,2754412216,15849,1149
29524.990655,2754419369,2754420518,15916,1149
29525.000327,2754427790,2754428938,15968,1148
29525.011692,2754436086,2754437234,15838,1148
29525.020330,2754444311,2754445457,15934,1146
29525.032329,2754452658,2754453805,15953,1147
29525.043251,2754460985,2754462133,15839,1148
29525.052329,2754469319,2754470464,15947,1145
29525.064298,2754477732,2754478880,15968,1148
29525.074819,2754486076,2754487226,15911,1150
29525.084333,2754494377,2754495524,15914,1147
29525.095859,2754502603,2754503747,15969,1144
29525.106378,2754510806,2754511976,15907,1170
29525.116328,2754519375,2754520523,15846,1148
29525.127419,2754527805,2754528954,15979,1149
29525.136331,2754536092,2754537240,15921,1148
29525.148335,2754544476,2754545622,15828,1146
29525.158978,2754552703,2754553850,15951,1147
29525.168328,2754561242,2754562391,15920,1149
29525.180015,2754569619,2754570765,15963,1146
29525.190540,2754578058,2754579206,15966,1148
29525.200334,2754586480,2754587627,15832,1147
29525.211574,2754594914,2754596058,15947,1144
29525.220331,2754603348,2754604496,15968,1148
29525.232331,2754611567,2754612711,15833,1144
29525.243135,2754619849,2754620993,15942,1144
29525.252331,2754628234,2754629382,15966,1148
29525.264171,2754636751,2754637895,15833,1144
29525.274693,2754644950,2754646098,15850,1148
29525.284328,2754653228,2754654372,15964,1144
29525.295732,2754661452,2754662596,15919,1144
29525.304328,2754669687,2754670833,15983,1146
29525.316328,2754677934,2754679077,16049,1143
29525.327292,2754686198,2754687346,15933,1148
29525.336335,2754694615,2754695762,15978,1147
29525.348336,2754703061,2754704209,16054,1148
29525.358852,2754711288,2754712432,15903,1144
29525.368331,2754719577,2754720725,16032,1148
29525.379899,2754727978,2754729125,16066,1147
29525.390416,2754736400,2754737550,15956,1150
29525.400328,2754744655,2754745799,15947,1144
29525.411459,2754752928,2754754078,15985,1150
29525.420330,2754761328,2754762475,15918,1147
29525.432331,2754769653,2754770801,15949,1148
29525.443020,2754778128,2754779276,15956,1148
29525.452330,2754786652,2754787800,15833,1148
29525.464054,2754795253,2754796401,15945,1148
29525.474580,2754803561,2754804705,15993,1144
29525.484332,2754811878,2754813026,15849,1148
29525.495614,2754820424,2754821574,15946,1150
29525.504331,2754828847,2754829989,15965,1142
29525.516329,2754837095,2754838245,15865,1150
29525.527176,2754845330,2754846478,15938,1148
29525.536336,2754853703,2754854850,15966,1147
29525.548214,2754862114,2754863263,15860,1149
29525.558735,2754870439,2754871584,15944,1145
29525.568330,2754878883,2754880031,15967,1148
29525.579771,2754887351,2754888498,15830,1147
29525.588331,2754895694,2754896841,15944,1147
29525.600332,2754904133,2754905280,15966,1147
29525.611332,2754912510,2754913658,15831,1148
29525.620335,2754920930,2754922073,15851,1143
29525.632330,2754929294,2754930440,16056,1146
29525.642892,2754937610,2754938757,15927,1147
29525.652328,2754945933,2754947081,16033,1148
29525.663939,2754954319,2754955468,15995,1149
29525.674453,2754962851,2754963996,15841,1145
29525.684330,2754971373,2754972523,15946,1150
29525.695499,2754979781,2754980930,15951,1149
29525.704329,2754988356,2754989503,15835,1147
29525.716331,2754996807,2754997956,15914,1149
29525.727059,2755005154,2755006302,15947,1148
29525.736329,2755013599,2755014747,15833,1148
29525.748094,2755021774,2755022922,15928,1148
29525.758620,2755030144,2755031292,15964,1148
29525.768330,2755038562,2755039710,15914,1148
29525.779654,2755047135,2755048283,15943,1148
29525.788328,2755055650,2755056794,15966,1144
29525.800337,2755063868,2755065016,15835,1148
29525.811216,2755072187,2755073335,15943,1148
29525.820330,2755080683,2755081829,15960,1146
29525.832251,2755089051,2755090199,15836,1148
29525.842775,2755097481,2755098626,15947,1145
29525.852333,2755105824,2755106972,16052,1148
29525.863812,2755114175,2755115322,15922,1147
29525.874338,2755122691,2755123839,15961,1148
29525.884331,2755131341,2755132488,15959,1147
29525.895372,2755139835,2755140979,15825,1144
29525.904328,2755148474,2755149622,15946,1148
29525.916335,2755156949,2755158093,15966,1144
29525.926932,2755165144,2755166286,15831,1142
29525.936331,2755173609,2755174758,15943,1149
29525.947981,2755181907,2755183051,15969,1144
29525.958493,2755190340,2755191489,15833,1149
29525.968330,2755199080,2755200228,15841,1148
29525.979539,2755207700,2755208849,15968,1149
29525.988332,2755216096,2755217245,15835,1149
29526.000328,2755224390,2755225538,15945,1148
29526.011099,2755232671,2755233816,15962,1145
29526.020328,2755241191,2755242338,15854,1147
29526.032134,2755249612,2755250761,15940,1149
29526.042660,2755258280,2755259427,15970,1147
29526.052329,2755266753,2755267899,15826,1146
29526.063694,2755275092,2755276235,15943,1143
29526.072329,2755283447,2755284591,16034,1144
29526.084335,2755291849,2755292997,15838,1148
29526.095252,2755300028,2755301175,15891,1147
29526.104333,2755308322,2755309467,16022,1145
29526.116299,2755316546,2755317695,15915,1149
29526.126815,2755324943,2755326091,15940,1148
29526.136328,2755333438,2755334587,15992,1149
29526.147852,2755341866,2755343014,15837,1148
29526.158376,2755350487,2755351634,15939,1147
29526.168329,2755358958,2755360107,15961,1149
29526.179415,2755367383,2755368532,15861,1149
29526.188328,2755375764,2755376914,16036,1150
29526.200331,2755384231,2755385378,16044,1147
29526.210973,2755392753,2755393900,15925,1147
29526.220331,2755401196,2755402343,16047,1147
29526.232021,2755409674,2755410819,16075,1145
29526.242533,2755418042,2755419190,15902,1148
29526.252328,2755426561,2755427708,15978,1147
29526.263581,2755435134,2755436279,16079,1145
29526.272327,2755443435,2755444583,15922,1148
29526.284327,2755451675,2755452824,15889,1149
29526.295142,2755460028,2755461176,15984,1148
29526.304331,2755468501,2755469648,15834,1147
29526.316172,2755476951,2755478099,15847,1148
29526.326700,2755485523,2755486671,15954,1148
29526.336331,2755494036,2755495182,15861,1146
29526.347735,2755502502,2755503651,15929,1149
29526.356329,2755510951,2755512094,15960,1143
29526.368332,2755519319,2755520466,15922,1147
29526.379295,2755527533,2755528676,16035,1143
29526.388329,2755536002,2755537151,16078,1149
29526.400328,2755544531,2755545680,15924,1149
29526.410856,2755553080,2755554229,16030,1149
29526.420329,2755561576,2755562723,16039,1147
29526.431892,2755569871,2755571019,15923,1148
29526.442418,2755578222,2755579369,16033,1147
29526.452327,2755586662,2755587811,16055,1149
29526.463459,2755595214,2755596362,16000,1148
29526.472330,2755603590,2755604737,15940,1147
29526.484335,2755611934,2755613079,15955,1145
29526.495015,2755620273,2755621423,15862,1150
29526.504327,2755628919,2755630065,15941,1146
29526.516058,2755637409,2755638553,15968,1144
29526.526576,2755645629,2755646773,15868,1144
29526.536331,2755654019,2755655167,15909,1148
29526.547620,2755662520,2755663669,15964,1149
29526.556328,2755671040,2755672188,15836,1148
29526.568329,2755679385,2755680528,15967,1143
29526.579180,2755687720,2755688863,15970,1143
29526.588333,2755696203,2755697348,15836,1145
29526.600214,2755704764,2755705911,15940,1147
29526.610741,2755713259,2755714406,15961,1147
29526.620328,2755721684,2755722824,15837,1140
29526.631775,2755730024,2755731170,15949,1146
29526.640333,2755738447,2755739596,15965,1149
29526.652331,2755746947,2755748096,15835,1149
29526.663334,2755755465,2755756613,15845,1148
29526.672333,2755763885,2755765032,15967,1147
29526.684336,2755772226,2755773373,15831,1147
29526.694896,2755780675,2755781824,15942,1149
29526.704328,2755789152,2755790300,15968,1148
29526.715934,2755797550,2755798698,15874,1148
29526.726456,2755805875,2755807022,15938,1147
29526.736329,2755814423,2755815570,15959,1147
29526.747492,2755822818,2755823966,15823,1148
29526.756331,2755831420,2755832566,15947,1146
29526.768331,2755839843,2755840990,15955,1147
29526.779053,2755848354,2755849503,15832,1149
29526.788329,2755856921,2755858071,15948,1150
29526.800100,2755865350,2755866499,15961,1149
29526.810621,2755873800,2755874949,15909,1149
29526.820334,2755882343,2755883486,15945,1143
29526.831660,2755890621,2755891768,15968,1147
29526.840335,2755898837,2755899984,15830,1147
29526.852328,2755907207,2755908355,15944,1148
29526.863219,2755915738,2755916888,15973,1150
29526.872332,2755924261,2755925408,15830,1147
29526.884254,2755932558,2755933706,15946,1148
29526.894781,2755941117,2755942263,15953,1146
29526.904334,2755949418,2755950567,15825,1149
29526.915817,2755957869,2755959014,15964,1145
29526.924328,2755966281,2755967428,15966,1147
29526.936328,2755974608,2755975756,15834,1148
29526.947375,2755983008,2755984156,15938,1148
29526.956334,2755991468,2755992613,15971,1145
29526.968334,2756000015,2756001164,15834,1149
29526.978936,2756008391,2756009541,15942,1150
29526.988332,2756016912,2756018061,15970,1149
29526.999972,2756025507,2756026656,15829,1149
29527.010494,2756034172,2756035320,15847,1148
29527.020329,2756042772,2756043917,15969,1145
29527.031533,2756051439,2756052587,15819,1148
29527.040331,2756060053,2756061202,15941,1149
29527.052328,2756068604,2756069753,15970,1149
29527.063093,2756077372,2756078520,15847,1148
29527.072330,2756085892,2756087038,15942,1146
29527.084140,2756094363,2756095508,15963,1145
29527.094653,2756102909,2756104056,15830,1147
29527.104331,2756111336,2756112483,15945,1147
29527.115700,2756119709,2756120858,15952,1149
29527.124331,2756128352,2756129500,15824,1148
29527.136329,2756137022,2756138169,15944,1147
29527.147261,2756145250,2756146398,15972,1148
29527.156327,2756153646,2756154795,15912,1149
29527.168295,2756162138,2756163283,15949,1145
29527.178821,2756170659,2756171806,15972,1147
29527.188330,2756179053,2756180201,15830,1148
29527.199856,2756187501,2756188646,15949,1145
29527.210380,2756196020,2756197168,15964,1148
29527.220336,2756204511,2756205657,15834,1146
29527.231416,2756213027,2756214177,15945,1150
29527.240331,2756221385,2756222533,15968,1148
29527.252332,2756230035,2756231183,15824,1148
29527.262977,2756238777,2756239927,15962,1150
29527.272329,2756247322,2756248471,15968,1149
29527.284012,2756255822,2756256970,15828,1148
29527.296042,2756265549,2756266697,15974,1148
29527.306563,2756274123,2756275273,15912,1150
29527.316327,2756282452,2756283599,15951,1147
29527.327603,2756290974,2756292118,15966,1144
29527.336328,2756299519,2756300666,15834,1147
29527.348333,2756307962,2756309111,15943,1149
29527.359163,2756316582,2756317732,15971,1150
29527.368328,2756325255,2756326404,15828,1149
29527.380198,2756333929,2756335079,15936,1150
29527.390724,2756342504,2756343650,15967,1146
29527.400332,2756351124,2756352275,15833,1151
29527.411759,2756359624,2756360772,15959,1148
29527.420328,2756368173,2756369322,15971,1149
29527.432328,2756376557,2756377705,15834,1148
29527.443319,2756384867,2756386015,15951,1148
29527.452329,2756393442,2756394585,15990,1143
29527.464329,2756401792,2756402937,15817,1145
29527.474879,2756410189,2756411337,15942,1148
29527.484329,2756418810,2756419960,15972,1150
29527.495916,2756427141,2756428289,15831,1148
29527.506438,2756435605,2756436753,15854,1148
29527.516334,2756443961,2756445109,15970,1148
29527.527477,2756452261,2756453410,15825,1149
29527.536329,2756460692,2756461836,15947,1144
29527.548332,2756469387,2756470535,15960,1148
29527.559036,2756477864,2756479013,15847,1149
29527.568331,2756486383,2756487529,15946,1146
29527.580084,2756495028,2756496171,15966,1143
29527.590597,2756503621,2756504770,15835,1149
29527.600329,2756512200,2756513346,15945,1146
29527.611643,2756520773,2756521919,15954,1146
29527.620334,2756529099,2756530249,15835,1150
29527.632335,2756537504,2756538676,15936,1172
29527.643204,2756546016,2756547189,15974,1173
29527.652328,2756554610,2756555755,15907,1145
29527.664238,2756563008,2756564156,15936,1148
29527.674765,2756571727,2756572875,15974,1148
29527.684328,2756580175,2756581319,15821,1144
29527.695798,2756588419,2756589567,15948,1148
29527.704328,2756596883,2756598027,15975,1144
29527.716336,2756605303,2756606452,15832,1149
29527.727359,2756613630,2756614779,15944,1149
29527.736329,2756622157,2756623299,15971,1142
29527.748328,2756630459,2756631605,15828,1146
29527.758920,2756638960,2756640109,15956,1149
29527.768328,2756647459,2756648608,15969,1149
29527.779956,2756655833,2756656981,15829,1148
29527.790479,2756664182,2756665327,15944,1145
29527.800330,2756672792,2756673942,15961,1150
29527.811516,2756681297,2756682440,15833,1143
29527.820330,2756689714,2756690865,15944,1151
29527.832331,2756698162,2756699310,15969,1148
29527.843076,2756706627,2756707776,15831,1149
29527.852331,2756715251,2756716396,15847,1145
29527.864124,2756723673,2756724821,15960,1148
29527.874636,2756732154,2756733303,15829,1149
29527.884328,2756740760,2756741908,15951,1148
29527.895684,2756749238,2756750386,15969,1148
29527.904335,2756757885,2756759033,15852,1148
29527.916331,2756766616,2756767765,15936,1149
29527.927244,2756775086,2756776235,15973,1149
29527.936331,2756783565,2756784712,15831,1147
29527.948278,2756791924,2756793072,15942,1148
29527.958806,2756800645,2756801795,15949,1150
29527.968327,2756809177,2756810325,15831,1148
29527.979838,2756817558,2756818707,15945,1149
29527.990365,2756825962,2756827110,15965,1148
29528.000330,2756834730,2756835880,15910,1150
29528.011399,2756842916,2756844064,15948,1148
29528.020329,2756851267,2756852411,15969,1144
29528.032329,2756859664,2756860812,15834,1148
29528.042959,2756868194,2756869342,15944,1148
29528.052327,2756876544,2756877691,15973,1147
29528.063995,2756884971,2756886115,15831,1144
29528.074520,2756893430,2756894580,15915,1150
29528.084330,2756901975,2756903124,15963,1149
29528.095556,2756910399,2756911546,15834,1147
29528.104330,2756918894,2756920042,15954,1148
29528.116333,2756927110,2756928257,15967,1147
29528.127117,2756935707,2756936856,15832,1149
29528.136327,2756944328,2756945474,15949,1146
29528.148163,2756952904,2756954053,15956,1149
29528.158676,2756961502,2756962648,15829,1146
29528.168330,2756970220,2756971368,15950,1148
29528.179724,2756978841,2756979989,15970,1148
29528.188333,2756987242,2756988389,15831,1147
29528.200335,2756995559,2756996707,15848,1148
29528.211284,2757003977,2757005125,15955,1148
29528.220327,2757012524,2757013673,15832,1149
29528.232318,2757021073,2757022217,15937,1144
29528.242845,2757029514,2757030662,15960,1148
29528.252331,2757038212,2757039358,15828,1146
29528.263878,2757046764,2757047911,15945,1147
29528.274405,2757055067,2757056216,15969,1149
29528.284330,2757063498,2757064648,15833,1150
29528.295439,2757072050,2757073199,15941,1149
29528.304332,2757080697,2757081846,15956,1149
29528.316331,2757089118,2757090267,15830,1149
29528.327000,2757097712,2757098859,15949,1147
29528.336327,2757106215,2757107388,15968,1173
29528.348043,2757114935,2757116083,15903,1148
29528.358560,2757123505,2757124655,15944,1150
29528.368333,2757132059,2757133207,15970,1148
29528.379597,2757140462,2757141611,15831,1149
29528.388329,2757148793,2757149941,15944,1148
29528.400335,2757157200,2757158348,15966,1148
29528.411156,2757165675,2757166824,15829,1149
29528.420330,2757174237,2757175384,15942,1147
29528.432203,2757182759,2757183908,15967,1149
29528.442717,2757191190,2757192339,15830,1149
29528.452332,2757199787,2757200931,15965,1144
29528.463764,2757208191,2757209340,15957,1149
29528.472328,2757216590,2757217737,15830,1147
29528.484329,2757225143,2757226292,15946,1149
29528.495324,2757233548,2757234697,15971,1149
29528.504328,2757242120,2757243268,15831,1148
29528.516326,2757250451,2757251601,15945,1150
29528.526885,2757258792,2757259941,15960,1149
29528.536329,2757267366,2757268515,15830,1149
29528.547917,2757275868,2757277016,15849,1148
29528.558445,2757284419,2757285568,15971,1149
29528.568329,2757292874,2757294019,15830,1145
29528.579479,2757301296,2757302445,15946,1149
29528.588331,2757309813,2757310962,15971,1149
29528.600329,2757318269,2757319417,15847,1148
29528.611040,2757326648,2757327798,15945,1150
29528.620328,2757335313,2757336462,15969,1149
29528.632076,2757343917,2757345067,15836,1150
29528.642601,2757352464,2757353614,15949,1150
29528.652327,2757360892,2757362061,15946,1169
29528.663636,2757369413,2757370560,15827,1147
29528.672332,2757377864,2757379012,15948,1148
29528.684327,2757386292,2757387441,15965,1149
29528.695204,2757394842,2757395987,15913,1145
29528.704327,2757403312,2757404461,15943,1149
29528.716244,2757411816,2757412964,15966,1148
29528.726759,2757420391,2757421539,15824,1148
29528.736327,2757428995,2757430169,15947,1174
29528.747803,2757437569,2757438717,15976,1148
29528.756330,2757446141,2757447291,15832,1150
29528.768328,2757454716,2757455863,15938,1147
29528.779364,2757463310,2757464459,15965,1149
29528.788333,2757471957,2757473107,15822,1150
29528.800334,2757480451,2757481599,15961,1148
29528.810924,2757488951,2757490100,15969,1149
29528.820328,2757497270,2757498419,15822,1149
29528.831959,2757505969,2757507118,15948,1149
29528.842485,2757514591,2757515740,15966,1149
29528.852333,2757523219,2757524360,15848,1141
29528.863521,2757531762,2757532909,15942,1147
29528.872328,2757540259,2757541407,15969,1148
29528.884329,2757548506,2757549655,15830,1149
29528.895078,2757556924,2757558073,15849,1149
29528.904335,2757565573,2757566719,15970,1146
29528.916116,2757574050,2757575199,15829,1149
29528.926637,2757582693,2757583849,15984,1156
29528.936331,2757591400,2757592573,15966,1173
29528.947676,2757599976,2757601127,15844,1151
29528.956331,2757608605,2757609751,15951,1146
29528.968329,2757616978,2757618126,15960,1148
29528.979237,2757625571,2757626716,15834,1145
29528.988333,2757634113,2757635262,15943,1149
29529.000284,2757642631,2757643779,15944,1148
29529.010797,2757651345,2757652495,15832,1150
29529.020329,2757659709,2757660856,15944,1147
29529.031844,2757668083,2757669232,15971,1149
29529.042365,2757676602,2757677749,15907,1147
29529.052328,2757685033,2757686180,15943,1147
29529.063405,2757693683,2757694832,15974,1149
29529.072329,2757702335,2757703484,15827,1149
29529.084328,2757710829,2757711977,15949,1148
29529.094963,2757719325,2757720474,15970,1149
29529.104335,2757728023,2757729172,15833,1149
29529.115999,2757736713,2757737862,15945,1149
29529.126526,2757745289,2757746438,15968,1149
29529.136334,2757753902,2757755051,15833,1149
29529.147561,2757762501,2757763649,15961,1148
29529.156328,2757770980,2757772126,15966,1146
29529.168327,2757779454,2757780601,15832,1147
29529.179120,2757787690,2757788839,15946,1149
29529.188329,2757796429,2757797576,15972,1147
29529.200156,2757804753,2757805901,15833,1148
29529.210680,2757813392,2757814541,15942,1149
29529.220329,2757821819,2757822967,15967,1148
29529.231719,2757830245,2757831394,15823,1149
29529.240333,2757838549,2757839698,15848,1149
29529.252332,2757846931,2757848077,15971,1146
29529.263277,2757855284,2757856432,15835,1148
29529.272330,2757863676,2757864849,15948,1173
29529.284324,2757872202,2757873351,15969,1149
29529.294837,2757880642,2757881788,15845,1146
29529.304327,2757889281,2757890430,15945,1149
29529.315884,2757897682,2757898831,15967,1149
29529.326398,2757906301,2757907446,15834,1145
29529.336334,2757914568,2757915717,15845,1149
29529.347444,2757922996,2757924144,15969,1148
29529.356332,2757931553,2757932703,15827,1150
29529.368328,2757940180,2757941356,15947,1176
29529.379005,2757948885,2757950034,15971,1149
29529.388329,2757957342,2757958491,15902,1149
29529.400040,2757965822,2757966971,15942,1149
29529.410565,2757974542,2757975692,15965,1150
29529.420330,2757983023,2757984173,15831,1150
29529.431599,2757991452,2757992602,15936,1150
29529.440332,2757999953,2758001101,15968,1148
29529.452327,2758008401,2758009546,15816,1145
29529.463160,2758016755,2758017902,15939,1147
29529.472330,2758025275,2758026422,15970,1147
29529.484197,2758033727,2758034877,15838,1150
29529.494722,2758042574,2758043720,15961,1146
29529.504328,2758051024,2758052173,15967,1149
29529.515757,2758059406,2758060554,15822,1148
29529.524329,2758067954,2758069103,15947,1149
29529.536331,2758076378,2758077528,15970,1150
29529.547318,2758084742,2758085891,15838,1149
29529.556331,2758093420,2758094568,15948,1148
29529.568331,2758101872,2758103019,15973,1147
29529.578877,2758110644,2758111793,15826,1149
29529.588329,2758119295,2758120445,15842,1150
29529.599924,2758127949,2758129099,15969,1150
29529.610438,2758136479,2758137629,15822,1150
29529.620333,2758145028,2758146177,15945,1149
29529.631485,2758153797,2758154946,15968,1149
29529.640330,2758162573,2758163724,15845,1151
29529.652331,2758171196,2758172343,15944,1147
29529.663045,2758179624,2758180770,15968,1146
29529.672332,2758188339,2758189488,15833,1149
29529.684080,2758196695,2758197842,15943,1147
29529.694606,2758205092,2758206241,15949,1149
29529.704326,2758213540,2758214688,15836,1148
29529.715640,2758222160,2758223309,15949,1149
29529.724329,2758230757,2758231906,15968,1149
29529.736327,2758239355,2758240505,15891,1150
29529.747200,2758247723,2758248872,15942,1149
29529.756328,2758256278,2758257428,15959,1150
29529.768236,2758264927,2758266074,15823,1147
29529.778760,2758273477,2758274628,15943,1151
29529.788328,2758282031,2758283179,15973,1148
29529.799796,2758290634,2758291782,15807,1148
29529.808329,2758299150,2758300298,15945,1148
29529.820326,2758307595,2758308769,15964,1174
29529.831357,2758315948,2758317096,15832,1148
29529.840329,2758324543,2758325693,15964,1150
29529.852328,2758333140,2758334287,15971,1147
29529.862917,2758341694,2758342843,15836,1149
29529.872330,2758350270,2758351443,15935,1173
29529.883965,2758358778,2758359927,15972,1149
29529.894480,2758367379,2758368530,15822,1151
29529.904334,2758376052,2758377199,15944,1147
29529.915525,2758384722,2758385870,15968,1148
29529.924332,2758393269,2758394413,15831,1144
29529.936329,2758401814,2758402963,15851,1149
29529.947087,2758410214,2758411368,16018,1154
29529.956328,2758418795,2758419945,15833,1150
29529.968120,2758427369,2758428513,15947,1144
29529.978646,2758435753,2758436902,15973,1149
29529.988336,2758444302,2758445451,15844,1149
29529.999680,2758452882,2758454028,15945,1146
29530.008331,2758461505,2758462654,15966,1149
29530.020331,2758470100,2758471248,15827,1148
29530.031241,2758478525,2758479673,15942,1148
29530.040333,2758487175,2758488347,15950,1172
29530.052280,2758495720,2758496890,15863,1170
29530.062801,2758504364,2758505513,15943,1149
29530.072336,2758512942,2758514116,15972,1174
29530.083844,2758521550,2758522699,15907,1149
29530.094361,2758530005,2758531153,15935,1148
29530.104328,2758538503,2758539654,15971,1151
29530.115397,2758547153,2758548303,15813,1150
29530.124327,2758556005,2758557155,15975,1150
29530.136335,2758564708,2758565859,15921,1151
29530.146958,2758573119,2758574269,15836,1150
29530.156333,2758581690,2758582840,15999,1150
29530.168005,2758590295,2758591443,15918,1148
29530.178519,2758598869,2758600020,15825,1151
29530.188328,2758607491,2758608663,16003,1172
29530.199565,2758616063,2758617209,15969,1146
29530.208327,2758624531,2758625700,15830,1169
29530.220334,2758632969,2758634116,15947,1147
29530.231126,2758641451,2758642601,15967,1150
29530.240329,2758650197,2758651348,15826,1151
29530.252157,2758658777,2758659950,15893,1173
29530.262687,2758667380,2758668529,15963,1149
29530.272334,2758675758,2758676906,15831,1148
29530.283718,2758684180,2758685353,15850,1173
29530.292334,2758692659,2758693831,15969,1172
29530.304331,2758701108,2758702252,15833,1144
29530.315281,2758709588,2758710740,15916,1152
29530.324330,2758718248,2758719397,15967,1149
29530.336317,2758726801,2758727951,15847,1150
29530.346841,2758735501,2758736651,15914,1150
29530.356329,2758744072,2758745223,15999,1151
29530.367877,2758752819,2758753964,15826,1145
29530.378401,2758761251,2758762399,15945,1148
29530.388330,2758769633,2758770805,15954,1172
29530.399437,2758778354,2758779503,15832,1149
29530.408329,2758786856,2758788004,15939,1148
29530.420334,2758795354,2758796502,15970,1148
29530.431005,2758803851,2758804997,15909,1146
29530.440328,2758812375,2758813524,15948,1149
29530.452045,2758820904,2758822050,15970,1146
29530.462558,2758829472,2758830621,15830,1149
29530.472333,2758837969,2758839117,15945,1148
29530.483604,2758846716,2758847865,15970,1149
29530.492328,2758855601,2758856776,15858,1175
29530.504335,2758864010,2758865159,15946,1149
29530.515166,2758872246,2758873394,15973,1148
29530.524329,2758880985,2758882134,15830,1149
29530.536201,2758889452,2758890601,15965,1149
29530.546726,2758898004,2758899154,15972,1150
29530.556329,2758906704,2758907853,15829,1149
29530.567760,2758915341,2758916490,15946,1149
29530.576328,2758923800,2758924948,15969,1148
29530.588327,2758932569,2758933717,15834,1148
29530.599323,2758941211,2758942360,15942,1149
29530.608332,2758949759,2758950909,15970,1150
29530.620330,2758958331,2758959481,15833,1150
29530.630879,2758966883,2758968056,15852,1173
29530.640330,2758975363,2758976513,15975,1150
29530.651918,2758983965,2758985137,15829,1172
29530.662441,2758992690,2758993839,15939,1149
29530.672331,2759001532,2759002682,15966,1150
29530.683478,2759010177,2759011326,15844,1149
29530.692328,2759018893,2759020066,15948,1173
29530.704333,2759027271,2759028420,15994,1149
29530.715039,2759035576,2759036722,15831,1146
29530.724327,2759044381,2759045530,15946,1149
29530.736085,2759052998,2759054149,16005,1151
29530.746601,2759061424,2759062597,15866,1173
29530.756327,2759070057,2759071230,15945,1173
29530.767647,2759078563,2759079711,15990,1148
29530.776329,2759087163,2759088311,15911,1148
29530.788328,2759095737,2759096885,15943,1148
29530.799206,2759104350,2759105500,15993,1150
29530.808330,2759113096,2759114268,15835,1172
29530.820239,2759121594,2759122743,15942,1149
29530.830763,2759130385,2759131535,15951,1150
29530.840331,2759139013,2759140163,15837,1150
29530.851800,2759147562,2759148709,15937,1147
29530.860328,2759156137,2759157306,15980,1169
29530.872328,2759164753,2759165902,15832,1149
29530.883362,2759173128,2759174275,15964,1147
29530.892329,2759181745,2759182892,15973,1147
29530.904330,2759190240,2759191387,15825,1147
29530.914922,2759198967,2759200115,15943,1148
29530.924331,2759207491,2759208638,15968,1147
29530.935958,2759216035,2759217185,15836,1150
29530.946482,2759224805,2759225978,15938,1173
29530.956333,2759233448,2759234621,15983,1173
29530.967521,2759242127,2759243278,15818,1151
29530.976335,2759250734,2759251882,15853,1148
29530.988330,2759259227,2759260376,15967,1149
29530.999078,2759267606,2759268756,15827,1150
29531.008329,2759276216,2759277364,15942,1148
29531.020125,2759284691,2759285840,15993,1149
29531.030638,2759293003,2759294151,15846,1148
29531.040332,2759301618,2759302768,15937,1150
29531.051686,2759309976,2759311123,15965,1147
29531.060330,2759318450,2759319600,15837,1150
29531.072334,2759326852,2759327996,15931,1144
29531.083246,2759335567,2759336711,15944,1144
29531.092327,2759344403,2759345554,15838,1151
29531.104280,2759352786,2759353934,15932,1148
29531.114806,2759361382,2759362532,15957,1150
29531.124327,2759369960,2759371132,15908,1172
29531.135840,2759378585,2759379736,15944,1151
29531.146367,2759386966,2759388140,15985,1174
29531.156331,2759395451,2759396623,15833,1172
29531.167401,2759404272,2759405420,15938,1148
29531.176327,2759412690,2759413865,15967,1175
29531.188336,2759421223,2759422372,15821,1149
29531.198961,2759429925,2759431098,15944,1173
29531.208328,2759438468,2759439617,15984,1149
29531.219997,2759447050,2759448199,15829,1149
29531.230523,2759455601,2759456748,15961,1147
29531.240330,2759464243,2759465393,15986,1150
29531.251558,2759472747,2759473896,15832,1149
29531.260335,2759481297,2759482448,15944,1151
29531.272328,2759489701,2759490874,15985,1173
29531.283119,2759498147,2759499295,15832,1148
29531.292333,2759506641,2759507814,15942,1173
29531.304165,2759515187,2759516338,15990,1151
29531.314679,2759523708,2759524880,15832,1172
29531.324330,2759532164,2759533308,15848,1144
29531.335726,2759540689,2759541839,15966,1150
29531.344332,2759549316,2759550490,15832,1174
29531.356331,2759557771,2759558921,15947,1150
29531.367286,2759566374,2759567521,15990,1147
29531.376330,2759574848,2759576017,15845,1169
29531.388320,2759583290,2759584440,15943,1150
29531.398847,2759591840,2759592990,15993,1150
29531.408329,2759600345,2759601518,15831,1173
29531.419881,2759608773,2759609919,15947,1146
29531.430407,2759617541,2759618718,16006,1177
29531.440329,2759626267,2759627417,15832,1150
29531.451441,2759634793,2759635944,15948,1151
29531.460331,2759643395,2759644542,15967,1147
29531.472329,2759651945,2759653095,15912,1150
29531.483002,2759660447,2759661620,15944,1173
29531.492328,2759669253,2759670404,15988,1151
29531.504037,2759677849,2759678997,15836,1148
29531.514562,2759686517,2759687666,15945,1149
29531.524328,2759695218,2759696367,15975,1149
29531.535598,2759703796,2759704946,15846,1150
29531.544332,2759712519,2759713669,15943,1150
29531.556328,2759720867,2759722016,15988,1149
29531.567158,2759729390,2759730538,15831,1148
29531.576328,2759738091,2759739241,15960,1150
29531.588206,2759746602,2759747752,15974,1150
29531.598719,2759755280,2759756430,15830,1150
29531.608331,2759763932,2759765081,15949,1149
29531.619765,2759772478,2759773651,15985,1173
29531.628329,2759781006,2759782155,15831,1149
29531.640332,2759789552,2759790726,15940,1174
29531.651326,2759798216,2759799364,15989,1148
29531.660332,2759806673,2759807846,15860,1173
29531.672331,2759815452,2759816602,15851,1150
29531.682887,2759824128,2759825301,15969,1173
29531.692328,2759832757,2759833906,15811,1149
29531.703921,2759841473,2759842646,15938,1173
29531.714449,2759850221,2759851370,16009,1149
29531.724330,2759858797,2759859947,15849,1150
29531.735481,2759867283,2759868432,15947,1149
29531.744331,2759875955,2759877127,15988,1172
29531.756329,2759884677,2759885826,15827,1149
29531.767042,2759893255,2759894427,15946,1172
29531.782077,2759902726,2759903434,13867,708
29531.792331,2759907340,2759907975,11959,635
29531.803116,2759911468,2759912109,12137,641
29531.812329,2759918714,2759919858,15916,1144
29531.824148,2759926978,2759928127,15847,1149
29531.834673,2759935260,2759936409,15971,1149
29531.844329,2759943678,2759944822,15909,1144
29531.855706,2759952416,2759953565,15861,1149
29531.864329,2759961066,2759962214,15987,1148
29531.876332,2759969692,2759970842,15913,1150
29531.887267,2759978296,2759979446,15865,1150
29531.896332,2759987143,2759988293,15975,1150
29531.908314,2759995600,2759996748,15916,1148
29531.918834,2760004129,2760005278,15896,1149
29531.928336,2760012698,2760013872,15974,1174
29531.939875,2760021238,2760022387,15934,1149
29531.950388,2760029795,2760030944,15842,1149
29531.960327,2760038501,2760039676,15970,1175
29531.971434,2760047160,2760048309,15920,1149
29531.980333,2760055883,2760057057,15875,1174
29531.992334,2760064403,2760065554,15983,1151
29532.002994,2760072914,2760074063,15909,1149
29532.012333,2760081560,2760082734,15840,1174
29532.024033,2760090086,2760091236,15987,1150
29532.034555,2760098776,2760099925,15909,1149
29532.044327,2760107379,2760108529,15846,1150
29532.055595,2760115955,2760117105,15992,1150
29532.064332,2760124338,2760125510,15920,1172
29532.076330,2760132935,2760134084,15831,1149
29532.087155,2760141402,2760142550,15998,1148
29532.096327,2760150190,2760151368,15915,1178
29532.108189,2760158946,2760160124,15865,1178
29532.118716,2760167897,2760169047,15924,1150
29532.128328,2760176402,2760177552,15912,1150
29532.139747,2760184979,2760186129,15809,1150
29532.148332,2760193606,2760194753,15982,1147
29532.160336,2760202083,2760203233,15919,1150
29532.171308,2760210733,2760211882,15830,1149
29532.180335,2760219411,2760220586,15981,1175
29532.192330,2760228031,2760229180,15905,1149
29532.202868,2760236612,2760237760,15850,1148
29532.212327,2760245142,2760246315,15972,1173
29532.223913,2760253898,2760255069,15915,1171
29532.234431,2760262498,2760263647,15880,1149
29532.244329,2760271241,2760272413,15998,1172
29532.255475,2760279848,2760281023,15917,1175
29532.264327,2760288674,2760289846,15908,1172
29532.276336,2760297395,2760298568,15973,1173
29532.287037,2760304370,2760305519,15819,1149
29532.296333,2760312964,2760314110,15860,1146
29532.308073,2760321466,2760322614,15982,1148
29532.318597,2760330060,2760331233,15907,1173
29532.328332,2760338712,2760339862,15813,1150
29532.339634,2760347313,2760348460,15987,1147
29532.348331,2760355916,2760357086,15914,1170
29532.360333,2760364685,2760365859,15820,1174
29532.371194,2760373238,2760374413,15987,1175
29532.380331,2760382199,2760383374,15929,1175
29532.392226,2760390855,2760392029,15849,1174
29532.402755,2760399394,2760400546,15990,1152
29532.412332,2760407957,2760409107,15997,1150
29532.423787,2760416706,2760417879,15950,1173
29532.432327,2760425475,2760426649,16061,1174
29532.444327,2760434124,2760435298,16006,1174
29532.455347,2760442946,2760444096,15914,1150
29532.464331,2760451481,2760452654,15913,1173
29532.476329,2760460383,2760461533,15931,1150
29532.486908,2760469105,2760470255,15844,1150
29532.496330,2760477617,2760478766,15969,1149
29532.507954,2760486199,2760487348,15924,1149
29532.518468,2760494650,2760495800,15844,1150
29532.528330,2760503303,2760504452,15967,1149
29532.539512,2760511688,2760512838,15913,1150
29532.548331,2760520282,2760521430,15850,1148
29532.560329,2760528887,2760530036,15979,1149
29532.571073,2760537471,2760538620,15899,1149
29532.580335,2760546193,2760547366,15887,1173
29532.592114,2760554791,2760555938,15986,1147
29532.602637,2760563572,2760564722,16015,1150
29532.612327,2760572189,2760573363,15996,1174
29532.623675,2760580647,2760581797,16088,1150
29532.632333,2760589027,2760590175,16005,1148
29532.644333,2760597601,2760598774,15950,1173
29532.655234,2760606184,2760607334,15984,1150
29532.664328,2760614738,2760615888,15897,1150
29532.676267,2760623365,2760624515,15918,1150
29532.686794,2760631815,2760632962,16071,1147
29532.696327,2760640339,2760641518,15994,1179
29532.707828,2760649024,2760650169,15916,1145
29532.718355,2760657541,2760658688,15988,1147
29532.728329,2760666140,2760667314,15914,1174
29532.739388,2760674819,2760675970,15849,1151
29532.748327,2760683562,2760684734,15996,1172
29532.760336,2760692034,2760693184,15918,1150
29532.770948,2760700565,2760701738,15838,1173
29532.780328,2760709292,2760710465,15999,1173
29532.791996,2760718086,2760719235,15926,1149
29532.804016,2760727903,2760729050,16029,1147
29532.814539,2760736729,2760737907,15920,1178
29532.824330,2760745612,2760746786,15864,1174
29532.835577,2760754149,2760755322,15974,1173
29532.844327,2760762674,2760763848,15900,1174
29532.856334,2760771516,2760772689,15879,1173
29532.867137,2760780142,2760781292,15990,1150
29532.876334,2760788823,2760789997,15912,1174
29532.888169,2760797506,2760798656,15849,1150
29532.898699,2760806258,2760807404,16001,1146
29532.908334,2760815008,2760816184,15918,1176
29532.919731,2760823590,2760824739,15845,1149
29532.928328,2760832045,2760833218,15970,1173
29532.940333,2760840619,2760841765,15919,1146
29532.951291,2760849310,2760850460,15833,1150
29532.960333,2760858129,2760859304,15919,1175
29532.972328,2760867035,2760868209,15911,1174
29532.982851,2760875736,2760876884,15835,1148
29532.992333,2760884335,2760885508,15986,1173
29533.003896,2760892892,2760894067,15911,1175
29533.014414,2760901466,2760902642,15858,1176
29533.024330,2760910348,2760911523,15977,1175
29533.035456,2760918923,2760920069,15902,1146
29533.044327,2760927647,2760928821,15844,1174
29533.056330,2760936248,2760937422,15968,1174
29533.067017,2760944700,2760945875,15913,1175
29533.076333,2760953292,2760954463,15879,1171
29533.088058,2760962114,2760963288,15999,1174
29533.098579,2760970961,2760972134,15901,1173
29533.108332,2760979953,2760981128,15885,1175
29533.119618,2760988689,2760989864,15968,1175
29533.128333,2760997292,2760998441,15913,1149
29533.140336,2761005961,2761007133,15858,1172
29533.151177,2761014786,2761015959,15975,1173
29533.160327,2761023685,2761024857,15909,1172
29533.172212,2761032406,2761033581,15860,1175
29533.182738,2761041078,2761042248,15986,1170
29533.192328,2761049578,2761050750,15912,1172
29533.203773,2761058283,2761059458,15881,1175
29533.212327,2761066975,2761068149,16060,1174
29533.224330,2761075829,2761077007,16001,1178
29533.235330,2761084439,2761085590,15952,1151
29533.244332,2761093045,2761094195,16077,1150
29533.256327,2761101649,2761102823,16002,1174
29533.266891,2761110322,2761111495,15950,1173
29533.276328,2761118903,2761120078,16045,1175
29533.287938,2761127753,2761128903,16020,1150
29533.298451,2761136619,2761137792,15937,1173
29533.308328,2761145326,2761146500,16006,1174
29533.319497,2761154025,2761155199,16007,1174
29533.328327,2761162676,2761163850,15842,1174
29533.340329,2761171426,2761172600,15941,1174
29533.351056,2761180321,2761181471,15910,1150
29533.360330,2761189072,2761190246,15868,1174
29533.372095,2761197871,2761199020,15969,1149
29533.382616,2761206791,2761207963,15915,1172
29533.392331,2761215444,2761216618,15926,1174
29533.403657,2761224043,2761225192,16079,1149
29533.412329,2761232743,2761233917,16000,1174
29533.424335,2761241637,2761242811,15885,1174
29533.435218,2761250691,2761251866,15970,1175
29533.444328,2761259562,2761260707,15932,1145
29533.456256,2761268138,2761269312,15911,1174
29533.466778,2761276715,2761277866,15990,1151
29533.476331,2761285395,2761286565,15917,1170
29533.487810,2761294256,2761295406,15846,1150
29533.498337,2761303009,2761304157,15965,1148
29533.508329,2761311683,2761312858,15920,1175
29533.519373,2761320287,2761321461,15962,1174
29533.528332,2761329264,2761330438,16057,1174
29533.540336,2761337894,2761339068,15998,1174
29533.550931,2761346496,2761347670,15952,1174
29533.560333,2761355069,2761356242,16053,1173
29533.571977,2761363960,2761365110,15934,1150
29533.582492,2761372643,2761373816,15950,1173
29533.592329,2761381436,2761382608,16071,1172
29533.603538,2761390018,2761391191,15999,1173
29533.612330,2761398747,2761399920,15843,1173
29533.624333,2761407389,2761408539,15995,1150
29533.635100,2761416020,2761417193,16005,1173
29533.644328,2761424947,2761426122,15917,1175
29533.656138,2761433577,2761434728,16008,1151
29533.666661,2761442410,2761443562,16012,1152
29533.676334,2761451046,2761452221,15918,1175
29533.687697,2761459575,2761460753,16036,1178
29533.696330,2761468086,2761469257,16017,1171
29533.708329,2761476591,2761477766,15945,1175
29533.719257,2761485119,2761486294,16068,1175
29533.728329,2761494041,2761495192,15999,1151
29533.740290,2761502817,2761503969,15852,1152
29533.750819,2761511574,2761512724,15989,1150
29533.760327,2761520228,2761521377,15938,1149
29533.771853,2761528784,2761529958,15879,1174
29533.782380,2761537663,2761538834,15988,1171
29533.792329,2761546383,2761547557,15911,1174
29533.803418,2761554962,2761556110,15912,1148
29533.812332,2761563685,2761564856,15972,1171
29533.824328,2761572201,2761573376,15901,1175
29533.834971,2761581049,2761582222,15829,1173
29533.844330,2761589650,2761590827,15946,1177
29533.856019,2761598034,2761599208,16001,1174
29533.866532,2761606662,2761607811,15902,1149
29533.876328,2761615385,2761616534,16075,1149
29533.887577,2761623967,2761625117,15995,1150
29533.896330,2761632792,2761633964,15929,1172
29533.908333,2761641495,2761642669,16078,1174
29533.919138,2761650127,2761651301,16000,1174
29533.928328,2761658971,2761660145,15936,1174
29533.940180,2761667697,2761668845,16084,1148
29533.950700,2761676417,2761677568,16006,1151
29533.960333,2761684952,2761686125,15958,1173
29533.971740,2761693892,2761695041,16003,1149
29533.980331,2761702500,2761703674,15916,1174
29533.992331,2761711275,2761712423,15840,1148
29534.003299,2761719972,2761721121,15918,1149
29534.012327,2761728787,2761729936,15919,1149
29534.024328,2761737534,2761738684,15815,1150
29534.034857,2761746151,2761747299,15960,1148
29534.044332,2761755000,2761756175,15902,1175
29534.055893,2761763849,2761765022,15871,1173
29534.066418,2761772541,2761773692,15972,1151
29534.076334,2761781028,2761782202,15915,1174
29534.087451,2761789823,2761790972,15862,1149
29534.096327,2761798368,2761799540,15976,1172
29534.108335,2761806892,2761808067,15929,1175
29534.119012,2761815692,2761816866,15847,1174
29534.128329,2761824340,2761825488,15978,1148
29534.140057,2761833082,2761834228,15918,1146
29534.150578,2761841779,2761842927,15896,1148
29534.160333,2761850473,2761851647,15959,1174
29534.171618,2761859272,2761860421,15902,1149
29534.180331,2761868143,2761869315,15843,1172
29534.192335,2761876850,2761878024,15972,1174
29534.203179,2761885543,2761886693,15938,1150
29534.212330,2761894326,2761895499,15870,1173
29534.224216,2761903004,2761904153,15971,1149
29534.234738,2761911800,2761912974,15903,1174
29534.244333,2761920676,2761921854,15883,1178
29534.255778,2761929502,2761930677,15959,1175
29534.264328,2761938320,2761939499,15911,1179
29534.276329,2761947252,2761948428,15871,1176
29534.287339,2761955956,2761957128,16002,1172
29534.296334,2761964852,2761966025,15912,1173
29534.308332,2761973557,2761974729,15879,1172
29534.318899,2761982184,2761983335,15997,1151
29534.328327,2761990813,2761991986,15912,1173
29534.339931,2761999444,2762000618,15823,1174
29534.350460,2762008366,2762009515,15919,1149
29534.360334,2762017125,2762018298,15933,1173
29534.371491,2762025783,2762026958,15834,1175
29534.380326,2762034585,2762035758,15977,1173
29534.392329,2762043288,2762044462,15915,1174
29534.403052,2762052111,2762053262,15809,1151
29534.412332,2762060825,2762061999,15986,1174
29534.424098,2762069622,2762070796,15899,1174
29534.436121,2762079414,2762080562,16045,1148
29534.446643,2762087976,2762089147,15913,1171
29534.456331,2762096724,2762097897,15843,1173
29534.467682,2762105399,2762106571,16001,1172
29534.476327,2762114098,2762115270,15929,1172
29534.488330,2762122705,2762123878,15865,1173
29534.499242,2762131478,2762132625,15918,1147
29534.508332,2762140333,2762141505,15914,1172
29534.520273,2762149153,2762150306,15829,1153
29534.530803,2762157832,2762159004,16047,1172
29534.540332,2762166559,2762167727,16002,1168
29534.551834,2762175205,2762176354,15921,1149
29534.562362,2762184086,2762185256,16069,1170
29534.572329,2762192970,2762194142,16000,1172
29534.583397,2762201771,2762202946,15964,1175
29534.592331,2762210452,2762211624,16073,1172
29534.604334,2762219279,2762220451,15987,1172
29534.614955,2762228003,2762229176,15915,1173
29534.624333,2762236513,2762237661,16079,1148
29534.636001,2762245249,2762246396,15912,1147
29534.646522,2762254021,2762255166,15892,1145
29534.656330,2762262728,2762263902,15966,1174
29534.667561,2762271408,2762272580,15908,1172
29534.676329,2762279959,2762281131,15862,1172
29534.688327,2762288534,2762289682,15979,1148
29534.699123,2762297436,2762298610,15907,1174
29534.708333,2762306208,2762307380,15863,1172
29534.720160,2762314936,2762316108,15979,1172
29534.730681,2762323764,2762324935,15907,1171
29534.740330,2762332787,2762333958,15845,1171
29534.751720,2762341386,2762342559,16041,1173
29534.760328,2762350089,2762351260,15997,1171
29534.772328,2762358613,2762359785,15934,1172
29534.783282,2762367288,2762368460,16082,1172
29534.792330,2762375865,2762377037,15986,1172
29534.804313,2762384759,2762385903,15914,1144
29534.814842,2762393479,2762394651,16080,1172
29534.824334,2762402117,2762403288,16000,1171
29534.835874,2762410775,2762411947,15914,1172
29534.846403,2762419390,2762420562,15911,1172
29534.856333,2762428001,2762429173,15913,1172
29534.867434,2762436676,2762437847,15841,1171
29534.876328,2762445577,2762446749,15957,1172
29534.888331,2762454478,2762455625,15926,1147
29534.898994,2762463033,2762464208,15832,1175
29534.908328,2762471882,2762473054,15948,1172
29534.920040,2762480583,2762481733,15928,1150
29534.930555,2762489281,2762490453,15859,1172
29534.940333,2762498125,2762499297,15981,1172
29534.951599,2762506678,2762507825,15907,1147
29534.960328,2762515431,2762516602,15840,1171
29534.972328,2762524135,2762525307,15959,1172
29534.983161,2762532780,2762533928,15912,1148
29534.992329,2762541579,2762542752,15910,1173
29535.004200,2762550405,2762551581,15981,1176
29535.014722,2762559156,2762560328,15912,1172
29535.024330,2762568216,2762569388,15848,1172
29535.035759,2762577017,2762578164,15961,1147
29535.044330,2762585670,2762586840,15908,1170
29535.056329,2762594555,2762595727,15828,1172
29535.067319,2762603064,2762604213,15966,1149
29535.076336,2762611865,2762613036,15924,1171
29535.088332,2762620540,2762621710,15836,1170
29535.098880,2762629192,2762630339,15975,1147
29535.108330,2762637850,2762639022,15898,1172
29535.119917,2762646407,2762647580,15892,1173
29535.130442,2762655019,2762656191,15950,1172
29535.140327,2762663576,2762664748,15915,1172
29535.151474,2762672331,2762673503,15856,1172
29535.160332,2762681134,2762682303,15960,1169
29535.172332,2762689823,2762690995,15950,1172
29535.183034,2762698417,2762699565,15845,1148
29535.192330,2762707203,2762708374,15916,1171
29535.204080,2762715831,2762716979,15911,1148
29535.214595,2762724635,2762725808,15829,1173
29535.224334,2762733568,2762734741,15967,1173
29535.235639,2762742369,2762743539,15905,1170
29535.244327,2762751167,2762752337,15871,1170
29535.256331,2762759895,2762761068,15980,1173
29535.267201,2762768560,2762769733,15912,1173
29535.276331,2762777436,2762778607,15841,1171
29535.288242,2762786261,2762787408,15995,1147
29535.298762,2762795133,2762796277,15889,1144
29535.308331,2762803807,2762804979,15837,1172
29535.319802,2762812642,2762813789,15983,1147
29535.328329,2762821293,2762822466,15913,1173
29535.340332,2762830007,2762831178,15900,1171
29535.351362,2762838727,2762839875,15989,1148
29535.360332,2762847428,2762848598,15912,1170
29535.372334,2762856059,2762857206,15826,1147
29535.382921,2762864689,2762865836,15981,1147
29535.392328,2762873412,2762874584,15918,1172
29535.403957,2762882087,2762883259,15854,1172
29535.414482,2762890812,2762891959,15976,1147
29535.424327,2762899589,2762900760,15910,1171
29535.435515,2762908367,2762909539,15845,1172
29535.444331,2762917094,2762918263,15980,1169
29535.456331,2762925765,2762926936,15897,1171
29535.467077,2762934429,2762935577,15850,1148
29535.476333,2762943206,2762944378,15992,1172
29535.488122,2762951839,2762953011,15902,1172
29535.498635,2762960566,2762961740,15847,1174
29535.508330,2762969206,2762970378,15994,1172
29535.519682,2762978032,2762979203,15912,1171
29535.528331,2762986856,2762988027,15808,1171
29535.540330,2762995836,2762997008,15916,1172
29535.551243,2763004488,2763005660,15990,1172
29535.560328,2763013393,2763014564,15909,1171
29535.572281,2763022180,2763023327,16066,1147
29535.582801,2763030927,2763032076,15998,1149
29535.592328,2763039743,2763040916,15916,1173
29535.603841,2763048324,2763049469,16073,1145
29535.614362,2763057019,2763058193,15985,1174
29535.624333,2763065923,2763067071,15911,1148
29535.635402,2763074805,2763075954,16082,1149
29535.644332,2763083461,2763084631,15999,1170
29535.656330,2763092217,2763093365,15917,1148
29535.666961,2763100892,2763102041,16062,1149
29535.676335,2763109671,2763110842,15992,1171
29535.688000,2763118524,2763119671,15995,1147
29535.698522,2763127400,2763128572,16060,1172
29535.708327,2763136277,2763137445,16004,1168
29535.719555,2763144954,2763146100,15924,1146
29535.728327,2763153428,2763154596,16055,1168
29535.740329,2763162242,2763163414,15998,1172
29535.751115,2763170817,2763171989,15932,1172
29535.760330,2763179663,2763180832,16054,1169
29535.772159,2763188408,2763189558,16001,1150
29535.782678,2763196744,2763197917,15885,1173
29535.792331,2763205541,2763206712,15899,1171
29535.803725,2763214336,2763215508,15992,1172
29535.812333,2763223055,2763224223,15828,1168
29535.824331,2763231925,2763233073,15933,1148
29535.835283,2763240628,2763241800,15984,1172
29535.844331,2763249528,2763250700,15830,1172
29535.856316,2763258331,2763259479,15938,1148
29535.866847,2763267295,2763268444,16081,1149
29535.876330,2763275987,2763277158,15826,1171
29535.887875,2763284696,2763285867,15844,1171
29535.898405,2763293741,2763294889,16005,1148
29535.908331,2763302277,2763303447,15827,1170
29535.919437,2763310903,2763312051,15941,1148
29535.928332,2763319556,2763320729,15990,1173
29535.940331,2763328386,2763329534,15815,1148
29535.950997,2763337048,2763338220,15935,1172
29535.960327,2763345719,2763346890,15983,1171
29535.972034,2763354374,2763355545,15819,1171
29535.982558,2763363098,2763364270,15933,1172
29535.992332,2763371750,2763372922,15996,1172
29536.003595,2763380596,2763381743,15820,1147
29536.012336,2763389248,2763390396,15932,1148
29536.024328,2763398024,2763399198,16018,1174
29536.035162,2763406602,2763407750,15906,1148
29536.044330,2763415498,2763416668,15930,1170
29536.056204,2763424051,2763425223,16043,1172
29536.066711,2763432648,2763433795,15779,1147
29536.076333,2763441404,2763442577,15934,1173
29536.087762,2763450034,2763451182,16068,1148
29536.096330,2763458493,2763459664,15914,1171
29536.108332,2763467077,2763468248,16027,1171
29536.119325,2763475772,2763476920,16132,1148
29536.128329,2763484403,2763485576,15917,1173
29536.140332,2763493214,2763494361,16042,1147
29536.150884,2763501762,2763502909,16066,1147
29536.160327,2763510424,2763511594,15898,1170
29536.171918,2763519125,2763520273,16017,1148
29536.182444,2763527803,2763528975,16046,1172
29536.192332,2763536385,2763537556,15921,1171
29536.203475,2763545085,2763546260,15973,1175
29536.212334,2763553812,2763554984,16038,1172
29536.224329,2763562707,2763563880,15896,1173
29536.235037,2763571387,2763572534,15931,1147
29536.244329,2763580340,2763581510,16045,1170
29536.256075,2763589036,2763590207,15918,1171
29536.266595,2763597920,2763599093,15969,1173
29536.276331,2763606862,2763608036,15988,1174
29536.287637,2763615592,2763616765,15879,1173
29536.296330,2763624377,2763625548,15941,1171
29536.308334,2763633037,2763634209,15966,1172
29536.319195,2763641768,2763642916,15829,1148
29536.328327,2763650600,2763651773,15936,1173
29536.340242,2763659465,2763660612,16039,1147
29536.350755,2763668145,2763669292,15910,1147
29536.360328,2763676809,2763677978,15973,1169
29536.371803,2763685739,2763686887,16070,1148
29536.380328,2763694465,2763695636,15996,1171
29536.392335,2763703410,2763704583,16028,1173
29536.403363,2763712180,2763713352,16075,1172
29536.412329,2763720810,2763721982,15909,1172
29536.424329,2763729591,2763730739,16019,1148
29536.434925,2763738338,2763739509,16088,1171
29536.444327,2763746950,2763748121,15895,1171
29536.455957,2763755803,2763756975,16027,1172
29536.466485,2763764725,2763765868,16081,1143
29536.476334,2763773279,2763774451,15808,1172
29536.487519,2763781935,2763783082,15959,1147
29536.496335,2763790620,2763791791,16130,1171
29536.508333,2763799204,2763800377,15910,1173
29536.519078,2763807805,2763808977,16015,1172
29536.528328,2763816676,2763817849,16178,1173
29536.540114,2763825409,2763826581,15896,1172
29536.550639,2763834342,2763835486,16034,1144
29536.560330,2763843047,2763844216,16054,1169
29536.571675,2763851871,2763853043,15914,1172
29536.580334,2763860569,2763861741,15935,1172
29536.592331,2763869070,2763870241,16053,1171
29536.603235,2763877698,2763878869,15913,1171
29536.612330,2763886592,2763887763,16025,1171
29536.624283,2763895216,2763896387,16068,1171
29536.634796,2763903826,2763904998,15929,1172
29536.644330,2763912656,2763913826,15972,1170
29536.655845,2763921458,2763922627,16104,1169
29536.666356,2763930105,2763931252,15913,1147
29536.676336,2763938905,2763940076,16026,1171
29536.687403,2763947734,2763948881,15941,1147
29536.696328,2763956515,2763957660,15834,1145
29536.708328,2763965175,2763966322,15940,1147
29536.718963,2763973971,2763975142,15981,1171
29536.728330,2763982470,2763983644,15906,1174
29536.739997,2763991345,2763992521,15939,1176
29536.750524,2764000199,2764001349,15952,1150
29536.760332,2764009006,2764010172,15827,1166
29536.771558,2764017928,2764019101,15935,1173
29536.780330,2764026530,2764027702,15974,1172
29536.792328,2764035259,2764036430,15829,1171
29536.803118,2764044139,2764045311,15945,1172
29536.812329,2764052884,2764054056,15936,1172
29536.824157,2764061664,2764062835,15861,1171
29536.834680,2764070541,2764071689,15948,1148
29536.844329,2764079192,2764080363,16001,1171
29536.855715,2764088144,2764089316,15830,1172
29536.864329,2764096809,2764097981,15881,1172
29536.876331,2764105586,2764106757,15938,1171
29536.887281,2764114285,2764115457,15857,1172
29536.896331,2764123047,2764124214,15943,1167
29536.908323,2764131995,2764133166,15972,1171
29536.918836,2764140648,2764141820,15825,1172
29536.928335,2764149390,2764150563,15845,1173
29536.939883,2764158069,2764159216,15967,1147
29536.950396,2764166646,2764167818,15826,1172
29536.960327,2764175571,2764176741,15939,1170
29536.971444,2764184442,2764185614,15983,1172
29536.980328,2764193319,2764194492,15819,1173
29536.992331,2764202071,2764203242,15933,1171
29537.003005,2764210726,2764211873,15979,1147
29537.012328,2764219507,2764220679,15830,1172
29537.024037,2764228260,2764229405,15934,1145
29537.034564,2764236932,2764238077,15948,1145
29537.044331,2764245531,2764246701,15826,1170
29537.055597,2764254304,2764255452,15941,1148
29537.064331,2764263004,2764264175,16038,1171
29537.076331,2764271855,2764273027,15953,1172
29537.087155,2764280796,2764281970,15930,1174
29537.096327,2764289661,2764290834,15966,1173
29537.108197,2764298346,2764299520,15852,1174
29537.118719,2764307259,2764308430,15937,1171
29537.128330,2764316043,2764317220,15959,1177
29537.139758,2764324761,2764325932,15854,1171
29537.148331,2764333552,2764334723,15880,1171
29537.160328,2764342277,2764343445,15964,1168
29537.171316,2764350780,2764351927,15834,1147
29537.180329,2764359465,2764360634,15953,1169
29537.192329,2764368116,2764369287,16036,1171
29537.202876,2764376649,2764377796,15834,1147
29537.212327,2764385421,2764386594,15933,1173
29537.223925,2764394171,2764395342,16043,1171
29537.234437,2764403076,2764404248,15811,1172
29537.244331,2764411879,2764413052,15935,1173
29537.255484,2764420384,2764421532,15978,1148
29537.264328,2764429069,2764430242,15832,1173
29537.276334,2764437653,2764438823,15841,1170
29537.287043,2764446383,2764447531,15965,1148
29537.296327,2764455289,2764456461,15809,1172
29537.308077,2764464186,2764465358,15940,1172
29537.318606,2764472792,2764473939,15997,1147
29537.328328,2764481705,2764482877,15822,1172
29537.339638,2764490385,2764491557,15939,1172
29537.348328,2764498935,2764500109,16026,1174
29537.360328,2764507668,2764508838,15820,1170
29537.371198,2764516520,2764517693,15931,1173
29537.380328,2764525490,2764526661,15943,1171
29537.392235,2764534271,2764535442,15830,1171
29537.402759,2764543059,2764544207,15939,1148
29537.412329,2764551787,2764552959,15975,1172
29537.423802,2764560421,2764561592,15908,1171
29537.432333,2764569003,2764570175,15939,1172
29537.444330,2764577844,2764579015,16043,1171
29537.455356,2764586397,2764587569,15829,1172
29537.464328,2764595246,2764596418,15936,1172
29537.476326,2764603840,2764604984,15982,1144
29537.486916,2764612709,2764613857,15806,1148
29537.496329,2764621255,2764622428,15936,1173
29537.507963,2764630135,2764631308,15957,1173
29537.518479,2764638988,2764640160,15855,1172
29537.528329,2764647814,2764648986,15895,1172
29537.539523,2764656591,2764657763,15953,1172
29537.548334,2764665374,2764666545,15826,1171
29537.560331,2764674029,2764675197,15934,1168
29537.571086,2764682725,2764683897,16036,1172
29537.580332,2764691526,2764692699,15829,1173
29537.592117,2764700210,2764701382,15933,1172
29537.602647,2764708912,2764710083,16045,1171
29537.612333,2764717736,2764718908,15821,1172
29537.623677,2764726519,2764727691,15849,1172
29537.632328,2764735198,2764736369,16003,1171
29537.644333,2764743831,2764745003,15806,1172
29537.655238,2764752440,2764753612,15936,1172
29537.664327,2764761165,2764762341,16021,1176
29537.676275,2764769923,2764771069,15842,1146
29537.686797,2764778553,2764779725,15879,1172
29537.696328,2764787212,2764788383,15966,1171
29537.707835,2764795787,2764796936,15832,1149
29537.718359,2764804428,2764805598,15928,1170
29537.728327,2764813055,2764814229,15947,1174
29537.739396,2764821965,2764823138,15814,1173
29537.748330,2764830847,2764832018,15939,1171
29537.760329,2764839516,2764840687,15983,1171
29537.770964,2764848093,2764849266,15908,1173
29537.780328,2764856809,2764857981,15935,1172
29537.792003,2764865610,2764866783,15988,1173
29537.802517,2764874418,2764875591,15801,1173
29537.812329,2764883426,2764884597,15883,1171
29537.823563,2764892078,2764893246,15981,1168
29537.832334,2764900680,2764901851,15859,1171
29537.844337,2764909505,2764910677,15941,1172
29537.855124,2764918380,2764919552,15963,1172
29537.864332,2764927195,2764928368,15851,1173
29537.876159,2764936198,2764937370,15945,1172
29537.886685,2764945197,2764946369,15982,1172
29537.896333,2764954046,2764955219,15832,1173
29537.907720,2764962837,2764964008,15938,1171
29537.916334,2764971766,2764972938,16076,1172
29537.928331,2764980428,2764981600,15916,1172
29537.939279,2764989311,2764990480,16028,1169
29537.948332,2764998083,2764999256,16067,1173
29537.960315,2765006868,2765008038,15919,1170
29537.970838,2765015818,2765016989,15927,1171
29537.980327,2765024643,2765025815,16056,1172
29537.991875,2765033561,2765034710,15913,1149
29538.002399,2765042463,2765043612,16028,1149
29538.012330,2765051348,2765052519,16082,1171
29538.023436,2765060142,2765061314,15915,1172
29538.032329,2765068745,2765069918,16023,1173
29538.044328,2765077446,2765078618,16078,1172
29538.054996,2765086200,2765087373,15910,1173
29538.064329,2765095088,2765096259,16026,1171
29538.076043,2765103837,2765105008,16036,1171
29538.086557,2765112575,2765113723,15920,1148
29538.096330,2765121376,2765122550,16022,1174
29538.107603,2765130120,2765131265,16102,1145
29538.116328,2765138952,2765140125,15986,1173
29538.128330,2765147836,2765149009,16013,1173
29538.139165,2765156561,2765157733,16072,1172
29538.148329,2765165339,2765166512,15919,1173
29538.160198,2765174286,2765175458,16029,1172
29538.170725,2765182959,2765184130,16073,1171
29538.180330,2765191837,2765193005,15914,1168
29538.191759,2765200656,2765201804,16019,1148
29538.200331,2765209556,2765210728,16048,1172
29538.212328,2765218328,2765219499,15916,1171
29538.223320,2765227239,2765228411,16040,1172
29538.232328,2765236156,2765237329,16071,1173
29538.244327,2765245000,2765246174,15917,1174
29538.254879,2765253708,2765254881,16030,1173
29538.264328,2765262528,2765263701,16065,1173
29538.275916,2765271129,2765272300,15919,1171
29538.286440,2765279913,2765281087,16024,1174
29538.296331,2765288605,2765289779,16080,1174
29538.307477,2765297485,2765298657,15915,1172
29538.316332,2765306319,2765307491,15840,1172
29538.328331,2765315304,2765316477,15967,1173
29538.339036,2765324109,2765325282,15829,1173
29538.348330,2765333031,2765334203,15940,1172
29538.360084,2765341768,2765342938,16071,1170
29538.370598,2765350811,2765351984,15943,1173
29538.380333,2765359365,2765360538,16051,1173
29538.391642,2765368226,2765369376,16063,1150
29538.400332,2765377270,2765378443,15620,1173
29538.412332,2765386262,2765387433,15947,1171
29538.423204,2765394958,2765396131,15955,1173
29538.432333,2765403990,2765405163,15848,1173
29538.444238,2765413027,2765414198,15927,1171
29538.454765,2765421936,2765423108,16077,1172
29538.464330,2765430959,2765432135,15983,1176
29538.475800,2765439891,2765441062,16020,1171
29538.486325,2765449174,2765450343,16060,1169
29538.496330,2765458275,2765459448,15581,1173
29538.507361,2765467378,2765468553,15954,1175
29538.516334,2765476212,2765477383,15950,1171
29538.528328,2765484978,2765486151,15837,1173
29538.538918,2765493875,2765495048,15934,1173
29538.548334,2765502644,2765503817,16056,1173
29538.559955,2765511450,2765512620,15932,1170
29538.570482,2765520283,2765521456,16043,1173
29538.580329,2765529063,2765530236,16039,1173
29538.591517,2765537597,2765538770,15934,1173
29538.600329,2765546354,2765547525,16023,1171
29538.612329,2765555186,2765556358,16057,1172
29538.623076,2765564108,2765565280,15927,1172
29538.632328,2765573056,2765574228,16028,1172
29538.644123,2765581754,2765582927,16060,1173
29538.654637,2765590531,2765591702,15933,1171
29538.664329,2765599353,2765600530,15946,1177
29538.675683,2765608138,2765609309,16040,1171
29538.684328,2765617092,2765618265,15955,1173
29538.696332,2765625914,2765627084,16024,1170
29538.707243,2765634416,2765635588,16098,1172
29538.716333,2765643167,2765644340,15967,1173
29538.728278,2765651910,2765653079,15938,1169
29538.738804,2765660637,2765661786,15977,1149
29538.748330,2765669393,2765670567,15872,1174
29538.759836,2765678202,2765679371,15886,1169
29538.770364,2765686958,2765688130,15924,1172
29538.780331,2765695898,2765697070,15843,1172
29538.791399,2765704629,2765705802,15931,1173
29538.800331,2765713408,2765714580,15954,1172
29538.812336,2765721965,2765723138,15906,1173
29538.822959,2765730625,2765731773,15937,1148
29538.832330,2765739256,2765740427,15969,1171
29538.843996,2765747804,2765748972,15843,1168
29538.854519,2765756505,2765757676,15939,1171
29538.864331,2765765217,2765766393,15966,1176
29538.875556,2765774003,2765775175,15826,1172
29538.884333,2765782945,2765784118,15943,1173
29538.896328,2765791501,2765792675,15970,1174
29538.907117,2765800346,2765801519,15846,1173
29538.916333,2765809085,2765810257,15957,1172
29538.928163,2765817941,2765819112,16017,1171
29538.938680,2765826855,2765828026,15870,1171
29538.948332,2765835777,2765836949,15935,1172
29538.959722,2765844565,2765845736,15949,1171
29538.968335,2765852999,2765854171,15844,1172
29538.980329,2765861701,2765862872,15984,1171
29538.991283,2765870507,2765871680,15972,1173
29539.000329,2765879485,2765880659,15835,1174
29539.012316,2765888486,2765889658,15858,1172
29539.022845,2765897474,2765898647,15996,1173
29539.032329,2765906503,2765907676,15817,1173
29539.043876,2765915475,2765916651,15887,1176
29539.054404,2765924408,2765925582,15948,1174
29539.064328,2765933413,2765934585,15841,1172
29539.075439,2765942222,2765943393,15942,1171
29539.084330,2765951001,2765952174,15969,1173
29539.096333,2765959978,2765961150,15840,1172
29539.106999,2765968878,2765970050,15939,1172
29539.116334,2765977746,2765978918,15993,1172
29539.128036,2765986403,2765987577,15824,1174
29539.138560,2765995097,2765996268,15937,1171
29539.148334,2766004033,2766005209,16062,1176
29539.159606,2766012774,2766013944,15985,1170
29539.168328,2766021601,2766022774,16022,1173
29539.180337,2766030398,2766031571,16087,1173
29539.191156,2766039226,2766040399,15918,1173
29539.200327,2766048079,2766049252,15973,1173
29539.212204,2766056810,2766057983,16072,1173
29539.222720,2766065617,2766066789,15945,1172
29539.232328,2766074510,2766075681,16019,1171
29539.243765,2766083232,2766084404,16074,1172
29539.252326,2766091980,2766093153,15912,1173
29539.264329,2766100853,2766102027,16044,1174
29539.275324,2766109562,2766110734,16069,1172
29539.284329,2766118493,2766119666,15918,1173
29539.296343,2766127389,2766128562,16023,1173
29539.306885,2766136336,2766137510,16068,1174
29539.316328,2766145256,2766146427,15890,1171
29539.327919,2766153939,2766155108,16029,1169
29539.338446,2766162792,2766163964,16071,1172
29539.348331,2766171526,2766172699,15919,1173
29539.359480,2766180455,2766181626,15931,1171
29539.368330,2766189232,2766190403,16078,1171
29539.380334,2766198045,2766199218,15932,1173
29539.391039,2766206614,2766207787,16026,1173
29539.400334,2766215583,2766216757,16087,1174
29539.412079,2766224467,2766225640,15964,1173
29539.422600,2766233123,2766234296,16025,1173
29539.432329,2766241880,2766243053,16073,1173
29539.443639,2766250708,2766251883,15884,1175
29539.452327,2766259665,2766260837,16022,1172
29539.464335,2766268349,2766269522,16037,1173
29539.475197,2766277214,2766278384,15908,1170
29539.484328,2766286142,2766287314,16026,1172
29539.496246,2766295193,2766296367,16084,1174
29539.506765,2766304102,2766305278,15987,1176
29539.516333,2766313052,2766314225,16024,1173
29539.527806,2766321853,2766323030,16069,1177
29539.536327,2766330700,2766331875,15828,1175
29539.548333,2766339490,2766340665,15939,1175
29539.559365,2766348125,2766349297,16073,1172
29539.568327,2766356935,2766358108,15943,1173
29539.580332,2766365891,2766367064,15973,1173
29539.590925,2766374742,2766375914,16072,1172
29539.600327,2766383542,2766384714,15899,1172
29539.611960,2766392195,2766393363,16037,1168
29539.622486,2766401168,2766402341,16111,1173
29539.632327,2766410197,2766411370,15919,1173
29539.643519,2766418776,2766419950,16068,1174
29539.652330,2766427565,2766428737,16111,1172
29539.664329,2766436436,2766437608,15916,1172
29539.675080,2766445143,2766446314,16016,1171
29539.684329,2766453983,2766455156,16057,1173
29539.696119,2766462837,2766464010,15945,1173
29539.706639,2766471629,2766472800,15932,1171
29539.716328,2766480677,2766481853,16081,1176
29539.727677,2766489456,2766490630,15895,1174
29539.736328,2766498318,2766499494,16028,1176
29539.748327,2766507314,2766508490,16072,1176
29539.759237,2766516073,2766517245,15927,1172
29539.768328,2766524856,2766526029,16031,1173
29539.780286,2766533587,2766534760,16091,1173
29539.790798,2766542434,2766543607,15912,1173
29539.800331,2766551281,2766552453,16025,1172
29539.811845,2766559964,2766561137,16034,1173
29539.822358,2766568964,2766570135,15891,1171
29539.832327,2766577834,2766579007,16025,1173
29539.843407,2766586581,2766587755,16063,1174
29539.852331,2766595345,2766596516,15998,1171
29539.864329,2766604282,2766605453,15968,1171
29539.874966,2766613350,2766614521,16072,1171
29539.884335,2766622282,2766623456,15914,1174
29539.895997,2766631142,2766632319,15974,1177
29539.906527,2766639996,2766641169,16091,1173
29539.916333,2766648773,2766649945,15915,1172
29539.927557,2766657687,2766658860,15974,1173
29539.936330,2766666436,2766667609,16036,1173
29539.948335,2766675237,2766676410,15919,1173
29539.959122,2766684208,2766685379,16039,1171
29539.968332,2766693109,2766694283,16088,1174
29539.980156,2766701919,2766703095,15914,1176
29539.990681,2766710754,2766711927,16021,1173
29540.000329,2766719656,2766720829,16090,1173
29540.011717,2766728354,2766729523,15914,1169
29540.020327,2766737239,2766738411,16026,1172
29540.032329,2766746043,2766747216,16082,1173
29540.043277,2766754917,2766756091,15915,1174
29540.052333,2766763968,2766765140,15932,1172
29540.064324,2766772834,2766774002,16048,1168
29540.074840,2766781632,2766782802,15946,1170
29540.084335,2766790580,2766791753,16033,1173
29540.095886,2766799440,2766800609,16071,1169
29540.106399,2766808078,2766809251,15936,1173
29540.116327,2766817053,2766818225,16028,1172
29540.127446,2766825740,2766826913,16119,1173
29540.136331,2766834725,2766835898,15914,1173
29540.148329,2766843671,2766844844,15920,1173
29540.159005,2766852543,2766853715,16065,1172
29540.168329,2766861572,2766862745,15943,1173
29540.180039,2766870356,2766871533,16027,1177
29540.190567,2766879179,2766880348,16096,1169
29540.200328,2766888117,2766889290,15977,1173
29540.211600,2766897089,2766898261,15935,1172
29540.220327,2766905994,2766907167,16068,1173
29540.232329,2766914693,2766915866,15901,1173
29540.243159,2766923546,2766924720,15971,1174
29540.252328,2766932405,2766933578,16065,1173
29540.264196,2766941355,2766942528,15917,1173
29540.274721,2766950215,2766951386,16027,1171
29540.284329,2766959211,2766960386,16069,1175
29540.295760,2766968139,2766969312,15945,1173
29540.304333,2766976999,2766978172,16039,1173
29540.316328,2766985929,2766987105,16072,1176
29540.327317,2766994587,2766995760,15907,1173
29540.336333,2767003495,2767004668,16028,1173
29540.348333,2767012246,2767013418,16061,1172
29540.358878,2767021270,2767022442,15834,1172
29540.368328,2767030004,2767031176,15910,1172
29540.379925,2767038587,2767039758,15976,1171
29540.390438,2767047273,2767048445,15830,1172
29540.400330,2767056087,2767057259,15848,1172
29540.411484,2767065096,2767066270,15962,1174
29540.420331,2767073687,2767074858,15850,1171
29540.432330,2767082705,2767083878,15933,1173
29540.443046,2767091354,2767092533,15985,1179
29540.452329,2767100195,2767101367,15839,1172
29540.464079,2767109036,2767110208,15941,1172
29540.474608,2767117988,2767119162,15979,1174
29540.484330,2767126919,2767128093,15833,1174
29540.495640,2767135875,2767137049,15935,1174
29540.504332,2767144731,2767145904,15947,1173
29540.516328,2767153562,2767154734,15824,1172
29540.527200,2767162272,2767163445,15941,1173
29540.536334,2767171242,2767172415,15987,1173
29540.548244,2767180151,2767181323,15910,1172
29540.558761,2767189095,2767190268,15913,1173
29540.568327,2767197984,2767199158,15965,1174
29540.579799,2767206938,2767208110,15857,1172
29540.588330,2767215899,2767217072,15937,1173
29540.600327,2767224802,2767225974,15982,1172
29540.611358,2767233652,2767234824,15836,1172
29540.620335,2767242646,2767243818,15943,1172
29540.632331,2767251350,2767252524,15979,1174
29540.642918,2767260203,2767261376,15831,1173
29540.652331,2767269063,2767270237,15954,1174
29540.663965,2767277906,2767279080,15972,1174
29540.674481,2767286771,2767287942,15855,1171
29540.684328,2767295850,2767297023,15932,1173
29540.695525,2767304903,2767306078,15965,1175
29540.704333,2767313869,2767315043,15826,1174
29540.716333,2767322827,2767324000,15918,1173
29540.727086,2767331602,2767332775,15979,1173
29540.736331,2767340450,2767341622,15829,1172
29540.748118,2767349458,2767350629,15845,1171
29540.758647,2767358377,2767359550,16047,1173
29540.768330,2767367312,2767368485,15828,1173
29540.779680,2767376240,2767377413,15936,1173
29540.804332,2767390575,2767391212,11969,637
29540.815752,2767394812,2767395451,12050,639
29540.824334,2767401762,2767402906,15992,1144
29540.836329,2767410141,2767411289,15833,1148
29540.847307,2767418520,2767419694,15845,1174
29540.856332,2767427173,2767428341,15961,1168
29540.868335,2767435898,2767437067,15828,1169
29540.878869,2767444637,2767445810,15998,1173
29540.888327,2767453516,2767454689,16066,1173
29540.899908,2767462439,2767463612,15961,1173
29540.910429,2767471392,2767472563,15995,1171
29540.920330,2767480243,2767481415,16060,1172
29540.931469,2767489077,2767490250,15861,1173
29540.940328,2767497930,2767499106,15909,1176
29540.952329,2767506707,2767507878,16035,1171
29540.963018,2767515574,2767516747,15834,1173
29540.972332,2767524392,2767525563,16024,1171
29540.984072,2767533391,2767534564,16056,1173
29540.994593,2767542398,2767543571,15995,1173
29541.004334,2767551306,2767552479,16026,1173
29541.015632,2767560104,2767561272,16050,1168
29541.024327,2767569030,2767570203,15931,1173
29541.036331,2767577972,2767579146,16022,1174
29541.047192,2767586874,2767588048,16053,1174
29541.056333,2767595704,2767596874,15956,1170
29541.068228,2767604667,2767605840,16024,1173
29541.078753,2767613501,2767614672,16055,1171
29541.088332,2767622513,2767623686,15934,1173
29541.099789,2767631544,2767632717,16040,1173
29541.108327,2767640224,2767641397,16056,1173
29541.120335,2767649129,2767650305,15934,1176
29541.131349,2767657959,2767659132,16026,1173
29541.140331,2767666639,2767667811,16054,1172
29541.152330,2767675545,2767676718,15935,1173
29541.162909,2767684299,2767685473,16021,1174
29541.172331,2767693214,2767694386,15963,1172
29541.183949,2767702094,2767703267,15877,1173
29541.194468,2767710950,2767712123,15864,1173
29541.204328,2767719664,2767720836,15947,1172
29541.215509,2767728389,2767729562,15871,1173
29541.224327,2767737321,2767738494,15941,1173
29541.236331,2767746173,2767747344,15940,1171
29541.247070,2767755030,2767756204,15883,1174
29541.256332,2767763936,2767765105,15930,1169
29541.268112,2767772898,2767774070,15946,1172
29541.278627,2767781695,2767782868,15851,1173
29541.288335,2767790610,2767791784,15939,1174
29541.299671,2767797731,2767798904,15853,1173
29541.308335,2767806468,2767807640,15850,1172
29541.320327,2767815172,2767816345,15934,1173
29541.331233,2767824046,2767825215,15967,1169
29541.340327,2767833005,2767834176,15916,1171
29541.352268,2767841713,2767842885,15928,1172
29541.362793,2767850545,2767851718,15971,1173
29541.372327,2767859346,2767860518,15848,1172
29541.383828,2767868307,2767869479,15934,1172
29541.394353,2767877181,2767878353,15959,1172
29541.404329,2767886145,2767887317,15842,1172
29541.415389,2767894963,2767896137,16028,1174
29541.424331,2767903789,2767904962,16050,1173
29541.436330,2767912795,2767913969,15931,1174
29541.446951,2767921702,2767922874,16029,1172
29541.456332,2767930581,2767931752,16051,1171
29541.467987,2767939593,2767940766,15932,1173
29541.478509,2767948533,2767949706,15934,1173
29541.488329,2767957293,2767958465,15965,1172
29541.499546,2767966152,2767967324,15849,1172
29541.508327,2767975128,2767976304,15935,1176
29541.520328,2767983978,2767985150,15964,1172
29541.531107,2767992908,2767994080,15847,1172
29541.540328,2768001961,2768003133,15848,1172
29541.552152,2768010965,2768012139,16037,1174
29541.562667,2768019944,2768021116,15929,1172
29541.572326,2768028978,2768030148,16017,1170
29541.583713,2768037903,2768039076,15968,1173
29541.592328,2768046964,2768048136,15861,1172
29541.604330,2768055945,2768057118,15926,1173
29541.615273,2768064896,2768066073,15969,1177
29541.624328,2768073808,2768074980,15832,1172
29541.636308,2768082744,2768083916,15937,1172
29541.646833,2768091626,2768092799,15929,1173
29541.656329,2768100488,2768101663,15840,1175
29541.667868,2768109370,2768110543,15937,1173
29541.678394,2768118257,2768119430,16047,1173
29541.688331,2768127241,2768128414,15999,1173
29541.699429,2768136037,2768137211,16020,1174
29541.708330,2768145043,2768146216,16051,1173
29541.720337,2768154004,2768155181,15933,1177
29541.730989,2768163065,2768164238,15937,1173
29541.740329,2768171987,2768173162,15941,1175
29541.752026,2768180973,2768182145,15931,1172
29541.762550,2768189853,2768191027,16031,1174
29541.772334,2768198867,2768200037,16033,1170
29541.783586,2768207873,2768209045,15843,1172
29541.792330,2768216688,2768217862,15956,1174
29541.804330,2768225568,2768226741,16068,1173
29541.815147,2768234554,2768235726,15917,1172
29541.824329,2768243615,2768244788,16028,1173
29541.836193,2768252398,2768253572,16067,1174
29541.846708,2768261216,2768262388,15911,1172
29541.856329,2768270202,2768271374,15935,1172
29541.867754,2768279245,2768280418,15962,1173
29541.876328,2768288129,2768289306,15834,1177
29541.888329,2768297074,2768298247,15849,1173
29541.899314,2768305888,2768307061,15967,1173
29541.908332,2768314930,2768316104,15837,1174
29541.920331,2768323819,2768324992,15935,1173
29541.930875,2768332805,2768333978,15980,1173
29541.940328,2768341655,2768342827,15840,1172
29541.951910,2768350662,2768351834,15944,1172
29541.962435,2768359720,2768360892,15959,1172
29541.972328,2768368570,2768369742,15835,1172
29541.983466,2768377317,2768378491,15933,1174
29541.992335,2768386331,2768387504,15944,1173
29542.004331,2768395186,2768396359,15825,1173
29542.015031,2768404149,2768405324,15942,1175
29542.024330,2768413202,2768414375,15977,1173
29542.036073,2768422139,2768423317,15911,1178
29542.046590,2768431152,2768432329,15936,1177
29542.056329,2768440089,2768441261,15980,1172
29542.067626,2768448927,2768450101,15835,1174
29542.076334,2768457836,2768459008,15940,1172
29542.088328,2768466772,2768467945,15962,1173
29542.099187,2768475758,2768476935,15829,1177
29542.108330,2768484746,2768485918,15933,1172
29542.120234,2768493652,2768494825,16057,1173
29542.130747,2768502611,2768503783,15911,1172
29542.140328,2768511664,2768512837,16034,1173
29542.151794,2768520521,2768521694,16067,1173
29542.160329,2768529422,2768530599,15910,1177
29542.172334,2768538481,2768539652,16028,1171
29542.183355,2768547484,2768548657,16056,1173
29542.192327,2768556416,2768557588,15864,1172
29542.204331,2768565424,2768566597,15923,1173
29542.214915,2768574263,2768575437,15970,1174
29542.224328,2768583159,2768584333,15839,1174
29542.235948,2768592071,2768593243,15847,1172
29542.246475,2768601078,2768602251,15958,1173
29542.256331,2768610088,2768611261,15823,1173
29542.267510,2768619017,2768620193,15938,1176
29542.276331,2768627821,2768628993,15981,1172
29542.288330,2768636825,2768637998,15845,1173
29542.299070,2768645694,2768646868,15943,1174
29542.308329,2768654733,2768655905,15978,1172
29542.320107,2768663794,2768664967,15826,1173
29542.330630,2768672674,2768673846,15936,1172
29542.340332,2768681648,2768682821,15948,1173
29542.351667,2768690665,2768691838,15834,1173
29542.360330,2768699578,2768700755,15934,1177
29542.372328,2768708335,2768709507,15974,1172
29542.383235,2768717370,2768718545,15913,1175
29542.392328,2768726221,2768727394,15940,1173
29542.404274,2768734971,2768736144,16047,1173
29542.414788,2768743956,2768745128,15920,1172
29542.424328,2768752968,2768754140,16033,1172
29542.435833,2768761840,2768763014,16050,1174
29542.446348,2768770798,2768771973,15831,1175
29542.456330,2768779781,2768780953,15939,1172
29542.467395,2768788768,2768789943,16050,1175
29542.476328,2768797779,2768798956,15917,1177
29542.488330,2768806866,2768808038,16044,1172
29542.498955,2768815754,2768816929,16065,1175
29542.508332,2768824680,2768825853,15921,1173
29542.519989,2768833625,2768834798,16026,1173
29542.530516,2768842514,2768843687,16069,1173
29542.540328,2768851470,2768852646,15922,1176
29542.551549,2768860365,2768861537,16023,1172
29542.560336,2768869219,2768870392,16050,1173
29542.572328,2768877957,2768879127,15914,1170
29542.583108,2768887029,2768888202,15843,1173
29542.592327,2768896119,2768897293,16048,1174
29542.604147,2768905092,2768906266,15825,1174
29542.614670,2768914132,2768915304,15935,1172
29542.624328,2768923086,2768924262,15983,1176
29542.635707,2768931929,2768933102,15937,1173
29542.644334,2768940691,2768941864,16026,1173
29542.656333,2768949649,2768950821,16057,1172
29542.667267,2768958545,2768959719,15922,1174
29542.676328,2768967560,2768968736,16024,1176
29542.688314,2768976461,2768977636,16032,1175
29542.698828,2768985372,2768986545,15924,1173
29542.708330,2768994320,2768995492,16026,1172
29542.719875,2769003171,2769004347,16064,1176
29542.730396,2769012141,2769013313,15997,1172
29542.740327,2769021074,2769022248,16028,1174
29542.751435,2769029910,2769031083,15972,1173
29542.760335,2769038769,2769039942,15834,1173
29542.772331,2769047712,2769048884,15928,1172
29542.782995,2769056693,2769057865,15973,1172
29542.792328,2769065716,2769066889,15834,1173
29542.804031,2769074778,2769075951,15941,1173
29542.814555,2769083719,2769084893,15962,1174
29542.824333,2769092607,2769093782,15835,1175
29542.835591,2769101440,2769102613,15948,1173
29542.844329,2769110321,2769111494,16066,1173
29542.856329,2769119326,2769120499,15918,1173
29542.867151,2769128195,2769129368,15940,1173
29542.876329,2769137189,2769138363,15976,1174
29542.888187,2769146205,2769147378,15834,1173
29542.898710,2769155212,2769156385,15934,1173
29542.908331,2769164253,2769165426,15977,1173
29542.919748,2769173248,2769174423,15824,1175
29542.928328,2769182223,2769183396,15843,1173
29542.940327,2769191203,2769192377,15959,1174
29542.951308,2769200165,2769201342,15829,1177
29542.960328,2769209069,2769210242,15937,1173
29542.972330,2769217775,2769218947,15977,1172
29542.982868,2769226664,2769227838,15839,1174
29542.992328,2769235698,2769236873,15938,1175
29543.003912,2769244505,2769245677,15996,1172
29543.014429,2769253536,2769254709,15833,1173
29543.024328,2769262533,2769263706,15938,1173
29543.035475,2769271531,2769272705,15948,1174
29543.044328,2769280486,2769281659,15828,1173
29543.056328,2769289407,2769290580,15931,1173
29543.067035,2769298441,2769299618,15967,1177
29543.076340,2769307528,2769308702,15910,1174
29543.088069,2769316408,2769317580,15933,1172
29543.098596,2769325335,2769326509,16065,1174
29543.108331,2769334400,2769335574,15922,1174
29543.119629,2769343235,2769344407,16019,1172
29543.128330,2769352258,2769353431,16067,1173
29543.140333,2769361312,2769362486,15923,1174
29543.151191,2769370250,2769371425,16027,1175
29543.160330,2769379283,2769380457,16065,1174
29543.172227,2769388289,2769389459,15913,1170
29543.182752,2769397324,2769398500,16046,1176
29543.192327,2769406363,2769407537,16047,1174
29543.203788,2769415409,2769416585,15836,1176
29543.212333,2769424145,2769425317,15938,1172
29543.224329,2769433198,2769434371,15974,1173
29543.235348,2769442104,2769443277,15833,1173
29543.244327,2769451037,2769452214,15937,1177
29543.256331,2769460027,2769461199,15971,1172
29543.266908,2769468990,2769470167,15823,1177
29543.276334,2769478013,2769479187,15837,1174
29543.287955,2769487003,2769488177,15958,1174
29543.298469,2769495768,2769496943,15831,1175
29543.308331,2769504854,2769506026,16027,1172
29543.319515,2769513763,2769514939,16063,1176
29543.328329,2769522772,2769523945,15935,1173
29543.340329,2769531642,2769532818,16024,1176
29543.351075,2769540461,2769541635,16060,1174
29543.360327,2769549465,2769550638,15921,1173
29543.372109,2769558404,2769559574,16020,1170
29543.382636,2769567462,2769568635,16034,1173
29543.392326,2769576401,2769577578,15923,1177
29543.403670,2769585413,2769586587,16021,1174
29543.412332,2769594349,2769595522,16052,1173
29543.424329,2769603393,2769604568,15912,1175
29543.435230,2769612401,2769613575,15935,1174
29543.444331,2769621382,2769622556,15979,1174
29543.456267,2769630248,2769631421,15832,1173
29543.466791,2769639287,2769640462,15941,1175
29543.476336,2769648372,2769649545,15967,1173
29543.487827,2769657329,2769658502,15835,1173
29543.498351,2769666342,2769667516,15926,1174
29543.508332,2769675307,2769676481,15969,1174
29543.519388,2769684249,2769685425,15825,1176
29543.528329,2769693139,2769694313,15957,1174
29543.540336,2769702068,2769703239,15978,1171
29543.550948,2769711002,2769712178,15832,1176
29543.560329,2769720027,2769721199,15935,1172
29543.571995,2769729037,2769730208,15979,1171
29543.582509,2769737941,2769739116,15834,1175
29543.592327,2769746946,2769748120,15932,1174
29543.603555,2769755887,2769757059,15961,1172
29543.612335,2769764764,2769765938,15835,1174
29543.624328,2769773617,2769774791,15842,1174
29543.635116,2769782612,2769783786,15963,1174
29543.644329,2769791650,2769792822,15832,1172
29543.656150,2769800662,2769801834,15928,1172
29543.666676,2769809625,2769810798,15971,1173
29543.676329,2769818655,2769819829,15846,1174
29543.687710,2769827730,2769828903,15939,1173
29543.696333,2769836700,2769837873,15978,1173
29543.708334,2769845705,2769846877,15834,1172
29543.719271,2769854636,2769855808,15937,1172
29543.728329,2769863730,2769864904,15946,1174
29543.740309,2769872747,2769873923,15839,1176
29543.750831,2769881758,2769882932,15932,1174
29543.760329,2769890600,2769891774,15976,1174
29543.771875,2769899634,2769900808,15913,1174
29543.782392,2769908727,2769909901,15942,1174
29543.792330,2769917790,2769918968,15960,1178
29543.803428,2769926880,2769928055,15814,1175
29543.812332,2769935978,2769937151,15931,1173
29543.824332,2769944713,2769945886,15967,1173
29543.834991,2769953683,2769954864,15857,1181
29543.844330,2769962761,2769963933,15940,1172
29543.856036,2769971703,2769972876,15980,1173
29543.866549,2769980647,2769981821,15835,1174
29543.876334,2769989686,2769990858,15951,1172
29543.887595,2769998505,2769999678,15972,1173
29543.896332,2770007486,2770008660,15826,1174
29543.908328,2770016497,2770017672,15938,1175
29543.919155,2770025337,2770026511,15978,1174
29543.928333,2770034301,2770035475,15833,1174
29543.940190,2770043318,2770044491,15936,1173
29543.950716,2770052268,2770053442,15973,1174
29543.960329,2770061339,2770062511,15828,1172
29543.971749,2770070261,2770071430,15846,1169
29543.980330,2770079254,2770080427,15962,1173
29543.992335,2770088190,2770089363,15833,1173
29544.003310,2770097186,2770098358,15933,1172
29544.012332,2770106142,2770107316,15973,1174
29544.024330,2770115046,2770116220,15843,1174
29544.034871,2770124082,2770125255,15935,1173
29544.044331,2770132962,2770134136,15976,1174
29544.055908,2770141892,2770143064,15833,1172
29544.066431,2770150883,2770152055,15936,1172
29544.076328,2770159841,2770161015,15945,1174
29544.087468,2770168857,2770170030,15833,1173
29544.096328,2770177914,2770179086,15931,1172
29544.108327,2770186807,2770187988,15973,1181
29544.119036,2770195688,2770196865,15911,1177
29544.128327,2770204650,2770205824,15936,1174
29544.140075,2770213502,2770214676,15974,1174
29544.150589,2770222416,2770223590,15836,1174
29544.160330,2770231453,2770232627,15938,1174
29544.171634,2770240446,2770241617,15963,1171
29544.180330,2770249461,2770250634,15836,1173
29544.192331,2770258428,2770259602,15946,1174
29544.203196,2770267384,2770268561,16050,1177
29544.212330,2770276244,2770277418,15919,1174
29544.224232,2770285087,2770286259,16042,1172
29544.234756,2770294158,2770295330,16061,1172
29544.244328,2770303178,2770304351,15921,1173
29544.255790,2770312238,2770313412,16026,1174
29544.264327,2770321182,2770322355,16067,1173
29544.276331,2770330244,2770331418,15919,1174
29544.287351,2770339236,2770340409,16028,1173
29544.296332,2770348218,2770349395,16069,1177
29544.308329,2770357278,2770358452,15917,1174
29544.318910,2770366347,2770367519,15929,1172
29544.328330,2770375412,2770376585,16047,1173
29544.339948,2770384176,2770385349,15922,1173
29544.350471,2770393123,2770394297,16028,1174
29544.360330,2770402132,2770403305,16063,1173
29544.371508,2770411075,2770412246,15843,1171
29544.380334,2770420100,2770421274,15942,1174
29544.392335,2770429071,2770430244,15963,1173
29544.403069,2770438005,2770439182,15830,1177
29544.412330,2770447089,2770448261,15936,1172
29544.424115,2770456006,2770457180,15946,1174
29544.434631,2770465087,2770466262,15834,1175
29544.444328,2770474064,2770475238,15931,1174
29544.455675,2770483025,2770484198,15976,1173
29544.464331,2770492080,2770493255,15914,1175
29544.476328,2770501004,2770502178,15927,1174
29544.487236,2770509795,2770510968,15965,1173
29544.496328,2770518832,2770520006,15831,1174
29544.508270,2770527871,2770529046,15934,1175
29544.518798,2770536792,2770537965,15983,1173
29544.528327,2770545761,2770546933,15824,1172
29544.539830,2770554801,2770555974,15936,1173
29544.550357,2770563799,2770564972,16066,1173
29544.560330,2770572787,2770573960,15832,1173
29544.571392,2770581886,2770583059,15952,1173
29544.580331,2770590718,2770591892,15976,1174
29544.592337,2770599680,2770600854,15835,1174
29544.602951,2770608453,2770609626,15936,1173
29544.612331,2770617283,2770618460,15971,1177
29544.623988,2770626270,2770627443,15828,1173
29544.636019,2770636324,2770637498,15974,1174
29544.646532,2770645375,2770646549,15829,1174
29544.656329,2770654300,2770655474,15937,1174
29544.667578,2770663020,2770664194,15981,1174
29544.676334,2770672038,2770673212,15829,1174
29544.688329,2770681082,2770682255,15927,1173
29544.699139,2770690070,2770691245,15961,1175
29544.708336,2770699014,2770700188,15833,1174
29544.720174,2770707973,2770709146,15955,1173
29544.730701,2770716856,2770718031,15977,1175
29544.740330,2770725782,2770726956,15830,1174
29544.751733,2770734842,2770736016,15936,1174
29544.760335,2770743770,2770744943,15975,1173
29544.772328,2770752724,2770753897,15832,1173
29544.783294,2770761670,2770762844,15939,1174
29544.792330,2770770961,2770772135,16071,1174
29544.804329,2770780046,2770781216,15917,1170
29544.814853,2770789038,2770790213,15840,1175
29544.824333,2770798024,2770799200,15956,1176
29544.835891,2770807068,2770808241,15827,1173
29544.846415,2770816095,2770817270,16021,1175
29544.856330,2770825130,2770826304,16057,1174
29544.867451,2770834148,2770835322,15926,1174
29544.876335,2770843016,2770844190,16023,1174
29544.888328,2770852098,2770853270,16055,1172
29544.899012,2770861039,2770862213,15910,1174
29544.908333,2770870076,2770871250,16026,1174
29544.920058,2770878965,2770880138,16034,1173
29544.930572,2770888025,2770889197,15916,1172
29544.940333,2770897014,2770898188,16017,1174
29544.951619,2770906067,2770907241,16075,1174
29544.960333,2770915057,2770916231,15993,1174
29544.972336,2770923977,2770925153,16024,1176
29544.983180,2770932790,2770933965,16072,1175
29544.992328,2770941760,2770942937,15915,1177
29545.004214,2770950805,2770951976,16015,1171
29545.014740,2770959810,2770960984,16071,1174
29545.024327,2770968840,2770970015,15908,1175
29545.035774,2770977776,2770978950,16026,1174
29545.044331,2770986678,2770987852,16061,1174
29545.056329,2770995650,2770996824,15826,1174
29545.067336,2771004691,2771005864,15941,1173
29545.076329,2771013623,2771014796,15979,1173
29545.088328,2771022609,2771023782,15830,1173
29545.098894,2771031605,2771032777,15936,1172
29545.108329,2771040607,2771041780,15982,1173
29545.119931,2771049584,2771050756,15829,1172
29545.130455,2771058548,2771059726,15937,1178
29545.140331,2771067462,2771068635,15984,1173
29545.151491,2771076558,2771077731,15827,1173
29545.160335,2771085650,2771086827,15846,1177
29545.172329,2771094653,2771095826,15958,1173
29545.183051,2771103570,2771104743,15828,1173
29545.192327,2771112534,2771113708,15933,1174
29545.204101,2771121504,2771122674,15993,1170
29545.214612,2771130608,2771131782,15832,1174
29545.224332,2771139699,2771140873,15943,1174
29545.235659,2771148770,2771149942,15979,1172
29545.244333,2771157603,2771158776,15831,1173
29545.256327,2771166623,2771167798,15937,1175
29545.267220,2771175497,2771176671,16039,1174
29545.276334,2771184502,2771185675,15915,1173
29545.288254,2771193506,2771194678,16029,1172
29545.298780,2771202483,2771203658,16067,1175
29545.308331,2771211550,2771212723,15996,1173
29545.319813,2771220608,2771221780,16026,1172
29545.328330,2771229664,2771230838,16069,1174
29545.340331,2771238745,2771239918,15917,1173
29545.351374,2771247732,2771248907,16024,1175
29545.360332,2771256761,2771257934,16062,1173
29545.372328,2771265808,2771266981,15918,1173
29545.382934,2771274603,2771275777,16028,1174
29545.392327,2771283512,2771284686,16078,1174
29545.403971,2771292468,2771293641,15913,1173
29545.414497,2771301534,2771302708,16040,1174
29545.424335,2771310332,2771311506,16063,1174
29545.435531,2771319254,2771320426,15919,1172
29545.444329,2771328296,2771329471,16023,1175
29545.456331,2771337009,2771338183,15985,1174
29545.467092,2771346109,2771347283,15829,1174
29545.476329,2771355173,2771356346,15940,1173
29545.488139,2771364055,2771365233,15984,1178
29545.498653,2771373126,2771374300,15823,1174
29545.508331,2771382118,2771383291,15837,1173
29545.519700,2771391159,2771392335,15967,1176
29545.528336,2771400104,2771401277,15826,1173
29545.540329,2771408863,2771410038,15935,1175
29545.551260,2771417892,2771419066,15980,1174
29545.560330,2771426782,2771427956,15846,1174
29545.572293,2771435788,2771436961,15940,1173
29545.582820,2771444767,2771445941,15985,1174
29545.592328,2771453719,2771454893,15827,1174
29545.603854,2771462554,2771463725,15937,1171
29545.614381,2771471516,2771472689,15944,1173
29545.624333,2771480438,2771481613,15828,1175
29545.635415,2771489284,2771490458,15938,1174
29545.644329,2771498225,2771499402,15985,1177
29545.656331,2771507241,2771508417,15895,1176
29545.666974,2771516298,2771517471,15941,1173
29545.676329,2771525282,2771526456,16071,1174
29545.688011,2771534075,2771535249,15920,1174
29545.698535,2771542960,2771544134,16028,1174
29545.708336,2771551989,2771553162,16071,1173
29545.719572,2771560998,2771562171,15917,1173
29545.728331,2771570016,2771571194,16030,1178
29545.740331,2771578911,2771580088,16070,1177
29545.751132,2771587998,2771589171,15915,1173
29545.760337,2771597097,2771598271,16038,1174
29545.772179,2771605974,2771607147,16077,1173
29545.782693,2771615048,2771616222,15912,1174
29545.792327,2771624095,2771625269,16031,1174
29545.803742,2771633009,2771634180,16075,1171
29545.812327,2771641928,2771643102,15919,1174
29545.824332,2771650999,2771652176,16020,1177
29545.835301,2771659934,2771661109,16075,1175
29545.844334,2771669026,2771670200,15911,1174
29545.856333,2771678029,2771679206,15932,1177
29545.866860,2771686964,2771688138,15964,1174
29545.876331,2771695907,2771697080,15834,1173
29545.887894,2771704862,2771706037,15943,1175
29545.898421,2771713908,2771715081,15965,1173
29545.908331,2771722992,2771724166,15840,1174
29545.919455,2771731982,2771733153,15939,1171
29545.928332,2771740746,2771741920,15984,1174
29545.940330,2771749786,2771750959,15825,1173
29545.951015,2771758725,2771759899,15937,1174
29545.960335,2771767797,2771768973,15949,1176
29545.972051,2771776735,2771777909,15828,1174
29545.982575,2771785728,2771786902,15928,1174
29545.992329,2771794762,2771795935,15984,1173
29546.003619,2771803673,2771804844,15907,1171
29546.012331,2771812508,2771813686,15935,1178
29546.024328,2771821574,2771822747,15981,1173
29546.035172,2771830515,2771831689,15830,1174
29546.044331,2771839575,2771840750,15936,1175
29546.056218,2771848526,2771849699,15960,1173
29546.066733,2771857601,2771858774,15824,1173
29546.076333,2771866625,2771867798,15938,1173
29546.087780,2771875585,2771876758,15985,1173
29546.096330,2771884622,2771885795,15822,1173
29546.108329,2771893532,2771894706,15953,1174
29546.119340,2771902478,2771903651,15981,1173
29546.128335,2771911541,2771912715,15833,1174
29546.140331,2771920377,2771921551,15939,1174
29546.150901,2771929267,2771930441,15985,1174
29546.160334,2771938211,2771939385,15827,1174
29546.171935,2771947259,2771948432,15947,1173
29546.182461,2771956223,2771957401,15968,1178
29546.192330,2771965192,2771966367,15829,1175
29546.203493,2771974082,2771975254,15843,1172
29546.212329,2771983096,2771984270,15965,1174
29546.224336,2771992079,2771993257,15828,1178
29546.235057,2772001021,2772002195,15939,1174
29546.244328,2772010098,2772011271,15983,1173
29546.256092,2772019127,2772020300,15843,1173
29546.268123,2772029383,2772030558,16069,1175
29546.278636,2772038468,2772039642,15916,1174
29546.288329,2772047509,2772048683,16028,1174
29546.299683,2772056371,2772057544,16068,1173
29546.308331,2772065453,2772066626,15918,1173
29546.320331,2772074533,2772075708,16025,1175
29546.331243,2772083592,2772084770,16067,1178
29546.340328,2772092581,2772093756,15911,1175
29546.352275,2772101572,2772102744,15930,1172
29546.362804,2772110511,2772111685,16053,1174
29546.372327,2772119572,2772120745,15918,1173
29546.383837,2772128459,2772129633,16029,1174
29546.394364,2772137425,2772138601,16062,1176
29546.404331,2772146386,2772147564,15917,1178
29546.415398,2772155443,2772156617,16028,1174
29546.424333,2772164457,2772165633,16069,1176
29546.436336,2772173376,2772174548,15920,1172
29546.446958,2772182293,2772183467,16022,1174
29546.456331,2772191373,2772192547,16030,1174
29546.467995,2772200418,2772201592,15914,1174
29546.478516,2772209501,2772210682,15885,1181
29546.488331,2772218565,2772219739,16032,1174
29546.499563,2772227433,2772228608,15989,1175
29546.508332,2772236273,2772237446,16027,1173
29546.520335,2772245169,2772246343,16054,1174
29546.531116,2772254160,2772255335,15914,1175
29546.540335,2772263059,2772264232,16026,1173
29546.552163,2772271971,2772273143,16065,1172
29546.562676,2772281022,2772282197,15914,1175
29546.572331,2772289901,2772291078,15968,1177
29546.583723,2772298640,2772299813,16031,1173
29546.592328,2772307567,2772308740,15916,1173
29546.604336,2772316531,2772317708,16041,1177
29546.615286,2772325499,2772326674,16073,1175
29546.624331,2772334340,2772335513,15918,1173
29546.636317,2772343411,2772344582,16025,1171
29546.646844,2772352295,2772353468,16074,1173
29546.656329,2772361247,2772362421,15908,1174
29546.667877,2772370284,2772371459,16024,1175
29546.678404,2772379236,2772380411,16060,1175
29546.688326,2772388180,2772389354,15828,1174
29546.699436,2772397116,2772398292,15843,1176
29546.708328,2772406082,2772407256,15961,1174
29546.720335,2772415118,2772416291,15828,1173
29546.730998,2772424217,2772425393,15938,1176
29546.740329,2772433254,2772434427,16066,1173
29546.752035,2772442252,2772443425,15932,1173
29546.762558,2772451284,2772452458,16028,1174
29546.772330,2772460289,2772461464,16072,1175
29546.783595,2772469334,2772470508,15915,1174
29546.792328,2772478268,2772479441,16026,1173
29546.804332,2772487177,2772488353,16023,1176
29546.815156,2772496114,2772497288,15917,1174
29546.824327,2772505004,2772506178,16021,1174
29546.836203,2772514028,2772515203,16054,1175
29546.846723,2772523046,2772524220,15990,1174
29546.856347,2772532004,2772533178,16028,1174
29546.867763,2772540988,2772542161,16073,1173
29546.876333,2772550027,2772551201,15915,1174
29546.888329,2772558938,2772560112,16028,1174
29546.899324,2772567949,2772569123,16063,1174
29546.908330,2772576987,2772578162,15917,1175
29546.920328,2772586038,2772587212,16025,1174
29546.930885,2772595027,2772596201,16074,1174
29546.940328,2772604065,2772605240,15914,1175
29546.951919,2772613146,2772614324,16037,1178
29546.962446,2772622185,2772623359,16076,1174
29546.972334,2772631280,2772632454,15919,1174
29546.983478,2772640370,2772641544,16025,1174
29546.992335,2772649322,2772650496,16069,1174
29547.004335,2772658321,2772659494,15921,1173
29547.015038,2772667282,2772668455,16023,1173
29547.024330,2772676320,2772677494,16071,1174
29547.036076,2772685357,2772686533,15916,1176
29547.046597,2772694403,2772695580,15937,1177
29547.056328,2772703498,2772704674,16051,1176
29547.067635,2772712493,2772713668,15915,1175
29547.076328,2772721570,2772722748,16027,1178
29547.088331,2772730376,2772731555,15984,1179
29547.099196,2772739374,2772740547,15843,1173
29547.108328,2772748469,2772749643,15945,1174
29547.120243,2772757487,2772758660,15997,1173
29547.130756,2772766422,2772767599,15831,1177
29547.140329,2772775288,2772776461,15940,1173
29547.151803,2772784317,2772785489,15954,1172
29547.160330,2772793238,2772794412,15826,1174
29547.172330,2772802274,2772803448,15939,1174
29547.183364,2772811273,2772812448,15985,1175
29547.192335,2772820375,2772821549,15909,1174
29547.204333,2772829388,2772830562,15932,1174
29547.214924,2772838369,2772839542,15982,1173
29547.224328,2772847353,2772848526,15831,1173
29547.235958,2772856291,2772857463,15941,1172
29547.246484,2772865225,2772866403,15977,1178
29547.256328,2772874218,2772875393,15827,1175
29547.267518,2772883310,2772884484,15935,1174
29547.276332,2772892310,2772893483,15982,1173
29547.288331,2772901231,2772902409,15830,1178
29547.299080,2772910255,2772911429,15956,1174
29547.308330,2772919237,2772920415,15978,1178
29547.320116,2772928318,2772929496,15829,1178
29547.330640,2772937407,2772938581,15929,1174
29547.340333,2772946472,2772947645,15955,1173
29547.351675,2772955573,2772956746,15826,1173
29547.360332,2772964406,2772965580,15935,1174
29547.372331,2772973370,2772974545,15984,1175
29547.383238,2772982441,2772983616,15829,1175
29547.392332,2772991447,2772992622,15834,1175
29547.404283,2773000408,2773001585,15963,1177
29547.414796,2773009371,2773010546,15827,1175
29547.424328,2773018458,2773019632,15942,1174
29547.435844,2773027450,2773028623,15970,1173
29547.446357,2773036545,2773037723,15843,1178
29547.456330,2773045568,2773046742,15939,1174
29547.467404,2773054656,2773055830,15981,1174
29547.476335,2773063719,2773064893,15815,1174
29547.488332,2773072719,2773073896,15938,1177
29547.498964,2773081701,2773082876,15948,1175
29547.508331,2773090729,2773091904,15832,1175
29547.519998,2773099726,2773100901,15935,1175
29547.530525,2773108814,2773109992,15985,1178
29547.540328,2773117849,2773119022,15909,1173
29547.551558,2773126936,2773128107,15932,1171
29547.560328,2773135943,2773137117,15988,1174
29547.572334,2773144892,2773146067,15835,1175
29547.583118,2773153827,2773155000,15938,1173
29547.592328,2773162900,2773164079,15981,1179
29547.604155,2773171921,2773173094,15830,1173
29547.614679,2773180834,2773182016,15942,1182
29547.624328,2773189909,2773191084,15982,1175
29547.635716,2773198963,2773200135,15827,1172
29547.644332,2773208065,2773209239,15954,1174
29547.656331,2773216971,2773218146,15982,1175
29547.667276,2773225993,2773227168,15830,1175
29547.676334,2773235005,2773236179,15941,1174
29547.688323,2773244029,2773245203,15967,1174
29547.698836,2773252991,2773254164,15915,1173
29547.708333,2773262057,2773263230,16021,1173
29547.719883,2773270877,2773272052,16051,1175
29547.730398,2773279858,2773281040,15912,1182
29547.740332,2773288836,2773290018,15935,1182
29547.751444,2773297915,2773299087,16051,1172
29547.760327,2773306961,2773308136,15908,1175
29547.772329,2773315952,2773317126,16029,1174
29547.783004,2773324967,2773326140,16070,1173
29547.792331,2773334100,2773335279,15935,1179
29547.804038,2773343072,2773344247,16024,1175
29547.814565,2773352071,2773353246,16060,1175
29547.824330,2773361172,2773362346,15916,1174
29547.835598,2773370205,2773371377,16023,1172
29547.844329,2773379124,2773380299,16040,1175
29547.856333,2773388154,2773389327,15913,1173
29547.867158,2773397128,2773398302,16020,1174
29547.876331,2773406166,2773407344,16072,1178
29547.888203,2773415184,2773416357,15989,1173
29547.898717,2773424140,2773425316,15926,1176
29547.908333,2773433239,2773434412,15962,1173
29547.919755,2773442202,2773443378,15828,1176
29547.928330,2773451121,2773452296,15938,1175
29547.940334,2773460025,2773461199,15980,1174
29547.951316,2773469064,2773470237,15823,1173
29547.960329,2773478035,2773479210,15939,1175
29547.972328,2773486883,2773488058,15985,1175
29547.982877,2773495780,2773496955,15829,1175
29547.992330,2773504796,2773505969,15955,1173
29548.003924,2773513857,2773515031,15984,1174
29548.014437,2773522918,2773524096,15831,1178
29548.024330,2773531945,2773533121,15937,1176
29548.035484,2773540896,2773542068,15967,1172
29548.044330,2773549966,2773551144,15829,1178
29548.056333,2773559030,2773560205,15934,1175
29548.067044,2773568129,2773569303,15969,1174
29548.076328,2773577198,2773578372,15829,1174
29548.088077,2773586255,2773587430,15832,1175
29548.098605,2773595317,2773596494,15967,1177
29548.108330,2773604370,2773605544,15816,1174
29548.119638,2773613251,2773614425,15933,1174
29548.128330,2773622336,2773623510,15976,1174
29548.140328,2773631306,2773632480,15835,1174
29548.151199,2773640383,2773641556,15936,1173
29548.160333,2773649342,2773650517,15983,1175
29548.172235,2773658457,2773659630,15807,1173
29548.182759,2773667526,2773668705,15939,1179
29548.192327,2773676537,2773677711,15943,1174
29548.203796,2773685603,2773686777,15831,1174
29548.212328,2773694621,2773695795,15941,1174
29548.224330,2773703598,2773704773,15989,1175
29548.235364,2773712635,2773713808,15912,1173
29548.244328,2773721709,2773722883,15932,1174
29548.256329,2773730753,2773731931,15967,1178
29548.266917,2773739862,2773741035,15823,1173
29548.276328,2773748969,2773750144,15935,1175
29548.287964,2773757983,2773759164,15985,1181
29548.298477,2773767029,2773768204,15824,1175
29548.308334,2773775939,2773777113,15840,1174
29548.319524,2773784706,2773785881,15982,1175
29548.328329,2773793774,2773794947,15812,1173
29548.340333,2773802728,2773803902,15954,1174
29548.351085,2773811557,2773812730,15988,1173
29548.360330,2773820483,2773821656,15828,1173
29548.372118,2773829505,2773830679,15935,1174
29548.382646,2773838591,2773839769,15987,1178
29548.392332,2773847586,2773848763,15833,1177
29548.403678,2773856602,2773857777,15940,1175
29548.412329,2773865590,2773866765,15983,1175
29548.424329,2773874555,2773875730,15830,1175
29548.435238,2773883652,2773884826,15848,1174
29548.444327,2773892666,2773893840,15967,1174
29548.456275,2773901750,2773902925,15827,1175
29548.466799,2773910821,2773911995,15936,1174
29548.476328,2773919785,2773920961,15980,1176
29548.487836,2773928781,2773929955,15844,1174
29548.498360,2773937866,2773939044,15939,1178
29548.508329,2773946956,2773948129,15980,1173
29548.519397,2773955986,2773957163,15826,1177
29548.528329,2773965022,2773966196,15933,1174
29548.540329,2773974010,2773975185,15954,1175
29548.550957,2773982934,2773984105,15828,1171
29548.560328,2773991997,2773993170,15938,1173
29548.572004,2774000989,2774002163,15980,1174
29548.582525,2774010081,2774011256,15909,1175
29548.592334,2774019046,2774020223,15936,1177
29548.603565,2774028067,2774029241,15984,1174
29548.612330,2774036968,2774038143,15828,1175
29548.624327,2774045956,2774047129,15932,1173
29548.635126,2774054960,2774056134,15982,1174
29548.644332,2774064049,2774065222,15829,1173
29548.656158,2774073144,2774074317,15938,1173
29548.666685,2774082235,2774083410,15984,1175
29548.676329,2774091216,2774092391,15829,1175
29548.687720,2774100263,2774101437,15955,1174
29548.696337,2774109139,2774110314,15986,1175
29548.708329,2774118227,2774119402,15828,1175
29548.719281,2774127083,2774128259,16025,1176
29548.728329,2774136101,2774137276,16070,1175
29548.740316,2774145162,2774146341,15904,1179
29548.750840,2774154204,2774155379,16028,1175
29548.760328,2774163299,2774164474,16058,1175
29548.771876,2774172387,2774173562,15918,1175
29548.782399,2774181488,2774182663,15930,1175
29548.792328,2774190470,2774191644,16050,1174
29548.803437,2774199543,2774200716,15912,1173
29548.812331,2774208597,2774209771,16028,1174
29548.824333,2774217537,2774218711,16071,1174
29548.834997,2774226640,2774227813,15929,1173
29548.844330,2774235703,2774236878,16026,1175
29548.856044,2774244768,2774245941,16072,1173
29548.866560,2774253751,2774254929,15942,1178
29548.876336,2774262701,2774263875,16023,1174
29548.887605,2774271658,2774272831,16039,1173
29548.896327,2774280514,2774281688,15911,1174
29548.908330,2774289471,2774290646,16025,1175
29548.919162,2774298374,2774299548,16014,1174
29548.928329,2774307391,2774308568,15905,1177
29548.940199,2774316502,2774317677,15937,1175
29548.950726,2774325591,2774326762,16071,1171
29548.960329,2774334689,2774335862,15918,1173
29548.971759,2774343685,2774344860,16027,1175
29548.980334,2774352697,2774353872,16067,1175
29548.992329,2774361798,2774362997,15913,1199
29549.003319,2774370764,2774371937,16026,1173
29549.012331,2774379769,2774380943,16075,1174
29549.024327,2774388674,2774389848,15920,1174
29549.034882,2774397675,2774398849,16038,1174
29549.044330,2774406724,2774407899,16055,1175
29549.055917,2774415794,2774416969,15908,1175
29549.066440,2774424894,2774426067,16025,1173
29549.076330,2774433933,2774435107,16069,1174
29549.087476,2774443015,2774444189,15919,1174
29549.096329,2774452128,2774453302,16025,1174
29549.108327,2774461012,2774462187,16070,1175
29549.119037,2774470067,2774471242,15917,1175
29549.128332,2774479157,2774480331,15857,1174
29549.140084,2774488258,2774489431,15955,1173
29549.150598,2774497200,2774498372,15832,1172
29549.160333,2774506113,2774507286,15939,1173
29549.171645,2774514997,2774516170,16071,1173
29549.180330,2774524093,2774525269,15931,1176
29549.192332,2774533139,2774534313,16019,1174
29549.203205,2774542153,2774543328,16067,1175
29549.212329,2774551246,2774552420,15915,1174
29549.224238,2774560271,2774561448,16026,1177
29549.234766,2774569320,2774570495,16037,1175
29549.244332,2774578397,2774579573,15913,1176
29549.255799,2774587460,2774588634,16026,1174
29549.264333,2774596409,2774597582,16052,1173
29549.276330,2774605429,2774606603,15995,1174
29549.287359,2774614306,2774615484,16022,1178
29549.296332,2774623302,2774624475,16073,1173
29549.308329,2774632360,2774633534,15916,1174
29549.318920,2774641334,2774642509,16029,1175
29549.328331,2774650240,2774651415,15979,1175
29549.339956,2774659289,2774660465,15843,1176
29549.350480,2774668416,2774669588,15940,1172
29549.360328,2774677515,2774678692,15956,1177
29549.371517,2774686545,2774687719,15844,1174
29549.380332,2774695625,2774696801,15954,1176
29549.392334,2774704620,2774705794,15967,1174
29549.403078,2774713521,2774714696,15849,1175
29549.412327,2774722611,2774723789,15935,1178
29549.424123,2774731548,2774732721,15974,1173
29549.434637,2774740568,2774741745,15840,1177
29549.444330,2774749611,2774750787,15933,1176
29549.455683,2774758633,2774759808,15961,1175
29549.464330,2774767673,2774768847,15841,1174
29549.476327,2774776782,2774777956,15856,1174
29549.487244,2774785821,2774787003,15954,1182
29549.496332,2774794826,2774795999,15839,1173
29549.508279,2774803819,2774804992,15939,1173
29549.518805,2774812810,2774813987,15970,1177
29549.528334,2774821813,2774822987,15857,1174
29549.539839,2774830804,2774831977,15937,1173
29549.550365,2774839719,2774840890,16052,1171
29549.560329,2774848803,2774849976,15922,1173
29549.571399,2774857751,2774858930,16025,1179
29549.580331,2774866822,2774867997,16024,1175
29549.592330,2774875802,2774876977,15928,1175
29549.602961,2774884777,2774885952,16021,1175
29549.612328,2774893815,2774894991,16058,1176
29549.624003,2774902825,2774904000,15995,1175
29549.634521,2774911640,2774912814,16016,1174
29549.644330,2774920699,2774921872,16040,1173
29549.655557,2774929762,2774930935,15933,1173
29549.664332,2774938806,2774939981,16026,1175
29549.676331,2774947775,2774948949,16046,1174
29549.687118,2774956721,2774957896,15931,1175
29549.696327,2774965766,2774966940,16030,1174
29549.708163,2774974812,2774975989,16034,1177
29549.718678,2774983888,2774985063,15917,1175
29549.728330,2774992985,2774994160,16044,1175
29549.739725,2775002072,2775003246,15942,1174
29549.748333,2775011124,2775012296,15841,1172
29549.760335,2775020143,2775021323,15888,1180
29549.771285,2775029138,2775030313,15935,1175
29549.780332,2775038258,2775039433,15808,1175
29549.792319,2775047283,2775048459,15940,1176
29549.812333,2775058007,2775058645,11944,638
29549.823881,2775062215,2775062853,11987,638
29549.834406,2775069208,2775070383,15962,1175
29549.844330,2775078071,2775079244,15852,1173
29549.855439,2775086929,2775088102,15936,1173
29549.864329,2775095759,2775096932,15980,1173
29549.876332,2775104766,2775105940,15837,1174
29549.887001,2775113824,2775114997,16026,1173
29549.896331,2775122789,2775123964,16045,1175
29549.908036,2775131795,2775132970,15923,1175
29549.918560,2775140768,2775141942,16025,1174
29549.928327,2775149808,2775150982,16038,1174
29549.939600,2775158887,2775160062,15805,1175
29549.948334,2775167978,2775169150,15942,1172
29549.960334,2775176976,2775178151,15954,1175
29549.971165,2775185827,2775187003,15905,1176
29549.980327,2775194927,2775196101,15931,1174
29549.992204,2775203950,2775205125,15963,1175
29550.002717,2775212947,2775214121,15829,1174
29550.012328,2775221963,2775223139,15937,1176
29550.023764,2775230960,2775232136,15972,1176
29550.032331,2775240035,2775241209,15837,1174
29550.044328,2775248996,2775250170,15936,1174
29550.055325,2775258058,2775259232,15963,1174
29550.064329,2775267160,2775268333,15835,1173
29550.076332,2775276235,2775277408,15956,1173
29550.086886,2775285267,2775286440,15969,1173
29550.096327,2775294356,2775295531,15830,1175
29550.107919,2775303438,2775304611,15933,1173
29550.118446,2775312531,2775313710,15962,1179
29550.128336,2775321626,2775322801,15808,1175
29550.139480,2775330678,2775331852,15946,1174
29550.148328,2775339559,2775340756,15945,1197
29550.160333,2775348634,2775349808,15834,1174
29550.171039,2775357561,2775358738,15845,1177
29550.180327,2775366510,2775367685,15963,1175
29550.192078,2775375604,2775376779,15831,1175
29550.202601,2775384698,2775385873,15937,1175
29550.212330,2775393811,2775395009,15975,1198
29550.223644,2775402921,2775404096,15921,1175
29550.232328,2775412036,2775413210,15894,1174
29550.244328,2775421135,2775422311,15991,1176
29550.255206,2775430131,2775431309,15918,1178
29550.264327,2775439121,2775440295,15831,1174
29550.276243,2775448206,2775449383,15980,1177
29550.286758,2775457230,2775458405,15835,1175
29550.296330,2775466202,2775467376,15942,1174
29550.307803,2775473559,2775474734,15912,1175
29550.316336,2775482600,2775483775,16001,1175
29550.328330,2775491631,2775492806,16027,1175
29550.339365,2775500678,2775501853,16054,1175
29550.348329,2775509748,2775510925,15916,1177
29550.360333,2775518813,2775519995,16005,1182
29550.370924,2775527846,2775529053,15966,1207
29550.380328,2775536904,2775538079,15831,1175
29550.391961,2775545994,2775547169,15944,1175
29550.402486,2775555096,2775556269,15971,1173
29550.412333,2775564191,2775565366,15836,1175
29550.423521,2775573247,2775574421,16045,1174
29550.432328,2775582217,2775583392,15960,1175
29550.444332,2775591222,2775592397,15835,1175
29550.455080,2775600289,2775601465,15937,1176
29550.464328,2775609255,2775610429,15982,1174
29550.476118,2775618281,2775619456,15839,1175
29550.486641,2775627287,2775628460,15933,1173
29550.496329,2775636189,2775637362,16062,1173
29550.507680,2775645151,2775646333,15954,1182
29550.516331,2775654269,2775655444,15934,1175
29550.528328,2775663117,2775664293,16053,1176
29550.539238,2775672141,2775673315,15916,1174
29550.548332,2775681157,2775682332,16017,1175
29550.560285,2775690202,2775691381,15953,1179
29550.570798,2775699207,2775700381,15843,1174
29550.580330,2775708252,2775709430,15947,1178
29550.591845,2775717370,2775718571,15967,1201
29550.602359,2775726163,2775727338,15828,1175
29550.612331,2775735209,2775736388,16027,1179
29550.623405,2775744219,2775745394,15945,1175
29550.632327,2775753292,2775754466,15841,1174
29550.644328,2775762315,2775763490,15940,1175
29550.654966,2775771385,2775772559,15964,1174
29550.664330,2775780470,2775781643,15915,1173
29550.676000,2775789548,2775790722,16028,1174
29550.686526,2775798586,2775799760,15955,1174
29550.696327,2775807727,2775808901,15833,1174
29550.707560,2775816826,2775818001,15945,1175
29550.716328,2775825871,2775827046,15965,1175
29550.728330,2775834913,2775836086,15828,1173
29550.739121,2775843972,2775845146,16031,1174
29550.748330,2775853086,2775854259,16047,1173
29550.760157,2775862242,2775863416,15851,1174
29550.770683,2775871320,2775872495,15950,1175
29550.780327,2775880374,2775881549,15959,1175
29550.791717,2775889361,2775890536,15837,1175
29550.800331,2775898393,2775899567,16027,1174
29550.812336,2775907441,2775908616,16052,1175
29550.823281,2775916470,2775917653,15864,1183
29550.832329,2775925568,2775926743,15940,1175
29550.844325,2775934645,2775935820,15963,1175
29550.854839,2775943753,2775944927,15831,1174
29550.864328,2775952860,2775954032,15937,1172
29550.875885,2775961844,2775963018,16060,1174
29550.886399,2775970866,2775972040,15916,1174
29550.896329,2775979941,2775981116,16019,1175
29550.907446,2775989081,2775990256,16054,1175
29550.916332,2775998172,2775999347,15925,1175
29550.928330,2776007298,2776008473,16033,1175
29550.939006,2776016332,2776017511,16052,1179
29550.948328,2776025375,2776026548,15824,1173
29550.960034,2776034214,2776035389,16012,1175
29550.970566,2776043201,2776044376,16054,1175
29550.980327,2776052213,2776053387,15921,1174
29550.991601,2776061266,2776062442,16029,1176
29551.000328,2776070361,2776071564,16057,1203
29551.012331,2776079446,2776080621,15907,1175
29551.023161,2776088523,2776089698,15942,1175
29551.032331,2776097623,2776098799,15966,1176
29551.044198,2776106701,2776107875,15835,1174
29551.054721,2776115803,2776116983,15945,1180
29551.064328,2776124892,2776126069,15971,1177
29551.075758,2776133791,2776134965,15832,1174
29551.084331,2776142805,2776143983,15938,1178
29551.096333,2776151857,2776153031,15963,1174
29551.107320,2776160932,2776162106,15839,1174
29551.116335,2776170010,2776171185,15963,1175
29551.128334,2776179010,2776180185,15968,1175
29551.138879,2776188082,2776189257,15917,1175
29551.148333,2776197169,2776198342,15941,1173
29551.159925,2776206250,2776207429,15968,1179
29551.170440,2776215362,2776216537,15923,1175
29551.180330,2776224388,2776225562,16019,1174
29551.191486,2776233454,2776234630,16056,1176
29551.200331,2776242563,2776243738,15921,1175
29551.212331,2776251676,2776252850,15931,1174
29551.223046,2776260633,2776261809,16053,1176
29551.232332,2776269724,2776270900,15924,1176
29551.244081,2776278832,2776280011,16033,1179
29551.254607,2776287968,2776289144,16040,1176
29551.264328,2776297041,2776298214,15833,1173
29551.275640,2776306005,2776307183,15935,1178
29551.284333,2776315015,2776316193,15981,1178
29551.296327,2776324093,2776325268,15843,1175
29551.307201,2776333137,2776334312,15940,1175
29551.316331,2776342258,2776343433,15949,1175
29551.328238,2776351280,2776352455,15834,1175
29551.338762,2776360341,2776361515,15932,1174
29551.348327,2776369419,2776370592,15956,1173
29551.359805,2776378539,2776379715,15913,1176
29551.368333,2776387627,2776388802,15864,1175
29551.380332,2776396709,2776397884,16056,1175
29551.391358,2776405653,2776406828,15916,1175
29551.400332,2776414776,2776415951,16029,1175
29551.412329,2776423915,2776425090,16053,1175
29551.422921,2776432940,2776434114,15836,1174
29551.432332,2776442037,2776443213,15948,1176
29551.443968,2776451149,2776452323,15966,1174
29551.454480,2776460202,2776461378,15839,1176
29551.464328,2776469247,2776470420,15964,1173
29551.475526,2776478339,2776479514,15961,1175
29551.484329,2776487340,2776488517,15831,1177
29551.496331,2776496476,2776497655,15938,1179
29551.507086,2776505575,2776506750,16054,1175
29551.516328,2776514662,2776515836,15928,1174
29551.528121,2776523661,2776524835,16024,1174
29551.538647,2776532763,2776533939,16055,1176
29551.548329,2776541806,2776542978,15837,1172
29551.559679,2776550826,2776552001,15848,1175
29551.568331,2776559797,2776560971,16048,1174
29551.580331,2776568714,2776569889,15827,1175
29551.591241,2776577815,2776578990,15942,1175
29551.600328,2776586894,2776588069,15967,1175
29551.612278,2776595949,2776597124,15843,1175
29551.622801,2776604988,2776606163,15940,1175
29551.632331,2776614080,2776615255,15969,1175
29551.643839,2776623109,2776624285,15835,1176
29551.654363,2776632203,2776633378,15946,1175
29551.664327,2776641251,2776642423,15954,1172
29551.675399,2776650298,2776651473,15840,1175
29551.684328,2776659385,2776660559,15932,1174
29551.696334,2776668300,2776669477,15968,1177
29551.706966,2776677324,2776678523,15904,1199
29551.716329,2776686445,2776687620,15941,1175
29551.728006,2776695494,2776696668,15963,1174
29551.738521,2776704568,2776705742,15831,1174
29551.748333,2776713631,2776714809,15942,1178
29551.759565,2776722604,2776723779,16049,1175
29551.768329,2776731691,2776732869,15921,1178
29551.780333,2776740614,2776741788,15958,1174
29551.791127,2776749470,2776750673,15963,1203
29551.800329,2776758607,2776759782,15829,1175
29551.812162,2776767726,2776768900,15957,1174
29551.822687,2776776800,2776777975,15966,1175
29551.832331,2776785794,2776786971,15837,1177
29551.843722,2776794818,2776795992,15946,1174
29551.852334,2776803870,2776805044,15966,1174
29551.864328,2776812936,2776814109,15839,1173
29551.875282,2776821960,2776823135,15945,1175
29551.884335,2776831062,2776832237,15968,1175
29551.896318,2776840164,2776841338,15836,1174
29551.906840,2776849238,2776850413,15851,1175
29551.916330,2776858350,2776859526,15964,1176
29551.927880,2776867460,2776868634,15828,1174
29551.938402,2776876552,2776877727,15945,1175
29551.948332,2776885659,2776886833,15965,1174
29551.959439,2776894765,2776895944,15839,1179
29551.968333,2776903708,2776904883,15951,1175
29551.980330,2776912734,2776913909,16060,1175
29551.990999,2776921796,2776922974,15823,1178
29552.000330,2776930833,2776932007,15924,1174
29552.012046,2776939898,2776941072,15950,1174
29552.022561,2776948958,2776950133,15836,1175
29552.032327,2776957975,2776959174,15948,1199
29552.043606,2776967058,2776968236,15958,1178
29552.052334,2776976156,2776977331,15918,1175
29552.064328,2776985198,2776986369,15940,1171
29552.075167,2776994289,2776995464,15970,1175
29552.084328,2777003405,2777004579,15830,1174
29552.096201,2777012501,2777013677,16028,1176
29552.106725,2777021607,2777022781,16051,1174
29552.116337,2777030723,2777031898,15921,1175
29552.127762,2777039770,2777040944,16033,1174
29552.136328,2777048888,2777050066,16055,1178
29552.148329,2777057997,2777059171,15918,1174
29552.159323,2777067050,2777068229,16047,1179
29552.168338,2777076159,2777077335,16049,1176
29552.180330,2777085220,2777086394,15926,1174
29552.190884,2777094322,2777095496,15959,1174
29552.200327,2777103385,2777104562,15972,1177
29552.211919,2777112465,2777113639,15834,1174
29552.222442,2777121521,2777122695,15929,1174
29552.232329,2777130594,2777131771,15964,1177
29552.243479,2777139540,2777140714,15839,1174
29552.252328,2777148595,2777149774,15850,1179
29552.264330,2777157648,2777158819,15970,1171
29552.275039,2777166686,2777167861,15834,1175
29552.284333,2777175741,2777176916,15941,1175
29552.296086,2777184839,2777186017,15966,1178
29552.306600,2777193868,2777195044,15849,1176
29552.316332,2777202886,2777204060,15947,1174
29552.327646,2777211837,2777213012,15969,1175
29552.336328,2777220812,2777221987,15832,1175
29552.348327,2777229880,2777231053,15941,1173
29552.359207,2777238981,2777240155,15949,1174
29552.368331,2777248065,2777249247,15861,1182
29552.380241,2777257219,2777258393,15938,1174
29552.390766,2777266365,2777267541,16016,1176
29552.400331,2777275420,2777276596,15914,1176
29552.411802,2777284534,2777285709,15943,1175
29552.420328,2777293655,2777294834,15963,1179
29552.432331,2777302713,2777303888,15835,1175
29552.443362,2777311843,2777313018,15944,1175
29552.452327,2777320955,2777322133,15967,1178
29552.464329,2777330049,2777331222,15836,1173
29552.474923,2777339103,2777340278,15944,1175
29552.484335,2777348206,2777349381,15967,1175
29552.495958,2777357286,2777358485,15835,1199
29552.506486,2777366388,2777367563,15964,1175
29552.516331,2777375464,2777376640,15968,1176
29552.527519,2777384573,2777385750,15837,1177
29552.536328,2777393658,2777394841,15939,1183
29552.548336,2777402728,2777403902,15963,1174
29552.559080,2777411787,2777412961,15837,1174
29552.568335,2777420787,2777421962,15931,1175
29552.580126,2777429828,2777431003,15968,1175
29552.590635,2777438791,2777439971,15822,1180
29552.600328,2777447898,2777449072,15847,1174
29552.611686,2777456994,2777458170,15964,1176
29552.620332,2777466074,2777467248,15837,1174
29552.632328,2777475076,2777476279,15944,1203
29552.643247,2777484118,2777485316,15965,1198
29552.652329,2777493257,2777494434,15937,1177
29552.664282,2777502407,2777503580,16040,1173
29552.674807,2777511507,2777512681,16056,1174
29552.684334,2777520591,2777521765,15925,1174
29552.695841,2777529668,2777530843,16029,1175
29552.706368,2777538673,2777539850,16034,1177
29552.716327,2777547722,2777548898,15925,1176
29552.727403,2777556835,2777558010,16024,1175
29552.736332,2777565874,2777567050,16053,1176
29552.748327,2777574870,2777576044,16004,1174
29552.758962,2777583895,2777585070,15934,1175
29552.768328,2777592995,2777594170,15969,1175
29552.779999,2777602064,2777603242,15834,1178
29552.790523,2777611173,2777612349,15944,1176
29552.800335,2777620163,2777621340,15968,1177
29552.811559,2777629245,2777630421,15833,1176
29552.820332,2777638372,2777639546,15944,1174
29552.832328,2777647397,2777648572,15964,1175
29552.843120,2777656405,2777657581,15827,1176
29552.852333,2777665522,2777666697,15961,1175
29552.864166,2777674569,2777675742,15964,1173
29552.874681,2777683482,2777684658,15839,1176
29552.884331,2777692584,2777693759,15930,1175
29552.895726,2777701626,2777702804,15967,1178
29552.904336,2777710576,2777711750,15836,1174
29552.916328,2777719619,2777720794,15948,1175
29552.927287,2777728696,2777729874,15954,1178
29552.936328,2777737774,2777738948,15837,1174
29552.948319,2777746874,2777748048,15829,1174
29552.958848,2777755969,2777757148,15967,1179
29552.968330,2777765103,2777766310,15858,1207
29552.979882,2777774249,2777775423,15946,1174
29552.990408,2777783326,2777784502,15967,1176
29553.000329,2777792297,2777793473,15810,1176
29553.011443,2777801353,2777802530,15943,1177
29553.020328,2777810376,2777811551,15963,1175
29553.032332,2777819432,2777820610,15832,1178
29553.043003,2777828437,2777829616,15945,1179
29553.052333,2777837567,2777838765,15946,1198
29553.064039,2777846668,2777847841,15837,1173
29553.074563,2777855691,2777856867,15929,1176
29553.084330,2777864789,2777865964,15962,1175
29553.095607,2777873650,2777874826,15912,1176
29553.104331,2777882756,2777883954,15940,1198
29553.116334,2777891846,2777893023,15964,1177
29553.127162,2777900805,2777901989,15861,1184
29553.136327,2777909804,2777910978,15945,1174
29553.148205,2777918885,2777920085,15965,1200
29553.158720,2777928016,2777929192,15836,1176
29553.168332,2777937045,2777938219,15938,1174
29553.179767,2777946174,2777947349,15962,1175
29553.188328,2777955255,2777956432,15836,1177
29553.200330,2777964364,2777965572,15933,1208
29553.211328,2777973452,2777974626,16043,1174
29553.220331,2777982562,2777983737,15935,1175
29553.232327,2777991648,2777992826,16034,1178
29553.242886,2778000707,2778001882,16041,1175
29553.252328,2778009807,2778010983,15941,1176
29553.263922,2778018917,2778020088,16035,1171
29553.274447,2778027989,2778029165,16041,1176
29553.284333,2778037039,2778038215,15935,1176
29553.295480,2778046106,2778047280,15948,1174
29553.304332,2778055162,2778056360,16039,1198
29553.316328,2778064291,2778065470,15933,1179
29553.327043,2778073319,2778074496,15940,1177
29553.336328,2778082401,2778083576,15953,1175
29553.348079,2778091449,2778092625,15909,1176
29553.358604,2778100553,2778101729,15940,1176
29553.368330,2778109617,2778110792,15950,1175
29553.379640,2778118668,2778119849,15848,1181
29553.388334,2778127779,2778128979,15944,1200
29553.400329,2778136918,2778138099,15938,1181
29553.411200,2778145847,2778147045,15847,1198
29553.420332,2778154970,2778156147,15943,1177
29553.432246,2778164077,2778165251,15968,1174
29553.442768,2778173203,2778174379,15917,1176
29553.452328,2778182273,2778183449,15936,1176
29553.463807,2778191380,2778192555,15964,1175
29553.472328,2778200458,2778201633,15838,1175
29553.484328,2778209536,2778210710,15950,1174
29553.495366,2778218638,2778219813,15970,1175
29553.504328,2778227752,2778228952,15824,1200
29553.516332,2778236878,2778238053,15945,1175
29553.526928,2778245951,2778247125,15967,1174
29553.536327,2778255058,2778256232,15837,1174
29553.547964,2778264139,2778265315,15960,1176
29553.558488,2778273196,2778274375,15966,1179
29553.568329,2778282302,2778283510,15866,1208
29553.579522,2778291446,2778292620,15940,1174
29553.588329,2778300542,2778301717,15968,1175
29553.600331,2778309681,2778310888,15839,1207
29553.611080,2778318800,2778319978,15932,1178
29553.620328,2778327919,2778329095,15964,1176
29553.632119,2778337019,2778338198,15839,1179
29553.642642,2778346134,2778347308,15852,1174
29553.652329,2778355260,2778356435,15959,1175
29553.663680,2778364377,2778365552,15837,1175
29553.672330,2778373517,2778374699,16034,1182
29553.684337,2778382635,2778383817,16049,1182
29553.695240,2778391767,2778392946,15941,1179
29553.704331,2778400827,2778402033,16026,1206
29553.716287,2778409952,2778411127,16053,1175
29553.726801,2778419094,2778420277,15927,1183
29553.736331,2778428025,2778429209,16028,1184
29553.747847,2778437143,2778438320,16037,1177
29553.758361,2778446145,2778447321,15923,1176
29553.768329,2778455244,2778456419,16030,1175
29553.779407,2778464340,2778465516,16058,1176
29553.788328,2778473469,2778474653,15911,1184
29553.800331,2778482572,2778483779,15949,1207
29553.810968,2778491782,2778492990,15964,1208
29553.820332,2778500909,2778502084,15837,1175
29553.832002,2778509911,2778511087,15946,1176
29553.842527,2778518946,2778520122,15965,1176
29553.852333,2778528020,2778529196,15834,1176
29553.863562,2778537119,2778538315,15944,1196
29553.872328,2778546179,2778547359,15959,1180
29553.884331,2778555304,2778556480,15832,1176
29553.895125,2778564354,2778565529,15965,1175
29553.904328,2778573477,2778574653,15954,1176
29553.916159,2778582615,2778583798,15833,1183
29553.926685,2778591704,2778592884,15942,1180
29553.936331,2778600832,2778602008,15967,1176
29553.947721,2778609930,2778611104,15823,1174
29553.956334,2778618927,2778620105,15943,1178
29553.968328,2778627961,2778629138,15962,1177
29553.979280,2778637082,2778638257,15829,1175
29553.988328,2778646230,2778647413,15844,1183
29554.000327,2778655356,2778656563,15974,1207
29554.010841,2778664445,2778665621,15826,1176
29554.020327,2778673448,2778674652,15871,1204
29554.031887,2778682542,2778683720,15968,1178
29554.042401,2778691657,2778692833,15845,1176
29554.052336,2778700666,2778701846,15948,1180
29554.063449,2778709739,2778710912,15969,1173
29554.072329,2778718788,2778719964,15833,1176
29554.084335,2778727889,2778729064,15946,1175
29554.095008,2778736879,2778738057,15951,1178
29554.104334,2778746029,2778747205,15817,1176
29554.116040,2778755152,2778756337,15885,1185
29554.126569,2778764153,2778765335,15953,1182
29554.136327,2778773269,2778774445,15913,1176
29554.147602,2778782324,2778783499,15942,1175
29554.156328,2778791448,2778792632,15965,1184
29554.168328,2778800596,2778801771,15811,1175
29554.179163,2778809589,2778810764,15951,1175
29554.188329,2778818732,2778819911,15972,1179
29554.200199,2778827815,2778828990,15830,1175
29554.210724,2778836907,2778838083,15949,1176
29554.220327,2778846050,2778847233,15968,1183
29554.231763,2778855205,2778856408,15863,1203
29554.240332,2778864384,2778865568,15912,1184
29554.252330,2778873515,2778874693,16000,1178
29554.263323,2778882640,2778883840,15859,1200
29554.272333,2778891834,2778893038,15951,1204
29554.284332,2778900840,2778902017,15962,1177
29554.294884,2778909927,2778911110,15860,1183
29554.304327,2778918903,2778920078,15946,1175
29554.315927,2778927987,2778929161,15958,1174
29554.326441,2778937075,2778938251,15832,1176
29554.336328,2778946160,2778947343,15846,1183
29554.347488,2778955265,2778956442,15969,1177
29554.356328,2778964233,2778965439,15859,1206
29554.368330,2778973406,2778974590,15920,1184
29554.379049,2778982529,2778983709,15966,1180
29554.388328,2778991672,2778992856,15877,1184
29554.400082,2779000833,2779002016,15944,1183
29554.410609,2779009980,2779011155,15974,1175
29554.420327,2779019051,2779020255,15860,1204
29554.431643,2779028187,2779029366,15920,1179
29554.440331,2779037296,2779038473,15956,1177
29554.452333,2779046390,2779047565,15839,1175
29554.463204,2779055450,2779056632,15921,1182
29554.472329,2779064615,2779065799,15961,1184
29554.484247,2779073685,2779074861,15911,1176
29554.494764,2779082747,2779083923,15939,1176
29554.504332,2779091875,2779093080,15972,1205
29554.515800,2779101046,2779102221,15835,1175
29554.524335,2779110134,2779111309,15945,1175
29554.536332,2779119277,2779120483,15973,1206
29554.547364,2779128376,2779129581,15860,1205
29554.556331,2779137485,2779138670,15917,1185
29554.568335,2779146577,2779147753,15967,1176
29554.578924,2779155701,2779156884,15860,1183
29554.588328,2779164843,2779166025,15932,1182
29554.599968,2779173958,2779175134,15973,1176
29554.610481,2779183110,2779184295,15831,1185
29554.620328,2779192200,2779193383,15945,1183
29554.631528,2779201324,2779202528,15969,1204
29554.640330,2779210452,2779211629,15833,1177
29554.652330,2779219511,2779220690,15941,1179
29554.663089,2779228630,2779229834,15969,1204
29554.672333,2779237807,2779239011,15833,1204
29554.684121,2779246964,2779248168,15846,1204
29554.694649,2779255874,2779257053,15970,1179
29554.704331,2779264974,2779266150,15831,1176
29554.715683,2779274072,2779275276,15944,1204
29554.724329,2779283090,2779284288,15967,1198
29554.736330,2779292161,2779293337,15841,1176
29554.747243,2779301302,2779302506,15945,1204
29554.756331,2779310459,2779311666,15961,1207
29554.768280,2779319589,2779320796,15833,1207
29554.778804,2779328789,2779329967,15939,1178
29554.788335,2779337965,2779339173,15955,1208
29554.799840,2779347129,2779348311,15831,1182
29554.810364,2779356127,2779357303,15943,1176
29554.820332,2779365297,2779366472,15986,1175
29554.831408,2779374362,2779375537,15885,1175
29554.840336,2779383333,2779384508,15948,1175
29554.852329,2779392378,2779393558,15968,1180
29554.862961,2779401441,2779402614,15826,1173
29554.872331,2779410514,2779411690,15948,1176
29554.884008,2779419623,2779420798,15977,1175
29554.894524,2779428708,2779429892,15859,1184
29554.904328,2779437804,2779439003,15947,1199
29554.915570,2779446931,2779448107,16018,1176
29554.924327,2779455972,2779457147,15833,1175
29554.936329,2779465079,2779466257,15906,1178
29554.947129,2779474107,2779475307,15968,1200
29554.956330,2779483231,2779484406,15835,1175
29554.968162,2779492388,2779493592,15945,1204
29554.978689,2779501540,2779502741,15964,1201
29554.988332,2779510712,2779511896,15833,1184
29554.999724,2779519872,2779521077,15944,1205
29555.008329,2779529035,2779530220,15970,1185
29555.020337,2779538206,2779539408,15831,1202
29555.031282,2779547343,2779548525,15840,1182
29555.040332,2779556355,2779557538,16040,1183
29555.052323,2779565529,2779566742,15859,1213
29555.062844,2779574747,2779575924,15943,1177
29555.072331,2779583856,2779585040,15965,1184
29555.083880,2779593034,2779594209,15851,1175
29555.094404,2779602160,2779603335,15944,1175
29555.104328,2779611275,2779612451,15971,1176
29555.115441,2779620425,2779621609,15834,1184
29555.124328,2779629499,2779630702,15916,1203
29555.136334,2779638629,2779639828,15953,1199
29555.147004,2779647787,2779648968,15860,1181
29555.156332,2779656890,2779658099,15917,1209
29555.168048,2779666082,2779667266,15975,1184
29555.178569,2779675176,2779676373,15909,1197
29555.188327,2779684354,2779685537,15937,1183
29555.199608,2779693510,2779694718,15953,1208
29555.208330,2779702690,2779703869,15835,1179
29555.220329,2779711779,2779712987,15943,1208
29555.231169,2779720989,2779722171,15988,1182
29555.240327,2779730163,2779731395,15824,1232
29555.252205,2779739380,2779740556,15947,1176
29555.262729,2779748517,2779749728,15966,1211
29555.272334,2779757732,2779758938,15832,1206
29555.283763,2779766970,2779768145,15941,1175
29555.292329,2779776108,2779777312,15968,1204
29555.304331,2779785284,2779786459,15833,1175
29555.315324,2779794410,2779795587,15941,1177
29555.324332,2779803558,2779804738,15968,1180
29555.336335,2779812703,2779813886,15827,1183
29555.346884,2779821864,2779823049,15944,1185
29555.356329,2779830989,2779832168,15975,1179
29555.367921,2779840080,2779841279,15833,1199
29555.378443,2779849272,2779850478,15843,1206
29555.388332,2779858378,2779859587,15970,1209
29555.399481,2779867502,2779868678,15833,1176
29555.408332,2779876629,2779877804,15948,1175
29555.420331,2779885799,2779886975,15976,1176
29555.431044,2779894907,2779896089,15876,1182
29555.440329,2779904049,2779905232,15937,1183
29555.452091,2779913080,2779914264,15968,1184
29555.462602,2779922201,2779923376,15802,1175
29555.472332,2779931350,2779932557,15947,1207
29555.483648,2779940540,2779941721,15955,1181
29555.492328,2779949722,2779950929,15831,1207
29555.504328,2779958909,2779960117,15943,1208
29555.515209,2779968068,2779969250,15970,1182
29555.524328,2779977223,2779978407,15904,1184
29555.536243,2779986330,2779987506,15934,1176
29555.546770,2779995497,2779996683,15969,1186
29555.556328,2780004674,2780005857,15832,1183
29555.567804,2780013771,2780014950,15939,1179
29555.576332,2780022903,2780024105,15969,1202
29555.588331,2780032050,2780033258,15864,1208
29555.599364,2780041230,2780042438,15948,1208
29555.608332,2780050379,2780051558,15993,1179
29555.620336,2780059538,2780060721,15829,1183
29555.630926,2780068687,2780069870,15934,1183
29555.640331,2780077797,2780078978,15968,1181
29555.651961,2780086733,2780087909,15825,1176
29555.662485,2780095868,2780097042,15935,1174
29555.672328,2780105005,2780106185,15969,1180
29555.683521,2780114151,2780115328,15828,1177
29555.692328,2780123315,2780124495,15947,1180
29555.704329,2780132491,2780133698,15952,1207
29555.715081,2780141700,2780142880,15832,1180
29555.724331,2780150782,2780151990,15844,1208
29555.736129,2780159959,2780161141,15959,1182
29555.746642,2780169010,2780170218,15831,1208
29555.756329,2780178178,2780179362,15919,1184
29555.767689,2780187331,2780188535,15970,1204
29555.776330,2780196525,2780197698,15847,1173
29555.788329,2780205605,2780206781,15941,1176
29555.799249,2780214762,2780215944,15972,1182
29555.808331,2780223773,2780224949,15831,1176
29555.820283,2780232830,2780234006,15947,1176
29555.830810,2780241975,2780243155,15936,1180
29555.840327,2780251141,2780252349,15836,1208
29555.851845,2780260293,2780261501,15942,1208
29555.862372,2780269505,2780270713,15942,1208
29555.872327,2780278687,2780279869,15910,1182
29555.883404,2780287754,2780288937,15949,1183
29555.892330,2780296900,2780298082,15967,1182
29555.904328,2780306061,2780307241,15832,1180
29555.914964,2780315171,2780316378,15942,1207
29555.924330,2780324379,2780325555,15965,1176
29555.936000,2780333494,2780334674,15830,1180
29555.946525,2780342524,2780343700,15949,1176
29555.956328,2780351638,2780352841,15967,1203
29555.967561,2780360793,2780361974,15831,1181
29555.976337,2780369958,2780371162,15961,1204
29555.988330,2780379113,2780380297,15971,1184
29555.999122,2780388262,2780389469,15830,1207
29556.008329,2780397424,2780398608,15942,1184
29556.020169,2780406575,2780407779,15968,1204
29556.030682,2780415768,2780416952,15832,1184
29556.040334,2780424944,2780426201,15942,1257
29556.051729,2780434178,2780435385,15952,1207
29556.060331,2780443405,2780444607,15832,1202
29556.072334,2780452560,2780453736,15850,1176
29556.083289,2780461758,2780462966,15953,1208
29556.092331,2780470922,2780472105,15862,1183
29556.104323,2780479999,2780481175,15946,1176
29556.114850,2780489097,2780490304,15960,1207
29556.124329,2780498318,2780499526,15863,1208
29556.135883,2780507524,2780508731,15946,1207
29556.146410,2780516665,2780517874,15971,1209
29556.156334,2780525856,2780527040,15829,1184
29556.167444,2780534991,2780536190,15944,1199
29556.176328,2780544030,2780545203,15972,1173
29556.188328,2780553153,2780554361,15828,1208
29556.199005,2780562318,2780563502,15946,1184
29556.208335,2780571440,2780572624,15970,1184
29556.220048,2780580591,2780581799,15911,1208
29556.230565,2780589798,2780590982,15947,1184
29556.240330,2780598945,2780600128,15997,1183
29556.251601,2780608069,2780609274,15830,1205
29556.260327,2780617270,2780618450,15944,1180
29556.272327,2780626445,2780627629,15986,1184
29556.283161,2780635550,2780636757,15832,1207
29556.292333,2780644784,2780645967,15947,1183
29556.304208,2780653876,2780655052,15970,1176
29556.314722,2780663021,2780664204,15832,1183
29556.324327,2780672165,2780673373,15965,1208
29556.335769,2780681343,2780682546,15966,1203
29556.344330,2780690569,2780691753,15842,1184
29556.356333,2780699752,2780700935,15943,1183
29556.367330,2780708872,2780710054,15972,1182
29556.376331,2780718030,2780719207,15834,1177
29556.388332,2780727169,2780728353,15946,1184
29556.398890,2780736232,2780737408,15968,1176
29556.408334,2780745378,2780746585,15834,1207
29556.419922,2780754541,2780755724,15832,1183
29556.430451,2780763750,2780764932,15971,1182
29556.440332,2780772934,2780774141,15835,1207
29556.451485,2780782136,2780783339,15949,1203
29556.460329,2780791302,2780792478,16001,1176
29556.472332,2780800280,2780801489,15848,1209
29556.483045,2780809451,2780810680,15945,1229
29556.492329,2780818689,2780819896,15968,1207
29556.504081,2780827861,2780829037,15838,1176
29556.514605,2780837022,2780838204,15948,1182
29556.524333,2780846199,2780847403,15950,1204
29556.535641,2780855373,2780856581,15835,1208
29556.544327,2780864525,2780865706,15940,1181
29556.556329,2780873649,2780874830,15972,1181
29556.567209,2780882800,2780884004,15911,1204
29556.576328,2780891913,2780893112,15947,1199
29556.588249,2780901024,2780902208,15966,1184
29556.598762,2780910195,2780911376,15828,1181
29556.608328,2780919369,2780920553,15949,1184
29556.619808,2780928491,2780929695,15969,1204
29556.628330,2780937664,2780938868,15834,1204
29556.640330,2780946749,2780947949,15947,1200
29556.651369,2780955920,2780957128,15966,1208
29556.660328,2780965120,2780966304,15839,1184
29556.672334,2780974235,2780975438,15959,1203
29556.682930,2780983410,2780984589,15968,1179
29556.692331,2780992561,2780993741,15830,1180
29556.703964,2781001720,2781002899,15943,1179
29556.714491,2781010863,2781012046,15968,1183
29556.724329,2781020072,2781021257,15836,1185
29556.735525,2781029224,2781030407,15947,1183
29556.744329,2781038258,2781039436,15971,1178
29556.756333,2781047415,2781048598,15814,1183
29556.767083,2781056564,2781057772,15856,1208
29556.776330,2781065754,2781066937,15967,1183
29556.788121,2781074933,2781076137,15821,1204
29556.798645,2781084090,2781085272,15949,1182
29556.808330,2781093253,2781094462,15963,1209
29556.819681,2781102439,2781103618,15845,1179
29556.828330,2781111631,2781112839,15947,1208
29556.840331,2781120858,2781122037,15968,1179
29556.851244,2781130037,2781131242,15833,1205
29556.860327,2781139286,2781140519,15920,1233
29556.872289,2781148488,2781149670,15953,1182
29556.882804,2781157646,2781158830,15825,1184
29556.892329,2781166824,2781168027,15941,1203
29556.903849,2781176006,2781177191,15966,1185
29556.914370,2781185183,2781186363,15916,1180
29556.924331,2781194346,2781195526,15940,1180
29556.935410,2781203499,2781204703,15959,1204
29556.944331,2781212673,2781213881,15831,1208
29556.956330,2781221873,2781223081,15946,1208
29556.966968,2781231060,2781232244,15968,1184
29556.976327,2781240239,2781241422,15851,1183
29556.988004,2781249395,2781250602,15947,1207
29556.998531,2781258609,2781259818,15970,1209
29557.008328,2781267822,2781269026,15831,1204
29557.019566,2781277016,2781278224,15956,1208
29557.028327,2781286225,2781287404,15969,1179
29557.040331,2781295406,2781296591,15832,1185
29557.051125,2781304564,2781305770,15937,1206
29557.060327,2781313799,2781315002,15966,1203
29557.072162,2781322995,2781324179,15835,1184
29557.082687,2781331976,2781333160,15945,1184
29557.092326,2781341177,2781342385,15958,1208
29557.103721,2781350391,2781351571,15834,1180
29557.112332,2781359527,2781360711,15846,1184
29557.124328,2781368715,2781369899,15961,1184
29557.135282,2781377888,2781379091,15833,1203
29557.144333,2781387055,2781388263,15947,1208
29557.156328,2781396282,2781397490,15969,1208
29557.166843,2781405461,2781406642,15841,1181
29557.176327,2781414625,2781415833,15935,1208
29557.187889,2781423792,2781425000,15972,1208
29557.198403,2781433007,2781434216,15832,1209
29557.208332,2781442219,2781443404,15945,1185
29557.219450,2781451407,2781452591,15955,1184
29557.228333,2781460583,2781461791,15837,1208
29557.240331,2781469802,2781471010,15945,1208
29557.251010,2781478989,2781480197,15968,1208
29557.260327,2781488244,2781489427,15889,1183
29557.272044,2781497422,2781498627,15946,1205
29557.284065,2781507774,2781508978,15802,1204
29557.294588,2781516983,2781518187,15944,1204
29557.304328,2781526159,2781527343,15958,1184
29557.315625,2781535339,2781536523,15845,1184
29557.324330,2781544517,2781545701,15937,1184
29557.336333,2781553634,2781554842,15967,1208
29557.347185,2781562837,2781564016,15824,1179
29557.356334,2781571987,2781573171,15935,1184
29557.368232,2781581193,2781582398,15956,1205
29557.378746,2781590368,2781591550,15829,1182
29557.388327,2781599549,2781600729,15949,1180
29557.399794,2781608656,2781609836,15971,1180
29557.408328,2781617841,2781619041,15913,1200
29557.420329,2781627037,2781628246,15940,1209
29557.431353,2781636219,2781637403,15968,1184
29557.440328,2781645387,2781646596,15828,1209
29557.452329,2781654522,2781655730,15946,1208
29557.462912,2781663729,2781664909,15966,1180
29557.472331,2781672893,2781674076,15834,1183
29557.483947,2781682068,2781683274,15947,1206
29557.494474,2781691276,2781692480,15955,1204
29557.504330,2781700473,2781701681,15834,1208
29557.515509,2781709636,2781710815,15960,1179
29557.524333,2781718803,2781720006,15969,1203
29557.536330,2781727973,2781729152,15834,1179
29557.547070,2781737099,2781738282,15944,1183
29557.556330,2781746286,2781747489,15972,1203
29557.568105,2781755513,2781756693,15835,1180
29557.578628,2781764719,2781765923,15944,1204
29557.588328,2781773910,2781775118,15968,1208
29557.599665,2781783117,2781784321,15829,1204
29557.608327,2781792325,2781793529,15843,1204
29557.620331,2781801524,2781802732,15966,1208
29557.631227,2781810724,2781811908,15828,1184
29557.640327,2781819906,2781821111,15936,1205
29557.652272,2781829076,2781830259,15970,1183
29557.662785,2781838249,2781839432,15846,1183
29557.672332,2781847401,2781848585,15947,1184
29557.683833,2781856533,2781857742,15971,1209
29557.694348,2781865728,2781866911,15825,1183
29557.704326,2781874915,2781876123,15948,1208
29557.715393,2781884113,2781885341,15943,1228
29557.724332,2781893358,2781894561,15833,1203
29557.736335,2781902557,2781903764,15944,1207
29557.746953,2781911758,2781912962,15971,1204
29557.756331,2781920946,2781922130,15910,1184
29557.767987,2781930101,2781931311,15946,1210
29557.778514,2781939293,2781940498,15966,1205
29557.788329,2781948466,2781949651,15832,1185
29557.799548,2781957618,2781958824,15945,1206
29557.808330,2781966959,2781968267,15972,1308
29557.820333,2781976340,2781977597,15875,1257
29557.831108,2781985591,2781986799,15945,1208
29557.840328,2781994799,2781996002,15967,1203
29557.852145,2782004001,2782005185,15824,1184
29557.862671,2782013190,2782014399,15954,1209
29557.872331,2782022386,2782023594,15953,1208
29557.883705,2782031593,2782032777,15846,1184
29557.892333,2782040755,2782041986,15945,1231
29557.904329,2782050011,2782051195,15953,1184
29557.915265,2782059254,2782060462,15834,1208
29557.924329,2782068457,2782069666,15945,1209
29557.936312,2782077665,2782078844,15957,1179
29557.946826,2782086838,2782088022,15831,1184
29557.956331,2782095988,2782097192,15850,1204
29557.967872,2782105135,2782106342,15955,1207
29557.978386,2782114358,2782115537,15837,1179
29557.988329,2782123548,2782124752,15944,1204
29557.999432,2782132851,2782134115,15952,1264
29558.008333,2782142116,2782143323,15838,1207
29558.020331,2782151301,2782152509,15943,1208
29558.030993,2782160481,2782161661,15970,1180
29558.040330,2782169736,2782170973,15848,1237
29558.052027,2782178942,2782180126,15945,1184
29558.062554,2782188125,2782189332,15954,1207
29558.072328,2782197333,2782198519,15835,1186
29558.083588,2782206520,2782207705,15941,1185
29558.092332,2782215752,2782216981,15960,1229
29558.104329,2782224771,2782225978,15915,1207
29558.115148,2782234059,2782235267,15934,1208
29558.124329,2782243263,2782244470,15969,1207
29558.136184,2782252454,2782253633,15827,1179
29558.146709,2782261649,2782262854,15948,1205
29558.156330,2782270823,2782272007,15968,1184
29558.167745,2782279969,2782281172,15833,1203
29558.176331,2782289214,2782290398,15949,1184
29558.188328,2782298373,2782299557,15970,1184
29558.199305,2782307544,2782308728,15831,1184
29558.208329,2782316724,2782317906,15964,1182
29558.220334,2782325919,2782327129,15963,1210
29558.230866,2782335128,2782336335,15821,1207
29558.240332,2782344325,2782345509,15940,1184
29558.251913,2782353509,2782354718,15959,1209
29558.262426,2782362597,2782363780,15832,1183
29558.272328,2782371783,2782372986,15945,1203
29558.283474,2782380895,2782382080,15971,1185
29558.292328,2782390124,2782391357,15848,1233
29558.304328,2782399381,2782400589,15856,1208
29558.315033,2782408581,2782409785,15956,1204
29558.324333,2782417817,2782419000,15846,1183
29558.336068,2782426961,2782428166,15946,1205
29558.346592,2782436170,2782437354,15952,1184
29558.356332,2782445362,2782446543,15856,1181
29558.367628,2782454430,2782455635,15936,1205
29558.376334,2782463643,2782464872,15951,1229
29558.388333,2782472864,2782474069,15843,1205
29558.399188,2782482042,2782483246,15945,1204
29558.408333,2782491235,2782492439,15939,1204
29558.420225,2782500435,2782501641,15848,1206
29558.430749,2782509622,2782510827,15945,1205
29558.440328,2782518848,2782520055,15952,1207
29558.451791,2782528034,2782529217,15911,1183
29558.460328,2782537223,2782538408,15945,1185
29558.472328,2782546435,2782547644,15957,1209
29558.483346,2782555639,2782556823,15841,1184
29558.492327,2782564744,2782565948,15946,1204
29558.504329,2782573945,2782575153,15951,1208
29558.514906,2782583134,2782584316,15841,1182
29558.524330,2782592373,2782593636,15918,1263
29558.535950,2782601698,2782602882,15943,1184
29558.546466,2782610880,2782612084,15839,1204
29558.556331,2782620133,2782621420,15916,1287
29558.567512,2782629427,2782630631,15960,1204
29558.576326,2782638666,2782639876,15850,1210
29558.588329,2782647895,2782649152,15944,1257
29558.599073,2782657146,2782658331,15957,1185
29558.608328,2782666304,2782667510,15848,1206
29558.620108,2782675635,2782676843,15943,1208
29558.630633,2782684842,2782686027,15955,1185
29558.640327,2782694066,2782695331,15861,1265
29558.651666,2782703337,2782704516,15863,1179
29558.660330,2782712512,2782713722,15953,1210
29558.672335,2782721777,2782723033,15863,1256
29558.683229,2782731029,2782732238,15946,1209
29558.692329,2782740205,2782741391,15954,1186
29558.704265,2782749420,2782750603,15864,1183
29558.714789,2782758455,2782759660,15937,1205
29558.724328,2782767631,2782768814,15957,1183
29558.735827,2782776746,2782777950,15850,1204
29558.746351,2782785988,2782787197,15935,1209
29558.756331,2782795269,2782796535,15947,1266
29558.767386,2782804496,2782805680,15840,1184
29558.776327,2782813682,2782814886,15940,1204
29558.788333,2782822914,2782824119,15953,1205
29558.798953,2782832092,2782833271,15915,1179
29558.808327,2782841266,2782842468,15939,1202
29558.819991,2782850460,2782851643,15954,1183
29558.830506,2782859604,2782860812,15844,1208
29558.840333,2782868842,2782870026,15945,1184
29558.851551,2782878017,2782879221,15959,1204
29558.860328,2782887262,2782888446,15845,1184
29558.872329,2782896367,2782897575,15943,1208
29558.883113,2782905535,2782906716,15955,1181
29558.892327,2782914721,2782915904,15847,1183
29558.904150,2782923899,2782925104,15966,1205
29558.928196,2782938355,2782939000,12025,645
29558.938713,2782942796,2782943439,11987,643
29558.948333,2782949385,2782950560,15918,1175
29558.959756,2782958437,2782959611,15916,1174
29558.968330,2782967541,2782968718,15861,1177
29558.980330,2782976603,2782977787,15954,1184
29558.991320,2782985755,2782986931,15937,1176
29559.000327,2782994908,2782996117,15875,1209
29559.012333,2783004105,2783005308,15983,1203
29559.022878,2783013323,2783014506,15913,1183
29559.032335,2783022525,2783023711,15846,1186
29559.043916,2783031718,2783032926,15968,1208
29559.054439,2783040922,2783042130,15914,1208
29559.064328,2783050141,2783051325,15848,1184
29559.075476,2783059285,2783060468,15969,1183
29559.084329,2783068479,2783069688,15913,1209
29559.096329,2783077671,2783078876,15911,1205
29559.107036,2783086882,2783088115,15965,1233
29559.116332,2783096084,2783097293,15915,1209
29559.128071,2783105289,2783106474,15860,1185
29559.138600,2783114491,2783115695,15996,1204
29559.148330,2783123678,2783124887,15917,1209
29559.159632,2783132867,2783134094,15896,1227
29559.168331,2783142098,2783143306,15995,1208
29559.180337,2783151283,2783152512,15919,1229
29559.191192,2783160546,2783161725,15833,1179
29559.200329,2783169733,2783170942,15991,1209
29559.212239,2783178915,2783180143,15907,1228
29559.222753,2783188139,2783189321,15836,1182
29559.232330,2783197311,2783198541,15988,1230
29559.243799,2783206539,2783207744,15915,1205
29559.252327,2783215768,2783216973,15831,1205
29559.264333,2783224931,2783226112,15982,1181
29559.275362,2783234118,2783235296,15892,1178
29559.284329,2783243310,2783244515,15834,1205
29559.296332,2783252549,2783253754,15784,1205
29559.306920,2783261739,2783262942,15901,1203
29559.316333,2783270938,2783272145,15835,1207
29559.327958,2783280143,2783281348,15986,1205
29559.338478,2783289349,2783290533,15909,1184
29559.348336,2783298469,2783299698,15830,1229
29559.359518,2783307667,2783308896,15979,1229
29559.368336,2783316921,2783318153,15910,1232
29559.380329,2783326145,2783327330,15851,1185
29559.391080,2783335299,2783336502,15993,1203
29559.400330,2783344531,2783345716,15911,1185
29559.412111,2783353788,2783354992,15839,1204
29559.422641,2783361303,2783362480,15878,1177
29559.432331,2783370368,2783371548,15918,1180
29559.443679,2783379513,2783380721,15903,1208
29559.452329,2783388690,2783389872,16001,1182
29559.464332,2783397845,2783399131,15893,1286
29559.475232,2783407121,2783408327,15835,1206
29559.484332,2783416350,2783417559,15982,1209
29559.496279,2783425567,2783426772,15917,1205
29559.506792,2783434722,2783435931,15836,1209
29559.516328,2783443910,2783445119,15971,1209
29559.527838,2783453132,2783454390,15910,1258
29559.538356,2783462433,2783463642,15873,1209
29559.548332,2783471692,2783472902,15975,1210
29559.559397,2783480907,2783482141,15912,1234
29559.568328,2783490154,2783491362,15862,1208
29559.580328,2783499365,2783500551,15985,1186
29559.590960,2783508507,2783509716,15934,1209
29559.600331,2783517704,2783518907,15868,1203
29559.611997,2783526936,2783528202,16025,1266
29559.622519,2783536229,2783537434,16001,1205
29559.632332,2783545434,2783546662,15931,1228
29559.643558,2783554654,2783555840,16008,1186
29559.652328,2783563842,2783565072,16001,1230
29559.664332,2783573108,2783574366,15892,1258
29559.675117,2783582354,2783583580,15948,1226
29559.684330,2783591554,2783592760,15914,1206
29559.696151,2783600763,2783601966,15842,1203
29559.706678,2783609987,2783611172,15966,1185
29559.716328,2783619166,2783620399,15910,1233
29559.727714,2783628401,2783629585,15862,1184
29559.736328,2783637625,2783638829,15982,1204
29559.748330,2783646861,2783648067,15914,1206
29559.759272,2783656125,2783657354,15847,1229
29559.768329,2783665343,2783666549,15992,1206
29559.780319,2783674545,2783675754,15914,1209
29559.790842,2783683741,2783684925,15912,1184
29559.800327,2783692939,2783694146,15994,1207
29559.811879,2783702154,2783703359,15911,1205
29559.822393,2783711362,2783712547,15831,1185
29559.832332,2783720537,2783721744,15975,1207
29559.843440,2783729782,2783730991,15915,1209
29559.852334,2783739030,2783740263,15834,1233
29559.864329,2783748264,2783749468,15986,1204
29559.874999,2783757461,2783758716,15917,1255
29559.884327,2783766756,2783767963,15849,1207
29559.896038,2783775932,2783777136,15987,1204
29559.906559,2783785144,2783786326,15910,1182
29559.916331,2783794329,2783795558,15842,1229
29559.927600,2783803547,2783804753,15986,1206
29559.936332,2783812758,2783813967,15920,1209
29559.948329,2783821982,2783823191,15858,1209
29559.959159,2783831193,2783832483,15982,1290
29559.968329,2783840573,2783841806,15899,1233
29559.980191,2783849826,2783851011,15860,1185
29559.990720,2783858991,2783860175,15918,1184
29560.000328,2783868214,2783869524,15917,1310
29560.011752,2783877555,2783878762,15851,1207
29560.020330,2783886844,2783888053,15995,1209
29560.032328,2783896054,2783897313,15913,1259
29560.043313,2783905313,2783906519,15858,1206
29560.052332,2783914517,2783915729,15983,1212
29560.064328,2783923672,2783924937,15899,1265
29560.074873,2783932937,2783934141,15848,1204
29560.084330,2783942129,2783943334,15964,1205
29560.095918,2783951340,2783952573,15910,1233
29560.106436,2783960600,2783961812,15890,1212
29560.116332,2783969820,2783971050,15968,1230
29560.127477,2783979042,2783980223,15917,1181
29560.136333,2783988222,2783989432,15911,1210
29560.148331,2783997454,2783998639,15962,1185
29560.159042,2784006672,2784007930,15926,1258
29560.168330,2784015954,2784017163,15834,1209
29560.180080,2784025086,2784026319,15966,1233
29560.190601,2784034318,2784035497,15923,1179
29560.200328,2784043494,2784044703,15830,1209
29560.211639,2784052729,2784053938,15975,1209
29560.220331,2784061964,2784063173,15915,1209
29560.232328,2784071150,2784072354,15848,1204
29560.243199,2784080361,2784081546,15982,1185
29560.252330,2784089584,2784090818,15915,1234
29560.264238,2784098864,2784100153,15899,1289
29560.274761,2784108157,2784109414,15904,1257
29560.284335,2784117456,2784118665,15902,1209
29560.295800,2784126699,2784127908,15921,1209
29560.304329,2784135942,2784137175,15909,1233
29560.316328,2784145165,2784146399,15922,1234
29560.327360,2784154470,2784155655,15900,1185
29560.336333,2784163623,2784164831,15918,1208
29560.348329,2784172839,2784174023,15908,1184
29560.358913,2784181989,2784183241,15831,1252
29560.368330,2784191254,2784192463,16000,1209
29560.379960,2784200488,2784201717,15910,1229
29560.390473,2784209729,2784210932,15848,1203
29560.400328,2784218941,2784220146,15994,1205
29560.411521,2784228136,2784229345,15916,1209
29560.420335,2784237341,2784238545,15833,1204
29560.432327,2784246501,2784247708,15984,1207
29560.443081,2784255684,2784256865,15913,1181
29560.452331,2784264873,2784266105,15830,1232
29560.464118,2784273930,2784275110,15981,1180
29560.474641,2784283181,2784284471,15917,1290
29560.484332,2784292507,2784293716,15909,1209
29560.495681,2784301744,2784302953,15989,1209
29560.504327,2784310940,2784312149,15913,1209
29560.516334,2784320201,2784321433,15833,1232
29560.527241,2784329435,2784330615,15985,1180
29560.536328,2784338621,2784339855,15917,1234
29560.548272,2784347840,2784349048,15848,1208
29560.558803,2784357082,2784358287,16016,1205
29560.568330,2784366285,2784367495,15916,1210
29560.579832,2784375486,2784376714,15832,1228
29560.590362,2784384692,2784385923,15994,1231
29560.600331,2784393961,2784395195,15910,1234
29560.611393,2784403169,2784404373,15852,1204
29560.620331,2784412362,2784413570,15985,1208
29560.632329,2784421568,2784422754,15918,1186
29560.642953,2784430719,2784431925,15850,1206
29560.652327,2784439937,2784441122,15992,1185
29560.664002,2784449200,2784450409,15949,1209
29560.674514,2784458411,2784459672,15833,1261
29560.684331,2784467680,2784468884,15917,1204
29560.695560,2784476888,2784478073,15917,1185
29560.704328,2784486089,2784487296,15828,1207
29560.716330,2784495279,2784496484,15986,1205
29560.727119,2784504495,2784505675,15915,1180
29560.736328,2784513712,2784514992,15833,1280
29560.748158,2784523025,2784524210,15984,1185
29560.758680,2784532249,2784533485,15915,1236
29560.768333,2784541304,2784542510,15859,1206
29560.779719,2784550585,2784551793,15991,1208
29560.788328,2784559861,2784561122,15914,1261
29560.800330,2784569169,2784570403,15864,1234
29560.811278,2784578546,2784579810,15956,1264
29560.820331,2784587896,2784589231,15917,1335
29560.832317,2784597239,2784598444,15906,1205
29560.842840,2784606467,2784607652,15989,1185
29560.852330,2784615714,2784616918,15902,1204
29560.863872,2784624934,2784626138,15849,1204
29560.874400,2784634116,2784635395,15943,1279
29560.884331,2784643402,2784644635,15923,1233
29560.895433,2784652664,2784653849,15846,1185
29560.904328,2784661841,2784663046,15970,1205
29560.916327,2784671062,2784672272,15915,1210
29560.926993,2784680280,2784681489,15861,1209
29560.936331,2784689527,2784690756,15970,1229
29560.948037,2784698763,2784699968,15916,1205
29560.958554,2784707962,2784709168,15860,1206
29560.968331,2784717216,2784718425,16009,1209
29560.979601,2784726432,2784727643,15914,1211
29560.988331,2784735649,2784736877,15846,1228
29561.000329,2784744930,2784746138,15992,1208
29561.011161,2784754107,2784755291,15910,1184
29561.020331,2784763306,2784764588,15833,1282
29561.032199,2784772619,2784773799,15923,1180
29561.042721,2784781879,2784783117,15918,1238
29561.052335,2784791132,2784792362,15852,1230
29561.063761,2784800363,2784801550,16000,1187
29561.072329,2784809559,2784810791,15912,1232
29561.084328,2784818795,2784820027,15841,1232
29561.095319,2784828066,2784829323,15983,1257
29561.104329,2784837368,2784838602,15916,1234
29561.116337,2784846614,2784847843,15838,1229
29561.126882,2784855891,2784857125,15997,1234
29561.136334,2784865129,2784866361,15900,1232
29561.147913,2784874374,2784875583,15849,1209
29561.158442,2784883582,2784884792,15997,1210
29561.168329,2784892796,2784894004,15912,1208
29561.179481,2784902048,2784903232,15910,1184
29561.188328,2784911243,2784912449,15985,1206
29561.200328,2784920444,2784921625,15918,1181
29561.211033,2784929646,2784930831,15830,1185
29561.220328,2784938852,2784940060,15983,1208
29561.232079,2784948103,2784949307,15906,1204
29561.242594,2784957305,2784958514,15846,1209
29561.252330,2784966549,2784967758,16002,1209
29561.263643,2784975819,2784977052,15946,1233
29561.272330,2784985062,2784986294,15833,1232
29561.284333,2784994328,2784995513,16003,1185
29561.295203,2785003547,2785004732,15946,1185
29561.304331,2785012734,2785013963,15835,1229
29561.316239,2785021985,2785023193,15972,1208
29561.326761,2785031065,2785032293,16005,1228
29561.336331,2785040272,2785041506,15926,1234
29561.347800,2785049483,2785050669,16091,1186
29561.356329,2785058699,2785059909,16003,1210
29561.368329,2785067927,2785069157,15919,1230
29561.379359,2785077210,2785078420,15909,1210
29561.388334,2785086437,2785087669,15913,1232
29561.400330,2785095674,2785096859,15846,1185
29561.410918,2785104876,2785106110,15971,1234
29561.420329,2785114169,2785115426,15912,1257
29561.431952,2785123422,2785124630,15843,1208
29561.442479,2785132633,2785133814,15971,1181
29561.452327,2785141850,2785143056,15917,1206
29561.463513,2785151214,2785152398,15846,1184
29561.472330,2785160421,2785161707,15942,1286
29561.484327,2785169709,2785170920,15913,1211
29561.495076,2785178944,2785180178,15882,1234
29561.504329,2785188215,2785189420,15985,1205
29561.516119,2785197433,2785198644,15922,1211
29561.526639,2785206678,2785207887,15897,1209
29561.536333,2785215887,2785217145,15977,1258
29561.547679,2785224968,2785226205,15915,1237
29561.556328,2785234251,2785235460,15862,1209
29561.568330,2785243467,2785244676,15985,1209
29561.579240,2785252666,2785253896,15847,1230
29561.588329,2785261940,2785263201,15834,1261
29561.600281,2785271231,2785272440,15989,1209
29561.610801,2785280456,2785281686,15917,1230
29561.620330,2785289763,2785291020,15847,1257
29561.631841,2785299049,2785300279,16002,1230
29561.642362,2785308244,2785309478,15911,1234
29561.652329,2785317554,2785318810,15834,1256
29561.663401,2785326867,2785328075,16003,1208
29561.672330,2785336141,2785337398,15916,1257
29561.684328,2785345482,2785346740,15831,1258
29561.694964,2785354780,2785356012,16014,1232
29561.704327,2785364063,2785365297,15912,1234
29561.715993,2785373332,2785374542,15829,1210
29561.726523,2785382653,2785383887,15940,1234
29561.736334,2785391904,2785393161,15892,1257
29561.747553,2785401187,2785402444,15833,1257
29561.756333,2785410542,2785411773,16013,1231
29561.768331,2785419776,2785421005,15914,1229
29561.779113,2785429045,2785430273,15832,1228
29561.788329,2785438387,2785439594,15998,1207
29561.800161,2785447640,2785448849,15919,1209
29561.810674,2785456867,2785458121,15824,1254
29561.820326,2785466113,2785467317,15969,1204
29561.831719,2785475365,2785476575,15899,1210
29561.840329,2785484637,2785485872,15877,1235
29561.852337,2785493902,2785495110,15985,1208
29561.863280,2785503160,2785504393,15915,1233
29561.872332,2785512425,2785513685,15920,1260
29561.884320,2785521710,2785522919,16044,1209
29561.894842,2785530955,2785532164,16011,1209
29561.904331,2785540195,2785541454,15957,1259
29561.915879,2785549574,2785550888,16043,1314
29561.926401,2785558918,2785560152,16000,1234
29561.936330,2785568173,2785569403,15938,1230
29561.947440,2785577473,2785578707,16071,1234
29561.956332,2785586734,2785587974,15995,1240
29561.968329,2785595977,2785597186,15913,1209
29561.979001,2785605190,2785606375,16077,1185
29561.988328,2785614204,2785615435,15912,1231
29562.000033,2785623477,2785624685,15851,1208
29562.010562,2785632694,2785633905,15998,1211
29562.020328,2785642011,2785643322,15918,1311
29562.031593,2785651391,2785652619,15847,1228
29562.040331,2785660656,2785661909,16002,1253
29562.052334,2785670022,2785671288,15917,1266
29562.063154,2785679241,2785680421,15834,1180
29562.072331,2785688457,2785689691,15923,1234
29562.084201,2785697740,2785698949,15918,1209
29562.094713,2785707036,2785708245,15842,1209
29562.104329,2785716245,2785717479,15985,1234
29562.115760,2785725533,2785726740,15916,1207
29562.124328,2785734805,2785736038,15820,1233
29562.136330,2785744040,2785745293,15998,1253
29562.147322,2785753323,2785754534,15914,1211
29562.156328,2785762595,2785763805,15833,1210
29562.168329,2785771830,2785773015,15983,1185
29562.178882,2785781021,2785782231,15899,1210
29562.188327,2785790326,2785791558,15833,1232
29562.199919,2785799583,2785800791,15984,1208
29562.210441,2785808803,2785810037,15912,1234
29562.220332,2785817921,2785819131,15990,1210
29562.231479,2785827195,2785828462,16049,1267
29562.240329,2785836518,2785837776,16000,1258
29562.252329,2785845865,2785847099,15933,1234
29562.263040,2785855103,2785856360,16071,1257
29562.272329,2785864393,2785865650,16055,1257
29562.284073,2785873687,2785874896,15948,1209
29562.294599,2785882920,2785884155,16059,1235
29562.304327,2785892260,2785893518,16003,1258
29562.315634,2785901589,2785902828,15934,1239
29562.324329,2785910891,2785912099,16076,1208
29562.336335,2785920135,2785921363,15926,1228
29562.347194,2785929403,2785930613,15862,1210
29562.356328,2785938684,2785939915,15976,1231
29562.368238,2785947949,2785949208,15888,1259
29562.378756,2785957235,2785958493,15880,1258
29562.388330,2785966526,2785967755,15982,1229
29562.399802,2785975776,2785977009,15895,1233
29562.408330,2785985041,2785986245,15834,1204
29562.420331,2785994257,2785995487,15921,1230
29562.431359,2786003499,2786004789,15913,1290
29562.440329,2786012815,2786014024,15839,1209
29562.452328,2786022028,2786023238,15986,1210
29562.462921,2786031318,2786032503,15905,1185
29562.472331,2786040570,2786041803,15874,1233
29562.483961,2786049846,2786051128,15976,1282
29562.494482,2786059164,2786060424,15912,1260
29562.504328,2786068500,2786069733,15822,1233
29562.515521,2786077763,2786078992,15996,1229
29562.524328,2786087020,2786088274,15914,1254
29562.536329,2786096361,2786097595,15853,1234
29562.547082,2786105694,2786106955,15971,1261
29562.556328,2786115017,2786116249,15918,1232
29562.568119,2786124272,2786125482,15907,1210
29562.578641,2786133515,2786134748,15977,1233
29562.588330,2786142834,2786144146,15912,1312
29562.599670,2786152237,2786153501,15749,1264
29562.608331,2786161569,2786162828,15999,1259
29562.620328,2786170873,2786172107,15913,1234
29562.631237,2786180128,2786181361,15877,1233
29562.640328,2786189396,2786190627,16003,1231
29562.652280,2786198720,2786199954,15917,1234
29562.662794,2786208023,2786209226,15844,1203
29562.672327,2786217179,2786218407,16002,1228
29562.683840,2786226533,2786227800,16004,1267
29562.694355,2786235874,2786237157,15914,1283
29562.704328,2786245204,2786246462,16069,1258
29562.715400,2786254501,2786255759,16005,1258
29562.724334,2786263843,2786265078,15921,1235
29562.736330,2786273158,2786274392,16068,1234
29562.746961,2786282384,2786283570,16004,1186
29562.756327,2786291574,2786292785,15918,1211
29562.767999,2786300795,2786302005,15991,1210
29562.778522,2786310067,2786311278,16006,1211
29562.788333,2786319295,2786320545,15935,1250
29562.799562,2786328607,2786329817,16003,1210
29562.808332,2786337672,2786338901,15899,1229
29562.820333,2786346920,2786348131,15837,1211
29562.831122,2786356177,2786357382,15997,1205
29562.840327,2786365431,2786366684,15915,1253
29562.852153,2786374679,2786375889,15832,1210
29562.862682,2786383959,2786385193,15967,1234
29562.872327,2786393231,2786394459,15913,1228
29562.883714,2786402478,2786403712,15831,1234
29562.892330,2786411771,2786412976,15994,1205
29562.904329,2786421055,2786422285,15922,1230
29562.915281,2786430341,2786431575,15914,1234
29562.924333,2786439514,2786440797,15909,1283
29562.936321,2786448839,2786450097,15968,1258
29562.946835,2786458089,2786459323,15832,1234
29562.956329,2786467418,2786468681,15940,1263
29562.967883,2786476782,2786478035,15995,1253
29562.978395,2786486041,2786487252,15807,1211
29562.988330,2786495254,2786496483,15947,1229
29562.999442,2786504500,2786505708,15961,1208
29563.008326,2786513752,2786514986,15857,1234
29563.020333,2786523013,2786524246,15958,1233
29563.031003,2786532291,2786533521,15968,1230
29563.040330,2786541580,2786542809,15832,1229
29563.052037,2786550883,2786552141,15945,1258
29563.062563,2786560226,2786561436,15958,1210
29563.072329,2786569435,2786570693,15817,1258
29563.083596,2786578713,2786579921,15945,1208
29563.092334,2786587949,2786589179,15961,1230
29563.104332,2786597214,2786598422,15832,1208
29563.115156,2786606461,2786607666,15864,1205
29563.124330,2786615688,2786616942,15957,1254
29563.136193,2786625038,2786626320,15830,1282
29563.146719,2786634414,2786635623,15939,1209
29563.156330,2786643698,2786644937,15970,1239
29563.167757,2786652972,2786654207,15861,1235
29563.176328,2786662267,2786663472,15944,1205
29563.188330,2786671564,2786672821,15952,1257
29563.199314,2786680886,2786682095,15822,1209
29563.208333,2786690120,2786691398,15942,1278
29563.220330,2786699466,2786700702,15933,1236
29563.230875,2786708732,2786709966,15863,1234
29563.240334,2786718023,2786719229,15947,1206
29563.251920,2786727300,2786728533,15955,1233
29563.262440,2786736612,2786737870,15905,1258
29563.272333,2786745919,2786747178,15939,1259
29563.283481,2786755189,2786756399,15954,1210
29563.292330,2786764514,2786765797,15845,1283
29563.304330,2786773797,2786775031,15943,1234
29563.315041,2786783119,2786784353,15976,1234
29563.324329,2786792383,2786793612,15837,1229
29563.336076,2786801695,2786802906,15944,1211
29563.346600,2786810967,2786812229,15942,1262
29563.356329,2786820322,2786821556,15860,1234
29563.367639,2786829604,2786830838,15937,1234
29563.376329,2786838865,2786840075,15957,1210
29563.388330,2786848128,2786849384,15844,1256
29563.399197,2786857436,2786858646,15943,1210
29563.408332,2786866746,2786868053,15954,1307
29563.420234,2786876117,2786877327,15832,1210
29563.430758,2786885417,2786886627,15944,1210
29563.440328,2786894701,2786895959,15969,1258
29563.451796,2786903995,2786905228,15860,1233
29563.460331,2786913302,2786914533,15845,1231
29563.472333,2786922558,2786923786,15974,1228
29563.483354,2786931810,2786933021,15831,1211
29563.492331,2786941135,2786942423,15892,1288
29563.504334,2786950464,2786951693,15994,1229
29563.514915,2786959734,2786960996,15847,1262
29563.524330,2786969068,2786970351,15903,1283
29563.535964,2786978418,2786979648,15984,1230
29563.546478,2786987706,2786988967,15864,1261
29563.556334,2786997059,2786998316,15892,1257
29563.567522,2787006390,2787007624,15987,1234
29563.576328,2787015717,2787016975,15835,1258
29563.588330,2787025079,2787026338,15944,1259
29563.599082,2787034448,2787035706,15968,1258
29563.608332,2787043777,2787045036,15894,1259
29563.620109,2787052908,2787054117,15923,1209
29563.630643,2787062118,2787063328,15966,1210
29563.640336,2787071398,2787072627,15850,1229
29563.651679,2787080673,2787081930,15963,1257
29563.660328,2787090018,2787091301,15971,1283
29563.672329,2787099358,2787100645,15876,1287
29563.683239,2787108750,2787110041,15934,1291
29563.692333,2787118095,2787119329,15968,1234
29563.704274,2787127422,2787128678,15832,1256
29563.714798,2787136766,2787138024,15947,1258
29563.724330,2787146106,2787147365,15959,1259
29563.735834,2787155434,2787156716,15820,1282
29563.746358,2787164782,2787166019,15947,1237
29563.756328,2787174109,2787175342,15966,1233
29563.767395,2787183419,2787184648,15821,1229
29563.776330,2787192695,2787193901,15943,1206
29563.788330,2787201967,2787203253,15952,1286
29563.798955,2787211287,2787212497,15835,1210
29563.808333,2787220565,2787221882,15870,1317
29563.820002,2787229928,2787231134,15967,1206
29563.830516,2787239143,2787240349,15834,1206
29563.840327,2787248449,2787249682,15942,1233
29563.851562,2787257697,2787258955,15956,1258
29563.860330,2787267042,2787268298,15833,1256
29563.872332,2787276358,2787277617,15946,1259
29563.883121,2787285622,2787286901,15956,1279
29563.892329,2787295004,2787296214,15840,1210
29563.904156,2787304299,2787305569,15940,1270
29563.914683,2787313696,2787314960,15951,1264
29563.924329,2787323044,2787324353,15832,1309
29563.935717,2787332297,2787333528,15943,1231
29563.944328,2787341608,2787342842,15966,1234
29563.956329,2787350874,2787352134,15914,1260
29563.967278,2787360188,2787361445,15935,1257
29563.976328,2787369508,2787370770,15968,1262
29563.988314,2787378817,2787380046,15812,1229
29563.998835,2787388055,2787389312,15892,1257
29564.008328,2787397379,2787398637,15961,1258
29564.019877,2787406701,2787407964,15866,1263
29564.030400,2787416034,2787417239,15944,1205
29564.040330,2787425354,2787426637,16019,1283
29564.051435,2787434634,2787435868,15829,1234
29564.060328,2787443897,2787445105,15953,1208
29564.072329,2787453149,2787454465,15953,1316
29564.082995,2787462611,2787463870,15821,1259
29564.092331,2787471946,2787473228,15881,1282
29564.104043,2787481268,2787482530,15963,1262
29564.114558,2787490620,2787491908,15862,1288
29564.124328,2787500030,2787501295,15894,1265
29564.135605,2787509351,2787510581,15985,1230
29564.144332,2787518642,2787519899,15833,1257
29564.156336,2787527977,2787529238,15849,1261
29564.167163,2787537304,2787538537,15970,1233
29564.176328,2787546594,2787547924,15846,1330
29564.188197,2787556026,2787557308,15942,1282
29564.198723,2787565397,2787566632,15968,1235
29564.208327,2787574723,2787575928,15830,1205
29564.219757,2787583996,2787585228,15948,1232
29564.228328,2787593279,2787594513,15957,1234
29564.240336,2787602575,2787603805,15833,1230
29564.251318,2787611855,2787613115,15945,1260
29564.260333,2787621190,2787622424,15951,1234
29564.272334,2787630446,2787631681,15829,1235
29564.282880,2787639687,2787640917,15954,1230
29564.292331,2787648966,2787650224,15952,1258
29564.303922,2787658324,2787659606,15913,1282
29564.314439,2787667709,2787668943,15936,1234
29564.324336,2787677086,2787678352,15966,1266
29564.335475,2787686396,2787687631,15849,1235
29564.344334,2787695716,2787696949,15942,1233
29564.356331,2787705050,2787706305,15971,1255
29564.367035,2787714388,2787715647,15829,1259
29564.376327,2787723730,2787725018,15943,1288
29564.388082,2787733089,2787734351,15965,1262
29564.398595,2787742425,2787743684,15831,1259
29564.408329,2787751722,2787753009,15935,1287
29564.419643,2787761109,2787762342,15970,1233
29564.428330,2787770463,2787771770,15832,1307
29564.440334,2787779716,2787780974,15959,1258
29564.451203,2787789068,2787790326,15970,1258
29564.460329,2787798431,2787799691,15830,1260
29564.472237,2787807722,2787808957,15928,1235
29564.482763,2787817054,2787818265,15967,1211
29564.492327,2787826332,2787827619,15831,1287
29564.503795,2787835704,2787837011,15846,1307
29564.512329,2787845114,2787846373,15964,1259
29564.524332,2787854454,2787855713,15833,1259
29564.535358,2787863750,2787864984,15943,1234
29564.544327,2787873081,2787874364,15966,1283
29564.556332,2787882410,2787883644,15828,1234
29564.566918,2787891748,2787893040,15945,1292
29564.576335,2787901134,2787902368,15971,1234
29564.587957,2787910470,2787911726,15835,1256
29564.598478,2787919814,2787921049,15888,1235
29564.608332,2787929142,2787930401,15952,1259
29564.619515,2787938472,2787939730,15831,1258
29564.628331,2787947803,2787949062,15947,1259
29564.640332,2787957180,2787958414,16033,1234
29564.651082,2787966476,2787967735,15910,1259
29564.660334,2787975868,2787977126,15937,1258
29564.672122,2787985198,2787986457,15967,1259
29564.682635,2787994470,2787995675,15810,1205
29564.692329,2788003785,2788005044,15946,1259
29564.703681,2788013128,2788014408,15972,1280
29564.712336,2788022560,2788023820,15804,1260
29564.724335,2788031863,2788033146,15945,1283
29564.735243,2788041214,2788042472,15967,1258
29564.744331,2788050585,2788051867,15834,1282
29564.756279,2788059965,2788061255,15936,1290
29564.766804,2788069384,2788070642,15968,1258
29564.776329,2788078717,2788079999,15827,1282
29564.787837,2788088073,2788089362,15942,1289
29564.798364,2788097401,2788098632,15958,1231
29564.808327,2788106678,2788107960,15860,1282
29564.819398,2788116025,2788117283,15946,1258
29564.828329,2788125352,2788126611,15964,1259
29564.840329,2788134654,2788135936,15829,1282
29564.850956,2788144050,2788145285,15847,1235
29564.860329,2788153466,2788154758,15970,1292
29564.871994,2788162821,2788164031,15824,1210
29564.882519,2788172113,2788173348,15951,1235
29564.892331,2788181474,2788182757,15966,1283
29564.903555,2788190928,2788192211,15845,1283
29564.912336,2788200315,2788201574,15949,1259
29564.924329,2788209663,2788210924,15962,1261
29564.935118,2788218954,2788220214,15850,1260
29564.944331,2788228346,2788229653,15949,1307
29564.956162,2788237812,2788239095,15949,1283
29564.966676,2788247176,2788248458,15835,1282
29564.976336,2788256540,2788257846,15946,1306
29564.987721,2788265883,2788267115,15948,1232
29564.996330,2788275223,2788276501,15907,1278
29565.008328,2788284597,2788285878,15950,1281
29565.019283,2788293909,2788295167,15956,1258
29565.028335,2788303267,2788304527,15816,1260
29565.040317,2788312632,2788313892,15936,1260
29565.050843,2788322040,2788323250,15982,1210
29565.060330,2788331347,2788332656,15842,1309
29565.071878,2788340722,2788341982,15948,1260
29565.082403,2788350053,2788351315,15953,1262
29565.092329,2788359391,2788360675,15846,1284
29565.103438,2788368782,2788370038,15945,1256
29565.112330,2788378131,2788379415,15958,1284
29565.124328,2788387503,2788388761,15837,1258
29565.134999,2788396834,2788398093,15944,1259
29565.144328,2788406243,2788407525,15996,1282
29565.156035,2788415632,2788416891,15848,1259
29565.166559,2788424978,2788426260,15943,1282
29565.176330,2788434367,2788435675,15955,1308
29565.187595,2788443818,2788445076,15845,1258
29565.196332,2788453274,2788454540,15860,1266
29565.208331,2788462674,2788463938,15814,1264
29565.219156,2788472047,2788473301,15846,1254
29565.228329,2788481424,2788482684,15947,1260
29565.240203,2788490807,2788492065,16006,1258
29565.250708,2788500082,2788501326,15742,1244
29565.260331,2788509431,2788510690,15948,1259
29565.271765,2788518826,2788520061,16011,1235
29565.280330,2788528207,2788529520,15909,1313
29565.292328,2788537710,2788539023,15621,1313
29565.303324,2788547215,2788548481,15996,1266
29565.312333,2788556580,2788557869,15917,1289
29565.324328,2788566007,2788567303,15862,1296
29565.334882,2788575452,2788576719,15982,1267
29565.344331,2788584831,2788586116,15918,1285
29565.355918,2788594262,2788595521,15945,1259
29565.366444,2788603630,2788604865,15969,1235
29565.376329,2788612956,2788614250,15858,1294
29565.387479,2788622339,2788623620,15961,1281
29565.396332,2788631732,2788633019,15977,1287
29565.408329,2788641117,2788642350,15831,1233
29565.419039,2788650453,2788651710,15944,1257
29565.428327,2788659801,2788661108,15970,1307
29565.440075,2788669202,2788670460,15831,1258
29565.450601,2788678530,2788679812,15963,1282
29565.460332,2788687889,2788689147,16058,1258
29565.471636,2788697236,2788698472,15920,1236
29565.480328,2788706617,2788707878,16035,1261
29565.492334,2788715956,2788717191,16059,1235
29565.503196,2788725320,2788726638,15911,1318
29565.512329,2788734733,2788736016,16036,1283
29565.524243,2788744115,2788745376,16055,1261
29565.534756,2788753489,2788754748,15919,1259
29565.544330,2788762902,2788764185,15934,1283
29565.555803,2788772278,2788773487,16054,1209
29565.564329,2788781569,2788782828,15921,1259
29565.576330,2788790929,2788792187,16033,1258
29565.587363,2788800255,2788801537,16056,1282
29565.596331,2788809639,2788810945,15940,1306
29565.608327,2788819057,2788820346,16030,1289
29565.618925,2788828447,2788829712,16059,1265
29565.628330,2788837783,2788839043,15921,1260
29565.639958,2788847106,2788848364,16031,1258
29565.650485,2788856460,2788857693,16031,1233
29565.660330,2788865765,2788867052,15825,1287
29565.671518,2788875145,2788876380,15944,1235
29565.680328,2788884484,2788885719,16013,1235
29565.692334,2788893850,2788895142,15913,1292
29565.703079,2788903264,2788904518,15944,1254
29565.712331,2788912627,2788913885,15955,1258
29565.724118,2788921945,2788923229,15864,1284
29565.734637,2788931345,2788932632,15891,1287
29565.744327,2788940721,2788942047,15965,1326
29565.755675,2788950140,2788951422,15823,1282
29565.764333,2788959544,2788960803,15940,1259
29565.776330,2788968983,2788970242,15981,1259
29565.787236,2788978307,2788979594,15823,1287
29565.796327,2788987719,2788989031,15905,1312
29565.808285,2788997166,2788998452,16022,1286
29565.818798,2789006586,2789007853,15857,1267
29565.828330,2789015977,2789017259,15948,1282
29565.839845,2789025441,2789026676,15985,1235
29565.850357,2789034744,2789035979,15835,1235
29565.860328,2789044138,2789045430,15916,1292
29565.871403,2789053549,2789054832,15953,1283
29565.880331,2789062944,2789064256,15860,1312
29565.892329,2789072371,2789073606,15855,1235
29565.902964,2789081728,2789082984,15973,1256
29565.912332,2789091100,2789092357,15834,1257
29565.923998,2789100534,2789101845,15946,1311
29565.934525,2789109950,2789111210,15972,1260
29565.944333,2789119310,2789120627,15872,1317
29565.955558,2789128708,2789130014,15949,1306
29565.964332,2789138167,2789139450,15968,1283
29565.976331,2789147528,2789148870,15862,1342
29565.987119,2789157018,2789158334,15945,1316
29565.996333,2789166422,2789167681,15954,1259
29566.008155,2789175729,2789176987,15832,1258
29566.018680,2789185069,2789186356,15920,1287
29566.028331,2789194482,2789195743,15970,1261
29566.039723,2789203877,2789205168,15904,1291
29566.048328,2789213347,2789214683,15943,1336
29566.060332,2789222801,2789224083,15968,1282
29566.071276,2789232135,2789233425,15840,1290
29566.080329,2789241555,2789242896,15944,1341
29566.092321,2789251032,2789252296,15974,1264
29566.102837,2789260357,2789261614,15833,1257
29566.112328,2789269717,2789270999,15944,1282
29566.123883,2789279097,2789280388,15970,1291
29566.134397,2789288548,2789289884,15821,1336
29566.144331,2789298000,2789299291,15963,1291
29566.155444,2789307434,2789308693,15967,1259
29566.164327,2789316883,2789318254,15834,1371
29566.176329,2789326456,2789327691,15937,1235
29566.187004,2789335836,2789337151,15963,1315
29566.196331,2789345296,2789346613,15829,1317
29566.208038,2789354712,2789356029,15945,1317
29566.218565,2789364230,2789365520,15971,1290
29566.228331,2789373692,2789374985,15834,1293
29566.239599,2789383106,2789384423,15850,1317
29566.248329,2789392563,2789393878,15970,1315
29566.260332,2789402012,2789403273,15808,1261
29566.271159,2789411413,2789412780,15941,1367
29566.280328,2789420941,2789422233,15957,1292
29566.292197,2789430357,2789431640,15844,1283
29566.302717,2789439766,2789441134,15892,1368
29566.312336,2789449215,2789450507,15963,1292
29566.323758,2789458675,2789459962,15857,1287
29566.332328,2789468122,2789469413,15947,1291
29566.344327,2789477526,2789478833,15957,1307
29566.355319,2789486940,2789488208,15846,1268
29566.364329,2789496377,2789497719,15888,1342
29566.376329,2789505841,2789507131,15970,1290
29566.386884,2789515268,2789516550,15909,1282
29566.396330,2789524664,2789525947,15952,1283
29566.407924,2789534124,2789535411,15971,1287
29566.418437,2789543558,2789544870,15828,1312
29566.428328,2789552982,2789554266,15944,1284
29566.439483,2789562383,2789563646,15973,1263
29566.448327,2789571775,2789573066,15862,1291
29566.460328,2789581224,2789582492,15947,1268
29566.471044,2789590681,2789591992,15961,1311
29566.480331,2789600160,2789601502,15860,1342
29566.492080,2789609679,2789610990,15927,1311
29566.502605,2789619113,2789620426,15963,1313
29566.512329,2789628635,2789629952,15829,1317
29566.523640,2789638104,2789639416,15920,1312
29566.532331,2789647525,2789648810,15971,1285
29566.544329,2789656966,2789658284,15861,1318
29566.555199,2789666460,2789667753,15946,1293
29566.564332,2789675838,2789677122,15970,1284
29566.576236,2789685270,2789686533,15833,1263
29566.586760,2789694639,2789695901,15849,1262
29566.596331,2789704103,2789705444,15970,1341
29566.607796,2789713598,2789714887,15833,1289
29566.616332,2789723065,2789724380,15946,1315
29566.628328,2789732493,2789733829,15972,1336
29566.639359,2789741946,2789743258,15873,1312
29566.648328,2789751404,2789752692,15947,1288
29566.660330,2789760800,2789762033,15967,1233
29566.670916,2789770094,2789771352,15832,1258
29566.680328,2789779426,2789780684,15932,1258
29566.691966,2789788813,2789790130,15952,1317
29566.702477,2789798298,2789799589,15835,1291
29566.712332,2789807776,2789809059,15945,1283
29566.723524,2789817211,2789818497,15971,1286
29566.732327,2789826625,2789827884,15899,1259
29566.744328,2789835960,2789837219,15943,1259
29566.755084,2789845281,2789846539,15965,1258
29566.764333,2789854725,2789856060,15826,1335
29566.776118,2789864203,2789865495,15949,1292
29566.786644,2789873611,2789874899,15970,1288
29566.796328,2789883032,2789884319,15810,1287
29566.807679,2789892454,2789893713,15944,1259
29566.816330,2789901894,2789903238,15993,1344
29566.828328,2789911395,2789912742,15854,1347
29566.839241,2789920873,2789922165,15964,1292
29566.848330,2789930371,2789931708,15969,1337
29566.860278,2789939878,2789941166,15860,1288
29566.870799,2789949334,2789950602,15888,1268
29566.880333,2789958733,2789960025,15971,1292
29566.891836,2789968143,2789969429,15826,1286
29566.902361,2789977561,2789978844,15948,1283
29566.912328,2789986972,2789988265,15990,1293
29566.923396,2789996371,2789997653,15810,1282
29566.932330,2790005716,2790006997,15850,1281
29566.944328,2790015172,2790016440,15960,1268
29566.954957,2790024586,2790025875,15828,1289
29566.964328,2790034003,2790035286,15939,1283
29566.976004,2790043406,2790044741,15969,1335
29566.986518,2790052848,2790054131,15854,1283
29566.996332,2790062310,2790063602,15943,1292
29567.007564,2790071725,2790073067,15952,1342
29567.016330,2790081177,2790082444,15857,1267
29567.028330,2790090574,2790091863,15940,1289
29567.039124,2790099995,2790101288,15950,1293
29567.048329,2790109415,2790110732,15861,1317
29567.060159,2790118838,2790120131,15918,1293
29567.070685,2790128290,2790129581,15960,1291
29567.080328,2790137764,2790139075,15908,1311
29567.091722,2790147210,2790148524,15919,1314
29567.100328,2790156685,2790157994,15962,1309
29567.112329,2790166165,2790167482,15833,1317
29567.123280,2790175662,2790176952,15947,1290
29567.132328,2790185077,2790186364,15970,1287
29567.144315,2790194545,2790195836,15827,1291
29567.154840,2790203962,2790205197,15950,1235
29567.164327,2790213278,2790214561,15972,1283
29567.175876,2790222718,2790223985,15827,1267
29567.186401,2790232162,2790233455,15953,1293
29567.196329,2790241572,2790242860,15966,1288
29567.207436,2790251030,2790252323,15831,1293
29567.216329,2790260426,2790261717,15947,1291
29567.228328,2790269861,2790271151,15969,1290
29567.238997,2790279289,2790280547,15833,1258
29567.248330,2790288731,2790289990,15947,1259
29567.260046,2790298150,2790299461,15959,1311
29567.270557,2790307687,2790309034,15820,1347
29567.280329,2790317164,2790318448,15854,1284
29567.291604,2790326622,2790327940,16016,1318
29567.300331,2790336078,2790337408,15816,1330
29567.312331,2790345574,2790346867,15935,1293
29567.323166,2790355087,2790356369,15979,1282
29567.332328,2790364558,2790365851,15842,1293
29567.344199,2790374047,2790375387,15938,1340
29567.354725,2790383556,2790384873,15970,1317
29567.364329,2790393067,2790394378,15816,1311
29567.375760,2790402499,2790403810,15947,1311
29567.384335,2790411993,2790413306,15953,1313
29567.396328,2790421470,2790422762,15860,1292
29567.407320,2790430962,2790432250,15948,1288
29567.416327,2790440374,2790441662,15970,1288
29567.428333,2790449901,2790451216,15911,1315
29567.438880,2790459340,2790460622,15945,1282
29567.448327,2790468794,2790470086,15969,1292
29567.459916,2790478235,2790479576,15828,1341
29567.470440,2790487747,2790489059,15952,1312
29567.480330,2790497212,2790498524,15972,1312
29567.491477,2790506674,2790508011,15831,1337
29567.500331,2790515949,2790517258,15950,1309
29567.512329,2790525452,2790526720,15970,1268
29567.523037,2790534901,2790536218,15832,1317
29567.532328,2790544372,2790545738,15958,1366
29567.544084,2790553911,2790555271,15971,1360
29567.554600,2790563419,2790564684,15834,1265
29567.564328,2790572873,2790574215,15948,1342
29567.575644,2790582387,2790583677,15966,1290
29567.584327,2790591828,2790593121,15862,1293
29567.596335,2790601317,2790602634,15946,1317
29567.607205,2790610806,2790612143,15966,1337
29567.616328,2790620322,2790621664,15822,1342
29567.628237,2790629839,2790631155,15852,1316
29567.638765,2790639270,2790640578,15969,1308
29567.648331,2790648768,2790650104,15826,1336
29567.659799,2790658337,2790659626,15950,1289
29567.668330,2790667802,2790669115,15966,1313
29567.680329,2790677282,2790678572,15839,1290
29567.691360,2790686780,2790688092,15951,1312
29567.700328,2790696280,2790697593,16020,1313
29567.712328,2790705748,2790707015,15828,1267
29567.722920,2790715164,2790716456,15944,1292
29567.732334,2790724618,2790725909,15946,1291
29567.743956,2790734107,2790735399,15834,1292
29567.754480,2790743599,2790744882,15946,1283
29567.764327,2790753082,2790754395,15966,1313
29567.775524,2790762627,2790763944,15907,1317
29567.784333,2790772133,2790773474,15944,1341
29567.796328,2790781634,2790782927,15968,1293
29567.807077,2790791073,2790792389,15823,1316
29567.816331,2790800556,2790801871,15945,1315
29567.828123,2790810005,2790811293,15970,1288
29567.838640,2790819416,2790820679,15857,1263
29567.848327,2790828848,2790830219,15945,1371
29567.859685,2790838397,2790839715,15973,1318
29567.868331,2790847899,2790849240,15862,1341
29567.880332,2790857416,2790858709,15960,1293
29567.891245,2790866876,2790868191,15959,1315
29567.900330,2790876360,2790877698,15822,1338
29567.912277,2790885848,2790887196,15892,1348
29567.940331,2790904202,2790904847,12009,645
29567.951352,2790908627,2790909272,11996,645
29567.960330,2790915764,2790916940,15953,1176
29567.972335,2790924935,2790926120,15915,1185
29567.982912,2790934122,2790935332,15834,1210
29567.992328,2790943374,2790944633,15988,1259
29568.003959,2790952690,2790953972,15905,1282
29568.014475,2790962080,2790963393,15860,1313
29568.024331,2790971555,2790972846,15910,1291
29568.035519,2790981020,2790982380,15917,1360
29568.044331,2790990489,2790991802,15852,1313
29568.056330,2790999975,2791001316,15957,1341
29568.067078,2791009491,2791010759,16002,1268
29568.076328,2791018910,2791020169,15918,1259
29568.088117,2791028383,2791029676,16075,1293
29568.098638,2791037817,2791039100,16003,1283
29568.108328,2791047324,2791048583,15866,1259
29568.119678,2791056723,2791058016,15987,1293
29568.128328,2791066247,2791067565,15907,1318
29568.140335,2791075760,2791077073,15859,1313
29568.151238,2791085208,2791086547,15953,1339
29568.160327,2791094673,2791096016,15923,1343
29568.172277,2791104201,2791105492,15909,1291
29568.182799,2791113698,2791115038,15982,1340
29568.192329,2791123234,2791124580,15917,1346
29568.203831,2791132712,2791133996,15851,1284
29568.214358,2791142189,2791143486,15960,1297
29568.224332,2791151694,2791153007,15921,1313
29568.235391,2791161237,2791162555,15848,1318
29568.244330,2791170753,2791172093,15975,1340
29568.256328,2791180229,2791181463,15897,1234
29568.266952,2791189604,2791190924,15860,1320
29568.276330,2791199123,2791200434,15973,1311
29568.287996,2791208630,2791209971,15907,1341
29568.298512,2791218180,2791219447,15862,1267
29568.308329,2791227615,2791228874,16004,1259
29568.319559,2791237111,2791238476,15913,1365
29568.328333,2791246647,2791247988,15851,1341
29568.340328,2791256187,2791257504,15998,1317
29568.351120,2791265651,2791266990,15923,1339
29568.360328,2791275154,2791276524,15827,1370
29568.372161,2791284707,2791286018,15925,1311
29568.382680,2791294167,2791295460,15917,1293
29568.392332,2791303675,2791304992,15831,1317
29568.403717,2791313170,2791314483,15984,1313
29568.412330,2791322645,2791324016,15908,1371
29568.424332,2791332245,2791333586,15821,1341
29568.435279,2791339918,2791341155,15905,1237
29568.444334,2791349347,2791350713,15915,1366
29568.456313,2791358852,2791360125,15876,1273
29568.466841,2791368261,2791369626,15971,1365
29568.476329,2791377804,2791379142,15906,1338
29568.487871,2791387320,2791388638,15849,1318
29568.498401,2791396764,2791398102,15995,1338
29568.508330,2791406298,2791407615,15906,1317
29568.519440,2791415756,2791417048,15910,1292
29568.528328,2791425240,2791426578,15997,1338
29568.540329,2791434746,2791436087,15913,1341
29568.550992,2791444250,2791445590,15830,1340
29568.560329,2791453742,2791455102,16071,1360
29568.572039,2791463193,2791464480,16008,1287
29568.582553,2791472639,2791473929,15908,1290
29568.592329,2791482105,2791483445,16067,1340
29568.603598,2791491604,2791492970,16002,1366
29568.612328,2791501175,2791502467,15844,1292
29568.624335,2791510615,2791511900,16078,1285
29568.635160,2791520051,2791521321,15995,1270
29568.644335,2791529500,2791530766,15936,1266
29568.656199,2791538963,2791540303,16090,1340
29568.666720,2791548445,2791549767,16007,1322
29568.676329,2791557929,2791559269,15881,1340
29568.687759,2791567292,2791568584,15969,1292
29568.696331,2791576786,2791578127,15919,1341
29568.708328,2791586313,2791587650,15828,1337
29568.719319,2791595813,2791597130,15904,1317
29568.728331,2791605344,2791606692,15918,1348
29568.740331,2791614897,2791616239,15847,1342
29568.750877,2791624462,2791625804,15972,1342
29568.760330,2791633985,2791635276,15909,1291
29568.771911,2791643485,2791644778,15843,1293
29568.782438,2791652999,2791654291,15969,1292
29568.792334,2791662467,2791663834,15919,1367
29568.803472,2791671986,2791673252,15858,1266
29568.812330,2791681439,2791682780,15989,1341
29568.824337,2791690990,2791692326,15906,1336
29568.835032,2791700477,2791701789,15863,1312
29568.844331,2791709910,2791711252,15983,1342
29568.856078,2791719408,2791720725,15914,1317
29568.866598,2791728872,2791730214,15903,1342
29568.876334,2791738412,2791739705,15974,1293
29568.887638,2791747871,2791749160,15992,1289
29568.896330,2791757381,2791758747,15935,1366
29568.908331,2791766892,2791768209,16031,1317
29568.919199,2791776358,2791777623,16005,1265
29568.928329,2791785937,2791787255,15861,1318
29568.940238,2791795406,2791796748,15959,1342
29568.950760,2791804927,2791806297,15906,1370
29568.960330,2791814441,2791815806,15840,1365
29568.971798,2791824009,2791825330,15988,1321
29568.980330,2791833547,2791834865,15918,1318
29568.992327,2791843063,2791844380,15939,1317
29569.003360,2791852597,2791853963,16084,1366
29569.012329,2791862152,2791863517,15913,1365
29569.024336,2791871755,2791873047,15849,1292
29569.034920,2791881258,2791882602,15996,1344
29569.044329,2791890825,2791892141,15918,1316
29569.055951,2791900313,2791901576,15826,1263
29569.066481,2791909726,2791911067,15921,1341
29569.076329,2791919240,2791920607,15910,1367
29569.087512,2791928792,2791930103,15829,1311
29569.096328,2791938264,2791939631,15980,1367
29569.108328,2791947789,2791949101,15915,1312
29569.119072,2791957268,2791958585,15827,1317
29569.128332,2791966717,2791968059,15974,1342
29569.140119,2791976012,2791977304,16002,1292
29569.150635,2791985491,2791986807,15949,1316
29569.160329,2791994989,2791996350,16073,1361
29569.171677,2792004538,2792005832,16001,1294
29569.180331,2792014039,2792015379,15951,1340
29569.192330,2792023620,2792024911,16072,1291
29569.203239,2792033112,2792034429,16001,1317
29569.212333,2792042653,2792043990,15997,1337
29569.224278,2792052189,2792053512,16069,1323
29569.234800,2792061733,2792063076,16000,1343
29569.244331,2792071254,2792072568,15930,1314
29569.255837,2792080774,2792082089,15970,1315
29569.266360,2792090224,2792091563,15909,1339
29569.276328,2792099781,2792101123,15847,1342
29569.287398,2792109310,2792110579,15972,1269
29569.296337,2792118726,2792120089,15915,1363
29569.308336,2792128257,2792129599,15862,1342
29569.318958,2792137834,2792139127,15970,1293
29569.328331,2792147375,2792148743,15912,1368
29569.339998,2792157013,2792158355,15916,1342
29569.350521,2792166632,2792168001,15913,1369
29569.360328,2792176282,2792177625,16000,1343
29569.371560,2792185919,2792187219,16004,1300
29569.380328,2792195463,2792196835,15912,1372
29569.392329,2792205081,2792206380,15914,1299
29569.403121,2792214609,2792215878,15910,1269
29569.412331,2792224341,2792225708,15831,1367
29569.424159,2792234012,2792235359,15710,1347
29569.434679,2792243744,2792245088,15911,1344
29569.444332,2792253721,2792255094,15909,1373
29569.455720,2792263623,2792264967,15652,1344
29569.464331,2792273247,2792274588,15915,1341
29569.476329,2792282822,2792284140,15915,1318
29569.487281,2792292410,2792293755,15906,1345
29569.496329,2792301986,2792303323,15920,1337
29569.508319,2792311577,2792312917,15903,1340
29569.518841,2792321168,2792322534,15912,1366
29569.528331,2792330740,2792332079,15853,1339
29569.539882,2792340325,2792341669,15998,1344
29569.550402,2792349840,2792351183,15918,1343
29569.560331,2792359392,2792360755,15896,1363
29569.571440,2792368994,2792370283,15988,1289
29569.580330,2792378489,2792379804,15914,1315
29569.592331,2792387999,2792389292,15832,1293
29569.603000,2792397469,2792398787,16073,1318
29569.612328,2792406988,2792408329,16008,1341
29569.624031,2792416484,2792417777,15917,1293
29569.634560,2792425991,2792427338,16078,1347
29569.644328,2792435521,2792436893,16002,1372
29569.655592,2792445128,2792446417,15842,1289
29569.664329,2792454838,2792456205,15988,1367
29569.676331,2792464429,2792465745,15911,1316
29569.687152,2792473957,2792475330,15845,1373
29569.696332,2792483532,2792484875,15998,1343
29569.708199,2792493127,2792494495,15915,1368
29569.718713,2792502676,2792503968,15847,1292
29569.728331,2792512094,2792513463,16081,1369
29569.739758,2792521689,2792523004,15868,1315
29569.748332,2792531211,2792532551,15889,1340
29569.760330,2792540750,2792542092,15922,1342
29569.771319,2792550296,2792551613,16001,1317
29569.780327,2792559820,2792561137,15928,1317
29569.792330,2792569288,2792570629,16057,1341
29569.802878,2792578833,2792580174,16007,1341
29569.812336,2792588367,2792589659,15925,1292
29569.823917,2792597892,2792599186,16047,1294
29569.834438,2792607417,2792608737,16006,1320
29569.844329,2792616971,2792618289,15949,1318
29569.855481,2792626526,2792627873,16073,1347
29569.864331,2792636098,2792637438,16003,1340
29569.876331,2792645617,2792646909,15936,1292
29569.887040,2792655080,2792656422,16076,1342
29569.896327,2792664666,2792666032,16002,1366
29569.908078,2792674241,2792675534,15988,1293
29569.918600,2792683731,2792685043,16070,1312
29569.928330,2792693256,2792694594,16000,1338
29569.939633,2792702849,2792704168,15931,1319
29569.948332,2792712236,2792713601,15988,1365
29569.960330,2792721834,2792723199,15923,1365
29569.971193,2792731406,2792732747,15832,1341
29569.980330,2792740972,2792742287,15986,1315
29569.992239,2792750498,2792751839,15920,1341
29570.002753,2792760042,2792761381,15849,1339
29570.012330,2792769589,2792770931,15992,1342
29570.023798,2792779103,2792780421,15915,1318
29570.032328,2792788602,2792789947,15848,1345
29570.044330,2792798143,2792799484,16001,1341
29570.055361,2792807640,2792809008,15917,1368
29570.064332,2792817168,2792818513,15844,1345
29570.076329,2792826697,2792828040,16000,1343
29570.086921,2792836230,2792837522,15917,1292
29570.096327,2792845751,2792847098,15832,1347
29570.107960,2792855299,2792856660,16007,1361
29570.118482,2792864885,2792866196,15995,1311
29570.128328,2792874405,2792875745,15917,1340
29570.139519,2792883981,2792885296,16076,1315
29570.148328,2792893501,2792894872,15911,1371
29570.160337,2792903097,2792904438,15827,1341
29570.171081,2792912598,2792913889,15975,1291
29570.180327,2792922148,2792923465,15920,1317
29570.192112,2792931654,2792932947,15844,1293
29570.202642,2792941157,2792942497,16003,1340
29570.212328,2792950696,2792952014,15918,1318
29570.223673,2792960222,2792961516,15849,1294
29570.232329,2792969749,2792971091,15997,1342
29570.244333,2792979303,2792980646,15920,1343
29570.255240,2792988853,2792990197,15900,1344
29570.264329,2792998415,2792999760,16003,1345
29570.276280,2793007982,2793009329,15916,1347
29570.286793,2793017527,2793018846,15827,1319
29570.296333,2793027053,2793028370,15985,1317
29570.307840,2793036541,2793037911,15923,1370
29570.318386,2793046148,2793047464,16174,1316
29570.328332,2793055722,2793057065,15919,1343
29570.339399,2793065316,2793066657,15913,1341
29570.348329,2793074896,2793076213,15914,1317
29570.360330,2793084465,2793085806,15919,1341
29570.370959,2793094004,2793095347,15909,1343
29570.380329,2793103569,2793104886,15841,1317
29570.391998,2793113063,2793114430,15974,1367
29570.402518,2793122649,2793123968,15917,1319
29570.412327,2793132208,2793133573,15848,1365
29570.423558,2793141775,2793143092,15970,1317
29570.432326,2793151267,2793152635,15920,1368
29570.444335,2793160851,2793162194,15851,1343
29570.455118,2793170377,2793171695,15915,1318
29570.464335,2793179929,2793181245,15918,1316
29570.476152,2793189488,2793190832,15848,1344
29570.486680,2793199076,2793200442,15989,1366
29570.496331,2793208644,2793210005,15917,1361
29570.507713,2793218227,2793219519,15859,1292
29570.516330,2793227747,2793229114,15985,1367
29570.528329,2793237301,2793238640,15904,1339
29570.539274,2793246828,2793248120,15833,1292
29570.548328,2793256338,2793257678,15965,1340
29570.560322,2793266038,2793267330,15907,1292
29570.570833,2793275538,2793276879,15829,1341
29570.580327,2793285117,2793286483,15982,1366
29570.591879,2793294639,2793295956,15914,1317
29570.602402,2793304162,2793305481,15905,1319
29570.612336,2793313721,2793315069,15979,1348
29570.623440,2793323258,2793324630,15918,1372
29570.632334,2793332826,2793334167,15840,1341
29570.644330,2793342405,2793343770,15993,1365
29570.655000,2793352000,2793353340,15920,1340
29570.664330,2793361556,2793362896,15840,1340
29570.676041,2793371149,2793372442,16000,1293
29570.686561,2793380644,2793381963,15915,1319
29570.696328,2793390182,2793391524,15828,1342
29570.707601,2793399769,2793401109,15999,1340
29570.716337,2793409336,2793410653,15908,1317
29570.728332,2793418885,2793420223,15830,1338
29570.739159,2793428439,2793429732,15973,1293
29570.748327,2793437992,2793439363,15918,1371
29570.760192,2793447419,2793448736,15839,1317
29570.770719,2793456956,2793458298,15970,1342
29570.780329,2793466358,2793467676,15921,1318
29570.791753,2793475901,2793477269,15865,1368
29570.800333,2793485436,2793486796,15921,1360
29570.812331,2793494991,2793496362,15918,1371
29570.823313,2793504582,2793505948,15859,1366
29570.832331,2793514179,2793515546,15988,1367
29570.844328,2793523786,2793525150,15935,1364
29570.854873,2793533358,2793534709,15860,1351
29570.864332,2793542876,2793544214,15985,1338
29570.875919,2793552455,2793553796,15906,1341
29570.886433,2793561969,2793563286,15840,1317
29570.896333,2793571521,2793572839,16050,1318
29570.907479,2793581029,2793582372,15999,1343
29570.916333,2793590549,2793591912,15929,1363
29570.928328,2793600115,2793601456,16053,1341
29570.939039,2793609632,2793610971,16005,1339
29570.948331,2793619285,2793620627,15991,1342
29570.960078,2793628781,2793630123,16051,1342
29570.970603,2793638374,2793639666,15912,1292
29570.980327,2793647896,2793649233,15848,1337
29570.991641,2793657446,2793658740,15997,1294
29571.000328,2793666914,2793668286,15919,1372
29571.012328,2793676499,2793677816,15839,1317
29571.023202,2793686047,2793687386,16003,1339
29571.032328,2793695614,2793696956,15911,1342
29571.044232,2793705191,2793706563,15831,1372
29571.054762,2793714789,2793716107,16004,1318
29571.064330,2793724314,2793725680,15910,1366
29571.075793,2793733898,2793735213,15827,1315
29571.084336,2793743418,2793744737,15986,1319
29571.096328,2793752919,2793754285,15913,1366
29571.107354,2793762494,2793763865,15835,1371
29571.116336,2793772058,2793773400,15987,1342
29571.128335,2793781597,2793782914,15919,1317
29571.138914,2793791148,2793792485,15834,1337
29571.148328,2793800703,2793801995,15926,1292
29571.159959,2793810246,2793811584,15913,1338
29571.170474,2793819823,2793821167,15849,1344
29571.180329,2793829392,2793830743,15996,1351
29571.191521,2793838964,2793840332,15921,1368
29571.200328,2793848511,2793849826,15830,1315
29571.212327,2793858002,2793859368,16003,1366
29571.223082,2793867568,2793868909,15912,1341
29571.232336,2793876972,2793878338,15831,1366
29571.244119,2793886527,2793887894,15984,1367
29571.254642,2793896108,2793897422,15917,1314
29571.264328,2793905621,2793906982,15828,1361
29571.275680,2793915199,2793916540,15983,1341
29571.284328,2793924761,2793926132,15913,1371
29571.296328,2793934366,2793935733,15907,1367
29571.307240,2793943980,2793945298,15989,1318
29571.316334,2793953511,2793954853,15921,1342
29571.328273,2793963073,2793964390,15842,1317
29571.338802,2793972602,2793973945,16000,1343
29571.348330,2793982179,2793983496,15914,1317
29571.359833,2793991702,2793993018,15845,1316
29571.371864,2794002503,2794003851,15869,1348
29571.382378,2794012039,2794013358,15832,1319
29571.392327,2794021591,2794022932,15985,1341
29571.403425,2794031163,2794032427,15915,1264
29571.412328,2794040618,2794041955,15833,1337
29571.424336,2794050158,2794051476,15988,1318
29571.434984,2794059685,2794061028,15920,1343
29571.444328,2794069266,2794070638,15904,1372
29571.456022,2794078858,2794080199,15987,1341
29571.466544,2794088409,2794089758,15923,1349
29571.476328,2794097977,2794099345,15844,1368
29571.487584,2794107571,2794108912,16001,1341
29571.496334,2794117142,2794118502,15921,1360
29571.508328,2794126741,2794128059,15847,1318
29571.519145,2794136248,2794137595,16087,1347
29571.528327,2794145844,2794147186,16005,1342
29571.540176,2794155398,2794156765,15918,1367
29571.550705,2794164988,2794166308,16091,1320
29571.560330,2794174512,2794175849,16006,1337
29571.571736,2794184072,2794185414,15920,1342
29571.580330,2794193490,2794194804,15974,1314
29571.592328,2794203046,2794204388,15917,1342
29571.603297,2794212611,2794213954,15849,1343
29571.612328,2794222201,2794223567,15972,1366
29571.624332,2794231778,2794233098,15915,1320
29571.634857,2794241283,2794242651,15859,1368
29571.644333,2794250894,2794252212,15922,1318
29571.655901,2794260402,2794261773,15915,1371
29571.666417,2794270007,2794271347,15859,1340
29571.676330,2794279562,2794280905,15984,1343
29571.687463,2794289144,2794290492,15913,1348
29571.696333,2794298703,2794300072,15855,1369
29571.708328,2794308322,2794309615,15986,1293
29571.719023,2794317865,2794319183,15914,1318
29571.728331,2794327406,2794328748,15845,1342
29571.740061,2794336965,2794338259,15970,1294
29571.750584,2794346496,2794347836,15916,1340
29571.760332,2794356050,2794357418,15842,1368
29571.771621,2794365657,2794366950,15971,1293
29571.780336,2794375189,2794376558,15915,1369
29571.792332,2794384794,2794386162,15908,1368
29571.803185,2794394393,2794395765,15985,1372
29571.812332,2794404015,2794405379,15915,1364
29571.824216,2794413614,2794414957,15844,1343
29571.834745,2794423203,2794424571,15996,1368
29571.844332,2794432786,2794434157,15921,1371
29571.855776,2794442370,2794443738,15844,1368
29571.864331,2794451972,2794453314,15999,1342
29571.876333,2794461543,2794462885,15914,1342
29571.887337,2794471070,2794472442,15819,1372
29571.896334,2794480688,2794482058,16001,1370
29571.908332,2794490275,2794491592,15902,1317
29571.918899,2794499796,2794501133,15818,1337
29571.928330,2794509195,2794510563,15944,1368
29571.939944,2794518780,2794520142,15959,1362
29571.950458,2794528389,2794529706,15833,1317
29571.960329,2794537942,2794539311,15946,1369
29571.971504,2794547515,2794548883,15969,1368
29571.980334,2794557090,2794558457,15835,1367
29571.992328,2794566718,2794568059,15839,1341
29572.003065,2794576262,2794577634,15963,1372
29572.012332,2794585976,2794587342,15830,1366
29572.024099,2794595588,2794596960,15947,1372
29572.034625,2794605184,2794606501,15959,1317
29572.044336,2794614708,2794616050,15848,1342
29572.055659,2794624253,2794625595,15909,1342
29572.064333,2794633822,2794635163,15972,1341
29572.076334,2794643397,2794644765,15834,1368
29572.087219,2794652948,2794654266,15946,1318
29572.096333,2794662512,2794663854,15955,1342
29572.108256,2794672110,2794673459,15832,1349
29572.118780,2794681703,2794683020,15947,1317
29572.128327,2794691220,2794692593,15970,1373
29572.139824,2794700799,2794702172,15904,1373
29572.150340,2794710351,2794711698,15943,1347
29572.160332,2794719907,2794721224,15968,1317
29572.171377,2794729410,2794730779,15830,1369
29572.180331,2794739014,2794740333,15944,1319
29572.192333,2794748611,2794749955,15978,1344
29572.202937,2794758192,2794759535,15828,1343
29572.212331,2794767770,2794769116,15946,1346
29572.223984,2794777339,2794778681,15968,1342
29572.234498,2794786909,2794788272,15834,1363
29572.244330,2794796505,2794797821,15959,1316
29572.255545,2794806008,2794807350,15966,1342
29572.264329,2794815564,2794816907,15834,1343
29572.276328,2794825096,2794826412,15946,1316
29572.287105,2794834637,2794836005,15962,1368
29572.296331,2794844342,2794845682,15825,1340
29572.308139,2794853931,2794855296,15941,1365
29572.318666,2794863527,2794864869,15971,1342
29572.328336,2794873047,2794874365,15830,1318
29572.339698,2794882563,2794883881,15849,1318
29572.348330,2794892119,2794893486,15968,1367
29572.360332,2794901738,2794903057,15830,1319
29572.371260,2794911257,2794912625,15944,1368
29572.380329,2794920842,2794922183,15967,1341
29572.392296,2794930284,2794931625,15844,1341
29572.402822,2794939847,2794941141,15946,1294
29572.412327,2794949389,2794950760,15971,1371
29572.423856,2794958986,2794960327,15826,1341
29572.434380,2794968581,2794969948,15938,1367
29572.444329,2794978157,2794979523,15947,1366
29572.455417,2794987707,2794989051,15832,1344
29572.464334,2794997256,2794998622,15946,1366
29572.476330,2795006881,2795008220,15965,1339
29572.486985,2795016408,2795017751,15914,1343
29572.496328,2795025980,2795027320,15944,1340
29572.508025,2795035551,2795036917,15973,1366
29572.518539,2795045119,2795046486,15823,1367
29572.528333,2795054729,2795056097,15947,1368
29572.539583,2795064303,2795065669,15974,1366
29572.548328,2795073896,2795075239,15834,1343
29572.560328,2795083475,2795084815,15937,1340
29572.571145,2795093031,2795094370,15967,1339
29572.580327,2795102657,2795104024,15829,1367
29572.592181,2795112230,2795113598,15962,1368
29572.602707,2795121850,2795123174,15960,1324
29572.612330,2795131397,2795132740,15831,1343
29572.623739,2795140930,2795142298,15938,1368
29572.632333,2795150544,2795151907,15969,1363
29572.644328,2795160140,2795161480,15831,1340
29572.655300,2795169680,2795171023,15947,1343
29572.664332,2795179254,2795180621,15970,1367
29572.676333,2795188815,2795190155,15825,1340
29572.686858,2795198388,2795199707,15846,1319
29572.696329,2795207919,2795209260,15969,1341
29572.707899,2795217494,2795218861,15857,1367
29572.718421,2795227113,2795228457,15919,1344
29572.728330,2795236701,2795238044,15967,1343
29572.739457,2795246275,2795247624,15846,1349
29572.748329,2795255828,2795257195,15946,1367
29572.760334,2795265419,2795266737,15969,1318
29572.771018,2795274988,2795276354,15831,1366
29572.780327,2795284601,2795285919,15945,1318
29572.792065,2795294159,2795295525,15950,1366
29572.802579,2795303830,2795305197,15831,1367
29572.812330,2795313450,2795314791,15948,1341
29572.823625,2795323007,2795324380,15971,1373
29572.832331,2795332637,2795333981,15911,1344
29572.844327,2795342206,2795343574,15950,1368
29572.855185,2795351800,2795353148,15970,1348
29572.864328,2795361453,2795362799,15830,1346
29572.876219,2795371017,2795372360,15948,1343
29572.886744,2795380582,2795381955,15979,1373
29572.896335,2795390170,2795391540,15813,1370
29572.907780,2795399744,2795401083,15950,1339
29572.916329,2795409330,2795410672,15966,1342
29572.928329,2795418916,2795420235,15826,1319
29572.939341,2795428455,2795429796,15951,1341
29572.948330,2795438009,2795439376,15971,1367
29572.960330,2795447575,2795448914,15822,1339
29572.970901,2795457106,2795458473,15939,1367
29572.980332,2795466695,2795468038,15967,1343
29572.991937,2795476262,2795477581,15818,1319
29573.003967,2795487113,2795488430,15971,1317
29573.014481,2795496683,2795498052,15828,1369
29573.024331,2795506296,2795507614,15947,1318
29573.035527,2795515835,2795517176,15965,1341
29573.044330,2795525408,2795526731,15829,1323
29573.056330,2795534929,2795536267,15938,1338
29573.067089,2795544510,2795545881,15973,1371
29573.076328,2795554246,2795555589,15819,1343
29573.088124,2795563800,2795565118,15962,1318
29573.098649,2795573356,2795574700,15968,1344
29573.108326,2795582914,2795584252,15824,1338
29573.119683,2795592468,2795593807,15939,1339
29573.128330,2795602016,2795603330,15969,1314
29573.140331,2795611571,2795612933,15821,1362
29573.151243,2795621164,2795622481,15949,1317
29573.160327,2795630690,2795632053,15959,1363
29573.172279,2795640269,2795641610,15831,1341
29573.182802,2795649818,2795651186,15849,1368
29573.192329,2795659420,2795660764,15963,1344
29573.203842,2795668955,2795670298,15834,1343
29573.214365,2795678554,2795679898,15942,1344
29573.224329,2795688138,2795689486,15961,1348
29573.235400,2795697719,2795699087,15847,1368
29573.244331,2795707339,2795708667,15944,1328
29573.256330,2795716894,2795718237,15964,1343
29573.266960,2795726447,2795727789,15825,1342
29573.276328,2795736026,2795737395,15946,1369
29573.288007,2795745627,2795746943,15951,1316
29573.298521,2795755156,2795756494,15828,1338
29573.308327,2795764707,2795766049,15945,1342
29573.319568,2795774274,2795775615,15971,1341
29573.328328,2795783792,2795785132,15905,1340
29573.340327,2795793361,2795794680,15948,1319
29573.351128,2795802884,2795804201,15973,1317
29573.360331,2795812575,2795813889,15829,1314
29573.372162,2795822111,2795823479,15945,1368
29573.382687,2795831745,2795833064,15970,1319
29573.392328,2795841276,2795842619,15833,1343
29573.403723,2795850827,2795852165,15946,1338
29573.412332,2795860422,2795861764,16022,1342
29573.424332,2795870013,2795871332,15830,1319
29573.435285,2795879552,2795880920,15944,1368
29573.444328,2795889157,2795890476,15971,1319
29573.456320,2795898704,2795900067,15819,1363
29573.466844,2795908314,2795909682,15944,1368
29573.476328,2795917906,2795919249,15971,1343
29573.487880,2795927460,2795928803,15821,1343
29573.498404,2795937021,2795938388,15944,1367
29573.508334,2795946637,2795947979,15967,1342
29573.519442,2795956225,2795957593,15832,1368
29573.528335,2795965819,2795967191,15848,1372
29573.540329,2795975420,2795976788,15964,1368
29573.551001,2795985051,2795986419,15831,1368
29573.560328,2795994646,2795995964,15948,1318
29573.572048,2796004196,2796005520,15969,1324
29573.582561,2796013747,2796015090,15852,1343
29573.592328,2796023339,2796024679,15934,1340
29573.603608,2796032923,2796034259,15971,1336
29573.612332,2796042502,2796043867,15830,1365
29573.624331,2796052124,2796053492,15938,1368
29573.635168,2796061728,2796063071,15957,1343
29573.644328,2796071315,2796072681,15834,1366
29573.656203,2796080905,2796082278,15943,1373
29573.666729,2796090563,2796091881,15965,1318
29573.676334,2796100102,2796101469,15912,1367
29573.687763,2796109673,2796111015,15935,1342
29573.696328,2796119250,2796120589,15970,1339
29573.708330,2796128824,2796130166,15834,1342
29573.719323,2796138402,2796139744,15938,1342
29573.728333,2796147942,2796149284,15976,1342
29573.740337,2796157520,2796158894,15822,1374
29573.750884,2796167116,2796168483,15937,1367
29573.760328,2796176711,2796178054,15970,1343
29573.771921,2796186296,2796187638,15822,1342
29573.782446,2796195866,2796197232,15967,1366
29573.792327,2796205469,2796206811,15971,1342
29573.803481,2796215051,2796216418,15823,1367
29573.812330,2796224624,2796225968,15947,1344
29573.824334,2796234007,2796235350,15967,1343
29573.835041,2796243537,2796244906,15823,1369
29573.844327,2796253152,2796254492,15946,1340
29573.856088,2796262736,2796264103,15966,1367
29573.866601,2796272359,2796273678,15821,1319
29573.876331,2796281905,2796283245,15849,1340
29573.887649,2796291500,2796292844,15962,1344
29573.896328,2796301054,2796302419,15821,1365
29573.908329,2796310667,2796311986,15944,1319
29573.919209,2796320233,2796321579,15972,1346
29573.928327,2796329763,2796331106,15846,1343
29573.940243,2796339308,2796340627,15946,1319
29573.950769,2796348845,2796350189,15966,1344
29573.960329,2796358413,2796359755,15837,1342
29573.971803,2796367983,2796369324,15948,1341
29573.980327,2796377553,2796378921,15951,1368
29573.992330,2796387138,2796388509,15838,1371
29574.003363,2796396716,2796398035,15945,1319
29574.012329,2796406254,2796407623,15970,1369
29574.024330,2796415852,2796417189,15902,1337
29574.034924,2796425413,2796426755,15947,1342
29574.044327,2796434973,2796436342,15971,1369
29574.055960,2796444572,2796445947,15831,1375
29574.066484,2796454183,2796455531,15943,1348
29574.076332,2796463797,2796465138,15981,1341
29574.087521,2796473374,2796474688,15831,1314
29574.096330,2796482949,2796484313,15940,1364
29574.108329,2796492524,2796493868,15956,1344
29574.119081,2796502105,2796503448,15832,1343
29574.128334,2796511766,2796513111,15961,1345
29574.140128,2796521346,2796522663,15970,1317
29574.150642,2796530884,2796532257,15831,1373
29574.160333,2796540489,2796541832,15949,1343
29574.171688,2796550065,2796551404,15968,1339
29574.180329,2796559614,2796560983,15833,1369
29574.192333,2796569195,2796570563,15946,1368
29574.203249,2796578779,2796580150,15971,1371
29574.212328,2796588355,2796589720,15829,1365
29574.224281,2796597936,2796599281,15850,1345
29574.234809,2796607538,2796608908,15967,1370
29574.244331,2796617152,2796618470,15831,1318
29574.255843,2796626712,2796628079,15946,1367
29574.266370,2796636300,2796637669,15960,1369
29574.276328,2796645889,2796647257,15847,1368
29574.287404,2796655511,2796656879,15940,1368
29574.296330,2796665117,2796666494,15969,1377
29574.308329,2796674738,2796676080,15833,1342
29574.318964,2796684279,2796685647,15940,1368
29574.328330,2796693894,2796695235,15955,1341
29574.340000,2796703507,2796704849,15832,1342
29574.350525,2796713063,2796714381,15948,1318
29574.360328,2796722594,2796723934,15967,1340
29574.371568,2796732179,2796733524,15910,1345
29574.380329,2796741763,2796743106,15944,1343
29574.392333,2796751356,2796752704,15969,1348
29574.403121,2796760930,2796762271,15830,1341
29574.412329,2796770569,2796771938,15948,1369
29574.424167,2796780196,2796781539,15976,1343
29574.434682,2796789821,2796791160,15835,1339
29574.444334,2796799351,2796800716,15936,1365
29574.455729,2796808962,2796810331,15963,1369
29574.464327,2796818583,2796819955,15820,1372
29574.476331,2796828147,2796829487,15964,1340
29574.487289,2796837698,2796839065,15970,1367
29574.496331,2796847295,2796848661,15832,1366
29574.508323,2796856911,2796858252,15949,1341
29574.518850,2796866443,2796867786,15973,1343
29574.528331,2796876008,2796877374,15830,1366
29574.539883,2796885597,2796886940,15948,1343
29574.550412,2796895182,2796896531,16016,1349
29574.560328,2796904746,2796906114,15826,1368
29574.571442,2796914327,2796915698,15853,1371
29574.580329,2796923939,2796925281,15972,1342
29574.592331,2796933513,2796934882,15828,1369
29574.603004,2796943063,2796944404,15946,1341
29574.612329,2796952664,2796954027,15970,1363
29574.624041,2796962216,2796963560,15845,1344
29574.636071,2796972994,2796974336,15976,1342
29574.646585,2796982577,2796983945,15831,1368
29574.656330,2796992204,2796993570,15922,1366
29574.667631,2797001802,2797003146,15967,1344
29574.676330,2797011371,2797012738,15828,1367
29574.688336,2797020948,2797022293,15946,1345
29574.699194,2797030541,2797031884,15973,1343
29574.708328,2797040140,2797041483,15830,1343
29574.720225,2797049707,2797051073,15849,1366
29574.730753,2797059284,2797060652,15970,1368
29574.740330,2797068903,2797070270,15830,1367
29574.751787,2797078500,2797079873,15941,1373
29574.760333,2797088117,2797089433,15964,1316
29574.772329,2797097673,2797099041,15842,1368
29574.783347,2797107269,2797108611,15949,1342
29574.792329,2797116844,2797118212,15966,1368
29574.804328,2797126421,2797127794,15863,1373
29574.814908,2797136052,2797137417,15945,1365
29574.824333,2797145665,2797147008,15952,1343
29574.835944,2797155244,2797156617,15835,1373
29574.846468,2797164902,2797166272,15948,1370
29574.856328,2797174508,2797175850,15962,1342
29574.867511,2797184074,2797185441,15903,1367
29574.876331,2797193681,2797195055,15948,1374
29574.888330,2797203320,2797204660,15968,1340
29574.899064,2797212902,2797214246,15829,1344
29574.908329,2797222628,2797224000,15938,1372
29574.920110,2797232271,2797233634,15974,1363
29574.930625,2797241871,2797243245,15823,1374
29574.940334,2797251481,2797252854,15943,1373
29574.951672,2797261117,2797262435,15969,1318
29574.960333,2797270661,2797272029,15820,1368
29574.972329,2797280242,2797281561,15964,1319
29574.983232,2797289808,2797291150,15965,1342
29574.992329,2797299362,2797300706,15830,1344
29575.004266,2797308940,2797310279,15947,1339
29575.014793,2797318507,2797319875,15969,1368
29575.024335,2797328090,2797329463,15825,1373
29575.035827,2797337708,2797339051,15943,1343
29575.046353,2797347304,2797348678,16021,1374
29575.056332,2797356898,2797358265,15835,1367
29575.067385,2797366510,2797367853,15847,1343
29575.076327,2797376050,2797377419,15970,1369
29575.088335,2797385624,2797386968,15832,1344
29575.098947,2797395204,2797396573,15948,1369
29575.108329,2797404822,2797406189,15955,1367
29575.119984,2797414440,2797415807,15841,1367
29575.130508,2797424061,2797425428,15951,1367
29575.140327,2797433655,2797435024,15966,1369
29575.151544,2797443240,2797444582,15823,1342
29575.160327,2797452827,2797454168,15948,1341
29575.172329,2797462421,2797463763,15947,1342
29575.183105,2797471986,2797473327,15832,1341
29575.192330,2797481672,2797483012,15944,1340
29575.204151,2797491213,2797492563,15971,1350
29575.214672,2797500767,2797502131,15904,1364
29575.224328,2797510368,2797511737,15940,1369
29575.235712,2797519982,2797521323,15966,1341
29575.244328,2797529567,2797530909,15827,1342
29575.256328,2797539143,2797540518,15946,1375
29575.267271,2797548722,2797550066,15975,1344
29575.276328,2797558317,2797559683,15817,1366
29575.288307,2797567917,2797569285,15950,1368
29575.298834,2797577519,2797578863,15968,1344
29575.308330,2797587093,2797588462,15834,1369
29575.319868,2797596709,2797598078,15962,1369
29575.330394,2797606393,2797607765,15950,1372
29575.340332,2797616016,2797617387,15819,1371
29575.351428,2797625682,2797627049,15946,1367
29575.360327,2797635331,2797636698,15967,1367
29575.372327,2797644952,2797646321,15834,1369
29575.382987,2797654607,2797655927,15942,1320
29575.392329,2797664228,2797665575,15965,1347
29575.404026,2797673823,2797675168,15829,1345
29575.414546,2797683374,2797684693,15848,1319
29575.424327,2797692931,2797694273,15968,1342
29575.435584,2797702529,2797703893,15831,1364
29575.444329,2797712130,2797713498,15938,1368
29575.456332,2797721606,2797722973,15958,1367
29575.467145,2797731237,2797732606,15846,1369
29575.476330,2797740833,2797742205,15946,1372
29575.488191,2797750447,2797751789,15959,1342
29575.498706,2797760053,2797761421,15823,1368
29575.508330,2797769683,2797771051,15930,1368
29575.519752,2797779277,2797780619,15953,1342
29575.528329,2797788861,2797790202,15830,1341
29575.540328,2797798389,2797799732,15935,1343
29575.551312,2797807986,2797809334,15974,1348
29575.560335,2797817570,2797818937,15954,1367
29575.572328,2797827186,2797828529,15946,1343
29575.582873,2797836749,2797838089,15967,1340
29575.592333,2797846330,2797847673,15830,1343
29575.603907,2797855905,2797857249,15946,1344
29575.614432,2797865489,2797866863,15977,1374
29575.624328,2797875115,2797876483,15829,1368
29575.635468,2797884694,2797886066,15943,1372
29575.644330,2797894278,2797895647,15968,1369
29575.656330,2797903862,2797905204,15828,1342
29575.667029,2797913444,2797914813,15958,1369
29575.676331,2797923057,2797924423,15962,1366
29575.688064,2797932660,2797934004,15823,1344
29575.698590,2797942213,2797943582,15945,1369
29575.708329,2797951815,2797953164,15967,1349
29575.719625,2797961389,2797962757,15835,1368
29575.728335,2797971022,2797972365,15945,1343
29575.740337,2797980597,2797981963,15969,1366
29575.751185,2797990249,2797991591,15832,1342
29575.760333,2797999835,2798001201,15836,1366
29575.772232,2798009437,2798010809,15972,1372
29575.782748,2798019047,2798020416,15855,1369
29575.792334,2798028649,2798029987,15950,1338
29575.803792,2798038236,2798039580,15971,1344
29575.812327,2798047835,2798049203,15847,1368
29575.824330,2798057392,2798058736,15950,1344
29575.835353,2798066963,2798068330,15971,1367
29575.844330,2798076562,2798077930,15859,1368
29575.856328,2798086146,2798087513,15947,1367
29575.866912,2798095806,2798097175,15935,1369
29575.876329,2798105411,2798106773,15847,1362
29575.887947,2798115021,2798116364,15944,1343
29575.898472,2798124603,2798125922,15953,1319
29575.908327,2798134187,2798135529,15906,1342
29575.919509,2798143777,2798145121,15947,1344
29575.928329,2798153351,2798154718,15945,1367
29575.940330,2798162968,2798164336,15850,1368
29575.951068,2798172571,2798173914,15944,1343
29575.960328,2798182173,2798183535,15959,1362
29575.972104,2798191758,2798193126,15843,1368
29575.982628,2798201361,2798202677,15947,1316
29575.992327,2798210916,2798212284,15955,1368
29576.003665,2798220531,2798221875,15845,1344
29576.012329,2798230105,2798231474,15955,1369
29576.024328,2798239720,2798241087,15951,1367
29576.035225,2798249348,2798250717,15848,1369
29576.044328,2798258976,2798260322,15951,1346
29576.056270,2798268526,2798269893,15953,1367
29576.066785,2798278341,2798279710,15849,1369
29576.076332,2798287919,2798289286,15940,1367
29576.087831,2798297526,2798298899,15956,1373
29576.098346,2798307149,2798308492,15842,1343
29576.108328,2798316742,2798318107,15865,1365
29576.119391,2798326343,2798327685,15957,1342
29576.128333,2798335933,2798337277,15846,1344
29576.140332,2798345513,2798346834,15944,1321
29576.150952,2798355080,2798356448,15954,1368
29576.160328,2798364714,2798366053,15863,1339
29576.171987,2798374291,2798375665,15948,1374
29576.182512,2798383893,2798385235,15954,1342
29576.192335,2798393481,2798394850,15851,1369
29576.203547,2798403054,2798404373,15949,1319
29576.212330,2798412579,2798413946,15941,1367
29576.224333,2798422206,2798423575,15837,1369
29576.235108,2798431796,2798433169,15946,1373
29576.244330,2798441527,2798442895,15959,1368
29576.256150,2798451144,2798452486,15908,1342
29576.266665,2798460562,2798461917,15891,1355
29576.276327,2798470119,2798471491,15958,1372
29576.287707,2798479762,2798481135,15868,1373
29576.296329,2798489389,2798490731,15942,1342
29576.308328,2798498938,2798500299,15961,1361
29576.319265,2798508537,2798509911,15842,1374
29576.328333,2798518175,2798519542,15944,1367
29576.340311,2798527799,2798529174,15953,1375
29576.350825,2798537394,2798538763,15851,1369
29576.360332,2798547008,2798548350,15965,1342
29576.371871,2798556547,2798557891,15955,1344
29576.382386,2798566103,2798567446,15846,1343
29576.392330,2798575697,2798577061,15943,1364
29576.403432,2798585279,2798586622,15956,1343
29576.412327,2798594864,2798596232,15848,1368
29576.424328,2798604450,2798605825,15946,1375
29576.434992,2798614035,2798615380,15959,1345
29576.444329,2798623612,2798624982,15841,1370
29576.456027,2798633202,2798634544,15864,1342
29576.466552,2798642799,2798644164,15955,1365
29576.476333,2798652401,2798653767,15833,1366
29576.487588,2798662059,2798663428,15947,1369
29576.496329,2798671679,2798673022,15952,1343
29576.508330,2798681277,2798682621,15863,1344
29576.519148,2798690892,2798692260,15947,1368
29576.528327,2798700491,2798701834,15953,1343
29576.540185,2798710085,2798711454,15847,1369
29576.550708,2798719644,2798721013,15942,1369
29576.560328,2798729270,2798730649,15937,1379
29576.571745,2798738877,2798740218,15837,1341
29576.580327,2798748472,2798749845,15942,1373
29576.592333,2798758026,2798759345,15949,1319
29576.603311,2798767606,2798768973,15906,1367
29576.612336,2798777207,2798778575,15943,1368
29576.624328,2798786826,2798788194,15953,1368
29576.634866,2798796415,2798797759,15832,1344
29576.644332,2798805978,2798807324,15946,1346
29576.655910,2798815568,2798816942,15963,1374
29576.666426,2798825180,2798826546,15848,1366
29576.676334,2798834796,2798836166,15870,1370
29576.687473,2798844385,2798845728,15966,1343
29576.696329,2798853971,2798855341,15832,1370
29576.708333,2798863603,2798864946,15962,1343
29576.719033,2798873198,2798874566,15975,1368
29576.728332,2798882911,2798884281,15836,1370
29576.740067,2798892525,2798893890,15950,1365
29576.750594,2798902131,2798903506,15969,1375
29576.760330,2798911765,2798913134,15830,1369
29576.771628,2798921391,2798922730,15936,1339
29576.780330,2798930988,2798932355,15971,1367
29576.792331,2798940605,2798941973,15821,1368
29576.803187,2798950235,2798951603,15834,1368
29576.812328,2798959850,2798961194,15969,1344
29576.824227,2798969443,2798970813,15862,1370
29576.834746,2798979064,2798980435,15895,1371
29576.844331,2798988683,2798990052,15966,1369
29576.855785,2798998313,2798999663,15835,1350
29576.864335,2799007924,2799009297,15947,1373
29576.876334,2799017556,2799018926,16016,1370
29576.887346,2799027190,2799028533,15828,1343
29576.896330,2799036774,2799038145,15940,1371
29576.908335,2799046390,2799047757,15952,1367
29576.918906,2799055973,2799057318,15825,1345
29576.928330,2799065545,2799066888,15953,1343
29576.942956,2799074081,2799074885,13505,804
29576.956334,2799080800,2799081447,12088,647
29576.968329,2799087002,2799088183,15834,1181
29576.979023,2799096288,2799097573,15945,1285
29576.988328,2799105708,2799107050,15967,1342
29577.000067,2799115304,2799116677,15912,1373
29577.010585,2799124880,2799126245,15941,1365
29577.020329,2799134475,2799135819,15966,1344
29577.031619,2799144012,2799145380,15835,1368
29577.040330,2799153636,2799154980,15944,1344
29577.052331,2799163211,2799164580,15972,1369
29577.063180,2799172826,2799174169,15820,1343
29577.072331,2799182420,2799183789,15919,1369
29577.084226,2799191865,2799193234,15997,1369
29577.094741,2799201432,2799202776,15840,1344
29577.104330,2799211027,2799212400,15949,1373
29577.115787,2799220614,2799221958,15971,1344
29577.124333,2799230204,2799231573,15815,1369
29577.136332,2799239784,2799241127,15950,1343
29577.147347,2799249390,2799250760,15963,1370
29577.156329,2799259020,2799260364,15836,1344
29577.168334,2799268629,2799269978,15944,1349
29577.178908,2799278240,2799279581,15969,1341
29577.188329,2799287835,2799289179,15830,1344
29577.199941,2799297452,2799298793,15851,1341
29577.210469,2799307067,2799308437,15968,1370
29577.220330,2799316684,2799318054,15834,1370
29577.231502,2799326313,2799327657,15945,1344
29577.240329,2799335893,2799337267,15962,1374
29577.252333,2799345460,2799346828,15845,1368
29577.263063,2799355072,2799356414,15945,1342
29577.272328,2799364793,2799366165,15970,1372
29577.284099,2799374437,2799375807,15832,1370
29577.294624,2799384057,2799385401,16033,1344
29577.304332,2799393642,2799395015,16040,1373
29577.315659,2799403289,2799404660,15919,1371
29577.324329,2799412926,2799414292,16035,1366
29577.336329,2799422564,2799423936,16059,1372
29577.347227,2799432164,2799433532,16000,1368
29577.356326,2799441774,2799443148,16027,1374
29577.368267,2799451437,2799452779,16055,1342
29577.378780,2799461062,2799462429,15916,1367
29577.388329,2799470692,2799472036,16035,1344
29577.399826,2799480305,2799481672,16055,1367
29577.410343,2799489953,2799491325,15942,1372
29577.420327,2799499596,2799500965,16035,1369
29577.431388,2799509243,2799510587,16052,1344
29577.440332,2799516713,2799518023,15445,1310
29577.452332,2799526267,2799527610,15961,1343
29577.462949,2799535815,2799537136,15966,1321
29577.472328,2799545400,2799546769,15861,1369
29577.483982,2799555028,2799556346,15931,1318
29577.494507,2799564603,2799565977,16019,1374
29577.504329,2799574228,2799575593,15832,1365
29577.515543,2799583819,2799585189,15946,1370
29577.524336,2799593647,2799594988,15965,1341
29577.536328,2799603231,2799604605,15833,1374
29577.547101,2799612859,2799614231,15848,1372
29577.556331,2799622657,2799624022,15966,1365
29577.568139,2799632248,2799633593,15912,1345
29577.578663,2799641844,2799643216,16036,1372
29577.588329,2799651476,2799652821,16059,1345
29577.599700,2799661094,2799662439,15932,1345
29577.608332,2799670715,2799672083,16033,1368
29577.620331,2799680351,2799681720,15972,1369
29577.631263,2799689966,2799691337,15865,1371
29577.640327,2799699629,2799700998,15918,1369
29577.652307,2799709241,2799710585,15950,1344
29577.662824,2799718846,2799720221,15855,1375
29577.672332,2799728503,2799729871,15921,1368
29577.683867,2799738122,2799739495,15966,1373
29577.695883,2799749022,2799750391,15810,1369
29577.706411,2799758641,2799759991,15967,1350
29577.716327,2799768232,2799769600,15859,1368
29577.727445,2799777860,2799779204,15946,1344
29577.736328,2799787455,2799788799,15971,1344
29577.748329,2799797049,2799798419,15874,1370
29577.759006,2799806684,2799808056,15951,1372
29577.768331,2799816330,2799817701,15967,1371
29577.780042,2799825969,2799827315,15829,1346
29577.790567,2799835590,2799836934,15943,1344
29577.800330,2799845206,2799846574,15953,1368
29577.811603,2799854861,2799856235,15829,1374
29577.820333,2799864488,2799865858,15949,1370
29577.832327,2799874137,2799875511,15964,1374
29577.843170,2799883781,2799885152,15910,1371
29577.852334,2799893491,2799894854,15946,1363
29577.864210,2799903109,2799904479,15968,1370
29577.874724,2799912743,2799914117,15825,1374
29577.884329,2799922384,2799923757,15946,1373
29577.895769,2799932015,2799933383,15972,1368
29577.904329,2799941667,2799943012,15833,1345
29577.916330,2799951295,2799952662,15934,1367
29577.927333,2799960932,2799962303,15967,1371
29577.936333,2799970542,2799971914,15836,1372
29577.948331,2799980193,2799981571,15911,1378
29577.958893,2799989879,2799991249,16007,1370
29577.968327,2799999516,2800000884,15826,1368
29577.979925,2800009141,2800010509,15944,1368
29577.990451,2800018785,2800020129,15968,1344
29578.000330,2800028390,2800029764,15835,1374
29578.011486,2800037998,2800039367,15944,1369
29578.020335,2800047603,2800048970,15969,1367
29578.032327,2800057275,2800058650,15860,1375
29578.043045,2800066943,2800068315,15838,1372
29578.052333,2800076577,2800077945,15971,1368
29578.064085,2800086235,2800087607,15858,1372
29578.074604,2800095902,2800097269,15887,1367
29578.084329,2800105547,2800106890,15967,1343
29578.095643,2800115158,2800116526,15848,1368
29578.104328,2800124798,2800126171,15922,1373
29578.116330,2800134417,2800135785,15965,1368
29578.127203,2800144017,2800145388,15834,1371
29578.136329,2800153653,2800155027,15920,1374
29578.148251,2800163165,2800164535,15949,1370
29578.158767,2800172775,2800174144,15861,1369
29578.168329,2800182429,2800183797,15938,1368
29578.179811,2800192011,2800193354,15967,1343
29578.188332,2800201636,2800203001,15908,1365
29578.200330,2800211235,2800212604,15947,1369
29578.211371,2800220874,2800222217,15965,1343
29578.220335,2800230491,2800231860,15833,1369
29578.232328,2800240124,2800241496,15950,1372
29578.242930,2800249743,2800251115,15968,1372
29578.252330,2800259378,2800260748,15815,1370
29578.263965,2800268992,2800270332,15947,1340
29578.274492,2800278615,2800279989,15967,1374
29578.284328,2800288279,2800289652,15835,1373
29578.295527,2800297931,2800299304,15946,1373
29578.304327,2800307597,2800308967,15960,1370
29578.316331,2800317257,2800318630,15838,1373
29578.327086,2800326938,2800328313,15943,1375
29578.336330,2800336726,2800338101,15967,1375
29578.348122,2800346358,2800347733,15830,1375
29578.358647,2800356016,2800357392,15946,1376
29578.368327,2800365438,2800366805,15964,1367
29578.379683,2800375089,2800376433,15830,1344
29578.388329,2800384688,2800386061,15849,1373
29578.400329,2800394328,2800395701,15968,1373
29578.411244,2800403991,2800405362,15837,1371
29578.420331,2800413584,2800414958,15943,1374
29578.432290,2800423261,2800424635,15961,1374
29578.442804,2800432951,2800434324,15846,1373
29578.452330,2800442594,2800443964,15943,1370
29578.463850,2800452227,2800453571,15963,1344
29578.474365,2800461836,2800463180,15829,1344
29578.484328,2800471427,2800472796,15888,1369
29578.495411,2800481054,2800482431,15978,1377
29578.504330,2800490672,2800492046,15830,1374
29578.516333,2800500281,2800501624,15962,1343
29578.526971,2800509867,2800511213,15968,1346
29578.536333,2800519469,2800520811,15910,1342
29578.548007,2800529044,2800530387,15949,1343
29578.558533,2800538631,2800540005,15964,1374
29578.568332,2800548295,2800549669,15860,1374
29578.579566,2800557946,2800559324,15938,1378
29578.588329,2800567587,2800568962,15966,1375
29578.600330,2800577207,2800578586,15860,1379
29578.611126,2800586852,2800588223,15945,1371
29578.620332,2800596695,2800598063,15967,1368
29578.632163,2800606340,2800607684,15812,1344
29578.642689,2800615972,2800617350,15960,1378
29578.652330,2800625607,2800626982,15964,1375
29578.663726,2800635270,2800636648,15862,1378
29578.672335,2800644935,2800646305,15939,1370
29578.684330,2800654547,2800655917,15969,1370
29578.695287,2800664178,2800665558,15859,1380
29578.704329,2800673843,2800675214,15938,1371
29578.716330,2800683501,2800684870,16000,1369
29578.726844,2800693136,2800694508,15833,1372
29578.736332,2800702770,2800704137,15846,1367
29578.747891,2800712408,2800713787,15966,1379
29578.758404,2800722082,2800723459,15830,1377
29578.768333,2800731773,2800733145,15949,1372
29578.779453,2800741418,2800742792,15964,1374
29578.788326,2800751061,2800752434,15935,1373
29578.800328,2800760726,2800762095,16030,1369
29578.811012,2800770372,2800771745,16053,1373
29578.820328,2800780055,2800781426,15922,1371
29578.832046,2800789684,2800791054,16007,1370
29578.842572,2800799323,2800800696,16038,1373
29578.852327,2800808986,2800810360,15924,1374
29578.863606,2800818653,2800820027,16031,1374
29578.872331,2800828300,2800829668,16055,1368
29578.884329,2800837954,2800839322,15997,1368
29578.895167,2800847612,2800848982,15945,1370
29578.904329,2800857301,2800858674,15964,1373
29578.916203,2800866944,2800868319,15836,1375
29578.926729,2800876591,2800877963,15935,1372
29578.936335,2800886211,2800887579,15958,1368
29578.947763,2800895858,2800897230,15831,1372
29578.956329,2800905499,2800906873,15944,1374
29578.968328,2800915147,2800916515,15968,1368
29578.979324,2800924780,2800926153,15835,1373
29578.988329,2800934449,2800935823,15960,1374
29579.000329,2800944114,2800945492,15970,1378
29579.010884,2800953778,2800955154,15921,1376
29579.020331,2800963443,2800964816,16026,1373
29579.031931,2800973093,2800974466,16061,1373
29579.042445,2800982747,2800984123,15925,1376
29579.052327,2800992414,2800993790,16036,1376
29579.063491,2801002088,2801003462,16053,1374
29579.072331,2801011741,2801013108,15916,1367
29579.084329,2801021378,2801022746,15937,1368
29579.095052,2801031006,2801032374,16058,1368
29579.104329,2801040748,2801042122,15917,1374
29579.116086,2801050371,2801051740,16028,1369
29579.126613,2801060252,2801061624,16043,1372
29579.136330,2801069910,2801071285,15838,1375
29579.147646,2801079568,2801080942,15944,1374
29579.156328,2801089201,2801090573,15966,1372
29579.168328,2801098847,2801100217,15853,1370
29579.179204,2801108472,2801109844,15888,1372
29579.188328,2801118121,2801119490,15952,1369
29579.200243,2801127760,2801129127,15836,1367
29579.210767,2801137387,2801138755,15948,1368
29579.220327,2801147014,2801148382,15995,1368
29579.231811,2801156638,2801158015,16002,1377
29579.240333,2801166284,2801167657,15978,1373
29579.252330,2801175955,2801177332,16054,1377
29579.263364,2801185629,2801187006,15924,1377
29579.272329,2801195312,2801196702,16025,1390
29579.284328,2801204973,2801206342,16045,1369
29579.294924,2801214618,2801215993,15922,1375
29579.304330,2801224270,2801225640,16036,1370
29579.315971,2801233920,2801235289,16055,1369
29579.327982,2801244794,2801246166,15904,1372
29579.338515,2801254485,2801255861,15965,1376
29579.348330,2801264145,2801265520,15907,1375
29579.359549,2801273773,2801275147,16011,1374
29579.368331,2801283437,2801284809,16057,1372
29579.380333,2801293071,2801294448,15989,1377
29579.391110,2801302702,2801304071,16035,1369
29579.400334,2801312528,2801313901,16055,1373
29579.412149,2801322168,2801323542,15951,1374
29579.422670,2801331824,2801333198,16035,1374
29579.432328,2801341528,2801342901,16061,1373
29579.443706,2801351167,2801352546,15920,1379
29579.452329,2801360807,2801362183,16037,1376
29579.464333,2801370484,2801371854,15966,1370
29579.475267,2801380142,2801381518,15837,1376
29579.484334,2801389773,2801391142,15961,1369
29579.496314,2801399417,2801400789,15963,1372
29579.506828,2801409066,2801410435,15823,1369
29579.516328,2801418723,2801420099,15945,1376
29579.527875,2801428355,2801429728,15966,1373
29579.538388,2801438021,2801439396,15834,1375
29579.548328,2801447663,2801449033,15946,1370
29579.559434,2801457316,2801458691,15968,1375
29579.568330,2801466944,2801468312,15829,1368
29579.580328,2801476612,2801477955,15849,1343
29579.590995,2801486241,2801487612,15966,1371
29579.600328,2801495907,2801497276,15837,1369
29579.612030,2801505569,2801506941,15946,1372
29579.622556,2801515234,2801516608,15968,1374
29579.632328,2801524897,2801526267,15849,1370
29579.643589,2801534562,2801535931,15946,1369
29579.652333,2801544226,2801545594,15965,1368
29579.664334,2801553877,2801555248,15835,1371
29579.675151,2801563508,2801564883,15947,1375
29579.684333,2801573067,2801574441,15956,1374
29579.696187,2801582739,2801584110,15835,1371
29579.706711,2801592371,2801593743,15945,1372
29579.716327,2801601982,2801603352,15959,1370
29579.727754,2801611615,2801612983,15911,1368
29579.736332,2801621280,2801622649,15944,1369
29579.748331,2801630897,2801632266,15966,1369
29579.759307,2801640558,2801641931,15832,1373
29579.768336,2801650207,2801651576,15945,1369
29579.780328,2801659862,2801661230,15969,1368
29579.790867,2801669488,2801670864,15911,1376
29579.800333,2801679119,2801680494,15971,1375
29579.811914,2801688781,2801690151,16055,1370
29579.822429,2801698423,2801699797,15920,1374
29579.832328,2801708097,2801709471,16052,1374
29579.843475,2801717749,2801719124,16049,1375
29579.852329,2801727416,2801728785,15924,1369
29579.864332,2801737056,2801738424,16029,1368
29579.875035,2801746711,2801748084,16049,1373
29579.884329,2801756373,2801757752,15919,1379
29579.896069,2801766052,2801767422,16030,1370
29579.906596,2801775569,2801776937,15968,1368
29579.916329,2801785187,2801786557,15833,1370
29579.927629,2801794827,2801796201,15853,1374
29579.936328,2801804449,2801805824,15965,1375
29579.948328,2801814161,2801815532,15833,1371
29579.959190,2801823808,2801825183,15944,1375
29579.968331,2801833509,2801834885,15969,1376
29579.980227,2801843151,2801844525,15851,1374
29579.990751,2801852790,2801854156,15930,1366
29580.000327,2801862487,2801863865,15957,1378
29580.011787,2801872140,2801873512,15836,1372
29580.020331,2801881802,2801883172,15940,1370
29580.032330,2801891454,2801892823,15952,1369
29580.043347,2801901100,2801902472,15828,1372
29580.052332,2801910766,2801912140,15942,1374
29580.064328,2801920412,2801921755,15971,1343
29580.074915,2801930022,2801931396,15899,1374
29580.084328,2801939676,2801941047,15950,1371
29580.095954,2801949372,2801950745,15964,1373
29580.106469,2801959022,2801960405,15838,1383
29580.116328,2801968691,2801970059,15944,1368
29580.127514,2801978334,2801979707,15969,1373
29580.136331,2801987968,2801989336,15833,1368
29580.148336,2801997438,2801998807,15959,1369
29580.159075,2802007109,2802008490,15961,1381
29580.168328,2802016862,2802018235,15838,1373
29580.180111,2802026502,2802027870,15961,1368
29580.190635,2802036179,2802037552,15967,1373
29580.200328,2802045812,2802047180,15836,1368
29580.211670,2802055465,2802056837,15942,1372
29580.220327,2802065126,2802066495,15964,1369
29580.232332,2802074800,2802076176,15835,1376
29580.243230,2802084466,2802085835,15942,1369
29580.252329,2802094122,2802095492,15981,1370
29580.264269,2802103733,2802105101,15860,1368
29580.274790,2802113396,2802114771,15841,1375
29580.284327,2802123082,2802124452,15965,1370
29580.295827,2802132729,2802134103,15837,1374
29580.306351,2802142367,2802143752,15946,1385
29580.316328,2802152008,2802153386,15961,1378
29580.327387,2802161655,2802163025,15852,1370
29580.336328,2802171313,2802172686,15939,1373
29580.348328,2802181037,2802182405,15978,1368
29580.358948,2802190745,2802192123,15838,1378
29580.368329,2802200477,2802201851,15944,1374
29580.379995,2802210169,2802211542,15942,1373
29580.390508,2802219851,2802221230,15831,1379
29580.400328,2802229557,2802230930,15947,1373
29580.411555,2802239290,2802240667,15969,1377
29580.420330,2802248963,2802250331,15913,1368
29580.432330,2802258623,2802259996,15946,1373
29580.443115,2802268266,2802269637,15968,1371
29580.452327,2802277980,2802279349,15833,1369
29580.464149,2802287615,2802288984,15946,1369
29580.474674,2802297271,2802298644,15966,1373
29580.484331,2802306924,2802308294,15836,1370
29580.495710,2802316599,2802317968,15948,1369
29580.504335,2802326279,2802327654,15969,1375
29580.516327,2802335924,2802337298,15859,1374
29580.527272,2802345573,2802346941,15960,1368
29580.536329,2802355222,2802356595,15964,1373
29580.548307,2802364888,2802366262,15836,1374
29580.558831,2802374566,2802375939,15943,1373
29580.568329,2802384221,2802385589,15965,1368
29580.579867,2802393875,2802395249,15831,1374
29580.590392,2802403529,2802404900,15949,1371
29580.600333,2802413156,2802414531,15964,1375
29580.611427,2802422828,2802424198,15831,1370
29580.620330,2802432517,2802433888,15851,1371
29580.632329,2802442168,2802443547,15956,1379
29580.642988,2802451694,2802452953,15792,1259
29580.652330,2802460675,2802461807,15582,1132
29580.664035,2802468693,2802469798,15359,1105
29580.674548,2802476417,2802477502,15101,1085
29580.684333,2802484004,2802485072,14922,1068
29580.695595,2802491415,2802492427,14737,1012
29580.704329,2802498694,2802499658,14594,964
29580.716328,2802505724,2802506614,14415,890
29580.727156,2802512567,2802513449,14332,882
29580.736330,2802519303,2802520183,14090,880
29580.748189,2802525893,2802526774,14187,881
29580.758717,2802532347,2802533219,14159,872
29580.768331,2802538635,2802539510,14121,875
29580.779751,2802544883,2802545750,14075,867
29580.788333,2802551102,2802551967,14030,865
29580.800328,2802557447,2802558324,14021,877
29580.811311,2802563615,2802564490,14102,875
29580.820328,2802569960,2802570835,14239,875
29580.832332,2802576328,2802577204,14107,876
29580.842873,2802582897,2802583777,14311,880
29580.852328,2802589639,2802590526,14403,887
29580.863910,2802596583,2802597545,14556,962
29580.874432,2802603696,2802604688,14722,992
29580.884332,2802611075,2802612098,14929,1023
29580.895470,2802618559,2802619643,15058,1084
29580.904329,2802626240,2802627343,15310,1103
29580.916331,2802634098,2802635219,15567,1121
29580.927030,2802642439,2802643617,15710,1178
29580.936331,2802651836,2802653184,15957,1348
29580.948076,2802661466,2802662806,15962,1340
29580.960086,2802672286,2802673654,15908,1368
29580.970618,2802681908,2802683277,16023,1369
29580.980329,2802691556,2802692893,15828,1337
29580.991653,2802701111,2802702435,15951,1324
29581.000332,2802710652,2802711996,15967,1344
29581.012334,2802720259,2802721626,15811,1367
29581.023215,2802729888,2802731255,15959,1367
29581.032327,2802739569,2802740939,15971,1370
29581.044253,2802749181,2802750556,15852,1375
29581.054774,2802758835,2802760205,15947,1370
29581.064327,2802768485,2802769860,15969,1375
29581.075810,2802778144,2802779512,15811,1368
29581.086335,2802787799,2802789172,15946,1373
29581.096330,2802797455,2802798828,15990,1373
29581.107370,2802807090,2802808457,15808,1367
29581.116330,2802816742,2802818115,15843,1373
29581.128329,2802826392,2802827763,15973,1371
29581.138931,2802836021,2802837410,15830,1389
29581.148330,2802845703,2802847074,15939,1371
29581.159978,2802855343,2802856717,15966,1374
29581.170495,2802865045,2802866421,15872,1376
29581.180328,2802874681,2802876050,15937,1369
29581.191539,2802884316,2802885686,15971,1370
29581.200329,2802893970,2802895340,15835,1370
29581.212328,2802903593,2802904960,15920,1367
29581.223099,2802913232,2802914604,15955,1372
29581.232327,2802922987,2802924362,15861,1375
29581.244133,2802932637,2802934008,15937,1371
29581.254659,2802942275,2802943651,15971,1376
29581.264328,2802951940,2802953310,15897,1370
29581.275694,2802961594,2802962962,15920,1368
29581.284334,2802971255,2802972633,15967,1378
29581.296331,2802980914,2802982283,15832,1369
29581.307254,2802990545,2802991912,15943,1367
29581.316328,2803000342,2803001711,15966,1369
29581.328290,2803009993,2803011371,15832,1378
29581.338814,2803019675,2803021051,15946,1376
29581.348333,2803029322,2803030697,15970,1375
29581.359850,2803038979,2803040353,15831,1374
29581.370377,2803048632,2803050013,15953,1381
29581.380331,2803058113,2803059369,15954,1256
29581.391411,2803067442,2803068701,15813,1259
29581.400327,2803076703,2803077879,15759,1176
29581.412332,2803085732,2803086964,15958,1232
29581.422972,2803094925,2803096179,15821,1254
29581.432328,2803104209,2803105460,15933,1251
29581.444018,2803113519,2803114729,15955,1210
29581.454531,2803122748,2803123955,15806,1207
29581.464329,2803132164,2803133393,15755,1229
29581.475580,2803141659,2803142916,15906,1257
29581.484327,2803151158,2803152388,15839,1230
29581.496332,2803160458,2803161831,15857,1373
29581.507139,2803170059,2803171433,16041,1374
29581.516332,2803179656,2803180905,15774,1249
29581.528176,2803189145,2803190518,15939,1373
29581.538701,2803198793,2803199997,15957,1204
29581.548329,2803208053,2803209424,15747,1371
29581.559733,2803217564,2803218938,15849,1374
29581.568328,2803227174,2803228549,15959,1375
29581.580333,2803236819,2803238081,15827,1262
29581.591291,2803246289,2803247663,15885,1374
29581.600328,2803255895,2803257146,15851,1251
29581.612330,2803265250,2803266621,15841,1371
29581.622854,2803274842,2803276077,15882,1235
29581.632331,2803284224,2803285598,15920,1374
29581.643893,2803293691,2803295066,15764,1375
29581.654414,2803303317,2803304545,15907,1228
29581.664329,2803312816,2803314186,15971,1370
29581.675453,2803322409,2803323641,15796,1232
29581.684335,2803331900,2803333107,15875,1207
29581.696329,2803341345,2803342713,15952,1368
29581.707014,2803350932,2803352311,15858,1379
29581.716329,2803360541,2803361797,15835,1256
29581.728058,2803370045,2803371415,15983,1370
29581.738572,2803379655,2803380883,15707,1228
29581.748327,2803389095,2803390351,15832,1256
29581.759619,2803398454,2803399831,15879,1377
29581.768333,2803408046,2803409421,15947,1375
29581.780329,2803417400,2803418774,15850,1374
29581.791180,2803427016,2803428248,15924,1232
29581.800329,2803436478,2803437732,15794,1254
29581.812211,2803445988,2803447248,15729,1260
29581.822740,2803455475,2803456847,15979,1372
29581.832328,2803465087,2803466317,15795,1230
29581.843773,2803474436,2803475811,15903,1375
29581.852330,2803484056,2803485426,15948,1370
29581.864330,2803493521,2803494895,15754,1374
29581.875333,2803503125,2803504381,15855,1256
29581.884329,2803512484,2803513856,15887,1372
29581.896329,2803522120,2803523488,15849,1368
29581.906896,2803531710,2803533078,16047,1368
29581.916333,2803541330,2803542708,16058,1378
29581.927931,2803550908,2803552283,15920,1375
29581.938455,2803560407,2803561785,15858,1378
29581.948334,2803570012,2803571268,15947,1256
29581.959498,2803579538,2803580794,15810,1256
29581.968329,2803588896,2803590272,15854,1376
29581.980334,2803598536,2803599909,15995,1373
29581.991054,2803608033,2803609409,15771,1376
29582.000334,2803617719,2803618975,15893,1256
29582.012098,2803627053,2803628427,15941,1374
29582.022612,2803636677,2803638047,15836,1370
29582.032328,2803646160,2803647536,15861,1376
29582.043659,2803655597,2803656857,15959,1260
29582.052327,2803665005,2803666372,15811,1367
29582.064328,2803674598,2803675968,15933,1370
29582.075219,2803684114,2803685487,15968,1373
29582.084333,2803693620,2803694995,15783,1375
29582.096253,2803703216,2803704469,15812,1253
29582.106778,2803712668,2803714038,15951,1370
29582.116336,2803722233,2803723460,15743,1227
29582.127810,2803731722,2803732958,15859,1236
29582.136334,2803741088,2803742461,15971,1373
29582.148332,2803750733,2803752106,15858,1373
29582.159372,2803760336,2803761709,15955,1373
29582.168327,2803769939,2803771310,15959,1371
29582.180333,2803779408,2803780779,15775,1371
29582.190934,2803789038,2803790267,15876,1229
29582.200335,2803798414,2803799782,15875,1368
29582.211973,2803808016,2803809247,15808,1231
29582.222495,2803817371,2803818744,15896,1373
29582.232327,2803826855,2803828231,15952,1376
29582.243534,2803836344,2803837719,15820,1375
29582.252329,2803845959,2803847191,15787,1232
29582.264329,2803855286,2803856664,15966,1378
29582.275094,2803864906,2803866284,15947,1378
29582.284328,2803874562,2803875817,15830,1255
29582.296140,2803884074,2803885312,15916,1238
29582.306660,2803893448,2803894817,15812,1369
29582.316331,2803903069,2803904324,15888,1255
29582.327699,2803912457,2803913717,15874,1260
29582.336326,2803921962,2803923220,15777,1258
29582.348331,2803931473,2803932844,15892,1371
29582.359259,2803940964,2803942336,15881,1372
29582.368331,2803950454,2803951834,15765,1380
29582.380294,2803959975,2803961350,15880,1375
29582.390821,2803969677,2803971051,16012,1374
29582.400327,2803979174,2803980544,15753,1370
29582.411854,2803988788,2803990132,15924,1344
29582.422380,2803998287,2803999662,15944,1375
29582.432328,2804007788,2804009043,15809,1255
29582.443415,2804017278,2804018658,15935,1380
29582.452330,2804026864,2804028241,15959,1377
29582.464331,2804036481,2804037857,15962,1376
29582.474974,2804045995,2804047364,15887,1369
29582.484334,2804055627,2804057000,15954,1373
29582.496010,2804065255,2804066486,15727,1231
29582.506535,2804074633,2804076009,15740,1376
29582.516332,2804084194,2804085561,15877,1367
29582.527571,2804093824,2804095078,15756,1254
29582.536333,2804103159,2804104533,15868,1374
29582.548331,2804112743,2804114116,15958,1373
29582.559134,2804122275,2804123650,15775,1375
29582.568328,2804131911,2804133285,15871,1374
29582.580179,2804141513,2804142745,15931,1232
29582.590682,2804150893,2804152159,15671,1266
29582.600327,2804160259,2804161633,15819,1374
29582.611739,2804169857,2804171227,15955,1370
29582.620336,2804179447,2804180703,15835,1256
29582.632331,2804188798,2804190166,15854,1368
29582.643299,2804198302,2804199676,15915,1374
29582.652330,2804207812,2804209179,15858,1367
29582.664334,2804217395,2804218765,15935,1370
29582.674862,2804227012,2804228271,15862,1259
29582.684330,2804236495,2804237725,15838,1230
29582.695894,2804245813,2804247188,15889,1375
29582.706420,2804255364,2804256737,15887,1373
29582.716331,2804264963,2804266342,15864,1379
29582.727455,2804274454,2804275827,15852,1373
29582.736330,2804284041,2804285413,15949,1372
29582.748330,2804293627,2804294886,15817,1259
29582.759016,2804303007,2804304381,15883,1374
29582.768329,2804312701,2804313932,15934,1231
29582.780054,2804322181,2804323440,15818,1259
29582.790572,2804331681,2804332935,15848,1254
29582.800331,2804341217,2804342586,15977,1369
29582.811612,2804350871,2804352131,15782,1260
29582.820327,2804360396,2804361770,15939,1374
29582.832334,2804370018,2804371267,15924,1249
29582.843174,2804379497,2804380870,15863,1373
29582.852331,2804389146,2804390401,15828,1255
29582.864221,2804398626,2804399882,15867,1256
29582.874732,2804408086,2804409318,15777,1232
29582.884335,2804417538,2804418907,15936,1369
29582.895779,2804426998,2804428370,15968,1372
29582.904328,2804436603,2804437971,15955,1368
29582.916331,2804446127,2804447503,15885,1376
29582.927338,2804455734,2804457101,15953,1367
29582.936335,2804465331,2804466585,15799,1254
29582.948330,2804474701,2804476070,15834,1369
29582.958902,2804484335,2804485594,15927,1259
29582.968329,2804493863,2804495093,15787,1230
29582.979931,2804503360,2804504614,15775,1254
29582.990460,2804512733,2804514102,15881,1369
29583.000329,2804522247,2804523622,15843,1375
29583.011494,2804531902,2804533134,15889,1232
29583.020334,2804541348,2804542584,15916,1236
29583.032332,2804550840,2804552216,15960,1376
29583.043055,2804560442,2804561672,15850,1230
29583.052334,2804570014,2804571385,15993,1371
29583.064091,2804579605,2804580975,15926,1370
29583.074615,2804589228,2804590458,15771,1230
29583.084327,2804598678,2804599938,15963,1260
29583.095654,2804608055,2804609429,15797,1374
29583.104334,2804617564,2804618939,15817,1375
29583.116330,2804627043,2804628418,15894,1375
29583.127214,2804636675,2804637909,15740,1234
29583.136327,2804646185,2804647443,15875,1258
29583.148258,2804655554,2804656932,15898,1378
29583.158775,2804665159,2804666527,15865,1368
29583.168331,2804674641,2804676016,15822,1375
29583.179818,2804684141,2804685509,15870,1368
29583.188334,2804693648,2804695022,15806,1374
29583.200332,2804703264,2804704544,15735,1280
29583.211382,2804712814,2804714075,15922,1261
29583.220333,2804722255,2804723627,15815,1372
29583.232330,2804731798,2804733167,15861,1369
29583.242940,2804741411,2804742785,15943,1374
29583.252332,2804750878,2804752252,15831,1374
29583.263974,2804760531,2804761763,15908,1232
29583.274503,2804769972,2804771234,15891,1262
29583.284328,2804779462,2804780718,15791,1256
29583.295532,2804788962,2804790218,15826,1256
29583.304330,2804798327,2804799698,15973,1371
29583.316328,2804807951,2804809320,15854,1369
29583.327095,2804817433,2804818808,15822,1375
29583.336334,2804827090,2804828466,15893,1376
29583.348139,2804836565,2804837940,15837,1375
29583.358655,2804846096,2804847466,15927,1370
29583.368329,2804855610,2804856980,15917,1370
29583.379694,2804865095,2804866465,15797,1370
29583.388331,2804874686,2804875915,15905,1229
29583.400331,2804884031,2804885408,15898,1377
29583.411257,2804893324,2804894702,15796,1378
29583.420329,2804902849,2804904225,15934,1376
29583.432300,2804912402,2804913777,15911,1375
29583.442815,2804921896,2804923266,15787,1370
29583.452332,2804931506,2804932881,15932,1375
29583.463858,2804941087,2804942463,15948,1376
29583.474376,2804950691,2804952060,15942,1369
29583.484328,2804960159,2804961537,15910,1378
29583.495420,2804969750,2804971005,15918,1255
29583.504328,2804979238,2804980497,15766,1259
29583.516332,2804988704,2804990071,15938,1367
29583.526980,2804998207,2804999468,15871,1261
29583.536327,2805007640,2805009018,15810,1378
29583.548013,2805017172,2805018542,15779,1370
29583.558540,2805026765,2805028139,15964,1374
29583.568336,2805036265,2805037643,15755,1378
29583.579574,2805045889,2805047096,15888,1207
29583.588330,2805055173,2805056540,15880,1367
29583.600329,2805064680,2805066050,15754,1370
29583.611132,2805074327,2805075713,15905,1386
29583.620328,2805083986,2805085247,15850,1261
29583.632172,2805093441,2805094673,15810,1232
29583.642695,2805102822,2805104193,15947,1371
29583.652329,2805112467,2805113775,15905,1308
29583.663734,2805121926,2805123300,15838,1374
29583.672330,2805131525,2805132899,15921,1374
29583.684328,2805140997,2805142251,15872,1254
29583.695300,2805150501,2805151875,15916,1374
29583.704328,2805159920,2805161293,15856,1373
29583.716332,2805169557,2805170932,16041,1375
29583.726856,2805179058,2805180434,15793,1376
29583.736331,2805188691,2805190069,15999,1378
29583.747898,2805198203,2805199572,15877,1369
29583.758416,2805207683,2805209062,15761,1379
29583.768333,2805217310,2805218568,15832,1258
29583.779461,2805226846,2805228075,15847,1229
29583.788330,2805236299,2805237531,15849,1232
29583.800332,2805245781,2805247036,15850,1255
29583.811021,2805255306,2805256511,15922,1205
29583.820331,2805264687,2805266055,15771,1368
29583.832056,2805274328,2805275703,15925,1375
29583.842583,2805283993,2805285252,15959,1259
29583.852330,2805293492,2805294746,15719,1254
29583.863615,2805302868,2805304239,15833,1371
29583.872330,2805312385,2805313759,15906,1374
29583.884331,2805321894,2805323274,15767,1380
29583.895173,2805331395,2805332775,15815,1380
29583.904328,2805340836,2805342210,15883,1374
29583.916214,2805350342,2805351720,15802,1378
29583.926735,2805359979,2805361212,15872,1233
29583.936327,2805369474,2805370852,15968,1378
29583.947772,2805379077,2805380354,15729,1277
29583.956330,2805388499,2805389877,15884,1378
29583.968331,2805398092,2805399464,15960,1372
29583.979335,2805407621,2805408999,15779,1378
29583.988328,2805417166,2805418398,15845,1232
29584.000330,2805426664,2805428036,15956,1372
29584.010893,2805436300,2805437557,15748,1257
29584.020331,2805445765,2805447142,15932,1377
29584.031942,2805455309,2805456566,15899,1257
29584.042461,2805464848,2805466085,15783,1237
29584.052335,2805474397,2805475608,15818,1211
29584.063500,2805483719,2805484979,15987,1260
29584.072331,2805493243,2805494476,15771,1233
29584.084327,2805502719,2805504098,16006,1379
29584.095064,2805512328,2805513584,15992,1256
29584.104329,2805521895,2805523128,15693,1233
29584.116092,2805531394,2805532626,15835,1232
29584.126621,2805540815,2805542190,15891,1375
29584.136331,2805550424,2805551680,15718,1256
29584.147656,2805559944,2805561321,16025,1377
29584.156332,2805569445,2805570816,15888,1371
29584.168329,2805578894,2805580264,15802,1370
29584.179215,2805588406,2805589778,15864,1372
29584.188328,2805598005,2805599237,15949,1232
29584.200252,2805607490,2805608860,15828,1370
29584.210778,2805617105,2805618480,15930,1375
29584.220331,2805626711,2805627968,15898,1257
29584.231812,2805636215,2805637446,15714,1231
29584.242335,2805645742,2805647111,15952,1369
29584.252331,2805655244,2805656634,15889,1390
29584.263375,2805664863,2805666124,15786,1261
29584.272329,2805674382,2805675612,15844,1230
29584.284331,2805683866,2805685104,15932,1238
29584.294932,2805693343,2805694573,15699,1230
29584.304333,2805702820,2805704051,15799,1231
29584.315980,2805712300,2805713559,15869,1259
29584.326493,2805721834,2805723091,15827,1257
29584.336333,2805731335,2805732591,15857,1256
29584.347541,2805740747,2805742123,15915,1376
29584.356333,2805750380,2805751641,15720,1261
29584.368335,2805759898,2805761131,15850,1233
29584.379099,2805769366,2805770738,15952,1372
29584.388330,2805778998,2805780261,15903,1263
29584.400131,2805788505,2805789766,15830,1261
29584.410661,2805797932,2805799192,15988,1260
29584.420330,2805807392,2805808771,15749,1379
29584.431697,2805816951,2805818333,15852,1382
29584.440335,2805826616,2805827991,15990,1375
29584.452328,2805836247,2805837507,15781,1260
29584.463255,2805845701,2805846963,15771,1262
29584.472329,2805855211,2805856471,15872,1260
29584.484295,2805864715,2805865974,15783,1259
29584.494817,2805874211,2805875589,15941,1378
29584.504328,2805883815,2805885073,15872,1258
29584.515852,2805893322,2805894581,15724,1259
29584.526376,2805902820,2805904051,15804,1231
29584.536328,2805912181,2805913554,15877,1373
29584.547416,2805921734,2805923111,15853,1377
29584.556329,2805931331,2805932586,15806,1255
29584.568333,2805940869,2805942125,15930,1256
29584.578976,2805950239,2805951612,15744,1373
29584.588333,2805959842,2805961075,15792,1233
29584.600020,2805969319,2805970687,15974,1368
29584.610534,2805978947,2805980207,15726,1260
29584.620332,2805988351,2805989719,15889,1368
29584.631582,2805998084,2805999313,15936,1229
29584.640328,2806007446,2806008815,15767,1369
29584.652335,2806017087,2806018347,15870,1260
29584.663141,2806026600,2806027831,15917,1231
29584.672328,2806035998,2806037376,15784,1378
29584.684175,2806045603,2806046865,15845,1262
29584.694702,2806055095,2806056463,15952,1368
29584.704333,2806064686,2806065945,15816,1259
29584.715735,2806074087,2806075455,15825,1368
29584.724328,2806083589,2806084964,15903,1375
29584.736335,2806093226,2806094456,15795,1230
29584.747295,2806102675,2806103906,15882,1231
29584.756329,2806112198,2806113459,15928,1261
29584.768328,2806121718,2806122927,15782,1209
29584.778853,2806131196,2806132457,15780,1261
29584.788332,2806140574,2806141948,15939,1374
29584.799892,2806150210,2806151469,15750,1259
29584.810416,2806159625,2806160996,15858,1371
29584.820335,2806169154,2806170530,15908,1376
29584.831455,2806178658,2806180028,15803,1370
29584.840332,2806188161,2806189395,15849,1234
29584.852336,2806197542,2806198920,15874,1378
29584.863016,2806207083,2806208462,15797,1379
29584.872329,2806216736,2806217996,15916,1260
29584.884062,2806226268,2806227528,15900,1260
29584.894576,2806235668,2806237039,15778,1371
29584.904327,2806245305,2806246564,15891,1259
29584.915621,2806254789,2806256164,15967,1375
29584.924333,2806264407,2806265691,15823,1284
29584.936332,2806273818,2806275191,15789,1373
29584.947181,2806283349,2806284581,15874,1232
29584.956328,2806292731,2806294107,15796,1376
29584.968214,2806302233,2806303601,15864,1368
29584.978741,2806311745,2806313126,15875,1381
29584.988330,2806321231,2806322599,15777,1368
29584.999775,2806330731,2806332101,15843,1370
29585.008328,2806340360,2806341592,15900,1232
29585.020329,2806349859,2806351115,15741,1256
29585.031336,2806359222,2806360600,15833,1378
29585.040330,2806368880,2806370255,15977,1375
29585.052331,2806378367,2806379744,15774,1377
29585.062896,2806387986,2806389244,15797,1258
29585.072331,2806397503,2806398767,15878,1264
29585.083940,2806407054,2806408423,15904,1369
29585.094456,2806416515,2806417886,15897,1371
29585.104332,2806426015,2806427385,15895,1370
29585.115496,2806435532,2806436912,15746,1380
29585.124328,2806445075,2806446454,15863,1379
29585.136332,2806454552,2806455927,15923,1375
29585.147056,2806464092,2806465460,15828,1368
29585.156327,2806473789,2806475073,15804,1284
29585.168100,2806483346,2806484606,15927,1260
29585.178616,2806492719,2806494093,15835,1374
29585.188327,2806502367,2806503651,15835,1284
29585.199661,2806511829,2806513059,15941,1230
29585.208329,2806521312,2806522688,15830,1376
29585.220331,2806530901,2806532271,15918,1370
29585.231221,2806540518,2806541779,15952,1261
29585.240328,2806549917,2806551292,15748,1375
29585.252255,2806559484,2806560861,15881,1377
29585.262781,2806568977,2806570354,15915,1377
29585.272328,2806578572,2806579951,15780,1379
29585.283813,2806588054,2806589429,15852,1375
29585.294342,2806597571,2806598830,15985,1259
29585.304328,2806607008,2806608383,15744,1375
29585.315373,2806616628,2806617890,15820,1262
29585.324331,2806626130,2806627504,15977,1374
29585.336327,2806635772,2806637024,15705,1252
29585.346936,2806645262,2806646637,15920,1375
29585.356332,2806654773,2806656154,15934,1381
29585.367981,2806664336,2806665714,15824,1378
29585.378497,2806673847,2806675226,15793,1379
29585.388329,2806683535,2806684823,15900,1288
29585.399541,2806693099,2806694474,15919,1375
29585.408330,2806702670,2806704047,15801,1377
29585.420330,2806712342,2806713602,15856,1260
29585.431101,2806721897,2806723158,15850,1261
29585.440328,2806731493,2806732863,15824,1370
29585.452141,2806741189,2806742441,15915,1252
29585.462654,2806750713,2806751970,15793,1257
29585.472330,2806760212,2806761489,15834,1277
29585.483701,2806769724,2806771093,16081,1369
29585.492332,2806779356,2806780735,15961,1379
29585.504330,2806788983,2806790216,15837,1233
29585.515261,2806798326,2806799698,15880,1372
29585.524332,2806807833,2806809206,15819,1373
29585.536295,2806817332,2806818706,15879,1374
29585.546822,2806826976,2806828236,15870,1260
29585.556332,2806836350,2806837557,15703,1207
29585.567855,2806845712,2806847093,15851,1381
29585.578383,2806855347,2806856605,15904,1258
29585.588336,2806864862,2806866145,15752,1283
29585.599417,2806874396,2806875630,15861,1234
29585.608328,2806883881,2806885255,15963,1374
29585.620331,2806893488,2806894861,15863,1373
29585.630977,2806903034,2806904413,15761,1379
29585.640334,2806912639,2806913900,15914,1261
29585.652016,2806921956,2806923332,15869,1376
29585.662536,2806931446,2806932817,15915,1371
29585.672333,2806940989,2806942368,15940,1379
29585.683574,2806950484,2806951715,15706,1231
29585.692328,2806959988,2806961242,15841,1254
29585.704329,2806969406,2806970782,15865,1376
29585.715136,2806979057,2806980295,15827,1238
29585.724331,2806988612,2806989867,15853,1255
29585.736181,2806998098,2806999356,15961,1258
29585.746693,2807007625,2807008881,15736,1256
29585.756330,2807017167,2807018477,15795,1310
29585.767740,2807026621,2807027992,15858,1371
29585.776329,2807036175,2807037546,15790,1371
29585.788329,2807045783,2807047158,15923,1375
29585.799302,2807055281,2807056657,15929,1376
29585.808327,2807064838,2807066210,15772,1372
29585.820329,2807074434,2807075694,15806,1260
29585.830861,2807083888,2807085257,15926,1369
29585.840328,2807093512,2807094773,15734,1261
29585.851898,2807102944,2807104316,15888,1372
29585.862423,2807112598,2807113859,15887,1261
29585.872329,2807122115,2807123346,15766,1231
29585.883453,2807131620,2807132875,15838,1255
29585.892330,2807141109,2807142363,15907,1254
29585.904330,2807150628,2807152005,15853,1377
29585.915016,2807160231,2807161485,15799,1254
29585.924331,2807169774,2807171034,15907,1260
29585.936055,2807179277,2807180537,15708,1260
29585.960332,2807194776,2807195431,12085,655
29585.972131,2807199401,2807200055,11863,654
29585.982645,2807207316,2807208579,15964,1263
29585.992327,2807216847,2807218221,16084,1374
29586.003690,2807226555,2807227928,15995,1373
29586.012327,2807236254,2807237640,15920,1386
29586.024330,2807245995,2807247377,16073,1382
29586.035249,2807255672,2807257049,16007,1377
29586.044328,2807265335,2807266715,15928,1380
29586.056289,2807275010,2807276389,16086,1379
29586.066811,2807284747,2807286116,16009,1369
29586.076327,2807294420,2807295799,15904,1379
29586.087848,2807304122,2807305498,16070,1376
29586.098369,2807313800,2807315170,15995,1370
29586.108328,2807323522,2807324903,15934,1381
29586.119410,2807333224,2807334598,16081,1374
29586.128328,2807342872,2807344156,15910,1284
29586.140329,2807352256,2807353517,15729,1261
29586.150970,2807361669,2807362930,15869,1261
29586.160333,2807371042,2807372304,15812,1262
29586.172004,2807380430,2807381805,15802,1375
29586.182533,2807390080,2807391340,15866,1260
29586.192327,2807399475,2807400850,15824,1375
29586.203565,2807409069,2807410299,15742,1230
29586.212336,2807418485,2807419859,15970,1374
29586.224328,2807428098,2807429331,15811,1233
29586.235125,2807437566,2807438824,15764,1258
29586.244331,2807447041,2807448416,15922,1375
29586.256171,2807456650,2807457910,15822,1260
29586.266687,2807466222,2807467432,15782,1210
29586.276328,2807475624,2807476996,15919,1372
29586.287732,2807485261,2807486521,15827,1260
29586.296330,2807494705,2807496083,15757,1378
29586.308332,2807504261,2807505546,15898,1285
29586.319292,2807513823,2807515105,15878,1282
29586.328328,2807523245,2807524530,15722,1285
29586.340329,2807532810,2807534095,15926,1285
29586.350850,2807542319,2807543693,15921,1374
29586.360331,2807551896,2807553273,15858,1377
29586.371890,2807561536,2807562913,15975,1377
29586.382414,2807571169,2807572427,15895,1258
29586.392329,2807580705,2807581965,15735,1260
29586.403450,2807590132,2807591506,15913,1374
29586.412328,2807599760,2807601023,15855,1263
29586.424328,2807609275,2807610532,15744,1257
29586.435010,2807618705,2807620082,15964,1377
29586.444333,2807628351,2807629607,15853,1256
29586.456044,2807636057,2807637430,15817,1373
29586.468073,2807646962,2807648338,15886,1376
29586.478586,2807656630,2807657891,15753,1261
29586.488329,2807666170,2807667540,15970,1370
29586.499633,2807675711,2807677086,15839,1375
29586.508331,2807685257,2807686626,15774,1369
29586.520330,2807694761,2807696132,15944,1371
29586.531196,2807704395,2807705655,15888,1260
29586.540328,2807713957,2807715241,15783,1284
29586.552232,2807723379,2807724751,15935,1372
29586.562756,2807733020,2807734301,15871,1281
29586.572330,2807742560,2807743841,15727,1281
29586.583793,2807752107,2807753337,15953,1230
29586.592330,2807761603,2807762864,15861,1261
29586.604334,2807771111,2807772489,15943,1378
29586.615353,2807780636,2807782009,15924,1373
29586.624328,2807790239,2807791501,15816,1262
29586.636334,2807799622,2807800998,15774,1376
29586.646913,2807809144,2807810520,15964,1376
29586.656331,2807818649,2807820026,15846,1377
29586.667948,2807828216,2807829589,15783,1373
29586.678474,2807837820,2807839199,15972,1379
29586.688328,2807847409,2807848669,15829,1260
29586.699508,2807856943,2807858206,15819,1263
29586.708331,2807866488,2807867862,15974,1374
29586.720328,2807876028,2807877405,15825,1377
29586.731069,2807885531,2807886900,15811,1369
29586.740327,2807895350,2807896729,15973,1379
29586.752113,2807904847,2807906218,15847,1371
29586.762628,2807914341,2807915719,15825,1378
29586.772329,2807923631,2807925007,15923,1376
29586.783672,2807933248,2807934623,15912,1375
29586.792334,2807942809,2807944180,15743,1371
29586.804328,2807952427,2807953709,15880,1282
29586.815234,2807961930,2807963301,15827,1371
29586.824327,2807971512,2807972881,15753,1369
29586.836273,2807981040,2807982301,15872,1261
29586.846792,2807990464,2807991843,15809,1379
29586.856329,2808000076,2808001357,15786,1281
29586.867833,2808009620,2808010994,16062,1374
29586.878355,2808019141,2808020514,15803,1373
29586.888331,2808028728,2808030108,15753,1380
29586.899392,2808038394,2808039764,15960,1370
29586.908329,2808047907,2808049283,15808,1376
29586.920329,2808057416,2808058795,15798,1379
29586.930951,2808066929,2808068299,15878,1370
29586.940328,2808076557,2808077819,15836,1262
29586.951987,2808086073,2808087355,15810,1282
29586.962513,2808095450,2808096825,15868,1375
29586.972331,2808105152,2808106412,15919,1260
29586.983548,2808114604,2808115972,15759,1368
29586.992330,2808124291,2808125575,15921,1284
29587.004331,2808133826,2808135200,15921,1374
29587.015108,2808143352,2808144728,15839,1376
29587.024329,2808152979,2808154242,15902,1263
29587.036155,2808162480,2808163741,15837,1261
29587.046669,2808172003,2808173259,15790,1256
29587.056330,2808181512,2808182886,15960,1374
29587.067714,2808191170,2808192431,15837,1261
29587.076334,2808200730,2808201992,15798,1262
29587.088329,2808210172,2808211549,15921,1377
29587.099273,2808219769,2808221145,15798,1376
29587.108329,2808229441,2808230725,15757,1284
29587.120312,2808238917,2808240173,15914,1256
29587.130837,2808248461,2808249723,15901,1262
29587.140329,2808257881,2808259254,15785,1373
29587.151873,2808267409,2808268784,15924,1375
29587.162394,2808277000,2808278376,15803,1376
29587.172329,2808286585,2808287967,15742,1382
29587.183435,2808296253,2808297533,15897,1280
29587.192332,2808305702,2808307073,15889,1371
29587.204329,2808315217,2808316592,15775,1375
29587.214993,2808324729,2808326111,15884,1382
29587.224328,2808334270,2808335646,15835,1376
29587.236028,2808343922,2808345186,15794,1264
29587.246556,2808353459,2808354720,15879,1261
29587.256330,2808362947,2808364317,16005,1370
29587.267587,2808372323,2808373698,15725,1375
29587.276332,2808381873,2808383251,15907,1378
29587.288335,2808391387,2808392644,15850,1257
29587.299146,2808400932,2808402189,15781,1257
29587.308330,2808410445,2808411815,15968,1370
29587.320193,2808420097,2808421352,15907,1255
29587.330709,2808429618,2808430898,15755,1280
29587.340328,2808439029,2808440405,15863,1376
29587.351753,2808448698,2808450070,15920,1372
29587.360327,2808458255,2808459634,15768,1379
29587.372332,2808467802,2808469178,15874,1376
29587.383313,2808477346,2808478599,15883,1253
29587.392330,2808486751,2808488127,15762,1376
29587.404336,2808496380,2808497612,15938,1232
29587.414874,2808505799,2808507175,15827,1376
29587.424331,2808515396,2808516770,15948,1374
29587.435915,2808525031,2808526291,15947,1260
29587.446434,2808534454,2808535835,15819,1381
29587.456334,2808544111,2808545420,15726,1309
29587.467476,2808553646,2808554907,15943,1261
29587.476330,2808563183,2808564559,15914,1376
29587.488333,2808572824,2808574086,15733,1262
29587.499033,2808582397,2808583631,15852,1234
29587.508330,2808591824,2808593201,15840,1377
29587.520067,2808601365,2808602742,15831,1377
29587.530594,2808611013,2808612298,15884,1285
29587.540330,2808620588,2808621848,15829,1260
29587.551628,2808630102,2808631384,15760,1282
29587.560328,2808639588,2808640961,15869,1373
29587.572330,2808649243,2808650505,15870,1262
29587.583186,2808658726,2808659984,15806,1258
29587.592328,2808668339,2808669599,15941,1260
29587.604234,2808677870,2808679125,15888,1255
29587.614747,2808687407,2808688668,15818,1261
29587.624330,2808696957,2808698219,15912,1262
29587.635794,2808706511,2808707725,15840,1214
29587.644331,2808715899,2808717274,15793,1375
29587.656329,2808725460,2808726837,15881,1377
29587.667355,2808735081,2808736337,15921,1256
29587.676335,2808744514,2808745769,15811,1255
29587.688329,2808754026,2808755286,15843,1260
29587.698916,2808763584,2808764846,15887,1262
29587.708331,2808773154,2808774415,15851,1261
29587.719953,2808782569,2808783949,15878,1380
29587.730477,2808792200,2808793415,15848,1215
29587.740328,2808801605,2808802981,15781,1376
29587.751515,2808811146,2808812516,15912,1370
29587.760326,2808820739,2808822118,15799,1379
29587.772334,2808830314,2808831684,15784,1370
29587.783074,2808839856,2808841254,15918,1398
29587.792328,2808849658,2808850967,15929,1309
29587.804108,2808859239,2808860495,15801,1256
29587.814635,2808868783,2808870045,15933,1262
29587.824329,2808878217,2808879596,15813,1379
29587.835668,2808887860,2808889120,15840,1260
29587.844334,2808897390,2808898649,15904,1259
29587.856329,2808906829,2808908203,15809,1374
29587.867227,2808916485,2808917746,15806,1261
29587.876332,2808925984,2808927317,15866,1333
29587.888273,2808935469,2808936845,15798,1376
29587.898791,2808945219,2808946598,15855,1379
29587.908334,2808954857,2808956118,15921,1261
29587.919833,2808964375,2808965748,15917,1373
29587.930349,2808973915,2808975286,15760,1371
29587.940327,2808983557,2808984815,15937,1258
29587.951394,2808993085,2808994459,15890,1374
29587.960330,2809002675,2809004049,15727,1374
29587.972333,2809012349,2809013611,15946,1262
29587.982956,2809021856,2809023116,15899,1260
29587.992332,2809031291,2809032570,15712,1279
29588.003994,2809040844,2809042128,15897,1284
29588.014514,2809050286,2809051662,15808,1376
29588.024333,2809059906,2809061217,15786,1311
29588.035557,2809069532,2809070792,15942,1260
29588.044329,2809079035,2809080414,15918,1379
29588.056329,2809088507,2809089881,15797,1374
29588.067114,2809098061,2809099322,15859,1261
29588.076328,2809107635,2809109020,15806,1385
29588.088148,2809117163,2809118542,15780,1379
29588.098676,2809126644,2809127933,15924,1289
29588.108331,2809136103,2809137364,15798,1261
29588.119708,2809145535,2809146907,15785,1372
29588.128330,2809155103,2809156479,15875,1376
29588.140330,2809164764,2809166025,15919,1261
29588.151269,2809174297,2809175671,15967,1374
29588.160329,2809183943,2809185203,15947,1260
29588.172311,2809193422,2809194804,15827,1382
29588.182827,2809203081,2809204348,15829,1267
29588.192329,2809212477,2809213850,15895,1373
29588.203872,2809221997,2809223260,15800,1263
29588.214390,2809231418,2809232795,15761,1377
29588.224328,2809240904,2809242283,15932,1379
29588.235433,2809250419,2809251795,15844,1376
29588.244328,2809259945,2809261322,15747,1377
29588.256329,2809269573,2809270857,15873,1284
29588.266994,2809279090,2809280345,15846,1255
29588.276330,2809288496,2809289871,15743,1375
29588.288033,2809298079,2809299457,15936,1378
29588.298555,2809307632,2809309012,15823,1380
29588.308334,2809317269,2809318553,15788,1284
29588.319595,2809326802,2809328181,15974,1379
29588.328333,2809336441,2809337726,15885,1285
29588.340330,2809345901,2809347279,15807,1378
29588.351154,2809355405,2809356784,15889,1379
29588.360330,2809364850,2809366082,15898,1232
29588.372189,2809374369,2809375749,15855,1380
29588.382714,2809383886,2809385264,15877,1378
29588.392328,2809393519,2809394804,15835,1285
29588.403746,2809403110,2809404366,15808,1256
29588.412335,2809412615,2809413984,15944,1369
29588.424334,2809422158,2809423417,15791,1259
29588.435309,2809431597,2809432977,15739,1380
29588.444333,2809441145,2809442407,15969,1262
29588.456330,2809450543,2809451775,15878,1232
29588.466869,2809459940,2809461308,15802,1368
29588.476333,2809469550,2809470811,15948,1261
29588.487915,2809479081,2809480340,15877,1259
29588.498430,2809488491,2809489862,15813,1371
29588.508331,2809498149,2809499436,15970,1287
29588.519474,2809507672,2809509041,16011,1369
29588.528328,2809517190,2809518567,15740,1377
29588.540331,2809526837,2809528100,15844,1263
29588.551035,2809536258,2809537632,15796,1374
29588.560330,2809545906,2809547280,15952,1374
29588.572073,2809555459,2809556839,15913,1380
29588.582596,2809564808,2809566191,15805,1383
29588.592333,2809574449,2809575707,15787,1258
29588.603636,2809583987,2809585242,15963,1255
29588.612328,2809593437,2809594816,15808,1379
29588.624330,2809603077,2809604452,15856,1375
29588.635196,2809612706,2809614013,15923,1307
29588.644330,2809622156,2809623535,15829,1379
29588.656227,2809631785,2809633165,15842,1380
29588.666754,2809641325,2809642699,15914,1374
29588.676329,2809650980,2809652241,15886,1261
29588.687789,2809660387,2809661763,15739,1376
29588.696330,2809670006,2809671378,15951,1372
29588.708331,2809679640,2809680973,15884,1333
29588.719350,2809689118,2809690488,15785,1370
29588.728332,2809698768,2809700075,15939,1307
29588.740328,2809708376,2809709661,15867,1285
29588.750910,2809717817,2809719195,15810,1378
29588.760327,2809727480,2809728789,15849,1309
29588.771952,2809736949,2809738325,15796,1376
29588.782470,2809746485,2809747864,15791,1379
29588.792332,2809756023,2809757286,15871,1263
29588.803514,2809765466,2809766724,15875,1258
29588.812335,2809775006,2809776291,15759,1285
29588.824332,2809784480,2809785861,15915,1381
29588.835074,2809794004,2809795378,15856,1374
29588.844327,2809803745,2809805121,15752,1376
29588.856116,2809813362,2809814674,15902,1312
29588.866636,2809822903,2809824158,15880,1255
29588.876333,2809832321,2809833577,15791,1256
29588.887675,2809841876,2809843133,15908,1257
29588.896330,2809851371,2809852744,16013,1373
29588.908330,2809861006,2809862290,15754,1284
29588.919235,2809870500,2809871763,15933,1263
29588.928330,2809880039,2809881300,15890,1261
29588.940269,2809889553,2809890932,15866,1379
29588.950794,2809899058,2809900437,15879,1379
29588.960329,2809908692,2809910000,15901,1308
29588.971829,2809918174,2809919551,15750,1377
29588.982354,2809927728,2809929040,15957,1312
29588.992337,2809937226,2809938601,15861,1375
29589.003385,2809946906,2809948164,15766,1258
29589.012331,2809956431,2809957740,15869,1309
29589.024328,2809965943,2809967322,15789,1379
29589.034950,2809975501,2809976871,15784,1370
29589.044333,2809985185,2809986470,15866,1285
29589.055993,2809994715,2809996091,15910,1376
29589.066510,2810004232,2810005609,15803,1377
29589.076327,2810013910,2810015280,15916,1370
29589.087555,2810023472,2810024849,15848,1377
29589.096327,2810033152,2810034402,15712,1250
29589.108331,2810042679,2810044054,16053,1375
29589.119117,2810052317,2810053560,15847,1243
29589.128329,2810061920,2810063180,15711,1260
29589.140156,2810071488,2810072722,15955,1234
29589.150675,2810080871,2810082248,15816,1377
29589.160328,2810090389,2810091761,15744,1372
29589.171715,2810100019,2810101277,15846,1258
29589.180328,2810109542,2810110804,15920,1262
29589.192332,2810118929,2810120304,15780,1375
29589.203275,2810128584,2810129844,15944,1260
29589.212329,2810138010,2810139390,15805,1380
29589.224308,2810147640,2810148872,15806,1232
29589.234836,2810157177,2810158437,15939,1260
29589.244329,2810166722,2810167983,15921,1261
29589.255869,2810176204,2810177578,15855,1374
29589.266396,2810185835,2810187092,15885,1257
29589.276332,2810195371,2810196639,15911,1268
29589.287427,2810204926,2810206211,15780,1285
29589.296328,2810214454,2810215825,15976,1371
29589.308328,2810224035,2810225415,15801,1380
29589.318990,2810233599,2810234980,15788,1381
29589.328334,2810243257,2810244520,15866,1263
29589.340036,2810252778,2810254011,15906,1233
29589.350547,2810262188,2810263447,15786,1259
29589.360328,2810271754,2810273087,15946,1333
29589.371595,2810281272,2810282655,15839,1383
29589.380329,2810290937,2810292247,15738,1310
29589.392328,2810300403,2810301782,16005,1379
29589.403155,2810309962,2810311338,15855,1376
29589.412331,2810319516,2810320894,15820,1378
29589.424196,2810329167,2810330446,15975,1279
29589.434715,2810338644,2810340023,15807,1379
29589.444330,2810348269,2810349557,15719,1288
29589.455755,2810357850,2810359135,15906,1285
29589.464327,2810367396,2810368656,15882,1260
29589.476330,2810376933,2810378241,15747,1308
29589.487317,2810386507,2810387792,15948,1285
29589.496333,2810396051,2810397314,15911,1263
29589.508329,2810405480,2810406860,15794,1380
29589.518875,2810415110,2810416366,15916,1256
29589.528328,2810424592,2810425968,15806,1376
29589.539909,2810434107,2810435485,15785,1378
29589.550434,2810443704,2810445080,15926,1376
29589.560331,2810453265,2810454642,15786,1377
29589.571467,2810462803,2810464088,15726,1285
29589.580331,2810472258,2810473634,15872,1376
29589.592329,2810481892,2810483272,15838,1380
29589.603030,2810491563,2810492827,15748,1264
29589.612328,2810501076,2810502448,15871,1372
29589.624072,2810510632,2810512008,15829,1376
29589.634590,2810520174,2810521553,15744,1379
29589.644333,2810529706,2810531083,15928,1377
29589.655636,2810539360,2810540617,15891,1257
29589.664332,2810548831,2810550211,15762,1380
29589.676329,2810558411,2810559789,15947,1378
29589.687194,2810567951,2810569328,15804,1377
29589.696330,2810577585,2810578964,15864,1379
29589.708235,2810587206,2810588466,15921,1260
29589.718754,2810596625,2810597923,15794,1298
29589.728328,2810606137,2810607512,15782,1375
29589.739794,2810615720,2810617093,15984,1373
29589.748334,2810625276,2810626651,15841,1375
29589.760329,2810634935,2810636223,15719,1288
29589.771357,2810644519,2810645779,15892,1260
29589.780327,2810653998,2810655378,15810,1380
29589.792333,2810663654,2810664962,15807,1308
29589.802916,2810673247,2810674511,15927,1264
29589.812328,2810682823,2810684156,15886,1333
29589.823949,2810692395,2810693771,15836,1376
29589.834476,2810701979,2810703355,15918,1376
29589.844330,2810711546,2810712926,15801,1380
29589.855510,2810721247,2810722629,15855,1382
29589.864331,2810730871,2810732251,15863,1380
29589.876329,2810740480,2810741856,15857,1376
29589.887070,2810750108,2810751394,15810,1286
29589.896328,2810759825,2810761344,16095,1519
29589.908115,2810769569,2810770950,15922,1381
29589.918631,2810779211,2810780468,15764,1257
29589.928329,2810788716,2810789976,15876,1260
29589.939675,2810798181,2810799561,15825,1380
29589.948328,2810807742,2810809120,15832,1378
29589.960332,2810817316,2810818625,15953,1309
29589.971230,2810826892,2810828196,15771,1304
29589.980331,2810836482,2810837857,15870,1375
29589.992276,2810845972,2810847344,15920,1372
29590.002790,2810855524,2810856897,15851,1373
29590.012334,2810865163,2810866420,15845,1257
29590.023835,2810874657,2810875918,15933,1261
29590.034351,2810884163,2810885397,15815,1234
29590.044328,2810893666,2810894973,15749,1307
29590.055395,2810903129,2810904507,15867,1378
29590.064333,2810912777,2810914151,15772,1374
29590.076330,2810922321,2810923689,15920,1368
29590.086956,2810931817,2810933197,15875,1380
29590.096332,2810941392,2810942763,15794,1371
29590.107989,2810950995,2810952328,15809,1333
29590.118516,2810960553,2810961815,15878,1262
29590.128327,2810969988,2810971368,15838,1380
29590.139547,2810979661,2810980974,15819,1313
29590.148332,2810989309,2810990569,15863,1260
29590.160329,2810998830,2811000113,15744,1283
29590.171110,2811008274,2811009650,15911,1376
29590.180333,2811017955,2811019336,15884,1381
29590.192154,2811027587,2811028958,15910,1371
29590.202670,2811037220,2811038499,15806,1279
29590.212333,2811046741,2811048027,15947,1286
29590.223709,2811056265,2811057643,15744,1378
29590.232328,2811065889,2811067265,15891,1376
29590.244335,2811075535,2811076790,15907,1255
29590.255270,2811085004,2811086381,15802,1377
29590.264334,2811094630,2811095896,15876,1266
29590.276314,2811104028,2811105404,15869,1376
29590.286828,2811113581,2811114866,15793,1285
29590.296330,2811123184,2811124541,15806,1357
29590.307874,2811132690,2811134066,15902,1376
29590.318389,2811142238,2811143548,15712,1310
29590.328328,2811151830,2811153210,15934,1380
29590.339436,2811161437,2811162725,15862,1288
29590.348330,2811171011,2811172369,15711,1358
29590.360331,2811180555,2811181814,15807,1259
29590.370996,2811189988,2811191360,15924,1372
29590.380330,2811199617,2811201010,15741,1393
29590.392033,2811209248,2811210629,15887,1381
29590.402556,2811218973,2811220347,16010,1374
29590.412332,2811228592,2811229966,15764,1374
29590.423596,2811238267,2811239529,15986,1262
29590.432327,2811247861,2811249184,15881,1323
29590.444331,2811257519,2811258804,15783,1285
29590.455149,2811267023,2811268284,15799,1261
29590.464336,2811276588,2811277850,15932,1262
29590.476190,2811286036,2811287412,15766,1376
29590.486708,2811295731,2811296994,15812,1263
29590.496327,2811305217,2811306588,15930,1371
29590.507750,2811314767,2811316147,15760,1380
29590.516334,2811324325,2811325694,15898,1369
29590.528329,2811333957,2811335219,15972,1262
29590.539315,2811343394,2811344779,15788,1385
29590.548330,2811353038,2811354324,15824,1286
29590.560335,2811362547,2811363926,16047,1379
29590.570870,2811372210,2811373491,15776,1281
29590.580331,2811381645,2811383027,15885,1382
29590.591917,2811391271,2811392533,15930,1262
29590.602428,2811400762,2811402071,15771,1309
29590.612335,2811410396,2811411731,15803,1335
29590.623475,2811419980,2811421356,15988,1376
29590.632329,2811429591,2811430900,15798,1309
29590.644329,2811439107,2811440484,15817,1377
29590.655036,2811448699,2811449960,15888,1261
29590.664328,2811458233,2811459606,15853,1373
29590.676070,2811467840,2811469213,15916,1373
29590.686595,2811477460,2811478838,16057,1378
29590.696335,2811487123,2811488460,15745,1337
29590.707631,2811496725,2811498059,15871,1334
29590.716336,2811506195,2811507572,15948,1377
29590.728329,2811515855,2811517110,15793,1255
29590.739189,2811525407,2811526694,15786,1287
29590.748328,2811534958,2811536334,15883,1376
29590.760227,2811544628,2811546004,15842,1376
29590.770751,2811554243,2811555523,15825,1280
29590.780331,2811563768,2811565025,15942,1257
29590.791790,2811573281,2811574657,15775,1376
29590.800329,2811582891,2811584262,15831,1371
29590.812331,2811592518,2811593826,15917,1308
29590.823348,2811602075,2811603450,15820,1375
29590.832329,2811611730,2811613038,15777,1308
29590.844328,2811621342,2811622719,15958,1377
29590.854911,2811630953,2811632243,15843,1290
29590.864329,2811640536,2811641913,15909,1377
29590.875955,2811650099,2811651474,15916,1375
29590.886476,2811659770,2811661080,15850,1310
29590.896328,2811669292,2811670682,15819,1390
29590.907516,2811678902,2811680162,15869,1260
29590.916331,2811688406,2811689689,15796,1283
29590.928328,2811697926,2811699212,15879,1286
29590.939075,2811707380,2811708754,15884,1374
29590.948328,2811716989,2811718254,15702,1265
29590.960107,2811726684,2811727970,15804,1286
29590.970639,2811736218,2811737478,15897,1260
29590.980331,2811745795,2811747101,15781,1306
29590.991670,2811755298,2811756677,15815,1379
29591.000328,2811764936,2811766243,15863,1307
29591.012331,2811774500,2811775867,15863,1367
29591.023230,2811784048,2811785422,15863,1374
29591.032330,2811793616,2811794993,15932,1377
29591.044270,2811803287,2811804565,15754,1278
29591.054788,2811812822,2811814130,15788,1308
29591.064329,2811822399,2811823776,15913,1377
29591.075830,2811831980,2811833356,15797,1376
29591.086350,2811841640,2811842900,15726,1260
29591.096328,2811851172,2811852540,15853,1368
29591.107388,2811860693,2811861980,15789,1287
29591.116328,2811870186,2811871561,15807,1375
29591.128329,2811879811,2811881186,16004,1375
29591.138951,2811889445,2811890729,15804,1284
29591.148327,2811898993,2811900349,15801,1356
29591.159996,2811908482,2811909769,15983,1287
29591.170511,2811917995,2811919376,15754,1381
29591.180333,2811927535,2811928914,15853,1379
29591.191558,2811937185,2811938467,15919,1282
29591.200333,2811946718,2811948049,15754,1331
29591.212335,2811956219,2811957495,15917,1276
29591.223115,2811965749,2811967120,16064,1371
29591.232329,2811975443,2811976698,15811,1255
29591.244149,2811984972,2811986281,15831,1309
29591.254678,2811994519,2811995780,15962,1261
29591.264333,2812003911,2812005275,15828,1364
29591.275710,2812013536,2812014821,15838,1285
29591.284329,2812023094,2812024371,15980,1277
29591.296328,2812032636,2812033892,15819,1256
29591.307271,2812042098,2812043357,15883,1259
29591.316328,2812051570,2812052943,15906,1373
29591.328309,2812061163,2812062540,15779,1377
29591.338831,2812070883,2812072167,15826,1284
29591.348335,2812080389,2812081721,15859,1332
29591.359870,2812089966,2812091335,15785,1369
29591.370393,2812099610,2812100868,15853,1258
29591.380329,2812109069,2812110444,15971,1375
29591.391427,2812118694,2812119957,15810,1263
29591.400328,2812128236,2812129516,15823,1280
29591.412329,2812137760,2812139115,15946,1355
29591.422988,2812147389,2812148692,15722,1303
29591.432329,2812156941,2812158319,15780,1378
29591.444035,2812166553,2812167876,15865,1323
29591.454551,2812176109,2812177479,15798,1370
29591.464330,2812185695,2812187072,15941,1377
29591.475595,2812195183,2812196556,15887,1373
29591.484326,2812204792,2812206124,15777,1332
29591.496335,2812214344,2812215721,15839,1377
29591.507156,2812223864,2812225236,15945,1372
29591.516329,2812233455,2812234834,15733,1379
29591.528187,2812243118,2812244427,15849,1309
29591.538716,2812252695,2812254067,15931,1372
29591.548327,2812262213,2812263585,15790,1372
29591.559751,2812271803,2812273087,15882,1284
29591.568333,2812281388,2812282725,15900,1337
29591.580328,2812291007,2812292294,15846,1287
29591.591310,2812300577,2812301859,15884,1282
29591.600335,2812310016,2812311390,16019,1374
29591.612334,2812319659,2812320943,15747,1284
29591.622870,2812329134,2812330508,15882,1374
29591.632329,2812338778,2812340152,15986,1374
29591.643910,2812348398,2812349774,15744,1376
29591.654431,2812358069,2812359337,15826,1268
29591.664328,2812367584,2812368845,15974,1261
29591.675471,2812377087,2812378341,15733,1254
29591.684331,2812386581,2812387834,15823,1253
29591.696335,2812396077,2812397384,15914,1307
29591.707029,2812405657,2812406965,15790,1308
29591.716330,2812415430,2812416691,15801,1261
29591.728076,2812424947,2812426233,15945,1286
29591.738591,2812434440,2812435820,15734,1380
29591.748331,2812444112,2812445472,15824,1360
29591.759637,2812453717,2812455002,15866,1285
29591.768327,2812463231,2812464544,15697,1313
29591.780330,2812472846,2812474219,15744,1373
29591.791199,2812482483,2812483739,15876,1256
29591.800331,2812492043,2812493299,15778,1256
29591.812229,2812501472,2812502839,15824,1367
29591.822759,2812511095,2812512354,15890,1259
29591.832327,2812520558,2812521935,15747,1377
29591.843790,2812530094,2812531468,15885,1374
29591.852333,2812539706,2812540985,15856,1279
29591.864334,2812549218,2812550591,15802,1373
29591.875351,2812558809,2812560187,15826,1378
29591.884331,2812568357,2812569733,15864,1376
29591.896329,2812577862,2812579234,15729,1372
29591.906911,2812587521,2812588782,15872,1261
29591.916331,2812596986,2812598364,15964,1378
29591.927955,2812606626,2812607885,15852,1259
29591.938470,2812616126,2812617411,15886,1285
29591.948329,2812625655,2812626988,15913,1333
29591.959508,2812635280,2812636586,15774,1306
29591.968328,2812644802,2812646181,15853,1379
29591.980333,2812654233,2812655608,15900,1375
29591.991073,2812663892,2812665152,15834,1260
29592.000328,2812673587,2812674960,15877,1373
29592.012118,2812683275,2812684558,15967,1283
29592.022632,2812692804,2812694088,15809,1284
29592.032330,2812702336,2812703712,15852,1376
29592.043675,2812711930,2812713306,15878,1376
29592.052327,2812721520,2812722898,15797,1378
29592.064328,2812731100,2812732435,15853,1335
29592.075236,2812740667,2812742041,15986,1374
29592.084330,2812750327,2812751608,15801,1281
29592.096267,2812759821,2812761080,15868,1259
29592.106799,2812769369,2812770627,15911,1258
29592.116331,2812778891,2812780222,15714,1331
29592.127829,2812788549,2812789811,15749,1262
29592.138357,2812797966,2812799345,15968,1379
29592.148329,2812807646,2812808952,15816,1306
29592.159391,2812817170,2812818544,15807,1374
29592.168334,2812826739,2812828113,15914,1374
29592.180329,2812836407,2812837674,15800,1267
29592.190951,2812845944,2812847229,15827,1285
29592.200335,2812855524,2812856832,15924,1308
29592.211990,2812865045,2812866415,15797,1370
29592.222511,2812874634,2812876008,15879,1374
29592.232328,2812884234,2812885612,15973,1378
29592.243551,2812893859,2812895119,15746,1260
29592.252329,2812903404,2812904760,15783,1356
29592.264329,2812913001,2812914302,15975,1301
29592.275116,2812922487,2812923864,15840,1377
29592.284333,2812932087,2812933422,15855,1335
29592.296156,2812941583,2812942957,15913,1374
29592.306672,2812951177,2812952554,15820,1377
29592.316333,2812960747,2812962121,15846,1374
29592.327715,2812970254,2812971628,15955,1374
29592.336330,2812979893,2812981203,15763,1310
29592.348334,2812989555,2812990888,15842,1333
29592.359276,2812999044,2813000418,15915,1374
29592.368333,2813008625,2813009958,15710,1333
29592.380312,2813018171,2813019544,15835,1373
29592.390837,2813027850,2813029106,15929,1256
29592.400334,2813037336,2813038709,15763,1373
29592.411870,2813046976,2813048259,15883,1283
29592.422400,2813056569,2813057853,16001,1284
29592.432331,2813066032,2813067402,15767,1370
29592.443430,2813075698,2813076954,15800,1256
29592.452337,2813085194,2813086573,15906,1379
29592.464335,2813094837,2813096212,15864,1375
29592.474990,2813104316,2813105695,15810,1379
29592.484330,2813113974,2813115257,15916,1283
29592.496027,2813123431,2813124714,15805,1283
29592.506551,2813133023,2813134330,15781,1307
29592.516331,2813142617,2813143925,15885,1308
29592.527591,2813152190,2813153451,15842,1261
29592.536330,2813161664,2813163035,15816,1371
29592.548331,2813171277,2813172654,16042,1377
29592.559149,2813180880,2813182170,15799,1290
29592.568328,2813190469,2813191846,15848,1377
29592.580198,2813200059,2813201366,15859,1307
29592.590712,2813209680,2813211052,15859,1372
29592.600334,2813219279,2813220654,15883,1375
29592.611755,2813228873,2813230202,15918,1329
29592.620329,2813238465,2813239841,15823,1376
29592.632328,2813248095,2813249470,15931,1375
29592.643316,2813257733,2813259040,15883,1307
29592.652329,2813267410,2813268719,15702,1309
29592.664332,2813276985,2813278246,15836,1261
29592.674879,2813286522,2813287833,15888,1311
29592.684329,2813296095,2813297428,15727,1333
29592.695911,2813305699,2813307073,15844,1374
29592.706437,2813315259,2813316636,15910,1377
29592.716336,2813324869,2813326244,15799,1375
29592.727471,2813334512,2813335887,15845,1375
29592.736330,2813344101,2813345475,15900,1374
29592.748332,2813353703,2813355077,15743,1374
29592.759032,2813363293,2813364571,15853,1278
29592.768332,2813372971,2813374305,15865,1334
29592.780071,2813382538,2813383914,15753,1376
29592.792099,2813393359,2813394618,15879,1259
29592.802615,2813402903,2813404162,15796,1259
29592.812328,2813412473,2813413847,15812,1374
29592.823659,2813422117,2813423497,15928,1380
29592.832329,2813431678,2813433046,15813,1368
29592.844336,2813441238,2813442611,15949,1373
29592.855222,2813450887,2813452147,15977,1260
29592.864328,2813460381,2813461758,15735,1377
29592.876253,2813470044,2813471305,15789,1261
29592.886779,2813479460,2813480837,15918,1377
29592.896335,2813489125,2813490482,15836,1357
29592.907813,2813498759,2813500136,15875,1377
29592.916334,2813508341,2813509715,15895,1374
29592.928334,2813517965,2813519254,15700,1289
29592.939374,2813527462,2813528717,15794,1255
29592.948329,2813536978,2813538258,15981,1280
29592.960330,2813546541,2813547917,15762,1376
29592.970933,2813556199,2813557574,15855,1375
29592.980327,2813565857,2813567196,15917,1339
29592.991974,2813575470,2813576843,15786,1373
29593.002495,2813585114,2813586494,15874,1380
29593.012330,2813594744,2813596027,15879,1283
29593.023534,2813604259,2813605637,15868,1378
29593.032328,2813613881,2813615258,15843,1377
29593.044328,2813623446,2813624823,15930,1377
29593.055094,2813633078,2813634410,15738,1332
29593.064332,2813642779,2813644110,15800,1331
29593.076139,2813652348,2813653655,15869,1307
29593.086652,2813661926,2813663185,15761,1259
29593.096327,2813671451,2813672743,15842,1292
29593.107700,2813681016,2813682276,15954,1260
29593.116336,2813690559,2813691866,15853,1307
29593.128327,2813700105,2813701486,15908,1381
29593.139260,2813709702,2813711071,15911,1369
29593.148328,2813719207,2813720584,15818,1377
29593.160294,2813728859,2813730234,15914,1375
29593.170819,2813738439,2813739812,15884,1373
29593.180327,2813748141,2813749521,15804,1380
29593.191854,2813757712,2813759091,15855,1379
29593.202383,2813767362,2813768648,15892,1286
29593.212327,2813776896,2813778210,15706,1314
29593.223416,2813786478,2813787848,15927,1370
29593.232330,2813796115,2813797471,15934,1356
29593.244328,2813805755,2813807080,15773,1325
29593.254972,2813815379,2813816747,15818,1368
29593.264327,2813825000,2813826331,15956,1331
29593.276014,2813834572,2813835940,15796,1368
29593.286534,2813844161,2813845532,15836,1371
29593.296327,2813853752,2813855088,15926,1336
29593.307571,2813863329,2813864589,15806,1260
29593.316331,2813872840,2813874218,15784,1378
29593.328328,2813882393,2813883770,15907,1377
29593.339132,2813892047,2813893301,15786,1254
29593.348331,2813901694,2813903033,15834,1339
29593.360181,2813911373,2813912632,15933,1259
29593.370695,2813920945,2813922254,15846,1309
29593.380335,2813930428,2813931798,15832,1370
29593.391742,2813940110,2813941426,15908,1316
29593.400331,2813949698,2813951073,15793,1375
29593.412328,2813959288,2813960663,15825,1375
29593.423299,2813968865,2813970242,15958,1377
29593.432333,2813978503,2813979835,15810,1332
29593.444333,2813988082,2813989359,15855,1277
29593.454860,2813997644,2813999026,15967,1382
29593.464329,2814007216,2814008531,15789,1315
29593.475894,2814016846,2814018156,15913,1310
29593.486421,2814026410,2814027788,15867,1378
29593.496327,2814036100,2814037415,15777,1315
29593.507454,2814045702,2814046961,15854,1259
29593.516331,2814055159,2814056545,15920,1386
29593.528332,2814064799,2814066173,15766,1374
29593.539015,2814074457,2814075742,15851,1285
29593.548335,2814083939,2814085312,15907,1373
29593.560054,2814093483,2814094854,15780,1371
29593.570575,2814103104,2814104474,15851,1370
29593.580329,2814112706,2814114080,15913,1374
29593.591616,2814122351,2814123658,15802,1307
29593.600329,2814131918,2814133297,15863,1379
29593.612332,2814141448,2814142756,15938,1308
29593.623172,2814151013,2814152273,15709,1260
29593.632331,2814160487,2814161861,15837,1374
29593.644220,2814170081,2814171454,15896,1373
29593.654735,2814179700,2814181074,15745,1374
29593.664327,2814189283,2814190641,15755,1358
29593.675780,2814198900,2814200209,15907,1309
29593.684334,2814208481,2814209765,15811,1284
29593.696332,2814218068,2814219399,15851,1331
29593.707341,2814227653,2814229022,15954,1369
29593.716328,2814237282,2814238571,15800,1289
29593.728331,2814246755,2814248134,15854,1379
29593.738902,2814256384,2814257645,15857,1261
29593.748329,2814265883,2814267264,15745,1381
29593.759934,2814275572,2814276859,15813,1287
29593.770462,2814285204,2814286575,16056,1371
29593.780331,2814294843,2814296182,15752,1339
29593.791494,2814304347,2814305603,15886,1256
29593.800330,2814313909,2814315218,15965,1309
29593.812328,2814323531,2814324915,15797,1384
29593.823055,2814333187,2814334543,15794,1356
29593.832331,2814342855,2814344239,15933,1384
29593.844094,2814352509,2814353888,15842,1379
29593.854617,2814362126,2814363495,16017,1369
29593.864331,2814371807,2814373147,15931,1340
29593.875655,2814381324,2814382700,15749,1376
29593.884329,2814390904,2814392279,15835,1375
29593.896335,2814400477,2814401861,15977,1384
29593.907215,2814410120,2814411380,15820,1260
29593.916330,2814419706,2814421014,15889,1308
29593.928260,2814429298,2814430559,15936,1261
29593.938773,2814438776,2814440063,15815,1287
29593.948327,2814448392,2814449723,15833,1331
29593.959820,2814457974,2814459252,15951,1278
29593.968329,2814467531,2814468838,15721,1307
29593.980328,2814477074,2814478449,15852,1375
29593.991379,2814486657,2814488037,15872,1380
29594.000327,2814496295,2814497628,15836,1333
29594.012330,2814505872,2814507247,15741,1375
29594.022941,2814515441,2814516816,15924,1375
29594.032332,2814525002,2814526378,15738,1376
29594.043974,2814534670,2814536000,15857,1330
29594.054501,2814544198,2814545459,15900,1261
29594.064330,2814553718,2814555102,15746,1384
29594.075535,2814563315,2814564690,15852,1375
29594.084327,2814572950,2814574258,15950,1308
29594.096336,2814582525,2814583880,15795,1355
29594.107097,2814592142,2814593449,15846,1307
29594.116330,2814601703,2814603062,15883,1359
29594.128135,2814611395,2814612774,15760,1379
29594.138656,2814620934,2814622309,15882,1375
29594.148331,2814630496,2814631874,15890,1378
29594.159698,2814640145,2814641522,15803,1377
29594.168328,2814649819,2814651179,15882,1360
29594.180331,2814659432,2814660742,15914,1310
29594.191255,2814669049,2814670356,15811,1307
29594.200329,2814678608,2814679963,15871,1355
29594.212302,2814688229,2814689536,15911,1307
29594.222815,2814697853,2814699228,15783,1375
29594.232331,2814707533,2814708906,15941,1373
29594.243862,2814717110,2814718393,15948,1283
29594.254374,2814726614,2814727877,15814,1263
29594.264331,2814736083,2814737462,15805,1379
29594.275420,2814745701,2814746963,15904,1262
29594.284330,2814755199,2814756581,15736,1382
29594.296328,2814764770,2814766147,15838,1377
29594.306980,2814774360,2814775738,15877,1378
29594.316327,2814783980,2814785360,15775,1380
29594.328014,2814793581,2814794954,15820,1373
29594.338543,2814803170,2814804435,15901,1265
29594.348327,2814812733,2814814087,15726,1354
29594.359574,2814822400,2814823774,15779,1374
29594.368328,2814832088,2814833447,15899,1359
29594.380330,2814841660,2814843040,15748,1380
29594.391136,2814851279,2814852655,15823,1376
29594.400331,2814860886,2814862266,15897,1380
29594.412174,2814870532,2814871857,15811,1325
29594.422691,2814880020,2814881305,15773,1285
29594.432331,2814889609,2814890975,15889,1366
29594.443734,2814899257,2814900538,15819,1281
29594.452328,2814908740,2814910119,15844,1379
29594.464359,2814918322,2814919696,15919,1374
29594.475295,2814927987,2814929272,15792,1285
29594.484329,2814937588,2814938872,15861,1284
29594.496328,2814947117,2814948427,15960,1310
29594.506862,2814956635,2814958014,15869,1379
29594.516327,2814966292,2814967659,15799,1367
29594.527900,2814975869,2814977245,15932,1376
29594.538417,2814985490,2814986798,15740,1308
29594.548332,2814994998,2814996376,15879,1378
29594.559460,2815004602,2815005976,15889,1374
29594.568330,2815014228,2815015604,15777,1376
29594.580330,2815023881,2815025190,15858,1309
29594.591022,2815033338,2815034601,15944,1263
29594.600329,2815042855,2815044238,15745,1383
29594.612054,2815052495,2815053801,15887,1306
29594.622581,2815062030,2815063408,15903,1378
29594.632330,2815071750,2815073054,15837,1304
29594.643615,2815081372,2815082679,15800,1307
29594.652332,2815090991,2815092300,15898,1309
29594.664332,2815100646,2815101948,15762,1302
29594.675173,2815110184,2815111445,15876,1261
29594.684327,2815119623,2815121003,15900,1380
29594.696214,2815129269,2815130581,15812,1312
29594.706734,2815138944,2815140319,15838,1375
29594.716334,2815148674,2815150009,15891,1335
29594.727773,2815158274,2815159605,15805,1331
29594.736331,2815167898,2815169182,15849,1284
29594.748328,2815177417,2815178797,15988,1380
29594.759335,2815187015,2815188385,15741,1370
29594.768329,2815196697,2815198073,15837,1376
29594.780330,2815206300,2815207677,15944,1377
29594.790896,2815215868,2815217255,15800,1387
29594.800329,2815225400,2815226777,15844,1377
29594.811940,2815235011,2815236302,15869,1291
29594.822456,2815244503,2815245878,15765,1375
29594.832331,2815254211,2815255537,15737,1326
29594.843503,2815263809,2815265090,15958,1281
29594.852327,2815273387,2815274762,15786,1375
29594.864329,2815283013,2815284296,15846,1283
29594.875064,2815292550,2815293832,15966,1282
29594.884330,2815302094,2815303402,15799,1308
29594.896094,2815311701,2815312961,15851,1260
29594.906621,2815321169,2815322549,15904,1380
29594.916327,2815330773,2815332105,15718,1332
29594.927655,2815340410,2815341694,15854,1284
29594.936331,2815349981,2815351290,15988,1309
29594.948328,2815359508,2815360887,15764,1379
29594.972331,2815374078,2815374735,11971,657
29594.983269,2815378629,2815379279,12102,650
29594.992329,2815386015,2815387327,15909,1312
29595.004301,2815395649,2815397023,15833,1374
29595.014826,2815405370,2815406744,15981,1374
29595.024328,2815415068,2815416445,15901,1377
29595.035859,2815424858,2815426238,15788,1380
29595.046388,2815434595,2815435962,15994,1367
29595.056333,2815444288,2815445669,15909,1381
29595.067421,2815454040,2815455419,15845,1379
29595.076330,2815463697,2815465029,15995,1332
29595.088332,2815473292,2815474557,15879,1265
29595.098979,2815482721,2815483987,15727,1266
29595.108327,2815492193,2815493562,15947,1369
29595.120026,2815501863,2815503171,15830,1308
29595.130542,2815511454,2815512813,15803,1359
29595.140330,2815520967,2815522247,15862,1280
29595.151589,2815530516,2815531799,15908,1283
29595.160328,2815540067,2815541376,15799,1309
29595.172334,2815549666,2815550927,15941,1261
29595.183149,2815559226,2815560488,15862,1262
29595.192331,2815568884,2815570193,15797,1309
29595.204187,2815578468,2815579803,15915,1335
29595.214709,2815588100,2815589431,15819,1331
29595.224327,2815597713,2815599045,15787,1332
29595.235746,2815607311,2815608685,15905,1374
29595.244329,2815616822,2815618198,15809,1376
29595.256328,2815626528,2815627908,15856,1380
29595.267307,2815636185,2815637562,15899,1377
29595.276329,2815645765,2815647144,15905,1379
29595.288331,2815655413,2815656716,15782,1303
29595.298868,2815664916,2815666223,15984,1307
29595.308333,2815674419,2815675791,15788,1372
29595.319900,2815684103,2815685364,15777,1261
29595.330429,2815693665,2815695023,15958,1358
29595.340328,2815703320,2815704698,16004,1378
29595.351462,2815712978,2815714354,15814,1376
29595.360329,2815722601,2815723885,15843,1284
29595.372328,2815732205,2815733514,15916,1309
29595.383022,2815741822,2815743125,15746,1303
29595.392329,2815751362,2815752736,15883,1374
29595.404066,2815761091,2815762474,15804,1383
29595.414582,2815770821,2815772102,15750,1281
29595.424328,2815780458,2815781765,15871,1307
29595.435629,2815790120,2815791434,15803,1314
29595.444332,2815799768,2815801152,15743,1384
29595.456330,2815809469,2815810792,15871,1323
29595.467186,2815817378,2815818753,15847,1375
29595.476328,2815827177,2815828556,15766,1379
29595.488225,2815836741,2815838122,15982,1381
29595.498747,2815846337,2815847710,15828,1373
29595.508328,2815855986,2815857349,15709,1363
29595.519789,2815865651,2815866914,15881,1263
29595.528328,2815875189,2815876451,15886,1262
29595.540329,2815884777,2815886060,15761,1283
29595.551346,2815894282,2815895656,15927,1374
29595.560331,2815903897,2815905271,15834,1374
29595.572336,2815913526,2815914896,15783,1370
29595.582910,2815923187,2815924496,15881,1309
29595.592328,2815932801,2815934175,15998,1374
29595.603941,2815942404,2815943780,15757,1376
29595.614467,2815951977,2815953358,15967,1381
29595.624328,2815961655,2815962965,15793,1310
29595.635501,2815971165,2815972545,15747,1380
29595.644327,2815980870,2815982213,15926,1343
29595.656330,2815990470,2815991843,15833,1373
29595.667062,2816000178,2816001550,15815,1372
29595.676329,2816009779,2816011101,15881,1322
29595.688105,2816019295,2816020625,15787,1330
29595.698620,2816028830,2816030206,15778,1376
29595.708328,2816038448,2816039708,15941,1260
29595.719665,2816047698,2816049075,15793,1377
29595.728329,2816057367,2816058743,15775,1376
29595.740329,2816066990,2816068274,15870,1284
29595.751228,2816076621,2816077903,15827,1282
29595.760331,2816086197,2816087575,15833,1378
29595.772264,2816095809,2816097177,15860,1368
29595.782787,2816105349,2816106727,15804,1378
29595.792329,2816114997,2816116333,15829,1336
29595.803825,2816124596,2816125975,15887,1379
29595.814349,2816134270,2816135647,15913,1377
29595.824329,2816143817,2816145125,15804,1308
29595.835385,2816153312,2816154690,15880,1378
29595.844333,2816162885,2816164192,15786,1307
29595.856333,2816172258,2816173635,15770,1377
29595.866950,2816181978,2816183239,15931,1261
29595.876330,2816191512,2816192894,15827,1382
29595.887981,2816201185,2816202446,15779,1261
29595.898508,2816210730,2816212011,15937,1281
29595.908337,2816220204,2816221486,15787,1282
29595.919541,2816229769,2816231076,15758,1307
29595.928328,2816239351,2816240682,15960,1331
29595.940330,2816248944,2816250276,15816,1332
29595.951102,2816258536,2816259910,15858,1374
29595.960327,2816268397,2816269732,15922,1335
29595.972149,2816278024,2816279355,15911,1331
29595.982662,2816287590,2816288966,15738,1376
29595.992335,2816297242,2816298616,15968,1374
29596.003709,2816306883,2816308177,15834,1294
29596.012328,2816316352,2816317731,15830,1379
29596.024328,2816326031,2816327332,15858,1301
29596.035269,2816335631,2816336913,15882,1282
29596.044329,2816345091,2816346466,15730,1375
29596.056306,2816354642,2816356013,16017,1371
29596.066826,2816364203,2816365534,15785,1331
29596.076332,2816373789,2816375104,15735,1315
29596.087866,2816383280,2816384653,15927,1373
29596.098386,2816392823,2816394106,15789,1283
29596.108328,2816402393,2816403765,15960,1372
29596.119426,2816412035,2816413409,15951,1374
29596.128332,2816421587,2816422961,15823,1374
29596.140329,2816431227,2816432601,15871,1374
29596.150986,2816440819,2816442194,15925,1375
29596.160328,2816450408,2816451782,15825,1374
29596.172019,2816460059,2816461316,15785,1257
29596.182548,2816469649,2816470958,15886,1309
29596.192329,2816479111,2816480491,15901,1380
29596.203582,2816488769,2816490144,15872,1375
29596.212332,2816498356,2816499732,15887,1376
29596.224334,2816508004,2816509375,15907,1371
29596.235142,2816517600,2816518974,15789,1374
29596.244332,2816527204,2816528464,15982,1260
29596.256186,2816536709,2816537994,15879,1285
29596.266703,2816546219,2816547598,15794,1379
29596.276329,2816555816,2816557072,15920,1256
29596.287744,2816565346,2816566722,15995,1376
29596.296334,2816575034,2816576359,15744,1325
29596.308328,2816584614,2816585979,15846,1365
29596.319306,2816594155,2816595529,15844,1374
29596.328330,2816603809,2816605186,15871,1377
29596.340329,2816613370,2816614745,15866,1375
29596.350867,2816623026,2816624394,15836,1368
29596.360334,2816632636,2816633947,15829,1311
29596.371906,2816642222,2816643599,16044,1377
29596.382428,2816651879,2816653143,15818,1264
29596.392327,2816661469,2816662847,15859,1378
29596.403465,2816670962,2816672340,15898,1378
29596.412330,2816680587,2816681895,15868,1308
29596.424331,2816690123,2816691502,15807,1379
29596.435026,2816699674,2816701043,15952,1369
29596.444332,2816709243,2816710617,15838,1374
29596.456062,2816718828,2816720201,15797,1373
29596.466588,2816728645,2816729901,15897,1256
29596.476328,2816738148,2816739405,15895,1257
29596.487622,2816747668,2816748926,15759,1258
29596.496327,2816757198,2816758457,15928,1259
29596.508334,2816766660,2816767925,15779,1265
29596.519182,2816776237,2816777466,15756,1229
29596.528329,2816785751,2816787033,15936,1282
29596.540227,2816795289,2816796522,15826,1233
29596.550740,2816804811,2816806070,15754,1259
29596.560329,2816814244,2816815622,15890,1378
29596.571787,2816823908,2816825282,16001,1374
29596.580330,2816833506,2816834764,15789,1258
29596.592328,2816842936,2816844308,15965,1372
29596.603351,2816852567,2816853824,15916,1257
29596.612335,2816862074,2816863336,15756,1262
29596.624329,2816871493,2816872864,15877,1371
29596.634908,2816881016,2816882393,15849,1377
29596.644327,2816890678,2816892053,15858,1375
29596.655947,2816900195,2816901569,15908,1374
29596.667965,2816911082,2816912455,15758,1373
29596.678492,2816920764,2816921994,15941,1230
29596.688328,2816930187,2816931560,15839,1373
29596.699522,2816939870,2816941128,15814,1258
29596.708330,2816949416,2816950672,15893,1256
29596.720336,2816958822,2816960081,15778,1259
29596.731085,2816968211,2816969591,15771,1380
29596.740330,2816977928,2816979210,15936,1282
29596.752132,2816987471,2816988725,15864,1254
29596.762646,2816996678,2816998051,15803,1373
29596.772328,2817006395,2817007764,15966,1369
29596.783692,2817016051,2817017309,15847,1258
29596.792328,2817025436,2817026813,15851,1377
29596.804330,2817035053,2817036312,15877,1259
29596.815251,2817044523,2817045893,15807,1370
29596.824330,2817054027,2817055398,15765,1371
29596.836290,2817063543,2817064921,15928,1378
29596.846811,2817073061,2817074446,15799,1385
29596.856331,2817082716,2817084017,15811,1301
29596.867853,2817092299,2817093553,15872,1254
29596.878368,2817101805,2817103179,15838,1374
29596.888328,2817111459,2817112833,15860,1374
29596.899410,2817121092,2817122347,15850,1255
29596.908332,2817130608,2817131869,15875,1261
29596.920331,2817140023,2817141404,15768,1381
29596.930969,2817149541,2817150915,15893,1374
29596.940331,2817159170,2817160537,15994,1367
29596.952002,2817168706,2817169961,15810,1255
29596.962532,2817178236,2817179497,15926,1261
29596.972329,2817187816,2817189190,15915,1374
29596.983565,2817197484,2817198715,15761,1231
29596.992331,2817206880,2817208140,15851,1260
29597.004331,2817216382,2817217758,15908,1376
29597.015125,2817225979,2817227233,15736,1254
29597.024329,2817235517,2817236892,15949,1375
29597.036168,2817244929,2817246301,15905,1372
29597.046686,2817254458,2817255826,15794,1368
29597.056331,2817263964,2817265331,15865,1367
29597.067728,2817273514,2817274888,15804,1374
29597.076332,2817283173,2817284459,15824,1286
29597.088336,2817292620,2817293992,15887,1372
29597.099288,2817302125,2817303498,15809,1373
29597.108328,2817311776,2817313057,15742,1281
29597.120327,2817321220,2817322595,15924,1375
29597.130851,2817330937,2817332194,15830,1257
29597.140334,2817340437,2817341711,15743,1274
29597.151891,2817349985,2817351238,15929,1253
29597.162412,2817359496,2817360730,15862,1234
29597.172329,2817369031,2817370309,15768,1278
29597.183450,2817378591,2817379964,15958,1373
29597.192332,2817388184,2817389442,15915,1258
29597.204330,2817397677,2817398914,15819,1237
29597.215009,2817407064,2817408432,15897,1368
29597.224328,2817416628,2817417887,15792,1259
29597.236041,2817426075,2817427329,15794,1254
29597.246570,2817435568,2817436940,16038,1372
29597.256330,2817444979,2817446208,15855,1229
29597.267602,2817454487,2817455740,15780,1253
29597.276336,2817463916,2817465289,15899,1373
29597.288330,2817473583,2817474841,15843,1258
29597.299163,2817483133,2817484392,15769,1259
29597.308329,2817492813,2817494068,15926,1255
29597.320210,2817502195,2817503571,15836,1376
29597.330726,2817511728,2817513102,15794,1374
29597.340332,2817521210,2817522584,15912,1374
29597.351768,2817530744,2817532123,15831,1379
29597.360328,2817540396,2817541678,15781,1282
29597.372333,2817549909,2817551169,15862,1260
29597.383333,2817559392,2817560626,15886,1234
29597.392327,2817568892,2817570150,15770,1258
29597.404330,2817578286,2817579658,15884,1372
29597.414891,2817587809,2817589185,15807,1376
29597.424327,2817597313,2817598567,15710,1254
29597.435931,2817606866,2817608073,15931,1207
29597.446452,2817616302,2817617679,16002,1377
29597.456328,2817625929,2817627183,15752,1254
29597.467490,2817635280,2817636657,15914,1377
29597.476328,2817644898,2817646152,15913,1254
29597.488330,2817654135,2817655509,15765,1374
29597.499053,2817663761,2817665018,15956,1257
29597.508331,2817673392,2817674628,15871,1236
29597.520085,2817682941,2817684199,15727,1258
29597.530610,2817692352,2817693731,15927,1379
29597.540327,2817702006,2817703381,15913,1375
29597.551643,2817711634,2817712865,15760,1231
29597.560334,2817721136,2817722393,15880,1257
29597.572329,2817730654,2817732024,15917,1370
29597.583204,2817740194,2817741563,15712,1369
29597.592336,2817749720,2817751092,15888,1372
29597.604250,2817759325,2817760692,15915,1367
29597.614763,2817768949,2817770154,15798,1205
29597.624328,2817778307,2817779679,15899,1372
29597.635813,2817787834,2817789209,15852,1375
29597.644327,2817797491,2817798746,15813,1255
29597.656334,2817806975,2817808344,16060,1369
29597.667371,2817816489,2817817864,15804,1375
29597.676327,2817826144,2817827427,15804,1283
29597.688329,2817835721,2817836979,16014,1258
29597.698933,2817845210,2817846442,15852,1232
29597.708331,2817854569,2817855945,15775,1376
29597.719969,2817864082,2817865455,15959,1373
29597.730490,2817873584,2817874957,15800,1373
29597.740327,2817883208,2817884446,15747,1238
29597.751533,2817892715,2817893942,15921,1227
29597.760329,2817902105,2817903480,15854,1375
29597.772331,2817911683,2817912912,15808,1229
29597.783091,2817921021,2817922395,15932,1374
29597.792329,2817930536,2817931904,15832,1368
29597.804123,2817940158,2817941417,15811,1259
29597.814653,2817949672,2817950930,15919,1258
29597.824332,2817959183,2817960440,15874,1257
29597.835686,2817968727,2817969958,15801,1231
29597.844328,2817978176,2817979547,15973,1371
29597.856329,2817987691,2817989062,15822,1371
29597.867246,2817997215,2817998588,15741,1373
29597.876330,2818006733,2818008106,15943,1373
29597.888289,2818016276,2818017649,15826,1373
29597.898806,2818025795,2818027161,15839,1366
29597.908328,2818035428,2818036659,15973,1231
29597.919853,2818044902,2818046130,15911,1228
29597.930362,2818054410,2818055639,15744,1229
29597.940329,2818063890,2818065145,15902,1255
29597.951411,2818073377,2818074586,15898,1209
29597.960332,2818082875,2818084106,15807,1231
29597.972327,2818092342,2818093601,15893,1259
29597.982972,2818101772,2818103139,15808,1367
29597.992330,2818111303,2818112677,15805,1374
29598.004011,2818120813,2818122190,15911,1377
29598.014532,2818130303,2818131675,15798,1372
29598.024331,2818139938,2818141197,15770,1259
29598.035572,2818149487,2818150743,15843,1256
29598.044329,2818158987,2818160247,15894,1260
29598.056332,2818168366,2818169737,15787,1371
29598.067132,2818178001,2818179233,15922,1232
29598.076328,2818187477,2818188850,15996,1373
29598.088162,2818197119,2818198347,15758,1228
29598.098694,2818206646,2818207901,15887,1255
29598.108331,2818216069,2818217442,15832,1373
29598.119726,2818225720,2818227093,15957,1373
29598.128328,2818235358,2818236590,15884,1232
29598.140331,2818244823,2818246079,15823,1256
29598.151286,2818254361,2818255588,15762,1227
29598.160333,2818263881,2818265108,15940,1227
29598.172332,2818273246,2818274622,15795,1376
29598.182844,2818282841,2818284075,15715,1234
29598.192331,2818292344,2818293572,15947,1228
29598.203890,2818301682,2818302892,15879,1210
29598.214406,2818311122,2818312356,15776,1234
29598.224328,2818320595,2818321852,15890,1257
29598.235450,2818329999,2818331371,15832,1372
29598.244360,2818339500,2818340868,15746,1368
29598.256333,2818348926,2818350301,15935,1375
29598.267013,2818358548,2818359753,15889,1205
29598.276330,2818368003,2818369256,15828,1253
29598.288053,2818377401,2818378773,15940,1372
29598.300067,2818388154,2818389409,15797,1255
29598.310595,2818397662,2818399038,15968,1376
29598.320329,2818407260,2818408628,15913,1368
29598.331628,2818416775,2818418148,15745,1373
29598.340329,2818426293,2818427669,15920,1376
29598.352331,2818435924,2818437178,15893,1254
29598.363186,2818445428,2818446634,15722,1206
29598.372331,2818454801,2818456067,15981,1266
29598.384233,2818464207,2818465582,15842,1375
29598.394750,2818473666,2818475040,15807,1374
29598.404328,2818483192,2818484565,15992,1373
29598.415792,2818492807,2818494173,15912,1366
29598.424331,2818502429,2818503682,15719,1253
29598.436332,2818511922,2818513156,15923,1234
29598.447354,2818521366,2818522737,15916,1371
29598.456336,2818530953,2818532327,15858,1374
29598.468328,2818540446,2818541814,15913,1368
29598.478914,2818549868,2818551241,15814,1373
29598.488328,2818559382,2818560754,15831,1372
29598.499954,2818569029,2818570405,16052,1376
29598.510477,2818578708,2818579942,15903,1234
29598.520334,2818588159,2818589530,15829,1371
29598.531513,2818597799,2818599172,15947,1373
29598.540328,2818607418,2818608670,15823,1252
29598.552331,2818616936,2818618193,15810,1257
29598.563075,2818626456,2818627827,15974,1371
29598.572329,2818635998,2818637366,15773,1368
29598.584108,2818645491,2818646863,15736,1372
29598.594635,2818654950,2818656321,15979,1371
29598.604331,2818664535,2818665903,15912,1368
29598.615669,2818674009,2818675387,15799,1378
29598.624333,2818683624,2818684996,15990,1372
29598.636328,2818693244,2818694502,15815,1258
29598.647227,2818702684,2818703888,15722,1204
29598.656327,2818712141,2818713507,16060,1366
29598.668273,2818721801,2818723170,15913,1369
29598.678790,2818731309,2818732680,15730,1371
29598.688332,2818740952,2818742202,15887,1250
29598.699833,2818750337,2818751703,15829,1366
29598.710350,2818759966,2818761330,15803,1364
29598.720330,2818769463,2818770693,15867,1230
29598.731395,2818778920,2818780262,15902,1342
29598.740330,2818788381,2818789727,15782,1346
29598.752332,2818797953,2818799177,15910,1224
29598.762955,2818807295,2818808668,15864,1373
29598.772331,2818816902,2818818156,15708,1254
29598.783995,2818826416,2818827643,15861,1227
29598.794515,2818835906,2818837111,15874,1205
29598.804333,2818845355,2818846602,15740,1247
29598.815554,2818854879,2818856225,16049,1346
29598.824329,2818864405,2818865664,15892,1259
29598.836333,2818873728,2818875100,15799,1372
29598.847115,2818883240,2818884606,15979,1366
29598.856329,2818892739,2818894080,15796,1341
29598.868147,2818902303,2818903669,15854,1366
29598.878675,2818911905,2818913271,15966,1366
29598.888329,2818921535,2818922763,15808,1228
29598.899708,2818931007,2818932324,15851,1317
29598.908337,2818940546,2818941913,15967,1367
29598.920331,2818950192,2818951560,15913,1368
29598.931270,2818959831,2818961194,15861,1363
29598.940328,2818969417,2818970783,15970,1366
29598.952312,2818978933,2818980307,15824,1374
29598.962828,2818988799,2818990004,15696,1205
29598.972334,2818998260,2818999509,15902,1249
29598.983866,2819007640,2819008870,15807,1230
29598.994390,2819017161,2819018479,15944,1318
29599.004328,2819026602,2819027943,15900,1341
29599.015429,2819036067,2819037444,15775,1377
29599.024328,2819045564,2819046768,15851,1204
29599.036332,2819054892,2819056265,15984,1373
29599.046987,2819064475,2819065815,15826,1340
29599.056328,2819073944,2819075262,15851,1318
29599.068035,2819083358,2819084730,15981,1372
29599.078551,2819092814,2819094181,15750,1367
29599.088332,2819102426,2819103792,15882,1366
29599.099593,2819111969,2819113335,16035,1366
29599.108335,2819121439,2819122811,15733,1372
29599.120329,2819130896,2819132265,15840,1369
29599.131155,2819140361,2819141706,15868,1345
29599.140329,2819149915,2819151145,15793,1230
29599.152190,2819159380,2819160719,16017,1339
29599.162718,2819168933,2819170165,15976,1232
29599.172334,2819178344,2819179707,15852,1363
29599.183749,2819187809,2819189152,15897,1343
29599.192334,2819197370,2819198711,16031,1341
29599.204333,2819206932,2819208303,15843,1371
29599.215310,2819216485,2819217854,15938,1369
29599.224328,2819226038,2819227266,15909,1228
29599.236330,2819235500,2819236732,15800,1232
29599.246870,2819244876,2819246217,15905,1341
29599.256327,2819254324,2819255691,15923,1367
29599.267914,2819263752,2819265129,15875,1377
29599.278431,2819273324,2819274666,15926,1342
29599.288327,2819282770,2819284139,15916,1369
29599.299467,2819292352,2819293555,15797,1203
29599.308328,2819301778,2819303006,15897,1228
29599.320330,2819311259,2819312492,15962,1233
29599.331030,2819320722,2819322096,15949,1374
29599.340329,2819330298,2819331669,15883,1371
29599.352074,2819339880,2819341256,15966,1376
29599.362590,2819349385,2819350757,15787,1372
29599.372333,2819358996,2819360362,16018,1366
29599.383635,2819368475,2819369843,16004,1368
29599.392332,2819378108,2819379338,15805,1230
29599.404329,2819387614,2819388955,15931,1341
29599.415195,2819397167,2819398509,15984,1342
29599.424327,2819406736,2819407940,15782,1204
29599.436228,2819416161,2819417388,15884,1227
29599.446756,2819425625,2819426997,16036,1372
29599.456328,2819435116,2819436484,15797,1368
29599.467788,2819444689,2819445894,15776,1205
29599.476331,2819454028,2819455367,15882,1339
29599.488328,2819463572,2819464910,15846,1338
29599.499351,2819473103,2819474445,15930,1342
29599.508333,2819482627,2819483967,16004,1340
29599.520329,2819492199,2819493540,15842,1341
29599.530911,2819501799,2819503167,15942,1368
29599.540329,2819511250,2819512612,15979,1362
29599.551947,2819520802,2819522167,15819,1365
29599.562470,2819530356,2819531722,15990,1366
29599.572328,2819539793,2819541162,15918,1369
29599.583510,2819549245,2819550617,15842,1372
29599.592331,2819558787,2819560124,15845,1337
29599.604329,2819568374,2819569714,15963,1340
29599.615075,2819577794,2819579135,15830,1341
29599.624329,2819587420,2819588758,15928,1338
29599.636115,2819596848,2819598194,15962,1346
29599.646631,2819606401,2819607767,15857,1366
29599.656327,2819615957,2819617209,15902,1252
29599.667674,2819625327,2819626671,15926,1344
29599.676330,2819634901,2819636243,15931,1342
29599.688328,2819644412,2819645728,15955,1316
29599.699236,2819653795,2819655161,15943,1366
29599.708328,2819663331,2819664694,15846,1363
29599.720268,2819672802,2819674168,15882,1366
29599.730798,2819682473,2819683652,15965,1179
29599.740329,2819691897,2819693263,15830,1366
29599.751829,2819701363,2819702681,15898,1318
29599.762356,2819710751,2819712094,15963,1343
29599.772328,2819720346,2819721716,15827,1370
29599.783389,2819729775,2819731146,15882,1371
29599.792330,2819739368,2819740708,16037,1340
29599.804332,2819748924,2819750266,15830,1342
29599.814949,2819758479,2819759819,15847,1340
29599.824329,2819767956,2819769299,15884,1343
29599.835989,2819777386,2819778727,15768,1341
29599.846512,2819786942,2819788285,15930,1343
29599.856329,2819796485,2819797826,16125,1341
29599.867547,2819806075,2819807392,15829,1317
29599.876332,2819815582,2819816945,15972,1363
29599.888332,2819825199,2819826402,15884,1203
29599.899108,2819834614,2819835956,15835,1342
29599.908329,2819844028,2819845395,15832,1367
29599.920154,2819853633,2819854949,15955,1316
29599.930659,2819863026,2819864230,15650,1204
29599.940326,2819872506,2819873709,15887,1203
29599.951718,2819881897,2819883124,16007,1227
29599.960328,2819891222,2819892564,15884,1342
29599.972328,2819900774,2819902001,15804,1227
29599.983275,2819910187,2819911555,15980,1368
29599.992333,2819919771,2819921137,15826,1366
29600.004311,2819929319,2819930679,15918,1360
29600.014835,2819938894,2819940266,15958,1372
29600.024331,2819948483,2819949855,15907,1372
29600.035868,2819958060,2819959238,15802,1178
29600.046397,2819967452,2819968823,16087,1371
29600.056329,2819977053,2819978263,15776,1210
29600.067432,2819986497,2819987812,15928,1315
29600.076330,2819996034,2819997350,15993,1316
29600.088327,2820005531,2820006733,15730,1202
29600.098991,2820014959,2820016331,15937,1372
29600.108330,2820024512,2820025715,15989,1203
29600.120027,2820033954,2820035326,15824,1372
29600.130552,2820043518,2820044810,15930,1292
29600.140331,2820053055,2820054282,15885,1227
29600.151587,2820062483,2820063854,15826,1371
29600.160331,2820072055,2820073396,15843,1341
29600.172328,2820081592,2820082957,15951,1365
29600.183148,2820091119,2820092491,15839,1372
29600.192327,2820100581,2820101898,15845,1317
29600.204195,2820109948,2820111285,15915,1337
29600.214708,2820119514,2820120858,15913,1344
29600.224328,2820129052,2820130300,15817,1248
29600.235756,2820138369,2820139736,15954,1367
29600.244327,2820147940,2820149312,15840,1372
29600.256330,2820157500,2820158729,15875,1229
29600.267315,2820166800,2820168116,15874,1316
29600.276331,2820176333,2820177696,15837,1363
29600.288331,2820185940,2820187141,15804,1201
29600.298877,2820195347,2820196666,15902,1319
29600.308329,2820204914,2820206281,15993,1367
29600.319915,2820214448,2820215771,15908,1323
29600.330438,2820224008,2820225327,15927,1319
29600.340328,2820233556,2820234899,15831,1343
29600.351474,2820243218,2820244561,15721,1343
29600.360329,2820252810,2820254175,15647,1365
29600.372329,2820262305,2820263627,15791,1322
29600.383036,2820271798,2820273165,15891,1367
29600.392332,2820281460,2820282807,15725,1347
29600.404066,2820291075,2820292331,15491,1256
29600.414596,2820300568,2820301794,15899,1226
29600.424328,2820310045,2820311415,15909,1370
29600.435627,2820319629,2820320978,15858,1349
29600.444331,2820329238,2820330582,15930,1344
29600.456330,2820339083,2820340449,15899,1366
29600.467188,2820348687,2820349913,15802,1226
29600.476328,2820358144,2820359514,16018,1370
29600.488234,2820367604,2820368973,15811,1369
29600.498751,2820377064,2820378403,15814,1339
29600.508327,2820386655,2820387978,15918,1323
29600.519794,2820396137,2820397322,15814,1185
29600.528329,2820405576,2820406948,15933,1372
29600.540332,2820415015,2820416385,15878,1370
29600.551356,2820424626,2820425919,15955,1293
29600.560332,2820434111,2820435478,15830,1367
29600.572328,2820443648,2820445014,16021,1366
29600.582918,2820453216,2820454397,15945,1181
29600.592328,2820462610,2820463926,15820,1316
29600.603950,2820472126,2820473448,15936,1322
29600.614476,2820481650,2820482961,15994,1311
29600.624330,2820491183,2820492502,15917,1319
29600.635510,2820500606,2820501947,15853,1341
29600.644329,2820510133,2820511476,15982,1343
29600.656337,2820519537,2820520885,15845,1348
29600.667072,2820529103,2820530420,15928,1317
29600.676330,2820538667,2820539925,15964,1258
29600.688107,2820548113,2820549404,15827,1291
29600.698631,2820557629,2820558947,15936,1318
29600.708328,2820566956,2820568297,15940,1341
29600.719667,2820576487,2820577828,15910,1341
29600.728333,2820586040,2820587377,15942,1337
29600.740328,2820595584,2820596875,16001,1291
29600.751230,2820604898,2820606238,15834,1340
29600.760334,2820614466,2820615809,15949,1343
29600.772275,2820623851,2820625221,15899,1370
29600.782791,2820633292,2820634585,15792,1293
29600.792327,2820642773,2820643975,15820,1202
29600.803838,2820652064,2820653355,15943,1291
29600.814348,2820661594,2820662772,15822,1178
29600.824334,2820670955,2820672290,15939,1335
29600.835396,2820680475,2820681793,15981,1318
29600.844333,2820689986,2820691166,15704,1180
29600.856337,2820699383,2820700586,15725,1203
29600.866956,2820708632,2820709948,15895,1316
29600.876331,2820718117,2820719439,15929,1322
29600.887990,2820727661,2820728975,15940,1314
29600.898516,2820737019,2820738361,15868,1342
29600.908332,2820746539,2820747716,15793,1177
29600.919550,2820755905,2820757270,15929,1365
29600.928329,2820765325,2820766641,15970,1316
29600.940336,2820774678,2820775995,15738,1317
29600.951104,2820784239,2820785586,15955,1347
29600.960336,2820793844,2820795212,16039,1368
29600.972148,2820803410,2820804583,15690,1173
29600.982672,2820812777,2820814090,15933,1313
29600.992328,2820822297,2820823613,15966,1316
29601.003715,2820831835,2820833124,15905,1289
29601.012336,2820841230,2820842522,15944,1292
29601.024330,2820850738,2820852031,16036,1293
29601.035269,2820860222,2820861564,15842,1342
29601.044328,2820869779,2820871145,15881,1366
29601.056316,2820879380,2820880585,15869,1205
29601.066828,2820888804,2820889983,15745,1179
29601.076331,2820898144,2820899486,15885,1342
29601.087878,2820907683,2820908885,15960,1202
29601.098389,2820917116,2820918430,15844,1314
29601.108332,2820926636,2820928006,15915,1370
29601.119436,2820936249,2820937565,15966,1316
29601.128329,2820945741,2820947082,15828,1341
29601.140329,2820955254,2820956455,15853,1201
29601.150999,2820964599,2820965801,15982,1202
29601.160333,2820973966,2820975336,15829,1370
29601.172032,2820983487,2820984828,15940,1341
29601.182558,2820992953,2820994295,15992,1342
29601.192330,2821002487,2821003663,15719,1176
29601.203589,2821011841,2821013130,15850,1289
29601.212328,2821021341,2821022681,15965,1340
29601.224329,2821030836,2821032201,15828,1365
29601.235149,2821040350,2821041690,15965,1340
29601.244328,2821049799,2821051139,15953,1340
29601.256187,2821059325,2821060691,15930,1366
29601.266713,2821068811,2821070100,15955,1289
29601.276329,2821078178,2821079519,15987,1341
29601.287748,2821087699,2821088988,15836,1289
29601.296330,2821097216,2821098533,15940,1317
29601.308331,2821106690,2821108061,15949,1371
29601.319308,2821116237,2821117579,15826,1342
29601.328333,2821125678,2821127021,15898,1343
29601.340330,2821135216,2821136507,16086,1291
29601.350876,2821144626,2821145968,15903,1342
29601.360334,2821153926,2821155243,15880,1317
29601.371918,2821163471,2821164648,15905,1177
29601.382429,2821172859,2821174151,15823,1292
29601.392334,2821182290,2821183606,16043,1316
29601.403475,2821191639,2821192926,15907,1287
29601.412330,2821201142,2821202508,15832,1366
29601.424335,2821210719,2821211894,15883,1175
29601.435036,2821220072,2821221389,16085,1317
29601.444330,2821229599,2821230970,15910,1371
29601.456071,2821239144,2821240482,16041,1338
29601.466598,2821248699,2821250015,16087,1316
29601.476333,2821258169,2821259509,15816,1340
29601.487631,2821267666,2821268956,15937,1290
29601.496335,2821277102,2821278414,16069,1312
29601.508337,2821286612,2821287881,15918,1269
29601.519192,2821296088,2821297425,15927,1337
29601.528335,2821305604,2821306921,15990,1317
29601.540230,2821315088,2821316381,15852,1293
29601.550750,2821324578,2821325866,15864,1288
29601.560330,2821333906,2821335220,15881,1314
29601.571788,2821343375,2821344555,15759,1180
29601.580327,2821352778,2821354070,15939,1292
29601.592335,2821362252,2821363567,16038,1315
29601.603349,2821371725,2821373065,15928,1340
29601.612331,2821381248,2821382587,16026,1339
29601.624328,2821390760,2821392105,15983,1345
29601.634909,2821400256,2821401464,15719,1208
29601.644329,2821409628,2821410943,15878,1315
29601.655956,2821419162,2821420503,15992,1341
29601.666469,2821428666,2821429958,15845,1292
29601.676327,2821438194,2821439515,15938,1321
29601.687517,2821447632,2821448920,15989,1288
29601.696335,2821457089,2821458431,15903,1342
29601.708328,2821466496,2821467813,15874,1317
29601.719077,2821476003,2821477296,15997,1293
29601.728329,2821485598,2821486889,15821,1291
29601.740108,2821495093,2821496361,15877,1268
29601.750637,2821504438,2821505730,15988,1292
29601.760337,2821513887,2821515226,15824,1339
29601.771672,2821523431,2821524722,15946,1291
29601.780331,2821532769,2821534087,15890,1318
29601.792329,2821542312,2821543628,15845,1316
29601.803231,2821551848,2821553140,15934,1292
29601.812329,2821561282,2821562598,16033,1316
29601.824268,2821570749,2821572065,15827,1316
29601.834791,2821580242,2821581534,15942,1292
29601.844333,2821589669,2821591009,16039,1340
29601.855828,2821599179,2821600447,15830,1268
29601.866352,2821608645,2821609937,15926,1292
29601.876329,2821618098,2821619439,16119,1341
29601.887388,2821627604,2821628869,15931,1265
29601.896328,2821636939,2821638254,15789,1315
29601.908330,2821646419,2821647734,15969,1315
29601.918949,2821655931,2821657252,15913,1321
29601.928328,2821665402,2821666692,16038,1290
29601.939996,2821674709,2821676001,15961,1292
29601.950509,2821684126,2821685441,15830,1315
29601.960329,2821693642,2821694954,15951,1312
29601.971557,2821703166,2821704504,16019,1338
29601.980335,2821712626,2821713939,15826,1313
29601.992332,2821722084,2821723423,15932,1339
29602.003116,2821731570,2821732858,15952,1288
29602.012331,2821741071,2821742387,15822,1316
29602.024149,2821750575,2821751842,15884,1267
29602.034677,2821759882,2821761174,15919,1292
29602.044327,2821769307,2821770619,15990,1312
29602.055710,2821778803,2821780095,16027,1292
29602.064328,2821788239,2821789556,16036,1317
29602.076329,2821797740,2821799032,15827,1292
29602.087273,2821807228,2821808492,15927,1264
29602.096328,2821816640,2821817951,16052,1311
29602.108308,2821826043,2821827310,15833,1267
29602.118832,2821835498,2821836787,15939,1289
29602.128328,2821844957,2821846299,15982,1342
29602.139869,2821854472,2821855738,15812,1266
29602.150392,2821863762,2821865029,15850,1267
29602.160330,2821873147,2821874488,16073,1341
29602.171429,2821882655,2821883995,15904,1340
29602.180334,2821891981,2821893351,15987,1370
29602.192331,2821901526,2821902815,16086,1289
29602.202989,2821910970,2821912257,15912,1287
29602.212329,2821920437,2821921776,16038,1339
29602.224036,2821929943,2821931258,16084,1315
29602.234549,2821939381,2821940648,15828,1267
29602.244329,2821948766,2821950057,15843,1291
29602.255596,2821958204,2821959467,16081,1263
29602.264328,2821967658,2821968974,15912,1316
29602.276335,2821977074,2821978338,15936,1264
29602.287157,2821986492,2821987776,16000,1284
29602.296327,2821995957,2821997245,15848,1288
29602.308190,2822005353,2822006639,15937,1286
29602.318718,2822014813,2822016104,15999,1291
29602.328329,2822024251,2822025532,15831,1281
29602.339751,2822033725,2822035018,15937,1293
29602.348328,2822043191,2822044530,15948,1339
29602.360336,2822052652,2822053970,15824,1318
29602.371311,2822062147,2822063414,15939,1267
29602.380329,2822071570,2822072862,16024,1292
29602.392330,2822080976,2822082212,15904,1236
29602.402871,2822090338,2822091655,15938,1317
29602.412332,2822099774,2822101041,16087,1267
29602.423909,2822109222,2822110513,15914,1291
29602.434432,2822118678,2822120020,16024,1342
29602.444329,2822128156,2822129423,16049,1267
29602.455468,2822137564,2822138856,15915,1292
29602.464327,2822146979,2822148237,16024,1258
29602.476329,2822156372,2822157688,16075,1316
29602.487031,2822165820,2822167132,15915,1312
29602.496334,2822175276,2822176612,16031,1336
29602.508076,2822184794,2822186110,16047,1316
29602.518589,2822194245,2822195504,15892,1259
29602.528328,2822203686,2822205003,15970,1317
29602.539637,2822213136,2822214426,16075,1290
29602.548328,2822222575,2822223842,15936,1267
29602.560331,2822231953,2822233265,16024,1312
29602.571197,2822241411,2822242727,16085,1316
29602.580328,2822250875,2822252166,15910,1291
29602.592229,2822260356,2822261647,15845,1291
29602.602758,2822269793,2822271102,15969,1309
29602.612333,2822279288,2822280603,15830,1315
29602.623792,2822288748,2822290039,15933,1291
29602.632327,2822298191,2822299506,15970,1315
29602.644330,2822307681,2822308970,15843,1289
29602.655351,2822317110,2822318398,15939,1288
29602.664332,2822326501,2822327759,16001,1258
29602.676327,2822335932,2822337248,15821,1316
29602.686912,2822345388,2822346679,15933,1291
29602.696329,2822354797,2822356119,15954,1322
29602.707951,2822364256,2822365595,15854,1339
29602.718474,2822373746,2822375037,15935,1291
29602.728331,2822383175,2822384467,15993,1292
29602.739516,2822392668,2822393960,15909,1292
29602.748331,2822402101,2822403439,15925,1338
29602.760329,2822411624,2822412890,16000,1266
29602.771069,2822421012,2822422333,15829,1321
29602.780328,2822430538,2822431854,15940,1316
29602.792115,2822440102,2822441393,15967,1291
29602.802632,2822449493,2822450755,15854,1262
29602.812327,2822458858,2822460149,15914,1291
29602.823678,2822468251,2822469564,16002,1313
29602.832327,2822477756,2822479047,15830,1291
29602.844335,2822487203,2822488466,15952,1263
29602.855238,2822496610,2822497872,15995,1262
29602.864328,2822505974,2822507232,15818,1258
29602.876271,2822515409,2822516673,15936,1264
29602.886798,2822524833,2822526120,15997,1287
29602.896328,2822534257,2822535571,15828,1314
29602.907831,2822543713,2822545027,15940,1314
29602.918358,2822553140,2822554403,15992,1263
29602.928330,2822562571,2822563886,15824,1315
29602.939391,2822572061,2822573376,15845,1315
29602.948332,2822581468,2822582728,15968,1260
29602.960332,2822590867,2822592158,15825,1291
29602.970953,2822600250,2822601541,15941,1291
29602.980327,2822609683,2822610999,15953,1316
29602.991989,2822618948,2822620207,15843,1259
29603.002513,2822628368,2822629633,15937,1265
29603.012333,2822637794,2822639062,16004,1268
29603.023552,2822647229,2822648541,15854,1312
29603.032327,2822656679,2822657972,15943,1293
29603.044334,2822666107,2822667399,15955,1292
29603.055110,2822675541,2822676803,15830,1262
29603.064332,2822684997,2822686256,15939,1259
29603.076157,2822694364,2822695636,15998,1272
29603.086677,2822703776,2822705055,15889,1279
29603.096333,2822713203,2822714518,15886,1315
29603.107717,2822722632,2822723922,15997,1290
29603.116330,2822732090,2822733379,15854,1289
29603.128330,2822741534,2822742790,15939,1256
29603.139277,2822750906,2822752174,15962,1268
29603.148331,2822760317,2822761609,15853,1292
29603.160308,2822769717,2822771027,15885,1310
29603.170838,2822779095,2822780331,16048,1236
29603.180329,2822788458,2822789715,15829,1257
29603.191873,2822797770,2822799027,15953,1257
29603.202398,2822806887,2822808144,16000,1257
29603.212330,2822816262,2822817520,15830,1258
29603.223432,2822825647,2822826937,15930,1290
29603.232329,2822835090,2822836407,15990,1317
29603.244329,2822844571,2822845836,15825,1265
29603.254993,2822853972,2822855240,15943,1268
29603.264330,2822863337,2822864619,15970,1282
29603.276029,2822872689,2822873928,15820,1239
29603.286551,2822882000,2822883279,15838,1279
29603.296330,2822891383,2822892617,15964,1234
29603.307592,2822900709,2822901977,15856,1268
29603.316334,2822910092,2822911350,15940,1258
29603.328333,2822919420,2822920701,16000,1281
29603.339152,2822928777,2822930064,15867,1287
29603.348330,2822938236,2822939445,15940,1209
29603.360197,2822947579,2822948867,15996,1288
29603.370710,2822956990,2822958301,15833,1311
29603.380331,2822966356,2822967639,15938,1283
29603.391757,2822975685,2822976918,15951,1233
29603.400328,2822985070,2822986335,15822,1265
29603.412331,2822994384,2822995618,15943,1234
29603.423317,2823003727,2823005014,16088,1287
29603.432328,2823013135,2823014425,15992,1290
29603.444329,2823022572,2823023786,16025,1214
29603.454878,2823031838,2823033072,16087,1234
29603.464329,2823041229,2823042520,15909,1291
29603.475911,2823050545,2823051754,16022,1209
29603.486437,2823059825,2823061033,16056,1208
29603.496330,2823069120,2823070377,15915,1257
29603.507472,2823078452,2823079686,16030,1234
29603.516330,2823087744,2823089006,16090,1262
29603.528328,2823097089,2823098347,15915,1258
29603.539033,2823106463,2823107730,16038,1267
29603.548329,2823115798,2823117006,16080,1208
29603.560069,2823125126,2823126383,15914,1257
29603.570594,2823134441,2823135723,16029,1282
29603.580327,2823143802,2823145090,16054,1288
29603.591630,2823153158,2823154391,15908,1233
29603.600334,2823162531,2823163795,15975,1264
29603.612327,2823171861,2823173117,16035,1256
29603.623190,2823181196,2823182406,15919,1210
29603.632331,2823190463,2823191722,15929,1259
29603.644238,2823199808,2823201089,16101,1281
29603.654750,2823209169,2823210404,15912,1235
29603.664336,2823218478,2823219713,16031,1235
29603.675798,2823227796,2823229089,16131,1293
29603.684328,2823237169,2823238426,15929,1257
29603.696334,2823246478,2823247686,16024,1208
29603.707358,2823255720,2823256977,16094,1257
29603.716331,2823265041,2823266299,15881,1258
29603.728336,2823274354,2823275613,16003,1259
29603.738918,2823283687,2823284972,16049,1285
29603.748327,2823293038,2823294329,15946,1291
29603.759952,2823302427,2823303714,15999,1287
29603.770479,2823311796,2823313055,16078,1259
29603.780329,2823321094,2823322376,15992,1282
29603.791512,2823330394,2823331651,16021,1257
29603.800331,2823339722,2823340977,16056,1255
29603.812334,2823348922,2823350157,15832,1235
29603.823072,2823358231,2823359439,15935,1208
29603.832328,2823367520,2823368729,16051,1209
29603.844109,2823376781,2823378016,15909,1235
29603.854633,2823386139,2823387405,16026,1266
29603.864331,2823395450,2823396709,16082,1259
29603.875673,2823404765,2823406026,15947,1261
29603.884327,2823414191,2823415480,16039,1289
29603.896329,2823423503,2823424761,16086,1258
29603.907230,2823432806,2823434038,15914,1232
29603.916333,2823442083,2823443346,16021,1263
29603.928278,2823451384,2823452617,16094,1233
29603.938790,2823460671,2823461900,15914,1229
29603.948331,2823469953,2823471207,16023,1254
29603.959837,2823479262,2823480498,16086,1236
29603.983876,2823493606,2823494252,11970,646
29603.994402,2823497997,2823498642,12090,645
29604.004332,2823504891,2823506067,16042,1176
29604.015436,2823513831,2823515006,15842,1175
29604.024327,2823522994,2823524227,15932,1233
29604.036332,2823532201,2823533405,15947,1204
29604.046998,2823541434,2823542663,15846,1229
29604.056333,2823550678,2823551886,15933,1208
29604.068042,2823559859,2823561068,15977,1209
29604.078563,2823569122,2823570355,15905,1233
29604.088332,2823578407,2823579660,15932,1253
29604.099603,2823587627,2823588832,15979,1205
29604.108330,2823596850,2823598108,15836,1258
29604.120329,2823606117,2823607325,15940,1208
29604.131163,2823615385,2823616597,15977,1212
29604.140333,2823624641,2823625899,15832,1258
29604.152198,2823633999,2823635204,15940,1205
29604.162724,2823643285,2823644574,15963,1289
29604.172331,2823652681,2823653970,15852,1289
29604.183759,2823662067,2823663275,15947,1208
29604.192332,2823671370,2823672580,15990,1210
29604.204335,2823680607,2823681893,15829,1286
29604.215315,2823689931,2823691165,15929,1234
29604.224329,2823699219,2823700452,15960,1233
29604.236332,2823708599,2823709886,15861,1287
29604.246879,2823717923,2823719180,15938,1257
29604.256331,2823727207,2823728416,16101,1209
29604.267916,2823736425,2823737632,15917,1207
29604.278438,2823745691,2823746973,15932,1282
29604.288329,2823755009,2823756243,16030,1234
29604.299478,2823764293,2823765535,15944,1242
29604.308330,2823773583,2823774843,16026,1260
29604.320330,2823782890,2823784153,16081,1263
29604.331036,2823792183,2823793416,15931,1233
29604.340329,2823801494,2823802730,16017,1236
29604.352083,2823810755,2823812010,16084,1255
29604.362599,2823820022,2823821255,15950,1233
29604.372329,2823829295,2823830554,16022,1259
29604.383643,2823838595,2823839828,16030,1233
29604.392334,2823847894,2823849127,15916,1233
29604.404328,2823857185,2823858469,16016,1284
29604.415204,2823866498,2823867706,16076,1208
29604.424328,2823875773,2823877007,15914,1234
29604.436239,2823885087,2823886350,15932,1263
29604.446764,2823894415,2823895651,16071,1236
29604.456327,2823903735,2823904993,15922,1258
29604.467798,2823913003,2823914210,16028,1207
29604.476332,2823920366,2823921551,15773,1185
29604.488330,2823929534,2823930715,15832,1181
29604.499358,2823938726,2823939992,15933,1266
29604.508330,2823948062,2823949317,15989,1255
29604.520328,2823957438,2823958696,15831,1258
29604.530919,2823966716,2823967950,15940,1234
29604.540327,2823976016,2823977250,16081,1234
29604.551955,2823985262,2823986490,15931,1228
29604.562479,2823994484,2823995669,16024,1185
29604.572332,2824003501,2824004735,16072,1234
29604.583516,2824012705,2824013890,15930,1185
29604.592328,2824021865,2824023098,15937,1233
29604.604330,2824031161,2824032446,15998,1285
29604.615076,2824040476,2824041685,15834,1209
29604.624332,2824049508,2824050769,15855,1261
29604.636124,2824058765,2824059998,15949,1233
29604.646637,2824068127,2824069338,15824,1211
29604.656334,2824077347,2824078581,15940,1234
29604.667684,2824086372,2824087556,15983,1184
29604.676331,2824095562,2824096771,15849,1209
29604.688329,2824104817,2824106023,15935,1206
29604.699244,2824114014,2824115279,15991,1265
29604.708333,2824123331,2824124596,15858,1265
29604.720277,2824132660,2824133917,15938,1257
29604.730805,2824141949,2824143156,16074,1207
29604.740330,2824151164,2824152345,15917,1181
29604.751838,2824160351,2824161533,16024,1182
29604.762365,2824169508,2824170693,16080,1185
29604.772331,2824178685,2824179867,15977,1182
29604.783396,2824187877,2824189087,15887,1210
29604.792332,2824197169,2824198398,16085,1229
29604.804332,2824206317,2824207502,15828,1185
29604.814958,2824215519,2824216728,15933,1209
29604.824330,2824224739,2824225944,16055,1205
29604.835996,2824233970,2824235229,15874,1259
29604.846520,2824243253,2824244438,15936,1185
29604.856334,2824252448,2824253653,15986,1205
29604.867557,2824261707,2824262914,15821,1207
29604.876331,2824270981,2824272189,15953,1208
29604.888328,2824280202,2824281430,16015,1228
29604.899117,2824289419,2824290604,15828,1185
29604.908331,2824298588,2824299797,15941,1209
29604.920163,2824307855,2824309089,16083,1234
29604.930677,2824317170,2824318378,15849,1208
29604.940330,2824326440,2824327676,15915,1236
29604.951724,2824335686,2824336893,15993,1207
29604.960332,2824344938,2824346192,15832,1254
29604.972332,2824354218,2824355450,15843,1232
29604.983285,2824363483,2824364692,15958,1209
29604.992327,2824372661,2824373874,15856,1213
29605.004322,2824381875,2824383110,15930,1235
29605.014843,2824391116,2824392321,15982,1205
29605.024333,2824400364,2824401597,15829,1233
29605.035881,2824409661,2824410846,16033,1185
29605.046405,2824418881,2824420066,16035,1185
29605.056328,2824428127,2824429360,15922,1233
29605.067441,2824437469,2824438710,16022,1241
29605.076328,2824446748,2824447956,16050,1208
29605.088328,2824456056,2824457268,15936,1212
29605.098999,2824465309,2824466517,15926,1208
29605.108333,2824474491,2824475701,15991,1210
29605.120043,2824483696,2824484932,15924,1236
29605.130561,2824492970,2824494178,15932,1208
29605.140332,2824502183,2824503388,15996,1205
29605.151596,2824511439,2824512694,15821,1255
29605.160330,2824520698,2824521883,15939,1185
29605.172335,2824529900,2824531133,16072,1233
29605.183157,2824539104,2824540308,15824,1204
29605.192327,2824548290,2824549499,15938,1209
29605.204204,2824557587,2824558819,15982,1232
29605.214717,2824566809,2824568014,15849,1205
29605.224329,2824576004,2824577213,15961,1209
29605.235760,2824585229,2824586415,16005,1186
29605.244333,2824594393,2824595578,15828,1185
29605.256332,2824603607,2824604787,15931,1180
29605.267324,2824612781,2824613964,15981,1183
29605.276331,2824622006,2824623216,15848,1210
29605.288334,2824631194,2824632399,15938,1205
29605.298884,2824640391,2824641600,16066,1209
29605.308329,2824649594,2824650779,15918,1185
29605.319917,2824658774,2824659960,15933,1186
29605.330446,2824667973,2824669159,16074,1186
29605.340332,2824677143,2824678348,15907,1205
29605.351479,2824686334,2824687542,16019,1208
29605.360330,2824695518,2824696753,16085,1235
29605.372335,2824704800,2824706007,15933,1207
29605.383039,2824714008,2824715217,16027,1209
29605.392334,2824723222,2824724427,16067,1205
29605.404076,2824732434,2824733638,15836,1204
29605.414598,2824741664,2824742872,15886,1208
29605.424333,2824750859,2824752067,15944,1208
29605.435637,2824760057,2824761290,15835,1233
29605.444333,2824769177,2824770388,15938,1211
29605.456333,2824778499,2824779731,16058,1232
29605.467204,2824787834,2824789098,15899,1264
29605.476331,2824797224,2824798483,15936,1259
29605.488243,2824806490,2824807675,16052,1185
29605.498760,2824815758,2824817020,15938,1262
29605.508332,2824825011,2824826219,16040,1208
29605.519804,2824834221,2824835403,15983,1182
29605.528335,2824843413,2824844621,15835,1208
29605.540331,2824852588,2824853795,15939,1207
29605.551365,2824861803,2824862985,15981,1182
29605.560331,2824870970,2824872174,15834,1204
29605.572333,2824880090,2824881270,15951,1180
29605.582925,2824889274,2824890453,16060,1179
29605.592332,2824898455,2824899664,15937,1209
29605.603958,2824907641,2824908826,16020,1185
29605.614484,2824916777,2824917960,16066,1183
29605.624334,2824925968,2824927154,15919,1186
29605.635519,2824935192,2824936397,15930,1205
29605.644328,2824944300,2824945509,16107,1209
29605.656337,2824953515,2824954744,15922,1229
29605.667079,2824962754,2824963935,15932,1181
29605.676330,2824971924,2824973109,16053,1185
29605.688116,2824981079,2824982285,15923,1206
29605.698639,2824990260,2824991520,15936,1260
29605.708330,2824999311,2825000541,15981,1230
29605.719677,2825008515,2825009744,15838,1229
29605.728329,2825017735,2825018963,15940,1228
29605.740329,2825026926,2825028135,15978,1209
29605.751237,2825036129,2825037359,15851,1230
29605.760330,2825045367,2825046545,15954,1178
29605.772284,2825054490,2825055672,15939,1182
29605.782797,2825063674,2825064878,15828,1204
29605.792331,2825072913,2825074141,15940,1228
29605.803844,2825082119,2825083326,15981,1207
29605.814365,2825091336,2825092521,15900,1185
29605.824330,2825100541,2825101831,15933,1290
29605.835406,2825109852,2825111038,15995,1186
29605.844328,2825119082,2825120343,15849,1261
29605.856334,2825128352,2825129536,15939,1184
29605.866963,2825137565,2825138773,15968,1208
29605.876333,2825146773,2825147957,15831,1184
29605.887999,2825155953,2825157135,15937,1182
29605.898525,2825165034,2825166240,15975,1206
29605.908328,2825174225,2825175434,15811,1209
29605.919560,2825183442,2825184626,15951,1184
29605.928332,2825192628,2825193811,15980,1183
29605.940328,2825201778,2825202981,15924,1203
29605.951119,2825210993,2825212202,16016,1209
29605.960333,2825220184,2825221390,16071,1206
29605.972157,2825229393,2825230578,15920,1185
29605.982681,2825238572,2825239777,16026,1205
29605.992331,2825247754,2825248937,16065,1183
29606.003717,2825256919,2825258105,15918,1186
29606.012332,2825266081,2825267288,15926,1207
29606.024329,2825275329,2825276533,16145,1204
29606.035278,2825284501,2825285709,15925,1208
29606.044328,2825293687,2825294870,15926,1183
29606.056325,2825302904,2825304089,16068,1185
29606.066837,2825312101,2825313283,15935,1182
29606.076329,2825321290,2825322498,16028,1208
29606.087884,2825330470,2825331650,16068,1180
29606.098398,2825339651,2825340854,15920,1203
29606.108330,2825348824,2825350027,16029,1203
29606.119445,2825357839,2825359023,16048,1184
29606.128329,2825367005,2825368210,15920,1205
29606.140328,2825376256,2825377440,16030,1184
29606.151005,2825385411,2825386619,16046,1208
29606.160334,2825394550,2825395754,15911,1204
29606.172039,2825403726,2825404929,15935,1203
29606.182565,2825412908,2825414089,16068,1181
29606.192331,2825422119,2825423355,15945,1236
29606.203599,2825431380,2825432564,16013,1184
29606.212330,2825440614,2825441880,16050,1266
29606.224330,2825449862,2825451071,15915,1209
29606.235160,2825459082,2825460286,16029,1204
29606.244335,2825468226,2825469409,16063,1183
29606.256197,2825477219,2825478403,15835,1184
29606.266722,2825486393,2825487576,16032,1183
29606.276329,2825495613,2825496793,16051,1180
29606.287757,2825504776,2825505962,15921,1186
29606.296333,2825513959,2825515163,16025,1204
29606.308334,2825523131,2825524339,16049,1208
29606.319317,2825532337,2825533544,15917,1207
29606.328328,2825541568,2825542752,16026,1184
29606.340328,2825550730,2825551911,16050,1181
29606.350877,2825559893,2825561121,15916,1228
29606.360329,2825569112,2825570296,15928,1184
29606.371924,2825578272,2825579452,16054,1180
29606.382438,2825587434,2825588613,15911,1179
29606.392328,2825596595,2825597804,16013,1209
29606.403487,2825605822,2825607029,16104,1207
29606.412332,2825615041,2825616248,15889,1207
29606.424333,2825624219,2825625398,16023,1179
29606.435045,2825633409,2825634591,16047,1182
29606.444327,2825642585,2825643765,15922,1180
29606.456079,2825651796,2825652979,16021,1183
29606.466605,2825660971,2825662154,15946,1183
29606.476330,2825670128,2825671336,15837,1208
29606.487640,2825679275,2825680455,15946,1180
29606.496330,2825688461,2825689645,15965,1184
29606.508332,2825697653,2825698893,15913,1240
29606.519200,2825706904,2825708088,15935,1184
29606.528330,2825716055,2825717262,15982,1207
29606.540236,2825725260,2825726464,15806,1204
29606.550760,2825734441,2825735619,15939,1178
29606.560327,2825743618,2825744827,15964,1209
29606.571796,2825752847,2825754031,15825,1184
29606.580328,2825762027,2825763211,15940,1184
29606.592329,2825771160,2825772364,15960,1204
29606.603358,2825780364,2825781569,15828,1205
29606.612328,2825789592,2825790800,15941,1208
29606.624327,2825798807,2825800010,15963,1203
29606.634918,2825808055,2825809240,15835,1185
29606.644328,2825817114,2825818297,15935,1183
29606.655964,2825826265,2825827449,15963,1184
29606.666480,2825835466,2825836696,15838,1230
29606.676335,2825844706,2825845886,15943,1180
29606.687527,2825853812,2825854996,15979,1184
29606.696331,2825862997,2825864207,15836,1210
29606.708329,2825872168,2825873372,15842,1204
29606.719087,2825881287,2825882474,15949,1187
29606.728327,2825890485,2825891690,15839,1205
29606.740120,2825899661,2825900846,15936,1185
29606.750646,2825908831,2825910033,15966,1202
29606.760329,2825918012,2825919216,15849,1204
29606.771679,2825927042,2825928222,15936,1180
29606.780331,2825936197,2825937401,15984,1204
29606.792330,2825945361,2825946565,15835,1204
29606.803240,2825954572,2825955752,15933,1180
29606.812330,2825963746,2825964929,15939,1183
29606.824277,2825972972,2825974212,15833,1240
29606.834801,2825982204,2825983383,15937,1179
29606.844328,2825991369,2825992572,15948,1203
29606.855845,2826000466,2826001650,15912,1184
29606.867868,2826010921,2826012106,16063,1185
29606.878383,2826020066,2826021246,15823,1180
29606.888330,2826029206,2826030390,15943,1184
29606.899428,2826038371,2826039552,15966,1181
29606.908327,2826047539,2826048743,15850,1204
29606.920329,2826056756,2826057935,15957,1179
29606.930989,2826065915,2826067099,15966,1184
29606.940331,2826075064,2826076244,15838,1180
29606.952022,2826084233,2826085416,15936,1183
29606.962549,2826093389,2826094572,15952,1183
29606.972329,2826102550,2826103735,15828,1185
29606.983583,2826111714,2826112920,15920,1206
29606.992334,2826120933,2826122141,15972,1208
29607.004329,2826130014,2826131193,15914,1179
29607.015143,2826139178,2826140363,15936,1185
29607.024330,2826148342,2826149525,15964,1183
29607.036180,2826157479,2826158663,15835,1184
29607.046704,2826166641,2826167822,15947,1181
29607.056330,2826175801,2826176980,15969,1179
29607.067743,2826184956,2826186142,15855,1186
29607.076332,2826193945,2826195125,15946,1180
29607.088328,2826203122,2826204330,15964,1208
29607.099305,2826212317,2826213498,15867,1181
29607.108331,2826221453,2826222632,15953,1179
29607.120330,2826230614,2826231795,15965,1181
29607.130861,2826239741,2826240925,15841,1184
29607.140333,2826248913,2826250122,15941,1209
29607.151908,2826258090,2826259274,15964,1184
29607.162424,2826267129,2826268314,15956,1185
29607.172329,2826276319,2826277502,16018,1183
29607.183468,2826285470,2826286653,16060,1183
29607.192334,2826294637,2826295819,15921,1182
29607.204328,2826303807,2826304986,15940,1179
29607.215029,2826312957,2826314141,16042,1184
29607.224329,2826322118,2826323300,15917,1182
29607.236063,2826331274,2826332458,16019,1184
29607.246589,2826340464,2826341648,16044,1184
29607.256328,2826349612,2826350791,15936,1179
29607.267623,2826358787,2826360016,16028,1229
29607.276331,2826367972,2826369181,15986,1209
29607.288333,2826377151,2826378335,15831,1184
29607.299184,2826386301,2826387507,15925,1206
29607.308331,2826395480,2826396660,15948,1180
29607.320220,2826404608,2826405782,15814,1174
29607.330744,2826413709,2826414892,15942,1183
29607.340328,2826422858,2826424061,15964,1203
29607.351788,2826432051,2826433235,15912,1184
29607.360327,2826441199,2826442403,15941,1204
29607.372328,2826450311,2826451495,15960,1184
29607.383340,2826459459,2826460638,15832,1179
29607.392336,2826468594,2826469772,15943,1178
29607.404330,2826477670,2826478877,15961,1207
29607.414901,2826486850,2826488033,15839,1183
29607.424329,2826496005,2826497212,15945,1207
29607.435948,2826505181,2826506365,15968,1184
29607.446462,2826514348,2826515528,15834,1180
29607.456328,2826523468,2826524652,15962,1184
29607.467509,2826532591,2826533776,15966,1185
29607.476329,2826541746,2826542930,15838,1184
29607.488332,2826550839,2826552047,15920,1208
29607.499069,2826560023,2826561197,15967,1174
29607.508328,2826569171,2826570432,15865,1261
29607.520103,2826578413,2826579591,15940,1178
29607.530632,2826587592,2826588771,15957,1179
29607.540330,2826596542,2826597748,15833,1206
29607.551662,2826605715,2826606894,15850,1179
29607.560337,2826614875,2826616058,15965,1183
29607.572330,2826623979,2826625155,15909,1176
29607.583225,2826633082,2826634256,16032,1174
29607.592327,2826642163,2826643347,16053,1184
29607.604260,2826651313,2826652493,15923,1180
29607.614784,2826660487,2826661662,16025,1175
29607.624333,2826669619,2826670803,16043,1184
29607.635821,2826678730,2826679911,15923,1181
29607.646345,2826687849,2826689025,16029,1176
29607.656328,2826696976,2826698161,16039,1185
29607.667381,2826706126,2826707311,15926,1185
29607.676332,2826715285,2826716489,16029,1204
29607.688331,2826724301,2826725485,15965,1184
29607.698949,2826733337,2826734510,15913,1173
29607.708328,2826742498,2826743677,15940,1179
29607.719988,2826751532,2826752716,15960,1184
29607.730502,2826760683,2826761888,15845,1205
29607.740327,2826769783,2826770987,15938,1204
29607.751548,2826778952,2826780131,15964,1179
29607.760328,2826788107,2826789290,15835,1183
29607.772328,2826797267,2826798448,15945,1181
29607.783109,2826806363,2826807547,15962,1184
29607.792330,2826815509,2826816691,15831,1182
29607.804144,2826824658,2826825840,15952,1182
29607.814669,2826833822,2826835003,15965,1181
29607.824330,2826842973,2826844181,15845,1208
29607.835703,2826852157,2826853341,15930,1184
29607.844335,2826861264,2826862447,15964,1183
29607.856331,2826870408,2826871615,15837,1207
29607.867264,2826879589,2826880767,15946,1178
29607.876330,2826888721,2826889929,15958,1208
29607.888300,2826897721,2826898904,15828,1183
29607.898823,2826906881,2826908061,15842,1180
29607.908331,2826916026,2826917205,15957,1179
29607.919861,2826925121,2826926304,15834,1183
29607.930385,2826934267,2826935450,15933,1183
29607.940333,2826943320,2826944520,16012,1200
29607.951421,2826952458,2826953643,15848,1185
29607.960334,2826961605,2826962789,15942,1184
29607.972328,2826970731,2826971911,15969,1180
29607.982982,2826979858,2826981033,15827,1175
29607.992331,2826988998,2826990181,15942,1183
29608.004028,2826998109,2826999292,15955,1183
29608.014542,2827007254,2827008436,15835,1182
29608.024331,2827016387,2827017566,15939,1179
29608.035589,2827025461,2827026641,15971,1180
29608.044329,2827034615,2827035796,15904,1181
29608.056336,2827043762,2827044942,15947,1180
29608.067150,2827052906,2827054088,15971,1182
29608.076333,2827062054,2827063237,15831,1183
29608.088184,2827071108,2827072288,15940,1180
29608.098710,2827080128,2827081306,15985,1178
29608.108333,2827089268,2827090444,15811,1176
29608.119744,2827098347,2827099529,15944,1182
29608.128327,2827107502,2827108686,15995,1184
29608.140329,2827116490,2827117666,15826,1176
29608.151306,2827125586,2827126761,15965,1175
29608.160327,2827134706,2827135889,15998,1183
29608.172332,2827143835,2827145019,15860,1184
29608.182862,2827152939,2827154147,15885,1208
29608.192334,2827162115,2827163298,15970,1183
29608.203901,2827171256,2827172439,15823,1183
29608.214425,2827180301,2827181476,15946,1175
29608.224333,2827189388,2827190564,15970,1176
29608.235461,2827198523,2827199706,15833,1183
29608.244329,2827207651,2827208833,15835,1182
29608.256331,2827216725,2827217907,15945,1182
29608.267024,2827225786,2827226964,15849,1178
29608.276332,2827234889,2827236067,15942,1178
29608.288069,2827244001,2827245176,15953,1175
29608.298584,2827252945,2827254146,15845,1201
29608.308332,2827262110,2827263286,15939,1176
29608.319630,2827271226,2827272410,15961,1184
29608.328330,2827280354,2827281553,15825,1199
29608.340335,2827289390,2827290565,15946,1175
29608.351189,2827298439,2827299614,15944,1175
29608.360329,2827307561,2827308737,15831,1176
29608.372223,2827316512,2827317688,15945,1176
29608.382750,2827325558,2827326732,15968,1174
29608.392329,2827334656,2827335840,15907,1184
29608.403784,2827343798,2827344972,15935,1174
29608.412335,2827352843,2827354016,15967,1173
29608.424330,2827361864,2827363040,15828,1176
29608.435344,2827370821,2827371997,15939,1176
29608.444333,2827379763,2827380965,15967,1202
29608.456332,2827388908,2827390090,15828,1182
29608.466905,2827397908,2827399084,15947,1176
29608.476329,2827406984,2827408161,15958,1177
29608.487943,2827416034,2827417212,15833,1178
29608.499972,2827426181,2827427363,15964,1182
29608.510485,2827435279,2827436460,15829,1181
29608.520329,2827444407,2827445590,15946,1183
29608.531532,2827453542,2827454718,15964,1176
29608.540331,2827462625,2827463800,15914,1175
29608.552328,2827471595,2827472802,15943,1207
29608.563092,2827480696,2827481872,15965,1176
29608.572328,2827489834,2827491037,15825,1203
29608.584126,2827498997,2827500177,15947,1180
29608.594652,2827508099,2827509275,15969,1176
29608.604328,2827517181,2827518357,15830,1176
29608.615687,2827525888,2827527062,15942,1174
29608.624333,2827534843,2827536019,15963,1176
29608.636332,2827543882,2827545067,15833,1185
29608.647249,2827552937,2827554112,15962,1175
29608.656328,2827562063,2827563246,15962,1183
29608.668284,2827571138,2827572313,15832,1175
29608.678808,2827580201,2827581375,15948,1174
29608.688330,2827589262,2827590441,15967,1179
29608.699844,2827598305,2827599481,15829,1176
29608.710369,2827607181,2827608361,15947,1180
29608.720328,2827616299,2827617483,15955,1184
29608.731407,2827625402,2827626583,15866,1181
29608.740328,2827634496,2827635672,15845,1176
29608.752333,2827643593,2827644768,15973,1175
29608.762965,2827652647,2827653826,15822,1179
29608.772331,2827661733,2827662909,15949,1176
29608.784012,2827670725,2827671910,15966,1185
29608.794525,2827679858,2827681033,15848,1175
29608.804327,2827688981,2827690160,15895,1179
29608.815572,2827698047,2827699222,15971,1175
29608.824334,2827707115,2827708291,15833,1176
29608.836330,2827716096,2827717274,15941,1178
29608.847133,2827725010,2827726184,15955,1174
29608.856328,2827733928,2827735105,15832,1177
29608.868166,2827742948,2827744125,15946,1177
29608.878693,2827751979,2827753154,15973,1175
29608.888327,2827760950,2827762126,15908,1176
29608.899727,2827769994,2827771169,15934,1175
29608.908332,2827778957,2827780134,16020,1177
29608.920329,2827788074,2827789249,15836,1175
29608.931287,2827797022,2827798195,15943,1173
29608.940327,2827805970,2827807148,15961,1178
29608.952323,2827815091,2827816267,15826,1176
29608.962848,2827824078,2827825262,15919,1184
29608.972331,2827833071,2827834248,15972,1177
29608.983885,2827841950,2827843127,15821,1177
29608.994410,2827850859,2827852042,15933,1183
29609.004332,2827859968,2827861144,15970,1176
29609.015444,2827868867,2827870041,15834,1174
29609.024331,2827877939,2827879114,15942,1175
29609.036337,2827886856,2827888032,15951,1176
29609.047006,2827895812,2827896987,15831,1175
29609.056326,2827904882,2827906057,15947,1175
29609.068052,2827913930,2827915108,15968,1178
29609.078566,2827922958,2827924136,15820,1178
29609.088328,2827931906,2827933081,15850,1175
29609.099612,2827940873,2827942052,15970,1179
29609.108327,2827949942,2827951116,15832,1174
29609.120333,2827958925,2827960100,15944,1175
29609.131173,2827967983,2827969155,15969,1172
29609.140332,2827977112,2827978292,15851,1180
29609.152207,2827986169,2827987344,15948,1175
29609.162733,2827995133,2827996308,15962,1175
29609.172328,2828004179,2828005353,15836,1174
29609.183767,2828013246,2828014425,15948,1179
29609.192328,2828022233,2828023409,15956,1176
29609.204337,2828031251,2828032427,15837,1176
29609.215328,2828040169,2828041342,15941,1173
29609.224333,2828049216,2828050393,15968,1177
29609.236335,2828058256,2828059430,15911,1174
29609.246888,2828067232,2828068406,15939,1174
29609.256332,2828076190,2828077373,15974,1183
29609.267925,2828085231,2828086412,15833,1181
29609.278449,2828094304,2828095481,15948,1177
29609.288330,2828103360,2828104534,15966,1174
29609.299485,2828112440,2828113614,15835,1174
29609.308329,2828121462,2828122639,15939,1177
29609.320331,2828130352,2828131529,15968,1177
29609.331045,2828139276,2828140447,15818,1171
29609.340332,2828148376,2828149552,15953,1176
29609.352092,2828157489,2828158663,15955,1174
29609.362606,2828166594,2828167771,15832,1177
29609.372336,2828175656,2828176834,15929,1178
29609.383653,2828184774,2828185949,15975,1175
29609.392336,2828193749,2828194927,15828,1178
29609.404334,2828202818,2828203994,15942,1176
29609.415213,2828211872,2828213046,15969,1174
29609.424329,2828220779,2828221953,15834,1174
29609.436245,2828229603,2828230777,15848,1174
29609.446773,2828238523,2828239697,15969,1174
29609.456335,2828247597,2828248771,15829,1174
29609.467807,2828256534,2828257709,15948,1175
29609.476328,2828265614,2828266790,15963,1176
29609.488331,2828274632,2828275808,15852,1176
29609.499367,2828283592,2828284768,15943,1176
29609.508327,2828292647,2828293823,15972,1176
29609.520331,2828301519,2828302702,15864,1183
29609.530928,2828310625,2828311800,15939,1175
29609.540331,2828319716,2828320890,15955,1174
29609.551964,2828328814,2828329990,15827,1176
29609.562488,2828337850,2828339034,15891,1184
29609.572332,2828346802,2828347976,15968,1174
29609.583532,2828355495,2828356671,15907,1176
29609.592334,2828364467,2828365642,15942,1175
29609.604328,2828373387,2828374561,15964,1174
29609.615087,2828382473,2828383651,15858,1178
29609.624329,2828391354,2828392533,15944,1179
29609.636131,2828400375,2828401550,15972,1175
29609.646646,2828409420,2828410593,15815,1173
29609.656333,2828418341,2828419516,15945,1175
29609.667693,2828427352,2828428528,15968,1176
29609.676332,2828436409,2828437584,15835,1175
29609.688335,2828445299,2828446475,15951,1176
29609.699253,2828454267,2828455446,15968,1179
29609.708329,2828463370,2828464545,15831,1175
29609.720287,2828472410,2828473586,15937,1176
29609.730814,2828481439,2828482613,15960,1174
29609.740331,2828490415,2828491590,15833,1175
29609.751847,2828499395,2828500569,15940,1174
29609.762374,2828508400,2828509584,15968,1184
29609.772332,2828517293,2828518468,15834,1175
29609.783406,2828526340,2828527515,15850,1175
29609.792329,2828535387,2828536562,15968,1175
29609.804332,2828544307,2828545481,15832,1174
29609.814968,2828553324,2828554499,15988,1175
29609.824327,2828562321,2828563495,15973,1174
29609.836005,2828571371,2828572545,15846,1174
29609.846529,2828580436,2828581609,15947,1173
29609.856332,2828589317,2828590495,15967,1178
29609.867565,2828598241,2828599415,15827,1174
29609.876330,2828607341,2828608516,15943,1175
29609.888333,2828616307,2828617482,15953,1175
29609.899125,2828625299,2828626475,15830,1176
29609.908330,2828634372,2828635546,15942,1174
29609.920173,2828643164,2828644338,15972,1174
29609.930693,2828652001,2828653174,15904,1173
29609.940330,2828660969,2828662144,15948,1175
29609.951732,2828669838,2828671012,15969,1174
29609.960331,2828678667,2828679842,15832,1175
29609.972327,2828687688,2828688864,15950,1176
29609.983292,2828696692,2828697867,15968,1175
29609.992329,2828705638,2828706813,15830,1175
29610.004327,2828714635,2828715810,15940,1175
29610.014854,2828723605,2828724779,15969,1174
29610.024333,2828732624,2828733799,15831,1175
29610.035889,2828741405,2828742580,15963,1175
29610.046414,2828750219,2828751395,15965,1176
29610.056328,2828759140,2828760314,15833,1174
29610.067448,2828767817,2828768993,15942,1176
29610.076329,2828776803,2828777978,15973,1175
29610.088333,2828785841,2828787016,15834,1175
29610.099009,2828794791,2828795970,15945,1179
29610.108333,2828803836,2828805011,15968,1175
29610.120045,2828812800,2828813974,15831,1174
29610.132074,2828823036,2828824211,15987,1175
29610.142590,2828831903,2828833080,15830,1177
29610.152333,2828840878,2828842053,15948,1175
29610.163636,2828849981,2828851156,15965,1175
29610.172330,2828858951,2828860125,15834,1174
29610.184329,2828868006,2828869181,15963,1175
29610.195197,2828877006,2828878180,15972,1174
29610.204329,2828886077,2828887251,15833,1174
29610.216232,2828895144,2828896318,15946,1174
29610.226757,2828904107,2828905282,15974,1175
29610.236329,2828913014,2828914189,15835,1175
29610.247791,2828922055,2828923229,15943,1174
29610.256330,2828931076,2828932251,15967,1175
29610.268330,2828939998,2828941174,15820,1176
29610.279350,2828948883,2828950056,15848,1173
29610.288328,2828957941,2828959116,15974,1175
29610.300327,2828966805,2828967987,15861,1182
29610.310912,2828975858,2828977032,15944,1174
29610.320329,2828984842,2828986017,15967,1175
29610.331948,2828993849,2828995022,15844,1173
29610.342472,2829002916,2829004091,15943,1175
29610.352332,2829011966,2829013140,15969,1174
29610.363508,2829021072,2829022244,15835,1172
29610.372329,2829030009,2829031184,15947,1175
29610.384330,2829038927,2829040101,15956,1174
29610.395068,2829047912,2829049088,15835,1176
29610.404333,2829056962,2829058138,15950,1176
29610.416115,2829065913,2829067087,15970,1174
29610.426636,2829074901,2829076076,15911,1175
29610.436331,2829083763,2829084938,15943,1175
29610.447676,2829092782,2829093957,15970,1175
29610.456334,2829101765,2829102938,15832,1173
29610.468329,2829110777,2829111951,15974,1174
29610.479237,2829119763,2829120937,15919,1174
29610.488329,2829128729,2829129904,15830,1175
29610.500276,2829137457,2829138630,15982,1173
29610.510796,2829146433,2829147607,15916,1174
29610.520328,2829155509,2829156684,15835,1175
29610.531835,2829164390,2829165565,15987,1175
29610.542357,2829173476,2829174652,16034,1176
29610.552328,2829182370,2829183548,15833,1178
29610.563391,2829191370,2829192542,15927,1172
29610.572330,2829200364,2829201539,15971,1175
29610.584333,2829209258,2829210434,15824,1176
29610.594952,2829218258,2829219435,15947,1177
29610.604331,2829227235,2829228410,15969,1175
29610.615988,2829236210,2829237386,15830,1176
29610.626510,2829245130,2829246306,15852,1176
29610.636334,2829254146,2829255321,15964,1175
29610.647548,2829262982,2829264158,15869,1176
29610.656329,2829271872,2829273046,15947,1174
29610.668330,2829280642,2829281817,15966,1175
29610.679108,2829289513,2829290687,15841,1174
29610.688327,2829298554,2829299728,15940,1174
29610.700155,2829307560,2829308736,15972,1176
29610.710669,2829316575,2829317749,15835,1174
29610.720329,2829325563,2829326739,15943,1176
29610.731716,2829334458,2829335633,15954,1175
29610.740327,2829343485,2829344658,15836,1173
29610.752331,2829352247,2829353425,15947,1178
29610.763276,2829361192,2829362363,15963,1171
29610.772331,2829370284,2829371459,15908,1175
29610.784311,2829379101,2829380275,15942,1174
29610.794839,2829388167,2829389342,15969,1175
29610.804329,2829397178,2829398352,15834,1174
29610.815871,2829406119,2829407293,15932,1174
29610.826398,2829415132,2829416306,15961,1174
29610.836329,2829424068,2829425243,15820,1175
29610.847431,2829432984,2829434159,15943,1175
29610.856337,2829441998,2829443173,15967,1175
29610.868333,2829450823,2829451998,15834,1175
29610.878993,2829459889,2829461064,15961,1175
29610.888329,2829468950,2829470127,15962,1177
29610.900028,2829477945,2829479119,15833,1174
29610.910552,2829486823,2829487998,15945,1175
29610.920330,2829495827,2829497001,15968,1174
29610.931591,2829504818,2829505992,15831,1174
29610.940331,2829513783,2829514958,15932,1175
29610.952328,2829522646,2829523821,15963,1175
29610.963149,2829531467,2829532640,15830,1173
29610.972330,2829540458,2829541633,15839,1175
29610.984197,2829549447,2829550620,15968,1173
29610.994710,2829558476,2829559651,15835,1175
29611.004333,2829567415,2829568589,15944,1174
29611.015756,2829576461,2829577636,15971,1175
29611.024330,2829585511,2829586686,15840,1175
29611.036333,2829594483,2829595658,15951,1175
29611.047319,2829603451,2829604629,15965,1178
29611.056327,2829612399,2829613574,15832,1175
29611.068332,2829621195,2829622370,15946,1175
29611.078877,2829630120,2829631295,15953,1175
29611.088336,2829639109,2829640283,15825,1174
29611.099911,2829648071,2829649244,15946,1173
29611.110438,2829656966,2829658142,15969,1176
29611.120330,2829665816,2829666990,15908,1174
29611.131471,2829674610,2829675785,15947,1175
29611.140334,2829683555,2829684730,15973,1175
29611.152330,2829692490,2829693664,15827,1174
29611.163032,2829701325,2829702498,15939,1173
29611.172332,2829710187,2829711363,15961,1176
29611.184068,2829719145,2829720321,15823,1176
29611.194592,2829728019,2829729195,15951,1176
29611.204331,2829736915,2829738088,15971,1173
29611.215629,2829745772,2829746947,15831,1175
29611.224327,2829754782,2829755957,15961,1175
29611.236328,2829763781,2829764956,15965,1175
29611.247190,2829772774,2829773948,15825,1174
29611.256330,2829781747,2829782920,15947,1173
29611.268236,2829790611,2829791784,15966,1173
29611.278750,2829799648,2829800822,15837,1174
29611.288327,2829808536,2829809710,15947,1174
29611.299797,2829817573,2829818748,15963,1175
29611.308327,2829826441,2829827616,15825,1175
29611.320332,2829835435,2829836609,15852,1174
29611.331357,2829844489,2829845663,15958,1174
29611.340331,2829853511,2829854684,15831,1173
29611.352327,2829862350,2829863523,15948,1173
29611.362918,2829871285,2829872458,15954,1173
29611.372329,2829880256,2829881432,15846,1176
29611.383951,2829889027,2829890202,15941,1175
29611.394478,2829897822,2829898997,15969,1175
29611.404330,2829906790,2829907964,15830,1174
29611.415512,2829915630,2829916803,15947,1173
29611.424327,2829924567,2829925741,15953,1174
29611.436330,2829933584,2829934759,15828,1175
29611.447072,2829942544,2829943719,15948,1175
29611.456334,2829951612,2829952794,15971,1182
29611.468115,2829960652,2829961829,15905,1177
29611.478633,2829969764,2829970936,15946,1172
29611.488332,2829978630,2829979805,15972,1175
29611.499669,2829987525,2829988702,15835,1177
29611.508329,2829996414,2829997587,15936,1173
29611.520329,2830005177,2830006357,15973,1180
29611.531229,2830014148,2830015321,15833,1173
29611.540328,2830023113,2830024286,15950,1173
29611.552276,2830032127,2830033300,15969,1173
29611.562790,2830041144,2830042315,15833,1171
29611.572327,2830050203,2830051377,15958,1174
29611.583837,2830059223,2830060397,15963,1174
29611.594350,2830068327,2830069502,15829,1175
29611.604330,2830077343,2830078520,15945,1177
29611.615397,2830086364,2830087539,15966,1175
29611.624332,2830095156,2830096331,15829,1175
29611.636332,2830104043,2830105219,15943,1176
29611.646958,2830112961,2830114136,15971,1175
29611.656329,2830121626,2830122803,15830,1177
29611.667990,2830130417,2830131592,15849,1175
29611.678518,2830139311,2830140484,15969,1173
29611.688330,2830148319,2830149493,15827,1174
29611.699552,2830157203,2830158376,15946,1173
29611.708336,2830165992,2830167166,15961,1174
29611.720329,2830174735,2830175910,15846,1175
29611.731112,2830183554,2830184729,15942,1175
29611.740328,2830192574,2830193748,15969,1174
29611.752149,2830201462,2830202636,15832,1174
29611.762672,2830210458,2830211636,15976,1178
29611.772330,2830219383,2830220557,15952,1174
29611.783709,2830228300,2830229479,15832,1179
29611.792328,2830237228,2830238403,15943,1175
29611.804331,2830246120,2830247296,15970,1176
29611.815277,2830255088,2830256266,15914,1178
29611.824331,2830264160,2830265334,15943,1174
29611.836316,2830273078,2830274254,15968,1176
29611.846830,2830282001,2830283176,15815,1175
29611.856331,2830290988,2830292166,15950,1178
29611.867875,2830299695,2830300871,15969,1176
29611.878390,2830308796,2830309968,15835,1172
29611.888327,2830317642,2830318815,15946,1173
29611.899437,2830326383,2830327558,15969,1175
29611.908327,2830335178,2830336352,15824,1174
29611.920328,2830344233,2830345410,15964,1177
29611.930999,2830353090,2830354263,15970,1173
29611.940329,2830362080,2830363254,15831,1174
29611.952031,2830370869,2830372043,15942,1174
29611.962558,2830379753,2830380925,15972,1172
29611.972331,2830388559,2830389732,15830,1173
29611.983592,2830397400,2830398576,15947,1176
29611.992334,2830406295,2830407470,15966,1175
29612.004328,2830415112,2830416287,15831,1175
29612.015151,2830423929,2830425103,15853,1174
29612.024329,2830432702,2830433876,15964,1174
29612.036189,2830441587,2830442763,15833,1176
29612.046714,2830450437,2830451611,15949,1174
29612.056333,2830459478,2830460652,15971,1174
29612.067749,2830468405,2830469580,15835,1175
29612.076329,2830477348,2830478521,15945,1173
29612.088332,2830486261,2830487436,15960,1175
29612.099310,2830495001,2830496175,15832,1174
29612.108329,2830503895,2830505069,15939,1174
29612.120328,2830512741,2830513915,15939,1174
29612.130870,2830521458,2830522634,15823,1176
29612.140327,2830530233,2830531410,15943,1177
29612.151916,2830539239,2830540413,15972,1174
29612.162438,2830548084,2830549257,15910,1173
29612.172332,2830556837,2830558012,15869,1175
29612.183477,2830565799,2830566972,15966,1173
29612.192331,2830574715,2830575888,15837,1173
29612.204332,2830583654,2830584828,15945,1174
29612.215037,2830592596,2830593778,15965,1182
29612.224328,2830601621,2830602796,15826,1175
29612.236072,2830610568,2830611744,15942,1176
29612.246598,2830619454,2830620632,15960,1178
29612.256327,2830628464,2830629638,15826,1174
29612.267633,2830637285,2830638461,15960,1176
29612.276328,2830646130,2830647303,15971,1173
29612.288330,2830654940,2830656116,15830,1176
29612.299194,2830663975,2830665148,15950,1173
29612.308331,2830672984,2830674162,15964,1178
29612.320229,2830681904,2830683078,15829,1174
29612.330753,2830690858,2830692036,15940,1178
29612.340331,2830699755,2830700928,15968,1173
29612.351789,2830708692,2830709866,15832,1174
29612.360328,2830717577,2830718749,15846,1172
29612.372335,2830726592,2830727767,15971,1175
29612.383350,2830735283,2830736457,15832,1174
29612.392333,2830744123,2830745296,15940,1173
29612.404329,2830752886,2830754060,15975,1174
29612.414910,2830761881,2830763054,15844,1173
29612.424331,2830770669,2830771842,15948,1173
29612.435957,2830779503,2830780676,15957,1173
29612.446470,2830788421,2830789597,15830,1176
29612.456328,2830797282,2830798455,15943,1173
29612.467518,2830806013,2830807188,15954,1175
29612.476331,2830814978,2830816153,15829,1175
29612.488329,2830823520,2830824693,15944,1173
29612.499080,2830832458,2830833634,15968,1176
29612.508331,2830841405,2830842579,15903,1174
29612.520112,2830850388,2830851562,15946,1174
29612.530638,2830859268,2830860445,15971,1177
29612.540331,2830868209,2830869384,15831,1175
29612.551672,2830877138,2830878313,15945,1175
29612.560330,2830885979,2830887152,15972,1173
29612.572331,2830894888,2830896063,15834,1175
29612.583233,2830903618,2830904792,15946,1174
29612.592330,2830912565,2830913740,15964,1175
29612.604269,2830921388,2830922562,15831,1174
29612.614794,2830930132,2830931306,15965,1174
29612.624327,2830938795,2830939968,15967,1173
29612.635830,2830947776,2830948950,15836,1174
29612.646353,2830956656,2830957831,15936,1175
29612.656330,2830965690,2830966863,15970,1173
29612.667390,2830974598,2830975772,15832,1174
29612.676330,2830983432,2830984605,15947,1173
29612.688333,2830992413,2830993585,15969,1172
29612.698950,2831001322,2831002495,15826,1173
29612.708327,2831010173,2831011349,15850,1176
29612.719997,2831019063,2831020236,15969,1173
29612.730510,2831027972,2831029146,15822,1174
29612.740330,2831037038,2831038212,15952,1174
29612.751557,2831045974,2831047148,15954,1174
29612.760327,2831054763,2831055937,15846,1174
29612.772330,2831063531,2831064705,15948,1174
29612.783118,2831072356,2831073534,16002,1178
29612.792328,2831081439,2831082614,15835,1175
29612.804152,2831090156,2831091330,15948,1174
29612.814678,2831098995,2831100169,15950,1174
29612.824334,2831107781,2831108955,15832,1174
29612.835712,2831116692,2831117866,15949,1174
29612.844329,2831125499,2831126679,15971,1180
29612.856334,2831134468,2831135642,15912,1174
29612.867273,2831143462,2831144636,15947,1174
29612.876334,2831152300,2831153472,15966,1172
29612.888309,2831161219,2831162392,15823,1173
29612.898834,2831170029,2831171203,15946,1174
29612.908327,2831178958,2831180132,15976,1174
29612.919870,2831187698,2831188872,15825,1174
29612.930394,2831196506,2831197679,15942,1173
29612.940329,2831205317,2831206491,15950,1174
29612.951430,2831214154,2831215330,15830,1176
29612.960327,2831222938,2831224109,15963,1171
29612.972329,2831231688,2831232864,15957,1176
29612.996332,2831244827,2831245464,11964,637
29613.007044,2831249083,2831249720,12036,637
29613.016330,2831256203,2831257352,16005,1149
29613.028076,2831264769,2831265916,15928,1147
29613.038603,2831273380,2831274528,16078,1148
29613.048332,2831282159,2831283309,15976,1150
29613.059635,2831290801,2831291974,15925,1173
29613.068333,2831299398,2831300571,15968,1173
29613.080336,2831308142,2831309317,15902,1175
29613.091196,2831316984,2831318156,15864,1172
29613.100332,2831325838,2831327012,15975,1174
29613.112240,2831334677,2831335851,15919,1174
29613.122756,2831343613,2831344787,15857,1174
29613.132329,2831352559,2831353733,15984,1174
29613.143802,2831361351,2831362524,15917,1173
29613.152330,2831370116,2831371293,15905,1177
29613.164329,2831378833,2831380007,15977,1174
29613.175362,2831387794,2831388972,15916,1178
29613.184330,2831396514,2831397692,15843,1178
29613.196331,2831405475,2831406648,15967,1173
29613.206924,2831414067,2831415241,15904,1174
29613.216331,2831422985,2831424159,15831,1174
29613.227962,2831431806,2831432980,15971,1174
29613.238483,2831440693,2831441867,15916,1174
29613.248326,2831449456,2831450629,15852,1173
29613.259522,2831458121,2831459298,15985,1177
29613.268331,2831467084,2831468261,15914,1177
29613.280330,2831476021,2831477193,15850,1172
29613.291084,2831484861,2831486035,15997,1174
29613.300332,2831493766,2831494939,15894,1173
29613.312115,2831502557,2831503733,15848,1176
29613.322644,2831511454,2831512628,15997,1174
29613.332333,2831520311,2831521484,15922,1173
29613.343676,2831529199,2831530375,15831,1176
29613.352327,2831538060,2831539234,15916,1174
29613.364367,2831546703,2831547876,15915,1173
29613.375236,2831555367,2831556539,15832,1172
29613.384329,2831564130,2831565303,15984,1173
29613.396281,2831572888,2831574062,15905,1174
29613.406791,2831581791,2831582966,15764,1175
29613.416331,2831590605,2831591779,15985,1174
29613.427842,2831599589,2831600761,15910,1172
29613.438357,2831608521,2831609695,15854,1174
29613.448332,2831617353,2831618527,15998,1174
29613.459403,2831626019,2831627191,15912,1172
29613.468327,2831634905,2831636083,15850,1178
29613.480332,2831643620,2831644797,15999,1177
29613.490966,2831650576,2831651723,15841,1147
29613.500332,2831659042,2831660191,15908,1149
29613.512003,2831667648,2831668823,15997,1175
29613.522526,2831676439,2831677611,15936,1172
29613.532328,2831685108,2831686282,15852,1174
29613.543562,2831694047,2831695219,15983,1172
29613.552329,2831702985,2831704156,15936,1171
29613.564331,2831711821,2831712994,15834,1173
29613.575123,2831720458,2831721633,15985,1175
29613.584329,2831729391,2831730565,15905,1174
29613.596155,2831738328,2831739502,15846,1174
29613.606683,2831747261,2831748440,15989,1179
29613.616334,2831755972,2831757145,15912,1173
29613.627716,2831764542,2831765714,15849,1172
29613.636330,2831773156,2831774331,15989,1175
29613.648329,2831781917,2831783091,15915,1174
29613.659276,2831790780,2831791953,15849,1173
29613.668327,2831799777,2831800955,15998,1178
29613.680323,2831808712,2831809887,15917,1175
29613.690838,2831817646,2831818820,15832,1174
29613.700327,2831826593,2831827767,15921,1174
29613.711884,2831835432,2831836606,15916,1174
29613.722397,2831844169,2831845319,15818,1150
29613.732330,2831852784,2831853958,15989,1174
29613.743443,2831861506,2831862677,15910,1171
29613.752328,2831870390,2831871564,15831,1174
29613.764332,2831879124,2831880297,15982,1173
29613.775005,2831887813,2831888987,15910,1174
29613.784331,2831896596,2831897769,15828,1173
29613.796044,2831905400,2831906575,15999,1175
29613.806565,2831914365,2831915539,15935,1174
29613.816328,2831923088,2831924262,15812,1174
29613.827603,2831931895,2831933066,15994,1171
29613.836328,2831940738,2831941911,15915,1173
29613.848336,2831949597,2831950770,15908,1173
29613.859165,2831958527,2831959704,16002,1177
29613.868336,2831967313,2831968486,15916,1173
29613.880196,2831976024,2831977198,15917,1174
29613.890723,2831984890,2831986066,16072,1176
29613.900328,2831993950,2831995124,16010,1174
29613.911756,2832002819,2832003994,15908,1175
29613.920328,2832011611,2832012785,15979,1174
29613.932329,2832020320,2832021495,15916,1175
29613.943316,2832029116,2832030287,15830,1171
29613.952327,2832037707,2832038881,15986,1174
29613.964327,2832046198,2832047373,15914,1175
29613.974877,2832055059,2832056233,15844,1174
29613.984329,2832063919,2832065093,16005,1174
29613.995924,2832072658,2832073832,15915,1174
29614.006437,2832081307,2832082480,15848,1173
29614.016329,2832090094,2832091266,15993,1172
29614.027484,2832098968,2832100141,15921,1173
29614.036329,2832107566,2832108739,15827,1173
29614.048330,2832116277,2832117453,15921,1176
29614.059045,2832125066,2832126216,15908,1150
29614.068328,2832133957,2832135131,15831,1174
29614.080082,2832142914,2832144087,15975,1173
29614.090603,2832151681,2832152855,15917,1174
29614.100327,2832160585,2832161757,15831,1172
29614.111642,2832169411,2832170587,15987,1176
29614.120331,2832178221,2832179393,15913,1172
29614.132329,2832186990,2832188164,15833,1174
29614.143204,2832195926,2832197097,15996,1171
29614.152328,2832204834,2832206008,15914,1174
29614.164240,2832213644,2832214817,15877,1173
29614.174767,2832222686,2832223860,15998,1174
29614.184327,2832231625,2832232799,15916,1174
29614.195804,2832240384,2832241557,16000,1173
29614.204331,2832249050,2832250198,16082,1148
29614.216329,2832257708,2832258882,16008,1174
29614.227360,2832266337,2832267510,15860,1173
29614.236329,2832275053,2832276230,15985,1177
29614.248334,2832283542,2832284715,15917,1173
29614.258917,2832292370,2832293543,15836,1173
29614.268329,2832301232,2832302405,15984,1173
29614.279962,2832310029,2832311201,15910,1172
29614.290480,2832318827,2832319976,15878,1149
29614.300331,2832327638,2832328811,15982,1173
29614.311523,2832336277,2832337451,15915,1174
29614.320330,2832344966,2832346139,15851,1173
29614.332330,2832353854,2832355028,15986,1174
29614.343085,2832362787,2832363958,15912,1171
29614.352332,2832371754,2832372927,15848,1173
29614.364123,2832380556,2832381730,15990,1174
29614.374645,2832389265,2832390437,15917,1172
29614.384333,2832397831,2832399005,15834,1174
29614.395684,2832406425,2832407598,15911,1173
29614.404331,2832415186,2832416360,15918,1174
29614.416327,2832424120,2832425294,15915,1174
29614.427243,2832432868,2832434039,15997,1171
29614.436327,2832441721,2832442893,15918,1172
29614.448275,2832450237,2832451387,15830,1150
29614.458803,2832458834,2832459987,15983,1153
29614.468328,2832467651,2832468824,15916,1173
29614.479836,2832476359,2832477532,15841,1173
29614.490367,2832485044,2832486194,16019,1150
29614.500336,2832493516,2832494690,15912,1174
29614.511396,2832502148,2832503324,15848,1176
29614.520328,2832511004,2832512178,16002,1174
29614.532335,2832519767,2832520939,16006,1172
29614.542964,2832528379,2832529550,15997,1171
29614.552328,2832537183,2832538355,16087,1172
29614.564004,2832545981,2832547131,15977,1150
29614.574517,2832554698,2832555870,15834,1172
29614.584329,2832563575,2832564750,15979,1175
29614.595565,2832572041,2832573217,16010,1176
29614.604334,2832580774,2832581923,15913,1149
29614.616336,2832589385,2832590557,16071,1172
29614.627123,2832597855,2832599003,16000,1148
29614.636332,2832606650,2832607825,15855,1175
29614.648162,2832615390,2832616564,15973,1174
29614.658682,2832623984,2832625159,15911,1175
29614.668328,2832632811,2832633983,15861,1172
29614.679723,2832641425,2832642598,15977,1173
29614.688328,2832650095,2832651269,15913,1174
29614.700334,2832658947,2832660120,15854,1173
29614.711283,2832667903,2832669076,15987,1173
29614.720330,2832676890,2832678061,16003,1171
29614.732316,2832685499,2832686648,15931,1149
29614.742844,2832693862,2832695033,16011,1171
29614.752328,2832702617,2832703765,15980,1148
29614.763876,2832710862,2832712012,15935,1150
29614.774403,2832719503,2832720677,15959,1174
29614.784328,2832728310,2832729458,15985,1148
29614.795436,2832736798,2832737972,15925,1174
29614.804332,2832745436,2832746585,16060,1149
29614.816328,2832754168,2832755316,15893,1148
29614.826997,2832762584,2832763731,15937,1147
29614.836329,2832771187,2832772331,16016,1144
29614.848043,2832779897,2832781072,15906,1175
29614.858558,2832788882,2832790056,15849,1174
29614.868330,2832797450,2832798599,16020,1149
29614.879604,2832806257,2832807429,15913,1172
29614.888331,2832814990,2832816138,15914,1148
29614.900334,2832823574,2832824722,16012,1148
29614.911165,2832832361,2832833536,15913,1175
29614.920329,2832841250,2832842424,15863,1174
29614.932203,2832850236,2832851409,15987,1173
29614.942725,2832858729,2832859904,16002,1175
29614.952331,2832867220,2832868394,15953,1174
29614.963762,2832875933,2832877083,16069,1150
29614.972330,2832884619,2832885792,15995,1173
29614.984330,2832893433,2832894580,15915,1147
29614.995323,2832901994,2832903143,16075,1149
29615.004328,2832910627,2832911776,16020,1149
29615.016335,2832919035,2832920180,15934,1145
29615.026886,2832927543,2832928714,16086,1171
29615.036331,2832936104,2832937251,16003,1147
29615.047916,2832944579,2832945727,15862,1148
29615.058445,2832953162,2832954311,15980,1149
29615.068330,2832961814,2832962989,15915,1175
29615.079477,2832970401,2832971576,15841,1175
29615.088331,2832979162,2832980308,15921,1146
29615.100329,2832987817,2832988990,15918,1173
29615.111040,2832996524,2832997699,15875,1175
29615.120328,2833005277,2833006423,15971,1146
29615.132081,2833013859,2833015032,15910,1173
29615.142597,2833022519,2833023689,15848,1170
29615.152329,2833031251,2833032424,15972,1173
29615.163643,2833039621,2833040772,15933,1151
29615.172328,2833048264,2833049408,15840,1144
29615.184329,2833056900,2833058048,15986,1148
29615.195202,2833065439,2833066615,15912,1176
29615.204326,2833074122,2833075295,15892,1173
29615.216243,2833082859,2833084008,15985,1149
29615.226765,2833091539,2833092710,15918,1171
29615.236335,2833100116,2833101288,15912,1172
29615.247803,2833108689,2833109861,15957,1172
29615.256332,2833117234,2833118382,15916,1148
29615.268328,2833125734,2833126879,15843,1145
29615.279362,2833134144,2833135293,15967,1149
29615.288329,2833142810,2833143958,15913,1148
29615.300334,2833151452,2833152601,15874,1149
29615.310923,2833160140,2833161288,15968,1148
29615.320327,2833168855,2833170028,15913,1173
29615.331957,2833177595,2833178744,15836,1149
29615.342483,2833186109,2833187256,15962,1147
29615.352328,2833194712,2833195888,15914,1176
29615.363517,2833203327,2833204474,15867,1147
29615.372332,2833211737,2833212885,15985,1148
29615.384329,2833220098,2833221247,15909,1149
29615.395080,2833228706,2833229878,15981,1172
29615.404334,2833237582,2833238755,16077,1173
29615.416122,2833246068,2833247242,16000,1174
29615.426640,2833254782,2833255954,15959,1172
29615.436331,2833263476,2833264623,16010,1147
29615.447685,2833272176,2833273324,15882,1148
29615.456328,2833280909,2833282083,15833,1174
29615.468333,2833289772,2833290945,15951,1173
29615.479243,2833298560,2833299709,15914,1149
29615.488330,2833307096,2833308246,15826,1150
29615.500284,2833315583,2833316756,15968,1173
29615.510806,2833324376,2833325547,15902,1171
29615.520329,2833333211,2833334384,15832,1173
29615.531844,2833342032,2833343179,15976,1147
29615.542366,2833350728,2833351877,15913,1149
29615.552327,2833359592,2833360741,15831,1149
29615.563403,2833368185,2833369335,15982,1150
29615.572329,2833376529,2833377678,15915,1149
29615.584329,2833384986,2833386134,15915,1148
29615.594964,2833393640,2833394789,15959,1149
29615.604330,2833402177,2833403325,15917,1148
29615.615997,2833410670,2833411818,15851,1148
29615.626526,2833419248,2833420419,16001,1171
29615.636329,2833427888,2833429065,15914,1177
29615.647557,2833436574,2833437723,15847,1149
29615.656335,2833445127,2833446274,15989,1147
29615.668334,2833453805,2833454954,15914,1149
29615.679118,2833462616,2833463764,15845,1148
29615.688331,2833471473,2833472623,15991,1150
29615.700163,2833479942,2833481093,15910,1151
29615.710678,2833488653,2833489802,15850,1149
29615.720330,2833497234,2833498383,15967,1149
29615.731722,2833505699,2833506848,16006,1149
29615.740327,2833514235,2833515381,15932,1146
29615.752328,2833522803,2833523979,16060,1176
29615.763282,2833531538,2833532687,15991,1149
29615.772332,2833540172,2833541321,15979,1149
29615.784321,2833548829,2833549977,16008,1148
29615.794843,2833557386,2833558534,16007,1148
29615.804328,2833565822,2833566994,15981,1172
29615.815884,2833574385,2833575532,16079,1147
29615.826405,2833582874,2833584048,15994,1174
29615.836335,2833591291,2833592440,15857,1149
29615.847444,2833599860,2833601009,15956,1149
29615.856333,2833608449,2833609622,15908,1173
29615.868329,2833617038,2833618186,15863,1148
29615.879005,2833625565,2833626712,15974,1147
29615.888333,2833634221,2833635394,15911,1173
29615.900037,2833642702,2833643851,15833,1149
29615.910565,2833651148,2833652298,15978,1150
29615.920329,2833659810,2833660959,15908,1149
29615.931605,2833668444,2833669594,15895,1150
29615.940330,2833676897,2833678039,15985,1142
29615.952329,2833685284,2833686435,15915,1151
29615.963158,2833693770,2833694918,15849,1148
29615.972335,2833702450,2833703599,16000,1149
29615.984205,2833711203,2833712352,15934,1149
29615.994719,2833719814,2833720964,15847,1150
29616.004326,2833728356,2833729506,15989,1150
29616.015765,2833736990,2833738138,15921,1148
29616.024332,2833745361,2833746534,15859,1173
29616.036329,2833754193,2833755342,15985,1149
29616.047327,2833762777,2833763925,15935,1148
29616.056330,2833771413,2833772561,15836,1148
29616.068331,2833780103,2833781277,15954,1174
29616.078886,2833788895,2833790045,15936,1150
29616.088329,2833797337,2833798512,15862,1175
29616.099923,2833805845,2833806994,15985,1149
29616.110445,2833814406,2833815554,15917,1148
29616.120331,2833822788,2833823937,15847,1149
29616.131486,2833831352,2833832501,15923,1149
29616.140330,2833840010,2833841156,15915,1146
29616.152329,2833848592,2833849740,15828,1148
29616.163048,2833857132,2833858282,16001,1150
29616.172331,2833865742,2833866891,15924,1149
29616.184076,2833874371,2833875520,15842,1149
29616.194606,2833882956,2833884128,16002,1172
29616.204335,2833891832,2833892981,15908,1149
29616.215637,2833900271,2833901419,15818,1148
29616.224326,2833908777,2833909924,15983,1147
29616.236331,2833917304,2833918452,15909,1148
29616.247200,2833925888,2833927037,15825,1149
29616.256328,2833934546,2833935718,15950,1172
29616.268246,2833943238,2833944387,15925,1149
29616.278763,2833951609,2833952758,15899,1149
29616.288335,2833960024,2833961170,16058,1146
29616.299802,2833968559,2833969707,16010,1148
29616.308332,2833976943,2833978092,15943,1149
29616.320331,2833985350,2833986498,16075,1148
29616.331363,2833993860,2833995009,16004,1149
29616.340329,2834002347,2834003494,15928,1147
29616.352328,2834010733,2834011882,16045,1149
29616.362924,2834019320,2834020469,15999,1149
29616.372334,2834027880,2834029027,15934,1147
29616.383964,2834036290,2834037439,16076,1149
29616.394485,2834044851,2834046000,15910,1149
29616.404327,2834053410,2834054559,15834,1149
29616.415523,2834061920,2834063069,15967,1149
29616.424335,2834070452,2834071600,15916,1148
29616.436327,2834079036,2834080188,15879,1152
29616.447083,2834087497,2834088646,15976,1149
29616.456330,2834096033,2834097181,15932,1148
29616.468116,2834104594,2834105743,15810,1149
29616.478645,2834113233,2834114383,15921,1150
29616.488331,2834121849,2834122995,15918,1146
29616.499678,2834130435,2834131581,15828,1146
29616.508327,2834138888,2834140035,15999,1147
29616.520329,2834147222,2834148395,15913,1173
29616.531238,2834155851,2834156998,15829,1147
29616.540329,2834164432,2834165579,16000,1147
29616.552285,2834172915,2834174088,15916,1173
29616.562798,2834181466,2834182614,15829,1148
29616.572331,2834189932,2834191080,15979,1148
29616.583845,2834198394,2834199543,15906,1149
29616.594359,2834207055,2834208204,15825,1149
29616.604328,2834215693,2834216842,15980,1149
29616.615406,2834224133,2834225280,15935,1147
29616.624334,2834232660,2834233808,15894,1148
29616.636329,2834241168,2834242313,15984,1145
29616.646966,2834249558,2834250702,15933,1144
29616.656332,2834258088,2834259234,15829,1146
29616.668006,2834266692,2834267842,16001,1150
29616.678525,2834275198,2834276347,15921,1149
29616.688330,2834283713,2834284860,15843,1147
29616.699566,2834292124,2834293272,16003,1148
29616.708330,2834300591,2834301741,15917,1150
29616.720330,2834309129,2834310276,15815,1147
29616.731127,2834317634,2834318781,16002,1147
29616.740327,2834326333,2834327480,15915,1147
29616.752157,2834334843,2834335990,15812,1147
29616.762685,2834343498,2834344643,15982,1145
29616.772328,2834352154,2834353303,15914,1149
29616.783718,2834360662,2834361809,15818,1147
29616.792330,2834369387,2834370536,15979,1149
29616.804330,2834377946,2834379095,15914,1149
29616.815281,2834386253,2834387400,15875,1147
29616.824330,2834395027,2834396177,15918,1150
29616.836326,2834403546,2834404696,15929,1150
29616.846840,2834412159,2834413308,15832,1149
29616.856330,2834420698,2834421845,15999,1147
29616.867885,2834429270,2834430443,15915,1173
29616.878403,2834437839,2834438986,15890,1147
29616.888328,2834446425,2834447573,15992,1148
29616.899444,2834454959,2834456108,15915,1149
29616.908330,2834463664,2834464811,15832,1147
29616.920328,2834472095,2834473245,15940,1150
29616.931005,2834480546,2834481691,15913,1145
29616.940331,2834488955,2834490126,15863,1171
29616.952043,2834497458,2834498606,15958,1148
29616.962564,2834505871,2834507018,15908,1147
29616.972334,2834514580,2834515729,15910,1149
29616.983600,2834522905,2834524054,15942,1149
29616.992333,2834531343,2834532492,15957,1149
29617.004330,2834539635,2834540783,15824,1148
29617.015161,2834547999,2834549146,15944,1147
29617.024329,2834556745,2834557894,15955,1149
29617.036197,2834565199,2834566349,15845,1150
29617.046722,2834573733,2834574882,15947,1149
29617.056331,2834582190,2834583336,16005,1146
29617.067758,2834590770,2834591919,15829,1149
29617.076331,2834599277,2834600425,15960,1148
29617.088328,2834607872,2834609021,15976,1149
29617.099321,2834616162,2834617311,15862,1149
29617.108330,2834624688,2834625833,15946,1145
29617.120330,2834633163,2834634311,15970,1148
29617.130879,2834641489,2834642637,15830,1148
29617.140328,2834649826,2834650969,15946,1143
29617.151926,2834658227,2834659375,15963,1148
29617.162440,2834666740,2834667891,15833,1151
29617.172333,2834675349,2834676498,15847,1149
29617.183489,2834683932,2834685081,15988,1149
29617.192328,2834692566,2834693715,15860,1149
29617.204327,2834700956,2834702103,15949,1147
29617.215049,2834709510,2834710659,15989,1149
29617.224332,2834718119,2834719292,15849,1173
29617.236081,2834726875,2834728023,15942,1148
29617.246608,2834735481,2834736629,15977,1148
29617.256336,2834744042,2834745189,15847,1147
29617.267641,2834752575,2834753724,15936,1149
29617.276328,2834761208,2834762356,15950,1148
29617.288331,2834769687,2834770834,15855,1147
29617.299202,2834778196,2834779340,15938,1144
29617.308329,2834786822,2834787971,16016,1149
29617.320246,2834795302,2834796449,15918,1147
29617.330759,2834803813,2834804962,15890,1149
29617.340331,2834812230,2834813373,15969,1143
29617.351799,2834820684,2834821833,15812,1149
29617.360328,2834829123,2834830273,15945,1150
29617.372329,2834837609,2834838758,15973,1149
29617.383358,2834846291,2834847440,15809,1149
29617.392335,2834854753,2834855901,15943,1148
29617.404331,2834863069,2834864217,15994,1148
29617.414919,2834871482,2834872630,15815,1148
29617.424329,2834879867,2834881016,15955,1149
29617.435966,2834888148,2834889296,15967,1148
29617.446482,2834896503,2834897653,15859,1150
29617.456327,2834905020,2834906166,15947,1146
29617.467526,2834913378,2834914527,15970,1149
29617.476328,2834921815,2834922960,15832,1145
29617.488336,2834930064,2834931213,15841,1149
29617.499087,2834938508,2834939656,15995,1148
29617.508331,2834947160,2834948308,15811,1148
29617.520119,2834955570,2834956718,15849,1148
29617.530649,2834964101,2834965248,16017,1147
29617.540329,2834972583,2834973727,15819,1144
29617.551678,2834981077,2834982225,15891,1148
29617.560329,2834989412,2834990560,15969,1148
29617.572328,2834997772,2834998919,15824,1147
29617.583241,2835006206,2835007354,15942,1148
29617.592327,2835014780,2835015927,15967,1147
29617.604277,2835023185,2835024335,15809,1150
29617.614802,2835031573,2835032716,15945,1143
29617.624335,2835040047,2835041195,15955,1148
29617.635838,2835048581,2835049729,15809,1148
29617.646362,2835057137,2835058284,15944,1147
29617.656332,2835065543,2835066690,15969,1147
29617.667406,2835073958,2835075108,15893,1150
29617.676336,2835082521,2835083669,15944,1148
29617.688335,2835090808,2835091956,16015,1148
29617.698961,2835099185,2835100334,15862,1149
29617.708330,2835107597,2835108744,15950,1147
29617.720005,2835116251,2835117424,15954,1173
29617.730519,2835124803,2835125951,15818,1148
29617.740330,2835133408,2835134555,15944,1147
29617.751567,2835141744,2835142891,15961,1147
29617.760331,2835150247,2835151395,15835,1148
29617.772329,2835158662,2835159810,15963,1148
29617.783127,2835167096,2835168245,15993,1149
29617.792334,2835175703,2835176876,15829,1173
29617.804161,2835184165,2835185312,15884,1147
29617.814687,2835192719,2835193868,15965,1149
29617.824327,2835201421,2835202570,15859,1149
29617.835719,2835209954,2835211102,15891,1148
29617.844334,2835218283,2835219430,15965,1147
29617.856332,2835226693,2835227840,15820,1147
29617.867280,2835235229,2835236376,15848,1147
29617.876328,2835243883,2835245031,15970,1148
29617.888318,2835252347,2835253498,15833,1151
29617.898843,2835260769,2835261917,15950,1148
29617.908328,2835269254,2835270402,15966,1148
29617.919879,2835277864,2835279011,15846,1147
29617.930402,2835286201,2835287350,15943,1149
29617.940328,2835294637,2835295783,15970,1146
29617.951439,2835303163,2835304312,15835,1149
29617.960329,2835311693,2835312841,15949,1148
29617.972333,2835320125,2835321273,15956,1148
29617.983001,2835328655,2835329802,15833,1147
29617.992331,2835337364,2835338507,15949,1143
29618.004046,2835345724,2835346872,15969,1148
29618.014567,2835354497,2835355644,15911,1147
29618.024333,2835363024,2835364173,15945,1149
29618.035606,2835371439,2835372588,15968,1149
29618.044327,2835380024,2835381171,15833,1147
29618.056328,2835388653,2835389799,15944,1146
29618.067165,2835397077,2835398225,15972,1148
29618.076328,2835405744,2835406890,15829,1146
29618.088201,2835414028,2835415176,15942,1148
29618.098728,2835422391,2835423547,16000,1156
29618.108329,2835430719,2835431868,15829,1149
29618.119763,2835438934,2835440082,15961,1148
29618.128329,2835447293,2835448440,15966,1147
29618.140328,2835455898,2835457045,15832,1147
29618.151321,2835464214,2835465363,15943,1149
29618.160328,2835472896,2835474045,15962,1149
29618.172329,2835481475,2835482622,15832,1147
29618.182882,2835489806,2835490954,15942,1148
29618.192330,2835498143,2835499288,15973,1145
29618.203919,2835506620,2835507767,15827,1147
29618.214441,2835514998,2835516146,15852,1148
29618.224332,2835523666,2835524812,15959,1146
29618.235479,2835532025,2835533174,15834,1149
29618.244330,2835540484,2835541633,15945,1149
29618.256328,2835548872,2835550018,15969,1146
29618.267039,2835557274,2835558421,15833,1147
29618.276329,2835565778,2835566926,15947,1148
29618.288086,2835574333,2835575481,15967,1148
29618.298600,2835582723,2835583873,15832,1150
29618.308333,2835591446,2835592593,15961,1147
29618.319646,2835599758,2835600906,15955,1148
29618.328329,2835608027,2835609176,15832,1149
29618.340330,2835616484,2835617630,15945,1146
29618.351208,2835624814,2835625961,15967,1147
29618.360329,2835633467,2835634615,15909,1148
29618.372241,2835641807,2835642954,15946,1147
29618.382767,2835650139,2835651287,15968,1148
29618.392333,2835658696,2835659844,15827,1148
29618.403802,2835667033,2835668180,15945,1147
29618.412329,2835675492,2835676641,15972,1149
29618.424328,2835683850,2835685000,15831,1150
29618.435362,2835692119,2835693267,15939,1148
29618.444330,2835700452,2835701599,15967,1147
29618.456328,2835708758,2835709903,15831,1145
29618.466924,2835717281,2835718429,15959,1148
29618.476331,2835725638,2835726786,15962,1148
29618.487959,2835734023,2835735170,15834,1147
29618.498483,2835742403,2835743552,15944,1149
29618.508327,2835750832,2835751980,16002,1148
29618.519519,2835759470,2835760617,15833,1147
29618.528327,2835767902,2835769050,15946,1148
29618.540329,2835776304,2835777450,15966,1146
29618.551079,2835784749,2835785897,15830,1148
29618.560332,2835793538,2835794686,15849,1148
29618.572128,2835801921,2835803068,15972,1147
29618.582640,2835810431,2835811580,15831,1149
29618.592332,2835819007,2835820154,15937,1147
29618.603687,2835827488,2835828636,15967,1148
29618.612336,2835835853,2835837001,15838,1148
29618.624334,2835844118,2835845269,15936,1151
29618.635247,2835852776,2835853924,15968,1148
29618.644331,2835861259,2835862408,15703,1149
29618.656281,2835869744,2835870891,15947,1147
29618.666808,2835878054,2835879202,15949,1148
29618.676339,2835886386,2835887534,15832,1148
29618.687842,2835894642,2835895789,15947,1147
29618.698368,2835902974,2835904122,15956,1148
29618.708331,2835911305,2835912453,15912,1148
29618.719402,2835919727,2835920874,15947,1147
29618.728333,2835928063,2835929211,15970,1148
29618.740333,2835936492,2835937639,15832,1147
29618.750963,2835944844,2835945992,15947,1148
29618.760328,2835953276,2835954424,15972,1148
29618.771999,2835961760,2835962908,15831,1148
29618.782523,2835970142,2835971286,15945,1144
29618.792329,2835978610,2835979757,15965,1147
29618.803559,2835987164,2835988313,15833,1149
29618.812330,2835995521,2835996669,15960,1148
29618.824332,2836003908,2836005056,15967,1148
29618.835120,2836012336,2836013484,15833,1148
29618.844330,2836020764,2836021913,15946,1149
29618.856166,2836029173,2836030318,15964,1145
29618.866680,2836037627,2836038775,15837,1148
29618.876333,2836046231,2836047381,15942,1150
29618.887727,2836054463,2836055611,15972,1148
29618.896334,2836062772,2836063919,15827,1147
29618.908328,2836071100,2836072246,15843,1146
29618.919287,2836079366,2836080514,15968,1148
29618.928331,2836087827,2836088973,15819,1146
29618.940322,2836096041,2836097213,15939,1172
29618.950848,2836104399,2836105547,15953,1148
29618.960329,2836112777,2836113925,15832,1148
29618.971882,2836121135,2836122282,15943,1147
29618.982408,2836129617,2836130766,15966,1149
29618.992334,2836138077,2836139225,15832,1148
29619.003442,2836146461,2836147609,15941,1148
29619.012334,2836154819,2836155966,15954,1147
29619.024327,2836163024,2836164173,15833,1149
29619.035003,2836171529,2836172676,15946,1147
29619.044335,2836179927,2836181075,15966,1148
29619.056046,2836188477,2836189622,15911,1145
29619.066563,2836197025,2836198173,15943,1148
29619.076332,2836205656,2836206801,15971,1145
29619.087600,2836214015,2836215161,15828,1146
29619.096329,2836222469,2836223616,15942,1147
29619.108331,2836230969,2836232118,15972,1149
29619.119162,2836239512,2836240660,15830,1148
29619.128328,2836248046,2836249194,15951,1148
29619.140206,2836256576,2836257720,15967,1144
29619.150722,2836265077,2836266225,15829,1148
29619.160333,2836273755,2836274904,15963,1149
29619.171768,2836282356,2836283499,15969,1143
29619.180336,2836290807,2836291954,15832,1147
29619.192333,2836299110,2836300254,15931,1144
29619.203328,2836307288,2836308436,15974,1148
29619.212334,2836315675,2836316823,15821,1148
29619.224333,2836324087,2836325234,15948,1147
29619.234888,2836332330,2836333478,15971,1148
29619.244328,2836340809,2836341952,15832,1143
29619.255921,2836349045,2836350189,15848,1144
29619.266448,2836357349,2836358497,15970,1148
29619.276328,2836365703,2836366849,15831,1146
29619.287482,2836374327,2836375473,15921,1146
29619.296334,2836382720,2836383864,15966,1144
29619.308328,2836391071,2836392219,15836,1148
29619.319043,2836399647,2836400795,15945,1148
29619.328330,2836408169,2836409342,15966,1173
29619.340079,2836416675,2836417823,15830,1148
29619.350603,2836424933,2836426081,15943,1148
29619.360334,2836433463,2836434611,15947,1148
29619.371640,2836441693,2836442840,15832,1147
29619.380328,2836449978,2836451125,15945,1147
29619.392329,2836458208,2836459356,15970,1148
29619.403207,2836466559,2836467706,15910,1147
29619.412328,2836475007,2836476179,15940,1172
29619.424247,2836483360,2836484508,15966,1148
29619.434761,2836491769,2836492916,15833,1147
29619.444329,2836500152,2836501300,15939,1148
29619.455805,2836508627,2836509772,15970,1145
29619.464327,2836517110,2836518257,15829,1147
29619.476328,2836525440,2836526588,15947,1148
29619.487368,2836533773,2836534921,15966,1148
29619.496335,2836542227,2836543374,15834,1147
29619.508332,2836550535,2836551679,15963,1144
29619.518928,2836558890,2836560038,15968,1148
29619.528329,2836567269,2836568416,15833,1147
29619.539962,2836575801,2836576948,15943,1147
29619.550489,2836584112,2836585258,15963,1146
29619.560329,2836592554,2836593701,15832,1147
29619.571523,2836600861,2836602007,15947,1146
29619.580328,2836609200,2836610347,15971,1147
29619.592331,2836617501,2836618648,15821,1147
29619.603082,2836625976,2836627124,15853,1148
29619.612327,2836634478,2836635625,15966,1147
29619.624119,2836642865,2836644013,15833,1148
29619.634643,2836651298,2836652445,15945,1147
29619.644335,2836659549,2836660698,15966,1149
29619.655680,2836667865,2836669011,15845,1146
29619.664332,2836676193,2836677341,15947,1148
29619.676330,2836684529,2836685677,15971,1148
29619.687240,2836692860,2836694009,15825,1149
29619.696335,2836701396,2836702543,15941,1147
29619.708288,2836709732,2836710880,15944,1148
29619.718800,2836718116,2836719263,15831,1147
29619.728332,2836726355,2836727502,15941,1147
29619.739848,2836734536,2836735684,15953,1148
29619.750368,2836742917,2836744065,15903,1148
29619.760331,2836751255,2836752401,15939,1146
29619.771408,2836759513,2836760660,15967,1147
29619.780327,2836767798,2836768946,15820,1148
29619.792329,2836776293,2836777440,15946,1147
29619.802967,2836784581,2836785731,15967,1150
29619.812332,2836792895,2836794043,15830,1148
29619.824003,2836801150,2836802298,15935,1148
29619.834529,2836809629,2836810777,15969,1148
29619.844330,2836818195,2836819343,15831,1148
29619.855564,2836826555,2836827701,15961,1146
29619.864333,2836834888,2836836035,15962,1147
29619.876331,2836843175,2836844323,15835,1148
29619.887123,2836851368,2836852516,15937,1148
29619.896330,2836859919,2836861066,15968,1147
29619.908159,2836868275,2836869423,15836,1148
29619.918684,2836876585,2836877733,15945,1148
29619.928329,2836884929,2836886077,15967,1148
29619.939719,2836893397,2836894545,15844,1148
29619.948331,2836901907,2836903055,15848,1148
29619.960332,2836910268,2836911416,15971,1148
29619.971280,2836918598,2836919743,15820,1145
29619.980330,2836926934,2836928082,15941,1148
29619.992327,2836935364,2836936511,15964,1147
29620.002841,2836943722,2836944870,15845,1148
29620.012328,2836952104,2836953252,15943,1148
29620.023888,2836960481,2836961627,15970,1146
29620.034401,2836968910,2836970057,15827,1147
29620.044330,2836977464,2836978612,15943,1148
29620.055448,2836985895,2836987041,15954,1146
29620.064330,2836994159,2836995305,15834,1146
29620.076330,2837002447,2837003594,15943,1147
29620.087008,2837010856,2837012003,15972,1147
29620.096332,2837019466,2837020611,15911,1145
29620.108042,2837027896,2837029044,15944,1148
29620.118569,2837036275,2837037422,15967,1147
29620.128332,2837044584,2837045731,15833,1147
29620.139601,2837053101,2837054249,15937,1148
29620.148332,2837061291,2837062437,15968,1146
29620.160328,2837069599,2837070745,15831,1146
29620.171163,2837077978,2837079125,15937,1147
29620.180331,2837086455,2837087603,15966,1148
29620.192200,2837094737,2837095884,15837,1147
29620.202725,2837103116,2837104262,15953,1146
29620.212332,2837111464,2837112609,15974,1145
29620.223760,2837119799,2837120945,15831,1146
29620.232331,2837128120,2837129268,15947,1148
29620.244328,2837136312,2837137456,15964,1144
29620.255321,2837144693,2837145839,15828,1146
29620.264332,2837153144,2837154291,15942,1147
29620.276328,2837161485,2837162632,15966,1147
29620.286881,2837169673,2837170821,15831,1148
29620.296330,2837178198,2837179346,15846,1148
29620.307928,2837186486,2837187634,15961,1148
29620.318441,2837194723,2837195871,15835,1148
29620.328328,2837203152,2837204299,15948,1147
29620.339488,2837211676,2837212823,15957,1147
29620.348334,2837220030,2837221178,15848,1148
29620.360329,2837228294,2837229443,15942,1149
29620.371049,2837236754,2837237899,15969,1145
29620.380330,2837245134,2837246281,15837,1147
29620.392082,2837253467,2837254615,15940,1148
29620.402609,2837261801,2837262948,15949,1147
29620.412332,2837270253,2837271401,15826,1148
29620.423643,2837278437,2837279585,15944,1148
29620.432328,2837286723,2837287870,15965,1147
29620.444335,2837295149,2837296297,15911,1148
29620.455203,2837303431,2837304575,15942,1144
29620.464331,2837311734,2837312882,15970,1148
29620.476239,2837320188,2837321336,15833,1148
29620.486764,2837328644,2837329793,15949,1149
29620.496329,2837336951,2837338099,15972,1148
29620.507800,2837345239,2837346386,15830,1147
29620.516332,2837353717,2837354865,15981,1148
29620.528328,2837361965,2837363113,15901,1148
29620.539360,2837370470,2837371618,15838,1148
29620.548332,2837378705,2837379854,15970,1149
29620.560334,2837387146,2837388293,15915,1147
29620.570921,2837395625,2837396773,15860,1148
29620.580327,2837403963,2837405111,15987,1148
29620.591966,2837412252,2837413396,15959,1144
29620.602482,2837420580,2837421728,15846,1148
29620.612331,2837428792,2837429939,15948,1147
29620.623527,2837437388,2837438534,15948,1146
29620.632330,2837445845,2837446992,15846,1147
29620.644328,2837454273,2837455422,15864,1149
29620.655087,2837462635,2837463781,15959,1146
29620.664336,2837471164,2837472312,15843,1148
29620.676122,2837479618,2837480766,15942,1148
29620.686648,2837487953,2837489099,15957,1146
29620.696328,2837496184,2837497327,15854,1143
29620.707683,2837504529,2837505677,15942,1148
29620.716333,2837512860,2837514008,15959,1148
29620.728329,2837521074,2837522222,15844,1148
29620.739243,2837529332,2837530480,15945,1148
29620.748330,2837537564,2837538712,15938,1148
29620.760280,2837545886,2837547034,15850,1148
29620.770804,2837554246,2837555392,15947,1146
29620.780336,2837562479,2837563627,15955,1148
29620.791846,2837570968,2837572114,15912,1146
29620.802364,2837579226,2837580374,15943,1148
29620.812331,2837587532,2837588680,15960,1148
29620.823400,2837595787,2837596935,15847,1148
29620.832328,2837604141,2837605287,15943,1146
29620.844329,2837612543,2837613690,15947,1147
29620.854961,2837620933,2837622076,15842,1143
29620.864333,2837629308,2837630454,15946,1146
29620.876006,2837637662,2837638807,15958,1145
29620.886521,2837646140,2837647288,15846,1148
29620.896333,2837654572,2837655719,15964,1147
29620.907567,2837662907,2837664055,15961,1148
29620.916328,2837671167,2837672311,15845,1144
29620.928331,2837679469,2837680616,15950,1147
29620.939127,2837687723,2837688871,15957,1148
29620.948330,2837696227,2837697374,15847,1147
29620.960163,2837704714,2837705862,15935,1148
29620.970688,2837713050,2837714196,15983,1146
29620.980327,2837721416,2837722563,15847,1147
29620.991721,2837729625,2837730772,15862,1147
29621.000329,2837737909,2837739056,15957,1147
29621.012328,2837746343,2837747492,15841,1149
29621.023283,2837754652,2837755799,15946,1147
29621.032327,2837762891,2837764038,15673,1147
29621.044320,2837771272,2837772418,15867,1146
29621.054845,2837779953,2837781099,15946,1146
29621.064330,2837788331,2837789477,15952,1146
29621.075881,2837796661,2837797808,15854,1147
29621.086404,2837804899,2837806047,15947,1148
29621.096329,2837813204,2837814351,15936,1147
29621.107441,2837821582,2837822729,15843,1147
29621.116331,2837829917,2837831066,15947,1149
29621.128329,2837838329,2837839476,15955,1147
29621.139007,2837846567,2837847716,15908,1149
29621.148332,2837855062,2837856210,15944,1148
29621.160047,2837863451,2837864600,15987,1149
29621.170561,2837871724,2837872870,15844,1146
29621.180331,2837879982,2837881131,15952,1149
29621.191606,2837888290,2837889437,15945,1147
29621.200328,2837896621,2837897767,15846,1146
29621.212336,2837904878,2837906025,15933,1147
29621.223167,2837913183,2837914327,15956,1144
29621.232328,2837921654,2837922802,15845,1148
29621.244204,2837929891,2837931037,15964,1146
29621.254728,2837938269,2837939416,15957,1147
29621.264331,2837946645,2837947793,15846,1148
29621.275763,2837954955,2837956102,15943,1147
29621.284331,2837963266,2837964414,15956,1148
29621.296333,2837971550,2837972697,15840,1147
29621.307324,2837979857,2837981005,15942,1148
29621.316327,2837988265,2837989412,15957,1147
29621.328330,2837996694,2837997840,15849,1146
29621.338883,2838005073,2838006221,15865,1148
29621.348333,2838013282,2838014428,15957,1146
29621.359920,2838021541,2838022688,15839,1147
29621.370444,2838030000,2838031146,15944,1146
29621.380329,2838038300,2838039449,15954,1149
29621.391481,2838046701,2838047849,15864,1148
29621.400331,2838054959,2838056106,15939,1147
29621.412330,2838063344,2838064488,15956,1144
29621.423041,2838071667,2838072814,15840,1147
29621.432328,2838080123,2838081270,15940,1147
29621.444087,2838088454,2838089598,15940,1144
29621.454602,2838096714,2838097860,15848,1146
29621.464330,2838104972,2838106119,15945,1147
29621.475647,2838113181,2838114325,15957,1144
29621.484329,2838121434,2838122581,15909,1147
29621.496334,2838129858,2838131005,15947,1147
29621.507208,2838138041,2838139190,15955,1149
29621.516328,2838146523,2838147671,15845,1148
29621.528243,2838154803,2838155949,15941,1146
29621.538767,2838163199,2838164344,15957,1145
29621.548331,2838171433,2838172578,15844,1145
29621.559803,2838179660,2838180808,15935,1148
29621.568327,2838188100,2838189244,16018,1144
29621.580333,2838196360,2838197506,15834,1146
29621.591365,2838204611,2838205754,15959,1143
29621.600329,2838212911,2838214057,15961,1146
29621.612336,2838221243,2838222387,15830,1144
29621.622925,2838229476,2838230622,15920,1146
29621.632334,2838237730,2838238877,15969,1147
29621.643960,2838245967,2838247111,15832,1144
29621.654485,2838254298,2838255446,15942,1148
29621.664328,2838262632,2838263779,15971,1147
29621.675521,2838270887,2838272031,15829,1144
29621.684334,2838279240,2838280387,15851,1147
29621.696332,2838287691,2838288838,15968,1147
29621.707082,2838296017,2838297165,15819,1148
29621.716328,2838304518,2838305666,15937,1148
29621.728128,2838312895,2838314042,15971,1147
29621.738642,2838321222,2838322371,15851,1149
29621.748334,2838329407,2838330553,15935,1146
29621.759689,2838337665,2838338812,15967,1147
29621.768328,2838345849,2838346994,15858,1145
29621.780329,2838354280,2838355428,15945,1148
29621.791249,2838362492,2838363639,15945,1147
29621.800332,2838370703,2838371849,15830,1146
29621.812283,2838378911,2838380057,15935,1146
29621.822809,2838387140,2838388287,15971,1147
29621.832329,2838395318,2838396466,15910,1148
29621.843843,2838403495,2838404642,15945,1147
29621.854370,2838411667,2838412814,15965,1147
29621.864328,2838419904,2838421051,15834,1147
29621.875404,2838428032,2838429179,15933,1147
29621.884330,2838436318,2838437466,15959,1148
29621.896328,2838444652,2838445799,15834,1147
29621.906966,2838452882,2838454028,15945,1146
29621.916329,2838461117,2838462265,15971,1148
29621.928001,2838469545,2838470693,15830,1148
29621.938527,2838477822,2838478965,15964,1143
29621.948332,2838486347,2838487491,15971,1144
29621.959561,2838494642,2838495790,15835,1148
29621.968331,2838502797,2838503942,15940,1145
29621.980329,2838510936,2838512083,15967,1147
29621.994137,2838518992,2838519682,13901,690
29622.008334,2838525151,2838525786,12028,635
29622.019676,2838530408,2838531544,15922,1136
29622.028327,2838538514,2838539660,16043,1146
29622.040337,2838546691,2838547838,16005,1147
29622.051236,2838554914,2838556061,15927,1147
29622.060333,2838563366,2838564512,16086,1146
29622.072283,2838571605,2838572751,15904,1146
29622.082797,2838579828,2838580975,15819,1147
29622.092327,2838588047,2838589190,15979,1143
29622.103842,2838596199,2838597345,15915,1146
29622.114357,2838604385,2838605528,15851,1143
29622.124328,2838612566,2838613714,15989,1148
29622.135403,2838620874,2838622022,15989,1148
29622.144327,2838629155,2838630302,15935,1147
29622.156331,2838637365,2838638512,16042,1147
29622.166963,2838645622,2838646769,16006,1147
29622.176330,2838653819,2838654967,15932,1148
29622.188001,2838662111,2838663259,16076,1148
29622.198523,2838670312,2838671454,15994,1142
29622.208327,2838678528,2838679674,15958,1146
29622.219560,2838686862,2838688006,16061,1144
29622.228327,2838695113,2838696258,15999,1145
29622.240332,2838703319,2838704463,15970,1144
29622.251123,2838711550,2838712697,16072,1147
29622.260334,2838719949,2838721096,16000,1147
29622.272156,2838728155,2838729298,15936,1143
29622.282681,2838736531,2838737679,16070,1148
29622.292328,2838744734,2838745882,16003,1148
29622.303715,2838753022,2838754167,15944,1145
29622.312330,2838761271,2838762415,16064,1144
29622.324331,2838769544,2838770690,16002,1146
29622.335276,2838777717,2838778860,15935,1143
29622.344327,2838786111,2838787259,16057,1148
29622.356320,2838794496,2838795643,15999,1147
29622.366836,2838802924,2838804071,15948,1147
29622.376329,2838811209,2838812357,16071,1148
29622.387885,2838819471,2838820621,15972,1150
29622.398397,2838827706,2838828854,15910,1148
29622.408331,2838835919,2838837068,16069,1149
29622.419442,2838844182,2838845323,16003,1141
29622.428329,2838852506,2838853653,15907,1147
29622.440329,2838860685,2838861831,16087,1146
29622.451004,2838868958,2838870106,15999,1148
29622.460333,2838877246,2838878390,15912,1144
29622.472042,2838885577,2838886724,16062,1147
29622.482563,2838893835,2838894982,16001,1147
29622.492332,2838900771,2838901890,15409,1119
29622.503604,2838908901,2838910046,15996,1145
29622.512334,2838917109,2838918255,15908,1146
29622.524332,2838925313,2838926460,15835,1147
29622.535162,2838933497,2838934644,15981,1147
29622.544335,2838941819,2838942965,15917,1146
29622.556195,2838950051,2838951197,15844,1146
29622.566725,2838958335,2838959483,16003,1148
29622.576329,2838966692,2838967839,15891,1147
29622.587756,2838975053,2838976202,15783,1149
29622.596327,2838983369,2838984511,15985,1142
29622.608332,2838991644,2838992788,15888,1144
29622.619316,2839000017,2839001162,15847,1145
29622.628328,2839008345,2839009491,16012,1146
29622.640329,2839016497,2839017645,15914,1148
29622.650877,2839024661,2839025807,15828,1146
29622.660329,2839032904,2839034052,15973,1148
29622.671922,2839041234,2839042380,15914,1146
29622.682437,2839049431,2839050579,15929,1148
29622.692331,2839057684,2839058830,16084,1146
29622.703484,2839066013,2839067158,16010,1145
29622.712328,2839074294,2839075438,15921,1144
29622.724333,2839082586,2839083733,16064,1147
29622.735043,2839091060,2839092208,15917,1148
29622.744328,2839099376,2839100524,15847,1148
29622.756086,2839107687,2839108830,16108,1143
29622.766605,2839115990,2839117138,15981,1148
29622.776327,2839124348,2839125496,15900,1148
29622.787643,2839132533,2839133680,16070,1147
29622.796333,2839140778,2839141925,15899,1147
29622.808328,2839148986,2839150134,15847,1148
29622.819206,2839157150,2839158292,16108,1142
29622.828328,2839165379,2839166526,15998,1147
29622.840236,2839173616,2839174764,15928,1148
29622.850763,2839181798,2839182941,16071,1143
29622.860327,2839190005,2839191151,15934,1146
29622.871796,2839198213,2839199358,15846,1145
29622.880328,2839206542,2839207688,16086,1146
29622.892328,2839214748,2839215891,15998,1143
29622.903356,2839222899,2839224046,15922,1147
29622.912329,2839231112,2839232259,16069,1147
29622.924337,2839239391,2839240538,15908,1147
29622.934920,2839247664,2839248811,15871,1147
29622.944329,2839255916,2839257061,16000,1145
29622.955963,2839264168,2839265311,15909,1143
29622.966477,2839272368,2839273515,15818,1147
29622.976332,2839280679,2839281826,15998,1147
29622.987522,2839288913,2839290060,15911,1147
29622.996328,2839297232,2839298381,15834,1149
29623.008329,2839305419,2839306566,15972,1147
29623.019084,2839313704,2839314849,15914,1145
29623.028333,2839322088,2839323236,15846,1148
29623.040122,2839330507,2839331653,15982,1146
29623.050643,2839338840,2839339989,15914,1149
29623.060334,2839347194,2839348341,15881,1147
29623.071684,2839355549,2839356697,16087,1148
29623.080330,2839364122,2839365270,15999,1148
29623.092332,2839372326,2839373473,15951,1147
29623.103243,2839380504,2839381650,16116,1146
29623.112335,2839388834,2839389981,16003,1147
29623.124277,2839396984,2839398131,15852,1147
29623.134805,2839405294,2839406441,16002,1147
29623.144330,2839413691,2839414834,15904,1143
29623.155836,2839422012,2839423156,15831,1144
29623.166364,2839430242,2839431386,15979,1144
29623.176329,2839438475,2839439621,15914,1146
29623.187399,2839446628,2839447777,15873,1149
29623.196333,2839454778,2839455924,15969,1146
29623.208334,2839463010,2839464154,15913,1144
29623.218960,2839471183,2839472328,15865,1145
29623.228329,2839479358,2839480501,15979,1143
29623.240002,2839487514,2839488656,15918,1142
29623.250517,2839495711,2839496857,15847,1146
29623.260328,2839503932,2839505078,15996,1146
29623.271564,2839512082,2839513226,15911,1144
29623.280333,2839520235,2839521381,15862,1146
29623.292334,2839528468,2839529615,15953,1147
29623.303123,2839536611,2839537757,15913,1146
29623.312328,2839544788,2839545935,15937,1147
29623.324164,2839553067,2839554213,16107,1146
29623.334685,2839561470,2839562614,16002,1144
29623.344330,2839569794,2839570938,15921,1144
29623.355722,2839578145,2839579293,16063,1148
29623.364334,2839586300,2839587443,16002,1143
29623.376331,2839594469,2839595616,15938,1147
29623.387284,2839602644,2839603793,16051,1149
29623.396331,2839610880,2839612026,16005,1146
29623.408317,2839619151,2839620296,15923,1145
29623.418843,2839627336,2839628481,15975,1145
29623.428327,2839635511,2839636655,15921,1144
29623.439879,2839643680,2839644827,15879,1147
29623.450405,2839651885,2839653031,15971,1146
29623.460328,2839660097,2839661245,15911,1148
29623.471435,2839668297,2839669440,15826,1143
29623.480327,2839676468,2839677615,15985,1147
29623.492336,2839684646,2839685791,15916,1145
29623.502999,2839692903,2839694048,15878,1145
29623.512331,2839701249,2839702392,16001,1143
29623.524044,2839709443,2839710590,15909,1147
29623.534557,2839717666,2839718810,15834,1144
29623.544332,2839725954,2839727101,15953,1147
29623.555602,2839734163,2839735309,15915,1146
29623.564328,2839742364,2839743511,15845,1147
29623.576336,2839750513,2839751659,16001,1146
29623.587165,2839758691,2839759838,15894,1147
29623.596333,2839767037,2839768185,15918,1148
29623.608203,2839775230,2839776377,16046,1147
29623.618724,2839783377,2839784518,15916,1141
29623.628332,2839791552,2839792699,15840,1147
29623.639764,2839799766,2839800913,15998,1147
29623.648327,2839808047,2839809194,15908,1147
29623.660330,2839816249,2839817396,15841,1147
29623.671325,2839824506,2839825653,16012,1147
29623.680330,2839832764,2839833911,15917,1147
29623.692329,2839840950,2839842097,15849,1147
29623.702887,2839849206,2839850349,16003,1143
29623.712333,2839857425,2839858568,15903,1143
29623.723917,2839865642,2839866790,15923,1148
29623.734444,2839873871,2839875016,16069,1145
29623.744329,2839882047,2839883194,16008,1147
29623.755477,2839890267,2839891414,15933,1147
29623.764329,2839898562,2839899709,16097,1147
29623.776335,2839906806,2839907954,15919,1148
29623.787037,2839915025,2839916172,15832,1147
29623.796329,2839923318,2839924465,15971,1147
29623.808084,2839931488,2839932632,15915,1144
29623.818596,2839939750,2839940896,15836,1146
29623.828333,2839948037,2839949185,15995,1148
29623.839645,2839956146,2839957293,15989,1147
29623.848333,2839964318,2839965461,15924,1143
29623.860328,2839972595,2839973741,16072,1146
29623.871203,2839980812,2839981958,16003,1146
29623.880331,2839989139,2839990286,15935,1147
29623.892244,2839997420,2839998566,16085,1146
29623.902765,2840005671,2840006817,15999,1146
29623.912333,2840013869,2840015018,15917,1149
29623.923804,2840022107,2840023250,16090,1143
29623.932327,2840030326,2840031467,16008,1141
29623.944328,2840038517,2840039663,15933,1146
29623.955365,2840046770,2840047912,16093,1142
29623.964329,2840054968,2840056114,15999,1146
29623.976328,2840063146,2840064293,15922,1147
29623.986924,2840071295,2840072442,16072,1147
29623.996329,2840079567,2840080714,16000,1147
29624.007959,2840087717,2840088864,15965,1147
29624.018485,2840095951,2840097091,16003,1140
29624.028331,2840104238,2840105382,15913,1144
29624.039520,2840113841,2840114993,15866,1152
29624.048329,2840122035,2840123181,15956,1146
29624.060328,2840130205,2840131351,15919,1146
29624.071077,2840138398,2840139545,15861,1147
29624.080329,2840146733,2840147876,15957,1143
29624.092124,2840154880,2840156023,15933,1143
29624.102637,2840163081,2840164228,15852,1147
29624.112328,2840171402,2840172546,15960,1144
29624.123682,2840179547,2840180690,15917,1143
29624.132326,2840187692,2840188838,15857,1146
29624.144331,2840195869,2840197015,15954,1146
29624.155243,2840204021,2840205164,15902,1143
29624.164327,2840212190,2840213338,15862,1148
29624.176281,2840220352,2840221499,15969,1147
29624.186803,2840228504,2840229651,15915,1147
29624.196330,2840236844,2840237991,15867,1147
29624.207843,2840245144,2840246291,15955,1147
29624.218366,2840253300,2840254445,15934,1145
29624.228330,2840261616,2840262763,15869,1147
29624.239402,2840269802,2840270948,15933,1146
29624.248332,2840277989,2840279136,15915,1147
29624.260331,2840286333,2840287480,15861,1147
29624.270963,2840294539,2840295685,15988,1146
29624.280329,2840302744,2840303891,15916,1147
29624.291996,2840310945,2840312091,15845,1146
29624.302523,2840319199,2840320346,15969,1147
29624.312328,2840327516,2840328662,15904,1146
29624.323558,2840335682,2840336825,15861,1143
29624.332331,2840343826,2840344967,15989,1141
29624.344329,2840351997,2840353142,15915,1145
29624.355117,2840360274,2840361422,15845,1148
29624.364328,2840368674,2840369821,15989,1147
29624.376161,2840376875,2840378020,15916,1145
29624.386681,2840385099,2840386246,15887,1147
29624.396330,2840393305,2840394452,15949,1147
29624.407723,2840401460,2840402604,15913,1144
29624.416328,2840409658,2840410799,15850,1141
29624.428332,2840417795,2840418937,15972,1142
29624.439283,2840426013,2840427158,15914,1145
29624.448330,2840434190,2840435333,15848,1143
29624.460324,2840442369,2840443516,15997,1147
29624.470845,2840450526,2840451669,15907,1143
29624.480329,2840458743,2840459889,15862,1146
29624.491884,2840466916,2840468064,15987,1148
29624.502404,2840475172,2840476316,15915,1144
29624.512331,2840483377,2840484524,15837,1147
29624.523445,2840491548,2840492695,15999,1147
29624.532329,2840499793,2840500937,15911,1144
29624.544335,2840507969,2840509114,15832,1145
29624.555004,2840516194,2840517342,15953,1148
29624.564334,2840524591,2840525737,15911,1146
29624.576037,2840532782,2840533929,15840,1147
29624.586566,2840540921,2840542068,15998,1147
29624.596330,2840549073,2840550219,15916,1146
29624.607597,2840557474,2840558616,15819,1142
29624.616328,2840565646,2840566787,15983,1141
29624.628333,2840573895,2840575042,15916,1147
29624.639157,2840582124,2840583267,15843,1143
29624.648334,2840590405,2840591552,15992,1147
29624.660204,2840598609,2840599756,15911,1147
29624.670718,2840606836,2840607984,15831,1148
29624.680330,2840615044,2840616191,15999,1147
29624.691765,2840623246,2840624392,15895,1146
29624.700328,2840631402,2840632551,15851,1149
29624.712331,2840639580,2840640726,16017,1146
29624.723325,2840647754,2840648901,15911,1147
29624.732329,2840655907,2840657048,15835,1141
29624.744334,2840664022,2840665169,15970,1147
29624.754885,2840672220,2840673365,15905,1145
29624.764328,2840680516,2840681661,15842,1145
29624.775925,2840688739,2840689886,16005,1147
29624.786446,2840696939,2840698085,15919,1146
29624.796332,2840705090,2840706237,15835,1147
29624.807484,2840713307,2840714454,15985,1147
29624.816330,2840721599,2840722745,15904,1146
29624.828332,2840729825,2840730968,15849,1143
29624.839044,2840737980,2840739123,15987,1143
29624.848333,2840746322,2840747469,15910,1147
29624.860075,2840754480,2840755624,15834,1144
29624.870605,2840762675,2840763824,15988,1149
29624.880329,2840770872,2840772019,15894,1147
29624.891637,2840778989,2840780132,15856,1143
29624.900337,2840787236,2840788381,15988,1145
29624.912329,2840795391,2840796538,15909,1147
29624.923197,2840803591,2840804735,15847,1144
29624.932335,2840811800,2840812947,15963,1147
29624.944242,2840819947,2840821094,15902,1147
29624.954758,2840828114,2840829260,15857,1146
29624.964328,2840836335,2840837482,15976,1147
29624.975803,2840844508,2840845651,15906,1143
29624.984327,2840852925,2840854068,15845,1143
29624.996327,2840861047,2840862192,15959,1145
29625.007362,2840869184,2840870326,15916,1142
29625.016330,2840877348,2840878489,15861,1141
29625.028328,2840885525,2840886669,15977,1144
29625.038928,2840893684,2840894831,15898,1147
29625.048331,2840901911,2840903059,15832,1148
29625.059963,2840910106,2840911251,16000,1145
29625.070484,2840918276,2840919422,15904,1146
29625.080327,2840926427,2840927569,15849,1142
29625.091525,2840934746,2840935893,15989,1147
29625.100331,2840942950,2840944099,15910,1149
29625.112328,2840951136,2840952284,15834,1148
29625.123084,2840959332,2840960476,15983,1144
29625.132331,2840967642,2840968788,15917,1146
29625.144117,2840975911,2840977056,15827,1145
29625.154646,2840984163,2840985311,15996,1148
29625.164333,2840992392,2840993539,15877,1147
29625.175677,2841000637,2841001782,15815,1145
29625.184330,2841008788,2841009929,15978,1141
29625.196333,2841016957,2841018100,15910,1143
29625.207237,2841025107,2841026250,15834,1143
29625.216332,2841033328,2841034473,16003,1145
29625.228286,2841041480,2841042622,15933,1142
29625.238792,2841049748,2841050902,15774,1154
29625.248327,2841057981,2841059125,15984,1144
29625.259845,2841066182,2841067329,15938,1147
29625.270360,2841074380,2841075522,15839,1142
29625.280327,2841082578,2841083720,15997,1142
29625.291407,2841090870,2841092013,15933,1143
29625.300327,2841099037,2841100184,15835,1147
29625.312331,2841107217,2841108365,15978,1148
29625.322966,2841115425,2841116570,15925,1145
29625.332332,2841123697,2841124845,15846,1148
29625.344005,2841131943,2841133089,15973,1146
29625.354526,2841140083,2841141229,15909,1146
29625.364335,2841148345,2841149488,15836,1143
29625.375564,2841156543,2841157690,15976,1147
29625.384329,2841164835,2841165983,15914,1148
29625.396332,2841172988,2841174135,15881,1147
29625.407126,2841181161,2841182309,16017,1148
29625.416328,2841189410,2841190556,15916,1146
29625.428157,2841197661,2841198807,15817,1146
29625.438684,2841205837,2841206982,15979,1145
29625.448333,2841214045,2841215192,15916,1147
29625.459717,2841222165,2841223308,15852,1143
29625.468329,2841230334,2841231476,15999,1142
29625.480334,2841238501,2841239643,15916,1142
29625.491278,2841246674,2841247820,15839,1146
29625.500328,2841254890,2841256038,15958,1148
29625.512323,2841263044,2841264192,15917,1148
29625.522838,2841271286,2841272430,15842,1144
29625.532328,2841279421,2841280564,15993,1143
29625.543885,2841287564,2841288706,15915,1142
29625.554405,2841295734,2841296878,15916,1144
29625.564329,2841303937,2841305083,15905,1146
29625.575444,2841312175,2841313322,15915,1147
29625.584328,2841320379,2841321525,15916,1146
29625.596335,2841328604,2841329751,15910,1147
29625.607004,2841336782,2841337929,15918,1147
29625.616329,2841345084,2841346226,15931,1142
29625.628043,2841353446,2841354592,15977,1146
29625.638565,2841361646,2841362793,15918,1147
29625.648330,2841369978,2841371122,15951,1144
29625.659606,2841378153,2841379296,16071,1143
29625.668333,2841386382,2841387528,16004,1146
29625.680328,2841394583,2841395727,15920,1144
29625.691164,2841402731,2841403872,16059,1141
29625.700327,2841410882,2841412025,15916,1143
29625.712199,2841419020,2841420166,15886,1146
29625.722725,2841427252,2841428398,15989,1146
29625.732331,2841435428,2841436571,15919,1143
29625.743758,2841443575,2841444722,15849,1147
29625.752332,2841451747,2841452896,15986,1149
29625.764330,2841459907,2841461054,15915,1147
29625.775321,2841468106,2841469253,15885,1147
29625.784328,2841476306,2841477451,15957,1145
29625.796328,2841484558,2841485703,15915,1145
29625.806882,2841492721,2841493868,15876,1147
29625.816330,2841500975,2841502116,15970,1141
29625.827922,2841509112,2841510258,15913,1146
29625.838439,2841517339,2841518483,15858,1144
29625.848330,2841525529,2841526676,15988,1147
29625.859484,2841533710,2841534857,15916,1147
29625.868331,2841541885,2841543032,15845,1147
29625.880329,2841550026,2841551172,15970,1146
29625.891043,2841558140,2841559283,15917,1143
29625.900330,2841566505,2841567652,15848,1147
29625.912085,2841574730,2841575874,15978,1144
29625.922605,2841582975,2841584122,15894,1147
29625.932333,2841591177,2841592322,15838,1145
29625.943642,2841599354,2841600497,15970,1143
29625.952327,2841607461,2841608607,15914,1146
29625.964327,2841615601,2841616744,15863,1143
29625.975205,2841623737,2841624882,15987,1145
29625.984333,2841631927,2841633074,15912,1147
29625.996240,2841640374,2841641519,15947,1145
29626.006765,2841648671,2841649812,15937,1141
29626.016329,2841656870,2841658015,15865,1145
29626.027800,2841665039,2841666185,15944,1146
29626.036332,2841673210,2841674353,15998,1143
29626.048331,2841681320,2841682463,15907,1143
29626.059362,2841689490,2841690635,15947,1145
29626.068331,2841697666,2841698810,15944,1144
29626.080327,2841705818,2841706963,15878,1145
29626.090921,2841713954,2841715100,15934,1146
29626.100327,2841722124,2841723268,15960,1144
29626.111957,2841730297,2841731439,15843,1142
29626.122481,2841738529,2841739672,15945,1143
29626.132328,2841746725,2841747865,15957,1140
29626.143518,2841754952,2841756099,15848,1147
29626.152333,2841763179,2841764321,15962,1142
29626.164326,2841771407,2841772552,15960,1145
29626.175078,2841779589,2841780736,15845,1147
29626.184336,2841787914,2841789061,15942,1147
29626.196124,2841796164,2841797310,15956,1146
29626.206639,2841804341,2841805488,15851,1147
29626.216331,2841812569,2841813715,15992,1146
29626.227684,2841820746,2841821891,15949,1145
29626.236339,2841828916,2841830062,15869,1146
29626.248332,2841837164,2841838308,15867,1144
29626.259245,2841845348,2841846491,16008,1143
29626.268331,2841853613,2841854759,15873,1146
29626.280280,2841861725,2841862870,15903,1145
29626.290805,2841869872,2841871018,15958,1146
29626.300337,2841878142,2841879289,15890,1147
29626.311840,2841886369,2841887517,15947,1148
29626.322365,2841894699,2841895845,15959,1146
29626.332335,2841902899,2841904043,15848,1144
29626.343401,2841911066,2841912213,15930,1147
29626.352330,2841919315,2841920462,15945,1147
29626.364333,2841927464,2841928610,15849,1146
29626.374961,2841935638,2841936785,15947,1147
29626.384328,2841943778,2841944926,15958,1148
29626.396004,2841951949,2841953092,15911,1143
29626.406521,2841960272,2841961420,15946,1148
29626.416329,2841968649,2841969794,15957,1145
29626.427558,2841976922,2841978068,15846,1146
29626.436336,2841985214,2841986357,15945,1143
29626.448333,2841993414,2841994556,15960,1142
29626.459119,2842001565,2842002713,15847,1148
29626.468332,2842009911,2842011059,15958,1148
29626.480165,2842018225,2842019372,15971,1147
29626.490679,2842026574,2842027721,15837,1147
29626.500327,2842034970,2842036117,15968,1147
29626.511726,2842043191,2842044337,15961,1146
29626.520328,2842051365,2842052512,15829,1147
29626.532328,2842059506,2842060651,15942,1145
29626.543286,2842067678,2842068822,15971,1144
29626.552327,2842075898,2842077045,15837,1147
29626.564321,2842084040,2842085187,15936,1147
29626.574847,2842092183,2842093328,15971,1145
29626.584336,2842100345,2842101488,15836,1143
29626.595880,2842108510,2842109657,15852,1147
29626.606407,2842116703,2842117850,15960,1147
29626.616330,2842124873,2842126018,15820,1145
29626.627441,2842133088,2842134231,15946,1143
29626.636328,2842141337,2842142483,15969,1146
29626.648334,2842149603,2842150748,15838,1145
29626.659001,2842157746,2842158889,15945,1143
29626.668331,2842165847,2842166994,16030,1147
29626.680038,2842173992,2842175134,15819,1142
29626.690563,2842182186,2842183333,15938,1147
29626.700332,2842190326,2842191468,15956,1142
29626.711598,2842198515,2842199660,15831,1145
29626.720328,2842206683,2842207829,15945,1146
29626.732330,2842214841,2842215986,15973,1145
29626.743167,2842223019,2842224161,15906,1142
29626.752329,2842231240,2842232383,15949,1143
29626.764206,2842239414,2842240559,15974,1145
29626.774719,2842247555,2842248698,15836,1143
29626.784329,2842255674,2842256821,15886,1147
29626.795766,2842263875,2842265021,15970,1146
29626.804331,2842272109,2842273256,15827,1147
29626.816331,2842280307,2842281449,15949,1142
29626.827326,2842288529,2842289676,15960,1147
29626.836333,2842296706,2842297851,15861,1145
29626.848329,2842304856,2842306002,15964,1146
29626.858887,2842313028,2842314170,15966,1142
29626.868331,2842321223,2842322368,15855,1145
29626.879921,2842329379,2842330520,15949,1141
29626.890447,2842337543,2842338686,15969,1143
29626.900329,2842345687,2842346834,15826,1147
29626.911482,2842353858,2842355006,15941,1148
29626.920327,2842362085,2842363232,15971,1147
29626.932327,2842370334,2842371478,15829,1144
29626.943040,2842378487,2842379634,15850,1147
29626.952330,2842386801,2842387947,15973,1146
29626.964078,2842395048,2842396195,15832,1147
29626.974602,2842403245,2842404390,15942,1145
29626.984328,2842411391,2842412533,15959,1142
29626.995641,2842419530,2842420676,15871,1146
29627.004329,2842427703,2842428850,15912,1147
29627.016327,2842435856,2842437000,15968,1144
29627.027199,2842443998,2842445140,15834,1142
29627.036334,2842452138,2842453285,15919,1147
29627.048245,2842460277,2842461422,15952,1145
29627.058759,2842468492,2842469639,15832,1147
29627.068331,2842476613,2842477758,15948,1145
29627.079806,2842484788,2842485935,15962,1147
29627.088335,2842492940,2842494087,15914,1147
29627.100329,2842501085,2842502233,15917,1148
29627.111367,2842509235,2842510381,15972,1146
29627.120330,2842517377,2842518524,15832,1147
29627.132329,2842525559,2842526699,15951,1140
29627.142925,2842533725,2842534872,15961,1147
29627.152328,2842541903,2842543052,15827,1149
29627.163961,2842550059,2842551201,15945,1142
29627.174488,2842558248,2842559393,15966,1145
29627.184332,2842566392,2842567538,15835,1146
29627.195523,2842574561,2842575702,15967,1141
29627.204328,2842582847,2842583994,15968,1147
29627.216328,2842590990,2842592135,15832,1145
29627.227082,2842599177,2842600323,15946,1146
29627.236333,2842607461,2842608607,15967,1146
29627.248119,2842615638,2842616784,15833,1146
29627.258643,2842623835,2842624982,15945,1147
29627.268327,2842632104,2842633251,15969,1147
29627.279681,2842640413,2842641559,15819,1146
29627.288329,2842648637,2842649783,15849,1146
29627.300329,2842656785,2842657930,15970,1145
29627.311239,2842664932,2842666078,15797,1146
29627.320330,2842673145,2842674289,15947,1144
29627.332286,2842681278,2842682417,15968,1139
29627.342799,2842689422,2842690565,15850,1143
29627.352329,2842697568,2842698711,15943,1143
29627.363847,2842705715,2842706857,15968,1142
29627.374360,2842713904,2842715046,15826,1142
29627.384329,2842722040,2842723186,15947,1146
29627.395406,2842730239,2842731382,15953,1143
29627.404333,2842738377,2842739523,15830,1146
29627.416328,2842746513,2842747655,15937,1142
29627.426967,2842754665,2842755811,15968,1146
29627.436331,2842762806,2842763949,15908,1143
29627.448002,2842770947,2842772088,15948,1141
29627.458527,2842779093,2842780235,15969,1142
29627.468328,2842787300,2842788444,15836,1144
29627.479561,2842795445,2842796588,15937,1143
29627.488333,2842803653,2842804796,15991,1143
29627.500334,2842811816,2842812963,15832,1147
29627.511122,2842820036,2842821183,15948,1147
29627.520327,2842828353,2842829497,15965,1144
29627.532159,2842836489,2842837633,15831,1144
29627.542684,2842844775,2842845920,15964,1145
29627.552330,2842852922,2842854065,15957,1143
29627.563719,2842861060,2842862201,15831,1141
29627.572331,2842869218,2842870364,15917,1146
29627.584336,2842877352,2842878498,15966,1146
29627.595279,2842885473,2842886620,15835,1147
29627.604328,2842893598,2842894745,15916,1147
29627.616326,2842901738,2842902884,15971,1146
29627.626839,2842909888,2842911035,15834,1147
29627.636329,2842918101,2842919246,15851,1145
29627.647886,2842926274,2842927417,15967,1143
29627.658400,2842934464,2842935611,15831,1147
29627.668330,2842942709,2842943852,15945,1143
29627.679447,2842950934,2842952080,15971,1146
29627.688327,2842959141,2842960284,15843,1143
29627.700331,2842967362,2842968503,15947,1141
29627.711007,2842975529,2842976672,15968,1143
29627.720334,2842983691,2842984836,15834,1145
29627.732043,2842991863,2842993006,15946,1143
29627.742568,2843000133,2843001280,15950,1147
29627.752332,2843008255,2843009401,15830,1146
29627.763601,2843016403,2843017547,15945,1144
29627.772332,2843024540,2843025686,15965,1146
29627.784329,2843032708,2843033855,15901,1147
29627.795162,2843040859,2843042004,15943,1145
29627.804329,2843049099,2843050247,15964,1148
29627.816198,2843057233,2843058380,15828,1147
29627.826722,2843065400,2843066547,15949,1147
29627.836333,2843073544,2843074690,15969,1146
29627.847758,2843081703,2843082848,15835,1145
29627.856332,2843089843,2843090989,15941,1146
29627.868328,2843098071,2843099214,15970,1143
29627.879320,2843106270,2843107413,15833,1143
29627.888331,2843114449,2843115596,15962,1147
29627.900334,2843122725,2843123870,15971,1145
29627.910880,2843130880,2843132026,15832,1146
29627.920336,2843139024,2843140167,15943,1143
29627.931927,2843147244,2843148384,15968,1140
29627.942442,2843155459,2843156606,15858,1147
29627.952337,2843163705,2843164852,15893,1147
29627.963487,2843171842,2843172985,15972,1143
29627.972328,2843180054,2843181200,15831,1146
29627.984335,2843188223,2843189370,15834,1147
29627.995049,2843196430,2843197577,15970,1147
29628.004330,2843204622,2843205765,15831,1143
29628.016081,2843212807,2843213950,15948,1143
29628.026608,2843221028,2843222176,15968,1148
29628.036328,2843229195,2843230341,15841,1146
29628.047642,2843237493,2843238635,15944,1142
29628.056330,2843245832,2843246976,15971,1144
29628.068333,2843253998,2843255145,15828,1147
29628.079203,2843262150,2843263297,15940,1147
29628.088328,2843270298,2843271439,15949,1141
29628.100239,2843278498,2843279644,15844,1146
29628.110763,2843286647,2843287795,15946,1148
29628.120328,2843294754,2843295896,15970,1142
29628.131806,2843302893,2843304035,15913,1142
29628.140335,2843311027,2843312172,15948,1145
29628.152329,2843319171,2843320316,15970,1145
29628.163359,2843327360,2843328506,15830,1146
29628.172332,2843335505,2843336647,15935,1142
29628.184330,2843343635,2843344776,15972,1141
29628.194919,2843351767,2843352914,15832,1147
29628.204328,2843359920,2843361066,15949,1146
29628.215966,2843368096,2843369239,15968,1143
29628.226480,2843376269,2843377417,15833,1148
29628.236333,2843384437,2843385584,15962,1147
29628.247527,2843392611,2843393751,15970,1140
29628.256336,2843400810,2843401952,15833,1142
29628.268331,2843408949,2843410091,15929,1142
29628.279088,2843417146,2843418289,15967,1143
29628.288334,2843425485,2843426627,15832,1142
29628.300115,2843433594,2843434739,15923,1145
29628.310648,2843441769,2843442914,15957,1145
29628.320332,2843449965,2843451112,15831,1147
29628.331680,2843458118,2843459260,15853,1142
29628.340330,2843466234,2843467381,15969,1147
29628.352331,2843474405,2843475546,15834,1141
29628.363242,2843482570,2843483712,15942,1142
29628.372333,2843490769,2843491913,15971,1144
29628.384279,2843498932,2843500079,15845,1147
29628.394803,2843507260,2843508408,15950,1148
29628.404326,2843515429,2843516575,15971,1146
29628.415842,2843523620,2843524765,15853,1145
29628.426363,2843531767,2843532910,15945,1143
29628.436329,2843539908,2843541054,15953,1146
29628.447399,2843548062,2843549204,15832,1142
29628.456329,2843556208,2843557350,15945,1142
29628.468328,2843564341,2843565484,15969,1143
29628.478967,2843572481,2843573624,15915,1143
29628.488332,2843580617,2843581759,15948,1142
29628.500007,2843588780,2843589925,15959,1145
29628.510520,2843596975,2843598118,15836,1143
29628.520327,2843605143,2843606286,15947,1143
29628.531566,2843613295,2843614439,15971,1144
29628.540327,2843621453,2843622596,15833,1143
29628.552334,2843629590,2843630733,15947,1143
29628.563128,2843637782,2843638929,15966,1147
29628.572329,2843646094,2843647239,15823,1145
29628.584163,2843654301,2843655444,15960,1143
29628.594688,2843662444,2843663589,15966,1145
29628.604327,2843670629,2843671770,15833,1141
29628.615722,2843678766,2843679913,15946,1147
29628.624329,2843687018,2843688165,15968,1147
29628.636330,2843695217,2843696363,15836,1146
29628.647282,2843703390,2843704535,15943,1145
29628.656336,2843711635,2843712781,15958,1146
29628.668319,2843719803,2843720946,15826,1143
29628.678841,2843727952,2843729098,15851,1146
29628.688328,2843736075,2843737218,15969,1143
29628.699879,2843744215,2843745362,15823,1147
29628.710403,2843752361,2843753504,15944,1143
29628.720331,2843760536,2843761682,15969,1146
29628.731440,2843768676,2843769819,15850,1143
29628.740333,2843776813,2843777954,15945,1141
29628.752328,2843784944,2843786090,15968,1146
29628.763000,2843793173,2843794320,15835,1147
29628.772328,2843801340,2843802486,15945,1146
29628.784047,2843809518,2843810663,15952,1145
29628.794561,2843817663,2843818809,15836,1146
29628.804327,2843825812,2843826954,15945,1142
29628.815607,2843833954,2843835101,15968,1147
29628.824328,2843842200,2843843342,15910,1142
29628.836329,2843850323,2843851465,15933,1142
29628.847168,2843858465,2843859605,15966,1140
29628.856331,2843866682,2843867827,15833,1145
29628.868202,2843874874,2843876020,15947,1146
29628.878726,2843882990,2843884135,15969,1145
29628.888329,2843891127,2843892272,15826,1145
29628.899762,2843899295,2843900441,15945,1146
29628.908328,2843907438,2843908584,15970,1146
29628.920328,2843915595,2843916741,15832,1146
29628.931324,2843923793,2843924937,15963,1144
29628.940333,2843931966,2843933107,15969,1141
29628.952335,2843940095,2843941241,15831,1146
29628.962883,2843948333,2843949478,15944,1145
29628.972330,2843956606,2843957752,15972,1146
29628.983919,2843964780,2843965926,15832,1146
29628.994443,2843972925,2843974070,15943,1145
29629.004327,2843981094,2843982237,15964,1143
29629.015482,2843989233,2843990380,15860,1147
29629.024329,2843997478,2843998624,15851,1146
29629.036329,2844005647,2844006793,15969,1146
29629.047040,2844013791,2844014936,15828,1145
29629.056330,2844022130,2844023272,15938,1142
29629.068087,2844030261,2844031407,15968,1146
29629.078600,2844038404,2844039546,15842,1142
29629.088330,2844046542,2844047687,15951,1145
29629.099647,2844054660,2844055807,15968,1147
29629.108328,2844062814,2844063957,15833,1143
29629.120335,2844070945,2844072087,15964,1142
29629.131208,2844079085,2844080231,15953,1146
29629.140335,2844087253,2844088400,15823,1147
29629.152243,2844095439,2844096585,15946,1146
29629.162768,2844103637,2844104782,15968,1145
29629.172331,2844111855,2844113001,15909,1146
29629.183803,2844120073,2844121215,15933,1142
29629.192331,2844128220,2844129362,15965,1142
29629.204331,2844136360,2844137507,15832,1147
29629.215363,2844144504,2844145651,15951,1147
29629.224331,2844152644,2844153791,15956,1147
29629.236330,2844160887,2844162030,15832,1143
29629.246923,2844169051,2844170192,15947,1141
29629.256327,2844177189,2844178330,15950,1141
29629.267960,2844185324,2844186471,15832,1147
29629.278486,2844193464,2844194606,15963,1142
29629.288327,2844201753,2844202894,15956,1141
29629.299520,2844209888,2844211031,15828,1143
29629.308334,2844218027,2844219175,15939,1148
29629.320329,2844226178,2844227319,16009,1141
29629.331080,2844234324,2844235468,15880,1144
29629.340330,2844242635,2844243777,15944,1142
29629.352128,2844250812,2844251959,15966,1147
29629.362641,2844259039,2844260182,15811,1143
29629.372332,2844267201,2844268344,15853,1143
29629.383688,2844275417,2844276563,15963,1146
29629.392329,2844283639,2844284785,15822,1146
29629.404330,2844291852,2844292998,15948,1146
29629.415248,2844299974,2844301117,15970,1143
29629.424329,2844308110,2844309256,15837,1146
29629.436282,2844316311,2844317458,15943,1147
29629.446808,2844324454,2844325598,15965,1144
29629.456328,2844332628,2844333769,15831,1141
29629.467842,2844340736,2844341879,15944,1143
29629.478369,2844348977,2844350123,15944,1146
29629.488331,2844357147,2844358294,15830,1147
29629.499403,2844365294,2844366440,15931,1146
29629.508331,2844373439,2844374585,15970,1146
29629.520333,2844381558,2844382702,15909,1144
29629.530964,2844389704,2844390848,15951,1144
29629.540327,2844397894,2844399036,15956,1142
29629.552000,2844406038,2844407184,15822,1146
29629.562524,2844414180,2844415326,15933,1146
29629.572327,2844422324,2844423469,15971,1145
29629.583563,2844430516,2844431662,15846,1146
29629.592331,2844438694,2844439839,15947,1145
29629.604329,2844446831,2844447973,15963,1142
29629.615121,2844454967,2844456113,15837,1146
29629.624333,2844463273,2844464414,15958,1141
29629.636169,2844471407,2844472552,15961,1145
29629.646681,2844479571,2844480710,15833,1139
29629.656326,2844487739,2844488886,15948,1147
29629.667728,2844495878,2844497024,15971,1146
29629.676327,2844504075,2844505221,15839,1146
29629.688328,2844512258,2844513405,15962,1147
29629.699288,2844520396,2844521541,15971,1145
29629.708331,2844528540,2844529686,15822,1146
29629.720320,2844536733,2844537879,15850,1146
29629.730849,2844544890,2844546031,16040,1141
29629.740327,2844553075,2844554218,15834,1143
29629.751882,2844561215,2844562356,15945,1141
29629.762410,2844569374,2844570516,15970,1142
29629.772329,2844577516,2844578657,15847,1141
29629.783443,2844585622,2844586763,15948,1141
29629.792330,2844593755,2844594901,15967,1146
29629.804334,2844601925,2844603067,15835,1142
29629.815003,2844610055,2844611197,15947,1142
29629.824330,2844618263,2844619408,15951,1145
29629.836040,2844626451,2844627597,15836,1146
29629.846564,2844634612,2844635752,15946,1140
29629.856328,2844642771,2844643913,15969,1142
29629.867608,2844651065,2844652212,15917,1147
29629.876334,2844659204,2844660350,15949,1146
29629.888327,2844667351,2844668496,15967,1145
29629.899161,2844675483,2844676624,15834,1141
29629.908328,2844683694,2844684840,15949,1146
29629.920206,2844691832,2844692978,15957,1146
29629.930718,2844699967,2844701118,15776,1151
29629.940327,2844708178,2844709325,15889,1147
29629.951768,2844716346,2844717487,15968,1141
29629.960334,2844724460,2844725602,15831,1142
29629.972328,2844732611,2844733757,15962,1146
29629.983328,2844740750,2844741891,15971,1141
29629.992331,2844748888,2844750034,15837,1146
29630.004330,2844757052,2844758198,15940,1146
29630.014888,2844765224,2844766372,15971,1148
29630.024329,2844773367,2844774510,15843,1143
29630.035923,2844781533,2844782679,15949,1146
29630.046450,2844789674,2844790818,15972,1144
29630.056328,2844797819,2844798960,15834,1141
29630.067481,2844805978,2844807125,15856,1147
29630.076329,2844814117,2844815263,15954,1146
29630.088329,2844822221,2844823367,15849,1146
29630.099044,2844830362,2844831508,15954,1146
29630.108328,2844838547,2844839689,15966,1142
29630.120080,2844846692,2844847834,15849,1142
29630.130604,2844854976,2844856122,15945,1146
29630.140330,2844863135,2844864277,15969,1142
29630.151641,2844871284,2844872429,15820,1145
29630.160332,2844879427,2844880568,15950,1141
29630.172329,2844887537,2844888679,15968,1142
29630.183201,2844895670,2844896819,15833,1149
29630.192331,2844903884,2844905024,15939,1140
29630.204250,2844912043,2844913185,15971,1142
29630.214769,2844920150,2844921299,15900,1149
29630.224328,2844928316,2844929462,15940,1146
29630.235808,2844936457,2844937602,15964,1145
29630.244331,2844944591,2844945730,15850,1139
29630.256329,2844952803,2844953949,15946,1146
29630.267368,2844960947,2844962093,15994,1146
29630.276331,2844969082,2844970227,15835,1145
29630.288329,2844977221,2844978367,15947,1146
29630.298928,2844985359,2844986505,15967,1146
29630.308331,2844993493,2844994640,15831,1147
29630.319964,2845001637,2845002783,15958,1146
29630.330489,2845009781,2845010922,15965,1141
29630.340332,2845017935,2845019075,15829,1140
29630.351523,2845026108,2845027255,15944,1147
29630.360329,2845034280,2845035426,15972,1146
29630.372330,2845042419,2845043564,15831,1145
29630.383083,2845050553,2845051699,15943,1146
29630.392331,2845058852,2845059998,15973,1146
29630.404120,2845066989,2845068134,15832,1145
29630.414642,2845075156,2845076302,15848,1146
29630.424327,2845083309,2845084452,15966,1143
29630.435680,2845091448,2845092596,15834,1148
29630.444330,2845099624,2845100768,15946,1144
29630.456332,2845107765,2845108910,15961,1145
29630.467241,2845115913,2845117058,15853,1145
29630.476328,2845124050,2845125196,15949,1146
29630.488288,2845132224,2845133371,15970,1147
29630.498801,2845140361,2845141507,15833,1146
29630.508332,2845148532,2845149678,15939,1146
29630.519848,2845156701,2845157847,15937,1146
29630.530362,2845164843,2845165986,15817,1143
29630.540328,2845173014,2845174156,15947,1142
29630.551408,2845181188,2845182335,15960,1147
29630.560332,2845189461,2845190607,15909,1146
29630.572332,2845197579,2845198725,15942,1146
29630.582969,2845205725,2845206873,15951,1148
29630.592333,2845213870,2845215012,15821,1142
29630.604003,2845222035,2845223180,15944,1145
29630.614527,2845230191,2845231337,15963,1146
29630.624329,2845238356,2845239503,15834,1147
29630.635563,2845246546,2845247691,15949,1145
29630.644327,2845254658,2845255801,15969,1143
29630.656329,2845262795,2845263941,15836,1146
29630.667125,2845270943,2845272089,15962,1146
29630.676329,2845279249,2845280395,15971,1146
29630.688160,2845287386,2845288533,15833,1147
29630.698684,2845295509,2845296653,15940,1144
29630.708329,2845303653,2845304799,15956,1146
29630.719720,2845311841,2845312986,15835,1145
29630.728329,2845319998,2845321140,15947,1142
29630.740329,2845328136,2845329282,15955,1146
29630.751283,2845336294,2845337440,15834,1146
29630.760332,2845344470,2845345616,15853,1146
29630.772328,2845352642,2845353786,15971,1144
29630.782841,2845360760,2845361906,15835,1146
29630.792329,2845368895,2845370042,15948,1147
29630.803888,2845377038,2845378179,15969,1141
29630.814401,2845385174,2845386320,15847,1146
29630.824332,2845393316,2845394462,15963,1146
29630.835449,2845401449,2845402595,15974,1146
29630.844333,2845409593,2845410734,15834,1141
29630.856328,2845417754,2845418895,15939,1141
29630.867009,2845425984,2845427130,15962,1146
29630.876333,2845434150,2845435293,15877,1143
29630.888043,2845442282,2845443424,15946,1142
29630.898569,2845450523,2845451668,15971,1145
29630.908328,2845458646,2845459792,15905,1146
29630.919603,2845466784,2845467930,15943,1146
29630.928333,2845474931,2845476076,15967,1145
29630.940332,2845483124,2845484267,15831,1143
29630.951161,2845491335,2845492481,15931,1146
29630.960332,2845499539,2845500681,15968,1142
29630.972199,2845507655,2845508800,15826,1145
29630.982725,2845515793,2845516938,15942,1145
29630.992327,2845523932,2845525078,15952,1146
29631.016332,2845536256,2845536889,11969,633
29631.027813,2845540319,2845540954,12074,635
29631.036327,2845546997,2845548135,15963,1138
29631.048337,2845555032,2845556169,15853,1137
29631.059367,2845563093,2845564230,15860,1137
29631.068330,2845571201,2845572340,15966,1139
29631.080330,2845579293,2845580432,15835,1139
29631.090930,2845587380,2845588519,15951,1139
29631.100328,2845595506,2845596647,15964,1141
29631.111966,2845603645,2845604784,15850,1139
29631.122492,2845611734,2845612880,15961,1146
29631.132333,2845619900,2845621043,15973,1143
29631.143527,2845628008,2845629154,15838,1146
29631.152331,2845636154,2845637299,15964,1145
29631.164330,2845644298,2845645440,15955,1142
29631.175087,2845652435,2845653577,15841,1142
29631.184329,2845660693,2845661839,15939,1146
29631.196135,2845668825,2845669966,15926,1141
29631.206652,2845676963,2845678108,15915,1145
29631.216326,2845685049,2845686195,15964,1146
29631.227693,2845693137,2845694282,15954,1145
29631.236328,2845701251,2845702397,15855,1146
29631.248334,2845709382,2845710527,15961,1145
29631.259253,2845717521,2845718666,15967,1145
29631.268332,2845725660,2845726802,15866,1142
29631.280290,2845734079,2845735230,15952,1151
29631.290813,2845742225,2845743372,15912,1147
29631.300329,2845750392,2845751537,15842,1145
29631.311852,2845758541,2845759680,15971,1139
29631.322374,2845766646,2845767789,15758,1143
29631.332331,2845774886,2845776032,15847,1146
29631.343412,2845783429,2845784571,15841,1142
29631.352333,2845791723,2845792868,15896,1145
29631.364334,2845799854,2845801000,15826,1146
29631.374975,2845808026,2845809172,15970,1146
29631.384332,2845816406,2845817553,15905,1147
29631.396007,2845824580,2845825725,15828,1145
29631.406535,2845833143,2845834286,15913,1143
29631.416328,2845841539,2845842683,15902,1144
29631.427567,2845849677,2845850823,15841,1146
29631.436330,2845857894,2845859042,15976,1148
29631.448329,2845866044,2845867187,15904,1143
29631.459127,2845874193,2845875335,15843,1142
29631.468329,2845882449,2845883594,15985,1145
29631.480172,2845890589,2845891736,15912,1147
29631.490687,2845898856,2845900001,15828,1145
29631.500327,2845907052,2845908198,15945,1146
29631.511733,2845913690,2845914826,15917,1136
29631.520329,2845921780,2845922926,15961,1146
29631.532334,2845929910,2845931055,16037,1145
29631.543293,2845938035,2845939181,16033,1146
29631.552332,2845946301,2845947446,15987,1145
29631.564327,2845954439,2845955585,16045,1146
29631.574854,2845962564,2845963710,16040,1146
29631.584331,2845970703,2845971849,15935,1146
29631.595889,2845978836,2845979980,16041,1144
29631.606414,2845986975,2845988121,16057,1146
29631.616330,2845995093,2845996239,15926,1146
29631.627450,2846003230,2846004376,16038,1146
29631.636327,2846011355,2846012497,16053,1142
29631.648327,2846019541,2846020689,15926,1148
29631.659011,2846027678,2846028819,16028,1141
29631.668329,2846035937,2846037080,16038,1143
29631.680047,2846044120,2846045268,15941,1148
29631.690570,2846052246,2846053393,16029,1147
29631.700330,2846060315,2846061460,15970,1145
29631.711607,2846068481,2846069624,15834,1143
29631.720329,2846076631,2846077774,15938,1143
29631.732328,2846084798,2846085940,15966,1142
29631.743167,2846092908,2846094055,15833,1147
29631.752328,2846101129,2846102275,15941,1146
29631.764214,2846109276,2846110421,15953,1145
29631.774728,2846117434,2846118580,15837,1146
29631.784331,2846125575,2846126720,15946,1145
29631.795775,2846133751,2846134892,15969,1141
29631.804333,2846141944,2846143089,15844,1145
29631.816331,2846150111,2846151252,16035,1141
29631.827336,2846158244,2846159389,15964,1145
29631.836334,2846166389,2846167531,15822,1142
29631.848329,2846174519,2846175663,15943,1144
29631.858896,2846182658,2846183804,15962,1146
29631.868328,2846190787,2846191932,15840,1145
29631.879929,2846198919,2846200062,16030,1143
29631.890456,2846207038,2846208184,16045,1146
29631.900329,2846215176,2846216323,15992,1147
29631.911490,2846223320,2846224458,16034,1138
29631.920331,2846231437,2846232583,16048,1146
29631.932333,2846239599,2846240745,15924,1146
29631.943050,2846247738,2846248884,16031,1146
29631.952335,2846256015,2846257161,16074,1146
29631.964087,2846264195,2846265341,15832,1146
29631.974612,2846272507,2846273654,16036,1147
29631.984334,2846280677,2846281822,16054,1145
29631.995647,2846288828,2846289967,15935,1139
29632.004333,2846296939,2846298084,16032,1145
29632.016329,2846305073,2846306220,16038,1147
29632.027207,2846313215,2846314355,15850,1140
29632.036330,2846321365,2846322510,15962,1145
29632.048254,2846329530,2846330671,15961,1141
29632.058768,2846337706,2846338853,15856,1147
29632.068331,2846345877,2846347019,16031,1142
29632.079814,2846354009,2846355153,16041,1144
29632.088330,2846362144,2846363286,15848,1142
29632.100330,2846370285,2846371428,15845,1143
29632.111374,2846378417,2846379560,15968,1143
29632.120330,2846386557,2846387703,15837,1146
29632.132329,2846394688,2846395829,16024,1141
29632.142935,2846402866,2846404011,16053,1145
29632.152331,2846411004,2846412147,15835,1143
29632.163969,2846419142,2846420288,15946,1146
29632.175990,2846428425,2846429570,15895,1145
29632.186514,2846436673,2846437819,16035,1146
29632.196330,2846444798,2846445944,16057,1146
29632.207550,2846452931,2846454077,15936,1146
29632.216335,2846461038,2846462179,16031,1141
29632.228334,2846469169,2846470308,16053,1139
29632.239110,2846477300,2846478446,15922,1146
29632.248335,2846485608,2846486753,15936,1145
29632.260156,2846493715,2846494856,16028,1141
29632.270671,2846501823,2846502965,15910,1142
29632.280335,2846509919,2846511064,16036,1145
29632.291717,2846518055,2846519200,16053,1145
29632.300327,2846526313,2846527459,15940,1146
29632.312331,2846534451,2846535598,16040,1147
29632.323278,2846542585,2846543731,15970,1146
29632.332328,2846550722,2846551863,15838,1141
29632.344312,2846558886,2846560026,15947,1140
29632.354838,2846567049,2846568195,15953,1146
29632.364329,2846575187,2846576333,15840,1146
29632.375873,2846583296,2846584441,15931,1145
29632.386398,2846591453,2846592599,16041,1146
29632.396332,2846599590,2846600730,15992,1140
29632.407433,2846607721,2846608867,16038,1146
29632.416335,2846615960,2846617107,16032,1147
29632.428329,2846624105,2846625248,15919,1143
29632.438994,2846632239,2846633384,15939,1145
29632.448331,2846640434,2846641580,15968,1146
29632.460030,2846648571,2846649716,15835,1145
29632.470554,2846656707,2846657850,15943,1143
29632.480329,2846664889,2846666034,15965,1145
29632.491591,2846673027,2846674173,15838,1146
29632.500328,2846681164,2846682308,15964,1144
29632.512329,2846689304,2846690451,15951,1147
29632.523151,2846697446,2846698587,15846,1141
29632.532331,2846705876,2846707018,15943,1142
29632.544197,2846714056,2846715196,15950,1140
29632.554713,2846722252,2846723398,15837,1146
29632.564329,2846730390,2846731531,15940,1141
29632.575756,2846738525,2846739670,15958,1145
29632.584330,2846746674,2846747819,15848,1145
29632.596328,2846754785,2846755930,15943,1145
29632.607317,2846762915,2846764057,16038,1142
29632.616332,2846771057,2846772203,15837,1146
29632.628327,2846779202,2846780345,15944,1143
29632.638877,2846787338,2846788485,15953,1147
29632.648334,2846795483,2846796624,15850,1141
29632.659914,2846803613,2846804754,16050,1141
29632.670439,2846811751,2846812894,16058,1143
29632.680328,2846819884,2846821025,15923,1141
29632.691473,2846828014,2846829161,16034,1147
29632.700328,2846836182,2846837328,16054,1146
29632.712329,2846844322,2846845466,15925,1144
29632.723033,2846852453,2846853598,16021,1145
29632.732327,2846860729,2846861873,16050,1144
29632.744077,2846868849,2846869992,15909,1143
29632.754594,2846876996,2846878137,15947,1141
29632.764327,2846885125,2846886267,15966,1142
29632.775631,2846893234,2846894380,15834,1146
29632.784332,2846901353,2846902498,15945,1145
29632.796332,2846909500,2846910645,15958,1145
29632.807190,2846917639,2846918785,15925,1146
29632.816327,2846925871,2846927012,16032,1141
29632.828237,2846934011,2846935154,16048,1143
29632.838754,2846942143,2846943285,15926,1142
29632.848331,2846950294,2846951436,16045,1142
29632.859798,2846958426,2846959567,16049,1141
29632.868329,2846966562,2846967707,15925,1145
29632.880327,2846974710,2846975857,16029,1147
29632.891358,2846982860,2846984002,16055,1142
29632.900330,2846991074,2846992217,15936,1143
29632.912328,2846999210,2847000357,16038,1147
29632.922917,2847007360,2847008502,16039,1142
29632.932328,2847015501,2847016642,15921,1141
29632.943951,2847023640,2847024779,15935,1139
29632.954479,2847031803,2847032949,16057,1146
29632.964328,2847039947,2847041092,15845,1145
29632.975514,2847048117,2847049258,15939,1141
29632.984327,2847056253,2847057394,15963,1141
29632.996328,2847064372,2847065516,15913,1144
29633.007074,2847072507,2847073652,16016,1145
29633.016332,2847080786,2847081928,16057,1142
29633.028110,2847088921,2847090067,15944,1146
29633.038635,2847097059,2847098204,16034,1145
29633.048329,2847105167,2847106313,16035,1146
29633.059671,2847113317,2847114461,15924,1144
29633.068332,2847121529,2847122671,16028,1142
29633.080333,2847129656,2847130801,15967,1145
29633.091237,2847137743,2847138889,15917,1146
29633.100329,2847145957,2847147102,15943,1145
29633.112277,2847154085,2847155232,15965,1147
29633.122792,2847162304,2847163447,15836,1143
29633.132330,2847170438,2847171584,15940,1146
29633.143838,2847178582,2847179725,15978,1143
29633.154352,2847186721,2847187867,15829,1146
29633.164330,2847194919,2847196065,15937,1146
29633.175398,2847203063,2847204209,15968,1146
29633.184333,2847211231,2847212377,15843,1146
29633.196331,2847219402,2847220545,16044,1143
29633.206959,2847227542,2847228687,16049,1145
29633.216333,2847235673,2847236819,15918,1146
29633.227993,2847243842,2847244986,16037,1144
29633.238519,2847252020,2847253166,16042,1146
29633.248334,2847260169,2847261315,15916,1146
29633.259553,2847268315,2847269460,16032,1145
29633.268331,2847276406,2847277546,16054,1140
29633.280328,2847284522,2847285664,15922,1142
29633.291112,2847292632,2847293772,15938,1140
29633.300330,2847300926,2847302071,15956,1145
29633.312152,2847309030,2847310172,15841,1142
29633.322675,2847317139,2847318283,15933,1144
29633.332329,2847325280,2847326421,15968,1141
29633.343711,2847333413,2847334556,15850,1143
29633.352328,2847341556,2847342702,15940,1146
29633.364328,2847349687,2847350830,15938,1143
29633.375271,2847357816,2847358961,15848,1145
29633.384331,2847365954,2847367100,15944,1146
29633.396318,2847374101,2847375242,15966,1141
29633.406831,2847382260,2847383407,15920,1147
29633.416336,2847390419,2847391560,16033,1141
29633.427877,2847398525,2847399670,16029,1145
29633.438399,2847406715,2847407863,15993,1148
29633.448330,2847414829,2847415973,16029,1144
29633.459439,2847422938,2847424079,16056,1141
29633.468329,2847431071,2847432213,15924,1142
29633.480328,2847439209,2847440354,16031,1145
29633.490998,2847447346,2847448491,16067,1145
29633.500335,2847455509,2847456652,15925,1143
29633.512034,2847463650,2847464795,16034,1145
29633.522559,2847471810,2847472956,15967,1146
29633.532332,2847480003,2847481148,15836,1145
29633.543595,2847488142,2847489285,15941,1143
29633.552328,2847496283,2847497429,15961,1146
29633.564327,2847504428,2847505572,15842,1144
29633.575154,2847512564,2847513704,15942,1140
29633.584332,2847520831,2847521977,15967,1146
29633.596190,2847528966,2847530109,15842,1143
29633.606716,2847537335,2847538478,15949,1143
29633.616329,2847545449,2847546594,15952,1145
29633.627751,2847553565,2847554709,15834,1144
29633.636333,2847561709,2847562855,15842,1146
29633.648328,2847569782,2847570928,15974,1146
29633.659311,2847577918,2847579058,15831,1140
29633.668328,2847586052,2847587198,15949,1146
29633.680334,2847594188,2847595331,15953,1143
29633.690872,2847602327,2847603473,15842,1146
29633.700336,2847610468,2847611610,15945,1142
29633.711919,2847618590,2847619735,15967,1145
29633.722432,2847626715,2847627861,15831,1146
29633.732330,2847634854,2847635996,15933,1142
29633.743479,2847643012,2847644152,15945,1140
29633.752328,2847651172,2847652313,15834,1141
29633.764333,2847659304,2847660446,15940,1142
29633.775039,2847667497,2847668643,15972,1146
29633.784332,2847675695,2847676828,15894,1133
29633.796073,2847683784,2847684925,15943,1141
29633.808093,2847693101,2847694244,15806,1143
29633.818618,2847701299,2847702437,15944,1138
29633.828331,2847709480,2847710626,15960,1146
29633.839653,2847717624,2847718765,15831,1141
29633.848328,2847725744,2847726891,15912,1147
29633.860333,2847733884,2847735027,15964,1143
29633.871215,2847742064,2847743206,15827,1142
29633.880328,2847750264,2847751404,15946,1140
29633.892261,2847758393,2847759538,15952,1145
29633.902776,2847766534,2847767675,15836,1141
29633.912334,2847774650,2847775790,15946,1140
29633.923820,2847782785,2847783926,15943,1141
29633.934343,2847790922,2847792068,15912,1146
29633.944331,2847799114,2847800258,15939,1144
29633.955382,2847807250,2847808395,15970,1145
29633.964336,2847815383,2847816529,15836,1146
29633.976332,2847823527,2847824671,15940,1144
29633.986941,2847831659,2847832793,15966,1134
29633.996328,2847839784,2847840929,15827,1145
29634.007977,2847847905,2847849050,15934,1145
29634.018503,2847856053,2847857199,16057,1146
29634.028328,2847864221,2847865368,15926,1147
29634.039538,2847872419,2847873566,16047,1147
29634.048332,2847880566,2847881707,16052,1141
29634.060329,2847888684,2847889825,15921,1141
29634.071097,2847896821,2847897966,16029,1145
29634.080327,2847905121,2847906267,16054,1146
29634.092134,2847913259,2847914405,15838,1146
29634.102658,2847921398,2847922540,15942,1142
29634.112330,2847929533,2847930679,15961,1146
29634.123694,2847937702,2847938848,15832,1146
29634.132334,2847945836,2847946982,15842,1146
29634.144330,2847953972,2847955116,15967,1144
29634.155255,2847962128,2847963275,15837,1147
29634.164334,2847970264,2847971408,15948,1144
29634.176301,2847978397,2847979535,15957,1138
29634.186814,2847986525,2847987671,15852,1146
29634.196330,2847994638,2847995780,15948,1142
29634.207861,2848002778,2848003921,15958,1143
29634.218375,2848010925,2848012067,15920,1142
29634.228331,2848019063,2848020206,16030,1143
29634.239422,2848027203,2848028345,16034,1142
29634.248328,2848035340,2848036486,15929,1146
29634.260337,2848043474,2848044616,16030,1142
29634.270983,2848051598,2848052743,16042,1145
29634.280331,2848059738,2848060884,16000,1146
29634.292016,2848067822,2848068965,16033,1143
29634.302542,2848076013,2848077158,16052,1145
29634.312330,2848084130,2848085273,15865,1143
29634.323577,2848092291,2848093432,15949,1141
29634.332327,2848100435,2848101580,15979,1145
29634.344329,2848108581,2848109727,15839,1146
29634.355138,2848116748,2848117890,15942,1142
29634.364327,2848125039,2848126181,15963,1142
29634.376174,2848133181,2848134325,15828,1144
29634.386699,2848141317,2848142462,15957,1145
29634.396330,2848149457,2848150603,15944,1146
29634.407736,2848157593,2848158735,15839,1142
29634.416333,2848165706,2848166848,15932,1142
29634.428335,2848173849,2848174987,16022,1138
29634.439295,2848181959,2848183096,15928,1137
29634.448329,2848190082,2848191224,16027,1142
29634.460330,2848198210,2848199352,16055,1142
29634.470855,2848206345,2848207488,15916,1143
29634.480333,2848214461,2848215603,15933,1142
29634.491901,2848222591,2848223737,16039,1146
29634.502416,2848230733,2848231874,15927,1141
29634.512336,2848238864,2848240004,16035,1140
29634.523462,2848246993,2848248134,16056,1141
29634.532328,2848255081,2848256222,15854,1141
29634.544328,2848263215,2848264362,15947,1147
29634.555022,2848271330,2848272476,15958,1146
29634.564332,2848279644,2848280791,15836,1147
29634.576059,2848287811,2848288953,15944,1142
29634.586583,2848295958,2848297102,16042,1144
29634.596330,2848304095,2848305241,15830,1146
29634.607617,2848312238,2848313380,15946,1142
29634.616332,2848320308,2848321447,15965,1139
29634.628332,2848328368,2848329514,16004,1146
29634.639177,2848336477,2848337622,16032,1145
29634.648328,2848344686,2848345826,16051,1140
29634.660215,2848352787,2848353931,15917,1144
29634.670738,2848360924,2848362066,16040,1142
29634.680327,2848369065,2848370207,16056,1142
29634.691774,2848377219,2848378352,15904,1133
29634.700327,2848385320,2848386466,15980,1146
29634.712331,2848393401,2848394539,16075,1138
29634.723338,2848401466,2848402613,15952,1147
29634.732330,2848409570,2848410708,16050,1138
29634.744328,2848417699,2848418840,16052,1141
29634.754897,2848425791,2848426932,15947,1141
29634.764330,2848433922,2848435067,16032,1145
29634.775941,2848442058,2848443197,15962,1139
29634.786456,2848450167,2848451305,15838,1138
29634.796331,2848458258,2848459396,15946,1138
29634.807502,2848466378,2848467523,15954,1145
29634.816331,2848474512,2848475657,15829,1145
29634.828328,2848482625,2848483769,15898,1144
29634.839062,2848490787,2848491932,16057,1145
29634.848331,2848499045,2848500190,15924,1145
29634.860097,2848507228,2848508371,16026,1143
29634.870623,2848515477,2848516614,16056,1137
29634.880334,2848523578,2848524724,15932,1146
29634.891657,2848531727,2848532872,16030,1145
29634.900336,2848539888,2848541034,16057,1146
29634.912332,2848548022,2848549168,15925,1146
29634.923220,2848556209,2848557355,16032,1146
29634.932331,2848564540,2848565682,16032,1142
29634.944254,2848572674,2848573815,15925,1141
29634.954778,2848580783,2848581929,16030,1146
29634.964328,2848588902,2848590043,16057,1141
29634.975821,2848597031,2848598174,15990,1143
29634.986339,2848605164,2848606297,16032,1133
29634.996328,2848613250,2848614396,16058,1146
29635.007375,2848621391,2848622539,15835,1148
29635.016331,2848629659,2848630806,15941,1147
29635.028328,2848637786,2848638932,16047,1146
29635.038935,2848645926,2848647064,15899,1138
29635.048328,2848654025,2848655170,15967,1145
29635.059984,2848662134,2848663272,16100,1138
29635.070498,2848670206,2848671347,15950,1141
29635.080333,2848678296,2848679430,16050,1134
29635.091542,2848686397,2848687542,16058,1145
29635.100326,2848694517,2848695661,15946,1144
29635.112329,2848702655,2848703800,16036,1145
29635.123103,2848710793,2848711934,16045,1141
29635.132333,2848719065,2848720211,15915,1146
29635.144137,2848727199,2848728341,16034,1142
29635.154663,2848735309,2848736454,16086,1145
29635.164327,2848743447,2848744589,15915,1142
29635.175696,2848751586,2848752730,15927,1144
29635.184335,2848759717,2848760854,16055,1137
29635.196333,2848767819,2848768964,15949,1145
29635.207258,2848775933,2848777079,16011,1146
29635.216329,2848784085,2848785227,16055,1142
29635.228294,2848792154,2848793292,15936,1138
29635.238818,2848800419,2848801552,15950,1133
29635.248329,2848808528,2848809671,15961,1143
29635.259858,2848816612,2848817758,15866,1146
29635.270378,2848824710,2848825852,15919,1142
29635.280328,2848832808,2848833946,15950,1138
29635.291416,2848840846,2848841983,15835,1137
29635.300329,2848848974,2848850109,15944,1135
29635.312331,2848857092,2848858238,15965,1146
29635.322983,2848865232,2848866378,15911,1146
29635.332328,2848873419,2848874562,15946,1143
29635.344022,2848881544,2848882688,15970,1144
29635.354536,2848889676,2848890813,15833,1137
29635.364331,2848897934,2848899079,15950,1145
29635.375581,2848906029,2848907168,15970,1139
29635.384330,2848914041,2848915178,15836,1137
29635.396331,2848922137,2848923277,15947,1140
29635.407145,2848930283,2848931421,15969,1138
29635.416331,2848938541,2848939683,15830,1142
29635.428179,2848946675,2848947820,15964,1145
29635.438704,2848954799,2848955954,16086,1155
29635.448330,2848962995,2848964140,15923,1145
29635.459735,2848971110,2848972256,15964,1146
29635.468333,2848979227,2848980369,16058,1142
29635.480332,2848987334,2848988476,15946,1142
29635.491298,2848995466,2848996612,16035,1146
29635.500332,2849003608,2849004750,16053,1142
29635.512335,2849011692,2849012831,15917,1139
29635.522857,2849019756,2849020895,15935,1139
29635.532329,2849027812,2849028958,16056,1146
29635.543894,2849035892,2849037030,15917,1138
29635.554419,2849043925,2849045063,16035,1138
29635.564336,2849052073,2849053215,16047,1142
29635.575455,2849060181,2849061325,15932,1144
29635.584327,2849068256,2849069390,16033,1134
29635.596328,2849076409,2849077555,16050,1146
29635.607015,2849084530,2849085667,15899,1137
29635.616328,2849092605,2849093742,16044,1137
29635.628061,2849100777,2849101922,16044,1145
29635.638579,2849108896,2849110041,15964,1145
29635.648332,2849117089,2849118228,16037,1139
29635.659621,2849125190,2849126336,16041,1146
29635.668331,2849133306,2849134445,16002,1139
29635.680327,2849141420,2849142559,16029,1139
29635.691182,2849149511,2849150647,16046,1136
29635.700329,2849157643,2849158780,15924,1137
29635.712217,2849165710,2849166855,15998,1145
29635.722741,2849173878,2849175024,16043,1146
29635.732327,2849181989,2849183128,15926,1139
29635.743778,2849190051,2849191193,16035,1142
29635.752327,2849198133,2849199267,16042,1134
29635.764336,2849206226,2849207370,15934,1144
29635.775339,2849214335,2849215478,16050,1143
29635.784327,2849222468,2849223601,16038,1133
29635.796336,2849230661,2849231806,15937,1145
29635.806899,2849238800,2849239941,16030,1141
29635.816331,2849246935,2849248082,16037,1147
29635.827934,2849255064,2849256204,15934,1140
29635.838459,2849263153,2849264298,16031,1145
29635.848334,2849271289,2849272426,15977,1137
29635.859495,2849279395,2849280542,15848,1147
29635.868331,2849287472,2849288606,15868,1134
29635.880334,2849295534,2849296672,15960,1138
29635.891056,2849303550,2849304687,15840,1137
29635.900330,2849311652,2849312785,15942,1133
29635.912101,2849319689,2849320826,15956,1137
29635.922616,2849327751,2849328892,15856,1141
29635.932329,2849335832,2849336978,15893,1146
29635.943662,2849343936,2849345082,15958,1146
29635.952335,2849352032,2849353173,15874,1141
29635.964335,2849360117,2849361251,15943,1134
29635.975222,2849368150,2849369286,15988,1136
29635.984327,2849376224,2849377364,15865,1140
29635.996257,2849384353,2849385500,15945,1147
29636.006783,2849392491,2849393633,15956,1142
29636.016336,2849400626,2849401760,15910,1134
29636.027818,2849408689,2849409833,15908,1144
29636.038342,2849416809,2849417947,15951,1138
29636.048331,2849424885,2849426025,15835,1140
29636.059379,2849432964,2849434102,16031,1138
29636.068329,2849441056,2849442193,16048,1137
29636.080329,2849449095,2849450233,15929,1138
29636.090939,2849457158,2849458295,16033,1137
29636.100331,2849465249,2849466383,16029,1134
29636.111976,2849473310,2849474448,15930,1138
29636.122501,2849481395,2849482533,16050,1138
29636.132330,2849489485,2849490623,16043,1138
29636.143536,2849497562,2849498707,15926,1145
29636.152333,2849505646,2849506785,16031,1139
29636.164330,2849513660,2849514798,16041,1138
29636.175096,2849521759,2849522899,15936,1140
29636.184330,2849530010,2849531154,16025,1144
29636.196141,2849538128,2849539273,16046,1145
29636.206656,2849546348,2849547488,15934,1140
29636.216333,2849554437,2849555576,15952,1139
29636.227701,2849562499,2849563638,16044,1139
29636.236327,2849570564,2849571701,15932,1137
29636.248334,2849578644,2849579781,16032,1137
29636.259263,2849586734,2849587870,15957,1136
29636.268335,2849594802,2849595938,15856,1136
29636.280297,2849602906,2849604044,15941,1138
29636.290822,2849611021,2849612160,15952,1139
29636.300330,2849619141,2849620279,15847,1138
29636.311858,2849627219,2849628357,15947,1138
29636.322383,2849635311,2849636449,15939,1138
29636.332328,2849643440,2849644583,15850,1143
29636.343419,2849651483,2849652616,15943,1133
29636.352328,2849659641,2849660787,15982,1146
29636.364327,2849667724,2849668862,15905,1138
29636.374978,2849675819,2849676963,15941,1144
29636.384329,2849683906,2849685051,15984,1145
29636.396017,2849692025,2849693167,15874,1142
29636.406537,2849700117,2849701261,15883,1144
29636.416328,2849708248,2849709386,15974,1138
29636.427579,2849716293,2849717435,15880,1142
29636.436333,2849724388,2849725533,15876,1145
29636.448329,2849732427,2849733572,15958,1145
29636.459137,2849740527,2849741667,15850,1140
29636.468327,2849748683,2849749821,16053,1138
29636.480181,2849756719,2849757859,16034,1140
29636.490699,2849764831,2849765975,15963,1144
29636.500330,2849772914,2849774060,16006,1146
29636.511741,2849781014,2849782152,16047,1138
29636.520327,2849789114,2849790259,15954,1145
29636.532330,2849797228,2849798373,16001,1145
29636.543302,2849805318,2849806464,16043,1146
29636.552327,2849813512,2849814652,15932,1140
29636.564336,2849821581,2849822719,15950,1138
29636.574863,2849829683,2849830820,16039,1137
29636.584334,2849837701,2849838839,15927,1138
29636.595898,2849845817,2849846962,16033,1145
29636.606423,2849853945,2849855082,16043,1137
29636.616330,2849862036,2849863175,15944,1139
29636.627458,2849870127,2849871266,16023,1139
29636.636330,2849878221,2849879358,16043,1137
29636.648329,2849886262,2849887395,15934,1133
29636.659019,2849894323,2849895463,16035,1140
29636.668332,2849902412,2849903557,16038,1145
29636.680055,2849910521,2849911656,15923,1135
29636.690580,2849918625,2849919765,16030,1140
29636.700328,2849926803,2849927942,16044,1139
29636.711623,2849934913,2849936051,15995,1138
29636.720331,2849942977,2849944111,16028,1134
29636.732327,2849951042,2849952188,16045,1146
29636.743176,2849959212,2849960358,15909,1146
29636.752333,2849967406,2849968552,16031,1146
29636.764221,2849975463,2849976601,16057,1138
29636.774736,2849983544,2849984681,15917,1137
29636.784329,2849991660,2849992797,16034,1137
29636.795783,2849999720,2850000853,16054,1133
29636.804332,2850007775,2850008913,15915,1138
29636.816331,2850015913,2850017058,16051,1145
29636.827344,2850023985,2850025124,16057,1139
29636.836330,2850032098,2850033235,15898,1137
29636.848331,2850040222,2850041367,16031,1145
29636.858906,2850048311,2850049448,16106,1137
29636.868334,2850056362,2850057502,15913,1140
29636.879939,2850064429,2850065568,16034,1139
29636.890465,2850072522,2850073657,16054,1135
29636.900328,2850080610,2850081745,15922,1135
29636.911497,2850088689,2850089826,15940,1137
29636.920330,2850096770,2850097911,16049,1141
29636.932335,2850104824,2850105970,15951,1146
29636.943059,2850112948,2850114083,16033,1135
29636.952330,2850121229,2850122366,16058,1137
29636.964095,2850129308,2850130446,15925,1138
29636.974619,2850137427,2850138571,16036,1144
29636.984331,2850145549,2850146692,16054,1143
29636.995656,2850153694,2850154832,15926,1138
29637.004330,2850161784,2850162919,16026,1135
29637.016333,2850169864,2850171001,16038,1137
29637.027219,2850177977,2850179123,15948,1146
29637.036327,2850186109,2850187247,16024,1138
29637.048263,2850194227,2850195368,16053,1141
29637.058785,2850202319,2850203466,16002,1147
29637.068328,2850210428,2850211574,16003,1146
29637.079822,2850218521,2850219657,16029,1136
29637.090337,2850226605,2850227742,15928,1137
29637.100328,2850234695,2850235832,16035,1137
29637.111381,2850242814,2850243952,16045,1138
29637.120331,2850250915,2850252060,15938,1145
29637.132330,2850258980,2850260124,16030,1144
29637.142943,2850267129,2850268269,16040,1140
29637.152327,2850275314,2850276460,15929,1146
29637.163979,2850283423,2850284570,16041,1147
29637.174503,2850291514,2850292646,16038,1132
29637.184331,2850299592,2850300730,15930,1138
29637.195538,2850307698,2850308836,16033,1138
29637.204333,2850315763,2850316898,16048,1135
29637.216327,2850323845,2850324984,15936,1139
29637.227100,2850331913,2850333051,16034,1138
29637.236329,2850340145,2850341284,16041,1139
29637.248136,2850348267,2850349404,15909,1137
29637.258658,2850356365,2850357513,15944,1148
29637.268333,2850364461,2850365607,16045,1146
29637.279697,2850372598,2850373736,15913,1138
29637.288329,2850380666,2850381802,16033,1136
29637.300329,2850388734,2850389871,16042,1137
29637.311256,2850396790,2850397927,15941,1137
29637.320327,2850404870,2850406009,16034,1139
29637.332302,2850412981,2850414126,16038,1145
29637.342817,2850421106,2850422245,15916,1139
29637.352332,2850429201,2850430338,16033,1137
29637.363862,2850437263,2850438397,16011,1134
29637.374378,2850445321,2850446459,15918,1138
29637.384330,2850453381,2850454516,16019,1135
29637.395423,2850461481,2850462619,16044,1138
29637.404333,2850469516,2850470654,15997,1138
29637.416332,2850477612,2850478754,15992,1142
29637.426983,2850485728,2850486861,16042,1133
29637.436329,2850493814,2850494948,15935,1134
29637.448018,2850501906,2850503041,16026,1135
29637.458542,2850510008,2850511148,16044,1140
29637.468334,2850518121,2850519257,15931,1136
29637.479576,2850526299,2850527444,15990,1145
29637.488330,2850534411,2850535547,16046,1136
29637.500331,2850542472,2850543607,15927,1135
29637.511141,2850550515,2850551660,16022,1145
29637.520330,2850558740,2850559876,16043,1136
29637.532175,2850566827,2850567966,15932,1139
29637.542700,2850574887,2850576020,16036,1133
29637.552331,2850582941,2850584079,16039,1138
29637.563736,2850590995,2850592129,15935,1134
29637.572328,2850599082,2850600219,16029,1137
29637.584328,2850607065,2850608202,16043,1137
29637.595296,2850615112,2850616251,15936,1139
29637.604332,2850623202,2850624340,15942,1138
29637.616332,2850631273,2850632413,16043,1140
29637.626856,2850639362,2850640499,15932,1137
29637.636328,2850647439,2850648577,16030,1138
29637.647902,2850655522,2850656660,16042,1138
29637.658417,2850663577,2850664713,15946,1136
29637.668328,2850671635,2850672769,16034,1134
29637.679462,2850679699,2850680833,16041,1134
29637.688330,2850687767,2850688903,15935,1136
29637.700334,2850695808,2850696945,16032,1137
29637.711023,2850703825,2850704964,16029,1139
29637.720330,2850711986,2850713132,15960,1146
29637.732058,2850720094,2850721228,16021,1134
29637.742584,2850728154,2850729292,16042,1138
29637.752330,2850736215,2850737354,16000,1139
29637.763619,2850744275,2850745413,16031,1138
29637.772330,2850752318,2850753451,16039,1133
29637.784332,2850760312,2850761449,15933,1137
29637.795181,2850768331,2850769469,16028,1138
29637.804328,2850776400,2850777536,16046,1136
29637.816216,2850784455,2850785593,15932,1138
29637.826740,2850792521,2850793658,16034,1137
29637.836330,2850800577,2850801714,16038,1137
29637.847776,2850808656,2850809794,15931,1138
29637.856329,2850816695,2850817832,16045,1137
29637.868329,2850824756,2850825893,16045,1137
29637.879336,2850832792,2850833926,15935,1134
29637.888327,2850840859,2850841994,16027,1135
29637.900330,2850848878,2850850016,16043,1138
29637.910899,2850856960,2850858094,15935,1134
29637.920333,2850865049,2850866184,16030,1135
29637.931942,2850873077,2850874215,16045,1138
29637.942457,2850881133,2850882270,15930,1137
29637.952330,2850889194,2850890328,15951,1134
29637.963503,2850897253,2850898388,16041,1135
29637.972330,2850905291,2850906429,15923,1138
29637.984327,2850913352,2850914490,16034,1138
29637.995063,2850921393,2850922530,16045,1137
29638.004331,2850929564,2850930702,15950,1138
29638.016099,2850937623,2850938761,16034,1138
29638.026623,2850945631,2850946768,16035,1137
29638.036329,2850953701,2850954840,15924,1139
29638.047659,2850961734,2850962871,16033,1137
29638.056327,2850969767,2850970901,16026,1134
29638.068331,2850977817,2850978954,15936,1137
29638.079219,2850985898,2850987035,16033,1137
29638.088331,2850993957,2850995093,16045,1136
29638.100261,2851002047,2851003185,16000,1138
29638.110780,2851010132,2851011270,16029,1138
29638.120333,2851018214,2851019359,16043,1145
29638.131816,2851026323,2851027465,15936,1142
29638.142340,2851034412,2851035551,16029,1139
29638.152328,2851042529,2851043667,16066,1138
29638.163379,2851050608,2851051748,15961,1140
29638.172331,2851058701,2851059838,16030,1137
29638.184337,2851066764,2851067902,16040,1138
29638.194937,2851074856,2851075994,15941,1138
29638.204328,2851082914,2851084051,16047,1137
29638.215983,2851091016,2851092151,16043,1135
29638.226497,2851099074,2851100213,15932,1139
29638.236330,2851107173,2851108318,15975,1145
29638.247543,2851115260,2851116398,16035,1138
29638.256327,2851123315,2851124451,15934,1136
29638.268328,2851131348,2851132486,16032,1138
29638.279103,2851139406,2851140543,16033,1137
29638.288329,2851147612,2851148744,15933,1132
29638.300137,2851155868,2851157006,15850,1138
29638.310664,2851163925,2851165059,15954,1134
29638.320330,2851171954,2851173091,15844,1137
29638.331699,2851180019,2851181153,15948,1134
29638.340328,2851188077,2851189215,15955,1138
29638.352334,2851196166,2851197305,15860,1139
29638.363259,2851204220,2851205359,15944,1139
29638.372329,2851212307,2851213445,15956,1138
29638.384296,2851220395,2851221529,15847,1134
29638.394820,2851228453,2851229592,15942,1139
29638.404328,2851236543,2851237680,15940,1137
29638.415856,2851244647,2851245778,15850,1131
29638.426380,2851252676,2851253814,15947,1138
29638.436335,2851260679,2851261817,15957,1138
29638.447423,2851268715,2851269854,15904,1139
29638.456333,2851276811,2851277948,15943,1137
29638.468329,2851284900,2851286038,15957,1138
29638.478979,2851293015,2851294153,15845,1138
29638.488329,2851301107,2851302242,15943,1135
29638.500023,2851309132,2851310270,16019,1138
29638.510537,2851317216,2851318354,15830,1138
29638.520331,2851325313,2851326448,15942,1135
29638.531585,2851333375,2851334513,15972,1138
29638.540330,2851341460,2851342597,15835,1137
29638.552332,2851349522,2851350658,15958,1136
29638.563145,2851357588,2851358726,15969,1138
29638.572330,2851365746,2851366882,15834,1136
29638.584180,2851373800,2851374937,15946,1137
29638.594705,2851381835,2851382973,15965,1138
29638.604329,2851389897,2851391035,15832,1138
29638.615740,2851397932,2851399070,15932,1138
29638.624328,2851406017,2851407151,15967,1134
29638.636336,2851414096,2851415229,15831,1133
29638.647299,2851422152,2851423290,15846,1138
29638.656328,2851430191,2851431330,15970,1139
29638.668331,2851438280,2851439412,15832,1132
29638.678860,2851446306,2851447442,15950,1136
29638.688327,2851454367,2851455503,15970,1136
29638.699897,2851462431,2851463568,15847,1137
29638.710421,2851470553,2851471691,16034,1138
29638.720332,2851478593,2851479730,16057,1137
29638.731459,2851486674,2851487807,15920,1133
29638.740329,2851494757,2851495895,16033,1138
29638.752330,2851502793,2851503931,16039,1138
29638.763017,2851510846,2851511984,15917,1138
29638.772327,2851518954,2851520089,16030,1135
29638.784065,2851527033,2851528167,16053,1134
29638.794585,2851535125,2851536263,15995,1138
29638.804328,2851543196,2851544328,16025,1132
29638.815625,2851551231,2851552367,16058,1136
29638.824333,2851559302,2851560439,15912,1137
29638.836331,2851567392,2851568526,16029,1134
29638.847184,2851575448,2851576585,16057,1137
29638.856333,2851583606,2851584745,15917,1139
29638.868219,2851591650,2851592792,16005,1142
29638.878745,2851599736,2851600873,16058,1137
29638.888330,2851607790,2851608927,15921,1137
29638.899781,2851615853,2851616990,16049,1137
29638.908330,2851623831,2851624963,16090,1132
29638.920329,2851631883,2851633021,15920,1138
29638.931340,2851639944,2851641082,16027,1138
29638.940330,2851648003,2851649141,16052,1138
29638.952328,2851656089,2851657226,15920,1137
29638.962900,2851664176,2851665313,16019,1137
29638.972330,2851672239,2851673377,16056,1138
29638.983936,2851680284,2851681422,15917,1138
29638.994460,2851688347,2851689485,15938,1138
29639.004329,2851696442,2851697576,16053,1134
29639.015497,2851704523,2851705661,15925,1138
29639.024334,2851712582,2851713720,16035,1138
29639.036328,2851720652,2851721790,16056,1138
29639.047059,2851728743,2851729879,15938,1136
29639.056326,2851736844,2851737978,16037,1134
29639.068104,2851744897,2851746034,16055,1137
29639.078618,2851752953,2851754091,15919,1138
29639.088329,2851761036,2851762171,16079,1135
29639.099665,2851769070,2851770206,16036,1136
29639.108327,2851777149,2851778287,15916,1138
29639.120330,2851785243,2851786381,16034,1138
29639.131225,2851793262,2851794399,16051,1137
29639.140333,2851801295,2851802432,16002,1137
29639.152259,2851809331,2851810469,16034,1138
29639.162785,2851817395,2851818533,16054,1138
29639.172330,2851825460,2851826598,15915,1138
29639.183820,2851833528,2851834665,16036,1137
29639.194345,2851841613,2851842751,16053,1138
29639.204329,2851849711,2851850847,15911,1136
29639.215380,2851857802,2851858941,16025,1139
29639.224331,2851865860,2851866997,16059,1137
29639.236327,2851873926,2851875063,15920,1137
29639.246942,2851881986,2851883119,16050,1133
29639.256329,2851890041,2851891178,16051,1137
29639.267977,2851898132,2851899266,15920,1134
29639.278501,2851906140,2851907275,16025,1135
29639.288331,2851914224,2851915359,16056,1135
29639.299537,2851922276,2851923414,15921,1138
29639.308333,2851930345,2851931483,16035,1138
29639.320334,2851938400,2851939539,16054,1139
29639.331098,2851946466,2851947604,15927,1138
29639.340327,2851954722,2851955859,15933,1137
29639.352145,2851962812,2851963950,16055,1138
29639.362658,2851970904,2851972038,15921,1134
29639.372330,2851978959,2851980096,16036,1137
29639.383705,2851986972,2851988109,16057,1137
29639.392333,2851994982,2851996120,15934,1138
29639.404327,2852003041,2852004177,16031,1136
29639.415266,2852011126,2852012264,16059,1138
29639.424334,2852019193,2852020331,15909,1138
29639.436301,2852027253,2852028391,16038,1138
29639.446826,2852035315,2852036452,16040,1137
29639.456334,2852043400,2852044538,15920,1138
29639.467860,2852051494,2852052632,16035,1138
29639.478386,2852059530,2852060668,16053,1138
29639.488328,2852067618,2852068751,15996,1133
29639.499420,2852075650,2852076788,16034,1138
29639.508330,2852083656,2852084788,16053,1132
29639.520327,2852091718,2852092856,15829,1138
29639.530981,2852099799,2852100938,15939,1139
29639.540330,2852107889,2852109024,15972,1135
29639.552018,2852115968,2852117106,15832,1138
29639.562541,2852124023,2852125160,15945,1137
29639.572333,2852132109,2852133247,15969,1138
29639.583577,2852140118,2852141255,15831,1137
29639.592330,2852148190,2852149323,15954,1133
29639.604327,2852156249,2852157385,15953,1136
29639.615138,2852164302,2852165439,15836,1137
29639.624330,2852172428,2852173566,15948,1138
29639.636184,2852180432,2852181566,15965,1134
29639.646698,2852188435,2852189573,15834,1138
29639.656329,2852196495,2852197632,15948,1137
29639.667745,2852204521,2852205658,15971,1137
29639.676329,2852212549,2852213687,15825,1138
29639.688334,2852220619,2852221755,15851,1136
29639.699305,2852228684,2852229818,15966,1134
29639.708329,2852236737,2852237874,15834,1137
29639.720335,2852244825,2852245963,15941,1138
29639.730866,2852252895,2852254029,15955,1134
29639.740329,2852260958,2852262096,15844,1138
29639.751900,2852268969,2852270101,15947,1132
29639.762426,2852276973,2852278111,15969,1138
29639.772327,2852284974,2852286110,15828,1136
29639.783460,2852293055,2852294192,15938,1137
29639.792329,2852301129,2852302267,15947,1138
29639.804330,2852309169,2852310300,15830,1131
29639.815021,2852317212,2852318349,15946,1137
29639.824350,2852325290,2852326428,15967,1138
29639.836064,2852333375,2852334513,15913,1138
29639.846581,2852341408,2852342546,15942,1138
29639.856328,2852349493,2852350630,15974,1137
29639.867618,2852357575,2852358709,15830,1134
29639.876333,2852365627,2852366765,15941,1138
29639.888336,2852373619,2852374750,15975,1131
29639.899178,2852381621,2852382757,15822,1136
29639.908328,2852389677,2852390814,15944,1137
29639.920225,2852397762,2852398899,15968,1137
29639.930740,2852405878,2852407017,15835,1139
29639.940328,2852413946,2852415084,15942,1138
29639.951785,2852421982,2852423121,15953,1139
29639.960330,2852430020,2852431157,15830,1137
29639.972333,2852438112,2852439251,15943,1139
29639.983346,2852446202,2852447340,15957,1138
29639.992328,2852454266,2852455399,15832,1133
29640.004327,2852462293,2852463429,15944,1136
29640.028331,2852474843,2852475475,12030,632
29640.038948,2852478901,2852479536,11970,635
29640.048330,2852485136,2852486265,15987,1129
29640.059989,2852493093,2852494229,15916,1136
29640.070504,2852501045,2852502179,15851,1134
29640.080328,2852509072,2852510208,15996,1136
29640.091550,2852517102,2852518234,15917,1132
29640.100330,2852525110,2852526246,15852,1136
29640.112328,2852533117,2852534255,15997,1138
29640.123112,2852541176,2852542313,15919,1137
29640.132327,2852549315,2852550450,15911,1135
29640.144152,2852557350,2852558485,15994,1135
29640.154672,2852565415,2852566549,16005,1134
29640.164327,2852573492,2852574629,15914,1137
29640.175710,2852581520,2852582659,16069,1139
29640.184330,2852589508,2852590644,16008,1136
29640.196329,2852597588,2852598726,15913,1138
29640.207270,2852605600,2852606738,16073,1138
29640.216330,2852613688,2852614826,15990,1138
29640.228303,2852621729,2852622866,15936,1137
29640.238833,2852629788,2852630925,16072,1137
29640.248331,2852637854,2852638990,16002,1136
29640.259863,2852645915,2852647053,15938,1138
29640.270392,2852653985,2852655121,16082,1136
29640.280331,2852662021,2852663154,16005,1133
29640.291424,2852670098,2852671236,15938,1138
29640.300328,2852678157,2852679294,16076,1137
29640.312334,2852686216,2852687350,15994,1134
29640.322984,2852694249,2852695387,15922,1138
29640.332335,2852702330,2852703463,16004,1133
29640.344031,2852710369,2852711506,15922,1137
29640.354545,2852718454,2852719590,15832,1136
29640.364335,2852726508,2852727646,15977,1138
29640.375590,2852734515,2852735650,15907,1135
29640.384328,2852742547,2852743680,15831,1133
29640.396331,2852750574,2852751711,15984,1137
29640.407150,2852758575,2852759713,15918,1138
29640.416328,2852766638,2852767776,15848,1138
29640.428191,2852774680,2852775816,15999,1136
29640.438711,2852782704,2852783840,15911,1136
29640.448327,2852790776,2852791914,15834,1138
29640.459751,2852798813,2852799951,15990,1138
29640.468330,2852806897,2852808029,15901,1132
29640.480327,2852814949,2852816085,15906,1136
29640.491312,2852823040,2852824175,15998,1135
29640.500328,2852831088,2852832225,15919,1137
29640.512333,2852839136,2852840272,15831,1136
29640.522872,2852845705,2852846838,15886,1133
29640.532328,2852853726,2852854859,15919,1133
29640.543903,2852861769,2852862908,15852,1139
29640.554433,2852869853,2852870983,15996,1130
29640.564331,2852877885,2852879019,15920,1134
29640.575463,2852885908,2852887045,15823,1137
29640.584327,2852893967,2852895104,15999,1137
29640.596336,2852902052,2852903190,15917,1138
29640.607024,2852910084,2852911217,15836,1133
29640.616335,2852918192,2852919330,15977,1138
29640.628069,2852926281,2852927419,15903,1138
29640.638585,2852934394,2852935532,15843,1138
29640.648333,2852942366,2852943501,15983,1135
29640.659630,2852950404,2852951541,15916,1137
29640.668330,2852958414,2852959550,15828,1136
29640.680329,2852966439,2852967577,15913,1138
29640.691190,2852974527,2852975665,15911,1138
29640.700333,2852982591,2852983727,15850,1136
29640.712231,2852990618,2852991752,16000,1134
29640.722752,2852998622,2852999758,15916,1136
29640.732334,2853006709,2853007843,15844,1134
29640.743794,2853014924,2853016060,16037,1136
29640.752327,2853022986,2853024118,15917,1132
29640.764331,2853031032,2853032170,15833,1138
29640.775350,2853039043,2853040176,15975,1133
29640.784329,2853047124,2853048262,15915,1138
29640.796329,2853055187,2853056324,15831,1137
29640.806911,2853063193,2853064331,15979,1138
29640.816329,2853071267,2853072400,15917,1133
29640.827949,2853079319,2853080456,15910,1137
29640.838471,2853087352,2853088490,16062,1138
29640.848331,2853095415,2853096550,15999,1135
29640.859504,2853103464,2853104602,15939,1138
29640.868330,2853111524,2853112662,16080,1138
29640.880331,2853119604,2853120742,16006,1138
29640.891064,2853127670,2853128804,15850,1134
29640.900327,2853135871,2853137008,16000,1137
29640.912111,2853143930,2853145063,15914,1133
29640.922625,2853151942,2853153076,15833,1134
29640.932328,2853159997,2853161134,16001,1137
29640.943672,2853168045,2853169184,15900,1139
29640.952333,2853176099,2853177236,15833,1137
29640.964337,2853184194,2853185332,15979,1138
29640.975230,2853192253,2853193389,15917,1136
29640.984331,2853200288,2853201424,15832,1136
29640.996270,2853208345,2853209478,15986,1133
29641.006791,2853216401,2853217538,15921,1137
29641.016330,2853224481,2853225618,15848,1137
29641.027830,2853232543,2853233681,15913,1138
29641.038351,2853240621,2853241758,15915,1137
29641.048327,2853248629,2853249766,15849,1137
29641.059392,2853256662,2853257800,15998,1138
29641.068328,2853264755,2853265889,15917,1134
29641.080328,2853272784,2853273921,15843,1137
29641.090952,2853280790,2853281923,15991,1133
29641.100330,2853288824,2853289961,16002,1137
29641.111984,2853296856,2853297992,15922,1136
29641.122511,2853304894,2853306028,16074,1134
29641.132331,2853312902,2853314036,16004,1134
29641.143544,2853320936,2853322072,15835,1136
29641.152327,2853328949,2853330086,15968,1137
29641.164331,2853336966,2853338102,15918,1136
29641.175109,2853345016,2853346153,15910,1137
29641.184332,2853353212,2853354350,15972,1138
29641.196148,2853361380,2853362514,15913,1134
29641.206665,2853369458,2853370596,15863,1138
29641.216327,2853377501,2853378639,15990,1138
29641.227709,2853385552,2853386685,15905,1133
29641.236331,2853393558,2853394695,15865,1137
29641.248329,2853401585,2853402722,15989,1137
29641.259270,2853409638,2853410771,15913,1133
29641.268333,2853417694,2853418832,15849,1138
29641.280310,2853425727,2853426866,15986,1139
29641.290831,2853433762,2853434899,15910,1137
29641.300328,2853441826,2853442964,15844,1138
29641.311869,2853449918,2853451052,15958,1134
29641.322390,2853457976,2853459113,15911,1137
29641.332330,2853466034,2853467172,15846,1138
29641.343431,2853474090,2853475227,15965,1137
29641.352330,2853482074,2853483205,15912,1131
29641.364330,2853490123,2853491257,15862,1134
29641.374990,2853498124,2853499262,15921,1138
29641.384328,2853506137,2853507275,15910,1138
29641.396023,2853514146,2853515280,15864,1134
29641.406552,2853522102,2853523240,15985,1138
29641.416330,2853530114,2853531252,15917,1138
29641.427584,2853538172,2853539310,15859,1138
29641.436328,2853546202,2853547336,15981,1134
29641.448330,2853554230,2853555368,15907,1138
29641.459145,2853562260,2853563396,15848,1136
29641.468329,2853570336,2853571472,15968,1136
29641.480190,2853578396,2853579530,15913,1134
29641.490706,2853586426,2853587563,15844,1137
29641.500329,2853594488,2853595624,15959,1136
29641.511749,2853602517,2853603655,15912,1138
29641.520334,2853610603,2853611741,15911,1138
29641.532332,2853618617,2853619753,15969,1136
29641.543309,2853626605,2853627738,15914,1133
29641.552334,2853634656,2853635792,15860,1136
29641.564333,2853642657,2853643791,15985,1134
29641.574870,2853650683,2853651822,15916,1139
29641.584330,2853658745,2853659884,15850,1139
29641.595910,2853666804,2853667944,15986,1140
29641.606431,2853674897,2853676035,15904,1138
29641.616328,2853682895,2853684032,15846,1137
29641.627469,2853690949,2853692087,16050,1138
29641.636327,2853698956,2853700094,16002,1138
29641.648334,2853706990,2853708125,15950,1135
29641.659033,2853715042,2853716180,16070,1138
29641.668328,2853723148,2853724278,16004,1130
29641.680063,2853731170,2853732308,15865,1138
29641.690592,2853739124,2853740258,16076,1134
29641.700327,2853747170,2853748308,15996,1138
29641.711624,2853755222,2853756359,15930,1137
29641.720332,2853763259,2853764393,16006,1134
29641.732331,2853771337,2853772471,16004,1134
29641.743184,2853779412,2853780551,15845,1139
29641.752329,2853787476,2853788612,15971,1136
29641.764229,2853795543,2853796675,15913,1132
29641.774745,2853803591,2853804729,15844,1138
29641.784331,2853811653,2853812787,15972,1134
29641.795789,2853819724,2853820862,15912,1138
29641.804332,2853827730,2853828867,15861,1137
29641.816329,2853835765,2853836901,15992,1136
29641.827350,2853843823,2853844957,15915,1134
29641.836329,2853851856,2853852994,15866,1138
29641.848333,2853859897,2853861034,15986,1137
29641.858911,2853867954,2853869089,15916,1135
29641.868327,2853875991,2853877123,15989,1132
29641.879951,2853884019,2853885155,16075,1136
29641.890474,2853892062,2853893199,15990,1137
29641.900329,2853900111,2853901247,15932,1136
29641.911509,2853908190,2853909324,16053,1134
29641.920333,2853916239,2853917375,16008,1136
29641.932331,2853924276,2853925410,15930,1134
29641.943070,2853932305,2853933443,16042,1138
29641.952327,2853940388,2853941524,16004,1136
29641.964104,2853948447,2853949585,15944,1138
29641.974632,2853956492,2853957628,15984,1136
29641.984329,2853964531,2853965668,15913,1137
29641.995664,2853972537,2853973674,15848,1137
29642.004336,2853980542,2853981679,15994,1137
29642.016332,2853988528,2853989664,15919,1136
29642.027225,2853996565,2853997702,15848,1137
29642.036328,2854004562,2854005698,15995,1136
29642.048272,2854012610,2854013746,15919,1136
29642.058786,2854020666,2854021799,15824,1133
29642.068329,2854028676,2854029812,15927,1136
29642.079833,2854036707,2854037845,15905,1138
29642.090346,2854044787,2854045925,15915,1138
29642.100328,2854052821,2854053959,16070,1138
29642.111391,2854060876,2854062014,16003,1138
29642.120329,2854068886,2854070024,15914,1138
29642.132329,2854076941,2854078078,16075,1137
29642.142952,2854084987,2854086125,16005,1138
29642.152327,2854093017,2854094152,15935,1135
29642.163992,2854101049,2854102187,16084,1138
29642.174514,2854109120,2854110256,15907,1136
29642.184333,2854117186,2854118320,15838,1134
29642.195552,2854125238,2854126374,15999,1136
29642.204335,2854133273,2854134410,15913,1137
29642.216331,2854141252,2854142389,15900,1137
29642.227112,2854149315,2854150453,15997,1138
29642.236334,2854157559,2854158696,15918,1137
29642.248144,2854165593,2854166730,15826,1137
29642.258672,2854173675,2854174813,15981,1138
29642.268328,2854181662,2854182794,15919,1132
29642.279705,2854189720,2854190858,15833,1138
29642.288328,2854197785,2854198922,15973,1137
29642.300331,2854205788,2854206921,15914,1133
29642.311265,2854213792,2854214929,15937,1137
29642.320327,2854221819,2854222953,16068,1134
29642.332310,2854229856,2854230988,16004,1132
29642.342826,2854237874,2854239007,15936,1133
29642.352328,2854245845,2854246980,16083,1135
29642.363873,2854253901,2854255035,16010,1134
29642.375896,2854263101,2854264237,16103,1136
29642.386416,2854271189,2854272321,15913,1132
29642.396330,2854279242,2854280377,15831,1135
29642.407454,2854287268,2854288405,15981,1137
29642.416330,2854295347,2854296480,15911,1133
29642.428329,2854303348,2854304481,15904,1133
29642.439014,2854311326,2854312460,16059,1134
29642.448335,2854319360,2854320497,15992,1137
29642.460047,2854327425,2854328559,15938,1134
29642.470575,2854335430,2854336567,16071,1137
29642.480331,2854343432,2854344569,16002,1137
29642.491608,2854351463,2854352599,15933,1136
29642.500331,2854359515,2854360651,16083,1136
29642.512328,2854367572,2854368708,16007,1136
29642.523168,2854375576,2854376714,15933,1138
29642.532328,2854383652,2854384789,16084,1137
29642.544215,2854391690,2854392826,15912,1136
29642.554729,2854399691,2854400828,15831,1137
29642.564334,2854407672,2854408809,15922,1137
29642.575775,2854415644,2854416780,15916,1136
29642.584329,2854423656,2854424792,15835,1136
29642.596330,2854431740,2854432873,15982,1133
29642.607334,2854439817,2854440955,15918,1138
29642.616330,2854447849,2854448987,15825,1138
29642.628332,2854455885,2854457021,15980,1136
29642.638895,2854463889,2854465027,15909,1138
29642.648335,2854471876,2854473011,15850,1135
29642.659935,2854479883,2854481019,15994,1136
29642.670455,2854487943,2854489077,15915,1134
29642.680327,2854496000,2854497134,15849,1134
29642.691496,2854504021,2854505157,15999,1136
29642.700333,2854511970,2854513105,15918,1135
29642.712331,2854519920,2854521056,15913,1136
29642.723056,2854527947,2854529083,15995,1136
29642.732328,2854536049,2854537185,15916,1136
29642.744087,2854544079,2854545213,15822,1134
29642.754615,2854552052,2854553188,15974,1136
29642.764331,2854560079,2854561216,15921,1137
29642.775648,2854568084,2854569221,15837,1137
29642.784333,2854576104,2854577240,15970,1136
29642.796331,2854584142,2854585280,15915,1138
29642.807208,2854592157,2854593295,15860,1138
29642.816332,2854600183,2854601317,15978,1134
29642.828252,2854608181,2854609315,15912,1134
29642.838769,2854616216,2854617354,15864,1138
29642.848329,2854624271,2854625410,15987,1139
29642.859815,2854632282,2854633416,15919,1134
29642.870329,2854640276,2854641414,15857,1138
29642.880327,2854648279,2854649415,16074,1136
29642.891375,2854656235,2854657371,16006,1136
29642.900330,2854664212,2854665348,15931,1136
29642.912335,2854672218,2854673350,16008,1132
29642.922935,2854680214,2854681350,16004,1136
29642.932333,2854688214,2854689351,15934,1137
29642.943973,2854696237,2854697374,16056,1137
29642.954494,2854704263,2854705399,15989,1136
29642.964331,2854712290,2854713428,15932,1138
29642.975533,2854720272,2854721406,16057,1134
29642.984331,2854728275,2854729411,15917,1136
29642.996332,2854736245,2854737381,15863,1136
29643.007095,2854744222,2854745357,15988,1135
29643.016336,2854752309,2854753446,15912,1137
29643.028127,2854760365,2854761503,15864,1138
29643.038656,2854768447,2854769584,15988,1137
29643.048329,2854776483,2854777616,15916,1133
29643.059694,2854784532,2854785670,15901,1138
29643.068328,2854792510,2854793649,15984,1139
29643.080328,2854800572,2854801709,15919,1137
29643.091248,2854808626,2854809760,15846,1134
29643.100334,2854816678,2854817809,15972,1131
29643.112294,2854824698,2854825835,15919,1137
29643.122809,2854832699,2854833837,15847,1138
29643.132331,2854840713,2854841849,15971,1136
29643.143852,2854848735,2854849874,15913,1139
29643.154369,2854856691,2854857825,15861,1134
29643.164329,2854864723,2854865860,15968,1137
29643.175413,2854872763,2854873900,15916,1137
29643.184327,2854880827,2854881958,15863,1131
29643.196335,2854888838,2854889974,15994,1136
29643.206977,2854896839,2854897975,15923,1136
29643.216327,2854904890,2854906026,15854,1136
29643.228015,2854912942,2854914079,15996,1137
29643.238537,2854920952,2854922090,15909,1138
29643.248329,2854929033,2854930170,15829,1137
29643.259576,2854937090,2854938227,15919,1137
29643.268333,2854945138,2854946275,15913,1137
29643.280330,2854953158,2854954295,15829,1137
29643.291135,2854961216,2854962351,15981,1135
29643.300329,2854969420,2854970556,15915,1136
29643.312167,2854977409,2854978546,15830,1137
29643.322695,2854985443,2854986580,15976,1137
29643.332331,2854993529,2854994663,15903,1134
29643.343728,2855001473,2855002611,15851,1138
29643.352328,2855009498,2855010635,16002,1137
29643.364331,2855017477,2855018614,15917,1137
29643.375289,2855025450,2855026587,15852,1137
29643.384330,2855033420,2855034556,15998,1136
29643.396329,2855041416,2855042550,15897,1134
29643.406858,2855049380,2855050517,15907,1137
29643.416328,2855057406,2855058542,15999,1136
29643.427896,2855065399,2855066534,15918,1135
29643.438410,2855073424,2855074561,15832,1137
29643.448329,2855081505,2855082643,15986,1138
29643.459456,2855089476,2855090613,15914,1137
29643.468328,2855097479,2855098618,15831,1139
29643.480330,2855105467,2855106604,15971,1137
29643.491015,2855113496,2855114632,15918,1136
29643.500328,2855121615,2855122750,15852,1135
29643.512054,2855129650,2855130787,15985,1137
29643.522575,2855137679,2855138817,15909,1138
29643.532327,2855145761,2855146899,15847,1138
29643.543616,2855153716,2855154851,16001,1135
29643.552333,2855161727,2855162864,15913,1137
29643.564332,2855169787,2855170923,15849,1136
29643.575176,2855177865,2855179003,15995,1138
29643.584330,2855185989,2855187125,15918,1136
29643.596208,2855194047,2855195181,15831,1134
29643.606736,2855202131,2855203269,15918,1138
29643.616329,2855210180,2855211313,15905,1133
29643.627768,2855218231,2855219369,15837,1138
29643.636334,2855226240,2855227373,15966,1133
29643.648328,2855234264,2855235401,15912,1137
29643.659328,2855242300,2855243438,15842,1138
29643.668331,2855250309,2855251445,15967,1136
29643.680337,2855258310,2855259447,15903,1137
29643.690891,2855266370,2855267507,15861,1137
29643.700327,2855274341,2855275472,15986,1131
29643.711933,2855282366,2855283503,15916,1137
29643.722450,2855290401,2855291539,15865,1138
29643.732335,2855298487,2855299625,15986,1138
29643.743495,2855306520,2855307657,15917,1137
29643.752327,2855314545,2855315683,15907,1138
29643.764327,2855322580,2855323717,15987,1137
29643.775055,2855330611,2855331749,15917,1138
29643.784328,2855338719,2855339858,15841,1139
29643.796093,2855346753,2855347888,15968,1135
29643.806617,2855354960,2855356099,15914,1139
29643.816336,2855363024,2855364160,15831,1136
29643.827655,2855371056,2855372193,15986,1137
29643.836328,2855379007,2855380144,15907,1137
29643.848334,2855387007,2855388143,15849,1136
29643.859215,2855394985,2855396122,15985,1137
29643.868331,2855403019,2855404153,15917,1134
29643.880248,2855411023,2855412160,15852,1137
29643.890777,2855419084,2855420221,16001,1137
29643.900328,2855427088,2855428222,15912,1134
29643.911808,2855435110,2855436247,15841,1137
29643.920327,2855443139,2855444275,16000,1136
29643.932328,2855451215,2855452352,15915,1137
29643.943369,2855459208,2855460340,15831,1132
29643.952327,2855467146,2855468283,15920,1137
29643.964329,2855475228,2855476366,15917,1138
29643.974929,2855483216,2855484354,15820,1138
29643.984329,2855491303,2855492439,15980,1136
29643.995975,2855499280,2855500417,15916,1137
29644.007998,2855508382,2855509517,16127,1135
29644.018519,2855516436,2855517574,15909,1138
29644.028331,2855524559,2855525695,15837,1136
29644.039556,2855532559,2855533696,15944,1137
29644.048333,2855540620,2855541755,15988,1135
29644.060329,2855548605,2855549739,15830,1134
29644.071114,2855556657,2855557794,15946,1137
29644.080328,2855564720,2855565857,15983,1137
29644.092151,2855572745,2855573880,15826,1135
29644.102673,2855580748,2855581886,15852,1138
29644.112329,2855588750,2855589888,15973,1138
29644.123712,2855596783,2855597915,15833,1132
29644.132329,2855604808,2855605943,15946,1135
29644.144333,2855612822,2855613960,15978,1138
29644.155272,2855620851,2855621984,15847,1133
29644.164330,2855628921,2855630055,15943,1134
29644.176319,2855636931,2855638067,15985,1136
29644.186835,2855644952,2855646087,15851,1135
29644.196329,2855652998,2855654135,15946,1137
29644.207880,2855660953,2855662086,16004,1133
29644.218393,2855668937,2855670074,15838,1137
29644.228327,2855676950,2855678086,15937,1136
29644.239439,2855684924,2855686061,16061,1137
29644.248330,2855692998,2855694135,15994,1137
29644.260330,2855700973,2855702109,16022,1136
29644.271000,2855708987,2855710123,16061,1136
29644.280333,2855717060,2855718196,15920,1136
29644.292034,2855725114,2855726247,16038,1133
29644.302558,2855733149,2855734287,16038,1138
29644.312328,2855741153,2855742289,15929,1136
29644.323594,2855749168,2855750306,16034,1138
29644.332332,2855757218,2855758352,16077,1134
29644.344329,2855765268,2855766404,15922,1136
29644.355156,2855773295,2855774432,16045,1137
29644.364328,2855781376,2855782513,16079,1137
29644.376191,2855789399,2855790535,15912,1136
29644.386716,2855797402,2855798536,16025,1134
29644.396328,2855805449,2855806585,16049,1136
29644.407751,2855813477,2855814614,15921,1137
29644.418275,2855821575,2855822712,15937,1137
29644.428331,2855829554,2855830691,15988,1137
29644.439312,2855837502,2855838639,15830,1137
29644.448330,2855845531,2855846665,15848,1134
29644.460330,2855853552,2855854690,15965,1138
29644.470872,2855861609,2855862746,15817,1137
29644.480329,2855869616,2855870754,15946,1138
29644.491919,2855877653,2855878788,15987,1135
29644.502433,2855885636,2855886771,15846,1135
29644.512332,2855893695,2855894834,15942,1139
29644.523480,2855901730,2855902867,15985,1137
29644.532333,2855909806,2855910942,15834,1136
29644.544329,2855917863,2855918999,15942,1136
29644.555040,2855925877,2855927014,16003,1137
29644.564329,2855933885,2855935023,15832,1138
29644.576075,2855941886,2855943018,15936,1132
29644.586601,2855949922,2855951058,15980,1136
29644.596331,2855957924,2855959061,15909,1137
29644.607635,2855965959,2855967096,15944,1137
29644.616330,2855973921,2855975057,15978,1136
29644.628328,2855981886,2855983023,15950,1137
29644.639195,2855989914,2855991051,16005,1137
29644.648328,2855997957,2855999091,16053,1134
29644.660231,2856005908,2856007043,15918,1135
29644.670755,2856013906,2856015043,16034,1137
29644.680330,2856021972,2856023109,16075,1137
29644.691792,2856029947,2856031084,15915,1137
29644.700332,2856038001,2856039136,16050,1135
29644.712337,2856045975,2856047111,16075,1136
29644.723352,2856053952,2856055088,15914,1136
29644.732332,2856061941,2856063076,16006,1135
29644.744334,2856069964,2856071101,16073,1137
29644.754913,2856077916,2856079053,15915,1137
29644.764328,2856085899,2856087036,16028,1137
29644.775959,2856093878,2856095011,16081,1133
29644.786473,2856101870,2856103003,15918,1133
29644.796327,2856109846,2856110979,15937,1133
29644.807520,2856117812,2856118946,16056,1134
29644.816331,2856125836,2856126972,15919,1136
29644.828329,2856133826,2856134960,15960,1134
29644.839081,2856141855,2856142994,16075,1139
29644.848331,2856149934,2856151070,15938,1136
29644.860116,2856157983,2856159120,16035,1137
29644.870640,2856166060,2856167197,16056,1137
29644.880329,2856174039,2856175174,15919,1135
29644.891674,2856182036,2856183173,16029,1137
29644.900333,2856190022,2856191160,16091,1138
29644.912329,2856198000,2856199138,15913,1138
29644.923235,2856206055,2856207191,16033,1136
29644.932330,2856214102,2856215236,16081,1134
29644.944279,2856222058,2856223192,15978,1134
29644.954793,2856230052,2856231189,15983,1137
29644.964330,2856238109,2856239247,16071,1138
29644.975832,2856246144,2856247280,15918,1136
29644.986356,2856254143,2856255279,16027,1136
29644.996331,2856262196,2856263332,16059,1136
29645.007392,2856270279,2856271412,15892,1133
29645.016334,2856278299,2856279434,16039,1135
29645.028330,2856286296,2856287433,15991,1137
29645.038955,2856294341,2856295479,15863,1138
29645.048335,2856302326,2856303462,15962,1136
29645.060000,2856310313,2856311449,16080,1136
29645.070513,2856318353,2856319491,15917,1138
29645.080330,2856326414,2856327548,16037,1134
29645.091560,2856334392,2856335526,16069,1134
29645.100329,2856342415,2856343552,15921,1137
29645.112330,2856350469,2856351606,16030,1137
29645.123120,2856358496,2856359629,16078,1133
29645.132331,2856366571,2856367704,15921,1133
29645.144153,2856374629,2856375767,15938,1138
29645.154683,2856382685,2856383822,16045,1137
29645.164328,2856390759,2856391895,15919,1136
29645.175715,2856398785,2856399917,16032,1132
29645.184331,2856406783,2856407919,16076,1136
29645.196327,2856414781,2856415917,15936,1136
29645.207275,2856422725,2856423857,16036,1132
29645.216329,2856430727,2856431863,16077,1136
29645.228312,2856438735,2856439871,15923,1136
29645.238836,2856446779,2856447916,15948,1137
29645.248332,2856454772,2856455909,16089,1137
29645.259872,2856462823,2856463957,15919,1134
29645.270396,2856470847,2856471984,16034,1137
29645.280332,2856478855,2856479991,16075,1136
29645.291440,2856486899,2856488035,15996,1136
29645.300328,2856494922,2856496058,16032,1136
29645.312331,2856502940,2856504072,16049,1132
29645.322992,2856510907,2856512043,15920,1136
29645.332328,2856518955,2856520088,16036,1133
29645.344037,2856526971,2856528107,16043,1136
29645.354553,2856535033,2856536169,15927,1136
29645.364332,2856543088,2856544225,16029,1137
29645.375601,2856551098,2856552232,16094,1134
29645.384332,2856559056,2856560193,15913,1137
29645.396330,2856567080,2856568217,16047,1137
29645.407160,2856575009,2856576144,16065,1135
29645.416331,2856583157,2856584294,15924,1137
29645.428195,2856591184,2856592317,16034,1133
29645.438725,2856599193,2856600326,16046,1133
29645.448332,2856607198,2856608330,15829,1132
29645.459755,2856615177,2856616313,15943,1136
29645.468330,2856623160,2856624297,16007,1137
29645.480328,2856631147,2856632280,15824,1133
29645.491314,2856639154,2856640290,15849,1136
29645.500328,2856647113,2856648249,15957,1136
29645.512328,2856655128,2856656266,15861,1138
29645.522876,2856663188,2856664326,15951,1138
29645.532329,2856671228,2856672363,15977,1135
29645.543912,2856679256,2856680393,15847,1137
29645.554436,2856687296,2856688433,15916,1137
29645.564328,2856695301,2856696435,15979,1134
29645.575472,2856703336,2856704470,15830,1134
29645.584329,2856711362,2856712496,15948,1134
29645.596329,2856719333,2856720471,16007,1138
29645.607033,2856727319,2856728456,15832,1137
29645.616327,2856735374,2856736509,15946,1135
29645.628080,2856743407,2856744543,15986,1136
29645.640096,2856752625,2856753760,15836,1135
29645.650622,2856760684,2856761819,15952,1135
29645.660329,2856768662,2856769795,15835,1133
29645.671659,2856776653,2856777786,15932,1133
29645.680329,2856784591,2856785723,15946,1132
29645.692328,2856792556,2856793690,15857,1134
29645.703220,2856800527,2856801660,15934,1133
29645.712330,2856808527,2856809664,15942,1137
29645.724255,2856816530,2856817663,15848,1133
29645.734779,2856824551,2856825689,15932,1138
29645.744328,2856832544,2856833679,15929,1135
29645.755815,2856840480,2856841613,15844,1133
29645.766339,2856848449,2856849584,15941,1135
29645.776331,2856856445,2856857580,16073,1135
29645.787383,2856864424,2856865558,16000,1134
29645.796328,2856872446,2856873584,16023,1138
29645.808329,2856880466,2856881603,16078,1137
29645.818935,2856888445,2856889581,15918,1136
29645.828326,2856896420,2856897556,16031,1136
29645.839981,2856904413,2856905548,16058,1135
29645.850497,2856912444,2856913580,15833,1136
29645.860328,2856920467,2856921605,15941,1138
29645.871544,2856928439,2856929575,16068,1136
29645.880326,2856936473,2856937609,15919,1136
29645.892330,2856944479,2856945616,16049,1137
29645.903103,2856952479,2856953612,16078,1133
29645.912336,2856960517,2856961649,15919,1132
29645.924138,2856968520,2856969655,16037,1135
29645.934664,2856976516,2856977650,16076,1134
29645.944329,2856984534,2856985667,15905,1133
29645.955698,2856992532,2856993669,16033,1137
29645.964330,2857000531,2857001661,16022,1130
29645.976329,2857008528,2857009662,15917,1134
29645.987257,2857016519,2857017656,15950,1137
29645.996333,2857024502,2857025638,16044,1136
29646.008294,2857032476,2857033609,15932,1133
29646.018819,2857040487,2857041624,15990,1137
29646.028329,2857048502,2857049638,16074,1136
29646.039858,2857056485,2857057621,15963,1136
29646.050379,2857064495,2857065631,15941,1136
29646.060329,2857072542,2857073679,15987,1137
29646.071416,2857080510,2857081644,15834,1134
29646.080329,2857088527,2857089664,15943,1137
29646.092332,2857096532,2857097669,15954,1137
29646.102976,2857104555,2857105691,15829,1136
29646.112330,2857112613,2857113746,15948,1133
29646.124023,2857120592,2857121729,15984,1137
29646.134543,2857128622,2857129758,15911,1136
29646.144328,2857136638,2857137775,15936,1137
29646.155583,2857144608,2857145745,15968,1137
29646.164329,2857152632,2857153767,15834,1135
29646.176330,2857160584,2857161721,15936,1137
29646.187142,2857168577,2857169712,15974,1135
29646.196330,2857176649,2857177780,15831,1131
29646.208178,2857184579,2857185714,15947,1135
29646.218702,2857192597,2857193730,15973,1133
29646.228327,2857200563,2857201696,15846,1133
29646.239740,2857208531,2857209668,15962,1137
29646.248329,2857216479,2857217615,15984,1136
29646.260328,2857224440,2857225573,15912,1133
29646.271299,2857232405,2857233542,15947,1137
29646.280330,2857240369,2857241502,15986,1133
29646.292328,2857248340,2857249473,15813,1133
29646.302859,2857256352,2857257485,15943,1133
29646.312328,2857264343,2857265473,15991,1130
29646.323895,2857272365,2857273499,15812,1134
29646.334418,2857280404,2857281541,15852,1137
29646.344328,2857288344,2857289481,15968,1137
29646.355456,2857296312,2857297443,15833,1131
29646.364330,2857304277,2857305408,15886,1131
29646.376327,2857312234,2857313367,15968,1133
29646.387019,2857320191,2857321327,15867,1136
29646.396327,2857328224,2857329360,15951,1136
29646.408065,2857336174,2857337307,15988,1133
29646.418580,2857344184,2857345318,15862,1134
29646.428328,2857352206,2857353340,15945,1134
29646.439625,2857360207,2857361344,16005,1137
29646.448331,2857368197,2857369333,15860,1136
29646.460331,2857376160,2857377293,15956,1133
29646.471182,2857384121,2857385255,15934,1134
29646.480327,2857392140,2857393273,15893,1133
29646.492220,2857400106,2857401240,15956,1134
29646.502743,2857408060,2857409196,15959,1136
29646.512330,2857415996,2857417128,15840,1132
29646.523778,2857423981,2857425118,15950,1137
29646.532329,2857431900,2857433032,15952,1132
29646.544333,2857439860,2857440996,15878,1136
29646.555339,2857447826,2857448963,15917,1137
29646.564329,2857455806,2857456936,15954,1130
29646.576328,2857463770,2857464904,15865,1134
29646.586901,2857471814,2857472950,15959,1136
29646.596335,2857479764,2857480894,15992,1130
29646.607936,2857487710,2857488843,15846,1133
29646.618460,2857495698,2857496835,15949,1137
29646.628329,2857503659,2857504795,15989,1136
29646.639496,2857511598,2857512733,15822,1135
29646.648332,2857519613,2857520746,15950,1133
29646.660331,2857527561,2857528698,15993,1137
29646.671056,2857535508,2857536644,15822,1136
29646.680327,2857543581,2857544717,15841,1136
29646.692103,2857551546,2857552682,15971,1136
29646.702616,2857559477,2857560610,15833,1133
29646.712330,2857567438,2857568572,15944,1134
29646.723664,2857575378,2857576514,15972,1136
29646.732332,2857583370,2857584502,15851,1132
29646.744328,2857591331,2857592468,15944,1137
29646.755224,2857599285,2857600421,15989,1136
29646.764328,2857607283,2857608412,15862,1129
29646.776259,2857615278,2857616415,15946,1137
29646.786784,2857623295,2857624433,15998,1138
29646.796329,2857631307,2857632444,15832,1137
29646.807820,2857639276,2857640413,15936,1137
29646.816336,2857647273,2857648406,15975,1133
29646.828328,2857655217,2857656351,15885,1134
29646.839381,2857663202,2857664334,15963,1132
29646.848330,2857671191,2857672328,15987,1137
29646.860330,2857679183,2857680316,15835,1133
29646.870939,2857687128,2857688261,15947,1133
29646.880328,2857695143,2857696276,15974,1133
29646.891975,2857703130,2857704263,15826,1133
29646.902499,2857711138,2857712274,15944,1136
29646.912330,2857719144,2857720280,15985,1136
29646.923536,2857727139,2857728271,15831,1132
29646.932329,2857735129,2857736263,15961,1134
29646.944329,2857743048,2857744184,15989,1136
29646.955097,2857751049,2857752181,15821,1132
29646.964335,2857759088,2857760217,15945,1129
29646.976142,2857767045,2857768178,15969,1133
29646.986658,2857774976,2857776109,15833,1133
29646.996329,2857782945,2857784078,15918,1133
29647.007704,2857790878,2857792011,15964,1133
29647.016327,2857798838,2857799971,15834,1133
29647.028329,2857806839,2857807976,15844,1137
29647.039263,2857814802,2857815935,15954,1133
29647.048331,2857822804,2857823937,15849,1133
29647.060298,2857830742,2857831877,15942,1135
29647.070825,2857838828,2857839961,16104,1133
29647.080333,2857846824,2857847959,15931,1135
29647.091859,2857854784,2857855919,16038,1135
29647.102383,2857862755,2857863892,16059,1137
29647.112327,2857870763,2857871894,15921,1131
29647.123418,2857878721,2857879853,16021,1132
29647.132329,2857886725,2857887858,16044,1133
29647.144334,2857894710,2857895843,15913,1133
29647.154980,2857902693,2857903828,16035,1135
29647.164334,2857910657,2857911788,16048,1131
29647.176024,2857918645,2857919776,15992,1131
29647.186542,2857926577,2857927710,16045,1133
29647.196330,2857934627,2857935750,16056,1123
29647.207576,2857942551,2857943688,15916,1137
29647.216336,2857950491,2857951624,16037,1133
29647.228328,2857958438,2857959569,16077,1131
29647.239136,2857966376,2857967512,15915,1136
29647.248330,2857974492,2857975628,16021,1136
29647.260183,2857982440,2857983570,16059,1130
29647.270692,2857990384,2857991527,15782,1143
29647.280336,2857998355,2857999487,15937,1132
29647.291744,2858006321,2858007455,15965,1134
29647.300334,2858014260,2858015395,15833,1135
29647.312329,2858022219,2858023352,15937,1133
29647.323304,2858030210,2858031341,15967,1131
29647.332331,2858038150,2858039283,15823,1133
29647.344332,2858046167,2858047300,15958,1133
29647.354864,2858054139,2858055273,15950,1134
29647.364330,2858062149,2858063279,15832,1130
29647.375897,2858070082,2858071212,15852,1130
29647.386423,2858078024,2858079158,15949,1134
29647.396328,2858086024,2858087146,15836,1122
29647.407459,2858094031,2858095165,15906,1134
29647.416331,2858102028,2858103162,15963,1134
29647.428329,2858109993,2858111124,15831,1131
29647.439019,2858117927,2858119057,15940,1130
29647.448329,2858125908,2858127038,15963,1130
29647.460056,2858133889,2858135019,15828,1130
29647.470580,2858141844,2858142974,15934,1130
29647.480335,2858149825,2858150959,15946,1134
29647.491616,2858157827,2858158961,15826,1134
29647.500328,2858165789,2858166921,15956,1132
29647.512330,2858173710,2858174838,16082,1128
29647.523184,2858181729,2858182861,15991,1132
29647.532328,2858189741,2858190872,16043,1131
29647.544224,2858197700,2858198826,16087,1126
29647.554739,2858205630,2858206761,15922,1131
29647.564329,2858213562,2858214695,16021,1133
29647.575783,2858221475,2858222606,16065,1131
29647.584329,2858229414,2858230545,15916,1131
29647.596332,2858237378,2858238505,16018,1127
29647.607344,2858245324,2858246454,16083,1130
29647.616327,2858253283,2858254413,15916,1130
29647.628328,2858261253,2858262387,16030,1134
29647.638904,2858269188,2858270322,16061,1134
29647.648332,2858277131,2858278261,15911,1130
29647.659938,2858285072,2858286202,16023,1130
29647.670465,2858292985,2858294118,16066,1133
29647.680333,2858301032,2858302162,15826,1130
29647.691499,2858308995,2858310128,15940,1133
29647.700327,2858316912,2858318044,16089,1132
29647.712333,2858324848,2858325978,15915,1130
29647.723058,2858332779,2858333912,15935,1133
29647.732330,2858340835,2858341965,16055,1130
29647.744098,2858348804,2858349938,15946,1134
29647.754619,2858356742,2858357872,16024,1130
29647.764334,2858364662,2858365796,16091,1134
29647.775659,2858372606,2858373737,15956,1131
29647.784331,2858380536,2858381665,16028,1129
29647.796329,2858388442,2858389573,16087,1131
29647.807216,2858396381,2858397510,15932,1129
29647.816332,2858404336,2858405466,16028,1130
29647.828264,2858412246,2858413376,16054,1130
29647.838777,2858420198,2858421328,15915,1130
29647.848333,2858428156,2858429289,16031,1133
29647.859824,2858436071,2858437201,16082,1130
29647.870344,2858444034,2858445164,15981,1130
29647.880334,2858451981,2858453115,16026,1134
29647.891385,2858460001,2858461131,16070,1130
29647.900328,2858467968,2858469097,15918,1129
29647.912334,2858475955,2858477079,16027,1124
29647.922945,2858483904,2858485038,16061,1134
29647.932328,2858491841,2858492975,15914,1134
29647.943979,2858499779,2858500908,16029,1129
29647.954506,2858507710,2858508840,16055,1130
29647.964328,2858515691,2858516820,15917,1129
29647.975539,2858523701,2858524831,16014,1130
29647.984329,2858531697,2858532828,16077,1131
29647.996329,2858539659,2858540790,15906,1131
29648.007099,2858547592,2858548722,16021,1130
29648.016335,2858555575,2858556705,16083,1130
29648.028136,2858563505,2858564636,15907,1131
29648.038660,2858571434,2858572569,16013,1135
29648.048327,2858579417,2858580547,16036,1130
29648.059696,2858587350,2858588483,15911,1133
29648.068331,2858595342,2858596472,15928,1130
29648.080335,2858603277,2858604407,16056,1130
29648.091257,2858611219,2858612348,15821,1129
29648.100331,2858619165,2858620299,15938,1134
29648.112304,2858627081,2858628211,16069,1130
29648.122817,2858635020,2858636153,15934,1133
29648.132329,2858642944,2858644074,16025,1130
29648.143863,2858650871,2858652001,16051,1130
29648.154377,2858658839,2858659970,15913,1131
29648.164327,2858666801,2858667931,16018,1130
29648.175424,2858674713,2858675847,16054,1134
29648.184328,2858682730,2858683859,15915,1129
29648.196333,2858690673,2858691802,16027,1129
29648.206985,2858698598,2858699728,16088,1130
29648.216334,2858706550,2858707683,16001,1133
29648.228018,2858714514,2858715644,16026,1130
29648.238546,2858722424,2858723558,16079,1134
29648.248330,2858730404,2858731534,15917,1130
29648.259580,2858738361,2858739491,16040,1130
29648.268336,2858746282,2858747412,16051,1130
29648.280334,2858754313,2858755443,15915,1130
29648.291138,2858762315,2858763445,15943,1130
29648.300332,2858770371,2858771501,15969,1130
29648.312176,2858778303,2858779434,15824,1131
29648.322700,2858786241,2858787375,15917,1134
29648.332331,2858794250,2858795380,15949,1130
29648.343736,2858802188,2858803318,15828,1130
29648.352333,2858810128,2858811258,15950,1130
29648.364335,2858818066,2858819196,16001,1130
29648.375296,2858826026,2858827155,15824,1129
29648.384332,2858834002,2858835136,15928,1134
29648.396329,2858841968,2858843099,15985,1131
29648.406857,2858849969,2858851099,15821,1130
29648.416327,2858857978,2858859108,15837,1130
29648.427904,2858865910,2858867043,15952,1133
29648.438417,2858873850,2858874983,15845,1133
29648.448329,2858881806,2858882939,15932,1133
29648.459465,2858889732,2858890861,16000,1129
29648.468327,2858897663,2858898797,15840,1134
29648.480328,2858905604,2858906738,15944,1134
29648.491025,2858913536,2858914666,15982,1130
29648.500332,2858921578,2858922708,15834,1130
29648.512059,2858929563,2858930690,15936,1127
29648.522584,2858937499,2858938629,16037,1130
29648.532336,2858945424,2858946554,15916,1130
29648.543619,2858953361,2858954491,16018,1130
29648.552331,2858961313,2858962446,16083,1133
29648.564335,2858969245,2858970378,15996,1133
29648.575183,2858977224,2858978358,16039,1134
29648.584328,2858985165,2858986295,16055,1130
29648.596216,2858993096,2858994224,15927,1128
29648.606740,2859001076,2859002206,16026,1130
29648.616328,2859009015,2859010148,16055,1133
29648.627777,2859016949,2859018079,15910,1130
29648.636327,2859024903,2859026036,16026,1133
29648.648330,2859032842,2859033972,16092,1130
29648.659338,2859040801,2859041935,15912,1134
29648.668327,2859048781,2859049914,16040,1133
29648.680329,2859056739,2859057869,16086,1130
29648.690897,2859064689,2859065819,15905,1130
29648.700331,2859072631,2859073760,15883,1129
29648.711945,2859080573,2859081700,16072,1127
29648.722458,2859088527,2859089657,15912,1130
29648.732328,2859096458,2859097588,16022,1130
29648.743506,2859104424,2859105554,16057,1130
29648.752334,2859112378,2859113508,15932,1130
29648.764336,2859120304,2859121434,15933,1130
29648.775063,2859128229,2859129359,16031,1130
29648.784329,2859136228,2859137357,15913,1129
29648.796099,2859144153,2859145285,16000,1132
29648.806626,2859152072,2859153205,16084,1133
29648.816331,2859160054,2859161184,15924,1130
29648.827659,2859167981,2859169115,16020,1134
29648.836334,2859175886,2859177016,16069,1130
29648.848329,2859183839,2859184971,15901,1132
29648.859219,2859191775,2859192907,16026,1132
29648.868331,2859199706,2859200836,16041,1130
29648.880256,2859207682,2859208813,15920,1131
29648.890782,2859215669,2859216799,16043,1130
29648.900330,2859223653,2859224783,16034,1130
29648.911823,2859231598,2859232720,15907,1122
29648.922340,2859239518,2859240648,15934,1130
29648.932332,2859247460,2859248590,16085,1130
29648.943377,2859255422,2859256551,15916,1129
29648.952328,2859263381,2859264511,16027,1130
29648.964329,2859271302,2859272432,16064,1130
29648.974938,2859279253,2859280387,15909,1134
29648.984331,2859287189,2859288323,16026,1134
29648.995983,2859295110,2859296242,16076,1132
29649.006498,2859303124,2859304254,15934,1130
29649.016328,2859311089,2859312222,16020,1133
29649.040332,2859323173,2859323801,12022,628
29649.051585,2859327218,2859327849,11995,631
29649.060329,2859333808,2859334931,15910,1123
29649.072333,2859341707,2859342840,15916,1133
29649.083143,2859349632,2859350762,15839,1130
29649.092329,2859357657,2859358789,15996,1132
29649.104190,2859365612,2859366741,15908,1129
29649.114704,2859373590,2859374722,15844,1132
29649.124327,2859381555,2859382685,15993,1130
29649.135750,2859389486,2859390616,15920,1130
29649.144328,2859397407,2859398539,15833,1132
29649.156331,2859405359,2859406489,15975,1130
29649.167311,2859413283,2859414413,15905,1130
29649.176329,2859421212,2859422345,15853,1133
29649.188336,2859429141,2859430273,15982,1132
29649.198869,2859437084,2859438214,15910,1130
29649.208328,2859445072,2859446204,15906,1132
29649.219912,2859453011,2859454145,15956,1134
29649.230430,2859460943,2859462076,15909,1133
29649.240331,2859468877,2859470011,15833,1134
29649.251471,2859476839,2859477969,15991,1130
29649.260329,2859484777,2859485904,15913,1127
29649.272329,2859492702,2859493832,15842,1130
29649.283031,2859500662,2859501791,15995,1129
29649.292328,2859508609,2859509743,15913,1134
29649.304062,2859516574,2859517707,15831,1133
29649.314592,2859524699,2859525833,15979,1134
29649.324330,2859532739,2859533869,15915,1130
29649.335623,2859540698,2859541832,15827,1134
29649.344334,2859548661,2859549789,15985,1128
29649.356335,2859556597,2859557728,15906,1131
29649.367183,2859564556,2859565686,15843,1130
29649.376328,2859572511,2859573635,15964,1124
29649.388227,2859580428,2859581561,15907,1133
29649.398743,2859588435,2859589565,15843,1130
29649.408328,2859596414,2859597544,15921,1130
29649.419789,2859604371,2859605501,15907,1130
29649.428330,2859612332,2859613462,15840,1130
29649.440333,2859620264,2859621394,15963,1130
29649.451348,2859628197,2859629327,15911,1130
29649.460330,2859636136,2859637263,15852,1127
29649.472329,2859644074,2859645204,15979,1130
29649.482909,2859652005,2859653139,15907,1134
29649.492329,2859659973,2859661103,15863,1130
29649.503948,2859667930,2859669060,15966,1130
29649.515966,2859677008,2859678137,15808,1129
29649.532332,2859687817,2859688828,15280,1011
29649.543018,2859695716,2859696850,15918,1134
29649.552334,2859703681,2859704815,16061,1134
29649.564065,2859711645,2859712775,15986,1130
29649.574579,2859719605,2859720735,15919,1130
29649.584328,2859727591,2859728725,16063,1134
29649.595625,2859735530,2859736658,16013,1128
29649.604329,2859743462,2859744591,15907,1129
29649.616328,2859751438,2859752568,15972,1130
29649.627185,2859759366,2859760496,15912,1130
29649.636331,2859767416,2859768546,15846,1130
29649.648225,2859775355,2859776485,16084,1130
29649.658745,2859783293,2859784422,16006,1129
29649.668333,2859791227,2859792360,15844,1133
29649.679783,2859799161,2859800295,15981,1134
29649.688331,2859807148,2859808278,15910,1130
29649.700328,2859815077,2859816207,15829,1130
29649.711346,2859823031,2859824155,16089,1124
29649.720329,2859831017,2859832149,15988,1132
29649.732328,2859838952,2859840081,15828,1129
29649.742904,2859846920,2859848050,15976,1130
29649.752328,2859854900,2859856030,15904,1130
29649.763937,2859862917,2859864046,15830,1129
29649.774465,2859870879,2859872013,16061,1134
29649.784328,2859878808,2859879941,15996,1133
29649.795498,2859886818,2859887947,15930,1129
29649.804334,2859894755,2859895885,15986,1130
29649.816328,2859902684,2859903814,16001,1130
29649.827058,2859910642,2859911772,15933,1130
29649.836332,2859918639,2859919769,16078,1130
29649.848105,2859926589,2859927723,15995,1134
29649.858618,2859934479,2859935611,15840,1132
29649.868329,2859942469,2859943599,15998,1130
29649.879665,2859950400,2859951532,15896,1132
29649.888331,2859958336,2859959466,15835,1130
29649.900334,2859966280,2859967410,15973,1130
29649.911226,2859974241,2859975369,15996,1128
29649.920328,2859982234,2859983364,15831,1130
29649.932262,2859990179,2859991309,15967,1130
29649.942783,2859998142,2859999273,15910,1131
29649.952328,2860006078,2860007210,15904,1132
29649.963822,2860014018,2860015148,15967,1130
29649.974346,2860021980,2860023113,15995,1133
29649.984331,2860029945,2860031077,15947,1132
29649.995384,2860037867,2860038997,16069,1130
29650.004329,2860045800,2860046934,16004,1134
29650.016329,2860053788,2860054918,15945,1130
29650.026945,2860061800,2860062930,16075,1130
29650.036327,2860069734,2860070864,15910,1130
29650.047977,2860077715,2860078847,15928,1132
29650.058504,2860085725,2860086858,16056,1133
29650.068333,2860093684,2860094817,15996,1133
29650.079538,2860101644,2860102775,15922,1131
29650.088331,2860109608,2860110738,16057,1130
29650.100332,2860117558,2860118691,15995,1133
29650.111098,2860125493,2860126621,15859,1128
29650.120328,2860133449,2860134579,15967,1130
29650.132145,2860141501,2860142630,15995,1129
29650.142658,2860149452,2860150582,15928,1130
29650.152330,2860157388,2860158518,16010,1130
29650.163704,2860165318,2860166447,16004,1129
29650.172331,2860173275,2860174405,15930,1130
29650.184328,2860181237,2860182367,16089,1130
29650.195268,2860189222,2860190354,15993,1132
29650.204332,2860197234,2860198363,15899,1129
29650.216305,2860205191,2860206321,16080,1130
29650.226826,2860213171,2860214303,15986,1132
29650.236330,2860221108,2860222233,15923,1125
29650.247865,2860229028,2860230158,15999,1130
29650.258385,2860236957,2860238087,15907,1130
29650.268330,2860244889,2860246019,15832,1130
29650.279426,2860252815,2860253950,15994,1135
29650.288334,2860260784,2860261914,15910,1130
29650.300328,2860268790,2860269920,15908,1130
29650.310987,2860276740,2860277865,15996,1125
29650.320327,2860284689,2860285819,15907,1130
29650.332018,2860292615,2860293745,15925,1130
29650.342544,2860300652,2860301781,16059,1129
29650.352332,2860308668,2860309799,15913,1131
29650.363578,2860316625,2860317755,15835,1130
29650.372328,2860324554,2860325686,15967,1132
29650.384330,2860332519,2860333651,15914,1132
29650.395138,2860340474,2860341607,15849,1133
29650.404331,2860348464,2860349594,15976,1130
29650.416182,2860356400,2860357532,15905,1132
29650.426699,2860364366,2860365500,15861,1134
29650.436336,2860372337,2860373466,15971,1129
29650.447744,2860380318,2860381450,15902,1132
29650.456332,2860388348,2860389481,15861,1133
29650.468331,2860396286,2860397420,16067,1134
29650.479303,2860404230,2860405359,15999,1129
29650.488327,2860412208,2860413338,15930,1130
29650.500329,2860420143,2860421272,16003,1129
29650.510866,2860428079,2860429204,15990,1125
29650.520330,2860436011,2860437141,15923,1130
29650.531903,2860443993,2860445127,16050,1134
29650.542426,2860451995,2860453125,16000,1130
29650.552327,2860459979,2860461112,15902,1133
29650.563464,2860467962,2860469092,16068,1130
29650.572332,2860475921,2860477051,15997,1130
29650.584331,2860483850,2860484980,15833,1130
29650.595026,2860491779,2860492909,15983,1130
29650.604330,2860499742,2860500872,15900,1130
29650.616058,2860507699,2860508829,15846,1130
29650.626587,2860515708,2860516832,15990,1124
29650.636333,2860523657,2860524787,15909,1130
29650.647626,2860531620,2860532750,15908,1130
29650.656332,2860539582,2860540715,15993,1133
29650.668329,2860547506,2860548639,15911,1133
29650.679186,2860555479,2860556609,15920,1130
29650.688331,2860563465,2860564595,16001,1130
29650.700223,2860571424,2860572553,15994,1129
29650.710746,2860579406,2860580533,15919,1127
29650.720331,2860587362,2860588492,15903,1130
29650.731786,2860595295,2860596428,15911,1133
29650.740329,2860603293,2860604423,15998,1130
29650.752328,2860611225,2860612357,16069,1132
29650.763345,2860619173,2860620301,16002,1128
29650.772330,2860627113,2860628247,15847,1134
29650.784327,2860635049,2860636183,15964,1134
29650.794905,2860642982,2860644111,15915,1129
29650.804334,2860650933,2860652066,15844,1133
29650.815943,2860658901,2860660031,16047,1130
29650.826465,2860666835,2860667965,15993,1130
29650.836329,2860674781,2860675911,15932,1130
29650.847503,2860682741,2860683871,16005,1130
29650.856328,2860690681,2860691811,16009,1130
29650.868328,2860698614,2860699743,15953,1129
29650.879065,2860706563,2860707693,15981,1130
29650.888330,2860714596,2860715726,15911,1130
29650.900098,2860722533,2860723663,15852,1130
29650.910625,2860730468,2860731590,15979,1122
29650.920329,2860738390,2860739523,15908,1133
29650.931658,2860746373,2860747503,15843,1130
29650.940331,2860754361,2860755491,15965,1130
29650.952328,2860762326,2860763459,15909,1133
29650.963218,2860770334,2860771467,15830,1133
29650.972334,2860778351,2860779481,15992,1130
29650.984267,2860786289,2860787419,15916,1130
29650.994786,2860794264,2860795393,15994,1129
29651.004329,2860802198,2860803328,16079,1130
29651.015826,2860810154,2860811286,15996,1132
29651.026340,2860818087,2860819216,15915,1129
29651.036329,2860826024,2860827154,16066,1130
29651.047386,2860833955,2860835085,16005,1130
29651.056327,2860841881,2860843013,15915,1132
29651.068329,2860849891,2860851022,16064,1131
29651.078947,2860857853,2860858983,16000,1130
29651.088333,2860865808,2860866941,15924,1133
29651.099985,2860873744,2860874877,16071,1133
29651.110505,2860881681,2860882813,15998,1132
29651.120327,2860889617,2860890746,15929,1129
29651.131546,2860897576,2860898708,16084,1132
29651.140333,2860905523,2860906657,15998,1134
29651.152333,2860913426,2860914555,15942,1129
29651.163105,2860921360,2860922492,16066,1132
29651.172328,2860929356,2860930486,16005,1130
29651.184138,2860937281,2860938411,15934,1130
29651.194666,2860945210,2860946343,16003,1133
29651.204330,2860953176,2860954306,16002,1130
29651.215698,2860961108,2860962242,15843,1134
29651.224328,2860969080,2860970211,15961,1131
29651.236333,2860977035,2860978168,15908,1133
29651.247258,2860985016,2860986149,15839,1133
29651.256331,2860992994,2860994127,15971,1133
29651.268302,2861000981,2861002111,15910,1130
29651.278819,2861008935,2861010065,15854,1130
29651.288329,2861016867,2861017997,15975,1130
29651.299863,2861024788,2861025918,15908,1130
29651.310380,2861032745,2861033872,15858,1127
29651.320328,2861040753,2861041883,15981,1130
29651.331424,2861048715,2861049848,16008,1133
29651.340327,2861056664,2861057794,15992,1130
29651.352331,2861064607,2861065737,16085,1130
29651.362987,2861072560,2861073690,15903,1130
29651.372327,2861080514,2861081647,15828,1133
29651.384024,2861088441,2861089571,15981,1130
29651.394547,2861096395,2861097528,15912,1133
29651.404328,2861104378,2861105511,15827,1133
29651.415585,2861112374,2861113504,15982,1130
29651.424329,2861120359,2861121488,15905,1129
29651.436334,2861128288,2861129418,15849,1130
29651.447147,2861136215,2861137344,15980,1129
29651.456328,2861144257,2861145387,15909,1130
29651.468178,2861152185,2861153317,15847,1132
29651.478707,2861160169,2861161299,15995,1130
29651.488328,2861168182,2861169310,15919,1128
29651.499738,2861176108,2861177238,15835,1130
29651.508328,2861184119,2861185247,15992,1128
29651.520335,2861192047,2861193177,15906,1130
29651.531299,2861199985,2861201115,15830,1130
29651.540334,2861207943,2861209072,15912,1129
29651.552330,2861215902,2861217032,15910,1130
29651.562861,2861223870,2861225004,15915,1134
29651.572327,2861231836,2861232965,16071,1129
29651.583905,2861239803,2861240936,16001,1133
29651.594420,2861247740,2861248870,15915,1130
29651.604330,2861255750,2861256880,16072,1130
29651.615465,2861263681,2861264813,15998,1132
29651.624327,2861271604,2861272733,15930,1129
29651.636332,2861279533,2861280663,16080,1130
29651.647025,2861287487,2861288621,15993,1134
29651.656330,2861295491,2861296621,15936,1130
29651.668067,2861303416,2861304549,16079,1133
29651.678588,2861311386,2861312516,15997,1130
29651.688327,2861319340,2861320470,15990,1130
29651.699627,2861327272,2861328404,16079,1132
29651.708327,2861335206,2861336334,15994,1128
29651.720328,2861343139,2861344272,15918,1133
29651.731185,2861351068,2861352198,16069,1130
29651.740329,2861359017,2861360147,16003,1130
29651.752218,2861366963,2861368093,15906,1130
29651.762744,2861374957,2861376085,15969,1128
29651.772327,2861382886,2861384016,15909,1130
29651.783779,2861390851,2861391983,15848,1132
29651.792328,2861398811,2861399941,15967,1130
29651.804331,2861406771,2861407901,15895,1130
29651.815339,2861414703,2861415836,15855,1133
29651.824327,2861422637,2861423765,15983,1128
29651.836336,2861430591,2861431721,15917,1130
29651.846899,2861438521,2861439649,15858,1128
29651.856330,2861446469,2861447602,15978,1133
29651.867945,2861454394,2861455523,15914,1129
29651.878460,2861462333,2861463466,15839,1133
29651.888327,2861470284,2861471414,15917,1130
29651.899503,2861478219,2861479350,15909,1131
29651.908331,2861486157,2861487288,15848,1131
29651.920328,2861494112,2861495242,15961,1130
29651.931064,2861502040,2861503170,15911,1130
29651.940329,2861510040,2861511172,15840,1132
29651.952106,2861517973,2861519105,15983,1132
29651.964122,2861527048,2861528178,15824,1130
29651.974652,2861535057,2861536187,15992,1130
29651.984329,2861542985,2861544115,15912,1130
29651.995681,2861550888,2861552022,15844,1134
29652.004328,2861558826,2861559955,15994,1129
29652.016328,2861566775,2861567905,15911,1130
29652.027242,2861574698,2861575824,15826,1126
29652.036330,2861582648,2861583781,15915,1133
29652.048288,2861590581,2861591711,15906,1130
29652.058803,2861598536,2861599660,15822,1124
29652.068328,2861606457,2861607587,15975,1130
29652.079848,2861614385,2861615514,15909,1129
29652.090363,2861622365,2861623495,15825,1130
29652.100333,2861630293,2861631423,15979,1130
29652.111408,2861638247,2861639376,15910,1129
29652.120328,2861646175,2861647304,15848,1129
29652.132328,2861654099,2861655232,15996,1133
29652.142969,2861662058,2861663185,15908,1127
29652.152329,2861670004,2861671134,15847,1130
29652.164009,2861678009,2861679141,15992,1132
29652.174530,2861685949,2861687079,15996,1130
29652.184327,2861693870,2861695002,15991,1132
29652.195569,2861701824,2861702954,16086,1130
29652.204332,2861709796,2861710925,15998,1129
29652.216335,2861717718,2861718847,15918,1129
29652.227129,2861725643,2861726775,16068,1132
29652.236328,2861733680,2861734810,16007,1130
29652.248161,2861741631,2861742763,15918,1132
29652.258689,2861749590,2861750719,16058,1129
29652.268332,2861757574,2861758702,16003,1128
29652.279722,2861765533,2861766663,15937,1130
29652.288334,2861773489,2861774622,16075,1133
29652.300328,2861781416,2861782548,16001,1132
29652.311282,2861789345,2861790474,15931,1129
29652.320329,2861797283,2861798416,16078,1133
29652.332329,2861805248,2861806380,15912,1132
29652.342843,2861813233,2861814364,15836,1131
29652.352328,2861821164,2861822294,15991,1130
29652.363889,2861829099,2861830229,15913,1130
29652.374405,2861837116,2861838249,15899,1133
29652.384328,2861845077,2861846210,16007,1133
29652.395450,2861853003,2861854135,16000,1132
29652.404330,2861860965,2861862095,15916,1130
29652.416335,2861868902,2861870030,16068,1128
29652.427009,2861876859,2861877987,15996,1128
29652.436331,2861884814,2861885944,15910,1130
29652.448047,2861892759,2861893892,15976,1133
29652.458569,2861900723,2861901852,15919,1129
29652.468332,2861908648,2861909778,15842,1130
29652.479610,2861916604,2861917734,15994,1130
29652.488328,2861924569,2861925699,15903,1130
29652.500329,2861932528,2861933661,15838,1133
29652.511170,2861940524,2861941657,15990,1133
29652.520330,2861948629,2861949759,15916,1130
29652.532209,2861956581,2861957711,15905,1130
29652.542730,2861964518,2861965649,15988,1131
29652.552327,2861972456,2861973590,15920,1134
29652.563762,2861980389,2861981519,15828,1130
29652.572331,2861988319,2861989447,15980,1128
29652.584328,2861996266,2861997399,16004,1133
29652.595322,2862004232,2862005360,15913,1128
29652.604330,2862012165,2862013295,16066,1130
29652.616332,2862020098,2862021231,15989,1133
29652.626883,2862028097,2862029226,15844,1129
29652.636331,2862036028,2862037158,15983,1130
29652.647928,2862043961,2862045093,15911,1132
29652.658444,2862051891,2862053020,15844,1129
29652.668335,2862059895,2862061028,15983,1133
29652.679490,2862067833,2862068963,15916,1130
29652.688334,2862075762,2862076891,15845,1129
29652.700327,2862083695,2862084828,16002,1133
29652.711050,2862091620,2862092754,15915,1134
29652.720332,2862099654,2862100782,15835,1128
29652.732089,2862107606,2862108736,15914,1130
29652.742611,2862115541,2862116673,15910,1132
29652.752329,2862123475,2862124607,15828,1132
29652.763649,2862131410,2862132540,15980,1130
29652.772333,2862139344,2862140477,15910,1133
29652.784331,2862147287,2862148419,15927,1132
29652.795207,2862155223,2862156356,15964,1133
29652.804328,2862163219,2862164352,15908,1133
29652.816242,2862171153,2862172282,15859,1129
29652.826769,2862179071,2862180204,15982,1133
29652.836333,2862187004,2862188134,15909,1130
29652.847802,2862194979,2862196109,15861,1130
29652.856331,2862202913,2862204039,15976,1126
29652.868329,2862210843,2862211975,15914,1132
29652.879369,2862218804,2862219936,15904,1132
29652.888332,2862226785,2862227917,15980,1132
29652.900330,2862234768,2862235898,15912,1130
29652.910923,2862242693,2862243823,15930,1130
29652.920335,2862250624,2862251757,16042,1133
29652.931968,2862258559,2862259692,16001,1133
29652.942483,2862266498,2862267625,15927,1127
29652.952329,2862274451,2862275583,16055,1132
29652.963527,2862282388,2862283520,15998,1132
29652.972331,2862290326,2862291456,15944,1130
29652.984333,2862298293,2862299422,16106,1129
29652.995089,2862306219,2862307352,15998,1133
29653.004334,2862314220,2862315352,15929,1132
29653.016129,2862322149,2862323279,16080,1130
29653.026651,2862330122,2862331252,15997,1130
29653.036332,2862338300,2862339428,15833,1128
29653.047684,2862346235,2862347368,16022,1133
29653.056331,2862354228,2862355359,16073,1131
29653.068336,2862362161,2862363290,15913,1129
29653.079244,2862370089,2862371223,15938,1134
29653.088327,2862378044,2862379177,16052,1133
29653.100282,2862385966,2862387099,15910,1133
29653.110806,2862393894,2862395023,16026,1129
29653.120334,2862401798,2862402928,16066,1130
29653.131842,2862409751,2862410881,15932,1130
29653.142367,2862417684,2862418812,16017,1128
29653.152330,2862425589,2862426722,16067,1133
29653.163403,2862433516,2862434644,15915,1128
29653.172333,2862441458,2862442588,16023,1130
29653.184332,2862449374,2862450508,16060,1134
29653.194963,2862457328,2862458458,15825,1130
29653.204328,2862465308,2862466436,15939,1128
29653.216010,2862473268,2862474398,16071,1130
29653.226531,2862481189,2862482322,15990,1133
29653.236332,2862489126,2862490258,16022,1132
29653.247570,2862497064,2862498193,16069,1129
29653.256327,2862504993,2862506116,15915,1123
29653.268335,2862512923,2862514053,16025,1130
29653.279131,2862520824,2862521954,16070,1130
29653.288327,2862528843,2862529973,15916,1130
29653.300164,2862536771,2862537904,16025,1133
29653.310692,2862544785,2862545914,16073,1129
29653.320327,2862552735,2862553859,15901,1124
29653.331726,2862560682,2862561811,16044,1129
29653.340331,2862568586,2862569714,16073,1128
29653.352333,2862576518,2862577648,15914,1130
29653.363285,2862584444,2862585573,16025,1129
29653.372329,2862592367,2862593500,16071,1133
29653.384322,2862600288,2862601417,15919,1129
29653.394846,2862608251,2862609381,15933,1130
29653.404330,2862616157,2862617286,16068,1129
29653.415882,2862624089,2862625219,15916,1130
29653.426405,2862632011,2862633141,15935,1130
29653.436330,2862639948,2862641078,16040,1130
29653.447443,2862647907,2862649040,15918,1133
29653.456336,2862655840,2862656963,16027,1123
29653.468328,2862663728,2862664860,16068,1132
29653.479003,2862671648,2862672777,15910,1129
29653.488333,2862679628,2862680760,16023,1132
29653.500050,2862687559,2862688689,16071,1130
29653.510563,2862695485,2862696617,15914,1132
29653.520334,2862703431,2862704560,16030,1129
29653.531611,2862711358,2862712491,16036,1133
29653.540331,2862719391,2862720519,15915,1128
29653.552328,2862727323,2862728455,16028,1132
29653.563170,2862735224,2862736354,16076,1130
29653.572331,2862743229,2862744361,15981,1132
29653.584204,2862751215,2862752344,16023,1129
29653.594729,2862759125,2862760255,15995,1130
29653.604328,2862767147,2862768276,15821,1129
29653.615765,2862775080,2862776212,15924,1132
29653.624331,2862782987,2862784117,16064,1130
29653.636328,2862790915,2862792042,15912,1127
29653.647325,2862798847,2862799976,16020,1129
29653.656330,2862806834,2862807965,16058,1131
29653.668329,2862814791,2862815924,15919,1133
29653.678888,2862822719,2862823852,16044,1133
29653.688328,2862830622,2862831751,16086,1129
29653.699922,2862838545,2862839675,15913,1130
29653.710446,2862846476,2862847609,16026,1133
29653.720336,2862854406,2862855535,16071,1129
29653.731485,2862862361,2862863491,15918,1130
29653.740330,2862870390,2862871522,16015,1132
29653.752331,2862878304,2862879434,16073,1130
29653.763043,2862886234,2862887367,15912,1133
29653.772328,2862894224,2862895354,15935,1130
29653.784090,2862902163,2862903292,16054,1129
29653.794603,2862910093,2862911225,15910,1132
29653.804333,2862918039,2862919170,15930,1131
29653.815651,2862925964,2862927093,15969,1129
29653.824332,2862933891,2862935021,15826,1130
29653.836327,2862941840,2862942965,15943,1125
29653.847211,2862949751,2862950884,16003,1133
29653.856328,2862957675,2862958805,15832,1130
29653.868245,2862965602,2862966735,15936,1133
29653.878771,2862973583,2862974713,15965,1130
29653.888328,2862981539,2862982668,15822,1129
29653.899805,2862989471,2862990600,15942,1129
29653.908330,2862997402,2862998532,15982,1130
29653.920327,2863005335,2863006464,15903,1129
29653.931365,2863013289,2863014416,15931,1127
29653.940333,2863021234,2863022362,15985,1128
29653.952334,2863029155,2863030282,15829,1127
29653.962926,2863037075,2863038204,15937,1129
29653.972331,2863045003,2863046133,15983,1130
29653.983962,2863052961,2863054091,15830,1130
29653.994486,2863060921,2863062050,15943,1129
29654.004329,2863068850,2863069982,15988,1132
29654.015523,2863076780,2863077909,15826,1129
29654.024327,2863084706,2863085836,15954,1130
29654.036336,2863092629,2863093759,15962,1130
29654.047083,2863100578,2863101707,15828,1129
29654.056330,2863108558,2863109680,15934,1122
29654.068129,2863116452,2863117585,16069,1133
29654.078644,2863124380,2863125510,15917,1130
29654.088333,2863132309,2863133438,16024,1129
29654.099691,2863140213,2863141342,16067,1129
29654.108328,2863148141,2863149271,15918,1130
29654.120330,2863156071,2863157199,15931,1128
29654.131251,2863164004,2863165134,16052,1130
29654.140329,2863171930,2863173062,15918,1132
29654.152285,2863179882,2863181011,16025,1129
29654.162812,2863187788,2863188921,16081,1133
29654.172327,2863195727,2863196854,15914,1127
29654.183845,2863203662,2863204790,16027,1128
29654.194372,2863211565,2863212693,16073,1128
29654.204334,2863219493,2863220617,15919,1124
29654.215406,2863227430,2863228559,15939,1129
29654.224333,2863235330,2863236460,16055,1130
29654.236331,2863243258,2863244388,15908,1130
29654.246966,2863251185,2863252314,16026,1129
29654.256327,2863259091,2863260216,16069,1125
29654.268010,2863267026,2863268160,15983,1134
29654.278527,2863275004,2863276133,16017,1129
29654.288328,2863282986,2863284115,16049,1129
29654.299563,2863290914,2863292043,15915,1129
29654.308335,2863298836,2863299964,16026,1128
29654.320327,2863306759,2863307888,16070,1129
29654.331123,2863314680,2863315813,15916,1133
29654.340329,2863322630,2863323762,16026,1132
29654.352170,2863330572,2863331701,16071,1129
29654.362684,2863338510,2863339640,15918,1130
29654.372332,2863346466,2863347593,16042,1127
29654.383732,2863354373,2863355503,16068,1130
29654.392328,2863362332,2863363461,15919,1129
29654.404331,2863370254,2863371383,16030,1129
29654.415291,2863378165,2863379293,16068,1128
29654.424328,2863386122,2863387252,15913,1130
29654.436325,2863394047,2863395176,16030,1129
29654.446852,2863401995,2863403125,16085,1130
29654.456327,2863409924,2863411050,15906,1126
29654.467884,2863417902,2863419031,15926,1129
29654.478410,2863425826,2863426956,16040,1130
29654.488333,2863433781,2863434910,15926,1129
29654.499446,2863441711,2863442840,16032,1129
29654.508334,2863449642,2863450770,16071,1128
29654.520329,2863457588,2863458718,15928,1130
29654.531006,2863465520,2863466648,16024,1128
29654.540329,2863473525,2863474653,16066,1128
29654.552043,2863481477,2863482605,15906,1128
29654.562566,2863489426,2863490550,16019,1124
29654.572329,2863497355,2863498484,16041,1129
29654.583604,2863505280,2863506413,15917,1133
29654.592327,2863513204,2863514331,16014,1127
29654.604333,2863521097,2863522226,16092,1129
29654.615169,2863529031,2863530160,15947,1129
29654.624329,2863537036,2863538166,16019,1130
29654.636208,2863544989,2863546121,16029,1132
29654.646723,2863552968,2863554095,15920,1127
29654.656328,2863560921,2863562043,16019,1122
29654.667769,2863568824,2863569952,16062,1128
29654.676329,2863576777,2863577906,15938,1129
29654.688332,2863584694,2863585823,16025,1129
29654.699331,2863592598,2863593731,16058,1133
29654.708329,2863600531,2863601660,15945,1129
29654.720330,2863608457,2863609586,16025,1129
29654.730891,2863616383,2863617512,16074,1129
29654.740328,2863624334,2863625466,15929,1132
29654.751925,2863632265,2863633395,16017,1130
29654.762451,2863640188,2863641320,16077,1132
29654.772328,2863648122,2863649246,15923,1124
29654.783486,2863656037,2863657165,16018,1128
29654.792329,2863663944,2863665077,16074,1133
29654.804333,2863671873,2863673002,15936,1129
29654.815046,2863679807,2863680936,15945,1129
29654.824334,2863687816,2863688950,15952,1134
29654.836083,2863695778,2863696910,15840,1132
29654.846606,2863703710,2863704843,15935,1133
29654.856330,2863711624,2863712752,16073,1128
29654.867643,2863719580,2863720707,15922,1127
29654.876331,2863727509,2863728642,16017,1133
29654.888328,2863735417,2863736546,16076,1129
29654.899203,2863743347,2863744476,15931,1129
29654.908329,2863751319,2863752445,16015,1126
29654.920249,2863759242,2863760371,16043,1129
29654.930764,2863767169,2863768298,15936,1129
29654.940328,2863775086,2863776214,16028,1128
29654.951810,2863782995,2863784128,16075,1133
29654.960331,2863790947,2863792080,15992,1133
29654.972328,2863798882,2863800010,16032,1128
29654.983370,2863806782,2863807910,16072,1128
29654.992328,2863814733,2863815862,15920,1129
29655.004333,2863822668,2863823797,16015,1129
29655.014929,2863830618,2863831747,16039,1129
29655.024328,2863838558,2863839686,15936,1128
29655.035965,2863846491,2863847623,16022,1132
29655.046491,2863854470,2863855603,16020,1133
29655.056336,2863862404,2863863530,15930,1126
29655.067526,2863870373,2863871502,16018,1129
29655.076330,2863878256,2863879385,16061,1129
29655.088329,2863886179,2863887308,15939,1129
29655.099086,2863894106,2863895235,16025,1129
29655.108334,2863902088,2863903221,16076,1133
29655.120123,2863910018,2863911150,15933,1132
29655.130646,2863917971,2863919100,16025,1129
29655.140335,2863925905,2863927034,16056,1129
29655.151683,2863933829,2863934957,15923,1128
29655.160335,2863941761,2863942884,15940,1123
29655.172334,2863949687,2863950814,16023,1127
29655.183244,2863957636,2863958765,15929,1129
29655.192333,2863965583,2863966712,16023,1129
29655.204290,2863973493,2863974622,16073,1129
29655.214804,2863981422,2863982551,15922,1129
29655.224331,2863989341,2863990474,16010,1133
29655.235851,2863997284,2863998414,15966,1130
29655.246365,2864005238,2864006367,15823,1129
29655.256332,2864013169,2864014298,15939,1129
29655.267412,2864021080,2864022210,16028,1130
29655.276330,2864029011,2864030140,15914,1129
29655.288331,2864036943,2864038072,16024,1129
29655.298972,2864044846,2864045975,16065,1129
29655.308331,2864052767,2864053896,15985,1129
29655.320007,2864060688,2864061817,16037,1129
29655.330533,2864068638,2864069771,16090,1133
29655.340335,2864076613,2864077742,15913,1129
29655.351566,2864084547,2864085676,16023,1129
29655.360330,2864092464,2864093595,16056,1131
29655.372332,2864100385,2864101511,15926,1126
29655.383130,2864108302,2864109431,16035,1129
29655.392330,2864116304,2864117437,16059,1133
29655.404163,2864124265,2864125397,15915,1132
29655.414688,2864132238,2864133371,16046,1133
29655.424331,2864140145,2864141274,16083,1129
29655.435723,2864148106,2864149235,15825,1129
29655.444328,2864156031,2864157163,15930,1132
29655.456329,2864163950,2864165076,16085,1126
29655.467284,2864171872,2864173005,15916,1133
29655.476333,2864179807,2864180940,16023,1133
29655.488328,2864187736,2864188865,16087,1129
29655.498845,2864195667,2864196800,15908,1133
29655.508328,2864203647,2864204776,15938,1129
29655.519890,2864211602,2864212734,16022,1132
29655.530405,2864219583,2864220716,15916,1133
29655.540330,2864227507,2864228636,16032,1129
29655.551452,2864235431,2864236560,16085,1129
29655.560332,2864243358,2864244491,15909,1133
29655.572332,2864251306,2864252431,16011,1125
29655.583013,2864259210,2864260343,16063,1133
29655.592331,2864267141,2864268264,15918,1123
29655.604046,2864275083,2864276212,16026,1129
29655.614574,2864283016,2864284146,16053,1130
29655.624331,2864290998,2864292132,15912,1134
29655.635604,2864299082,2864300212,16017,1130
29655.644331,2864307037,2864308169,16037,1132
29655.656332,2864315001,2864316128,15994,1127
29655.667166,2864322929,2864324058,16018,1129
29655.676336,2864330865,2864331998,16076,1133
29655.688203,2864338788,2864339921,15918,1133
29655.698732,2864346725,2864347857,16084,1132
29655.708333,2864354688,2864355820,15916,1132
29655.719764,2864362647,2864363779,15838,1132
29655.728328,2864370577,2864371710,15983,1133
29655.740328,2864378532,2864379665,15910,1133
29655.751324,2864386471,2864387601,15829,1130
29655.760330,2864394449,2864395581,15980,1132
29655.772329,2864402427,2864403555,15963,1128
29655.782884,2864410354,2864411486,15831,1132
29655.792329,2864418310,2864419442,15933,1132
29655.803934,2864426223,2864427352,15997,1129
29655.814445,2864434174,2864435303,15817,1129
29655.824334,2864442106,2864443239,15936,1133
29655.835492,2864450007,2864451140,16000,1133
29655.844332,2864457951,2864459083,15824,1132
29655.856332,2864465903,2864467033,15843,1130
29655.867053,2864473831,2864474963,15968,1132
29655.876329,2864481786,2864482917,15828,1131
29655.888087,2864489742,2864490871,15941,1129
29655.898613,2864497664,2864498793,15960,1129
29655.908331,2864505616,2864506745,15847,1129
29655.919647,2864513557,2864514686,15940,1129
29655.928329,2864521455,2864522584,16072,1129
29655.940327,2864529366,2864530494,15918,1128
29655.951208,2864537296,2864538425,16043,1129
29655.960334,2864545228,2864546361,16053,1133
29655.972243,2864553191,2864554314,15912,1123
29655.982767,2864561137,2864562266,16028,1129
29655.992329,2864569098,2864570231,16072,1133
29656.003811,2864577049,2864578182,15999,1133
29656.012328,2864584973,2864586100,16024,1127
29656.024334,2864592879,2864594008,16068,1129
29656.035364,2864600789,2864601916,15907,1127
29656.044332,2864608720,2864609851,15933,1131
29656.056334,2864616621,2864617748,15969,1127
29656.066925,2864624557,2864625690,15828,1133
29656.076329,2864632481,2864633610,15938,1129
29656.087972,2864640408,2864641537,15966,1129
29656.098485,2864648362,2864649490,15843,1128
29656.108330,2864656348,2864657471,15935,1123
29656.119532,2864664242,2864665371,16000,1129
29656.128327,2864672159,2864673287,15833,1128
29656.140334,2864680074,2864681206,15931,1132
29656.151093,2864687977,2864689106,15993,1129
29656.160334,2864695965,2864697094,15829,1129
29656.172127,2864703884,2864705015,15942,1131
29656.182653,2864711787,2864712916,15994,1129
29656.192330,2864719719,2864720852,15828,1133
29656.203685,2864727650,2864728778,15850,1128
29656.212329,2864735576,2864736705,15954,1129
29656.224328,2864743500,2864744626,15842,1126
29656.235247,2864751420,2864752543,15940,1123
29656.244328,2864759322,2864760451,15969,1129
29656.256283,2864767269,2864768400,15835,1131
29656.266808,2864775201,2864776334,15939,1133
29656.276330,2864783113,2864784236,16004,1123
29656.287844,2864791035,2864792158,15829,1123
29656.298367,2864798979,2864800108,15934,1129
29656.308329,2864806880,2864808009,15937,1129
29656.319405,2864814807,2864815936,15830,1129
29656.328328,2864822762,2864823886,15935,1124
29656.340331,2864830705,2864831834,15990,1129
29656.350972,2864838626,2864839756,15906,1130
29656.360333,2864846578,2864847707,15968,1129
29656.372010,2864854505,2864855633,15907,1128
29656.382527,2864862435,2864863563,15846,1128
29656.392330,2864870364,2864871492,15987,1128
29656.403572,2864878288,2864879416,15915,1128
29656.412327,2864886209,2864887340,15848,1131
29656.424329,2864894133,2864895262,15934,1129
29656.435133,2864902032,2864903164,16070,1132
29656.444333,2864909976,2864911105,15917,1129
29656.456168,2864917962,2864919089,16028,1127
29656.466693,2864925862,2864926995,16074,1133
29656.476340,2864933793,2864934923,15911,1130
29656.487727,2864941803,2864942931,16031,1128
29656.496330,2864949712,2864950840,16068,1128
29656.508329,2864957635,2864958768,15922,1133
29656.519287,2864965589,2864966718,16022,1129
29656.528330,2864973491,2864974620,16074,1129
29656.540324,2864981417,2864982546,15927,1129
29656.550846,2864989345,2864990478,15917,1133
29656.560327,2864997276,2864998406,16050,1130
29656.571884,2865005232,2865006357,15914,1125
29656.582409,2865013181,2865014314,16037,1133
29656.592328,2865021147,2865022280,16088,1133
29656.603444,2865029082,2865030211,15930,1129
29656.612330,2865037014,2865038143,16028,1129
29656.624330,2865044939,2865046068,16072,1129
29656.635005,2865052885,2865054014,15916,1129
29656.644327,2865060840,2865061969,16023,1129
29656.656052,2865068737,2865069864,15951,1127
29656.666565,2865076657,2865077785,15825,1128
29656.676328,2865084598,2865085729,15933,1131
29656.687613,2865092536,2865093665,15987,1129
29656.696329,2865100474,2865101603,15905,1129
29656.708335,2865108402,2865109534,15940,1132
29656.719173,2865116301,2865117433,15998,1132
29656.728331,2865124245,2865125371,15828,1126
29656.740206,2865132156,2865133289,15940,1133
29656.750733,2865140054,2865141183,15985,1129
29656.760329,2865147982,2865149111,15830,1129
29656.771766,2865155904,2865157026,15935,1122
29656.780331,2865163799,2865164928,16003,1129
29656.792331,2865171752,2865172881,15822,1129
29656.803327,2865179680,2865180812,15938,1132
29656.812327,2865187609,2865188738,15999,1129
29656.824331,2865195556,2865196685,15831,1129
29656.834888,2865203492,2865204620,15936,1128
29656.844336,2865211387,2865212516,16001,1129
29656.855924,2865219337,2865220464,15828,1127
29656.866449,2865227300,2865228429,15937,1129
29656.876331,2865235240,2865236369,16067,1129
29656.887485,2865243195,2865244324,15913,1129
29656.896331,2865251127,2865252253,15930,1126
29656.908328,2865259054,2865260183,16035,1129
29656.919045,2865266980,2865268106,15912,1126
29656.928328,2865274926,2865276055,16028,1129
29656.940093,2865282831,2865283964,16086,1133
29656.950606,2865290840,2865291972,15934,1132
29656.960327,2865298794,2865299917,16019,1123
29656.971653,2865306684,2865307807,16089,1123
29656.980330,2865314604,2865315730,15907,1126
29656.992328,2865322530,2865323659,16022,1129
29657.003213,2865330431,2865331557,16036,1126
29657.012329,2865338376,2865339500,15920,1124
29657.024247,2865346324,2865347456,16028,1132
29657.034774,2865354232,2865355365,16074,1133
29657.044327,2865362162,2865363284,15994,1122
29657.055807,2865370074,2865371202,16021,1128
29657.064328,2865378013,2865379141,16063,1128
29657.076328,2865385927,2865387060,15845,1133
29657.087367,2865393854,2865394983,15918,1129
29657.096328,2865401781,2865402910,16048,1129
29657.108330,2865409705,2865410833,15915,1128
29657.118928,2865417633,2865418762,16016,1129
29657.128332,2865425556,2865426689,16056,1133
29657.139966,2865433510,2865434643,15906,1133
29657.150490,2865441471,2865442600,16036,1129
29657.160329,2865449444,2865450573,16054,1129
29657.171525,2865457377,2865458499,15921,1122
29657.180328,2865465305,2865466434,16019,1129
29657.192331,2865473198,2865474331,16071,1133
29657.203085,2865481134,2865482267,15914,1133
29657.212329,2865489093,2865490222,16015,1129
29657.224131,2865497022,2865498150,16062,1128
29657.234646,2865504953,2865506077,15908,1124
29657.244328,2865512921,2865514049,15943,1128
29657.255693,2865520859,2865521990,16052,1131
29657.264331,2865528794,2865529918,15916,1124
29657.276336,2865536764,2865537893,15939,1129
29657.287253,2865544688,2865545821,16071,1133
29657.296330,2865552617,2865553746,15930,1129
29657.308287,2865560541,2865561670,16021,1129
29657.318814,2865568463,2865569596,16093,1133
29657.328327,2865576399,2865577527,15920,1128
29657.339847,2865584352,2865585482,16022,1130
29657.350374,2865592268,2865593397,16042,1129
29657.360328,2865600187,2865601316,15909,1129
29657.371408,2865608111,2865609238,16030,1127
29657.380337,2865616001,2865617132,16082,1131
29657.392330,2865623950,2865625079,15995,1129
29657.402969,2865631873,2865632996,16024,1123
29657.412333,2865639745,2865640874,16070,1129
29657.424004,2865647691,2865648820,15915,1129
29657.434528,2865655610,2865656739,16026,1129
29657.444332,2865663535,2865664663,16074,1128
29657.455565,2865671457,2865672584,15916,1127
29657.464327,2865679378,2865680509,16013,1131
29657.476332,2865687245,2865688374,15986,1129
29657.487125,2865695170,2865696298,15831,1128
29657.496333,2865703113,2865704239,15942,1126
29657.508173,2865711034,2865712163,15982,1129
29657.518686,2865719034,2865720163,15832,1129
29657.528334,2865726967,2865728096,15925,1129
29657.539733,2865734872,2865736002,15982,1130
29657.548331,2865742796,2865743925,15830,1129
29657.560332,2865750743,2865751872,15940,1129
29657.571294,2865758641,2865759763,15987,1122
29657.580332,2865766556,2865767685,15825,1129
29657.592325,2865774477,2865775602,15846,1125
29657.602852,2865782404,2865783533,15948,1129
29657.612333,2865790382,2865791515,15827,1133
29657.623887,2865798312,2865799441,15934,1129
29657.634414,2865806206,2865807335,15999,1129
29657.644328,2865814130,2865815258,15845,1128
29657.655448,2865822081,2865823211,15937,1130
29657.664333,2865829974,2865831103,15982,1129
29657.676330,2865837912,2865839041,15822,1129
29657.687008,2865845823,2865846952,15942,1129
29657.696331,2865853732,2865854858,16037,1126
29657.708044,2865861659,2865862783,15908,1124
29657.718568,2865869626,2865870752,16026,1126
29657.728332,2865877521,2865878647,16071,1126
29657.739613,2865885437,2865886571,15992,1134
29657.748332,2865893347,2865894478,16027,1131
29657.760328,2865901239,2865902371,16069,1132
29657.771165,2865909174,2865910296,15915,1122
29657.780335,2865917139,2865918268,16011,1129
29657.792211,2865925025,2865926154,16059,1129
29657.802726,2865932960,2865934093,15913,1133
29657.812328,2865940893,2865942016,16026,1123
29657.823773,2865948795,2865949928,16070,1133
29657.832330,2865956726,2865957854,15911,1128
29657.844329,2865964651,2865965778,16044,1127
29657.855334,2865972543,2865973674,16062,1131
29657.864331,2865980469,2865981598,15911,1129
29657.876334,2865988414,2865989543,16027,1129
29657.886894,2865996356,2865997479,15954,1123
29657.896328,2866004275,2866005404,15829,1129
29657.907928,2866012224,2866013353,15937,1129
29657.918454,2866020166,2866021292,15992,1126
29657.928327,2866028089,2866029218,15827,1129
29657.939487,2866036017,2866037147,15846,1130
29657.948327,2866043934,2866045066,15943,1132
29657.960330,2866051888,2866053015,15829,1127
29657.971048,2866059813,2866060938,15937,1125
29657.980333,2866067744,2866068872,15983,1128
29657.992085,2866075672,2866076803,15846,1131
29658.002609,2866083609,2866084737,15943,1128
29658.012327,2866091497,2866092629,15983,1132
29658.023645,2866099422,2866100546,15829,1124
29658.032327,2866107341,2866108473,15933,1132
29658.046191,2866113728,2866114491,13867,763
29658.060334,2866119807,2866120437,12075,630
29658.071746,2866124901,2866126017,15995,1116
29658.080328,2866132736,2866133860,15861,1124
29658.092330,2866140642,2866141767,15951,1125
29658.103304,2866148493,2866149610,15976,1117
29658.112329,2866156380,2866157500,15842,1120
29658.124328,2866164257,2866165376,16028,1119
29658.134865,2866172128,2866173261,16081,1133
29658.144331,2866180027,2866181156,15948,1129
29658.155899,2866187930,2866189060,15998,1130
29658.166425,2866195846,2866196966,16063,1120
29658.176328,2866203762,2866204891,15914,1129
29658.187458,2866211682,2866212803,15839,1121
29658.196328,2866219618,2866220747,15955,1129
29658.208330,2866227542,2866228675,15835,1133
29658.219020,2866235487,2866236613,15937,1126
29658.228331,2866243403,2866244526,15970,1123
29658.240056,2866251343,2866252476,15835,1133
29658.250580,2866259275,2866260404,15940,1129
29658.260337,2866267150,2866268278,15983,1128
29658.271617,2866275087,2866276218,15832,1131
29658.280328,2866283032,2866284154,15939,1122
29658.292334,2866290948,2866292077,15963,1129
29658.303179,2866298872,2866300001,15828,1129
29658.312328,2866306830,2866307957,15933,1127
29658.324224,2866314727,2866315856,15993,1129
29658.334745,2866322680,2866323809,15910,1129
29658.344328,2866330634,2866331763,15938,1129
29658.355785,2866338563,2866339693,15976,1130
29658.364331,2866346484,2866347613,15833,1129
29658.376328,2866354397,2866355523,15936,1126
29658.387345,2866362283,2866363404,15977,1121
29658.396333,2866370200,2866371329,15819,1129
29658.408330,2866378126,2866379253,15944,1127
29658.418905,2866386051,2866387183,15977,1132
29658.428327,2866393997,2866395123,15828,1126
29658.439940,2866401984,2866403116,15952,1132
29658.450466,2866409908,2866411037,15980,1129
29658.460334,2866417811,2866418939,15863,1128
29658.471500,2866425725,2866426853,15940,1128
29658.480327,2866433669,2866434798,15960,1129
29658.492331,2866441604,2866442735,15845,1131
29658.503060,2866449534,2866450657,15935,1123
29658.512331,2866457493,2866458621,16065,1128
29658.524098,2866465410,2866466543,15923,1133
29658.534619,2866473321,2866474450,15935,1129
29658.544332,2866479991,2866481093,15564,1102
29658.555657,2866487847,2866488973,15916,1126
29658.564334,2866495736,2866496858,16029,1122
29658.576328,2866503624,2866504745,16063,1121
29658.587217,2866511528,2866512658,15931,1130
29658.596332,2866519458,2866520587,15939,1129
29658.608264,2866527384,2866528516,15998,1132
29658.618780,2866535297,2866536426,15862,1129
29658.628330,2866543224,2866544350,15942,1126
29658.639825,2866551122,2866552248,15949,1126
29658.650339,2866559055,2866560184,15827,1129
29658.660335,2866566988,2866568117,15940,1129
29658.671385,2866574919,2866576047,15978,1128
29658.680333,2866582865,2866583994,15913,1129
29658.692329,2866590794,2866591925,15934,1131
29658.702946,2866598708,2866599834,16064,1126
29658.712331,2866606617,2866607745,15919,1128
29658.723979,2866614545,2866615674,15936,1129
29658.734505,2866622446,2866623575,16062,1129
29658.744328,2866630389,2866631518,15925,1129
29658.755540,2866638314,2866639436,16029,1122
29658.764327,2866646225,2866647352,16064,1127
29658.776327,2866654155,2866655281,15918,1126
29658.787101,2866662104,2866663234,15962,1130
29658.796329,2866670093,2866671220,15974,1127
29658.808136,2866678023,2866679151,15828,1128
29658.818661,2866685944,2866687076,15941,1132
29658.828331,2866693865,2866694994,15979,1129
29658.839697,2866701787,2866702916,15833,1129
29658.848333,2866709713,2866710840,15933,1127
29658.860327,2866717612,2866718741,15980,1129
29658.871258,2866725497,2866726618,15830,1121
29658.880337,2866733399,2866734525,15842,1126
29658.892304,2866741304,2866742436,15961,1132
29658.902818,2866749213,2866750331,15830,1118
29658.912328,2866757097,2866758222,15942,1125
29658.923865,2866764994,2866766114,15971,1120
29658.934378,2866772878,2866774003,15845,1125
29658.944333,2866780820,2866781952,15935,1132
29658.955425,2866788698,2866789826,16071,1128
29658.964328,2866796622,2866797751,15917,1129
29658.976331,2866804544,2866805673,15940,1129
29658.986987,2866812446,2866813564,15991,1118
29658.996334,2866820333,2866821453,15836,1120
29659.008017,2866828224,2866829356,15875,1132
29659.018545,2866836124,2866837246,15975,1122
29659.028331,2866844017,2866845150,15913,1133
29659.039580,2866851982,2866853110,15925,1128
29659.048327,2866859875,2866861004,16052,1129
29659.060332,2866867775,2866868904,15856,1129
29659.071137,2866875678,2866876806,15875,1128
29659.080328,2866883612,2866884744,15982,1132
29659.092177,2866891549,2866892681,15836,1132
29659.102698,2866899482,2866900606,15936,1124
29659.112331,2866907389,2866908513,15965,1124
29659.123737,2866915273,2866916392,15833,1119
29659.132329,2866923230,2866924359,15954,1129
29659.144331,2866931114,2866932243,15982,1129
29659.155300,2866939024,2866940148,15859,1124
29659.164328,2866946944,2866948073,15931,1129
29659.176327,2866954824,2866955945,15979,1121
29659.186860,2866962743,2866963865,15832,1122
29659.196329,2866970644,2866971765,15939,1121
29659.207905,2866978507,2866979632,15979,1125
29659.218418,2866986428,2866987559,15819,1131
29659.228330,2866994356,2866995484,15846,1128
29659.239464,2867002312,2867003440,15957,1128
29659.248329,2867010226,2867011355,15860,1129
29659.260329,2867018143,2867019264,15928,1121
29659.271025,2867026003,2867027124,15980,1121
29659.280331,2867033904,2867035024,15844,1120
29659.292060,2867041833,2867042957,15931,1124
29659.302586,2867049715,2867050843,16055,1128
29659.312330,2867057519,2867058644,15828,1125
29659.323620,2867065432,2867066561,15940,1129
29659.332327,2867073318,2867074443,15945,1125
29659.344329,2867081223,2867082348,15835,1125
29659.355180,2867089130,2867090258,15938,1128
29659.364334,2867097078,2867098210,15982,1132
29659.376224,2867105031,2867106160,15915,1129
29659.386741,2867112955,2867114084,15937,1129
29659.396329,2867120841,2867121969,15997,1128
29659.407777,2867128787,2867129916,15833,1129
29659.416328,2867136697,2867137826,15933,1129
29659.428328,2867144599,2867145728,15980,1129
29659.439338,2867152526,2867153653,15836,1127
29659.448328,2867160450,2867161578,15935,1128
29659.460327,2867168337,2867169466,16065,1129
29659.470899,2867176246,2867177375,15917,1129
29659.480328,2867184149,2867185278,15985,1129
29659.491945,2867192055,2867193182,16065,1127
29659.502458,2867199974,2867201097,15923,1123
29659.512332,2867207888,2867209020,15898,1132
29659.523505,2867215761,2867216886,15946,1125
29659.532333,2867223649,2867224774,15834,1125
29659.544332,2867231526,2867232651,16028,1125
29659.555066,2867239416,2867240547,16063,1131
29659.564328,2867247377,2867248506,15918,1129
29659.576098,2867255285,2867256407,15931,1122
29659.586626,2867263193,2867264317,16048,1124
29659.596327,2867271115,2867272238,15921,1123
29659.607658,2867279018,2867280144,15888,1126
29659.616332,2867286894,2867288023,15978,1129
29659.628333,2867294818,2867295944,15845,1126
29659.639221,2867302740,2867303869,15937,1129
29659.648335,2867310690,2867311817,16031,1127
29659.660257,2867318607,2867319732,15898,1125
29659.670781,2867326515,2867327643,16025,1128
29659.680330,2867334393,2867335514,16097,1121
29659.691820,2867342285,2867343409,15946,1124
29659.702341,2867350297,2867351419,16019,1122
29659.712332,2867358180,2867359301,15977,1121
29659.723385,2867366088,2867367212,15914,1124
29659.732329,2867373985,2867375111,15910,1126
29659.744329,2867381851,2867382975,15978,1124
29659.754938,2867389768,2867390887,15822,1119
29659.764329,2867397669,2867398792,15937,1123
29659.775985,2867405564,2867406693,16069,1129
29659.786499,2867413486,2867414614,15915,1128
29659.796331,2867421438,2867422569,15941,1131
29659.807546,2867429366,2867430498,15977,1132
29659.816328,2867437287,2867438414,15838,1127
29659.828329,2867445234,2867446367,15946,1133
29659.839106,2867453135,2867454264,15980,1129
29659.848331,2867461139,2867462267,15833,1128
29659.860140,2867469058,2867470185,15938,1127
29659.870666,2867476939,2867478070,15981,1131
29659.880333,2867484847,2867485971,15867,1124
29659.891700,2867492766,2867493895,16024,1129
29659.900332,2867500660,2867501782,16064,1122
29659.912328,2867508592,2867509721,15916,1129
29659.923259,2867516500,2867517624,15845,1124
29659.932327,2867524402,2867525534,15960,1132
29659.944297,2867532328,2867533461,15829,1133
29659.954821,2867540254,2867541379,15938,1125
29659.964334,2867548141,2867549265,15959,1124
29659.975857,2867556036,2867557161,15840,1125
29659.986382,2867563945,2867565075,15931,1130
29659.996333,2867571890,2867573018,15965,1128
29660.007418,2867579795,2867580924,15832,1129
29660.016327,2867587697,2867588823,15928,1126
29660.028332,2867595606,2867596734,15944,1128
29660.038978,2867603522,2867604651,15827,1129
29660.048328,2867611412,2867612533,15938,1121
29660.060025,2867619268,2867620400,15976,1132
29660.070547,2867627167,2867628299,15907,1132
29660.080329,2867635085,2867636210,15944,1125
29660.091585,2867642976,2867644102,15961,1126
29660.100331,2867650901,2867652023,15837,1122
29660.112331,2867658802,2867659927,15936,1125
29660.123147,2867666691,2867667823,16014,1132
29660.132333,2867674634,2867675763,15857,1129
29660.144180,2867682544,2867683666,15935,1122
29660.154706,2867690425,2867691548,15992,1123
29660.164331,2867698312,2867699437,15834,1125
29660.175741,2867706221,2867707349,15956,1128
29660.184329,2867714109,2867715229,15996,1120
29660.196328,2867722038,2867723166,15834,1128
29660.207301,2867729966,2867731094,15935,1128
29660.216331,2867737914,2867739046,15977,1132
29660.228328,2867745819,2867746939,15918,1120
29660.238861,2867753724,2867754853,16024,1129
29660.248335,2867761612,2867762737,16056,1125
29660.259898,2867769507,2867770635,15920,1128
29660.270420,2867777452,2867778580,15933,1128
29660.280329,2867785356,2867786477,16055,1121
29660.291458,2867793247,2867794372,15924,1125
29660.300329,2867801157,2867802279,16026,1122
29660.312331,2867809012,2867810137,16055,1125
29660.323018,2867816920,2867818045,15932,1125
29660.332332,2867824819,2867825948,15912,1129
29660.344065,2867832700,2867833826,15980,1126
29660.354579,2867840613,2867841739,15829,1126
29660.364330,2867848496,2867849627,15939,1131
29660.375626,2867856398,2867857526,15943,1128
29660.384329,2867864334,2867865461,15835,1127
29660.396329,2867872265,2867873394,15934,1129
29660.407186,2867880142,2867881262,15981,1120
29660.416332,2867888092,2867889218,15909,1126
29660.428220,2867896012,2867897143,15936,1131
29660.438746,2867903912,2867905040,15976,1128
29660.448327,2867911841,2867912967,15922,1126
29660.459780,2867919751,2867920879,16024,1128
29660.468328,2867927643,2867928772,16047,1129
29660.480331,2867935552,2867936675,15908,1123
29660.491341,2867943437,2867944566,16026,1129
29660.500333,2867951323,2867952446,16071,1123
29660.512331,2867959241,2867960370,15921,1129
29660.522903,2867967123,2867968252,16034,1129
29660.532329,2867975010,2867976135,16015,1125
29660.543938,2867982926,2867984051,15826,1125
29660.554459,2867990823,2867991951,15961,1128
29660.564333,2867998716,2867999845,16051,1129
29660.575499,2868006643,2868007771,15922,1128
29660.584331,2868014562,2868015682,16018,1120
29660.596334,2868022481,2868023607,16064,1126
29660.607059,2868030402,2868031529,15916,1127
29660.616328,2868038319,2868039448,15930,1129
29660.628105,2868046240,2868047364,16046,1124
29660.638619,2868054157,2868055281,15919,1124
29660.648333,2868062049,2868063174,16025,1125
29660.659667,2868069946,2868071071,16087,1125
29660.668328,2868077854,2868078985,15835,1131
29660.680335,2868085747,2868086865,15938,1118
29660.691227,2868093603,2868094732,15972,1129
29660.700329,2868101509,2868102631,15862,1122
29660.712264,2868109407,2868110532,15980,1125
29660.722787,2868117308,2868118437,15897,1129
29660.732333,2868125235,2868126356,15815,1121
29660.743823,2868133158,2868134286,15971,1128
29660.754345,2868141075,2868142196,15918,1121
29660.764328,2868148986,2868150111,15916,1125
29660.775383,2868156888,2868158008,15950,1120
29660.784334,2868164800,2868165927,15948,1127
29660.796328,2868172703,2868173835,15873,1132
29660.806941,2868180631,2868181759,15939,1128
29660.816330,2868188535,2868189664,15959,1129
29660.827979,2868196461,2868197590,15844,1129
29660.838501,2868204366,2868205490,15938,1124
29660.848328,2868212285,2868213416,15962,1131
29660.859539,2868220231,2868221363,15842,1132
29660.868335,2868228157,2868229290,15955,1133
29660.880335,2868236054,2868237178,15964,1124
29660.891102,2868243932,2868245059,15876,1127
29660.900329,2868251879,2868253001,15929,1122
29660.912144,2868259746,2868260878,15964,1132
29660.922659,2868267646,2868268771,15842,1125
29660.932331,2868275527,2868276651,15932,1124
29660.943706,2868283400,2868284527,15969,1127
29660.952330,2868291295,2868292420,15845,1125
29660.964329,2868299172,2868300292,15855,1120
29660.975265,2868307062,2868308195,15948,1133
29660.984332,2868314984,2868316107,15848,1123
29660.996300,2868322881,2868324005,15941,1124
29661.006826,2868330738,2868331859,15958,1121
29661.016330,2868338640,2868339767,15853,1127
29661.027860,2868346569,2868347700,15928,1131
29661.038386,2868354457,2868355578,15968,1121
29661.048329,2868362360,2868363481,15844,1121
29661.059421,2868370258,2868371383,15939,1125
29661.068332,2868378144,2868379273,15917,1129
29661.080331,2868386057,2868387180,15847,1123
29661.090981,2868393959,2868395087,15936,1128
29661.100334,2868401845,2868402975,15958,1130
29661.112026,2868409747,2868410876,15912,1129
29661.122543,2868417654,2868418779,15938,1125
29661.132332,2868425515,2868426643,15966,1128
29661.143580,2868433562,2868434683,15810,1121
29661.152328,2868441459,2868442584,15940,1125
29661.164336,2868449325,2868450457,16071,1132
29661.175139,2868457230,2868458354,15904,1124
29661.184333,2868465143,2868466270,15975,1127
29661.196187,2868473010,2868474131,16095,1121
29661.206700,2868480893,2868482018,15919,1125
29661.216327,2868488782,2868489902,16040,1120
29661.227746,2868496663,2868497792,16109,1129
29661.236332,2868504569,2868505694,15915,1125
29661.248331,2868512496,2868513623,16024,1127
29661.259306,2868520384,2868521509,16051,1125
29661.268331,2868528294,2868529423,15924,1129
29661.280329,2868536187,2868537311,16023,1124
29661.290867,2868544047,2868545168,16064,1121
29661.300327,2868551954,2868553075,15922,1121
29661.311900,2868559869,2868560997,15930,1128
29661.322427,2868567793,2868568922,16049,1129
29661.332336,2868575701,2868576822,15919,1121
29661.343461,2868583603,2868584727,16027,1124
29661.352332,2868591483,2868592608,15969,1125
29661.364335,2868599375,2868600496,15857,1121
29661.375021,2868607259,2868608383,15928,1124
29661.384328,2868615157,2868616277,15948,1120
29661.396058,2868623032,2868624155,15842,1123
29661.406582,2868630909,2868632033,15936,1124
29661.416330,2868638800,2868639927,15933,1127
29661.427621,2868646685,2868647814,15876,1129
29661.436330,2868654635,2868655764,15940,1129
29661.448330,2868662501,2868663622,15965,1121
29661.459185,2868670408,2868671533,15996,1125
29661.468330,2868678308,2868679433,16019,1125
29661.480224,2868686197,2868687322,16024,1125
29661.490740,2868694109,2868695236,15930,1127
29661.500331,2868702025,2868703150,16024,1125
29661.511785,2868709907,2868711032,16053,1125
29661.520332,2868717797,2868718922,15928,1125
29661.532332,2868725698,2868726827,16022,1129
29661.543345,2868733588,2868734717,16054,1129
29661.552330,2868741538,2868742669,15845,1131
29661.564329,2868749446,2868750577,15956,1131
29661.574906,2868757330,2868758455,15964,1125
29661.584329,2868765223,2868766354,15841,1131
29661.595941,2868773152,2868774272,15932,1120
29661.606466,2868781013,2868782142,15970,1129
29661.616331,2868788916,2868790036,15850,1120
29661.627501,2868796834,2868797957,15936,1123
29661.636329,2868804714,2868805833,15958,1119
29661.648326,2868812592,2868813713,15842,1121
29661.659060,2868820471,2868821596,15858,1125
29661.668330,2868828443,2868829572,15943,1129
29661.680098,2868836360,2868837485,15835,1125
29661.690622,2868844274,2868845393,15940,1119
29661.700329,2868852141,2868853268,15965,1127
29661.711658,2868860053,2868861173,15841,1120
29661.720333,2868867948,2868869075,15880,1127
29661.732329,2868875805,2868876924,15946,1119
29661.743220,2868883676,2868884801,15838,1125
29661.752331,2868891560,2868892684,15940,1124
29661.764266,2868899449,2868900576,15944,1127
29661.774783,2868907358,2868908490,15855,1132
29661.784332,2868915253,2868916377,15935,1124
29661.795826,2868923144,2868924272,15952,1128
29661.806347,2868931046,2868932170,15908,1124
29661.816329,2868938962,2868940086,15934,1124
29661.827389,2868946902,2868948023,15978,1121
29661.836334,2868954836,2868955959,15831,1123
29661.848328,2868962754,2868963883,15936,1129
29661.858947,2868970638,2868971763,15982,1125
29661.868331,2868978516,2868979638,15826,1122
29661.879981,2868986401,2868987526,15941,1125
29661.890507,2868994256,2868995380,15969,1124
29661.900328,2869002167,2869003289,15835,1122
29661.911543,2869010056,2869011177,15951,1121
29661.920331,2869017923,2869019051,15979,1128
29661.932331,2869025833,2869026954,15834,1121
29661.943102,2869033713,2869034837,15930,1124
29661.952329,2869041640,2869042760,15980,1120
29661.964140,2869049647,2869050767,15847,1120
29661.974662,2869057546,2869058675,15909,1129
29661.984329,2869065417,2869066537,16054,1120
29661.995701,2869073301,2869074429,15965,1128
29662.004336,2869081199,2869082317,15954,1118
29662.016327,2869089076,2869090202,16032,1126
29662.027259,2869096969,2869098094,15931,1125
29662.036327,2869104875,2869106000,16014,1125
29662.048306,2869112947,2869114073,15965,1126
29662.058820,2869120891,2869122016,15851,1125
29662.068332,2869128834,2869129960,15941,1126
29662.079865,2869136700,2869137825,16054,1125
29662.090380,2869144585,2869145701,15930,1116
29662.100330,2869152466,2869153588,16022,1122
29662.111426,2869160332,2869161460,16016,1128
29662.120332,2869168220,2869169338,15930,1118
29662.132333,2869176106,2869177237,16031,1131
29662.142986,2869184006,2869185131,16044,1125
29662.152332,2869191896,2869193017,15994,1121
29662.164014,2869199752,2869200871,16038,1119
29662.174548,2869207601,2869208724,16031,1123
29662.184327,2869215496,2869216623,15920,1127
29662.195582,2869223390,2869224515,16027,1125
29662.204334,2869231250,2869232375,16070,1125
29662.216328,2869239130,2869240249,15919,1119
29662.227143,2869247054,2869248186,16022,1132
29662.236333,2869254952,2869256083,16036,1131
29662.248179,2869262951,2869264076,15895,1125
29662.258707,2869271122,2869272253,16063,1131
29662.268329,2869279048,2869280171,15926,1123
29662.279739,2869286934,2869288059,15843,1125
29662.288335,2869294817,2869295942,15966,1125
29662.300329,2869302768,2869303894,15909,1126
29662.311299,2869310721,2869311850,15826,1129
29662.320330,2869318669,2869319790,16002,1121
29662.332335,2869326632,2869327753,15644,1121
29662.342863,2869334581,2869335712,15865,1131
29662.352327,2869342475,2869343596,15930,1121
29662.363907,2869350400,2869351525,15659,1125
29662.374420,2869358326,2869359455,15844,1129
29662.384333,2869366221,2869367346,15982,1125
29662.395467,2869374123,2869375254,15907,1131
29662.404331,2869382095,2869383223,15827,1128
29662.416328,2869390036,2869391168,15949,1132
29662.427028,2869397965,2869399085,15915,1120
29662.436330,2869405866,2869406997,15861,1131
29662.448067,2869413904,2869415036,15652,1132
29662.458588,2869422020,2869423146,15905,1126
29662.468335,2869429933,2869431061,15860,1128
29662.479627,2869437853,2869438980,15946,1127
29662.488328,2869445778,2869446910,15909,1132
29662.500334,2869453691,2869454820,15905,1129
29662.511187,2869461645,2869462773,15985,1128
29662.520329,2869469581,2869470709,15959,1128
29662.532219,2869477504,2869478629,15831,1125
29662.542742,2869485410,2869486539,15937,1129
29662.552328,2869493287,2869494412,15984,1125
29662.563779,2869501186,2869502311,15830,1125
29662.572328,2869509077,2869510202,15930,1125
29662.584331,2869516942,2869518066,16062,1124
29662.595340,2869524840,2869525961,15913,1121
29662.604333,2869532722,2869533854,16042,1132
29662.616329,2869540597,2869541712,16069,1115
29662.626900,2869548479,2869549606,15915,1127
29662.636332,2869556359,2869557483,16026,1124
29662.647947,2869564211,2869565336,16068,1125
29662.658461,2869572117,2869573244,15911,1127
29662.668329,2869580004,2869581124,16025,1120
29662.679508,2869587863,2869588981,16061,1118
29662.688328,2869595769,2869596892,15921,1123
29662.700331,2869603645,2869604762,15928,1117
29662.711068,2869611525,2869612646,16056,1121
29662.720331,2869619444,2869620570,15919,1126
29662.732101,2869627367,2869628496,16024,1129
29662.742628,2869635234,2869636359,16039,1125
29662.752334,2869643119,2869644238,15930,1119
29662.763662,2869650997,2869652116,16027,1119
29662.772330,2869658849,2869659974,16070,1125
29662.784327,2869666737,2869667861,15835,1124
29662.795223,2869674624,2869675749,15940,1125
29662.804330,2869682529,2869683647,15953,1118
29662.816259,2869690406,2869691525,15829,1119
29662.826783,2869698278,2869699402,15944,1124
29662.836329,2869706175,2869707296,15968,1121
29662.847827,2869714059,2869715180,15907,1121
29662.858341,2869721958,2869723086,15881,1128
29662.868332,2869729877,2869731002,15969,1125
29662.879380,2869737758,2869738883,15829,1125
29662.888331,2869745651,2869746776,15949,1125
29662.900328,2869753540,2869754658,15966,1118
29662.910940,2869761412,2869762530,15826,1118
29662.920328,2869769286,2869770404,15938,1118
29662.931987,2869777181,2869778301,15966,1120
29662.942500,2869785074,2869786199,15825,1125
29662.952327,2869792958,2869794081,15929,1123
29662.963547,2869800858,2869801986,15966,1128
29662.972336,2869808750,2869809881,15865,1131
29662.984332,2869816625,2869817753,15927,1128
29662.995107,2869824532,2869825653,15953,1121
29663.004334,2869832425,2869833550,15847,1125
29663.016142,2869840309,2869841439,15904,1130
29663.026667,2869848204,2869849328,15950,1124
29663.036330,2869856088,2869857213,15839,1125
29663.047700,2869863968,2869865093,15858,1125
29663.056328,2869871845,2869872963,15957,1118
29663.068328,2869879719,2869880838,15844,1119
29663.079263,2869887604,2869888727,15918,1123
29663.088327,2869895477,2869896602,15952,1125
29663.100299,2869903360,2869904481,15860,1121
29663.110823,2869911238,2869912356,15944,1118
29663.120333,2869919129,2869920248,15952,1119
29663.131859,2869927012,2869928136,15842,1124
29663.142384,2869934891,2869936012,15942,1121
29663.152330,2869942776,2869943897,15939,1121
29663.163420,2869950663,2869951788,15842,1125
29663.172329,2869958551,2869959675,15936,1124
29663.184333,2869966435,2869967558,15984,1123
29663.194987,2869974333,2869975449,15910,1116
29663.204328,2869982249,2869983373,15941,1124
29663.216026,2869990130,2869991249,15954,1119
29663.226540,2869998010,2869999131,15845,1121
29663.236328,2870005886,2870007011,15931,1125
29663.247585,2870013779,2870014900,15954,1121
29663.256335,2870021669,2870022794,15842,1125
29663.268335,2870029556,2870030679,15938,1123
29663.279147,2870037440,2870038563,15940,1123
29663.288335,2870045347,2870046470,15846,1123
29663.300184,2870053245,2870054368,15950,1123
29663.310707,2870061152,2870062276,15959,1124
29663.320327,2870069049,2870070173,15826,1124
29663.331742,2870076929,2870078052,15942,1123
29663.340330,2870084817,2870085937,15953,1120
29663.352328,2870092699,2870093820,15840,1121
29663.363303,2870100593,2870101714,15949,1121
29663.372334,2870108479,2870109600,15958,1121
29663.384335,2870116386,2870117507,15821,1121
29663.394864,2870124293,2870125413,15868,1120
29663.404331,2870132187,2870133305,15959,1118
29663.415902,2870140075,2870141201,15867,1126
29663.426421,2870147982,2870149109,15877,1127
29663.436333,2870155871,2870157000,15952,1129
29663.447461,2870163792,2870164910,15863,1118
29663.456332,2870171689,2870172810,15941,1121
29663.468336,2870179566,2870180686,15960,1120
29663.479021,2870187472,2870188597,15853,1125
29663.488327,2870195355,2870196483,15910,1128
29663.500066,2870203278,2870204401,15937,1123
29663.510584,2870211180,2870212306,15874,1126
29663.520336,2870219093,2870220218,15933,1125
29663.531627,2870226972,2870228093,15957,1121
29663.540330,2870234853,2870235974,15912,1121
29663.552329,2870242727,2870243845,15945,1118
29663.563187,2870250600,2870251718,15953,1118
29663.572330,2870258477,2870259602,15846,1125
29663.584223,2870266349,2870267473,15923,1124
29663.594749,2870274323,2870275447,15973,1124
29663.604331,2870282203,2870283323,15833,1120
29663.615783,2870290082,2870291197,15946,1115
29663.624331,2870297955,2870299080,15963,1125
29663.636329,2870305839,2870306964,15834,1125
29663.647345,2870313731,2870314852,15962,1121
29663.656333,2870321619,2870322745,15963,1126
29663.668329,2870329501,2870330626,15825,1125
29663.678903,2870337380,2870338504,15942,1124
29663.688328,2870345267,2870346392,15967,1125
29663.699940,2870353149,2870354272,15819,1123
29663.710464,2870361030,2870362155,15941,1125
29663.720330,2870368923,2870370055,15967,1132
29663.731501,2870376831,2870377959,15828,1128
29663.740331,2870384711,2870385831,15850,1120
29663.752333,2870392584,2870393702,15964,1118
29663.763061,2870400468,2870401593,15830,1125
29663.772327,2870408396,2870409517,15949,1121
29663.784108,2870416264,2870417389,15969,1125
29663.794615,2870424139,2870425262,15807,1123
29663.804327,2870432055,2870433174,15938,1119
29663.815669,2870439903,2870441020,15988,1117
29663.824332,2870447782,2870448902,15828,1120
29663.836331,2870455678,2870456794,15939,1116
29663.847229,2870463554,2870464675,15951,1121
29663.856328,2870471442,2870472558,15828,1116
29663.868262,2870479312,2870480437,15940,1125
29663.878789,2870487201,2870488325,15967,1124
29663.888327,2870495131,2870496250,15881,1119
29663.899823,2870503006,2870504128,15948,1122
29663.910349,2870510892,2870512013,15966,1121
29663.920333,2870518776,2870519894,15830,1118
29663.931384,2870526663,2870527782,15941,1119
29663.940331,2870534539,2870535660,15971,1121
29663.952329,2870542420,2870543544,15832,1124
29663.962944,2870550299,2870551424,15948,1125
29663.972330,2870558182,2870559311,15967,1129
29663.983980,2870566071,2870567196,15835,1125
29663.994506,2870573950,2870575073,15968,1123
29664.004329,2870581848,2870582973,16058,1125
29664.015540,2870589734,2870590843,15920,1109
29664.024334,2870597602,2870598721,16034,1119
29664.036338,2870605481,2870606602,16045,1121
29664.047101,2870613362,2870614481,15923,1119
29664.056329,2870621263,2870622384,16025,1121
29664.068147,2870629137,2870630255,16048,1118
29664.078665,2870637020,2870638143,15946,1123
29664.088331,2870644913,2870646036,15939,1123
29664.099709,2870652793,2870653912,16056,1119
29664.108332,2870660704,2870661825,15918,1121
29664.120335,2870668578,2870669696,16028,1118
29664.131268,2870676453,2870677578,16053,1125
29664.140330,2870684336,2870685457,15932,1121
29664.152302,2870692206,2870693322,16029,1116
29664.162829,2870700081,2870701197,16055,1116
29664.172333,2870707952,2870709072,15924,1120
29664.183863,2870715829,2870716954,16031,1125
29664.194391,2870723716,2870724839,16037,1123
29664.204330,2870731607,2870732725,15918,1118
29664.215423,2870739483,2870740606,16028,1123
29664.224329,2870747360,2870748485,16053,1125
29664.236329,2870755242,2870756360,15995,1118
29664.246984,2870763111,2870764226,16019,1115
29664.256328,2870770983,2870772104,16053,1121
29664.268020,2870778895,2870780020,15919,1125
29664.278544,2870786770,2870787891,16026,1121
29664.288328,2870794638,2870795754,16060,1116
29664.299580,2870802514,2870803637,15921,1123
29664.308328,2870810394,2870811521,16031,1127
29664.320332,2870818288,2870819407,16054,1119
29664.331141,2870826178,2870827301,15920,1123
29664.340328,2870834083,2870835202,16047,1119
29664.352188,2870841953,2870843078,16058,1125
29664.362703,2870849840,2870850961,15919,1121
29664.372329,2870857711,2870858829,16029,1118
29664.383748,2870865584,2870866709,16060,1125
29664.392329,2870873470,2870874589,15917,1119
29664.404328,2870881338,2870882456,16033,1118
29664.415309,2870889231,2870890340,16044,1109
29664.424328,2870897087,2870898211,15918,1124
29664.436329,2870904963,2870906082,15937,1119
29664.446869,2870912848,2870913972,16057,1124
29664.456333,2870920730,2870921846,15917,1116
29664.467903,2870928603,2870929724,16031,1121
29664.478430,2870936471,2870937596,16057,1125
29664.488328,2870944351,2870945469,15933,1118
29664.499463,2870952239,2870953359,16030,1120
29664.508327,2870960124,2870961243,16054,1119
29664.520334,2870968002,2870969121,15917,1119
29664.531024,2870975897,2870977013,16029,1116
29664.540335,2870983771,2870984891,16042,1120
29664.552061,2870991650,2870992768,15922,1118
29664.562584,2870999521,2871000644,16034,1123
29664.572328,2871007398,2871008519,16057,1121
29664.583628,2871015281,2871016406,15998,1125
29664.592329,2871023164,2871024282,16033,1118
29664.604329,2871031029,2871032150,16045,1121
29664.615181,2871038902,2871040018,15935,1116
29664.624333,2871046801,2871047921,16021,1120
29664.636226,2871054684,2871055805,16058,1121
29664.646741,2871062568,2871063691,15907,1123
29664.656328,2871070447,2871071568,16035,1121
29664.667788,2871078325,2871079450,16052,1125
29664.676331,2871086209,2871087328,15921,1119
29664.688328,2871094088,2871095213,16045,1125
29664.699349,2871101966,2871103085,16056,1119
29664.708332,2871109844,2871110969,15918,1125
29664.720329,2871117749,2871118870,16029,1121
29664.730909,2871125626,2871126736,16057,1110
29664.740331,2871133497,2871134618,15922,1121
29664.751943,2871141382,2871142507,16028,1125
29664.762470,2871149255,2871150379,16060,1124
29664.772333,2871157138,2871158262,15921,1124
29664.783503,2871165014,2871166138,15942,1124
29664.792334,2871172916,2871174043,16055,1127
29664.804329,2871180801,2871181921,15920,1120
29664.815062,2871188709,2871189827,15931,1118
29664.824334,2871196614,2871197735,15972,1121
29664.836101,2871204490,2871205611,15846,1121
29664.846625,2871212376,2871213495,15942,1119
29664.856333,2871220245,2871221364,15969,1119
29664.867663,2871228117,2871229235,15830,1118
29664.876334,2871235990,2871237115,15935,1125
29664.888329,2871243867,2871244991,15952,1124
29664.899222,2871251746,2871252866,15837,1120
29664.908331,2871259648,2871260771,15943,1123
29664.920268,2871267530,2871268648,15970,1118
29664.930789,2871275414,2871276534,15912,1120
29664.940329,2871283298,2871284423,15888,1125
29664.951829,2871291176,2871292295,15968,1119
29664.962342,2871299045,2871300166,15828,1121
29664.972330,2871306918,2871308036,15947,1118
29664.983388,2871314795,2871315919,15969,1124
29664.992332,2871322663,2871323784,15822,1121
29665.004328,2871330539,2871331660,15947,1121
29665.014949,2871338415,2871339538,15968,1123
29665.024330,2871346310,2871347428,15835,1118
29665.035985,2871354193,2871355317,15965,1124
29665.046510,2871362079,2871363198,15965,1119
29665.056331,2871369953,2871371078,15866,1125
29665.067544,2871377855,2871378973,15945,1118
29665.076334,2871385738,2871386861,15968,1123
29665.088330,2871393622,2871394743,15835,1121
29665.099104,2871401500,2871402622,15930,1122
29665.108330,2871409401,2871410519,15957,1118
29665.120143,2871417272,2871418404,15853,1132
29665.130663,2871425175,2871426300,15850,1125
29665.140332,2871433049,2871434173,15968,1124
29665.151701,2871440932,2871442057,15827,1125
29665.160329,2871448825,2871449949,15949,1124
29665.172327,2871456708,2871457829,15966,1121
29665.183262,2871464576,2871465702,15850,1126
29665.192329,2871472468,2871473586,15938,1118
29665.204308,2871480346,2871481465,15968,1119
29665.214822,2871488224,2871489346,15824,1122
29665.224327,2871496138,2871497259,15939,1121
29665.235869,2871504010,2871505134,16044,1124
29665.246383,2871511897,2871513015,15919,1118
29665.256331,2871519769,2871520889,16014,1120
29665.267429,2871527650,2871528775,16057,1125
29665.276336,2871535531,2871536654,15997,1123
29665.288330,2871543408,2871544529,16031,1121
29665.298990,2871551284,2871552404,16056,1120
29665.308327,2871559173,2871560289,15906,1116
29665.320024,2871567039,2871568157,16034,1118
29665.330549,2871574914,2871576032,16062,1118
29665.340336,2871582814,2871583932,15923,1118
29665.351584,2871590695,2871591816,16037,1121
29665.360329,2871598576,2871599701,16054,1125
29665.372326,2871606462,2871607583,15920,1121
29665.383147,2871614344,2871615469,16044,1125
29665.392332,2871622248,2871623367,16059,1119
29665.404181,2871630114,2871631239,15916,1125
29665.414705,2871638002,2871639124,16034,1122
29665.424331,2871645883,2871647006,16056,1123
29665.435741,2871653781,2871654906,15921,1125
29665.444331,2871661665,2871662786,16030,1121
29665.456334,2871669549,2871670673,16054,1124
29665.467302,2871677440,2871678556,15922,1116
29665.476329,2871685307,2871686431,15935,1124
29665.488328,2871693182,2871694303,16058,1121
29665.498864,2871701049,2871702173,15922,1124
29665.508334,2871708926,2871710050,16033,1124
29665.519909,2871716806,2871717927,16051,1121
29665.530422,2871724679,2871725795,15922,1116
29665.540327,2871732554,2871733675,16033,1121
29665.551469,2871740426,2871741547,16056,1121
29665.560328,2871748310,2871749428,15920,1118
29665.572330,2871756177,2871757301,16034,1124
29665.583030,2871764057,2871765180,16041,1123
29665.592327,2871771941,2871773065,15920,1124
29665.604064,2871779814,2871780932,16037,1118
29665.614591,2871787696,2871788818,16056,1122
29665.624335,2871795581,2871796699,15998,1118
29665.635626,2871803466,2871804587,16030,1121
29665.644330,2871811348,2871812466,16057,1118
29665.656329,2871819219,2871820338,15921,1119
29665.667185,2871827094,2871828215,16022,1121
29665.676328,2871834998,2871836116,16060,1118
29665.688221,2871842880,2871844000,15921,1120
29665.698745,2871850752,2871851872,16033,1120
29665.708332,2871858634,2871859753,16057,1119
29665.719781,2871866504,2871867622,15920,1118
29665.728329,2871874379,2871875498,16053,1119
29665.740331,2871882260,2871883385,16033,1125
29665.751344,2871890177,2871891301,15933,1124
29665.760327,2871898052,2871899176,16031,1124
29665.772329,2871905943,2871907072,16055,1129
29665.782902,2871913829,2871914950,15927,1121
29665.792328,2871921708,2871922832,16031,1124
29665.803949,2871929581,2871930705,16051,1124
29665.814463,2871937466,2871938583,15936,1117
29665.824330,2871945348,2871946473,15937,1125
29665.835510,2871953239,2871954364,16110,1125
29665.844334,2871961130,2871962249,15922,1119
29665.856330,2871969009,2871970125,16033,1116
29665.867072,2871976881,2871978000,16056,1119
29665.876332,2871984808,2871985928,15933,1120
29665.888103,2871992684,2871993808,16031,1124
29665.898630,2872000562,2872001682,16062,1120
29665.908329,2872008433,2872009554,15920,1121
29665.919664,2872016311,2872017432,16031,1121
29665.928331,2872024187,2872025311,16029,1124
29665.940334,2872032065,2872033188,15910,1123
29665.951225,2872039942,2872041063,16035,1121
29665.960328,2872047818,2872048937,16056,1119
29665.972268,2872055687,2872056811,15996,1124
29665.982785,2872063581,2872064702,16028,1121
29665.992330,2872071469,2872072592,16052,1123
29666.003823,2872079343,2872080462,15918,1119
29666.014346,2872087221,2872088339,16032,1118
29666.024328,2872095097,2872096218,16056,1121
29666.035382,2872102979,2872104093,15914,1114
29666.044332,2872110874,2872111998,16026,1124
29666.056327,2872118759,2872119883,16057,1124
29666.066943,2872126646,2872127770,15917,1124
29666.076328,2872134533,2872135654,16049,1121
29666.087989,2872142397,2872143522,16060,1125
29666.098502,2872150273,2872151393,15917,1120
29666.108329,2872158145,2872159269,16031,1124
29666.119550,2872166028,2872167149,16058,1121
29666.128329,2872173899,2872175022,15925,1123
29666.140334,2872181781,2872182904,16027,1123
29666.151110,2872189655,2872190776,16057,1121
29666.160327,2872197580,2872198703,15920,1123
29666.172142,2872205462,2872206587,15934,1125
29666.182670,2872213349,2872214473,16060,1124
29666.192328,2872221222,2872222340,15924,1118
29666.203704,2872229089,2872230208,16033,1119
29666.212330,2872236969,2872238091,16058,1122
29666.224332,2872244855,2872245976,15935,1121
29666.235265,2872252728,2872253847,16031,1119
29666.244333,2872260625,2872261743,16115,1118
29666.256301,2872268503,2872269627,15919,1124
29666.266825,2872276384,2872277508,16022,1124
29666.276328,2872284263,2872285381,16043,1118
29666.287862,2872292160,2872293283,15909,1123
29666.298386,2872300029,2872301153,16026,1124
29666.308329,2872307914,2872309037,16057,1123
29666.319430,2872315796,2872316920,15998,1124
29666.328330,2872323679,2872324802,16036,1123
29666.340329,2872331565,2872332686,16057,1121
29666.350982,2872339442,2872340558,15921,1116
29666.360329,2872347317,2872348435,16026,1118
29666.372028,2872355189,2872356308,16055,1119
29666.382543,2872363058,2872364179,15920,1121
29666.392328,2872370927,2872372051,16022,1124
29666.403590,2872378801,2872379926,16061,1125
29666.412329,2872386673,2872387789,15912,1116
29666.424328,2872394562,2872395682,16052,1120
29666.435150,2872402421,2872403544,16050,1123
29666.444328,2872410322,2872411441,15922,1119
29666.456185,2872418227,2872419351,16035,1124
29666.466711,2872426138,2872427254,16057,1116
29666.476336,2872434014,2872435138,15919,1124
29666.487745,2872441901,2872443026,16036,1125
29666.496333,2872449782,2872450902,16044,1120
29666.508334,2872457658,2872458777,15921,1119
29666.519303,2872465524,2872466645,15937,1121
29666.528328,2872473402,2872474526,16056,1124
29666.540334,2872481283,2872482401,15920,1118
29666.550865,2872489167,2872490290,16033,1123
29666.560327,2872497044,2872498164,16048,1120
29666.571901,2872504921,2872506040,15936,1119
29666.582425,2872512796,2872513921,16025,1125
29666.592337,2872520665,2872521784,16057,1119
29666.603462,2872528542,2872529661,15922,1119
29666.612334,2872536411,2872537530,16031,1119
29666.624328,2872544290,2872545411,16042,1121
29666.635022,2872552167,2872553291,15920,1124
29666.644328,2872560071,2872561189,16019,1118
29666.656072,2872567987,2872569108,16057,1121
29666.666590,2872575877,2872576998,15988,1121
29666.676327,2872583763,2872584888,16035,1125
29666.687630,2872591650,2872592769,16060,1119
29666.696331,2872599519,2872600644,15911,1125
29666.708332,2872607398,2872608513,16033,1115
29666.719189,2872615264,2872616389,16063,1125
29666.728328,2872623175,2872624293,15918,1118
29666.740224,2872631053,2872632172,16022,1119
29666.750750,2872638922,2872640046,16056,1124
29666.760328,2872646807,2872647932,15921,1125
29666.771786,2872654688,2872655809,16037,1121
29666.780330,2872662560,2872663681,16053,1121
29666.792329,2872670431,2872671549,15914,1118
29666.803345,2872678311,2872679427,16035,1116
29666.812329,2872686194,2872687317,16054,1123
29666.824332,2872694097,2872695220,15922,1123
29666.834905,2872701969,2872703088,16029,1119
29666.844329,2872709847,2872710965,16058,1118
29666.855942,2872717732,2872718855,15917,1123
29666.866464,2872725620,2872726744,15940,1124
29666.876333,2872733505,2872734630,16056,1125
29666.887502,2872741377,2872742495,15917,1118
29666.896329,2872749238,2872750363,16034,1125
29666.908337,2872757117,2872758242,16058,1125
29666.919062,2872764999,2872766124,15934,1125
29666.928326,2872772915,2872774033,16030,1118
29666.940109,2872780788,2872781907,16051,1119
29666.950623,2872788662,2872789786,15919,1124
29666.960329,2872796540,2872797660,16019,1120
29666.971670,2872804444,2872805569,16047,1125
29666.980329,2872812324,2872813443,15921,1119
29666.992327,2872820206,2872821325,16036,1119
29667.003230,2872828088,2872829209,16055,1121
29667.012334,2872835997,2872837120,15997,1123
29667.024265,2872843873,2872844997,16027,1124
29667.034791,2872851753,2872852876,16056,1123
29667.060332,2872865044,2872865673,11979,629
29667.070862,2872869084,2872869712,12097,628
29667.080328,2872875204,2872876321,15919,1117
29667.091891,2872883064,2872884182,15847,1118
29667.102417,2872890936,2872892061,15957,1125
29667.112327,2872898812,2872899930,15915,1118
29667.123451,2872906682,2872907806,15864,1124
29667.132329,2872914559,2872915677,15983,1118
29667.144328,2872922439,2872923563,15916,1124
29667.155011,2872930315,2872931436,15830,1121
29667.164328,2872938187,2872939308,15983,1121
29667.176056,2872946055,2872947175,15907,1120
29667.186572,2872953924,2872955045,15861,1121
29667.196329,2872961797,2872962919,15981,1122
29667.207618,2872969673,2872970794,15911,1121
29667.216331,2872977544,2872978663,15849,1119
29667.228329,2872985411,2872986530,15959,1119
29667.239176,2872993275,2872994400,15915,1125
29667.248329,2873001187,2873002307,15862,1120
29667.260217,2873009061,2873010186,15983,1125
29667.270742,2873016950,2873018075,15910,1125
29667.280327,2873024836,2873025961,15832,1125
29667.291777,2873032719,2873033840,15982,1121
29667.300329,2873040586,2873041704,15921,1118
29667.312336,2873048468,2873049586,15829,1118
29667.323339,2873056342,2873057461,15996,1119
29667.332333,2873064213,2873065337,15919,1124
29667.344329,2873072095,2873073220,15834,1125
29667.354898,2873079974,2873081098,15981,1124
29667.364327,2873087851,2873088975,15917,1124
29667.375931,2873095731,2873096856,15850,1125
29667.386460,2873103608,2873104729,15997,1121
29667.396328,2873111493,2873112612,15923,1119
29667.407491,2873119368,2873120487,15828,1119
29667.416329,2873127241,2873128366,15981,1125
29667.428332,2873135131,2873136249,15919,1118
29667.439052,2873143008,2873144132,15843,1124
29667.448332,2873150911,2873152035,15998,1124
29667.460099,2873158791,2873159916,15904,1125
29667.472120,2873167776,2873168894,16029,1118
29667.482642,2873175662,2873176786,15921,1124
29667.492327,2873183542,2873184658,15841,1116
29667.503682,2873191412,2873192531,15998,1119
29667.512331,2873199291,2873200415,15917,1124
29667.524332,2873207157,2873208275,15832,1118
29667.535241,2873215025,2873216146,15979,1121
29667.544330,2873222904,2873224026,15917,1122
29667.556275,2873229354,2873230471,15764,1117
29667.566803,2873237224,2873238348,15991,1124
29667.576331,2873245096,2873246220,15916,1124
29667.587834,2873252973,2873254094,15830,1121
29667.598362,2873260848,2873261968,15979,1120
29667.608329,2873268758,2873269877,15899,1119
29667.619394,2873276646,2873277769,15850,1123
29667.628330,2873284524,2873285647,15992,1123
29667.640328,2873292402,2873293523,15917,1121
29667.650955,2873300293,2873301417,15835,1124
29667.660333,2873308186,2873309301,15997,1115
29667.672000,2873316072,2873317193,15913,1121
29667.682515,2873323963,2873325082,15934,1119
29667.692330,2873331835,2873332954,16085,1119
29667.703562,2873339707,2873340828,16005,1121
29667.712331,2873347587,2873348708,15923,1121
29667.724330,2873355474,2873356599,16069,1125
29667.735121,2873363353,2873364473,15921,1120
29667.744328,2873371290,2873372413,15848,1123
29667.756161,2873379171,2873380292,15994,1121
29667.766683,2873387049,2873388174,15916,1125
29667.776330,2873394938,2873396059,15830,1121
29667.787720,2873402810,2873403931,15984,1121
29667.796329,2873410689,2873411812,15916,1123
29667.808329,2873418576,2873419700,15829,1124
29667.819282,2873426463,2873427581,16000,1118
29667.828331,2873434347,2873435466,15913,1119
29667.840314,2873442219,2873443343,15832,1124
29667.850841,2873450101,2873451220,15980,1119
29667.860331,2873457984,2873459103,15914,1119
29667.871874,2873465863,2873466982,15837,1119
29667.882404,2873473744,2873474860,15988,1116
29667.892332,2873481625,2873482750,15916,1125
29667.903437,2873489501,2873490622,15839,1121
29667.912331,2873497381,2873498505,15968,1124
29667.924330,2873505267,2873506392,15914,1125
29667.934997,2873513147,2873514265,15861,1118
29667.944331,2873521024,2873522147,15988,1123
29667.956040,2873528904,2873530028,15912,1124
29667.966555,2873536780,2873537903,15844,1123
29667.976327,2873544660,2873545781,15970,1121
29667.987600,2873552533,2873553657,15917,1124
29667.996327,2873560414,2873561539,15853,1125
29668.008332,2873568301,2873569422,16000,1121
29668.019162,2873576176,2873577297,15916,1121
29668.028328,2873584078,2873585197,15847,1119
29668.040199,2873591962,2873593086,15957,1124
29668.050720,2873599848,2873600969,15909,1121
29668.060327,2873607724,2873608843,15855,1119
29668.071761,2873615596,2873616716,16075,1120
29668.080332,2873623474,2873624595,16005,1121
29668.092330,2873631376,2873632494,15845,1118
29668.103319,2873639245,2873640366,15968,1121
29668.112333,2873647133,2873648257,15912,1124
29668.124328,2873655006,2873656130,15859,1124
29668.134884,2873662886,2873664010,15985,1124
29668.144331,2873670778,2873671896,15916,1118
29668.155912,2873678648,2873679767,15837,1119
29668.166441,2873686517,2873687636,15969,1119
29668.176332,2873694395,2873695520,15910,1125
29668.187475,2873702281,2873703401,15861,1120
29668.196327,2873710159,2873711284,15987,1125
29668.208329,2873718043,2873719163,15904,1120
29668.219035,2873725919,2873727038,15845,1119
29668.228332,2873733803,2873734926,15953,1123
29668.240079,2873741713,2873742838,15916,1125
29668.250595,2873749597,2873750722,15859,1125
29668.260333,2873757468,2873758592,15983,1124
29668.271641,2873765338,2873766459,15906,1121
29668.280334,2873773214,2873774332,15838,1118
29668.292334,2873781083,2873782201,15977,1118
29668.303201,2873788963,2873790081,15912,1118
29668.312330,2873796842,2873797967,15846,1125
29668.324242,2873804734,2873805858,15998,1124
29668.334763,2873812620,2873813745,15906,1125
29668.344333,2873820497,2873821606,15825,1109
29668.355801,2873828367,2873829492,15997,1125
29668.364332,2873836245,2873837369,15917,1124
29668.376333,2873844125,2873845243,15935,1118
29668.387363,2873852004,2873853125,16087,1121
29668.396331,2873859883,2873861001,16000,1118
29668.408330,2873867753,2873868873,15914,1120
29668.418922,2873875627,2873876752,16070,1125
29668.428334,2873883506,2873884625,16005,1119
29668.439955,2873891379,2873892502,15935,1123
29668.450483,2873899262,2873900387,16076,1125
29668.460330,2873907140,2873908256,16003,1116
29668.471515,2873915016,2873916137,15912,1121
29668.480330,2873922888,2873924011,16071,1123
29668.492337,2873930777,2873931901,15913,1124
29668.503074,2873938670,2873939786,15832,1116
29668.512331,2873946572,2873947697,16001,1125
29668.524123,2873954456,2873955581,15917,1125
29668.534635,2873962330,2873963448,15833,1118
29668.544329,2873970195,2873971318,15981,1123
29668.555682,2873978078,2873979196,15915,1118
29668.564331,2873985953,2873987077,15847,1124
29668.576329,2873993841,2873994964,15988,1123
29668.587244,2874001718,2874002836,15917,1118
29668.596332,2874009571,2874010689,15829,1118
29668.608280,2874017446,2874018564,15979,1118
29668.618802,2874025317,2874026442,15919,1125
29668.628331,2874033205,2874034322,15836,1117
29668.639843,2874041093,2874042217,15999,1124
29668.650363,2874048980,2874050104,15903,1124
29668.660328,2874056855,2874057974,15828,1119
29668.671401,2874064733,2874065857,15979,1124
29668.680329,2874072607,2874073726,15912,1119
29668.692327,2874080479,2874081598,15847,1119
29668.702964,2874088358,2874089477,16003,1119
29668.712328,2874096230,2874097351,15915,1121
29668.723995,2874104104,2874105225,15935,1121
29668.734521,2874111981,2874113105,16048,1124
29668.744333,2874119885,2874121004,16008,1119
29668.755555,2874127773,2874128894,15946,1121
29668.764331,2874135643,2874136761,16062,1118
29668.776330,2874143530,2874144654,15915,1124
29668.787115,2874151413,2874152529,15845,1116
29668.796331,2874159337,2874160461,15967,1124
29668.808159,2874167219,2874168339,15917,1120
29668.818676,2874175079,2874176198,15857,1119
29668.828329,2874182942,2874184061,15988,1119
29668.839722,2874190815,2874191936,15919,1121
29668.848328,2874198692,2874199816,15834,1124
29668.860328,2874206579,2874207703,15968,1124
29668.871280,2874214458,2874215582,15917,1124
29668.880328,2874222333,2874223458,15852,1125
29668.892321,2874230217,2874231340,15987,1123
29668.902845,2874238208,2874239332,15910,1124
29668.912330,2874246097,2874247223,15833,1126
29668.923881,2874253971,2874255092,15966,1121
29668.934402,2874261846,2874262967,15920,1121
29668.944334,2874269719,2874270841,15844,1122
29668.955443,2874277608,2874278727,15996,1119
29668.964333,2874285477,2874286602,15915,1125
29668.976330,2874293366,2874294487,15834,1121
29668.987002,2874301242,2874302360,15985,1118
29668.996331,2874309107,2874310230,15914,1123
29669.008035,2874316985,2874318106,15839,1121
29669.018564,2874324862,2874325981,16002,1119
29669.028327,2874332736,2874333856,15913,1120
29669.039595,2874340623,2874341741,15837,1118
29669.048328,2874348495,2874349614,15995,1119
29669.060332,2874356368,2874357488,15916,1120
29669.071156,2874364247,2874365366,15846,1119
29669.080331,2874372132,2874373256,15998,1124
29669.092203,2874380016,2874381135,15915,1119
29669.102712,2874387895,2874389018,15775,1123
29669.112333,2874395777,2874396897,15975,1120
29669.123761,2874403663,2874404783,15911,1120
29669.132330,2874411546,2874412665,15848,1119
29669.144327,2874419416,2874420537,16001,1121
29669.155323,2874427297,2874428418,15916,1121
29669.164327,2874435156,2874436276,15838,1120
29669.176328,2874443022,2874444147,15976,1125
29669.186882,2874450894,2874452019,15916,1125
29669.196332,2874458764,2874459885,15825,1121
29669.207923,2874466640,2874467763,16003,1123
29669.218444,2874474509,2874475634,15911,1125
29669.228330,2874482380,2874483502,15832,1122
29669.239481,2874490265,2874491384,16057,1119
29669.248333,2874498137,2874499256,16003,1119
29669.260329,2874506018,2874507136,15935,1118
29669.271044,2874513878,2874514997,16091,1119
29669.280330,2874521776,2874522897,16004,1121
29669.292075,2874529663,2874530782,15920,1119
29669.302602,2874537531,2874538652,16056,1121
29669.312333,2874545427,2874546554,15918,1127
29669.323637,2874553347,2874554466,15848,1119
29669.332328,2874561227,2874562351,16004,1124
29669.344333,2874569115,2874570233,15910,1118
29669.355195,2874576988,2874578112,15834,1124
29669.364328,2874584877,2874586001,15983,1124
29669.376241,2874592758,2874593876,15914,1118
29669.386756,2874600632,2874601756,15848,1124
29669.396331,2874608520,2874609638,16012,1118
29669.407802,2874616393,2874617512,15910,1119
29669.416333,2874624261,2874625385,15832,1124
29669.428331,2874632133,2874633253,15977,1120
29669.439362,2874640001,2874641120,15925,1119
29669.448332,2874647870,2874648993,15854,1123
29669.460328,2874655743,2874656862,15999,1119
29669.470924,2874663624,2874664748,15917,1124
29669.480328,2874671502,2874672620,15832,1118
29669.491961,2874679380,2874680499,15985,1119
29669.502483,2874687248,2874688369,15921,1121
29669.512329,2874695135,2874696256,15863,1121
29669.523521,2874703017,2874704138,15983,1121
29669.532329,2874710895,2874712013,15916,1118
29669.544334,2874718762,2874719883,15835,1121
29669.555081,2874726638,2874727758,15958,1120
29669.564328,2874734525,2874735646,15903,1121
29669.576115,2874742405,2874743528,15853,1123
29669.586642,2874750291,2874751414,15986,1123
29669.596333,2874758208,2874759326,15913,1118
29669.607675,2874766076,2874767195,15850,1119
29669.616334,2874773956,2874775081,15968,1125
29669.628334,2874781827,2874782950,15916,1123
29669.639236,2874789700,2874790818,15851,1118
29669.648327,2874797570,2874798689,15986,1119
29669.660281,2874805445,2874806564,15917,1119
29669.670796,2874813317,2874814438,15844,1121
29669.680327,2874821192,2874822311,15968,1119
29669.691840,2874829067,2874830188,15908,1121
29669.702356,2874836937,2874838058,15857,1121
29669.712331,2874844805,2874845928,15984,1123
29669.723403,2874852694,2874853819,15916,1125
29669.732333,2874860587,2874861707,15835,1120
29669.744330,2874868453,2874869571,15995,1118
29669.754962,2874876328,2874877446,15916,1118
29669.764327,2874884186,2874885310,15839,1124
29669.776003,2874892054,2874893174,16000,1120
29669.786526,2874899934,2874901053,15909,1119
29669.796335,2874907802,2874908921,15835,1119
29669.807561,2874915672,2874916790,15981,1118
29669.816327,2874923544,2874924665,15919,1121
29669.828328,2874931406,2874932526,15851,1120
29669.839124,2874939280,2874940403,15994,1123
29669.848328,2874947160,2874948284,15910,1124
29669.860155,2874955038,2874956152,15832,1114
29669.870682,2874962895,2874964016,15983,1121
29669.880327,2874970775,2874971898,15917,1123
29669.891714,2874978656,2874979780,15827,1124
29669.900333,2874986541,2874987662,15998,1121
29669.912330,2874994418,2874995542,16001,1124
29669.923276,2875002309,2875003430,15821,1121
29669.932334,2875010187,2875011305,15974,1118
29669.944320,2875018051,2875019172,15902,1121
29669.954836,2875025937,2875027060,15844,1123
29669.964327,2875033820,2875034943,15995,1123
29669.975883,2875041689,2875042813,15917,1124
29669.986397,2875049575,2875050700,15833,1125
29669.996327,2875057460,2875058578,15980,1118
29670.007442,2875065335,2875066453,15914,1118
29670.016328,2875073203,2875074323,15932,1120
29670.028335,2875081068,2875082187,16088,1119
29670.039004,2875088940,2875090061,15995,1121
29670.048332,2875096809,2875097933,15914,1124
29670.060042,2875104688,2875105811,16065,1123
29670.070563,2875112561,2875113684,15998,1123
29670.080329,2875120447,2875121572,15935,1125
29670.091603,2875128325,2875129449,16107,1124
29670.100336,2875136209,2875137327,16000,1118
29670.112328,2875144083,2875145202,15921,1119
29670.123163,2875151967,2875153092,16004,1125
29670.132336,2875159823,2875160942,15993,1119
29670.144195,2875167698,2875168820,15938,1122
29670.154724,2875175582,2875176706,16076,1124
29670.164334,2875183465,2875184586,15989,1121
29670.175755,2875191345,2875192463,15922,1118
29670.184333,2875199206,2875200330,16064,1124
29670.196326,2875207076,2875208200,16005,1124
29670.207316,2875214963,2875216079,15932,1116
29670.216328,2875222844,2875223963,16089,1119
29670.228332,2875230711,2875231832,16000,1121
29670.238875,2875238590,2875239711,15820,1121
29670.248334,2875246472,2875247587,15980,1115
29670.259921,2875254338,2875255453,15906,1115
29670.270436,2875262204,2875263325,15830,1121
29670.280328,2875270081,2875271205,15998,1124
29670.291484,2875277963,2875279088,15911,1125
29670.300333,2875285846,2875286969,15832,1123
29670.312330,2875293727,2875294851,15974,1124
29670.323042,2875301603,2875302724,15918,1121
29670.332332,2875309503,2875310624,15855,1121
29670.344082,2875317366,2875318487,15983,1121
29670.354603,2875325120,2875326245,15914,1125
29670.364327,2875333007,2875334125,15848,1118
29670.375641,2875340885,2875342009,15970,1124
29670.384331,2875348764,2875349883,15913,1119
29670.396329,2875356636,2875357757,15855,1121
29670.407202,2875364514,2875365633,15987,1119
29670.416332,2875372380,2875373498,15914,1118
29670.428237,2875380253,2875381371,15851,1118
29670.438762,2875388118,2875389242,15996,1124
29670.448329,2875395984,2875397102,15917,1118
29670.459795,2875403859,2875404972,15845,1113
29670.468333,2875411718,2875412843,15971,1125
29670.480329,2875419599,2875420723,15915,1124
29670.491356,2875427486,2875428606,15868,1120
29670.500327,2875435356,2875436474,15974,1118
29670.512331,2875443225,2875444346,15920,1121
29670.522917,2875451099,2875452217,15846,1118
29670.532329,2875458982,2875460103,15982,1121
29670.543962,2875466882,2875468001,15906,1119
29670.554477,2875474764,2875475883,15849,1119
29670.564331,2875482634,2875483753,15997,1119
29670.575524,2875490517,2875491635,15916,1118
29670.584328,2875498394,2875499515,15819,1121
29670.596328,2875506263,2875507386,15984,1123
29670.607083,2875514148,2875515268,15918,1120
29670.616328,2875522048,2875523172,15852,1124
29670.628123,2875529928,2875531052,15997,1124
29670.638644,2875537814,2875538935,15914,1121
29670.648331,2875545685,2875546806,15832,1121
29670.659682,2875553570,2875554693,15978,1123
29670.668331,2875561454,2875562575,15919,1121
29670.680333,2875569328,2875570447,15851,1119
29670.691244,2875577203,2875578318,15994,1115
29670.700331,2875585095,2875586219,15915,1124
29670.712276,2875592975,2875594099,15822,1124
29670.722803,2875600849,2875601969,15983,1120
29670.732330,2875608727,2875609847,15906,1120
29670.743836,2875616614,2875617734,15850,1120
29670.754363,2875624487,2875625611,15979,1124
29670.764328,2875632374,2875633493,15908,1119
29670.775396,2875640255,2875641379,15847,1124
29670.784333,2875648140,2875649264,16014,1124
29670.796334,2875656024,2875657148,15919,1124
29670.806957,2875663917,2875665041,15838,1124
29670.816333,2875671803,2875672918,15967,1115
29670.828002,2875679676,2875680799,15919,1123
29670.838517,2875687558,2875688674,15853,1116
29670.848328,2875695422,2875696541,16000,1119
29670.859564,2875703299,2875704417,15917,1118
29670.868330,2875711179,2875712297,15832,1118
29670.880332,2875719056,2875720179,15980,1123
29670.891125,2875726939,2875728063,15915,1124
29670.900330,2875734848,2875735972,15844,1124
29670.912163,2875742724,2875743848,16001,1124
29670.922685,2875750607,2875751730,15914,1123
29670.932327,2875758479,2875759597,15823,1118
29670.943723,2875766363,2875767482,15982,1119
29670.952334,2875774248,2875775367,15913,1119
29670.964331,2875782130,2875783248,15849,1118
29670.975284,2875790007,2875791126,16000,1119
29670.984327,2875797879,2875798999,15910,1120
29670.996316,2875805753,2875806872,15826,1119
29671.006845,2875813634,2875814758,15981,1124
29671.016333,2875821510,2875822635,15920,1125
29671.027876,2875829392,2875830515,15847,1123
29671.038406,2875837267,2875838387,15998,1120
29671.048328,2875845142,2875846266,15915,1124
29671.059440,2875853050,2875854168,15946,1118
29671.068331,2875860909,2875862025,15967,1116
29671.080332,2875868784,2875869905,15908,1121
29671.091000,2875876659,2875877778,15944,1119
29671.100335,2875884528,2875885647,15971,1119
29671.112036,2875892399,2875893517,15830,1118
29671.122560,2875900266,2875901390,15934,1124
29671.132327,2875908144,2875909269,15961,1125
29671.143599,2875916072,2875917189,15815,1117
29671.152328,2875923939,2875925055,15946,1116
29671.164327,2875931804,2875932927,15967,1123
29671.175157,2875939677,2875940793,15833,1116
29671.184334,2875947559,2875948674,15966,1115
29671.196203,2875955425,2875956540,15969,1115
29671.206717,2875963299,2875964420,15837,1121
29671.216328,2875971176,2875972300,15944,1124
29671.227764,2875979052,2875980173,15965,1121
29671.236330,2875986927,2875988045,15834,1118
29671.248329,2875994800,2875995918,15934,1118
29671.259324,2876002672,2876003785,15968,1113
29671.268330,2876010544,2876011663,15822,1119
29671.280329,2876018423,2876019541,15850,1118
29671.290885,2876026304,2876027423,15965,1119
29671.300327,2876034180,2876035305,15831,1125
29671.311921,2876042062,2876043180,15950,1118
29671.322445,2876049939,2876051063,15970,1124
29671.332328,2876057805,2876058924,15845,1119
29671.343479,2876065673,2876066795,15942,1122
29671.352331,2876073491,2876074616,15946,1125
29671.364335,2876081362,2876082481,15832,1119
29671.375039,2876089237,2876090351,15946,1114
29671.384334,2876097127,2876098247,15948,1120
29671.396076,2876105005,2876106123,15835,1118
29671.406600,2876112875,2876113995,15943,1120
29671.416329,2876120745,2876121866,15967,1121
29671.427644,2876128619,2876129740,15899,1121
29671.436328,2876136493,2876137612,15944,1119
29671.448328,2876144359,2876145477,15967,1118
29671.459197,2876152232,2876153346,15834,1114
29671.468331,2876160118,2876161237,15938,1119
29671.480242,2876167981,2876169105,15968,1124
29671.490758,2876175856,2876176974,15822,1118
29671.500333,2876183716,2876184840,15949,1124
29671.511804,2876191595,2876192719,15971,1124
29671.520330,2876199472,2876200592,15836,1120
29671.532329,2876207352,2876208471,15960,1119
29671.543365,2876215220,2876216341,15971,1121
29671.552328,2876223111,2876224227,15820,1116
29671.564332,2876230985,2876232104,15949,1119
29671.574925,2876238857,2876239975,15965,1118
29671.584331,2876246731,2876247850,15835,1119
29671.595959,2876254608,2876255732,15942,1124
29671.606485,2876262474,2876263598,15968,1124
29671.616328,2876270359,2876271478,15829,1119
29671.627518,2876278218,2876279343,15851,1125
29671.636333,2876286097,2876287218,15961,1121
29671.648329,2876293964,2876295083,15833,1119
29671.659079,2876301835,2876302958,15946,1123
29671.668330,2876309804,2876310925,15960,1121
29671.680116,2876317683,2876318808,15845,1125
29671.690641,2876325555,2876326671,15946,1116
29671.700330,2876333416,2876334537,15961,1121
29671.711677,2876341289,2876342404,15834,1115
29671.720328,2876349147,2876350266,15948,1119
29671.732329,2876357023,2876358146,15950,1123
29671.743237,2876364899,2876366022,15829,1123
29671.752327,2876372774,2876373893,15947,1119
29671.764283,2876380665,2876381787,15952,1122
29671.774805,2876388551,2876389667,15912,1116
29671.784332,2876396431,2876397555,15945,1124
29671.795844,2876404307,2876405430,15969,1123
29671.806360,2876412187,2876413306,15823,1119
29671.816327,2876420056,2876421180,15948,1124
29671.827404,2876427936,2876429061,15962,1125
29671.836333,2876435816,2876436935,15837,1119
29671.848328,2876443685,2876444806,15943,1121
29671.858965,2876451556,2876452677,15968,1121
29671.868328,2876459425,2876460544,15831,1119
29671.880001,2876467289,2876468408,15960,1119
29671.890526,2876475165,2876476284,15970,1119
29671.900329,2876483040,2876484160,15832,1120
29671.911560,2876490929,2876492047,15944,1118
29671.920330,2876498815,2876499934,15963,1119
29671.932330,2876506690,2876507811,15827,1121
29671.943120,2876514550,2876515672,15951,1122
29671.952330,2876522449,2876523568,15964,1119
29671.964156,2876530370,2876531491,15845,1121
29671.974679,2876538236,2876539355,15851,1119
29671.984330,2876546105,2876547228,15972,1123
29671.995717,2876553972,2876555092,15829,1120
29672.004330,2876561848,2876562968,15946,1120
29672.016329,2876569713,2876570837,15963,1124
29672.027277,2876577591,2876578711,15845,1120
29672.036330,2876585468,2876586586,15943,1118
29672.048324,2876593339,2876594457,15969,1118
29672.058837,2876601210,2876602331,15835,1121
29672.068328,2876609090,2876610200,15944,1110
29672.079885,2876616942,2876618066,15953,1124
29672.090398,2876624821,2876625940,15836,1119
29672.100328,2876632695,2876633816,15936,1121
29672.111444,2876640572,2876641687,15961,1115
29672.120328,2876648437,2876649556,15906,1119
29672.132326,2876656307,2876657426,15947,1119
29672.143006,2876664180,2876665299,15970,1119
29672.152331,2876672039,2876673162,15834,1123
29672.164032,2876679851,2876680974,15924,1123
29672.174564,2876687735,2876688859,15972,1124
29672.184328,2876695601,2876696719,15832,1118
29672.195600,2876703468,2876704578,15946,1110
29672.204328,2876711329,2876712450,15968,1121
29672.216336,2876719208,2876720326,15836,1118
29672.227161,2876727080,2876728200,15961,1120
29672.236332,2876734968,2876736087,15969,1119
29672.248196,2876742835,2876743955,15831,1120
29672.258720,2876750698,2876751821,15949,1123
29672.268333,2876758584,2876759699,15973,1115
29672.279757,2876766447,2876767570,15835,1123
29672.288333,2876774322,2876775438,15947,1116
29672.300336,2876782183,2876783302,15970,1119
29672.311317,2876790045,2876791165,15827,1120
29672.320329,2876797920,2876799044,15849,1124
29672.332331,2876805786,2876806905,15971,1119
29672.342878,2876813658,2876814781,15833,1123
29672.352333,2876821535,2876822655,15950,1120
29672.363925,2876829402,2876830517,15969,1115
29672.374438,2876837308,2876838422,15850,1114
29672.384329,2876845181,2876846290,15948,1109
29672.395485,2876853049,2876854168,15966,1119
29672.404331,2876860917,2876862036,15836,1119
29672.416334,2876868781,2876869905,15944,1124
29672.427045,2876876653,2876877770,15950,1117
29672.436334,2876884542,2876885661,15822,1119
29672.448079,2876892403,2876893522,15945,1119
29672.458606,2876900282,2876901405,15969,1123
29672.468330,2876908159,2876909278,15914,1119
29672.479640,2876916032,2876917151,15936,1119
29672.488329,2876923894,2876925013,15969,1119
29672.500327,2876931767,2876932885,15823,1118
29672.511200,2876939639,2876940757,15948,1118
29672.520331,2876947530,2876948649,15972,1119
29672.532237,2876955403,2876956524,15834,1121
29672.542760,2876963271,2876964393,15945,1122
29672.552327,2876971146,2876972271,15963,1125
29672.563797,2876979026,2876980145,15832,1119
29672.572330,2876986911,2876988030,15964,1119
29672.584332,2876994787,2876995908,15969,1121
29672.595357,2877002654,2877003775,15836,1121
29672.604331,2877010528,2877011643,15945,1115
29672.616327,2877018394,2877019515,15968,1121
29672.626918,2877026259,2877027379,15825,1120
29672.636331,2877034134,2877035249,15951,1115
29672.647964,2877042003,2877043127,15968,1124
29672.658478,2877049879,2877050995,15830,1116
29672.668331,2877057744,2877058864,15852,1120
29672.679525,2877065622,2877066737,15966,1115
29672.688329,2877073493,2877074617,15834,1124
29672.700328,2877081367,2877082485,15948,1118
29672.711085,2877089232,2877090350,15959,1118
29672.720327,2877097142,2877098257,15849,1115
29672.732119,2877105002,2877106121,15947,1119
29672.742646,2877112868,2877113988,15961,1120
29672.752328,2877120731,2877121850,15830,1119
29672.763680,2877128601,2877129725,15935,1124
29672.772334,2877136476,2877137595,15953,1119
29672.784329,2877144358,2877145482,15835,1124
29672.795241,2877152237,2877153355,15947,1118
29672.804336,2877160111,2877161234,15965,1123
29672.816284,2877167986,2877169104,15908,1118
29672.826801,2877175858,2877176978,15947,1120
29672.836327,2877183730,2877184849,15969,1119
29672.847837,2877191597,2877192722,15833,1125
29672.858361,2877199470,2877200589,15938,1119
29672.868333,2877207341,2877208460,15962,1119
29672.879398,2877215222,2877216340,15832,1118
29672.888332,2877223096,2877224220,15952,1124
29672.900329,2877230968,2877232086,15967,1118
29672.910958,2877238836,2877239957,15833,1121
29672.920331,2877246709,2877247825,15956,1116
29672.932005,2877254575,2877255695,15962,1120
29672.942518,2877262463,2877263587,15824,1124
29672.952328,2877270340,2877271463,15947,1123
29672.963565,2877278218,2877279338,15965,1120
29672.972331,2877286086,2877287207,15826,1121
29672.984332,2877293901,2877295019,15964,1118
29672.995128,2877301781,2877302899,15974,1118
29673.004333,2877309668,2877310786,15826,1118
29673.016159,2877317539,2877318663,15843,1124
29673.026686,2877325420,2877326539,15966,1119
29673.036328,2877333296,2877334414,15822,1118
29673.047720,2877341156,2877342275,15947,1119
29673.056329,2877349012,2877350130,15970,1118
29673.068328,2877356876,2877357994,15835,1118
29673.079280,2877364749,2877365864,15947,1115
29673.088329,2877372646,2877373765,15958,1119
29673.100317,2877380525,2877381643,15838,1118
29673.110841,2877388402,2877389522,15946,1120
29673.120329,2877396268,2877397387,15957,1119
29673.131877,2877404144,2877405269,15830,1125
29673.142401,2877412021,2877413144,15947,1123
29673.152333,2877419900,2877421024,15966,1124
29673.163445,2877427775,2877428895,15902,1120
29673.172331,2877435653,2877436767,15945,1114
29673.184337,2877443531,2877444650,16003,1119
29673.194998,2877451406,2877452525,15833,1119
29673.204328,2877459279,2877460403,15945,1124
29673.216044,2877467152,2877468270,15973,1118
29673.226559,2877475026,2877476145,15821,1119
29673.236327,2877482900,2877484019,15951,1119
29673.247605,2877490764,2877491884,15966,1120
29673.256327,2877498630,2877499748,15827,1118
29673.268330,2877506507,2877507625,15957,1118
29673.279166,2877514388,2877515504,15961,1116
29673.288330,2877522258,2877523377,15835,1119
29673.300200,2877530135,2877531253,15947,1118
29673.310726,2877537998,2877539122,15969,1124
29673.320328,2877545874,2877546990,15830,1116
29673.331760,2877553736,2877554855,15944,1119
29673.340330,2877561607,2877562727,15936,1120
29673.352328,2877569483,2877570602,15834,1119
29673.363319,2877577352,2877578470,15851,1118
29673.372333,2877585224,2877586343,15960,1119
29673.384330,2877593098,2877594217,15832,1119
29673.394881,2877600986,2877602104,15949,1118
29673.404333,2877608849,2877609965,15961,1116
29673.415917,2877616704,2877617823,15850,1119
29673.426442,2877624572,2877625690,15943,1118
29673.436330,2877632447,2877633566,15968,1119
29673.447478,2877640318,2877641437,15832,1119
29673.456329,2877648189,2877649307,15939,1118
29673.468330,2877656055,2877657174,15936,1119
29673.479038,2877663923,2877665039,15836,1116
29673.488331,2877671819,2877672942,15930,1123
29673.500085,2877679688,2877680812,15973,1124
29673.510606,2877687564,2877688689,15910,1125
29673.520327,2877695448,2877696568,15946,1120
29673.531645,2877703317,2877704436,15971,1119
29673.540332,2877711174,2877712296,15836,1122
29673.552332,2877719045,2877720164,15948,1119
29673.563205,2877726917,2877728036,15972,1119
29673.572331,2877734785,2877735905,15833,1120
29673.584240,2877742659,2877743783,15948,1124
29673.594767,2877750632,2877751751,16017,1119
29673.604332,2877758507,2877759625,15833,1118
29673.615801,2877766377,2877767494,15959,1117
29673.624336,2877774252,2877775375,15966,1123
29673.636330,2877782130,2877783241,15835,1111
29673.647361,2877789980,2877791100,15949,1120
29673.656332,2877797849,2877798967,15965,1118
29673.668334,2877805716,2877806837,15840,1121
29673.678921,2877813583,2877814700,15946,1117
29673.688328,2877821445,2877822564,15959,1119
29673.699958,2877829312,2877830433,15832,1121
29673.710480,2877837182,2877838301,15848,1119
29673.720328,2877845062,2877846183,15970,1121
29673.731518,2877852941,2877854062,15824,1121
29673.740330,2877860808,2877861928,15945,1120
29673.752329,2877868691,2877869812,15966,1121
29673.763077,2877876565,2877877680,15842,1115
29673.772329,2877884456,2877885570,15945,1114
29673.784127,2877892342,2877893457,15971,1115
29673.794634,2877900216,2877901351,15828,1135
29673.804327,2877908133,2877909256,15943,1123
29673.815686,2877915998,2877917122,15955,1124
29673.824331,2877923865,2877924984,15832,1119
29673.836329,2877931733,2877932853,15941,1120
29673.847246,2877939602,2877940722,15965,1120
29673.856328,2877947463,2877948585,15902,1122
29673.868281,2877955332,2877956456,15939,1124
29673.878807,2877963213,2877964337,15971,1124
29673.888329,2877971088,2877972211,15831,1123
29673.899840,2877978963,2877980078,15946,1115
29673.910366,2877986834,2877987952,15967,1118
29673.920328,2877994708,2877995832,15833,1124
29673.931401,2878002578,2878003702,15949,1124
29673.940331,2878010463,2878011584,15961,1121
29673.952327,2878018338,2878019463,15832,1125
29673.962963,2878026211,2878027332,15957,1121
29673.972329,2878034075,2878035195,15968,1120
29673.983998,2878041945,2878043065,15840,1120
29673.994521,2878049820,2878050939,15947,1119
29674.004331,2878057707,2878058826,15969,1119
29674.015558,2878065580,2878066696,15833,1116
29674.024329,2878073442,2878074557,15947,1115
29674.036330,2878081315,2878082433,15967,1118
29674.047119,2878089178,2878090296,15832,1118
29674.056330,2878097064,2878098180,15852,1116
29674.068165,2878104930,2878106055,15972,1125
29674.078679,2878112813,2878113930,15835,1117
29674.088328,2878120676,2878121788,15946,1112
29674.099726,2878128535,2878129658,15959,1123
29674.108330,2878136410,2878137529,15852,1119
29674.120337,2878144284,2878145403,15943,1119
29674.131286,2878152153,2878153276,15967,1123
29674.140331,2878160026,2878161150,15834,1124
29674.152321,2878167914,2878169034,15944,1120
29674.162847,2878175786,2878176904,15954,1118
29674.172330,2878183662,2878184786,15833,1124
29674.183881,2878191526,2878192644,15945,1118
29674.194409,2878199395,2878200513,15970,1118
29674.204337,2878207288,2878208409,15901,1121
29674.215442,2878215168,2878216286,15948,1118
29674.224327,2878223033,2878224149,15968,1116
29674.236335,2878230903,2878232024,15832,1121
29674.247001,2878238765,2878239882,15941,1117
29674.256327,2878246636,2878247755,15973,1119
29674.268038,2878254510,2878255630,15828,1120
29674.278562,2878262373,2878263491,15947,1118
29674.288330,2878270249,2878271374,15968,1125
29674.299599,2878278123,2878279246,15836,1123
29674.308329,2878285996,2878287119,15960,1123
29674.320331,2878293864,2878294980,15967,1116
29674.331158,2878301728,2878302846,15836,1118
29674.340331,2878309619,2878310739,15947,1120
29674.352205,2878317488,2878318612,15965,1124
29674.362719,2878325357,2878326481,15832,1124
29674.372332,2878333228,2878334348,15944,1120
29674.383766,2878341103,2878342222,15971,1119
29674.392328,2878348977,2878350100,15833,1123
29674.404330,2878356845,2878357965,15850,1120
29674.415327,2878364723,2878365838,15971,1115
29674.424336,2878372592,2878373711,15833,1119
29674.436336,2878380457,2878381578,15942,1121
29674.446887,2878388331,2878389455,15968,1124
29674.456327,2878396203,2878397324,15847,1121
29674.467921,2878404078,2878405202,15945,1124
29674.478447,2878411949,2878413072,15968,1123
29674.488333,2878419812,2878420931,15832,1119
29674.499481,2878427692,2878428811,15945,1119
29674.508328,2878435559,2878436678,15953,1119
29674.520329,2878443431,2878444550,15835,1119
29674.531041,2878451306,2878452429,15949,1123
29674.540328,2878459201,2878460326,15964,1125
29674.552085,2878467078,2878468197,15913,1119
29674.562602,2878474948,2878476064,15939,1116
29674.572330,2878482812,2878483935,15967,1123
29674.583638,2878490689,2878491805,15832,1116
29674.592331,2878498557,2878499675,15946,1118
29674.604332,2878506420,2878507538,15973,1118
29674.615199,2878514277,2878515396,15829,1119
29674.624328,2878522151,2878523271,15944,1120
29674.636245,2878530016,2878531140,15969,1124
29674.646759,2878537893,2878539011,15832,1118
29674.656332,2878545756,2878546877,15961,1121
29674.667806,2878553627,2878554751,15968,1124
29674.676330,2878561495,2878562613,15832,1118
29674.688330,2878569362,2878570480,15940,1118
29674.699366,2878577227,2878578347,15968,1120
29674.708329,2878585100,2878586223,15833,1123
29674.720328,2878592971,2878594090,15947,1119
29674.730927,2878600844,2878601969,15955,1125
29674.740331,2878608723,2878609848,15832,1125
29674.751959,2878616593,2878617714,15851,1121
29674.762487,2878624463,2878625581,15971,1118
29674.772328,2878632327,2878633451,15831,1124
29674.783521,2878640197,2878641315,15946,1118
29674.792330,2878648072,2878649193,15963,1121
29674.804330,2878655948,2878657073,15845,1125
29674.815078,2878663825,2878664944,15932,1119
29674.824333,2878671713,2878672832,15971,1119
29674.836118,2878679588,2878680704,15828,1116
29674.846642,2878687462,2878688578,15944,1116
29674.856329,2878695330,2878696452,15953,1122
29674.867678,2878703196,2878704314,15828,1118
29674.876333,2878711059,2878712177,15946,1118
29674.888327,2878718917,2878720037,15972,1120
29674.899246,2878726788,2878727912,15908,1124
29674.908335,2878734659,2878735778,15947,1119
29674.920286,2878742521,2878743641,15962,1120
29674.930799,2878750393,2878751517,15825,1124
29674.940328,2878758271,2878759394,15945,1123
29674.951845,2878766149,2878767273,15966,1124
29674.962360,2878774024,2878775143,15822,1119
29674.972333,2878781901,2878783023,15949,1122
29674.983406,2878789776,2878790900,15965,1124
29674.992329,2878797648,2878798767,15832,1119
29675.004328,2878805523,2878806641,15965,1118
29675.014967,2878813397,2878814512,15967,1115
29675.024331,2878821266,2878822389,15829,1123
29675.036001,2878829138,2878830257,15948,1119
29675.046527,2878837000,2878838118,15966,1118
29675.056333,2878844866,2878845988,15835,1122
29675.067564,2878852744,2878853860,15944,1116
29675.076327,2878860609,2878861733,15968,1124
29675.088330,2878868488,2878869611,15835,1123
29675.099120,2878876369,2878877494,15848,1125
29675.108328,2878884270,2878885394,15968,1124
29675.120159,2878892150,2878893269,15834,1119
29675.130682,2878900021,2878901145,15946,1124
29675.140327,2878907900,2878909025,15966,1125
29675.151719,2878915780,2878916903,15846,1123
29675.160329,2878923656,2878924774,15948,1118
29675.172331,2878931523,2878932645,15968,1122
29675.183279,2878939402,2878940526,15830,1124
29675.192330,2878947283,2878948401,15945,1118
29675.204326,2878955147,2878956265,15953,1118
29675.214839,2878963014,2878964132,15826,1118
29675.224328,2878970899,2878972023,15871,1124
29675.235886,2878978780,2878979900,15969,1120
29675.246407,2878986646,2878987767,15909,1121
29675.256331,2878994527,2878995648,15935,1121
29675.267447,2879002390,2879003510,15970,1120
29675.276333,2879010259,2879011384,15832,1125
29675.288328,2879018138,2879019256,15950,1118
29675.299006,2879026007,2879027130,15977,1123
29675.308332,2879033882,2879035005,15829,1123
29675.320041,2879041756,2879042872,15938,1116
29675.330568,2879049623,2879050744,15966,1121
29675.340334,2879057497,2879058617,15835,1120
29675.351603,2879065365,2879066484,15961,1119
29675.360329,2879073242,2879074366,15962,1124
29675.372328,2879081116,2879082237,15834,1121
29675.383162,2879088984,2879090104,15945,1120
29675.392329,2879096886,2879098002,15961,1116
29675.404199,2879104752,2879105876,15832,1124
29675.414723,2879112622,2879113741,15945,1119
29675.424334,2879120489,2879121607,15969,1118
29675.435759,2879128379,2879129504,15834,1125
29675.444335,2879136259,2879137373,15851,1114
29675.456328,2879144124,2879145246,15971,1122
29675.467319,2879151999,2879153117,15834,1118
29675.476331,2879159863,2879160981,15943,1118
29675.488329,2879167726,2879168845,15957,1119
29675.498880,2879175597,2879176712,15844,1115
29675.508328,2879183451,2879184569,15949,1118
29675.519926,2879191316,2879192435,15970,1119
29675.530440,2879199190,2879200309,15827,1119
29675.540328,2879207060,2879208180,15949,1120
29675.551487,2879214936,2879216048,15944,1112
29675.560328,2879222801,2879223920,15831,1119
29675.572332,2879230667,2879231785,15946,1118
29675.583047,2879238540,2879239659,15964,1119
29675.592327,2879246410,2879247530,15910,1120
29675.604081,2879254282,2879255406,15947,1124
29675.614607,2879262166,2879263285,15969,1119
29675.624330,2879270030,2879271149,15832,1119
29675.635644,2879277914,2879279033,15949,1119
29675.644330,2879285779,2879286903,15965,1124
29675.656328,2879293664,2879294783,15836,1119
29675.667202,2879301532,2879302651,15947,1119
29675.676332,2879309398,2879310517,15966,1119
29675.688239,2879317267,2879318376,15831,1109
29675.698764,2879325141,2879326266,15961,1125
29675.708327,2879333016,2879334137,15966,1121
29675.719799,2879340886,2879342006,15823,1120
29675.728327,2879348752,2879349870,15946,1118
29675.740327,2879356620,2879357742,15958,1122
29675.751359,2879364484,2879365601,15833,1117
29675.760330,2879372352,2879373471,15945,1119
29675.772328,2879380214,2879381335,15969,1121
29675.782928,2879388099,2879389223,15918,1124
29675.792330,2879395980,2879397104,15816,1124
29675.803965,2879403864,2879404988,15979,1124
29675.814486,2879411739,2879412863,15911,1124
29675.824335,2879419616,2879420740,15852,1124
29675.835527,2879427507,2879428628,16023,1121
29675.844331,2879435381,2879436499,15919,1118
29675.856332,2879443259,2879444379,15943,1120
29675.867087,2879451135,2879452250,15966,1115
29675.876332,2879459022,2879460141,15832,1119
29675.888122,2879466894,2879468013,15937,1119
29675.898648,2879474768,2879475889,15954,1121
29675.908333,2879482643,2879483764,15833,1121
29675.919682,2879490505,2879491624,15944,1119
29675.928327,2879498372,2879499496,15968,1124
29675.940328,2879506247,2879507368,15912,1121
29675.951242,2879514123,2879515242,15945,1119
29675.960331,2879521993,2879523112,15973,1119
29675.972279,2879529862,2879530981,15820,1119
29675.982802,2879537734,2879538852,15944,1118
29675.992334,2879545603,2879546721,15972,1118
29676.003839,2879553467,2879554585,15831,1118
29676.014364,2879561322,2879562441,15940,1119
29676.024328,2879569194,2879570318,15966,1124
29676.035399,2879577078,2879578194,15832,1116
29676.044335,2879584954,2879586072,15963,1118
29676.072332,2879599109,2879599733,11976,624
29676.083501,2879603106,2879603730,12098,624
29676.092330,2879609631,2879610748,15904,1117
29676.104336,2879617458,2879618564,15851,1106
29676.115059,2879625281,2879626400,15997,1119
29676.124333,2879633126,2879634247,15921,1121
29676.136093,2879640981,2879642105,15857,1124
29676.146617,2879648856,2879649975,15978,1119
29676.156328,2879656724,2879657846,15918,1122
29676.167651,2879664591,2879665710,15842,1119
29676.176327,2879672455,2879673579,15997,1124
29676.188327,2879680312,2879681434,15921,1122
29676.199211,2879688179,2879689298,15913,1119
29676.208330,2879696053,2879697177,16070,1124
29676.220257,2879703930,2879705054,16004,1124
29676.230771,2879711801,2879712920,15939,1119
29676.240326,2879719674,2879720794,16100,1120
29676.251819,2879727566,2879728688,15919,1122
29676.260334,2879735438,2879736557,15831,1119
29676.272334,2879743309,2879744432,15982,1123
29676.283377,2879751185,2879752305,15917,1120
29676.292329,2879759068,2879760183,15851,1115
29676.304330,2879766940,2879768059,15996,1119
29676.314940,2879774814,2879775935,15910,1121
29676.324332,2879782688,2879783813,15827,1125
29676.335977,2879790556,2879791675,15981,1119
29676.346498,2879798434,2879799549,15918,1115
29676.356329,2879806299,2879807418,15844,1119
29676.367538,2879814160,2879815283,15999,1123
29676.376327,2879822034,2879823153,15920,1119
29676.388327,2879829897,2879831019,15804,1122
29676.399098,2879837768,2879838888,15975,1120
29676.408328,2879845662,2879846777,15906,1115
29676.420130,2879853524,2879854648,15838,1124
29676.430662,2879861406,2879862527,15984,1121
29676.440329,2879869285,2879870404,15917,1119
29676.451693,2879877169,2879878288,15821,1119
29676.460327,2879885045,2879886164,15984,1119
29676.472332,2879892906,2879894024,15915,1118
29676.483251,2879900775,2879901894,15849,1119
29676.492329,2879908643,2879909758,15994,1115
29676.504298,2879916511,2879917630,15922,1119
29676.514812,2879924387,2879925511,15829,1124
29676.524333,2879932262,2879933380,15984,1118
29676.535857,2879940128,2879941252,15916,1124
29676.546372,2879948008,2879949126,15852,1118
29676.556335,2879955881,2879957000,15999,1119
29676.567418,2879962292,2879963409,15895,1117
29676.576331,2879970129,2879971253,15947,1124
29676.588333,2879978002,2879979123,16086,1121
29676.598978,2879985888,2879987012,16004,1124
29676.608334,2879993767,2879994890,15936,1123
29676.620018,2880001630,2880002747,16083,1117
29676.630540,2880009492,2880010616,16001,1124
29676.640332,2880017364,2880018479,15918,1115
29676.651578,2880025261,2880026382,16007,1121
29676.660328,2880033139,2880034260,15920,1121
29676.672328,2880041013,2880042133,15844,1120
29676.683139,2880048875,2880049994,16078,1119
29676.692336,2880056774,2880057893,15910,1119
29676.704171,2880064644,2880065763,15828,1119
29676.714698,2880072508,2880073629,15981,1121
29676.724330,2880080378,2880081496,15917,1118
29676.735729,2880088248,2880089367,15836,1119
29676.744331,2880096110,2880097228,16081,1118
29676.756329,2880103973,2880105097,16007,1124
29676.767292,2880111838,2880112958,15920,1120
29676.776327,2880119715,2880120840,16069,1125
29676.788334,2880127592,2880128714,15990,1122
29676.798852,2880135465,2880136583,15922,1118
29676.808329,2880143331,2880144450,15999,1119
29676.819899,2880151201,2880152325,15913,1124
29676.830412,2880159100,2880160219,15823,1119
29676.840331,2880166980,2880168104,15974,1124
29676.851458,2880174852,2880175971,15915,1119
29676.860334,2880182743,2880183867,15849,1124
29676.872335,2880190617,2880191737,16122,1120
29676.883019,2880198486,2880199605,16000,1119
29676.892331,2880206352,2880207472,15913,1120
29676.904058,2880214222,2880215335,16067,1113
29676.914578,2880222083,2880223202,16001,1119
29676.924330,2880229958,2880231078,15939,1120
29676.935619,2880237834,2880238953,16100,1119
29676.944330,2880245713,2880246833,16005,1120
29676.956333,2880253585,2880254704,15833,1119
29676.967178,2880261441,2880262564,15981,1123
29676.976333,2880269301,2880270415,15922,1114
29676.988211,2880277157,2880278277,15851,1120
29676.998740,2880285032,2880286150,16074,1118
29677.008330,2880292894,2880294013,16010,1119
29677.019771,2880300758,2880301882,15822,1124
29677.028333,2880308626,2880309750,15980,1124
29677.040331,2880316504,2880317622,15919,1118
29677.051331,2880324384,2880325505,15847,1121
29677.060332,2880332275,2880333396,16064,1121
29677.072333,2880340153,2880341276,16004,1123
29677.082891,2880348031,2880349150,15920,1119
29677.092328,2880355895,2880357014,16053,1119
29677.103936,2880363764,2880364881,16006,1117
29677.114452,2880371618,2880372736,15939,1118
29677.124327,2880379485,2880380605,16070,1120
29677.135498,2880387360,2880388481,16006,1121
29677.144330,2880395233,2880396348,15840,1115
29677.156336,2880403091,2880404215,15968,1124
29677.167057,2880410968,2880412089,15918,1121
29677.176331,2880418840,2880419960,15856,1120
29677.188097,2880426715,2880427833,16072,1118
29677.198619,2880434574,2880435697,16000,1123
29677.208327,2880442452,2880443572,15850,1120
29677.219656,2880450323,2880451442,15968,1119
29677.228331,2880458187,2880459306,15914,1119
29677.240330,2880466059,2880467183,15861,1124
29677.251218,2880473921,2880475039,16076,1118
29677.260327,2880481782,2880482907,16002,1125
29677.272253,2880489673,2880490792,15840,1119
29677.282777,2880497541,2880498660,15983,1119
29677.292327,2880505407,2880506532,15916,1125
29677.303811,2880513286,2880514409,15863,1123
29677.314339,2880521167,2880522290,15979,1123
29677.324331,2880529041,2880530164,15918,1123
29677.335372,2880536910,2880538028,15847,1118
29677.344333,2880544786,2880545907,15966,1121
29677.356329,2880552659,2880553778,15919,1119
29677.366932,2880560524,2880561643,15948,1119
29677.376328,2880568395,2880569516,16074,1121
29677.387978,2880576269,2880577391,16001,1122
29677.398492,2880584137,2880585257,15928,1120
29677.408330,2880591998,2880593122,16057,1124
29677.419537,2880599869,2880600988,15994,1119
29677.428331,2880607728,2880608843,15921,1115
29677.440332,2880615589,2880616712,16073,1123
29677.451098,2880623459,2880624578,15997,1119
29677.460327,2880631348,2880632471,15918,1123
29677.472137,2880639276,2880640400,16060,1124
29677.482657,2880647156,2880648280,15997,1124
29677.492329,2880655033,2880656151,15940,1118
29677.503700,2880662898,2880664011,16062,1113
29677.512328,2880670765,2880671884,16001,1119
29677.524328,2880678640,2880679764,15924,1124
29677.535257,2880686511,2880687629,16055,1118
29677.544331,2880694382,2880695500,16004,1118
29677.556290,2880702263,2880703382,15946,1119
29677.566819,2880710128,2880711247,16070,1119
29677.576329,2880717988,2880719107,16003,1119
29677.587851,2880725857,2880726975,15932,1118
29677.598378,2880733732,2880734851,15966,1119
29677.608329,2880741600,2880742724,15914,1124
29677.619412,2880749478,2880750594,15863,1116
29677.628332,2880757339,2880758457,16003,1118
29677.640330,2880765212,2880766331,15917,1119
29677.650973,2880773084,2880774203,15930,1119
29677.660328,2880780950,2880782071,16053,1121
29677.672016,2880788766,2880789884,15911,1118
29677.682533,2880796636,2880797755,15866,1119
29677.692328,2880804516,2880805635,15984,1119
29677.703578,2880812390,2880813508,15908,1118
29677.712328,2880820248,2880821372,15931,1124
29677.724333,2880828128,2880829247,16057,1119
29677.735137,2880836006,2880837124,16005,1118
29677.744330,2880843897,2880845018,15949,1121
29677.756177,2880851766,2880852884,16074,1118
29677.766699,2880859639,2880860764,16009,1125
29677.776331,2880867506,2880868626,15921,1120
29677.787737,2880875383,2880876501,16054,1118
29677.796331,2880883250,2880884369,16004,1119
29677.808333,2880891114,2880892233,15949,1119
29677.819298,2880898985,2880900104,16069,1119
29677.828329,2880906851,2880907975,16003,1124
29677.840331,2880914723,2880915844,15931,1121
29677.850857,2880922592,2880923713,16059,1121
29677.860331,2880930463,2880931588,16006,1125
29677.871891,2880938335,2880939458,15954,1123
29677.882420,2880946214,2880947332,16071,1118
29677.892329,2880954088,2880955208,16007,1120
29677.903452,2880961969,2880963086,15917,1117
29677.912331,2880969830,2880970954,15982,1124
29677.924327,2880977713,2880978837,15913,1124
29677.935012,2880985589,2880986709,15846,1120
29677.944327,2880993480,2880994596,15993,1116
29677.956059,2881001349,2881002468,15920,1119
29677.966572,2881009222,2881010340,15830,1118
29677.976328,2881017098,2881018221,16004,1123
29677.987619,2881024963,2881026082,15920,1119
29677.996333,2881032830,2881033949,15848,1119
29678.008329,2881040689,2881041812,15999,1123
29678.019180,2881048576,2881049695,16006,1119
29678.028332,2881056441,2881057557,15918,1116
29678.040219,2881064304,2881065423,16072,1119
29678.050739,2881072167,2881073288,15995,1121
29678.060328,2881080031,2881081152,15934,1121
29678.071779,2881087907,2881089027,16084,1120
29678.080329,2881095796,2881096912,16002,1116
29678.092328,2881103666,2881104785,15917,1119
29678.103338,2881111542,2881112654,16060,1112
29678.112330,2881119411,2881120527,16003,1116
29678.124333,2881127277,2881128397,15917,1120
29678.134900,2881135139,2881136255,16077,1116
29678.144328,2881142994,2881144117,16002,1123
29678.155932,2881150864,2881151984,15911,1120
29678.166459,2881158731,2881159849,16070,1118
29678.176331,2881166592,2881167710,16007,1118
29678.187494,2881174460,2881175583,15940,1123
29678.196329,2881182334,2881183452,16083,1118
29678.208330,2881190196,2881191320,16006,1124
29678.219053,2881198066,2881199180,15913,1114
29678.228328,2881205951,2881207070,16067,1119
29678.240098,2881213815,2881214934,16000,1119
29678.250615,2881221681,2881222799,15937,1118
29678.260327,2881229540,2881230659,16088,1119
29678.271660,2881237414,2881238537,15999,1123
29678.280327,2881245290,2881246409,15916,1119
29678.292327,2881253146,2881254264,16060,1118
29678.303218,2881261031,2881262153,16008,1122
29678.312329,2881268910,2881270030,15951,1120
29678.324257,2881276776,2881277895,16089,1119
29678.334779,2881284651,2881285775,16002,1124
29678.344330,2881292519,2881293638,15936,1119
29678.355817,2881300390,2881301503,15970,1113
29678.364327,2881308250,2881309374,15918,1124
29678.376328,2881316127,2881317251,15867,1124
29678.387379,2881323994,2881325111,15973,1117
29678.396329,2881331852,2881332970,15912,1118
29678.408329,2881339720,2881340842,15836,1122
29678.418937,2881347590,2881348709,15973,1119
29678.428331,2881355469,2881356592,15918,1123
29678.439972,2881363338,2881364454,15859,1116
29678.450500,2881371210,2881372330,15986,1120
29678.460334,2881379079,2881380203,15918,1124
29678.471531,2881386954,2881388072,15833,1118
29678.480329,2881394822,2881395947,15971,1125
29678.492331,2881402684,2881403802,16003,1118
29678.503093,2881410547,2881411667,15942,1120
29678.512328,2881418433,2881419551,16071,1118
29678.524138,2881426293,2881427411,16004,1118
29678.534653,2881434176,2881435301,15927,1125
29678.544329,2881442053,2881443174,16056,1121
29678.555697,2881449925,2881451050,16006,1125
29678.564328,2881457810,2881458926,15941,1116
29678.576331,2881465686,2881466811,16074,1125
29678.587259,2881473554,2881474676,16008,1122
29678.596327,2881481414,2881482532,15928,1118
29678.608298,2881489281,2881490397,16058,1116
29678.618818,2881497148,2881498267,16001,1119
29678.628331,2881505019,2881506137,15935,1118
29678.639860,2881512888,2881514012,16071,1124
29678.650380,2881520764,2881521885,15995,1121
29678.660333,2881528634,2881529752,15937,1118
29678.671417,2881536500,2881537621,16070,1121
29678.680331,2881544365,2881545489,16000,1124
29678.692327,2881552150,2881553269,15930,1119
29678.702980,2881560027,2881561149,16084,1122
29678.712329,2881567896,2881569015,15998,1119
29678.724012,2881575750,2881576868,15919,1118
29678.734539,2881583625,2881584749,16069,1124
29678.744330,2881591498,2881592622,16002,1124
29678.755572,2881599371,2881600492,15936,1121
29678.764331,2881607239,2881608354,16088,1115
29678.776333,2881615106,2881616225,16010,1119
29678.787133,2881622976,2881624095,15922,1119
29678.796327,2881630879,2881631999,16068,1120
29678.808178,2881638686,2881639811,16000,1125
29678.818692,2881646560,2881647678,15921,1118
29678.828327,2881654431,2881655549,16080,1118
29678.839742,2881662296,2881663414,16001,1118
29678.848336,2881670159,2881671276,15919,1117
29678.860331,2881678024,2881679144,16069,1120
29678.871300,2881685894,2881687013,16004,1119
29678.880329,2881693765,2881694889,15936,1124
29678.892335,2881701639,2881702764,16082,1125
29678.902861,2881709517,2881710640,15916,1123
29678.912329,2881717390,2881718510,15832,1120
29678.923898,2881725256,2881726371,15981,1115
29678.934420,2881733121,2881734239,15917,1118
29678.944327,2881740992,2881742108,15847,1116
29678.955460,2881748856,2881749975,15986,1119
29678.964335,2881756725,2881757849,15919,1124
29678.976334,2881764597,2881765712,15831,1115
29678.987019,2881772468,2881773587,15977,1119
29678.996331,2881780353,2881781471,15917,1118
29679.008052,2881788207,2881789326,15848,1119
29679.018581,2881796077,2881797193,16013,1116
29679.028329,2881803801,2881804920,16001,1119
29679.039612,2881811661,2881812786,15911,1125
29679.048328,2881819535,2881820650,16071,1115
29679.060330,2881827399,2881828517,16006,1118
29679.071173,2881835260,2881836380,15938,1120
29679.080330,2881843133,2881844250,16075,1117
29679.092220,2881850997,2881852122,16009,1125
29679.102733,2881858882,2881860005,15831,1123
29679.112329,2881866761,2881867878,15982,1117
29679.123779,2881874613,2881875732,15919,1119
29679.132330,2881882492,2881883612,15849,1120
29679.144332,2881890368,2881891493,15991,1125
29679.155341,2881898232,2881899350,15917,1118
29679.164326,2881906100,2881907215,15819,1115
29679.176336,2881913964,2881915083,15982,1119
29679.186900,2881921838,2881922961,15918,1123
29679.196334,2881929717,2881930838,15852,1121
29679.207940,2881937587,2881938706,15996,1119
29679.218461,2881945461,2881946576,15906,1115
29679.228326,2881953306,2881954425,15828,1119
29679.239499,2881961171,2881962289,15983,1118
29679.248328,2881969038,2881970158,15921,1120
29679.260327,2881976909,2881978028,15925,1119
29679.271060,2881984787,2881985907,16078,1120
29679.280333,2881992689,2881993808,16007,1119
29679.292092,2882000551,2882001667,15918,1116
29679.304123,2882009504,2882010627,15979,1123
29679.314635,2882017376,2882018494,15922,1118
29679.324329,2882025230,2882026346,16075,1116
29679.335683,2882033093,2882034212,16003,1119
29679.344330,2882040955,2882042073,15920,1118
29679.356332,2882048829,2882049945,16066,1116
29679.367241,2882056691,2882057809,15912,1118
29679.376327,2882064579,2882065703,15845,1124
29679.388282,2882072447,2882073566,15988,1119
29679.398804,2882080315,2882081436,15915,1121
29679.408331,2882088187,2882089307,15832,1120
29679.419841,2882096050,2882097172,15978,1122
29679.430363,2882103920,2882105038,15908,1118
29679.440328,2882111790,2882112909,15848,1119
29679.451403,2882119662,2882120781,15993,1119
29679.460330,2882127518,2882128639,15918,1121
29679.472328,2882135380,2882136499,15823,1119
29679.482962,2882143256,2882144375,16067,1119
29679.492330,2882151130,2882152246,15997,1116
29679.503996,2882158993,2882160118,15927,1125
29679.514523,2882166874,2882167992,16090,1118
29679.524334,2882174741,2882175856,16005,1115
29679.535555,2882182614,2882183737,15924,1123
29679.544335,2882190491,2882191609,16056,1118
29679.556335,2882198360,2882199476,16003,1116
29679.567116,2882206227,2882207346,15950,1119
29679.576328,2882214121,2882215240,16063,1119
29679.588161,2882221993,2882223111,16006,1118
29679.598676,2882229865,2882230983,15938,1118
29679.608330,2882237743,2882238868,16062,1125
29679.619721,2882245620,2882246737,16008,1117
29679.628328,2882253489,2882254613,15950,1124
29679.640335,2882261369,2882262488,16072,1119
29679.651283,2882269237,2882270360,16000,1123
29679.660335,2882277109,2882278229,15925,1120
29679.672320,2882284983,2882286102,16060,1119
29679.682841,2882292845,2882293968,16002,1123
29679.692331,2882300725,2882301843,15942,1118
29679.703881,2882308600,2882309721,16070,1121
29679.714405,2882316483,2882317601,15997,1118
29679.724331,2882324362,2882325482,15918,1120
29679.735442,2882332229,2882333348,16069,1119
29679.744334,2882340098,2882341222,16002,1124
29679.756327,2882347975,2882349100,15935,1125
29679.767004,2882355851,2882356975,15994,1124
29679.776333,2882363720,2882364839,15921,1119
29679.788035,2882371578,2882372699,15829,1121
29679.798563,2882379445,2882380565,15977,1120
29679.808329,2882387302,2882388426,15906,1124
29679.819596,2882395179,2882396302,15927,1123
29679.828327,2882403048,2882404167,16000,1119
29679.840331,2882410912,2882412027,15919,1115
29679.851156,2882418775,2882419889,15832,1114
29679.860334,2882426640,2882427760,15997,1120
29679.872202,2882434507,2882435628,15916,1121
29679.882717,2882442374,2882443498,15851,1124
29679.892328,2882450240,2882451359,15988,1119
29679.903763,2882458101,2882459226,15920,1125
29679.912328,2882465977,2882467100,15838,1123
29679.924333,2882473856,2882474975,16058,1119
29679.935321,2882481721,2882482840,16003,1119
29679.944328,2882489596,2882490720,15861,1124
29679.956331,2882497471,2882498589,15978,1118
29679.966883,2882505345,2882506460,15922,1115
29679.976327,2882513211,2882514332,15844,1121
29679.987921,2882521076,2882522197,15969,1121
29679.998442,2882528945,2882530065,15913,1120
29680.008334,2882536813,2882537932,15849,1119
29680.019482,2882544674,2882545796,15983,1122
29680.028335,2882552545,2882553661,15914,1116
29680.040328,2882560410,2882561525,15848,1115
29680.051041,2882568269,2882569388,15971,1119
29680.060327,2882576165,2882577283,15908,1118
29680.072079,2882584075,2882585199,15947,1124
29680.082603,2882591954,2882593074,16040,1120
29680.092330,2882599826,2882600945,15938,1119
29680.103638,2882607692,2882608816,16030,1124
29680.112331,2882615560,2882616679,16029,1119
29680.124331,2882623406,2882624527,15931,1121
29680.135199,2882631267,2882632383,16033,1116
29680.144329,2882639141,2882640259,16047,1118
29680.156241,2882647012,2882648131,15987,1119
29680.166759,2882654876,2882655996,16033,1120
29680.176329,2882662740,2882663859,16048,1119
29680.187798,2882670610,2882671734,15935,1124
29680.196329,2882678485,2882679599,16032,1114
29680.208328,2882686340,2882687458,16043,1118
29680.219356,2882694211,2882695333,15933,1122
29680.228330,2882702085,2882703203,16023,1118
29680.240328,2882709956,2882711074,16040,1118
29680.250916,2882717825,2882718950,15938,1125
29680.260332,2882725688,2882726811,16049,1123
29680.271962,2882733564,2882734679,16036,1115
29680.282477,2882741428,2882742548,15937,1120
29680.292333,2882749297,2882750416,16028,1119
29680.303524,2882757159,2882758279,16039,1120
29680.312329,2882765025,2882766144,15936,1119
29680.324329,2882772904,2882774024,16026,1120
29680.335085,2882780781,2882781900,16058,1119
29680.344331,2882788678,2882789796,15922,1118
29680.356117,2882796537,2882797650,15942,1113
29680.366646,2882804395,2882805514,16058,1119
29680.376330,2882812260,2882813376,15919,1116
29680.387679,2882820123,2882821242,16027,1119
29680.396331,2882827988,2882829112,16057,1124
29680.408330,2882835860,2882836975,15922,1115
29680.419239,2882843717,2882844840,16035,1123
29680.428330,2882851586,2882852701,16054,1115
29680.440276,2882859442,2882860562,15910,1120
29680.450800,2882867303,2882868421,16034,1118
29680.460328,2882875170,2882876289,16029,1119
29680.471836,2882883030,2882884151,15922,1121
29680.482360,2882890893,2882892006,16035,1113
29680.492330,2882898751,2882899875,16047,1124
29680.503403,2882906627,2882907752,15995,1125
29680.512330,2882914502,2882915625,16034,1123
29680.524328,2882922372,2882923487,16054,1115
29680.534957,2882930252,2882931374,15913,1122
29680.544333,2882938135,2882939254,16032,1119
29680.556002,2882946000,2882947121,16056,1121
29680.566517,2882953869,2882954994,15917,1125
29680.576335,2882961737,2882962861,16028,1124
29680.587565,2882969605,2882970724,16055,1119
29680.596334,2882977472,2882978590,15920,1118
29680.608329,2882985336,2882986452,16044,1116
29680.619125,2882993191,2882994311,16055,1120
29680.628327,2883001098,2883002218,15919,1120
29680.640158,2883008964,2883010083,16036,1119
29680.650685,2883016827,2883017946,16055,1119
29680.660328,2883024689,2883025808,15922,1119
29680.671719,2883032553,2883033671,16029,1118
29680.680330,2883040417,2883041536,16059,1119
29680.692330,2883048278,2883049396,15922,1118
29680.703278,2883056136,2883057261,15935,1125
29680.712328,2883064008,2883065123,16044,1115
29680.724315,2883071873,2883072994,15918,1121
29680.734840,2883079749,2883080870,16029,1121
29680.744330,2883087619,2883088735,16061,1116
29680.755876,2883095483,2883096601,15935,1118
29680.766400,2883103339,2883104459,16035,1120
29680.776330,2883111209,2883112327,16048,1118
29680.787436,2883119072,2883120192,15924,1120
29680.796335,2883126945,2883128066,16081,1121
29680.808329,2883134825,2883135950,15748,1125
29680.818997,2883142697,2883143820,15980,1123
29680.828327,2883150572,2883151696,16088,1124
29680.840044,2883158440,2883159563,16002,1123
29680.850565,2883166315,2883167436,15995,1121
29680.860333,2883174184,2883175307,16084,1123
29680.871604,2883182050,2883183168,16056,1118
29680.880328,2883189920,2883191040,15917,1120
29680.892330,2883197777,2883198898,16034,1121
29680.903163,2883205639,2883206764,16053,1125
29680.912327,2883213510,2883214623,15920,1113
29680.924199,2883221367,2883222491,16032,1124
29680.934726,2883229245,2883230376,15996,1131
29680.944334,2883237136,2883238257,15835,1121
29680.955761,2883244999,2883246117,15962,1118
29680.964331,2883252878,2883253996,15972,1118
29680.976331,2883260743,2883261863,15836,1120
29680.987319,2883268606,2883269726,15943,1120
29680.996331,2883276468,2883277581,15971,1113
29681.008334,2883284329,2883285448,15831,1119
29681.018880,2883292196,2883293318,15937,1122
29681.028327,2883300071,2883301189,15967,1118
29681.039916,2883307939,2883309059,15831,1120
29681.050438,2883315794,2883316912,15848,1118
29681.060330,2883323657,2883324773,15971,1116
29681.071477,2883331520,2883332639,15832,1119
29681.080333,2883339390,2883340513,15943,1123
29681.092334,2883347251,2883348375,15972,1124
29681.103038,2883355116,2883356231,15853,1115
29681.112334,2883362966,2883364090,15936,1124
29681.124084,2883370836,2883371960,15974,1124
29681.134597,2883378703,2883379825,15835,1122
29681.144330,2883386575,2883387691,15935,1116
29681.155643,2883394447,2883395565,15940,1118
29681.164332,2883402309,2883403424,15845,1115
29681.176328,2883410173,2883411287,15936,1114
29681.187205,2883418025,2883419144,15958,1119
29681.196333,2883425896,2883427020,15904,1124
29681.208238,2883433769,2883434888,15941,1119
29681.218764,2883441637,2883442755,15960,1118
29681.228329,2883449501,2883450620,15846,1119
29681.239799,2883457373,2883458492,15947,1119
29681.248332,2883465231,2883466339,15963,1108
29681.260336,2883473088,2883474207,15845,1119
29681.271359,2883480944,2883482063,15949,1119
29681.280330,2883488810,2883489931,15950,1121
29681.292331,2883496673,2883497788,15843,1115
29681.302921,2883504530,2883505649,15965,1119
29681.312332,2883512396,2883513516,15954,1120
29681.323956,2883520267,2883521392,15840,1125
29681.334480,2883528134,2883529250,15945,1116
29681.344329,2883536012,2883537129,16076,1117
29681.355517,2883543877,2883544995,15933,1118
29681.364331,2883551751,2883552865,16029,1114
29681.376329,2883559609,2883560724,16049,1115
29681.387077,2883567463,2883568582,15924,1119
29681.396330,2883575355,2883576479,15953,1124
29681.408123,2883583221,2883584336,16039,1115
29681.418637,2883591084,2883592201,15933,1117
29681.428328,2883598944,2883600063,16037,1119
29681.439684,2883606807,2883607926,16047,1119
29681.448330,2883614670,2883615782,15944,1112
29681.460328,2883622523,2883623642,16032,1119
29681.471243,2883630387,2883631502,16043,1115
29681.480327,2883638242,2883639361,15933,1119
29681.492279,2883646103,2883647221,16032,1118
29681.502804,2883653964,2883655079,16031,1115
29681.512332,2883661828,2883662947,15936,1119
29681.523840,2883669693,2883670817,16027,1124
29681.534364,2883677561,2883678683,16039,1122
29681.544328,2883685443,2883686561,16002,1118
29681.555399,2883693324,2883694444,16036,1120
29681.564328,2883701193,2883702309,16041,1116
29681.576329,2883709055,2883710180,15924,1125
29681.586960,2883716932,2883718051,16033,1119
29681.596330,2883724801,2883725917,16042,1116
29681.607996,2883732659,2883733784,15927,1125
29681.618520,2883740542,2883741665,16021,1123
29681.628329,2883748416,2883749535,16042,1119
29681.639557,2883756284,2883757403,15932,1119
29681.648334,2883764156,2883765270,16048,1114
29681.660332,2883772017,2883773139,16038,1122
29681.671118,2883779887,2883781011,15927,1124
29681.680327,2883787778,2883788893,16029,1115
29681.692163,2883795636,2883796755,16038,1119
29681.702678,2883803484,2883804609,15920,1125
29681.712332,2883811353,2883812477,16030,1124
29681.723723,2883819226,2883820345,16034,1119
29681.732327,2883827095,2883828211,15928,1116
29681.744328,2883834958,2883836076,15948,1118
29681.755285,2883842815,2883843934,16048,1119
29681.764330,2883850680,2883851791,15922,1111
29681.776319,2883858541,2883859666,16023,1125
29681.786844,2883866417,2883867535,16032,1118
29681.796327,2883874280,2883875392,15953,1112
29681.807879,2883882147,2883883265,16022,1118
29681.818407,2883890001,2883891121,16045,1120
29681.828332,2883897871,2883898989,15931,1118
29681.839440,2883905741,2883906860,16023,1119
29681.848328,2883913605,2883914714,16029,1109
29681.860330,2883921458,2883922572,15931,1114
29681.871000,2883929317,2883930436,16036,1119
29681.880331,2883937178,2883938296,16044,1118
29681.892042,2883945047,2883946165,16000,1118
29681.902561,2883952916,2883954039,16032,1123
29681.912327,2883960774,2883961898,16039,1124
29681.923597,2883968641,2883969756,15933,1115
29681.932327,2883976502,2883977622,16032,1120
29681.944328,2883984364,2883985479,16047,1115
29681.955158,2883992235,2883993351,15799,1116
29681.964327,2884000133,2884001253,15948,1120
29681.976204,2884008002,2884009127,15970,1125
29681.986718,2884015879,2884016998,15833,1119
29681.996327,2884023745,2884024863,15960,1118
29682.007765,2884031603,2884032722,15971,1119
29682.016329,2884039466,2884040589,15835,1123
29682.028330,2884047338,2884048456,15934,1118
29682.039325,2884055211,2884056331,15958,1120
29682.048327,2884063081,2884064200,15833,1119
29682.060336,2884070944,2884072059,15943,1115
29682.070886,2884078804,2884079923,15975,1119
29682.080331,2884086672,2884087791,15829,1119
29682.091918,2884094529,2884095649,15851,1120
29682.102446,2884102400,2884103524,15970,1124
29682.112332,2884110275,2884111391,15831,1116
29682.123480,2884118129,2884119246,15947,1117
29682.132333,2884125999,2884127114,15968,1115
29682.144336,2884133870,2884134990,15839,1120
29682.155041,2884141732,2884142851,15945,1119
29682.164332,2884149638,2884150751,16053,1113
29682.176076,2884157497,2884158618,15920,1121
29682.186601,2884165370,2884166494,16034,1124
29682.196327,2884173240,2884174364,16041,1124
29682.207637,2884181106,2884182225,15916,1119
29682.216328,2884188971,2884190095,16035,1124
29682.228330,2884196850,2884197968,16053,1118
29682.239205,2884204711,2884205831,16000,1120
29682.248328,2884212577,2884213695,16029,1118
29682.260244,2884220441,2884221560,16055,1119
29682.270758,2884228301,2884229424,15914,1123
29682.280333,2884236169,2884237284,16032,1115
29682.291803,2884244033,2884245152,16061,1119
29682.300329,2884251890,2884253008,15922,1118
29682.312333,2884259756,2884260879,16030,1123
29682.323365,2884267626,2884268750,16058,1124
29682.332329,2884275500,2884276618,15922,1118
29682.344328,2884283370,2884284488,16054,1118
29682.354926,2884291229,2884292345,16050,1116
29682.364332,2884299103,2884300223,15918,1120
29682.375959,2884306973,2884308088,16023,1115
29682.386486,2884314837,2884315962,16052,1125
29682.396335,2884322713,2884323829,15921,1116
29682.407520,2884330578,2884331696,16031,1118
29682.416328,2884338453,2884339570,16054,1117
29682.428330,2884346319,2884347444,15917,1125
29682.439079,2884354199,2884355314,15935,1115
29682.448334,2884362080,2884363203,16057,1123
29682.460117,2884369945,2884371066,15909,1121
29682.470641,2884377809,2884378925,16028,1116
29682.480327,2884385670,2884386793,16051,1123
29682.491677,2884393542,2884394660,15933,1118
29682.500333,2884401408,2884402523,16034,1115
29682.512328,2884409268,2884410387,16060,1119
29682.523239,2884417135,2884418259,15924,1124
29682.532335,2884425004,2884426128,16034,1124
29682.544285,2884432878,2884433996,16033,1118
29682.554798,2884440747,2884441867,15919,1120
29682.564330,2884448610,2884449728,16027,1118
29682.575845,2884456484,2884457596,16051,1112
29682.586366,2884464347,2884465470,15995,1123
29682.596329,2884472220,2884473338,16035,1118
29682.607405,2884480097,2884481215,16050,1118
29682.616331,2884487970,2884489089,15917,1119
29682.628329,2884495819,2884496937,16029,1118
29682.638965,2884503681,2884504801,16055,1120
29682.648328,2884511552,2884512674,15923,1122
29682.660000,2884519422,2884520541,16020,1119
29682.670526,2884527287,2884528407,16056,1120
29682.680330,2884535156,2884536280,15923,1124
29682.691562,2884543029,2884544153,16051,1124
29682.700332,2884550905,2884552024,16045,1119
29682.712328,2884558775,2884559894,15920,1119
29682.723121,2884566640,2884567759,16033,1119
29682.732333,2884574501,2884575622,16055,1121
29682.744157,2884582368,2884583487,15906,1119
29682.754683,2884590231,2884591350,16031,1119
29682.764330,2884598101,2884599226,16058,1125
29682.775719,2884605968,2884607087,15932,1119
29682.784334,2884613839,2884614959,15939,1120
29682.796328,2884621703,2884622827,16058,1124
29682.807278,2884629565,2884630676,15904,1111
29682.816332,2884637417,2884638533,16033,1116
29682.828325,2884645305,2884646429,16055,1124
29682.838838,2884653174,2884654290,15927,1116
29682.848329,2884661042,2884662162,16034,1120
29682.859885,2884668914,2884670033,16056,1119
29682.870401,2884676784,2884677904,15919,1120
29682.880329,2884684650,2884685769,16028,1119
29682.891446,2884692517,2884693635,16046,1118
29682.900328,2884700382,2884701498,15919,1116
29682.912330,2884708240,2884709359,16036,1119
29682.923006,2884716094,2884717212,16056,1118
29682.932332,2884723930,2884725049,16000,1119
29682.944040,2884731788,2884732908,16036,1120
29682.954566,2884739661,2884740780,16054,1119
29682.964327,2884747533,2884748647,15918,1114
29682.975597,2884755452,2884756570,16025,1118
29682.984330,2884763315,2884764434,16053,1119
29682.996328,2884771173,2884772292,15921,1119
29683.007161,2884779039,2884780150,16034,1111
29683.016330,2884786896,2884788015,16049,1119
29683.028197,2884794765,2884795884,15918,1119
29683.038722,2884802631,2884803749,16052,1118
29683.048333,2884810489,2884811612,16058,1123
29683.059758,2884818356,2884819471,15920,1115
29683.068327,2884826220,2884827338,16033,1118
29683.080327,2884834087,2884835202,16060,1115
29683.091318,2884841942,2884843061,15920,1119
29683.100330,2884849808,2884850926,16036,1118
29683.112329,2884857662,2884858780,16058,1118
29683.122878,2884865517,2884866640,15917,1123
29683.132330,2884873391,2884874508,15936,1117
29683.143925,2884881266,2884882390,16050,1124
29683.154438,2884889140,2884890258,15914,1118
29683.164336,2884897005,2884898123,16037,1118
29683.175486,2884904862,2884905977,16058,1115
29683.184332,2884912714,2884913837,15932,1123
29683.196328,2884920583,2884921697,16034,1114
29683.207046,2884928434,2884929552,16055,1118
29683.216334,2884936325,2884937449,15921,1124
29683.228080,2884944190,2884945309,16035,1119
29683.238606,2884952059,2884953184,16044,1125
29683.248328,2884959928,2884961051,15921,1123
29683.259641,2884967804,2884968923,16026,1119
29683.268335,2884975679,2884976798,16058,1119
29683.280330,2884983530,2884984643,15995,1113
29683.291199,2884991371,2884992490,15978,1119
29683.300328,2884999227,2885000346,16057,1119
29683.312237,2885007100,2885008220,15916,1120
29683.322762,2885014980,2885016100,16021,1120
29683.332332,2885022847,2885023969,16059,1122
29683.343798,2885030720,2885031840,15919,1120
29683.352333,2885038577,2885039688,16031,1111
29683.364329,2885046439,2885047548,16056,1109
29683.375358,2885054291,2885055415,15923,1124
29683.384327,2885062179,2885063295,16048,1116
29683.396333,2885070039,2885071158,16061,1119
29683.406919,2885077913,2885079030,15918,1117
29683.416329,2885085773,2885086892,16035,1119
29683.427966,2885093642,2885094756,16049,1114
29683.438479,2885101505,2885102623,15909,1118
29683.448327,2885109369,2885110492,16030,1123
29683.459526,2885117244,2885118363,16046,1119
29683.468328,2885125109,2885126224,15915,1115
29683.480330,2885132974,2885134093,15936,1119
29683.491086,2885140835,2885141955,16054,1120
29683.500329,2885148729,2885149848,15920,1119
29683.512120,2885156599,2885157719,16031,1120
29683.522647,2885164463,2885165588,16060,1125
29683.532328,2885172344,2885173467,15934,1123
29683.543681,2885180217,2885181336,16037,1119
29683.552329,2885188075,2885189193,16057,1118
29683.564328,2885195937,2885197051,15918,1114
29683.575241,2885203799,2885204919,16028,1120
29683.584331,2885211696,2885212816,16042,1120
29683.596277,2885219578,2885220703,15831,1125
29683.606802,2885227451,2885228576,15940,1125
29683.616330,2885235334,2885236451,15968,1117
29683.627845,2885243200,2885244324,15914,1124
29683.638362,2885251073,2885252189,15944,1116
29683.648332,2885258935,2885260052,15968,1117
29683.659398,2885266800,2885267924,15830,1124
29683.668332,2885274669,2885275788,15945,1119
29683.680328,2885282543,2885283661,15970,1118
29683.690959,2885290400,2885291519,15818,1119
29683.700333,2885298263,2885299382,15948,1119
29683.712005,2885306129,2885307242,15972,1113
29683.722519,2885313983,2885315102,15837,1119
29683.732328,2885321850,2885322973,15959,1123
29683.743566,2885329725,2885330844,15966,1119
29683.752328,2885337582,2885338703,15833,1121
29683.764330,2885345452,2885346566,15933,1114
29683.775126,2885353297,2885354407,15968,1110
29683.784332,2885361173,2885362288,15833,1115
29683.796161,2885369041,2885370161,15904,1120
29683.806687,2885376905,2885378024,16048,1119
29683.816327,2885384771,2885385890,15920,1119
29683.827719,2885392634,2885393753,15932,1119
29683.836327,2885400493,2885401611,16060,1118
29683.848329,2885408321,2885409435,15916,1114
29683.859281,2885416164,2885417279,16034,1115
29683.868331,2885424029,2885425148,16055,1119
29683.880318,2885431904,2885433025,15929,1121
29683.890842,2885439748,2885440867,16002,1119
29683.900333,2885447612,2885448736,16062,1124
29683.911878,2885455487,2885456605,15919,1118
29683.922402,2885463356,2885464481,16033,1125
29683.932329,2885471230,2885472349,16087,1119
29683.943438,2885479103,2885480227,15917,1124
29683.952335,2885486972,2885488089,16024,1117
29683.964328,2885494830,2885495940,16048,1110
29683.975006,2885502684,2885503807,15997,1123
29683.984327,2885510553,2885511668,16032,1115
29683.996046,2885518351,2885519465,16090,1114
29684.006559,2885526215,2885527334,15922,1119
29684.016331,2885534080,2885535198,16032,1118
29684.027605,2885541921,2885543040,16060,1119
29684.036335,2885549779,2885550899,15914,1120
29684.048335,2885557638,2885558760,16034,1122
29684.059167,2885565500,2885566624,16057,1124
29684.068331,2885573379,2885574504,15920,1125
29684.080203,2885581256,2885582371,16039,1115
29684.090727,2885589111,2885590229,16059,1118
29684.100331,2885596944,2885598060,15921,1116
29684.111762,2885604809,2885605932,16027,1123
29684.120330,2885612680,2885613800,16056,1120
29684.132327,2885620542,2885621659,15921,1117
29684.143322,2885628405,2885629522,16027,1117
29684.152332,2885636263,2885637381,16054,1118
29684.164328,2885644132,2885645252,15919,1120
29684.174880,2885651995,2885653115,15934,1120
29684.184330,2885659846,2885660964,16079,1118
29684.195918,2885667712,2885668831,15921,1119
29684.206442,2885675588,2885676704,15942,1116
29684.216328,2885683454,2885684574,15957,1120
29684.227481,2885691309,2885692433,15878,1124
29684.236330,2885699181,2885700304,15949,1123
29684.248333,2885707038,2885708160,15966,1122
29684.259040,2885714918,2885716034,15833,1116
29684.268328,2885722777,2885723896,15944,1119
29684.280086,2885730636,2885731755,15960,1119
29684.290599,2885738500,2885739622,15836,1122
29684.300335,2885746368,2885747487,15944,1119
29684.311646,2885754245,2885755362,15971,1117
29684.320330,2885762104,2885763223,15907,1119
29684.332328,2885769974,2885771096,15944,1122
29684.343207,2885777841,2885778962,15969,1121
29684.352327,2885785728,2885786848,15821,1120
29684.364241,2885793598,2885794707,15946,1109
29684.374766,2885801459,2885802579,15965,1120
29684.384327,2885809324,2885810443,15833,1119
29684.395801,2885817190,2885818314,15948,1124
29684.404328,2885825052,2885826164,16011,1112
29684.416327,2885832893,2885834006,15840,1113
29684.427363,2885840755,2885841871,15961,1116
29684.436330,2885848617,2885849736,15952,1119
29684.448333,2885856476,2885857591,15847,1115
29684.458922,2885864344,2885865463,15942,1119
29684.468330,2885872214,2885873333,15951,1119
29684.479959,2885880085,2885881201,15847,1116
29684.490482,2885887947,2885889072,15943,1125
29684.500332,2885895819,2885896938,15953,1119
29684.511519,2885903681,2885904800,15846,1119
29684.520331,2885911525,2885912640,15862,1115
29684.532329,2885919386,2885920505,15959,1119
29684.543079,2885927250,2885928369,15842,1119
29684.552335,2885935137,2885936245,15943,1108
29684.564124,2885942984,2885944099,15957,1115
29684.574639,2885950843,2885951959,15853,1116
29684.584329,2885958684,2885959804,15948,1120
29684.595685,2885966533,2885967647,15960,1114
29684.604331,2885974388,2885975507,15837,1119
29684.616334,2885982267,2885983388,16035,1121
29684.627246,2885990117,2885991235,16028,1118
29684.636327,2885997963,2885999083,15934,1120
29684.648280,2886005832,2886006950,16031,1118
29684.658805,2886013697,2886014814,16047,1117
29684.668327,2886021566,2886022690,15999,1124
29684.679841,2886029439,2886030553,16031,1114
29684.690366,2886037304,2886038423,16045,1119
29684.700330,2886045146,2886046270,15960,1124
29684.711402,2886053015,2886054139,16033,1124
29684.720328,2886060880,2886061998,16034,1118
29684.732329,2886068756,2886069874,15933,1118
29684.742962,2886076624,2886077748,16032,1124
29684.752329,2886084490,2886085609,16039,1119
29684.763998,2886092351,2886093470,15932,1119
29684.774525,2886100212,2886101336,16048,1124
29684.784330,2886108086,2886109201,16046,1115
29684.795559,2886115952,2886117072,15935,1120
29684.804330,2886123816,2886124929,16029,1113
29684.816334,2886131658,2886132775,15947,1117
29684.827122,2886139505,2886140624,15875,1119
29684.836336,2886147361,2886148476,15944,1115
29684.848165,2886155206,2886156326,15962,1120
29684.858679,2886163079,2886164198,15847,1119
29684.868327,2886170941,2886172065,15859,1124
29684.879725,2886178809,2886179922,15955,1113
29684.888334,2886186663,2886187783,15842,1120
29684.900330,2886194526,2886195636,15936,1110
29684.911286,2886202390,2886203508,15955,1118
29684.920328,2886210259,2886211373,15854,1114
29684.932321,2886218111,2886219234,15948,1123
29684.942846,2886225981,2886227104,15959,1123
29684.952328,2886233823,2886234947,15849,1124
29684.963881,2886241689,2886242803,15934,1114
29684.974406,2886249547,2886250659,15942,1112
29684.984328,2886257408,2886258522,15844,1114
29684.995441,2886265246,2886266369,15933,1123
29685.004327,2886273111,2886274227,15959,1116
29685.016328,2886280988,2886282107,15907,1119
29685.027002,2886288853,2886289972,15947,1119
29685.036331,2886296708,2886297823,15954,1115
29685.048038,2886304560,2886305682,15845,1122
29685.058563,2886312427,2886313551,15945,1124
29685.084332,2886326320,2886326941,12040,621
29685.096139,2886330311,2886330932,12069,621
29685.106651,2886336900,2886338012,15941,1112
29685.116332,2886344721,2886345832,15950,1111
29685.127698,2886352546,2886353666,16027,1120
29685.136331,2886360385,2886361497,15934,1112
29685.148332,2886368217,2886369328,16035,1111
29685.159259,2886376078,2886377189,15973,1111
29685.168330,2886383888,2886385007,15865,1119
29685.180292,2886391727,2886392835,15946,1108
29685.190819,2886399562,2886400676,16003,1114
29685.200330,2886407391,2886408500,15853,1109
29685.211853,2886415221,2886416331,15939,1110
29685.222379,2886423093,2886424218,16104,1125
29685.232329,2886430939,2886432059,15952,1120
29685.243411,2886438795,2886439911,15975,1116
29685.252327,2886446655,2886447779,16048,1124
29685.264330,2886454523,2886455638,16002,1115
29685.274974,2886462384,2886463508,16035,1124
29685.284328,2886470233,2886471348,16054,1115
29685.296010,2886478082,2886479205,15921,1123
29685.306534,2886485959,2886487084,16031,1125
29685.316331,2886493834,2886494953,16057,1119
29685.327573,2886501685,2886502801,15938,1116
29685.336330,2886509539,2886510657,16006,1118
29685.348330,2886517405,2886518522,16053,1117
29685.359134,2886525236,2886526358,15956,1122
29685.368333,2886533111,2886534225,16045,1114
29685.380178,2886540951,2886542066,16050,1115
29685.390692,2886548785,2886549896,15920,1111
29685.400328,2886556642,2886557766,16033,1124
29685.411738,2886564497,2886565616,16055,1119
29685.420328,2886572342,2886573455,15921,1113
29685.432329,2886580220,2886581340,16035,1120
29685.443298,2886588084,2886589203,16045,1119
29685.452332,2886595928,2886597047,15923,1119
29685.464331,2886603795,2886604917,15935,1122
29685.474859,2886611666,2886612784,16050,1118
29685.484331,2886619529,2886620644,15923,1115
29685.495893,2886627384,2886628499,16032,1115
29685.506419,2886635231,2886636349,16054,1118
29685.516333,2886643101,2886644220,15933,1119
29685.527454,2886650960,2886652070,16031,1110
29685.536328,2886658806,2886659925,16049,1119
29685.548330,2886666677,2886667792,15925,1115
29685.559014,2886674540,2886675661,16026,1121
29685.568329,2886682408,2886683525,16053,1117
29685.580052,2886688817,2886689932,15831,1115
29685.590574,2886696638,2886697754,15944,1116
29685.600330,2886704463,2886705582,15960,1119
29685.611618,2886712317,2886713435,15919,1118
29685.620331,2886720169,2886721280,15941,1111
29685.632332,2886727993,2886729112,15966,1119
29685.643171,2886735848,2886736960,15816,1112
29685.652331,2886743711,2886744826,15946,1115
29685.664216,2886751566,2886752684,15967,1118
29685.674732,2886759432,2886760551,15840,1119
29685.684335,2886767299,2886768419,15943,1120
29685.695779,2886775174,2886776292,15964,1118
29685.704329,2886783042,2886784163,15832,1121
29685.716332,2886790916,2886792037,15965,1121
29685.727339,2886798791,2886799915,15958,1124
29685.736331,2886806664,2886807783,15835,1119
29685.748331,2886814519,2886815641,15932,1122
29685.758899,2886822378,2886823498,15973,1120
29685.768331,2886830245,2886831360,15827,1115
29685.779933,2886838109,2886839222,15935,1113
29685.790459,2886845963,2886847074,15965,1111
29685.800330,2886853817,2886854927,15830,1110
29685.811492,2886861675,2886862798,15848,1123
29685.820330,2886869516,2886870640,15968,1124
29685.832329,2886877392,2886878508,15831,1116
29685.843060,2886885258,2886886381,15984,1123
29685.852330,2886893139,2886894262,15900,1123
29685.864090,2886900999,2886902120,15835,1121
29685.874618,2886908869,2886909993,15972,1124
29685.884331,2886916742,2886917866,15912,1124
29685.895651,2886924452,2886925573,15854,1121
29685.904332,2886932306,2886933431,16002,1125
29685.916332,2886940184,2886941303,15956,1119
29685.927211,2886948042,2886949161,15838,1119
29685.936329,2886955913,2886957029,15942,1116
29685.948257,2886963772,2886964896,15963,1124
29685.958779,2886971653,2886972778,15915,1125
29685.968331,2886979512,2886980627,15947,1115
29685.979818,2886987358,2886988478,15997,1120
29685.988331,2886995227,2886996341,15840,1114
29686.000331,2887003078,2887004197,15888,1119
29686.011377,2887010945,2887012065,15967,1120
29686.020333,2887018822,2887019941,15836,1119
29686.032329,2887026670,2887027786,15947,1116
29686.042939,2887034532,2887035652,15945,1120
29686.052329,2887042402,2887043528,15834,1126
29686.063975,2887050275,2887051390,15962,1115
29686.074500,2887058132,2887059256,15957,1124
29686.084330,2887066001,2887067121,15827,1120
29686.095534,2887073876,2887074994,15941,1118
29686.104328,2887081745,2887082868,15959,1123
29686.116334,2887089619,2887090739,15838,1120
29686.127094,2887097487,2887098606,15942,1119
29686.136330,2887105373,2887106492,15964,1119
29686.148131,2887113246,2887114364,15834,1118
29686.158653,2887121119,2887122238,15844,1119
29686.168327,2887128957,2887130075,15966,1118
29686.179691,2887136824,2887137944,15835,1120
29686.188330,2887144688,2887145813,15948,1125
29686.200331,2887152556,2887153680,15969,1124
29686.211252,2887160406,2887161525,15852,1119
29686.220329,2887168271,2887169391,16030,1120
29686.232298,2887176130,2887177250,16054,1120
29686.242812,2887184004,2887185125,15830,1121
29686.252331,2887191843,2887192963,15917,1120
29686.263859,2887199717,2887200835,15941,1118
29686.274373,2887207565,2887208677,15836,1112
29686.284330,2887215411,2887216523,15941,1112
29686.295419,2887223241,2887224356,15967,1115
29686.304328,2887231095,2887232214,15911,1119
29686.316331,2887238931,2887240048,15949,1117
29686.326979,2887246781,2887247897,15959,1116
29686.336336,2887254629,2887255754,15856,1125
29686.348014,2887262501,2887263622,15945,1121
29686.358538,2887270373,2887271497,15964,1124
29686.368329,2887278249,2887279374,15835,1125
29686.379574,2887286095,2887287214,15945,1119
29686.388330,2887293960,2887295079,15963,1119
29686.400334,2887301800,2887302921,15834,1121
29686.411136,2887309664,2887310782,15959,1118
29686.420328,2887317551,2887318668,15957,1117
29686.432171,2887325420,2887326539,15827,1119
29686.442692,2887333249,2887334379,15939,1130
29686.452332,2887341111,2887342221,15969,1110
29686.463731,2887348935,2887350051,15840,1116
29686.472336,2887356797,2887357914,15948,1117
29686.484331,2887364655,2887365778,15961,1123
29686.495292,2887372518,2887373637,15828,1119
29686.504328,2887380376,2887381496,15937,1120
29686.516330,2887388240,2887389361,16055,1121
29686.526852,2887396113,2887397223,15923,1110
29686.536329,2887403965,2887405081,16031,1116
29686.547900,2887411823,2887412935,16074,1112
29686.558412,2887419674,2887420793,15939,1119
29686.568328,2887427532,2887428647,16027,1115
29686.579459,2887435386,2887436509,16054,1123
29686.588328,2887443257,2887444367,15921,1110
29686.600334,2887451119,2887452238,16034,1119
29686.611019,2887458981,2887460099,16030,1118
29686.620329,2887466851,2887467966,15928,1115
29686.632054,2887474684,2887475803,16029,1119
29686.642580,2887482524,2887483644,16054,1120
29686.652334,2887490379,2887491493,15917,1114
29686.663615,2887498226,2887499344,15947,1118
29686.672329,2887506073,2887507187,15968,1114
29686.684328,2887513930,2887515048,15919,1118
29686.695174,2887521793,2887522907,16033,1114
29686.704333,2887529640,2887530764,16056,1124
29686.716211,2887537508,2887538627,15926,1119
29686.726735,2887545373,2887546494,15946,1121
29686.736329,2887553229,2887554343,15950,1114
29686.747772,2887561082,2887562194,15829,1112
29686.756331,2887568930,2887570046,15964,1116
29686.768328,2887576793,2887577908,15965,1115
29686.779332,2887584651,2887585774,15835,1123
29686.788331,2887592520,2887593638,15948,1118
29686.800329,2887600373,2887601487,15969,1114
29686.810895,2887608208,2887609317,15867,1109
29686.820328,2887616066,2887617186,15945,1120
29686.831939,2887623934,2887625049,15966,1115
29686.842455,2887631771,2887632890,15862,1119
29686.852333,2887639646,2887640762,15847,1116
29686.863499,2887647505,2887648629,15967,1124
29686.872327,2887655364,2887656482,15833,1118
29686.884330,2887663216,2887664333,15946,1117
29686.895059,2887671074,2887672192,15972,1118
29686.904331,2887678922,2887680041,15842,1119
29686.916094,2887686788,2887687903,15944,1115
29686.926620,2887694653,2887695772,15966,1119
29686.936332,2887702516,2887703635,15837,1119
29686.947655,2887710368,2887711493,15935,1125
29686.956332,2887718232,2887719344,15950,1112
29686.968332,2887726057,2887727169,15837,1112
29686.979215,2887733922,2887735044,15946,1122
29686.988334,2887741793,2887742909,15963,1116
29687.000259,2887749637,2887750753,15916,1116
29687.010775,2887757493,2887758612,15942,1119
29687.020333,2887765364,2887766484,15969,1120
29687.031811,2887773209,2887774328,15836,1119
29687.042336,2887781068,2887782192,15946,1124
29687.052329,2887788928,2887790040,15969,1112
29687.063374,2887796773,2887797895,15866,1122
29687.072330,2887804643,2887805758,15942,1115
29687.084332,2887812500,2887813625,15968,1125
29687.094932,2887820368,2887821478,15838,1110
29687.104331,2887828213,2887829331,15956,1118
29687.115981,2887836082,2887837201,15966,1119
29687.126495,2887843925,2887845040,15861,1115
29687.136327,2887851769,2887852888,15890,1119
29687.147539,2887859623,2887860742,15968,1119
29687.156328,2887867471,2887868591,15859,1120
29687.168331,2887875338,2887876456,15944,1118
29687.179099,2887883186,2887884304,15972,1118
29687.188330,2887891062,2887892179,15815,1117
29687.200132,2887898900,2887900018,15846,1118
29687.210660,2887906770,2887907891,15970,1121
29687.220332,2887914631,2887915752,15831,1121
29687.231692,2887922482,2887923606,15894,1124
29687.240328,2887930349,2887931464,15965,1115
29687.252333,2887938211,2887939330,15851,1119
29687.263257,2887946053,2887947166,16017,1113
29687.272329,2887953892,2887955002,16038,1110
29687.284291,2887961744,2887962864,15912,1120
29687.294815,2887969613,2887970729,16032,1116
29687.304331,2887977462,2887978581,16037,1119
29687.315851,2887985330,2887986450,15912,1120
29687.326376,2887993207,2887994327,16031,1120
29687.336329,2888001064,2888002179,16052,1115
29687.347419,2888008922,2888010042,16003,1120
29687.356328,2888016794,2888017905,16035,1111
29687.368335,2888024643,2888025755,16057,1112
29687.378973,2888032496,2888033617,15925,1121
29687.388327,2888040338,2888041456,16034,1118
29687.400017,2888048169,2888049281,16056,1112
29687.410533,2888056009,2888057129,15923,1120
29687.420332,2888063878,2888064997,16040,1119
29687.431579,2888071736,2888072853,16053,1117
29687.440328,2888079590,2888080711,15924,1121
29687.452327,2888087451,2888088570,16050,1119
29687.463141,2888095299,2888096422,16036,1123
29687.472328,2888103195,2888104311,15838,1116
29687.484174,2888110924,2888112046,15946,1122
29687.494700,2888118779,2888119898,15970,1119
29687.504330,2888126628,2888127744,15838,1116
29687.515734,2888134466,2888135582,15937,1116
29687.524327,2888142311,2888143434,15968,1123
29687.536331,2888150161,2888151277,15853,1116
29687.547294,2888158020,2888159145,15851,1125
29687.556331,2888165884,2888166994,15983,1110
29687.568329,2888173710,2888174824,15834,1114
29687.578853,2888181555,2888182672,15876,1117
29687.588332,2888189405,2888190526,15973,1121
29687.599891,2888197271,2888198389,15849,1118
29687.610416,2888205130,2888206248,15950,1118
29687.620332,2888212997,2888214111,15964,1114
29687.631452,2888220851,2888221967,15806,1116
29687.640328,2888228701,2888229825,15940,1124
29687.652331,2888236568,2888237687,15949,1119
29687.663012,2888244421,2888245539,15814,1118
29687.672333,2888252283,2888253399,15961,1116
29687.684059,2888260123,2888261242,15955,1119
29687.694580,2888267971,2888269089,15917,1118
29687.704329,2888275717,2888276833,16032,1116
29687.715620,2888283568,2888284677,16057,1109
29687.724329,2888291425,2888292545,15910,1120
29687.736329,2888299294,2888300414,16033,1120
29687.747178,2888307162,2888308281,16052,1119
29687.756328,2888315036,2888316160,15952,1124
29687.768214,2888322904,2888324027,16029,1123
29687.778741,2888330773,2888331894,16053,1121
29687.788333,2888338616,2888339740,15952,1124
29687.799776,2888346489,2888347607,16050,1118
29687.808332,2888354345,2888355468,16048,1123
29687.820333,2888362225,2888363344,15828,1119
29687.831335,2888370096,2888371214,15939,1118
29687.840329,2888377961,2888379084,15964,1123
29687.852331,2888385828,2888386947,15833,1119
29687.862895,2888393663,2888394780,15944,1117
29687.872332,2888401515,2888402629,16026,1114
29687.883932,2888409368,2888410483,15835,1115
29687.894454,2888417218,2888418338,15850,1120
29687.904331,2888425085,2888426204,15956,1119
29687.915492,2888432943,2888434066,15836,1123
29687.924327,2888440805,2888441924,15949,1119
29687.936336,2888448670,2888449788,15965,1118
29687.947052,2888456529,2888457654,15848,1125
29687.956331,2888464405,2888465524,15947,1119
29687.968099,2888472283,2888473401,15964,1118
29687.978613,2888480144,2888481262,15831,1118
29687.988333,2888488014,2888489130,15936,1116
29687.999660,2888495852,2888496971,15955,1119
29688.008331,2888503712,2888504824,15815,1112
29688.020336,2888511566,2888512685,15945,1119
29688.031220,2888519416,2888520527,15972,1111
29688.040326,2888527263,2888528379,15980,1116
29688.052254,2888535090,2888536202,16033,1112
29688.062780,2888542927,2888544047,16080,1120
29688.072328,2888550792,2888551912,15915,1120
29688.083815,2888558644,2888559750,15950,1106
29688.092333,2888566483,2888567602,15970,1119
29688.104330,2888574327,2888575451,15856,1124
29688.115375,2888582172,2888583290,15949,1118
29688.124332,2888590031,2888591156,15967,1125
29688.136334,2888597908,2888599032,15838,1124
29688.146937,2888605762,2888606878,15957,1116
29688.156334,2888613633,2888614757,15961,1124
29688.167972,2888621484,2888622600,15836,1116
29688.178496,2888629317,2888630429,15941,1112
29688.188328,2888637165,2888638277,15963,1112
29688.199532,2888645013,2888646134,15833,1121
29688.208329,2888652868,2888653977,15943,1109
29688.220328,2888660720,2888661841,15965,1121
29688.231095,2888668541,2888669662,15855,1121
29688.240328,2888676470,2888677580,15849,1110
29688.252139,2888684326,2888685445,15967,1119
29688.262656,2888692179,2888693297,15870,1118
29688.272335,2888700043,2888701153,15945,1110
29688.283699,2888707905,2888709029,15967,1124
29688.292328,2888715785,2888716896,15847,1111
29688.304328,2888723621,2888724733,15946,1112
29688.315260,2888731441,2888732554,15967,1113
29688.324334,2888739267,2888740385,15867,1118
29688.336294,2888747134,2888748252,15941,1118
29688.346821,2888754992,2888756113,15952,1121
29688.356329,2888762857,2888763977,15834,1120
29688.367855,2888770702,2888771813,15948,1111
29688.378380,2888778520,2888779635,15961,1115
29688.388332,2888786367,2888787484,15910,1117
29688.399415,2888794196,2888795315,15945,1119
29688.408328,2888802068,2888803187,15965,1119
29688.420335,2888809937,2888811056,15834,1119
29688.430976,2888817791,2888818909,15945,1118
29688.440329,2888825649,2888826764,15966,1115
29688.452012,2888833515,2888834631,15833,1116
29688.462536,2888841379,2888842497,15946,1118
29688.472330,2888849223,2888850337,15967,1114
29688.483575,2888857106,2888858225,15831,1119
29688.492328,2888864959,2888866074,15945,1115
29688.504329,2888872788,2888873903,15965,1115
29688.515134,2888880644,2888881760,15838,1116
29688.524330,2888888511,2888889636,15940,1125
29688.536180,2888896385,2888897508,15958,1123
29688.546694,2888904250,2888905369,15840,1119
29688.556330,2888912108,2888913220,15940,1112
29688.567740,2888919952,2888921063,15959,1111
29688.576329,2888927800,2888928918,15833,1118
29688.588329,2888935685,2888936809,15851,1124
29688.599303,2888943535,2888944646,16016,1111
29688.608334,2888951361,2888952473,15838,1112
29688.620328,2888959180,2888960287,15944,1107
29688.630860,2888967033,2888968153,15956,1120
29688.640330,2888974883,2888976006,15869,1123
29688.651895,2888982758,2888983877,15944,1119
29688.662423,2888990629,2888991742,16063,1113
29688.672331,2888998482,2888999592,15905,1110
29688.683453,2889006310,2889007427,15977,1117
29688.692331,2889014190,2889015305,15937,1115
29688.704331,2889022045,2889023156,15851,1111
29688.715015,2889029891,2889031005,15940,1114
29688.724333,2889037734,2889038852,15956,1118
29688.736058,2889045585,2889046703,15913,1118
29688.746576,2889053434,2889054553,15915,1119
29688.756330,2889061299,2889062414,15953,1115
29688.767615,2889069144,2889070262,15880,1118
29688.776331,2889076996,2889078107,15938,1111
29688.788328,2889084814,2889085926,15954,1112
29688.799173,2889092672,2889093787,15851,1115
29688.808330,2889100522,2889101632,15941,1110
29688.820218,2889108379,2889109503,15950,1124
29688.830733,2889116236,2889117351,15848,1115
29688.840334,2889124085,2889125205,15926,1120
29688.851778,2889131933,2889133052,15947,1119
29688.860330,2889139796,2889140903,15849,1107
29688.872328,2889147656,2889148777,15947,1121
29688.883339,2889155516,2889156634,15948,1118
29688.892329,2889163378,2889164504,15852,1126
29688.904328,2889171258,2889172371,15932,1113
29688.914899,2889179099,2889180219,15953,1120
29688.924329,2889186959,2889188070,15849,1111
29688.935933,2889194810,2889195921,15863,1111
29688.946460,2889202673,2889203797,15951,1124
29688.956333,2889210519,2889211640,15849,1121
29688.967495,2889218364,2889219474,15950,1110
29688.976330,2889226187,2889227305,15941,1118
29688.988329,2889234048,2889235166,15863,1118
29688.999056,2889241904,2889243023,15933,1119
29689.008328,2889249793,2889250908,15950,1115
29689.020092,2889257651,2889258765,15846,1114
29689.030616,2889265514,2889266631,15939,1117
29689.040334,2889273340,2889274459,15933,1119
29689.051653,2889281202,2889282326,15846,1124
29689.060328,2889289069,2889290192,15945,1123
29689.072330,2889296917,2889298032,15951,1115
29689.083219,2889304754,2889305871,15913,1117
29689.092332,2889312589,2889313705,15939,1116
29689.104260,2889320445,2889321557,15962,1112
29689.114773,2889328287,2889329403,15809,1116
29689.124336,2889336120,2889337239,15894,1119
29689.135819,2889343957,2889345077,15973,1120
29689.144331,2889351802,2889352916,15814,1114
29689.156329,2889359644,2889360761,15945,1117
29689.167381,2889367509,2889368624,15969,1115
29689.176327,2889375367,2889376482,15820,1115
29689.188330,2889383229,2889384349,15959,1120
29689.198943,2889391073,2889392185,16019,1112
29689.208328,2889398898,2889400010,15835,1112
29689.219977,2889406732,2889407851,15945,1119
29689.230502,2889414588,2889415706,15966,1118
29689.240331,2889422452,2889423573,15830,1121
29689.251536,2889430308,2889431427,15936,1119
29689.260329,2889438168,2889439284,15969,1116
29689.272328,2889446018,2889447133,15863,1115
29689.283094,2889453873,2889454987,15853,1114
29689.292328,2889461730,2889462846,15967,1116
29689.304132,2889469590,2889470702,15850,1112
29689.314656,2889477420,2889478531,15930,1111
29689.324331,2889485248,2889486361,15969,1113
29689.335693,2889493067,2889494179,15838,1112
29689.344328,2889500907,2889502026,15938,1119
29689.356328,2889508754,2889509873,15971,1119
29689.367256,2889516607,2889517723,15855,1116
29689.376335,2889524442,2889525558,15950,1116
29689.388300,2889532267,2889533385,15953,1118
29689.398814,2889540095,2889541207,15836,1112
29689.408332,2889547955,2889549065,15936,1110
29689.419861,2889555801,2889556916,15968,1115
29689.430381,2889563638,2889564762,15910,1124
29689.440335,2889571487,2889572597,15949,1110
29689.451421,2889579314,2889580438,15968,1124
29689.460328,2889587162,2889588277,15833,1115
29689.472332,2889595014,2889596125,15946,1111
29689.482980,2889602847,2889603964,15974,1117
29689.492332,2889610697,2889611820,15832,1123
29689.504009,2889618438,2889619557,15926,1119
29689.514542,2889626284,2889627396,15966,1112
29689.524331,2889634123,2889635235,15834,1112
29689.535577,2889641978,2889643089,15964,1111
29689.544328,2889649817,2889650935,15995,1118
29689.556330,2889657681,2889658800,15833,1119
29689.567137,2889665544,2889666668,15932,1124
29689.576327,2889673406,2889674524,15989,1118
29689.588172,2889681237,2889682349,15837,1112
29689.598694,2889689058,2889690178,15890,1120
29689.608328,2889696922,2889698043,15958,1121
29689.619733,2889704792,2889705910,15828,1118
29689.628327,2889712639,2889713758,15851,1119
29689.640328,2889720509,2889721628,15958,1119
29689.651293,2889728381,2889729504,15833,1123
29689.660328,2889736245,2889737358,15946,1113
29689.672331,2889744091,2889745215,15976,1124
29689.682856,2889751940,2889753060,15871,1120
29689.692331,2889759788,2889760905,15921,1117
29689.703901,2889767643,2889768755,15971,1112
29689.714414,2889775497,2889776622,15831,1125
29689.724327,2889783372,2889784496,15940,1124
29689.735461,2889791226,2889792343,15953,1117
29689.744330,2889799071,2889800189,15829,1118
29689.756335,2889806936,2889808048,15949,1112
29689.767022,2889814778,2889815893,15967,1115
29689.776330,2889822635,2889823746,15910,1111
29689.788056,2889830477,2889831596,15945,1119
29689.798582,2889838330,2889839446,15964,1116
29689.808331,2889846189,2889847294,15831,1105
29689.819616,2889854013,2889855120,15941,1107
29689.828330,2889861846,2889862963,15971,1117
29689.840331,2889869687,2889870806,15832,1119
29689.851176,2889877527,2889878645,15919,1118
29689.860334,2889885383,2889886491,15976,1108
29689.872213,2889893223,2889894343,15835,1120
29689.882738,2889901086,2889902195,15964,1109
29689.892330,2889908949,2889910066,15971,1117
29689.903773,2889916817,2889917931,15817,1114
29689.912328,2889924676,2889925793,15946,1117
29689.924329,2889932515,2889933622,15967,1107
29689.935333,2889940345,2889941464,15831,1119
29689.944331,2889948205,2889949316,15947,1111
29689.956329,2889956047,2889957167,15971,1120
29689.966894,2889963898,2889965019,15834,1121
29689.976333,2889971740,2889972858,15848,1118
29689.987941,2889979567,2889980686,15969,1119
29689.998454,2889987432,2889988551,15830,1119
29690.008331,2889995265,2889996374,15942,1109
29690.019503,2890003121,2890004241,15965,1120
29690.028331,2890010978,2890012096,15849,1118
29690.040336,2890018836,2890019956,15945,1120
29690.051061,2890026681,2890027799,15965,1118
29690.060328,2890034549,2890035665,15835,1116
29690.072095,2890042384,2890043501,15949,1117
29690.082622,2890050208,2890051327,15952,1119
29690.092327,2890058075,2890059194,15821,1119
29690.103656,2890065943,2890067067,15940,1124
29690.112332,2890073815,2890074939,15968,1124
29690.124334,2890081686,2890082805,15912,1119
29690.135216,2890089543,2890090668,15945,1125
29690.144330,2890097405,2890098528,15960,1123
29690.156253,2890105268,2890106379,15812,1111
29690.166775,2890113094,2890114218,15888,1124
29690.176328,2890120946,2890122062,15990,1116
29690.187814,2890128802,2890129913,15818,1111
29690.198337,2890136663,2890137783,15943,1120
29690.208332,2890144501,2890145615,15959,1114
29690.219373,2890152361,2890153480,15832,1119
29690.228329,2890160200,2890161320,15922,1120
29690.240329,2890168055,2890169173,15971,1118
29690.250934,2890175911,2890177036,15833,1125
29690.260327,2890183777,2890184893,15948,1116
29690.271981,2890191617,2890192733,15967,1116
29690.282494,2890199449,2890200560,15835,1111
29690.292333,2890207287,2890208400,15943,1113
29690.303542,2890215111,2890216216,15962,1105
29690.312333,2890222944,2890224062,15826,1118
29690.324334,2890230773,2890231889,15860,1116
29690.335102,2890238621,2890239741,15973,1120
29690.344327,2890246511,2890247632,15837,1121
29690.356137,2890254363,2890255487,15918,1124
29690.366662,2890262232,2890263353,15965,1121
29690.376332,2890270082,2890271200,15849,1118
29690.387696,2890277926,2890279042,15949,1116
29690.396332,2890285770,2890286886,15969,1116
29690.408331,2890293622,2890294731,15833,1109
29690.419256,2890301463,2890302582,15943,1119
29690.428329,2890309314,2890310433,15954,1119
29690.440295,2890317180,2890318299,15833,1119
29690.450817,2890325055,2890326162,15949,1107
29690.460331,2890332872,2890333979,15965,1107
29690.471861,2890340692,2890341804,15914,1112
29690.482378,2890348548,2890349662,15935,1114
29690.492329,2890356391,2890357500,15967,1109
29690.503414,2890364228,2890365348,15831,1120
29690.512333,2890372085,2890373210,15939,1125
29690.524329,2890379953,2890381067,16008,1114
29690.534974,2890387800,2890388915,15831,1115
29690.544327,2890395630,2890396754,15945,1124
29690.556021,2890403488,2890404597,15973,1109
29690.566535,2890411327,2890412434,15834,1107
29690.576327,2890419172,2890420282,16006,1110
29690.587581,2890427007,2890428120,15998,1113
29690.596333,2890434852,2890435972,15860,1120
29690.608331,2890442708,2890443820,15941,1112
29690.619142,2890450563,2890451687,15973,1124
29690.628332,2890458409,2890459523,15820,1114
29690.640176,2890466260,2890467379,15947,1119
29690.650703,2890474127,2890475252,15966,1125
29690.660331,2890481997,2890483114,15834,1117
29690.671735,2890489858,2890490976,15851,1118
29690.680328,2890497697,2890498817,15966,1120
29690.692333,2890505540,2890506653,15811,1113
29690.703294,2890513376,2890514494,15896,1118
29690.712331,2890521218,2890522338,15969,1120
29690.724328,2890529073,2890530178,15829,1105
29690.734857,2890536896,2890538013,15944,1117
29690.744336,2890544753,2890545872,15971,1119
29690.755893,2890552597,2890553703,15834,1106
29690.766417,2890560426,2890561545,15947,1119
29690.776329,2890568249,2890569364,15951,1115
29690.787454,2890576109,2890577223,15832,1114
29690.796332,2890583934,2890585046,15947,1112
29690.808329,2890591787,2890592903,15970,1116
29690.819022,2890599637,2890600757,15900,1120
29690.828332,2890607508,2890608621,15939,1113
29690.840061,2890615337,2890616456,15959,1119
29690.850575,2890623179,2890624290,15822,1111
29690.860336,2890631023,2890632134,15930,1111
29690.871622,2890638859,2890639975,15966,1116
29690.880328,2890646695,2890647811,15833,1116
29690.892329,2890654518,2890655629,15950,1111
29690.903184,2890662353,2890663474,15947,1121
29690.912331,2890670197,2890671320,15840,1123
29690.924217,2890678055,2890679176,15948,1121
29690.934741,2890685928,2890687045,16017,1117
29690.944330,2890693763,2890694884,15830,1121
29690.955776,2890701619,2890702736,15944,1117
29690.964328,2890709447,2890710564,15965,1117
29690.976330,2890717280,2890718398,15834,1118
29690.987337,2890725109,2890726220,15943,1111
29690.996333,2890732962,2890734082,15968,1120
29691.008335,2890740824,2890741938,15829,1114
29691.018895,2890748663,2890749775,15853,1112
29691.028328,2890756499,2890757610,15965,1111
29691.039933,2890764354,2890765472,15831,1118
29691.050459,2890772194,2890773319,15940,1125
29691.060326,2890780049,2890781161,15966,1112
29691.071493,2890787891,2890789007,15828,1116
29691.080330,2890795717,2890796830,15895,1113
29691.092335,2890803572,2890804687,15985,1115
29691.103057,2890811412,2890812531,15865,1119
29691.112329,2890819266,2890820373,15949,1107
29691.124101,2890827100,2890828206,15955,1106
29691.136112,2890836038,2890837153,15896,1115
29691.146647,2890843864,2890844976,15971,1112
29691.156330,2890851699,2890852812,15831,1113
29691.167678,2890859524,2890860634,15848,1110
29691.176332,2890867359,2890868469,15968,1110
29691.188334,2890875182,2890876302,15852,1120
29691.199240,2890883039,2890884159,15946,1120
29691.208330,2890890884,2890892001,15993,1117
29691.220279,2890898731,2890899849,15875,1118
29691.230800,2890906572,2890907683,15945,1111
29691.240328,2890914398,2890915510,15966,1112
29691.251837,2890922240,2890923356,15825,1116
29691.262361,2890930077,2890931193,15946,1116
29691.272328,2890937918,2890939037,15950,1119
29691.283397,2890945748,2890946859,15834,1111
29691.292327,2890953571,2890954683,15944,1112
29691.304329,2890961386,2890962501,15963,1115
29691.314967,2890969226,2890970333,15899,1107
29691.324332,2890977055,2890978165,15946,1110
29691.336005,2890984882,2890986003,15959,1121
29691.346518,2890992753,2890993866,15836,1113
29691.356333,2891000598,2891001710,15943,1112
29691.367564,2891008436,2891009548,15973,1112
29691.376332,2891016254,2891017366,15831,1112
29691.388332,2891024092,2891025201,15950,1109
29691.399125,2891031924,2891033039,15969,1115
29691.408328,2891039750,2891040866,15826,1116
29691.420160,2891047583,2891048698,15962,1115
29691.430685,2891055421,2891056543,15971,1122
29691.440332,2891063270,2891064391,15842,1121
29691.451725,2891071132,2891072253,15999,1121
29691.460329,2891078986,2891080110,15918,1124
29691.472328,2891086831,2891087944,15851,1113
29691.483285,2891094665,2891095789,15994,1124
29691.492328,2891102527,2891103643,15915,1116
29691.504316,2891110369,2891111479,15824,1110
29691.514839,2891118203,2891119319,15851,1116
29691.524328,2891126056,2891127174,15968,1118
29691.535880,2891133905,2891135030,15861,1125
29691.546401,2891141772,2891142885,15943,1113
29691.556327,2891149607,2891150722,15970,1115
29691.567437,2891157447,2891158553,15824,1106
29691.576328,2891165251,2891166366,15944,1115
29691.588330,2891173071,2891174179,15969,1108
29691.598998,2891180907,2891182029,15825,1122
29691.608330,2891188770,2891189889,15941,1119
29691.620044,2891196605,2891197724,15955,1119
29691.630561,2891204439,2891205559,15859,1120
29691.640328,2891212295,2891213405,15943,1110
29691.651605,2891220120,2891221244,15967,1124
29691.660332,2891227987,2891229105,15913,1118
29691.672328,2891235843,2891236959,15937,1116
29691.683166,2891243695,2891244813,15969,1118
29691.692335,2891251561,2891252670,15817,1109
29691.704199,2891259397,2891260516,15919,1119
29691.714724,2891267249,2891268368,15962,1119
29691.724331,2891275079,2891276194,15836,1115
29691.735760,2891282889,2891283996,15947,1107
29691.744328,2891290713,2891291832,15973,1119
29691.756330,2891298556,2891299669,15862,1113
29691.767322,2891306393,2891307511,15924,1118
29691.776331,2891314244,2891315364,15967,1120
29691.788335,2891322077,2891323193,15831,1116
29691.798881,2891329911,2891331036,15913,1125
29691.808330,2891337778,2891338895,15970,1117
29691.819917,2891345605,2891346723,15830,1118
29691.830441,2891353458,2891354577,15944,1119
29691.840335,2891361323,2891362438,15966,1115
29691.851479,2891369164,2891370275,15831,1111
29691.860330,2891377005,2891378114,15849,1109
29691.872330,2891384812,2891385927,15966,1115
29691.883037,2891392640,2891393752,15833,1112
29691.892330,2891400485,2891401592,15948,1107
29691.904085,2891408310,2891409435,15972,1125
29691.914598,2891416162,2891417274,15850,1112
29691.924330,2891423975,2891425088,15947,1113
29691.935645,2891431789,2891432895,15964,1106
29691.944327,2891439606,2891440718,15835,1112
29691.956334,2891447429,2891448549,15964,1120
29691.967206,2891455271,2891456390,15951,1119
29691.976330,2891463121,2891464233,15838,1112
29691.988239,2891470960,2891472076,15933,1116
29691.998768,2891478782,2891479906,15972,1124
29692.008330,2891486648,2891487771,15911,1123
29692.019800,2891494488,2891495600,15944,1112
29692.028331,2891502327,2891503447,15973,1120
29692.040331,2891510177,2891511282,15830,1105
29692.051361,2891517995,2891519110,15944,1115
29692.060332,2891525820,2891526931,15971,1111
29692.072328,2891533653,2891534774,15819,1121
29692.082921,2891541500,2891542606,15938,1106
29692.092331,2891549352,2891550468,15991,1116
29692.103959,2891557179,2891558289,15827,1110
29692.114483,2891565002,2891566118,15957,1116
29692.124328,2891572838,2891573954,15999,1116
29692.135517,2891580678,2891581783,15827,1105
29692.144328,2891588485,2891589597,15949,1112
29692.156333,2891596336,2891597448,16003,1112
29692.167077,2891604182,2891605293,15827,1111
29692.176335,2891612056,2891613172,15945,1116
29692.188125,2891619906,2891621018,15972,1112
29692.198638,2891627738,2891628850,15831,1112
29692.208329,2891635570,2891636688,15852,1118
29692.219685,2891643401,2891644513,15970,1112
29692.228336,2891651233,2891652347,15859,1114
29692.240327,2891659089,2891660202,15921,1113
29692.251245,2891666919,2891668034,15971,1115
29692.260328,2891674756,2891675867,15849,1111
29692.272280,2891682578,2891683690,15945,1112
29692.282806,2891690398,2891691505,15958,1107
29692.292328,2891698205,2891699322,15827,1117
29692.303840,2891706043,2891707156,15943,1113
29692.314366,2891713873,2891714984,15953,1111
29692.324326,2891721697,2891722810,15832,1113
29692.335400,2891729540,2891730649,15948,1109
29692.344330,2891737368,2891738492,15973,1124
29692.356328,2891745220,2891746338,15894,1118
29692.366961,2891753057,2891754169,15935,1112
29692.376329,2891760881,2891761994,15968,1113
29692.387997,2891768703,2891769818,15831,1115
29692.398521,2891776534,2891777649,15941,1115
29692.408330,2891784359,2891785479,15969,1120
29692.419558,2891792215,2891793325,15825,1110
29692.428328,2891800045,2891801157,15946,1112
29692.440328,2891807869,2891808981,15967,1112
29692.451118,2891815694,2891816814,15828,1120
29692.460331,2891823583,2891824695,15955,1112
29692.472165,2891831411,2891832527,15969,1116
29692.482678,2891839255,2891840375,15823,1120
29692.492328,2891847089,2891848205,15940,1116
29692.503727,2891854954,2891856075,15988,1121
29692.512330,2891862806,2891863919,15831,1113
29692.524330,2891870639,2891871749,15944,1110
29692.535286,2891878460,2891879571,15967,1111
29692.544331,2891886273,2891887385,15832,1112
29692.556318,2891894110,2891895229,15846,1119
29692.566848,2891901962,2891903083,16118,1121
29692.576327,2891909810,2891910922,15916,1112
29692.587881,2891917633,2891918748,16037,1115
29692.598409,2891925473,2891926593,16107,1120
29692.608328,2891933310,2891934424,15965,1114
29692.619440,2891941138,2891942255,16019,1117
29692.628331,2891948972,2891950084,16057,1112
29692.640327,2891956795,2891957910,15921,1115
29692.651001,2891964630,2891965741,16003,1111
29692.660328,2891972463,2891973578,16039,1115
29692.672037,2891980306,2891981426,15910,1120
29692.682562,2891988140,2891989258,16032,1118
29692.692330,2891995986,2891997099,16049,1113
29692.703606,2892003828,2892004938,15998,1110
29692.712330,2892011643,2892012758,16033,1115
29692.724328,2892019469,2892020585,16053,1116
29692.735158,2892027316,2892028434,15924,1118
29692.744351,2892035161,2892036277,16031,1116
29692.756203,2892043016,2892044131,16057,1115
29692.766714,2892050828,2892051950,15778,1122
29692.776329,2892058682,2892059801,15948,1119
29692.787765,2892066523,2892067634,15967,1111
29692.796330,2892074360,2892075471,15832,1111
29692.808334,2892082189,2892083298,15961,1109
29692.819326,2892090012,2892091123,15965,1111
29692.828330,2892097837,2892098951,15835,1114
29692.840333,2892105686,2892106799,15944,1113
29692.850886,2892113525,2892114639,15966,1114
29692.860328,2892121345,2892122458,15834,1113
29692.871920,2892129187,2892130306,15946,1119
29692.882447,2892137015,2892138132,15964,1117
29692.892327,2892144837,2892145953,15829,1116
29692.903479,2892152659,2892153766,15850,1107
29692.912330,2892160458,2892161572,15964,1114
29692.924331,2892168268,2892169377,15833,1109
29692.935041,2892176099,2892177210,15936,1111
29692.944332,2892183947,2892185063,15962,1116
29692.956077,2892191781,2892192889,15845,1108
29692.966601,2892199598,2892200714,15946,1116
29692.976334,2892207441,2892208557,15969,1116
29692.987638,2892215282,2892216391,15834,1109
29692.996335,2892223104,2892224216,15943,1112
29693.008328,2892230960,2892232071,15957,1111
29693.019198,2892238806,2892239919,15811,1113
29693.028329,2892246625,2892247732,15946,1107
29693.040245,2892254437,2892255552,15959,1115
29693.050766,2892262257,2892263371,15912,1114
29693.060332,2892270086,2892271200,15888,1114
29693.071805,2892277916,2892279032,15971,1116
29693.080328,2892285742,2892286854,15831,1112
29693.092329,2892293566,2892294682,15892,1116
29693.103366,2892301431,2892302543,15992,1112
29693.112328,2892309250,2892310369,15862,1119
29693.124329,2892317076,2892318189,15944,1113
29693.134926,2892324905,2892326026,15970,1121
29693.144328,2892332744,2892333860,15829,1116
29693.155962,2892340566,2892341676,15966,1110
29693.166487,2892348393,2892349508,15967,1115
29693.176331,2892356221,2892357342,15832,1121
29693.187521,2892364065,2892365186,15946,1121
29693.196330,2892371894,2892373014,15968,1120
29693.208332,2892379723,2892380839,15834,1116
29693.219081,2892387558,2892388665,15945,1107
29693.228329,2892395577,2892396697,15985,1120
29693.240125,2892403455,2892404580,15919,1125
29693.250638,2892411303,2892412420,15826,1117
29693.260337,2892419173,2892420296,15981,1123
29693.271686,2892427033,2892428158,15911,1125
29693.280329,2892434920,2892436039,15616,1119
29693.292335,2892442786,2892443903,15691,1117
29693.303247,2892450663,2892451788,15924,1125
29693.312329,2892458498,2892459619,15845,1121
29693.324285,2892466367,2892467486,15697,1119
29693.334805,2892474255,2892475378,15696,1123
29693.344332,2892482123,2892483248,15852,1125
29693.355845,2892489981,2892491101,15997,1120
29693.366367,2892497838,2892498960,15915,1122
29693.376332,2892505691,2892506813,15649,1122
29693.387405,2892513594,2892514712,15621,1118
29693.396332,2892521449,2892522569,15914,1120
29693.408328,2892529299,2892530419,15853,1120
29693.418965,2892537145,2892538262,15980,1117
29693.428328,2892544988,2892546104,15914,1116
29693.439998,2892552847,2892553963,15843,1116
29693.450524,2892560673,2892561791,15975,1118
29693.460331,2892568498,2892569610,15846,1112
29693.471561,2892576335,2892577447,15951,1112
29693.480328,2892584164,2892585284,16001,1120
29693.492329,2892591990,2892593102,15844,1112
29693.503123,2892599823,2892600934,15958,1111
29693.512330,2892607669,2892608779,15961,1110
29693.524157,2892615475,2892616592,15844,1117
29693.534681,2892623333,2892624449,15945,1116
29693.544327,2892631198,2892632318,15957,1120
29693.555718,2892639046,2892640162,15850,1116
29693.564333,2892646867,2892647984,15945,1117
29693.576332,2892654703,2892655815,15958,1112
29693.587280,2892662502,2892663620,15842,1118
29693.596331,2892670340,2892671452,15851,1112
29693.608325,2892678160,2892679279,15966,1119
29693.618839,2892686023,2892687138,15814,1115
29693.628334,2892693848,2892694963,15890,1115
29693.639886,2892701683,2892702797,15965,1114
29693.650399,2892709492,2892710604,15838,1112
29693.660333,2892717312,2892718433,15932,1121
29693.671446,2892725144,2892726263,15961,1119
29693.680332,2892732993,2892734104,15824,1111
29693.692330,2892740810,2892741915,15945,1105
29693.703008,2892748631,2892749751,15951,1120
29693.712331,2892756466,2892757577,15831,1111
29693.724040,2892764283,2892765396,15947,1113
29693.734567,2892772111,2892773230,15964,1119
29693.744333,2892779933,2892781049,15911,1116
29693.755602,2892787766,2892788873,15939,1107
29693.764330,2892795593,2892796700,15970,1107
29693.776335,2892803434,2892804553,15854,1119
29693.787158,2892811283,2892812408,15925,1125
29693.796331,2892819153,2892820272,15972,1119
29693.808198,2892826993,2892828106,15828,1113
29693.818722,2892834816,2892835931,15940,1115
29693.828330,2892842652,2892843771,15970,1119
29693.839759,2892850484,2892851600,15834,1116
29693.848332,2892858342,2892859453,15969,1111
29693.860328,2892866166,2892867284,15968,1118
29693.871319,2892874001,2892875117,15830,1116
29693.880328,2892881822,2892882938,15942,1116
29693.892335,2892889662,2892890779,15974,1117
29693.902879,2892897480,2892898596,15830,1116
29693.912330,2892905309,2892906425,15938,1116
29693.923926,2892913156,2892914271,15965,1115
29693.934440,2892921008,2892922124,15833,1116
29693.944327,2892928838,2892929954,15841,1116
29693.955486,2892936673,2892937783,15967,1110
29693.964328,2892944494,2892945610,15832,1116
29693.976328,2892952342,2892953456,15946,1114
29693.987047,2892960189,2892961304,15967,1115
29693.996334,2892968024,2892969137,15849,1113
29694.008080,2892975844,2892976958,15946,1114
29694.018608,2892983660,2892984772,15959,1112
29694.028328,2892991486,2892992598,15830,1112
29694.039641,2892999304,2893000415,15947,1111
29694.048327,2893007128,2893008244,15944,1116
29694.060335,2893014974,2893016086,15826,1112
29694.071202,2893022802,2893023914,15946,1112
29694.096331,2893035628,2893036244,11969,616
29694.107273,2893039611,2893040237,12092,626
29694.116332,2893045955,2893047064,15954,1109
29694.128308,2893053761,2893054872,15836,1111
29694.138831,2893061580,2893062692,15944,1112
29694.148331,2893069405,2893070520,15948,1115
29694.159867,2893077226,2893078340,15839,1114
29694.170391,2893085067,2893086180,15944,1113
29694.180334,2893092882,2893093997,15952,1115
29694.191435,2893100692,2893101798,15918,1106
29694.200331,2893108525,2893109634,15935,1109
29694.212332,2893116357,2893117470,15966,1113
29694.222988,2893124178,2893125288,15910,1110
29694.232334,2893132011,2893133125,16029,1114
29694.244035,2893139855,2893140969,16054,1114
29694.254548,2893147673,2893148790,15924,1117
29694.264333,2893155497,2893156609,16030,1112
29694.275596,2893163341,2893164460,16057,1119
29694.284332,2893171181,2893172293,15923,1112
29694.296328,2893178994,2893180112,16023,1118
29694.307155,2893186853,2893187968,16052,1115
29694.316328,2893194670,2893195786,15918,1116
29694.328189,2893202501,2893203613,16026,1112
29694.338716,2893210331,2893211436,16053,1105
29694.348329,2893218152,2893219265,15922,1113
29694.359751,2893225974,2893227094,16002,1120
29694.368334,2893233810,2893234924,16050,1114
29694.380329,2893241638,2893242754,15924,1116
29694.391309,2893249471,2893250587,15942,1116
29694.400330,2893257335,2893258451,16038,1116
29694.412333,2893265169,2893266283,15836,1114
29694.422871,2893273012,2893274128,15942,1116
29694.432335,2893280846,2893281962,15962,1116
29694.443907,2893288688,2893289799,15836,1111
29694.454431,2893296522,2893297639,15951,1117
29694.464330,2893304342,2893305461,15954,1119
29694.475467,2893312200,2893313311,15836,1111
29694.484333,2893320021,2893321142,15944,1121
29694.496329,2893327849,2893328965,15955,1116
29694.507028,2893335676,2893336791,15838,1115
29694.516331,2893343525,2893344646,15934,1121
29694.528074,2893351363,2893352486,15969,1123
29694.538596,2893359197,2893360306,15916,1109
29694.548330,2893367010,2893368126,15945,1116
29694.559635,2893374842,2893375963,15956,1121
29694.568330,2893382687,2893383803,15833,1116
29694.580332,2893390522,2893391634,15950,1112
29694.591194,2893396880,2893397995,15902,1115
29694.600333,2893404704,2893405818,15831,1114
29694.612230,2893412541,2893413653,15945,1112
29694.622756,2893420362,2893421477,15957,1115
29694.632329,2893428190,2893429301,15839,1111
29694.643791,2893436005,2893437120,15961,1115
29694.652330,2893443830,2893444942,15964,1112
29694.664333,2893451648,2893452762,15838,1114
29694.675350,2893459467,2893460584,15939,1117
29694.684332,2893467302,2893468410,15969,1108
29694.696336,2893475117,2893476229,15835,1112
29694.706911,2893482947,2893484058,15949,1111
29694.716332,2893490778,2893491890,15965,1112
29694.727947,2893498616,2893499726,15817,1110
29694.738469,2893506437,2893507550,15853,1113
29694.748331,2893514256,2893515372,15964,1116
29694.759507,2893522086,2893523203,15836,1117
29694.768330,2893529915,2893531032,15946,1117
29694.780332,2893537740,2893538851,15959,1111
29694.791068,2893545559,2893546674,15852,1115
29694.800333,2893553414,2893554528,15940,1114
29694.812116,2893561300,2893562407,15967,1107
29694.822629,2893569140,2893570253,15835,1113
29694.832329,2893576961,2893578075,15947,1114
29694.843675,2893584672,2893585792,16035,1120
29694.852330,2893592510,2893593631,15925,1121
29694.864328,2893600339,2893601451,16031,1112
29694.875235,2893608156,2893609268,16044,1112
29694.884328,2893615974,2893617089,16004,1115
29694.896270,2893623806,2893624918,15939,1112
29694.906796,2893631637,2893632751,15965,1114
29694.916328,2893639464,2893640577,15832,1113
29694.927830,2893647288,2893648401,15944,1113
29694.938355,2893655114,2893656230,15965,1116
29694.948328,2893662945,2893664057,15836,1112
29694.959391,2893670764,2893671879,15949,1115
29694.968329,2893678594,2893679706,15953,1112
29694.980334,2893686418,2893687535,15927,1117
29694.990952,2893694244,2893695365,16050,1121
29695.000331,2893702113,2893703229,16053,1116
29695.011987,2893709913,2893711026,15832,1113
29695.022511,2893717732,2893718852,15946,1120
29695.032329,2893725576,2893726697,15967,1121
29695.043548,2893733410,2893734520,15838,1110
29695.052329,2893741232,2893742342,15935,1110
29695.064327,2893749052,2893750167,15966,1115
29695.075108,2893756894,2893758011,15827,1117
29695.084329,2893764761,2893765877,15849,1116
29695.096155,2893772585,2893773697,15965,1112
29695.106672,2893780421,2893781538,15952,1117
29695.116334,2893788257,2893789370,16031,1113
29695.127715,2893796071,2893797182,16049,1111
29695.136333,2893803899,2893805014,15933,1115
29695.148329,2893811718,2893812835,15947,1117
29695.159275,2893819550,2893820665,15954,1115
29695.168332,2893827369,2893828486,15921,1117
29695.180310,2893835198,2893836310,16035,1112
29695.190836,2893843011,2893844137,16038,1126
29695.200333,2893850858,2893851975,15923,1117
29695.211870,2893858696,2893859811,15947,1115
29695.222396,2893866532,2893867648,15953,1116
29695.232328,2893874372,2893875493,15913,1121
29695.243430,2893882210,2893883324,15945,1114
29695.252331,2893890039,2893891151,15961,1112
29695.264328,2893897866,2893898982,15835,1116
29695.274991,2893905708,2893906819,15941,1111
29695.284327,2893913531,2893914646,15967,1115
29695.296027,2893921362,2893922474,15835,1112
29695.306552,2893929186,2893930301,15945,1115
29695.316329,2893937011,2893938121,15960,1110
29695.327588,2893944834,2893945946,15839,1112
29695.336332,2893952656,2893953762,15961,1106
29695.348331,2893960473,2893961579,15963,1106
29695.359148,2893968276,2893969384,15832,1108
29695.368334,2893976090,2893977209,15946,1119
29695.380195,2893983919,2893985028,15963,1109
29695.390709,2893991729,2893992839,15837,1110
29695.400329,2893999557,2894000677,15943,1120
29695.411755,2894007382,2894008492,15967,1110
29695.420333,2894015206,2894016322,15834,1116
29695.432331,2894023038,2894024153,15840,1115
29695.443315,2894030865,2894031977,15965,1112
29695.452328,2894038691,2894039796,15838,1105
29695.464329,2894046504,2894047619,15945,1115
29695.474876,2894054337,2894055457,15965,1120
29695.484329,2894062174,2894063289,15853,1115
29695.495911,2894069993,2894071104,15949,1111
29695.506439,2894077819,2894078934,15968,1115
29695.516330,2894085645,2894086754,15925,1109
29695.527471,2894093459,2894094571,16032,1112
29695.536330,2894101283,2894102397,16042,1114
29695.548337,2894109115,2894110231,15924,1116
29695.559031,2894116932,2894118050,16031,1118
29695.568328,2894124789,2894125907,16056,1118
29695.580075,2894132628,2894133744,16000,1116
29695.590592,2894140465,2894141578,16034,1113
29695.600327,2894148283,2894149392,16050,1109
29695.611628,2894156098,2894157205,15925,1107
29695.620328,2894163916,2894165029,16032,1113
29695.632329,2894171752,2894172868,15986,1116
29695.643188,2894179580,2894180697,15834,1117
29695.652331,2894187412,2894188524,15949,1112
29695.664235,2894195232,2894196348,15965,1116
29695.674749,2894203071,2894204192,15835,1121
29695.684328,2894210910,2894212017,15961,1107
29695.695795,2894218750,2894219866,15970,1116
29695.704334,2894226592,2894227703,15839,1111
29695.716330,2894234431,2894235556,15880,1125
29695.727356,2894242278,2894243397,15957,1119
29695.736333,2894250115,2894251231,15829,1116
29695.748328,2894257947,2894259067,15943,1120
29695.758916,2894265777,2894266893,15965,1116
29695.768327,2894273606,2894274718,15825,1112
29695.779949,2894281436,2894282560,15851,1124
29695.790476,2894289294,2894290416,15965,1122
29695.800331,2894297134,2894298246,15837,1112
29695.811511,2894304957,2894306069,15942,1112
29695.820329,2894312773,2894313886,16046,1113
29695.832336,2894320529,2894321642,15849,1113
29695.843071,2894328362,2894329478,15947,1116
29695.852331,2894336218,2894337329,15955,1111
29695.864108,2894344053,2894345170,15837,1117
29695.874632,2894351878,2894352994,15945,1116
29695.884328,2894359566,2894360686,16039,1120
29695.895670,2894367400,2894368520,15949,1120
29695.904328,2894375247,2894376361,16032,1114
29695.916333,2894383049,2894384165,15959,1116
29695.927235,2894390877,2894391997,15911,1120
29695.936328,2894398620,2894399736,15846,1116
29695.948275,2894406450,2894407572,15993,1122
29695.958797,2894414288,2894415406,15921,1118
29695.968327,2894422119,2894423237,15836,1118
29695.979835,2894429951,2894431068,15995,1117
29695.990356,2894437785,2894438899,15915,1114
29696.000333,2894445599,2894446711,15948,1112
29696.011396,2894453436,2894454548,15964,1112
29696.020330,2894461284,2894462407,15832,1123
29696.032332,2894469132,2894470244,15949,1112
29696.042958,2894476967,2894478079,15963,1112
29696.052333,2894484784,2894485895,15825,1111
29696.063991,2894492604,2894493722,15940,1118
29696.074517,2894500423,2894501535,15968,1112
29696.084327,2894508253,2894509369,15841,1116
29696.095551,2894516071,2894517182,15939,1111
29696.104328,2894523899,2894525014,15965,1115
29696.116329,2894531727,2894532845,15862,1118
29696.127110,2894539558,2894540667,15837,1109
29696.136333,2894547370,2894548486,15966,1116
29696.148148,2894555204,2894556319,15816,1115
29696.158672,2894562935,2894564048,15946,1113
29696.168328,2894570752,2894571868,15967,1116
29696.179711,2894578586,2894579711,15875,1125
29696.188334,2894586440,2894587560,15946,1120
29696.200331,2894594276,2894595382,15965,1106
29696.211271,2894602092,2894603216,15862,1124
29696.220328,2894609938,2894611053,15945,1115
29696.232316,2894617771,2894618882,15946,1111
29696.242831,2894625613,2894626731,15833,1118
29696.252329,2894633450,2894634562,15942,1112
29696.263876,2894641270,2894642385,15962,1115
29696.274397,2894649087,2894650199,15915,1112
29696.284328,2894656923,2894658034,15943,1111
29696.295436,2894664762,2894665874,15968,1112
29696.304331,2894672589,2894673699,15842,1110
29696.316329,2894680417,2894681530,15934,1113
29696.326995,2894688256,2894689367,15965,1111
29696.336331,2894696080,2894697201,15852,1121
29696.348031,2894703928,2894705040,15946,1112
29696.358557,2894711750,2894712871,15959,1121
29696.368336,2894719574,2894720689,15838,1115
29696.379593,2894727258,2894728369,15963,1111
29696.388331,2894735074,2894736194,15971,1120
29696.400329,2894742900,2894744015,15825,1115
29696.411152,2894750725,2894751841,15949,1116
29696.420327,2894758550,2894759660,15963,1110
29696.432189,2894766379,2894767494,15835,1115
29696.442714,2894774213,2894775329,15946,1116
29696.452331,2894782046,2894783154,15965,1108
29696.463749,2894789857,2894790971,15824,1114
29696.472330,2894797674,2894798793,15846,1119
29696.484331,2894805515,2894806634,15967,1119
29696.495309,2894813351,2894814458,15839,1107
29696.504333,2894821171,2894822288,15943,1117
29696.516329,2894828983,2894830100,15967,1117
29696.526869,2894836803,2894837922,15850,1119
29696.536331,2894844633,2894845753,15946,1120
29696.547915,2894852461,2894853576,15964,1115
29696.558429,2894860304,2894861411,15835,1107
29696.568329,2894868150,2894869263,15941,1113
29696.579477,2894875982,2894877101,15950,1119
29696.588328,2894883805,2894884917,15839,1112
29696.600327,2894891627,2894892747,15937,1120
29696.611037,2894899455,2894900567,15962,1112
29696.620330,2894907301,2894908415,15912,1114
29696.632071,2894915132,2894916248,15945,1116
29696.644091,2894924057,2894925167,15809,1110
29696.654615,2894931865,2894932984,15945,1119
29696.664328,2894939692,2894940809,15965,1117
29696.675652,2894947534,2894948649,15826,1115
29696.684332,2894955367,2894956483,15944,1116
29696.696335,2894963210,2894964326,16014,1116
29696.707212,2894971039,2894972146,15825,1107
29696.716332,2894978866,2894979982,15937,1116
29696.728259,2894986687,2894987797,15943,1110
29696.738773,2894994519,2894995635,15842,1116
29696.748327,2895002355,2895003471,15944,1116
29696.759819,2895010191,2895011303,15961,1112
29696.768328,2895018028,2895019146,15914,1118
29696.780336,2895025861,2895026976,15940,1115
29696.791379,2895033692,2895034807,15965,1115
29696.800329,2895041521,2895042632,15841,1111
29696.812332,2895049351,2895050470,15918,1119
29696.822938,2895057189,2895058308,15966,1119
29696.832331,2895065025,2895066146,15829,1121
29696.843974,2895072861,2895073974,15942,1113
29696.854500,2895080692,2895081806,15953,1114
29696.864331,2895088519,2895089635,15832,1116
29696.875536,2895096342,2895097463,15963,1121
29696.884329,2895104171,2895105286,15966,1115
29696.896329,2895112006,2895113124,15825,1118
29696.907096,2895119839,2895120954,15943,1115
29696.916328,2895127685,2895128802,15965,1117
29696.928132,2895135532,2895136647,15829,1115
29696.938655,2895143348,2895144458,15941,1110
29696.948329,2895151166,2895152281,15966,1115
29696.959692,2895158981,2895160093,15835,1112
29696.968333,2895166806,2895167923,15848,1117
29696.980329,2895174637,2895175757,15968,1120
29696.991252,2895182461,2895183581,15842,1120
29697.000328,2895190307,2895191420,15942,1113
29697.012299,2895198127,2895199239,15965,1112
29697.022813,2895205953,2895207071,15851,1118
29697.032328,2895213777,2895214896,15949,1119
29697.043860,2895221624,2895222739,15967,1115
29697.054374,2895229471,2895230590,15925,1119
29697.064330,2895237318,2895238432,16034,1114
29697.075420,2895245139,2895246256,16037,1117
29697.084334,2895252969,2895254085,15923,1116
29697.096332,2895260802,2895261917,16028,1115
29697.106980,2895268623,2895269735,16055,1112
29697.116330,2895276468,2895277584,15979,1116
29697.128014,2895284293,2895285400,16025,1107
29697.138540,2895292117,2895293232,16055,1115
29697.148331,2895299949,2895301054,15921,1105
29697.159575,2895307771,2895308883,16036,1112
29697.168328,2895315596,2895316716,15969,1120
29697.180328,2895323424,2895324540,15838,1116
29697.191135,2895331247,2895332368,15945,1121
29697.200328,2895339080,2895340200,15965,1120
29697.212172,2895346923,2895348032,15836,1109
29697.222697,2895354744,2895355862,15965,1118
29697.232335,2895362570,2895363689,15964,1119
29697.243732,2895370404,2895371521,15838,1117
29697.252333,2895378232,2895379345,15941,1113
29697.264334,2895386073,2895387186,15949,1113
29697.275293,2895393909,2895395025,15839,1116
29697.284328,2895401728,2895402840,15947,1112
29697.296337,2895409550,2895410664,15963,1114
29697.306852,2895417364,2895418481,15839,1117
29697.316328,2895425186,2895426298,15853,1112
29697.327899,2895433011,2895434123,15964,1112
29697.338413,2895440834,2895441948,15835,1114
29697.348330,2895448652,2895449764,15947,1112
29697.359460,2895456475,2895457596,15969,1121
29697.368333,2895464323,2895465433,15849,1110
29697.380328,2895472148,2895473260,15949,1112
29697.391020,2895479975,2895481096,15960,1121
29697.400334,2895487818,2895488935,15832,1117
29697.412054,2895495643,2895496755,15947,1112
29697.422580,2895503458,2895504572,15944,1114
29697.432331,2895511283,2895512393,15832,1110
29697.443614,2895519108,2895520223,15942,1115
29697.452335,2895526925,2895528037,15966,1112
29697.464331,2895534717,2895535835,15913,1118
29697.475175,2895542553,2895543674,15948,1121
29697.484336,2895550388,2895551499,15965,1111
29697.496212,2895558205,2895559317,15835,1112
29697.506735,2895566027,2895567137,15934,1110
29697.516333,2895573847,2895574960,15960,1113
29697.527772,2895581671,2895582783,15832,1112
29697.536329,2895589494,2895590605,15941,1111
29697.548333,2895597310,2895598427,15953,1117
29697.559332,2895605145,2895606258,15837,1113
29697.568327,2895612962,2895614073,15961,1111
29697.580334,2895620778,2895621894,15968,1116
29697.590893,2895628598,2895629713,15835,1115
29697.600327,2895636413,2895637525,15943,1112
29697.611940,2895644226,2895645342,15964,1116
29697.622454,2895652051,2895653162,15840,1111
29697.632327,2895659874,2895660985,15945,1111
29697.643500,2895667712,2895668819,15970,1107
29697.652335,2895675537,2895676651,15836,1114
29697.664328,2895683382,2895684495,15852,1113
29697.675059,2895691207,2895692315,15952,1108
29697.684332,2895699045,2895700153,15828,1108
29697.696094,2895706866,2895707983,15942,1117
29697.706621,2895714695,2895715811,15951,1116
29697.716330,2895722519,2895723636,15864,1117
29697.727654,2895730338,2895731450,15943,1112
29697.736331,2895738153,2895739264,15952,1111
29697.748332,2895745970,2895747085,15848,1115
29697.759215,2895753800,2895754912,15940,1112
29697.768327,2895761614,2895762732,15938,1118
29697.780252,2895769446,2895770563,15853,1117
29697.790776,2895777276,2895778396,15995,1120
29697.800331,2895785126,2895786237,16039,1111
29697.811818,2895792953,2895794064,16004,1111
29697.822338,2895800769,2895801881,16027,1112
29697.832328,2895808604,2895809716,16042,1112
29697.843373,2895816435,2895817548,15849,1113
29697.852330,2895824257,2895825375,15946,1118
29697.864328,2895832081,2895833198,15943,1117
29697.874933,2895839919,2895841024,15852,1105
29697.884329,2895847746,2895848848,15937,1102
29697.895979,2895855557,2895856669,15950,1112
29697.906493,2895863377,2895864497,15841,1120
29697.916333,2895871213,2895872330,15962,1117
29697.927538,2895879034,2895880144,15956,1110
29697.936327,2895886860,2895887976,15853,1116
29697.948331,2895894694,2895895801,15943,1107
29697.959099,2895902516,2895903628,15951,1112
29697.968329,2895910177,2895911290,15852,1113
29697.980135,2895918015,2895919131,15941,1116
29697.990659,2895925847,2895926964,15954,1117
29698.000336,2895933681,2895934800,15854,1119
29698.011693,2895941511,2895942629,15859,1118
29698.020329,2895949347,2895950458,15952,1111
29698.032331,2895957179,2895958284,15848,1105
29698.043255,2895964997,2895966115,15945,1118
29698.052330,2895972835,2895973949,15944,1114
29698.064291,2895980654,2895981772,15859,1118
29698.074816,2895988460,2895989574,15940,1114
29698.084328,2895996296,2895997406,16004,1110
29698.095852,2896004165,2896005277,15842,1112
29698.106376,2896012006,2896013119,15939,1113
29698.116331,2896019835,2896020947,15935,1112
29698.127413,2896027658,2896028770,15848,1112
29698.136328,2896035488,2896036613,15888,1125
29698.148332,2896043324,2896044436,15954,1112
29698.158979,2896051148,2896052256,15911,1108
29698.168328,2896058970,2896060085,15941,1115
29698.180020,2896066821,2896067938,15998,1117
29698.190533,2896074649,2896075755,15848,1106
29698.200329,2896082461,2896083577,15945,1116
29698.211577,2896090296,2896091416,15957,1120
29698.220328,2896098141,2896099253,15891,1112
29698.232335,2896105972,2896107080,15945,1108
29698.243139,2896113779,2896114891,15953,1112
29698.252327,2896121632,2896122741,15845,1109
29698.264176,2896129445,2896130561,15961,1116
29698.274700,2896137266,2896138384,15982,1118
29698.284332,2896145099,2896146210,15833,1111
29698.295735,2896152932,2896154049,15947,1117
29698.304333,2896160760,2896161877,15954,1117
29698.316330,2896168581,2896169696,15840,1115
29698.327295,2896176409,2896177524,15944,1115
29698.336330,2896184230,2896185343,15960,1113
29698.348328,2896192056,2896193162,15841,1106
29698.358854,2896199868,2896200977,15862,1109
29698.368334,2896207691,2896208812,15957,1121
29698.379892,2896215527,2896216639,15846,1112
29698.390416,2896223372,2896224488,15939,1116
29698.400330,2896231205,2896232311,15951,1106
29698.411453,2896239028,2896240139,15859,1111
29698.420332,2896246842,2896247962,15947,1120
29698.432331,2896254683,2896255799,15951,1116
29698.443013,2896262510,2896263619,15850,1109
29698.452329,2896270329,2896271445,15931,1116
29698.464059,2896278152,2896279269,15941,1117
29698.474573,2896285970,2896287082,15836,1112
29698.484330,2896293819,2896294930,15963,1111
29698.495621,2896301640,2896302748,15960,1108
29698.504329,2896309459,2896310576,15910,1117
29698.516330,2896317284,2896318399,15945,1115
29698.527181,2896325105,2896326216,15965,1111
29698.536334,2896332918,2896334028,15833,1110
29698.548215,2896340743,2896341858,15946,1115
29698.558739,2896348567,2896349678,15968,1111
29698.568327,2896356389,2896357507,15829,1118
29698.579775,2896364221,2896365328,15939,1107
29698.588335,2896372042,2896373154,15971,1112
29698.600335,2896379869,2896380981,15832,1112
29698.611339,2896387682,2896388798,15962,1116
29698.620327,2896395532,2896396653,15967,1121
29698.632332,2896403363,2896404473,15835,1110
29698.642896,2896411174,2896412287,15942,1113
29698.652331,2896419015,2896420138,15967,1123
29698.663932,2896426852,2896427964,15830,1112
29698.674456,2896434676,2896435792,15949,1116
29698.684332,2896442517,2896443634,16001,1117
29698.695493,2896450338,2896451444,15835,1106
29698.704329,2896458147,2896459257,15850,1110
29698.716333,2896465967,2896467085,15969,1118
29698.727056,2896473787,2896474904,15859,1117
29698.736329,2896481648,2896482762,15947,1114
29698.748100,2896489461,2896490577,15970,1116
29698.758613,2896497288,2896498404,15846,1116
29698.768331,2896505090,2896506206,15947,1116
29698.779661,2896512923,2896514036,15966,1113
29698.788335,2896520749,2896521864,15831,1115
29698.800329,2896528567,2896529679,15945,1112
29698.811221,2896536391,2896537502,15954,1111
29698.820329,2896544234,2896545346,15822,1112
29698.832255,2896552061,2896553181,15942,1120
29698.842781,2896559881,2896560996,15970,1115
29698.852333,2896567696,2896568812,15911,1116
29698.863818,2896575514,2896576625,15945,1111
29698.872332,2896583337,2896584452,15971,1115
29698.884328,2896591165,2896592275,15830,1110
29698.895376,2896598988,2896600101,15946,1113
29698.904332,2896606814,2896607923,15960,1109
29698.916329,2896614626,2896615739,15824,1113
29698.926936,2896622465,2896623586,15935,1121
29698.936330,2896630313,2896631426,15963,1113
29698.947973,2896638140,2896639257,15832,1117
29698.958498,2896645963,2896647074,15960,1111
29698.968330,2896653777,2896654888,15963,1111
29698.979534,2896661601,2896662717,15831,1116
29698.988328,2896669429,2896670540,15943,1111
29699.000330,2896677255,2896678371,15963,1116
29699.011093,2896685076,2896686193,15830,1117
29699.020331,2896692932,2896694042,15949,1110
29699.032141,2896700749,2896701866,15968,1117
29699.042653,2896708585,2896709701,15827,1116
29699.052328,2896716413,2896717526,15852,1113
29699.063701,2896724243,2896725357,15967,1114
29699.072331,2896732066,2896733178,15831,1112
29699.084328,2896739886,2896740995,15942,1109
29699.095263,2896747671,2896748787,15968,1116
29699.104329,2896755496,2896756603,15841,1107
29699.116295,2896763325,2896764433,15947,1108
29699.126822,2896771156,2896772269,15958,1113
29699.136330,2896778973,2896780089,15860,1116
29699.147855,2896786803,2896787910,15931,1107
29699.158382,2896794620,2896795726,15953,1106
29699.168331,2896802439,2896803554,15832,1115
29699.179416,2896810268,2896811384,15948,1116
29699.188329,2896818090,2896819205,15969,1115
29699.200332,2896825909,2896827020,15900,1111
29699.210977,2896833741,2896834853,15934,1112
29699.220328,2896841565,2896842676,15957,1111
29699.232012,2896849383,2896850495,15830,1112
29699.242537,2896857212,2896858321,15947,1109
29699.252330,2896865030,2896866140,15968,1110
29699.263573,2896872858,2896873973,15832,1115
29699.272333,2896880672,2896881778,15937,1106
29699.284333,2896888495,2896889604,15972,1109
29699.295133,2896896324,2896897451,15814,1127
29699.304335,2896904189,2896905302,15947,1113
29699.316180,2896912016,2896913133,15966,1117
29699.326694,2896919845,2896920958,15833,1113
29699.336329,2896927671,2896928779,15947,1108
29699.347740,2896935499,2896936615,15969,1116
29699.356336,2896943311,2896944421,15834,1110
29699.368328,2896951124,2896952233,15935,1109
29699.379301,2896958948,2896960059,15967,1111
29699.388329,2896966773,2896967885,15831,1112
29699.400329,2896974605,2896975717,15852,1112
29699.410861,2896982433,2896983540,15971,1107
29699.420330,2896990247,2896991366,15836,1119
29699.431896,2896998074,2896999186,15941,1112
29699.442422,2897005889,2897007002,15973,1113
29699.452327,2897013718,2897014835,15848,1117
29699.463456,2897021542,2897022649,15938,1107
29699.472329,2897029360,2897030478,15970,1118
29699.484328,2897037188,2897038291,15828,1103
29699.495017,2897044992,2897046102,15930,1110
29699.504330,2897052817,2897053933,15957,1116
29699.516052,2897060642,2897061752,15834,1110
29699.526577,2897068457,2897069568,15943,1111
29699.536330,2897076292,2897077398,15975,1106
29699.547621,2897084106,2897085218,15911,1112
29699.556328,2897091921,2897093037,15932,1116
29699.568328,2897099734,2897100844,15962,1110
29699.579174,2897107555,2897108664,15833,1109
29699.588329,2897115368,2897116481,15944,1113
29699.600219,2897123192,2897124303,15973,1111
29699.610734,2897131012,2897132115,15827,1103
29699.620332,2897138825,2897139942,15948,1117
29699.631781,2897146662,2897147774,15968,1112
29699.640332,2897154486,2897155603,15832,1117
29699.652329,2897162313,2897163432,15960,1119
29699.663341,2897170132,2897171247,15968,1115
29699.672333,2897177958,2897179069,15828,1111
29699.684327,2897185766,2897186882,15943,1116
29699.694901,2897193595,2897194704,15967,1109
29699.704330,2897201422,2897202538,15824,1116
29699.715936,2897209248,2897210364,15949,1116
29699.726462,2897217083,2897218189,15965,1106
29699.736327,2897224882,2897225995,15829,1113
29699.747495,2897232695,2897233810,15854,1115
29699.756331,2897240515,2897241626,15962,1111
29699.768329,2897248325,2897249440,15832,1115
29699.779057,2897256145,2897257258,15942,1113
29699.788327,2897264006,2897265121,15972,1115
29699.800093,2897271831,2897272938,15846,1107
29699.810617,2897279649,2897280761,15946,1112
29699.820331,2897287448,2897288560,15989,1112
29699.831653,2897295271,2897296386,15823,1115
29699.840329,2897303090,2897304200,15949,1110
29699.852330,2897310876,2897311992,16001,1116
29699.863213,2897318696,2897319806,15828,1110
29699.872334,2897326527,2897327647,15940,1120
29699.884261,2897334356,2897335477,15966,1121
29699.894782,2897342193,2897343308,15915,1115
29699.904334,2897350021,2897351133,15938,1112
29699.915821,2897357862,2897358980,15943,1118
29699.924328,2897365688,2897366805,15832,1117
29699.936334,2897374252,2897375384,15986,1132
29699.947380,2897382336,2897383456,15969,1120
29699.956332,2897390184,2897391300,15826,1116
29699.968327,2897398029,2897399144,15940,1115
29699.978944,2897405812,2897406927,16080,1115
29699.988328,2897413638,2897414755,15911,1117
29699.999978,2897421463,2897422567,16051,1104
29700.010503,2897429244,2897430359,16078,1115
29700.020334,2897437072,2897438184,15913,1112
29700.031536,2897444900,2897446016,16031,1116
29700.040333,2897452703,2897453821,16076,1118
29700.052328,2897460529,2897461634,15916,1105
29700.063097,2897468352,2897469466,16033,1114
29700.072327,2897476170,2897477283,16054,1113
29700.084133,2897483992,2897485109,15915,1117
29700.094655,2897491829,2897492941,15935,1112
29700.104330,2897499651,2897500766,16058,1115
29700.115695,2897507492,2897508604,15848,1112
29700.124330,2897515320,2897516431,15945,1111
29700.136330,2897523088,2897524201,16076,1113
29700.147254,2897530915,2897532031,15935,1116
29700.156327,2897538748,2897539860,16033,1112
29700.168301,2897546539,2897547649,16078,1110
29700.178815,2897554365,2897555481,15918,1116
29700.188329,2897562191,2897563302,16033,1111
29700.199862,2897569987,2897571097,16085,1110
29700.210375,2897577804,2897578915,15921,1111
29700.220328,2897585619,2897586734,16033,1115
29700.231421,2897593411,2897594532,16072,1121
29700.240332,2897601244,2897602360,15997,1116
29700.252329,2897609071,2897610176,16038,1105
29700.262982,2897616849,2897617966,16078,1117
29700.272327,2897624680,2897625797,15921,1117
29700.284016,2897632512,2897633628,16034,1116
29700.294539,2897640287,2897641404,16042,1117
29700.304363,2897648102,2897649214,15931,1112
29700.315573,2897655930,2897657052,15933,1122
29700.324328,2897663758,2897664874,15955,1116
29700.336333,2897671569,2897672680,15839,1111
29700.347138,2897679385,2897680500,15962,1115
29700.356328,2897687177,2897688289,16083,1112
29700.368173,2897695000,2897696114,15920,1114
29700.378697,2897702826,2897703938,16036,1112
29700.388330,2897710610,2897711725,16074,1115
29700.399734,2897718426,2897719537,15919,1111
29700.408333,2897726241,2897727347,16031,1106
29700.420328,2897734030,2897735146,16073,1116
29700.431294,2897741864,2897742976,15920,1112
29700.440327,2897749680,2897750785,15942,1105
29700.452330,2897757485,2897758602,16055,1117
29700.462854,2897765310,2897766423,15908,1113
29700.472329,2897773151,2897774259,16024,1108
29700.483901,2897780965,2897782076,16059,1111
29700.494415,2897788788,2897789909,15933,1121
29700.504329,2897796616,2897797725,16031,1109
29700.515462,2897804396,2897805502,16080,1106
29700.524331,2897812231,2897813347,15834,1116
29700.536333,2897820052,2897821158,15947,1106
29700.547023,2897827838,2897828949,16093,1111
29700.556329,2897835660,2897836772,15918,1112
29700.568056,2897843473,2897844583,16037,1110
29700.578582,2897851247,2897852360,16074,1113
29700.588334,2897859076,2897860187,16001,1111
29700.599617,2897866904,2897868012,16029,1108
29700.608333,2897874724,2897875834,16058,1110
29700.620329,2897882537,2897883648,15922,1111
29700.631177,2897890356,2897891469,16037,1113
29700.640327,2897898148,2897899269,16035,1121
29700.652213,2897905984,2897907096,15929,1112
29700.662737,2897913812,2897914930,16034,1118
29700.672330,2897921606,2897922727,16076,1121
29700.683774,2897929435,2897930545,15921,1110
29700.692334,2897937244,2897938360,16054,1116
29700.704330,2897945024,2897946133,16078,1109
29700.715335,2897952843,2897953950,15920,1107
29700.724329,2897960678,2897961796,15941,1118
29700.736332,2897968473,2897969589,16078,1116
29700.746894,2897976306,2897977418,15917,1112
29700.756334,2897984119,2897985235,16033,1116
29700.767941,2897991911,2897993024,16054,1113
29700.778455,2897999734,2898000845,15922,1111
29700.788330,2898007559,2898008680,15936,1121
29700.799502,2898015389,2898016500,16058,1111
29700.808330,2898023207,2898024318,15915,1111
29700.820335,2898031025,2898032142,16035,1117
29700.831063,2898038806,2898039913,16067,1107
29700.840327,2898046620,2898047732,15934,1112
29700.852096,2898054438,2898055554,16034,1116
29700.862623,2898062239,2898063350,16076,1111
29700.872328,2898070054,2898071171,15920,1117
29700.883657,2898077875,2898078987,16033,1112
29700.892331,2898085662,2898086782,16092,1120
29700.904333,2898093492,2898094607,15925,1115
29700.915217,2898101329,2898102446,16035,1117
29700.924333,2898109114,2898110231,16074,1117
29700.936261,2898116959,2898118069,15907,1110
29700.946783,2898124785,2898125905,16001,1120
29700.956327,2898132620,2898133738,15916,1118
29700.967814,2898140450,2898141564,15830,1114
29700.978341,2898148281,2898149403,15981,1122
29700.988330,2898156133,2898157249,15916,1116
29700.999374,2898163968,2898165086,15831,1118
29701.008333,2898171792,2898172908,15985,1116
29701.020331,2898179617,2898180732,15965,1115
29701.030935,2898187436,2898188543,15826,1107
29701.040328,2898195251,2898196364,15964,1113
29701.051982,2898203045,2898204157,16070,1112
29701.062495,2898210871,2898211979,15914,1108
29701.072327,2898218711,2898219823,16033,1112
29701.083542,2898226491,2898227612,16073,1121
29701.092332,2898234324,2898235435,15923,1111
29701.104333,2898242147,2898243259,16036,1112
29701.115103,2898249938,2898251053,16077,1115
29701.124333,2898257795,2898258912,15918,1117
29701.136135,2898265651,2898266766,15844,1115
29701.146663,2898273490,2898274605,15965,1115
29701.156327,2898281303,2898282413,15822,1110
29701.167697,2898289126,2898290240,15938,1114
29701.176332,2898296917,2898298024,15988,1107
29701.188332,2898304734,2898305851,15849,1117
29701.199257,2898312562,2898313665,15947,1103
29701.208327,2898320351,2898321464,15986,1113
29701.220293,2898328171,2898329287,15833,1116
29701.230818,2898335982,2898337098,15945,1116
29701.240326,2898343769,2898344884,16000,1115
29701.251854,2898351610,2898352721,15831,1111
29701.262380,2898359433,2898360554,15947,1121
29701.272329,2898367238,2898368349,15985,1111
29701.283421,2898375070,2898376182,15913,1112
29701.292331,2898382887,2898383994,15938,1107
29701.304328,2898390708,2898391823,15972,1115
29701.314975,2898398536,2898399653,15821,1117
29701.324334,2898406366,2898407482,15943,1116
29701.336019,2898414166,2898415280,16093,1114
29701.346535,2898421991,2898423098,15936,1107
29701.356328,2898429814,2898430926,16028,1112
29701.367583,2898437591,2898438700,16079,1109
29701.376331,2898445416,2898446528,15917,1112
29701.388330,2898453240,2898454350,16051,1110
29701.399143,2898461017,2898462129,16076,1112
29701.408331,2898468840,2898469951,15918,1111
29701.420177,2898476670,2898477790,16034,1120
29701.430703,2898484461,2898485573,16075,1112
29701.440332,2898492282,2898493400,15920,1118
29701.451737,2898500104,2898501215,16034,1111
29701.460329,2898507887,2898508999,16071,1112
29701.472328,2898515694,2898516816,15908,1122
29701.483296,2898523528,2898524640,15934,1112
29701.492334,2898531345,2898532460,16043,1115
29701.504329,2898539169,2898540286,15917,1117
29701.514858,2898546997,2898548113,16034,1116
29701.524332,2898554781,2898555897,16081,1116
29701.535894,2898562606,2898563721,15927,1115
29701.546418,2898570442,2898571558,16031,1116
29701.556329,2898578251,2898579368,16080,1117
29701.567454,2898586082,2898587201,15918,1119
29701.576328,2898593919,2898595030,16038,1111
29701.588328,2898601740,2898602856,16044,1116
29701.599015,2898609569,2898610682,15919,1113
29701.608329,2898617396,2898618508,16036,1112
29701.620061,2898625175,2898626291,16072,1116
29701.630582,2898632992,2898634103,15995,1111
29701.640328,2898640806,2898641918,16030,1112
29701.651621,2898648603,2898649710,16015,1107
29701.660327,2898656409,2898657515,15933,1106
29701.672333,2898664223,2898665329,16030,1106
29701.683181,2898672003,2898673113,16060,1110
29701.692329,2898679824,2898680940,15909,1116
29701.704217,2898687651,2898688758,16025,1107
29701.714743,2898695475,2898696582,16057,1107
29701.724328,2898703288,2898704403,15917,1115
29701.735779,2898711094,2898712206,16051,1112
29701.744333,2898718895,2898720002,16031,1107
29701.756331,2898726718,2898727835,15821,1117
29701.767338,2898734544,2898735664,15944,1120
29701.776333,2898742330,2898743446,16077,1116
29701.788328,2898750159,2898751271,15921,1112
29701.798899,2898757977,2898759092,16027,1115
29701.808328,2898765806,2898766927,16057,1121
29701.819935,2898773635,2898774742,15910,1107
29701.830457,2898781458,2898782575,15941,1117
29701.840329,2898789286,2898790392,16061,1106
29701.851495,2898797100,2898798210,15918,1110
29701.860327,2898804920,2898806035,16032,1115
29701.872337,2898812713,2898813832,16073,1119
29701.883055,2898820537,2898821654,15938,1117
29701.892333,2898828358,2898829473,16033,1115
29701.904102,2898836143,2898837260,16076,1117
29701.914615,2898843978,2898845094,15919,1116
29701.924333,2898851794,2898852905,16032,1111
29701.935663,2898859573,2898860688,16094,1115
29701.944329,2898867397,2898868507,15920,1110
29701.956327,2898875228,2898876335,15949,1107
29701.967225,2898883009,2898884126,16077,1117
29701.976327,2898890840,2898891956,16000,1116
29701.988257,2898898666,2898899782,16034,1116
29701.998783,2898906468,2898907580,16076,1112
29702.008328,2898914288,2898915395,15918,1107
29702.019817,2898922102,2898923218,16037,1116
29702.028329,2898929893,2898931008,16041,1115
29702.040333,2898937720,2898938834,15934,1114
29702.051378,2898945544,2898946659,16034,1115
29702.060330,2898953334,2898954441,16080,1107
29702.072329,2898961148,2898962261,15917,1113
29702.082939,2898968970,2898970084,16041,1114
29702.092331,2898976756,2898977867,16078,1111
29702.103974,2898984578,2898985694,15921,1116
29702.114499,2898992412,2898993528,16023,1116
29702.124333,2899000229,2899001340,16052,1111
29702.135535,2899008049,2899009162,15911,1113
29702.144333,2899015874,2899016990,16026,1116
29702.156330,2899023696,2899024807,16058,1111
29702.167095,2899031518,2899032634,15922,1116
29702.176327,2899039374,2899040495,15934,1121
29702.188142,2899047213,2899048325,16057,1112
29702.198656,2899055034,2899056145,15924,1111
29702.208329,2899062863,2899063979,16035,1116
29702.219702,2899070642,2899071754,16071,1112
29702.228327,2899078460,2899079576,15936,1116
29702.240329,2899086277,2899087390,16027,1113
29702.251263,2899094057,2899095167,16075,1110
29702.260334,2899101880,2899102991,15917,1111
29702.272297,2899109693,2899110808,16033,1115
29702.282823,2899117503,2899118617,16043,1114
29702.292328,2899125329,2899126441,15917,1112
29702.303858,2899133145,2899134256,16029,1111
29702.314383,2899140963,2899142070,16049,1107
29702.324328,2899148780,2899149889,15997,1109
29702.335418,2899156599,2899157711,16026,1112
29702.344331,2899164418,2899165532,16052,1114
29702.356328,2899172246,2899173353,15833,1107
29702.366978,2899180077,2899181184,15937,1107
29702.376328,2899187905,2899189021,15971,1116
29702.388015,2899195735,2899196851,15824,1116
29702.398539,2899203559,2899204667,15945,1108
29702.408328,2899211339,2899212449,16071,1110
29702.419575,2899219149,2899220261,15917,1112
29702.428334,2899226967,2899228080,16048,1113
29702.440330,2899234749,2899235861,16078,1112
29702.451135,2899242578,2899243694,15915,1116
29702.460331,2899250419,2899251540,16036,1121
29702.472182,2899258245,2899259360,16055,1115
29702.482697,2899266053,2899267168,15918,1115
29702.492334,2899273885,2899274991,16020,1106
29702.503742,2899281700,2899282811,16055,1111
29702.512328,2899289516,2899290619,15918,1103
29702.524330,2899297326,2899298447,15941,1121
29702.535303,2899305150,2899306263,16055,1113
29702.544328,2899312961,2899314071,15923,1110
29702.556329,2899320780,2899321895,16032,1115
29702.566864,2899328590,2899329705,15973,1115
29702.576331,2899336419,2899337535,15848,1116
29702.587897,2899344240,2899345351,15946,1111
29702.598424,2899352019,2899353131,15989,1112
29702.608333,2899359838,2899360956,15826,1118
29702.619459,2899367660,2899368776,15949,1116
29702.628331,2899375450,2899376559,16005,1109
29702.640335,2899383255,2899384366,15830,1111
29702.651018,2899391076,2899392183,15947,1107
29702.660329,2899398850,2899399960,15985,1110
29702.672062,2899406671,2899407787,15913,1116
29702.682579,2899414496,2899415610,15949,1114
29702.692327,2899422280,2899423391,15986,1111
29702.703615,2899430085,2899431200,15830,1115
29702.712333,2899437908,2899439019,15943,1111
29702.724336,2899445700,2899446805,15960,1105
29702.735175,2899453517,2899454624,15849,1107
29702.744330,2899461336,2899462458,15944,1122
29702.756222,2899469144,2899470265,15991,1121
29702.766736,2899477012,2899478127,15833,1115
29702.776329,2899484849,2899485961,15966,1112
29702.787783,2899492640,2899493749,16074,1109
29702.796332,2899500460,2899501578,15920,1118
29702.808328,2899508291,2899509401,16024,1110
29702.819343,2899516073,2899517179,16075,1106
29702.828329,2899523880,2899524996,15917,1116
29702.840329,2899531708,2899532819,16035,1111
29702.850904,2899539482,2899540600,16071,1118
29702.860334,2899547318,2899548435,15923,1117
29702.871938,2899555144,2899556256,15937,1112
29702.882464,2899562954,2899564073,16046,1119
29702.892330,2899570791,2899571903,15918,1112
29702.903498,2899578606,2899579715,16038,1109
29702.912333,2899586379,2899587484,16078,1105
29702.924329,2899594202,2899595315,15937,1113
29702.935058,2899602033,2899603140,16033,1107
29702.944328,2899609839,2899610945,16070,1106
29702.956095,2899617656,2899618769,15923,1113
29702.966620,2899625505,2899626621,16035,1116
29702.976334,2899633289,2899634404,15982,1115
29702.987655,2899641118,2899642230,15849,1112
29702.996329,2899648945,2899650063,15941,1118
29703.008331,2899656743,2899657853,15992,1110
29703.019224,2899664562,2899665677,15901,1115
29703.028329,2899672387,2899673499,15944,1112
29703.040262,2899680180,2899681297,15984,1117
29703.050776,2899687994,2899689112,15834,1118
29703.060334,2899695810,2899696930,15945,1120
29703.071822,2899703620,2899704741,15966,1121
29703.082336,2899711446,2899712555,15842,1109
29703.108332,2899725272,2899725894,11980,622
29703.119916,2899729241,2899729864,12030,623
29703.130433,2899735817,2899736928,15990,1111
29703.140329,2899743630,2899744746,15951,1116
29703.151473,2899751458,2899752577,16063,1119
29703.160330,2899759291,2899760406,16001,1115
29703.172329,2899767127,2899768239,15932,1112
29703.183037,2899774947,2899776066,16087,1119
29703.192335,2899782780,2899783896,16000,1116
29703.204066,2899790605,2899791715,15911,1110
29703.214595,2899798426,2899799543,16060,1117
29703.224328,2899806252,2899807363,16003,1111
29703.235627,2899814073,2899815189,15918,1116
29703.244330,2899821888,2899823000,16072,1112
29703.256333,2899829714,2899830830,16005,1116
29703.267193,2899837546,2899838654,15992,1108
29703.276332,2899845358,2899846479,16069,1121
29703.288233,2899853183,2899854292,16004,1109
29703.298748,2899860993,2899862103,15936,1110
29703.308335,2899868818,2899869935,16088,1117
29703.319793,2899876637,2899877749,16008,1112
29703.328335,2899884462,2899885574,15935,1112
29703.340333,2899892282,2899893397,16081,1115
29703.351355,2899900114,2899901225,16008,1111
29703.360330,2899907929,2899909036,15920,1107
29703.372336,2899915746,2899916851,16093,1105
29703.382915,2899923580,2899924694,15913,1114
29703.392328,2899931406,2899932518,15836,1112
29703.403953,2899939234,2899940349,15983,1115
29703.414475,2899947062,2899948184,15904,1122
29703.424330,2899954897,2899956013,15837,1116
29703.435513,2899962726,2899963842,15983,1116
29703.444335,2899970548,2899971661,15907,1113
29703.456335,2899978372,2899979481,15848,1109
29703.467074,2899986182,2899987298,15920,1116
29703.476332,2899994027,2899995133,15909,1106
29703.488106,2900001850,2900002962,15850,1112
29703.498636,2900009678,2900010792,16001,1114
29703.508329,2900017502,2900018619,15918,1117
29703.519667,2900025323,2900026439,15848,1116
29703.528328,2900033159,2900034266,16001,1107
29703.540330,2900040974,2900042090,15912,1116
29703.551228,2900048812,2900049932,15836,1120
29703.560335,2900056643,2900057752,15975,1109
29703.572274,2900064453,2900065563,15905,1110
29703.582790,2900072305,2900073413,15829,1108
29703.592328,2900080126,2900081238,15976,1112
29703.603835,2900086475,2900087590,15821,1115
29703.614356,2900094288,2900095396,15908,1108
29703.624332,2900102125,2900103240,15983,1115
29703.635393,2900109951,2900111059,15905,1108
29703.644329,2900117775,2900118887,15840,1112
29703.656331,2900125603,2900126716,15992,1113
29703.666955,2900133433,2900134548,15997,1115
29703.676327,2900141264,2900142385,15932,1121
29703.687994,2900149100,2900150218,16083,1118
29703.698518,2900156922,2900158037,15998,1115
29703.708328,2900164746,2900165862,15921,1116
29703.719555,2900172570,2900173683,15994,1113
29703.728329,2900180405,2900181502,15915,1097
29703.740329,2900188216,2900189331,15818,1115
29703.751114,2900196049,2900197159,15979,1110
29703.760331,2900203892,2900205000,15913,1108
29703.772147,2900211709,2900212814,15837,1105
29703.782675,2900219526,2900220639,15974,1113
29703.792328,2900227311,2900228426,16000,1115
29703.803709,2900235140,2900236253,15937,1113
29703.812331,2900242954,2900244061,16010,1107
29703.824327,2900250773,2900251881,15995,1108
29703.835267,2900258586,2900259695,15932,1109
29703.844331,2900266411,2900267524,15993,1113
29703.856314,2900274242,2900275349,15989,1107
29703.866828,2900282067,2900283181,15921,1114
29703.876331,2900289901,2900291010,16084,1109
29703.887874,2900297725,2900298834,15997,1109
29703.898391,2900305536,2900306649,15920,1113
29703.908330,2900313367,2900314471,15980,1104
29703.919435,2900321182,2900322292,15914,1110
29703.928330,2900328995,2900330103,15829,1108
29703.940329,2900336808,2900337918,15980,1110
29703.950994,2900344631,2900345741,15916,1110
29703.960334,2900352447,2900353560,15909,1113
29703.972033,2900360269,2900361382,15979,1113
29703.982554,2900368100,2900369208,15909,1108
29703.992333,2900375941,2900377051,15860,1110
29704.003593,2900383756,2900384866,15984,1110
29704.012332,2900391576,2900392684,15915,1108
29704.024335,2900399400,2900400510,15854,1110
29704.035154,2900407217,2900408332,15978,1115
29704.044328,2900415060,2900416173,15913,1113
29704.056186,2900422875,2900423985,15928,1110
29704.066714,2900430697,2900431804,16072,1107
29704.076330,2900438511,2900439625,15984,1114
29704.087747,2900446328,2900447441,15928,1113
29704.096331,2900454154,2900455268,15965,1114
29704.108329,2900461978,2900463088,15906,1110
29704.119307,2900469796,2900470909,15845,1113
29704.128331,2900477615,2900478713,15964,1098
29704.140328,2900485438,2900486553,15908,1115
29704.150868,2900493274,2900494392,15860,1118
29704.160328,2900501102,2900502206,15913,1104
29704.171912,2900508921,2900510031,15911,1110
29704.182428,2900516746,2900517853,15945,1107
29704.192335,2900524578,2900525690,16003,1112
29704.203476,2900532389,2900533495,15903,1106
29704.212335,2900540205,2900541313,15839,1108
29704.224327,2900548030,2900549143,15987,1113
29704.235036,2900555848,2900556961,15915,1113
29704.244331,2900563669,2900564782,15913,1113
29704.256073,2900571495,2900572603,16068,1108
29704.266596,2900579306,2900580423,15997,1117
29704.276333,2900587142,2900588250,15915,1108
29704.287634,2900594975,2900596088,15975,1113
29704.296328,2900602787,2900603898,15913,1111
29704.308330,2900610608,2900611720,15993,1112
29704.319194,2900618429,2900619534,16065,1105
29704.328330,2900626253,2900627365,16003,1112
29704.340226,2900634082,2900635192,15929,1110
29704.350756,2900641900,2900643013,16078,1113
29704.360330,2900649722,2900650830,16000,1108
29704.371787,2900657547,2900658652,15930,1105
29704.380332,2900665358,2900666471,16081,1113
29704.392335,2900673191,2900674305,15995,1114
29704.403348,2900681035,2900682145,15831,1110
29704.412330,2900688859,2900689967,15995,1108
29704.424328,2900696688,2900697804,15910,1116
29704.434908,2900704516,2900705630,15829,1114
29704.444330,2900712332,2900713436,15977,1104
29704.455953,2900720149,2900721263,15912,1114
29704.466468,2900727969,2900729082,15831,1113
29704.476328,2900735785,2900736895,15966,1110
29704.487514,2900743609,2900744724,15909,1115
29704.496330,2900751431,2900752540,15836,1109
29704.508334,2900759260,2900760377,15916,1117
29704.519074,2900767092,2900768202,15902,1110
29704.528336,2900774910,2900776013,15843,1103
29704.540115,2900782731,2900783848,15995,1117
29704.550636,2900790562,2900791669,15915,1107
29704.560330,2900798378,2900799493,15839,1115
29704.571675,2900806187,2900807295,15999,1108
29704.580330,2900814008,2900815114,15907,1106
29704.592331,2900821823,2900822938,15831,1115
29704.603234,2900829649,2900830757,15965,1108
29704.612330,2900837462,2900838574,15915,1112
29704.624266,2900845279,2900846382,15840,1103
29704.634793,2900853101,2900854210,15965,1109
29704.644330,2900860927,2900862037,15912,1110
29704.655832,2900868742,2900869852,15906,1110
29704.666353,2900876556,2900877671,15962,1115
29704.676335,2900884386,2900885491,15908,1105
29704.687387,2900892228,2900893334,15860,1106
29704.696330,2900900037,2900901151,15986,1114
29704.708330,2900907865,2900908975,16002,1110
29704.718948,2900915685,2900916789,15947,1104
29704.728327,2900923497,2900924598,16071,1101
29704.739993,2900931310,2900932420,15991,1110
29704.750508,2900939123,2900940233,15845,1110
29704.760334,2900946949,2900948064,15981,1115
29704.771554,2900954773,2900955886,15908,1113
29704.780329,2900962593,2900963705,15843,1112
29704.792334,2900970420,2900971530,15963,1110
29704.803114,2900978258,2900979367,15888,1109
29704.812330,2900986067,2900987174,15834,1107
29704.824154,2900993897,2900995016,15981,1119
29704.834674,2901001709,2901002819,16001,1110
29704.844328,2901009535,2901010639,15924,1104
29704.855714,2901017344,2901018457,16002,1113
29704.864331,2901025176,2901026289,16005,1113
29704.876330,2901032990,2901034095,15930,1105
29704.887275,2901040799,2901041913,15993,1114
29704.896330,2901048626,2901049746,16001,1120
29704.908307,2901056468,2901057576,15934,1108
29704.918836,2901064287,2901065401,16082,1114
29704.928328,2901072111,2901073217,15912,1106
29704.939867,2901079924,2901081037,15829,1113
29704.950395,2901087744,2901088854,15977,1110
29704.960330,2901095570,2901096689,15911,1119
29704.971428,2901103400,2901104507,15829,1107
29704.980329,2901111220,2901112334,15981,1114
29704.992330,2901119058,2901120168,15916,1110
29705.002996,2901126877,2901127981,15898,1104
29705.012333,2901134695,2901135809,15971,1114
29705.024033,2901142515,2901143630,15911,1115
29705.034548,2901150346,2901151455,15843,1109
29705.044334,2901158176,2901159291,15993,1115
29705.055595,2901165919,2901167033,15996,1114
29705.064332,2901173746,2901174851,15928,1105
29705.076329,2901181566,2901182676,16084,1110
29705.087156,2901189393,2901190507,15999,1114
29705.096329,2901197206,2901198317,15918,1111
29705.108197,2901205014,2901206128,16078,1114
29705.118716,2901212826,2901213938,16002,1112
29705.128329,2901220655,2901221762,15917,1107
29705.139754,2901228471,2901229585,16065,1114
29705.148331,2901236308,2901237425,16002,1117
29705.160331,2901244125,2901245235,15918,1110
29705.171314,2901251940,2901253047,15975,1107
29705.180327,2901259758,2901260876,15913,1118
29705.192334,2901267584,2901268697,15843,1113
29705.202874,2901275409,2901276522,15916,1113
29705.212328,2901283241,2901284359,15906,1118
29705.223908,2901291064,2901292174,15844,1110
29705.234437,2901298888,2901300000,15994,1112
29705.244327,2901306714,2901307828,15912,1114
29705.255468,2901314538,2901315648,15830,1110
29705.264327,2901322350,2901323458,15992,1108
29705.276334,2901330166,2901331276,15912,1110
29705.287031,2901337988,2901339101,15914,1113
29705.296332,2901345798,2901346911,16067,1113
29705.308075,2901353636,2901354746,16002,1110
29705.318588,2901361452,2901362561,15917,1109
29705.328327,2901369279,2901370378,16055,1099
29705.339634,2901377092,2901378206,16003,1114
29705.348328,2901384924,2901386039,15991,1115
29705.360331,2901392761,2901393870,16066,1109
29705.371195,2901400580,2901401698,16001,1118
29705.380327,2901408417,2901409534,15928,1117
29705.392235,2901416247,2901417357,15995,1110
29705.402755,2901424068,2901425178,15914,1110
29705.412331,2901431895,2901433007,15845,1112
29705.423795,2901439725,2901440833,15982,1108
29705.432336,2901447532,2901448642,15904,1110
29705.444331,2901455363,2901456471,15835,1108
29705.455355,2901463184,2901464303,15985,1119
29705.464330,2901471022,2901472135,15905,1113
29705.476328,2901478831,2901479950,15846,1119
29705.486913,2901486665,2901487775,15961,1110
29705.496329,2901494500,2901495618,15910,1118
29705.507948,2901502342,2901503452,15846,1110
29705.518474,2901510156,2901511266,15966,1110
29705.528335,2901517971,2901519070,15912,1099
29705.539508,2901525780,2901526895,15857,1115
29705.548329,2901533592,2901534704,15918,1112
29705.560330,2901541421,2901542536,15915,1115
29705.571069,2901549241,2901550349,15857,1108
29705.580331,2901557083,2901558193,15980,1110
29705.592115,2901564904,2901566014,15911,1110
29705.602628,2901572729,2901573842,15855,1113
29705.612328,2901580547,2901581656,15984,1109
29705.623677,2901588378,2901589488,15901,1110
29705.632330,2901596200,2901597308,15828,1108
29705.644331,2901604013,2901605121,15982,1108
29705.655236,2901611831,2901612950,15912,1119
29705.664331,2901619653,2901620762,15831,1109
29705.676273,2901627477,2901628590,15978,1113
29705.686796,2901635301,2901636408,15916,1107
29705.696326,2901643112,2901644230,15908,1118
29705.707835,2901650952,2901652056,15981,1104
29705.718355,2901658777,2901659890,15909,1113
29705.728331,2901666592,2901667694,15932,1102
29705.739396,2901674404,2901675512,16081,1108
29705.748332,2901682212,2901683326,16004,1114
29705.760328,2901690031,2901691139,15930,1108
29705.770956,2901697842,2901698950,16081,1108
29705.780332,2901705665,2901706777,15987,1112
29705.791988,2901713501,2901714606,15913,1105
29705.802517,2901721318,2901722430,16084,1112
29705.812328,2901729131,2901730244,15998,1113
29705.823549,2901736965,2901738084,15772,1119
29705.832327,2901744793,2901745903,15984,1110
29705.844329,2901752619,2901753723,16003,1104
29705.855108,2901760438,2901761550,15913,1112
29705.864328,2901768296,2901769411,16063,1115
29705.876154,2901776129,2901777248,16000,1119
29705.886671,2901783958,2901785063,15925,1105
29705.896327,2901791780,2901792895,16005,1115
29705.907715,2901799609,2901800718,15999,1109
29705.916334,2901807425,2901808542,15930,1117
29705.928327,2901815251,2901816353,16078,1102
29705.939276,2901823061,2901824173,15996,1112
29705.948327,2901830871,2901831981,15930,1110
29705.960314,2901838697,2901839812,15976,1115
29705.970835,2901846529,2901847651,15903,1122
29705.980330,2901854368,2901855484,15842,1116
29705.991875,2901862190,2901863302,15993,1112
29706.002396,2901870016,2901871131,15914,1115
29706.012333,2901877847,2901878965,15846,1118
29706.023436,2901885685,2901886798,15991,1113
29706.032332,2901893521,2901894631,15916,1110
29706.044329,2901901341,2901902445,15904,1104
29706.054997,2901909165,2901910280,15986,1115
29706.064327,2901916996,2901918101,15917,1105
29706.076028,2901924820,2901925930,15821,1110
29706.086555,2901932653,2901933772,15976,1119
29706.096329,2901940489,2901941599,15917,1110
29706.107588,2901948313,2901949425,15827,1112
29706.116328,2901956139,2901957254,15970,1115
29706.128330,2901963976,2901965081,15909,1105
29706.139149,2901971798,2901972913,15845,1115
29706.148329,2901979626,2901980740,15977,1114
29706.160194,2901987442,2901988556,15902,1114
29706.170710,2901995262,2901996372,15841,1110
29706.180328,2902003084,2902004198,15991,1114
29706.191756,2902010905,2902012018,15907,1113
29706.200332,2902018738,2902019856,15843,1118
29706.212327,2902026559,2902027669,15993,1110
29706.223316,2902034388,2902035501,15914,1113
29706.232333,2902042228,2902043336,15847,1108
29706.244330,2902050053,2902051157,15918,1104
29706.254876,2902057866,2902058976,15916,1110
29706.264330,2902065683,2902066788,15839,1105
29706.275913,2902073498,2902074613,15961,1115
29706.286435,2902081326,2902082441,15991,1115
29706.296333,2902089147,2902090257,15916,1110
29706.307473,2902096959,2902098074,16050,1115
29706.316331,2902104792,2902105902,16000,1110
29706.328330,2902112614,2902113730,15948,1116
29706.339036,2902120440,2902121554,16063,1114
29706.348331,2902128270,2902129380,15997,1110
29706.360068,2902136096,2902137209,15936,1113
29706.370598,2902143929,2902145043,16070,1114
29706.380329,2902151754,2902152861,16004,1107
29706.391635,2902159571,2902160681,15986,1110
29706.400331,2902167380,2902168490,15982,1110
29706.412332,2902175200,2902176309,15909,1109
29706.423189,2902183012,2902184122,15852,1110
29706.432331,2902190837,2902191950,15965,1113
29706.444236,2902198664,2902199768,15917,1104
29706.454749,2902206477,2902207582,15820,1105
29706.464328,2902214303,2902215416,15981,1113
29706.475795,2902222127,2902223237,15905,1110
29706.484328,2902229945,2902231062,15845,1117
29706.496332,2902237766,2902238879,15988,1113
29706.507355,2902245603,2902246713,15908,1110
29706.516330,2902253411,2902254529,15837,1118
29706.528329,2902261237,2902262354,15994,1117
29706.538917,2902269074,2902270187,15913,1113
29706.548327,2902276900,2902278015,15848,1115
29706.559956,2902284727,2902285840,15995,1113
29706.570478,2902292546,2902293659,15910,1113
29706.580330,2902300371,2902301484,15827,1113
29706.591517,2902308199,2902309309,15916,1110
29706.600327,2902316009,2902317117,15909,1108
29706.612328,2902323824,2902324937,15814,1113
29706.623076,2902331647,2902332762,15971,1115
29706.632332,2902339500,2902340615,15903,1115
29706.644108,2902347363,2902348475,15842,1112
29706.654634,2902355179,2902356286,15960,1107
29706.664328,2902362988,2902364098,15908,1110
29706.675669,2902370808,2902371921,15850,1113
29706.684328,2902378636,2902379748,15985,1112
29706.696329,2902386463,2902387573,15905,1110
29706.707229,2902394297,2902395401,15847,1104
29706.716328,2902402111,2902403219,15980,1108
29706.728275,2902409928,2902411045,15911,1117
29706.738795,2902417762,2902418872,15897,1110
29706.748329,2902425578,2902426687,15980,1109
29706.759835,2902433402,2902434517,15913,1115
29706.770350,2902441230,2902442343,15836,1113
29706.780334,2902449046,2902450161,15966,1115
29706.791395,2902456871,2902457981,15911,1110
29706.800333,2902464686,2902465804,15930,1118
29706.812335,2902472505,2902473622,16050,1117
29706.822955,2902480327,2902481437,15998,1110
29706.832330,2902488152,2902489261,15948,1109
29706.843995,2902495923,2902497021,16070,1098
29706.854516,2902503737,2902504841,15908,1104
29706.864329,2902511547,2902512657,15848,1110
29706.875556,2902519372,2902520482,15991,1110
29706.884332,2902527185,2902528295,15915,1110
29706.896335,2902535003,2902536114,15843,1111
29706.907117,2902542837,2902543951,15992,1114
29706.916330,2902550683,2902551793,15910,1110
29706.928149,2902558507,2902559619,15830,1112
29706.938678,2902566329,2902567444,15909,1115
29706.948333,2902574154,2902575272,15911,1118
29706.959708,2902581971,2902583084,15826,1113
29706.968330,2902589790,2902590903,15980,1113
29706.980333,2902597608,2902598718,15911,1110
29706.991269,2902605426,2902606530,15828,1104
29707.000335,2902613238,2902614351,15970,1113
29707.012314,2902621045,2902622153,15908,1108
29707.022830,2902628865,2902629973,15845,1108
29707.032328,2902636677,2902637780,15996,1103
29707.043875,2902644495,2902645599,15905,1104
29707.054392,2902652322,2902653432,15845,1110
29707.064329,2902660152,2902661262,15999,1110
29707.075437,2902667970,2902669087,15914,1117
29707.084333,2902675793,2902676912,15904,1119
29707.096329,2902683635,2902684753,15990,1118
29707.106998,2902691466,2902692578,15972,1112
29707.116328,2902699288,2902700396,15828,1108
29707.128032,2902707109,2902708220,15938,1111
29707.138558,2902714898,2902716003,15981,1105
29707.148330,2902722706,2902723826,15828,1120
29707.159591,2902730546,2902731658,15940,1112
29707.168327,2902738340,2902739452,15972,1112
29707.180336,2902746166,2902747274,15830,1108
29707.191153,2902753977,2902755084,15951,1107
29707.200328,2902761784,2902762895,15988,1111
29707.212188,2902769590,2902770700,15826,1110
29707.222712,2902777409,2902778519,15935,1110
29707.232329,2902785189,2902786302,15980,1113
29707.243749,2902793014,2902794122,15828,1108
29707.252328,2902800845,2902801954,16025,1109
29707.264329,2902808634,2902809748,16073,1114
29707.275309,2902816456,2902817574,15909,1118
29707.284327,2902824280,2902825388,15934,1108
29707.296327,2902832092,2902833200,16060,1108
29707.306870,2902839904,2902841019,15919,1115
29707.316327,2902847719,2902848827,16027,1108
29707.327917,2902855504,2902856615,16076,1111
29707.338431,2902863328,2902864437,15923,1109
29707.348330,2902871151,2902872260,16029,1109
29707.359478,2902878926,2902880034,16070,1108
29707.368328,2902886745,2902887860,15915,1115
29707.380328,2902894566,2902895679,16028,1113
29707.391038,2902902350,2902903459,16037,1109
29707.400332,2902910149,2902911259,15917,1110
29707.412071,2902917961,2902919075,16026,1114
29707.422598,2902925783,2902926890,16051,1107
29707.432328,2902933589,2902934702,15989,1113
29707.443631,2902941409,2902942515,16019,1106
29707.452331,2902949188,2902950293,16071,1105
29707.464330,2902957011,2902958120,15831,1109
29707.475192,2902964837,2902965947,15936,1110
29707.484334,2902972660,2902973763,15962,1103
29707.496228,2902980466,2902981573,15829,1107
29707.506753,2902988295,2902989400,15935,1105
29707.516333,2902996077,2902997195,15981,1118
29707.527789,2903003891,2903004999,15831,1108
29707.536334,2903011708,2903012822,15957,1114
29707.548331,2903019501,2903020614,15983,1113
29707.559349,2903027321,2903028425,15826,1104
29707.568330,2903035126,2903036230,15933,1104
29707.580328,2903042897,2903044010,15985,1113
29707.590910,2903050717,2903051830,15824,1113
29707.600326,2903058537,2903059641,15935,1104
29707.611957,2903066318,2903067428,15976,1110
29707.622470,2903074142,2903075251,15833,1109
29707.632329,2903081965,2903083074,15841,1109
29707.643517,2903089781,2903090893,15966,1112
29707.652331,2903097614,2903098727,15825,1113
29707.664332,2903105330,2903106438,15957,1108
29707.675078,2903113118,2903114231,16073,1113
29707.684330,2903120961,2903122065,15928,1104
29707.696111,2903128761,2903129873,16023,1112
29707.706639,2903136558,2903137666,16067,1108
29707.716329,2903144376,2903145483,15909,1107
29707.727672,2903152194,2903153304,16027,1110
29707.736334,2903159976,2903161084,16025,1108
29707.748330,2903167788,2903168901,15915,1113
29707.759232,2903175615,2903176723,16027,1108
29707.768330,2903183400,2903184519,16071,1119
29707.780276,2903191234,2903192344,15992,1110
29707.790793,2903199057,2903200174,16026,1117
29707.800333,2903206859,2903207972,16070,1113
29707.811829,2903214680,2903215793,15917,1113
29707.822353,2903222500,2903223609,16020,1109
29707.832327,2903230271,2903231374,16071,1103
29707.843390,2903238096,2903239206,15913,1110
29707.852329,2903245911,2903247019,16025,1108
29707.864340,2903253695,2903254802,15989,1107
29707.874950,2903261513,2903262618,15823,1105
29707.884327,2903269326,2903270436,15954,1110
29707.895998,2903277120,2903278237,16075,1117
29707.906510,2903284947,2903286051,15913,1104
29707.916330,2903292752,2903293862,16015,1110
29707.927557,2903300564,2903301675,16054,1111
29707.936329,2903308384,2903309493,15916,1109
29707.948329,2903316204,2903317314,16022,1110
29707.959118,2903323988,2903325097,16073,1109
29707.968329,2903331833,2903332946,15914,1113
29707.980151,2903339651,2903340764,15935,1113
29707.990680,2903347463,2903348570,16055,1107
29708.000336,2903355272,2903356376,15903,1104
29708.011712,2903363082,2903364192,16018,1110
29708.020333,2903370904,2903372013,16056,1109
29708.032331,2903378727,2903379840,15931,1113
29708.043272,2903386544,2903387650,16013,1106
29708.052330,2903394326,2903395436,16078,1110
29708.064309,2903402145,2903403255,15917,1110
29708.074833,2903409992,2903411104,15939,1112
29708.084331,2903417763,2903418867,16036,1104
29708.095871,2903425569,2903426679,15915,1110
29708.106393,2903433391,2903434499,16027,1108
29708.116328,2903441205,2903442319,16054,1114
29708.127437,2903449029,2903450137,15995,1108
29708.136327,2903456855,2903457973,16025,1118
29708.148328,2903464659,2903465774,16072,1115
29708.158990,2903472490,2903473594,15914,1104
29708.168334,2903480288,2903481401,16024,1113
29708.180037,2903488082,2903489197,16072,1115
29708.190550,2903495908,2903497021,15914,1113
29708.200329,2903503730,2903504844,16022,1114
29708.211598,2903511504,2903512619,16076,1115
29708.220334,2903519314,2903520421,15916,1107
29708.232335,2903527134,2903528243,16036,1109
29708.243157,2903534956,2903536049,16051,1093
29708.252328,2903542756,2903543865,15918,1109
29708.264191,2903550574,2903551691,16022,1117
29708.274721,2903558387,2903559502,16065,1115
29708.284328,2903566217,2903567327,15830,1110
29708.295752,2903574032,2903575144,15938,1112
29708.304332,2903581832,2903582946,16071,1114
29708.316329,2903589641,2903590750,15906,1109
29708.327313,2903597464,2903598568,15931,1104
29708.336329,2903605271,2903606381,16052,1110
29708.348334,2903613080,2903614190,15912,1110
29708.358873,2903620896,2903622000,16025,1104
29708.368330,2903628677,2903629785,16073,1108
29708.379909,2903636485,2903637593,15932,1108
29708.390433,2903644309,2903645413,16023,1104
29708.400329,2903652086,2903653194,16075,1108
29708.411470,2903659896,2903661005,15913,1109
29708.420334,2903667724,2903668837,16019,1113
29708.432328,2903675498,2903676601,16039,1103
29708.443030,2903683304,2903684410,15913,1106
29708.452331,2903691109,2903692222,16025,1113
29708.464078,2903698926,2903700043,16052,1117
29708.476094,2903707850,2903708948,15836,1098
29708.486620,2903715662,2903716772,15951,1110
29708.496328,2903723487,2903724602,15840,1115
29708.507654,2903731303,2903732416,15929,1113
29708.516328,2903739089,2903740201,15974,1112
29708.528331,2903746908,2903748021,15856,1113
29708.539215,2903754728,2903755838,15939,1110
29708.548332,2903762506,2903763621,15958,1115
29708.560252,2903770330,2903771437,15846,1107
29708.570777,2903778162,2903779277,15934,1115
29708.580329,2903785989,2903787098,15929,1109
29708.591815,2903793807,2903794925,15838,1118
29708.602336,2903801644,2903802752,15936,1108
29708.612329,2903809428,2903810541,15972,1113
29708.623379,2903817255,2903818364,15904,1109
29708.632328,2903825076,2903826180,15944,1104
29708.644329,2903832872,2903833985,15950,1113
29708.654933,2903840708,2903841815,15844,1107
29708.664328,2903848513,2903849620,15939,1107
29708.675977,2903856324,2903857432,15951,1108
29708.686493,2903864161,2903865279,15841,1118
29708.696328,2903872000,2903873111,15938,1111
29708.707539,2903879823,2903880930,15956,1107
29708.716328,2903887638,2903888745,15839,1107
29708.728332,2903895443,2903896552,15956,1109
29708.739100,2903903225,2903904340,15973,1115
29708.748335,2903911068,2903912171,15846,1103
29708.760135,2903918870,2903919981,15935,1111
29708.770661,2903926660,2903927772,15967,1112
29708.780328,2903934477,2903935586,15837,1109
29708.791697,2903942290,2903943399,15935,1109
29708.800333,2903950077,2903951189,15962,1112
29708.812335,2903957897,2903959006,15845,1109
29708.823254,2903965711,2903966824,15860,1113
29708.832332,2903973525,2903974635,15938,1110
29708.844292,2903981345,2903982455,15876,1110
29708.854816,2903989176,2903990290,15942,1114
29708.864329,2903996970,2903998080,15968,1110
29708.875852,2904004795,2904005898,15858,1103
29708.886378,2904012616,2904013724,15937,1108
29708.896332,2904020446,2904021564,15952,1118
29708.907413,2904028273,2904029381,15841,1108
29708.916330,2904036088,2904037201,15939,1113
29708.928327,2904043877,2904044989,16018,1112
29708.938974,2904051690,2904052798,15924,1108
29708.948335,2904059511,2904060619,16027,1108
29708.960019,2904067284,2904068389,16058,1105
29708.970541,2904075104,2904076222,15998,1118
29708.980330,2904082927,2904084040,16019,1113
29708.991580,2904090713,2904091829,16058,1116
29709.000330,2904098543,2904099661,15935,1118
29709.012334,2904106367,2904107480,16018,1113
29709.023139,2904114156,2904115264,16057,1108
29709.032330,2904121976,2904123084,15925,1108
29709.044175,2904129790,2904130900,16034,1110
29709.054700,2904137611,2904138726,16027,1115
29709.064328,2904145437,2904146550,15923,1113
29709.075737,2904153254,2904154356,16039,1102
29709.084333,2904161030,2904162148,16058,1118
29709.096326,2904168869,2904169983,15832,1114
29709.107295,2904176704,2904177819,15935,1115
29709.116334,2904184497,2904185605,16057,1108
29709.128329,2904192309,2904193418,15930,1109
29709.138855,2904200117,2904201235,16021,1118
29709.148332,2904207912,2904209024,16048,1112
29709.159893,2904215738,2904216843,15922,1105
29709.170415,2904223555,2904224673,15946,1118
29709.180330,2904231383,2904232491,16031,1108
29709.191455,2904239212,2904240316,15922,1104
29709.200328,2904247022,2904248131,16014,1109
29709.212327,2904254812,2904255921,16058,1109
29709.223013,2904262637,2904263740,15941,1103
29709.232334,2904270451,2904271569,16028,1118
29709.244060,2904278231,2904279345,16057,1114
29709.254574,2904286044,2904287157,15922,1113
29709.264330,2904293860,2904294978,16024,1118
29709.275620,2904301635,2904302728,16027,1093
29709.284333,2904309431,2904310534,15929,1103
29709.296333,2904317253,2904318362,15952,1109
29709.307182,2904325036,2904326145,16074,1109
29709.316330,2904332853,2904333968,15996,1115
29709.328215,2904340679,2904341792,16025,1113
29709.338742,2904348469,2904349577,16064,1108
29709.348328,2904356286,2904357399,15918,1113
29709.359776,2904364101,2904365208,16023,1107
29709.368330,2904371885,2904372994,16071,1109
29709.380332,2904379696,2904380810,15908,1114
29709.391336,2904387520,2904388633,16024,1113
29709.400337,2904395314,2904396429,16075,1115
29709.412329,2904403135,2904404244,15919,1109
29709.422898,2904410959,2904412074,16043,1115
29709.432330,2904418763,2904419878,16061,1115
29709.443933,2904426594,2904427708,15915,1114
29709.454456,2904434412,2904435521,16024,1109
29709.464328,2904442194,2904443309,16074,1115
29709.475493,2904450030,2904451136,15916,1106
29709.484328,2904457846,2904458956,16028,1110
29709.496330,2904465640,2904466749,16076,1109
29709.507054,2904473466,2904474569,15915,1103
29709.516330,2904481301,2904482419,15935,1118
29709.528100,2904489130,2904490243,16056,1113
29709.538614,2904496950,2904498056,15914,1106
29709.548330,2904504762,2904505868,16029,1106
29709.559661,2904512570,2904513678,16052,1108
29709.568328,2904520383,2904521493,15925,1110
29709.580328,2904528213,2904529324,16024,1111
29709.591222,2904535984,2904537093,16070,1109
29709.600328,2904543798,2904544910,15910,1112
29709.612257,2904551625,2904552740,16025,1115
29709.622782,2904559419,2904560535,16039,1116
29709.632328,2904567240,2904568355,15921,1115
29709.643817,2904575057,2904576168,16031,1111
29709.652329,2904582865,2904583970,16054,1105
29709.664328,2904590678,2904591791,15992,1113
29709.675377,2904598507,2904599617,16032,1110
29709.684333,2904606298,2904607413,16062,1115
29709.696329,2904614113,2904615221,15916,1108
29709.706938,2904621961,2904623080,15937,1119
29709.716330,2904629758,2904630870,16070,1112
29709.727974,2904637577,2904638681,15913,1104
29709.738497,2904645385,2904646494,16025,1109
29709.748331,2904653178,2904654288,16061,1110
29709.759533,2904660998,2904662110,15913,1112
29709.768332,2904668825,2904669935,16036,1110
29709.780329,2904676636,2904677743,16049,1107
29709.791094,2904684447,2904685549,15917,1102
29709.800327,2904692265,2904693379,16026,1114
29709.812141,2904700053,2904701166,16063,1113
29709.822654,2904707884,2904708989,15917,1105
29709.832330,2904715694,2904716803,16025,1109
29709.843702,2904723469,2904724578,16075,1109
29709.852333,2904731287,2904732396,15907,1109
29709.864330,2904739108,2904740221,15928,1113
29709.875262,2904746934,2904748030,16053,1096
29709.884335,2904754753,2904755862,15916,1109
29709.896295,2904762565,2904763668,16023,1103
29709.906824,2904770352,2904771456,16063,1104
29709.916328,2904778165,2904779274,15840,1109
29709.927856,2904785986,2904787100,15940,1114
29709.938383,2904793782,2904794900,15984,1118
29709.948329,2904801619,2904802729,15824,1110
29709.959416,2904809427,2904810540,15933,1113
29709.968330,2904817215,2904818319,15951,1104
29709.980329,2904825020,2904826132,15829,1112
29709.990976,2904832850,2904833949,15934,1099
29710.000329,2904840629,2904841732,15988,1103
29710.012020,2904848435,2904849549,15907,1114
29710.022537,2904856264,2904857373,15938,1109
29710.032329,2904864047,2904865160,15984,1113
29710.043574,2904871875,2904872992,15836,1117
29710.052328,2904879703,2904880819,15936,1116
29710.064329,2904887490,2904888603,15981,1113
29710.075135,2904895313,2904896423,15832,1110
29710.084333,2904903138,2904904251,15931,1113
29710.096181,2904910961,2904912068,15966,1107
29710.106690,2904918778,2904919896,15866,1118
29710.116332,2904926608,2904927721,16023,1113
29710.127741,2904934439,2904935548,16050,1109
29710.136330,2904942263,2904943376,15918,1113
29710.148333,2904950081,2904951185,16023,1104
29710.159302,2904957867,2904958977,16078,1110
29710.168327,2904965685,2904966797,15914,1112
29710.180331,2904973511,2904974629,16030,1118
29710.190862,2904981346,2904982445,16045,1099
29710.200327,2904989166,2904990272,15910,1106
29710.211894,2904996987,2904998096,15933,1109
29710.222423,2905004811,2905005924,16054,1113
29710.232327,2905012633,2905013736,15911,1103
29710.243457,2905020450,2905021563,16020,1113
29710.252330,2905028222,2905029339,16077,1117
29710.264334,2905036055,2905037168,15933,1113
29710.275017,2905043885,2905044998,16025,1113
29710.284328,2905051681,2905052785,16068,1104
29710.296053,2905059491,2905060603,15912,1112
29710.306577,2905067319,2905068429,16024,1110
29710.316332,2905075117,2905076230,16052,1113
29710.327616,2905082941,2905084050,15915,1109
29710.336328,2905090763,2905091867,16022,1104
29710.348329,2905098538,2905099645,16068,1107
29710.359181,2905106347,2905107459,15984,1112
29710.368330,2905114167,2905115274,16029,1107
29710.380221,2905121945,2905123054,16072,1109
29710.390734,2905129761,2905130860,15915,1099
29710.400327,2905137561,2905138665,16014,1104
29710.411782,2905145335,2905146444,16069,1109
29710.420328,2905153163,2905154273,15910,1110
29710.432335,2905160979,2905162083,16018,1104
29710.443342,2905168752,2905169870,16069,1118
29710.452330,2905176582,2905177686,15916,1104
29710.464328,2905184391,2905185499,16042,1108
29710.474903,2905192167,2905193278,16072,1111
29710.484331,2905199971,2905201078,15915,1107
29710.495937,2905207783,2905208890,16026,1107
29710.506463,2905215569,2905216678,16067,1109
29710.516328,2905223377,2905224486,15829,1109
29710.527498,2905231192,2905232301,15937,1109
29710.536334,2905238975,2905240084,15981,1109
29710.548328,2905246778,2905247893,15828,1115
29710.559055,2905254600,2905255713,15846,1113
29710.568330,2905262419,2905263526,15956,1107
29710.580094,2905270235,2905271344,15823,1109
29710.590617,2905278048,2905279152,15939,1104
29710.600334,2905285825,2905286929,15979,1104
29710.611654,2905293629,2905294744,15846,1115
29710.620332,2905301465,2905302575,15928,1110
29710.632329,2905309258,2905310371,15980,1113
29710.643214,2905317087,2905318196,15831,1109
29710.652329,2905324909,2905326019,15937,1110
29710.664261,2905332692,2905333795,15949,1103
29710.674775,2905340507,2905341613,15829,1106
29710.684328,2905348326,2905349435,15938,1109
29710.695822,2905356102,2905357215,15985,1113
29710.704331,2905363920,2905365033,15911,1113
29710.716335,2905371730,2905372839,15934,1109
29710.727382,2905379526,2905380634,15982,1108
29710.736332,2905387344,2905388454,15822,1110
29710.748328,2905395162,2905396274,15937,1112
29710.758942,2905402934,2905404047,15983,1113
29710.768335,2905410752,2905411870,15830,1118
29710.779977,2905418567,2905419676,15943,1109
29710.790503,2905426355,2905427464,15985,1109
29710.800328,2905434168,2905435281,15831,1113
29710.811538,2905441979,2905443089,15953,1110
29710.820329,2905449771,2905450880,15983,1109
29710.832336,2905457578,2905458688,15831,1110
29710.843097,2905465402,2905466506,15936,1104
29710.852328,2905473206,2905474314,15989,1108
29710.864133,2905481023,2905482133,15824,1110
29710.874657,2905488838,2905489950,15938,1112
29710.884331,2905496662,2905497766,15966,1104
29710.895694,2905504485,2905505604,15825,1119
29710.904331,2905512312,2905513415,15843,1103
29710.916327,2905520123,2905521238,15962,1115
29710.927254,2905527910,2905529017,15834,1107
29710.936336,2905535735,2905536843,15938,1108
29710.948301,2905543522,2905544635,15981,1113
29710.958815,2905551332,2905552444,15840,1112
29710.968334,2905559146,2905560259,15938,1113
29710.979861,2905566960,2905568078,15961,1118
29710.990383,2905574797,2905575914,15912,1117
29711.000336,2905582637,2905583752,15835,1115
29711.011422,2905590461,2905591578,15995,1117
29711.020331,2905598284,2905599399,15909,1115
29711.032329,2905606111,2905607229,15828,1118
29711.042981,2905613948,2905615066,15984,1118
29711.052334,2905621780,2905622893,15912,1113
29711.064016,2905629592,2905630702,15939,1110
29711.074545,2905637388,2905638501,15980,1113
29711.084331,2905645222,2905646326,15828,1104
29711.095576,2905653038,2905654151,15937,1113
29711.104331,2905660825,2905661938,15981,1113
29711.116332,2905668656,2905669769,15827,1113
29711.127134,2905676492,2905677605,15930,1113
29711.136327,2905684345,2905685456,15955,1111
29711.148174,2905692170,2905693283,15828,1113
29711.158699,2905699996,2905701108,15957,1112
29711.168328,2905707816,2905708926,15965,1110
29711.179734,2905715629,2905716732,15832,1103
29711.188336,2905723447,2905724559,15940,1112
29711.200327,2905731245,2905732358,15983,1113
29711.211294,2905739084,2905740194,15830,1110
29711.220330,2905746907,2905748016,15932,1109
29711.232330,2905754685,2905755799,15983,1114
29711.242855,2905762505,2905763620,15822,1115
29711.252331,2905770339,2905771449,15848,1110
29711.263901,2905778156,2905779265,15964,1109
29711.274415,2905785966,2905787078,15832,1112
29711.284331,2905793785,2905794893,15938,1108
29711.295463,2905801574,2905802687,15982,1113
29711.304329,2905809389,2905810502,15842,1113
29711.316337,2905817207,2905818311,15930,1104
29711.327023,2905825006,2905826119,15961,1113
29711.336330,2905832847,2905833960,15828,1113
29711.348056,2905840658,2905841764,15928,1106
29711.358583,2905848433,2905849543,16036,1110
29711.368332,2905856262,2905857365,15913,1103
29711.379616,2905864072,2905865185,16025,1113
29711.388332,2905871872,2905872975,16067,1103
29711.400335,2905879695,2905880803,15996,1108
29711.411177,2905887515,2905888624,16024,1109
29711.420329,2905895296,2905896409,16071,1113
29711.432213,2905903114,2905904217,15914,1103
29711.442738,2905910927,2905912040,16030,1113
29711.452330,2905918704,2905919819,16067,1115
29711.463774,2905926522,2905927626,15919,1104
29711.472329,2905934324,2905935435,16022,1111
29711.484332,2905942135,2905943244,16054,1109
29711.495335,2905949951,2905951060,15912,1109
29711.504333,2905957775,2905958887,16041,1112
29711.516329,2905965568,2905966683,16071,1115
29711.526895,2905973386,2905974499,15909,1113
29711.536328,2905981218,2905982337,15932,1119
29711.547942,2905989048,2905990157,15967,1109
29711.558456,2905996867,2905997980,15834,1113
29711.568336,2906004690,2906005802,15938,1112
29711.579502,2906012511,2906013619,15957,1108
29711.588329,2906020321,2906021429,15832,1108
29711.600328,2906028151,2906029266,15842,1115
29711.611062,2906035984,2906037093,15968,1109
29711.620330,2906043806,2906044909,15827,1103
29711.632097,2906051619,2906052727,15927,1108
29711.642624,2906059397,2906060510,15986,1113
29711.652331,2906067222,2906068337,15848,1115
29711.663657,2906075036,2906076149,15938,1113
29711.672332,2906082828,2906083944,15980,1116
29711.684331,2906090655,2906091764,15827,1109
29711.695218,2906098477,2906099589,15932,1112
29711.704331,2906106306,2906107415,15950,1109
29711.716254,2906114118,2906115225,15828,1107
29711.726778,2906121927,2906123041,15940,1114
29711.736333,2906129706,2906130815,15973,1109
29711.747822,2906137541,2906138649,15907,1108
29711.758338,2906145352,2906146458,15937,1106
29711.768331,2906153141,2906154249,15981,1108
29711.779375,2906160954,2906162062,15833,1108
29711.788331,2906168762,2906169864,15939,1102
29711.800332,2906176540,2906177648,15985,1108
29711.810935,2906184355,2906185465,15822,1110
29711.820327,2906192175,2906193288,15939,1113
29711.831983,2906199938,2906201051,15985,1113
29711.842495,2906207762,2906208869,15825,1107
29711.852332,2906215582,2906216691,15957,1109
29711.863542,2906223400,2906224510,15968,1110
29711.872330,2906231221,2906232329,15830,1108
29711.884330,2906239026,2906240139,15936,1113
29711.895103,2906246807,2906247915,15980,1108
29711.904330,2906254625,2906255733,15832,1108
29711.916137,2906262442,2906263551,15939,1109
29711.926664,2906270230,2906271334,15985,1104
29711.936327,2906278039,2906279154,15831,1115
29711.947697,2906285882,2906286991,15846,1109
29711.956332,2906293691,2906294805,15984,1114
29711.968329,2906301512,2906302620,15820,1108
29711.979257,2906309326,2906310434,15936,1108
29711.988327,2906317111,2906318214,16070,1103
29712.000294,2906324918,2906326025,15933,1107
29712.010818,2906332743,2906333856,16026,1113
29712.020333,2906340526,2906341635,16069,1109
29712.031855,2906348343,2906349447,15918,1104
29712.042378,2906356145,2906357248,16022,1103
29712.052334,2906363929,2906365040,16027,1111
29712.063415,2906371749,2906372861,15915,1112
29712.072330,2906379554,2906380665,16016,1111
29712.084328,2906387326,2906388435,16058,1109
29712.094982,2906395145,2906396260,15998,1115
29712.111515,2906404261,2906404938,13823,677
29712.124336,2906410502,2906411127,12027,625
29712.136328,2906416065,2906417165,15848,1100
29712.147583,2906423898,2906425007,16054,1109
29712.156328,2906431683,2906432802,15912,1119
29712.168329,2906439510,2906440628,15830,1118
29712.179142,2906447321,2906448427,15979,1106
29712.188329,2906455144,2906456251,15910,1107
29712.200174,2906462960,2906464063,15848,1103
29712.210703,2906470764,2906471877,15988,1113
29712.220327,2906478588,2906479698,15913,1110
29712.231735,2906486418,2906487536,15826,1118
29712.240331,2906494252,2906495370,15981,1118
29712.252328,2906502091,2906503194,15911,1103
29712.263295,2906509897,2906511006,15845,1109
29712.272334,2906517713,2906518830,15993,1117
29712.284331,2906525540,2906526649,15917,1109
29712.294855,2906533349,2906534467,15814,1118
29712.304330,2906541189,2906542298,15981,1109
29712.315901,2906549004,2906550117,15907,1113
29712.326416,2906556839,2906557952,15844,1113
29712.336329,2906564651,2906565766,15983,1115
29712.347463,2906572474,2906573586,15901,1112
29712.356328,2906580290,2906581408,15822,1118
29712.368330,2906588127,2906589235,15977,1108
29712.379022,2906595944,2906597059,15912,1115
29712.388331,2906603777,2906604883,15836,1106
29712.400062,2906611578,2906612687,15987,1109
29712.410584,2906619381,2906620495,15913,1114
29712.420329,2906627207,2906628316,15829,1109
29712.431621,2906635017,2906636126,15980,1109
29712.440329,2906642831,2906643939,15905,1108
29712.452330,2906650650,2906651763,15840,1113
29712.463183,2906658470,2906659577,15993,1107
29712.472330,2906666288,2906667399,15917,1111
29712.484215,2906674105,2906675218,15828,1113
29712.494742,2906681919,2906683028,15993,1109
29712.504332,2906689741,2906690856,15912,1115
29712.515775,2906697574,2906698683,15847,1109
29712.524328,2906705389,2906706498,15992,1109
29712.536332,2906713200,2906714308,15904,1108
29712.547335,2906721019,2906722127,15834,1108
29712.556333,2906728851,2906729961,15965,1110
29712.568329,2906736670,2906737774,15911,1104
29712.578895,2906744479,2906745584,15855,1105
29712.588332,2906752302,2906753408,15983,1106
29712.599941,2906760112,2906761221,15910,1109
29712.610455,2906766467,2906767578,15704,1111
29712.620327,2906774288,2906775401,15963,1113
29712.631500,2906782107,2906783225,15901,1118
29712.640328,2906789935,2906791053,15849,1118
29712.652335,2906797757,2906798861,15981,1104
29712.663062,2906805573,2906806685,15911,1112
29712.672332,2906813414,2906814521,15844,1107
29712.684099,2906821243,2906822352,15967,1109
29712.694621,2906829059,2906830168,15908,1109
29712.704328,2906836880,2906837990,15860,1110
29712.715662,2906844701,2906845818,15980,1117
29712.724329,2906852535,2906853641,15912,1106
29712.736330,2906860350,2906861459,15912,1109
29712.747220,2906868167,2906869276,16049,1109
29712.756333,2906875991,2906877105,16000,1114
29712.768255,2906883834,2906884943,15861,1109
29712.778782,2906891661,2906892770,15982,1109
29712.788330,2906899477,2906900578,15909,1101
29712.799815,2906907279,2906908388,15842,1109
29712.810342,2906915088,2906916201,15964,1113
29712.820328,2906922908,2906924017,15909,1109
29712.831376,2906930727,2906931836,15855,1109
29712.840329,2906938550,2906939658,15997,1108
29712.852335,2906946372,2906947482,15909,1110
29712.862936,2906954200,2906955308,15844,1108
29712.872328,2906962011,2906963123,15963,1112
29712.883980,2906969842,2906970957,15912,1115
29712.894496,2906977677,2906978790,15862,1113
29712.904330,2906985494,2906986602,15974,1108
29712.915542,2906993308,2906994416,15911,1108
29712.924333,2907001126,2907002243,15842,1117
29712.936334,2907008960,2907010064,15960,1104
29712.947101,2907016767,2907017885,15913,1118
29712.956328,2907024611,2907025725,15861,1114
29712.968143,2907032487,2907033596,15981,1109
29712.978663,2907040301,2907041411,15913,1110
29712.988333,2907048124,2907049221,15833,1097
29712.999700,2907055937,2907057050,15970,1113
29713.008328,2907063763,2907064873,15902,1110
29713.020333,2907071577,2907072687,15854,1110
29713.031262,2907079391,2907080509,15979,1118
29713.040330,2907087213,2907088321,15913,1108
29713.052294,2907095039,2907096147,15845,1108
29713.062821,2907102855,2907103968,15966,1113
29713.072327,2907110685,2907111797,15914,1112
29713.083855,2907118509,2907119617,15857,1108
29713.094383,2907126330,2907127443,15978,1113
29713.104331,2907134155,2907135261,15912,1106
29713.115415,2907141972,2907143085,15839,1113
29713.124328,2907149792,2907150910,15968,1118
29713.136333,2907157617,2907158730,15906,1113
29713.146976,2907165439,2907166549,15858,1110
29713.156336,2907173258,2907174374,15984,1116
29713.168021,2907181003,2907182117,15909,1114
29713.178537,2907188830,2907189939,15838,1109
29713.188329,2907196647,2907197748,16068,1101
29713.199581,2907204459,2907205569,15998,1110
29713.208328,2907212281,2907213396,15945,1115
29713.220334,2907220099,2907221208,16069,1109
29713.231142,2907227924,2907229042,15913,1118
29713.240332,2907235754,2907236866,15878,1112
29713.252180,2907243442,2907244555,15968,1113
29713.262701,2907251259,2907252368,15913,1109
29713.272331,2907259059,2907260173,15855,1114
29713.283742,2907266892,2907268001,15978,1109
29713.292331,2907274715,2907275827,15914,1112
29713.304333,2907282535,2907283643,15844,1108
29713.315301,2907290332,2907291440,15966,1108
29713.324333,2907298145,2907299260,15911,1115
29713.336334,2907305967,2907307076,15849,1109
29713.346862,2907313788,2907314896,15971,1108
29713.356333,2907321601,2907322719,15911,1118
29713.367895,2907329428,2907330541,15846,1113
29713.378423,2907337246,2907338357,15985,1111
29713.388329,2907345054,2907346166,15909,1112
29713.399456,2907352868,2907353976,15824,1108
29713.408332,2907360685,2907361792,15992,1107
29713.420328,2907368502,2907369612,15912,1110
29713.431016,2907376320,2907377434,15829,1114
29713.440328,2907384138,2907385247,15975,1109
29713.452062,2907391965,2907393078,15910,1113
29713.462576,2907399790,2907400900,15843,1110
29713.472331,2907407605,2907408714,15985,1109
29713.483623,2907415423,2907416536,15903,1113
29713.492329,2907423249,2907424357,15820,1108
29713.504328,2907431076,2907432185,15969,1109
29713.515182,2907438893,2907440002,15906,1109
29713.524334,2907446712,2907447825,15843,1113
29713.536223,2907454525,2907455633,16007,1108
29713.546744,2907462337,2907463445,15913,1108
29713.556327,2907470156,2907471266,15827,1110
29713.567782,2907477973,2907479080,15981,1107
29713.576328,2907485803,2907486917,15906,1114
29713.588335,2907493622,2907494737,15850,1115
29713.599345,2907501458,2907502571,15990,1113
29713.608333,2907509274,2907510387,15915,1113
29713.620327,2907517103,2907518216,15826,1113
29713.630903,2907524929,2907526038,15982,1109
29713.640331,2907532751,2907533861,15911,1110
29713.651935,2907540568,2907541681,15846,1113
29713.662465,2907548388,2907549495,15997,1107
29713.672334,2907556191,2907557300,15912,1109
29713.683495,2907564014,2907565122,15817,1108
29713.692329,2907571829,2907572943,15979,1114
29713.704332,2907579651,2907580758,15909,1107
29713.715056,2907587467,2907588585,15845,1118
29713.724331,2907595333,2907596446,15989,1113
29713.736103,2907603160,2907604269,15911,1109
29713.746617,2907610980,2907612098,15827,1118
29713.756329,2907618799,2907619905,15976,1106
29713.767662,2907626611,2907627720,15911,1109
29713.776334,2907634426,2907635530,15839,1104
29713.788330,2907642258,2907643370,15978,1112
29713.799223,2907650090,2907651198,15915,1108
29713.808335,2907657904,2907659013,15845,1109
29713.820260,2907665704,2907666817,15968,1113
29713.830781,2907673526,2907674639,15906,1113
29713.840329,2907681346,2907682458,15857,1112
29713.851822,2907689164,2907690282,15982,1118
29713.860327,2907696982,2907698094,15915,1112
29713.872329,2907704809,2907705920,15844,1111
29713.883383,2907712622,2907713735,15981,1113
29713.892330,2907720452,2907721562,15907,1110
29713.904333,2907728271,2907729377,15862,1106
29713.914943,2907736083,2907737201,15980,1118
29713.924328,2907743913,2907745021,15904,1108
29713.935975,2907751725,2907752828,15849,1103
29713.946502,2907759528,2907760639,15954,1111
29713.956329,2907767341,2907768449,15999,1108
29713.967536,2907775151,2907776255,15946,1104
29713.976335,2907782978,2907784090,16060,1112
29713.988331,2907790746,2907791852,15916,1106
29713.999096,2907798563,2907799672,15843,1109
29714.008334,2907806406,2907807515,15965,1109
29714.020140,2907814227,2907815337,15909,1110
29714.030655,2907822047,2907823155,15846,1108
29714.040329,2907829865,2907830977,15968,1112
29714.051703,2907837683,2907838796,15913,1113
29714.060330,2907845492,2907846599,15840,1107
29714.072336,2907853303,2907854417,15963,1114
29714.083261,2907861120,2907862238,15906,1118
29714.092333,2907868939,2907870051,15861,1112
29714.104302,2907876746,2907877852,15980,1106
29714.114823,2907884566,2907885670,15909,1104
29714.124329,2907892370,2907893483,15845,1113
29714.135860,2907900199,2907901312,15962,1113
29714.146382,2907908023,2907909141,15911,1118
29714.156332,2907915861,2907916974,15862,1113
29714.167423,2907923688,2907924793,15980,1105
29714.176330,2907931504,2907932617,15996,1113
29714.188328,2907939332,2907940439,15824,1107
29714.198983,2907947150,2907948257,15973,1107
29714.208330,2907954954,2907956063,15917,1109
29714.220016,2907962764,2907963878,15849,1114
29714.230545,2907970592,2907971696,16012,1104
29714.240327,2907978412,2907979520,15911,1108
29714.251576,2907986227,2907987342,15821,1115
29714.260327,2907994051,2907995160,15975,1109
29714.272330,2908001858,2908002971,15913,1113
29714.283137,2908009681,2908010789,15849,1108
29714.292334,2908017421,2908018530,15989,1109
29714.304184,2908025235,2908026342,15906,1107
29714.314697,2908033051,2908034166,15815,1115
29714.324329,2908040866,2908041978,15972,1112
29714.335743,2908048688,2908049792,15913,1104
29714.344333,2908056494,2908057612,15844,1118
29714.356329,2908064318,2908065427,15994,1109
29714.367304,2908072134,2908073249,15910,1115
29714.376329,2908079965,2908081074,15816,1109
29714.388327,2908087776,2908088893,15977,1117
29714.398863,2908095619,2908096729,15916,1110
29714.408332,2908103428,2908104537,15833,1109
29714.419904,2908111247,2908112355,15995,1108
29714.430425,2908119066,2908120174,15909,1108
29714.440329,2908126882,2908127996,15829,1114
29714.451463,2908134705,2908135820,15985,1115
29714.460333,2908142517,2908143630,15914,1113
29714.472331,2908150319,2908151428,15842,1109
29714.483025,2908158134,2908159247,15984,1113
29714.492333,2908165953,2908167071,15913,1118
29714.504056,2908173791,2908174900,15822,1109
29714.514583,2908181596,2908182705,16068,1109
29714.524330,2908189403,2908190518,15994,1115
29714.535617,2908197219,2908198327,15919,1108
29714.544328,2908205031,2908206139,16081,1108
29714.556328,2908212840,2908213953,16002,1113
29714.567177,2908220665,2908221778,15916,1113
29714.576328,2908228493,2908229606,16082,1113
29714.588222,2908236314,2908237427,15997,1113
29714.598737,2908244170,2908245274,15842,1104
29714.608326,2908251984,2908253094,15983,1110
29714.619784,2908259810,2908260920,15909,1110
29714.628329,2908267624,2908268733,15917,1109
29714.640328,2908275437,2908276554,16063,1117
29714.651343,2908283264,2908284377,15997,1113
29714.660330,2908291082,2908292194,15934,1112
29714.672329,2908298894,2908300008,16085,1114
29714.682905,2908306711,2908307824,16005,1113
29714.692330,2908314523,2908315628,15912,1105
29714.703943,2908322332,2908323444,16072,1112
29714.714464,2908330158,2908331266,15998,1108
29714.724331,2908337976,2908339091,15915,1115
29714.735505,2908345801,2908346915,16082,1114
29714.744329,2908353622,2908354734,15999,1112
29714.756328,2908361438,2908362551,15916,1113
29714.767064,2908369255,2908370368,16066,1113
29714.776331,2908377070,2908378182,15995,1112
29714.788096,2908384889,2908386000,15933,1111
29714.800127,2908393823,2908394940,15896,1117
29714.810640,2908401648,2908402752,15830,1104
29714.820328,2908409473,2908410582,15978,1109
29714.831686,2908417289,2908418392,15910,1103
29714.840328,2908425104,2908426218,15848,1114
29714.852332,2908432943,2908434051,16087,1108
29714.863248,2908440757,2908441865,16000,1108
29714.872327,2908448581,2908449691,15903,1110
29714.884285,2908456397,2908457507,16066,1110
29714.894808,2908464208,2908465323,15994,1115
29714.904327,2908472029,2908473144,15934,1115
29714.915847,2908479851,2908480954,16081,1103
29714.926368,2908487656,2908488764,15994,1108
29714.936328,2908495478,2908496575,15909,1097
29714.947406,2908503297,2908504408,16070,1111
29714.956335,2908511105,2908512223,15996,1118
29714.968328,2908518929,2908520035,15849,1106
29714.978967,2908526751,2908527860,15987,1109
29714.988328,2908534559,2908535672,15916,1113
29714.999999,2908542380,2908543490,15829,1110
29715.010526,2908550210,2908551323,15966,1113
29715.020333,2908558032,2908559144,15911,1112
29715.031559,2908565872,2908566975,15856,1103
29715.040329,2908573718,2908574831,15981,1113
29715.052331,2908581534,2908582647,15902,1113
29715.063120,2908589345,2908590463,15844,1118
29715.072329,2908597186,2908598299,15982,1113
29715.084164,2908605003,2908606116,15909,1113
29715.094680,2908612829,2908613947,15861,1118
29715.104329,2908620649,2908621759,15977,1110
29715.115726,2908628469,2908629582,15913,1113
29715.124333,2908636282,2908637391,15842,1109
29715.136329,2908644090,2908645192,15969,1102
29715.147285,2908651906,2908653019,15915,1113
29715.156331,2908659736,2908660849,15859,1113
29715.168326,2908667568,2908668681,15972,1113
29715.178847,2908675378,2908676487,15916,1109
29715.188335,2908683189,2908684304,15926,1115
29715.199885,2908691017,2908692126,16058,1109
29715.210406,2908698848,2908699961,15907,1113
29715.220330,2908706677,2908707789,15839,1112
29715.231448,2908714499,2908715614,15996,1115
29715.240330,2908722325,2908723434,15911,1109
29715.252331,2908730145,2908731260,15830,1115
29715.263006,2908737959,2908739073,15978,1114
29715.272329,2908745777,2908746886,15912,1109
29715.284039,2908753583,2908754696,15845,1113
29715.294568,2908761405,2908762514,16081,1109
29715.304328,2908769219,2908770328,16002,1109
29715.315600,2908777043,2908778152,15920,1109
29715.324336,2908784863,2908785976,16068,1113
29715.336329,2908792669,2908793772,15999,1103
29715.347160,2908800471,2908801584,15933,1113
29715.356330,2908808332,2908809445,16078,1113
29715.368206,2908816160,2908817273,15999,1113
29715.378720,2908823973,2908825076,15914,1103
29715.388328,2908831782,2908832891,16066,1109
29715.399765,2908839593,2908840703,15994,1110
29715.408333,2908847411,2908848524,15847,1113
29715.420328,2908855237,2908856352,15990,1115
29715.431327,2908863073,2908864182,15905,1109
29715.440329,2908870893,2908872005,15844,1112
29715.452329,2908878709,2908879812,15963,1103
29715.462887,2908886512,2908887621,15908,1109
29715.472329,2908894335,2908895439,15858,1104
29715.483925,2908902143,2908903250,15980,1107
29715.494447,2908909961,2908911066,15915,1105
29715.504331,2908917774,2908918882,15843,1108
29715.515485,2908925588,2908926697,15969,1109
29715.524327,2908933401,2908934508,15910,1107
29715.536330,2908941216,2908942317,15848,1101
29715.547047,2908949033,2908950146,15982,1113
29715.556328,2908956861,2908957976,15911,1115
29715.568078,2908964708,2908965821,15835,1113
29715.578606,2908972533,2908973641,15967,1108
29715.588329,2908980354,2908981466,15909,1112
29715.599639,2908988178,2908989287,15859,1109
29715.608330,2908995987,2908997096,15980,1109
29715.620329,2909003792,2909004896,15909,1104
29715.631200,2909011598,2909012712,15929,1114
29715.640331,2909019427,2909020542,16049,1115
29715.652244,2909027253,2909028361,15988,1108
29715.662761,2909035071,2909036175,15944,1104
29715.672332,2909042885,2909043994,16058,1109
29715.683806,2909050698,2909051804,15911,1106
29715.692331,2909058510,2909059619,15844,1109
29715.704329,2909066319,2909067429,15970,1110
29715.715364,2909074137,2909075241,15897,1104
29715.724330,2909081964,2909083077,15860,1113
29715.736329,2909089785,2909090897,15980,1112
29715.746927,2909097599,2909098708,15913,1109
29715.756328,2909105405,2909106515,15837,1110
29715.767964,2909113221,2909114330,15968,1109
29715.778486,2909121026,2909122134,15910,1108
29715.788327,2909128850,2909129965,15856,1115
29715.799526,2909136674,2909137786,15981,1112
29715.808327,2909144490,2909145603,15911,1113
29715.820332,2909152319,2909153432,15821,1113
29715.831087,2909160152,2909161266,15966,1114
29715.840336,2909167975,2909169088,15908,1113
29715.852119,2909175803,2909176916,15846,1113
29715.862648,2909183623,2909184737,15995,1114
29715.872328,2909191329,2909192444,16000,1115
29715.883680,2909199165,2909200272,15903,1107
29715.892331,2909206979,2909208087,16072,1108
29715.904332,2909214781,2909215890,16044,1109
29715.915239,2909222601,2909223709,15921,1108
29715.924333,2909230408,2909231516,16081,1108
29715.936287,2909238214,2909239321,16003,1107
29715.946803,2909246034,2909247144,15913,1110
29715.956328,2909253851,2909254960,16067,1109
29715.967848,2909261673,2909262786,15996,1113
29715.978361,2909269510,2909270613,15932,1103
29715.988328,2909277322,2909278431,15990,1109
29715.999409,2909285125,2909286234,15910,1109
29716.008329,2909292949,2909294066,15910,1117
29716.020330,2909300780,2909301893,15660,1113
29716.030967,2909308611,2909309729,15911,1118
29716.040333,2909316437,2909317552,15902,1115
29716.052006,2909324263,2909325380,15901,1117
29716.062527,2909332088,2909333206,15909,1118
29716.072335,2909339919,2909341037,15910,1118
29716.083567,2909347748,2909348857,15981,1109
29716.092329,2909355553,2909356662,15911,1109
29716.104331,2909363352,2909364465,15845,1113
29716.115125,2909371185,2909372293,16038,1108
29716.124327,2909379031,2909380145,15844,1114
29716.136162,2909386842,2909387944,15937,1102
29716.146688,2909394617,2909395726,15968,1109
29716.156333,2909402424,2909403537,15835,1113
29716.167724,2909410254,2909411361,15955,1107
29716.176332,2909418033,2909419144,15972,1111
29716.188331,2909425843,2909426952,15838,1109
29716.199285,2909433654,2909434768,15936,1114
29716.208328,2909441439,2909442548,15970,1109
29716.220320,2909449256,2909450373,15843,1117
29716.230846,2909457097,2909458203,15934,1106
29716.240327,2909464888,2909465995,16050,1107
29716.251880,2909472699,2909473813,15931,1114
29716.262402,2909480518,2909481627,15945,1109
29716.272333,2909488329,2909489438,16048,1109
29716.283440,2909496141,2909497258,15924,1117
29716.292332,2909503971,2909505082,16030,1111
29716.304328,2909511739,2909512854,16054,1115
29716.315001,2909519561,2909520665,15944,1104
29716.324333,2909527362,2909528471,16019,1109
29716.336047,2909535148,2909536245,16057,1097
29716.346563,2909542952,2909544070,15933,1118
29716.356331,2909550788,2909551902,16025,1114
29716.367607,2909558569,2909559686,16023,1117
29716.376329,2909566399,2909567507,15926,1108
29716.388327,2909574202,2909575315,16020,1113
29716.399168,2909582019,2909583134,16039,1115
29716.408329,2909589839,2909590954,15995,1115
29716.420202,2909597673,2909598781,16010,1108
29716.430728,2909605488,2909606607,15986,1119
29716.440329,2909613325,2909614440,15837,1115
29716.451762,2909621141,2909622244,15936,1103
29716.460334,2909628913,2909630031,15971,1118
29716.472327,2909636743,2909637851,15838,1108
29716.483323,2909644552,2909645662,15940,1110
29716.492331,2909652373,2909653482,15969,1109
29716.504330,2909660191,2909661304,15844,1113
29716.514885,2909668017,2909669126,15955,1109
29716.524330,2909675832,2909676945,15949,1113
29716.535920,2909683647,2909684749,15846,1102
29716.546443,2909691455,2909692574,15936,1119
29716.556333,2909699243,2909700351,15972,1108
29716.567480,2909707054,2909708163,15840,1109
29716.576333,2909714873,2909715972,15939,1099
29716.588330,2909722646,2909723756,15973,1110
29716.599041,2909730459,2909731567,15841,1108
29716.608331,2909738280,2909739383,15857,1103
29716.620086,2909746100,2909747213,15952,1113
29716.630602,2909753922,2909755030,15845,1108
29716.640332,2909761744,2909762857,16042,1113
29716.651649,2909769567,2909770670,16052,1103
29716.660328,2909777382,2909778491,15931,1109
29716.672329,2909785194,2909786295,16030,1101
29716.683209,2909792973,2909794086,16073,1113
29716.692328,2909800794,2909801907,15913,1113
29716.704242,2909808616,2909809719,16028,1103
29716.714769,2909816425,2909817534,16038,1109
29716.724328,2909824245,2909825364,15915,1119
29716.735802,2909832078,2909833179,16027,1101
29716.744329,2909839858,2909840971,16069,1113
29716.756329,2909847670,2909848783,15994,1113
29716.767363,2909855500,2909856596,16015,1096
29716.776330,2909863253,2909864357,16071,1104
29716.788334,2909871051,2909872154,15905,1103
29716.798923,2909878868,2909879976,16028,1108
29716.808331,2909886644,2909887747,16067,1103
29716.819960,2909894446,2909895558,15915,1112
29716.830483,2909902277,2909903386,16025,1109
29716.840329,2909910069,2909911177,15994,1108
29716.851521,2909917892,2909919007,15832,1115
29716.860328,2909925722,2909926830,15953,1108
29716.872328,2909933515,2909934628,16075,1113
29716.883081,2909941340,2909942448,15915,1108
29716.892327,2909949155,2909950264,16024,1109
29716.904129,2909956941,2909958054,16078,1113
29716.914641,2909964768,2909965881,15915,1113
29716.924333,2909972584,2909973694,16027,1110
29716.935688,2909980368,2909981470,16072,1102
29716.944334,2909988192,2909989310,15913,1118
29716.956339,2909996012,2909997119,15936,1107
29716.967248,2910003829,2910004947,16052,1118
29716.976328,2910011657,2910012761,15912,1104
29716.988282,2910019457,2910020567,16018,1110
29716.998809,2910027241,2910028350,16071,1109
29717.008331,2910035061,2910036166,15929,1105
29717.019843,2910042868,2910043976,16032,1108
29717.030370,2910050671,2910051781,16046,1110
29717.040329,2910058482,2910059591,15915,1109
29717.051404,2910066314,2910067424,15939,1110
29717.060332,2910074109,2910075217,16041,1108
29717.072327,2910081936,2910083042,15918,1106
29717.082964,2910089747,2910090865,16026,1118
29717.092330,2910097532,2910098636,16072,1104
29717.104007,2910105348,2910106462,15992,1114
29717.114524,2910113171,2910114275,16022,1104
29717.124335,2910120940,2910122048,16059,1108
29717.135561,2910128765,2910129866,15913,1101
29717.144328,2910136573,2910137686,16025,1113
29717.156327,2910144373,2910145490,16069,1117
29717.167121,2910152202,2910153307,15913,1105
29717.176329,2910160007,2910161116,16024,1109
29717.188168,2910167790,2910168898,16072,1108
29717.198681,2910175613,2910176726,15913,1113
29717.208328,2910183430,2910184533,16036,1103
29717.219729,2910191197,2910192309,16071,1112
29717.228335,2910199015,2910200122,15917,1107
29717.240332,2910206830,2910207945,16029,1115
29717.251289,2910214599,2910215712,15984,1113
29717.260329,2910222428,2910223532,15831,1104
29717.272322,2910230247,2910231361,15935,1114
29717.282850,2910238043,2910239160,16071,1117
29717.292331,2910245868,2910246972,15914,1104
29717.303882,2910253667,2910254776,15935,1109
29717.314410,2910261482,2910262596,16049,1114
29717.324328,2910269289,2910270385,15914,1096
29717.335443,2910277087,2910278199,16027,1112
29717.344327,2910284871,2910285983,16064,1112
29717.356330,2910292677,2910293786,15927,1109
29717.367004,2910300480,2910301597,16028,1117
29717.376329,2910308275,2910309389,16061,1114
29717.388041,2910316083,2910317192,15918,1109
29717.398564,2910323901,2910325014,16029,1113
29717.408328,2910331682,2910332791,16037,1109
29717.419600,2910339494,2910340599,15902,1105
29717.428335,2910347310,2910348414,16031,1104
29717.440334,2910355092,2910356210,16072,1118
29717.451167,2910362934,2910364047,15863,1113
29717.460332,2910370754,2910371867,15930,1113
29717.472207,2910378533,2910379642,16055,1109
29717.482722,2910386341,2910387449,15932,1108
29717.492335,2910394161,2910395278,16017,1117
29717.503767,2910401948,2910403059,16058,1111
29717.512330,2910409761,2910410877,15930,1116
29717.524333,2910417584,2910418693,16025,1109
29717.535328,2910425370,2910426486,16056,1116
29717.544328,2910433189,2910434299,15932,1110
29717.556328,2910441006,2910442113,16038,1107
29717.566888,2910448781,2910449887,16055,1106
29717.576327,2910456588,2910457696,15927,1108
29717.587923,2910464402,2910465509,16018,1107
29717.598449,2910472178,2910473285,16057,1107
29717.608331,2910479974,2910481082,15925,1108
29717.619484,2910487775,2910488883,16024,1108
29717.628329,2910495552,2910496655,16053,1103
29717.640329,2910503365,2910504479,15921,1114
29717.651043,2910511187,2910512291,15939,1104
29717.660330,2910519001,2910520116,15954,1115
29717.672080,2910526816,2910527920,15842,1104
29717.682604,2910534633,2910535741,15936,1108
29717.692330,2910542408,2910543516,16058,1108
29717.703641,2910550219,2910551328,15948,1109
29717.712328,2910558037,2910559146,16022,1109
29717.724335,2910565821,2910566925,16054,1104
29717.735201,2910573628,2910574743,15925,1115
29717.744329,2910581463,2910582577,16017,1114
29717.756247,2910589289,2910590403,16022,1114
29717.766762,2910597101,2910598208,15934,1107
29717.776329,2910604915,2910606019,16022,1104
29717.787808,2910612691,2910613799,16053,1108
29717.796328,2910620508,2910621621,15992,1113
29717.808329,2910628322,2910629435,16021,1113
29717.819368,2910636095,2910637208,16049,1113
29717.828332,2910643912,2910645018,15924,1106
29717.840328,2910651716,2910652820,16017,1104
29717.850929,2910659491,2910660598,16055,1107
29717.860327,2910667317,2910668429,15927,1112
29717.871963,2910675133,2910676241,16025,1108
29717.882489,2910682915,2910684028,16060,1113
29717.892328,2910690734,2910691847,15928,1113
29717.903524,2910698556,2910699665,16035,1109
29717.912329,2910706345,2910707454,16059,1109
29717.924327,2910714157,2910715266,15923,1109
29717.935084,2910721974,2910723078,16027,1104
29717.944328,2910729787,2910730895,16057,1108
29717.956121,2910737591,2910738704,15932,1113
29717.966645,2910745414,2910746524,16022,1110
29717.976329,2910753187,2910754290,16045,1103
29717.987681,2910760990,2910762107,15918,1117
29717.996328,2910768820,2910769929,15941,1109
29718.008329,2910776643,2910777746,16026,1103
29718.019241,2910784441,2910785553,15930,1112
29718.028329,2910792261,2910793368,16016,1107
29718.040287,2910800029,2910801142,16056,1113
29718.050802,2910807851,2910808949,15945,1098
29718.060329,2910815652,2910816770,16026,1118
29718.071847,2910823455,2910824559,16057,1104
29718.082362,2910831276,2910832385,15933,1109
29718.092330,2910839097,2910840206,16018,1109
29718.103408,2910846884,2910847994,16023,1110
29718.112329,2910854699,2910855807,15928,1108
29718.124328,2910862518,2910863622,16025,1104
29718.134968,2910870300,2910871410,16055,1110
29718.144329,2910878117,2910879235,15989,1118
29718.156003,2910885937,2910887051,16014,1114
29718.166529,2910893739,2910894852,16056,1113
29718.176331,2910901576,2910902693,15930,1117
29718.187563,2910909397,2910910505,16022,1108
29718.196330,2910917174,2910918281,16050,1107
29718.208329,2910924981,2910926094,15928,1113
29718.219125,2910932794,2910933905,16032,1111
29718.228329,2910940609,2910941713,16038,1104
29718.240160,2910948413,2910949526,15930,1113
29718.250686,2910956228,2910957332,16041,1104
29718.260332,2910964003,2910965112,16058,1109
29718.271723,2910971827,2910972935,15840,1108
29718.280333,2910979653,2910980757,15929,1104
29718.292333,2910987426,2910988534,15981,1108
29718.303282,2910995249,2910996356,15829,1107
29718.312336,2911003065,2911004173,15938,1108
29718.324329,2911010842,2911011946,15983,1104
29718.334842,2911018655,2911019765,15829,1110
29718.344328,2911026488,2911027597,15845,1109
29718.355889,2911034301,2911035420,15967,1119
29718.366402,2911042133,2911043242,15830,1109
29718.376332,2911049942,2911051055,15941,1113
29718.387450,2911057711,2911058815,15986,1104
29718.396331,2911065508,2911066615,15840,1107
29718.408330,2911073318,2911074436,15926,1118
29718.419010,2911081093,2911082206,15980,1113
29718.428331,2911088905,2911090015,15828,1110
29718.440044,2911096722,2911097831,15937,1109
29718.450571,2911104509,2911105616,15948,1107
29718.460327,2911112336,2911113436,15828,1100
29718.471601,2911120173,2911121287,15927,1114
29718.480331,2911127992,2911129095,15970,1103
29718.492330,2911135801,2911136909,15904,1108
29718.503164,2911143630,2911144742,15939,1112
29718.512329,2911151448,2911152563,15979,1115
29718.524201,2911159271,2911160380,15835,1109
29718.534725,2911167080,2911168187,15933,1107
29718.544330,2911174864,2911175977,15982,1113
29718.555761,2911182688,2911183797,15824,1109
29718.564334,2911190511,2911191620,15935,1109
29718.576336,2911198290,2911199399,15984,1109
29718.587322,2911206113,2911207227,15826,1114
29718.596329,2911213948,2911215062,15955,1114
29718.608329,2911221739,2911222851,15985,1112
29718.618882,2911229548,2911230657,15831,1109
29718.628331,2911237362,2911238471,15937,1109
29718.639929,2911245150,2911246263,15980,1113
29718.650444,2911252968,2911254075,15827,1107
29718.660328,2911260781,2911261889,15935,1108
29718.671490,2911268546,2911269664,15983,1118
29718.680331,2911276324,2911277430,15817,1106
29718.692335,2911284122,2911285229,15849,1107
29718.703050,2911291933,2911293046,15958,1113
29718.712329,2911299761,2911300873,15818,1112
29718.724083,2911307565,2911308674,15937,1109
29718.734611,2911315338,2911316446,16072,1108
29718.744327,2911323156,2911324265,15932,1109
29718.755645,2911330973,2911332082,16024,1109
29718.764329,2911338789,2911339901,16050,1112
29718.776329,2911346613,2911347722,15918,1109
29718.787204,2911354424,2911355539,16020,1115
29718.796328,2911362223,2911363337,16038,1114
29718.808241,2911370043,2911371150,15913,1107
29718.818765,2911377855,2911378963,16029,1108
29718.828330,2911385656,2911386770,16062,1114
29718.839809,2911393484,2911394591,15993,1107
29718.848332,2911401306,2911402413,16029,1107
29718.860329,2911409128,2911410241,16056,1113
29718.871362,2911416936,2911418045,15920,1109
29718.880327,2911424755,2911425858,15932,1103
29718.892328,2911432568,2911433667,15968,1099
29718.902922,2911440366,2911441471,15827,1105
29718.912330,2911448187,2911449300,15934,1113
29718.923969,2911456004,2911457107,15966,1103
29718.934483,2911463809,2911464917,15828,1108
29718.944330,2911471622,2911472730,15945,1108
29718.955530,2911479439,2911480543,15965,1104
29718.964327,2911487246,2911488359,15828,1113
29718.976330,2911495065,2911496174,15928,1109
29718.987090,2911502848,2911503961,16070,1113
29718.996330,2911510666,2911511769,15918,1103
29719.008124,2911518472,2911519585,16023,1113
29719.018651,2911526268,2911527378,16119,1110
29719.028328,2911534099,2911535208,15903,1109
29719.039683,2911541907,2911543016,15926,1109
29719.048328,2911549711,2911550811,16050,1100
29719.060327,2911557507,2911558622,15917,1115
29719.071245,2911565313,2911566426,16028,1113
29719.080330,2911573093,2911574197,16071,1104
29719.092283,2911580920,2911582038,15930,1118
29719.102805,2911588747,2911589855,16024,1108
29719.112327,2911596561,2911597674,16053,1113
29719.123842,2911604388,2911605497,15917,1109
29719.134366,2911612199,2911613314,16027,1115
29719.144327,2911620017,2911621121,16030,1104
29719.155402,2911627822,2911628937,15917,1115
29719.164329,2911635625,2911636739,16025,1114
29719.176330,2911643448,2911644552,16051,1104
29719.186970,2911651253,2911652361,15994,1108
29719.196329,2911659045,2911660163,16031,1118
29719.208009,2911666866,2911667979,16052,1113
29719.218523,2911674682,2911675801,15916,1119
29719.228329,2911682519,2911683626,16027,1107
29719.239568,2911690329,2911691438,16054,1109
29719.248329,2911698148,2911699245,15914,1097
29719.260335,2911705946,2911707055,16025,1109
29719.271133,2911713758,2911714870,16049,1112
29719.280334,2911721574,2911722678,15919,1104
29719.292166,2911729394,2911730507,16048,1113
29719.302691,2911737218,2911738333,16057,1115
29719.312333,2911745049,2911746163,15919,1114
29719.323725,2911752859,2911753969,16020,1110
29719.332328,2911760670,2911761781,16054,1111
29719.344331,2911768496,2911769610,15924,1114
29719.355285,2911776318,2911777427,16028,1109
29719.364331,2911784142,2911785251,16055,1109
29719.376322,2911791963,2911793076,15908,1113
29719.386844,2911799790,2911800899,15938,1109
29719.396331,2911807606,2911808714,16051,1108
29719.407881,2911815421,2911816534,15913,1113
29719.418407,2911823233,2911824346,16030,1113
29719.428332,2911831051,2911832155,16056,1104
29719.439442,2911838862,2911839966,15930,1104
29719.448333,2911846682,2911847785,16026,1103
29719.460331,2911854506,2911855610,16053,1104
29719.471003,2911862317,2911863423,15920,1106
29719.480332,2911870129,2911871242,16031,1113
29719.492050,2911877875,2911878988,15989,1113
29719.502563,2911885700,2911886804,15828,1104
29719.512329,2911893522,2911894640,15939,1118
29719.523610,2911901339,2911902448,15962,1109
29719.532331,2911909147,2911910260,15907,1113
29719.544330,2911916965,2911918074,15942,1109
29719.555171,2911924777,2911925891,15969,1114
29719.564327,2911932602,2911933715,15829,1113
29719.576204,2911940415,2911941519,15944,1104
29719.586729,2911948228,2911949341,15968,1113
29719.596327,2911956052,2911957161,15827,1109
29719.607765,2911963871,2911964985,15932,1114
29719.616328,2911971700,2911972819,15968,1119
29719.628333,2911979526,2911980639,15829,1113
29719.639326,2911987351,2911988464,15963,1113
29719.648327,2911995162,2911996268,15968,1106
29719.660329,2912002976,2912004089,15833,1113
29719.670886,2912010798,2912011905,15941,1107
29719.680332,2912018615,2912019729,15969,1114
29719.691922,2912026430,2912027544,15832,1114
29719.702446,2912034267,2912035380,16036,1113
29719.712328,2912042078,2912043182,16058,1104
29719.723483,2912049898,2912051011,15923,1113
29719.732328,2912057719,2912058826,15936,1107
29719.744329,2912065542,2912066658,16058,1116
29719.755043,2912073359,2912074466,15918,1107
29719.764328,2912081209,2912082317,16033,1108
29719.776092,2912088995,2912090104,16078,1109
29719.786603,2912096817,2912097925,15930,1108
29719.796331,2912104642,2912105751,16033,1109
29719.807650,2912112450,2912113566,16056,1116
29719.816333,2912120273,2912121391,15920,1118
29719.828332,2912128092,2912129196,16029,1104
29719.839211,2912135897,2912137010,16042,1113
29719.848328,2912143708,2912144814,15919,1106
29719.860244,2912151514,2912152622,16026,1108
29719.870771,2912159325,2912160443,16057,1118
29719.880331,2912167161,2912168265,15995,1104
29719.891805,2912174963,2912176072,16030,1109
29719.900329,2912182787,2912183896,16019,1109
29719.912329,2912190604,2912191714,15832,1110
29719.923366,2912198416,2912199525,15945,1109
29719.932328,2912206216,2912207328,15971,1112
29719.944327,2912214040,2912215153,15828,1113
29719.954926,2912221854,2912222967,15934,1113
29719.964330,2912229673,2912230777,15962,1104
29719.975965,2912237474,2912238582,15825,1108
29719.986487,2912245293,2912246401,15961,1108
29719.996330,2912253111,2912254225,15967,1114
29720.007522,2912260923,2912262031,15832,1108
29720.016329,2912268737,2912269848,15946,1111
29720.028329,2912276556,2912277670,15971,1114
29720.039083,2912284386,2912285499,15820,1113
29720.048334,2912292236,2912293332,15946,1096
29720.060130,2912300037,2912301145,15974,1108
29720.070643,2912307844,2912308953,15825,1109
29720.080331,2912315658,2912316776,15849,1118
29720.091690,2912323488,2912324592,15969,1104
29720.100328,2912331294,2912332398,15834,1104
29720.112330,2912339115,2912340218,15940,1103
29720.123251,2912346929,2912348042,15965,1113
29720.132331,2912354744,2912355862,15841,1118
29720.144285,2912362556,2912363665,15942,1109
29720.154811,2912370377,2912371484,15967,1107
29720.164331,2912378191,2912379299,15835,1108
29720.175845,2912385995,2912387104,15942,1109
29720.186372,2912393804,2912394912,15955,1108
29720.196328,2912401628,2912402746,15833,1118
29720.207405,2912409453,2912410553,15945,1100
29720.216332,2912417252,2912418365,15969,1113
29720.228328,2912425077,2912426190,15904,1113
29720.238966,2912432900,2912434004,15941,1104
29720.248334,2912440709,2912441815,15974,1106
29720.260002,2912448513,2912449621,15833,1108
29720.270526,2912456310,2912457423,15942,1113
29720.280327,2912464139,2912465243,15970,1104
29720.291563,2912471950,2912473060,15819,1110
29720.300329,2912479768,2912480881,15941,1113
29720.312331,2912487558,2912488667,15970,1109
29720.323123,2912495389,2912496501,15835,1112
29720.332327,2912503224,2912504328,15969,1104
29720.344170,2912511043,2912512152,15971,1109
29720.354684,2912518861,2912519969,15830,1108
29720.364328,2912526679,2912527782,15932,1103
29720.375731,2912534500,2912535612,15963,1112
29720.384327,2912542316,2912543435,15825,1119
29720.396331,2912550140,2912551249,15943,1109
29720.407291,2912557946,2912559055,15970,1109
29720.416330,2912565768,2912566878,15833,1110
29720.428324,2912573583,2912574696,15835,1113
29720.438852,2912581408,2912582521,15972,1113
29720.448330,2912589228,2912590336,15832,1108
29720.459885,2912597044,2912598157,15939,1113
29720.470412,2912604848,2912605966,15967,1118
29720.480328,2912612676,2912613789,15845,1113
29720.491445,2912620497,2912621606,15945,1109
29720.500329,2912628307,2912629411,15970,1104
29720.512333,2912636136,2912637244,15830,1108
29720.523006,2912643944,2912645042,15948,1098
29720.532331,2912651743,2912652860,15951,1117
29720.544042,2912659559,2912660676,15835,1117
29720.554566,2912667382,2912668485,15937,1103
29720.564328,2912675193,2912676300,15972,1107
29720.575611,2912682996,2912684100,15908,1104
29720.584327,2912690812,2912691915,15943,1103
29720.596330,2912698628,2912699741,15969,1113
29720.607164,2912706448,2912707561,15831,1113
29720.616329,2912714255,2912715370,15943,1115
29720.628209,2912722065,2912723177,15971,1112
29720.638724,2912729873,2912730977,15829,1104
29720.648328,2912737684,2912738800,15941,1116
29720.659771,2912745518,2912746627,15972,1109
29720.668327,2912753330,2912754434,15836,1104
29720.680332,2912761133,2912762246,15954,1113
29720.691331,2912768956,2912770065,15970,1109
29720.700329,2912776764,2912777873,15831,1109
29720.712335,2912784576,2912785681,15930,1105
29720.722892,2912792402,2912793505,15948,1103
29720.732330,2912800212,2912801324,15835,1112
29720.743925,2912808044,2912809148,15940,1104
29720.754452,2912815855,2912816968,15970,1113
29720.764329,2912823680,2912824793,15831,1113
29720.775485,2912831501,2912832619,15851,1118
29720.784330,2912839318,2912840426,15970,1108
29720.796328,2912847126,2912848230,15829,1104
29720.807046,2912854928,2912856032,15943,1104
29720.816331,2912862763,2912863882,15964,1119
29720.828083,2912870577,2912871690,15846,1113
29720.838607,2912878397,2912879510,15944,1113
29720.848331,2912886217,2912887333,15956,1116
29720.859643,2912894027,2912895137,15827,1110
29720.868332,2912901842,2912902951,15944,1109
29720.880328,2912909656,2912910768,15942,1112
29720.891203,2912917467,2912918578,15833,1111
29720.900335,2912925283,2912926392,15943,1109
29720.912250,2912933104,2912934211,15964,1107
29720.922771,2912940931,2912942048,15905,1117
29720.932327,2912948739,2912949844,15941,1105
29720.943812,2912956542,2912957655,15972,1113
29720.952326,2912964367,2912965474,15831,1107
29720.964336,2912972172,2912973281,15945,1109
29720.975370,2912979989,2912981103,15971,1114
29720.984336,2912987803,2912988907,15833,1104
29720.996328,2912995609,2912996718,15948,1109
29721.006932,2913003425,2913004534,15969,1109
29721.016333,2913011257,2913012373,15833,1116
29721.027971,2913019087,2913020206,16000,1119
29721.038493,2913026921,2913028039,15915,1118
29721.048329,2913034748,2913035860,15831,1112
29721.059529,2913042578,2913043695,15981,1117
29721.068328,2913050397,2913051506,15919,1109
29721.080334,2913058215,2913059333,15832,1118
29721.091087,2913066028,2913067141,15943,1113
29721.100333,2913073875,2913074985,15966,1110
29721.128332,2913087805,2913088422,12051,617
29721.139180,2913091784,2913092404,11975,620
29721.148327,2913097865,2913098972,15956,1107
29721.160221,2913105652,2913106757,15919,1105
29721.170741,2913113426,2913114534,15960,1108
29721.180336,2913121254,2913122361,15977,1107
29721.191781,2913129056,2913130174,15909,1118
29721.200328,2913136878,2913137985,15936,1107
29721.212334,2913144687,2913145796,16092,1109
29721.223341,2913152510,2913153619,16007,1109
29721.232326,2913160325,2913161439,15939,1114
29721.244328,2913168151,2913169259,16085,1108
29721.254904,2913175967,2913177076,16002,1109
29721.264329,2913183785,2913184896,15922,1111
29721.275943,2913191611,2913192724,16091,1113
29721.286464,2913199427,2913200537,15994,1110
29721.296330,2913207246,2913208357,15921,1111
29721.307501,2913215066,2913216176,16075,1110
29721.316328,2913222890,2913223994,16004,1104
29721.328332,2913230703,2913231812,15910,1109
29721.339062,2913238424,2913239532,15984,1108
29721.348327,2913246240,2913247348,15915,1108
29721.360094,2913254062,2913255177,15845,1115
29721.370622,2913261883,2913262993,15912,1110
29721.380332,2913269714,2913270822,15903,1108
29721.391655,2913277530,2913278638,15839,1108
29721.400331,2913285338,2913286443,16001,1105
29721.412331,2913293154,2913294258,15919,1104
29721.423215,2913300960,2913302073,15841,1113
29721.432331,2913308774,2913309885,15994,1111
29721.444262,2913316585,2913317698,15910,1113
29721.454776,2913324398,2913325507,15833,1109
29721.464328,2913332219,2913333335,15982,1116
29721.475823,2913340039,2913341147,15913,1108
29721.486336,2913347845,2913348957,15826,1112
29721.496330,2913355674,2913356779,15982,1105
29721.507382,2913363495,2913364604,15907,1109
29721.516333,2913371315,2913372424,15909,1109
29721.528331,2913379135,2913380238,15975,1103
29721.538941,2913386965,2913388075,15883,1110
29721.548333,2913394787,2913395899,15865,1112
29721.559982,2913402598,2913403711,15983,1113
29721.570501,2913410424,2913411536,15908,1112
29721.580328,2913418232,2913419345,15863,1113
29721.591542,2913426051,2913427164,15986,1113
29721.600330,2913433853,2913434961,15913,1108
29721.612328,2913441659,2913442769,15848,1110
29721.623101,2913448019,2913449129,15881,1110
29721.632328,2913455842,2913456954,15900,1112
29721.644135,2913463650,2913464763,15848,1113
29721.654661,2913471454,2913472563,15972,1109
29721.664329,2913479268,2913480380,15915,1112
29721.675695,2913487086,2913488197,15851,1111
29721.684327,2913494905,2913496013,16060,1108
29721.696332,2913502721,2913503829,16002,1108
29721.707255,2913510533,2913511640,15950,1107
29721.716330,2913518354,2913519463,16008,1109
29721.728299,2913526170,2913527279,15999,1109
29721.738816,2913533966,2913535081,15859,1115
29721.748331,2913541806,2913542915,16087,1109
29721.759864,2913549636,2913550740,16002,1104
29721.770376,2913557441,2913558554,15931,1113
29721.780331,2913565267,2913566385,16087,1118
29721.791424,2913573097,2913574209,16002,1112
29721.800332,2913580909,2913582027,15827,1118
29721.812333,2913588741,2913589859,15978,1118
29721.822984,2913596555,2913597664,15913,1109
29721.832328,2913604367,2913605466,15832,1099
29721.844021,2913612173,2913613282,15978,1109
29721.854543,2913619991,2913621104,15920,1113
29721.864329,2913627817,2913628922,15909,1105
29721.875582,2913635611,2913636715,15982,1104
29721.884329,2913643408,2913644518,15914,1110
29721.896329,2913651227,2913652337,15850,1110
29721.907144,2913659038,2913660144,15986,1106
29721.916335,2913666848,2913667955,15923,1107
29721.928175,2913674661,2913675768,15845,1107
29721.938704,2913682472,2913683585,16085,1113
29721.948331,2913690293,2913691397,15904,1104
29721.959735,2913698098,2913699215,15833,1117
29721.968327,2913705914,2913707022,15999,1108
29721.980332,2913713728,2913714837,15915,1109
29721.991295,2913721550,2913722663,15836,1113
29722.000328,2913729371,2913730485,15986,1114
29722.012328,2913737190,2913738303,15913,1113
29722.022856,2913745010,2913746119,15830,1109
29722.032330,2913752822,2913753930,15980,1108
29722.043901,2913760643,2913761756,15918,1113
29722.054417,2913768462,2913769574,15851,1112
29722.064330,2913776279,2913777391,15923,1112
29722.075462,2913784097,2913785201,15917,1104
29722.084331,2913791906,2913793024,15849,1118
29722.096328,2913799729,2913800832,16002,1103
29722.107024,2913807553,2913808659,15913,1106
29722.116332,2913815370,2913816487,15838,1117
29722.128063,2913823194,2913824312,16006,1118
29722.138585,2913831015,2913832124,15907,1109
29722.148328,2913838822,2913839925,15833,1103
29722.159621,2913846654,2913847764,15972,1110
29722.168332,2913854467,2913855575,15913,1108
29722.180328,2913862288,2913863391,15846,1103
29722.191181,2913870096,2913871199,15970,1103
29722.200330,2913877742,2913878855,15914,1113
29722.212220,2913885557,2913886666,15912,1109
29722.222741,2913893366,2913894480,15967,1114
29722.232333,2913901196,2913902308,15905,1112
29722.243775,2913909023,2913910141,15860,1118
29722.252327,2913916850,2913917960,15989,1110
29722.264329,2913924664,2913925780,15915,1116
29722.275335,2913932492,2913933602,15861,1110
29722.284330,2913940316,2913941426,15988,1110
29722.296328,2913948131,2913949239,15916,1108
29722.306897,2913955945,2913957056,15838,1111
29722.316334,2913963750,2913964863,15990,1113
29722.327942,2913971582,2913972700,15916,1118
29722.338457,2913979402,2913980508,15847,1106
29722.348331,2913987222,2913988336,15969,1114
29722.359504,2913995046,2913996156,15913,1110
29722.368334,2914002867,2914003974,15824,1107
29722.380335,2914010681,2914011788,15977,1107
29722.391062,2914018496,2914019609,15914,1113
29722.400330,2914026341,2914027459,15838,1118
29722.412102,2914034168,2914035276,15921,1108
29722.422623,2914041980,2914043092,15917,1112
29722.432329,2914049792,2914050901,15849,1109
29722.443663,2914057608,2914058720,16001,1112
29722.452330,2914065431,2914066541,15918,1110
29722.464330,2914073255,2914074367,15847,1112
29722.475225,2914081066,2914082178,16004,1112
29722.484331,2914088880,2914089989,15914,1109
29722.496255,2914096708,2914097821,15824,1113
29722.506783,2914104515,2914105625,15975,1110
29722.516332,2914112327,2914113437,15914,1110
29722.527816,2914120152,2914121267,15828,1115
29722.538343,2914127978,2914129086,15978,1108
29722.548332,2914135782,2914136891,15961,1109
29722.559380,2914143624,2914144732,15833,1108
29722.568331,2914151443,2914152557,15970,1114
29722.580329,2914159269,2914160379,15904,1110
29722.590937,2914167081,2914168194,15860,1113
29722.600327,2914174911,2914176019,15987,1108
29722.611981,2914182728,2914183841,15922,1113
29722.622496,2914190546,2914191655,15861,1109
29722.632329,2914198356,2914199470,15986,1114
29722.643542,2914206182,2914207297,15910,1115
29722.652333,2914214004,2914215112,15845,1108
29722.664329,2914221826,2914222938,15989,1112
29722.675102,2914229653,2914230761,15914,1108
29722.684326,2914237491,2914238601,15841,1110
29722.696140,2914245302,2914246412,15969,1110
29722.706663,2914253121,2914254233,15912,1112
29722.716332,2914260940,2914262050,15838,1110
29722.727701,2914268752,2914269858,15967,1106
29722.736327,2914276554,2914277663,15915,1109
29722.748329,2914284362,2914285475,15864,1113
29722.759261,2914292193,2914293308,15921,1115
29722.768331,2914300032,2914301145,15913,1113
29722.780295,2914307867,2914308975,15864,1108
29722.790823,2914315692,2914316809,15983,1117
29722.800332,2914323515,2914324621,15915,1106
29722.811856,2914331333,2914332446,15860,1113
29722.822384,2914339143,2914340250,15983,1107
29722.832330,2914346961,2914348071,15916,1110
29722.843418,2914354789,2914355898,15848,1109
29722.852329,2914362596,2914363705,15969,1109
29722.864328,2914370405,2914371516,15911,1111
29722.874977,2914378227,2914379340,15840,1113
29722.884331,2914386046,2914387155,15970,1109
29722.896021,2914393864,2914394972,15913,1108
29722.906542,2914401692,2914402800,15912,1108
29722.916333,2914409474,2914410584,15958,1110
29722.927581,2914417299,2914418408,15914,1109
29722.936328,2914425113,2914426217,15863,1104
29722.948332,2914432925,2914434033,15988,1108
29722.959142,2914440727,2914441837,15920,1110
29722.968330,2914448518,2914449621,15852,1103
29722.980182,2914456324,2914457427,15991,1103
29722.990703,2914464132,2914465249,15915,1117
29723.000330,2914471959,2914473057,15846,1098
29723.011742,2914479772,2914480886,15991,1114
29723.020327,2914487598,2914488713,15913,1115
29723.032329,2914495422,2914496525,15848,1103
29723.043301,2914503235,2914504348,15965,1113
29723.052335,2914511056,2914512167,15919,1111
29723.064333,2914518878,2914519988,15846,1110
29723.074862,2914526701,2914527813,15969,1112
29723.084328,2914534518,2914535628,15914,1110
29723.095896,2914542344,2914543457,15859,1113
29723.106422,2914550166,2914551279,15923,1113
29723.116329,2914557990,2914559098,15921,1108
29723.127456,2914565801,2914566914,15854,1113
29723.136327,2914573611,2914574714,15982,1103
29723.148330,2914581431,2914582541,15914,1110
29723.159016,2914589244,2914590353,15849,1109
29723.168331,2914597060,2914598173,15989,1113
29723.180064,2914604897,2914606004,15995,1107
29723.190577,2914612639,2914613751,15920,1112
29723.200333,2914620442,2914621560,16074,1118
29723.211626,2914628268,2914629385,16002,1117
29723.220330,2914636084,2914637197,15919,1113
29723.232327,2914643896,2914645014,16070,1118
29723.243183,2914651726,2914652830,16002,1104
29723.252329,2914659528,2914660632,15997,1104
29723.264222,2914667335,2914668443,16064,1108
29723.274744,2914675145,2914676255,16007,1110
29723.284331,2914682964,2914684082,15936,1118
29723.295784,2914690781,2914691884,16091,1103
29723.304330,2914698587,2914699705,15917,1118
29723.316336,2914706413,2914707526,15846,1113
29723.327344,2914714242,2914715359,15994,1117
29723.336328,2914722060,2914723164,15904,1104
29723.348335,2914729873,2914730985,15834,1112
29723.358906,2914737703,2914738816,16004,1113
29723.368328,2914745526,2914746639,15912,1113
29723.379938,2914753351,2914754454,15833,1103
29723.390464,2914761165,2914762273,15974,1108
29723.400333,2914768988,2914770101,15916,1113
29723.411497,2914776812,2914777925,15913,1113
29723.420331,2914784625,2914785737,16068,1112
29723.432329,2914792447,2914793557,16003,1110
29723.443057,2914800260,2914801369,15931,1109
29723.452331,2914808098,2914809201,16013,1103
29723.464102,2914815904,2914817017,16000,1113
29723.474619,2914823723,2914824837,15936,1114
29723.484327,2914831553,2914832663,16085,1110
29723.495664,2914839363,2914840470,16003,1107
29723.504331,2914847180,2914848290,15929,1110
29723.516328,2914854993,2914856097,16089,1104
29723.527224,2914862803,2914863916,16002,1113
29723.536328,2914870623,2914871738,15921,1115
29723.548262,2914878448,2914879562,16065,1114
29723.558785,2914886270,2914887380,15991,1110
29723.568332,2914894090,2914895200,15921,1110
29723.579823,2914901926,2914903038,16016,1112
29723.588331,2914909743,2914910856,15911,1113
29723.600333,2914917558,2914918667,15911,1109
29723.611383,2914925378,2914926493,15979,1115
29723.620328,2914933203,2914934317,15918,1114
29723.632333,2914941034,2914942148,15831,1114
29723.642945,2914948856,2914949965,16000,1109
29723.652331,2914956671,2914957784,15915,1113
29723.663976,2914964480,2914965590,15848,1110
29723.674506,2914972298,2914973401,15994,1103
29723.684331,2914980102,2914981212,15910,1110
29723.695537,2914987931,2914989040,15832,1109
29723.704331,2914995749,2914996853,16001,1104
29723.716331,2915003542,2915004649,15913,1107
29723.727097,2915011359,2915012468,15833,1109
29723.736330,2915019174,2915020289,15982,1115
29723.748143,2915026992,2915028104,15921,1112
29723.758657,2915034810,2915035918,15836,1108
29723.768329,2915042619,2915043728,15988,1109
29723.779703,2915050430,2915051530,15915,1100
29723.788331,2915058225,2915059330,15850,1105
29723.800337,2915066043,2915067153,15925,1110
29723.811263,2915073864,2915074973,15915,1109
29723.820331,2915081683,2915082782,15848,1099
29723.832304,2915089500,2915090609,15998,1109
29723.842825,2915097319,2915098428,15903,1109
29723.852331,2915105128,2915106243,15844,1115
29723.863864,2915112941,2915114050,16001,1109
29723.874386,2915120766,2915121880,15911,1114
29723.884330,2915128582,2915129685,15833,1103
29723.895424,2915136397,2915137495,15986,1098
29723.904331,2915144195,2915145303,15915,1108
29723.916333,2915152011,2915153124,15823,1113
29723.926983,2915159830,2915160945,15981,1115
29723.936327,2915167647,2915168760,15915,1113
29723.948022,2915175467,2915176581,15894,1114
29723.958544,2915183291,2915184404,15985,1113
29723.968335,2915191114,2915192224,15915,1110
29723.979577,2915198933,2915200050,15848,1117
29723.988327,2915206766,2915207870,15976,1104
29724.000329,2915214573,2915215690,15921,1117
29724.011137,2915222395,2915223505,15854,1110
29724.020335,2915230195,2915231305,15994,1110
29724.032182,2915238002,2915239112,15917,1110
29724.042697,2915245819,2915246934,15843,1115
29724.052329,2915253631,2915254747,15988,1116
29724.063743,2915261456,2915262569,15916,1113
29724.072330,2915269268,2915270378,15842,1110
29724.084329,2915277093,2915278201,15964,1108
29724.095302,2915284908,2915286016,15915,1108
29724.104332,2915292722,2915293826,15847,1104
29724.116328,2915300520,2915301630,15969,1110
29724.126862,2915308335,2915309448,15912,1113
29724.136333,2915316157,2915317270,15857,1113
29724.147901,2915323977,2915325088,15922,1111
29724.158422,2915331796,2915332906,15915,1110
29724.168327,2915339598,2915340705,15864,1107
29724.179463,2915347405,2915348518,15989,1113
29724.188328,2915355219,2915356329,15910,1110
29724.200329,2915363050,2915364168,16018,1118
29724.211024,2915370878,2915371996,15961,1118
29724.220331,2915378721,2915379839,15920,1118
29724.232056,2915386550,2915387667,15840,1117
29724.242582,2915394380,2915395495,15758,1115
29724.252327,2915402225,2915403340,15711,1115
29724.263617,2915410107,2915411221,15601,1114
29724.272332,2915418177,2915419299,15983,1122
29724.284330,2915426009,2915427127,15585,1118
29724.295182,2915433835,2915434945,15903,1110
29724.304327,2915441691,2915442806,15969,1115
29724.316223,2915449513,2915450631,15910,1118
29724.326737,2915457362,2915458471,15863,1109
29724.336331,2915465199,2915466313,15951,1114
29724.347783,2915473032,2915474148,15918,1116
29724.356327,2915480867,2915481985,15851,1118
29724.368331,2915488709,2915489823,15967,1114
29724.379341,2915496577,2915497689,15911,1112
29724.388331,2915504437,2915505556,15584,1119
29724.400331,2915512340,2915513459,15991,1119
29724.410905,2915520186,2915521304,15922,1118
29724.420328,2915528020,2915529132,15831,1112
29724.431943,2915535853,2915536968,15979,1115
29724.442465,2915543679,2915544798,15921,1119
29724.452329,2915551508,2915552618,15832,1110
29724.463503,2915559325,2915560442,15972,1117
29724.472328,2915567154,2915568267,15919,1113
29724.484330,2915574983,2915576088,15850,1105
29724.495064,2915582789,2915583902,15918,1113
29724.504328,2915590595,2915591704,15921,1109
29724.516096,2915598402,2915599515,15848,1113
29724.526626,2915606222,2915607328,16000,1106
29724.536330,2915614023,2915615133,16000,1110
29724.547657,2915621829,2915622949,15933,1120
29724.556330,2915629658,2915630773,16087,1115
29724.568336,2915637483,2915638593,16001,1110
29724.579217,2915645301,2915646409,15920,1108
29724.588327,2915653122,2915654227,16071,1105
29724.600264,2915660929,2915662037,15901,1108
29724.610778,2915668752,2915669865,15832,1113
29724.620331,2915676568,2915677679,15984,1111
29724.631823,2915684367,2915685485,15914,1118
29724.642344,2915692190,2915693294,15906,1104
29724.652330,2915700005,2915701115,16072,1110
29724.663384,2915707813,2915708922,16005,1109
29724.672331,2915715625,2915716734,15931,1109
29724.684328,2915723447,2915724557,16084,1110
29724.694944,2915731264,2915732372,15920,1108
29724.704328,2915739079,2915740189,15848,1110
29724.715984,2915746890,2915748000,16000,1110
29724.726506,2915754710,2915755820,15917,1110
29724.736328,2915762519,2915763634,15832,1115
29724.747546,2915770340,2915771445,16000,1105
29724.756329,2915778145,2915779257,15918,1112
29724.768332,2915785967,2915787071,15832,1104
29724.779104,2915793776,2915794887,15982,1111
29724.788330,2915801630,2915802738,15918,1108
29724.800136,2915809452,2915810555,15835,1103
29724.810664,2915817278,2915818391,15963,1113
29724.820326,2915825094,2915826201,15901,1107
29724.831697,2915832906,2915834010,15863,1104
29724.840331,2915840715,2915841833,15921,1118
29724.852328,2915848543,2915849649,15913,1106
29724.863257,2915856349,2915857457,15865,1108
29724.872329,2915864157,2915865261,15975,1104
29724.884303,2915871962,2915873081,15998,1119
29724.894818,2915879792,2915880895,15935,1103
29724.904329,2915887595,2915888704,16067,1109
29724.915863,2915895405,2915896510,16004,1105
29724.926378,2915903221,2915904327,15935,1106
29724.936331,2915911037,2915912146,16055,1109
29724.947424,2915918854,2915919965,16001,1111
29724.956331,2915926671,2915927775,15939,1104
29724.968337,2915934483,2915935590,16057,1107
29724.978983,2915942306,2915943413,16001,1107
29724.988328,2915950131,2915951245,15996,1114
29725.000022,2915957959,2915959072,15969,1113
29725.010546,2915965798,2915966908,15916,1110
29725.020327,2915973622,2915974737,15848,1115
29725.031585,2915981442,2915982551,15999,1109
29725.040330,2915989256,2915990363,15913,1107
29725.052328,2915997065,2915998169,15846,1104
29725.063145,2916004868,2916005985,15995,1117
29725.072334,2916012693,2916013800,15908,1107
29725.084177,2916020507,2916021621,15833,1114
29725.094706,2916028335,2916029432,16000,1097
29725.104326,2916036142,2916037256,15911,1114
29725.115737,2916043955,2916045059,15825,1104
29725.124333,2916051788,2916052896,15942,1108
29725.136335,2916059591,2916060703,15959,1112
29725.147297,2916067404,2916068517,15832,1113
29725.156328,2916075221,2916076324,15945,1103
29725.168327,2916083027,2916084134,15954,1107
29725.178858,2916090853,2916091964,15831,1111
29725.188331,2916098681,2916099788,15849,1107
29725.199905,2916106493,2916107602,15970,1109
29725.211916,2916115441,2916116557,15899,1116
29725.222449,2916123264,2916124372,15964,1108
29725.232330,2916131082,2916132195,15830,1113
29725.243485,2916138908,2916140016,15964,1108
29725.252328,2916146710,2916147819,15972,1109
29725.264328,2916154517,2916155635,15834,1118
29725.275044,2916162342,2916163455,15937,1113
29725.284334,2916170157,2916171275,15969,1118
29725.296080,2916177980,2916179088,15826,1108
29725.306604,2916185798,2916186906,15941,1108
29725.316328,2916193607,2916194715,15968,1108
29725.327640,2916201418,2916202521,15832,1103
29725.336327,2916209232,2916210338,15850,1106
29725.348328,2916217035,2916218148,15966,1113
29725.359201,2916224860,2916225978,15823,1118
29725.368328,2916232690,2916233798,15948,1108
29725.380247,2916240501,2916241605,15966,1104
29725.390761,2916248322,2916249433,15835,1111
29725.400330,2916256127,2916257235,15948,1108
29725.411810,2916263943,2916265059,15969,1116
29725.420332,2916271777,2916272887,15832,1110
29725.432329,2916279593,2916280703,15944,1110
29725.443368,2916287415,2916288518,15951,1103
29725.452327,2916295227,2916296331,15833,1104
29725.464328,2916303039,2916304154,15947,1115
29725.474929,2916310859,2916311965,15965,1106
29725.484329,2916318677,2916319792,15906,1115
29725.495963,2916326491,2916327600,15946,1109
29725.506489,2916334309,2916335422,15970,1113
29725.516334,2916342123,2916343232,15829,1109
29725.527524,2916349941,2916351054,15937,1113
29725.536331,2916357752,2916358859,15972,1107
29725.548328,2916365562,2916366669,15833,1107
29725.559083,2916373360,2916374473,15939,1113
29725.568331,2916381204,2916382312,15965,1108
29725.580120,2916389014,2916390124,15833,1110
29725.590645,2916396845,2916397958,15957,1113
29725.600330,2916404660,2916405763,15967,1103
29725.611680,2916412462,2916413569,15838,1107
29725.620329,2916420284,2916421391,15945,1107
29725.632330,2916428106,2916429219,15973,1113
29725.643241,2916435921,2916437027,15829,1106
29725.652334,2916443732,2916444842,15948,1110
29725.664287,2916451562,2916452674,15969,1112
29725.674803,2916459365,2916460474,15831,1109
29725.684330,2916467175,2916468279,15848,1104
29725.695848,2916474981,2916476084,15959,1103
29725.706362,2916482783,2916483887,15835,1104
29725.716327,2916490595,2916491691,15947,1096
29725.727408,2916498411,2916499514,15959,1103
29725.736330,2916506213,2916507326,15849,1113
29725.748332,2916514023,2916515132,15934,1109
29725.758968,2916521830,2916522939,15966,1109
29725.768329,2916529653,2916530760,15830,1107
29725.780003,2916537476,2916538590,15945,1114
29725.790529,2916545282,2916546399,15953,1117
29725.800328,2916553113,2916554223,15836,1110
29725.811564,2916560936,2916562048,15944,1112
29725.820328,2916568755,2916569864,15970,1109
29725.832327,2916576595,2916577706,15910,1111
29725.843124,2916584413,2916585523,15946,1110
29725.852331,2916592236,2916593351,15968,1115
29725.864160,2916600061,2916601171,15830,1110
29725.874684,2916607879,2916608994,15938,1115
29725.884329,2916615688,2916616802,15974,1114
29725.895720,2916623498,2916624607,15828,1109
29725.904329,2916631310,2916632423,15944,1113
29725.916332,2916639120,2916640238,15968,1118
29725.927281,2916646949,2916648057,15833,1108
29725.936328,2916654766,2916655874,15964,1108
29725.948328,2916662573,2916663677,15973,1104
29725.958842,2916670392,2916671505,15830,1113
29725.968329,2916678205,2916679315,15945,1110
29725.979889,2916686016,2916687130,15972,1114
29725.990402,2916693830,2916694935,15832,1105
29726.000327,2916701643,2916702760,15945,1117
29726.011449,2916709461,2916710565,15968,1104
29726.020330,2916717287,2916718387,15823,1100
29726.032331,2916725121,2916726235,15917,1114
29726.043009,2916732948,2916734057,15917,1109
29726.052331,2916740762,2916741874,15822,1112
29726.064046,2916748584,2916749693,15979,1109
29726.074568,2916756406,2916757519,15914,1113
29726.084328,2916764224,2916765332,15829,1108
29726.095609,2916772032,2916773144,15982,1112
29726.104328,2916779854,2916780958,15966,1104
29726.116329,2916787668,2916788772,15836,1104
29726.127164,2916795478,2916796585,15945,1107
29726.136331,2916803296,2916804406,15948,1110
29726.148201,2916811107,2916812217,15830,1110
29726.158724,2916818922,2916820040,15948,1118
29726.168329,2916826753,2916827867,15959,1114
29726.179768,2916834551,2916835660,15909,1109
29726.188328,2916842372,2916843482,15938,1110
29726.200335,2916850182,2916851292,15967,1110
29726.211321,2916858000,2916859111,15830,1111
29726.220329,2916865820,2916866924,15943,1104
29726.232331,2916873634,2916874743,16011,1109
29726.242882,2916881450,2916882558,15824,1108
29726.252332,2916889264,2916890378,15949,1114
29726.263928,2916897093,2916898206,15968,1113
29726.274442,2916904897,2916906010,15817,1113
29726.284336,2916912724,2916913832,15961,1108
29726.295489,2916920516,2916921628,15972,1112
29726.304327,2916928329,2916929433,15834,1104
29726.316331,2916936125,2916937243,15935,1118
29726.327049,2916943953,2916945052,15970,1099
29726.336328,2916951781,2916952889,15830,1108
29726.348083,2916959604,2916960712,15945,1108
29726.358609,2916967413,2916968526,15968,1113
29726.368329,2916975214,2916976327,15833,1113
29726.379642,2916983029,2916984142,15853,1113
29726.388328,2916990846,2916991954,15957,1108
29726.400333,2916998661,2916999779,15829,1118
29726.411204,2917006484,2917007588,15943,1104
29726.420328,2917014306,2917015414,15970,1108
29726.432240,2917022123,2917023236,15833,1113
29726.442765,2917029955,2917031059,15943,1104
29726.452331,2917037777,2917038885,15970,1108
29726.463801,2917045592,2917046705,15822,1113
29726.472329,2917053410,2917054516,15943,1106
29726.484328,2917061222,2917062332,15952,1110
29726.495362,2917069018,2917070131,15828,1113
29726.504332,2917076835,2917077948,15941,1113
29726.516337,2917084651,2917085766,15966,1115
29726.526929,2917092463,2917093570,15911,1107
29726.536330,2917100271,2917101384,15950,1113
29726.547968,2917108097,2917109207,15969,1110
29726.558484,2917115915,2917117023,15831,1108
29726.568330,2917123723,2917124831,15946,1108
29726.579527,2917131536,2917132648,15970,1112
29726.588329,2917139358,2917140467,15826,1109
29726.600328,2917147166,2917148275,15948,1109
29726.611089,2917154996,2917156103,15965,1107
29726.620329,2917162844,2917163954,15833,1110
29726.632125,2917170650,2917171761,15960,1111
29726.642649,2917178508,2917179626,16021,1118
29726.652331,2917186333,2917187437,15825,1104
29726.663684,2917194149,2917195257,15949,1108
29726.672328,2917201965,2917203073,15971,1108
29726.684333,2917209776,2917210885,15833,1109
29726.695244,2917217575,2917218683,15943,1108
29726.704331,2917225389,2917226492,15952,1103
29726.716281,2917233193,2917234305,15818,1112
29726.726806,2917241016,2917242118,15841,1102
29726.736331,2917248827,2917249935,15971,1108
29726.747841,2917256634,2917257742,15835,1108
29726.758365,2917264457,2917265574,15940,1117
29726.768328,2917272294,2917273409,15984,1115
29726.779407,2917280125,2917281243,15912,1118
29726.788327,2917287950,2917289068,15850,1118
29726.800328,2917295776,2917296891,16000,1115
29726.810970,2917303606,2917304721,15919,1115
29726.820330,2917311442,2917312555,15828,1113
29726.832008,2917319258,2917320368,15968,1110
29726.844020,2917328062,2917329172,15899,1110
29726.854553,2917335887,2917336992,15959,1105
29726.864328,2917343699,2917344804,15834,1105
29726.875585,2917351505,2917352623,15838,1118
29726.884333,2917359331,2917360441,15969,1110
29726.896328,2917367147,2917368261,15832,1114
29726.907148,2917374968,2917376076,15941,1108
29726.916333,2917382767,2917383877,15970,1110
29726.928184,2917390588,2917391697,15851,1109
29726.938708,2917398399,2917399507,15938,1108
29726.948328,2917406216,2917407325,15970,1109
29726.959744,2917414025,2917415129,15831,1104
29726.968336,2917421835,2917422950,15944,1115
29726.980328,2917429650,2917430758,15947,1108
29726.991304,2917437464,2917438572,15829,1108
29727.000328,2917445272,2917446391,15942,1119
29727.012329,2917453101,2917454208,15966,1107
29727.022872,2917460909,2917462016,15911,1107
29727.032330,2917468708,2917469811,15947,1103
29727.043912,2917476521,2917477633,15967,1112
29727.054425,2917484356,2917485469,15832,1113
29727.064335,2917492169,2917493271,15946,1102
29727.075471,2917499986,2917501100,15974,1114
29727.084328,2917507809,2917508913,15835,1104
29727.096328,2917515624,2917516733,15948,1109
29727.107033,2917523435,2917524547,15971,1112
29727.116334,2917531247,2917532365,15835,1118
29727.128068,2917539066,2917540179,15960,1113
29727.138593,2917546894,2917548008,15969,1114
29727.148326,2917554714,2917555818,15830,1104
29727.159627,2917562532,2917563645,15948,1113
29727.168331,2917570355,2917571465,15970,1110
29727.180328,2917578154,2917579262,15831,1108
29727.191188,2917585960,2917587063,15943,1103
29727.200327,2917593766,2917594876,15971,1110
29727.212223,2917601585,2917602692,15829,1107
29727.222746,2917609395,2917610502,15854,1107
29727.232329,2917617211,2917618324,15968,1113
29727.243784,2917625030,2917626137,15831,1107
29727.252327,2917632850,2917633963,15943,1113
29727.264330,2917640669,2917641777,15957,1108
29727.275344,2917648495,2917649609,15842,1114
29727.284331,2917656313,2917657421,15944,1108
29727.296328,2917664127,2917665237,15965,1110
29727.306905,2917671949,2917673056,15831,1107
29727.316328,2917679764,2917680877,15946,1113
29727.327952,2917687583,2917688696,15958,1113
29727.338465,2917695413,2917696527,15831,1114
29727.348327,2917703230,2917704338,15947,1108
29727.359512,2917711048,2917712156,15968,1108
29727.368327,2917718873,2917719988,15913,1115
29727.380334,2917726700,2917727804,15943,1104
29727.391072,2917734508,2917735617,15970,1109
29727.400330,2917742347,2917743450,15824,1103
29727.412107,2917750162,2917751266,15948,1104
29727.422632,2917757979,2917759086,15962,1107
29727.432328,2917765775,2917766882,15829,1107
29727.443667,2917773574,2917774684,15948,1110
29727.452331,2917781383,2917782490,15968,1107
29727.464330,2917789207,2917790315,15831,1108
29727.475229,2917797025,2917798133,15962,1108
29727.484329,2917804838,2917805951,15955,1113
29727.496266,2917812662,2917813765,15834,1103
29727.506789,2917820462,2917821571,15942,1109
29727.516328,2917828272,2917829385,15971,1113
29727.527824,2917836088,2917837202,15831,1114
29727.538348,2917843900,2917845009,15933,1109
29727.548327,2917851711,2917852819,15974,1108
29727.559384,2917859534,2917860629,15833,1095
29727.568328,2917867337,2917868440,15848,1103
29727.580331,2917875148,2917876253,15970,1105
29727.590945,2917882964,2917884078,15821,1114
29727.600327,2917890780,2917891885,15948,1105
29727.611991,2917898595,2917899708,15967,1113
29727.622506,2917906425,2917907535,15850,1110
29727.632328,2917914242,2917915352,15945,1110
29727.643552,2917922069,2917923179,15969,1110
29727.652329,2917929898,2917931013,15832,1115
29727.664331,2917937644,2917938760,15963,1116
29727.675112,2917945483,2917946596,15954,1113
29727.684331,2917953327,2917954435,15833,1108
29727.696148,2917961145,2917962254,15938,1109
29727.706673,2917968953,2917970063,15963,1110
29727.716328,2917976759,2917977864,15907,1105
29727.727709,2917984572,2917985690,15941,1118
29727.736329,2917992392,2917993500,15971,1108
29727.748328,2918000206,2918001311,15820,1105
29727.759268,2918008013,2918009110,15935,1097
29727.768328,2918015812,2918016925,15975,1113
29727.780304,2918023626,2918024724,15820,1098
29727.790828,2918031433,2918032546,15945,1113
29727.800329,2918039234,2918040337,15961,1103
29727.811864,2918047051,2918048166,15833,1115
29727.822390,2918054866,2918055980,15959,1114
29727.832329,2918062692,2918063796,15966,1104
29727.843425,2918070485,2918071590,15832,1105
29727.852329,2918078290,2918079404,15949,1114
29727.864327,2918086114,2918087227,16005,1113
29727.874986,2918093948,2918095053,15821,1105
29727.884327,2918101767,2918102874,15942,1107
29727.896032,2918109575,2918110690,15958,1115
29727.906545,2918117400,2918118508,15828,1108
29727.916330,2918125206,2918126314,15853,1108
29727.927593,2918133018,2918134131,15965,1113
29727.936328,2918140840,2918141939,15834,1099
29727.948337,2918148654,2918149761,15936,1107
29727.959153,2918156470,2918157572,15969,1102
29727.968330,2918164277,2918165381,15850,1104
29727.980187,2918172079,2918173193,15943,1114
29727.990713,2918179899,2918181012,15967,1113
29728.000327,2918187716,2918188824,15836,1108
29728.011747,2918195529,2918196642,15944,1113
29728.020326,2918203341,2918204453,15954,1112
29728.032330,2918211161,2918212269,15833,1108
29728.043308,2918218973,2918220081,15947,1108
29728.052330,2918226786,2918227896,15974,1110
29728.064329,2918234598,2918235706,15911,1108
29728.074868,2918242428,2918243538,15943,1110
29728.084329,2918250254,2918251364,15960,1110
29728.095904,2918258063,2918259170,15831,1107
29728.106429,2918265878,2918266987,15946,1109
29728.116327,2918273694,2918274802,15967,1108
29728.127465,2918281507,2918282622,15832,1115
29728.136327,2918289326,2918290435,15935,1109
29728.148328,2918297138,2918298235,15962,1097
29728.159025,2918304940,2918306047,15835,1107
29728.168335,2918312758,2918313861,15962,1103
29728.180072,2918320564,2918321682,15966,1118
29728.190586,2918328385,2918329486,15835,1101
29728.200330,2918336188,2918337297,15936,1109
29728.211633,2918343995,2918345111,15971,1116
29728.220329,2918351812,2918352927,15828,1115
29728.232335,2918359627,2918360742,15944,1115
29728.243193,2918367440,2918368551,15969,1111
29728.252328,2918375260,2918376360,15832,1100
29728.264226,2918383057,2918384170,15848,1113
29728.274755,2918390894,2918392007,16037,1113
29728.284328,2918398720,2918399830,15832,1110
29728.295787,2918406545,2918407658,15945,1113
29728.304333,2918414348,2918415455,15968,1107
29728.316332,2918422157,2918423261,15852,1104
29728.327348,2918429963,2918431072,15942,1109
29728.336331,2918437786,2918438901,15971,1115
29728.348328,2918445607,2918446718,15822,1111
29728.358908,2918453435,2918454547,15940,1112
29728.368328,2918461257,2918462371,15950,1114
29728.379944,2918469078,2918470188,15833,1110
29728.390469,2918476890,2918478003,15941,1113
29728.400328,2918484693,2918485803,15972,1110
29728.411512,2918492489,2918493599,15912,1110
29728.420330,2918500301,2918501409,15946,1108
29728.432332,2918508104,2918509214,15967,1110
29728.443066,2918515913,2918517025,15830,1112
29728.452330,2918523726,2918524830,15945,1104
29728.464111,2918531535,2918532645,15967,1110
29728.476123,2918540422,2918541532,15890,1110
29728.486656,2918548252,2918549359,15966,1107
29728.496332,2918556068,2918557178,15830,1110
29728.507691,2918563884,2918564996,15944,1112
29728.516331,2918571696,2918572809,15955,1113
29728.528328,2918579514,2918580624,15836,1110
29728.539251,2918587330,2918588443,15947,1113
29728.548334,2918595154,2918596258,15968,1104
29728.560295,2918602967,2918604080,15908,1113
29728.570814,2918610788,2918611897,15943,1109
29728.580330,2918618588,2918619696,15972,1108
29728.591848,2918626405,2918627517,15829,1112
29728.602372,2918634218,2918635325,15947,1107
29728.612331,2918642041,2918643156,15970,1115
29728.623408,2918649858,2918650967,15830,1109
29728.632329,2918657662,2918658769,15947,1107
29728.644332,2918665467,2918666578,15971,1111
29728.654968,2918673274,2918674378,15825,1104
29728.664331,2918681074,2918682187,15962,1113
29728.676015,2918688884,2918689996,15970,1112
29728.686529,2918696710,2918697825,15835,1115
29728.696336,2918704532,2918705641,15946,1109
29728.707576,2918712340,2918713447,15969,1107
29728.716327,2918720145,2918721255,15830,1110
29728.728332,2918727959,2918729071,15950,1112
29728.739136,2918735763,2918736881,15964,1118
29728.748328,2918743596,2918744701,15830,1105
29728.760169,2918751396,2918752509,15834,1113
29728.770697,2918759217,2918760335,15970,1118
29728.780328,2918767029,2918768144,15830,1115
29728.791731,2918774852,2918775965,15946,1113
29728.800333,2918782678,2918783782,15967,1104
29728.812329,2918790498,2918791616,15846,1118
29728.823291,2918798319,2918799424,15945,1105
29728.832330,2918806130,2918807243,15970,1113
29728.844328,2918813933,2918815048,15838,1115
29728.854851,2918821755,2918822856,15944,1101
29728.864329,2918829558,2918830668,15951,1110
29728.875888,2918837374,2918838481,15832,1107
29728.886412,2918845199,2918846308,15946,1109
29728.896334,2918853031,2918854139,15968,1108
29728.907456,2918860848,2918861962,15895,1114
29728.916328,2918868668,2918869781,15942,1113
29728.928330,2918876486,2918877604,15966,1118
29728.939009,2918884312,2918885420,15829,1108
29728.948329,2918892124,2918893242,15947,1118
29728.960055,2918899954,2918901064,15970,1110
29728.970569,2918907770,2918908881,15830,1111
29728.980328,2918915595,2918916700,15939,1105
29728.991616,2918923401,2918924513,15966,1112
29729.000333,2918931229,2918932338,15832,1109
29729.012332,2918939041,2918940154,15964,1113
29729.023177,2918946861,2918947974,15963,1113
29729.032328,2918954670,2918955777,15831,1107
29729.044211,2918962473,2918963587,15947,1114
29729.054737,2918970280,2918971390,15970,1110
29729.064329,2918978093,2918979197,15840,1104
29729.075771,2918985901,2918987018,15944,1117
29729.084327,2918993732,2918994844,15969,1112
29729.096328,2919001558,2919002662,15826,1104
29729.107329,2919009368,2919010475,15852,1107
29729.116331,2919017172,2919018284,15968,1112
29729.128331,2919024990,2919026100,15836,1110
29729.138891,2919032810,2919033913,15943,1103
29729.148327,2919040630,2919041743,15968,1113
29729.159928,2919048455,2919049564,15850,1109
29729.170452,2919056265,2919057375,15941,1110
29729.180335,2919064078,2919065186,15969,1108
29729.191489,2919071893,2919072991,15834,1098
29729.200327,2919079700,2919080804,15946,1104
29729.212327,2919087500,2919088608,15955,1108
29729.223049,2919095325,2919096431,15829,1106
29729.232329,2919103145,2919104253,15947,1108
29729.244095,2919110948,2919112060,15959,1112
29729.254617,2919118758,2919119863,15915,1105
29729.264329,2919126566,2919127680,15945,1114
29729.275656,2919134376,2919135484,15969,1108
29729.284330,2919142193,2919143312,15834,1119
29729.296332,2919150040,2919151146,16042,1106
29729.307215,2919157855,2919158958,16060,1103
29729.316328,2919165666,2919166774,15909,1108
29729.328252,2919173475,2919174585,16034,1110
29729.338777,2919181288,2919182402,16043,1114
29729.348335,2919189102,2919190212,15920,1110
29729.359813,2919196922,2919198041,16053,1119
29729.368331,2919204737,2919205855,16054,1118
29729.380328,2919212564,2919213676,15922,1112
29729.391371,2919220376,2919221480,16032,1104
29729.400329,2919228201,2919229314,16061,1113
29729.412331,2919236009,2919237124,15917,1115
29729.422932,2919243825,2919244939,16033,1114
29729.432332,2919251643,2919252754,16060,1111
29729.443968,2919259448,2919260551,15919,1103
29729.454491,2919267245,2919268355,15933,1110
29729.464328,2919275046,2919276154,16063,1108
29729.475528,2919282854,2919283965,15919,1111
29729.484333,2919290664,2919291777,16028,1113
29729.496330,2919298495,2919299599,15999,1104
29729.507089,2919306315,2919307423,15849,1108
29729.516329,2919314126,2919315240,15940,1114
29729.528136,2919321943,2919323046,15968,1103
29729.538649,2919329741,2919330849,15831,1108
29729.548329,2919337556,2919338666,15935,1110
29729.559696,2919345376,2919346486,15953,1110
29729.568329,2919353192,2919354301,15832,1109
29729.580330,2919361006,2919362109,15942,1103
29729.591256,2919368815,2919369923,15966,1108
29729.600330,2919376624,2919377732,15911,1108
29729.612291,2919384436,2919385546,15948,1110
29729.622817,2919392241,2919393351,15969,1110
29729.632328,2919400050,2919401157,15831,1107
29729.643851,2919407866,2919408981,15935,1115
29729.654376,2919415698,2919416806,15971,1108
29729.664328,2919423518,2919424626,15830,1108
29729.675411,2919431338,2919432449,15946,1111
29729.684331,2919439153,2919440266,15966,1113
29729.696330,2919446971,2919448076,15833,1105
29729.706975,2919454805,2919455903,15961,1098
29729.716329,2919462598,2919463707,15970,1109
29729.728008,2919470409,2919471522,15835,1113
29729.738532,2919478229,2919479347,15952,1118
29729.748326,2919486042,2919487145,15969,1103
29729.759569,2919493849,2919494963,15841,1114
29729.768332,2919501662,2919502760,15946,1098
29729.780337,2919509456,2919510563,15961,1107
29729.791129,2919517274,2919518387,15835,1113
29729.800329,2919525102,2919526206,15852,1104
29729.812176,2919532913,2919534021,15972,1108
29729.822689,2919540735,2919541845,15830,1110
29729.832331,2919548561,2919549671,15939,1110
29729.843736,2919556370,2919557480,15970,1110
29729.852331,2919564195,2919565310,15847,1115
29729.864329,2919572015,2919573125,15946,1110
29729.875296,2919579835,2919580946,15967,1111
29729.884330,2919587651,2919588759,15835,1108
29729.896329,2919595455,2919596559,15945,1104
29729.906859,2919603280,2919604385,16022,1105
29729.916334,2919611095,2919612205,15835,1110
29729.927891,2919618916,2919620019,15933,1103
29729.938418,2919626724,2919627842,15972,1118
29729.948328,2919634556,2919635669,15909,1113
29729.959451,2919642370,2919643483,15937,1113
29729.968330,2919650195,2919651304,15970,1109
29729.980328,2919658004,2919659117,15831,1113
29729.991012,2919665819,2919666935,15938,1116
29730.000332,2919673631,2919674740,15975,1109
29730.012048,2919681439,2919682543,15833,1104
29730.022572,2919689250,2919690357,15938,1107
29730.032327,2919697060,2919698170,15962,1110
29730.043608,2919704874,2919705992,15834,1118
29730.052328,2919712696,2919713801,15961,1105
29730.064331,2919720493,2919721602,15972,1109
29730.075169,2919728301,2919729414,15831,1113
29730.084330,2919736121,2919737231,15946,1110
29730.096216,2919743943,2919745047,15966,1104
29730.106723,2919751748,2919752864,15769,1116
29730.116331,2919759570,2919760683,15945,1113
29730.140334,2919771209,2919771827,12019,618
29730.151819,2919775183,2919775802,11970,619
29730.162342,2919781732,2919782838,15979,1106
29730.172329,2919789532,2919790641,15914,1109
29730.183375,2919797320,2919798435,15847,1115
29730.192332,2919805142,2919806251,16002,1109
29730.204328,2919812955,2919814059,15912,1104
29730.214935,2919820750,2919821868,15932,1118
29730.224331,2919828569,2919829676,16087,1107
29730.235983,2919836377,2919837487,15991,1110
29730.246503,2919844197,2919845315,16001,1118
29730.256331,2919852017,2919853120,16083,1103
29730.267545,2919859830,2919860935,16004,1105
29730.276329,2919867642,2919868761,15917,1119
29730.288330,2919875462,2919876575,16075,1113
29730.299103,2919883282,2919884392,16007,1110
29730.308328,2919891118,2919892222,15920,1104
29730.320139,2919898952,2919900062,15972,1110
29730.330660,2919906768,2919907878,15912,1110
29730.340329,2919914583,2919915694,15865,1111
29730.351700,2919922403,2919923512,15968,1109
29730.360330,2919930217,2919931331,15904,1114
29730.372328,2919938037,2919939150,15866,1113
29730.383262,2919945857,2919946965,15987,1108
29730.392330,2919953669,2919954779,15910,1110
29730.404294,2919961483,2919962598,15861,1115
29730.414822,2919969297,2919970401,15988,1104
29730.424327,2919977095,2919978206,15917,1111
29730.435854,2919984900,2919986006,15845,1106
29730.446382,2919992708,2919993813,15919,1105
29730.456327,2920000510,2920001607,15912,1097
29730.467415,2920008299,2920009413,15846,1114
29730.476331,2920016128,2920017246,15970,1118
29730.488328,2920023943,2920025056,15914,1113
29730.498975,2920031757,2920032867,15843,1110
29730.508332,2920039573,2920040683,15966,1110
29730.520022,2920047401,2920048514,15912,1113
29730.530536,2920055231,2920056350,15846,1119
29730.540328,2920063059,2920064166,16000,1107
29730.551582,2920070882,2920071992,15904,1110
29730.560331,2920078702,2920079809,15848,1107
29730.572331,2920086526,2920087626,15998,1100
29730.583143,2920094335,2920095444,15920,1109
29730.592329,2920102145,2920103253,15910,1108
29730.604182,2920109965,2920111068,15998,1103
29730.614703,2920117766,2920118875,15916,1109
29730.624330,2920125569,2920126678,15829,1109
29730.635742,2920131880,2920132994,15974,1114
29730.644327,2920139678,2920140783,16009,1105
29730.656328,2920147477,2920148590,15938,1113
29730.667303,2920155302,2920156410,16089,1108
29730.676331,2920163112,2920164221,15998,1109
29730.688327,2920170932,2920172036,15910,1104
29730.698863,2920178742,2920179857,16091,1115
29730.708330,2920186556,2920187671,15997,1115
29730.719895,2920194387,2920195497,15902,1110
29730.730423,2920202209,2920203310,16070,1101
29730.740330,2920210011,2920211123,15995,1112
29730.751456,2920217842,2920218947,15922,1105
29730.760329,2920225643,2920226748,16071,1105
29730.772328,2920233449,2920234562,16000,1113
29730.783016,2920241284,2920242393,15931,1109
29730.792328,2920249097,2920250202,16011,1105
29730.804061,2920256909,2920258019,16005,1110
29730.814576,2920264719,2920265829,15934,1110
29730.824333,2920272445,2920273554,16089,1109
29730.835622,2920280265,2920281373,15998,1108
29730.844332,2920288084,2920289192,15931,1108
29730.856334,2920295898,2920297001,16088,1103
29730.867183,2920303706,2920304821,15993,1115
29730.876331,2920311524,2920312636,15912,1112
29730.888221,2920319349,2920320459,16062,1110
29730.898743,2920327161,2920328265,16001,1104
29730.908330,2920334977,2920336089,15924,1112
29730.919782,2920342784,2920343893,16069,1109
29730.928334,2920350605,2920351715,16002,1110
29730.940332,2920358429,2920359541,15999,1112
29730.951342,2920366246,2920367355,15985,1109
29730.960334,2920374061,2920375173,15919,1112
29730.972331,2920381895,2920383005,15846,1110
29730.982904,2920389728,2920390833,15987,1105
29730.992333,2920397532,2920398637,15914,1105
29731.003935,2920405343,2920406457,15937,1114
29731.014464,2920413163,2920414268,15996,1105
29731.024328,2920420987,2920422105,15903,1118
29731.035497,2920428822,2920429939,15836,1117
29731.044330,2920436647,2920437757,16003,1110
29731.056326,2920444479,2920445588,15907,1109
29731.067056,2920452301,2920453416,15906,1115
29731.076331,2920460148,2920461258,16072,1110
29731.088101,2920467964,2920469078,16000,1114
29731.098616,2920475785,2920476900,15920,1115
29731.108332,2920483623,2920484741,16075,1118
29731.119661,2920491468,2920492573,16002,1105
29731.128330,2920499303,2920500417,15838,1114
29731.140328,2920507135,2920508247,15918,1112
29731.151222,2920514956,2920516066,15912,1110
29731.160329,2920522770,2920523880,15847,1110
29731.172263,2920530589,2920531694,16000,1105
29731.182784,2920538402,2920539507,15911,1105
29731.192330,2920546220,2920547334,15917,1114
29731.203823,2920554044,2920555154,16082,1110
29731.212327,2920561862,2920562980,15916,1118
29731.224327,2920569685,2920570798,15821,1113
29731.235382,2920577496,2920578615,15986,1119
29731.244329,2920585322,2920586432,15896,1110
29731.256329,2920593139,2920594241,15920,1102
29731.266942,2920600948,2920602059,16056,1111
29731.276331,2920608771,2920609886,16007,1115
29731.287981,2920616587,2920617697,16000,1110
29731.298503,2920624399,2920625515,16063,1116
29731.308328,2920632217,2920633322,15993,1105
29731.319535,2920640018,2920641130,15936,1112
29731.328328,2920647833,2920648943,16082,1110
29731.340334,2920655655,2920656761,15917,1106
29731.351096,2920663488,2920664607,15842,1119
29731.360330,2920671332,2920672446,16002,1114
29731.372143,2920679149,2920680257,15917,1108
29731.382657,2920686965,2920688080,15831,1115
29731.392330,2920694789,2920695908,16003,1119
29731.403703,2920702617,2920703720,15913,1103
29731.412328,2920710421,2920711534,15834,1113
29731.424334,2920718238,2920719350,15986,1112
29731.435262,2920726045,2920727158,15916,1113
29731.444326,2920733851,2920734966,15836,1115
29731.456303,2920741675,2920742779,15981,1104
29731.466822,2920749486,2920750605,15914,1119
29731.476331,2920757310,2920758420,15844,1110
29731.487862,2920765128,2920766237,15919,1109
29731.498383,2920772942,2920774052,15911,1110
29731.508328,2920780754,2920781868,15846,1114
29731.519423,2920788566,2920789683,15993,1117
29731.528330,2920796378,2920797488,15917,1110
29731.540333,2920804208,2920805317,15944,1109
29731.550982,2920812026,2920813136,16073,1110
29731.560327,2920819840,2920820954,15914,1114
29731.572015,2920827663,2920828776,15848,1113
29731.582541,2920835475,2920836582,15967,1107
29731.592331,2920843290,2920844404,15902,1114
29731.603575,2920851124,2920852236,15846,1112
29731.612333,2920858932,2920860042,15968,1110
29731.624330,2920866753,2920867863,15900,1110
29731.635140,2920874560,2920875667,15912,1107
29731.644331,2920882378,2920883483,15967,1105
29731.656180,2920890187,2920891303,15915,1116
29731.666696,2920898016,2920899124,15859,1108
29731.676328,2920905825,2920906940,15991,1115
29731.687740,2920913638,2920914751,15920,1113
29731.696330,2920921460,2920922568,15863,1108
29731.708334,2920929272,2920930378,15990,1106
29731.719302,2920937093,2920938205,16004,1112
29731.728328,2920944911,2920946010,15935,1099
29731.740331,2920952721,2920953834,16182,1113
29731.750864,2920960551,2920961655,15998,1104
29731.760329,2920968366,2920969475,15926,1109
29731.771902,2920976179,2920977281,16070,1102
29731.782425,2920983982,2920985092,15995,1110
29731.792328,2920991784,2920992901,15919,1117
29731.803462,2920999613,2921000719,15982,1106
29731.812330,2921007424,2921008539,15914,1115
29731.824331,2921015246,2921016358,15849,1112
29731.835023,2921023064,2921024178,15922,1114
29731.844327,2921030879,2921031987,15905,1108
29731.856055,2921038694,2921039807,15936,1113
29731.866585,2921046477,2921047588,15999,1111
29731.876328,2921054284,2921055403,15916,1119
29731.887615,2921062109,2921063218,15834,1109
29731.896331,2921069920,2921071033,15999,1113
29731.908328,2921077736,2921078845,15914,1109
29731.919177,2921085552,2921086659,15830,1107
29731.928333,2921093355,2921094463,15984,1108
29731.940223,2921101173,2921102286,15912,1113
29731.950736,2921109013,2921110118,15918,1105
29731.960331,2921116823,2921117936,16071,1113
29731.971782,2921124655,2921125763,15993,1108
29731.980332,2921132449,2921133564,15995,1115
29731.992332,2921140256,2921141366,16068,1110
29732.003342,2921148073,2921149188,16002,1115
29732.012327,2921155887,2921157001,15935,1114
29732.024330,2921163702,2921164818,16088,1116
29732.034903,2921171520,2921172635,16011,1115
29732.044335,2921179340,2921180449,15939,1109
29732.055945,2921187161,2921188271,16090,1110
29732.066465,2921194987,2921196097,16001,1110
29732.076335,2921202797,2921203907,15917,1110
29732.087504,2921210616,2921211726,16005,1110
29732.096329,2921218428,2921219532,15916,1104
29732.108333,2921226220,2921227330,15833,1110
29732.119062,2921234039,2921235149,15982,1110
29732.128328,2921241848,2921242958,15917,1110
29732.140095,2921249660,2921250772,15836,1112
29732.150623,2921257511,2921258624,16056,1113
29732.160332,2921265339,2921266444,16001,1105
29732.171655,2921273153,2921274261,15946,1108
29732.180329,2921280977,2921282091,16010,1114
29732.192328,2921288796,2921289911,15999,1115
29732.203216,2921296608,2921297708,15951,1100
29732.212329,2921304416,2921305526,16072,1110
29732.224262,2921312237,2921313352,16005,1115
29732.234776,2921320056,2921321164,15931,1108
29732.244328,2921327860,2921328968,16077,1108
29732.255822,2921335675,2921336779,16001,1104
29732.266337,2921343485,2921344593,15934,1108
29732.276331,2921351303,2921352410,16060,1107
29732.287383,2921359110,2921360220,15993,1110
29732.296333,2921366925,2921368040,15934,1115
29732.308331,2921374752,2921375866,16063,1114
29732.318941,2921382581,2921383699,15916,1118
29732.328329,2921390404,2921391519,15916,1115
29732.339980,2921398220,2921399331,15969,1111
29732.351999,2921407060,2921408169,15909,1109
29732.362529,2921414876,2921415995,16087,1119
29732.372331,2921422703,2921423810,16001,1107
29732.383559,2921430502,2921431612,15934,1110
29732.392334,2921438314,2921439424,16081,1110
29732.404332,2921446135,2921447247,16001,1112
29732.415119,2921453945,2921455063,15918,1118
29732.424329,2921461776,2921462886,16063,1110
29732.436166,2921469579,2921470693,16000,1114
29732.446680,2921477390,2921478503,15914,1113
29732.456336,2921485222,2921486336,16061,1114
29732.467727,2921493042,2921494151,16006,1109
29732.476328,2921500857,2921501966,15989,1109
29732.488328,2921508658,2921509770,16056,1112
29732.499285,2921516469,2921517579,16005,1110
29732.508333,2921524288,2921525397,15933,1109
29732.520327,2921532108,2921533221,16089,1113
29732.530846,2921539936,2921541046,16003,1110
29732.540329,2921547750,2921548869,15933,1119
29732.551887,2921555584,2921556691,16088,1107
29732.562408,2921563409,2921564523,16006,1114
29732.572331,2921571223,2921572335,15917,1112
29732.583447,2921579045,2921580153,16090,1108
29732.592328,2921586860,2921587966,16003,1106
29732.604329,2921594668,2921595773,15917,1105
29732.615006,2921602472,2921603586,16072,1114
29732.624330,2921610284,2921611399,15994,1115
29732.636039,2921618108,2921619216,15921,1108
29732.646566,2921625917,2921627025,15981,1108
29732.656328,2921633738,2921634848,15917,1110
29732.667599,2921641540,2921642645,15845,1105
29732.676328,2921649348,2921650457,15925,1109
29732.688331,2921657164,2921658281,15913,1117
29732.699159,2921664990,2921666102,15847,1112
29732.708330,2921672811,2921673920,15999,1109
29732.720206,2921680622,2921681736,15906,1114
29732.730719,2921688439,2921689553,15840,1114
29732.740327,2921696257,2921697361,16000,1104
29732.751767,2921704063,2921705172,15912,1109
29732.760328,2921711880,2921712988,15827,1108
29732.772328,2921719693,2921720807,15970,1114
29732.783327,2921727520,2921728625,15913,1105
29732.792327,2921735329,2921736448,15831,1119
29732.804330,2921743163,2921744271,15984,1108
29732.814886,2921750971,2921752084,15911,1113
29732.824330,2921758797,2921759898,15909,1101
29732.835925,2921766598,2921767711,15981,1113
29732.846447,2921774393,2921775502,15919,1109
29732.856328,2921782194,2921783302,15848,1108
29732.867487,2921790012,2921791127,15997,1115
29732.876329,2921797829,2921798942,16006,1113
29732.888329,2921805646,2921806753,15939,1107
29732.899048,2921813457,2921814576,16083,1119
29732.908332,2921821281,2921822391,16004,1110
29732.920078,2921829085,2921830198,15913,1113
29732.930608,2921836896,2921838004,16092,1108
29732.940330,2921844709,2921845823,15995,1114
29732.951639,2921852527,2921853640,15918,1113
29732.960329,2921860335,2921861444,16073,1109
29732.972331,2921868166,2921869277,16004,1111
29732.983199,2921875969,2921877082,15921,1113
29732.992331,2921883789,2921884893,16063,1104
29733.004245,2921891593,2921892699,16003,1106
29733.014760,2921899396,2921900509,15923,1113
29733.024331,2921907210,2921908321,15997,1111
29733.035805,2921915029,2921916142,16007,1113
29733.044329,2921922850,2921923955,15930,1105
29733.056328,2921930654,2921931769,16090,1115
29733.067367,2921938485,2921939599,16001,1114
29733.076331,2921946299,2921947412,15932,1113
29733.088328,2921954107,2921955219,16087,1112
29733.098927,2921961917,2921963029,15913,1112
29733.108335,2921969732,2921970845,15832,1113
29733.119965,2921977537,2921978654,15985,1117
29733.130488,2921985366,2921986479,15911,1113
29733.140332,2921993190,2921994300,15834,1110
29733.151528,2922001001,2922002109,15982,1108
29733.160328,2922008808,2922009918,15918,1110
29733.172332,2922016541,2922017658,15994,1117
29733.183085,2922024364,2922025474,16059,1110
29733.192329,2922032214,2922033327,16005,1113
29733.204119,2922040032,2922041136,15950,1104
29733.214647,2922047841,2922048949,15985,1108
29733.224330,2922055659,2922056767,15917,1108
29733.235679,2922063470,2922064587,15859,1117
29733.244328,2922071303,2922072408,15990,1105
29733.256333,2922079122,2922080227,15907,1105
29733.267240,2922086925,2922088028,15849,1103
29733.276333,2922094731,2922095841,15991,1110
29733.288285,2922102542,2922103654,15912,1112
29733.298800,2922110370,2922111478,15839,1108
29733.308332,2922118190,2922119302,15971,1112
29733.319844,2922126008,2922127117,15912,1109
29733.330360,2922133817,2922134927,15836,1110
29733.340329,2922141638,2922142743,15968,1105
29733.351404,2922149446,2922150556,15917,1110
29733.360334,2922157245,2922158359,15857,1114
29733.372328,2922165062,2922166170,16007,1108
29733.382966,2922172873,2922173992,16003,1119
29733.392337,2922180692,2922181812,15932,1120
29733.404009,2922188521,2922189629,16088,1108
29733.414529,2922196340,2922197443,16005,1103
29733.424330,2922204134,2922205238,15931,1104
29733.435568,2922211938,2922213047,15992,1109
29733.444331,2922219757,2922220866,15907,1109
29733.456333,2922227562,2922228677,15824,1115
29733.467126,2922235382,2922236486,15980,1104
29733.476335,2922243186,2922244300,15913,1114
29733.488160,2922251019,2922252131,15833,1112
29733.498687,2922258848,2922259958,15979,1110
29733.508330,2922266672,2922267786,15915,1114
29733.519725,2922274498,2922275608,15910,1110
29733.528330,2922282312,2922283420,15980,1108
29733.540337,2922290118,2922291228,15915,1110
29733.551280,2922297931,2922299041,15848,1110
29733.560336,2922305736,2922306844,15997,1108
29733.572325,2922313531,2922314644,15908,1113
29733.582840,2922321366,2922322483,15940,1117
29733.592328,2922329194,2922330309,16084,1115
29733.603887,2922337014,2922338122,16000,1108
29733.614401,2922344818,2922345922,15916,1104
29733.624329,2922352625,2922353730,16090,1105
29733.635447,2922360424,2922361534,16001,1110
29733.644329,2922368235,2922369345,15922,1110
29733.656332,2922376033,2922377137,15983,1104
29733.667007,2922383845,2922384957,15917,1112
29733.676334,2922391660,2922392773,15834,1113
29733.688046,2922399469,2922400581,15971,1112
29733.698567,2922407296,2922408406,15914,1110
29733.708337,2922415116,2922416226,15936,1110
29733.719606,2922422799,2922423911,15918,1112
29733.728327,2922430609,2922431722,15919,1113
29733.740334,2922438425,2922439540,15847,1115
29733.751168,2922446253,2922447362,15998,1109
29733.760330,2922454056,2922455164,15914,1108
29733.772199,2922461863,2922462970,15848,1107
29733.782727,2922469668,2922470781,16065,1113
29733.792336,2922477490,2922478600,16001,1110
29733.803759,2922485308,2922486417,15933,1109
29733.812327,2922493116,2922494225,16035,1109
29733.824330,2922500922,2922502031,16000,1109
29733.835320,2922508725,2922509828,15939,1103
29733.844335,2922516545,2922517650,16047,1105
29733.856331,2922524348,2922525458,16007,1110
29733.866885,2922532172,2922533287,15997,1115
29733.876333,2922539995,2922541104,16057,1109
29733.887924,2922547811,2922548919,15999,1108
29733.898440,2922555625,2922556738,15862,1113
29733.908332,2922563441,2922564548,15989,1107
29733.919485,2922571262,2922572372,15919,1110
29733.928328,2922579082,2922580191,15856,1109
29733.940329,2922586899,2922588013,15987,1114
29733.951046,2922594719,2922595829,15917,1110
29733.960331,2922602532,2922603642,15838,1110
29733.972086,2922610341,2922611453,15972,1112
29733.984102,2922619244,2922620347,15898,1103
29733.994630,2922627042,2922628160,16074,1118
29734.004330,2922634873,2922635989,15998,1116
29734.015668,2922642698,2922643808,15996,1110
29734.024328,2922650503,2922651612,16070,1109
29734.036331,2922658322,2922659430,16003,1108
29734.047223,2922666126,2922667238,15930,1112
29734.056330,2922673944,2922675057,16088,1113
29734.068269,2922681765,2922682870,16002,1105
29734.078785,2922689575,2922690685,15934,1110
29734.088333,2922697397,2922698517,16086,1120
29734.099830,2922705216,2922706326,16001,1110
29734.110344,2922713023,2922714127,15917,1104
29734.120327,2922720828,2922721945,16087,1117
29734.131390,2922728662,2922729777,15904,1115
29734.140328,2922736499,2922737604,15835,1105
29734.152333,2922744308,2922745416,16033,1108
29734.162951,2922752128,2922753242,16059,1114
29734.172330,2922759932,2922761042,15913,1110
29734.183985,2922767747,2922768859,16024,1112
29734.194512,2922775571,2922776685,16034,1114
29734.204326,2922783385,2922784501,15910,1116
29734.215544,2922791205,2922792316,15933,1111
29734.224334,2922799015,2922800125,16044,1110
29734.236334,2922806826,2922807939,15910,1113
29734.247106,2922814643,2922815757,16032,1114
29734.256330,2922822483,2922823596,16056,1113
29734.268142,2922830301,2922831411,15933,1110
29734.278666,2922838109,2922839214,16034,1105
29734.288328,2922845912,2922847026,16057,1114
29734.299703,2922853730,2922854844,15910,1114
29734.308335,2922861534,2922862638,16036,1104
29734.320329,2922869331,2922870443,16039,1112
29734.331263,2922877140,2922878254,15917,1114
29734.340330,2922884954,2922886069,16030,1115
29734.352310,2922892777,2922893892,16055,1115
29734.362831,2922900600,2922901707,16000,1107
29734.372328,2922908404,2922909517,16034,1113
29734.383870,2922916217,2922917332,16061,1115
29734.394384,2922924038,2922925147,15832,1109
29734.404327,2922931853,2922932962,15947,1109
29734.415430,2922939667,2922940777,15966,1110
29734.424330,2922947481,2922948596,15831,1115
29734.436331,2922955289,2922956399,15943,1110
29734.446993,2922963100,2922964205,15966,1105
29734.456326,2922970884,2922971994,15832,1110
29734.468026,2922978685,2922979792,15966,1107
29734.478552,2922986493,2922987602,15970,1109
29734.488333,2922994298,2922995408,15837,1110
29734.499586,2923002113,2923003220,15942,1107
29734.508334,2923009916,2923011021,15965,1105
29734.520328,2923017719,2923018828,15832,1109
29734.531146,2923025538,2923026653,15942,1115
29734.540329,2923033362,2923034461,15961,1099
29734.552182,2923041167,2923042274,15828,1107
29734.562705,2923048979,2923050084,15849,1105
29734.572331,2923056788,2923057907,15957,1119
29734.583743,2923064613,2923065727,15833,1114
29734.592328,2923072402,2923073505,15946,1103
29734.604328,2923080208,2923081312,16042,1104
29734.615305,2923088018,2923089130,15935,1112
29734.624327,2923095834,2923096952,16036,1118
29734.636328,2923103675,2923104780,16057,1105
29734.646864,2923111497,2923112602,15923,1105
29734.656328,2923119301,2923120414,16033,1113
29734.667911,2923127124,2923128234,16042,1110
29734.678424,2923134947,2923136056,15918,1109
29734.688330,2923142762,2923143873,16028,1111
29734.699473,2923150600,2923151713,16059,1113
29734.708334,2923158420,2923159525,15997,1105
29734.720328,2923166239,2923167342,16032,1103
29734.731033,2923174048,2923175153,16061,1105
29734.740329,2923181857,2923182971,15911,1114
29734.752065,2923189678,2923190783,16036,1105
29734.762590,2923197501,2923198609,16059,1108
29734.772329,2923205312,2923206420,15915,1108
29734.783626,2923213131,2923214244,16036,1113
29734.792329,2923220939,2923222049,16057,1110
29734.804334,2923228746,2923229861,15924,1115
29734.815188,2923236565,2923237679,16048,1114
29734.824327,2923244387,2923245499,16058,1112
29734.836223,2923252210,2923253312,15921,1102
29734.846747,2923260016,2923261134,16025,1118
29734.856327,2923267832,2923268945,16056,1113
29734.867783,2923275645,2923276760,15911,1115
29734.876327,2923283470,2923284576,16027,1106
29734.888330,2923291292,2923292408,16048,1116
29734.899343,2923299105,2923300214,15923,1109
29734.908330,2923306910,2923308023,15937,1113
29734.920330,2923314719,2923315830,16058,1111
29734.930904,2923322537,2923323647,15919,1110
29734.940328,2923330338,2923331448,16035,1110
29734.951951,2923338151,2923339260,16058,1109
29734.962464,2923345957,2923347065,15940,1108
29734.972331,2923353776,2923354889,16035,1113
29734.983512,2923361598,2923362707,16062,1109
29734.992336,2923369416,2923370517,15920,1101
29735.004330,2923377227,2923378345,16062,1118
29735.015071,2923385036,2923386149,16055,1113
29735.024332,2923392832,2923393946,15920,1114
29735.036105,2923400655,2923401758,16034,1103
29735.046632,2923408461,2923409568,16056,1107
29735.056331,2923416270,2923417377,15997,1107
29735.067668,2923424078,2923425188,16034,1110
29735.076328,2923431895,2923433005,16058,1110
29735.088331,2923439709,2923440810,15922,1101
29735.099226,2923447522,2923448632,16031,1110
29735.108329,2923455329,2923456438,16063,1109
29735.120263,2923463146,2923464257,15905,1111
29735.130787,2923470956,2923472066,16036,1110
29735.140330,2923478769,2923479879,16046,1110
29735.151823,2923486588,2923487701,15919,1113
29735.162349,2923494404,2923495519,16046,1115
29735.172331,2923502237,2923503345,16055,1108
29735.183384,2923510051,2923511164,15922,1113
29735.192331,2923517864,2923518968,16033,1104
29735.204330,2923525665,2923526773,16056,1108
29735.214946,2923533495,2923534605,15923,1110
29735.224333,2923541310,2923542406,16035,1096
29735.235991,2923549099,2923550206,16047,1107
29735.246506,2923556912,2923558022,15921,1110
29735.256334,2923564719,2923565829,15938,1110
29735.267552,2923572529,2923573647,16057,1118
29735.276330,2923580339,2923581444,15919,1105
29735.288327,2923588144,2923589258,16034,1114
29735.299114,2923595958,2923597063,16061,1105
29735.308330,2923603772,2923604878,15931,1106
29735.320146,2923611576,2923612678,16032,1102
29735.330673,2923619375,2923620494,16056,1119
29735.340328,2923627200,2923628308,15916,1108
29735.351706,2923634995,2923636098,16031,1103
29735.360327,2923642791,2923643901,16040,1110
29735.372328,2923650593,2923651696,15922,1103
29735.383267,2923658394,2923659499,16034,1105
29735.392328,2923666188,2923667298,16059,1110
29735.404310,2923674001,2923675115,16000,1114
29735.414827,2923681836,2923682949,16032,1113
29735.424331,2923689643,2923690756,16054,1113
29735.435863,2923697472,2923698571,15918,1099
29735.446387,2923705264,2923706369,16037,1105
29735.456329,2923713066,2923714175,16059,1109
29735.467424,2923720875,2923721985,15918,1110
29735.476331,2923728684,2923729797,16023,1113
29735.488329,2923736508,2923737622,16058,1114
29735.498984,2923744332,2923745442,15906,1110
29735.508328,2923752140,2923753244,16047,1104
29735.520031,2923759953,2923761060,16054,1107
29735.530545,2923767757,2923768871,15904,1114
29735.540335,2923775570,2923776677,16032,1107
29735.551591,2923783376,2923784484,16061,1108
29735.560333,2923791185,2923792292,15920,1107
29735.572335,2923798984,2923800083,16035,1099
29735.583152,2923806794,2923807904,16058,1110
29735.592331,2923814618,2923815723,15922,1105
29735.604184,2923822433,2923823543,15930,1110
29735.614714,2923830257,2923831378,16001,1121
29735.624331,2923838088,2923839201,15823,1113
29735.635746,2923845919,2923847022,15945,1103
29735.644329,2923853715,2923854815,15970,1100
29735.656335,2923861512,2923862621,15848,1109
29735.667307,2923869330,2923870440,15943,1110
29735.676328,2923877132,2923878240,15967,1108
29735.688330,2923884944,2923886061,15836,1117
29735.698867,2923892768,2923893875,15944,1107
29735.708329,2923900592,2923901710,15954,1118
29735.719903,2923908402,2923909510,15834,1108
29735.730428,2923916224,2923917323,15944,1099
29735.740330,2923924021,2923925130,15965,1109
29735.751471,2923931832,2923932946,15909,1114
29735.760327,2923939653,2923940772,15948,1119
29735.772336,2923947479,2923948589,15968,1110
29735.783024,2923955283,2923956390,15836,1107
29735.792328,2923963091,2923964199,15937,1108
29735.804070,2923970909,2923972018,15969,1109
29735.814585,2923978722,2923979835,15821,1113
29735.824334,2923986550,2923987657,16048,1107
29735.835632,2923994347,2923995449,16060,1102
29735.844327,2924002164,2924003266,15915,1102
29735.856332,2924009972,2924011081,16047,1109
29735.867192,2924017781,2924018889,16057,1108
29735.876329,2924025583,2924026697,15921,1114
29735.888226,2924033405,2924034510,16031,1105
29735.898752,2924041211,2924042329,16054,1118
29735.908334,2924049039,2924050153,15921,1114
29735.919786,2924056855,2924057966,16028,1111
29735.928327,2924064658,2924065772,16060,1114
29735.940328,2924072476,2924073580,15917,1104
29735.951345,2924080276,2924081377,15938,1101
29735.960328,2924088092,2924089208,16056,1116
29735.972335,2924095910,2924097024,15920,1114
29735.982907,2924103718,2924104837,16028,1119
29735.992330,2924111534,2924112641,16047,1107
29736.003945,2924119357,2924120467,15927,1110
29736.014468,2924127177,2924128291,16034,1114
29736.024333,2924135000,2924136113,16091,1113
29736.035504,2924142818,2924143922,15919,1104
29736.044329,2924150630,2924151737,16034,1107
29736.056334,2924158438,2924159551,16046,1113
29736.067064,2924166244,2924167358,15922,1114
29736.076327,2924174050,2924175159,16031,1109
29736.088111,2924181875,2924182991,16037,1116
29736.098632,2924189698,2924190816,15980,1118
29736.108331,2924197531,2924198639,16031,1108
29736.119672,2924205350,2924206462,16052,1112
29736.128332,2924213175,2924214290,15922,1115
29736.140337,2924220985,2924222098,16030,1113
29736.151231,2924228807,2924229917,16045,1110
29736.160328,2924236608,2924237717,15918,1109
29736.172266,2924244426,2924245536,16037,1110
29736.182793,2924252239,2924253358,16056,1119
29736.192331,2924260060,2924261165,15917,1105
29736.203828,2924267876,2924268986,16056,1110
29736.214353,2924275695,2924276812,16056,1117
29736.224330,2924283515,2924284624,15911,1109
29736.235387,2924291340,2924292447,15946,1107
29736.244335,2924299149,2924300258,15966,1109
29736.256331,2924306955,2924308060,15833,1105
29736.266947,2924314757,2924315871,15941,1114
29736.276330,2924322573,2924323685,15968,1112
29736.287984,2924330388,2924331498,15834,1110
29736.298506,2924338196,2924339306,15848,1110
29736.308328,2924346022,2924347135,15973,1113
29736.319544,2924353846,2924354955,15836,1109
29736.328331,2924361648,2924362757,15948,1109
29736.340329,2924369458,2924370568,15968,1110
29736.351105,2924377286,2924378391,15852,1105
29736.360330,2924385090,2924386200,15943,1110
29736.372151,2924392901,2924394014,15975,1113
29736.382665,2924400718,2924401823,15834,1105
29736.392328,2924408509,2924409618,15934,1109
29736.403712,2924416332,2924417450,15953,1118
29736.412334,2924424157,2924425271,15834,1114
29736.424331,2924431972,2924433077,15937,1105
29736.435272,2924439798,2924440907,15968,1109
29736.444328,2924447611,2924448723,15899,1112
29736.456306,2924455418,2924456528,15938,1110
29736.466833,2924463223,2924464340,15973,1117
29736.476328,2924471041,2924472146,15834,1105
29736.487867,2924478847,2924479955,15942,1108
29736.500334,2924489665,2924490778,15823,1113
29736.517923,2924503835,2924504950,15923,1115
29736.528336,2924511701,2924512811,16049,1110
29736.538971,2924520285,2924521403,16050,1118
29736.550988,2924529977,2924531090,16044,1113
29736.563008,2924539928,2924541043,15943,1115
29736.575037,2924550045,2924551166,15955,1121
29736.590060,2924562779,2924563902,15830,1123
29736.600328,2924570621,2924571735,15961,1114
29736.614108,2924582040,2924583158,15941,1118
29736.624328,2924590297,2924591415,15970,1118
29736.635147,2924599091,2924600212,15816,1121
29736.647173,2924608620,2924609741,15952,1121
29736.662197,2924620904,2924622022,15834,1118
29736.678736,2924633932,2924635045,15973,1113
29736.695260,2924647157,2924648273,15839,1116
29736.710296,2924658965,2924660076,15973,1111
29736.720332,2924666968,2924668083,15810,1115
29736.741856,2924684908,2924686030,16005,1122
29736.753875,2924695210,2924696331,15908,1121
29736.765894,2924705134,2924706251,15832,1117
29736.782433,2924718791,2924719910,15957,1119
29736.792329,2924726643,2924727761,15900,1118
29736.806471,2924737473,2924738588,15795,1115
29736.816329,2924745299,2924746417,15947,1118
29736.827516,2924753138,2924754253,15952,1115
29736.838034,2924761662,2924762781,15821,1119
29736.850062,2924771205,2924772320,15943,1115
29736.866588,2924784856,2924785973,15927,1117
29736.876328,2924792689,2924793805,15966,1116
29736.890638,2924804104,2924805215,15956,1111
29736.900330,2924811935,2924813043,15829,1108
29736.919185,2924827037,2924828147,15820,1110
29736.928336,2924834861,2924835966,15942,1105
29736.943232,2924846214,2924847336,15836,1122
29736.952329,2924854045,2924855151,15970,1106
29736.967284,2924865412,2924866519,15954,1107
29736.976327,2924873222,2924874337,15831,1115
29736.991329,2924884385,2924885501,15904,1116
29737.010862,2924900238,2924901355,15929,1117
29737.020329,2924908049,2924909159,15974,1110
29737.034912,2924919410,2924920525,15959,1115
29737.044330,2924927259,2924928369,15836,1110
29737.055947,2924935665,2924936780,15942,1115
29737.078491,2924954509,2924955621,15931,1112
29737.088329,2924962311,2924963415,15962,1104
29737.102541,2924973635,2924974751,15956,1116
29737.112329,2924981466,2924982576,15832,1110
29737.126580,2924992823,2924993931,15824,1108
29737.136327,2925000635,2925001743,15945,1108
29737.150628,2925012000,2925013102,15927,1102
29737.160329,2925019818,2925020928,15971,1110
29737.171664,2925028387,2925029506,15831,1119
29737.180331,2925036217,2925037333,15985,1116
29737.194210,2925046333,2925047454,15553,1121
29737.204333,2925054546,2925055662,15984,1116
29737.215254,2925062614,2925063729,15898,1115
29737.224329,2925070441,2925071556,15847,1115
29737.236296,2925078267,2925079385,15999,1118
29737.246814,2925086091,2925087216,15883,1125
29737.256330,2925093925,2925095038,15864,1113
29737.267851,2925101744,2925102845,15962,1101
29737.278375,2925109553,2925110662,15948,1109
29737.288332,2925117353,2925118457,15910,1104
29737.299410,2925125159,2925126263,15945,1104
29737.308329,2925132968,2925134078,15946,1110
29737.320335,2925140774,2925141889,15846,1115
29737.330970,2925148598,2925149713,15947,1115
29737.340328,2925156414,2925157527,15942,1113
29737.352007,2925164222,2925165331,15847,1109
29737.362531,2925172050,2925173160,15945,1110
29737.372327,2925179859,2925180973,15955,1114
29737.383567,2925187679,2925188793,15844,1114
29737.392330,2925195499,2925196609,15961,1110
29737.404328,2925203317,2925204432,15949,1115
29737.415127,2925211134,2925212237,15846,1103
29737.424327,2925218930,2925220046,15941,1116
29737.436173,2925226754,2925227871,15961,1117
29737.446688,2925234580,2925235689,15844,1109
29737.456330,2925242413,2925243529,15961,1116
29737.467735,2925250232,2925251349,15968,1117
29737.476331,2925258056,2925259161,15829,1105
29737.488329,2925265874,2925266988,15851,1114
29737.499295,2925273688,2925274798,15968,1110
29737.508330,2925281502,2925282617,15832,1115
29737.520330,2925289314,2925290422,15948,1108
29737.530857,2925297130,2925298240,15973,1110
29737.540330,2925304943,2925306047,15847,1104
29737.551891,2925312739,2925313853,15935,1114
29737.562416,2925320555,2925321660,15967,1105
29737.572330,2925328366,2925329475,15833,1109
29737.583451,2925336177,2925337281,15940,1104
29737.592327,2925343975,2925345088,15952,1113
29737.604331,2925351791,2925352904,15819,1113
29737.615011,2925359603,2925360716,15943,1113
29737.624332,2925367412,2925368531,15966,1119
29737.636055,2925375232,2925376336,15913,1104
29737.646572,2925383040,2925384154,15945,1114
29737.656328,2925390892,2925391996,16003,1104
29737.667608,2925398698,2925399816,15831,1118
29737.676328,2925406520,2925407630,15945,1110
29737.688327,2925414325,2925415435,15968,1110
29737.699168,2925422142,2925423256,15821,1114
29737.708327,2925429963,2925431064,15945,1101
29737.720215,2925437759,2925438873,15972,1114
29737.730729,2925445569,2925446676,15837,1107
29737.740327,2925453374,2925454484,15956,1110
29737.751776,2925461168,2925462277,15965,1109
29737.760335,2925468988,2925470095,15834,1107
29737.772332,2925476784,2925477894,15940,1110
29737.783336,2925484601,2925485706,15957,1105
29737.792327,2925492410,2925493518,15824,1108
29737.804332,2925500221,2925501326,15943,1105
29737.814896,2925508023,2925509128,15970,1105
29737.824331,2925515830,2925516945,15832,1115
29737.835929,2925523645,2925524755,15840,1110
29737.846456,2925531461,2925532574,15970,1113
29737.856334,2925539268,2925540378,15825,1110
29737.867490,2925547093,2925548206,15943,1113
29737.876330,2925554908,2925556017,15968,1109
29737.888335,2925562713,2925563818,15846,1105
29737.899051,2925570515,2925571624,15936,1109
29737.908332,2925578335,2925579448,15965,1113
29737.920087,2925586148,2925587260,15833,1112
29737.930613,2925593964,2925595082,15942,1118
29737.940332,2925601788,2925602901,15955,1113
29737.951648,2925609606,2925610717,15833,1111
29737.960329,2925617420,2925618525,15947,1105
29737.972328,2925625229,2925626343,15967,1114
29737.983215,2925633052,2925634151,15914,1099
29737.992331,2925640852,2925641971,15946,1119
29738.004255,2925648673,2925649783,15972,1110
29738.014769,2925656489,2925657594,15822,1105
29738.024327,2925664297,2925665402,15948,1105
29738.035814,2925672109,2925673216,15971,1107
29738.044327,2925679919,2925681033,15831,1114
29738.056330,2925687733,2925688843,15945,1110
29738.067377,2925695559,2925696668,15966,1109
29738.076328,2925703383,2925704493,15834,1110
29738.088327,2925711186,2925712300,15955,1114
29738.098936,2925719005,2925720114,15973,1109
29738.108327,2925726817,2925727931,15833,1114
29738.119972,2925734629,2925735738,15942,1109
29738.130496,2925742444,2925743554,15968,1110
29738.140333,2925750263,2925751382,15829,1119
29738.151531,2925758088,2925759199,15948,1111
29738.160330,2925765904,2925767017,15969,1113
29738.172329,2925773723,2925774835,15830,1112
29738.183090,2925781535,2925782635,15841,1100
29738.192331,2925789345,2925790460,15967,1115
29738.204128,2925797159,2925798273,15833,1114
29738.214651,2925804989,2925806108,15946,1119
29738.224328,2925812813,2925813922,15967,1109
29738.235687,2925820618,2925821729,15839,1111
29738.244328,2925828431,2925829536,15941,1105
29738.256329,2925836236,2925837346,15968,1110
29738.267250,2925844068,2925845180,15824,1112
29738.276327,2925851888,2925853002,15946,1114
29738.288295,2925859711,2925860822,15954,1111
29738.298809,2925867536,2925868646,15830,1110
29738.308329,2925875353,2925876466,15942,1113
29738.319855,2925883166,2925884274,15971,1108
29738.330376,2925890974,2925892084,15900,1110
29738.340331,2925898774,2925899878,15945,1104
29738.351417,2925906570,2925907676,15961,1106
29738.360327,2925914381,2925915485,15821,1104
29738.372328,2925922189,2925923304,15932,1115
29738.382975,2925930001,2925931115,15969,1114
29738.392330,2925937822,2925938930,15835,1108
29738.404011,2925945624,2925946734,15947,1110
29738.414537,2925953440,2925954554,15966,1114
29738.424329,2925961256,2925962361,15829,1105
29738.435573,2925969073,2925970178,15956,1105
29738.444328,2925976889,2925977999,15965,1110
29738.456328,2925984694,2925985801,15826,1107
29738.467131,2925992520,2925993632,15945,1112
29738.476331,2926000379,2926001488,15967,1109
29738.488168,2926008203,2926009308,15832,1105
29738.498692,2926016012,2926017126,15945,1114
29738.508328,2926023827,2926024942,15970,1115
29738.519728,2926031649,2926032760,15831,1111
29738.528329,2926039468,2926040582,15848,1114
29738.540331,2926047281,2926048395,15973,1114
29738.551289,2926055089,2926056202,15832,1113
29738.560328,2926062891,2926064004,15942,1113
29738.572328,2926070700,2926071810,15971,1110
29738.582849,2926078504,2926079613,15848,1109
29738.592333,2926086302,2926087405,15938,1103
29738.603896,2926094110,2926095224,15974,1114
29738.614409,2926101930,2926103045,15835,1115
29738.624328,2926109742,2926110857,15945,1115
29738.635456,2926117550,2926118666,15950,1116
29738.644327,2926125373,2926126478,15826,1105
29738.656327,2926133177,2926134292,15945,1115
29738.667016,2926140997,2926142109,15973,1112
29738.676336,2926148728,2926149833,15907,1105
29738.688051,2926156549,2926157654,15945,1105
29738.698577,2926164358,2926165465,15964,1107
29738.708331,2926172176,2926173285,15825,1109
29738.719611,2926179988,2926181098,15948,1110
29738.728330,2926187799,2926188898,15969,1099
29738.740334,2926195604,2926196714,15823,1110
29738.751172,2926203418,2926204530,15950,1112
29738.760334,2926211228,2926212338,15968,1110
29738.772208,2926219044,2926220161,15826,1117
29738.782733,2926226857,2926227961,15964,1104
29738.792332,2926234668,2926235777,15963,1109
29738.803768,2926242489,2926243604,15836,1115
29738.812327,2926250299,2926251412,15949,1113
29738.824329,2926258108,2926259222,15973,1114
29738.835329,2926265936,2926267047,15831,1111
29738.844331,2926273746,2926274854,15937,1108
29738.856330,2926281544,2926282660,15956,1116
29738.866889,2926289360,2926290468,15834,1108
29738.876327,2926297170,2926298280,15846,1110
29738.887936,2926304995,2926306103,15970,1108
29738.898450,2926312807,2926313919,15832,1112
29738.908328,2926320636,2926321736,15946,1100
29738.919496,2926328433,2926329541,15967,1108
29738.928328,2926336243,2926337349,15846,1106
29738.940327,2926344059,2926345173,15945,1114
29738.951057,2926351868,2926352986,15971,1118
29738.960332,2926359698,2926360808,15821,1110
29738.972091,2926367507,2926368616,15950,1109
29738.982617,2926375319,2926376428,15954,1109
29738.992327,2926383128,2926384238,15835,1110
29739.003651,2926390931,2926392036,15942,1105
29739.012331,2926398738,2926399847,15968,1109
29739.024329,2926406538,2926407648,15910,1110
29739.035212,2926414355,2926415471,15950,1116
29739.044330,2926422174,2926423289,15967,1115
29739.056248,2926429993,2926431103,15831,1110
29739.066772,2926437802,2926438912,15941,1110
29739.076327,2926445618,2926446732,15975,1114
29739.087808,2926453441,2926454561,15832,1120
29739.096327,2926461258,2926462365,15952,1107
29739.108328,2926469063,2926470167,15963,1104
29739.119369,2926476861,2926477966,15832,1105
29739.128332,2926484676,2926485792,15954,1116
29739.152332,2926495475,2926496088,11959,613
29739.162961,2926499424,2926500039,12099,615
29739.172327,2926505508,2926506610,15909,1102
29739.183992,2926513279,2926514389,15848,1110
29739.194520,2926521084,2926522198,15970,1114
29739.204328,2926528890,2926530002,15912,1112
29739.215551,2926536694,2926537793,15834,1099
29739.224330,2926544499,2926545612,15995,1113
29739.236332,2926552307,2926553421,15912,1114
29739.247112,2926560126,2926561240,15843,1114
29739.256330,2926567941,2926569045,16000,1104
29739.268159,2926575744,2926576862,15917,1118
29739.278672,2926583561,2926584665,15837,1104
29739.288335,2926591375,2926592484,15971,1109
29739.299717,2926599191,2926600300,15912,1109
29739.308327,2926607004,2926608115,15846,1111
29739.320330,2926614820,2926615929,16001,1109
29739.331280,2926622646,2926623762,15917,1116
29739.340328,2926630472,2926631582,15833,1110
29739.352317,2926638296,2926639410,15979,1114
29739.362839,2926646119,2926647228,15914,1109
29739.372332,2926653931,2926655035,15836,1104
29739.383879,2926661735,2926662851,16004,1116
29739.394400,2926669558,2926670663,15917,1105
29739.404332,2926677352,2926678465,15834,1113
29739.415438,2926685179,2926686278,15982,1099
29739.424335,2926692978,2926694083,15914,1105
29739.436331,2926700787,2926701901,15850,1114
29739.447000,2926708600,2926709710,15996,1110
29739.456327,2926716406,2926717519,15916,1113
29739.468031,2926724227,2926725342,15821,1115
29739.478559,2926732039,2926733150,15983,1111
29739.488330,2926739845,2926740953,15914,1108
29739.499592,2926747667,2926748775,15850,1108
29739.508332,2926755485,2926756590,15997,1105
29739.520335,2926763304,2926764419,15911,1115
29739.531152,2926771117,2926772236,15825,1119
29739.540332,2926778952,2926780064,15985,1112
29739.552198,2926786768,2926787871,15913,1103
29739.562713,2926794575,2926795685,15849,1110
29739.572328,2926802386,2926803491,16016,1105
29739.583759,2926810199,2926811316,15914,1117
29739.592331,2926818029,2926819140,15833,1111
29739.604329,2926825841,2926826956,15979,1115
29739.615318,2926833657,2926834771,15914,1114
29739.624328,2926841472,2926842585,15844,1113
29739.636327,2926849289,2926850398,15992,1109
29739.646879,2926855605,2926856710,15839,1105
29739.656329,2926863392,2926864501,15862,1109
29739.667918,2926871197,2926872306,15984,1109
29739.678440,2926879000,2926880107,15919,1107
29739.688328,2926886801,2926887915,15851,1114
29739.699479,2926894630,2926895743,15998,1113
29739.708331,2926902451,2926903563,16001,1112
29739.720328,2926910276,2926911390,15898,1114
29739.731039,2926918088,2926919202,16070,1114
29739.740328,2926925904,2926927018,15995,1114
29739.752072,2926933722,2926934826,15941,1104
29739.762600,2926941539,2926942648,15997,1109
29739.772335,2926949189,2926950294,15907,1105
29739.783632,2926956989,2926958098,15833,1109
29739.792328,2926964798,2926965900,15966,1102
29739.804329,2926972599,2926973709,15909,1110
29739.815192,2926980420,2926981520,15846,1100
29739.824331,2926988221,2926989325,16000,1104
29739.836239,2926996026,2926997142,16004,1116
29739.846753,2927003837,2927004946,15917,1109
29739.856333,2927011651,2927012769,16073,1118
29739.867798,2927019475,2927020584,16000,1109
29739.876331,2927027289,2927028400,15935,1111
29739.888335,2927035102,2927036212,15996,1110
29739.899358,2927042933,2927044051,15860,1118
29739.908327,2927050767,2927051880,15847,1113
29739.920331,2927058586,2927059695,15985,1109
29739.930917,2927066396,2927067506,15911,1110
29739.940328,2927074210,2927075319,15860,1109
29739.951958,2927082025,2927083133,15985,1108
29739.962479,2927089844,2927090955,15909,1111
29739.972334,2927097666,2927098770,15853,1104
29739.983517,2927105469,2927106582,15958,1113
29739.992327,2927113289,2927114394,15907,1105
29740.004328,2927121095,2927122198,15859,1103
29740.015079,2927128907,2927130014,15986,1107
29740.024333,2927136716,2927137824,15906,1108
29740.036111,2927144529,2927145643,15845,1114
29740.046638,2927152354,2927153464,15961,1110
29740.056331,2927160163,2927161272,15919,1109
29740.067671,2927167980,2927169087,15836,1107
29740.076329,2927175787,2927176905,15988,1118
29740.088335,2927183591,2927184705,15914,1114
29740.099233,2927191404,2927192514,15852,1110
29740.108330,2927199237,2927200344,15940,1107
29740.120276,2927207046,2927208156,15915,1110
29740.130792,2927214863,2927215973,15861,1110
29740.140329,2927222680,2927223792,15985,1112
29740.151838,2927230498,2927231611,15910,1113
29740.162353,2927238318,2927239432,15846,1114
29740.172329,2927246140,2927247250,15967,1110
29740.183397,2927253959,2927255070,15916,1111
29740.192331,2927261776,2927262886,15860,1110
29740.204329,2927269596,2927270705,15982,1109
29740.214959,2927277400,2927278502,15909,1102
29740.224330,2927285203,2927286308,15933,1105
29740.235998,2927293010,2927294123,16056,1113
29740.246519,2927300830,2927301945,16002,1115
29740.256329,2927308655,2927309765,15949,1110
29740.267558,2927316468,2927317580,15997,1112
29740.276330,2927324281,2927325395,15914,1114
29740.288328,2927332093,2927333207,15851,1114
29740.299119,2927339906,2927341011,15969,1105
29740.308327,2927347724,2927348835,15912,1111
29740.320152,2927355545,2927356654,15850,1109
29740.330681,2927363358,2927364473,15999,1115
29740.340328,2927371193,2927372302,15913,1109
29740.351714,2927378999,2927380108,15831,1109
29740.360326,2927386809,2927387914,15982,1105
29740.372329,2927394620,2927395734,15922,1114
29740.383272,2927402432,2927403550,15847,1118
29740.392330,2927410251,2927411359,15989,1108
29740.404319,2927418069,2927419180,15905,1111
29740.414832,2927425883,2927426985,15815,1102
29740.424328,2927433694,2927434809,15984,1115
29740.435878,2927441513,2927442627,15915,1114
29740.446393,2927449342,2927450457,15850,1115
29740.456328,2927457152,2927458272,15997,1120
29740.467440,2927464969,2927466075,15912,1106
29740.476328,2927472768,2927473873,15837,1105
29740.488330,2927480567,2927481677,15975,1110
29740.498999,2927488375,2927489483,15919,1108
29740.508328,2927496189,2927497299,15847,1110
29740.520038,2927504012,2927505126,15979,1114
29740.530560,2927511829,2927512945,15916,1116
29740.540328,2927519642,2927520756,15844,1114
29740.551597,2927527459,2927528568,15965,1109
29740.560332,2927535273,2927536377,15912,1104
29740.572331,2927543081,2927544190,15936,1109
29740.583160,2927550898,2927552012,16074,1114
29740.592327,2927558708,2927559822,16002,1114
29740.604192,2927566525,2927567639,15936,1114
29740.614718,2927574345,2927575447,16074,1102
29740.624329,2927582141,2927583251,16004,1110
29740.635752,2927589962,2927591076,15950,1114
29740.644329,2927597788,2927598901,16073,1113
29740.656328,2927605606,2927606716,16001,1110
29740.667312,2927613415,2927614531,15934,1116
29740.676328,2927621239,2927622348,16045,1109
29740.688329,2927629051,2927630166,15915,1115
29740.698873,2927636868,2927637981,15849,1113
29740.708329,2927644686,2927645793,15989,1107
29740.719921,2927652504,2927653614,15914,1110
29740.730434,2927660322,2927661425,15820,1103
29740.740330,2927668128,2927669236,15983,1108
29740.751479,2927675942,2927677056,15916,1114
29740.760330,2927683766,2927684875,15834,1109
29740.772328,2927691571,2927692675,15989,1104
29740.783041,2927699385,2927700499,15912,1114
29740.792334,2927707202,2927708308,15834,1106
29740.804078,2927715003,2927716107,15978,1104
29740.814599,2927722652,2927723761,15915,1109
29740.824334,2927730469,2927731579,15850,1110
29740.835640,2927738267,2927739376,15999,1109
29740.844327,2927746085,2927747192,15917,1107
29740.856332,2927753903,2927755009,15831,1106
29740.867199,2927761705,2927762814,15986,1109
29740.876329,2927769516,2927770623,15914,1107
29740.888233,2927777324,2927778442,15844,1118
29740.898761,2927785140,2927786251,15994,1111
29740.908329,2927792964,2927794078,15910,1114
29740.919793,2927800804,2927801914,15781,1110
29740.928329,2927808623,2927809727,15982,1104
29740.940329,2927816439,2927817553,15915,1114
29740.951353,2927824256,2927825364,15839,1108
29740.960331,2927832076,2927833186,16014,1110
29740.972328,2927839906,2927841025,15918,1119
29740.982913,2927847739,2927848853,15832,1114
29740.992331,2927855559,2927856669,15972,1110
29741.003958,2927863381,2927864490,15913,1109
29741.014474,2927871199,2927872302,15838,1103
29741.024332,2927879014,2927880128,15997,1114
29741.035520,2927886819,2927887934,15918,1115
29741.044333,2927894635,2927895743,15833,1108
29741.056332,2927902453,2927903562,15984,1109
29741.067080,2927910254,2927911368,15914,1114
29741.076331,2927918110,2927919221,15846,1111
29741.088120,2927925908,2927927021,15995,1113
29741.098641,2927933556,2927934669,15915,1113
29741.108330,2927941368,2927942481,15824,1113
29741.119679,2927949186,2927950305,15982,1119
29741.128334,2927957006,2927958120,15910,1114
29741.140327,2927964819,2927965928,15848,1109
29741.151241,2927972641,2927973749,16002,1108
29741.160328,2927980455,2927981569,15913,1114
29741.172274,2927988271,2927989381,15832,1110
29741.182800,2927996098,2927997211,15975,1113
29741.192335,2928003911,2928005021,15916,1110
29741.203833,2928011717,2928012830,15845,1113
29741.214362,2928019532,2928020636,15994,1104
29741.224330,2928027351,2928028462,15916,1111
29741.235393,2928035162,2928036276,15831,1114
29741.244329,2928042990,2928044100,15984,1110
29741.256334,2928050797,2928051911,15910,1114
29741.266954,2928058616,2928059721,15834,1105
29741.276330,2928066417,2928067528,15991,1111
29741.288000,2928074225,2928075341,15915,1116
29741.298514,2928082046,2928083158,15832,1112
29741.308332,2928089859,2928090966,15998,1107
29741.319559,2928097669,2928098779,15899,1110
29741.328327,2928105497,2928106616,15845,1119
29741.340328,2928113326,2928114445,16003,1119
29741.351121,2928121153,2928122258,15920,1105
29741.360331,2928128973,2928130077,15835,1104
29741.372159,2928136776,2928137886,15981,1110
29741.382680,2928144592,2928145702,15917,1110
29741.392330,2928152410,2928153521,15835,1111
29741.403721,2928160213,2928161324,16001,1111
29741.412331,2928168037,2928169154,15917,1117
29741.424334,2928175858,2928176969,15834,1111
29741.435279,2928183673,2928184780,15986,1107
29741.444326,2928191468,2928192576,15918,1108
29741.456310,2928199272,2928200381,15833,1109
29741.466841,2928207085,2928208194,16001,1109
29741.476327,2928214905,2928216017,15916,1112
29741.487872,2928222720,2928223831,15827,1111
29741.498400,2928230527,2928231643,15983,1116
29741.508328,2928238348,2928239459,15913,1111
29741.519434,2928246156,2928247257,15844,1101
29741.528328,2928253962,2928255063,15991,1101
29741.540331,2928261775,2928262885,15914,1110
29741.550993,2928269583,2928270698,15836,1115
29741.560329,2928277407,2928278513,15983,1106
29741.572039,2928285209,2928286319,15917,1110
29741.582554,2928293017,2928294135,15847,1118
29741.592332,2928300832,2928301947,16001,1115
29741.603600,2928308641,2928309755,15909,1114
29741.612327,2928316463,2928317575,15831,1112
29741.624332,2928324285,2928325394,15976,1109
29741.635160,2928332086,2928333196,15915,1110
29741.644328,2928339891,2928341002,15847,1111
29741.656200,2928347697,2928348806,16006,1109
29741.666722,2928355514,2928356623,15917,1109
29741.676332,2928363329,2928364439,15832,1110
29741.687759,2928371133,2928372241,15972,1108
29741.696330,2928378929,2928380037,15919,1108
29741.708332,2928386747,2928387851,15852,1104
29741.719321,2928394554,2928395662,15986,1108
29741.728327,2928402367,2928403467,15918,1100
29741.740332,2928410179,2928411288,15837,1109
29741.750880,2928418003,2928419119,15979,1116
29741.760331,2928425824,2928426936,15916,1112
29741.771913,2928433634,2928434744,15839,1110
29741.782442,2928441455,2928442573,15998,1118
29741.792329,2928449284,2928450393,15905,1109
29741.803472,2928457092,2928458196,15824,1104
29741.812331,2928464902,2928466013,15989,1111
29741.824336,2928472724,2928473837,15913,1113
29741.835034,2928480551,2928481662,15851,1111
29741.844332,2928488365,2928489480,16000,1115
29741.856080,2928496180,2928497288,15916,1108
29741.866595,2928503985,2928505098,15835,1113
29741.876328,2928511795,2928512908,15975,1113
29741.887639,2928519610,2928520729,15919,1119
29741.896333,2928527437,2928528550,15848,1113
29741.908332,2928535250,2928536360,15991,1110
29741.919201,2928543048,2928544158,15916,1110
29741.928328,2928550872,2928551971,15830,1099
29741.940239,2928558662,2928559775,16049,1113
29741.950760,2928566491,2928567598,15912,1107
29741.960329,2928574303,2928575417,15850,1114
29741.971801,2928582118,2928583231,15998,1113
29741.980327,2928589929,2928591039,15919,1110
29741.992334,2928597745,2928598854,15819,1109
29742.003359,2928605558,2928606666,15982,1108
29742.012331,2928613372,2928614489,15912,1117
29742.024327,2928621191,2928622304,15854,1113
29742.034922,2928629006,2928630115,15997,1109
29742.044329,2928636827,2928637945,15916,1118
29742.055953,2928644645,2928645759,15837,1114
29742.066480,2928652461,2928653575,15982,1114
29742.076330,2928660287,2928661398,15910,1111
29742.087514,2928668106,2928669215,15842,1109
29742.096330,2928675926,2928677038,16000,1112
29742.108333,2928683737,2928684851,15917,1114
29742.119074,2928691552,2928692662,15831,1110
29742.128330,2928699361,2928700461,15983,1100
29742.140119,2928707156,2928708266,15909,1110
29742.150633,2928714977,2928716093,15828,1116
29742.160332,2928722791,2928723910,15997,1119
29742.171680,2928730611,2928731722,15912,1111
29742.180331,2928738425,2928739533,15838,1108
29742.192327,2928746235,2928747348,15979,1113
29742.203240,2928754055,2928755164,15911,1109
29742.212328,2928761866,2928762979,15846,1113
29742.224281,2928769690,2928770803,15996,1113
29742.234802,2928777503,2928778622,15913,1119
29742.244332,2928785334,2928786444,15823,1110
29742.255839,2928793142,2928794256,15977,1114
29742.266362,2928800968,2928802081,15915,1113
29742.276329,2928808788,2928809897,15847,1109
29742.287401,2928816601,2928817705,16001,1104
29742.296329,2928824406,2928825517,15899,1111
29742.308333,2928832215,2928833329,15825,1114
29742.318961,2928840024,2928841139,15984,1115
29742.328333,2928847844,2928848958,15913,1114
29742.340001,2928855666,2928856786,15938,1120
29742.350523,2928863505,2928864625,15905,1120
29742.360333,2928871336,2928872451,15918,1115
29742.371560,2928879161,2928880279,15915,1118
29742.380330,2928886984,2928888103,15915,1119
29742.392335,2928894820,2928895935,15913,1115
29742.403114,2928902637,2928903747,15862,1110
29742.412328,2928910467,2928911575,15981,1108
29742.424159,2928918284,2928919388,15920,1104
29742.434674,2928926081,2928927200,15843,1119
29742.444329,2928933905,2928935010,15975,1105
29742.455719,2928941703,2928942816,15920,1113
29742.464334,2928949521,2928950625,15866,1104
29742.476329,2928957328,2928958447,15983,1119
29742.487280,2928965147,2928966257,15916,1110
29742.496333,2928972954,2928974067,15833,1113
29742.508317,2928980763,2928981882,15970,1119
29742.518839,2928988583,2928989693,15917,1110
29742.528331,2928996394,2928997510,15857,1116
29742.539880,2929004209,2929005316,15985,1107
29742.551897,2929013155,2929014268,15809,1113
29742.562424,2929020973,2929022087,16072,1114
29742.572329,2929028799,2929029910,16004,1111
29742.583457,2929036621,2929037726,15935,1105
29742.592330,2929044419,2929045525,16079,1106
29742.604331,2929052236,2929053349,16012,1113
29742.615017,2929060055,2929061161,15917,1106
29742.624329,2929067869,2929068980,16064,1111
29742.636063,2929075689,2929076805,15998,1116
29742.646576,2929083514,2929084633,15927,1119
29742.656330,2929091334,2929092448,16089,1114
29742.667624,2929099154,2929100263,15919,1109
29742.676328,2929106964,2929108074,15832,1110
29742.688334,2929114784,2929115888,15982,1104
29742.699183,2929122584,2929123698,15909,1114
29742.708327,2929130399,2929131505,15843,1106
29742.720224,2929138222,2929139332,15996,1110
29742.730745,2929146035,2929147144,15920,1109
29742.740328,2929153840,2929154951,15817,1111
29742.751783,2929161644,2929162749,15985,1105
29742.760333,2929169466,2929170585,15915,1119
29742.772331,2929177282,2929178394,15849,1112
29742.783345,2929185092,2929186206,15990,1114
29742.792332,2929192902,2929194015,15905,1113
29742.804330,2929200724,2929201835,15819,1111
29742.814903,2929208533,2929209652,15982,1119
29742.824327,2929216359,2929217464,15918,1105
29742.835936,2929224166,2929225276,15846,1110
29742.846465,2929231994,2929233107,16015,1113
29742.856327,2929239815,2929240926,15913,1111
29742.867496,2929247627,2929248741,15835,1114
29742.876336,2929255447,2929256555,15982,1108
29742.888332,2929263247,2929264361,15918,1114
29742.899057,2929271065,2929272170,15844,1105
29742.908328,2929278783,2929279893,15991,1110
29742.920105,2929286584,2929287703,15924,1119
29742.930617,2929294393,2929295500,15833,1107
29742.940333,2929302220,2929303340,15982,1120
29742.951663,2929310040,2929311142,15920,1102
29742.960328,2929317855,2929318963,15846,1108
29742.972332,2929325667,2929326781,15998,1114
29742.983225,2929333491,2929334599,15918,1108
29742.992329,2929341290,2929342403,15820,1113
29743.004264,2929349094,2929350198,15985,1104
29743.014784,2929356875,2929357986,15907,1111
29743.024332,2929364678,2929365785,15843,1107
29743.035824,2929372486,2929373600,15992,1114
29743.046345,2929380294,2929381403,15913,1109
29743.056328,2929388107,2929389220,15831,1113
29743.067384,2929395918,2929397030,15988,1112
29743.076331,2929403728,2929404842,15916,1114
29743.088331,2929411535,2929412638,15850,1103
29743.098945,2929419334,2929420438,15998,1104
29743.108327,2929427140,2929428254,15923,1114
29743.119976,2929434959,2929436067,15828,1108
29743.130504,2929442758,2929443871,15985,1113
29743.140330,2929450581,2929451692,15900,1111
29743.151540,2929458386,2929459491,15950,1105
29743.160330,2929466211,2929467316,15972,1105
29743.172332,2929474025,2929475131,15834,1106
29743.183100,2929481827,2929482940,15946,1113
29743.192328,2929489643,2929490761,15970,1118
29743.204136,2929497460,2929498568,15829,1108
29743.214660,2929505270,2929506387,15945,1117
29743.224329,2929513102,2929514216,15958,1114
29743.235697,2929520916,2929522027,15832,1111
29743.244329,2929528708,2929529820,15961,1112
29743.256328,2929536514,2929537625,15969,1111
29743.267257,2929544325,2929545430,15825,1105
29743.276330,2929552139,2929553258,15949,1119
29743.288304,2929559952,2929561056,15969,1104
29743.298818,2929567758,2929568872,15822,1114
29743.308333,2929575573,2929576680,15944,1107
29743.319864,2929583383,2929584495,15974,1112
29743.330378,2929591191,2929592305,15830,1114
29743.340331,2929599009,2929600119,15851,1110
29743.351425,2929606820,2929607931,15966,1111
29743.360336,2929614620,2929615720,15832,1100
29743.372336,2929622432,2929623551,15962,1119
29743.382985,2929630253,2929631362,15974,1109
29743.392334,2929638047,2929639153,15847,1106
29743.404019,2929645848,2929646961,15947,1113
29743.414545,2929653663,2929654769,15965,1106
29743.424328,2929661470,2929662578,15823,1108
29743.435580,2929669288,2929670398,15945,1110
29743.444329,2929677092,2929678204,15953,1112
29743.456331,2929684913,2929686028,15828,1115
29743.467140,2929692735,2929693850,15950,1115
29743.476331,2929700543,2929701653,15972,1110
29743.488184,2929708342,2929709455,15911,1113
29743.498700,2929716163,2929717271,15939,1108
29743.508330,2929723973,2929725084,15972,1111
29743.519737,2929731780,2929732895,15832,1115
29743.528334,2929739579,2929740691,15946,1112
29743.540332,2929747392,2929748505,15971,1113
29743.551297,2929755204,2929756309,15833,1105
29743.560329,2929763005,2929764110,15950,1105
29743.572336,2929770822,2929771932,16004,1110
29743.582857,2929778641,2929779743,15825,1102
29743.592331,2929786435,2929787555,15962,1120
29743.603905,2929794251,2929795370,15968,1119
29743.614418,2929802068,2929803173,15830,1105
29743.624336,2929809877,2929810991,15943,1114
29743.635465,2929817695,2929818807,15971,1112
29743.644327,2929825511,2929826619,15826,1108
29743.656330,2929833321,2929834429,15936,1108
29743.667026,2929841130,2929842240,15971,1110
29743.676327,2929848935,2929850044,15829,1109
29743.688058,2929856744,2929857849,15848,1105
29743.698586,2929864545,2929865658,15969,1113
29743.708328,2929872356,2929873475,15828,1119
29743.719620,2929880172,2929881282,15945,1110
29743.728328,2929887963,2929889077,15966,1114
29743.740331,2929895781,2929896886,15843,1105
29743.751180,2929903587,2929904696,15944,1109
29743.760330,2929911400,2929912505,15969,1105
29743.772216,2929919205,2929920324,15836,1119
29743.782741,2929927046,2929928154,15935,1108
29743.792329,2929934855,2929935960,15948,1105
29743.803777,2929942651,2929943759,15832,1108
29743.812329,2929950474,2929951588,15942,1114
29743.824330,2929958279,2929959389,15971,1110
29743.835345,2929966086,2929967201,15912,1115
29743.844330,2929973881,2929974989,15945,1108
29743.856327,2929981692,2929982804,15970,1112
29743.866898,2929989499,2929990618,15829,1119
29743.876336,2929997321,2929998425,15945,1104
29743.887943,2930005136,2930006246,15971,1110
29743.898458,2930012953,2930014066,15835,1113
29743.908327,2930020769,2930021883,15940,1114
29743.919506,2930028589,2930029693,15959,1104
29743.928328,2930036394,2930037503,15881,1109
29743.940335,2930044203,2930045308,15963,1105
29743.951065,2930052003,2930053112,15970,1109
29743.960330,2930059812,2930060916,15834,1104
29743.972099,2930067608,2930068717,15943,1109
29743.982625,2930075446,2930076557,16023,1111
29743.992329,2930083275,2930084375,15834,1100
29744.003660,2930091079,2930092194,15942,1115
29744.012332,2930098900,2930100006,15967,1106
29744.024334,2930106704,2930107814,15834,1110
29744.035219,2930114511,2930115625,15845,1114
29744.044331,2930122335,2930123444,15968,1109
29744.056257,2930130145,2930131260,15824,1115
29744.066780,2930137961,2930139075,15948,1114
29744.076329,2930145779,2930146890,15972,1111
29744.087817,2930153607,2930154717,15847,1110
29744.098341,2930161432,2930162536,15944,1104
29744.108330,2930169238,2930170348,15972,1110
29744.119377,2930177056,2930178161,15831,1105
29744.128327,2930184855,2930185973,15937,1118
29744.140331,2930192678,2930193788,15956,1110
29744.150938,2930200484,2930201603,15831,1119
29744.160328,2930208308,2930209413,15949,1105
29744.171985,2930216103,2930217213,15970,1110
29744.184001,2930224974,2930226087,15830,1113
29744.194528,2930232786,2930233900,15957,1114
29744.204336,2930240602,2930241713,15842,1111
29744.215563,2930248418,2930249514,15945,1096
29744.224333,2930256208,2930257321,15963,1113
29744.236331,2930264026,2930265131,15854,1105
29744.247123,2930271843,2930272957,15935,1114
29744.256327,2930279667,2930280776,15959,1109
29744.268160,2930287466,2930288575,15845,1109
29744.278684,2930295274,2930296386,15947,1112
29744.288328,2930303091,2930304205,15933,1114
29744.299720,2930310900,2930312008,15846,1108
29744.308329,2930318711,2930319825,15943,1114
29744.320329,2930326514,2930327628,15956,1114
29744.331287,2930334331,2930335441,15910,1110
29744.340328,2930342136,2930343240,15932,1104
29744.352326,2930349934,2930351047,15957,1113
29744.362841,2930357738,2930358850,15848,1112
29744.372327,2930365555,2930366665,15946,1110
29744.383885,2930373366,2930374474,15953,1108
29744.394401,2930381197,2930382302,15846,1105
29744.404328,2930389005,2930390114,15944,1109
29744.415447,2930396815,2930397925,15958,1110
29744.424333,2930404615,2930405720,15847,1105
29744.436332,2930412414,2930413510,15950,1096
29744.447007,2930420214,2930421324,15955,1110
29744.456329,2930428040,2930429144,15845,1104
29744.468043,2930435840,2930436955,15947,1115
29744.478567,2930443651,2930444763,15950,1112
29744.488335,2930451471,2930452579,15847,1108
29744.499603,2930459282,2930460393,15941,1111
29744.508333,2930467096,2930468212,15959,1116
29744.520329,2930474916,2930476026,15836,1110
29744.531162,2930482722,2930483836,15869,1114
29744.540331,2930490540,2930491658,15958,1118
29744.552199,2930498355,2930499465,15848,1110
29744.562724,2930506154,2930507263,15946,1109
29744.572328,2930513969,2930515083,15958,1114
29744.583760,2930521779,2930522883,15862,1104
29744.592330,2930529590,2930530698,15948,1108
29744.604327,2930537399,2930538514,15945,1115
29744.615320,2930545203,2930546308,15845,1105
29744.624329,2930553013,2930554127,15948,1114
29744.636330,2930560826,2930561945,15940,1119
29744.646881,2930568651,2930569762,15845,1111
29744.656328,2930576463,2930577567,15942,1104
29744.667926,2930584274,2930585379,15959,1105
29744.678448,2930592087,2930593201,15913,1114
29744.688332,2930599904,2930601014,15931,1110
29744.699489,2930607703,2930608811,15962,1108
29744.708331,2930615513,2930616628,15844,1115
29744.720329,2930623333,2930624442,15950,1109
29744.731046,2930631130,2930632234,15955,1104
29744.740327,2930638944,2930640053,15851,1109
29744.752083,2930646754,2930647868,15944,1114
29744.762608,2930654564,2930655672,16004,1108
29744.772327,2930662363,2930663473,15842,1110
29744.783644,2930670174,2930671285,15953,1111
29744.792331,2930677994,2930679097,15957,1103
29744.804329,2930685804,2930686918,15841,1114
29744.815203,2930693609,2930694721,15942,1112
29744.824328,2930701434,2930702553,15954,1119
29744.836240,2930709259,2930710364,15846,1105
29744.846764,2930717056,2930718171,15946,1115
29744.856331,2930724883,2930725996,15951,1113
29744.867800,2930732695,2930733800,15847,1105
29744.876335,2930740493,2930741603,15855,1110
29744.888334,2930748304,2930749413,15955,1109
29744.899361,2930756111,2930757216,15844,1105
29744.908327,2930763916,2930765025,15950,1109
29744.920334,2930771731,2930772841,15942,1110
29744.930921,2930779548,2930780664,15861,1116
29744.940336,2930787371,2930788480,15932,1109
29744.951967,2930795181,2930796292,15961,1111
29744.962482,2930802989,2930804094,15835,1105
29744.972328,2930810792,2930811910,15947,1118
29744.983528,2930818598,2930819706,15941,1108
29744.992337,2930826391,2930827491,15837,1100
29745.004331,2930834111,2930835225,15962,1114
29745.015089,2930841921,2930843036,15961,1115
29745.024330,2930849739,2930850848,15910,1109
29745.036123,2930857550,2930858669,15947,1119
29745.046649,2930865357,2930866468,15968,1111
29745.056335,2930873176,2930874285,15835,1109
29745.067683,2930880987,2930882094,15941,1107
29745.076329,2930888802,2930889915,15961,1113
29745.088330,2930896608,2930897709,15830,1101
29745.099244,2930904413,2930905529,15949,1116
29745.108331,2930912218,2930913317,15968,1099
29745.120282,2930920009,2930921122,15831,1113
29745.130806,2930927817,2930928928,15960,1111
29745.140332,2930935627,2930936737,15969,1110
29745.151841,2930943434,2930944549,15833,1115
29745.162365,2930951251,2930952363,15943,1112
29745.172328,2930959054,2930960172,15963,1118
29745.183401,2930966862,2930967967,15832,1105
29745.192326,2930974674,2930975778,15944,1104
29745.204330,2930982482,2930983590,16004,1108
29745.214961,2930990287,2930991393,15831,1106
29745.224332,2930998097,2930999212,15856,1115
29745.236008,2931005912,2931007021,15967,1109
29745.246522,2931013716,2931014825,15833,1109
29745.256333,2931021527,2931022646,15947,1119
29745.267569,2931029349,2931030453,15969,1104
29745.276332,2931037155,2931038264,15844,1109
29745.288331,2931044976,2931046083,15950,1107
29745.299129,2931052783,2931053892,15959,1109
29745.308328,2931060617,2931061731,15833,1114
29745.320163,2931068423,2931069538,15944,1115
29745.330689,2931076223,2931077332,15952,1109
29745.340328,2931084027,2931085138,15833,1111
29745.351724,2931091848,2931092959,15934,1111
29745.360331,2931099660,2931100773,15962,1113
29745.372329,2931107468,2931108578,15910,1110
29745.383284,2931115275,2931116385,15945,1110
29745.392329,2931123094,2931124202,15972,1108
29745.404321,2931130902,2931132022,15830,1120
29745.414844,2931138729,2931139839,15948,1110
29745.424334,2931146541,2931147652,15971,1111
29745.435880,2931154357,2931155472,15833,1115
29745.446405,2931162167,2931163279,15944,1112
29745.456329,2931169976,2931171084,15969,1108
29745.467442,2931177776,2931178890,15825,1114
29745.476331,2931185593,2931186707,15951,1114
29745.488337,2931193397,2931194502,15972,1105
29745.499001,2931201196,2931202306,15831,1110
29745.508327,2931209001,2931210114,15946,1113
29745.520048,2931216799,2931217918,15970,1119
29745.530562,2931224604,2931225723,15833,1119
29745.540331,2931232423,2931233534,15939,1111
29745.551609,2931240234,2931241339,15964,1105
29745.560327,2931248048,2931249156,15834,1108
29745.572327,2931255860,2931256969,15848,1109
29745.583169,2931263671,2931264776,15968,1105
29745.592328,2931271489,2931272588,15823,1099
29745.604203,2931279296,2931280406,15944,1110
29745.614726,2931287103,2931288210,16007,1107
29745.624329,2931294917,2931296022,15862,1105
29745.635764,2931302719,2931303829,15948,1110
29745.644333,2931310530,2931311641,15961,1111
29745.656329,2931318337,2931319447,15848,1110
29745.667324,2931326146,2931327256,15944,1110
29745.676328,2931333944,2931335050,15938,1106
29745.688329,2931341759,2931342861,15846,1102
29745.698885,2931349570,2931350680,15934,1110
29745.708329,2931357374,2931358479,15956,1105
29745.719927,2931365180,2931366290,15908,1110
29745.730445,2931372979,2931374087,15945,1108
29745.740328,2931380790,2931381904,15956,1114
29745.751482,2931388605,2931389719,15833,1114
29745.760332,2931396425,2931397534,15949,1109
29745.772329,2931404230,2931405343,15959,1113
29745.783041,2931412049,2931413163,15846,1114
29745.792328,2931419861,2931420961,15948,1100
29745.804087,2931427679,2931428788,15960,1109
29745.816099,2931436567,2931437676,15915,1109
29745.826633,2931444363,2931445463,15970,1100
29745.836332,2931452168,2931453279,15832,1111
29745.847667,2931459976,2931461091,15946,1115
29745.856329,2931467793,2931468898,15969,1105
29745.868328,2931475605,2931476716,15911,1111
29745.879227,2931483420,2931484531,15946,1111
29745.888334,2931491240,2931492354,15963,1114
29745.900264,2931499052,2931500157,15829,1105
29745.910788,2931506853,2931507956,15938,1103
29745.920329,2931514655,2931515766,15971,1111
29745.931824,2931522466,2931523576,15833,1110
29745.942348,2931530278,2931531385,15942,1107
29745.952328,2931538093,2931539198,15972,1105
29745.963384,2931545901,2931547012,15832,1111
29745.972327,2931553712,2931554819,15962,1107
29745.984330,2931561519,2931562632,15969,1113
29745.994945,2931569325,2931570444,15823,1119
29746.004329,2931577160,2931578278,15947,1118
29746.015992,2931584969,2931586075,15976,1106
29746.026505,2931592793,2931593897,15833,1104
29746.036332,2931600605,2931601711,15945,1106
29746.047552,2931608406,2931609510,15968,1104
29746.056329,2931616201,2931617314,15824,1113
29746.068329,2931624012,2931625121,15850,1109
29746.079113,2931631803,2931632912,15970,1109
29746.088333,2931639609,2931640717,15829,1108
29746.100147,2931647406,2931648514,15951,1108
29746.110673,2931655210,2931656321,15969,1111
29746.120331,2931663028,2931664137,15836,1109
29746.131707,2931670828,2931671938,15950,1110
29746.140327,2931678633,2931679746,15969,1113
29746.152333,2931686455,2931687566,15831,1111
29746.163268,2931694274,2931695378,15945,1104
29746.172327,2931702084,2931703194,15950,1110
29746.184303,2931709902,2931711019,15831,1117
29746.194828,2931717726,2931718839,15940,1113
29746.204330,2931725545,2931726653,15971,1108
29746.215871,2931733354,2931734459,15907,1105
29746.226389,2931741182,2931742292,15938,1110
29746.236335,2931748973,2931750079,15995,1106
29746.247424,2931756758,2931757866,15831,1108
29746.256329,2931764564,2931765679,15945,1115
29746.268329,2931772381,2931773494,15972,1113
29746.278985,2931780193,2931781308,15833,1115
29746.288330,2931787992,2931789106,15947,1114
29746.300032,2931795796,2931796910,15998,1114
29746.310545,2931803615,2931804718,15833,1103
29746.320330,2931811411,2931812525,15961,1114
29746.331592,2931819219,2931820338,15957,1119
29746.340332,2931827044,2931828146,15833,1102
29746.352333,2931834842,2931835946,15944,1104
29746.363152,2931842636,2931843745,15970,1109
29746.372328,2931850459,2931851563,15834,1104
29746.384186,2931858266,2931859381,15942,1115
29746.394713,2931866084,2931867194,15970,1110
29746.404331,2931873898,2931875003,15835,1105
29746.415745,2931881695,2931882806,15849,1111
29746.424328,2931889501,2931890600,15969,1099
29746.436333,2931897310,2931898426,15827,1116
29746.447307,2931905112,2931906222,15943,1110
29746.456330,2931912921,2931914035,15971,1114
29746.468334,2931920721,2931921830,15847,1109
29746.478870,2931928534,2931929649,15948,1115
29746.488329,2931936357,2931937462,15964,1105
29746.499904,2931944156,2931945261,15828,1105
29746.510428,2931951960,2931953071,15947,1111
29746.520328,2931959766,2931960875,15952,1109
29746.531465,2931967576,2931968681,15833,1105
29746.540332,2931975384,2931976487,15943,1103
29746.552328,2931983186,2931984294,15972,1108
29746.563033,2931990986,2931992095,15912,1109
29746.572335,2931998794,2931999903,15946,1109
29746.584073,2932006614,2932007725,15965,1111
29746.594585,2932014437,2932015542,15834,1105
29746.604329,2932022249,2932023353,15947,1104
29746.615631,2932030039,2932031144,15971,1105
29746.624327,2932037841,2932038941,15834,1100
29746.636335,2932045600,2932046711,15962,1111
29746.647193,2932053414,2932054519,15972,1105
29746.656327,2932061227,2932062338,15827,1111
29746.668228,2932069047,2932070158,15964,1111
29746.678753,2932076849,2932077956,15964,1107
29746.688328,2932084666,2932085778,15836,1112
29746.699787,2932092482,2932093593,15936,1111
29746.708330,2932100295,2932101412,15957,1117
29746.720328,2932108109,2932109223,15821,1114
29746.731347,2932115915,2932117017,15941,1102
29746.740331,2932123719,2932124827,15970,1108
29746.752328,2932131531,2932132637,15821,1106
29746.762906,2932139342,2932140452,15852,1110
29746.772331,2932147153,2932148266,15963,1113
29746.783944,2932154962,2932156069,15834,1107
29746.794468,2932162778,2932163891,15946,1113
29746.804335,2932170601,2932171712,15957,1111
29746.815505,2932178413,2932179527,15848,1114
29746.824332,2932186225,2932187324,15942,1099
29746.836328,2932194029,2932195134,16010,1105
29746.847065,2932201837,2932202953,15824,1116
29746.856328,2932209660,2932210764,15946,1104
29746.868112,2932217462,2932218581,15953,1119
29746.878626,2932225276,2932226383,15832,1107
29746.888327,2932233097,2932234203,15943,1106
29746.899672,2932240903,2932242011,15970,1108
29746.908333,2932248699,2932249811,15905,1112
29746.920332,2932256510,2932257615,15946,1105
29746.931233,2932264320,2932265425,15971,1105
29746.940330,2932272118,2932273227,15823,1109
29746.952267,2932279907,2932281017,15944,1110
29746.962792,2932287717,2932288826,15971,1109
29746.972327,2932295516,2932296620,15830,1104
29746.983828,2932303314,2932304417,15946,1103
29746.994354,2932311121,2932312229,15968,1108
29747.004331,2932318933,2932320048,15838,1115
29747.015389,2932326752,2932327866,15962,1114
29747.024333,2932334565,2932335663,15968,1098
29747.036334,2932342367,2932343481,15829,1114
29747.046948,2932350199,2932351308,15946,1109
29747.056332,2932358002,2932359107,15967,1105
29747.067984,2932365810,2932366914,15836,1104
29747.078508,2932373610,2932374716,15933,1106
29747.088333,2932381420,2932382533,15961,1113
29747.099545,2932389228,2932390342,15830,1114
29747.108327,2932397043,2932398146,15839,1103
29747.120328,2932404852,2932405952,15969,1100
29747.131105,2932412652,2932413761,15833,1109
29747.140328,2932420462,2932421566,15937,1104
29747.152152,2932428261,2932429369,15964,1108
29747.162665,2932436068,2932437177,15850,1109
29747.172330,2932443901,2932445007,15948,1106
29747.183713,2932451706,2932452816,15967,1110
29747.192328,2932459510,2932460619,15835,1109
29747.204334,2932467328,2932468444,15942,1116
29747.215273,2932475135,2932476253,15954,1118
29747.224329,2932482952,2932484068,15832,1116
29747.236307,2932490776,2932491896,15943,1120
29747.246836,2932498612,2932499719,16026,1107
29747.256328,2932506415,2932507520,15909,1105
29747.267867,2932514223,2932515342,15944,1119
29747.278393,2932522031,2932523139,15961,1108
29747.288328,2932529835,2932530942,15833,1107
29747.299428,2932537628,2932538743,15947,1115
29747.308332,2932545432,2932546540,15967,1108
29747.320331,2932553237,2932554342,15837,1105
29747.330988,2932561053,2932562164,15946,1111
29747.340329,2932568858,2932569962,15970,1104
29747.352025,2932576654,2932577764,15830,1110
29747.362550,2932584470,2932585579,15964,1109
29747.372331,2932592282,2932593388,15960,1106
29747.383585,2932600097,2932601212,15820,1115
29747.392330,2932607915,2932609032,15937,1117
29747.404333,2932615729,2932616848,15970,1119
29747.415146,2932623548,2932624656,15837,1108
29747.424331,2932631358,2932632477,15937,1119
29747.436192,2932639181,2932640285,15967,1104
29747.446701,2932646951,2932648069,15776,1118
29747.456332,2932654777,2932655883,15840,1106
29747.467753,2932662595,2932663706,15969,1111
29747.476331,2932670407,2932671523,15816,1116
29747.488333,2932678229,2932679342,15940,1113
29747.499313,2932686026,2932687142,15971,1116
29747.508334,2932693837,2932694949,15851,1112
29747.520329,2932701672,2932702786,15947,1114
29747.530873,2932709489,2932710601,15971,1112
29747.540328,2932717302,2932718403,15826,1101
29747.551908,2932725106,2932726211,15943,1105
29747.562435,2932732913,2932734031,15952,1118
29747.572330,2932740738,2932741847,15836,1109
29747.583468,2932748551,2932749656,15944,1105
29747.592330,2932756362,2932757466,15966,1104
29747.604327,2932764162,2932765276,15906,1114
29747.615028,2932771972,2932773080,15942,1108
29747.624328,2932779786,2932780900,15969,1114
29747.636065,2932787601,2932788712,15824,1111
29747.646589,2932795413,2932796521,15947,1108
29747.656333,2932803250,2932804355,15972,1105
29747.667625,2932811065,2932812179,15820,1114
29747.676328,2932818884,2932819993,15947,1109
29747.688332,2932826703,2932827812,15959,1109
29747.699186,2932834502,2932835606,15830,1104
29747.708331,2932842312,2932843423,15960,1111
29747.720232,2932850128,2932851242,15955,1114
29747.730746,2932857955,2932859065,15832,1110
29747.740330,2932865779,2932866888,15947,1109
29747.751793,2932873594,2932874698,15966,1104
29747.760326,2932881386,2932882493,15833,1107
29747.772328,2932889186,2932890295,15945,1109
29747.783353,2932897001,2932898102,15966,1101
29747.792327,2932904803,2932905911,15831,1108
29747.804331,2932912603,2932913714,15848,1111
29747.814913,2932920419,2932921528,15968,1109
29747.824329,2932928223,2932929336,15825,1113
29747.835948,2932936021,2932937126,15938,1105
29747.846474,2932943806,2932944911,15964,1105
29747.856334,2932951612,2932952723,15841,1111
29747.867508,2932959425,2932960536,15946,1111
29747.876329,2932967225,2932968326,15969,1101
29747.888334,2932975028,2932976143,15823,1115
29747.899069,2932982825,2932983937,15947,1112
29747.908332,2932990660,2932991767,15950,1107
29747.920105,2932998479,2932999587,15831,1108
29747.930629,2933006288,2933007402,15948,1114
29747.940330,2933014093,2933015192,15968,1099
29747.951672,2933021902,2933023013,15910,1111
29747.960327,2933029713,2933030822,15944,1109
29747.972334,2933037514,2933038619,15955,1105
29747.983226,2933045306,2933046417,15831,1111
29747.992329,2933053104,2933054213,15949,1109
29748.004272,2933060921,2933062040,15968,1119
29748.014786,2933068741,2933069854,15825,1113
29748.024335,2933076554,2933077667,15950,1113
29748.035833,2933084367,2933085471,15969,1104
29748.046346,2933092165,2933093270,15828,1105
29748.056327,2933099977,2933101091,15962,1114
29748.067393,2933107817,2933108933,15957,1116
29748.076329,2933115628,2933116742,15835,1114
29748.088334,2933123445,2933124555,15946,1110
29748.098954,2933131250,2933132355,15967,1105
29748.108330,2933139046,2933140154,15826,1108
29748.119989,2933146858,2933147965,15944,1107
29748.130514,2933154669,2933155775,15973,1106
29748.140330,2933162471,2933163582,15832,1111
29748.160333,2933171859,2933172483,12034,624
29748.172334,2933175809,2933176433,11958,624
29748.183114,2933182320,2933183423,15992,1103
29748.192327,2933190106,2933191212,15914,1106
29748.204145,2933197892,2933198994,15847,1102
29748.214674,2933205664,2933206768,15997,1104
29748.224329,2933213449,2933214567,15917,1118
29748.235708,2933221254,2933222364,15862,1110
29748.244330,2933229072,2933230177,15985,1105
29748.256327,2933236885,2933238004,15913,1119
29748.267268,2933244686,2933245796,15831,1110
29748.276334,2933252495,2933253603,15973,1108
29748.288311,2933260309,2933261414,15919,1105
29748.298832,2933268107,2933269226,15909,1119
29748.308332,2933275914,2933277026,15985,1112
29748.319872,2933283711,2933284828,15908,1117
29748.330387,2933291528,2933292631,15848,1103
29748.340332,2933299333,2933300436,15990,1103
29748.351432,2933307140,2933308254,15918,1114
29748.360331,2933314955,2933316066,15846,1111
29748.372328,2933322765,2933323874,15998,1109
29748.382993,2933330566,2933331677,15914,1111
29748.392327,2933338381,2933339497,15836,1116
29748.404033,2933346205,2933347321,15995,1116
29748.414554,2933354021,2933355132,15916,1111
29748.424328,2933361820,2933362935,15831,1115
29748.435592,2933369629,2933370740,15980,1111
29748.444328,2933377440,2933378550,15917,1110
29748.456328,2933385249,2933386354,15837,1105
29748.467152,2933393067,2933394185,16011,1118
29748.476332,2933400896,2933402005,15914,1109
29748.488185,2933408700,2933409811,15842,1111
29748.498712,2933416504,2933417614,15913,1110
29748.508329,2933424300,2933425418,15913,1118
29748.519746,2933432126,2933433240,15849,1114
29748.528329,2933439922,2933441038,15973,1116
29748.540328,2933447754,2933448863,15914,1109
29748.551305,2933455580,2933456690,15844,1110
29748.560327,2933463386,2933464495,16000,1109
29748.572327,2933471191,2933472301,15916,1110
29748.582866,2933479002,2933480107,15830,1105
29748.592331,2933486815,2933487915,15980,1100
29748.603913,2933494618,2933495731,15913,1113
29748.614427,2933502427,2933503538,15831,1111
29748.624327,2933510245,2933511354,15984,1109
29748.635472,2933518065,2933519176,15907,1111
29748.644328,2933525880,2933526995,15908,1115
29748.656331,2933532199,2933533310,15923,1111
29748.667034,2933539997,2933541106,15901,1109
29748.676330,2933547795,2933548902,15843,1107
29748.688070,2933555593,2933556707,15944,1114
29748.698593,2933563406,2933564515,15917,1109
29748.708330,2933571210,2933572324,15843,1114
29748.719631,2933579028,2933580135,15969,1107
29748.728330,2933586827,2933587937,15915,1110
29748.740329,2933594639,2933595743,15853,1104
29748.751192,2933602442,2933603555,15974,1113
29748.760327,2933610252,2933611362,15913,1110
29748.772225,2933618076,2933619187,15864,1111
29748.782753,2933625889,2933627000,16075,1111
29748.792328,2933633707,2933634822,15997,1115
29748.803786,2933641539,2933642647,15952,1108
29748.812331,2933649367,2933650483,16072,1116
29748.824328,2933657185,2933658297,15997,1112
29748.835346,2933664995,2933666100,15848,1105
29748.844330,2933672789,2933673899,16005,1110
29748.856329,2933680598,2933681716,16000,1118
29748.866906,2933688429,2933689549,15929,1120
29748.876328,2933696259,2933697368,15985,1109
29748.887952,2933704062,2933705174,15917,1112
29748.898467,2933711880,2933712986,15827,1106
29748.908334,2933719683,2933720794,15984,1111
29748.919512,2933727495,2933728608,15912,1113
29748.928336,2933735306,2933736419,15850,1113
29748.940329,2933743121,2933744223,16000,1102
29748.951072,2933750923,2933752033,15910,1110
29748.960327,2933758731,2933759835,15850,1104
29748.972114,2933766551,2933767656,16085,1105
29748.982635,2933774358,2933775468,15988,1110
29748.992328,2933782176,2933783286,16001,1110
29749.003673,2933789998,2933791106,16087,1108
29749.012335,2933797800,2933798907,16006,1107
29749.024328,2933805601,2933806713,15834,1112
29749.035233,2933813416,2933814527,15975,1111
29749.044331,2933821234,2933822342,15923,1108
29749.056265,2933829046,2933830160,15821,1114
29749.066793,2933836859,2933837971,15982,1112
29749.076330,2933844673,2933845778,15913,1105
29749.087826,2933852494,2933853599,15852,1105
29749.098354,2933860313,2933861421,15981,1108
29749.108332,2933868115,2933869222,15920,1107
29749.119387,2933875921,2933877029,15845,1108
29749.128327,2933883741,2933884857,15994,1116
29749.140328,2933891564,2933892670,15917,1106
29749.150946,2933899366,2933900477,15848,1111
29749.160333,2933907161,2933908276,15995,1115
29749.171994,2933914979,2933916093,16000,1114
29749.182507,2933922800,2933923911,15914,1111
29749.192333,2933930615,2933931725,16008,1110
29749.203554,2933938423,2933939533,16002,1110
29749.212327,2933946235,2933947350,15833,1115
29749.224330,2933954054,2933955162,15981,1108
29749.235113,2933961867,2933962985,15917,1118
29749.244330,2933969715,2933970829,15827,1114
29749.256152,2933977532,2933978641,15976,1109
29749.266673,2933985350,2933986464,15915,1114
29749.276329,2933993176,2933994295,15853,1119
29749.287714,2934001008,2934002118,15998,1110
29749.296328,2934008817,2934009929,15915,1112
29749.308327,2934016640,2934017749,15848,1109
29749.319276,2934024441,2934025551,15998,1110
29749.328328,2934032255,2934033374,15919,1119
29749.340313,2934040071,2934041175,15911,1104
29749.350835,2934047868,2934048980,15990,1112
29749.360328,2934055672,2934056787,15992,1115
29749.371865,2934063487,2934064600,15915,1113
29749.382395,2934071289,2934072398,16062,1109
29749.392327,2934079095,2934080210,16004,1115
29749.403426,2934086912,2934088022,15917,1110
29749.412333,2934094733,2934095841,16070,1108
29749.424330,2934102543,2934103656,16004,1113
29749.434987,2934110356,2934111472,15934,1116
29749.444347,2934118174,2934119287,16075,1113
29749.456032,2934125990,2934127103,16006,1113
29749.466547,2934133801,2934134911,15845,1110
29749.476328,2934141612,2934142716,16001,1104
29749.487593,2934149433,2934150541,15864,1108
29749.496331,2934157239,2934158348,15892,1109
29749.508331,2934165061,2934166174,15990,1113
29749.519153,2934172868,2934173977,15913,1109
29749.528335,2934180682,2934181792,15847,1110
29749.540192,2934188499,2934189613,15924,1114
29749.550713,2934196315,2934197420,15921,1105
29749.560329,2934204112,2934205222,15838,1110
29749.571752,2934211918,2934213034,15962,1116
29749.580328,2934219747,2934220856,15917,1109
29749.592333,2934227560,2934228670,15845,1110
29749.603311,2934235366,2934236479,15966,1113
29749.612328,2934243183,2934244291,15916,1108
29749.624330,2934250979,2934252091,15865,1112
29749.634874,2934258775,2934259883,15985,1108
29749.644332,2934266579,2934267690,15897,1111
29749.655906,2934274381,2934275494,15852,1113
29749.666434,2934282192,2934283302,15986,1110
29749.676331,2934290004,2934291118,15917,1114
29749.687472,2934297807,2934298921,15908,1114
29749.696332,2934305572,2934306683,16090,1111
29749.708334,2934313395,2934314505,15989,1110
29749.719027,2934321189,2934322294,15915,1105
29749.728327,2934329013,2934330133,16068,1120
29749.740074,2934336835,2934337945,15919,1110
29749.750588,2934344646,2934345756,15833,1110
29749.760329,2934352434,2934353550,15958,1116
29749.771633,2934360248,2934361357,15913,1109
29749.780328,2934368060,2934369175,15851,1115
29749.792327,2934375878,2934376993,15986,1115
29749.803194,2934383705,2934384816,15918,1111
29749.812329,2934391524,2934392628,15845,1104
29749.824234,2934399319,2934400432,15992,1113
29749.834755,2934407136,2934408241,15916,1105
29749.844331,2934414943,2934416054,15853,1111
29749.855794,2934422753,2934423862,15994,1109
29749.864331,2934430569,2934431688,15915,1119
29749.876328,2934438389,2934439498,15832,1109
29749.887354,2934446210,2934447318,15922,1108
29749.896328,2934454035,2934455154,15903,1119
29749.908330,2934461863,2934462970,15833,1107
29749.918913,2934469674,2934470789,15981,1115
29749.928333,2934477488,2934478607,15909,1119
29749.939946,2934485305,2934486415,15834,1110
29749.950474,2934493110,2934494219,16070,1109
29749.960331,2934500920,2934502035,16001,1115
29749.971507,2934508740,2934509851,15932,1111
29749.980336,2934516553,2934517654,15998,1101
29749.992333,2934524346,2934525458,15914,1112
29750.003070,2934532140,2934533254,15874,1114
29750.012331,2934539951,2934541059,15992,1108
29750.024114,2934547757,2934548866,15916,1109
29750.034635,2934555558,2934556665,15914,1107
29750.044328,2934563344,2934564454,15996,1110
29750.055675,2934571158,2934572269,15912,1111
29750.064330,2934578976,2934580087,15825,1111
29750.076335,2934586788,2934587895,15988,1107
29750.087235,2934594594,2934595705,15917,1111
29750.096327,2934602402,2934603503,15828,1101
29750.108271,2934610222,2934611339,15970,1117
29750.118792,2934618048,2934619159,15908,1111
29750.128328,2934625858,2934626968,15857,1110
29750.139831,2934633675,2934634775,15973,1100
29750.150353,2934641487,2934642595,15911,1108
29750.160331,2934649285,2934650389,15864,1104
29750.171393,2934657093,2934658199,15987,1106
29750.180328,2934664898,2934666012,15920,1114
29750.192337,2934672721,2934673828,15859,1107
29750.202954,2934680530,2934681645,15985,1115
29750.212328,2934688342,2934689459,15907,1117
29750.223987,2934696167,2934697277,15847,1110
29750.234514,2934703980,2934705086,15921,1106
29750.244328,2934711798,2934712903,15915,1105
29750.255547,2934719601,2934720711,15845,1110
29750.264331,2934727409,2934728524,15968,1115
29750.276333,2934735227,2934736332,15912,1105
29750.287107,2934743026,2934744128,15845,1102
29750.296335,2934750823,2934751928,15966,1105
29750.308154,2934758670,2934759778,15912,1108
29750.318668,2934766476,2934767584,15844,1108
29750.328327,2934774271,2934775375,16004,1104
29750.339715,2934782064,2934783178,16003,1114
29750.348333,2934789869,2934790988,15940,1119
29750.360334,2934797692,2934798808,16084,1116
29750.371275,2934805502,2934806612,16004,1110
29750.380328,2934813315,2934814424,15994,1109
29750.392314,2934821125,2934822243,16087,1118
29750.402835,2934828941,2934830050,16005,1109
29750.412329,2934836766,2934837871,15911,1105
29750.423873,2934844562,2934845675,16072,1113
29750.434396,2934852379,2934853489,16004,1110
29750.444331,2934860196,2934861306,15830,1110
29750.455433,2934868010,2934869121,15983,1111
29750.464328,2934875808,2934876914,15914,1106
29750.476330,2934883611,2934884731,15852,1120
29750.486994,2934891437,2934892546,15981,1109
29750.496332,2934899243,2934900357,15914,1114
29750.508027,2934906955,2934908065,15847,1110
29750.518554,2934914776,2934915892,15988,1116
29750.528333,2934922593,2934923699,15915,1106
29750.539587,2934930407,2934931521,15868,1114
29750.548327,2934938221,2934939332,15977,1111
29750.560329,2934946037,2934947147,15922,1110
29750.571147,2934953843,2934954962,15833,1119
29750.580328,2934961667,2934962786,15920,1119
29750.592193,2934969484,2934970603,15922,1119
29750.602708,2934977296,2934978410,15845,1114
29750.612332,2934985103,2934986218,15964,1115
29750.623752,2934992923,2934994035,15899,1112
29750.632333,2935000738,2935001849,15871,1111
29750.644330,2935008559,2935009665,15968,1106
29750.655312,2935016367,2935017481,15914,1114
29750.664333,2935024186,2935025294,15865,1108
29750.676331,2935031998,2935033113,15983,1115
29750.686873,2935039817,2935040923,15908,1106
29750.696329,2935047635,2935048739,15859,1104
29750.707913,2935055439,2935056553,15985,1114
29750.718436,2935063278,2935064381,15916,1103
29750.728333,2935071090,2935072201,15912,1111
29750.739475,2935078910,2935080029,15995,1119
29750.748333,2935086735,2935087853,15916,1118
29750.760327,2935094555,2935095664,15834,1109
29750.771033,2935102376,2935103485,15982,1109
29750.780333,2935110215,2935111329,15918,1114
29750.792067,2935118041,2935119149,15827,1108
29750.802594,2935125849,2935126965,15984,1116
29750.812334,2935133658,2935134777,15908,1119
29750.823627,2935141478,2935142590,15847,1112
29750.832328,2935149298,2935150409,15976,1111
29750.844328,2935157113,2935158224,15912,1111
29750.855188,2935164915,2935166020,15852,1105
29750.864327,2935172721,2935173831,16001,1110
29750.876234,2935180528,2935181639,15902,1111
29750.886748,2935188344,2935189459,15836,1115
29750.896327,2935196149,2935197258,16078,1109
29750.907795,2935203964,2935205077,16004,1113
29750.916329,2935211787,2935212907,15828,1120
29750.928333,2935219607,2935220722,15921,1115
29750.939356,2935227423,2935228538,15917,1115
29750.948328,2935235238,2935236344,15831,1106
29750.960334,2935243050,2935244154,15976,1104
29750.970916,2935250855,2935251963,15925,1108
29750.980330,2935258647,2935259761,15847,1114
29750.991953,2935266465,2935267570,15982,1105
29751.002474,2935274272,2935275389,15991,1117
29751.012329,2935282090,2935283200,15937,1110
29751.023515,2935289897,2935291008,16086,1111
29751.032328,2935297719,2935298824,16002,1105
29751.044333,2935305527,2935306640,15935,1113
29751.055075,2935313339,2935314444,16080,1105
29751.064336,2935321151,2935322267,16004,1116
29751.076114,2935328951,2935330071,15989,1120
29751.086636,2935336781,2935337890,16084,1109
29751.096329,2935344593,2935345704,16006,1111
29751.107669,2935352403,2935353522,15917,1119
29751.116329,2935360221,2935361335,15981,1114
29751.128335,2935368058,2935369162,15924,1104
29751.139227,2935375859,2935376965,15829,1106
29751.148329,2935383658,2935384755,15987,1097
29751.160272,2935391454,2935392562,15912,1108
29751.170788,2935399264,2935400380,15839,1116
29751.180335,2935407078,2935408183,15981,1105
29751.191834,2935414892,2935416002,15915,1110
29751.202349,2935422716,2935423822,15847,1106
29751.212334,2935430522,2935431632,15989,1110
29751.223396,2935438347,2935439453,15903,1106
29751.232331,2935446151,2935447266,15853,1115
29751.244334,2935453973,2935455084,15988,1111
29751.254956,2935461784,2935462889,15916,1105
29751.264333,2935469575,2935470685,15834,1110
29751.275994,2935477387,2935478498,15922,1111
29751.286516,2935485193,2935486308,15919,1115
29751.296335,2935492999,2935494109,15832,1110
29751.307554,2935500800,2935501910,15986,1110
29751.316334,2935508624,2935509732,15915,1108
29751.328333,2935516372,2935517481,15845,1109
29751.339113,2935524185,2935525304,15969,1119
29751.348330,2935531997,2935533108,15896,1111
29751.360147,2935539798,2935540912,15851,1114
29751.370675,2935547606,2935548721,15982,1115
29751.380329,2935555421,2935556533,15915,1112
29751.391707,2935563232,2935564341,15861,1109
29751.400329,2935571043,2935572159,15985,1116
29751.412326,2935578852,2935579960,15916,1108
29751.423274,2935586658,2935587764,15909,1106
29751.432330,2935594464,2935595577,15976,1113
29751.444313,2935602280,2935603389,15917,1109
29751.454828,2935610099,2935611204,15933,1105
29751.464329,2935617895,2935619009,16063,1114
29751.475873,2935625714,2935626824,16006,1110
29751.486389,2935633532,2935634652,15934,1120
29751.496332,2935641353,2935642467,16057,1114
29751.507432,2935649161,2935650276,16003,1115
29751.516329,2935656975,2935658086,15948,1111
29751.528329,2935664790,2935665901,16077,1111
29751.538994,2935672596,2935673708,15915,1112
29751.548330,2935680426,2935681536,15850,1110
29751.560035,2935688236,2935689352,16001,1116
29751.570557,2935696057,2935697167,16003,1110
29751.580330,2935703861,2935704977,15935,1116
29751.591595,2935711680,2935712795,16083,1115
29751.600334,2935719490,2935720595,16005,1105
29751.612329,2935727291,2935728410,15911,1119
29751.623155,2935735102,2935736216,16008,1114
29751.632328,2935742911,2935744025,16005,1114
29751.644187,2935750718,2935751831,15908,1113
29751.654714,2935758539,2935759640,16070,1101
29751.664328,2935766339,2935767448,15999,1109
29751.675747,2935774151,2935775260,15918,1109
29751.684329,2935781972,2935783076,16073,1104
29751.696330,2935789778,2935790887,16005,1109
29751.707308,2935797590,2935798704,15930,1114
29751.716329,2935805401,2935806510,16080,1109
29751.728330,2935813214,2935814320,15906,1106
29751.738869,2935821015,2935822125,15939,1110
29751.748329,2935828827,2935829938,16089,1111
29751.759915,2935836642,2935837752,15983,1110
29751.770436,2935844453,2935845564,15994,1111
29751.780330,2935852269,2935853389,16085,1120
29751.791476,2935860100,2935861215,16006,1115
29751.800329,2935867903,2935869016,15913,1113
29751.812328,2935875713,2935876824,16069,1111
29751.823036,2935883514,2935884623,16026,1109
29751.832333,2935891321,2935892429,15920,1108
29751.844073,2935899134,2935900249,16074,1115
29751.854595,2935906816,2935907922,15999,1106
29751.864333,2935914619,2935915733,15938,1114
29751.875635,2935922432,2935923545,16064,1113
29751.884332,2935930240,2935931349,16003,1109
29751.896330,2935938043,2935939152,15939,1109
29751.907196,2935945844,2935946960,15987,1116
29751.916331,2935953666,2935954772,16002,1106
29751.928227,2935961469,2935962584,15935,1115
29751.938755,2935969288,2935970395,15987,1107
29751.948331,2935977093,2935978204,15907,1111
29751.959787,2935984911,2935986025,15845,1114
29751.968330,2935992723,2935993831,15924,1108
29751.980334,2936000528,2936001633,15917,1105
29751.991348,2936008336,2936009449,15848,1113
29752.000327,2936016147,2936017258,15968,1111
29752.012331,2936023963,2936025063,15918,1100
29752.022908,2936031765,2936032868,15842,1103
29752.032328,2936039575,2936040686,16057,1111
29752.043952,2936047382,2936048491,15999,1109
29752.054469,2936055184,2936056284,15954,1100
29752.064332,2936062981,2936064095,16071,1114
29752.075512,2936070794,2936071904,16004,1110
29752.084332,2936078612,2936079721,15948,1109
29752.096328,2936086430,2936087529,16077,1099
29752.107075,2936094230,2936095350,16006,1120
29752.116333,2936102057,2936103166,15998,1109
29752.128114,2936109868,2936110988,16069,1120
29752.140130,2936118793,2936119907,15820,1114
29752.150654,2936126615,2936127730,15942,1115
29752.160333,2936134437,2936135546,15968,1109
29752.171692,2936142246,2936143351,15846,1105
29752.180327,2936150049,2936151158,15944,1109
29752.192330,2936157855,2936158962,15968,1107
29752.203251,2936165672,2936166780,15830,1108
29752.212329,2936173477,2936174592,15940,1115
29752.224298,2936181277,2936182389,15953,1112
29752.234812,2936189086,2936190199,15828,1113
29752.244331,2936196891,2936198001,15945,1110
29752.255859,2936204693,2936205800,15972,1107
29752.266379,2936212516,2936213625,15913,1109
29752.276327,2936220310,2936221421,15945,1111
29752.287419,2936228124,2936229232,15972,1108
29752.296328,2936235934,2936237043,15832,1109
29752.308329,2936243740,2936244855,15944,1115
29752.318980,2936251563,2936252675,15991,1112
29752.328333,2936259360,2936260468,15832,1108
29752.340013,2936267165,2936268270,15933,1105
29752.350541,2936274991,2936276105,15956,1114
29752.360331,2936282805,2936283924,15830,1119
29752.371575,2936290606,2936291710,15959,1104
29752.380329,2936298389,2936299499,15987,1110
29752.392329,2936306194,2936307307,15833,1113
29752.403134,2936313993,2936315099,15932,1106
29752.412328,2936321800,2936322910,15969,1110
29752.424172,2936329606,2936330722,15820,1116
29752.434695,2936337412,2936338526,15943,1114
29752.444327,2936345229,2936346343,15968,1114
29752.455731,2936353031,2936354142,15823,1111
29752.464332,2936360845,2936361956,15850,1111
29752.476330,2936368657,2936369762,15965,1105
29752.487291,2936376475,2936377576,15832,1101
29752.496328,2936384271,2936385387,15942,1116
29752.508328,2936392081,2936393190,15963,1109
29752.518851,2936399889,2936400993,15849,1104
29752.528327,2936407688,2936408797,15941,1109
29752.539898,2936415486,2936416594,15969,1108
29752.550412,2936423303,2936424417,15829,1114
29752.560327,2936431124,2936432244,15945,1120
29752.571459,2936438946,2936440057,15970,1111
29752.580329,2936446756,2936447872,15834,1116
29752.592330,2936454575,2936455691,15943,1116
29752.603021,2936462386,2936463499,15969,1113
29752.612330,2936470206,2936471322,15913,1116
29752.624053,2936478027,2936479141,15942,1114
29752.634579,2936485850,2936486959,15968,1109
29752.644331,2936493661,2936494767,15822,1106
29752.655614,2936501450,2936502559,15945,1109
29752.664328,2936509264,2936510373,15972,1109
29752.676329,2936517056,2936518162,15834,1106
29752.687176,2936524847,2936525947,15944,1100
29752.696331,2936532652,2936533756,15966,1104
29752.708211,2936540457,2936541570,15821,1113
29752.718736,2936548266,2936549381,15954,1115
29752.728327,2936556072,2936557174,15967,1102
29752.739771,2936563863,2936564973,15825,1110
29752.748331,2936571673,2936572774,15942,1101
29752.760334,2936579473,2936580583,15959,1110
29752.771332,2936587283,2936588397,15828,1114
29752.780329,2936595097,2936596203,15944,1106
29752.792328,2936602899,2936604003,15971,1104
29752.802891,2936610705,2936611816,15834,1111
29752.812332,2936618523,2936619637,15849,1114
29752.823938,2936626329,2936627434,15969,1105
29752.834452,2936634141,2936635246,15827,1105
29752.844328,2936641936,2936643047,15938,1111
29752.855499,2936649739,2936650853,15955,1114
29752.864327,2936657543,2936658659,15844,1116
29752.876328,2936665357,2936666467,15947,1110
29752.887060,2936673175,2936674275,15971,1100
29752.896330,2936680966,2936682070,15832,1104
29752.908094,2936688766,2936689871,15936,1105
29752.918620,2936696572,2936697675,15955,1103
29752.928329,2936704381,2936705491,15833,1110
29752.939653,2936712205,2936713324,15948,1119
29752.948329,2936720025,2936721130,15968,1105
29752.960330,2936727810,2936728930,15909,1120
29752.971214,2936735608,2936736721,15935,1113
29752.980327,2936743416,2936744521,15965,1105
29752.992252,2936751227,2936752336,15832,1109
29753.002774,2936759024,2936760133,15933,1109
29753.012328,2936766826,2936767929,15963,1103
29753.023811,2936774624,2936775728,15837,1104
29753.034335,2936782441,2936783546,15942,1105
29753.044330,2936790250,2936791360,15964,1110
29753.055371,2936798050,2936799167,15830,1117
29753.064331,2936805871,2936806990,15962,1119
29753.076328,2936813692,2936814797,15967,1105
29753.086932,2936821496,2936822605,15830,1109
29753.096330,2936829293,2936830393,15946,1100
29753.107979,2936837085,2936838188,15968,1103
29753.118493,2936844881,2936845988,15826,1107
29753.128329,2936852663,2936853763,15948,1100
29753.139539,2936860456,2936861562,15964,1106
29753.148334,2936868258,2936869364,15828,1106
29753.160328,2936876077,2936877191,15855,1114
29753.171098,2936883880,2936884994,15955,1114
29753.180332,2936891697,2936892813,15843,1116
29753.192133,2936899503,2936900612,15949,1109
29753.202658,2936907311,2936908418,15959,1107
29753.212329,2936915117,2936916227,15859,1110
29753.223694,2936922921,2936924030,15947,1109
29753.232328,2936930720,2936931834,15948,1114
29753.244327,2936938515,2936939624,15843,1109
29753.255254,2936946329,2936947431,15946,1102
29753.264332,2936954128,2936955237,15931,1109
29753.276291,2936961934,2936963044,15844,1110
29753.286815,2936969733,2936970838,15946,1105
29753.296329,2936977535,2936978646,15949,1111
29753.307857,2936985332,2936986445,15912,1113
29753.318375,2936993150,2936994260,15947,1110
29753.328327,2937000944,2937002064,15957,1120
29753.339411,2937008764,2937009870,15842,1106
29753.348331,2937016552,2937017663,15892,1111
29753.360328,2937024361,2937025474,15956,1113
29753.370972,2937032187,2937033300,15849,1113
29753.380334,2937039988,2937041099,15891,1111
29753.392017,2937047794,2937048901,15963,1107
29753.402534,2937055605,2937056709,15843,1104
29753.412329,2937063406,2937064517,15963,1111
29753.423578,2937071196,2937072316,15958,1120
29753.432331,2937079025,2937080143,15849,1118
29753.444327,2937086840,2937087944,15941,1104
29753.455140,2937094662,2937095773,15976,1111
29753.464335,2937102460,2937103570,15845,1110
29753.476173,2937110255,2937111363,15946,1108
29753.486698,2937118044,2937119148,15946,1104
29753.496333,2937125854,2937126968,15845,1114
29753.507733,2937133658,2937134769,15857,1111
29753.516330,2937141462,2937142571,15959,1109
29753.528329,2937149253,2937150363,15847,1110
29753.539294,2937157050,2937158156,15947,1106
29753.548333,2937164854,2937165959,15956,1105
29753.560329,2937172667,2937173777,15864,1110
29753.570855,2937180480,2937181584,15940,1104
29753.580328,2937188276,2937189382,15958,1106
29753.591894,2937196059,2937197170,15872,1111
29753.602415,2937203861,2937204965,15945,1104
29753.612331,2937211645,2937212759,15930,1114
29753.623451,2937219455,2937220569,15844,1114
29753.632330,2937227273,2937228377,15945,1104
29753.644328,2937235076,2937236181,15961,1105
29753.655018,2937242886,2937243999,15907,1113
29753.664328,2937250711,2937251820,15939,1109
29753.676057,2937258517,2937259626,15960,1109
29753.686573,2937266320,2937267420,15849,1100
29753.696329,2937274116,2937275224,15943,1108
29753.707617,2937281913,2937283019,15952,1106
29753.716330,2937289718,2937290827,15845,1109
29753.728331,2937297514,2937298623,15946,1109
29753.739178,2937305304,2937306414,15956,1110
29753.748333,2937313108,2937314217,15836,1109
29753.760215,2937320911,2937322015,15960,1104
29753.770739,2937328671,2937329791,15987,1120
29753.780331,2937336497,2937337602,15846,1105
29753.791774,2937344297,2937345404,15937,1107
29753.800328,2937352103,2937353209,15954,1106
29753.812334,2937359899,2937361008,15844,1109
29753.823334,2937367704,2937368818,15939,1114
29753.832331,2937375517,2937376631,15956,1114
29753.844333,2937383332,2937384437,15844,1105
29753.854893,2937391137,2937392250,15863,1113
29753.864331,2937398954,2937400068,15949,1114
29753.875931,2937406751,2937407855,15840,1104
29753.886455,2937414542,2937415651,15943,1109
29753.896329,2937422348,2937423458,15957,1110
29753.907492,2937430157,2937431265,15861,1108
29753.916327,2937437962,2937439074,15942,1112
29753.928330,2937445770,2937446882,15956,1112
29753.939052,2937453578,2937454690,15846,1112
29753.948328,2937461383,2937462494,15944,1111
29753.960098,2937469189,2937470304,15942,1115
29753.970613,2937476998,2937478108,15848,1110
29753.980335,2937484827,2937485925,15960,1098
29753.991660,2937492629,2937493740,15969,1111
29754.000328,2937500441,2937501546,15904,1105
29754.012328,2937508232,2937509343,15888,1111
29754.023220,2937516041,2937517151,15971,1110
29754.032333,2937523848,2937524956,15822,1108
29754.044254,2937531658,2937532762,15945,1104
29754.054779,2937539449,2937540559,15970,1110
29754.064331,2937547240,2937548358,15833,1118
29754.075814,2937555057,2937556162,15947,1105
29754.084329,2937562848,2937563948,15972,1100
29754.096330,2937570629,2937571729,15857,1100
29754.107376,2937578422,2937579537,15965,1115
29754.116329,2937586242,2937587347,15968,1105
29754.128330,2937594046,2937595156,15830,1110
29754.138936,2937601853,2937602964,15946,1111
29754.148328,2937609660,2937610768,15968,1108
29754.159972,2937617464,2937618565,15833,1101
29754.170496,2937625250,2937626361,15941,1111
29754.180330,2937633071,2937634187,15999,1116
29754.191533,2937640884,2937641990,15823,1106
29754.200327,2937648678,2937649782,15845,1104
29754.212327,2937656480,2937657591,15964,1111
29754.223092,2937664297,2937665406,15827,1109
29754.232330,2937672107,2937673221,15945,1114
29754.244139,2937679924,2937681028,15969,1104
29754.254652,2937687723,2937688838,15847,1115
29754.264335,2937695538,2937696651,15947,1113
29754.275700,2937703359,2937704468,15961,1109
29754.284328,2937711166,2937712285,15832,1119
29754.296333,2937718977,2937720091,15944,1114
29754.307261,2937726786,2937727891,15956,1105
29754.316334,2937734581,2937735692,15830,1111
29754.328295,2937742391,2937743500,15946,1109
29754.338821,2937750193,2937751299,15969,1106
29754.348330,2937757996,2937759093,15908,1097
29754.359855,2937765780,2937766892,15949,1112
29754.370380,2937773588,2937774701,15970,1113
29754.380334,2937781406,2937782510,15831,1104
29754.391415,2937789210,2937790312,15937,1102
29754.400328,2937797002,2937798108,15969,1106
29754.412327,2937804820,2937805924,15830,1104
29754.422973,2937812619,2937813729,15894,1110
29754.432330,2937820448,2937821563,15967,1115
29754.444013,2937828262,2937829375,15834,1113
29754.454537,2937836073,2937837192,15962,1119
29754.464331,2937843883,2937844994,15960,1111
29754.475572,2937851690,2937852807,15836,1117
29754.484330,2937859493,2937860608,15919,1115
29754.496330,2937867310,2937868419,15966,1109
29754.507133,2937875125,2937876230,15830,1105
29754.516327,2937882931,2937884045,15943,1114
29754.528179,2937890740,2937891845,15973,1105
29754.538695,2937898530,2937899641,15861,1111
29754.548328,2937906336,2937907449,15853,1113
29754.559739,2937914149,2937915265,15962,1116
29754.568329,2937921953,2937923057,15834,1104
29754.580329,2937929757,2937930871,15950,1114
29754.591300,2937937581,2937938695,15970,1114
29754.600330,2937945393,2937946498,15838,1105
29754.612330,2937953189,2937954294,15936,1105
29754.622860,2937960981,2937962092,15970,1111
29754.632327,2937968775,2937969884,15860,1109
29754.643894,2937976578,2937977684,15941,1106
29754.654421,2937984392,2937985506,15956,1114
29754.664333,2937992201,2937993306,15819,1105
29754.675455,2937999994,2938001099,15945,1105
29754.684331,2938007812,2938008922,15967,1110
29754.696330,2938015598,2938016708,15901,1110
29754.707015,2938023409,2938024524,15943,1115
29754.716330,2938031223,2938032334,15962,1111
29754.728051,2938039029,2938040134,15828,1105
29754.738576,2938046821,2938047932,15944,1111
29754.748329,2938054626,2938055737,15971,1111
29754.759612,2938062431,2938063550,15833,1119
29754.768333,2938070237,2938071345,15947,1108
29754.780335,2938078032,2938079152,15966,1120
29754.791175,2938085853,2938086982,15829,1129
29754.800334,2938093690,2938094800,15940,1110
29754.812220,2938101507,2938102612,15970,1105
29754.822735,2938109312,2938110419,15826,1107
29754.832328,2938117112,2938118223,15945,1111
29754.843780,2938124919,2938126027,15974,1108
29754.852329,2938132724,2938133829,15830,1105
29754.864330,2938140513,2938141627,15943,1114
29754.875341,2938148312,2938149423,15999,1111
29754.884328,2938156117,2938157236,15858,1119
29754.896328,2938163936,2938165045,15849,1109
29754.906901,2938171736,2938172849,15971,1113
29754.916329,2938179545,2938180660,15834,1115
29754.927934,2938187353,2938188462,15943,1109
29754.938461,2938195156,2938196262,15973,1106
29754.948329,2938202963,2938204078,15845,1115
29754.959495,2938210777,2938211881,15943,1104
29754.968328,2938218577,2938219690,15969,1113
29754.980327,2938226401,2938227504,15835,1103
29754.991056,2938234199,2938235310,15944,1111
29755.000334,2938242012,2938243120,15998,1108
29755.012094,2938249806,2938250910,15834,1104
29755.022616,2938257607,2938258717,15946,1110
29755.032327,2938265429,2938266541,15967,1112
29755.043660,2938273226,2938274337,15909,1111
29755.052330,2938281036,2938282144,15944,1108
29755.064336,2938288840,2938289953,15962,1113
29755.075213,2938296641,2938297751,15833,1110
29755.084331,2938304454,2938305558,15947,1104
29755.096258,2938312268,2938313378,15961,1110
29755.106773,2938320074,2938321181,15832,1107
29755.116331,2938327877,2938328985,15947,1108
29755.127820,2938335685,2938336805,15968,1120
29755.136332,2938343500,2938344604,15834,1104
29755.148330,2938351304,2938352412,15958,1108
29755.159380,2938359112,2938360221,15962,1109
29755.168328,2938366899,2938368006,15835,1107
29755.180329,2938374740,2938375849,15947,1109
29755.190941,2938382535,2938383645,15969,1110
29755.200332,2938390345,2938391451,15826,1106
29755.211976,2938398138,2938399246,15948,1108
29755.222501,2938405940,2938407050,15967,1110
29755.232329,2938413750,2938414860,15831,1110
29755.243534,2938421556,2938422662,15850,1106
29755.252328,2938429360,2938430470,15966,1110
29755.264333,2938437157,2938438267,15832,1110
29755.275096,2938444969,2938446085,15945,1116
29755.284327,2938452789,2938453902,15971,1113
29755.296132,2938460588,2938461698,15846,1110
29755.306656,2938468408,2938469517,15947,1109
29755.316327,2938476202,2938477317,15960,1115
29755.327692,2938484012,2938485122,15831,1110
29755.336327,2938491833,2938492942,15945,1109
29755.348327,2938499645,2938500762,15958,1117
29755.359255,2938507459,2938508570,15831,1111
29755.368328,2938515258,2938516369,15942,1111
29755.380300,2938523058,2938524169,15968,1111
29755.390821,2938530863,2938531978,15909,1115
29755.400331,2938538677,2938539785,15945,1108
29755.411861,2938546490,2938547604,15967,1114
29755.422374,2938554306,2938555414,15831,1108
29755.432327,2938562105,2938563205,15946,1100
29755.443419,2938569896,2938571007,15962,1111
29755.452331,2938577703,2938578813,15833,1110
29755.464329,2938585511,2938586622,15946,1111
29755.474981,2938593310,2938594418,15996,1108
29755.484329,2938601125,2938602235,15830,1110
29755.496017,2938608930,2938610039,15957,1109
29755.506542,2938616734,2938617848,15968,1114
29755.516330,2938624531,2938625645,15832,1114
29755.527576,2938632349,2938633453,15945,1104
29755.536334,2938640145,2938641250,15970,1105
29755.548329,2938647946,2938649057,15835,1111
29755.559137,2938655761,2938656871,15935,1110
29755.568334,2938663561,2938664668,15960,1107
29755.580175,2938671358,2938672460,15864,1102
29755.590694,2938679147,2938680254,15847,1107
29755.600328,2938686948,2938688050,15972,1102
29755.611733,2938694753,2938695870,15845,1117
29755.620330,2938702579,2938703699,15946,1120
29755.632330,2938710405,2938711505,15971,1100
29755.643293,2938718209,2938719323,15847,1114
29755.652328,2938726018,2938727137,15950,1119
29755.664328,2938733845,2938734959,15970,1114
29755.674853,2938741663,2938742769,15835,1106
29755.684328,2938749458,2938750566,15944,1108
29755.695900,2938757264,2938758379,15954,1115
29755.706414,2938765072,2938766183,15834,1111
29755.716328,2938772881,2938773987,15942,1106
29755.727461,2938780688,2938781807,15961,1119
29755.736333,2938788502,2938789611,15908,1109
29755.748330,2938796300,2938797411,15945,1111
29755.759021,2938804092,2938805201,15968,1109
29755.768328,2938811892,2938813000,15824,1108
29755.780055,2938819694,2938820810,15949,1116
29755.790580,2938827517,2938828632,15970,1115
29755.800333,2938835331,2938836431,15829,1100
29755.811613,2938843153,2938844268,15936,1115
29755.820330,2938850965,2938852081,15970,1116
29755.832330,2938858783,2938859894,15828,1111
29755.843177,2938866590,2938867705,15962,1115
29755.852329,2938874392,2938875497,15968,1105
29755.864215,2938882188,2938883301,15861,1113
29755.874736,2938889995,2938891097,15946,1102
29755.884330,2938897795,2938898910,15953,1115
29755.895773,2938905603,2938906710,15820,1107
29755.904329,2938913411,2938914525,15942,1114
29755.916332,2938921223,2938922343,15972,1120
29755.927333,2938929057,2938930172,15834,1115
29755.936330,2938936867,2938937981,15850,1114
29755.948329,2938944679,2938945790,15972,1111
29755.958894,2938952490,2938953595,15830,1105
29755.968331,2938960296,2938961410,15928,1114
29755.979941,2938968113,2938969221,15970,1108
29755.990457,2938975913,2938977021,15873,1108
29756.000329,2938983723,2938984827,15937,1104
29756.011501,2938991515,2938992621,15968,1106
29756.020329,2938999205,2939000317,15833,1112
29756.032330,2939007017,2939008128,15942,1111
29756.043062,2939014833,2939015947,15960,1114
29756.052328,2939022650,2939023758,15835,1108
29756.064096,2939030454,2939031570,15941,1116
29756.074622,2939038255,2939039368,15975,1113
29756.084330,2939046075,2939047187,15912,1112
29756.095656,2939053886,2939054996,15914,1110
29756.104328,2939061687,2939062797,15961,1110
29756.116328,2939069496,2939070596,15833,1100
29756.127216,2939077300,2939078416,15945,1116
29756.136327,2939085123,2939086229,15970,1106
29756.148253,2939092923,2939094032,15826,1109
29756.158776,2939100719,2939101827,15941,1108
29756.168333,2939108498,2939109609,15990,1111
29756.179813,2939116300,2939117415,15830,1115
29756.190340,2939124127,2939125242,15957,1115
29756.200336,2939131880,2939132986,15984,1106
29756.211373,2939139673,2939140779,15833,1106
29756.220331,2939147480,2939148590,15945,1110
29756.232333,2939155252,2939156357,15989,1105
29756.242934,2939163054,2939164162,15832,1108
29756.252330,2939170839,2939171950,15945,1111
29756.263981,2939178607,2939179718,15984,1111
29756.274494,2939186409,2939187521,15820,1112
29756.284329,2939194218,2939195327,15853,1109
29756.295541,2939202028,2939203136,15961,1108
29756.304332,2939209833,2939210939,15833,1106
29756.316327,2939217630,2939218736,15947,1106
29756.327101,2939225380,2939226495,15987,1115
29756.336330,2939233187,2939234291,15830,1104
29756.348133,2939240981,2939242082,15891,1101
29756.358662,2939248752,2939249861,15991,1109
29756.368327,2939256551,2939257660,15853,1109
29756.379696,2939264358,2939265469,15946,1111
29756.388327,2939272116,2939273230,16004,1114
29756.400332,2939279936,2939281036,15831,1100
29756.411256,2939287738,2939288852,15946,1114
29756.420334,2939295501,2939296611,15986,1110
29756.432300,2939303319,2939304434,15906,1115
29756.442819,2939311129,2939312244,15941,1115
29756.452329,2939318901,2939320015,15988,1114
29756.463853,2939326702,2939327808,15831,1106
29756.474378,2939334506,2939335619,15945,1113
29756.484327,2939342283,2939343398,15954,1115
29756.495414,2939350102,2939351207,15844,1105
29756.504331,2939357919,2939359028,15946,1109
29756.516333,2939365672,2939366776,15948,1104
29756.526974,2939373460,2939374570,15846,1110
29756.536331,2939381257,2939382354,15933,1097
29756.548021,2939389009,2939390118,15989,1109
29756.558538,2939396813,2939397914,15859,1101
29756.568330,2939404616,2939405731,15906,1115
29756.579581,2939412402,2939413516,15986,1114
29756.588328,2939420206,2939421320,15832,1114
29756.600328,2939428018,2939429118,15945,1100
29756.611141,2939435775,2939436880,15939,1105
29756.620331,2939443583,2939444692,15847,1109
29756.632174,2939451424,2939452538,15947,1114
29756.642701,2939459235,2939460345,16035,1110
29756.652333,2939467036,2939468152,15923,1116
29756.663736,2939474847,2939475956,16035,1109
29756.672333,2939482610,2939483718,16079,1108
29756.684329,2939490399,2939491507,15929,1108
29756.695296,2939498198,2939499313,16031,1115
29756.704337,2939505978,2939507079,16073,1101
29756.716328,2939513778,2939514882,15913,1104
29756.726857,2939521588,2939522699,16033,1111
29756.736331,2939529355,2939530475,16092,1120
29756.747893,2939537179,2939538293,15920,1114
29756.758417,2939544993,2939546103,16033,1110
29756.768327,2939552811,2939553929,16056,1118
29756.779461,2939560643,2939561754,16003,1111
29756.788331,2939568438,2939569548,16031,1110
29756.800332,2939576248,2939577353,16058,1105
29756.811014,2939584051,2939585162,15914,1111
29756.820330,2939591894,2939593009,16024,1115
29756.832062,2939599570,2939600677,16029,1107
29756.842577,2939607365,2939608473,15863,1108
29756.852334,2939615180,2939616286,15946,1106
29756.863621,2939622995,2939624110,15970,1115
29756.872331,2939630801,2939631905,15834,1104
29756.884328,2939638605,2939639719,15963,1114
29756.895182,2939646382,2939647487,16069,1105
29756.904327,2939654181,2939655291,15921,1110
29756.916217,2939661987,2939663087,16020,1100
29756.926742,2939669741,2939670852,16081,1111
29756.936335,2939677544,2939678650,15938,1106
29756.947773,2939685336,2939686448,15977,1112
29756.956327,2939693127,2939694242,16078,1115
29756.968332,2939700929,2939702042,15938,1113
29756.979335,2939708734,2939709837,15934,1103
29756.988333,2939716526,2939717637,16057,1111
29757.000331,2939724345,2939725446,15912,1101
29757.010897,2939732142,2939733258,16034,1116
29757.020335,2939739915,2939741026,16069,1111
29757.031934,2939747727,2939748840,15941,1113
29757.042458,2939755532,2939756638,15916,1106
29757.052330,2939763289,2939764399,15968,1110
29757.063493,2939771111,2939772230,15828,1119
29757.072329,2939778925,2939780031,15949,1106
29757.084329,2939786679,2939787794,15970,1115
29757.095054,2939794477,2939795588,15824,1111
29757.104330,2939802281,2939803389,15945,1108
29757.116101,2939810043,2939811148,15972,1105
29757.126623,2939817822,2939818933,15906,1111
29757.136332,2939825634,2939826740,15943,1106
29757.147660,2939833392,2939834504,15938,1112
29757.172332,2939846091,2939846704,11972,613
29757.183731,2939850044,2939850664,12087,620
29757.192328,2939856891,2939858053,16325,1162
29757.204328,2939865514,2939866699,16296,1185
29757.215288,2939874288,2939875482,16370,1194
29757.224328,2939883146,2939884336,16314,1190
29757.236324,2939892204,2939893400,16274,1196
29757.246849,2939901232,2939902424,16394,1192
29757.256335,2939910139,2939911332,16328,1193
29757.267882,2939919100,2939920298,16237,1198
29757.278410,2939928231,2939929426,16398,1195
29757.288328,2939937215,2939938406,16326,1191
29757.299443,2939946228,2939947413,16346,1185
29757.308327,2939955483,2939956673,16499,1190
29757.320328,2939964536,2939965730,16416,1194
29757.331005,2939973572,2939974762,16328,1190
29757.340331,2939982808,2939984001,16476,1193
29757.352049,2939991970,2939993164,16417,1194
29757.362563,2940001141,2940002326,16342,1185
29757.372328,2940010070,2940011260,16501,1190
29757.383610,2940018894,2940020093,16423,1199
29757.392329,2940027858,2940029053,16324,1195
29757.404328,2940036842,2940038038,16492,1196
29757.415171,2940045923,2940047113,16417,1190
29757.424327,2940054983,2940056171,16314,1188
29757.436208,2940064215,2940065407,16485,1192
29757.446731,2940073332,2940074526,16325,1194
29757.456327,2940082535,2940083734,16240,1199
29757.467770,2940091449,2940092643,16402,1194
29757.476328,2940100448,2940101643,16320,1195
29757.488328,2940109695,2940110885,16255,1190
29757.499329,2940118832,2940120027,16390,1195
29757.508330,2940127871,2940129066,16328,1195
29757.520328,2940137108,2940138302,16247,1194
29757.530891,2940146279,2940147479,16407,1200
29757.540329,2940155452,2940156647,16312,1195
29757.551923,2940164613,2940165801,16246,1188
29757.562450,2940173650,2940174845,16387,1195
29757.572329,2940182634,2940183829,16325,1195
29757.583483,2940191799,2940192994,16243,1195
29757.592328,2940201019,2940202214,16412,1195
29757.604332,2940210070,2940211264,16323,1194
29757.615043,2940219284,2940220475,16242,1191
29757.624329,2940228368,2940229563,16405,1195
29757.636089,2940237510,2940238701,16312,1191
29757.648114,2940247665,2940248859,16460,1194
29757.663143,2940259022,2940259923,15315,901
29757.672333,2940266587,2940267703,15919,1116
29757.684182,2940274393,2940275505,16089,1112
29757.694703,2940282214,2940283326,16007,1112
29757.704330,2940290038,2940291153,15916,1115
29757.715740,2940297863,2940298979,16068,1116
29757.724328,2940305682,2940306791,16007,1109
29757.736330,2940313534,2940314644,15921,1110
29757.747302,2940321354,2940322470,15990,1116
29757.756331,2940329170,2940330290,16006,1120
29757.768330,2940337001,2940338117,15992,1116
29757.778862,2940344823,2940345938,16000,1115
29757.788330,2940352640,2940353756,16008,1116
29757.799903,2940360462,2940361582,15913,1120
29757.810423,2940368278,2940369394,16001,1116
29757.820330,2940376114,2940377220,15901,1106
29757.831455,2940383927,2940385046,15828,1119
29757.840335,2940391750,2940392867,16069,1117
29757.852329,2940399579,2940400696,15998,1117
29757.863015,2940407407,2940408519,15849,1112
29757.872333,2940415213,2940416319,16013,1106
29757.884062,2940423015,2940424132,15916,1117
29757.894575,2940430812,2940431926,15823,1114
29757.904328,2940438627,2940439738,16066,1111
29757.915621,2940446437,2940447543,16004,1106
29757.924327,2940454239,2940455354,15938,1115
29757.936337,2940462060,2940463166,16088,1106
29757.947182,2940469870,2940470988,16007,1118
29757.956330,2940477687,2940478798,15921,1111
29757.968220,2940485502,2940486615,16069,1113
29757.978742,2940493316,2940494429,15999,1113
29757.988328,2940501116,2940502222,15847,1106
29757.999782,2940508920,2940510034,15992,1114
29758.008328,2940516734,2940517837,15919,1103
29758.020333,2940524538,2940525652,15817,1114
29758.031341,2940532353,2940533469,16071,1116
29758.040331,2940540165,2940541271,16003,1106
29758.052330,2940547962,2940549072,15848,1110
29758.062904,2940555781,2940556884,16091,1103
29758.072331,2940563570,2940564679,15996,1109
29758.083934,2940571361,2940572478,15928,1117
29758.094460,2940579175,2940580291,16053,1116
29758.104329,2940586984,2940588095,16011,1111
29758.115496,2940594798,2940595897,15860,1099
29758.124327,2940602592,2940603698,15984,1106
29758.136335,2940610391,2940611508,15916,1117
29758.147058,2940618199,2940619309,15867,1110
29758.156330,2940626009,2940627129,15966,1120
29758.168098,2940633827,2940634941,16003,1114
29758.178616,2940641536,2940642642,15858,1106
29758.188330,2940649343,2940650464,15986,1121
29758.199661,2940657162,2940658277,15918,1115
29758.208329,2940664968,2940666082,15836,1114
29758.220334,2940672770,2940673885,15982,1115
29758.231220,2940680588,2940681698,15999,1110
29758.240333,2940688397,2940689505,15828,1108
29758.252260,2940696196,2940697307,15985,1111
29758.262783,2940704050,2940705165,16004,1115
29758.272331,2940711846,2940712955,15907,1109
29758.283820,2940719660,2940720768,16061,1108
29758.292331,2940727467,2940728577,16005,1110
29758.304332,2940735290,2940736397,15852,1107
29758.315383,2940743086,2940744186,16000,1100
29758.324332,2940750887,2940751993,15917,1106
29758.336331,2940758698,2940759808,15828,1110
29758.346942,2940766514,2940767630,15982,1116
29758.356329,2940774330,2940775442,16000,1112
29758.367973,2940782143,2940783258,15926,1115
29758.378503,2940789949,2940791058,16090,1109
29758.388327,2940797758,2940798869,16005,1111
29758.399535,2940805579,2940806688,15922,1109
29758.408330,2940813391,2940814501,16066,1110
29758.420329,2940821196,2940822314,16005,1118
29758.431095,2940829016,2940830121,15933,1105
29758.440330,2940836819,2940837927,16073,1108
29758.452142,2940844634,2940845749,16009,1115
29758.462649,2940852394,2940853516,15902,1122
29758.472327,2940860220,2940861329,16067,1109
29758.483701,2940868020,2940869133,16006,1113
29758.492330,2940875843,2940876955,15929,1112
29758.504333,2940883647,2940884758,16071,1111
29758.515262,2940891454,2940892554,15992,1100
29758.524329,2940899257,2940900372,15918,1115
29758.536300,2940907071,2940908182,16068,1111
29758.546821,2940914883,2940915992,15986,1109
29758.556328,2940922676,2940923792,15937,1116
29758.567862,2940930492,2940931597,16101,1105
29758.578384,2940938288,2940939405,15990,1117
29758.588327,2940946106,2940947217,15920,1111
29758.599421,2940953906,2940955021,15976,1115
29758.608328,2940961720,2940962836,15917,1116
29758.620329,2940969522,2940970637,15850,1115
29758.630983,2940977332,2940978443,15995,1111
29758.640328,2940985140,2940986245,15919,1105
29758.652015,2940992943,2940994053,15830,1110
29758.662542,2941000761,2941001869,15978,1108
29758.672333,2941008598,2941009706,16012,1108
29758.683575,2941016401,2941017512,15925,1111
29758.692330,2941024214,2941025323,16086,1109
29758.704329,2941032023,2941033133,15910,1110
29758.715136,2941039829,2941040930,15851,1101
29758.724328,2941047622,2941048728,15982,1106
29758.736181,2941055421,2941056531,15916,1110
29758.746696,2941063238,2941064354,15850,1116
29758.756336,2941071049,2941072157,16083,1108
29758.767743,2941078872,2941079980,15917,1108
29758.776329,2941086686,2941087801,15817,1115
29758.788329,2941094502,2941095611,15983,1109
29758.799302,2941102315,2941103429,15919,1114
29758.808329,2941110125,2941111232,15844,1107
29758.820329,2941117937,2941119046,16088,1109
29758.830863,2941125734,2941126850,16005,1116
29758.840331,2941133546,2941134656,15910,1110
29758.851901,2941141352,2941142457,16069,1105
29758.862422,2941149162,2941150279,15981,1117
29758.872333,2941156997,2941158112,15946,1115
29758.883461,2941164807,2941165915,16070,1108
29758.892327,2941172606,2941173715,15997,1109
29758.904332,2941180426,2941181526,15846,1100
29758.915020,2941188220,2941189324,15982,1104
29758.924327,2941196023,2941197130,15922,1107
29758.936054,2941203820,2941204926,15861,1106
29758.946582,2941211623,2941212729,16043,1106
29758.956335,2941219428,2941220541,16005,1113
29758.967615,2941227227,2941228336,15928,1109
29758.976328,2941235042,2941236162,16054,1120
29758.988332,2941242847,2941243959,16002,1112
29758.999175,2941250658,2941251772,15948,1114
29759.008328,2941258469,2941259580,16076,1111
29759.020221,2941266265,2941267379,16004,1114
29759.030736,2941274077,2941275196,15924,1119
29759.040329,2941281906,2941283017,16053,1111
29759.051780,2941289711,2941290816,16006,1105
29759.060335,2941297497,2941298608,15936,1111
29759.072330,2941305324,2941306440,16094,1116
29759.083343,2941313140,2941314247,16003,1107
29759.092331,2941320951,2941322055,15917,1104
29759.104330,2941328747,2941329857,16073,1110
29759.114902,2941336568,2941337673,15995,1105
29759.124334,2941344374,2941345483,15935,1109
29759.135942,2941352165,2941353281,16048,1116
29759.146464,2941359974,2941361089,15999,1115
29759.156328,2941367786,2941368896,15910,1110
29759.167501,2941375592,2941376705,16060,1113
29759.176329,2941383402,2941384509,16024,1107
29759.188329,2941391189,2941392295,15957,1106
29759.199063,2941398981,2941400096,16086,1115
29759.208330,2941406794,2941407903,16006,1109
29759.220095,2941414591,2941415701,15919,1110
29759.230622,2941422409,2941423511,15981,1102
29759.240335,2941430216,2941431331,15914,1115
29759.251655,2941438035,2941439142,15844,1107
29759.260327,2941445833,2941446951,16014,1118
29759.272329,2941453637,2941454748,15913,1111
29759.283216,2941461443,2941462556,15921,1113
29759.292333,2941469263,2941470372,16060,1109
29759.304261,2941477079,2941478190,16007,1111
29759.314776,2941484897,2941486006,15932,1109
29759.324327,2941492702,2941493819,16081,1117
29759.335823,2941500503,2941501610,16005,1107
29759.346336,2941508299,2941509410,15826,1111
29759.356333,2941516092,2941517200,15954,1108
29759.367382,2941523892,2941525012,15921,1120
29759.376331,2941531715,2941532824,15845,1109
29759.388334,2941539520,2941540631,15995,1111
29759.398944,2941547336,2941548449,15914,1113
29759.408328,2941555152,2941556258,15811,1106
29759.419981,2941562968,2941564074,15980,1106
29759.430502,2941570781,2941571891,15918,1110
29759.440334,2941578587,2941579698,15847,1111
29759.451543,2941586406,2941587516,15993,1110
29759.460331,2941594222,2941595337,15913,1115
29759.472328,2941602042,2941603154,15834,1112
29759.483102,2941609861,2941610980,16096,1119
29759.492328,2941617685,2941618795,16009,1110
29759.504135,2941625498,2941626610,15932,1112
29759.514666,2941633294,2941634395,16103,1101
29759.524327,2941641079,2941642185,16005,1106
29759.535695,2941648884,2941649994,15913,1110
29759.544333,2941656696,2941657805,16073,1109
29759.556329,2941664496,2941665601,16004,1105
29759.567255,2941672306,2941673421,15847,1115
29759.576333,2941680110,2941681216,16000,1106
29759.588303,2941687906,2941689010,15909,1104
29759.598816,2941695707,2941696814,15833,1107
29759.608331,2941703494,2941704609,15987,1115
29759.619862,2941711305,2941712419,15914,1114
29759.630377,2941719123,2941720224,15846,1101
29759.640330,2941726920,2941728034,15998,1114
29759.651423,2941734729,2941735843,15918,1114
29759.660332,2941742539,2941743656,15838,1117
29759.672332,2941750345,2941751452,15974,1107
29759.682982,2941758161,2941759274,15918,1113
29759.692330,2941765993,2941767107,15945,1114
29759.704021,2941773812,2941774925,16073,1113
29759.714544,2941781628,2941782734,16002,1106
29759.724335,2941789427,2941790536,15932,1109
29759.735580,2941797241,2941798346,16056,1105
29759.744330,2941805060,2941806178,16007,1118
29759.756329,2941812851,2941813966,15960,1115
29759.767142,2941820656,2941821765,16073,1109
29759.776327,2941828468,2941829573,16002,1105
29759.788174,2941836271,2941837380,15929,1109
29759.798701,2941844073,2941845187,16055,1114
29759.808335,2941851879,2941852983,16005,1104
29759.819735,2941859677,2941860792,15953,1115
29759.828332,2941867488,2941868589,16069,1101
29759.840333,2941875285,2941876400,16006,1115
29759.851296,2941883099,2941884205,15935,1106
29759.860327,2941890910,2941892030,16048,1120
29759.872328,2941898725,2941899833,16004,1108
29759.882859,2941906533,2941907644,15976,1111
29759.892327,2941914363,2941915472,15972,1109
29759.903901,2941922175,2941923282,15906,1107
29759.914416,2941929975,2941931076,15844,1101
29759.924331,2941937767,2941938873,15966,1106
29759.935461,2941945535,2941946640,15911,1105
29759.944329,2941953332,2941954437,15864,1105
29759.956331,2941961132,2941962240,15999,1108
29759.967022,2941968936,2941970044,15910,1108
29759.976332,2941976734,2941977840,15851,1106
29759.988060,2941984525,2941985639,15970,1114
29759.998581,2941992329,2941993445,15917,1116
29760.008328,2942000144,2942001259,15865,1115
29760.019621,2942007956,2942009063,15979,1107
29760.028334,2942015765,2942016863,15913,1098
29760.040327,2942023556,2942024669,15844,1113
29760.051181,2942031374,2942032486,15972,1112
29760.060332,2942039191,2942040305,15903,1114
29760.072215,2942046994,2942048103,15863,1109
29760.082743,2942054800,2942055916,15984,1116
29760.092331,2942062621,2942063735,15913,1114
29760.103774,2942070453,2942071565,15838,1112
29760.112329,2942078285,2942079386,15968,1101
29760.124331,2942086090,2942087204,15893,1114
29760.135336,2942093892,2942094996,15951,1104
29760.144330,2942101700,2942102814,16068,1114
29760.156330,2942109524,2942110635,15995,1111
29760.166896,2942117346,2942118448,15936,1102
29760.176333,2942125154,2942126262,16069,1108
29760.187940,2942132959,2942134071,16003,1112
29760.198456,2942140770,2942141882,15939,1112
29760.208332,2942148589,2942149706,16073,1117
29760.219502,2942156418,2942157526,16002,1108
29760.228328,2942164230,2942165332,15932,1102
29760.240328,2942172031,2942173138,15967,1107
29760.251060,2942179833,2942180945,15905,1112
29760.260330,2942187669,2942188781,15852,1112
29760.272101,2942195474,2942196583,15952,1109
29760.282623,2942203290,2942204403,15911,1113
29760.292329,2942211104,2942212208,15845,1104
29760.303660,2942218920,2942220027,16059,1107
29760.312330,2942226718,2942227813,15999,1095
29760.324336,2942234523,2942235635,15945,1112
29760.335222,2942242331,2942243443,16067,1112
29760.344333,2942250132,2942251241,15999,1109
29760.356255,2942257937,2942259051,15844,1114
29760.366781,2942265757,2942266871,15965,1114
29760.376328,2942273574,2942274690,15905,1116
29760.387815,2942281392,2942282495,15852,1103
29760.398343,2942289206,2942290312,15980,1106
29760.408328,2942297016,2942298128,15913,1112
29760.419378,2942304815,2942305933,15859,1118
29760.428328,2942312647,2942313748,15965,1101
29760.440333,2942320440,2942321545,15904,1105
29760.450935,2942328257,2942329364,15842,1107
29760.460330,2942336060,2942337168,15979,1108
29760.471981,2942343866,2942344980,15912,1114
29760.482496,2942351677,2942352791,15843,1114
29760.492328,2942359501,2942360604,15962,1103
29760.503542,2942367311,2942368420,15954,1109
29760.512328,2942375128,2942376241,15934,1113
29760.524329,2942382949,2942384055,16084,1106
29760.535105,2942390755,2942391862,16001,1107
29760.544333,2942398572,2942399681,15912,1109
29760.556141,2942406378,2942407492,16069,1114
29760.566663,2942414190,2942415293,15990,1103
29760.576329,2942421945,2942423047,15932,1102
29760.587703,2942429745,2942430847,16085,1102
29760.596335,2942437538,2942438654,15995,1116
29760.608330,2942445358,2942446465,15912,1107
29760.619262,2942453166,2942454277,16067,1111
29760.628327,2942460983,2942462084,16001,1101
29760.640294,2942468787,2942469892,15929,1105
29760.650824,2942476591,2942477700,16095,1109
29760.660328,2942484393,2942485497,16002,1104
29760.671855,2942492183,2942493295,15917,1112
29760.682383,2942499983,2942501092,16067,1109
29760.692334,2942507780,2942508887,15902,1107
29760.703416,2942515585,2942516688,15844,1103
29760.712331,2942523409,2942524525,16070,1116
29760.724329,2942531219,2942532332,15997,1113
29760.734976,2942539033,2942540142,15934,1109
29760.744330,2942546850,2942547959,16047,1109
29760.756020,2942554665,2942555771,16007,1106
29760.766536,2942562477,2942563583,15944,1106
29760.776330,2942570296,2942571408,16070,1112
29760.787582,2942578113,2942579231,16003,1118
29760.796332,2942585936,2942587045,15915,1109
29760.808328,2942593746,2942594852,16047,1106
29760.819141,2942601556,2942602665,16001,1109
29760.828330,2942609368,2942610471,15947,1103
29760.840182,2942617176,2942618280,16069,1104
29760.850702,2942624981,2942626090,15995,1109
29760.860327,2942632802,2942633919,15933,1117
29760.871740,2942640618,2942641721,15963,1103
29760.880328,2942648433,2942649545,15910,1112
29760.892328,2942656249,2942657351,15856,1102
29760.903302,2942664042,2942665149,15984,1107
29760.912330,2942671867,2942672974,16013,1107
29760.924329,2942679692,2942680801,15917,1109
29760.934864,2942687512,2942688621,15977,1109
29760.944327,2942695327,2942696429,15911,1102
29760.955896,2942703139,2942704247,15845,1108
29760.966425,2942710939,2942712048,15997,1109
29760.976336,2942718753,2942719860,15910,1107
29760.987456,2942726561,2942727664,15827,1103
29760.996330,2942734360,2942735467,15987,1107
29761.008330,2942742182,2942743298,15912,1116
29761.019016,2942749996,2942751103,15843,1107
29761.028327,2942757805,2942758907,15992,1102
29761.040063,2942765594,2942766697,15914,1103
29761.050577,2942773405,2942774517,15818,1112
29761.060327,2942781213,2942782323,15967,1110
29761.071622,2942788998,2942790100,15915,1102
29761.080332,2942796813,2942797922,15844,1109
29761.092333,2942804627,2942805741,15999,1114
29761.103184,2942812440,2942813547,15913,1107
29761.112331,2942820252,2942821359,15829,1107
29761.124220,2942828072,2942829186,15967,1114
29761.134741,2942835854,2942836961,15909,1107
29761.144329,2942843649,2942844755,15844,1106
29761.155782,2942851451,2942852561,15979,1110
29761.164332,2942859249,2942860364,15842,1115
29761.176334,2942867055,2942868158,15931,1103
29761.187342,2942874803,2942875920,16056,1117
29761.196329,2942882599,2942883712,15947,1113
29761.208336,2942890388,2942891491,16020,1103
29761.218905,2942898151,2942899259,16079,1108
29761.228332,2942905964,2942907070,15924,1106
29761.239938,2942913771,2942914874,16024,1103
29761.250463,2942921548,2942922660,16024,1112
29761.260332,2942929351,2942930453,15960,1102
29761.271498,2942937152,2942938259,16019,1107
29761.280332,2942944913,2942946011,16061,1098
29761.292328,2942952709,2942953812,16001,1103
29761.303059,2942960502,2942961614,16022,1112
29761.312335,2942968274,2942969386,16054,1112
29761.324095,2942976068,2942977181,15839,1113
29761.334619,2942983866,2942984975,15940,1109
29761.344329,2942991642,2942992750,15984,1108
29761.355657,2942999455,2943000572,15818,1117
29761.364330,2943007255,2943008358,15941,1103
29761.376329,2943015018,2943016123,15985,1105
29761.387216,2943022802,2943023904,15833,1102
29761.396329,2943030591,2943031700,15952,1109
29761.408263,2943038364,2943039468,15986,1104
29761.418777,2943046167,2943047274,15828,1107
29761.428327,2943053968,2943055070,15938,1102
29761.439824,2943061739,2943062846,15981,1107
29761.450337,2943069543,2943070647,15826,1104
29761.460329,2943077351,2943078457,15937,1106
29761.471385,2943085112,2943086214,15971,1102
29761.480327,2943092911,2943094023,15826,1112
29761.492333,2943100714,2943101817,15847,1103
29761.502945,2943108508,2943109625,15967,1117
29761.512330,2943116322,2943117432,15829,1110
29761.523973,2943124130,2943125239,15916,1109
29761.534504,2943131897,2943133004,15945,1107
29761.544330,2943139719,2943140826,15843,1107
29761.555539,2943147534,2943148645,15938,1111
29761.564328,2943155291,2943156403,15980,1112
29761.576333,2943163106,2943164210,15809,1104
29761.587099,2943170900,2943172013,15939,1113
29761.596328,2943178664,2943179781,15952,1117
29761.608136,2943186483,2943187590,15830,1107
29761.618659,2943194287,2943195401,15935,1114
29761.628328,2943202064,2943203166,15982,1102
29761.639703,2943209856,2943210964,15905,1108
29761.648328,2943217652,2943218754,15936,1102
29761.660328,2943225424,2943226524,15982,1100
29761.671257,2943233214,2943234319,15824,1105
29761.680334,2943241026,2943242138,15937,1112
29761.692304,2943248794,2943249901,15982,1107
29761.702816,2943256600,2943257709,15809,1109
29761.712327,2943264378,2943265481,15940,1103
29761.723864,2943272144,2943273256,15988,1112
29761.734381,2943279969,2943281073,15854,1104
29761.744328,2943287786,2943288889,15955,1103
29761.755425,2943295553,2943296657,15986,1104
29761.764328,2943303344,2943304447,15830,1103
29761.776331,2943311160,2943312262,15930,1102
29761.786985,2943318958,2943320072,15967,1114
29761.796330,2943326781,2943327899,15828,1118
29761.808019,2943334585,2943335698,15938,1113
29761.818545,2943342360,2943343467,15980,1107
29761.828335,2943350159,2943351255,15832,1096
29761.839584,2943357945,2943359058,15910,1113
29761.848335,2943365753,2943366867,15915,1114
29761.860328,2943373563,2943374670,15828,1107
29761.871143,2943381347,2943382460,15973,1113
29761.880327,2943389161,2943390269,15907,1108
29761.892175,2943396983,2943398095,15826,1112
29761.902699,2943404796,2943405909,15932,1113
29761.912331,2943412572,2943413684,15987,1112
29761.923736,2943420378,2943421486,15828,1108
29761.932330,2943428192,2943429295,15931,1103
29761.944330,2943435950,2943437054,15948,1104
29761.955296,2943443755,2943444871,15830,1116
29761.964332,2943451572,2943452679,15937,1107
29761.976328,2943459333,2943460441,15976,1108
29761.986864,2943467148,2943468257,15907,1109
29761.996328,2943474936,2943476049,15939,1113
29762.007904,2943482718,2943483826,15981,1108
29762.018418,2943490529,2943491638,15818,1109
29762.028330,2943498358,2943499459,15937,1101
29762.039465,2943506114,2943507217,15979,1103
29762.048328,2943513915,2943515019,15825,1104
29762.060330,2943521714,2943522816,15941,1102
29762.071025,2943529481,2943530587,15977,1106
29762.080328,2943537280,2943538391,15862,1111
29762.092060,2943545089,2943546206,15955,1117
29762.102585,2943552864,2943553976,15984,1112
29762.112330,2943560676,2943561788,15833,1112
29762.123619,2943568494,2943569601,15941,1107
29762.132331,2943576266,2943577378,15984,1112
29762.144328,2943584088,2943585194,15919,1106
29762.155179,2943591877,2943592984,16017,1107
29762.164333,2943599649,2943600756,16067,1107
29762.176216,2943607451,2943608563,15919,1112
29762.186739,2943615251,2943616351,15931,1100
29762.196332,2943623022,2943624139,16053,1117
29762.207776,2943630843,2943631952,15910,1109
29762.216334,2943638624,2943639733,16001,1109
29762.228329,2943646389,2943647490,16071,1101
29762.239337,2943654160,2943655258,15930,1098
29762.248328,2943661948,2943663057,16028,1109
29762.260329,2943669721,2943670835,16071,1114
29762.270897,2943677540,2943678647,15913,1107
29762.280332,2943685336,2943686442,16021,1106
29762.291945,2943693102,2943694206,16039,1104
29762.302457,2943700897,2943702003,15918,1106
29762.312332,2943708712,2943709823,16026,1111
29762.323505,2943716495,2943717607,16069,1112
29762.332327,2943724306,2943725419,15998,1113
29762.344330,2943731984,2943733084,15940,1100
29762.355065,2943739780,2943740884,15965,1104
29762.364330,2943747576,2943748688,15827,1112
29762.376099,2943755379,2943756486,15934,1107
29762.386624,2943763170,2943764282,15966,1112
29762.396327,2943770963,2943772069,15828,1106
29762.407659,2943778746,2943779849,15937,1103
29762.416337,2943786494,2943787602,16066,1108
29762.428330,2943794288,2943795388,15907,1100
29762.439221,2943802083,2943803185,16031,1102
29762.448328,2943809828,2943810934,16074,1106
29762.460256,2943817632,2943818735,15911,1103
29762.470780,2943825441,2943826550,16026,1109
29762.480332,2943833213,2943834322,16071,1109
29762.491816,2943841023,2943842137,15918,1114
29762.502340,2943848822,2943849927,16026,1105
29762.512333,2943856585,2943857696,16069,1111
29762.523378,2943864398,2943865510,15917,1112
29762.532333,2943872212,2943873320,15932,1108
29762.544329,2943880029,2943881137,15996,1108
29762.554937,2943887840,2943888942,15825,1102
29762.564328,2943895629,2943896732,15938,1103
29762.575984,2943903436,2943904534,15956,1098
29762.586498,2943911236,2943912343,15843,1107
29762.596331,2943919036,2943920146,15883,1110
29762.607545,2943926807,2943927921,15987,1114
29762.616335,2943934610,2943935716,15828,1106
29762.628331,2943942427,2943943528,15939,1101
29762.639105,2943950182,2943951286,15948,1104
29762.648332,2943957963,2943959077,15829,1114
29762.660138,2943965766,2943966869,15909,1103
29762.670666,2943973526,2943974634,15982,1108
29762.680334,2943981317,2943982429,15911,1112
29762.691699,2943989124,2943990232,15940,1108
29762.700331,2943996868,2943997976,15983,1108
29762.712329,2944004673,2944005784,15820,1111
29762.723259,2944012483,2944013589,15934,1106
29762.732329,2944020267,2944021381,15971,1114
29762.744296,2944028093,2944029206,15834,1113
29762.754822,2944035893,2944037002,15901,1109
29762.764332,2944043667,2944044781,16068,1114
29762.775857,2944051485,2944052595,15924,1110
29762.786382,2944059277,2944060387,16048,1110
29762.796331,2944067077,2944068187,16045,1110
29762.807417,2944074878,2944075985,15912,1107
29762.816328,2944082665,2944083774,16020,1109
29762.828336,2944090431,2944091537,16059,1106
29762.838977,2944098241,2944099349,15918,1108
29762.848329,2944106045,2944107147,16027,1102
29762.860025,2944113805,2944114918,16071,1113
29762.870538,2944121592,2944122696,15909,1104
29762.880332,2944129386,2944130493,15934,1107
29762.891585,2944137192,2944138297,16054,1105
29762.900328,2944144989,2944146092,15916,1103
29762.912334,2944152784,2944153889,16026,1105
29762.923145,2944160548,2944161656,16069,1108
29762.932327,2944168355,2944169460,15928,1105
29762.944179,2944176158,2944177264,16025,1106
29762.954707,2944183924,2944185036,15986,1112
29762.964332,2944191725,2944192833,15801,1108
29762.975739,2944199523,2944200626,15936,1103
29762.984330,2944207277,2944208385,15976,1108
29762.996329,2944215086,2944216199,15830,1113
29763.007297,2944222885,2944223992,15884,1107
29763.016331,2944230661,2944231773,15974,1112
29763.028327,2944238466,2944239576,15914,1110
29763.038858,2944246278,2944247387,15882,1109
29763.048335,2944254040,2944255148,15981,1108
29763.059899,2944261831,2944262943,15852,1112
29763.070420,2944269639,2944270746,15936,1107
29763.080329,2944277421,2944278538,15987,1117
29763.091457,2944285229,2944286326,15826,1097
29763.100328,2944293017,2944294125,15910,1108
29763.112334,2944300774,2944301891,15984,1117
29763.123018,2944308588,2944309705,15832,1117
29763.132334,2944316395,2944317507,15956,1112
29763.144065,2944324166,2944325274,15982,1108
29763.156075,2944333024,2944334128,15852,1104
29763.166608,2944340835,2944341937,15967,1102
29763.176336,2944348617,2944349728,15895,1111
29763.187642,2944356431,2944357534,15937,1103
29763.196335,2944364196,2944365299,15980,1103
29763.208336,2944371985,2944373088,15836,1103
29763.219203,2944379768,2944380876,15902,1108
29763.228332,2944387544,2944388657,15987,1113
29763.240239,2944395365,2944396473,15826,1108
29763.250763,2944403176,2944404278,15941,1102
29763.260328,2944410925,2944412030,15974,1105
29763.271799,2944418725,2944419832,15829,1107
29763.280332,2944426528,2944427630,15949,1102
29763.292332,2944434278,2944435388,15985,1110
29763.303360,2944442080,2944443184,15827,1104
29763.312332,2944449865,2944450969,15940,1104
29763.324330,2944457626,2944458733,15975,1107
29763.334921,2944465424,2944466532,15837,1108
29763.344328,2944473213,2944474317,15938,1104
29763.355968,2944480977,2944482084,15982,1107
29763.366481,2944488790,2944489897,15830,1107
29763.376328,2944496585,2944497693,15847,1108
29763.387528,2944504381,2944505484,15981,1103
29763.396329,2944512179,2944513286,15824,1107
29763.408328,2944519967,2944521070,15936,1103
29763.419089,2944527714,2944528816,15987,1102
29763.428330,2944535482,2944536587,15844,1105
29763.440122,2944543263,2944544370,15939,1107
29763.450649,2944551025,2944552138,15988,1113
29763.460332,2944558839,2944559935,15830,1096
29763.471683,2944566629,2944567738,15939,1109
29763.480333,2944574425,2944575537,15944,1112
29763.492329,2944582242,2944583352,15829,1110
29763.503243,2944590050,2944591153,15937,1103
29763.512333,2944597828,2944598935,15984,1107
29763.524287,2944605626,2944606738,15899,1112
29763.534803,2944613435,2944614537,15927,1102
29763.544331,2944621188,2944622293,15987,1105
29763.555840,2944629003,2944630106,15820,1103
29763.566364,2944636808,2944637912,15939,1104
29763.576330,2944644577,2944645677,15982,1100
29763.587400,2944652371,2944653479,15832,1108
29763.596330,2944660173,2944661286,15932,1113
29763.608327,2944667964,2944669071,15960,1107
29763.618963,2944675747,2944676854,15858,1107
29763.628330,2944683566,2944684671,15959,1105
29763.640008,2944691340,2944692449,15980,1109
29763.650521,2944699134,2944700237,15822,1103
29763.660333,2944706920,2944708017,15936,1097
29763.671568,2944714669,2944715774,15982,1105
29763.680333,2944722472,2944723574,15828,1102
29763.692328,2944730265,2944731365,15935,1100
29763.703129,2944738010,2944739112,15982,1102
29763.712331,2944745811,2944746923,15832,1112
29763.724161,2944753603,2944754706,15844,1103
29763.734689,2944761382,2944762489,15963,1107
29763.744335,2944769173,2944770285,15830,1112
29763.755722,2944776983,2944778095,15937,1112
29763.764328,2944784742,2944785845,15977,1103
29763.776328,2944792535,2944793635,15842,1100
29763.787283,2944800352,2944801450,15937,1098
29763.796328,2944808104,2944809215,16079,1111
29763.808319,2944815905,2944817019,15915,1114
29763.818843,2944823710,2944824813,16026,1103
29763.828328,2944831472,2944832580,16036,1108
29763.839880,2944839290,2944840395,15918,1105
29763.850404,2944847086,2944848189,16026,1103
29763.860334,2944854900,2944856004,16053,1104
29763.871448,2944862705,2944863814,15984,1109
29763.880336,2944870497,2944871609,16017,1112
29763.892328,2944878260,2944879364,16070,1104
29763.903001,2944886049,2944887153,15918,1104
29763.912328,2944893838,2944894936,16030,1098
29763.924048,2944901594,2944902706,16069,1112
29763.934561,2944909396,2944910498,15916,1102
29763.944327,2944917184,2944918297,16031,1113
29763.955608,2944924932,2944926040,16028,1108
29763.964328,2944932733,2944933845,15922,1112
29763.976331,2944940558,2944941659,15949,1101
29763.987168,2944948307,2944949419,16059,1112
29763.996327,2944956126,2944957233,15929,1107
29764.008204,2944963928,2944965035,16025,1107
29764.018728,2944971691,2944972794,16052,1103
29764.028329,2944979489,2944980604,15955,1115
29764.039763,2944987304,2944988410,16023,1106
29764.048327,2944995053,2944996161,16056,1108
29764.060328,2945002864,2945003971,15931,1107
29764.071322,2945010670,2945011783,15950,1113
29764.080330,2945018480,2945019578,16037,1098
29764.092329,2945026282,2945027389,15957,1107
29764.102883,2945034090,2945035197,16026,1107
29764.112329,2945041839,2945042948,16057,1109
29764.123920,2945049644,2945050753,15944,1109
29764.134444,2945057452,2945058554,16020,1102
29764.144329,2945065243,2945066348,16024,1105
29764.155481,2945073036,2945074144,15935,1108
29764.164331,2945080847,2945081959,16022,1112
29764.176337,2945088626,2945089727,16026,1101
29764.187041,2945096428,2945097536,15918,1108
29764.196328,2945104236,2945105344,16027,1108
29764.208086,2945112004,2945113116,16059,1112
29764.218608,2945119818,2945120916,15994,1098
29764.228329,2945127607,2945128714,16027,1107
29764.239647,2945135377,2945136491,16059,1114
29764.248329,2945143178,2945144290,15929,1112
29764.260328,2945150986,2945152082,16019,1096
29764.271207,2945158747,2945159854,16054,1107
29764.280327,2945166539,2945167639,15926,1100
29764.292243,2945174320,2945175418,16028,1098
29764.302768,2945182061,2945183179,16058,1118
29764.312329,2945189872,2945190979,15929,1107
29764.323804,2945197670,2945198778,16035,1108
29764.332328,2945205426,2945206535,16058,1109
29764.344331,2945213208,2945214316,15930,1108
29764.355364,2945221019,2945222125,16022,1106
29764.364330,2945228823,2945229927,16041,1104
29764.376331,2945236620,2945237718,15927,1098
29764.386924,2945244423,2945245539,15935,1116
29764.396329,2945252243,2945253357,15953,1114
29764.407960,2945260061,2945261169,15845,1108
29764.418482,2945267864,2945268976,15853,1112
29764.428329,2945275668,2945276773,15957,1105
29764.439520,2945283469,2945284585,15840,1116
29764.448328,2945291261,2945292373,15882,1112
29764.460331,2945299031,2945300142,15975,1111
29764.471081,2945306829,2945307934,15854,1105
29764.480328,2945314644,2945315747,15925,1103
29764.492127,2945322420,2945323531,15972,1111
29764.502644,2945330210,2945331318,15870,1108
29764.512327,2945338004,2945339111,15937,1107
29764.523689,2945345771,2945346873,15922,1102
29764.532336,2945353551,2945354665,15869,1114
29764.544335,2945361362,2945362468,15881,1106
29764.555249,2945369112,2945370219,15980,1107
29764.564339,2945376914,2945378027,15909,1113
29764.576283,2945384729,2945385830,15932,1101
29764.586808,2945392522,2945393631,16010,1109
29764.596333,2945400328,2945401431,15842,1103
29764.607843,2945408111,2945409218,15898,1107
29764.618368,2945415866,2945416974,15971,1108
29764.628328,2945423653,2945424761,15839,1108
29764.639403,2945431434,2945432542,15943,1108
29764.648328,2945439222,2945440322,15949,1100
29764.660328,2945447019,2945448130,15846,1111
29764.670965,2945454837,2945455943,15957,1106
29764.680329,2945462606,2945463718,15969,1112
29764.692000,2945470427,2945471532,15842,1105
29764.702524,2945478226,2945479333,15914,1107
29764.712337,2945485991,2945487105,15968,1114
29764.723560,2945493805,2945494912,15840,1107
29764.732330,2945501615,2945502724,15935,1109
29764.744334,2945509390,2945510493,15968,1103
29764.755121,2945517192,2945518300,15845,1108
29764.764333,2945525002,2945526114,15853,1112
29764.776167,2945532818,2945533924,15955,1106
29764.786675,2945540597,2945541710,15753,1113
29764.796330,2945548411,2945549514,15937,1103
29764.807729,2945556185,2945557292,16070,1107
29764.816334,2945563980,2945565089,15926,1109
29764.828327,2945571785,2945572899,16028,1114
29764.839289,2945579535,2945580649,16071,1114
29764.848329,2945587339,2945588445,15908,1106
29764.860322,2945595132,2945596244,16022,1112
29764.870850,2945602905,2945604007,16041,1102
29764.880336,2945610702,2945611802,15912,1100
29764.891882,2945618497,2945619604,16027,1107
29764.902410,2945626262,2945627377,16073,1115
29764.912328,2945634071,2945635183,15997,1112
29764.923444,2945641877,2945642980,16020,1103
29764.932327,2945649633,2945650744,16068,1111
29764.944328,2945657443,2945658551,15916,1108
29764.955004,2945665251,2945666360,16028,1109
29764.964330,2945673017,2945674119,16070,1102
29764.976041,2945680820,2945681927,15916,1107
29764.986565,2945688629,2945689731,16028,1102
29764.996330,2945696387,2945697498,15950,1111
29765.007601,2945704202,2945705305,15831,1103
29765.016331,2945711976,2945713083,15901,1107
29765.028329,2945719753,2945720862,16071,1109
29765.039161,2945727561,2945728669,15908,1108
29765.048329,2945735356,2945736468,15992,1112
29765.060209,2945743136,2945744247,16074,1111
29765.070725,2945750939,2945752048,15950,1109
29765.080328,2945758749,2945759848,16026,1099
29765.091770,2945766491,2945767596,16075,1105
29765.100331,2945774297,2945775401,15916,1104
29765.112328,2945782099,2945783210,15931,1111
29765.123329,2945789899,2945791006,16052,1107
29765.132331,2945797708,2945798815,15915,1107
29765.144330,2945805515,2945806622,16025,1107
29765.154891,2945813295,2945814403,16068,1108
29765.164326,2945821111,2945822215,15926,1104
29765.175925,2945828915,2945830012,15992,1097
29765.186450,2945836711,2945837814,16041,1103
29765.196334,2945844510,2945845609,15909,1099
29765.207484,2945852295,2945853402,16026,1107
29765.216329,2945860037,2945861149,16041,1112
29765.228331,2945867827,2945868925,15921,1098
29765.239043,2945875605,2945876707,16022,1102
29765.248334,2945883361,2945884464,16072,1103
29765.260088,2945891177,2945892284,15996,1107
29765.270604,2945898987,2945900085,16027,1098
29765.280331,2945906745,2945907843,16073,1098
29765.291641,2945914535,2945915644,15913,1109
29765.300332,2945922352,2945923459,16023,1107
29765.312333,2945930124,2945931226,16069,1102
29765.323202,2945937928,2945939035,15913,1107
29765.332328,2945945727,2945946829,16024,1102
29765.344248,2945953517,2945954621,16054,1104
29765.354762,2945961328,2945962437,15918,1109
29765.364331,2945969129,2945970232,16043,1103
29765.375809,2945976891,2945977990,16069,1099
29765.384331,2945984692,2945985804,15914,1112
29765.396329,2945992493,2945993591,16023,1098
29765.407370,2946000261,2946001370,15988,1109
29765.416331,2946008064,2946009171,15828,1107
29765.428333,2946015864,2946016971,15938,1107
29765.438930,2946023635,2946024738,15984,1103
29765.448328,2946031416,2946032524,15831,1108
29765.459962,2946039219,2946040324,15846,1105
29765.470490,2946047032,2946048138,15963,1106
29765.480328,2946054842,2946055950,15813,1108
29765.491524,2946062630,2946063738,15935,1108
29765.500330,2946070407,2946071519,15984,1112
29765.512329,2946078202,2946079319,15871,1117
29765.523084,2946086015,2946087128,15938,1113
29765.532330,2946093769,2946094878,15983,1109
29765.544121,2946101549,2946102659,15832,1110
29765.554645,2946109353,2946110451,15937,1098
29765.564327,2946117091,2946118198,15953,1107
29765.575681,2946124882,2946125979,15831,1097
29765.584327,2946132680,2946133787,15940,1107
29765.596331,2946140479,2946141584,15961,1105
29765.607249,2946148287,2946149395,15907,1108
29765.616331,2946156093,2946157202,15940,1109
29765.628290,2946163856,2946164961,16067,1105
29765.638802,2946171655,2946172763,15917,1108
29765.648329,2946179453,2946180560,16021,1107
29765.659849,2946187207,2946188319,16070,1112
29765.670365,2946195014,2946196116,15943,1102
29765.680327,2946202784,2946203892,15997,1108
29765.691410,2946210540,2946211643,16073,1103
29765.700330,2946218328,2946219430,15915,1102
29765.712327,2946226127,2946227234,16028,1107
29765.722970,2946233896,2946235003,16074,1107
29765.732327,2946241697,2946242804,15917,1107
29765.744004,2946249485,2946250598,16029,1113
29765.754530,2946257290,2946258407,16060,1117
29765.764328,2946265104,2946266215,15914,1111
29765.775564,2946272917,2946274015,16028,1098
29765.784329,2946280677,2946281789,16070,1112
29765.796328,2946288469,2946289577,15916,1108
29765.807120,2946296273,2946297383,15798,1110
29765.816332,2946304091,2946305196,15967,1105
29765.828161,2946311885,2946313002,15816,1117
29765.838684,2946319705,2946320812,15938,1107
29765.848329,2946327483,2946328597,15976,1114
29765.859721,2946335284,2946336390,15843,1106
29765.868328,2946343084,2946344182,15931,1098
29765.880334,2946350853,2946351967,15980,1114
29765.891282,2946358667,2946359775,15829,1108
29765.900331,2946366458,2946367561,15882,1103
29765.912329,2946374217,2946375321,15955,1104
29765.922842,2946382007,2946383107,15827,1100
29765.932329,2946389786,2946390898,15934,1112
29765.943890,2946397546,2946398660,15985,1114
29765.954410,2946405358,2946406470,15902,1112
29765.964329,2946413186,2946414289,15935,1103
29765.975450,2946420963,2946422059,15972,1096
29765.984330,2946428747,2946429850,15830,1103
29765.996331,2946436560,2946437672,15933,1112
29766.007010,2946444333,2946445442,15976,1109
29766.016329,2946452155,2946453268,15831,1113
29766.028041,2946459957,2946461059,15885,1102
29766.038571,2946467701,2946468808,15987,1107
29766.048327,2946475481,2946476588,15820,1107
29766.059605,2946483287,2946484394,15949,1107
29766.068329,2946491074,2946492177,15979,1103
29766.080335,2946498880,2946499986,15831,1106
29766.091164,2946506688,2946507787,15936,1099
29766.100331,2946514458,2946515566,15975,1108
29766.112201,2946522256,2946523364,15828,1108
29766.122725,2946530054,2946531166,15940,1112
29766.132332,2946537834,2946538934,15975,1100
29766.143764,2946545604,2946546718,15903,1114
29766.152331,2946553428,2946554530,15843,1102
29766.164335,2946561229,2946562336,15955,1107
29766.184333,2946570625,2946571239,11977,614
29766.196333,2946574587,2946575211,12089,624
29766.206890,2946581461,2946582610,16319,1149
29766.216328,2946589956,2946591115,16244,1159
29766.227928,2946598397,2946599585,16390,1188
29766.238449,2946607276,2946608464,16303,1188
29766.248327,2946615958,2946617145,16249,1187
29766.259489,2946624607,2946625769,16403,1162
29766.268330,2946633612,2946634809,16316,1197
29766.280330,2946642646,2946643829,16250,1183
29766.291049,2946651693,2946652884,16390,1191
29766.300332,2946660856,2946662043,16320,1187
29766.312081,2946669988,2946671180,16229,1192
29766.322611,2946679046,2946680238,16400,1192
29766.332328,2946688160,2946689358,16319,1198
29766.343642,2946697302,2946698500,16252,1198
29766.352331,2946706393,2946707580,16421,1187
29766.364329,2946715493,2946716680,16322,1187
29766.375202,2946724598,2946725783,16231,1185
29766.384330,2946733810,2946735007,16385,1197
29766.396249,2946742928,2946744117,16320,1189
29766.406762,2946752160,2946753352,16253,1192
29766.416330,2946761224,2946762418,16404,1194
29766.427809,2946770153,2946771345,16324,1192
29766.436328,2946779060,2946780243,16227,1183
29766.448328,2946788188,2946789375,16382,1187
29766.459370,2946797375,2946798565,16311,1190
29766.468329,2946806462,2946807640,16232,1178
29766.480329,2946815430,2946816618,16403,1188
29766.490931,2946824281,2946825465,16319,1184
29766.500328,2946833358,2946834550,16224,1192
29766.511968,2946842446,2946843633,16388,1187
29766.522490,2946851662,2946852851,16327,1189
29766.532330,2946860670,2946861858,16237,1188
29766.543529,2946869749,2946870947,16397,1198
29766.552331,2946878849,2946880038,16314,1189
29766.564328,2946887966,2946889158,16227,1192
29766.575089,2946896953,2946898129,16385,1176
29766.584333,2946906127,2946907319,16325,1192
29766.596122,2946915090,2946916281,16251,1191
29766.606650,2946924226,2946925415,16395,1189
29766.616332,2946933382,2946934569,16320,1187
29766.627683,2946942484,2946943676,16225,1192
29766.636328,2946951672,2946952864,16386,1192
29766.648328,2946960797,2946961986,16320,1189
29766.659242,2946969935,2946971126,16252,1191
29766.668331,2946979034,2946980223,16405,1189
29766.680288,2946985657,2946986770,15847,1113
29766.690803,2946993473,2946994572,15845,1099
29766.700331,2947001274,2947002381,16007,1107
29766.711849,2947009087,2947010196,15914,1109
29766.722363,2947016910,2947018013,15828,1103
29766.732332,2947024725,2947025832,15980,1107
29766.743409,2947032548,2947033657,15918,1109
29766.752331,2947040360,2947041472,15843,1112
29766.764333,2947048177,2947049291,15997,1114
29766.774971,2947056006,2947057106,15918,1100
29766.784329,2947063820,2947064933,15831,1113
29766.796010,2947071642,2947072748,15978,1106
29766.806530,2947079467,2947080585,15922,1118
29766.816327,2947087292,2947088404,15839,1112
29766.827570,2947095108,2947096213,16003,1105
29766.836329,2947102926,2947104042,15923,1116
29766.848336,2947110722,2947111822,15815,1100
29766.859129,2947118500,2947119607,15973,1107
29766.868328,2947126306,2947127414,15916,1108
29766.880162,2947134103,2947135211,15843,1108
29766.890691,2947141909,2947143015,15968,1106
29766.900330,2947149725,2947150832,15916,1107
29766.911722,2947157529,2947158637,15823,1108
29766.920331,2947165346,2947166458,15981,1112
29766.932328,2947173160,2947174264,15914,1104
29766.943283,2947180976,2947182083,15846,1107
29766.952330,2947188776,2947189890,15967,1114
29766.964329,2947196579,2947197683,15913,1104
29766.974843,2947204389,2947205488,15826,1099
29766.984328,2947212174,2947213291,15981,1117
29766.995888,2947219984,2947221093,15914,1109
29767.006403,2947227787,2947228890,15841,1103
29767.016332,2947235580,2947236692,15997,1112
29767.027450,2947243392,2947244506,15892,1114
29767.036330,2947251223,2947252327,15830,1104
29767.048327,2947259018,2947260132,15994,1114
29767.059009,2947266849,2947267957,15914,1108
29767.068330,2947274667,2947275776,15845,1109
29767.080049,2947282472,2947283580,15992,1108
29767.090571,2947290282,2947291396,15905,1114
29767.100332,2947298085,2947299197,15834,1112
29767.111608,2947305892,2947307004,15977,1112
29767.120327,2947313696,2947314807,15915,1111
29767.132330,2947321508,2947322612,15837,1104
29767.143170,2947329319,2947330429,15977,1110
29767.152328,2947337134,2947338241,15917,1107
29767.164202,2947344936,2947346038,15830,1102
29767.174730,2947352729,2947353839,15976,1110
29767.184328,2947360536,2947361630,15913,1094
29767.195760,2947368323,2947369432,15916,1109
29767.204333,2947376138,2947377255,16080,1117
29767.216333,2947383961,2947385073,16003,1112
29767.227323,2947391767,2947392867,15900,1100
29767.236332,2947399560,2947400665,15965,1105
29767.248333,2947407365,2947408477,15914,1112
29767.258883,2947415197,2947416308,15945,1111
29767.268330,2947423011,2947424118,16065,1107
29767.279928,2947430830,2947431937,16003,1107
29767.290444,2947438639,2947439752,15925,1113
29767.300337,2947446464,2947447567,15964,1103
29767.311487,2947454272,2947455379,15914,1107
29767.320327,2947462076,2947463179,15858,1103
29767.332332,2947469880,2947470989,15975,1109
29767.343049,2947477696,2947478810,15896,1114
29767.352334,2947485523,2947486626,15843,1103
29767.364087,2947493332,2947494444,15966,1112
29767.374609,2947501141,2947502252,15908,1111
29767.384327,2947508960,2947510074,15853,1114
29767.395649,2947516769,2947517877,15995,1108
29767.404327,2947524572,2947525681,15912,1109
29767.416329,2947532361,2947533469,15873,1108
29767.427207,2947540157,2947541263,15964,1106
29767.436329,2947547953,2947549060,15914,1107
29767.448242,2947555765,2947556868,15862,1103
29767.458769,2947563548,2947564656,15969,1108
29767.468331,2947571372,2947572489,15915,1117
29767.479802,2947579179,2947580279,15842,1100
29767.488328,2947586985,2947588091,15962,1106
29767.500336,2947594785,2947595898,16008,1113
29767.511362,2947602598,2947603710,15938,1112
29767.520329,2947610395,2947611502,16073,1107
29767.532333,2947618203,2947619305,16000,1102
29767.542922,2947626007,2947627119,15913,1112
29767.552328,2947633821,2947634924,16057,1103
29767.563967,2947641611,2947642719,16001,1108
29767.574484,2947649423,2947650534,15943,1111
29767.584332,2947657244,2947658356,16059,1112
29767.595528,2947665049,2947666158,16001,1109
29767.604333,2947672850,2947673964,15846,1114
29767.616327,2947680661,2947681768,15964,1107
29767.627088,2947688461,2947689568,15910,1107
29767.636329,2947696263,2947697366,15853,1103
29767.648129,2947704011,2947705121,15974,1110
29767.658650,2947711826,2947712943,15914,1117
29767.668328,2947719657,2947720765,15817,1108
29767.679687,2947727467,2947728575,15966,1108
29767.688327,2947735256,2947736358,15906,1102
29767.700329,2947743056,2947744168,15888,1112
29767.711249,2947750874,2947751986,15985,1112
29767.720334,2947758690,2947759803,15913,1113
29767.732283,2947766487,2947767595,15843,1108
29767.742808,2947774286,2947775393,15942,1107
29767.752331,2947782085,2947783187,15911,1102
29767.763842,2947789871,2947790976,15858,1105
29767.774370,2947797674,2947798789,15980,1115
29767.784327,2947805486,2947806595,15991,1109
29767.795403,2947813296,2947814399,15930,1103
29767.804336,2947821111,2947822225,16050,1114
29767.816329,2947828926,2947830044,15751,1118
29767.826963,2947836764,2947837877,15857,1113
29767.836327,2947844591,2947845704,15979,1113
29767.848009,2947852339,2947853453,15909,1114
29767.858524,2947860152,2947861265,15846,1113
29767.868330,2947867980,2947869091,15952,1111
29767.879568,2947875797,2947876910,15909,1113
29767.888333,2947883617,2947884725,15839,1108
29767.900331,2947891432,2947892548,15979,1116
29767.911129,2947899259,2947900365,15914,1106
29767.920327,2947907076,2947908183,15846,1107
29767.932168,2947914868,2947915973,15959,1105
29767.942688,2947922661,2947923759,15907,1098
29767.952328,2947930455,2947931572,15858,1117
29767.963730,2947938260,2947939372,15983,1112
29767.972328,2947946051,2947947160,15915,1109
29767.984336,2947953857,2947954973,15869,1116
29767.995288,2947961651,2947962753,15957,1102
29768.004328,2947969460,2947970572,15912,1112
29768.016322,2947977268,2947978380,15857,1112
29768.026850,2947985072,2947986181,16069,1109
29768.036329,2947992887,2947994000,15983,1113
29768.047882,2948000695,2948001809,15929,1114
29768.058412,2948008522,2948009634,15981,1112
29768.068331,2948016347,2948017452,15895,1105
29768.079443,2948024169,2948025281,15846,1112
29768.088328,2948031987,2948033093,16005,1106
29768.100329,2948039797,2948040909,15902,1112
29768.111003,2948047614,2948048717,15828,1103
29768.120327,2948055407,2948056514,15978,1107
29768.132049,2948063210,2948064319,15914,1109
29768.142564,2948071024,2948072129,15845,1105
29768.152333,2948078841,2948079952,15992,1111
29768.163612,2948086648,2948087750,15908,1102
29768.172330,2948094445,2948095554,15861,1109
29768.184329,2948102274,2948103381,15980,1107
29768.195169,2948110086,2948111195,15918,1109
29768.204331,2948117902,2948119008,15844,1106
29768.216210,2948125695,2948126807,15994,1112
29768.226731,2948133516,2948134625,15912,1109
29768.236328,2948141324,2948142430,15817,1106
29768.247769,2948149127,2948150234,16064,1107
29768.256332,2948156930,2948158039,15912,1109
29768.268331,2948164740,2948165847,15872,1107
29768.279331,2948172537,2948173643,15993,1106
29768.288328,2948180347,2948181455,15905,1108
29768.300330,2948188152,2948189259,15803,1107
29768.310890,2948195971,2948197080,15981,1109
29768.320329,2948203783,2948204885,15913,1102
29768.331922,2948211581,2948212687,15840,1106
29768.342451,2948219381,2948220484,15987,1103
29768.352328,2948227185,2948228297,15914,1112
29768.363483,2948234998,2948236106,15828,1108
29768.372328,2948242821,2948243924,15976,1103
29768.384331,2948250620,2948251732,15899,1112
29768.395048,2948258421,2948259524,15864,1103
29768.404328,2948266236,2948267342,15997,1106
29768.416091,2948274051,2948275163,15911,1112
29768.426606,2948281863,2948282980,15829,1117
29768.436331,2948289677,2948290784,15992,1107
29768.447650,2948297485,2948298591,15917,1106
29768.456330,2948305285,2948306388,15842,1103
29768.468329,2948313111,2948314204,15980,1093
29768.479210,2948320889,2948321998,15910,1109
29768.488330,2948328702,2948329798,15843,1096
29768.500247,2948336503,2948337608,15964,1105
29768.510769,2948344316,2948345422,15913,1106
29768.520331,2948352131,2948353239,15857,1108
29768.531809,2948359929,2948361036,15979,1107
29768.540331,2948367747,2948368854,15914,1107
29768.552330,2948375566,2948376683,15844,1117
29768.563369,2948383379,2948384486,15968,1107
29768.572332,2948391188,2948392302,15909,1114
29768.584328,2948399019,2948400125,15930,1106
29768.594932,2948406839,2948407944,16086,1105
29768.604330,2948414623,2948415735,15996,1112
29768.615963,2948422427,2948423532,15936,1105
29768.626489,2948430234,2948431342,16048,1108
29768.636333,2948438051,2948439154,16002,1103
29768.647523,2948445865,2948446976,15944,1111
29768.656330,2948453662,2948454774,16063,1112
29768.668331,2948461387,2948462496,15998,1109
29768.679084,2948469183,2948470297,15932,1114
29768.688328,2948477024,2948478121,16042,1097
29768.700128,2948484833,2948485944,15999,1111
29768.710647,2948492644,2948493751,15977,1107
29768.720328,2948500472,2948501584,16072,1112
29768.731689,2948508262,2948509367,15996,1105
29768.740328,2948516062,2948517165,15933,1103
29768.752335,2948523861,2948524968,16050,1107
29768.763249,2948531676,2948532782,15996,1106
29768.772332,2948539496,2948540608,15936,1112
29768.784289,2948547302,2948548414,16055,1112
29768.794810,2948555125,2948556234,15997,1109
29768.804334,2948562945,2948564050,15842,1105
29768.815848,2948570750,2948571862,15963,1112
29768.826369,2948578552,2948579661,15912,1109
29768.836331,2948586354,2948587452,15888,1098
29768.847410,2948594153,2948595261,15980,1108
29768.856332,2948601966,2948603083,15912,1117
29768.868332,2948609782,2948610890,15826,1108
29768.878970,2948617585,2948618697,15947,1112
29768.888329,2948625395,2948626497,15919,1102
29768.900003,2948633202,2948634308,15838,1106
29768.910532,2948641003,2948642119,15989,1116
29768.920331,2948648819,2948649928,15909,1109
29768.931562,2948656622,2948657730,15816,1108
29768.940333,2948664433,2948665540,15976,1107
29768.952329,2948672247,2948673355,15914,1108
29768.963124,2948680048,2948681164,15834,1116
29768.972330,2948687871,2948688978,15994,1107
29768.984170,2948695669,2948696772,15912,1103
29768.994684,2948703481,2948704598,15829,1117
29769.004328,2948711311,2948712423,15976,1112
29769.015730,2948719115,2948720220,15896,1105
29769.024328,2948726904,2948728018,15842,1114
29769.036329,2948734719,2948735822,15995,1103
29769.047292,2948742519,2948743622,15916,1103
29769.056326,2948750313,2948751422,15831,1109
29769.068329,2948758105,2948759211,15976,1106
29769.078850,2948765924,2948767033,15892,1109
29769.088329,2948773744,2948774841,15839,1097
29769.099891,2948781533,2948782646,15993,1113
29769.110412,2948789324,2948790436,15913,1112
29769.120333,2948797144,2948798251,15831,1107
29769.131450,2948804938,2948806045,15996,1107
29769.140330,2948812750,2948813857,15915,1107
29769.152327,2948820536,2948821644,15839,1108
29769.163012,2948828332,2948829443,15991,1111
29769.172328,2948836147,2948837262,15918,1115
29769.184043,2948843976,2948845089,15832,1113
29769.194571,2948851792,2948852901,15973,1109
29769.204332,2948859597,2948860700,15915,1103
29769.215603,2948867399,2948868510,15844,1111
29769.224336,2948875209,2948876312,15993,1103
29769.236337,2948883010,2948884117,15911,1107
29769.247164,2948890813,2948891916,15829,1103
29769.256330,2948898556,2948899670,15982,1114
29769.268210,2948906369,2948907481,15905,1112
29769.278724,2948914173,2948915287,15830,1114
29769.288329,2948921985,2948923089,15997,1104
29769.299771,2948929780,2948930892,15910,1112
29769.308334,2948937590,2948938699,15826,1109
29769.320335,2948945399,2948946496,15972,1097
29769.331330,2948953178,2948954283,15914,1105
29769.340328,2948960977,2948962074,15841,1097
29769.352327,2948968759,2948969864,15994,1105
29769.362893,2948976555,2948977668,15996,1113
29769.372329,2948984356,2948985458,15918,1102
29769.383930,2948992151,2948993259,16063,1108
29769.394451,2948999961,2949001060,16004,1099
29769.404327,2949007747,2949008845,15930,1098
29769.415491,2949015527,2949016636,16080,1109
29769.424335,2949023315,2949024423,16002,1108
29769.436329,2949031113,2949032220,15910,1107
29769.447050,2949038909,2949040016,16066,1107
29769.456328,2949046708,2949047813,16005,1105
29769.468083,2949054492,2949055597,15929,1105
29769.480114,2949063224,2949064336,15897,1112
29769.490630,2949071033,2949072141,15856,1108
29769.500334,2949078843,2949079946,15969,1103
29769.511673,2949086634,2949087736,15890,1102
29769.520328,2949094433,2949095526,15844,1093
29769.532329,2949102199,2949103306,15981,1107
29769.543235,2949109991,2949111095,15914,1104
29769.552331,2949117785,2949118889,15822,1104
29769.564272,2949125576,2949126681,15981,1105
29769.574794,2949133370,2949134478,15914,1108
29769.584334,2949141170,2949142269,15844,1099
29769.595836,2949148967,2949150066,15994,1099
29769.606356,2949156760,2949157872,15909,1112
29769.616335,2949164571,2949165678,15830,1107
29769.627393,2949172384,2949173487,15999,1103
29769.636331,2949180193,2949181305,15913,1112
29769.648330,2949187993,2949189097,15846,1104
29769.658954,2949195792,2949196900,15991,1108
29769.668328,2949203592,2949204706,15915,1114
29769.679986,2949211396,2949212499,15829,1103
29769.690513,2949219199,2949220308,15939,1109
29769.700330,2949227011,2949228128,15913,1117
29769.711546,2949234803,2949235907,15858,1104
29769.720330,2949242609,2949243715,15982,1106
29769.732329,2949250417,2949251524,15910,1107
29769.743107,2949258217,2949259325,15839,1108
29769.752330,2949266022,2949267136,15968,1114
29769.764153,2949273824,2949274929,15933,1105
29769.774666,2949281619,2949282733,15825,1114
29769.784330,2949289422,2949290536,15980,1114
29769.795713,2949297216,2949298328,15912,1112
29769.804330,2949305000,2949306106,15873,1106
29769.816331,2949312793,2949313900,15960,1107
29769.827271,2949320597,2949321706,15910,1109
29769.836331,2949328387,2949329495,15857,1108
29769.848313,2949336182,2949337288,15953,1106
29769.858834,2949343967,2949345069,15916,1102
29769.868331,2949351771,2949352876,15833,1105
29769.879871,2949359577,2949360689,15962,1112
29769.890394,2949367387,2949368491,15880,1104
29769.900336,2949375202,2949376314,15856,1112
29769.911433,2949383014,2949384121,15980,1107
29769.920332,2949390817,2949391919,15905,1102
29769.932328,2949398606,2949399714,15842,1108
29769.942992,2949406412,2949407524,15959,1112
29769.952327,2949414209,2949415318,15913,1109
29769.964026,2949422001,2949423113,15858,1112
29769.974554,2949429808,2949430918,15991,1110
29769.984334,2949437606,2949438713,15901,1107
29769.995587,2949445420,2949446528,15843,1108
29770.004329,2949453213,2949454321,15982,1108
29770.016327,2949461005,2949462114,15891,1109
29770.027147,2949468798,2949469907,15863,1109
29770.036328,2949476594,2949477697,15981,1103
29770.048193,2949484370,2949485478,15914,1108
29770.058708,2949492148,2949493258,15845,1110
29770.068329,2949499933,2949501041,15966,1108
29770.079752,2949507721,2949508830,15913,1109
29770.088331,2949515500,2949516612,15901,1112
29770.100330,2949523328,2949524440,15995,1112
29770.111315,2949531139,2949532242,15911,1103
29770.120328,2949538946,2949540043,15806,1097
29770.132329,2949546748,2949547865,15981,1117
29770.142874,2949554545,2949555649,15909,1104
29770.152334,2949562342,2949563454,15846,1112
29770.163915,2949570145,2949571253,15995,1108
29770.174428,2949577879,2949578988,15834,1109
29770.184332,2949585708,2949586816,15933,1108
29770.195475,2949593471,2949594588,16071,1117
29770.204333,2949601286,2949602393,15916,1107
29770.216332,2949609080,2949610189,16015,1109
29770.227035,2949616826,2949617933,16037,1107
29770.236331,2949624628,2949625736,15908,1108
29770.248069,2949632423,2949633526,16022,1103
29770.258596,2949640182,2949641288,16058,1106
29770.268336,2949647961,2949649063,15995,1102
29770.279629,2949655739,2949656843,16020,1104
29770.288332,2949663453,2949664558,16075,1105
29770.300333,2949671223,2949672334,15826,1111
29770.311190,2949679018,2949680131,15941,1113
29770.320330,2949686764,2949687866,16069,1102
29770.332227,2949694562,2949695679,15915,1117
29770.342751,2949702367,2949703475,16026,1108
29770.352332,2949710120,2949711226,16070,1106
29770.363787,2949717928,2949719032,15914,1104
29770.372329,2949725723,2949726829,16044,1106
29770.384329,2949733478,2949734580,16072,1102
29770.395347,2949741255,2949742362,15911,1107
29770.404335,2949749033,2949750143,16028,1110
29770.416330,2949756825,2949757928,16053,1103
29770.426907,2949764613,2949765720,15919,1107
29770.436331,2949772408,2949773511,16022,1103
29770.447954,2949780187,2949781290,16053,1103
29770.458467,2949787978,2949789086,15916,1108
29770.468327,2949795768,2949796871,15930,1103
29770.479515,2949803552,2949804664,16060,1112
29770.488328,2949811350,2949812461,15914,1111
29770.500328,2949819142,2949820242,15999,1100
29770.511076,2949826883,2949827991,16037,1108
29770.520334,2949834687,2949835787,15960,1100
29770.532109,2949842468,2949843573,16022,1105
29770.542634,2949850444,2949851555,16047,1111
29770.552327,2949858257,2949859370,15981,1113
29770.563667,2949866069,2949867186,15847,1117
29770.572329,2949874117,2949875231,15992,1114
29770.584335,2949881959,2949883068,15695,1109
29770.595228,2949889773,2949890880,15823,1107
29770.604327,2949897561,2949898677,15985,1116
29770.616273,2949905376,2949906492,15905,1116
29770.626788,2949913181,2949914291,15842,1110
29770.636330,2949920989,2949922105,15992,1116
29770.647827,2949928809,2949929916,15830,1107
29770.658351,2949936601,2949937713,15940,1112
29770.668332,2949944378,2949945486,15984,1108
29770.679387,2949952167,2949953279,15826,1112
29770.688336,2949959970,2949961083,15942,1113
29770.700336,2949967735,2949968840,15981,1105
29770.710950,2949975557,2949976656,15826,1099
29770.720333,2949983332,2949984428,15923,1096
29770.731996,2949991074,2949992191,15976,1117
29770.742508,2949998890,2949999994,15827,1104
29770.752330,2950006676,2950007788,15900,1112
29770.763555,2950014425,2950015537,15971,1112
29770.772329,2950022212,2950023321,15836,1109
29770.784328,2950030007,2950031112,15940,1105
29770.795116,2950037789,2950038897,15963,1108
29770.804330,2950045579,2950046690,15826,1111
29770.816148,2950053378,2950054486,15849,1108
29770.826676,2950061162,2950062265,15957,1103
29770.836330,2950068957,2950070065,15831,1108
29770.847709,2950076739,2950077847,15935,1108
29770.856335,2950084491,2950085598,15984,1107
29770.868328,2950092278,2950093376,15844,1098
29770.879271,2950100080,2950101188,15942,1108
29770.888330,2950107884,2950108993,15962,1109
29770.900307,2950115691,2950116803,15826,1112
29770.910832,2950123473,2950124580,15925,1107
29770.920328,2950131247,2950132339,16040,1092
29770.931868,2950139010,2950140122,15923,1112
29770.942391,2950146801,2950147908,16029,1107
29770.952332,2950154532,2950155639,16068,1107
29770.963435,2950162330,2950163442,15989,1112
29770.972328,2950170135,2950171243,16027,1108
29770.984329,2950177851,2950178959,16071,1108
29770.994989,2950185629,2950186741,15916,1112
29771.004334,2950193398,2950194500,16028,1102
29771.016035,2950201134,2950202244,16074,1110
29771.026549,2950208905,2950210008,15915,1103
29771.036328,2950216677,2950217775,15971,1098
29771.047596,2950224404,2950225507,16060,1103
29771.056335,2950232183,2950233289,15940,1106
29771.068328,2950239974,2950241077,15976,1103
29771.079155,2950247699,2950248801,16035,1102
29771.088332,2950255658,2950256767,15915,1109
29771.100190,2950263451,2950264549,16016,1098
29771.110716,2950271165,2950272269,16025,1104
29771.120332,2950278954,2950280050,15829,1096
29771.131750,2950286738,2950287838,15935,1100
29771.140328,2950294464,2950295581,16071,1117
29771.152334,2950302242,2950303351,15938,1109
29771.163309,2950310013,2950311122,15933,1109
29771.172332,2950317772,2950318872,16052,1100
29771.184332,2950325519,2950326626,15906,1107
29771.194870,2950333292,2950334395,16016,1103
29771.204330,2950341015,2950342116,16061,1101
29771.215907,2950348787,2950349889,15930,1102
29771.226431,2950356565,2950357673,16028,1108
29771.236330,2950364306,2950365414,16072,1108
29771.247468,2950372102,2950373209,15914,1107
29771.256329,2950379873,2950380975,15995,1102
29771.268328,2950387597,2950388700,16037,1103
29771.279031,2950395375,2950396480,15942,1105
29771.288329,2950403202,2950404308,16022,1106
29771.300075,2950410948,2950412055,16073,1107
29771.310596,2950418726,2950419833,15989,1107
29771.320334,2950426521,2950427616,15934,1095
29771.331635,2950434257,2950435355,15979,1098
29771.340329,2950442024,2950443133,15827,1109
29771.352329,2950449804,2950450911,15936,1107
29771.363196,2950457542,2950458644,15984,1102
29771.372327,2950465307,2950466410,15826,1103
29771.384230,2950473068,2950474177,15932,1109
29771.394757,2950480795,2950481902,15979,1107
29771.404328,2950488585,2950489693,15829,1108
29771.415791,2950496371,2950497478,15955,1107
29771.424329,2950504107,2950505215,15988,1108
29771.436335,2950511890,2950512998,15827,1108
29771.447350,2950519654,2950520763,15936,1109
29771.456328,2950527421,2950528528,15977,1107
29771.468330,2950535197,2950536303,15829,1106
29771.478910,2950542976,2950544084,15935,1108
29771.488329,2950550715,2950551830,15981,1115
29771.499948,2950558489,2950559592,15828,1103
29771.510470,2950566260,2950567366,15849,1106
29771.520332,2950574058,2950575165,16061,1107
29771.531508,2950581841,2950582953,15809,1112
29771.540336,2950589607,2950590718,15887,1111
29771.552335,2950597363,2950598466,16073,1103
29771.563068,2950605144,2950606251,15931,1107
29771.572331,2950612976,2950614083,16020,1107
29771.584115,2950620728,2950621835,16074,1107
29771.594629,2950628509,2950629621,15918,1112
29771.604334,2950636297,2950637403,16024,1106
29771.615676,2950644047,2950645155,16041,1108
29771.624328,2950651824,2950652926,15920,1102
29771.636335,2950659599,2950660705,15971,1106
29771.647236,2950667350,2950668457,16068,1107
29771.656328,2950675122,2950676233,15993,1111
29771.668270,2950682897,2950684009,16032,1112
29771.678797,2950690681,2950691794,16055,1113
29771.688335,2950698480,2950699592,15910,1112
29771.699831,2950706248,2950707356,16007,1108
29771.710355,2950714042,2950715150,16054,1108
