time,start,end,count,diff
5377.722774,2828020872,2828021449,9196,577
5377.734792,2828024708,2828025315,9291,607
5377.746810,2828028518,2828029119,8881,601
5377.758846,2828032530,2828033107,11979,577
5377.770858,2828036504,2828037105,12058,601
5377.782875,2828040304,2828040905,8870,601
5377.794910,2828044172,2828044755,9230,583
5377.806927,2828048008,2828048611,9233,603
5377.818945,2828051824,2828052426,8836,602
5377.830980,2828055694,2828056276,9198,582
5377.842997,2828059557,2828060160,9278,603
5377.855020,2828063420,2828064018,8921,598
5377.867051,2828067513,2828068073,11992,560
5377.879065,2828071587,2828072188,12083,601
5377.891088,2828075602,2828076198,11847,596
5377.903114,2828079676,2828080279,12081,603
5377.915132,2828083694,2828084295,12069,601
5377.927149,2828087501,2828088096,8881,595
5377.939187,2828091331,2828091908,9241,577
5377.951201,2828095291,2828095890,11986,599
5377.963225,2828099259,2828099860,11847,601
5377.975254,2828103213,2828103790,11967,577
5377.987271,2828107225,2828107825,12083,600
5377.999299,2828111162,2828111763,11883,601
5378.011322,2828115129,2828115712,11987,583
5378.023342,2828119126,2828119728,12040,602
5378.033873,2828122635,2828123070,7469,435
5378.045884,2828126313,2828126916,9265,603
5378.057908,2828130175,2828130621,7531,446
5378.069931,2828133923,2828134531,12064,608
5378.081951,2828137778,2828138381,9236,603
5378.093969,2828141634,2828142235,8850,601
5378.106007,2828145482,2828146060,9215,578
5378.118022,2828149353,2828149955,9271,602
5378.130038,2828153181,2828153781,8839,600
5378.142073,2828157082,2828157665,11992,583
5378.182645,2828169873,2828170476,12084,603
5378.194666,2828173759,2828174365,9267,606
5378.206683,2828177619,2828178214,8866,595
5378.218718,2828181471,2828182049,9196,578
5378.230735,2828185327,2828185935,9316,608
5378.242751,2828189181,2828189782,8869,601
5378.254786,2828193190,2828193793,12084,603
5378.314890,2828211941,2828212541,11843,600
5378.326919,2828215793,2828216396,9236,603
5378.338940,2828219671,2828220269,9259,598
5378.350963,2828223501,2828224103,8999,602
5378.362988,2828227348,2828227951,9211,603
5378.375008,2828231330,2828231931,12093,601
5378.387027,2828236543,2828237664,15153,1121
5378.399056,2828246973,2828248100,16353,1127
5378.411077,2828257867,2828259000,16343,1133
5378.423096,2828268852,2828269991,16250,1139
5378.435126,2828279877,2828281023,16357,1146
5378.447144,2828291029,2828292169,16266,1140
5378.456334,2828299329,2828300471,16358,1142
5378.468181,2828308049,2828309201,16258,1152
5378.478704,2828316675,2828317820,16352,1145
5378.488333,2828325226,2828326371,16358,1145
5378.499742,2828333470,2828334604,16272,1134
5378.508330,2828342222,2828343367,16352,1145
5378.520349,2828350644,2828351788,16362,1144
5378.531301,2828359244,2828360387,16260,1143
5378.540331,2828367880,2828369026,16344,1146
5378.552333,2828376530,2828377676,16342,1146
5378.562862,2828385152,2828386289,16251,1137
5378.572332,2828393584,2828394724,16356,1140
5378.583908,2828402197,2828403340,16363,1143
5378.594430,2828410627,2828411773,16319,1146
5378.604334,2828419224,2828420381,16349,1157
5378.615467,2828427685,2828428841,16235,1156
5378.624333,2828436268,2828437419,16256,1151
5378.636332,2828444959,2828446110,16055,1151
5378.647031,2828453623,2828454776,16370,1153
5378.656331,2828462039,2828463190,16287,1151
5378.668064,2828470440,2828471597,16341,1157
5378.678590,2828478762,2828479919,16369,1157
5378.688334,2828487066,2828488210,16236,1144
5378.699627,2828495399,2828496544,16373,1145
5378.710151,2828504046,2828505193,16373,1147
5378.720335,2828513258,2828514403,16245,1145
5378.731186,2828522662,2828523808,16333,1146
5378.743212,2828533453,2828534599,16318,1146
5378.755236,2828544274,2828545419,16370,1145
5378.764331,2828553550,2828554690,16246,1140
5378.776269,2828563077,2828564218,16347,1141
5378.786797,2828572295,2828573446,16373,1151
5378.796332,2828581912,2828583058,16231,1146
5378.807830,2828591111,2828592257,16347,1146
5378.818356,2828600638,2828601784,16357,1146
5378.830375,2828611682,2828612828,16362,1146
5378.840332,2828621166,2828622313,16381,1147
5378.851412,2828630872,2828632020,16254,1148
5378.860335,2828640159,2828641311,16361,1152
5378.872331,2828648583,2828649729,16373,1146
5378.882971,2828656843,2828657987,16246,1144
5378.892330,2828665194,2828666345,16266,1151
5378.904019,2828673650,2828674801,16380,1151
5378.914532,2828681872,2828683018,16242,1146
5378.924328,2828690244,2828691385,16337,1141
5378.935577,2828698484,2828699629,16377,1145
5378.944328,2828706717,2828707864,16262,1147
5378.956328,2828715114,2828716256,16357,1142
5378.967139,2828723349,2828724504,16376,1155
5378.976332,2828731896,2828733042,16222,1146
5378.988172,2828740121,2828741267,16355,1146
5378.998697,2828748337,2828749478,16335,1141
5379.008332,2828756597,2828757743,16230,1146
5379.019732,2828764799,2828765945,16354,1146
5379.028334,2828773051,2828774197,16379,1146
5379.040334,2828781253,2828782399,16319,1146
5379.051294,2828789486,2828790634,16372,1148
5379.060335,2828797715,2828798860,16373,1145
5379.072331,2828806092,2828807238,16239,1146
5379.082853,2828814507,2828815652,16352,1145
5379.092334,2828822854,2828824000,16389,1146
5379.103890,2828831081,2828832227,16236,1146
5379.114414,2828839599,2828840735,16358,1136
5379.124327,2828847830,2828848976,16375,1146
5379.135451,2828856058,2828857204,16236,1146
5379.144332,2828864302,2828865448,16327,1146
5379.156328,2828872522,2828873668,16358,1146
5379.167013,2828880773,2828881914,16274,1141
5379.176329,2828889122,2828890268,16344,1146
5379.188055,2828897384,2828898530,16361,1146
5379.198574,2828905617,2828906763,16276,1146
5379.208327,2828913954,2828915100,16358,1146
5379.219619,2828922171,2828923308,16366,1137
5379.228327,2828930471,2828931617,16236,1146
5379.240336,2828938749,2828939894,16261,1145
5379.251178,2828946981,2828948125,16375,1144
5379.260334,2828955317,2828956465,16243,1148
5379.272212,2828963582,2828964728,16348,1146
5379.282738,2828971894,2828973042,16362,1148
5379.292333,2828980307,2828981449,16243,1142
5379.303773,2828988518,2828989664,16357,1146
5379.312334,2828996758,2828997895,16368,1137
5379.324328,2829005129,2829006280,16246,1151
5379.335333,2829013401,2829014544,16354,1143
5379.344327,2829021693,2829022839,16375,1146
5379.356329,2829030096,2829031242,16258,1146
5379.366894,2829038542,2829039691,16348,1149
5379.376329,2829046929,2829048070,16359,1141
5379.387937,2829055148,2829056294,16319,1146
5379.398454,2829063412,2829064558,16358,1146
5379.408330,2829071740,2829072880,16379,1140
5379.419492,2829080047,2829081193,16246,1146
5379.428335,2829088302,2829089448,16375,1146
5379.440327,2829096543,2829097690,16386,1147
5379.451051,2829104908,2829106054,16260,1146
5379.460330,2829113427,2829114573,16369,1146
5379.472097,2829121691,2829122838,16373,1147
5379.482611,2829130177,2829131326,16239,1149
5379.492330,2829138467,2829139613,16356,1146
5379.503658,2829146693,2829147835,16374,1142
5379.512327,2829154917,2829156063,16241,1146
5379.524330,2829163177,2829164319,16355,1142
5379.535218,2829171421,2829172563,16381,1142
5379.544336,2829179701,2829180844,16244,1143
5379.556252,2829187917,2829189063,16353,1146
5379.566778,2829196226,2829197375,16378,1149
5379.576335,2829204649,2829205791,16210,1142
5379.587812,2829213130,2829214277,16255,1147
5379.598341,2829221651,2829222797,16394,1146
5379.608329,2829230007,2829231148,16238,1141
5379.619373,2829238294,2829239440,16359,1146
5379.628327,2829246590,2829247736,16366,1146
5379.640334,2829254892,2829256038,16237,1146
5379.650934,2829263320,2829264466,16355,1146
5379.660334,2829271598,2829272746,16440,1148
5379.671972,2829280089,2829281232,16235,1143
5379.682494,2829288493,2829289642,16351,1149
5379.692331,2829296976,2829298123,16368,1147
5379.703532,2829305327,2829306474,16239,1147
5379.712329,2829313541,2829314687,16356,1146
5379.724328,2829321769,2829322921,16379,1152
5379.735098,2829330083,2829331229,16315,1146
5379.744331,2829338585,2829339736,16357,1151
5379.756137,2829346896,2829348042,16376,1146
5379.766651,2829355318,2829356464,16237,1146
5379.776332,2829363839,2829364985,16357,1146
5379.787696,2829372323,2829373468,16379,1145
5379.796326,2829380916,2829382057,16235,1141
5379.808331,2829389367,2829390513,16352,1146
5379.819258,2829397579,2829398730,16376,1151
5379.828332,2829406014,2829407161,16230,1147
5379.840294,2829414232,2829415378,16373,1146
5379.850819,2829422578,2829423724,16382,1146
5379.860331,2829430968,2829432114,16241,1146
5379.871855,2829439218,2829440369,16362,1151
5379.882379,2829447445,2829448588,16375,1143
5379.892330,2829455815,2829456972,16240,1157
5379.903413,2829464263,2829465408,16360,1145
5379.912333,2829472525,2829473670,16378,1145
5379.924333,2829480847,2829481994,16238,1147
5379.934973,2829489166,2829490317,16262,1151
5379.944333,2829497479,2829498625,16378,1146
5379.956012,2829505887,2829507038,16241,1151
5379.966534,2829514437,2829515588,16402,1151
5379.976331,2829522850,2829523997,16379,1147
5379.987570,2829531243,2829532389,16258,1146
5379.996332,2829539755,2829540890,16356,1135
5380.008333,2829548201,2829549352,16372,1151
5380.019131,2829556690,2829557836,16247,1146
5380.028332,2829565359,2829566501,16358,1142
5380.040178,2829573893,2829575044,16362,1151
5380.050692,2829582392,2829583549,16236,1157
5380.060328,2829590701,2829591847,16356,1146
5380.071737,2829599122,2829600269,16427,1147
5380.080327,2829607426,2829608580,16323,1154
5380.092331,2829615741,2829616893,16349,1152
5380.103298,2829624202,2829625355,16376,1153
5380.112328,2829632562,2829633714,16237,1152
5380.124331,2829640907,2829642054,16360,1147
5380.134857,2829649248,2829650394,16369,1146
5380.144332,2829657544,2829658696,16273,1152
5380.155893,2829665962,2829667119,16348,1157
5380.166419,2829674508,2829675659,16376,1151
5380.176327,2829682963,2829684115,16239,1152
5380.187457,2829691193,2829692339,16346,1146
5380.196328,2829699644,2829700790,16363,1146
5380.208335,2829707966,2829709111,16240,1145
5380.219014,2829716541,2829717692,16355,1151
5380.228327,2829724943,2829726094,16368,1151
5380.240050,2829733427,2829734574,16239,1147
5380.250575,2829741890,2829743028,16355,1138
5380.260329,2829750644,2829751796,16365,1152
5380.271613,2829759252,2829760398,16323,1146
5380.280329,2829767691,2829768845,16272,1154
5380.292330,2829775930,2829777077,16451,1147
5380.303171,2829784231,2829785378,16255,1147
5380.312327,2829792533,2829793685,16441,1152
5380.324218,2829800795,2829801936,16396,1141
5380.334731,2829809058,2829810204,16332,1146
5380.344330,2829817325,2829818467,16359,1142
5380.355779,2829825615,2829826767,16463,1152
5380.366294,2829834117,2829835272,16256,1155
5380.378323,2829844976,2829846127,16398,1151
5380.388332,2829854661,2829855840,16289,1179
5380.399358,2829864221,2829865382,16392,1161
5380.409883,2829874073,2829875255,16460,1182
5380.421901,2829885256,2829886418,16433,1162
5380.432331,2829894622,2829895785,16427,1163
5380.442938,2829903261,2829904418,16327,1157
5380.452333,2829911702,2829912859,16355,1157
5380.463986,2829920211,2829921358,16378,1147
5380.475995,2829929862,2829931008,16309,1146
5380.486528,2829938363,2829939510,16365,1147
5380.496335,2829946890,2829948033,16243,1143
5380.507562,2829955426,2829956573,16350,1147
5380.516331,2829963834,2829964981,16375,1147
5380.528336,2829972252,2829973399,16307,1147
5380.539123,2829980707,2829981859,16351,1152
5380.548331,2829989363,2829990515,16371,1152
5380.560160,2829997839,2829998991,16240,1152
5380.570683,2830006189,2830007336,16358,1147
5380.580331,2830014533,2830015684,16374,1151
5380.591719,2830022868,2830024015,16240,1147
5380.600335,2830031358,2830032504,16360,1146
5380.612328,2830039744,2830040891,16373,1147
5380.623280,2830048176,2830049328,16240,1152
5380.632327,2830056774,2830057921,16370,1147
5380.644326,2830065329,2830066476,16377,1147
5380.654840,2830073790,2830074941,16243,1151
5380.664327,2830082345,2830083501,16355,1156
5380.675889,2830090890,2830092037,16375,1147
5380.686402,2830099349,2830100501,16235,1152
5380.696333,2830107859,2830109005,16354,1146
5380.707448,2830116351,2830117498,16375,1147
5380.716331,2830124846,2830125993,16233,1147
5380.728334,2830133364,2830134521,16258,1157
5380.739008,2830141988,2830143135,16377,1147
5380.748327,2830150453,2830151607,16237,1154
5380.760042,2830158856,2830160003,16356,1147
5380.770568,2830167269,2830168416,16376,1147
5380.780333,2830175660,2830176800,16254,1140
5380.791602,2830183960,2830185102,16348,1142
5380.800331,2830192222,2830193368,16378,1146
5380.812333,2830200672,2830201819,16231,1147
5380.823164,2830209083,2830210230,16355,1147
5380.832330,2830217577,2830218724,16362,1147
5380.844200,2830226055,2830227207,16240,1152
5380.854724,2830234543,2830235690,16360,1147
5380.864329,2830242900,2830244050,16377,1150
5380.875766,2830251218,2830252369,16320,1151
5380.884332,2830259760,2830260907,16278,1147
5380.896332,2830268278,2830269430,16377,1152
5380.907321,2830276576,2830277722,16232,1146
5380.916332,2830284969,2830286116,16357,1147
5380.928330,2830293464,2830294616,16377,1152
5380.938880,2830301964,2830303111,16245,1147
5380.948329,2830310276,2830311428,16351,1152
5380.959927,2830318753,2830319900,16378,1147
5380.970441,2830327221,2830328368,16237,1147
5380.980330,2830335544,2830336693,16369,1149
5380.991488,2830343942,2830345092,16377,1150
5381.000327,2830352582,2830353729,16242,1147
5381.012332,2830361135,2830362287,16352,1152
5381.023049,2830369640,2830370791,16383,1151
5381.032333,2830378384,2830379536,16238,1152
5381.044082,2830387060,2830388207,16355,1147
5381.054608,2830395870,2830397022,16377,1152
5381.064334,2830404515,2830405665,16241,1150
5381.075643,2830412954,2830414106,16261,1152
5381.084326,2830421480,2830422637,16384,1157
5381.096332,2830429922,2830431064,16246,1142
5381.107203,2830438439,2830439586,16355,1147
5381.116329,2830447021,2830448173,16377,1152
5381.128239,2830455674,2830456821,16257,1147
5381.138765,2830464405,2830465552,16358,1147
5381.148329,2830472928,2830474086,16378,1158
5381.159799,2830481444,2830482591,16237,1147
5381.168331,2830489942,2830491089,16354,1147
5381.180328,2830498463,2830499624,16363,1161
5381.191360,2830507126,2830508273,16237,1147
5381.200327,2830515541,2830516692,16379,1151
5381.212329,2830524058,2830525220,16324,1162
5381.222926,2830532400,2830533552,16317,1152
5381.232330,2830540940,2830542097,16387,1157
5381.243965,2830549459,2830550615,16325,1156
5381.254481,2830557864,2830559026,16255,1162
5381.264330,2830566363,2830567519,16409,1156
5381.275528,2830574780,2830575927,16381,1147
5381.284329,2830583097,2830584250,16236,1153
5381.296334,2830591458,2830592605,16373,1147
5381.307089,2830599834,2830600981,16377,1147
5381.316333,2830608539,2830609691,16237,1152
5381.328123,2830617073,2830618220,16363,1147
5381.338648,2830625519,2830626666,16376,1147
5381.348328,2830634001,2830635145,16233,1144
5381.359683,2830642396,2830643542,16356,1146
5381.368329,2830650947,2830652095,16371,1148
5381.380335,2830659446,2830660602,16239,1156
5381.391243,2830667758,2830668904,16358,1146
5381.400335,2830676220,2830677367,16380,1147
5381.412279,2830684719,2830685871,16241,1152
5381.422802,2830693172,2830694319,16257,1147
5381.432331,2830701612,2830702769,16382,1157
5381.443840,2830710204,2830711360,16242,1156
5381.454364,2830718587,2830719733,16354,1146
5381.464336,2830727085,2830728231,16367,1146
5381.475400,2830735406,2830736564,16255,1158
5381.484328,2830743762,2830744909,16355,1147
5381.496330,2830752302,2830753449,16414,1147
5381.506960,2830760768,2830761914,16235,1146
5381.516334,2830769459,2830770612,16350,1153
5381.528007,2830778061,2830779208,16361,1147
5381.538521,2830786528,2830787675,16242,1147
5381.548328,2830795021,2830796170,16356,1149
5381.559568,2830803506,2830804653,16380,1147
5381.568330,2830811934,2830813087,16309,1153
5381.580330,2830820450,2830821600,16356,1150
5381.591128,2830828905,2830830063,16378,1158
5381.600329,2830837446,2830838595,16235,1149
5381.612162,2830846099,2830847246,16356,1147
5381.622687,2830854619,2830855766,16380,1147
5381.632328,2830863167,2830864315,16237,1148
5381.643723,2830871664,2830872812,16354,1148
5381.652327,2830880169,2830881327,16372,1158
5381.664329,2830888673,2830889829,16230,1156
5381.675285,2830897115,2830898273,16370,1158
5381.684327,2830905802,2830906955,16373,1153
5381.696319,2830914085,2830915237,16237,1152
5381.706845,2830922522,2830923669,16363,1147
5381.716333,2830930993,2830932149,16376,1156
5381.727882,2830939445,2830940592,16242,1147
5381.738405,2830947870,2830949018,16353,1148
5381.748327,2830956185,2830957344,16359,1159
5381.759442,2830964700,2830965851,16242,1151
5381.768331,2830973212,2830974359,16258,1147
5381.780331,2830981776,2830982931,16376,1155
5381.791001,2830990309,2830991461,16237,1152
5381.800329,2830998908,2831000055,16357,1147
5381.812047,2831007434,2831008587,16377,1153
5381.822561,2831015911,2831017063,16257,1152
5381.832330,2831024541,2831025693,16357,1152
5381.843608,2831033099,2831034257,16378,1158
5381.852335,2831041473,2831042625,16243,1152
5381.864330,2831049970,2831051127,16355,1157
5381.875169,2831058364,2831059511,16354,1147
5381.884330,2831066913,2831068066,16245,1153
5381.896203,2831075423,2831076581,16352,1158
5381.906729,2831083991,2831085149,16429,1158
5381.916336,2831092655,2831093807,16322,1152
5381.927763,2831101073,2831102219,16350,1146
5381.938291,2831109724,2831110878,16373,1154
5381.950307,2831120614,2831121800,16347,1186
5381.960332,2831130215,2831131406,16378,1191
5381.971343,2831139752,2831140937,16244,1185
5381.981868,2831149555,2831150749,16399,1194
5381.992332,2831159227,2831160409,16368,1182
5382.004331,2831170076,2831171239,16341,1163
5382.014935,2831178954,2831180115,16371,1161
5382.024335,2831187746,2831188903,16247,1157
5382.035969,2831196339,2831197493,16438,1154
5382.046497,2831204878,2831206025,16463,1147
5382.056328,2831213323,2831214499,16326,1176
5382.067527,2831221671,2831222824,16268,1153
5382.076335,2831230208,2831231391,16457,1183
5382.088332,2831238811,2831239964,16248,1153
5382.099089,2831247494,2831248647,16428,1153
5382.108327,2831256109,2831257272,16438,1163
5382.120126,2831264822,2831265969,16257,1147
5382.130650,2831273134,2831274285,16350,1151
5382.140328,2831281824,2831282977,16367,1153
5382.151686,2831290453,2831291601,16229,1148
5382.160328,2831299075,2831300228,16353,1153
5382.172333,2831307649,2831308812,16362,1163
5382.183247,2831316085,2831317241,16238,1156
5382.192330,2831324770,2831325947,16356,1177
5382.204293,2831333241,2831334392,16381,1151
5382.214815,2831341755,2831342913,16307,1158
5382.224331,2831350393,2831351546,16355,1153
5382.235855,2831358878,2831360026,16375,1148
5382.246369,2831367480,2831368655,16238,1175
5382.256331,2831375998,2831377155,16354,1157
5382.267414,2831384659,2831385812,16378,1153
5382.276334,2831393106,2831394289,16234,1183
5382.288328,2831401781,2831402934,16346,1153
5382.298977,2831410305,2831411463,16370,1158
5382.308328,2831419108,2831420256,16242,1148
5382.320011,2831427760,2831428908,16372,1148
5382.330535,2831436343,2831437524,16380,1181
5382.340336,2831444758,2831445909,16232,1151
5382.351571,2831453452,2831454599,16357,1147
5382.360330,2831461880,2831463058,16377,1178
5382.372335,2831470488,2831471646,16243,1158
5382.383129,2831479070,2831480223,16358,1153
5382.392327,2831487858,2831489042,16376,1184
5382.404166,2831496446,2831497604,16239,1158
5382.414688,2831505076,2831506260,16256,1184
5382.424332,2831513685,2831514843,16369,1158
5382.435727,2831522393,2831523545,16246,1152
5382.444331,2831530923,2831532098,16351,1175
5382.456336,2831539525,2831540678,16371,1153
5382.467286,2831548003,2831549151,16254,1148
5382.476328,2831556561,2831557744,16358,1183
5382.488333,2831565130,2831566313,16378,1183
5382.498849,2831573773,2831574926,16238,1153
5382.508329,2831582294,2831583472,16351,1178
5382.519896,2831590865,2831592018,16430,1153
5382.530407,2831599451,2831600627,16243,1176
5382.540333,2831607983,2831609135,16348,1152
5382.551454,2831616677,2831617825,16381,1148
5382.560327,2831625478,2831626661,16319,1183
5382.572330,2831634185,2831635366,16347,1181
5382.583015,2831642946,2831644099,16373,1153
5382.592332,2831651606,2831652783,16240,1177
5382.604050,2831660293,2831661450,16356,1157
5382.614575,2831668859,2831670017,16378,1158
5382.624335,2831677546,2831678730,16238,1184
5382.635610,2831686170,2831687328,16354,1158
5382.644336,2831694506,2831695673,16378,1167
5382.656334,2831703110,2831704298,16234,1188
5382.667172,2831711763,2831712946,16372,1183
5382.676337,2831720611,2831721774,16365,1163
5382.688208,2831729272,2831730424,16242,1152
5382.698730,2831737778,2831738926,16354,1148
5382.708333,2831746112,2831747260,16375,1148
5382.719767,2831754767,2831755920,16191,1153
5382.728330,2831763382,2831764535,16357,1153
5382.740333,2831771948,2831773106,16378,1158
5382.751327,2831780459,2831781617,16246,1158
5382.760336,2831789063,2831790215,16256,1152
5382.772329,2831797779,2831798966,16370,1187
5382.782889,2831806436,2831807618,16257,1182
5382.792326,2831815203,2831816386,16349,1183
5382.803934,2831824012,2831825174,16378,1162
5382.814447,2831832521,2831833704,16260,1183
5382.824333,2831841165,2831842342,16355,1177
5382.835496,2831849704,2831850856,16372,1152
5382.844327,2831858258,2831859423,16269,1165
5382.856329,2831866847,2831868010,16349,1163
5382.867055,2831875520,2831876677,16359,1157
5382.876329,2831884359,2831885537,16245,1178
5382.888091,2831892960,2831894113,16342,1153
5382.898615,2831901525,2831902689,16381,1164
5382.908327,2831910077,2831911235,16316,1158
5382.919649,2831918774,2831919923,16354,1149
5382.928333,2831927215,2831928372,16359,1157
5382.940331,2831935874,2831937062,16239,1188
5382.951210,2831944241,2831945399,16356,1158
5382.960330,2831952925,2831954103,16380,1178
5382.972249,2831961438,2831962625,16261,1187
5382.982770,2831970041,2831971219,16359,1178
5382.992328,2831978887,2831980040,16363,1153
5383.003807,2831987616,2831988799,16229,1183
5383.012327,2831996180,2831997334,16372,1154
5383.024328,2832004617,2832005804,16382,1187
5383.035367,2832013142,2832014325,16244,1183
5383.044328,2832021836,2832022998,16352,1162
5383.056329,2832030488,2832031665,16378,1177
5383.066928,2832039344,2832040502,16241,1158
5383.076328,2832048087,2832049274,16354,1187
5383.087974,2832056992,2832058153,16377,1161
5383.098489,2832065686,2832066873,16240,1187
5383.108331,2832074390,2832075569,16257,1179
5383.119535,2832083160,2832084318,16378,1158
5383.128328,2832091795,2832092952,16238,1157
5383.140330,2832100480,2832101673,16354,1193
5383.151095,2832109140,2832110299,16366,1159
5383.160334,2832118054,2832119236,16257,1182
5383.172130,2832126968,2832128130,16356,1162
5383.182655,2832135540,2832136693,16376,1153
5383.192334,2832144240,2832145426,16243,1186
5383.203691,2832153046,2832154221,16356,1175
5383.212330,2832161615,2832162774,16410,1159
5383.224334,2832169965,2832171147,16268,1182
5383.235249,2832178533,2832179686,16356,1153
5383.244333,2832187142,2832188302,16374,1160
5383.256295,2832195915,2832197098,16309,1183
5383.266810,2832204710,2832205892,16359,1182
5383.276331,2832213466,2832214622,16406,1156
5383.287846,2832222295,2832223443,16215,1148
5383.298371,2832231111,2832232274,16328,1163
5383.308331,2832239902,2832241079,16376,1177
5383.319408,2832248714,2832249896,16239,1182
5383.328328,2832257477,2832258668,16359,1191
5383.340331,2832266149,2832267297,16349,1148
5383.350970,2832274844,2832276031,16280,1187
5383.360333,2832283379,2832284552,16371,1173
5383.372013,2832292100,2832293257,16353,1157
5383.382530,2832300844,2832302026,16285,1182
5383.392329,2832309988,2832311180,16343,1192
5383.403574,2832318811,2832320004,16365,1193
5383.412330,2832327660,2832328843,16259,1183
5383.424332,2832336469,2832337651,16340,1182
5383.435133,2832345176,2832346362,16363,1186
5383.444331,2832354099,2832355283,16257,1184
5383.456168,2832362854,2832364031,16271,1177
5383.466694,2832371691,2832372875,16367,1184
5383.476328,2832380579,2832381766,16259,1187
5383.487729,2832389359,2832390546,16352,1187
5383.496332,2832398141,2832399325,16368,1184
5383.508327,2832407041,2832408229,16270,1188
5383.522294,2832419882,2832421075,16252,1193
5383.532333,2832429445,2832430632,16343,1187
5383.543340,2832439202,2832440384,16365,1182
5383.553863,2832449150,2832450343,16361,1193
5383.564331,2832458880,2832460071,16344,1191
5383.574901,2832468461,2832469648,16379,1187
5383.584333,2832478160,2832479351,16241,1191
5383.595935,2832486993,2832488182,16352,1189
5383.606460,2832496005,2832497187,16379,1182
5383.616334,2832504844,2832506021,16234,1177
5383.627496,2832513597,2832514784,16345,1187
5383.636328,2832522393,2832523576,16379,1183
5383.648331,2832531130,2832532311,16243,1181
5383.659057,2832539815,2832541006,16373,1191
5383.668330,2832548662,2832549844,16378,1182
5383.680093,2832557590,2832558775,16242,1185
5383.690617,2832566298,2832567475,16344,1177
5383.700329,2832575115,2832576302,16378,1187
5383.711655,2832583940,2832585127,16230,1187
5383.720327,2832592654,2832593842,16348,1188
5383.732330,2832601357,2832602539,16378,1182
5383.743213,2832609978,2832611131,16240,1153
5383.752328,2832618897,2832620084,16258,1187
5383.764260,2832627767,2832628958,16379,1191
5383.774774,2832636813,2832638000,16240,1187
5383.784329,2832646033,2832647230,16358,1197
5383.795822,2832655178,2832656338,16367,1160
5383.804328,2832664050,2832665227,16257,1177
5383.816332,2832672843,2832674030,16354,1187
5383.827380,2832681508,2832682690,16380,1182
5383.836327,2832690331,2832691524,16238,1193
5383.848334,2832699310,2832700497,16351,1187
5383.858942,2832708235,2832709422,16362,1187
5383.868327,2832717155,2832718332,16241,1177
5383.879975,2832726044,2832727232,16352,1188
5383.890502,2832734939,2832736121,16377,1182
5383.900330,2832743835,2832745018,16310,1183
5383.911537,2832752851,2832754027,16354,1176
5383.920330,2832761652,2832762840,16374,1188
5383.932335,2832770444,2832771622,16239,1178
5383.943092,2832779305,2832780466,16346,1161
5383.952327,2832788426,2832789613,16381,1187
5383.964132,2832797246,2832798434,16239,1188
5383.974657,2832806069,2832807256,16349,1187
5383.984335,2832814844,2832816031,16378,1187
5383.995695,2832823562,2832824748,16241,1186
5384.004330,2832832225,2832833406,16371,1181
5384.016328,2832841137,2832842330,16378,1193
5384.027253,2832850115,2832851297,16237,1182
5384.036332,2832858910,2832860096,16347,1186
5384.048300,2832867829,2832869016,16365,1187
5384.058813,2832876705,2832877891,16243,1186
5384.068329,2832885550,2832886743,16354,1193
5384.079860,2832894155,2832895343,16377,1188
5384.090374,2832902960,2832904118,16238,1158
5384.100333,2832911776,2832912969,16258,1193
5384.111421,2832920594,2832921780,16377,1186
5384.120333,2832929594,2832930772,16241,1178
5384.132330,2832938528,2832939721,16345,1193
5384.142982,2832947457,2832948644,16378,1187
5384.152330,2832956308,2832957500,16247,1192
5384.164015,2832965157,2832966319,16356,1162
5384.174542,2832974158,2832975321,16378,1163
5384.184327,2832983036,2832984229,16244,1193
5384.195576,2832991915,2832993101,16347,1186
5384.204327,2833000808,2833001996,16360,1188
5384.216331,2833009680,2833010866,16238,1186
5384.227136,2833018608,2833019785,16358,1177
5384.236328,2833027536,2833028729,16381,1193
5384.248180,2833036461,2833037647,16319,1186
5384.258696,2833045583,2833046774,16358,1191
5384.268326,2833054510,2833055692,16376,1182
5384.279733,2833063417,2833064610,16242,1193
5384.288331,2833072411,2833073597,16350,1186
5384.300335,2833081210,2833082392,16377,1182
5384.311293,2833090094,2833091245,16237,1151
5384.320331,2833099149,2833100328,16357,1179
5384.332334,2833108099,2833109282,16376,1183
5384.342854,2833116998,2833118191,16242,1193
5384.352327,2833125677,2833126856,16379,1179
5384.363901,2833134518,2833135706,16378,1188
5384.374415,2833143533,2833144720,16238,1187
5384.384331,2833152320,2833153506,16357,1186
5384.395460,2833161106,2833162292,16374,1186
5384.404332,2833170166,2833171340,16232,1174
5384.416327,2833179159,2833180345,16352,1186
5384.427022,2833188218,2833189401,16379,1183
5384.436334,2833197275,2833198468,16238,1193
5384.448055,2833205980,2833207159,16257,1179
5384.458582,2833214904,2833216092,16378,1188
5384.468327,2833223854,2833225037,16238,1183
5384.479616,2833232693,2833233876,16355,1183
5384.488328,2833241662,2833242851,16379,1189
5384.500328,2833250495,2833251683,16256,1188
5384.511178,2833259500,2833260691,16358,1191
5384.520327,2833268602,2833269789,16369,1187
5384.532213,2833277560,2833278747,16240,1187
5384.542737,2833286544,2833287732,16350,1188
5384.552331,2833295562,2833296750,16355,1188
5384.563774,2833304377,2833305565,16237,1188
5384.572327,2833313538,2833314726,16352,1188
5384.600332,2833328330,2833328942,12006,612
5384.611877,2833332272,2833332888,12097,616
5384.622394,2833339120,2833340268,16329,1148
5384.632334,2833347786,2833348965,16239,1179
5384.643431,2833356298,2833357450,16390,1152
5384.652334,2833364959,2833366118,16328,1159
5384.664329,2833373657,2833374809,16256,1152
5384.674993,2833382608,2833383794,16408,1186
5384.684328,2833391529,2833392721,16326,1192
5384.696024,2833400362,2833401554,16226,1192
5384.706552,2833409318,2833410506,16388,1188
5384.716330,2833418171,2833419353,16327,1182
5384.727585,2833427059,2833428240,16254,1181
5384.736328,2833436109,2833437297,16408,1188
5384.748328,2833444828,2833446016,16331,1188
5384.759147,2833453614,2833454798,16179,1184
5384.768331,2833462633,2833463821,16391,1188
5384.780191,2833471689,2833472870,16326,1181
5384.790706,2833480452,2833481639,16261,1187
5384.800333,2833489304,2833490492,16392,1188
5384.811753,2833498157,2833499348,16326,1191
5384.820333,2833507038,2833508221,16239,1183
5384.832328,2833515886,2833517079,16391,1193
5384.843311,2833524791,2833525979,16312,1188
5384.852328,2833533860,2833535052,16256,1192
5384.864336,2833542812,2833544000,16403,1188
5384.874874,2833551687,2833552880,16324,1193
5384.884328,2833560821,2833562004,16245,1183
5384.895911,2833569828,2833571021,16412,1193
5384.906432,2833578502,2833579690,16325,1188
5384.916334,2833587428,2833588614,16255,1186
5384.927473,2833596430,2833597609,16406,1179
5384.936327,2833605295,2833606488,16329,1193
5384.948332,2833614206,2833615399,16243,1193
5384.959032,2833623296,2833624479,16392,1183
5384.968335,2833632160,2833633353,16327,1193
5384.980066,2833641170,2833642357,16260,1187
5384.990593,2833650024,2833651212,16408,1188
5385.000327,2833658944,2833660132,16329,1188
5385.011625,2833667891,2833669078,16234,1187
5385.020327,2833676948,2833678130,16389,1182
5385.032336,2833685892,2833687077,16325,1185
5385.043184,2833694795,2833695977,16247,1182
5385.052334,2833703687,2833704873,16411,1186
5385.064232,2833712744,2833713907,16326,1163
5385.074746,2833721697,2833722880,16243,1183
5385.084329,2833730831,2833732019,16391,1188
5385.098801,2833739923,2833741031,15960,1108
5385.110814,2833749192,2833750298,15825,1106
5385.120332,2833757360,2833758468,16000,1108
5385.131860,2833765824,2833766937,15905,1113
5385.142375,2833774174,2833775282,15841,1108
5385.152331,2833782705,2833783808,15988,1103
5385.163423,2833791072,2833792187,15998,1115
5385.172332,2833798982,2833800096,15831,1114
5385.184332,2833806766,2833807880,15971,1114
5385.194980,2833814568,2833815675,15906,1107
5385.204327,2833822366,2833823471,15847,1105
5385.216023,2833830156,2833831261,15991,1105
5385.226542,2833837943,2833839046,15927,1103
5385.236334,2833845714,2833846819,15841,1105
5385.247581,2833853503,2833854616,16060,1113
5385.256334,2833861304,2833862411,15926,1107
5385.268335,2833869079,2833870182,15856,1103
5385.279141,2833876853,2833877961,15997,1108
5385.288330,2833884467,2833885575,15915,1108
5385.300173,2833892255,2833893358,15834,1103
5385.310701,2833900040,2833901148,15982,1108
5385.320334,2833907820,2833908928,15899,1108
5385.331734,2833915605,2833916718,15843,1113
5385.340328,2833923390,2833924498,16009,1108
5385.352334,2833931169,2833932268,15915,1099
5385.363293,2833938949,2833940052,15830,1103
5385.372329,2833946741,2833947848,15968,1107
5385.384331,2833954523,2833955631,15899,1108
5385.394854,2833962315,2833963423,15939,1108
5385.404328,2833970101,2833971204,16053,1103
5385.415900,2833977881,2833978989,15928,1108
5385.426414,2833985667,2833986775,15931,1108
5385.436328,2833993444,2833994557,16052,1113
5385.447459,2834001227,2834002331,16002,1104
5385.456328,2834009008,2834010122,15869,1114
5385.468328,2834016798,2834017906,15984,1108
5385.479020,2834024582,2834025682,15916,1100
5385.488327,2834032352,2834033461,15835,1109
5385.500058,2834040136,2834041243,15965,1107
5385.510580,2834047920,2834049031,15918,1111
5385.520332,2834055705,2834056818,15858,1113
5385.531622,2834063494,2834064603,15983,1109
5385.540332,2834071285,2834072394,15922,1109
5385.552333,2834079068,2834080172,15928,1104
5385.563179,2834086850,2834087955,15976,1105
5385.572331,2834094639,2834095742,15921,1103
5385.584215,2834102435,2834103540,15862,1105
5385.594740,2834110218,2834111320,15979,1102
5385.604328,2834118001,2834119110,16002,1109
5385.615773,2834125787,2834126890,15855,1103
5385.624335,2834133557,2834134670,16051,1113
5385.636330,2834141359,2834142461,15997,1102
5385.647334,2834149130,2834150238,15875,1108
5385.656326,2834156928,2834158028,15982,1100
5385.668337,2834164696,2834165800,15907,1104
5385.678894,2834172472,2834173581,15853,1109
5385.688331,2834180263,2834181368,15973,1105
5385.699940,2834188048,2834189151,15917,1103
5385.710455,2834195829,2834196930,15868,1101
5385.720330,2834203612,2834204719,15982,1107
5385.731500,2834211406,2834212514,15919,1108
5385.740328,2834219196,2834220299,15853,1103
5385.752327,2834226973,2834228081,15968,1108
5385.763059,2834234752,2834235856,15919,1104
5385.772331,2834242534,2834243637,15864,1103
5385.784101,2834250306,2834251409,15980,1103
5385.794624,2834258092,2834259200,15919,1108
5385.804331,2834265881,2834266986,15847,1105
5385.815661,2834273665,2834274770,15968,1105
5385.824330,2834281446,2834282546,15912,1100
5385.836331,2834289222,2834290320,15851,1098
5385.847221,2834296987,2834298090,15986,1103
5385.856329,2834304769,2834305867,15915,1098
5385.868255,2834312545,2834313653,15850,1108
5385.878779,2834320330,2834321444,15967,1114
5385.888327,2834328118,2834329231,15908,1113
5385.899814,2834335912,2834337017,15863,1105
5385.910342,2834343695,2834344806,15981,1111
5385.920328,2834351481,2834352581,15915,1100
5385.931375,2834359268,2834360372,15845,1104
5385.940333,2834367040,2834368144,15965,1104
5385.952329,2834374820,2834375922,15913,1102
5385.962935,2834382599,2834383702,15862,1103
5385.972335,2834390378,2834391487,15981,1109
5385.983980,2834398134,2834399237,15913,1103
5385.994495,2834405902,2834407005,15849,1103
5386.004334,2834413682,2834414790,15970,1108
5386.015540,2834421466,2834422574,15918,1108
5386.024328,2834429242,2834430336,15873,1094
5386.036335,2834437009,2834438114,16073,1105
5386.047101,2834444790,2834445895,15922,1105
5386.056329,2834452596,2834453699,15922,1103
5386.068139,2834460371,2834461473,15977,1102
5386.078660,2834468149,2834469262,16002,1113
5386.088334,2834475936,2834477035,15950,1099
5386.099700,2834483702,2834484806,16065,1104
5386.108332,2834491475,2834492581,15925,1106
5386.120332,2834499261,2834500366,15929,1105
5386.131259,2834507040,2834508139,15969,1099
5386.140332,2834514812,2834515921,15917,1109
5386.152293,2834522601,2834523709,15862,1108
5386.162822,2834530386,2834531495,15985,1109
5386.172332,2834538179,2834539283,15916,1104
5386.183853,2834545963,2834547072,15840,1109
5386.194382,2834553743,2834554841,16027,1098
5386.204327,2834561515,2834562617,15993,1102
5386.215422,2834569308,2834570422,15911,1114
5386.224332,2834577110,2834578224,16010,1114
5386.236329,2834584906,2834586018,15913,1112
5386.246983,2834592710,2834593824,15916,1114
5386.256327,2834600500,2834601614,15909,1114
5386.268023,2834608301,2834609413,15910,1112
5386.278543,2834616095,2834617210,15718,1115
5386.288330,2834623893,2834624996,15913,1103
5386.299584,2834631676,2834632784,15910,1108
5386.308327,2834639461,2834640571,15914,1110
5386.320329,2834647263,2834648372,15917,1109
5386.331142,2834655056,2834656166,15912,1110
5386.340328,2834662843,2834663952,15828,1109
5386.352180,2834670627,2834671730,15981,1103
5386.362701,2834678415,2834679524,15915,1109
5386.372331,2834686208,2834687311,15852,1103
5386.383742,2834693987,2834695100,16018,1113
5386.392329,2834701786,2834702894,15901,1108
5386.404333,2834709585,2834710688,15833,1103
5386.415300,2834717365,2834718473,15977,1108
5386.424329,2834725151,2834726248,15905,1097
5386.436331,2834732930,2834734028,15862,1098
5386.446863,2834740695,2834741803,16074,1108
5386.456330,2834748474,2834749573,15923,1099
5386.467894,2834756239,2834757347,15914,1108
5386.478422,2834764028,2834765136,15989,1108
5386.488329,2834771812,2834772921,15996,1109
5386.499456,2834779598,2834780703,15858,1105
5386.508332,2834787392,2834788494,16084,1102
5386.520328,2834795175,2834796278,15921,1103
5386.531014,2834802956,2834804064,15907,1108
5386.540333,2834810737,2834811836,15984,1099
5386.552061,2834818510,2834819618,15920,1108
5386.562575,2834826287,2834827390,15852,1103
5386.572327,2834834073,2834835183,16002,1110
5386.583622,2834841860,2834842965,15915,1105
5386.592329,2834849648,2834850755,15828,1107
5386.604330,2834857449,2834858558,15966,1109
5386.615179,2834865234,2834866337,15912,1103
5386.624331,2834873009,2834874112,15848,1103
5386.636222,2834880790,2834881899,15989,1109
5386.646742,2834888568,2834889671,15908,1103
5386.656329,2834896339,2834897448,15849,1109
5386.667779,2834904111,2834905216,15968,1105
5386.678300,2834912466,2834913575,15822,1109
5386.690325,2834922099,2834923203,15981,1104
5386.700331,2834930445,2834931552,15902,1107
5386.711358,2834938786,2834939896,15834,1110
5386.721884,2834947147,2834948259,15874,1112
5386.732332,2834955495,2834956606,15914,1111
5386.742918,2834963497,2834964607,15862,1110
5386.752333,2834971299,2834972412,15984,1113
5386.763964,2834979091,2834980198,15915,1107
5386.774478,2834986883,2834987997,15848,1114
5386.784329,2834994681,2834995790,15965,1109
5386.795522,2835002457,2835003566,15906,1109
5386.804331,2835010143,2835011248,15867,1105
5386.816334,2835017919,2835019026,15986,1107
5386.827084,2835025701,2835026808,15913,1107
5386.836331,2835033480,2835034589,15841,1109
5386.848122,2835041270,2835042380,15966,1110
5386.858643,2835049067,2835050176,15913,1109
5386.868330,2835056856,2835057960,15866,1104
5386.879684,2835064633,2835065738,16008,1105
5386.888328,2835072420,2835073525,15995,1105
5386.900333,2835080207,2835081315,15860,1108
5386.911243,2835087989,2835089099,16042,1110
5386.920330,2835095771,2835096884,15915,1113
5386.932277,2835103559,2835104668,15948,1109
5386.942805,2835111345,2835112448,16065,1103
5386.952328,2835119131,2835120236,15994,1105
5386.963838,2835126910,2835128010,15855,1100
5386.974364,2835134681,2835135790,15966,1109
5386.984330,2835142470,2835143581,15927,1111
5386.995399,2835150261,2835151368,15865,1107
5387.004330,2835158060,2835159169,15995,1109
5387.016328,2835165842,2835166951,15916,1109
5387.026957,2835173624,2835174729,15867,1105
5387.036332,2835181403,2835182511,15984,1108
5387.048004,2835189190,2835190298,15916,1108
5387.058519,2835196980,2835198089,15854,1109
5387.068331,2835204771,2835205874,15999,1103
5387.079565,2835212549,2835213657,15912,1108
5387.088330,2835220346,2835221451,15836,1105
5387.100328,2835228138,2835229247,15986,1109
5387.111124,2835235910,2835237016,15992,1106
5387.120329,2835243700,2835244805,15856,1105
5387.132164,2835251491,2835252604,16077,1113
5387.142686,2835259280,2835260383,15986,1103
5387.152327,2835267057,2835268157,15904,1100
5387.163723,2835274833,2835275941,15977,1108
5387.172333,2835282636,2835283745,15996,1109
5387.184330,2835290426,2835291535,15857,1109
5387.195285,2835298207,2835299309,16071,1102
5387.204329,2835305989,2835307102,15923,1113
5387.216317,2835313786,2835314895,15839,1109
5387.226845,2835321557,2835322669,15996,1112
5387.236333,2835329348,2835330453,15916,1105
5387.247880,2835337140,2835338245,15854,1105
5387.258406,2835344922,2835346021,15996,1099
5387.268329,2835352703,2835353808,15917,1105
5387.279438,2835360483,2835361592,15837,1109
5387.288330,2835368271,2835369379,15982,1108
5387.300328,2835376057,2835377156,15919,1099
5387.310998,2835383839,2835384944,15846,1105
5387.320334,2835391621,2835392725,15993,1104
5387.332047,2835399398,2835400502,15919,1104
5387.342559,2835407167,2835408273,15831,1106
5387.352331,2835414953,2835416056,15978,1103
5387.363606,2835422729,2835423828,15915,1099
5387.372330,2835430506,2835431605,15842,1099
5387.384337,2835438301,2835439406,16002,1105
5387.395166,2835446069,2835447171,15916,1102
5387.404331,2835453848,2835454957,15833,1109
5387.416205,2835461544,2835462644,15981,1100
5387.426725,2835469328,2835470441,15916,1113
5387.436327,2835477122,2835478230,15852,1108
5387.447768,2835484910,2835486018,15985,1108
5387.456329,2835492704,2835493799,15909,1095
5387.468336,2835500492,2835501591,15837,1099
5387.479324,2835508267,2835509371,15978,1104
5387.488334,2835516056,2835517155,15908,1099
5387.500328,2835523828,2835524937,15846,1109
5387.510886,2835531616,2835532714,16002,1098
5387.520328,2835539393,2835540498,15913,1105
5387.531918,2835547176,2835548285,15825,1109
5387.542445,2835554977,2835556087,15982,1110
5387.552333,2835562759,2835563870,15926,1111
5387.563478,2835570555,2835571663,15932,1108
5387.572332,2835578340,2835579440,16021,1100
5387.584330,2835586121,2835587229,15998,1108
5387.595038,2835593901,2835595010,15845,1109
5387.604328,2835601683,2835602786,16062,1103
5387.616083,2835609401,2835610504,15909,1103
5387.626599,2835617189,2835618293,15848,1104
5387.636330,2835624984,2835626084,15996,1100
5387.647645,2835632742,2835633850,15910,1108
5387.656328,2835640540,2835641649,15836,1109
5387.668329,2835648327,2835649436,15978,1109
5387.679205,2835656112,2835657226,15913,1114
5387.688329,2835663905,2835665013,15846,1108
5387.700247,2835671685,2835672795,15996,1110
5387.710766,2835679475,2835680580,15911,1105
5387.720335,2835687270,2835688368,15823,1098
5387.731804,2835695045,2835696154,15987,1109
5387.740329,2835702822,2835703930,15911,1108
5387.752331,2835710602,2835711711,15853,1109
5387.763366,2835718393,2835719503,15996,1110
5387.772330,2835726179,2835727288,15917,1109
5387.784330,2835733969,2835735083,15832,1114
5387.794925,2835741765,2835742873,15984,1108
5387.804332,2835749557,2835750665,15915,1108
5387.815958,2835757340,2835758449,15849,1109
5387.826485,2835765149,2835766260,15986,1111
5387.836334,2835772949,2835774063,15905,1114
5387.847518,2835780744,2835781858,15846,1114
5387.856328,2835788537,2835789635,15967,1098
5387.868328,2835796318,2835797420,15902,1102
5387.879078,2835804092,2835805200,15862,1108
5387.888329,2835811824,2835812929,15986,1105
5387.900124,2835819596,2835820702,15905,1106
5387.910639,2835827383,2835828492,15851,1109
5387.920329,2835835181,2835836280,15985,1099
5387.931683,2835842964,2835844073,15912,1109
5387.940331,2835850749,2835851854,15863,1105
5387.952327,2835858538,2835859652,15983,1114
5387.963245,2835866329,2835867438,15913,1109
5387.972331,2835874107,2835875201,15853,1094
5387.984283,2835881879,2835882984,15970,1105
5387.994804,2835889652,2835890760,15923,1108
5388.004327,2835897419,2835898528,15862,1109
5388.015846,2835905209,2835906314,15988,1105
5388.026367,2835913013,2835914118,15911,1105
5388.036336,2835920807,2835921916,15840,1109
5388.047405,2835928594,2835929703,15967,1109
5388.056334,2835936386,2835937489,15916,1103
5388.068329,2835944169,2835945278,15839,1109
5388.078966,2835951955,2835953064,16001,1109
5388.088327,2835959752,2835960866,15914,1114
5388.099998,2835967526,2835968635,15826,1109
5388.110526,2835975314,2835976418,15982,1104
5388.120330,2835983103,2835984214,15915,1111
5388.131560,2835990893,2835992001,15841,1108
5388.140330,2835998684,2835999790,15999,1106
5388.152328,2836006463,2836007568,15904,1105
5388.163118,2836014244,2836015349,15831,1105
5388.172329,2836022032,2836023135,15980,1103
5388.184164,2836029808,2836030916,15917,1108
5388.194680,2836037590,2836038695,15853,1105
5388.204335,2836045380,2836046486,16000,1106
5388.215725,2836053171,2836054280,15911,1109
5388.224329,2836060965,2836062075,15822,1110
5388.236334,2836068767,2836069871,15964,1104
5388.250293,2836079186,2836080294,15954,1108
5388.262308,2836088664,2836089771,15845,1107
5388.272331,2836097032,2836098145,15967,1113
5388.283352,2836105379,2836106487,15918,1108
5388.293868,2836113929,2836115049,15903,1120
5388.304331,2836122298,2836123412,15972,1114
5388.314915,2836130480,2836131594,15899,1114
5388.324335,2836138534,2836139642,15848,1108
5388.335951,2836146350,2836147464,15956,1114
5388.346473,2836154158,2836155268,15886,1110
5388.356328,2836161972,2836163075,15866,1103
5388.367515,2836169784,2836170885,16018,1101
5388.376330,2836177582,2836178695,15914,1113
5388.388330,2836185394,2836186503,15849,1109
5388.399074,2836193180,2836194285,15987,1105
5388.408329,2836200958,2836202067,15914,1109
5388.420108,2836208746,2836209855,15861,1109
5388.432135,2836217635,2836218740,15889,1105
5388.442651,2836225424,2836226531,15839,1107
5388.452331,2836233215,2836234323,15968,1108
5388.463695,2836241003,2836242112,15913,1109
5388.472330,2836248793,2836249902,15858,1109
5388.484329,2836256588,2836257699,15986,1111
5388.495257,2836264383,2836265497,15911,1114
5388.504328,2836272175,2836273281,15848,1106
5388.516294,2836279959,2836281067,15980,1108
5388.526815,2836287744,2836288853,15913,1109
5388.536330,2836295540,2836296649,15862,1109
5388.547856,2836303334,2836304444,15956,1110
5388.558377,2836311133,2836312244,15910,1111
5388.568328,2836318945,2836320054,15880,1109
5388.579417,2836326750,2836327859,15965,1109
5388.588335,2836334497,2836335597,15849,1100
5388.600328,2836342287,2836343396,15946,1109
5388.610978,2836350077,2836351186,15958,1109
5388.620328,2836357853,2836358968,15851,1115
5388.632012,2836365651,2836366760,15943,1109
5388.642539,2836373464,2836374578,15954,1114
5388.652331,2836381264,2836382373,15831,1109
5388.663573,2836389050,2836390159,15845,1109
5388.672331,2836396840,2836397935,15970,1095
5388.684336,2836404626,2836405726,15826,1100
5388.695133,2836412400,2836413503,15954,1103
5388.704330,2836420182,2836421287,15967,1105
5388.716169,2836427963,2836429071,15849,1108
5388.726694,2836435743,2836436847,15948,1104
5388.736329,2836443532,2836444638,15971,1106
5388.747730,2836451322,2836452427,15832,1105
5388.756336,2836459120,2836460232,15946,1112
5388.768334,2836466900,2836468009,15946,1109
5388.779291,2836474686,2836475788,15834,1102
5388.788327,2836482481,2836483590,15943,1109
5388.800335,2836490255,2836491365,15971,1110
5388.810858,2836498046,2836499161,15908,1115
5388.820329,2836505847,2836506961,15947,1114
5388.831897,2836513640,2836514745,15968,1105
5388.842413,2836521442,2836522548,15836,1106
5388.852331,2836529236,2836530345,15956,1109
5388.863458,2836537031,2836538149,16050,1118
5388.872328,2836544843,2836545941,15834,1098
5388.884327,2836552625,2836553729,15978,1104
5388.895018,2836560412,2836561521,15977,1109
5388.904330,2836568206,2836569314,15947,1108
5388.916052,2836576000,2836577108,15921,1108
5388.926580,2836583792,2836584900,16100,1108
5388.936328,2836591594,2836592700,15845,1106
5388.947614,2836599411,2836600524,16031,1113
5388.956335,2836607194,2836608307,15972,1113
5388.968331,2836614996,2836616103,15951,1107
5388.979174,2836622810,2836623916,15938,1106
5388.988330,2836630599,2836631694,16045,1095
5389.000209,2836638395,2836639501,15840,1106
5389.010733,2836646201,2836647304,15928,1103
5389.020334,2836654006,2836655109,15975,1103
5389.031770,2836661808,2836662912,15917,1104
5389.040327,2836669597,2836670710,15932,1113
5389.052329,2836677412,2836678522,15939,1110
5389.063331,2836685230,2836686343,15862,1113
5389.072327,2836693041,2836694154,15949,1113
5389.084330,2836700842,2836701955,15955,1113
5389.094894,2836708643,2836709762,15878,1119
5389.104331,2836716466,2836717570,15947,1104
5389.115936,2836724265,2836725375,15941,1110
5389.126451,2836732072,2836733182,15848,1110
5389.136328,2836739877,2836740995,15918,1118
5389.147498,2836747692,2836748806,15961,1114
5389.156328,2836755494,2836756607,15911,1113
5389.168334,2836763314,2836764429,15944,1115
5389.179057,2836771118,2836772227,15937,1109
5389.188329,2836778946,2836780054,15845,1108
5389.200092,2836786750,2836787856,15950,1106
5389.210616,2836794533,2836795642,15955,1109
5389.220334,2836802332,2836803441,15851,1109
5389.231653,2836810134,2836811247,15937,1113
5389.240333,2836817947,2836819066,15957,1119
5389.252333,2836825719,2836826823,15838,1104
5389.263215,2836833517,2836834625,15955,1108
5389.272328,2836841309,2836842416,15949,1107
5389.284249,2836849109,2836850210,15843,1101
5389.294774,2836856902,2836858009,15947,1107
5389.304333,2836864713,2836865812,15969,1099
5389.315814,2836872498,2836873608,15877,1110
5389.324331,2836880289,2836881404,15944,1115
5389.336329,2836888108,2836889226,15952,1118
5389.347370,2836895896,2836897005,15847,1109
5389.356332,2836903694,2836904798,15863,1104
5389.368330,2836911488,2836912597,15958,1109
5389.378931,2836919297,2836920408,15835,1111
5389.388329,2836927111,2836928224,15945,1113
5389.399977,2836934915,2836936023,15986,1108
5389.410493,2836942706,2836943819,15885,1113
5389.420331,2836950518,2836951622,15941,1104
5389.431538,2836958322,2836959426,15976,1104
5389.440333,2836966125,2836967232,15822,1107
5389.452328,2836973945,2836975058,15943,1113
5389.463098,2836981764,2836982873,15997,1109
5389.472335,2836989601,2836990717,15842,1116
5389.484132,2836997422,2836998530,15941,1108
5389.494659,2837005231,2837006344,15966,1113
5389.504330,2837013050,2837014156,15897,1106
5389.515694,2837020845,2837021960,15918,1115
5389.524328,2837028655,2837029764,15970,1109
5389.536327,2837036441,2837037551,15830,1110
5389.547253,2837044245,2837045344,15947,1099
5389.556328,2837052039,2837053150,15970,1111
5389.568290,2837059846,2837060957,15834,1111
5389.578814,2837067644,2837068748,15952,1104
5389.588328,2837075447,2837076550,15965,1103
5389.599850,2837083256,2837084366,15835,1110
5389.610376,2837091053,2837092162,15965,1109
5389.620329,2837098852,2837099962,15961,1110
5389.631411,2837106658,2837107764,15834,1106
5389.640329,2837114454,2837115567,15938,1113
5389.652327,2837122247,2837123361,15965,1114
5389.662972,2837130076,2837131186,15833,1110
5389.672328,2837137877,2837138990,15942,1113
5389.684017,2837145668,2837146777,15971,1109
5389.694531,2837153469,2837154582,15831,1113
5389.704327,2837161281,2837162389,15851,1108
5389.715578,2837169089,2837170199,15972,1110
5389.724333,2837176894,2837178008,15819,1114
5389.736331,2837184707,2837185815,15947,1108
5389.747139,2837192511,2837193622,15971,1111
5389.756332,2837200295,2837201405,15848,1110
5389.768173,2837208113,2837209223,15947,1110
5389.778699,2837215937,2837217042,15968,1105
5389.788332,2837223749,2837224849,15828,1100
5389.799734,2837231545,2837232654,15945,1109
5389.808334,2837239334,2837240442,15946,1108
5389.820332,2837247148,2837248257,15838,1109
5389.834298,2837258128,2837259243,15833,1115
5389.844332,2837266321,2837267433,15953,1112
5389.855343,2837274882,2837275983,15970,1101
5389.865858,2837283550,2837284665,15870,1115
5389.876334,2837291737,2837292849,15946,1112
5389.886904,2837300103,2837301216,15956,1113
5389.896330,2837308562,2837309677,15820,1115
5389.907942,2837316397,2837317506,15960,1109
5389.918465,2837324214,2837325321,15966,1107
5389.928327,2837332023,2837333133,15835,1110
5389.939501,2837339837,2837340940,15936,1103
5389.948328,2837347651,2837348770,15967,1119
5389.960334,2837355474,2837356584,15826,1110
5389.971060,2837363300,2837364409,15944,1109
5389.980330,2837371138,2837372247,15962,1109
5389.992096,2837378958,2837380066,15831,1108
5390.002618,2837386770,2837387885,15853,1115
5390.012331,2837394578,2837395687,15966,1109
5390.023657,2837402390,2837403501,15827,1111
5390.032334,2837410199,2837411312,15943,1113
5390.044333,2837418022,2837419135,15959,1113
5390.055216,2837425838,2837426951,15847,1113
5390.064330,2837433626,2837434739,15945,1113
5390.076263,2837441444,2837442559,15964,1115
5390.086777,2837449267,2837450380,15833,1113
5390.096331,2837457084,2837458198,15947,1114
5390.107824,2837464900,2837466013,15950,1113
5390.118338,2837472701,2837473815,15831,1114
5390.128327,2837480510,2837481619,15947,1109
5390.139385,2837488320,2837489435,15969,1115
5390.148329,2837496136,2837497244,15911,1108
5390.160333,2837503941,2837505054,15944,1113
5390.170945,2837511757,2837512874,15968,1117
5390.180328,2837519580,2837520687,15833,1107
5390.191979,2837527400,2837528514,15946,1114
5390.202504,2837535233,2837536346,15970,1113
5390.212331,2837543054,2837544168,15832,1114
5390.223541,2837550879,2837551990,15931,1111
5390.232329,2837558689,2837559802,15970,1113
5390.244327,2837566508,2837567623,15835,1115
5390.255102,2837574331,2837575439,15964,1108
5390.264330,2837582132,2837583240,15966,1108
5390.276138,2837589969,2837591079,15837,1110
5390.286660,2837597781,2837598885,15945,1104
5390.296329,2837605589,2837606699,15969,1110
5390.307697,2837613400,2837614513,15835,1113
5390.316331,2837621216,2837622331,15941,1115
5390.328332,2837629038,2837630156,15966,1118
5390.339257,2837636857,2837637961,15822,1104
5390.348328,2837644662,2837645769,15840,1107
5390.360304,2837652462,2837653566,15970,1104
5390.370817,2837660270,2837661380,15821,1110
5390.380329,2837668096,2837669206,15948,1110
5390.391864,2837675912,2837677022,15967,1110
5390.402377,2837683723,2837684835,15853,1112
5390.412329,2837691538,2837692648,15948,1110
5390.423426,2837699367,2837700474,15967,1107
5390.432336,2837707190,2837708304,15832,1114
5390.444333,2837715009,2837716119,15944,1110
5390.454985,2837722817,2837723927,15949,1110
5390.464335,2837730631,2837731741,15837,1110
5390.476021,2837738457,2837739560,16035,1103
5390.486545,2837746267,2837747386,16038,1119
5390.496330,2837754091,2837755210,15979,1119
5390.507580,2837761913,2837763031,16028,1118
5390.516330,2837769733,2837770847,16051,1114
5390.528335,2837777566,2837778684,15838,1118
5390.539140,2837785377,2837786476,15957,1099
5390.548328,2837793183,2837794289,15980,1106
5390.560176,2837800995,2837802105,15913,1110
5390.570700,2837808807,2837809920,16032,1113
5390.580332,2837816630,2837817744,16035,1114
5390.591738,2837824451,2837825561,15852,1110
5390.600331,2837832267,2837833380,16036,1113
5390.612331,2837840090,2837841204,15975,1114
5390.623297,2837847899,2837849011,15844,1112
5390.632329,2837855719,2837856828,15960,1109
5390.644335,2837863536,2837864645,16044,1109
5390.654860,2837871359,2837872467,15908,1108
5390.664329,2837879167,2837880276,16028,1109
5390.675907,2837886982,2837888092,16051,1110
5390.686418,2837894789,2837895899,15831,1110
5390.696330,2837902612,2837903727,15853,1115
5390.707465,2837910425,2837911543,15958,1118
5390.716328,2837918247,2837919364,15832,1117
5390.728328,2837926075,2837927184,15947,1109
5390.739025,2837933887,2837935003,15962,1116
5390.748330,2837941716,2837942824,15852,1108
5390.760059,2837949531,2837950645,15952,1114
5390.770586,2837957345,2837958454,15974,1109
5390.780328,2837965167,2837966280,15832,1113
5390.791620,2837972993,2837974103,15945,1110
5390.800330,2837980801,2837981914,15953,1113
5390.812331,2837988624,2837989733,15837,1109
5390.823180,2837996442,2837997550,15944,1108
5390.832327,2838004253,2838005368,15966,1115
5390.844224,2838012074,2838013193,15911,1119
5390.854741,2838019894,2838021004,15933,1110
5390.864329,2838027704,2838028817,15966,1113
5390.875778,2838035525,2838036639,15836,1114
5390.884329,2838043342,2838044451,15887,1109
5390.896332,2838051176,2838052290,15971,1114
5390.907337,2838059008,2838060127,15832,1119
5390.916332,2838066836,2838067944,15949,1108
5390.928333,2838074648,2838075763,15967,1115
5390.938900,2838082483,2838083597,15834,1114
5390.948329,2838090302,2838091412,15961,1110
5390.959944,2838098129,2838099241,15966,1112
5390.970458,2838105948,2838107060,15831,1112
5390.980330,2838113764,2838114878,15947,1114
5390.991505,2838121593,2838122703,15966,1110
5391.000332,2838129421,2838130535,15837,1114
5391.012333,2838137248,2838138358,15941,1110
5391.023065,2838145062,2838146173,15968,1111
5391.032328,2838152878,2838153997,15829,1119
5391.044098,2838160690,2838161799,15854,1109
5391.054626,2838168500,2838169610,15968,1110
5391.064330,2838176324,2838177434,15834,1110
5391.075660,2838184151,2838185264,15939,1113
5391.084329,2838191979,2838193087,16021,1108
5391.096328,2838199798,2838200908,15846,1110
5391.107220,2838207618,2838208734,15939,1116
5391.116331,2838215440,2838216556,15966,1116
5391.128256,2838223250,2838224363,15820,1113
5391.138780,2838231070,2838232188,15949,1118
5391.148328,2838238899,2838240009,15952,1110
5391.159817,2838246721,2838247835,15840,1114
5391.170341,2838254548,2838255658,15942,1110
5391.180329,2838262367,2838263482,15955,1115
5391.191385,2838270191,2838271310,15900,1119
5391.200328,2838278011,2838279121,15949,1110
5391.212328,2838285835,2838286945,15968,1110
5391.222938,2838293652,2838294766,15832,1114
5391.232332,2838301465,2838302584,15938,1119
5391.243985,2838309296,2838310406,15969,1110
5391.254498,2838317111,2838318220,15829,1109
5391.264328,2838324927,2838326041,15943,1114
5391.275545,2838332749,2838333864,15950,1115
5391.284330,2838340581,2838341700,15820,1119
5391.296333,2838348428,2838349543,15963,1115
5391.307105,2838356251,2838357370,15967,1119
5391.316328,2838364088,2838365205,15836,1117
5391.328140,2838371917,2838373035,15946,1118
5391.338665,2838379740,2838380852,15968,1112
5391.348328,2838387560,2838388679,15833,1119
5391.359700,2838395379,2838396489,15947,1110
5391.368329,2838403200,2838404310,15966,1110
5391.380335,2838411017,2838412132,15837,1115
5391.391259,2838418842,2838419961,15845,1119
5391.403282,2838428184,2838429291,15825,1107
5391.415310,2838437673,2838438782,15912,1109
5391.427328,2838447118,2838448225,15976,1107
5391.436332,2838455254,2838456364,15984,1110
5391.448334,2838463633,2838464748,15914,1115
5391.458889,2838472030,2838473140,15951,1110
5391.468331,2838480419,2838481537,16036,1118
5391.479925,2838488892,2838490006,15907,1114
5391.491955,2838497842,2838498951,15984,1109
5391.502470,2838505650,2838506768,15831,1118
5391.512333,2838513480,2838514590,15946,1110
5391.523518,2838521291,2838522405,15969,1114
5391.532334,2838529117,2838530231,15837,1114
5391.544328,2838536938,2838538052,15964,1114
5391.555077,2838544759,2838545873,15969,1114
5391.564333,2838552598,2838553707,15831,1109
5391.576111,2838560419,2838561529,15929,1110
5391.586637,2838568237,2838569356,15967,1119
5391.596330,2838576067,2838577180,15838,1113
5391.607673,2838583881,2838584995,15932,1114
5391.616331,2838591714,2838592828,15967,1114
5391.628330,2838599537,2838600651,15834,1114
5391.639230,2838607360,2838608468,15853,1108
5391.648331,2838615179,2838616289,15966,1110
5391.660268,2838622999,2838624113,15834,1114
5391.670792,2838630812,2838631927,15949,1115
5391.680328,2838638630,2838639744,15966,1114
5391.691829,2838646459,2838647579,15842,1120
5391.702355,2838654280,2838655390,15942,1110
5391.712329,2838662106,2838663220,15963,1114
5391.723390,2838669928,2838671043,15827,1115
5391.732329,2838677751,2838678860,15949,1109
5391.744330,2838685557,2838686670,15946,1113
5391.754950,2838693380,2838694498,15833,1118
5391.764331,2838701197,2838702307,15942,1110
5391.775996,2838709012,2838710121,15967,1109
5391.786517,2838716833,2838717953,15912,1120
5391.796328,2838724661,2838725780,15941,1119
5391.807557,2838732498,2838733612,15973,1114
5391.816332,2838740331,2838741442,15834,1111
5391.828331,2838748156,2838749274,15951,1118
5391.839116,2838755983,2838757100,15972,1117
5391.848331,2838763839,2838764958,15832,1119
5391.860153,2838771663,2838772773,15938,1110
5391.870678,2838779475,2838780593,15959,1118
5391.880330,2838787303,2838788416,15824,1113
5391.891715,2838795124,2838796237,15962,1113
5391.900337,2838802946,2838804061,16012,1115
5391.912331,2838810767,2838811881,15829,1114
5391.923272,2838818591,2838819707,15944,1116
5391.932328,2838826411,2838827524,15962,1113
5391.944309,2838834223,2838835333,15832,1110
5391.954832,2838842047,2838843161,15945,1114
5391.964332,2838849870,2838850981,15967,1111
5391.975869,2838857685,2838858798,15834,1113
5391.986392,2838865496,2838866606,15851,1110
5391.996331,2838873310,2838874420,15970,1110
5392.007430,2838881121,2838882235,15831,1114
5392.016328,2838888952,2838890066,15940,1114
5392.028328,2838896771,2838897890,15955,1119
5392.038990,2838904596,2838905708,15853,1112
5392.048331,2838912409,2838913523,15945,1114
5392.060038,2838920227,2838921341,15965,1114
5392.070550,2838928048,2838929168,15834,1120
5392.080329,2838935880,2838936991,15945,1111
5392.091596,2838943700,2838944814,15951,1114
5392.100332,2838951524,2838952639,15836,1115
5392.112329,2838959359,2838960474,15946,1115
5392.123157,2838967189,2838968305,15959,1116
5392.132329,2838975014,2838976125,15908,1111
5392.144191,2838982827,2838983932,15946,1105
5392.154717,2838990636,2838991750,15965,1114
5392.164330,2838998456,2838999566,15824,1110
5392.175752,2839006274,2839007384,15949,1110
5392.184331,2839014091,2839015204,15970,1113
5392.196335,2839021914,2839023027,15836,1113
5392.207312,2839029734,2839030843,15945,1109
5392.216330,2839037565,2839038675,15955,1110
5392.228328,2839045393,2839046512,15841,1119
5392.238874,2839053223,2839054337,15951,1114
5392.248334,2839061034,2839062148,15972,1114
5392.259910,2839068847,2839069961,15834,1114
5392.270434,2839076666,2839077781,15952,1115
5392.280331,2839084484,2839085593,15956,1109
5392.291472,2839092303,2839093419,15839,1116
5392.300331,2839100132,2839101249,15942,1117
5392.312333,2839107908,2839109022,15964,1114
5392.323030,2839115742,2839116862,15835,1120
5392.332331,2839123566,2839124677,15846,1111
5392.344077,2839131373,2839132482,15971,1109
5392.354591,2839139196,2839140304,15837,1108
5392.364330,2839147006,2839148118,15940,1112
5392.375637,2839154822,2839155934,15968,1112
5392.384327,2839162653,2839163768,15850,1115
5392.396332,2839170475,2839171588,15951,1113
5392.407197,2839178292,2839179407,15965,1115
5392.416327,2839186121,2839187232,15838,1111
5392.428232,2839193948,2839195062,15946,1114
5392.438759,2839201761,2839202869,15951,1108
5392.448332,2839209577,2839210691,15840,1114
5392.459793,2839217399,2839218514,15939,1115
5392.468329,2839225217,2839226321,15967,1104
5392.480331,2839233025,2839234144,15893,1119
5392.491353,2839240849,2839241966,15944,1117
5392.500333,2839248677,2839249796,15969,1119
5392.512334,2839256510,2839257620,15831,1110
5392.522913,2839264315,2839265436,15950,1121
5392.532327,2839272144,2839273258,15970,1114
5392.543949,2839279958,2839281069,15831,1111
5392.554473,2839287773,2839288890,15949,1117
5392.564332,2839295596,2839296707,15967,1111
5392.575509,2839303422,2839304532,15834,1110
5392.584327,2839311251,2839312370,15950,1119
5392.596328,2839319067,2839320178,15965,1111
5392.607070,2839326897,2839328013,15835,1116
5392.616327,2839334744,2839335853,15945,1109
5392.628116,2839342559,2839343669,15971,1110
5392.638630,2839350380,2839351489,15821,1109
5392.648329,2839358196,2839359310,15942,1114
5392.659677,2839366005,2839367118,15959,1113
5392.668329,2839373827,2839374943,15835,1116
5392.680328,2839381653,2839382763,15852,1110
5392.691239,2839389465,2839390576,15969,1111
5392.700328,2839397278,2839398388,15832,1110
5392.712272,2839405093,2839406207,15948,1114
5392.722798,2839412925,2839414037,15946,1112
5392.732328,2839420752,2839421863,15846,1111
5392.743832,2839428569,2839429687,15940,1118
5392.754358,2839436405,2839437513,15964,1108
5392.764328,2839444218,2839445329,15833,1111
5392.775394,2839452043,2839453154,15943,1111
5392.784327,2839459876,2839460990,15947,1114
5392.796331,2839467702,2839468817,15832,1115
5392.806952,2839475520,2839476633,15943,1113
5392.816330,2839483338,2839484458,15969,1120
5392.827997,2839491164,2839492275,15909,1111
5392.838513,2839498980,2839500099,15988,1119
5392.848330,2839506808,2839507918,15969,1110
5392.859551,2839514623,2839515737,15839,1114
5392.868327,2839522440,2839523549,15937,1109
5392.880335,2839530263,2839531379,15963,1116
5392.891109,2839538094,2839539203,15834,1109
5392.900328,2839545934,2839547047,15945,1113
5392.912157,2839553778,2839554889,15953,1111
5392.922672,2839561636,2839562757,15832,1121
5392.932330,2839569465,2839570571,15955,1106
5392.943719,2839577276,2839578390,15971,1114
5392.952331,2839585093,2839586206,15836,1113
5392.964329,2839592921,2839594032,15938,1111
5392.975277,2839600739,2839601848,15969,1109
5392.984335,2839608894,2839610009,15834,1115
5392.996314,2839617287,2839618406,15916,1119
5393.006838,2839625709,2839626827,15954,1118
5393.018856,2839635215,2839636337,15939,1122
5393.030876,2839644551,2839645664,15848,1113
5393.040333,2839652756,2839653874,15939,1118
5393.051924,2839661040,2839662158,15970,1118
5393.062436,2839668902,2839670017,15833,1115
5393.072328,2839676731,2839677842,15947,1111
5393.083485,2839684557,2839685673,15951,1116
5393.092335,2839692392,2839693508,15833,1116
5393.104329,2839700223,2839701340,15945,1117
5393.115043,2839708050,2839709169,15966,1119
5393.124333,2839715869,2839716984,15899,1115
5393.136080,2839723685,2839724799,15948,1114
5393.146604,2839731510,2839732626,15969,1116
5393.156330,2839739341,2839740455,15827,1114
5393.167638,2839747169,2839748279,15948,1110
5393.176331,2839754983,2839756094,15970,1111
5393.188328,2839762813,2839763929,15833,1116
5393.199199,2839770638,2839771747,15946,1109
5393.208330,2839778451,2839779567,15965,1116
5393.220236,2839786273,2839787391,15834,1118
5393.230761,2839794090,2839795205,15954,1115
5393.240328,2839801913,2839803029,15969,1116
5393.251797,2839809753,2839810872,15836,1119
5393.260328,2839817579,2839818688,15939,1109
5393.272330,2839825399,2839826517,15965,1118
5393.283356,2839833227,2839834337,15839,1110
5393.292328,2839841050,2839842162,15937,1112
5393.304329,2839848871,2839849980,15972,1109
5393.314916,2839856688,2839857802,15823,1114
5393.324329,2839864526,2839865642,15855,1116
5393.335963,2839872360,2839873475,15963,1115
5393.346476,2839880187,2839881301,15835,1114
5393.356328,2839887997,2839889105,15945,1108
5393.367523,2839895814,2839896923,15967,1109
5393.376333,2839903630,2839904740,15850,1110
5393.388328,2839911451,2839912569,15948,1118
5393.399084,2839919272,2839920386,15954,1114
5393.408327,2839927117,2839928232,15834,1115
5393.420118,2839934938,2839936052,15949,1114
5393.430644,2839942760,2839943874,15950,1114
5393.440328,2839950591,2839951701,15831,1110
5393.451679,2839958410,2839959524,15947,1114
5393.460328,2839966239,2839967350,15971,1111
5393.472333,2839974057,2839975177,15916,1120
5393.483239,2839981880,2839982990,15945,1110
5393.492327,2839989684,2839990798,15971,1114
5393.504275,2839997502,2839998616,15837,1114
5393.514799,2840005329,2840006444,15947,1115
5393.524334,2840013147,2840014258,15967,1111
5393.535837,2840020978,2840022088,15832,1110
5393.546360,2840028802,2840029912,15946,1110
5393.556330,2840036617,2840037733,15957,1116
5393.567396,2840044442,2840045552,15833,1110
5393.576328,2840052261,2840053376,15963,1115
5393.604332,2840066337,2840066963,11969,626
5393.615500,2840070333,2840070955,12089,622
5393.624328,2840076709,2840077817,15912,1108
5393.636328,2840084504,2840085615,15834,1111
5393.647055,2840092305,2840093414,15952,1109
5393.656329,2840100131,2840101242,15915,1111
5393.668087,2840107953,2840109064,15852,1111
5393.678616,2840115778,2840116894,15993,1116
5393.688329,2840123604,2840124714,15922,1110
5393.699647,2840131421,2840132536,15833,1115
5393.708329,2840139245,2840140359,15983,1114
5393.720334,2840147066,2840148180,15899,1114
5393.731207,2840154884,2840155998,15847,1114
5393.740333,2840162706,2840163822,15994,1116
5393.752254,2840170542,2840171651,15923,1109
5393.762768,2840178359,2840179479,15907,1120
5393.772329,2840186198,2840187307,16081,1109
5393.783813,2840194023,2840195143,15998,1120
5393.792330,2840201853,2840202969,15933,1116
5393.804328,2840209686,2840210797,16000,1111
5393.815375,2840217512,2840218632,15925,1120
5393.824329,2840225346,2840226466,15838,1120
5393.836328,2840233175,2840234289,15988,1114
5393.846936,2840240996,2840242112,15997,1116
5393.856328,2840248819,2840249934,15934,1115
5393.867974,2840256651,2840257766,16076,1115
5393.878497,2840264478,2840265588,15928,1110
5393.888327,2840272296,2840273412,15838,1116
5393.899534,2840280123,2840281238,15990,1115
5393.908334,2840287937,2840289052,15917,1115
5393.920329,2840295763,2840296877,15842,1114
5393.931095,2840303592,2840304703,16077,1111
5393.940328,2840311427,2840312544,15901,1117
5393.952129,2840319264,2840320379,15838,1115
5393.962654,2840327091,2840328204,15978,1113
5393.972330,2840334922,2840336039,15912,1117
5393.983690,2840342760,2840343871,15840,1111
5393.992333,2840350587,2840351702,15991,1115
5394.004331,2840358431,2840359548,15923,1117
5394.015247,2840366263,2840367383,15831,1120
5394.024329,2840374098,2840375209,15971,1111
5394.036294,2840381922,2840383037,15918,1115
5394.046808,2840389760,2840390872,15850,1112
5394.056328,2840397584,2840398695,15985,1111
5394.067856,2840405411,2840406525,15909,1114
5394.078369,2840413240,2840414351,15836,1111
5394.088327,2840421059,2840422166,15986,1107
5394.099414,2840427400,2840428512,15791,1112
5394.108334,2840435215,2840436330,15853,1115
5394.120334,2840443035,2840444153,16009,1118
5394.130976,2840450865,2840451976,15911,1111
5394.140329,2840458709,2840459817,15828,1108
5394.152013,2840466549,2840467660,15966,1111
5394.162533,2840474377,2840475497,15912,1120
5394.172330,2840482208,2840483328,15866,1120
5394.183575,2840490052,2840491163,15979,1111
5394.192329,2840497871,2840498985,15913,1114
5394.204333,2840505688,2840506804,15847,1116
5394.215133,2840513523,2840514640,15967,1117
5394.224328,2840521382,2840522502,15918,1120
5394.236167,2840529216,2840530331,15858,1115
5394.246694,2840537040,2840538156,15981,1116
5394.256328,2840544864,2840545975,15918,1111
5394.267726,2840552691,2840553807,15837,1116
5394.276330,2840560527,2840561642,15963,1115
5394.288331,2840568353,2840569473,15995,1120
5394.299288,2840576187,2840577307,15946,1120
5394.308329,2840584009,2840585124,15987,1115
5394.320330,2840591844,2840592959,16002,1115
5394.330849,2840599672,2840600791,15854,1119
5394.340330,2840607497,2840608613,15955,1116
5394.351895,2840615343,2840616449,15920,1106
5394.362409,2840623162,2840624276,15933,1114
5394.372332,2840630983,2840632095,16003,1112
5394.383456,2840638818,2840639934,16004,1116
5394.392331,2840646647,2840647767,15911,1120
5394.404330,2840654487,2840655608,15983,1121
5394.415014,2840662317,2840663437,15917,1120
5394.424327,2840670154,2840671270,15848,1116
5394.436055,2840677988,2840679103,15994,1115
5394.446577,2840685811,2840686927,15920,1116
5394.456331,2840693631,2840694751,15839,1120
5394.467614,2840701461,2840702577,15991,1116
5394.476327,2840709296,2840710404,15920,1108
5394.488331,2840717124,2840718240,15848,1116
5394.499176,2840724959,2840726074,15995,1115
5394.508331,2840732792,2840733909,15919,1117
5394.520207,2840740630,2840741745,15837,1115
5394.530734,2840748460,2840749577,15970,1117
5394.540336,2840756293,2840757409,15920,1116
5394.551768,2840764212,2840765332,15790,1120
5394.562298,2840772797,2840773912,15985,1115
5394.572335,2840781190,2840782314,15915,1124
5394.583328,2840789810,2840790927,15823,1117
5394.593856,2840798236,2840799352,16023,1116
5394.604331,2840806478,2840807601,15917,1123
5394.614889,2840815104,2840816224,15841,1120
5394.624332,2840823419,2840824541,15993,1122
5394.635936,2840831289,2840832410,15905,1121
5394.646452,2840839153,2840840275,15868,1122
5394.656331,2840847016,2840848130,15978,1114
5394.667494,2840854842,2840855959,15914,1117
5394.676333,2840862673,2840863791,15881,1118
5394.688328,2840870512,2840871630,15998,1118
5394.699056,2840878334,2840879445,15919,1111
5394.708331,2840886166,2840887281,15836,1115
5394.720094,2840893993,2840895111,15975,1118
5394.730615,2840901838,2840902958,15910,1120
5394.740329,2840909680,2840910795,15844,1115
5394.751656,2840917505,2840918620,15989,1115
5394.760332,2840925300,2840926420,15917,1120
5394.772330,2840933142,2840934257,15833,1115
5394.783214,2840940977,2840942096,15981,1119
5394.792327,2840948811,2840949926,15917,1115
5394.804247,2840956645,2840957756,15856,1111
5394.814777,2840964476,2840965592,16008,1116
5394.824327,2840972307,2840973422,15911,1115
5394.835808,2840980137,2840981253,15838,1116
5394.844331,2840987975,2840989090,15980,1115
5394.856330,2840995802,2840996913,15917,1111
5394.867369,2841003628,2841004749,15844,1121
5394.876331,2841011459,2841012569,15998,1110
5394.888330,2841019288,2841020409,15923,1121
5394.898929,2841027110,2841028225,15834,1115
5394.908334,2841034937,2841036047,15986,1110
5394.919974,2841042769,2841043887,15911,1118
5394.930489,2841050609,2841051729,15845,1120
5394.940330,2841058437,2841059554,15996,1117
5394.951536,2841066267,2841067383,15916,1116
5394.960330,2841074110,2841075230,15897,1120
5394.972329,2841081946,2841083062,15987,1116
5394.983094,2841089780,2841090899,15913,1119
5394.992336,2841097641,2841098765,15932,1124
5395.004135,2841105475,2841106596,16004,1121
5395.014657,2841113308,2841114425,15925,1117
5395.024331,2841120980,2841122095,15841,1115
5395.035695,2841128807,2841129921,15984,1114
5395.044328,2841136638,2841137748,15916,1110
5395.056333,2841144457,2841145567,15936,1110
5395.067256,2841152279,2841153394,16076,1115
5395.076331,2841160100,2841161219,16001,1119
5395.088288,2841167936,2841169047,15843,1111
5395.098815,2841175790,2841176908,15988,1118
5395.108330,2841183626,2841184747,15922,1121
5395.119848,2841191460,2841192578,15893,1118
5395.130377,2841199303,2841200427,16050,1124
5395.140331,2841207144,2841208259,15918,1115
5395.151409,2841214979,2841216090,15838,1111
5395.160332,2841222806,2841223917,15999,1111
5395.172349,2841230649,2841231766,15909,1117
5395.182969,2841238479,2841239594,15848,1115
5395.192329,2841246306,2841247416,15991,1110
5395.204016,2841254131,2841255243,15903,1112
5395.214529,2841261986,2841263104,15838,1118
5395.224328,2841269819,2841270939,15979,1120
5395.235575,2841277656,2841278775,15920,1119
5395.244327,2841285496,2841286613,15845,1117
5395.256335,2841293334,2841294451,15999,1117
5395.267136,2841301168,2841302285,15922,1117
5395.276329,2841309038,2841310149,15838,1111
5395.288176,2841316879,2841317999,16000,1120
5395.298695,2841324719,2841325837,15921,1118
5395.308331,2841332551,2841333667,15826,1116
5395.319735,2841340386,2841341505,15998,1119
5395.328330,2841348215,2841349331,15913,1116
5395.340336,2841356041,2841357161,15834,1120
5395.351296,2841363864,2841364975,15978,1111
5395.360327,2841371692,2841372811,15915,1119
5395.372330,2841379586,2841380706,15856,1120
5395.382857,2841387426,2841388536,15994,1110
5395.392329,2841395244,2841396354,15919,1110
5395.403888,2841403061,2841404177,15835,1116
5395.414416,2841410892,2841412012,15979,1120
5395.424329,2841418725,2841419840,15914,1115
5395.435450,2841426577,2841427690,15831,1113
5395.444328,2841434405,2841435520,16003,1115
5395.456330,2841442237,2841443352,15998,1115
5395.467009,2841450066,2841451181,15909,1115
5395.476330,2841457885,2841459002,16062,1117
5395.488054,2841465711,2841466828,15922,1117
5395.498570,2841473550,2841474662,15861,1112
5395.508330,2841481366,2841482486,16015,1120
5395.519616,2841489203,2841490321,15926,1118
5395.528337,2841497038,2841498158,15841,1120
5395.540329,2841504881,2841505995,16065,1114
5395.551175,2841512730,2841513843,16004,1113
5395.560329,2841520574,2841521686,15939,1112
5395.572216,2841528416,2841529527,16063,1111
5395.582737,2841536245,2841537356,15919,1111
5395.592328,2841544093,2841545218,15868,1125
5395.603774,2841551943,2841553058,15970,1115
5395.612329,2841559802,2841560922,15913,1120
5395.624337,2841567652,2841568768,15848,1116
5395.635337,2841575487,2841576601,15997,1114
5395.644328,2841583330,2841584450,15918,1120
5395.656330,2841591168,2841592278,15827,1110
5395.666895,2841598988,2841600099,15986,1111
5395.676329,2841606817,2841607938,15921,1121
5395.687930,2841614660,2841615773,15933,1113
5395.698457,2841622502,2841623622,16047,1120
5395.708327,2841630375,2841631494,15996,1119
5395.719489,2841638213,2841639329,15909,1116
5395.728331,2841646062,2841647173,16056,1111
5395.740329,2841653895,2841655016,15934,1121
5395.751049,2841661754,2841662863,15855,1109
5395.760335,2841669599,2841670719,15997,1120
5395.772096,2841677461,2841678584,16004,1123
5395.782610,2841685320,2841686441,15837,1121
5395.792329,2841693171,2841694289,15981,1118
5395.803654,2841701023,2841702148,15912,1125
5395.812330,2841708882,2841710000,15847,1118
5395.824328,2841716728,2841717845,15996,1117
5395.835216,2841724583,2841725702,15915,1119
5395.844329,2841732450,2841733570,15836,1120
5395.856256,2841740296,2841741413,15999,1117
5395.866776,2841748149,2841749272,15916,1123
5395.876334,2841756014,2841757135,15849,1121
5395.887818,2841763881,2841764997,16007,1116
5395.896328,2841771718,2841772842,15918,1124
5395.908331,2841779592,2841780716,15831,1124
5395.919375,2841787452,2841788576,15979,1124
5395.928327,2841795335,2841796453,15918,1118
5395.940328,2841803189,2841804311,15880,1122
5395.950937,2841811037,2841812147,15997,1110
5395.960329,2841818872,2841819993,15918,1121
5395.971968,2841826714,2841827826,15836,1112
5395.982498,2841834572,2841835689,15986,1117
5395.992328,2841842400,2841843520,15914,1120
5396.003528,2841850260,2841851378,15808,1118
5396.012329,2841858116,2841859233,15994,1117
5396.024331,2841865949,2841867069,15919,1120
5396.035091,2841873793,2841874916,15861,1123
5396.044334,2841881681,2841882798,15981,1117
5396.056135,2841889515,2841890631,15910,1116
5396.066650,2841897357,2841898476,15851,1119
5396.076330,2841905220,2841906344,15997,1124
5396.087698,2841913084,2841914200,15916,1116
5396.096328,2841920917,2841922036,15866,1119
5396.108331,2841928766,2841929881,15981,1115
5396.119255,2841936653,2841937776,15919,1123
5396.128335,2841945003,2841946118,15847,1115
5396.140296,2841953430,2841954548,15995,1118
5396.150817,2841961866,2841962988,15917,1122
5396.160331,2841970305,2841971422,15832,1117
5396.171855,2841978726,2841979850,15988,1124
5396.182377,2841987153,2841988284,15908,1131
5396.192333,2841995888,2841997010,15853,1122
5396.203417,2842003762,2842004881,16008,1119
5396.212329,2842011629,2842012753,15918,1124
5396.224330,2842019500,2842020625,15820,1125
5396.234975,2842027372,2842028492,15986,1120
5396.244328,2842035216,2842036332,15919,1116
5396.256009,2842043075,2842044200,15844,1125
5396.266537,2842050943,2842052062,15985,1119
5396.276333,2842058790,2842059909,15910,1119
5396.287569,2842066659,2842067775,15829,1116
5396.296336,2842074548,2842075666,15981,1118
5396.308327,2842082420,2842083544,15915,1124
5396.319132,2842090292,2842091412,15861,1120
5396.328332,2842098191,2842099315,15995,1124
5396.340176,2842105949,2842107074,15910,1125
5396.350688,2842113830,2842114953,15821,1123
5396.360330,2842121705,2842122828,15986,1123
5396.371735,2842129581,2842130706,15914,1125
5396.380331,2842137462,2842138582,15851,1120
5396.392334,2842145324,2842146436,15990,1112
5396.403296,2842153170,2842154292,15917,1122
5396.412330,2842161012,2842162123,15833,1111
5396.424330,2842168853,2842169972,15980,1119
5396.434856,2842176689,2842177811,15921,1122
5396.444332,2842184562,2842185686,15847,1124
5396.455896,2842192423,2842193540,15994,1117
5396.466418,2842200292,2842201416,15908,1124
5396.476333,2842208151,2842209274,15864,1123
5396.487455,2842216000,2842217118,15951,1118
5396.496332,2842223844,2842224969,15918,1125
5396.508331,2842231718,2842232838,15844,1120
5396.519017,2842239589,2842240713,16000,1124
5396.528332,2842247492,2842248617,15916,1125
5396.540057,2842255340,2842256458,15921,1118
5396.550578,2842263187,2842264310,15919,1123
5396.560329,2842270966,2842272092,15916,1126
5396.571617,2842278840,2842279964,15920,1124
5396.580329,2842286690,2842287810,15915,1120
5396.592329,2842294568,2842295693,15916,1125
5396.603173,2842302438,2842303563,15859,1125
5396.612329,2842310320,2842311441,15987,1121
5396.624215,2842318186,2842319306,15904,1120
5396.634730,2842326036,2842327156,15848,1120
5396.644335,2842333902,2842335022,16002,1120
5396.655778,2842341770,2842342889,15923,1119
5396.664329,2842349622,2842350741,15831,1119
5396.676329,2842357458,2842358571,15982,1113
5396.687336,2842365344,2842366465,15916,1121
5396.696330,2842373224,2842374344,15834,1120
5396.708334,2842381075,2842382194,15973,1119
5396.718897,2842388944,2842390068,15916,1124
5396.728327,2842396785,2842397910,15836,1125
5396.739937,2842404661,2842405786,15987,1125
5396.750456,2842412512,2842413636,15914,1124
5396.760333,2842420387,2842421510,15847,1123
5396.771499,2842428261,2842429384,15993,1123
5396.780333,2842436133,2842437258,15921,1125
5396.792329,2842443991,2842445111,15834,1120
5396.803054,2842451851,2842452968,15970,1117
5396.812329,2842459737,2842460861,15909,1124
5396.824090,2842467605,2842468728,15862,1123
5396.834616,2842475505,2842476625,15986,1120
5396.844331,2842483373,2842484497,15905,1124
5396.855649,2842491235,2842492356,15848,1121
5396.864330,2842499104,2842500228,15974,1124
5396.876329,2842506984,2842508108,15915,1124
5396.887210,2842514857,2842515978,15861,1121
5396.896331,2842522717,2842523831,16022,1114
5396.908255,2842530561,2842531686,15918,1125
5396.918769,2842538405,2842539521,15846,1116
5396.928332,2842546289,2842547414,15969,1125
5396.939816,2842554148,2842555265,15901,1117
5396.948327,2842561999,2842563123,15867,1124
5396.960336,2842569866,2842570990,15986,1124
5396.971376,2842577735,2842578856,15916,1121
5396.980327,2842585633,2842586754,15843,1121
5396.992330,2842593528,2842594653,15968,1125
5397.002939,2842601418,2842602543,15912,1125
5397.012328,2842609294,2842610411,15826,1117
5397.023977,2842617153,2842618270,16003,1117
5397.034498,2842625022,2842626145,15916,1123
5397.044328,2842632892,2842634011,15816,1119
5397.055536,2842640758,2842641882,15986,1124
5397.064335,2842648638,2842649758,15915,1120
5397.076328,2842656504,2842657628,15847,1124
5397.087097,2842664380,2842665504,15997,1124
5397.096328,2842672279,2842673399,15917,1120
5397.108129,2842680146,2842681262,15830,1116
5397.118657,2842688005,2842689125,15982,1120
5397.128329,2842695873,2842696998,15919,1125
5397.139690,2842703749,2842704868,15845,1119
5397.148329,2842711621,2842712738,15996,1117
5397.160330,2842719489,2842720610,15915,1121
5397.171249,2842727358,2842728479,15830,1121
5397.180329,2842735203,2842736328,15943,1125
5397.192295,2842743079,2842744204,15909,1125
5397.202808,2842750934,2842752069,15812,1135
5397.212328,2842758812,2842759924,15997,1112
5397.223857,2842766663,2842767781,15919,1118
5397.234370,2842774526,2842775650,15821,1124
5397.244330,2842782401,2842783522,15999,1121
5397.255416,2842790270,2842791395,15917,1125
5397.264328,2842798171,2842799294,15852,1123
5397.276333,2842806046,2842807169,15998,1123
5397.286978,2842813908,2842815025,15891,1117
5397.296328,2842821770,2842822894,15837,1124
5397.308015,2842829646,2842830771,15983,1125
5397.318537,2842837517,2842838642,15920,1125
5397.328331,2842845400,2842846520,15847,1120
5397.339577,2842853268,2842854392,16002,1124
5397.348335,2842861148,2842862271,15911,1123
5397.360330,2842869012,2842870131,15832,1119
5397.371136,2842876870,2842877994,15983,1124
5397.380328,2842884743,2842885868,15916,1125
5397.392167,2842892610,2842893731,15830,1121
5397.402698,2842900471,2842901593,16000,1122
5397.412331,2842908357,2842909479,15917,1122
5397.423731,2842916234,2842917359,15831,1125
5397.432333,2842924106,2842925226,15982,1120
5397.444329,2842931974,2842933097,15906,1123
5397.455290,2842939849,2842940969,15850,1120
5397.464328,2842947752,2842948873,15996,1121
5397.476330,2842955628,2842956746,15923,1118
5397.486851,2842963504,2842964627,15834,1123
5397.496327,2842971376,2842972494,15985,1118
5397.507896,2842979248,2842980372,15914,1124
5397.518411,2842987169,2842988294,15849,1125
5397.528328,2842995054,2842996178,15989,1124
5397.539458,2843002928,2843004052,15917,1124
5397.548331,2843010797,2843011920,15830,1123
5397.560336,2843018669,2843019789,15990,1120
5397.571016,2843026534,2843027655,15915,1121
5397.580333,2843034429,2843035554,15838,1125
5397.592057,2843042300,2843043424,16004,1124
5397.602571,2843050366,2843051491,15840,1125
5397.612332,2843058258,2843059373,15882,1115
5397.623617,2843066125,2843067249,15969,1124
5397.632328,2843073998,2843075121,15835,1123
5397.644326,2843081876,2843083002,15965,1126
5397.655178,2843089780,2843090899,15974,1119
5397.664330,2843097674,2843098794,15827,1120
5397.676212,2843105541,2843106662,15945,1121
5397.686738,2843113414,2843114533,15973,1119
5397.698758,2843123000,2843124119,15940,1119
5397.708332,2843131246,2843132370,15969,1124
5397.719792,2843139872,2843140997,15830,1125
5397.730318,2843148315,2843149435,15944,1120
5397.742339,2843158056,2843159181,15844,1125
5397.752333,2843166498,2843167618,15948,1120
5397.763384,2843174901,2843176033,15959,1132
5397.772327,2843183575,2843184690,15837,1115
5397.784332,2843191441,2843192560,15948,1119
5397.794944,2843199315,2843200437,15949,1122
5397.804327,2843207179,2843208303,15835,1124
5397.815971,2843215067,2843216187,15926,1120
5397.826504,2843222947,2843224071,15958,1124
5397.836330,2843230822,2843231947,15918,1125
5397.847538,2843238698,2843239817,15928,1119
5397.856329,2843246573,2843247688,15973,1115
5397.868335,2843254438,2843255561,15828,1123
5397.879099,2843262313,2843263431,15952,1118
5397.888328,2843270200,2843271320,15973,1120
5397.900137,2843278076,2843279198,15833,1122
5397.910659,2843285952,2843287075,15937,1123
5397.920328,2843293832,2843294957,15962,1125
5397.931695,2843301712,2843302827,15835,1115
5397.940330,2843309572,2843310694,15952,1122
5397.952330,2843317436,2843318557,15968,1121
5397.963256,2843325301,2843326421,15831,1120
5397.972327,2843333171,2843334296,15938,1125
5397.984305,2843341054,2843342175,15972,1121
5397.994817,2843348925,2843350047,15828,1122
5398.004327,2843356796,2843357920,15942,1124
5398.015863,2843364667,2843365785,15968,1118
5398.026377,2843372538,2843373663,15836,1125
5398.036331,2843380417,2843381536,15847,1119
5398.047425,2843388284,2843389408,15966,1124
5398.056328,2843396159,2843397284,15829,1125
5398.068329,2843404035,2843405158,15953,1123
5398.078983,2843411908,2843413033,15966,1125
5398.088333,2843419789,2843420905,15837,1116
5398.100020,2843427657,2843428778,15944,1121
5398.110544,2843435532,2843436656,15971,1124
5398.120329,2843443394,2843444514,15836,1120
5398.131579,2843451285,2843452406,15945,1121
5398.140328,2843459182,2843460307,15952,1125
5398.152332,2843467054,2843468178,15837,1124
5398.163139,2843474922,2843476040,15945,1118
5398.172333,2843482816,2843483936,15973,1120
5398.184183,2843490691,2843491815,15907,1124
5398.194699,2843498572,2843499692,15931,1120
5398.204332,2843506474,2843507594,15971,1120
5398.215735,2843514343,2843515462,15831,1119
5398.224328,2843522224,2843523344,15942,1120
5398.236328,2843530095,2843531218,15975,1123
5398.247296,2843537963,2843539082,15832,1119
5398.256331,2843545836,2843546956,15943,1120
5398.268332,2843553698,2843554823,15966,1125
5398.278857,2843561581,2843562706,15832,1125
5398.288332,2843569460,2843570579,15956,1119
5398.299903,2843577341,2843578463,15970,1122
5398.310417,2843585245,2843586369,15829,1124
5398.320327,2843593119,2843594244,15947,1125
5398.331464,2843600996,2843602118,15973,1122
5398.340327,2843608862,2843609988,15833,1126
5398.352334,2843616769,2843617893,15944,1124
5398.363024,2843624670,2843625791,15963,1121
5398.372332,2843632542,2843633667,15832,1125
5398.384056,2843640413,2843641535,15849,1122
5398.394585,2843648288,2843649407,15969,1119
5398.404330,2843656164,2843657289,15834,1125
5398.415618,2843664039,2843665158,15947,1119
5398.424327,2843671906,2843673026,15970,1120
5398.436330,2843679792,2843680911,15845,1119
5398.447179,2843687691,2843688816,15950,1125
5398.456329,2843695593,2843696718,15964,1125
5398.468215,2843703470,2843704594,15837,1124
5398.478739,2843711349,2843712471,15944,1122
5398.488328,2843719224,2843720348,15946,1124
5398.499776,2843727121,2843728244,15834,1123
5398.508329,2843735000,2843736119,15941,1119
5398.520332,2843742862,2843743987,15973,1125
5398.531343,2843750729,2843751849,15899,1120
5398.540329,2843758601,2843759720,15945,1119
5398.552330,2843766473,2843767592,15970,1119
5398.562896,2843774345,2843775465,15822,1120
5398.572332,2843782260,2843783379,15948,1119
5398.583942,2843790136,2843791257,15970,1121
5398.594457,2843798004,2843799123,15833,1119
5398.604328,2843805877,2843806999,15941,1122
5398.615504,2843813755,2843814876,15969,1121
5398.624332,2843821628,2843822749,15836,1121
5398.636334,2843829446,2843830572,15963,1126
5398.647063,2843837326,2843838446,15953,1120
5398.656331,2843845224,2843846345,15841,1121
5398.668098,2843853126,2843854251,15949,1125
5398.678623,2843861031,2843862156,15957,1125
5398.688327,2843868910,2843870035,15847,1125
5398.699659,2843876812,2843877935,15946,1123
5398.708332,2843884693,2843885819,15954,1126
5398.720333,2843892563,2843893682,15841,1119
5398.731217,2843900465,2843901575,15865,1110
5398.740328,2843908332,2843909449,15956,1117
5398.752255,2843916199,2843917320,15845,1121
5398.762779,2843924063,2843925188,15947,1125
5398.772332,2843931990,2843933111,15957,1121
5398.783816,2843939859,2843940978,15849,1119
5398.794340,2843947741,2843948866,15942,1125
5398.804333,2843955619,2843956739,15954,1120
5398.815376,2843963497,2843964621,15843,1124
5398.824328,2843971369,2843972494,15947,1125
5398.836329,2843979262,2843980381,15979,1119
5398.846937,2843987133,2843988254,15851,1121
5398.856335,2843995007,2843996132,15942,1125
5398.867982,2844002886,2844004011,15957,1125
5398.878503,2844010766,2844011890,15912,1124
5398.888328,2844018643,2844019767,15948,1124
5398.899543,2844026514,2844027636,15947,1122
5398.908328,2844034390,2844035512,15843,1122
5398.920331,2844042265,2844043390,15934,1125
5398.931102,2844050140,2844051260,15957,1120
5398.940332,2844058034,2844059153,15846,1119
5398.952138,2844065907,2844067025,15947,1118
5398.962663,2844073781,2844074903,15948,1122
5398.972329,2844081663,2844082783,15848,1120
5398.983700,2844089533,2844090658,15961,1125
5398.992329,2844097410,2844098535,15964,1125
5399.004329,2844105295,2844106413,15846,1118
5399.015259,2844113169,2844114292,15937,1123
5399.024327,2844121048,2844122168,15958,1120
5399.036295,2844128923,2844130048,15843,1125
5399.046819,2844136817,2844137943,15940,1126
5399.056328,2844144696,2844145821,15951,1125
5399.067856,2844152576,2844153696,15845,1120
5399.078379,2844160442,2844161566,15858,1124
5399.088330,2844168321,2844169446,15954,1125
5399.099416,2844176192,2844177316,15843,1124
5399.108333,2844184066,2844185187,15945,1121
5399.120335,2844191928,2844193053,15955,1125
5399.130977,2844199801,2844200927,15859,1126
5399.140329,2844207670,2844208794,15942,1124
5399.152022,2844215538,2844216663,15951,1125
5399.162537,2844223439,2844224561,15851,1122
5399.172331,2844231322,2844232447,15941,1125
5399.183583,2844239199,2844240317,15944,1118
5399.192329,2844247069,2844248189,15848,1120
5399.204330,2844254947,2844256073,15945,1126
5399.215143,2844262831,2844263951,15958,1120
5399.224330,2844270723,2844271849,15899,1126
5399.236179,2844278598,2844279722,15944,1124
5399.246705,2844286515,2844287641,16025,1126
5399.256328,2844294415,2844295537,15833,1122
5399.267739,2844302288,2844303413,15938,1125
5399.278265,2844310753,2844311885,15959,1132
5399.288332,2844319039,2844320163,15832,1124
5399.299300,2844327675,2844328795,15941,1120
5399.308331,2844336130,2844337254,16017,1124
5399.320331,2844344618,2844345737,15811,1119
5399.330861,2844353113,2844354233,15953,1120
5399.340334,2844361943,2844363072,15971,1129
5399.351898,2844370038,2844371159,15839,1121
5399.362420,2844377918,2844379034,15948,1116
5399.372330,2844385789,2844386911,15971,1122
5399.383456,2844393739,2844394860,15834,1121
5399.392330,2844401603,2844402723,15949,1120
5399.404337,2844409476,2844410601,15975,1125
5399.415016,2844417347,2844418467,15829,1120
5399.424335,2844425218,2844426343,15852,1125
5399.436063,2844433122,2844434248,15961,1126
5399.448075,2844442113,2844443236,15895,1123
5399.458608,2844450012,2844451134,15971,1122
5399.468329,2844457893,2844459015,15833,1122
5399.479644,2844465772,2844466897,15962,1125
5399.488336,2844473677,2844474803,15966,1126
5399.500335,2844481564,2844482689,15831,1125
5399.511202,2844489453,2844490579,15935,1126
5399.520327,2844497334,2844498458,15971,1124
5399.532241,2844505205,2844506328,15834,1123
5399.542763,2844513077,2844514201,15947,1124
5399.552334,2844520945,2844522070,15971,1125
5399.563800,2844528826,2844529946,15830,1120
5399.572327,2844536696,2844537817,15854,1121
5399.584330,2844544558,2844545683,15972,1125
5399.595359,2844552441,2844553567,15832,1126
5399.604329,2844560322,2844561448,15941,1126
5399.616328,2844568203,2844569329,15958,1126
5399.626920,2844576081,2844577205,15849,1124
5399.636332,2844583958,2844585077,15951,1119
5399.647967,2844591857,2844592980,15967,1123
5399.658481,2844599754,2844600877,15839,1123
5399.668331,2844607620,2844608746,15943,1126
5399.679527,2844615496,2844616616,15953,1120
5399.688328,2844623367,2844624491,15824,1124
5399.700332,2844631267,2844632391,15948,1124
5399.711088,2844639142,2844640262,15962,1120
5399.720328,2844647032,2844648156,15902,1124
5399.732122,2844654911,2844656033,15934,1122
5399.742648,2844662786,2844663910,15957,1124
5399.752330,2844670692,2844671813,15821,1121
5399.763684,2844678567,2844679691,15945,1124
5399.772327,2844686442,2844687567,15971,1125
5399.784328,2844694316,2844695441,15834,1125
5399.795243,2844702193,2844703312,15948,1119
5399.804327,2844710072,2844711193,15967,1121
5399.816278,2844717941,2844719065,15833,1124
5399.826805,2844725827,2844726953,15959,1126
5399.836327,2844733707,2844734833,15961,1126
5399.847839,2844741593,2844742718,15829,1125
5399.858365,2844749485,2844750611,15943,1126
5399.868329,2844757401,2844758523,15967,1122
5399.879399,2844765283,2844766407,15834,1124
5399.888332,2844773165,2844774291,15943,1126
5399.900329,2844781035,2844782160,15970,1125
5399.910960,2844788913,2844790038,15830,1125
5399.920334,2844796793,2844797915,15847,1122
5399.932007,2844804666,2844805786,15959,1120
5399.942520,2844812574,2844813691,15827,1117
5399.952329,2844820504,2844821629,15945,1125
5399.963568,2844828376,2844829496,15966,1120
5399.972329,2844836244,2844837365,15848,1121
5399.984330,2844844108,2844845233,15949,1125
5399.995128,2844851981,2844853101,15970,1120
5400.004328,2844859906,2844861031,15833,1125
5400.016162,2844867788,2844868914,15935,1126
5400.026688,2844875673,2844876797,15952,1124
5400.036328,2844883554,2844884676,15833,1122
5400.047722,2844891426,2844892551,15949,1125
5400.056331,2844899302,2844900427,15976,1125
5400.068331,2844907191,2844908317,15911,1126
5400.079283,2844915069,2844916188,15947,1119
5400.088336,2844922935,2844924057,15964,1122
5400.100319,2844930814,2844931940,15836,1126
5400.110843,2844938694,2844939816,15944,1122
5400.120327,2844946574,2844947698,15966,1124
5400.131879,2844954446,2844955571,15830,1125
5400.142404,2844962324,2844963449,15948,1125
5400.152328,2844970202,2844971324,15967,1122
5400.163440,2844978070,2844979190,15828,1120
5400.172327,2844985943,2844987063,15955,1120
5400.184328,2844993809,2844994931,15972,1122
5400.195002,2845001693,2845002819,15827,1126
5400.204333,2845009613,2845010735,15949,1122
5400.216049,2845017509,2845018631,15969,1122
5400.226561,2845025385,2845026511,15835,1126
5400.236328,2845033266,2845034388,15944,1122
5400.247608,2845041180,2845042304,15961,1124
5400.256332,2845049077,2845050202,15826,1125
5400.268330,2845056970,2845058093,15862,1123
5400.279168,2845064850,2845065969,15965,1119
5400.288327,2845072717,2845073842,15831,1125
5400.300202,2845080598,2845081720,15944,1122
5400.310728,2845088475,2845089601,15969,1126
5400.320330,2845096342,2845097461,15847,1119
5400.331762,2845104214,2845105338,15944,1124
5400.340333,2845112096,2845113218,15972,1122
5400.352334,2845119974,2845121094,15833,1120
5400.363323,2845127830,2845128949,15945,1119
5400.372328,2845135696,2845136821,15955,1125
5400.384328,2845143574,2845144700,15823,1126
5400.394884,2845151449,2845152570,15946,1121
5400.404329,2845159320,2845160445,15975,1125
5400.415927,2845167200,2845168319,15912,1119
5400.426443,2845175082,2845176208,15942,1126
5400.436330,2845182991,2845184116,15969,1125
5400.447480,2845190867,2845191990,15830,1123
5400.456329,2845198747,2845199868,15945,1121
5400.468330,2845206658,2845207784,16012,1126
5400.479040,2845214551,2845215677,15832,1126
5400.488330,2845222453,2845223575,15947,1122
5400.500089,2845230334,2845231460,15968,1126
5400.510601,2845238239,2845239362,15831,1123
5400.520329,2845246114,2845247240,15962,1126
5400.531647,2845253990,2845255114,15968,1124
5400.540327,2845261867,2845262992,15831,1125
5400.552332,2845269746,2845270871,15948,1125
5400.563208,2845277627,2845278747,15970,1120
5400.572331,2845285525,2845286649,15827,1124
5400.584242,2845293404,2845294530,15944,1126
5400.594768,2845301300,2845302418,15960,1118
5400.604330,2845309168,2845310290,15833,1122
5400.615801,2845317052,2845318178,15835,1126
5400.624328,2845324934,2845326059,15974,1125
5400.636328,2845332826,2845333952,15818,1126
5400.647363,2845340703,2845341828,15946,1125
5400.656331,2845348590,2845349709,15973,1119
5400.668330,2845356468,2845357594,15838,1126
5400.678924,2845364362,2845365486,15950,1124
5400.688328,2845372247,2845373367,15968,1120
5400.699961,2845380114,2845381240,15830,1126
5400.710484,2845387999,2845389124,15946,1125
5400.720329,2845395873,2845396999,15956,1126
5400.731520,2845403753,2845404877,15821,1124
5400.740328,2845411639,2845412762,15939,1123
5400.752335,2845419517,2845420636,15972,1119
5400.763088,2845427401,2845428527,15911,1126
5400.772331,2845435309,2845436431,15948,1122
5400.784128,2845443183,2845444309,15969,1126
5400.794641,2845451092,2845452215,15832,1123
5400.804330,2845458972,2845460092,15941,1120
5400.815686,2845466847,2845467973,15973,1126
5400.824331,2845474730,2845475852,15829,1122
5400.836329,2845482599,2845483724,15947,1125
5400.850252,2845493130,2845494263,15940,1133
5400.860333,2845501389,2845502515,15973,1126
5400.871286,2845510095,2845511225,15832,1130
5400.880334,2845518542,2845519664,15868,1122
5400.892333,2845526837,2845527967,15956,1130
5400.902847,2845535332,2845536462,15848,1130
5400.912334,2845543896,2845545024,15860,1128
5400.923894,2845552030,2845553152,15960,1122
5400.934407,2845559939,2845561065,15845,1126
5400.944335,2845567830,2845568956,15948,1126
5400.955452,2845575703,2845576829,15959,1126
5400.964332,2845583590,2845584716,15861,1126
5400.976335,2845591476,2845592601,15931,1125
5400.987013,2845599349,2845600475,15958,1126
5400.996331,2845607217,2845608337,15835,1120
5401.008048,2845615094,2845616216,15933,1122
5401.018573,2845622966,2845624091,15940,1125
5401.028334,2845630838,2845631959,15839,1121
5401.039610,2845638715,2845639841,15930,1126
5401.048327,2845646586,2845647711,15945,1125
5401.060329,2845654466,2845655589,15900,1123
5401.071169,2845662345,2845663470,15943,1125
5401.080330,2845670261,2845671387,16027,1126
5401.092206,2845678138,2845679264,15833,1126
5401.102729,2845686019,2845687142,15947,1123
5401.112332,2845693906,2845695031,15973,1125
5401.123766,2845701789,2845702914,15830,1125
5401.132331,2845709696,2845710822,15949,1126
5401.144332,2845717576,2845718701,15968,1125
5401.155326,2845725453,2845726578,15830,1125
5401.164332,2845733332,2845734456,15960,1124
5401.176329,2845741215,2845742340,15971,1125
5401.186887,2845749098,2845750222,15836,1124
5401.196329,2845756979,2845758098,15944,1119
5401.207934,2845764856,2845765981,15974,1125
5401.218447,2845772735,2845773858,15831,1123
5401.228327,2845780618,2845781739,15940,1121
5401.239494,2845788494,2845789619,15968,1125
5401.248334,2845796423,2845797550,15829,1127
5401.260328,2845804308,2845805433,15852,1125
5401.271055,2845812191,2845813317,15968,1126
5401.280332,2845820097,2845821222,15831,1125
5401.292090,2845828018,2845829144,15943,1126
5401.302614,2845835902,2845837028,15965,1126
5401.312327,2845843779,2845844904,15845,1125
5401.323649,2845851657,2845852779,15935,1122
5401.332336,2845859536,2845860661,15970,1125
5401.344328,2845867417,2845868540,15834,1123
5401.355209,2845875300,2845876425,15947,1125
5401.364327,2845883176,2845884301,15945,1125
5401.376246,2845891065,2845892185,15824,1120
5401.386770,2845898938,2845900064,15946,1126
5401.396327,2845906827,2845907946,15979,1119
5401.407815,2845914709,2845915831,15934,1122
5401.416334,2845922589,2845923712,15844,1123
5401.428330,2845930470,2845931596,15996,1126
5401.439374,2845938388,2845939514,15914,1126
5401.448329,2845946274,2845947400,15836,1126
5401.460331,2845954158,2845955284,15994,1126
5401.470927,2845962044,2845963164,15826,1120
5401.480329,2845969922,2845971048,15945,1126
5401.491976,2845977822,2845978945,15967,1123
5401.502488,2845985726,2845986853,15824,1127
5401.512328,2845993637,2845994759,15961,1122
5401.523534,2846001507,2846002632,15967,1125
5401.532334,2846009376,2846010499,15821,1123
5401.544327,2846017262,2846018388,15943,1126
5401.555095,2846025145,2846026271,15968,1126
5401.564329,2846033071,2846034195,15830,1124
5401.576131,2846040952,2846042078,15949,1126
5401.586655,2846048831,2846049957,15971,1126
5401.596328,2846056712,2846057835,15836,1123
5401.607687,2846064587,2846065713,15850,1126
5401.616332,2846072469,2846073596,15968,1127
5401.628327,2846080353,2846081479,15832,1126
5401.639250,2846088232,2846089356,15947,1124
5401.648332,2846096119,2846097243,15967,1124
5401.660286,2846104003,2846105128,15839,1125
5401.670810,2846111893,2846113018,15934,1125
5401.680326,2846119777,2846120904,15970,1127
5401.691849,2846127747,2846128873,15832,1126
5401.702371,2846135625,2846136751,15951,1126
5401.712329,2846143507,2846144633,15939,1126
5401.723406,2846151388,2846152514,15836,1126
5401.732328,2846159272,2846160397,15944,1125
5401.744329,2846167155,2846168281,15967,1126
5401.754974,2846175039,2846176162,15907,1123
5401.764334,2846182923,2846184050,15943,1127
5401.776014,2846190798,2846191924,15966,1126
5401.786528,2846198681,2846199804,15826,1123
5401.796329,2846206589,2846207713,15937,1124
5401.807573,2846214493,2846215619,15967,1126
5401.816333,2846222380,2846223502,15833,1122
5401.828335,2846230258,2846231375,15948,1117
5401.839135,2846238110,2846239233,15964,1123
5401.848330,2846246013,2846247138,15829,1125
5401.860170,2846253892,2846255018,15961,1126
5401.870695,2846261771,2846262897,15974,1126
5401.880333,2846269661,2846270783,15819,1122
5401.891729,2846277538,2846278660,15944,1122
5401.900332,2846285433,2846286556,15958,1123
5401.912330,2846293348,2846294474,15820,1126
5401.923290,2846301243,2846302373,15917,1130
5401.932328,2846309135,2846310258,15970,1123
5401.944326,2846317013,2846318139,15831,1126
5401.954848,2846324898,2846326024,15852,1126
5401.964330,2846332781,2846333903,15974,1122
5401.975887,2846340649,2846341775,15833,1126
5401.986410,2846348537,2846349659,15946,1122
5401.996329,2846356407,2846357529,15955,1122
5402.007446,2846364291,2846365417,15847,1126
5402.016329,2846372187,2846373313,15945,1126
5402.028333,2846380071,2846381192,15967,1121
5402.039007,2846387949,2846389075,15833,1126
5402.048327,2846395827,2846396950,15950,1123
5402.060054,2846403708,2846404833,15955,1125
5402.070567,2846411608,2846412735,15826,1127
5402.080328,2846419510,2846420633,15940,1123
5402.091614,2846427417,2846428542,15965,1125
5402.100332,2846435338,2846436464,15905,1126
5402.112327,2846443252,2846444374,15946,1122
5402.123175,2846451130,2846452253,15966,1123
5402.132331,2846459008,2846460136,15829,1128
5402.144209,2846466893,2846468016,15944,1123
5402.154733,2846474802,2846475928,15970,1126
5402.164329,2846482715,2846483841,15833,1126
5402.175771,2846490609,2846491733,15940,1124
5402.184332,2846498494,2846499619,15968,1125
5402.196331,2846506375,2846507500,15833,1125
5402.207331,2846514261,2846515388,15959,1127
5402.216332,2846522153,2846523274,15968,1121
5402.228329,2846530031,2846531153,15840,1122
5402.238888,2846537946,2846539075,15880,1129
5402.248330,2846545853,2846546979,15973,1126
5402.259926,2846553728,2846554850,15834,1122
5402.270451,2846561607,2846562734,15937,1127
5402.280328,2846569495,2846570620,15958,1125
5402.291489,2846577408,2846578531,15831,1123
5402.300327,2846585297,2846586424,15851,1127
5402.312330,2846593202,2846594327,15970,1125
5402.323048,2846601107,2846602232,15829,1125
5402.332332,2846609017,2846610139,15947,1122
5402.344094,2846616926,2846618053,15966,1127
5402.354608,2846624889,2846626015,15848,1126
5402.364327,2846632769,2846633892,15935,1123
5402.375655,2846640666,2846641792,15957,1126
5402.384327,2846648572,2846649698,15832,1126
5402.396335,2846656463,2846657587,15948,1124
5402.407215,2846664345,2846665471,15946,1126
5402.416328,2846672252,2846673379,15831,1127
5402.431253,2846683176,2846684302,15822,1126
5402.443283,2846692889,2846694020,15956,1131
5402.452331,2846701310,2846702441,15930,1131
5402.464317,2846709876,2846711007,15951,1131
5402.474843,2846718390,2846719519,15961,1129
5402.484331,2846726998,2846728129,15836,1131
5402.495879,2846735975,2846737107,16029,1132
5402.507899,2846745284,2846746413,15822,1129
5402.518422,2846753197,2846754328,15938,1131
5402.528332,2846761196,2846762317,15956,1121
5402.539459,2846769088,2846770214,15847,1126
5402.548328,2846776973,2846778100,15863,1127
5402.560332,2846784889,2846786011,15956,1122
5402.571019,2846792798,2846793922,15844,1124
5402.580327,2846800738,2846801865,15948,1127
5402.592064,2846808675,2846809801,15954,1126
5402.616332,2846821612,2846822240,12045,628
5402.628137,2846825640,2846826268,12130,628
5402.638651,2846832342,2846833460,15881,1118
5402.648329,2846840213,2846841338,15857,1125
5402.659693,2846848100,2846849223,15935,1123
5402.668333,2846855965,2846857089,15842,1124
5402.680333,2846863837,2846864958,15933,1121
5402.691253,2846871713,2846872837,15942,1124
5402.700332,2846879621,2846880747,15866,1126
5402.712283,2846887525,2846888650,15939,1125
5402.722815,2846895416,2846896542,15964,1126
5402.732330,2846903302,2846904429,15836,1127
5402.743847,2846911209,2846912342,15881,1133
5402.754376,2846919092,2846920217,15952,1125
5402.764332,2846926977,2846928100,15837,1123
5402.775410,2846934866,2846935992,15948,1126
5402.784333,2846942738,2846943863,15960,1125
5402.796328,2846950620,2846951742,15914,1122
5402.806970,2846958506,2846959631,15947,1125
5402.816327,2846966391,2846967517,15960,1126
5402.828007,2846974275,2846975402,15837,1127
5402.838531,2846982180,2846983303,15947,1123
5402.848333,2846990050,2846991175,15965,1125
5402.859567,2846997952,2846999077,15840,1125
5402.868327,2847005861,2847006988,15946,1127
5402.880334,2847013746,2847014872,15955,1126
5402.891128,2847021656,2847022781,15829,1125
5402.900331,2847029556,2847030682,15951,1126
5402.912174,2847037466,2847038586,15958,1120
5402.922689,2847045365,2847046492,15839,1127
5402.932327,2847053255,2847054378,15946,1123
5402.943735,2847061138,2847062265,15957,1127
5402.952330,2847069026,2847070153,15837,1127
5402.964336,2847076919,2847078042,15946,1123
5402.975295,2847084795,2847085921,15965,1126
5402.984329,2847092731,2847093854,15835,1123
5402.996327,2847100642,2847101766,15849,1124
5403.006855,2847108528,2847109654,15966,1126
5403.016329,2847116488,2847117615,15821,1127
5403.027890,2847124380,2847125501,15944,1121
5403.038416,2847132254,2847133376,15964,1122
5403.048332,2847140127,2847141252,15840,1125
5403.059450,2847148010,2847149133,15943,1123
5403.068330,2847155894,2847157017,15966,1123
5403.080331,2847163812,2847164935,15831,1123
5403.091010,2847171694,2847172828,15948,1134
5403.100327,2847179619,2847180746,15943,1127
5403.112047,2847186073,2847187197,15746,1124
5403.122571,2847194041,2847195168,15939,1127
5403.132330,2847201922,2847203044,15966,1122
5403.143615,2847209799,2847210923,15917,1124
5403.152331,2847217690,2847218813,15939,1123
5403.164333,2847225598,2847226722,15960,1124
5403.175170,2847233482,2847234616,15862,1134
5403.184330,2847241424,2847242547,15946,1123
5403.196213,2847249336,2847250457,15967,1121
5403.206729,2847257231,2847258355,15829,1124
5403.216330,2847265160,2847266284,15947,1124
5403.227775,2847273062,2847274182,15955,1120
5403.236332,2847280947,2847282070,15839,1123
5403.248337,2847288878,2847290004,15955,1126
5403.259335,2847296768,2847297893,15965,1125
5403.268331,2847304736,2847305866,15864,1130
5403.280335,2847312627,2847313750,15945,1123
5403.290898,2847320516,2847321641,16013,1125
5403.300332,2847328400,2847329526,15908,1126
5403.311930,2847336288,2847337408,16013,1120
5403.323950,2847345304,2847346429,15810,1125
5403.334474,2847353192,2847354316,15941,1124
5403.344331,2847361070,2847362195,15953,1125
5403.355513,2847368995,2847370118,15838,1123
5403.364330,2847376871,2847377998,15944,1127
5403.376333,2847384771,2847385897,15967,1126
5403.387074,2847392652,2847393782,15864,1130
5403.396328,2847400585,2847401710,15967,1125
5403.408117,2847408497,2847409623,15963,1126
5403.418631,2847416443,2847417570,15846,1127
5403.428330,2847424222,2847425354,15915,1132
5403.439678,2847432127,2847433254,15958,1127
5403.448333,2847440038,2847441164,15840,1126
5403.460328,2847447922,2847449045,15943,1123
5403.471238,2847455801,2847456926,15961,1125
5403.480329,2847463693,2847464816,15839,1123
5403.492271,2847471570,2847472696,15860,1126
5403.502798,2847479460,2847480593,16048,1133
5403.512336,2847487408,2847488535,15916,1127
5403.523835,2847496142,2847497275,15952,1133
5403.534360,2847505441,2847506575,15952,1134
5403.546380,2847515168,2847516297,15960,1129
5403.556333,2847523216,2847524346,15964,1130
5403.567414,2847531156,2847532284,15914,1128
5403.576331,2847539078,2847540208,15944,1130
5403.588331,2847547025,2847548151,16036,1126
5403.598974,2847554940,2847556073,15838,1133
5403.608330,2847562908,2847564039,15944,1131
5403.620020,2847570822,2847571949,15963,1127
5403.630534,2847578706,2847579828,15824,1122
5403.640328,2847586611,2847587738,15843,1127
5403.651585,2847594600,2847595727,15985,1127
5403.660329,2847602529,2847603656,15838,1127
5403.672329,2847610476,2847611601,15942,1125
5403.683143,2847618405,2847619530,16013,1125
5403.692328,2847626411,2847627545,15850,1134
5403.704175,2847634405,2847635535,15889,1130
5403.714702,2847642314,2847643445,15952,1131
5403.724330,2847650227,2847651353,15837,1126
5403.735738,2847658120,2847659246,15947,1126
5403.744330,2847666014,2847667140,15950,1126
5403.756329,2847673940,2847675066,15817,1126
5403.767297,2847681818,2847682945,15948,1127
5403.776330,2847689708,2847690837,15963,1129
5403.788329,2847697610,2847698741,15914,1131
5403.798854,2847705561,2847706695,15892,1134
5403.808334,2847713485,2847714610,15962,1125
5403.819893,2847721394,2847722521,15836,1127
5403.830417,2847729329,2847730455,15943,1126
5403.840330,2847737217,2847738343,15967,1126
5403.851455,2847745108,2847746230,15834,1122
5403.860328,2847753006,2847754131,15944,1125
5403.872333,2847760947,2847762077,15967,1130
5403.883014,2847768836,2847769959,15832,1123
5403.892327,2847776721,2847777843,15968,1122
5403.904062,2847784644,2847785768,15968,1124
5403.914574,2847792606,2847793737,15839,1131
5403.924328,2847800432,2847801558,15945,1126
5403.935621,2847808442,2847809576,16022,1134
5403.944332,2847816325,2847817453,15837,1128
5403.956327,2847824210,2847825338,15939,1128
5403.967181,2847832131,2847833256,15954,1125
5403.976330,2847840084,2847841210,15829,1126
5403.988215,2847848031,2847849158,15843,1127
5403.998743,2847855976,2847857110,15967,1134
5404.008334,2847864465,2847865595,15836,1130
5404.019776,2847873049,2847874179,15945,1130
5404.030302,2847881630,2847882760,15960,1130
5404.042322,2847891538,2847892669,15958,1131
5404.052331,2847900102,2847901235,15959,1133
5404.063357,2847908686,2847909819,15838,1133
5404.072329,2847917717,2847918850,15938,1133
5404.084334,2847925642,2847926772,15963,1130
5404.094917,2847933587,2847934718,15839,1131
5404.104328,2847941544,2847942673,15944,1129
5404.115964,2847949462,2847950595,15966,1133
5404.126478,2847957421,2847958551,15839,1130
5404.136328,2847965353,2847966488,15850,1135
5404.147524,2847973302,2847974425,15966,1123
5404.156334,2847981255,2847982378,15818,1123
5404.168332,2847989244,2847990374,15946,1130
5404.179085,2847997222,2847998353,15984,1131
5404.188329,2848005292,2848006423,15852,1131
5404.200119,2848013219,2848014350,15945,1131
5404.210645,2848021162,2848022289,15965,1127
5404.220329,2848029115,2848030241,15817,1126
5404.231679,2848037073,2848038199,15944,1126
5404.240332,2848045017,2848046144,15972,1127
5404.252327,2848052911,2848054041,15860,1130
5404.263240,2848060909,2848062040,15942,1131
5404.272334,2848068883,2848070013,15960,1130
5404.284284,2848076783,2848077914,15917,1131
5404.294800,2848084737,2848085868,15943,1131
5404.304327,2848092770,2848093901,15964,1131
5404.315837,2848100668,2848101798,15836,1130
5404.326360,2848108636,2848109767,15947,1131
5404.336334,2848116560,2848117690,15961,1130
5404.347401,2848124494,2848125628,15880,1134
5404.356328,2848132430,2848133561,15914,1131
5404.368327,2848140341,2848141472,15947,1131
5404.378960,2848148295,2848149426,15879,1131
5404.388328,2848156222,2848157356,15968,1134
5404.400003,2848164189,2848165314,16038,1125
5404.410518,2848172158,2848173284,15854,1126
5404.420328,2848180083,2848181217,15916,1134
5404.431563,2848188013,2848189144,15954,1131
5404.440328,2848195945,2848197075,15847,1130
5404.452332,2848203847,2848204981,15921,1134
5404.463123,2848211816,2848212946,15948,1130
5404.472328,2848219748,2848220872,15855,1124
5404.484157,2848227676,2848228806,15854,1130
5404.494684,2848235589,2848236716,15954,1127
5404.504331,2848243539,2848244670,15851,1131
5404.515720,2848251467,2848252601,15937,1134
5404.524327,2848259397,2848260527,15952,1130
5404.536328,2848267367,2848268497,15856,1130
5404.547278,2848275310,2848276444,15935,1134
5404.556332,2848283260,2848284391,15949,1131
5404.568316,2848291201,2848292328,15933,1127
5404.578840,2848299130,2848300261,15942,1131
5404.588328,2848307038,2848308168,16015,1130
5404.599876,2848314995,2848316117,15860,1122
5404.610401,2848322880,2848324010,15950,1130
5404.620328,2848330835,2848331965,15961,1130
5404.631444,2848338764,2848339895,15996,1131
5404.640333,2848346701,2848347832,15950,1131
5404.652329,2848354675,2848355806,16029,1131
5404.662997,2848362673,2848363804,15855,1131
5404.672330,2848370668,2848371802,16025,1134
5404.684041,2848378665,2848379796,15953,1131
5404.694557,2848386609,2848387737,15850,1128
5404.704330,2848394588,2848395719,15946,1131
5404.715604,2848402491,2848403623,15976,1132
5404.724327,2848410465,2848411595,15853,1130
5404.736329,2848418387,2848419518,15963,1131
5404.747163,2848426309,2848427443,15944,1134
5404.756332,2848434257,2848435380,15847,1123
5404.768199,2848442167,2848443297,15945,1130
5404.778726,2848450108,2848451234,15969,1126
5404.788331,2848458018,2848459148,15860,1130
5404.799759,2848465908,2848467031,16025,1123
5404.808327,2848473843,2848474972,15957,1129
5404.820327,2848481747,2848482879,15964,1132
5404.831318,2848489739,2848490872,15861,1133
5404.840330,2848497716,2848498849,16037,1133
5404.852334,2848505669,2848506803,15857,1134
5404.862881,2848513646,2848514776,16014,1130
5404.872328,2848521597,2848522730,15963,1133
5404.883919,2848529560,2848530683,15945,1123
5404.894441,2848537511,2848538643,16026,1132
5404.904331,2848545509,2848546639,16036,1130
5404.915477,2848553435,2848554561,15852,1126
5404.924328,2848561379,2848562511,16030,1132
5404.936326,2848569428,2848570559,15945,1131
5404.947037,2848577399,2848578533,15938,1134
5404.956329,2848585390,2848586520,15946,1130
5404.968083,2848593407,2848594538,15952,1131
5404.978604,2848601828,2848602959,15651,1131
5404.988331,2848609991,2848611125,15941,1134
5404.999643,2848617999,2848619129,15954,1130
5405.008328,2848625963,2848627096,15853,1133
5405.020333,2848633910,2848635044,15953,1134
5405.031202,2848641858,2848642988,16028,1130
5405.040328,2848649841,2848650971,15858,1130
5405.052239,2848657759,2848658894,16014,1135
5405.062764,2848665740,2848666871,15958,1131
5405.072331,2848673740,2848674870,15939,1130
5405.083801,2848681738,2848682869,15968,1131
5405.092334,2848689666,2848690793,16022,1127
5405.104331,2848697621,2848698751,15856,1130
5405.115360,2848705513,2848706639,15953,1126
5405.124329,2848713436,2848714569,16034,1133
5405.136337,2848721355,2848722487,15856,1132
5405.146920,2848729274,2848730407,16026,1133
5405.156328,2848737208,2848738339,15977,1131
5405.167959,2848745130,2848746260,15877,1130
5405.178479,2848753046,2848754180,15856,1134
5405.188332,2848760974,2848762105,15952,1131
5405.199518,2848768903,2848770035,15848,1132
5405.208330,2848776851,2848777981,15943,1130
5405.220331,2848784756,2848785886,15977,1130
5405.231077,2848792724,2848793856,15866,1132
5405.240332,2848800631,2848801765,15952,1134
5405.252123,2848808542,2848809672,15957,1130
5405.262639,2848816516,2848817647,15856,1131
5405.272332,2848824463,2848825598,15942,1135
5405.283683,2848832417,2848833550,15936,1133
5405.292329,2848840371,2848841500,15899,1129
5405.304330,2848848343,2848849473,15942,1130
5405.315244,2848856316,2848857447,15948,1131
5405.324328,2848864338,2848865468,15907,1130
5405.336280,2848872284,2848873415,15943,1131
5405.346804,2848880259,2848881395,15955,1136
5405.356329,2848888223,2848889355,15851,1132
5405.367841,2848896154,2848897289,15937,1135
5405.378363,2848904093,2848905223,15946,1130
5405.388327,2848912072,2848913203,15853,1131
5405.399400,2848920041,2848921173,15946,1132
5405.408335,2848927975,2848929107,15951,1132
5405.420329,2848935899,2848937030,15856,1131
5405.430962,2848943851,2848944982,15963,1131
5405.440327,2848951796,2848952926,15955,1130
5405.451999,2848959773,2848960903,15863,1130
5405.462522,2848967697,2848968829,15948,1132
5405.472329,2848975681,2848976812,15941,1131
5405.483558,2848983668,2848984802,15869,1134
5405.492331,2848991610,2848992739,15940,1129
5405.504331,2848999566,2849000696,15955,1130
5405.515117,2849007534,2849008665,15847,1131
5405.524329,2849015491,2849016622,15858,1131
5405.536163,2849023446,2849024580,15950,1134
5405.546678,2849031455,2849032585,15853,1130
5405.556327,2849039381,2849040513,15947,1132
5405.567726,2849047402,2849048533,16005,1131
5405.576334,2849055908,2849057045,15873,1137
5405.588331,2849064455,2849065587,15949,1132
5405.599284,2849073024,2849074155,16029,1131
5405.608332,2849081769,2849082898,15860,1129
5405.620319,2849090348,2849091479,16026,1131
5405.630846,2849098930,2849100065,15951,1135
5405.640331,2849107946,2849109076,15854,1130
5405.651879,2849115952,2849117083,15945,1131
5405.662405,2849123904,2849125036,15955,1132
5405.672331,2849131892,2849133022,15918,1130
5405.683440,2849139835,2849140966,15948,1131
5405.692335,2849147813,2849148940,15950,1127
5405.704328,2849155770,2849156900,15853,1130
5405.715001,2849163700,2849164832,15945,1132
5405.724327,2849171697,2849172832,15952,1135
5405.736037,2849179653,2849180788,15853,1135
5405.746561,2849187632,2849188765,15944,1133
5405.756333,2849195592,2849196725,15957,1133
5405.767598,2849203536,2849204666,15853,1130
5405.776331,2849211478,2849212610,15957,1132
5405.788329,2849219415,2849220546,15943,1131
5405.799158,2849227392,2849228521,15851,1129
5405.808334,2849235357,2849236481,15943,1124
5405.820203,2849243276,2849244410,15954,1134
5405.830718,2849251281,2849252415,15849,1134
5405.840329,2849259205,2849260334,15947,1129
5405.851763,2849267126,2849268257,15951,1131
5405.860327,2849275097,2849276228,15850,1131
5405.872330,2849283028,2849284159,15877,1131
5405.883324,2849290950,2849292084,15932,1134
5405.892328,2849298934,2849300061,15851,1127
5405.904328,2849306872,2849308001,15941,1129
5405.914884,2849314837,2849315969,15953,1132
5405.924329,2849322834,2849323965,15860,1131
5405.935920,2849330790,2849331921,15950,1131
5405.946445,2849338772,2849339902,15951,1130
5405.956328,2849346720,2849347852,15852,1132
5405.967481,2849354670,2849355803,15947,1133
5405.976329,2849362626,2849363758,16024,1132
5405.988336,2849370631,2849371761,15841,1130
5405.999040,2849378578,2849379713,15944,1135
5406.008330,2849386562,2849387692,15968,1130
5406.020085,2849394557,2849395692,15923,1135
5406.030601,2849402538,2849403670,16028,1132
5406.040329,2849410553,2849411684,15959,1131
5406.051638,2849418538,2849419670,15918,1132
5406.060327,2849426490,2849427625,16028,1135
5406.072330,2849434498,2849435632,16050,1134
5406.083199,2849442500,2849443631,15845,1131
5406.092327,2849450454,2849451583,16028,1129
5406.104245,2849458450,2849459580,15968,1130
5406.114758,2849466443,2849467577,15923,1134
5406.124328,2849474364,2849475495,15959,1131
5406.135805,2849482342,2849483473,16049,1131
5406.144330,2849490264,2849491395,15918,1131
5406.156328,2849498191,2849499322,16023,1131
5406.167365,2849506140,2849507270,16035,1130
5406.176329,2849514093,2849515226,15915,1133
5406.188333,2849522078,2849523210,15943,1132
5406.198928,2849530004,2849531135,15959,1131
5406.208330,2849537957,2849539087,15838,1130
5406.219959,2849545916,2849547046,15848,1130
5406.230486,2849553886,2849555017,15958,1131
5406.240328,2849561829,2849562961,15835,1132
5406.251521,2849569776,2849570907,15946,1131
5406.260327,2849577747,2849578878,15970,1131
5406.272334,2849585697,2849586827,15850,1130
5406.283081,2849593641,2849594775,15938,1134
5406.292330,2849601641,2849602775,15972,1134
5406.304118,2849609629,2849610761,15833,1132
5406.314641,2849617573,2849618705,15942,1132
5406.324328,2849625551,2849626686,15949,1135
5406.335680,2849633532,2849634664,15834,1132
5406.344327,2849641537,2849642672,15938,1135
5406.356332,2849649546,2849650680,15955,1134
5406.367245,2849657472,2849658607,15914,1135
5406.376330,2849665427,2849666558,15941,1131
5406.388286,2849673499,2849674629,15950,1130
5406.398798,2849681440,2849682570,15837,1130
5406.408327,2849689374,2849690503,15932,1129
5406.419844,2849697298,2849698432,15958,1134
5406.430366,2849705223,2849706354,15895,1131
5406.440334,2849713175,2849714311,15836,1136
5406.451405,2849721131,2849722262,15996,1131
5406.460333,2849729054,2849730188,15924,1134
5406.472328,2849737030,2849738161,15843,1131
5406.482964,2849744954,2849746086,15983,1132
5406.492327,2849752903,2849754037,16002,1134
5406.504001,2849760910,2849762041,16029,1131
5406.514525,2849768842,2849769973,15958,1131
5406.524331,2849776849,2849777983,15850,1134
5406.535561,2849784781,2849785915,15943,1134
5406.544331,2849792708,2849793841,15968,1133
5406.556335,2849800662,2849801793,15841,1131
5406.567120,2849808616,2849809750,15850,1134
5406.576331,2849816592,2849817725,15970,1133
5406.588158,2849826197,2849827338,15823,1141
5406.598684,2849834565,2849835701,15937,1136
5406.608329,2849842537,2849843669,15971,1132
5406.619718,2849850523,2849851659,15847,1136
5406.628333,2849858531,2849859665,15963,1134
5406.640330,2849866531,2849867662,15966,1131
5406.651278,2849874503,2849875637,15852,1134
5406.660329,2849882506,2849883640,15945,1134
5406.672325,2849890466,2849891600,15970,1134
5406.682839,2849898412,2849899547,15839,1135
5406.692331,2849906370,2849907500,15944,1130
5406.703886,2849914327,2849915463,15976,1136
5406.714407,2849922265,2849923399,15912,1134
5406.724332,2849930248,2849931383,15950,1135
5406.735446,2849938236,2849939365,15963,1129
5406.744331,2849946251,2849947386,15836,1135
5406.756330,2849954245,2849955378,15937,1133
5406.767006,2849962200,2849963332,15973,1132
5406.776333,2849970152,2849971284,15833,1132
5406.788041,2849978101,2849979233,15947,1132
5406.798567,2849986143,2849987279,15939,1136
5406.808332,2849994148,2849995282,15835,1134
5406.819603,2850002131,2850003263,15962,1132
5406.828332,2850010087,2850011217,15970,1130
5406.840332,2850018069,2850019200,15828,1131
5406.851161,2850026070,2850027201,15942,1131
5406.860327,2850034090,2850035222,15965,1132
5406.872199,2850042020,2850043154,15832,1134
5406.882721,2850049948,2850051080,15944,1132
5406.892333,2850057873,2850059008,15962,1135
5406.903758,2850065824,2850066953,15827,1129
5406.912331,2850073744,2850074876,15852,1132
5406.924329,2850081675,2850082808,15953,1133
5406.935318,2850089625,2850090760,15845,1135
5406.944330,2850097577,2850098708,15961,1131
5406.956332,2850105513,2850106646,15968,1133
5406.966880,2850113467,2850114602,15847,1135
5406.976331,2850121398,2850122534,15948,1136
5406.987928,2850129380,2850130511,15963,1131
5406.998441,2850137320,2850138452,15828,1132
5407.008331,2850145282,2850146411,15948,1129
5407.019486,2850153211,2850154341,15958,1130
5407.028327,2850161134,2850162266,15830,1132
5407.040328,2850169086,2850170217,15945,1131
5407.051047,2850177064,2850178195,15970,1131
5407.060327,2850185058,2850186192,15905,1134
5407.072080,2850193027,2850194158,15929,1131
5407.082606,2850200981,2850202113,15955,1132
5407.092328,2850209011,2850210145,15831,1134
5407.103641,2850216942,2850218076,15947,1134
5407.112328,2850224899,2850226030,15971,1131
5407.124333,2850232820,2850233952,15833,1132
5407.135202,2850240751,2850241881,15942,1130
5407.144330,2850249196,2850250330,15966,1134
5407.156240,2850257845,2850258976,15854,1131
5407.166763,2850266386,2850267521,15943,1135
5407.176331,2850275091,2850276227,15960,1136
5407.187800,2850283852,2850284987,15839,1135
5407.198324,2850292453,2850293589,15912,1136
5407.208333,2850301274,2850302406,15969,1132
5407.219359,2850309335,2850310465,15850,1130
5407.228330,2850317337,2850318469,15967,1132
5407.240333,2850325342,2850326474,15971,1132
5407.250919,2850333343,2850334474,15833,1131
5407.260330,2850341357,2850342489,15851,1132
5407.271966,2850349311,2850350446,15950,1135
5407.282480,2850357244,2850358378,15828,1134
5407.292327,2850365199,2850366331,15948,1132
5407.303526,2850373169,2850374303,15969,1134
5407.312334,2850381180,2850382312,15848,1132
5407.324327,2850389192,2850390328,15948,1136
5407.335087,2850397152,2850398287,15971,1135
5407.344328,2850405136,2850406272,15836,1136
5407.356121,2850413117,2850414252,15946,1135
5407.366647,2850421155,2850422287,15958,1132
5407.376331,2850429132,2850430263,15825,1131
5407.387682,2850437138,2850438274,15942,1136
5407.396330,2850445098,2850446231,15953,1133
5407.408333,2850453089,2850454219,15908,1130
5407.419242,2850461073,2850462205,15935,1132
5407.428335,2850469025,2850470160,15967,1135
5407.440278,2850476980,2850478115,15824,1135
5407.450802,2850484987,2850486118,15950,1131
5407.460332,2850492918,2850494048,15990,1130
5407.471838,2850500918,2850502051,15846,1133
5407.482364,2850508902,2850510033,15966,1131
5407.492330,2850516851,2850517985,15947,1134
5407.503398,2850524834,2850525966,15851,1132
5407.512330,2850532808,2850533943,15949,1135
5407.524333,2850540815,2850541948,15953,1133
5407.534958,2850548831,2850549962,15846,1131
5407.544329,2850556834,2850557964,15950,1130
5407.556008,2850564788,2850565920,15967,1132
5407.566520,2850572742,2850573874,15832,1132
5407.576328,2850580705,2850581836,15944,1131
5407.587566,2850588701,2850589835,15974,1134
5407.596335,2850596681,2850597816,15837,1135
5407.608330,2850604647,2850605776,15852,1129
5407.619124,2850612579,2850613715,15947,1136
5407.628331,2850620585,2850621719,15863,1134
5407.640161,2850628569,2850629699,15943,1130
5407.650684,2850636571,2850637703,15942,1132
5407.660331,2850644549,2850645682,15847,1133
5407.671721,2850652502,2850653633,15941,1131
5407.680327,2850660452,2850661584,15944,1132
5407.692336,2850668451,2850669583,15844,1132
5407.703281,2850676372,2850677503,15930,1131
5407.712328,2850684401,2850685536,15929,1135
5407.724318,2850692377,2850693509,15848,1132
5407.734843,2850700329,2850701463,15931,1134
5407.744330,2850708316,2850709447,15957,1131
5407.755884,2850716290,2850717422,15911,1132
5407.766405,2850724219,2850725354,15960,1135
5407.776332,2850732198,2850733330,15941,1132
5407.787440,2850740201,2850741332,15847,1131
5407.796328,2850748173,2850749304,15945,1131
5407.808332,2850756124,2850757254,15957,1130
5407.819000,2850764065,2850765201,15863,1136
5407.828331,2850772000,2850773135,15945,1135
5407.840045,2850779988,2850781124,15956,1136
5407.850559,2850788005,2850789138,15844,1133
5407.860327,2850796001,2850797132,15948,1131
5407.871605,2850804033,2850805165,15957,1132
5407.880331,2850812036,2850813168,15863,1132
5407.892328,2850819987,2850821119,15965,1132
5407.903166,2850827990,2850829122,15955,1132
5407.912334,2850835991,2850837126,15864,1135
5407.924203,2850843925,2850845055,15940,1130
5407.934726,2850851921,2850853057,15957,1136
5407.944333,2850859888,2850861022,15848,1134
5407.955762,2850867921,2850869053,15866,1132
5407.964328,2850875930,2850877064,15934,1134
5407.976328,2850883898,2850885030,15853,1132
5407.987322,2850891883,2850893015,15938,1132
5407.996328,2850899878,2850901009,15938,1131
5408.008330,2850907834,2850908965,15863,1131
5408.018886,2850915780,2850916912,15965,1132
5408.028330,2850923721,2850924853,15955,1132
5408.039918,2850931649,2850932778,15864,1129
5408.050445,2850939623,2850940755,15963,1132
5408.060327,2850947546,2850948677,15953,1131
5408.071479,2850955523,2850956658,15851,1135
5408.080328,2850963506,2850964638,15930,1132
5408.092328,2850971478,2850972610,15953,1132
5408.103044,2850979463,2850980598,15907,1135
5408.112332,2850987512,2850988646,15938,1134
5408.124085,2850995535,2850996669,15934,1134
5408.134600,2851003521,2851004653,15863,1132
5408.144328,2851011482,2851012617,15936,1135
5408.155646,2851019435,2851020566,15981,1131
5408.164331,2851027388,2851028519,15846,1131
5408.176327,2851035361,2851036493,15950,1132
5408.187206,2851043338,2851044470,15952,1132
5408.196329,2851051376,2851052508,15866,1132
5408.208241,2851059387,2851060514,15941,1127
5408.218767,2851067401,2851068546,15990,1145
5408.228329,2851075423,2851076558,15849,1135
5408.239801,2851083364,2851084495,15946,1131
5408.248327,2851091328,2851092460,15958,1132
5408.260328,2851099305,2851100437,15850,1132
5408.271362,2851107332,2851108466,15930,1134
5408.280331,2851115313,2851116445,15964,1132
5408.292328,2851123289,2851124424,15849,1135
5408.302921,2851131287,2851132423,15870,1136
5408.312327,2851139248,2851140380,15954,1132
5408.323959,2851147182,2851148315,15852,1133
5408.334482,2851155164,2851156296,15936,1132
5408.344332,2851163124,2851164257,15947,1133
5408.355519,2851171082,2851172217,15841,1135
5408.364328,2851179012,2851180144,15946,1132
5408.376332,2851186934,2851188069,15955,1135
5408.387080,2851194865,2851196001,15853,1136
5408.396329,2851202921,2851204053,15942,1132
5408.408125,2851210851,2851211980,15984,1129
5408.418641,2851218801,2851219936,15850,1135
5408.428334,2851226771,2851227908,15964,1137
5408.439688,2851234731,2851235864,15969,1133
5408.448327,2851242714,2851243845,15905,1131
5408.460333,2851250637,2851251767,15943,1130
5408.471247,2851258568,2851259703,15971,1135
5408.480328,2851266541,2851267673,15833,1132
5408.492282,2851274492,2851275623,15946,1131
5408.502807,2851282469,2851283603,15986,1134
5408.512329,2851290401,2851291536,15832,1135
5408.523843,2851298388,2851299523,15948,1135
5408.534369,2851306401,2851307533,15962,1132
5408.544329,2851314401,2851315537,15833,1136
5408.555400,2851322389,2851323522,15857,1133
5408.564333,2851330321,2851331452,15987,1131
5408.576329,2851338255,2851339387,15908,1132
5408.586960,2851346234,2851347366,15833,1132
5408.596328,2851354265,2851355397,15996,1132
5408.608006,2851362221,2851363350,15918,1129
5408.618524,2851370166,2851371297,15964,1131
5408.628328,2851378250,2851379386,15995,1136
5408.639559,2851386287,2851387419,15834,1132
5408.648329,2851394302,2851395439,15847,1137
5408.660328,2851402236,2851403367,15970,1131
5408.671120,2851410246,2851411377,15833,1131
5408.680334,2851418275,2851419407,15949,1132
5408.692166,2851426232,2851427364,15966,1132
5408.702681,2851434240,2851435372,15833,1132
5408.714713,2851443778,2851444915,15962,1137
5408.726729,2851453403,2851454537,15910,1134
5408.736331,2851462072,2851463205,15967,1133
5408.747772,2851470740,2851471875,15912,1135
5408.758291,2851479602,2851480738,15935,1136
5408.770309,2851489829,2851490964,15784,1135
5408.780334,2851499100,2851500236,15951,1136
5408.791356,2851507326,2851508460,15962,1134
5408.800332,2851515339,2851516472,15847,1133
5408.812331,2851523328,2851524460,15945,1132
5408.822916,2851531368,2851532498,15967,1130
5408.832329,2851539333,2851540466,15825,1133
5408.843952,2851547313,2851548447,15946,1134
5408.854476,2851555373,2851556506,15949,1133
5408.864329,2851563332,2851564468,15823,1136
5408.875513,2851571296,2851572429,15944,1133
5408.884332,2851579255,2851580390,15959,1135
5408.896330,2851587188,2851588319,15910,1131
5408.907072,2851595169,2851596298,15944,1129
5408.916333,2851603239,2851604371,15972,1132
5408.928110,2851611168,2851612300,15818,1132
5408.938632,2851619174,2851620310,15947,1136
5408.948332,2851627181,2851628313,15956,1132
5408.959668,2851635118,2851636250,15835,1132
5408.968327,2851643099,2851644231,15946,1132
5408.980333,2851651066,2851652198,15968,1132
5408.991229,2851659018,2851660147,15837,1129
5409.000328,2851666973,2851668109,15945,1136
5409.012275,2851674961,2851676093,15967,1132
5409.022789,2851682947,2851684079,15833,1132
5409.032330,2851690970,2851692102,15942,1132
5409.043836,2851698962,2851700097,16036,1135
5409.054349,2851706945,2851708082,15911,1137
5409.064327,2851714985,2851716117,16154,1132
5409.075394,2851722970,2851724107,16033,1137
5409.084328,2851731004,2851732135,15830,1131
5409.096330,2851739040,2851740173,15851,1133
5409.106956,2851747002,2851748131,15968,1129
5409.116329,2851755034,2851756166,15841,1132
5409.127991,2851763035,2851764169,15946,1134
5409.138517,2851771046,2851772177,15970,1131
5409.148336,2851779078,2851780211,15825,1133
5409.159553,2851787090,2851788222,15937,1132
5409.168331,2851795072,2851796206,15964,1134
5409.180331,2851803027,2851804162,15825,1135
5409.191112,2851811057,2851812188,15932,1131
5409.200330,2851819167,2851820302,15950,1135
5409.212148,2851827102,2851828236,15835,1134
5409.222672,2851835131,2851836264,15937,1133
5409.232327,2851843162,2851844293,15971,1131
5409.243715,2851851146,2851852279,15909,1133
5409.252331,2851859130,2851860264,15945,1134
5409.264333,2851867108,2851868240,15967,1132
5409.275268,2851875118,2851876255,15831,1137
5409.284332,2851883105,2851884241,15935,1136
5409.296314,2851891087,2851892220,15965,1133
5409.306829,2851899070,2851900205,15824,1135
5409.316329,2851907027,2851908159,15948,1132
5409.327901,2851914994,2851916129,16215,1135
5409.338390,2851922935,2851924067,15840,1132
5409.348327,2851930925,2851932055,15932,1130
5409.359437,2851938875,2851940010,15977,1135
5409.368335,2851946858,2851947991,15875,1133
5409.380327,2851954919,2851956052,15921,1133
5409.390995,2851963507,2851964640,15945,1133
5409.400329,2851971547,2851972683,15839,1136
5409.412031,2851979539,2851980673,15946,1134
5409.422557,2851987524,2851988659,15958,1135
5409.432330,2851995532,2851996665,15839,1133
5409.443586,2852003668,2852004802,15808,1134
5409.452330,2852011678,2852012811,15968,1133
5409.464328,2852019663,2852020796,15831,1133
5409.475152,2852027659,2852028796,15945,1137
5409.484328,2852035676,2852036808,15958,1132
5409.496187,2852043631,2852044763,15850,1132
5409.506712,2852051643,2852052777,15947,1134
5409.516327,2852059626,2852060757,15958,1131
5409.527749,2852067586,2852068717,15838,1131
5409.536329,2852075511,2852076643,15945,1132
5409.548333,2852083435,2852084567,15951,1132
5409.559309,2852091392,2852092527,15836,1135
5409.568328,2852099421,2852100558,15948,1137
5409.580328,2852107403,2852108535,15966,1132
5409.590876,2852115334,2852116465,15907,1131
5409.600327,2852123335,2852124465,15936,1130
5409.611918,2852131316,2852132451,15969,1135
5409.622431,2852139280,2852140415,15838,1135
5409.632329,2852147270,2852148401,15943,1131
5409.643475,2852155273,2852156408,15970,1135
5409.652331,2852163331,2852164463,15832,1132
5409.664327,2852171287,2852172420,15941,1133
5409.675037,2852179212,2852180345,15971,1133
5409.684332,2852187315,2852188447,15834,1132
5409.696071,2852195314,2852196446,15946,1132
5409.706597,2852203344,2852204475,15968,1131
5409.716327,2852211286,2852212422,15833,1136
5409.727631,2852219242,2852220374,15950,1132
5409.736327,2852227193,2852228329,15957,1136
5409.748329,2852235198,2852236329,15836,1131
5409.759192,2852243123,2852244255,15948,1132
5409.768331,2852251077,2852252212,15968,1135
5409.780228,2852259046,2852260182,15824,1136
5409.790750,2852266980,2852268111,15852,1131
5409.800330,2852274983,2852276115,15971,1132
5409.811790,2852282944,2852284077,15825,1133
5409.820331,2852290956,2852292088,15946,1132
5409.832334,2852298936,2852300070,15958,1134
5409.843351,2852307110,2852308242,15845,1132
5409.852334,2852315103,2852316234,15938,1131
5409.864333,2852323036,2852324167,15958,1131
5409.874909,2852331044,2852332180,15834,1136
5409.884334,2852339025,2852340156,15946,1131
5409.895957,2852346932,2852348065,16088,1133
5409.906470,2852354922,2852356050,15915,1128
5409.916329,2852362882,2852364015,16029,1133
5409.927518,2852370845,2852371976,15992,1131
5409.936333,2852378783,2852379917,15994,1134
5409.948330,2852386735,2852387870,15948,1135
5409.959077,2852394734,2852395865,16054,1131
5409.968331,2852402795,2852403927,15841,1132
5409.980111,2852410799,2852411930,16026,1131
5409.990638,2852418784,2852419916,15967,1132
5410.000330,2852426757,2852427889,15929,1132
5410.011672,2852434727,2852435863,15947,1136
5410.020331,2852442758,2852443890,16051,1132
5410.032327,2852450704,2852451836,15838,1132
5410.043233,2852458632,2852459764,16049,1132
5410.052331,2852466623,2852467754,15982,1131
5410.064270,2852474586,2852475719,15828,1133
5410.074792,2852482536,2852483670,15944,1134
5410.084329,2852490516,2852491648,16053,1132
5410.095831,2852498493,2852499629,15827,1136
5410.106353,2852506532,2852507666,15953,1134
5410.116327,2852514549,2852515681,15976,1132
5410.127389,2852522532,2852523664,15906,1132
5410.136332,2852530591,2852531724,15855,1133
5410.148328,2852538653,2852539785,16053,1132
5410.158949,2852546657,2852547789,15840,1132
5410.168333,2852554657,2852555790,16024,1133
5410.179996,2852562647,2852563783,15992,1136
5410.190510,2852570619,2852571755,15931,1136
5410.200329,2852578606,2852579739,15944,1133
5410.211556,2852586517,2852587649,16073,1132
5410.220335,2852594466,2852595601,15839,1135
5410.232331,2852602396,2852603526,16017,1130
5410.243117,2852610363,2852611495,16007,1132
5410.252330,2852618409,2852619540,15917,1131
5410.264153,2852626501,2852627637,15945,1136
5410.274677,2852634448,2852635585,16071,1137
5410.284330,2852642414,2852643549,15914,1135
5410.298716,2852653644,2852654776,15856,1132
5410.310746,2852663351,2852664486,15967,1135
5410.320332,2852671893,2852673030,15911,1137
5410.331779,2852680822,2852681958,15946,1136
5410.342307,2852689580,2852690716,16080,1136
5410.352332,2852698461,2852699596,15843,1135
5410.363341,2852707528,2852708665,16009,1137
5410.372329,2852715561,2852716697,15989,1136
5410.384329,2852723609,2852724745,15906,1136
5410.394903,2852731635,2852732772,15949,1137
5410.404331,2852739605,2852740736,15989,1131
5410.415939,2852747633,2852748766,15913,1133
5410.426462,2852755574,2852756710,15955,1136
5410.436329,2852763611,2852764744,16053,1133
5410.447499,2852771637,2852772772,15841,1135
5410.456332,2852779594,2852780726,15936,1132
5410.468332,2852787577,2852788709,15982,1132
5410.479058,2852795562,2852796697,15832,1135
5410.488335,2852803597,2852804727,15963,1130
5410.500105,2852811564,2852812696,15989,1132
5410.510619,2852819500,2852820630,15837,1130
5410.520328,2852827482,2852828617,15948,1135
5410.531665,2852835454,2852836587,15988,1133
5410.540330,2852843412,2852844544,15832,1132
5410.552333,2852851444,2852852577,15944,1133
5410.563226,2852859430,2852860562,15988,1132
5410.572331,2852867478,2852868615,15879,1137
5410.584258,2852875490,2852876625,15850,1135
5410.594786,2852883477,2852884610,15969,1133
5410.604332,2852891494,2852892627,15832,1133
5410.615820,2852899439,2852900572,15950,1133
5410.626347,2852907492,2852908625,15983,1133
5410.636331,2852915553,2852916689,15847,1136
5410.647381,2852923515,2852924651,15942,1136
5410.656335,2852931496,2852932629,15971,1133
5410.668328,2852939521,2852940656,15930,1135
5410.678942,2852947547,2852948683,15936,1136
5410.688329,2852955590,2852956724,16030,1134
5410.699978,2852963615,2852964747,15829,1132
5410.710501,2852971593,2852972728,16033,1135
5410.720327,2852979580,2852980716,15981,1136
5410.731547,2852987568,2852988703,15995,1135
5410.740330,2852995572,2852996705,16023,1133
5410.752334,2853003490,2853004625,16054,1135
5410.763098,2853011456,2853012588,15827,1132
5410.772330,2853019556,2853020691,15950,1135
5410.784146,2853027544,2853028680,15977,1136
5410.794661,2853035588,2853036721,15922,1133
5410.804330,2853043622,2853044757,15936,1135
5410.815706,2853051610,2853052741,16055,1131
5410.824328,2853059608,2853060741,15916,1133
5410.836328,2853067642,2853068778,16027,1136
5410.847266,2853075669,2853076805,15993,1136
5410.856335,2853083710,2853084843,15840,1133
5410.868300,2853091736,2853092873,15948,1137
5410.878826,2853099749,2853100883,15972,1134
5410.888336,2853107719,2853108851,15845,1132
5410.899860,2853115673,2853116806,15952,1133
5410.910388,2853123668,2853124801,15960,1133
5410.920334,2853131601,2853132733,15833,1132
5410.931419,2853139599,2853140729,15849,1130
5410.940330,2853147635,2853148768,15967,1133
5410.952331,2853155621,2853156757,15862,1136
5410.962981,2853163584,2853164717,15948,1133
5410.972328,2853171529,2853172661,15974,1132
5410.984022,2853179516,2853180651,15876,1135
5410.994541,2853187556,2853188691,15943,1135
5411.004330,2853195521,2853196652,15977,1131
5411.015578,2853203552,2853204685,15826,1133
5411.024333,2853211513,2853212646,15959,1133
5411.036330,2853219516,2853220649,15949,1133
5411.047138,2853227498,2853228634,15821,1136
5411.056336,2853235484,2853236620,15948,1136
5411.068183,2853243458,2853244594,15913,1136
5411.078705,2853251511,2853252644,15910,1133
5411.088329,2853259497,2853260632,15962,1135
5411.099745,2853267470,2853268607,15984,1137
5411.108329,2853275427,2853276558,15821,1131
5411.120328,2853283381,2853284516,15950,1135
5411.131305,2853291324,2853292457,15973,1133
5411.140331,2853299390,2853300523,15845,1133
5411.152331,2853307429,2853308561,15949,1132
5411.162867,2853315446,2853316578,15988,1132
5411.172331,2853323449,2853324581,15848,1132
5411.183901,2853331483,2853332620,15942,1137
5411.194424,2853339483,2853340616,15923,1133
5411.204331,2853347550,2853348681,15862,1131
5411.215461,2853355497,2853356627,15945,1130
5411.224330,2853363441,2853364573,15983,1132
5411.236329,2853371420,2853372553,15840,1133
5411.247023,2853379404,2853380536,15939,1132
5411.256327,2853387364,2853388495,15974,1131
5411.268058,2853395370,2853396502,15846,1132
5411.280089,2853404488,2853405618,16000,1130
5411.290604,2853412501,2853413637,15835,1136
5411.300327,2853420571,2853421705,15950,1134
5411.311647,2853428515,2853429651,16060,1136
5411.320329,2853436455,2853437585,15838,1130
5411.332332,2853444441,2853445573,16025,1132
5411.343209,2853452429,2853453562,15969,1133
5411.352332,2853460420,2853461555,15918,1135
5411.364243,2853468433,2853469565,15950,1132
5411.374771,2853476449,2853477582,16066,1133
5411.384331,2853484457,2853485588,15836,1131
5411.395804,2853492432,2853493567,16027,1135
5411.404328,2853500392,2853501528,16069,1136
5411.416327,2853508368,2853509504,15945,1136
5411.427362,2853516357,2853517492,15853,1135
5411.436327,2853524348,2853525480,16092,1132
5411.448335,2853532360,2853533495,15835,1135
5411.458924,2853540392,2853541525,16030,1133
5411.468331,2853548362,2853549495,16059,1133
5411.479967,2853556304,2853557438,15923,1134
5411.490482,2853564303,2853565435,15865,1132
5411.500332,2853572336,2853573469,15985,1133
5411.511527,2853580318,2853581451,15916,1133
5411.520331,2853588257,2853589389,15926,1132
5411.532328,2853596259,2853597394,15986,1135
5411.543084,2853604239,2853605372,15873,1133
5411.552327,2853612410,2853613543,15940,1133
5411.564127,2853620454,2853621587,15970,1133
5411.574649,2853628522,2853629653,15912,1131
5411.584328,2853636501,2853637634,15949,1133
5411.595688,2853644466,2853645598,15972,1132
5411.604327,2853652454,2853653587,15832,1133
5411.618233,2853658968,2853659787,13906,819
5411.632334,2853665065,2853665695,11967,630
5411.643780,2853670229,2853671357,15998,1128
5411.652330,2853678132,2853679268,15910,1136
5411.664330,2853686097,2853687232,15841,1135
5411.675342,2853694063,2853695196,15918,1133
5411.684331,2853702084,2853703216,15914,1132
5411.696331,2853710109,2853711240,15834,1131
5411.706901,2853718040,2853719176,15985,1136
5411.716333,2853726076,2853727211,15915,1135
5411.727934,2853734084,2853735217,15845,1133
5411.738461,2853742113,2853743247,15998,1134
5411.748327,2853750104,2853751237,15914,1133
5411.759493,2853758141,2853759277,15845,1136
5411.768332,2853766176,2853767314,15982,1138
5411.780330,2853774250,2853775387,15895,1137
5411.791053,2853782216,2853783348,15834,1132
5411.800328,2853790320,2853791456,15985,1136
5411.812098,2853798367,2853799504,15913,1137
5411.822619,2853806401,2853807534,15909,1133
5411.832328,2853814449,2853815586,15980,1137
5411.843659,2853822493,2853823630,15907,1137
5411.852328,2853830566,2853831702,15831,1136
5411.864335,2853838586,2853839723,15987,1137
5411.875222,2853847206,2853848343,15897,1137
5411.887244,2853857272,2853858407,15992,1135
5411.899259,2853867283,2853868418,15745,1135
5411.911287,2853877466,2853878601,15909,1135
5411.923310,2853887484,2853888617,15887,1133
5411.935327,2853897423,2853898558,15843,1135
5411.945858,2853906482,2853907628,16031,1146
5411.956330,2853915580,2853916719,15912,1139
5411.966888,2853923644,2853924782,15835,1138
5411.976334,2853931724,2853932860,15991,1136
5411.987936,2853939772,2853940907,15914,1135
5411.998448,2853947821,2853948957,15837,1136
5412.008329,2853955867,2853957003,15978,1136
5412.019494,2853963914,2853965051,15915,1137
5412.028327,2853971939,2853973073,15841,1134
5412.040329,2853979932,2853981068,15978,1136
5412.051054,2853987879,2853989016,15919,1137
5412.060335,2853996008,2853997145,15858,1137
5412.072093,2854003983,2854005119,15914,1136
5412.082614,2854012057,2854013191,15917,1134
5412.092329,2854020051,2854021183,15852,1132
5412.103655,2854028054,2854029185,15988,1131
5412.115669,2854036070,2854037075,15279,1005
5412.124333,2854043954,2854045087,15991,1133
5412.136331,2854051920,2854053053,15908,1133
5412.147230,2854059870,2854061004,15853,1134
5412.156329,2854067880,2854069014,15940,1134
5412.168275,2854075900,2854077037,16003,1137
5412.178791,2854083956,2854085092,15836,1136
5412.188331,2854092032,2854093163,15993,1131
5412.199837,2854100048,2854101184,15891,1136
5412.210351,2854108092,2854109226,15852,1134
5412.220330,2854116150,2854117286,15920,1136
5412.231395,2854124223,2854125357,15912,1134
5412.240329,2854132288,2854133422,15846,1134
5412.252330,2854140359,2854141495,16004,1136
5412.262957,2854148373,2854149509,15895,1136
5412.272327,2854156413,2854157547,15864,1134
5412.283997,2854164451,2854165587,15971,1136
5412.294516,2854172481,2854173615,15918,1134
5412.304335,2854180567,2854181704,15850,1137
5412.315560,2854188629,2854189766,16079,1137
5412.324332,2854196699,2854197835,16002,1136
5412.336334,2854204748,2854205884,15849,1136
5412.347117,2854212771,2854213907,15990,1136
5412.356331,2854220961,2854222098,15902,1137
5412.368156,2854229018,2854230151,15895,1133
5412.378677,2854237059,2854238195,15983,1136
5412.388328,2854245082,2854246219,15915,1137
5412.399713,2854253127,2854254260,15875,1133
5412.408334,2854261117,2854262253,15998,1136
5412.420330,2854269170,2854270301,15920,1131
5412.431273,2854277194,2854278331,15877,1137
5412.440329,2854285191,2854286328,15978,1137
5412.452317,2854293241,2854294379,15919,1138
5412.462833,2854301285,2854302422,15877,1137
5412.472329,2854309308,2854310445,16077,1137
5412.483878,2854317301,2854318437,15928,1136
5412.494392,2854325368,2854326500,15816,1132
5412.504330,2854333407,2854334543,15972,1136
5412.515439,2854341435,2854342569,15933,1134
5412.524330,2854349395,2854350528,15834,1133
5412.536332,2854357413,2854358549,15975,1136
5412.546997,2854365437,2854366571,15914,1134
5412.556329,2854373481,2854374617,15845,1136
5412.568036,2854381551,2854382687,15914,1136
5412.578558,2854389628,2854390766,15917,1138
5412.588326,2854397679,2854398814,15853,1135
5412.599598,2854405729,2854406862,15998,1133
5412.608329,2854413704,2854414840,15914,1136
5412.620328,2854421760,2854422895,15850,1135
5412.631158,2854429808,2854430945,15998,1137
5412.640329,2854437961,2854439095,15917,1134
5412.652192,2854446039,2854447176,15836,1137
5412.662720,2854454096,2854455232,15995,1136
5412.672330,2854462145,2854463282,15913,1137
5412.683751,2854470197,2854471330,15836,1133
5412.692330,2854478275,2854479412,15980,1137
5412.704327,2854486330,2854487465,15905,1135
5412.715317,2854494369,2854495505,15911,1136
5412.724331,2854502441,2854503575,15972,1134
5412.736328,2854510493,2854511626,15893,1133
5412.746871,2854518438,2854519575,15847,1137
5412.756335,2854526473,2854527608,15995,1135
5412.767917,2854534505,2854535642,15916,1137
5412.778432,2854542504,2854543641,15851,1137
5412.788329,2854550532,2854551669,15999,1137
5412.799478,2854558557,2854559693,15919,1136
5412.808330,2854566604,2854567736,15837,1132
5412.820332,2854574654,2854575789,16087,1135
5412.831039,2854582673,2854583810,15918,1137
5412.840328,2854590762,2854591899,15838,1137
5412.852078,2854598841,2854599974,16006,1133
5412.862597,2854606871,2854608006,15998,1135
5412.872335,2854614952,2854616090,15918,1138
5412.883638,2854622947,2854624082,16083,1135
5412.892333,2854631021,2854632159,15999,1138
5412.904327,2854639089,2854640225,15853,1136
5412.915197,2854647087,2854648221,15914,1134
5412.924330,2854655082,2854656219,15910,1137
5412.936230,2854663077,2854664213,15848,1136
5412.946759,2854671155,2854672292,15999,1137
5412.956330,2854679180,2854680317,15908,1137
5412.967791,2854687206,2854688343,15842,1137
5412.976330,2854695198,2854696334,16002,1136
5412.988327,2854703218,2854704352,15935,1134
5412.999350,2854711230,2854712366,15823,1136
5413.008328,2854719252,2854720386,15980,1134
5413.020330,2854727320,2854728455,15909,1135
5413.030912,2854735344,2854736478,15840,1134
5413.040327,2854743411,2854744549,15975,1138
5413.051957,2854751440,2854752577,15919,1137
5413.062477,2854759491,2854760628,15904,1137
5413.072330,2854767485,2854768618,15978,1133
5413.083517,2854775556,2854776689,15916,1133
5413.092327,2854783635,2854784772,15847,1137
5413.104327,2854791663,2854792798,15989,1135
5413.115076,2854799742,2854800885,15906,1143
5413.124334,2854807844,2854808978,15861,1134
5413.136117,2854815902,2854817035,15987,1133
5413.146638,2854823967,2854825103,15917,1136
5413.156326,2854831948,2854833085,15874,1137
5413.167678,2854839964,2854841097,15989,1133
5413.176329,2854847952,2854849085,15912,1133
5413.188331,2854856002,2854857140,15850,1138
5413.199236,2854864049,2854865183,15966,1134
5413.208326,2854872124,2854873259,15916,1135
5413.220271,2854880167,2854881301,15857,1134
5413.230796,2854888188,2854889324,15978,1136
5413.240327,2854896234,2854897372,15996,1138
5413.251831,2854904312,2854905444,15874,1132
5413.262356,2854912389,2854913525,15923,1136
5413.272328,2854920413,2854921550,15915,1137
5413.283392,2854928439,2854929573,15865,1134
5413.292333,2854936518,2854937652,15985,1134
5413.304330,2854944577,2854945713,15914,1136
5413.314951,2854952575,2854953709,15861,1134
5413.324333,2854960640,2854961775,15998,1135
5413.335998,2854968664,2854969800,15919,1136
5413.346512,2854976657,2854977794,15904,1137
5413.356329,2854984684,2854985821,16053,1137
5413.367559,2854992686,2854993819,15997,1133
5413.376329,2855000734,2855001868,15916,1134
5413.388328,2855008774,2855009912,16071,1138
5413.399120,2855016800,2855017937,15918,1137
5413.408328,2855025013,2855026148,15912,1135
5413.420157,2855033008,2855034144,15979,1136
5413.430678,2855041054,2855042191,15902,1137
5413.440331,2855049117,2855050251,15841,1134
5413.451721,2855057191,2855058328,15999,1137
5413.460334,2855065812,2855066949,15909,1137
5413.472333,2855074676,2855075811,15936,1135
5413.483279,2855083537,2855084674,16075,1137
5413.495296,2855093611,2855094746,15913,1135
5413.507323,2855103679,2855104814,15995,1135
5413.516332,2855112279,2855113417,15841,1138
5413.528334,2855120958,2855122095,15977,1137
5413.538885,2855129590,2855130736,15914,1146
5413.548334,2855137661,2855138798,15851,1137
5413.559925,2855145743,2855146879,15924,1136
5413.570444,2855153774,2855154908,15907,1134
5413.580330,2855161821,2855162958,15847,1137
5413.591484,2855169901,2855171032,16004,1131
5413.600330,2855177930,2855179059,15908,1129
5413.612333,2855185951,2855187089,15835,1138
5413.623046,2855193960,2855195093,16001,1133
5413.632334,2855202126,2855203260,15915,1134
5413.644076,2855210209,2855211342,15830,1133
5413.654604,2855218279,2855219413,15979,1134
5413.664328,2855226303,2855227434,15911,1131
5413.675637,2855234327,2855235464,15829,1137
5413.684328,2855242382,2855243516,15982,1134
5413.696330,2855250412,2855251547,15916,1135
5413.707203,2855258459,2855259592,15917,1133
5413.716332,2855266483,2855267614,15965,1131
5413.728243,2855274487,2855275620,15916,1133
5413.738757,2855282559,2855283693,15848,1134
5413.748336,2855290637,2855291772,15996,1135
5413.759804,2855298720,2855299853,15899,1133
5413.768329,2855306770,2855307904,15851,1134
5413.780329,2855314771,2855315904,15996,1133
5413.791364,2855322796,2855323930,15909,1134
5413.800329,2855330820,2855331951,15837,1131
5413.812334,2855338904,2855340037,15998,1133
5413.822925,2855346933,2855348068,15911,1135
5413.832328,2855354989,2855356124,15831,1135
5413.843962,2855363058,2855364193,15973,1135
5413.854483,2855371059,2855372193,15901,1134
5413.864335,2855379134,2855380269,15831,1135
5413.875525,2855387208,2855388343,15980,1135
5413.884330,2855395281,2855396415,15905,1134
5413.896331,2855403338,2855404473,15847,1135
5413.907084,2855411388,2855412519,15917,1131
5413.916331,2855419489,2855420621,15904,1132
5413.928118,2855427534,2855428665,15847,1131
5413.938644,2855435607,2855436742,15986,1135
5413.948328,2855443667,2855444801,15910,1134
5413.959676,2855451719,2855452854,15854,1135
5413.968327,2855459775,2855460907,15983,1132
5413.980335,2855467802,2855468937,15913,1135
5413.991237,2855475805,2855476939,15842,1134
5414.000331,2855483852,2855484980,15964,1128
5414.012282,2855491889,2855493024,15899,1135
5414.022797,2855499949,2855501084,15854,1135
5414.032332,2855508006,2855509139,16047,1133
5414.043841,2855516026,2855517161,15912,1135
5414.054362,2855524098,2855525233,15988,1135
5414.064329,2855532132,2855533263,15975,1131
5414.075401,2855540128,2855541263,15994,1135
5414.084327,2855548204,2855549339,15865,1135
5414.096329,2855556285,2855557420,16057,1135
5414.106962,2855564383,2855565518,15927,1135
5414.116333,2855572461,2855573595,15858,1134
5414.128004,2855580517,2855581650,16064,1133
5414.138526,2855588586,2855589716,15885,1130
5414.148328,2855596671,2855597806,15851,1135
5414.159563,2855604693,2855605828,15982,1135
5414.168336,2855612747,2855613882,15912,1135
5414.180330,2855620832,2855621967,15843,1135
5414.191123,2855628908,2855630043,15961,1135
5414.200330,2855637054,2855638186,15911,1132
5414.212156,2855645112,2855646247,15846,1135
5414.222683,2855653192,2855654327,15962,1135
5414.232332,2855661273,2855662408,15914,1135
5414.243716,2855669353,2855670487,15860,1134
5414.252329,2855677442,2855678577,15915,1135
5414.264336,2855685444,2855686574,15909,1130
5414.275278,2855693520,2855694651,15860,1131
5414.284328,2855701647,2855702778,15981,1131
5414.296323,2855709708,2855710843,15904,1135
5414.306837,2855717708,2855718839,15860,1131
5414.316328,2855725781,2855726915,15981,1134
5414.327883,2855733805,2855734939,15898,1134
5414.339907,2855743032,2855744168,16091,1136
5414.350427,2855751119,2855752253,15915,1134
5414.360337,2855759147,2855760282,15828,1135
5414.371465,2855767204,2855768339,15977,1135
5414.380328,2855775281,2855776414,15911,1133
5414.392328,2855783285,2855784418,15849,1133
5414.403026,2855791341,2855792471,15918,1130
5414.412331,2855799462,2855800597,15913,1135
5414.424059,2855807518,2855808653,15844,1135
5414.434588,2855815574,2855816706,15988,1132
5414.444330,2855823658,2855824793,15912,1135
5414.455620,2855831724,2855832860,15842,1136
5414.464329,2855839799,2855840933,15999,1134
5414.476330,2855847847,2855848982,15913,1135
5414.487180,2855855880,2855857015,15830,1135
5414.496328,2855864060,2855865195,15976,1135
5414.508229,2855872137,2855873270,15909,1133
5414.518741,2855880193,2855881326,15829,1133
5414.528333,2855888273,2855889407,15972,1134
5414.539786,2855896310,2855897445,15908,1135
5414.548332,2855904357,2855905492,15905,1135
5414.560328,2855912422,2855913557,15978,1135
5414.571346,2855920477,2855921612,15897,1135
5414.580328,2855928533,2855929667,15853,1134
5414.592327,2855936664,2855937798,15994,1134
5414.602907,2855944712,2855945846,15921,1134
5414.612336,2855952730,2855953865,15845,1135
5414.623947,2855960784,2855961919,15995,1135
5414.634469,2855968864,2855969996,15914,1132
5414.644329,2855976952,2855978083,15823,1131
5414.655508,2855984991,2855986125,15996,1134
5414.664328,2855993077,2855994208,15912,1131
5414.676328,2856001101,2856002236,15830,1135
5414.687067,2856009106,2856010241,15980,1135
5414.696328,2856017326,2856018457,15909,1131
5414.708099,2856025376,2856026507,15823,1131
5414.718627,2856033432,2856034566,15979,1134
5414.728334,2856041464,2856042598,15912,1134
5414.739660,2856049510,2856050645,15845,1135
5414.748336,2856057500,2856058634,15913,1134
5414.760332,2856065536,2856066671,15909,1135
5414.771220,2856073562,2856074697,15851,1135
5414.780330,2856081617,2856082752,15980,1135
5414.792265,2856089663,2856090794,15904,1131
5414.802780,2856097745,2856098876,15857,1131
5414.812329,2856105795,2856106929,16063,1134
5414.823826,2856113844,2856114977,15915,1133
5414.834341,2856121922,2856123053,15849,1131
5414.844332,2856129979,2856131114,15972,1135
5414.855386,2856138049,2856139184,15984,1135
5414.864330,2856146132,2856147267,15848,1135
5414.876327,2856154185,2856155316,16053,1131
5414.886946,2856162262,2856163397,15917,1135
5414.896336,2856170341,2856171476,15989,1135
5414.907986,2856178425,2856179559,15973,1134
5414.918506,2856186494,2856187629,15915,1135
5414.928331,2856194577,2856195708,15855,1131
5414.939547,2856202653,2856203787,16060,1134
5414.948330,2856210686,2856211820,15910,1134
5414.960334,2856218783,2856219918,15862,1135
5414.971106,2856226817,2856227948,15977,1131
5414.980330,2856235009,2856236141,15911,1132
5414.992142,2856243061,2856244196,15838,1135
5415.002668,2856251109,2856252245,15982,1136
5415.012330,2856259190,2856260324,15909,1134
5415.023700,2856267256,2856268388,15847,1132
5415.032332,2856275288,2856276418,15965,1130
5415.046250,2856285003,2856286137,15898,1134
5415.058272,2856295012,2856296147,15909,1135
5415.068334,2856303656,2856304788,15866,1132
5415.079312,2856312968,2856314107,15972,1139
5415.088332,2856321794,2856322929,15930,1135
5415.100331,2856330763,2856331900,15855,1137
5415.110874,2856339783,2856340925,15977,1142
5415.120327,2856348250,2856349393,15909,1143
5415.131908,2856356343,2856357477,15839,1134
5415.142432,2856364428,2856365559,16043,1131
5415.152328,2856372499,2856373631,15991,1132
5415.163466,2856380566,2856381701,15838,1135
5415.172330,2856388655,2856389787,15961,1132
5415.184330,2856396761,2856397893,15914,1132
5415.195033,2856404794,2856405930,15990,1136
5415.204329,2856412889,2856414023,16045,1134
5415.216073,2856420913,2856422047,15996,1134
5415.226587,2856428969,2856430104,15863,1135
5415.236330,2856437027,2856438159,15988,1132
5415.247631,2856445109,2856446244,15921,1135
5415.256327,2856453212,2856454347,15865,1135
5415.268335,2856461220,2856462356,16065,1136
5415.279193,2856469200,2856470332,15907,1132
5415.288330,2856477320,2856478455,15928,1135
5415.300233,2856485373,2856486506,16072,1133
5415.310754,2856493421,2856494553,15912,1132
5415.320328,2856501442,2856502578,15847,1136
5415.331792,2856509495,2856510629,15962,1134
5415.340327,2856517557,2856518693,15913,1136
5415.352333,2856525640,2856526776,15846,1136
5415.363352,2856533708,2856534839,15969,1131
5415.372327,2856541734,2856542869,15910,1135
5415.384335,2856549769,2856550902,15850,1133
5415.394913,2856557801,2856558936,15914,1135
5415.404327,2856565885,2856567017,15911,1132
5415.415945,2856573961,2856575096,15857,1135
5415.426473,2856581978,2856583110,15979,1132
5415.436331,2856590063,2856591199,15912,1136
5415.447508,2856598138,2856599274,15853,1136
5415.456332,2856606227,2856607359,15980,1132
5415.468327,2856614282,2856615419,15954,1137
5415.479066,2856622350,2856623480,15843,1130
5415.488329,2856630527,2856631659,15956,1132
5415.500112,2856638482,2856639616,15911,1134
5415.510627,2856646586,2856647721,15843,1135
5415.520330,2856654663,2856655798,15960,1135
5415.531671,2856662742,2856663878,15913,1136
5415.540330,2856670798,2856671933,15901,1135
5415.552329,2856678859,2856679991,15960,1132
5415.563234,2856686869,2856688004,15857,1135
5415.572330,2856694949,2856696081,15849,1132
5415.584275,2856702984,2856704117,15992,1133
5415.594793,2856711013,2856712144,15915,1131
5415.604331,2856719036,2856720172,15849,1136
5415.615834,2856727115,2856728250,15985,1135
5415.626355,2856735361,2856736496,15961,1135
5415.636333,2856743451,2856744586,15837,1135
5415.647390,2856751535,2856752665,15952,1130
5415.656332,2856759594,2856760726,15983,1132
5415.668329,2856767668,2856768804,15827,1136
5415.678950,2856775751,2856776883,15940,1132
5415.688331,2856783815,2856784950,15975,1135
5415.699986,2856791850,2856792982,15832,1132
5415.710510,2856799923,2856801058,15939,1135
5415.720331,2856807961,2856809095,15980,1134
5415.731546,2856816037,2856817172,15830,1135
5415.740330,2856824116,2856825248,15848,1132
5415.752330,2856832184,2856833319,15962,1135
5415.763107,2856840241,2856841376,15828,1135
5415.772328,2856848506,2856849640,15949,1134
5415.784154,2856856586,2856857720,15969,1134
5415.794668,2856864663,2856865794,15846,1131
5415.804334,2856872744,2856873876,15939,1132
5415.815716,2856880807,2856881939,15986,1132
5415.824335,2856888856,2856889991,15836,1135
5415.836327,2856896936,2856898070,16020,1134
5415.847274,2856905003,2856906135,16030,1132
5415.856329,2856913060,2856914195,15912,1135
5415.868308,2856921133,2856922267,16021,1134
5415.878835,2856929182,2856930317,15985,1135
5415.888332,2856937262,2856938396,15907,1134
5415.899868,2856945323,2856946456,15940,1133
5415.910397,2856953393,2856954528,16052,1135
5415.920331,2856961469,2856962603,15911,1134
5415.931429,2856969524,2856970655,16026,1131
5415.940331,2856977591,2856978726,16063,1135
5415.952329,2856985689,2856986824,15837,1135
5415.962989,2856993776,2856994907,15942,1131
5415.972331,2857001835,2857002970,16021,1135
5415.984027,2857009846,2857010980,15831,1134
5415.994551,2857017878,2857019009,15956,1131
5416.004329,2857025940,2857027075,16064,1135
5416.015588,2857034023,2857035154,15916,1131
5416.024333,2857042068,2857043203,16018,1135
5416.036328,2857050156,2857051291,15971,1135
5416.047147,2857058242,2857059378,15840,1136
5416.056329,2857066396,2857067531,15941,1135
5416.068194,2857074407,2857075540,15983,1133
5416.078708,2857082459,2857083594,15915,1135
5416.088328,2857090505,2857091639,15924,1134
5416.099754,2857098557,2857099686,16049,1129
5416.108326,2857106582,2857107717,15909,1135
5416.120330,2857114639,2857115771,15943,1132
5416.131315,2857122703,2857123835,15985,1132
5416.140327,2857130787,2857131923,15854,1136
5416.152334,2857138874,2857140009,15944,1135
5416.162875,2857146951,2857148086,15987,1135
5416.172330,2857155036,2857156168,15838,1132
5416.183908,2857163127,2857164261,15938,1134
5416.194436,2857171168,2857172299,15939,1131
5416.204328,2857179248,2857180384,15829,1136
5416.215469,2857187308,2857188443,15935,1135
5416.224329,2857195328,2857196463,15983,1135
5416.236335,2857203382,2857204518,15899,1136
5416.247030,2857211466,2857212601,15939,1135
5416.256329,2857219581,2857220715,15982,1134
5416.268066,2857227664,2857228800,15835,1136
5416.278591,2857235770,2857236906,15937,1136
5416.288335,2857243760,2857244895,15984,1135
5416.299626,2857251831,2857252964,15820,1133
5416.308332,2857259857,2857260992,15940,1135
5416.320350,2857267922,2857269058,15970,1136
5416.331189,2857275985,2857277119,15831,1134
5416.340328,2857284093,2857285228,15956,1135
5416.352234,2857292172,2857293304,15985,1132
5416.362748,2857300255,2857301390,15833,1135
5416.372335,2857308310,2857309445,15933,1135
5416.383796,2857316383,2857317514,15980,1131
5416.392328,2857324464,2857325598,15830,1134
5416.404327,2857332477,2857333611,15939,1134
5416.415355,2857340540,2857341675,15982,1135
5416.424326,2857348623,2857349758,15827,1135
5416.436334,2857356677,2857357812,15848,1135
5416.446915,2857364736,2857365868,15966,1132
5416.456331,2857372811,2857373946,15834,1135
5416.467948,2857380865,2857382000,15936,1135
5416.478477,2857388912,2857390048,15984,1136
5416.488336,2857396979,2857398114,15894,1135
5416.499515,2857405061,2857406193,15977,1132
5416.508329,2857413172,2857414307,15915,1135
5416.520332,2857421255,2857422390,15853,1135
5416.531075,2857429338,2857430473,15994,1135
5416.540328,2857437523,2857438659,15910,1136
5416.552106,2857445581,2857446716,15839,1135
5416.562631,2857453643,2857454774,15949,1131
5416.572332,2857461705,2857462836,15983,1131
5416.583675,2857469962,2857471097,15861,1135
5416.592328,2857478050,2857479185,15941,1135
5416.604330,2857486127,2857487259,16038,1132
5416.615228,2857494188,2857495323,15926,1135
5416.624334,2857502883,2857504017,16001,1134
5416.636274,2857511509,2857512652,15991,1143
5416.646787,2857520373,2857521509,15847,1136
5416.656331,2857529319,2857530458,15949,1139
5416.667835,2857538381,2857539523,15984,1142
5416.678348,2857547531,2857548674,15920,1143
5416.688330,2857556590,2857557733,16036,1143
5416.699394,2857564856,2857565988,15967,1132
5416.708330,2857572941,2857574077,15845,1136
5416.720329,2857581000,2857582132,15941,1132
5416.730954,2857589079,2857590216,16053,1137
5416.740329,2857597165,2857598300,15924,1135
5416.751989,2857605242,2857606377,15943,1135
5416.762514,2857613279,2857614414,15967,1135
5416.772329,2857621333,2857622467,15851,1134
5416.783550,2857629419,2857630554,15869,1135
5416.792332,2857637492,2857638626,15963,1134
5416.804337,2857645573,2857646707,15828,1134
5416.815110,2857653587,2857654721,15942,1134
5416.824333,2857661732,2857662866,16065,1134
5416.836146,2857669803,2857670935,15837,1132
5416.846670,2857677882,2857679018,15946,1136
5416.856332,2857685974,2857687106,15979,1132
5416.867707,2857694057,2857695192,15836,1135
5416.876330,2857702090,2857703224,15946,1134
5416.888329,2857710136,2857711272,16030,1136
5416.899269,2857718186,2857719314,15918,1128
5416.908328,2857726240,2857727374,16024,1134
5416.920314,2857734328,2857735463,15967,1135
5416.930835,2857742388,2857743523,15898,1135
5416.940327,2857750434,2857751568,15941,1134
5416.951875,2857758476,2857759610,16067,1134
5416.962388,2857766528,2857767663,15897,1135
5416.972332,2857774574,2857775709,16021,1135
5416.983435,2857782633,2857783768,16063,1135
5416.992330,2857790722,2857791858,15914,1136
5417.004328,2857798804,2857799936,15948,1132
5417.014996,2857806816,2857807947,15983,1131
5417.024328,2857814890,2857816026,15838,1136
5417.036031,2857822974,2857824105,16037,1131
5417.046556,2857831041,2857832177,16066,1136
5417.056330,2857839129,2857840265,15912,1136
5417.067590,2857847209,2857848344,16016,1135
5417.076327,2857855264,2857856400,16054,1136
5417.088329,2857863352,2857864488,15834,1136
5417.099150,2857871416,2857872549,15948,1133
5417.108330,2857879608,2857880744,15987,1136
5417.120186,2857887684,2857888820,15916,1136
5417.130709,2857895739,2857896874,15933,1135
5417.140331,2857903826,2857904962,16042,1136
5417.151747,2857911914,2857913050,15826,1136
5417.160331,2857919998,2857921134,16020,1136
5417.172333,2857928043,2857929175,15987,1132
5417.183307,2857936099,2857937235,15850,1136
5417.192331,2857944176,2857945311,15950,1135
5417.204330,2857952227,2857953363,15984,1136
5417.214868,2857960280,2857961415,15829,1135
5417.224329,2857968342,2857969480,15921,1138
5417.235914,2857976431,2857977566,15944,1135
5417.246430,2857984490,2857985622,15827,1132
5417.256327,2857992548,2857993684,15926,1136
5417.267475,2858000631,2858001767,15966,1136
5417.276330,2858008689,2858009825,15903,1136
5417.288331,2858016744,2858017879,15938,1135
5417.299036,2858024794,2858025928,15983,1134
5417.308333,2858032903,2858034035,15830,1132
5417.320069,2858040986,2858042120,15937,1134
5417.330596,2858049076,2858050210,15981,1134
5417.340334,2858057152,2858058286,15826,1134
5417.351630,2858065235,2858066367,15943,1132
5417.360330,2858073285,2858074420,15964,1135
5417.372331,2858081392,2858082528,15821,1136
5417.383191,2858089478,2858090613,15946,1135
5417.392330,2858097576,2858098712,15982,1136
5417.404228,2858105690,2858106826,15848,1136
5417.414751,2858113751,2858114886,15932,1135
5417.424328,2858121832,2858122964,15963,1132
5417.435787,2858129912,2858131044,15830,1132
5417.444331,2858138000,2858139132,15941,1132
5417.456329,2858146039,2858147175,15983,1136
5417.467349,2858154126,2858155262,15835,1136
5417.476332,2858162210,2858163345,15848,1135
5417.488328,2858170265,2858171401,15962,1136
5417.498908,2858178350,2858179484,15830,1134
5417.508332,2858186409,2858187544,15943,1135
5417.519954,2858194434,2858195570,15978,1136
5417.530468,2858202509,2858203643,15842,1134
5417.540331,2858210615,2858211751,15937,1136
5417.551515,2858218648,2858219784,15964,1136
5417.560328,2858226706,2858227838,15832,1132
5417.572330,2858234749,2858235884,15939,1135
5417.583076,2858242818,2858243950,15951,1132
5417.592328,2858251037,2858252173,15825,1136
5417.604103,2858259114,2858260250,16002,1136
5417.614636,2858267218,2858268349,16019,1131
5417.624331,2858275294,2858276425,15989,1131
5417.635670,2858283372,2858284508,15944,1136
5417.644332,2858291447,2858292579,16065,1132
5417.656329,2858299530,2858300666,15826,1136
5417.667230,2858307619,2858308751,16021,1132
5417.676335,2858315737,2858316873,15983,1136
5417.688266,2858323790,2858324922,15912,1132
5417.698791,2858331878,2858333008,16014,1130
5417.708329,2858339984,2858341120,16048,1136
5417.719827,2858348076,2858349212,15839,1136
5417.730353,2858356152,2858357288,15959,1136
5417.740329,2858364224,2858365359,15986,1135
5417.751387,2858372278,2858373413,15917,1135
5417.760330,2858380330,2858381464,15940,1134
5417.772330,2858388389,2858389525,16049,1136
5417.782949,2858396474,2858397610,15918,1136
5417.792327,2858404551,2858405687,16023,1136
5417.803994,2858412619,2858413755,15981,1136
5417.814508,2858420770,2858421904,15820,1134
5417.824328,2858428862,2858429996,15850,1134
5417.835555,2858436902,2858438033,15964,1131
5417.844328,2858444979,2858446115,15830,1136
5417.856329,2858453017,2858454149,15941,1132
5417.867116,2858461059,2858462194,15979,1135
5417.876329,2858469261,2858470397,15848,1136
5417.888150,2858477343,2858478479,15939,1136
5417.898677,2858485403,2858486537,15970,1134
5417.908330,2858493458,2858494594,15835,1136
5417.919710,2858501522,2858502658,15934,1136
5417.928336,2858509573,2858510704,15944,1131
5417.940334,2858517646,2858518781,15830,1135
5417.951271,2858525737,2858526873,15940,1136
5417.960329,2858533831,2858534967,15966,1136
5417.972314,2858541891,2858543024,15904,1133
5417.982831,2858549949,2858551085,15944,1136
5417.992331,2858558017,2858559153,15957,1136
5418.003867,2858566098,2858567234,15828,1136
5418.014393,2858574175,2858575309,15931,1134
5418.024333,2858582225,2858583361,16068,1136
5418.035427,2858590279,2858591411,15834,1132
5418.044327,2858598338,2858599472,16018,1134
5418.056333,2858606392,2858607528,15970,1136
5418.066988,2858614477,2858615609,15919,1132
5418.076332,2858622557,2858623689,15959,1132
5418.088035,2858630601,2858631737,16067,1136
5418.098549,2858638664,2858639798,15914,1134
5418.108327,2858646743,2858647875,16021,1132
5418.119595,2858654796,2858655932,15985,1136
5418.128332,2858662850,2858663987,15911,1137
5418.140336,2858670923,2858672059,15935,1136
5418.151156,2858678982,2858680118,16046,1136
5418.160337,2858687118,2858688252,15833,1134
5418.172189,2858695199,2858696335,15931,1136
5418.182716,2858703284,2858704420,16049,1136
5418.192328,2858711343,2858712479,15913,1136
5418.203752,2858720165,2858721301,15942,1136
5418.214277,2858729055,2858730193,15983,1138
5418.224331,2858738222,2858739362,15844,1140
5418.235310,2858747286,2858748429,15938,1143
5418.247331,2858757736,2858758874,15824,1138
5418.257855,2858766799,2858767943,15979,1144
5418.268333,2858775848,2858776992,15961,1144
5418.278894,2858784018,2858785160,15825,1142
5418.288329,2858792139,2858793275,15932,1136
5418.299939,2858800218,2858801354,16061,1136
5418.310452,2858808304,2858809440,15911,1136
5418.320328,2858816365,2858817500,15917,1135
5418.331499,2858824511,2858825650,16049,1139
5418.340326,2858832569,2858833704,15909,1135
5418.352328,2858840578,2858841714,15939,1136
5418.363059,2858848664,2858849800,15966,1136
5418.372329,2858856891,2858858023,15855,1132
5418.384093,2858865022,2858866157,16023,1135
5418.394619,2858873098,2858874232,16065,1134
5418.404331,2858881176,2858882312,15904,1136
5418.415653,2858889308,2858890445,16018,1137
5418.424334,2858897409,2858898541,16023,1132
5418.436329,2858905491,2858906627,15839,1136
5418.447214,2858913560,2858914695,15947,1135
5418.456328,2858921651,2858922787,15987,1136
5418.468257,2858929711,2858930847,15992,1136
5418.478774,2858937827,2858938960,16015,1133
5418.488330,2858945918,2858947053,16055,1135
5418.499811,2858954015,2858955151,15842,1136
5418.510335,2858962075,2858963209,15943,1134
5418.520328,2858970174,2858971306,15986,1132
5418.531371,2858978288,2858979419,15836,1131
5418.540328,2858986392,2858987526,15944,1134
5418.552330,2858994508,2858995644,16045,1136
5418.562931,2859002606,2859003741,15912,1135
5418.572327,2859010668,2859011804,16039,1136
5418.583979,2859018742,2859019877,15988,1135
5418.594492,2859026826,2859027961,15835,1135
5418.604329,2859034936,2859036069,15944,1133
5418.615539,2859043006,2859044138,15985,1132
5418.624327,2859051151,2859052288,15836,1137
5418.636333,2859059245,2859060381,15930,1136
5418.647101,2859067347,2859068482,16045,1135
5418.656331,2859075531,2859076668,15830,1137
5418.668131,2859083623,2859084759,15848,1136
5418.678659,2859091713,2859092845,15965,1132
5418.688330,2859099777,2859100912,15821,1135
5418.699693,2859107859,2859108995,15938,1136
5418.708335,2859115938,2859117074,15983,1136
5418.720333,2859124021,2859125153,15834,1132
5418.731254,2859132054,2859133188,15939,1134
5418.740333,2859140140,2859141272,15986,1132
5418.752290,2859148223,2859149358,15825,1135
5418.762815,2859156281,2859157417,15944,1136
5418.772330,2859164343,2859165479,15950,1136
5418.783851,2859172402,2859173538,15831,1136
5418.794374,2859180467,2859181598,15941,1131
5418.804335,2859188536,2859189671,15979,1135
5418.815418,2859196568,2859197705,15907,1137
5418.824329,2859204630,2859205764,15938,1134
5418.836329,2859212732,2859213868,15986,1136
5418.846972,2859220786,2859221920,15832,1134
5418.856334,2859228869,2859230003,15945,1134
5418.868020,2859236954,2859238090,16062,1136
5418.878532,2859245087,2859246222,15915,1135
5418.888331,2859253169,2859254301,16022,1132
5418.899579,2859261163,2859262294,15987,1131
5418.908330,2859269250,2859270382,15911,1132
5418.920336,2859277332,2859278468,15963,1136
5418.931140,2859285387,2859286521,15989,1134
5418.940329,2859293497,2859294630,15838,1133
5418.952173,2859301608,2859302744,16021,1136
5418.962699,2859309648,2859310783,16061,1135
5418.972328,2859317710,2859318846,15910,1136
5418.983734,2859325773,2859326909,15945,1136
5418.992329,2859333891,2859335027,16064,1136
5419.004329,2859341979,2859343111,15838,1132
5419.015293,2859350029,2859351165,15846,1136
5419.024327,2859358117,2859359253,15969,1136
5419.036330,2859366255,2859367386,15926,1131
5419.046855,2859374343,2859375478,16027,1135
5419.056328,2859382392,2859383528,16059,1136
5419.067891,2859390475,2859391610,15857,1135
5419.078415,2859398552,2859399688,15947,1136
5419.088330,2859406623,2859407759,15990,1136
5419.099451,2859414758,2859415893,15891,1135
5419.108328,2859422845,2859423981,15940,1136
5419.120329,2859430927,2859432062,16032,1135
5419.131013,2859438956,2859440087,15920,1131
5419.140327,2859447038,2859448174,16019,1136
5419.152059,2859455096,2859456231,15985,1135
5419.162579,2859463179,2859464312,15907,1133
5419.172333,2859471267,2859472399,15940,1132
5419.183619,2859479348,2859480484,16064,1136
5419.192328,2859487457,2859488590,15842,1133
5419.204328,2859495534,2859496670,16016,1136
5419.215179,2859503575,2859504707,16065,1132
5419.224329,2859511721,2859512857,15911,1136
5419.236206,2859519769,2859520901,15912,1132
5419.246740,2859527845,2859528979,15940,1134
5419.256327,2859535939,2859537074,15832,1135
5419.267775,2859543966,2859545099,15956,1133
5419.276334,2859552011,2859553143,15980,1132
5419.288331,2859560066,2859561202,15827,1136
5419.299334,2859568154,2859569290,15942,1136
5419.308328,2859576202,2859577338,15972,1136
5419.320331,2859584266,2859585402,15825,1136
5419.330895,2859592320,2859593455,15933,1135
5419.340331,2859600398,2859601533,15964,1135
5419.351931,2859608456,2859609592,15829,1136
5419.362454,2859616568,2859617701,15849,1133
5419.372328,2859624686,2859625822,15961,1136
5419.383491,2859632798,2859633933,15830,1135
5419.392327,2859640885,2859642025,15941,1140
5419.404332,2859648985,2859650121,15981,1136
5419.415051,2859657071,2859658208,15842,1137
5419.424330,2859665323,2859666459,15941,1136
5419.436098,2859673381,2859674513,15981,1132
5419.446612,2859681454,2859682588,15828,1134
5419.456330,2859689537,2859690669,15936,1132
5419.467659,2859697623,2859698759,15951,1136
5419.476327,2859705710,2859706845,15837,1135
5419.488327,2859713772,2859714904,15934,1132
5419.499219,2859721820,2859722956,15983,1136
5419.508327,2859729931,2859731066,15902,1135
5419.520255,2859738025,2859739161,15939,1136
5419.530780,2859746096,2859747231,15980,1135
5419.540330,2859754175,2859755311,15825,1136
5419.551814,2859762210,2859763345,15942,1135
5419.560327,2859770320,2859771455,15968,1135
5419.572329,2859778396,2859779532,15830,1136
5419.583375,2859786480,2859787615,15936,1135
5419.592328,2859794550,2859795681,15979,1131
5419.604331,2859802636,2859803770,15823,1134
5419.614936,2859810723,2859811860,15954,1137
5419.624331,2859818760,2859819892,15984,1132
5419.635971,2859826812,2859827948,15832,1136
5419.646495,2859834936,2859836069,15936,1133
5419.656329,2859842986,2859844121,15983,1135
5419.667532,2859851063,2859852199,15833,1136
5419.676328,2859859153,2859860288,15939,1135
5419.688336,2859867147,2859868284,15983,1137
5419.699093,2859875158,2859876291,15830,1133
5419.708333,2859883211,2859884346,15849,1135
5419.720138,2859891303,2859892443,15965,1140
5419.730653,2859899358,2859900493,15832,1135
5419.740336,2859907442,2859908578,15941,1136
5419.751699,2859915517,2859916651,15985,1134
5419.760331,2859923579,2859924715,15844,1136
5419.772333,2859931666,2859932802,15941,1136
5419.783262,2859940489,2859941632,15986,1143
5419.792331,2859949489,2859950632,15819,1143
5419.804295,2859958275,2859959419,15932,1144
5419.814820,2859967279,2859968422,15943,1143
5419.826837,2859977493,2859978636,15937,1143
5419.838858,2859987569,2859988711,15826,1142
5419.848333,2859996930,2859998074,15863,1144
5419.859906,2860005247,2860006391,15982,1144
5419.870418,2860013390,2860014532,15833,1142
5419.880329,2860021481,2860022616,15940,1135
5419.891465,2860029571,2860030713,15981,1142
5419.900335,2860037741,2860038883,15830,1142
5419.912328,2860045807,2860046943,15950,1136
5419.923026,2860053884,2860055020,15979,1136
5419.932327,2860062035,2860063179,15829,1144
5419.944060,2860070102,2860071234,15938,1132
5419.954586,2860078173,2860079309,15974,1136
5419.964333,2860086266,2860087403,15838,1137
5419.975621,2860094354,2860095489,15935,1135
5419.984330,2860102428,2860103564,15980,1136
5419.996331,2860110509,2860111639,15838,1130
5420.007179,2860118615,2860119751,15847,1136
5420.016328,2860126720,2860127859,15947,1139
5420.028219,2860134819,2860135955,15828,1136
5420.038741,2860142902,2860144038,15937,1136
5420.048329,2860150984,2860152120,15973,1136
5420.059777,2860159058,2860160191,15837,1133
5420.068328,2860167149,2860168284,15942,1135
5420.080333,2860175248,2860176380,15976,1132
5420.091340,2860183338,2860184482,15863,1144
5420.100346,2860191450,2860192586,15941,1136
5420.112328,2860199565,2860200699,15947,1134
5420.122898,2860207676,2860208808,15827,1132
5420.132328,2860215760,2860216896,15935,1136
5420.143945,2860223838,2860224973,15980,1135
5420.154466,2860231937,2860233081,15908,1144
5420.164335,2860240067,2860241210,15940,1143
5420.175506,2860248244,2860249384,15978,1140
5420.184333,2860256337,2860257473,15829,1136
5420.196333,2860264379,2860265512,15939,1133
5420.207066,2860272444,2860273579,15980,1135
5420.216334,2860280620,2860281757,15833,1137
5420.228101,2860288778,2860289920,15935,1142
5420.238627,2860296877,2860298009,15983,1132
5420.248329,2860305002,2860306134,15830,1132
5420.259663,2860313074,2860314216,16037,1142
5420.268330,2860321176,2860322320,16068,1144
5420.280331,2860329296,2860330429,15913,1133
5420.291220,2860337353,2860338495,15939,1142
5420.300328,2860345512,2860346648,15985,1136
5420.312257,2860353590,2860354725,15838,1135
5420.322781,2860361707,2860362842,16024,1135
5420.332330,2860369830,2860370965,16067,1135
5420.343817,2860377921,2860379056,15912,1135
5420.354340,2860386012,2860387147,15852,1135
5420.364332,2860394102,2860395246,15969,1144
5420.375378,2860402217,2860403349,15834,1132
5420.384334,2860410290,2860411427,15946,1137
5420.396334,2860418393,2860419527,15991,1134
5420.406938,2860426479,2860427615,15923,1136
5420.416332,2860434585,2860435716,16027,1131
5420.427985,2860442662,2860443798,16068,1136
5420.438498,2860450750,2860451886,15839,1136
5420.448330,2860458874,2860460018,15947,1144
5420.459547,2860466981,2860468112,16023,1131
5420.468334,2860475172,2860476305,15829,1133
5420.480332,2860483309,2860484445,15937,1136
5420.491107,2860491395,2860492530,16063,1135
5420.500328,2860499510,2860500653,15992,1143
5420.512140,2860507641,2860508773,16018,1132
5420.522666,2860515726,2860516865,15975,1139
5420.532331,2860523810,2860524955,15864,1145
5420.543700,2860531997,2860533136,15940,1139
5420.552333,2860540076,2860541212,15990,1136
5420.564331,2860548209,2860549348,15904,1139
5420.575262,2860556332,2860557476,16018,1144
5420.584328,2860564471,2860565608,16045,1137
5420.596299,2860572585,2860573727,15939,1142
5420.606822,2860580694,2860581834,15935,1140
5420.616333,2860588805,2860589945,15986,1140
5420.639889,2860599911,2860600545,12021,634
5420.650412,2860604011,2860604645,12020,634
5420.660335,2860610694,2860611825,15988,1131
5420.671448,2860618700,2860619831,15915,1131
5420.680333,2860626750,2860627886,15830,1136
5420.692328,2860634816,2860635948,15984,1132
5420.703009,2860642882,2860644013,15914,1131
5420.712333,2860650959,2860652095,15834,1136
5420.724046,2860659021,2860660153,15974,1132
5420.734568,2860667079,2860668216,15916,1137
5420.744330,2860675158,2860676290,15845,1132
5420.755607,2860683246,2860684382,15981,1136
5420.764328,2860691348,2860692480,15912,1132
5420.776328,2860699458,2860700594,15846,1136
5420.787168,2860707541,2860708677,15993,1136
5420.796329,2860715618,2860716750,15920,1132
5420.808200,2860723700,2860724836,15846,1136
5420.818729,2860731819,2860732959,15992,1140
5420.828331,2860739944,2860741081,15905,1137
5420.839761,2860748105,2860749248,15827,1143
5420.848330,2860756279,2860757415,15911,1136
5420.860326,2860764401,2860765538,15932,1137
5420.871321,2860772507,2860773643,15813,1136
5420.880330,2860780623,2860781759,15976,1136
5420.892330,2860788755,2860789899,15905,1144
5420.902881,2860796842,2860797978,15834,1136
5420.912332,2860804990,2860806132,15975,1142
5420.923927,2860813095,2860814227,15904,1132
5420.934444,2860821231,2860822374,15874,1143
5420.944331,2860829499,2860830638,15992,1139
5420.955487,2860837624,2860838764,15912,1140
5420.964330,2860845717,2860846853,15848,1136
5420.976335,2860853810,2860854946,15991,1136
5420.987049,2860861917,2860863054,15913,1137
5420.996329,2860870075,2860871219,15910,1144
5421.008088,2860878233,2860879372,15962,1139
5421.018610,2860886390,2860887529,15915,1139
5421.028333,2860894525,2860895662,15827,1137
5421.039647,2860902655,2860903799,15980,1144
5421.048328,2860910796,2860911940,15916,1144
5421.060336,2860918910,2860920042,15834,1132
5421.071208,2860927045,2860928180,16006,1135
5421.080331,2860935262,2860936398,15909,1136
5421.092243,2860943365,2860944505,15874,1140
5421.102768,2860951456,2860952600,15981,1144
5421.112334,2860959557,2860960690,15914,1133
5421.123803,2860967667,2860968800,15844,1133
5421.132333,2860974247,2860975383,15700,1136
5421.144332,2860982337,2860983472,15907,1135
5421.155362,2860990431,2860991567,15848,1136
5421.164336,2860998530,2860999666,15990,1136
5421.176329,2861006629,2861007769,15913,1140
5421.186922,2861014837,2861015970,15848,1133
5421.196330,2861022917,2861024050,15915,1133
5421.207969,2861031018,2861032158,15905,1140
5421.218484,2861039204,2861040349,15848,1145
5421.228336,2861047392,2861048529,15991,1137
5421.239529,2861055570,2861056714,15914,1144
5421.248328,2861063687,2861064831,15843,1144
5421.260328,2861071825,2861072969,16074,1144
5421.271090,2861079992,2861081136,15915,1144
5421.280332,2861088378,2861089517,15851,1139
5421.292125,2861096493,2861097629,15963,1136
5421.302648,2861104529,2861105673,15907,1144
5421.312331,2861112665,2861113804,15840,1139
5421.323686,2861120803,2861121942,15965,1139
5421.332329,2861128932,2861130068,15930,1136
5421.344327,2861137020,2861138157,15911,1137
5421.358250,2861147964,2861149108,15770,1144
5421.370279,2861158182,2861159321,15906,1139
5421.380332,2861167380,2861168524,15871,1144
5421.391315,2861176589,2861177733,15945,1144
5421.403335,2861187207,2861188351,15951,1144
5421.412333,2861196359,2861197500,15956,1141
5421.424360,2861205175,2861206319,15984,1144
5421.434895,2861214053,2861215197,15861,1144
5421.444327,2861222316,2861223457,15919,1141
5421.455937,2861230485,2861231628,15995,1143
5421.466453,2861238623,2861239763,15942,1140
5421.476331,2861246759,2861247902,15986,1143
5421.487502,2861254966,2861256109,15911,1143
5421.496330,2861263102,2861264242,15845,1140
5421.508326,2861271352,2861272491,15995,1139
5421.519060,2861279488,2861280633,15987,1145
5421.528332,2861287766,2861288900,15840,1134
5421.540098,2861295966,2861297103,15976,1137
5421.550620,2861304484,2861305627,15908,1143
5421.560329,2861312767,2861313902,15838,1135
5421.571658,2861320858,2861322003,15947,1145
5421.580334,2861329067,2861330207,15916,1140
5421.592328,2861337215,2861338359,15913,1144
5421.603219,2861345352,2861346492,16064,1140
5421.612328,2861353741,2861354885,15991,1144
5421.624253,2861361882,2861363022,15846,1140
5421.634781,2861370065,2861371209,15985,1144
5421.644329,2861378193,2861379332,15909,1139
5421.655812,2861386301,2861387440,15850,1139
5421.666341,2861394373,2861395517,15991,1144
5421.676329,2861402635,2861403780,15905,1145
5421.687375,2861410796,2861411940,15836,1144
5421.696331,2861419056,2861420196,15994,1140
5421.708330,2861427249,2861428394,15994,1145
5421.718933,2861435389,2861436530,15929,1141
5421.728329,2861443530,2861444670,16076,1140
5421.739980,2861451711,2861452855,15993,1144
5421.750494,2861459911,2861461052,15861,1141
5421.760330,2861468056,2861469195,15987,1139
5421.771540,2861476183,2861477324,15922,1141
5421.780327,2861484363,2861485506,15865,1143
5421.792330,2861492551,2861493695,15922,1144
5421.803101,2861500748,2861501887,15919,1139
5421.812329,2861509100,2861510240,15907,1140
5421.824139,2861517302,2861518446,15978,1144
5421.834660,2861525449,2861526584,15993,1135
5421.844328,2861533601,2861534744,15939,1143
5421.855699,2861541777,2861542918,15988,1141
5421.864329,2861549952,2861551089,15936,1137
5421.876327,2861558043,2861559175,15852,1132
5421.887261,2861566146,2861567290,16026,1144
5421.896329,2861574286,2861575425,15909,1139
5421.908292,2861582449,2861583594,15845,1145
5421.918821,2861590761,2861591905,15997,1144
5421.928329,2861598948,2861600084,15930,1136
5421.939859,2861607189,2861608329,15907,1140
5421.950381,2861615420,2861616561,15996,1141
5421.960327,2861623761,2861624904,15996,1143
5421.971413,2861631900,2861633042,15844,1142
5421.980328,2861639907,2861641046,15956,1139
5421.992332,2861647992,2861649130,15919,1138
5422.002973,2861656153,2861657288,15914,1135
5422.012331,2861664406,2861665548,16062,1142
5422.024019,2861672614,2861673753,15919,1139
5422.034534,2861680874,2861682018,15927,1144
5422.044328,2861689115,2861690254,15982,1139
5422.055581,2861697246,2861698387,15991,1141
5422.064333,2861705383,2861706527,15930,1144
5422.076328,2861713513,2861714653,16076,1140
5422.087141,2861721612,2861722756,15921,1144
5422.096330,2861729913,2861731050,15857,1137
5422.108180,2861738054,2861739193,15983,1139
5422.118700,2861746227,2861747367,15911,1140
5422.128331,2861754436,2861755576,15846,1140
5422.139740,2861762596,2861763733,15937,1137
5422.148327,2861770663,2861771803,15914,1140
5422.160336,2861778816,2861779956,15831,1140
5422.171298,2861786948,2861788088,15969,1140
5422.180329,2861795126,2861796267,15913,1141
5422.192327,2861803260,2861804404,15844,1144
5422.202858,2861811398,2861812543,15963,1145
5422.212329,2861819567,2861820708,15913,1141
5422.223892,2861827711,2861828855,15860,1144
5422.234422,2861835975,2861837115,15968,1140
5422.244327,2861844187,2861845329,15909,1142
5422.255453,2861852323,2861853462,15862,1139
5422.264330,2861860475,2861861614,15981,1139
5422.276333,2861868654,2861869798,15915,1144
5422.287019,2861876870,2861878010,15904,1140
5422.296333,2861885091,2861886230,15989,1139
5422.308062,2861893300,2861894444,15919,1144
5422.318574,2861901531,2861902675,15915,1144
5422.328333,2861909665,2861910808,15984,1143
5422.339621,2861917883,2861919024,15921,1141
5422.348328,2861926020,2861927156,15811,1136
5422.360330,2861934221,2861935360,15980,1139
5422.371180,2861942355,2861943496,15909,1141
5422.380332,2861950584,2861951724,15838,1140
5422.392221,2861958717,2861959861,15980,1144
5422.402740,2861966849,2861967993,15915,1144
5422.412328,2861974990,2861976133,15845,1143
5422.423781,2861983133,2861984277,15985,1144
5422.432328,2861991277,2861992417,15909,1140
5422.444329,2861999396,2862000534,15878,1138
5422.455341,2862007529,2862008669,15990,1140
5422.464328,2862015765,2862016909,15919,1144
5422.476328,2862023923,2862025062,15826,1139
5422.486901,2862032056,2862033196,15920,1140
5422.496328,2862040192,2862041337,15914,1145
5422.507938,2862048325,2862049469,15847,1144
5422.518460,2862056518,2862057662,15977,1144
5422.528328,2862064727,2862065872,15913,1145
5422.539493,2862072945,2862074089,15826,1144
5422.548334,2862081148,2862082288,15981,1140
5422.560328,2862089453,2862090592,15909,1139
5422.571054,2862097585,2862098729,15850,1144
5422.580330,2862105841,2862106985,15989,1144
5422.592100,2862113924,2862115068,15911,1144
5422.602615,2862122064,2862123208,15847,1144
5422.612335,2862130199,2862131339,15985,1140
5422.623661,2862138301,2862139445,15911,1144
5422.632328,2862146460,2862147604,15910,1144
5422.644332,2862154656,2862155795,15993,1139
5422.655222,2862162792,2862163931,15914,1139
5422.664330,2862171049,2862172192,15831,1143
5422.676259,2862179183,2862180327,15979,1144
5422.686781,2862187327,2862188471,15918,1144
5422.696328,2862195460,2862196604,15834,1144
5422.707823,2862203613,2862204749,16000,1136
5422.716332,2862211722,2862212865,15918,1143
5422.728333,2862219853,2862220997,15852,1144
5422.739380,2862227990,2862229133,15974,1143
5422.748330,2862236226,2862237370,15907,1144
5422.760329,2862244447,2862245589,15844,1142
5422.770942,2862252656,2862253795,15990,1139
5422.780328,2862261052,2862262192,15913,1140
5422.791973,2862269259,2862270400,15849,1141
5422.802502,2862277390,2862278534,15989,1144
5422.812327,2862285576,2862286719,15992,1143
5422.823534,2862293718,2862294862,15903,1144
5422.832327,2862301879,2862303022,16003,1143
5422.844328,2862310013,2862311156,16001,1143
5422.855096,2862318130,2862319274,15863,1144
5422.864330,2862326318,2862327461,15986,1143
5422.876139,2862334454,2862335597,15915,1143
5422.886654,2862342631,2862343771,15912,1140
5422.896331,2862350781,2862351924,16061,1143
5422.907700,2862359131,2862360270,15846,1139
5422.916333,2862367297,2862368441,15859,1144
5422.928330,2862375490,2862376635,15982,1145
5422.942267,2862387388,2862388532,15972,1144
5422.952332,2862396255,2862397399,15909,1144
5422.963300,2862405692,2862406832,15837,1140
5422.975327,2862416016,2862417161,15904,1145
5422.985847,2862425310,2862426454,15920,1144
5422.997873,2862436682,2862437828,15952,1146
5423.008335,2862445208,2862446351,15891,1143
5423.018911,2862453474,2862454618,15976,1144
5423.028329,2862461694,2862462839,15914,1145
5423.039945,2862470003,2862471148,15862,1145
5423.050472,2862478176,2862479317,15981,1141
5423.060330,2862486416,2862487559,15917,1143
5423.071504,2862494735,2862495880,15836,1145
5423.080330,2862503150,2862504291,15917,1141
5423.092330,2862511410,2862512554,15908,1144
5423.103066,2862519664,2862520808,15843,1144
5423.112330,2862528001,2862529145,15977,1144
5423.124111,2862536198,2862537341,15913,1143
5423.134625,2862544334,2862545479,15829,1145
5423.144327,2862552499,2862553642,15977,1143
5423.155673,2862560636,2862561776,15910,1140
5423.164327,2862568774,2862569917,15833,1143
5423.176330,2862576935,2862578074,15988,1139
5423.187232,2862585045,2862586189,15915,1144
5423.196328,2862593427,2862594568,15848,1141
5423.208272,2862601638,2862602782,15996,1144
5423.218793,2862609845,2862610990,15914,1145
5423.228330,2862618035,2862619175,15909,1140
5423.239831,2862626266,2862627410,15974,1144
5423.250352,2862634405,2862635546,15906,1141
5423.260327,2862642591,2862643734,15928,1143
5423.271393,2862650738,2862651882,16000,1144
5423.280328,2862658890,2862660034,15898,1144
5423.292331,2862667078,2862668222,15856,1144
5423.302953,2862675260,2862676401,16068,1141
5423.312330,2862683446,2862684587,15994,1141
5423.323985,2862691663,2862692807,15831,1144
5423.334513,2862699768,2862700912,15996,1144
5423.344332,2862707906,2862709051,15900,1145
5423.355545,2862716085,2862717229,15835,1144
5423.364327,2862724361,2862725505,15967,1144
5423.376329,2862732564,2862733703,15915,1139
5423.387106,2862740700,2862741843,15830,1143
5423.396329,2862749031,2862750172,15977,1141
5423.408151,2862757172,2862758317,15913,1145
5423.418666,2862765330,2862766470,15847,1140
5423.428329,2862773492,2862774636,15916,1144
5423.439712,2862781627,2862782771,15916,1144
5423.448331,2862789765,2862790906,15836,1141
5423.460329,2862797900,2862799043,15995,1143
5423.471274,2862806098,2862807239,15913,1141
5423.480337,2862814259,2862815404,15846,1145
5423.492314,2862822372,2862823516,16075,1144
5423.502834,2862830558,2862831702,15919,1144
5423.512330,2862838697,2862839838,15824,1141
5423.523873,2862846887,2862848026,15973,1139
5423.534394,2862855107,2862856251,15910,1144
5423.544328,2862863273,2862864418,15835,1145
5423.555433,2862871434,2862872574,15995,1140
5423.564328,2862879650,2862880795,15916,1145
5423.576328,2862887792,2862888934,15906,1142
5423.586993,2862895934,2862897079,15994,1145
5423.596330,2862904075,2862905220,15913,1145
5423.608025,2862912216,2862913357,15834,1141
5423.618553,2862920463,2862921607,15975,1144
5423.628328,2862928596,2862929740,15918,1144
5423.639586,2862936722,2862937867,15828,1145
5423.648328,2862944855,2862945994,15991,1139
5423.660326,2862953036,2862954180,15915,1144
5423.671146,2862961322,2862962466,15830,1144
5423.680327,2862969725,2862970868,15994,1143
5423.692192,2862977866,2862979010,15913,1144
5423.702707,2862986003,2862987142,15847,1139
5423.712329,2862994188,2862995332,15994,1144
5423.723752,2863002468,2863003613,15863,1145
5423.732333,2863010734,2863011875,15859,1141
5423.744329,2863019044,2863020186,15979,1142
5423.755314,2863027234,2863028378,15907,1144
5423.764330,2863035391,2863036535,15844,1144
5423.776329,2863043549,2863044691,15921,1142
5423.786872,2863051713,2863052854,15911,1141
5423.796328,2863059896,2863061037,15848,1141
5423.807912,2863068154,2863069294,15965,1140
5423.818431,2863076419,2863077564,15908,1145
5423.828330,2863084618,2863085758,15835,1140
5423.839470,2863092758,2863093902,15968,1144
5423.848330,2863100995,2863102139,15906,1144
5423.860329,2863109171,2863110314,15849,1143
5423.871032,2863117313,2863118457,15983,1144
5423.880336,2863125593,2863126735,15907,1142
5423.892067,2863133831,2863134975,15859,1144
5423.902591,2863142021,2863143166,15966,1145
5423.912330,2863150337,2863151482,15916,1145
5423.923633,2863158507,2863159652,15907,1145
5423.932331,2863166656,2863167796,15987,1140
5423.944328,2863174784,2863175928,15917,1144
5423.955186,2863182920,2863184060,15914,1140
5423.964328,2863191183,2863192327,16060,1144
5423.976233,2863199322,2863200461,15989,1139
5423.986748,2863207453,2863208594,15828,1141
5423.996327,2863215642,2863216786,15986,1144
5424.007792,2863223840,2863224986,15917,1146
5424.016333,2863231975,2863233119,15855,1144
5424.028334,2863240242,2863241383,16084,1141
5424.039352,2863248379,2863249522,15994,1143
5424.048333,2863256515,2863257658,15931,1143
5424.060331,2863264648,2863265788,16076,1140
5424.070914,2863272838,2863273979,15918,1141
5424.080327,2863281051,2863282192,15852,1141
5424.091951,2863289208,2863290353,15978,1145
5424.102475,2863297379,2863298523,15999,1144
5424.112330,2863305546,2863306690,15915,1144
5424.123514,2863313756,2863314901,15999,1145
5424.132333,2863321914,2863323054,15899,1140
5424.144335,2863330123,2863331270,15833,1147
5424.155074,2863338274,2863339415,15999,1141
5424.164330,2863346579,2863347724,15917,1145
5424.176108,2863354856,2863355994,15838,1138
5424.186635,2863363043,2863364187,15983,1144
5424.196327,2863371270,2863372414,15915,1144
5424.207666,2863379478,2863380623,15822,1145
5424.216330,2863387683,2863388827,15996,1144
5424.228333,2863395895,2863397040,15914,1145
5424.239227,2863404038,2863405181,15833,1143
5424.248334,2863412175,2863413320,15996,1145
5424.260272,2863420382,2863421525,15913,1143
5424.270794,2863428576,2863429716,15910,1140
5424.280333,2863436708,2863437849,15997,1141
5424.291834,2863444979,2863446120,15911,1141
5424.302347,2863453314,2863454454,15831,1140
5424.312327,2863461475,2863462616,15980,1141
5424.323394,2863469656,2863470797,15907,1141
5424.332335,2863477848,2863478993,15856,1145
5424.344330,2863486024,2863487169,15988,1145
5424.354952,2863494164,2863495308,15908,1144
5424.364329,2863502312,2863503457,15845,1145
5424.375992,2863510482,2863511624,15982,1142
5424.386513,2863518701,2863519846,15916,1145
5424.396335,2863526863,2863528004,15861,1141
5424.407552,2863535029,2863536174,15979,1145
5424.416332,2863543234,2863544378,15909,1144
5424.428331,2863551375,2863552519,15846,1144
5424.439111,2863559522,2863560667,15957,1145
5424.448329,2863567839,2863568984,15917,1145
5424.460145,2863576107,2863577246,15862,1139
5424.470673,2863584343,2863585487,15919,1144
5424.480329,2863592587,2863593728,15908,1141
5424.491705,2863600720,2863601864,15846,1144
5424.500335,2863608935,2863610079,15973,1144
5424.512334,2863617729,2863618870,15899,1141
5424.523266,2863626938,2863628079,15841,1141
5424.535296,2863637744,2863638888,15909,1144
5424.547320,2863648155,2863649298,15967,1143
5424.559335,2863658586,2863659728,15828,1142
5424.568332,2863667657,2863668802,15914,1145
5424.580330,2863676453,2863677598,15914,1145
5424.590896,2863684775,2863685915,15826,1140
5424.600331,2863693034,2863694179,15942,1145
5424.611942,2863701182,2863702325,15919,1143
5424.622457,2863709375,2863710520,15824,1145
5424.632329,2863717743,2863718884,15934,1141
5424.643501,2863725889,2863727034,15991,1145
5424.652335,2863734034,2863735178,15835,1144
5424.664328,2863742174,2863743315,15934,1141
5424.675063,2863750329,2863751473,15952,1144
5424.684330,2863758640,2863759785,15829,1145
5424.696096,2863766857,2863767997,15934,1140
5424.706622,2863775066,2863776210,15989,1144
5424.716330,2863783249,2863784390,15911,1141
5424.727656,2863791384,2863792529,15938,1145
5424.736328,2863799660,2863800804,15958,1144
5424.748331,2863807858,2863809003,15817,1145
5424.759217,2863816048,2863817190,15939,1142
5424.768327,2863824340,2863825480,15964,1140
5424.780254,2863832477,2863833621,15822,1144
5424.790778,2863840664,2863841808,15937,1144
5424.800336,2863848922,2863850063,15999,1141
5424.811814,2863857112,2863858256,15828,1144
5424.822336,2863865284,2863866427,15882,1143
5424.832334,2863873488,2863874629,15967,1141
5424.843375,2863881693,2863882833,15830,1140
5424.852328,2863889828,2863890968,15940,1140
5424.864331,2863897959,2863899105,15967,1146
5424.874935,2863906172,2863907314,15820,1142
5424.884330,2863914319,2863915459,15942,1140
5424.895982,2863922460,2863923605,15946,1145
5424.906496,2863930650,2863931795,15828,1145
5424.916327,2863938802,2863939947,15848,1145
5424.927542,2863946968,2863948108,15966,1140
5424.936329,2863955104,2863956249,15823,1145
5424.948334,2863963371,2863964514,15950,1143
5424.959103,2863971523,2863972665,15942,1142
5424.968331,2863979920,2863981061,15844,1141
5424.980136,2863988129,2863989272,15939,1143
5424.990664,2863996357,2863997502,16000,1145
5425.000328,2864004546,2864005690,15823,1144
5425.011697,2864012678,2864013818,15942,1140
5425.020334,2864020931,2864022076,15940,1145
5425.032328,2864029200,2864030345,15848,1145
5425.043257,2864037512,2864038651,15932,1139
5425.052331,2864045896,2864047040,15981,1144
5425.064301,2864054109,2864055251,15908,1142
5425.074818,2864062279,2864063423,15937,1144
5425.084329,2864070423,2864071568,15964,1145
5425.095855,2864078558,2864079699,15828,1141
5425.106378,2864086744,2864087889,15934,1145
5425.116327,2864094985,2864096125,15957,1140
5425.127414,2864103170,2864104311,15844,1141
5425.136327,2864111373,2864112516,15941,1143
5425.148329,2864119572,2864120716,15987,1144
5425.158976,2864127840,2864128980,15835,1140
5425.168330,2864135984,2864137128,15938,1144
5425.180023,2864144171,2864145313,16001,1142
5425.190537,2864152404,2864153547,15831,1143
5425.200329,2864160602,2864161747,15950,1145
5425.211583,2864168813,2864169955,16079,1142
5425.220333,2864177142,2864178283,15836,1141
5425.232328,2864185282,2864186421,16016,1139
5425.243142,2864193433,2864194578,16050,1145
5425.252328,2864201747,2864202888,15909,1141
5425.264175,2864209941,2864211086,15855,1145
5425.274704,2864218091,2864219234,15969,1143
5425.284331,2864226415,2864227560,15831,1145
5425.295737,2864234633,2864235776,16020,1143
5425.304327,2864242794,2864243935,16077,1141
5425.316333,2864250937,2864252078,15850,1141
5425.327297,2864259100,2864260240,16023,1140
5425.336331,2864267305,2864268450,16077,1145
5425.348330,2864275545,2864276690,15830,1145
5425.358860,2864283782,2864284920,15922,1138
5425.368337,2864292002,2864293147,15951,1145
5425.379897,2864300265,2864301409,15837,1144
5425.390418,2864308416,2864309561,15935,1145
5425.400333,2864316658,2864317803,15972,1145
5425.411462,2864324771,2864325916,15921,1145
5425.420331,2864333006,2864334146,15941,1140
5425.432329,2864341217,2864342362,15996,1145
5425.443015,2864349382,2864350527,15829,1145
5425.452329,2864357646,2864358791,15934,1145
5425.464062,2864365865,2864367006,15984,1141
5425.474576,2864374051,2864375194,15825,1143
5425.484329,2864382245,2864383390,15946,1145
5425.495623,2864390473,2864391618,15984,1145
5425.504327,2864398619,2864399759,15828,1140
5425.516328,2864406748,2864407889,15952,1141
5425.527183,2864414904,2864416048,16001,1144
5425.536330,2864423274,2864424419,15830,1145
5425.548219,2864431520,2864432660,15939,1140
5425.558741,2864439839,2864440983,15987,1144
5425.568329,2864447999,2864449139,15828,1140
5425.579777,2864456190,2864457334,15929,1144
5425.588329,2864464474,2864465614,15961,1140
5425.600328,2864472661,2864473805,15844,1144
5425.611337,2864480831,2864481974,15852,1143
5425.620331,2864488961,2864490106,15966,1145
5425.632330,2864497136,2864498281,15829,1145
5425.642897,2864505421,2864506566,15938,1145
5425.652330,2864513620,2864514760,16069,1140
5425.663935,2864521851,2864522996,15849,1145
5425.674459,2864530246,2864531389,15936,1143
5425.684331,2864538602,2864539747,15989,1145
5425.695495,2864546743,2864547888,15904,1145
5425.704329,2864554888,2864556033,15941,1145
5425.716333,2864563012,2864564156,16026,1144
5425.727056,2864571184,2864572324,15833,1140
5425.736330,2864579540,2864580680,16023,1140
5425.748102,2864587676,2864588820,16004,1144
5425.758624,2864595919,2864597058,15913,1139
5425.768333,2864604072,2864605216,15942,1144
5425.779665,2864612244,2864613388,15971,1144
5425.788331,2864620432,2864621577,15826,1145
5425.800330,2864628679,2864629820,15938,1141
5425.811222,2864636849,2864637992,15962,1143
5425.820327,2864645263,2864646407,15830,1144
5425.832257,2864653405,2864654545,15939,1140
5425.842784,2864661530,2864662672,15997,1142
5425.852330,2864669671,2864670812,15827,1141
5425.863820,2864677833,2864678975,15965,1142
5425.872327,2864686046,2864687189,15960,1143
5425.884331,2864694270,2864695410,15826,1140
5425.895377,2864702478,2864703622,15937,1144
5425.904328,2864710629,2864711774,15999,1145
5425.916331,2864718801,2864719948,15832,1147
5425.926938,2864726960,2864728101,15940,1141
5425.936336,2864735131,2864736276,15976,1145
5425.947975,2864743325,2864744465,15835,1140
5425.958497,2864751559,2864752698,15853,1139
5425.968333,2864759741,2864760881,15999,1140
5425.979534,2864767883,2864769028,15821,1145
5425.988330,2864776029,2864777170,15944,1141
5426.000327,2864784180,2864785321,15980,1141
5426.011096,2864792362,2864793506,15836,1144
5426.020328,2864800667,2864801811,15936,1144
5426.032143,2864808801,2864809945,15982,1144
5426.042656,2864816972,2864818114,15828,1142
5426.052328,2864825201,2864826346,15942,1145
5426.063704,2864833350,2864834495,15940,1145
5426.072331,2864841489,2864842631,15831,1142
5426.084331,2864849752,2864850892,15922,1140
5426.095265,2864858859,2864860004,16005,1145
5426.104331,2864867840,2864868986,15908,1146
5426.116296,2864877023,2864878168,15935,1145
5426.126824,2864885869,2864887011,15999,1142
5426.136331,2864894999,2864896144,15828,1145
5426.147859,2864904194,2864905339,15940,1145
5426.158383,2864912863,2864914008,15958,1145
5426.168327,2864921117,2864922261,15918,1144
5426.179418,2864929366,2864930506,15937,1140
5426.188330,2864937553,2864938698,15983,1145
5426.200334,2864945799,2864946944,15828,1145
5426.210980,2864954045,2864955190,15956,1145
5426.220329,2864962225,2864963365,16003,1140
5426.232015,2864970360,2864971504,15833,1144
5426.242538,2864978579,2864979720,15937,1141
5426.252330,2864986813,2864987959,16010,1146
5426.263576,2864995088,2864996229,15827,1141
5426.272328,2865003224,2865004363,15953,1139
5426.284327,2865011392,2865012537,15995,1145
5426.295137,2865019584,2865020725,15816,1141
5426.304329,2865027919,2865029065,15848,1146
5426.316183,2865036096,2865037241,15961,1145
5426.326696,2865044319,2865045461,15811,1142
5426.336331,2865052505,2865053651,15941,1146
5426.347743,2865060649,2865061794,15962,1145
5426.356329,2865068845,2865069984,15845,1139
5426.368335,2865076980,2865078124,15934,1144
5426.379305,2865085126,2865086271,15999,1145
5426.388327,2865093299,2865094444,15828,1145
5426.400335,2865101458,2865102603,15937,1145
5426.410864,2865109665,2865110807,15969,1142
5426.420328,2865117861,2865119005,15857,1144
5426.431895,2865126129,2865127272,15884,1143
5426.442426,2865134409,2865135554,15954,1145
5426.452334,2865142624,2865143766,15908,1142
5426.463458,2865150763,2865151903,15942,1140
5426.472328,2865158946,2865160089,15979,1143
5426.484328,2865167136,2865168281,15839,1145
5426.495019,2865175425,2865176570,15932,1145
5426.504333,2865183784,2865184929,15972,1145
5426.516057,2865192027,2865193168,15831,1141
5426.526579,2865200186,2865201328,15939,1142
5426.536334,2865208413,2865209553,15959,1140
5426.547616,2865216529,2865217669,15835,1140
5426.556328,2865224744,2865225884,15984,1140
5426.568328,2865233031,2865234177,15653,1146
5426.579177,2865241287,2865242429,15793,1142
5426.588334,2865249730,2865250871,15988,1141
5426.600224,2865258072,2865259216,15919,1144
5426.610738,2865266215,2865267356,15853,1141
5426.620332,2865274477,2865275617,15993,1140
5426.631783,2865282697,2865283839,15962,1142
5426.640331,2865290875,2865292021,15841,1146
5426.652329,2865299124,2865300266,15846,1142
5426.663344,2865307296,2865308441,15952,1145
5426.672327,2865315545,2865316684,15838,1139
5426.684330,2865323782,2865324923,15944,1141
5426.694906,2865331978,2865333119,15979,1141
5426.704332,2865340164,2865341305,15845,1141
5426.715938,2865348402,2865349547,15938,1145
5426.726465,2865356567,2865357707,16004,1140
5426.736333,2865364882,2865366027,15831,1145
5426.747498,2865373297,2865374441,15933,1144
5426.756330,2865381629,2865382774,15962,1145
5426.768330,2865389773,2865390915,15833,1142
5426.779059,2865398063,2865399205,15923,1142
5426.788331,2865406334,2865407474,15985,1140
5426.800104,2865414646,2865415791,15907,1145
5426.810619,2865422873,2865424019,15941,1146
5426.820330,2865431034,2865432180,15985,1146
5426.831656,2865439277,2865440422,15916,1145
5426.840333,2865447500,2865448641,15946,1141
5426.852329,2865455727,2865456872,16047,1145
5426.863217,2865463942,2865465087,15836,1145
5426.872330,2865472324,2865473467,16022,1143
5426.884263,2865480492,2865481637,15989,1145
5426.894776,2865488653,2865489798,15914,1145
5426.904336,2865496897,2865498042,15959,1145
5426.915823,2865505073,2865506214,16055,1141
5426.926337,2865513258,2865514398,15837,1140
5426.936332,2865521420,2865522561,16024,1141
5426.947385,2865529609,2865530754,15976,1145
5426.956329,2865537830,2865538973,15901,1143
5426.968329,2865546052,2865547193,15942,1141
5426.978945,2865554225,2865555367,16053,1142
5426.988332,2865562354,2865563498,15825,1144
5426.999977,2865570603,2865571744,15847,1141
5427.010505,2865578765,2865579907,15963,1142
5427.020329,2865587057,2865588198,15832,1141
5427.031538,2865595271,2865596412,15937,1141
5427.040329,2865603522,2865604668,16075,1146
5427.052334,2865611695,2865612840,15852,1145
5427.063099,2865619838,2865620982,16019,1144
5427.072328,2865628147,2865629287,15987,1140
5427.084135,2865636318,2865637463,15911,1145
5427.094659,2865644616,2865645761,15943,1145
5427.104331,2865652815,2865653960,16034,1145
5427.115699,2865661008,2865662153,15857,1145
5427.124327,2865669320,2865670465,15941,1145
5427.136333,2865677581,2865678726,15984,1145
5427.147264,2865685715,2865686855,15994,1140
5427.156327,2865693999,2865695145,15939,1146
5427.168303,2865702264,2865703409,16045,1145
5427.178819,2865710487,2865711631,15859,1144
5427.188328,2865718668,2865719810,16024,1142
5427.199864,2865726894,2865728035,15967,1141
5427.210377,2865735042,2865736187,15831,1145
5427.220334,2865743194,2865744339,15938,1145
5427.231425,2865751424,2865752566,15992,1142
5427.240327,2865759716,2865760863,15912,1147
5427.252336,2865767990,2865769135,15937,1145
5427.262984,2865776149,2865777295,16080,1146
5427.272330,2865784320,2865785462,15838,1142
5427.284018,2865792561,2865793701,16022,1140
5427.294545,2865800762,2865801906,15990,1144
5427.304335,2865808877,2865810022,15911,1145
5427.315579,2865817096,2865818240,15945,1144
5427.324329,2865825258,2865826399,15986,1141
5427.336330,2865833494,2865834639,15841,1145
5427.347138,2865841715,2865842861,15925,1146
5427.356329,2865849988,2865851133,15960,1145
5427.368177,2865858182,2865859326,15908,1144
5427.378700,2865866497,2865867642,15942,1145
5427.388332,2865874715,2865875860,16043,1145
5427.399738,2865883003,2865884147,15854,1144
5427.408328,2865891333,2865892478,15938,1145
5427.420332,2865899509,2865900654,15953,1145
5427.431299,2865907657,2865908802,15876,1145
5427.440330,2865915820,2865916962,15936,1142
5427.452328,2865924168,2865925312,15928,1144
5427.462857,2865932487,2865933632,15847,1145
5427.472331,2865940759,2865941900,15883,1141
5427.483903,2865948896,2865950041,15949,1145
5427.494425,2865957120,2865958267,15911,1147
5427.504329,2865965491,2865966636,15942,1145
5427.515464,2865973830,2865974971,15982,1141
5427.524328,2865982235,2865983380,15807,1145
5427.536330,2865990595,2865991737,15933,1142
5427.547026,2865998875,2866000020,15981,1145
5427.556335,2866007196,2866008337,15830,1141
5427.568059,2866015491,2866016632,15938,1141
5427.578585,2866023723,2866024868,15983,1145
5427.588329,2866032024,2866033165,15827,1141
5427.599619,2866040344,2866041486,15949,1142
5427.608332,2866048485,2866049629,15967,1144
5427.620330,2866056732,2866057874,15828,1142
5427.631179,2866064921,2866066066,15912,1145
5427.640332,2866073168,2866074313,15977,1145
5427.652216,2866081311,2866082456,15830,1145
5427.667248,2866094687,2866095832,15848,1145
5427.679269,2866104953,2866106098,15788,1145
5427.691299,2866115363,2866116509,15970,1146
5427.703316,2866125777,2866126924,15936,1147
5427.712333,2866134767,2866135912,15982,1145
5427.724331,2866143937,2866145082,15834,1145
5427.734876,2866153244,2866154390,15934,1146
5427.744336,2866161588,2866162732,15979,1144
5427.755913,2866170013,2866171153,15827,1140
5427.766437,2866178444,2866179590,15911,1146
5427.776332,2866186865,2866188010,15987,1145
5427.787473,2866195118,2866196263,15830,1145
5427.796331,2866203382,2866204527,15953,1145
5427.808336,2866211618,2866212764,15976,1146
5427.819034,2866219915,2866221057,15829,1142
5427.828335,2866228181,2866229326,15938,1145
5427.840081,2866236399,2866237543,15986,1144
5427.850595,2866244648,2866245788,15911,1140
5427.860328,2866252879,2866254020,16006,1141
5427.871642,2866261012,2866262156,16066,1144
5427.880328,2866269177,2866270320,15912,1143
5427.892330,2866277345,2866278491,15856,1146
5427.903201,2866285596,2866286742,15969,1146
5427.912329,2866294050,2866295197,15841,1147
5427.924236,2866302330,2866303476,15984,1146
5427.934763,2866310610,2866311756,16066,1146
5427.944328,2866318796,2866319938,15921,1142
5427.955797,2866326990,2866328134,16021,1144
5427.964332,2866335122,2866336266,16065,1144
5427.976331,2866343365,2866344506,15835,1141
5427.987356,2866351577,2866352722,15940,1145
5427.996333,2866359780,2866360925,15952,1145
5428.008327,2866368088,2866369234,15818,1146
5428.018917,2866376332,2866377477,15938,1145
5428.028328,2866384498,2866385644,16061,1146
5428.039960,2866392670,2866393814,15986,1144
5428.050477,2866400810,2866401955,15944,1145
5428.060329,2866408973,2866410117,15989,1144
5428.071516,2866417188,2866418334,15869,1146
5428.080330,2866425466,2866426613,15946,1147
5428.092332,2866433702,2866434844,15988,1142
5428.103077,2866441902,2866443047,15857,1145
5428.112331,2866450231,2866451375,15936,1144
5428.124122,2866458417,2866459559,15983,1142
5428.134635,2866466589,2866467734,15830,1145
5428.144331,2866474799,2866475941,15957,1142
5428.155682,2866483032,2866484176,15978,1144
5428.164329,2866491322,2866492469,15827,1147
5428.176327,2866499638,2866500779,15936,1141
5428.187242,2866507946,2866509087,15984,1141
5428.196329,2866516205,2866517345,15830,1140
5428.208273,2866524497,2866525642,15887,1145
5428.218802,2866532703,2866533848,15947,1145
5428.228333,2866541048,2866542194,15815,1146
5428.239835,2866549254,2866550394,15849,1140
5428.250363,2866557596,2866558741,15961,1145
5428.260329,2866566177,2866567321,15854,1144
5428.271396,2866574400,2866575545,15943,1145
5428.280333,2866582611,2866583753,15973,1142
5428.292327,2866590870,2866592014,15848,1144
5428.302957,2866599015,2866600161,15940,1146
5428.312328,2866607304,2866608449,15987,1145
5428.323993,2866615518,2866616664,15829,1146
5428.334519,2866623866,2866625008,15940,1142
5428.344329,2866632351,2866633497,15945,1146
5428.355555,2866640547,2866641691,15835,1144
5428.364329,2866648810,2866649955,15933,1145
5428.376327,2866656958,2866658104,15963,1146
5428.387122,2866665178,2866666324,15914,1146
5428.396327,2866673595,2866674741,15912,1146
5428.408161,2866681752,2866682898,15974,1146
5428.418676,2866690116,2866691258,15914,1142
5428.428329,2866698457,2866699600,16021,1143
5428.439721,2866706687,2866707831,16063,1144
5428.448331,2866714979,2866716121,15915,1142
5428.460330,2866723148,2866724290,15932,1142
5428.471282,2866731317,2866732462,15986,1145
5428.480327,2866739655,2866740801,15825,1146
5428.492317,2866747927,2866749067,16037,1140
5428.502843,2866756183,2866757328,16070,1145
5428.512335,2866764402,2866765547,15898,1145
5428.523877,2866772698,2866773839,16030,1141
5428.534403,2866780920,2866782066,15968,1146
5428.544328,2866789152,2866790298,15840,1146
5428.555437,2866797367,2866798510,15939,1143
5428.564332,2866805631,2866806773,15985,1142
5428.576338,2866813952,2866815097,15913,1145
5428.586996,2866822119,2866823265,15932,1146
5428.596329,2866830284,2866831429,16045,1145
5428.608033,2866838519,2866839665,15834,1146
5428.620064,2866847910,2866849056,15980,1146
5428.630578,2866856261,2866857406,15830,1145
5428.640328,2866864548,2866865694,15956,1146
5428.651625,2866872839,2866873981,15976,1142
5428.660327,2866881075,2866882217,15832,1142
5428.672334,2866889262,2866890405,15938,1143
5428.683185,2866897466,2866898612,15965,1146
5428.692331,2866905707,2866906852,15833,1145
5428.704220,2866913917,2866915062,15934,1145
5428.714746,2866922153,2866923295,15982,1142
5428.724331,2866930326,2866931471,15862,1145
5428.735778,2866938523,2866939668,15850,1145
5428.744336,2866946960,2866948104,15965,1144
5428.756332,2866955323,2866956468,15836,1145
5428.767340,2866963544,2866964689,15941,1145
5428.776331,2866971862,2866973007,15961,1145
5428.788330,2866980183,2866981322,15850,1139
5428.798900,2866988413,2866989555,15939,1142
5428.808328,2866996698,2866997839,15982,1141
5428.819937,2867004990,2867006135,15830,1145
5428.830460,2867013370,2867014515,15936,1145
5428.840329,2867021628,2867022774,15944,1146
5428.851497,2867029817,2867030959,15828,1142
5428.860328,2867038105,2867039252,15936,1147
5428.872328,2867046371,2867047516,15961,1145
5428.883065,2867054565,2867055706,15906,1141
5428.892332,2867063001,2867064147,15939,1146
5428.904104,2867071293,2867072435,15983,1142
5428.914621,2867079636,2867080781,15860,1145
5428.924335,2867088002,2867089148,15925,1146
5428.935664,2867096178,2867097324,15969,1146
5428.944328,2867104450,2867105592,15823,1142
5428.956329,2867112649,2867113791,15941,1142
5428.967225,2867120807,2867121953,15981,1146
5428.976334,2867128997,2867130143,15838,1146
5428.988261,2867137288,2867138432,15956,1144
5428.998786,2867145557,2867146702,15963,1145
5429.008329,2867154001,2867155147,15832,1146
5429.019819,2867162403,2867163548,15938,1145
5429.030345,2867170709,2867171850,16015,1141
5429.040326,2867179101,2867180243,15829,1142
5429.051380,2867187301,2867188442,15938,1141
5429.060332,2867195530,2867196676,15985,1146
5429.072329,2867203685,2867204829,15829,1144
5429.082939,2867211861,2867213006,15850,1145
5429.092328,2867220009,2867221155,15969,1146
5429.103977,2867228163,2867229305,15831,1142
5429.114501,2867236547,2867237688,15932,1141
5429.124328,2867244889,2867246034,15962,1145
5429.135538,2867253132,2867254277,15843,1145
5429.144329,2867261376,2867262522,15946,1146
5429.156330,2867269569,2867270715,15984,1146
5429.167098,2867277939,2867279084,15829,1145
5429.176327,2867286430,2867287577,15937,1147
5429.188144,2867294675,2867295816,15948,1141
5429.198659,2867302790,2867303935,15828,1145
5429.208331,2867311112,2867312253,15943,1141
5429.219705,2867319310,2867320455,15964,1145
5429.228332,2867327575,2867328716,15911,1141
5429.240335,2867336502,2867337647,15881,1145
5429.254267,2867348741,2867349887,15933,1146
5429.264333,2867357621,2867358767,15966,1146
5429.275303,2867367176,2867368322,15834,1146
5429.284331,2867376142,2867377289,15961,1147
5429.296335,2867385410,2867386556,15970,1146
5429.306866,2867394428,2867395575,15837,1147
5429.316328,2867402806,2867403951,15936,1145
5429.327910,2867411202,2867412348,15971,1146
5429.338425,2867419504,2867420647,15836,1143
5429.348328,2867427772,2867428917,15889,1145
5429.359473,2867435993,2867437139,16006,1146
5429.368328,2867444310,2867445452,15823,1142
5429.380328,2867452501,2867453642,15843,1141
5429.391031,2867460690,2867461836,15966,1146
5429.400330,2867469111,2867470257,15857,1146
5429.412066,2867477414,2867478560,15944,1146
5429.422592,2867485659,2867486804,15997,1145
5429.432329,2867493912,2867495059,15822,1147
5429.443627,2867502299,2867503443,15946,1144
5429.452328,2867510493,2867511635,15968,1142
5429.464329,2867518803,2867519949,15864,1146
5429.475184,2867527098,2867528244,15886,1146
5429.484330,2867535611,2867536757,15947,1146
5429.496223,2867543903,2867545048,15827,1145
5429.506747,2867552249,2867553394,15941,1145
5429.516332,2867560570,2867561715,15967,1145
5429.527791,2867568905,2867570051,15909,1146
5429.536328,2867577170,2867578309,15935,1139
5429.548330,2867585417,2867586564,15966,1147
5429.559345,2867593688,2867594832,15835,1144
5429.568331,2867602011,2867603158,15946,1147
5429.580329,2867610266,2867611412,15964,1146
5429.590906,2867618521,2867619668,15831,1147
5429.600333,2867626768,2867627909,15940,1141
5429.611951,2867634994,2867636140,15966,1146
5429.622465,2867643346,2867644488,15834,1142
5429.642003,2867656102,2867656794,13769,692
5429.652332,2867661325,2867661957,12005,632
5429.664332,2867665717,2867666592,13860,875
5429.675069,2867673526,2867674660,15967,1134
5429.684336,2867681781,2867682922,15914,1141
5429.696103,2867689921,2867691067,15854,1146
5429.706631,2867698091,2867699235,15984,1144
5429.716327,2867706362,2867707504,15916,1142
5429.727662,2867714523,2867715669,15835,1146
5429.736332,2867722791,2867723931,15971,1140
5429.748330,2867731013,2867732160,15914,1147
5429.759224,2867739244,2867740391,15867,1147
5429.768327,2867747631,2867748772,15979,1141
5429.780269,2867755775,2867756917,15914,1142
5429.790785,2867763939,2867765084,15844,1145
5429.800328,2867772194,2867773340,15935,1146
5429.811828,2867780515,2867781661,15917,1146
5429.822345,2867788657,2867789799,15861,1142
5429.832327,2867796854,2867798000,15971,1146
5429.843390,2867805166,2867806312,15912,1146
5429.852328,2867813465,2867814610,15846,1145
5429.864330,2867821763,2867822904,15962,1141
5429.874950,2867829910,2867831052,15907,1142
5429.884333,2867838043,2867839185,15864,1142
5429.895989,2867846383,2867847528,15984,1145
5429.906511,2867854747,2867855893,15915,1146
5429.916329,2867863049,2867864195,15833,1146
5429.927549,2867871245,2867872387,15986,1142
5429.936332,2867879559,2867880700,15915,1141
5429.948330,2867887830,2867888976,15864,1146
5429.959112,2867896045,2867897191,15983,1146
5429.968335,2867904389,2867905534,15907,1145
5429.980143,2867912579,2867913725,15836,1146
5429.990669,2867920756,2867921903,15970,1147
5430.000328,2867929045,2867930187,15916,1142
5430.011703,2867937216,2867938362,15864,1146
5430.020333,2867945512,2867946656,15985,1144
5430.032328,2867953837,2867954983,15898,1146
5430.043264,2867962151,2867963297,15844,1146
5430.052328,2867970405,2867971547,15975,1142
5430.064309,2867978608,2867979751,15915,1143
5430.074823,2867986830,2867987975,15838,1145
5430.084331,2867995336,2867996483,15969,1147
5430.095875,2868003542,2868004686,15938,1144
5430.106385,2868011756,2868012901,15829,1145
5430.116334,2868019971,2868021117,15986,1146
5430.127430,2868028165,2868029311,15909,1146
5430.136327,2868036512,2868037651,15833,1139
5430.148335,2868043324,2868044458,15837,1134
5430.158993,2868051530,2868052671,15918,1141
5430.168334,2868059828,2868060970,15836,1142
5430.180032,2868068171,2868069317,15979,1146
5430.190551,2868076495,2868077641,15913,1146
5430.200328,2868084773,2868085920,15854,1147
5430.211594,2868092974,2868094115,16080,1141
5430.220327,2868101438,2868102583,15996,1145
5430.232334,2868109632,2868110775,15836,1143
5430.243151,2868117780,2868118925,15992,1145
5430.252330,2868126081,2868127226,15921,1145
5430.264185,2868134308,2868135451,15863,1143
5430.274711,2868142483,2868143624,16000,1141
5430.284328,2868150899,2868152041,15917,1142
5430.295743,2868159333,2868160474,15833,1141
5430.304330,2868167624,2868168770,15971,1146
5430.316329,2868175827,2868176974,15917,1147
5430.327304,2868184037,2868185182,15870,1145
5430.336330,2868192430,2868193574,15957,1144
5430.348331,2868200809,2868201955,15921,1146
5430.358865,2868209233,2868210379,15831,1146
5430.368326,2868217439,2868218585,15972,1146
5430.379909,2868225638,2868226784,15920,1146
5430.390428,2868233927,2868235072,15889,1145
5430.400333,2868242273,2868243415,16069,1142
5430.411470,2868250560,2868251705,15922,1145
5430.420331,2868258798,2868259940,15843,1142
5430.432327,2868267046,2868268191,15978,1145
5430.443029,2868275340,2868276487,15998,1147
5430.452331,2868283715,2868284860,15858,1145
5430.464073,2868292086,2868293230,16001,1144
5430.474591,2868300414,2868301559,15915,1145
5430.484333,2868308763,2868309904,15843,1141
5430.495630,2868317066,2868318212,15994,1146
5430.504334,2868325236,2868326382,15918,1146
5430.516331,2868333531,2868334676,15852,1145
5430.527191,2868341871,2868343014,15987,1143
5430.536327,2868350080,2868351220,15919,1140
5430.548223,2868358453,2868359599,15842,1146
5430.558749,2868366868,2868368015,15973,1147
5430.568335,2868375174,2868376320,15913,1146
5430.579784,2868383453,2868384599,15859,1146
5430.588330,2868391781,2868392922,16007,1141
5430.600335,2868400126,2868401272,15895,1146
5430.611344,2868408305,2868409451,15843,1146
5430.620330,2868416771,2868417914,16031,1143
5430.632334,2868425053,2868426198,15912,1145
5430.642904,2868433380,2868434523,15835,1143
5430.652329,2868441748,2868442892,15959,1144
5430.663950,2868449883,2868451025,15916,1142
5430.674467,2868458126,2868459271,15877,1145
5430.684330,2868466521,2868467668,15945,1147
5430.695509,2868474849,2868475992,15904,1143
5430.704329,2868483287,2868484435,15865,1148
5430.716327,2868491758,2868492903,15984,1145
5430.727071,2868499950,2868501095,15915,1145
5430.736329,2868508397,2868509537,15877,1140
5430.748109,2868516615,2868517756,15964,1141
5430.758630,2868524939,2868526082,15912,1143
5430.768334,2868533202,2868534349,15855,1147
5430.779671,2868541418,2868542564,15991,1146
5430.788334,2868549667,2868550813,15916,1146
5430.800331,2868557869,2868559014,15842,1145
5430.811231,2868566744,2868567890,15968,1146
5430.820331,2868575845,2868576990,15914,1145
5430.832263,2868585189,2868586335,15865,1146
5430.842791,2868594530,2868595675,15984,1145
5430.854808,2868605206,2868606352,15843,1146
5430.864332,2868614433,2868615578,15970,1145
5430.875854,2868624625,2868625797,15919,1172
5430.886368,2868633105,2868634273,15839,1168
5430.896328,2868641459,2868642605,15997,1146
5430.907415,2868649881,2868651026,15916,1145
5430.916329,2868658160,2868659331,15824,1171
5430.928332,2868666511,2868667656,15987,1145
5430.938974,2868675007,2868676154,15917,1147
5430.948327,2868683529,2868684674,15852,1145
5430.960014,2868691799,2868692942,15972,1143
5430.970536,2868700272,2868701416,15913,1144
5430.980332,2868708796,2868709941,15831,1145
5430.991574,2868717211,2868718358,15955,1147
5431.000330,2868725559,2868726705,15920,1146
5431.012335,2868733880,2868735026,15843,1146
5431.023135,2868742251,2868743397,15995,1146
5431.032327,2868750716,2868751864,15919,1148
5431.044167,2868759112,2868760259,15831,1147
5431.054696,2868767786,2868768932,16005,1146
5431.064328,2868776483,2868777628,15915,1145
5431.075729,2868784860,2868786002,15851,1142
5431.084331,2868793435,2868794575,16018,1140
5431.096333,2868801830,2868802976,15896,1146
5431.107288,2868810105,2868811248,15825,1143
5431.116328,2868818478,2868819624,15998,1146
5431.128333,2868826744,2868827886,15909,1142
5431.138848,2868835033,2868836178,15852,1145
5431.148329,2868843556,2868844726,15987,1170
5431.159897,2868851927,2868853073,15884,1146
5431.170409,2868860128,2868861267,15833,1139
5431.180332,2868868450,2868869595,15981,1145
5431.191454,2868876644,2868877790,15914,1146
5431.200333,2868885042,2868886188,15851,1146
5431.212332,2868893321,2868894463,16019,1142
5431.223016,2868901540,2868902686,15917,1146
5431.232327,2868910002,2868911147,15865,1145
5431.244053,2868918493,2868919639,15982,1146
5431.254574,2868926946,2868928092,15914,1146
5431.264331,2868935319,2868936464,15838,1145
5431.275616,2868943908,2868945049,16024,1141
5431.284332,2868952366,2868953507,15917,1141
5431.296334,2868960556,2868961697,15828,1141
5431.307174,2868968752,2868969894,15981,1142
5431.316330,2868977051,2868978197,15912,1146
5431.328209,2868985419,2868986561,15878,1142
5431.338737,2868993920,2868995064,16000,1144
5431.348330,2869002224,2869003369,15913,1145
5431.359767,2869010501,2869011646,15832,1145
5431.368330,2869018729,2869019874,15982,1145
5431.380332,2869027031,2869028178,15992,1147
5431.391327,2869035457,2869036602,15833,1145
5431.400329,2869043701,2869044842,16083,1141
5431.412333,2869052117,2869053265,15995,1148
5431.422888,2869060453,2869061598,15838,1145
5431.432333,2869068878,2869070019,16068,1141
5431.443933,2869077415,2869078561,15918,1146
5431.454453,2869085814,2869086961,15991,1147
5431.464334,2869094127,2869095268,16023,1141
5431.475495,2869102497,2869103643,15918,1146
5431.484331,2869110784,2869111927,15831,1143
5431.496329,2869119049,2869120192,15984,1143
5431.507054,2869127425,2869128572,15914,1147
5431.516327,2869136122,2869137270,15853,1148
5431.528095,2869144422,2869145568,15971,1146
5431.538617,2869152663,2869153809,15913,1146
5431.548334,2869160896,2869162042,15832,1146
5431.559654,2869169169,2869170316,15983,1147
5431.568329,2869177474,2869178619,15912,1145
5431.580330,2869185724,2869186867,15839,1143
5431.591214,2869194015,2869195156,15977,1141
5431.600328,2869202266,2869203412,15914,1146
5431.612248,2869210660,2869211805,15845,1145
5431.622775,2869219207,2869220354,15983,1147
5431.632332,2869227642,2869228789,15910,1147
5431.643812,2869235932,2869237078,15882,1146
5431.652331,2869244479,2869245624,15997,1145
5431.664335,2869252803,2869253948,15916,1145
5431.675368,2869261004,2869262150,15829,1146
5431.684330,2869269275,2869270420,15970,1145
5431.696335,2869277529,2869278675,15917,1146
5431.706928,2869285884,2869287031,15941,1147
5431.716329,2869294335,2869295481,15989,1146
5431.727974,2869302852,2869303995,15969,1143
5431.738488,2869311270,2869312416,15848,1146
5431.748333,2869319815,2869320961,16056,1146
5431.759533,2869328156,2869329301,15920,1145
5431.768328,2869336453,2869337622,15941,1169
5431.780328,2869344732,2869345879,15993,1147
5431.791094,2869353011,2869354158,15998,1147
5431.800329,2869361387,2869362533,15856,1146
5431.812135,2869369693,2869370838,16085,1145
5431.822653,2869378069,2869379215,15913,1146
5431.832332,2869386519,2869387666,15863,1147
5431.843695,2869394908,2869396053,15984,1145
5431.852333,2869403159,2869404306,15907,1147
5431.864329,2869411440,2869412586,15844,1146
5431.875253,2869419698,2869420846,15970,1148
5431.884329,2869428222,2869429366,15923,1144
5431.896289,2869436807,2869437954,15836,1147
5431.906817,2869445461,2869446608,16000,1147
5431.916329,2869453916,2869455062,15916,1146
5431.927848,2869462365,2869463512,15830,1147
5431.938376,2869470621,2869471766,15985,1145
5431.948334,2869478953,2869480099,15912,1146
5431.959406,2869487430,2869488577,15840,1147
5431.968329,2869495807,2869496953,15998,1146
5431.980330,2869504112,2869505259,15920,1147
5431.990968,2869512470,2869513617,15828,1147
5432.000335,2869520995,2869522141,15986,1146
5432.012013,2869529583,2869530729,15907,1146
5432.022529,2869538081,2869539227,15842,1146
5432.032333,2869546430,2869547575,15999,1145
5432.043576,2869554611,2869555757,15925,1146
5432.052333,2869563057,2869564202,15913,1145
5432.064332,2869571389,2869572558,15980,1169
5432.075135,2869579838,2869580985,16004,1147
5432.084327,2869588342,2869589486,15855,1144
5432.096176,2869596846,2869597992,15985,1146
5432.106696,2869605251,2869606397,15916,1146
5432.116328,2869613701,2869614848,15829,1147
5432.127736,2869622200,2869623347,15946,1147
5432.136332,2869630947,2869632093,15910,1146
5432.148329,2869639408,2869640555,15847,1147
5432.159296,2869647844,2869648990,16016,1146
5432.168328,2869656312,2869657457,15918,1145
5432.180327,2869664639,2869665784,15835,1145
5432.190855,2869673201,2869674348,15982,1147
5432.200329,2869681584,2869682730,15914,1146
5432.211887,2869689856,2869691002,15853,1146
5432.222417,2869698252,2869699394,15997,1142
5432.232327,2869706576,2869707724,15935,1148
5432.243448,2869715029,2869716176,15831,1147
5432.252328,2869723503,2869724649,15989,1146
5432.264330,2869731979,2869733124,15917,1145
5432.275008,2869740372,2869741518,15859,1146
5432.284330,2869748728,2869749872,16083,1144
5432.296055,2869757067,2869758209,15918,1142
5432.306568,2869765538,2869766685,15814,1147
5432.316327,2869773972,2869775118,15979,1146
5432.327614,2869782396,2869783541,15913,1145
5432.336331,2869790726,2869791872,15850,1146
5432.348336,2869799158,2869800304,15999,1146
5432.359178,2869807628,2869808775,15908,1147
5432.368336,2869816251,2869817395,15832,1144
5432.383216,2869827822,2869828964,15799,1142
5432.395245,2869838558,2869839705,15867,1147
5432.404331,2869847719,2869848866,15822,1147
5432.416284,2869857112,2869858259,15983,1147
5432.426804,2869866317,2869867460,15912,1143
5432.436332,2869875650,2869876796,15854,1146
5432.447846,2869885276,2869886448,15952,1172
5432.458366,2869894055,2869895202,15920,1147
5432.468332,2869902486,2869903631,15832,1145
5432.479403,2869911047,2869912194,15976,1147
5432.488327,2869919475,2869920623,15915,1148
5432.500332,2869927874,2869929023,15859,1149
5432.510964,2869936233,2869937380,15982,1147
5432.520329,2869944590,2869945735,15920,1145
5432.531998,2869953201,2869954346,15843,1145
5432.542523,2869961673,2869962817,15970,1144
5432.552328,2869970125,2869971269,15912,1144
5432.563557,2869978572,2869979717,15862,1145
5432.572331,2869987004,2869988154,15951,1150
5432.584330,2869995561,2869996707,15916,1146
5432.595118,2870003897,2870005043,15841,1146
5432.604329,2870012643,2870013789,15971,1146
5432.616161,2870021095,2870022240,15922,1145
5432.626680,2870029344,2870030488,15960,1144
5432.636328,2870037837,2870038983,15991,1146
5432.647724,2870046112,2870047258,16000,1146
5432.656330,2870054537,2870055685,15934,1148
5432.668330,2870062970,2870064115,16010,1145
5432.679282,2870071447,2870072592,15923,1145
5432.688332,2870080108,2870081255,15865,1147
5432.700325,2870088567,2870089714,15991,1147
5432.710844,2870096905,2870098053,15915,1148
5432.720330,2870105389,2870106532,15845,1143
5432.731882,2870113916,2870115060,15970,1144
5432.742402,2870122273,2870123420,15913,1147
5432.752334,2870130875,2870132021,15848,1146
5432.763444,2870139502,2870140649,15987,1147
5432.772332,2870148031,2870149178,15908,1147
5432.784331,2870156477,2870157624,15845,1147
5432.795002,2870164881,2870166027,15975,1146
5432.804331,2870173280,2870174428,15911,1148
5432.816036,2870181930,2870183075,15868,1145
5432.826564,2870190383,2870191529,15983,1146
5432.836329,2870198738,2870199886,15908,1148
5432.847596,2870207096,2870208241,15844,1145
5432.856328,2870215323,2870216470,15946,1147
5432.868329,2870223896,2870225041,15918,1145
5432.879162,2870232353,2870233500,15890,1147
5432.888329,2870240978,2870242125,15979,1147
5432.900203,2870249362,2870250509,15913,1147
5432.910717,2870257886,2870259034,15846,1148
5432.920329,2870266462,2870267609,15971,1147
5432.931761,2870274916,2870276059,15919,1143
5432.940328,2870283264,2870284411,15946,1147
5432.952332,2870291718,2870292862,16082,1144
5432.963323,2870300123,2870301272,15911,1149
5432.972335,2870308529,2870309675,15854,1146
5432.984335,2870316906,2870318053,15971,1147
5432.994883,2870325207,2870326354,16002,1147
5433.004336,2870333585,2870334731,15949,1146
5433.015923,2870341920,2870343067,16066,1147
5433.026444,2870350297,2870351445,15924,1148
5433.036334,2870358506,2870359654,15851,1148
5433.047482,2870367055,2870368202,15980,1147
5433.056327,2870375366,2870376512,15915,1146
5433.068329,2870383692,2870384833,15847,1141
5433.079044,2870391996,2870393142,15984,1146
5433.088330,2870400473,2870401621,15913,1148
5433.100077,2870408973,2870410119,15835,1146
5433.112105,2870418411,2870419556,15972,1145
5433.122622,2870426990,2870428138,15867,1148
5433.132329,2870435622,2870436770,16067,1148
5433.143666,2870444093,2870445240,15923,1147
5433.152331,2870452535,2870453680,15852,1145
5433.164331,2870460765,2870461912,15974,1147
5433.175226,2870469222,2870470368,15995,1146
5433.184330,2870477624,2870478766,15870,1142
5433.196265,2870485906,2870487051,16066,1145
5433.206787,2870494111,2870495256,15924,1145
5433.216332,2870502615,2870503758,15843,1143
5433.227826,2870510968,2870512111,15994,1143
5433.238346,2870519319,2870520465,15994,1146
5433.248328,2870527720,2870528863,15856,1143
5433.259387,2870536172,2870537319,16071,1147
5433.268329,2870544792,2870545940,15921,1148
5433.280331,2870553223,2870554371,15915,1148
5433.290945,2870561673,2870562820,15968,1147
5433.300331,2870569978,2870571120,15994,1142
5433.311979,2870578330,2870579477,15867,1147
5433.322509,2870586985,2870588130,16002,1145
5433.332328,2870595559,2870596706,15916,1147
5433.343540,2870603889,2870605037,15831,1148
5433.352331,2870612270,2870613416,15981,1146
5433.364328,2870620670,2870621818,15912,1148
5433.375101,2870629049,2870630197,15850,1148
5433.384327,2870637690,2870638835,15998,1145
5433.396147,2870645947,2870647093,15917,1146
5433.406661,2870654325,2870655471,15835,1146
5433.416329,2870662895,2870664042,15982,1147
5433.427706,2870671447,2870672589,15901,1142
5433.436328,2870679848,2870680991,15852,1143
5433.448336,2870688270,2870689416,16014,1146
5433.459268,2870696771,2870697918,15902,1147
5433.468328,2870705441,2870706586,15834,1145
5433.480306,2870713916,2870715063,15987,1147
5433.490827,2870722223,2870723369,15916,1146
5433.500334,2870730604,2870731748,15852,1144
5433.511868,2870738938,2870740085,15998,1147
5433.522390,2870747524,2870748671,15909,1147
5433.532327,2870755853,2870757001,15823,1148
5433.543426,2870764282,2870765429,15982,1147
5433.552327,2870772925,2870774072,15921,1147
5433.564335,2870781502,2870782649,15836,1147
5433.574989,2870789854,2870791002,15998,1148
5433.584327,2870798379,2870799525,15918,1146
5433.596018,2870806831,2870807977,15806,1146
5433.606548,2870815427,2870816570,15988,1143
5433.616330,2870823782,2870824929,15906,1147
5433.627580,2870832261,2870833409,15850,1148
5433.636327,2870840819,2870841966,16002,1147
5433.648330,2870849498,2870850646,15833,1148
5433.659144,2870857808,2870858956,15945,1148
5433.668330,2870866483,2870867630,15972,1147
5433.680179,2870875032,2870876179,15836,1147
5433.690704,2870883584,2870884731,15933,1147
5433.700328,2870892060,2870893205,15954,1145
5433.711741,2870900660,2870901807,15834,1147
5433.720332,2870908937,2870910084,15944,1147
5433.732331,2870917436,2870918582,15956,1146
5433.743308,2870925935,2870927083,15909,1148
5433.752326,2870934287,2870935434,15944,1147
5433.764327,2870942644,2870943791,15971,1147
5433.774861,2870951092,2870952238,15835,1146
5433.784329,2870959549,2870960695,15949,1146
5433.795907,2870968046,2870969192,15972,1146
5433.806421,2870976471,2870977618,15832,1147
5433.816330,2870984850,2870985996,15945,1146
5433.827468,2870993250,2870994393,15966,1143
5433.836333,2871001721,2871002868,15824,1147
5433.848327,2871010031,2871011178,15959,1147
5433.859029,2871018457,2871019602,15972,1145
5433.868328,2871027003,2871028151,15815,1148
5433.880063,2871035556,2871036703,15939,1147
5433.890589,2871043927,2871045074,15967,1147
5433.900331,2871052448,2871053593,15834,1145
5433.911625,2871060774,2871061917,15949,1143
5433.920327,2871069193,2871070339,15969,1146
5433.932332,2871077638,2871078809,15832,1171
5433.943182,2871086187,2871087333,15851,1146
5433.952328,2871094762,2871095908,15970,1146
5433.964221,2871104102,2871105249,15832,1147
5433.974743,2871113563,2871114706,15948,1143
5433.984331,2871123051,2871124221,15971,1170
5433.995782,2871132496,2871133643,15838,1147
5434.006304,2871141958,2871143102,15942,1144
5434.016332,2871151278,2871152424,15971,1146
5434.027341,2871160741,2871161912,15832,1171
5434.036334,2871169368,2871170538,15943,1170
5434.048328,2871177816,2871178962,15954,1146
5434.058901,2871186457,2871187604,15826,1147
5434.068327,2871194931,2871196079,15948,1148
5434.079948,2871203363,2871204510,15962,1147
5434.090468,2871211885,2871213033,15911,1148
5434.100334,2871220418,2871221563,15945,1145
5434.111508,2871228826,2871229968,15959,1142
5434.120331,2871237123,2871238270,15828,1147
5434.132335,2871245468,2871246616,15928,1148
5434.143067,2871254068,2871255214,15971,1146
5434.152329,2871262549,2871263698,15832,1149
5434.164103,2871271082,2871272229,15945,1147
5434.174630,2871279654,2871280801,15972,1147
5434.184331,2871288202,2871289348,15834,1146
5434.195666,2871296504,2871297650,15965,1146
5434.204331,2871304929,2871306076,15965,1147
5434.216330,2871313523,2871314669,15833,1146
5434.227223,2871321849,2871322996,15945,1147
5434.236327,2871330248,2871331396,15974,1148
5434.248261,2871338704,2871339851,15832,1147
5434.258784,2871347064,2871348210,15949,1146
5434.268330,2871355601,2871356748,15966,1147
5434.279821,2871364029,2871365176,15833,1147
5434.290344,2871372675,2871373822,15845,1147
5434.300330,2871381488,2871382634,15969,1146
5434.311381,2871390092,2871391239,15831,1147
5434.320328,2871398571,2871399718,15943,1147
5434.332329,2871407094,2871408242,15960,1148
5434.342942,2871415593,2871416739,15848,1146
5434.352328,2871424145,2871425293,15941,1148
5434.363988,2871432822,2871433968,15977,1146
5434.374501,2871441253,2871442400,15828,1147
5434.384332,2871449556,2871450702,15943,1146
5434.395548,2871458181,2871459328,15952,1147
5434.404330,2871466463,2871467610,15834,1147
5434.416330,2871475027,2871476174,15942,1147
5434.427109,2871483401,2871484548,15969,1147
5434.436330,2871491971,2871493118,15912,1147
5434.448143,2871500470,2871501616,15945,1146
5434.458669,2871508696,2871509843,15969,1147
5434.468331,2871517166,2871518314,15822,1148
5434.479705,2871525619,2871526766,15938,1147
5434.488331,2871533923,2871535069,15973,1146
5434.500330,2871542351,2871543496,15818,1145
5434.511264,2871550822,2871551968,15949,1146
5434.520329,2871559344,2871560491,15971,1147
5434.532300,2871567605,2871568752,15837,1147
5434.542825,2871576100,2871577244,15958,1144
5434.552332,2871584554,2871585697,15975,1143
5434.563860,2871592886,2871594030,15825,1144
5434.574387,2871601211,2871602355,15940,1144
5434.584331,2871609715,2871610861,15966,1146
5434.595421,2871618044,2871619191,15834,1147
5434.604330,2871626474,2871627646,15890,1172
5434.616330,2871634875,2871636022,15963,1147
5434.626982,2871643297,2871644443,15830,1146
5434.636333,2871651882,2871653029,15848,1147
5434.648028,2871660506,2871661652,15968,1146
5434.658541,2871668952,2871670100,15822,1148
5434.668330,2871677730,2871678876,15945,1146
5434.679589,2871686229,2871687376,15970,1147
5434.688331,2871694530,2871695677,15847,1147
5434.700331,2871702956,2871704099,15946,1143
5434.711149,2871711280,2871712451,15969,1171
5434.720336,2871719753,2871720900,15834,1147
5434.732181,2871728130,2871729277,15895,1147
5434.742710,2871736585,2871737732,15999,1147
5434.752329,2871745166,2871746317,15860,1151
5434.763743,2871753575,2871754722,15945,1147
5434.772329,2871762084,2871763230,15969,1146
5434.784332,2871770608,2871771754,15910,1146
5434.795304,2871778992,2871780140,15945,1148
5434.804329,2871787443,2871788591,15971,1148
5434.816331,2871795843,2871796989,15832,1146
5434.826864,2871804224,2871805372,15944,1148
5434.836326,2871812753,2871813899,15974,1146
5434.847901,2871821157,2871822304,15831,1147
5434.858425,2871829581,2871830727,15944,1146
5434.868331,2871837986,2871839133,15967,1147
5434.879464,2871846486,2871847633,15868,1147
5434.888332,2871854962,2871856105,15963,1143
5434.900330,2871863485,2871864626,15970,1141
5434.911022,2871872227,2871873375,15839,1148
5434.920332,2871881078,2871882224,15946,1146
5434.932068,2871889602,2871890753,15959,1151
5434.942582,2871898085,2871899231,15829,1146
5434.952330,2871906703,2871907851,15956,1148
5434.963629,2871915156,2871916299,15971,1143
5434.972334,2871923524,2871924671,15832,1147
5434.984328,2871931973,2871933120,15885,1147
5434.995190,2871940310,2871941456,15965,1146
5435.004329,2871948711,2871949858,15830,1147
5435.016223,2871957117,2871958262,15945,1145
5435.026749,2871965595,2871966738,15971,1143
5435.036331,2871973948,2871975095,15847,1147
5435.047786,2871982299,2871983442,15948,1143
5435.056327,2871990722,2871991868,15969,1146
5435.068331,2871999047,2872000195,15829,1148
5435.079344,2872007361,2872008507,15948,1146
5435.088329,2872015854,2872017025,15950,1171
5435.100333,2872024391,2872025536,15834,1145
5435.110904,2872033018,2872034166,15947,1148
5435.120331,2872041394,2872042541,15969,1147
5435.131950,2872050053,2872051200,15907,1147
5435.142465,2872058575,2872059721,15930,1146
5435.152329,2872067364,2872068510,16007,1146
5435.163501,2872075893,2872077037,15821,1144
5435.172330,2872084395,2872085566,15948,1171
5435.184329,2872093050,2872094198,15963,1148
5435.195064,2872101669,2872102817,15862,1148
5435.204327,2872110258,2872111429,15924,1171
5435.216108,2872118935,2872120082,15964,1147
5435.226625,2872127677,2872128849,15863,1172
5435.236331,2872136256,2872137403,15961,1147
5435.247670,2872144911,2872146060,15970,1149
5435.256329,2872153630,2872154776,15833,1146
5435.268333,2872162087,2872163260,15921,1173
5435.279229,2872170597,2872171744,15972,1147
5435.288327,2872179194,2872180365,15862,1171
5435.300263,2872187771,2872188917,15949,1146
5435.310791,2872196599,2872197746,15984,1147
5435.320328,2872205026,2872206172,15831,1146
5435.331824,2872213524,2872214671,15842,1147
5435.342350,2872222053,2872223199,15967,1146
5435.352328,2872230796,2872231967,15831,1171
5435.363384,2872239316,2872240462,15944,1146
5435.372327,2872248021,2872249170,16017,1149
5435.384336,2872256497,2872257645,15847,1148
5435.394945,2872264971,2872266117,15929,1146
5435.404327,2872273424,2872274572,15958,1148
5435.415981,2872281943,2872283089,15814,1146
5435.426506,2872290442,2872291614,15934,1172
5435.436329,2872298992,2872300139,15961,1147
5435.447541,2872307642,2872308788,15831,1146
5435.456331,2872316123,2872317269,15936,1146
5435.468327,2872324667,2872325814,15970,1147
5435.479109,2872333270,2872334418,15912,1148
5435.488327,2872341995,2872343141,15944,1146
5435.500150,2872350571,2872351716,15958,1145
5435.510663,2872359215,2872360358,15821,1143
5435.520334,2872367661,2872368807,15949,1146
5435.534712,2872379877,2872381049,15951,1172
5435.546733,2872390440,2872391610,15852,1170
5435.556332,2872399841,2872400989,15934,1148
5435.567780,2872409635,2872410806,15967,1171
5435.578300,2872419104,2872420253,15987,1149
5435.590323,2872430165,2872431317,16048,1152
5435.600330,2872439674,2872440846,15912,1172
5435.611356,2872448348,2872449496,15939,1148
5435.620327,2872457103,2872458251,15971,1148
5435.632328,2872465653,2872466823,15874,1170
5435.642916,2872474373,2872475521,15940,1148
5435.652329,2872483217,2872484389,15973,1172
5435.663952,2872491776,2872492923,15835,1147
5435.674476,2872500350,2872501500,15923,1150
5435.684327,2872508857,2872510005,15952,1148
5435.695512,2872517382,2872518529,15834,1147
5435.704328,2872526128,2872527299,15944,1171
5435.716328,2872534678,2872535820,15967,1142
5435.727081,2872543181,2872544328,15910,1147
5435.736330,2872552117,2872553266,15945,1149
5435.748121,2872560745,2872561893,15966,1148
5435.758634,2872569196,2872570345,15835,1149
5435.768334,2872577718,2872578866,15959,1148
5435.779681,2872586274,2872587446,15971,1172
5435.788329,2872594929,2872596102,15860,1173
5435.800330,2872603461,2872604608,15938,1147
5435.811242,2872611894,2872613066,15969,1172
5435.820333,2872620540,2872621688,15838,1148
5435.832278,2872629005,2872630177,15933,1172
5435.842803,2872637608,2872638783,15972,1175
5435.852328,2872646255,2872647402,15833,1147
5435.863836,2872654741,2872655889,15951,1148
5435.874362,2872663320,2872664469,15960,1149
5435.884329,2872672000,2872673176,15828,1176
5435.895397,2872680685,2872681856,15944,1171
5435.904330,2872689139,2872690286,15974,1147
5435.916327,2872697714,2872698884,15832,1170
5435.926956,2872706391,2872707539,15852,1148
5435.936327,2872715039,2872716186,15973,1147
5435.947996,2872723591,2872724737,15854,1146
5435.958516,2872732188,2872733360,15917,1172
5435.968330,2872740899,2872742048,16007,1149
5435.979556,2872749580,2872750728,15865,1148
5435.988331,2872758206,2872759378,15942,1172
5436.000326,2872766678,2872767825,15960,1147
5436.011116,2872775209,2872776380,15863,1171
5436.020329,2872783978,2872785150,15916,1172
5436.032160,2872792682,2872793829,15955,1147
5436.042674,2872801462,2872802610,15832,1148
5436.052329,2872810062,2872811235,15942,1173
5436.063721,2872818688,2872819834,15969,1146
5436.072334,2872827487,2872828659,15914,1172
5436.084329,2872836037,2872837208,15915,1171
5436.095281,2872844611,2872845757,15974,1146
5436.104332,2872853405,2872854554,15833,1149
5436.116316,2872862059,2872863204,15948,1145
5436.126840,2872870636,2872871782,15971,1146
5436.136328,2872879424,2872880595,15863,1171
5436.147878,2872887982,2872889130,15946,1148
5436.158402,2872896534,2872897705,15970,1171
5436.168331,2872905106,2872906252,15832,1146
5436.179438,2872913821,2872914969,15957,1148
5436.188331,2872922383,2872923530,15959,1147
5436.200328,2872930938,2872932086,15825,1148
5436.210996,2872939514,2872940658,15944,1144
5436.220330,2872947918,2872949066,15970,1148
5436.232036,2872956523,2872957694,15863,1171
5436.242557,2872965268,2872966440,15944,1172
5436.252330,2872974017,2872975165,15967,1148
5436.263593,2872982695,2872983867,15826,1172
5436.272329,2872991313,2872992489,15847,1176
5436.284328,2872999896,2873001068,15961,1172
5436.295153,2873008524,2873009700,15832,1176
5436.304329,2873017279,2873018425,15947,1146
5436.316201,2873025901,2873027047,15958,1146
5436.326717,2873034456,2873035604,15874,1148
5436.336332,2873043179,2873044326,15940,1147
5436.347761,2873051561,2873052709,15969,1148
5436.356329,2873060041,2873061214,15863,1173
5436.368331,2873068670,2873069816,15946,1146
5436.379321,2873077163,2873078311,15958,1148
5436.388333,2873085839,2873086986,15826,1147
5436.400330,2873094367,2873095538,15952,1171
5436.410882,2873102900,2873104047,15972,1147
5436.420328,2873111673,2873112845,15910,1172
5436.431916,2873120081,2873121250,15943,1169
5436.442442,2873128775,2873129923,15966,1148
5436.452330,2873137529,2873138702,15835,1173
5436.463476,2873146113,2873147260,15917,1147
5436.472329,2873154737,2873155884,15959,1147
5436.484328,2873163143,2873164290,15830,1147
5436.495038,2873171866,2873173012,15910,1146
5436.504327,2873180372,2873181518,15968,1146
5436.516073,2873189022,2873190196,15837,1174
5436.526601,2873197585,2873198733,15961,1148
5436.536328,2873205965,2873207113,15968,1148
5436.547634,2873214604,2873215776,15837,1172
5436.556328,2873223298,2873224446,15947,1148
5436.568332,2873231825,2873232973,15972,1148
5436.579194,2873240460,2873241607,15789,1147
5436.588329,2873249107,2873250254,15987,1147
5436.600240,2873257660,2873258833,15908,1173
5436.610754,2873266466,2873267614,15830,1148
5436.620330,2873274991,2873276138,15923,1147
5436.631801,2873283574,2873284722,15916,1148
5436.640333,2873292135,2873293306,15832,1171
5436.652328,2873300687,2873301858,15980,1171
5436.663363,2873309260,2873310408,15969,1148
5436.672330,2873317831,2873319002,15844,1171
5436.684330,2873326312,2873327461,15949,1149
5436.694922,2873334945,2873336092,15964,1147
5436.704328,2873343622,2873344771,15838,1149
5436.715957,2873352399,2873353545,15945,1146
5436.726483,2873361151,2873362323,15949,1172
5436.736331,2873369967,2873371115,15832,1148
5436.747517,2873378547,2873379718,15936,1171
5436.756331,2873387079,2873388228,15966,1149
5436.768328,2873395565,2873396714,15904,1149
5436.779076,2873403797,2873404945,15945,1148
5436.788328,2873412479,2873413650,15970,1171
5436.800114,2873421200,2873422371,15832,1171
5436.810637,2873430075,2873431222,15933,1147
5436.820329,2873438848,2873440020,15975,1172
5436.831673,2873447548,2873448693,15822,1145
5436.840337,2873456317,2873457490,15944,1173
5436.852327,2873464776,2873465948,15968,1172
5436.863236,2873473138,2873474310,15831,1172
5436.872327,2873481986,2873483133,15964,1147
5436.884283,2873490587,2873491762,15970,1175
5436.894797,2873499396,2873500544,15833,1148
5436.904328,2873508101,2873509249,15950,1148
5436.915843,2873516802,2873517973,15968,1171
5436.926355,2873525504,2873526676,15827,1172
5436.936330,2873534258,2873535429,15945,1171
5436.947402,2873542986,2873544134,15970,1148
5436.956331,2873551638,2873552811,15830,1173
5436.968335,2873560026,2873561173,15852,1147
5436.978962,2873568634,2873569783,15972,1149
5436.988331,2873577145,2873578312,15830,1167
5436.999996,2873585595,2873586742,15942,1147
5437.010522,2873594223,2873595371,15967,1148
5437.020329,2873602896,2873604043,15848,1147
5437.031556,2873611701,2873612846,15950,1145
5437.040333,2873620184,2873621356,15962,1172
5437.052336,2873628685,2873629835,15831,1150
5437.063117,2873637319,2873638467,15935,1148
5437.072330,2873645914,2873647085,15951,1171
5437.084154,2873654537,2873655709,15838,1172
5437.094677,2873663116,2873664263,15937,1147
5437.106699,2873673351,2873674499,15819,1148
5437.118726,2873684024,2873685196,15965,1172
5437.128332,2873693404,2873694576,15816,1172
5437.139762,2873702947,2873704119,15944,1172
5437.150289,2873712493,2873713666,15960,1173
5437.160331,2873721972,2873723145,15831,1173
5437.171326,2873731322,2873732471,15948,1149
5437.180328,2873740276,2873741446,15972,1170
5437.192329,2873748852,2873749999,15829,1147
5437.202883,2873757523,2873758671,15926,1148
5437.212328,2873766176,2873767323,15971,1147
5437.223919,2873774609,2873775756,15835,1147
5437.234443,2873783108,2873784256,15948,1148
5437.244327,2873791911,2873793082,15988,1171
5437.255481,2873800395,2873801542,15825,1147
5437.264329,2873808989,2873810134,15889,1145
5437.276333,2873817739,2873818886,15968,1147
5437.287039,2873826289,2873827460,15826,1171
5437.296327,2873835068,2873836239,15948,1171
5437.308087,2873843766,2873844913,15972,1147
5437.318602,2873852240,2873853412,15846,1172
5437.328331,2873860724,2873861896,15951,1172
5437.339649,2873869255,2873870402,15971,1147
5437.348327,2873877978,2873879126,15834,1148
5437.360330,2873886800,2873887948,15950,1148
5437.371208,2873895403,2873896551,15953,1148
5437.380329,2873904173,2873905341,15834,1168
5437.392242,2873912676,2873913825,15945,1149
5437.402769,2873921200,2873922348,15952,1148
5437.412327,2873929604,2873930775,15907,1171
5437.423802,2873938234,2873939381,15948,1147
5437.432331,2873947012,2873948160,15969,1148
5437.444327,2873955405,2873956577,15831,1172
5437.455363,2873964065,2873965213,15948,1148
5437.464330,2873972634,2873973806,15975,1172
5437.476332,2873981344,2873982515,15819,1171
5437.486923,2873989962,2873991110,15949,1148
5437.496335,2873998599,2873999769,15969,1170
5437.507959,2874007136,2874008284,15819,1148
5437.518485,2874015746,2874016895,15964,1149
5437.528333,2874024384,2874025556,15972,1172
5437.539520,2874033018,2874034165,15830,1147
5437.548330,2874041668,2874042815,15939,1147
5437.560329,2874050414,2874051585,15970,1171
5437.571080,2874059183,2874060331,15835,1148
5437.580330,2874067893,2874069035,15947,1142
5437.592128,2874076522,2874077670,15968,1148
5437.602641,2874085173,2874086321,15916,1148
5437.612327,2874093717,2874094861,15860,1144
5437.623689,2874102343,2874103490,16050,1147
5437.632328,2874110970,2874112145,15915,1175
5437.644328,2874119626,2874120797,16029,1171
5437.655248,2874128236,2874129408,15975,1172
5437.664330,2874136691,2874137863,15929,1172
5437.676282,2874145143,2874146288,15950,1145
5437.686808,2874153763,2874154936,16054,1173
5437.696333,2874162460,2874163631,15844,1171
5437.707842,2874171084,2874172256,16026,1172
5437.718369,2874179858,2874181006,15952,1148
5437.728331,2874188539,2874189686,15914,1147
5437.739403,2874197093,2874198242,15941,1149
5437.748327,2874206014,2874207187,15975,1173
5437.760328,2874214609,2874215757,15917,1148
5437.770963,2874223161,2874224310,16027,1149
5437.780328,2874231795,2874232942,15963,1147
5437.792000,2874240318,2874241465,15916,1147
5437.804030,2874250019,2874251166,15982,1147
5437.814546,2874258598,2874259768,15875,1170
5437.824329,2874267396,2874268569,15892,1173
5437.835591,2874276149,2874277321,15966,1172
5437.844332,2874284803,2874285976,15860,1173
5437.856330,2874293232,2874294403,15886,1171
5437.867151,2874301666,2874302813,15952,1147
5437.876330,2874310517,2874311664,15813,1147
5437.888185,2874319095,2874320244,15937,1149
5437.898711,2874327878,2874329048,15997,1170
5437.908328,2874336550,2874337722,15910,1172
5437.919745,2874345137,2874346285,15948,1148
5437.928334,2874353763,2874354910,15991,1147
5437.940329,2874362166,2874363314,15813,1148
5437.951305,2874370816,2874371988,15944,1172
5437.960329,2874379370,2874380542,15970,1172
5437.972337,2874387947,2874389120,15830,1173
5437.982866,2874396553,2874397699,15948,1146
5437.992330,2874405060,2874406236,15959,1176
5438.003903,2874413720,2874414867,15816,1147
5438.014425,2874422402,2874423576,15905,1174
5438.024330,2874431084,2874432257,15998,1173
5438.035465,2874439641,2874440815,15863,1174
5438.044329,2874448466,2874449613,15939,1147
5438.056329,2874457219,2874458388,15966,1169
5438.067026,2874465631,2874466803,15862,1172
5438.076335,2874474513,2874475685,15945,1172
5438.088072,2874483242,2874484386,16009,1144
5438.098584,2874491840,2874492987,15871,1147
5438.108327,2874500321,2874501469,15849,1148
5438.119631,2874508707,2874509856,15970,1149
5438.128329,2874517087,2874518235,15812,1148
5438.140328,2874525736,2874526907,15941,1171
5438.151191,2874534362,2874535510,15969,1148
5438.160329,2874543036,2874544184,15847,1148
5438.172225,2874551612,2874552755,15941,1143
5438.182751,2874560446,2874561593,15966,1147
5438.192327,2874568928,2874570103,15855,1175
5438.203786,2874577437,2874578584,15949,1147
5438.212333,2874586080,2874587250,16023,1170
5438.224334,2874594492,2874595668,15860,1176
5438.235346,2874603049,2874604198,15947,1149
5438.244328,2874611803,2874612950,15989,1147
5438.256329,2874620620,2874621793,15895,1173
5438.266907,2874629124,2874630297,15947,1173
5438.276330,2874637537,2874638709,16017,1172
5438.287942,2874646143,2874647292,15829,1149
5438.298466,2874654748,2874655920,15947,1172
5438.308334,2874663259,2874664431,15967,1172
5438.319503,2874671863,2874673008,15805,1145
5438.328330,2874680641,2874681812,15948,1171
5438.340332,2874689240,2874690387,15969,1147
5438.351063,2874697503,2874698651,15831,1148
5438.360335,2874705984,2874707132,15962,1148
5438.372112,2874714535,2874715709,16002,1174
5438.382624,2874723068,2874724213,15825,1145
5438.392328,2874731794,2874732966,15931,1172
5438.403674,2874740402,2874741551,16019,1149
5438.412328,2874749125,2874750292,15832,1167
5438.424334,2874757723,2874758894,15890,1171
5438.435231,2874766208,2874767380,15967,1172
5438.444327,2874774957,2874776128,15830,1171
5438.456264,2874783706,2874784853,15846,1147
5438.466791,2874792463,2874793635,15969,1172
5438.476333,2874801171,2874802344,15828,1173
5438.487825,2874809851,2874810998,15949,1147
5438.498354,2874818482,2874819630,16011,1148
5438.508333,2874827179,2874828351,15850,1172
5438.519386,2874835952,2874837127,15940,1175
5438.528328,2874844809,2874845958,15970,1149
5438.540331,2874853468,2874854616,15833,1148
5438.550944,2874861975,2874863123,15886,1148
5438.560332,2874870634,2874871806,15999,1172
5438.571984,2874879357,2874880505,15812,1148
5438.582507,2874888160,2874889309,15946,1149
5438.592331,2874896845,2874897993,15961,1148
5438.603552,2874905341,2874906489,15911,1148
5438.612329,2874914145,2874915289,15945,1144
5438.624334,2874922626,2874923800,15969,1174
5438.635104,2874931192,2874932340,15811,1148
5438.660331,2874945774,2874946410,12025,636
5438.671175,2874949960,2874950597,11985,637
5438.686208,2874961657,2874962805,15942,1148
5438.696333,2874970016,2874971161,15912,1145
5438.710254,2874982538,2874983710,15905,1172
5438.720332,2874991747,2874992895,15853,1148
5438.731294,2875001440,2875002614,16001,1174
5438.740332,2875011286,2875012461,15903,1175
5438.752332,2875020239,2875021387,15897,1148
5438.762855,2875028971,2875030120,16000,1149
5438.772330,2875037846,2875039019,15920,1173
5438.783889,2875046552,2875047724,15859,1172
5438.794414,2875055184,2875056334,15974,1150
5438.804331,2875063745,2875064917,15904,1172
5438.815446,2875072373,2875073521,15810,1148
5438.824331,2875081067,2875082239,15974,1172
5438.836328,2875089821,2875090993,15912,1172
5438.847010,2875098623,2875099792,15891,1169
5438.856332,2875107424,2875108572,15972,1148
5438.868052,2875116252,2875117424,15934,1172
5438.878567,2875125010,2875126159,15846,1149
5438.888330,2875133798,2875134969,15981,1171
5438.899613,2875142284,2875143458,15921,1174
5438.908329,2875151014,2875152186,15894,1172
5438.920333,2875159792,2875160965,15952,1173
5438.931174,2875168489,2875169635,15914,1146
5438.940332,2875177319,2875178491,15834,1172
5438.952214,2875186202,2875187350,15920,1148
5438.962733,2875194789,2875195934,15913,1145
5438.972331,2875203493,2875204665,15845,1172
5438.983771,2875212245,2875213422,15969,1177
5438.992332,2875220903,2875222075,15916,1172
5439.004328,2875229508,2875230656,15841,1148
5439.015331,2875238121,2875239268,15970,1147
5439.024328,2875247066,2875248238,15908,1172
5439.036331,2875255915,2875257088,15865,1173
5439.046894,2875264669,2875265839,15981,1170
5439.056330,2875273518,2875274691,15909,1173
5439.067927,2875282199,2875283347,15858,1148
5439.078454,2875290706,2875291879,15961,1173
5439.088333,2875299507,2875300680,15900,1173
5439.099493,2875308379,2875309553,15889,1174
5439.108330,2875317084,2875318255,15958,1171
5439.120333,2875325854,2875327027,15903,1173
5439.131047,2875334631,2875335803,15846,1172
5439.140329,2875343387,2875344535,15970,1148
5439.152094,2875350745,2875351778,15240,1033
5439.162610,2875359410,2875360582,15891,1172
5439.172331,2875368478,2875369650,15985,1172
5439.183652,2875377284,2875378434,15914,1150
5439.192327,2875386039,2875387187,15819,1148
5439.204332,2875394617,2875395766,15988,1149
5439.215213,2875403502,2875404649,15903,1147
5439.224333,2875412185,2875413334,15849,1149
5439.236252,2875421045,2875422218,15960,1173
5439.246772,2875429587,2875430733,15914,1146
5439.256330,2875438346,2875439519,15846,1173
5439.267813,2875447178,2875448327,15964,1149
5439.276330,2875456115,2875457288,15915,1173
5439.288329,2875464849,2875466023,15945,1174
5439.299371,2875473455,2875474604,15923,1149
5439.308329,2875482088,2875483261,15992,1173
5439.320330,2875490826,2875491975,15947,1149
5439.330934,2875499584,2875500732,15986,1148
5439.340334,2875508238,2875509411,15909,1173
5439.351968,2875517044,2875518217,15890,1173
5439.362494,2875525775,2875526947,15982,1172
5439.372330,2875534584,2875535756,15902,1172
5439.383527,2875543413,2875544561,15844,1148
5439.392332,2875552070,2875553247,15958,1177
5439.404334,2875560757,2875561906,15918,1149
5439.415089,2875569320,2875570493,15877,1173
5439.424331,2875578123,2875579272,15967,1149
5439.436133,2875586723,2875587896,15913,1173
5439.446653,2875595599,2875596743,15914,1144
5439.456331,2875604378,2875605552,15966,1174
5439.467693,2875613179,2875614352,15918,1173
5439.476329,2875621939,2875623112,15860,1173
5439.488331,2875630892,2875632065,15985,1173
5439.499254,2875639700,2875640848,15908,1148
5439.508331,2875648532,2875649705,15854,1173
5439.520294,2875657318,2875658491,15975,1173
5439.530814,2875666001,2875667174,15918,1173
5439.540327,2875674739,2875675912,15846,1173
5439.551853,2875683465,2875684614,15976,1149
5439.562374,2875692313,2875693484,15913,1171
5439.572329,2875701024,2875702173,15850,1149
5439.583412,2875709680,2875710828,15967,1148
5439.592327,2875718654,2875719827,15922,1173
5439.604331,2875727266,2875728438,15876,1172
5439.614973,2875735890,2875737062,15939,1172
5439.624329,2875744765,2875745938,15909,1173
5439.636008,2875753683,2875754855,15866,1172
5439.646535,2875762454,2875763624,15922,1170
5439.656331,2875771234,2875772406,15914,1172
5439.667567,2875779937,2875781109,15849,1172
5439.676330,2875788708,2875789880,15995,1172
5439.688333,2875797385,2875798559,15910,1174
5439.699127,2875806071,2875807220,15843,1149
5439.708336,2875814834,2875816007,15998,1173
5439.720174,2875823587,2875824735,15914,1148
5439.730690,2875832147,2875833319,15859,1172
5439.740330,2875840951,2875842099,15981,1148
5439.751735,2875849728,2875850900,15915,1172
5439.760333,2875858355,2875859527,15829,1172
5439.772328,2875867159,2875868308,15981,1149
5439.783293,2875875886,2875877060,15906,1174
5439.792328,2875884973,2875886146,15907,1173
5439.804331,2875893677,2875894822,15984,1145
5439.814854,2875902546,2875903718,15922,1172
5439.824328,2875911312,2875912484,15852,1172
5439.835894,2875920209,2875921382,15984,1173
5439.846414,2875929183,2875930358,15922,1175
5439.856330,2875937816,2875938989,15861,1173
5439.867453,2875946537,2875947686,15978,1149
5439.876330,2875955248,2875956421,15909,1173
5439.888333,2875963945,2875965118,15841,1173
5439.899014,2875972749,2875973898,15986,1149
5439.908333,2875981701,2875982849,15911,1148
5439.920046,2875990585,2875991734,15849,1149
5439.930573,2875999430,2876000605,15969,1175
5439.940328,2876008227,2876009400,15917,1173
5439.951606,2876017031,2876018175,15845,1144
5439.960332,2876025825,2876026997,15965,1172
5439.972330,2876034579,2876035750,15920,1171
5439.983170,2876043210,2876044381,15881,1171
5439.992330,2876051965,2876053138,15919,1173
5440.004211,2876060912,2876062060,15921,1148
5440.014728,2876069444,2876070593,15869,1149
5440.024328,2876078104,2876079277,15982,1173
5440.035773,2876086831,2876088004,15915,1173
5440.044334,2876095996,2876097167,15933,1171
5440.056331,2876104799,2876105968,15907,1169
5440.067337,2876113923,2876115102,15910,1179
5440.076331,2876122773,2876123947,15936,1174
5440.088331,2876131573,2876132720,15913,1147
5440.098895,2876140576,2876141727,15709,1151
5440.108331,2876149545,2876150719,15680,1174
5440.119935,2876158641,2876159813,15895,1172
5440.130455,2876167554,2876168703,15913,1149
5440.140330,2876176281,2876177455,15923,1174
5440.151495,2876185169,2876186341,15895,1172
5440.160329,2876194197,2876195369,15915,1172
5440.172333,2876203031,2876204205,15910,1174
5440.183056,2876211912,2876213085,15920,1173
5440.192329,2876220985,2876222159,15905,1174
5440.204094,2876229944,2876231117,15908,1173
5440.214616,2876238805,2876239977,15914,1172
5440.224327,2876247531,2876248706,15910,1175
5440.235649,2876256526,2876257700,15823,1174
5440.244329,2876265355,2876266525,15998,1170
5440.256334,2876276003,2876277177,15897,1174
5440.268333,2876285373,2876286546,16062,1173
5440.279237,2876295128,2876296301,15920,1173
5440.288353,2876304490,2876305664,15916,1174
5440.300277,2876313641,2876314816,15986,1175
5440.310797,2876322720,2876323892,15918,1172
5440.320334,2876331560,2876332734,15846,1174
5440.331837,2876340444,2876341593,15997,1149
5440.342358,2876349223,2876350396,15920,1173
5440.352330,2876358021,2876359194,15850,1173
5440.363398,2876366606,2876367782,15967,1176
5440.372334,2876375421,2876376593,15914,1172
5440.384333,2876384021,2876385196,15937,1175
5440.394959,2876392775,2876393924,16079,1149
5440.404328,2876401597,2876402770,15998,1173
5440.415993,2876410299,2876411472,15940,1173
5440.426518,2876419167,2876420339,16036,1172
5440.436330,2876427970,2876429142,15917,1172
5440.447550,2876436882,2876438054,15832,1172
5440.456331,2876445838,2876447011,16027,1173
5440.468330,2876454747,2876455919,15920,1172
5440.479114,2876463431,2876464601,15891,1170
5440.488331,2876472348,2876473521,15921,1173
5440.500156,2876480999,2876482148,15997,1149
5440.510671,2876489757,2876490930,15943,1173
5440.520332,2876498682,2876499855,16043,1173
5440.531716,2876507483,2876508631,15923,1148
5440.540332,2876516102,2876517275,15972,1173
5440.552328,2876524757,2876525929,15966,1172
5440.563277,2876533518,2876534689,15918,1171
5440.572328,2876542390,2876543563,15856,1173
5440.584314,2876551166,2876552315,16050,1149
5440.594837,2876559864,2876561011,15983,1147
5440.604331,2876568685,2876569858,15927,1173
5440.615876,2876577474,2876578622,15990,1148
5440.626396,2876586475,2876587647,15919,1172
5440.636329,2876595378,2876596551,15899,1173
5440.647435,2876603858,2876605031,15969,1173
5440.656329,2876612581,2876613754,15912,1173
5440.668332,2876621400,2876622544,15851,1144
5440.678997,2876630054,2876631221,15989,1167
5440.688330,2876638866,2876640038,15898,1172
5440.700030,2876647820,2876648969,15866,1149
5440.710557,2876656690,2876657864,15974,1174
5440.720332,2876665461,2876666634,15902,1173
5440.731590,2876674485,2876675659,15923,1174
5440.740332,2876683359,2876684532,16015,1173
5440.752329,2876692081,2876693254,15988,1173
5440.763150,2876700960,2876702133,15929,1173
5440.772327,2876709734,2876710907,16047,1173
5440.784194,2876718470,2876719642,15921,1172
5440.794711,2876727385,2876728557,15852,1172
5440.804331,2876736128,2876737301,15974,1173
5440.815755,2876744977,2876746150,15993,1173
5440.824333,2876753895,2876755068,15868,1173
5440.836331,2876762595,2876763767,15923,1172
5440.847315,2876771492,2876772639,15895,1147
5440.856328,2876780316,2876781492,15860,1176
5440.868335,2876788966,2876790138,15985,1172
5440.878877,2876797813,2876798986,15916,1173
5440.888328,2876806636,2876807809,15858,1173
5440.899917,2876815432,2876816605,15991,1173
5440.910438,2876824232,2876825405,15897,1173
5440.920333,2876833178,2876834350,15847,1172
5440.931476,2876842027,2876843199,15968,1172
5440.940330,2876851015,2876852188,15915,1173
5440.952329,2876859600,2876860772,15842,1172
5440.963036,2876868445,2876869617,15976,1172
5440.972334,2876877389,2876878565,15925,1176
5440.984074,2876886191,2876887364,15992,1173
5440.994598,2876894987,2876896158,16075,1171
5441.004332,2876903830,2876905003,16001,1173
5441.015630,2876912648,2876913819,15867,1171
5441.024328,2876921444,2876922617,16085,1173
5441.036333,2876930170,2876931342,15926,1172
5441.047191,2876938910,2876940054,15945,1144
5441.056328,2876947616,2876948788,15987,1172
5441.068236,2876956381,2876957556,15910,1175
5441.078751,2876965012,2876966184,15848,1172
5441.088330,2876973910,2876975082,15980,1172
5441.099797,2876982681,2876983855,15917,1174
5441.108331,2876991559,2876992733,15849,1174
5441.120331,2877000435,2877001608,15972,1173
5441.131355,2877009179,2877010352,15906,1173
5441.140332,2877017976,2877019149,15849,1173
5441.152329,2877026988,2877028160,15968,1172
5441.162916,2877035801,2877036974,15915,1173
5441.172332,2877044391,2877045561,15868,1170
5441.183955,2877053208,2877054380,15998,1172
5441.194476,2877061877,2877063047,15988,1170
5441.204332,2877070739,2877071912,15936,1173
5441.215516,2877079681,2877080853,15991,1172
5441.224329,2877088670,2877089843,15994,1173
5441.236330,2877097387,2877098560,15865,1173
5441.247079,2877106201,2877107348,16088,1147
5441.256331,2877114999,2877116171,15922,1172
5441.268109,2877123981,2877125152,15928,1171
5441.278639,2877132867,2877134040,16069,1173
5441.288328,2877141587,2877142761,15980,1174
5441.299670,2877150328,2877151500,15840,1172
5441.308332,2877159102,2877160276,16057,1174
5441.320335,2877167943,2877169116,15918,1173
5441.331238,2877176598,2877177770,15996,1172
5441.340329,2877185541,2877186715,15980,1174
5441.352276,2877194333,2877195507,15988,1174
5441.362792,2877203074,2877204248,15928,1174
5441.372333,2877212026,2877213200,16104,1174
5441.383837,2877220825,2877222001,15928,1176
5441.394351,2877229649,2877230821,15849,1172
5441.404329,2877238541,2877239714,16005,1173
5441.415398,2877247236,2877248409,15977,1173
5441.424328,2877255976,2877257148,15836,1172
5441.436334,2877264888,2877266060,16082,1172
5441.446959,2877273801,2877274975,15925,1174
5441.456328,2877282615,2877283788,15916,1173
5441.467996,2877291313,2877292486,15989,1173
5441.478520,2877300187,2877301358,15892,1171
5441.488329,2877308863,2877310039,15828,1176
5441.499559,2877317565,2877318713,16000,1148
5441.508328,2877326259,2877327433,15924,1174
5441.520330,2877335054,2877336231,15930,1177
5441.531117,2877343925,2877345097,15912,1172
5441.540328,2877352739,2877353911,16000,1172
5441.552150,2877361624,2877362796,15852,1172
5441.562680,2877370405,2877371576,16006,1171
5441.572327,2877379292,2877380464,15923,1172
5441.583711,2877388153,2877389327,15922,1174
5441.592331,2877397020,2877398191,16002,1171
5441.604334,2877405802,2877406974,15920,1172
5441.615272,2877414625,2877415798,15910,1173
5441.624336,2877423208,2877424379,15986,1171
5441.636318,2877432176,2877433324,15978,1148
5441.646831,2877440938,2877442110,15841,1172
5441.656329,2877449759,2877450932,16057,1173
5441.667877,2877458604,2877459776,15917,1172
5441.679900,2877468456,2877469629,15923,1173
5441.690419,2877477349,2877478521,15910,1172
5441.700331,2877486015,2877487187,15863,1172
5441.711460,2877494852,2877496029,15977,1177
