time,start,end,count,diff
29467.727255,2711082994,2711083605,12027,611
29467.739276,2711087056,2711087665,11968,609
29467.751305,2711091146,2711091767,12067,621
29467.763314,2711095163,2711095776,11863,613
29467.775346,2711099216,2711099831,11979,615
29467.785868,2711102709,2711103324,9305,615
29467.797888,2711106649,2711107265,8902,616
29467.809925,2711110562,2711111021,7519,459
29467.821939,2711114354,2711114963,9210,609
29467.833960,2711118265,2711118850,8919,585
29467.845989,2711122154,2711122765,9240,611
29467.858007,2711126119,2711126725,9276,606
29467.870027,2711130053,2711130638,8948,585
29467.910601,2711142886,2711143470,8898,584
29467.922633,2711146798,2711147412,9252,614
29467.934651,2711150734,2711151349,9244,615
29467.946674,2711154835,2711155445,12011,610
29467.958702,2711158935,2711159550,12101,615
29467.970719,2711162873,2711163475,9207,602
29467.982740,2711166805,2711167390,8923,585
29467.994770,2711170740,2711171349,9252,609
29468.006786,2711174633,2711175244,9214,611
29468.018809,2711178550,2711179134,8931,584
29468.030840,2711182601,2711183215,12089,614
29468.042854,2711186678,2711187294,11989,616
29468.054876,2711190614,2711191200,8941,586
29468.066906,2711194505,2711195108,9257,603
29468.078922,2711198387,2711199000,9172,613
29468.090954,2711202317,2711202902,9020,585
29468.102976,2711206254,2711206869,9238,615
29468.114992,2711210182,2711210790,9210,608
29468.127009,2711214075,2711214659,8899,584
29468.139043,2711218218,2711218827,9272,609
29468.151053,2711222387,2711222995,11859,608
29468.163078,2711226615,2711227200,11819,585
29468.175113,2711230736,2711231338,12090,602
29468.187123,2711234812,2711235425,11867,613
29468.199144,2711238939,2711239524,11780,585
29468.211180,2711243015,2711243630,12086,615
29468.223191,2711247062,2711247674,11862,612
29468.235224,2711251121,2711251724,12007,603
29468.247249,2711255218,2711255829,12071,611
29468.259255,2711259216,2711259819,11861,603
29468.271286,2711263230,2711263835,11968,605
29468.283318,2711267301,2711267911,12084,610
29468.295335,2711273229,2711274360,16441,1131
29468.305860,2711283353,2711284518,16501,1165
29468.317879,2711295111,2711296287,16484,1176
29468.329902,2711306907,2711308082,16361,1175
29468.341929,2711318523,2711319696,16466,1173
29468.352335,2711328424,2711329589,16315,1165
29468.362966,2711337250,2711338418,16447,1168
29468.372331,2711346338,2711347496,16462,1158
29468.384000,2711355223,2711356389,16328,1166
29468.394525,2711364315,2711365462,16460,1147
29468.404327,2711373409,2711374574,16463,1165
29468.415559,2711382586,2711383767,16327,1181
29468.424332,2711391758,2711392947,16419,1189
29468.436330,2711400962,2711402127,16465,1165
29468.447122,2711410139,2711411300,16327,1161
29468.456330,2711419316,2711420501,16443,1185
29468.468167,2711428541,2711429707,16468,1166
29468.478681,2711437739,2711438928,16328,1189
29468.488328,2711446932,2711448094,16351,1162
29468.499727,2711455992,2711457155,16469,1163
29468.508327,2711465178,2711466366,16324,1188
29468.520329,2711474149,2711475333,16441,1184
29468.531288,2711483066,2711484229,16468,1163
29468.540329,2711491993,2711493180,16346,1187
29468.552322,2711500940,2711502125,16447,1185
29468.562848,2711510107,2711511269,16468,1162
29468.572330,2711519225,2711520392,16328,1167
29468.583882,2711528268,2711529455,16434,1187
29468.594409,2711537142,2711538299,16446,1157
29468.604330,2711546065,2711547258,16326,1193
29468.615443,2711554827,2711555985,16445,1158
29468.624330,2711563883,2711565049,16457,1166
29468.636329,2711572969,2711574156,16402,1187
29468.647003,2711582026,2711583189,16446,1163
29468.656329,2711590993,2711592179,16465,1186
29468.668039,2711599980,2711601142,16311,1162
29468.678563,2711608711,2711609899,16448,1188
29468.688335,2711617789,2711618951,16467,1162
29468.712333,2711630161,2711630779,11952,618
29468.723648,2711635436,2711636582,16346,1146
29468.732333,2711642715,2711643865,16182,1150
29468.744331,2711651068,2711652228,16271,1160
29468.755206,2711659452,2711660608,16302,1156
29468.764329,2711667996,2711669155,16368,1159
29468.776247,2711676498,2711677661,16268,1163
29468.786768,2711685097,2711686257,16253,1160
29468.796329,2711693770,2711694934,16375,1164
29468.807808,2711702318,2711703512,16269,1194
29468.816328,2711711073,2711712230,16357,1157
29468.828329,2711719464,2711720633,16369,1169
29468.839365,2711728246,2711729438,16258,1192
29468.848332,2711736877,2711738037,16356,1160
29468.860328,2711745558,2711746717,16376,1159
29468.870926,2711754269,2711755453,16238,1184
29468.880330,2711762922,2711764116,16324,1194
29468.891973,2711771643,2711772806,16363,1163
29468.902487,2711780518,2711781712,16240,1194
29468.912328,2711789296,2711790484,16349,1188
29468.923533,2711797974,2711799168,16374,1194
29468.932327,2711807056,2711808248,16322,1192
29468.944334,2711815668,2711816847,16348,1179
29468.955094,2711824026,2711825218,16380,1192
29468.964333,2711832833,2711834023,16243,1190
29468.976128,2711841648,2711842830,16338,1182
29468.986653,2711850418,2711851612,16361,1194
29468.996332,2711859147,2711860330,16247,1183
29469.007688,2711867864,2711869046,16353,1182
29469.016328,2711876685,2711877879,16378,1194
29469.028328,2711885277,2711886461,16236,1184
29469.039250,2711893951,2711895136,16370,1185
29469.048330,2711902908,2711904090,16364,1182
29469.060285,2711911726,2711912917,16243,1191
29469.070810,2711920476,2711921669,16352,1193
29469.080331,2711929421,2711930615,16379,1194
29469.091846,2711938381,2711939569,16246,1188
29469.102369,2711947086,2711948250,16348,1164
29469.112333,2711955775,2711956969,16377,1194
29469.123406,2711964574,2711965764,16238,1190
29469.132334,2711973587,2711974766,16255,1179
29469.144328,2711982329,2711983498,16373,1169
29469.154962,2711991004,2711992201,16184,1197
29469.164335,2711999845,2712001034,16353,1189
29469.176013,2712008822,2712010013,16375,1191
29469.186526,2712017658,2712018847,16259,1189
29469.196329,2712026501,2712027690,16355,1189
29469.207573,2712035375,2712036563,16375,1188
29469.216327,2712041822,2712042923,15617,1101
29469.228337,2712049590,2712050700,16035,1110
29469.239134,2712057380,2712058487,16034,1107
29469.248327,2712065169,2712066280,15907,1111
29469.260168,2712072954,2712074063,16030,1109
29469.270694,2712080740,2712081840,16055,1100
29469.280330,2712088394,2712089503,15917,1109
29469.291729,2712096171,2712097273,15942,1102
29469.300330,2712103947,2712105051,15966,1104
29469.312330,2712111720,2712112824,15828,1104
29469.323289,2712119503,2712120615,15936,1112
29469.332332,2712127299,2712128409,16058,1110
29469.344325,2712135090,2712136201,15909,1111
29469.354850,2712142873,2712143986,16028,1113
29469.364333,2712150670,2712151780,15961,1110
29469.375887,2712158457,2712159563,15839,1106
29469.386411,2712166233,2712167338,15964,1105
29469.396328,2712174010,2712175118,15969,1108
29469.407446,2712181790,2712182898,15835,1108
29469.416327,2712189569,2712190683,15942,1114
29469.428327,2712197355,2712198464,15965,1109
29469.439007,2712205136,2712206241,15832,1105
29469.448334,2712212926,2712214036,15946,1110
29469.460053,2712220714,2712221823,16051,1109
29469.470569,2712228494,2712229595,15916,1101
29469.480330,2712236267,2712237381,15937,1114
29469.491614,2712244047,2712245153,16052,1106
29469.500330,2712251829,2712252934,15926,1105
29469.512329,2712259613,2712260727,16031,1114
29469.523174,2712267404,2712268516,16054,1112
29469.532328,2712275189,2712276294,15940,1105
29469.544209,2712282961,2712284069,15946,1108
29469.554734,2712290748,2712291849,15957,1101
29469.564335,2712298540,2712299642,15919,1102
29469.575768,2712306313,2712307427,16035,1114
29469.584328,2712314102,2712315210,16037,1108
29469.596329,2712321889,2712322994,15921,1105
29469.607329,2712329667,2712330770,16031,1103
29469.616329,2712337429,2712338534,16036,1105
29469.628332,2712345197,2712346311,16004,1114
29469.638889,2712352993,2712354101,16019,1108
29469.648332,2712360784,2712361887,16054,1103
29469.659926,2712368560,2712369668,15924,1108
29469.670450,2712376339,2712377448,15948,1109
29469.680329,2712384117,2712385226,15968,1109
29469.691487,2712391903,2712393017,15828,1114
29469.700329,2712399687,2712400796,15942,1109
29469.712329,2712407465,2712408571,16059,1106
29469.723049,2712415251,2712416362,15926,1111
29469.732332,2712423045,2712424155,15962,1110
29469.744093,2712430838,2712431948,15960,1110
29469.754608,2712438617,2712439720,15840,1103
29469.764330,2712446403,2712447513,15944,1110
29469.775654,2712454198,2712455312,16036,1114
29469.784328,2712461989,2712463089,15923,1100
29469.796330,2712469759,2712470863,15939,1104
29469.807216,2712477538,2712478647,15963,1109
29469.816328,2712485336,2712486442,15832,1106
29469.828247,2712493118,2712494224,15850,1106
29469.838775,2712500895,2712502004,16053,1109
29469.848328,2712508677,2712509787,15920,1110
29469.859809,2712516469,2712517584,16023,1115
29469.868329,2712524266,2712525378,16055,1112
29469.880330,2712532052,2712533160,15934,1108
29469.891369,2712539834,2712540944,16033,1110
29469.900327,2712547622,2712548735,16057,1113
29469.912330,2712555408,2712556519,15929,1111
29469.922929,2712563197,2712564308,16034,1111
29469.932328,2712570997,2712572111,16034,1114
29469.943966,2712578789,2712579900,15923,1111
29469.954490,2712586570,2712587682,16031,1112
29469.964332,2712594359,2712595474,16052,1115
29469.975534,2712602165,2712603276,15992,1111
29469.984331,2712609965,2712611079,16020,1114
29469.996330,2712617751,2712618860,16055,1109
29470.007087,2712625530,2712626634,15924,1104
29470.016332,2712633307,2712634416,16034,1109
29470.028132,2712641092,2712642201,16056,1109
29470.038647,2712648889,2712649998,15831,1109
29470.048335,2712656673,2712657774,15940,1101
29470.059694,2712664451,2712665562,15968,1111
29470.068328,2712672235,2712673346,15837,1111
29470.080333,2712680025,2712681131,15961,1106
29470.091254,2712687803,2712688913,15964,1110
29470.100331,2712695601,2712696715,15837,1114
29470.112289,2712703392,2712704502,15937,1110
29470.122814,2712711180,2712712291,15965,1111
29470.132332,2712718975,2712720089,15837,1114
29470.143849,2712726768,2712727877,16031,1109
29470.154375,2712734547,2712735659,16054,1112
29470.164330,2712742341,2712743450,15923,1109
29470.175404,2712750135,2712751248,15893,1113
29470.184335,2712757932,2712759047,16054,1115
29470.196327,2712765727,2712766836,15914,1109
29470.206970,2712773521,2712774630,16033,1109
29470.216328,2712781305,2712782409,16054,1104
29470.228006,2712789081,2712790184,15940,1103
29470.238531,2712796859,2712797962,16033,1103
29470.248334,2712804641,2712805747,16054,1106
29470.259567,2712812427,2712813537,15841,1110
29470.268327,2712820217,2712821331,15950,1114
29470.280328,2712828009,2712829123,15952,1114
29470.291127,2712835803,2712836913,15840,1110
29470.300333,2712843590,2712844705,15943,1115
29470.312173,2712851387,2712852501,16057,1114
29470.322694,2712859152,2712860266,15916,1114
29470.332328,2712866931,2712868035,15943,1104
29470.343734,2712874721,2712875826,15954,1105
29470.352330,2712882511,2712883623,15802,1112
29470.364328,2712890293,2712891402,15941,1109
29470.375293,2712898081,2712899191,16050,1110
29470.384332,2712905876,2712906979,15833,1103
29470.396329,2712913662,2712914768,15943,1106
29470.406855,2712921449,2712922559,15966,1110
29470.416327,2712929238,2712930347,15835,1109
29470.427890,2712937018,2712938123,15962,1105
29470.438415,2712944807,2712945917,16046,1110
29470.448327,2712952587,2712953688,15923,1101
29470.459449,2712960377,2712961486,16031,1109
29470.468330,2712968170,2712969285,16052,1115
29470.480330,2712975980,2712977092,15922,1112
29470.491010,2712983771,2712984874,16035,1103
29470.500327,2712991551,2712992661,16048,1110
29470.512046,2712999339,2713000453,15926,1114
29470.522569,2713007133,2713008242,15931,1109
29470.532328,2713014916,2713016021,16052,1105
29470.543606,2713022692,2713023797,15921,1105
29470.552329,2713030465,2713031567,15951,1102
29470.564330,2713038244,2713039353,15952,1109
29470.575167,2713046035,2713047141,15844,1106
29470.584328,2713053809,2713054907,16023,1098
29470.596213,2713061577,2713062682,16055,1105
29470.606727,2713069361,2713070467,15914,1106
29470.616335,2713077149,2713078257,16034,1108
29470.627774,2713084937,2713086052,16036,1115
29470.636328,2713092731,2713093837,15924,1106
29470.648331,2713100526,2713101635,16031,1109
29470.659336,2713108314,2713109424,15957,1110
29470.668332,2713116106,2713117217,15916,1111
29470.680329,2713123905,2713125011,15947,1106
29470.690895,2713131686,2713132795,15964,1109
29470.700332,2713139468,2713140574,15833,1106
29470.711929,2713147253,2713148359,15942,1106
29470.722453,2713155038,2713156148,15969,1110
29470.732335,2713162831,2713163931,15836,1100
29470.743489,2713170606,2713171711,15940,1105
29470.752334,2713178380,2713179486,15964,1106
29470.764328,2713186161,2713187272,15839,1111
29470.775051,2713193947,2713195062,15955,1115
29470.784327,2713201740,2713202855,15966,1115
29470.796087,2713209545,2713210654,15926,1109
29470.806611,2713217325,2713218436,16031,1111
29470.816331,2713225108,2713226219,16052,1111
29470.827647,2713232894,2713234003,15923,1109
29470.836332,2713240683,2713241794,16031,1111
29470.848328,2713248473,2713249582,16043,1109
29470.859207,2713256252,2713257358,15919,1106
29470.868331,2713264038,2713265149,15938,1111
29470.880254,2713271836,2713272939,16053,1103
29470.890767,2713279618,2713280723,15833,1105
29470.900329,2713287407,2713288514,15931,1107
29470.911814,2713295189,2713296295,15966,1106
29470.920327,2713302966,2713304075,15850,1109
29470.932333,2713310755,2713311866,15949,1111
29470.943375,2713318537,2713319641,15963,1104
29470.952332,2713326330,2713327437,15841,1107
29470.964329,2713334128,2713335237,15945,1109
29470.974935,2713341907,2713343016,15949,1109
29470.984331,2713349690,2713350797,15839,1107
29470.995970,2713357478,2713358589,15948,1111
29471.006495,2713365258,2713366368,15962,1110
29471.016333,2713373043,2713374154,15909,1111
29471.027530,2713380835,2713381945,15943,1110
29471.036328,2713388619,2713389729,15953,1110
29471.048327,2713396410,2713397520,15838,1110
29471.059090,2713404190,2713405300,15948,1110
29471.068333,2713411965,2713413072,15967,1107
29471.080126,2713419750,2713420864,15830,1114
29471.090650,2713427536,2713428649,15945,1113
29471.100330,2713435324,2713436428,15964,1104
29471.111687,2713443097,2713444202,15828,1105
29471.120331,2713450875,2713451986,15962,1111
29471.132329,2713458667,2713459775,15964,1108
29471.143248,2713466438,2713467553,15829,1115
29471.152329,2713474238,2713475345,15945,1107
29471.164294,2713482023,2713483129,15965,1106
29471.174808,2713489800,2713490911,15825,1111
29471.184328,2713497586,2713498691,15944,1105
29471.195854,2713505377,2713506485,16110,1108
29471.206368,2713513156,2713514262,15910,1106
29471.216329,2713520949,2713522055,15927,1106
29471.227415,2713528734,2713529844,15964,1110
29471.236327,2713536522,2713537633,15837,1111
29471.248328,2713544308,2713545417,15946,1109
29471.258975,2713552097,2713553202,15968,1105
29471.268328,2713559875,2713560985,15849,1110
29471.280010,2713567667,2713568774,15941,1107
29471.290535,2713575451,2713576555,15963,1104
29471.300334,2713583249,2713584360,15840,1111
29471.311570,2713591041,2713592152,15928,1111
29471.320334,2713598825,2713599928,15949,1103
29471.332329,2713606608,2713607720,15834,1112
29471.343131,2713614388,2713615497,15945,1109
29471.352334,2713622169,2713623280,15959,1111
29471.364174,2713629967,2713631082,15912,1115
29471.374690,2713637760,2713638870,15941,1110
29471.384333,2713645552,2713646663,15964,1111
29471.395727,2713653342,2713654453,15836,1111
29471.404331,2713661097,2713662200,16031,1103
29471.416331,2713668870,2713669981,16051,1111
29471.427287,2713676650,2713677758,15924,1108
29471.436328,2713684431,2713685544,16037,1113
29471.448328,2713692215,2713693319,15964,1104
29471.458848,2713699995,2713701101,15838,1106
29471.468327,2713707786,2713708895,15957,1109
29471.479894,2713715575,2713716679,15961,1104
29471.490409,2713723362,2713724472,15837,1110
29471.500336,2713731154,2713732263,15946,1109
29471.511455,2713738940,2713740046,15958,1106
29471.520328,2713746717,2713747832,15834,1115
29471.532330,2713754506,2713755612,15946,1106
29471.543015,2713762278,2713763384,15962,1106
29471.552330,2713770050,2713771160,15813,1110
29471.564048,2713777831,2713778937,15840,1106
29471.574576,2713785616,2713786721,15956,1105
29471.584331,2713793400,2713794506,15825,1106
29471.595610,2713801183,2713802286,15936,1103
29471.604334,2713808976,2713810085,16108,1109
29471.616328,2713816760,2713817867,15941,1107
29471.627171,2713824546,2713825652,16030,1106
29471.636327,2713832336,2713833445,16054,1109
29471.648207,2713840124,2713841230,15924,1106
29471.658731,2713847918,2713849024,16039,1106
29471.668327,2713855709,2713856812,15953,1103
29471.679767,2713863502,2713864617,15836,1115
29471.688328,2713871297,2713872403,15941,1106
29471.700336,2713879093,2713880199,15968,1106
29471.711335,2713886878,2713887989,15916,1111
29471.720330,2713894678,2713895789,15937,1111
29471.732335,2713902462,2713903573,15962,1111
29471.742888,2713910257,2713911363,15838,1106
29471.752329,2713918045,2713919155,15943,1110
29471.763933,2713925831,2713926942,15967,1111
29471.774448,2713933625,2713934734,15836,1109
29471.784327,2713941413,2713942514,15943,1101
29471.795495,2713949195,2713950309,15963,1114
29471.804330,2713956991,2713958101,15840,1110
29471.816328,2713964796,2713965908,15964,1112
29471.827056,2713972582,2713973693,15955,1111
29471.836333,2713980368,2713981478,15827,1110
29471.848090,2713988164,2713989274,15948,1110
29471.858616,2713995949,2713997059,15955,1110
29471.868329,2714003736,2714004845,15841,1109
29471.879652,2714011529,2714012644,15944,1115
29471.888328,2714019329,2714020433,15969,1104
29471.900328,2714027108,2714028221,15841,1113
29471.911209,2714034898,2714036010,15846,1112
29471.920332,2714042699,2714043803,15963,1104
29471.932247,2714050483,2714051592,15827,1109
29471.942771,2714058268,2714059382,15949,1114
29471.952332,2714066073,2714067188,15963,1115
29471.963807,2714073867,2714074972,15847,1105
29471.972328,2714081649,2714082752,15939,1103
29471.984336,2714089425,2714090531,15965,1106
29471.995367,2714097203,2714098313,15836,1110
29472.004333,2714104986,2714106091,16027,1105
29472.016328,2714112778,2714113885,16029,1107
29472.026928,2714120565,2714121676,15924,1111
29472.036330,2714128361,2714129469,16033,1108
29472.047975,2714136149,2714137253,16054,1104
29472.058496,2714143938,2714145048,15998,1110
29472.068328,2714151712,2714152816,16032,1104
29472.079535,2714159499,2714160605,16058,1106
29472.088331,2714167281,2714168387,15926,1106
29472.100329,2714175071,2714176176,16024,1105
29472.111094,2714182863,2714183978,16053,1115
29472.120332,2714190498,2714191603,15923,1105
29472.132130,2714198283,2714199394,16033,1111
29472.142656,2714206075,2714207183,16051,1108
29472.152329,2714213870,2714214982,15921,1112
29472.163692,2714221659,2714222769,16049,1110
29472.172329,2714229457,2714230567,16046,1110
29472.184336,2714237245,2714238347,15922,1102
29472.195251,2714245019,2714246125,16028,1106
29472.204329,2714252797,2714253902,16053,1105
29472.216287,2714260579,2714261689,15906,1110
29472.226811,2714268360,2714269472,16035,1112
29472.236330,2714276147,2714277259,16053,1112
29472.247848,2714283935,2714285046,15923,1111
29472.258370,2714291741,2714292848,15925,1107
29472.268331,2714299529,2714300637,16054,1108
29472.279407,2714307324,2714308434,15924,1110
29472.288329,2714315111,2714316222,16030,1111
29472.300334,2714322894,2714324004,16052,1110
29472.310968,2714330674,2714331789,15937,1115
29472.320331,2714338457,2714339566,16030,1109
29472.332015,2714346240,2714347355,16049,1115
29472.342528,2714354026,2714355132,15927,1106
29472.352328,2714361814,2714362927,16033,1113
29472.363575,2714369601,2714370716,16037,1115
29472.372333,2714377382,2714378486,15925,1104
29472.384332,2714385163,2714386264,16026,1101
29472.395136,2714392930,2714394035,16057,1105
29472.404334,2714400716,2714401827,16005,1111
29472.416170,2714408505,2714409614,16035,1109
29472.426696,2714416310,2714417419,16035,1109
29472.436329,2714424101,2714425208,15917,1107
29472.447730,2714431882,2714432986,16035,1104
29472.456335,2714439662,2714440778,16053,1116
29472.468328,2714447450,2714448560,15922,1110
29472.479291,2714455244,2714456359,16031,1115
29472.488331,2714463034,2714464150,16039,1116
29472.500327,2714470833,2714471939,15929,1106
29472.510853,2714478610,2714479713,16054,1103
29472.520330,2714486390,2714487500,16055,1110
29472.531887,2714494179,2714495291,15922,1112
29472.542412,2714501976,2714503079,16026,1103
29472.552334,2714509769,2714510877,16046,1108
29472.563448,2714517565,2714518675,15925,1110
29472.572331,2714525351,2714526457,16029,1106
29472.584332,2714533135,2714534235,15963,1100
29472.595008,2714540913,2714542022,15836,1109
29472.604329,2714548696,2714549806,15854,1110
29472.616055,2714556492,2714557603,15965,1111
29472.626571,2714564319,2714565425,15923,1106
29472.636327,2714572104,2714573214,16033,1110
29472.647615,2714579902,2714581008,16050,1106
29472.656328,2714587677,2714588787,15933,1110
29472.668329,2714595467,2714596577,16034,1110
29472.679176,2714603265,2714604374,16053,1109
29472.688328,2714611063,2714612174,15923,1111
29472.700211,2714618852,2714619966,16029,1114
29472.710737,2714626836,2714627942,15957,1106
29472.720328,2714634634,2714635736,15920,1102
29472.731770,2714642422,2714643532,16032,1110
29472.740331,2714650219,2714651324,16056,1105
29472.752332,2714658006,2714659120,15993,1114
29472.763331,2714665804,2714666908,16034,1104
29472.772334,2714673583,2714674693,16057,1110
29472.784329,2714681363,2714682464,15918,1101
29472.794892,2714689144,2714690253,16036,1109
29472.804330,2714696938,2714698043,16043,1105
29472.815928,2714704727,2714705834,15905,1107
29472.827959,2714713631,2714714744,16074,1113
29472.838472,2714721425,2714722536,15919,1111
29472.848328,2714729211,2714730317,16031,1106
29472.859518,2714736989,2714738105,16042,1116
29472.868329,2714744789,2714745896,15920,1107
29472.880330,2714752573,2714753684,16035,1111
29472.891079,2714760364,2714761475,16057,1111
29472.900333,2714768156,2714769270,15996,1114
29472.912115,2714775949,2714777054,16035,1105
29472.922642,2714783752,2714784862,16097,1110
29472.932329,2714791542,2714792649,15913,1107
29472.943673,2714799330,2714800437,16026,1107
29472.952329,2714807128,2714808238,16059,1110
29472.964334,2714814913,2714816023,15921,1110
29472.975234,2714822689,2714823799,16028,1110
29472.984334,2714830474,2714831587,16057,1113
29472.996270,2714838272,2714839383,15920,1111
29473.006796,2714846057,2714847166,16048,1109
29473.016327,2714853841,2714854952,16058,1111
29473.027831,2714861634,2714862745,15920,1111
29473.038355,2714869437,2714870552,16025,1115
29473.048328,2714877230,2714878340,16049,1110
29473.059394,2714885017,2714886130,15938,1113
29473.068331,2714892833,2714893949,16031,1116
29473.080335,2714900631,2714901737,16058,1106
29473.090951,2714908413,2714909523,15916,1110
29473.100328,2714916205,2714917315,15927,1110
29473.111998,2714923993,2714925104,16057,1111
29473.122512,2714931784,2714932889,15920,1105
29473.132329,2714939563,2714940673,16029,1110
29473.143559,2714947344,2714948451,16057,1107
29473.152334,2714955121,2714956227,15926,1106
29473.164329,2714962910,2714964016,16038,1106
29473.175119,2714970685,2714971796,16050,1111
29473.184335,2714978502,2714979608,15920,1106
29473.196153,2714986292,2714987399,16032,1107
29473.206679,2714994082,2714995188,16043,1106
29473.216334,2715001875,2715002976,15922,1101
29473.227713,2715009653,2715010760,16027,1107
29473.236328,2715017459,2715018575,16106,1116
29473.248333,2715025256,2715026372,15998,1116
29473.259274,2715033046,2715034155,16029,1109
29473.268327,2715040831,2715041947,16058,1116
29473.280311,2715048633,2715049739,15916,1106
29473.290835,2715056418,2715057530,16032,1112
29473.300331,2715064219,2715065332,16049,1113
29473.311871,2715072009,2715073120,15909,1111
29473.322402,2715079808,2715080924,15732,1116
29473.332328,2715087609,2715088724,16004,1115
29473.343432,2715095416,2715096528,15937,1112
29473.352327,2715103218,2715104334,16068,1116
29473.364333,2715111011,2715112126,16001,1115
29473.374994,2715118818,2715119933,15937,1115
29473.384328,2715126618,2715127726,16050,1108
29473.396039,2715134396,2715135502,16059,1106
29473.406552,2715142191,2715143302,15927,1111
29473.416327,2715149985,2715151081,16026,1096
29473.427599,2715157753,2715158863,16046,1110
29473.436328,2715165544,2715166654,15919,1110
29473.448329,2715173343,2715174453,15936,1110
29473.459160,2715181132,2715182243,16061,1111
29473.468332,2715188922,2715190039,15910,1117
29473.480194,2715196720,2715197826,16038,1106
29473.490720,2715204509,2715205620,16057,1111
29473.500331,2715212300,2715213414,15932,1114
29473.511754,2715220093,2715221204,16034,1111
29473.520327,2715227875,2715228982,16058,1107
29473.532330,2715235658,2715236769,15916,1111
29473.543315,2715243455,2715244561,16029,1106
29473.552329,2715251247,2715252362,16039,1115
29473.564335,2715259042,2715260152,15952,1110
29473.574875,2715266832,2715267939,16025,1107
29473.584330,2715274630,2715275735,16058,1105
29473.595918,2715282416,2715283516,15995,1100
29473.606435,2715290197,2715291312,16037,1115
29473.616335,2715297987,2715299092,16045,1105
29473.627472,2715305774,2715306884,15917,1110
29473.636327,2715313568,2715314670,16037,1102
29473.648331,2715321303,2715322418,16061,1115
29473.659032,2715329109,2715330216,15919,1107
29473.668332,2715336895,2715338005,16025,1110
29473.680079,2715344692,2715345804,16054,1112
29473.690592,2715352482,2715353598,15920,1116
29473.700329,2715360286,2715361395,16050,1109
29473.711639,2715368079,2715369185,16057,1106
29473.720330,2715375880,2715376995,15921,1115
29473.732330,2715383679,2715384779,16035,1100
29473.743199,2715391457,2715392561,16054,1104
29473.752333,2715399257,2715400366,15923,1109
29473.764236,2715407040,2715408149,16026,1109
29473.774760,2715414825,2715415925,16057,1100
29473.784334,2715422619,2715423724,15916,1105
29473.795793,2715430423,2715431533,15938,1110
29473.804332,2715438222,2715439334,16051,1112
29473.816329,2715446015,2715447121,15918,1106
29473.827355,2715453806,2715454921,16031,1115
29473.836328,2715461605,2715462715,16056,1110
29473.848336,2715469409,2715470519,15930,1110
29473.858915,2715477204,2715478314,16033,1110
29473.868331,2715485011,2715486117,16103,1106
29473.879951,2715492796,2715493902,15919,1106
29473.890473,2715500596,2715501710,15982,1114
29473.900334,2715508400,2715509514,16039,1114
29473.911512,2715516195,2715517305,15915,1110
29473.920327,2715523984,2715525098,16029,1114
29473.932331,2715531787,2715532896,16095,1109
29473.943079,2715539582,2715540694,15997,1112
29473.952329,2715547407,2715548517,16025,1110
29473.964121,2715555215,2715556326,16105,1111
29473.974635,2715563009,2715564129,15946,1120
29473.984327,2715570818,2715571929,16036,1111
29473.995678,2715578607,2715579718,16054,1111
29474.004328,2715586403,2715587515,15922,1112
29474.016331,2715594199,2715595310,16034,1111
29474.027239,2715601987,2715603098,16057,1111
29474.036330,2715609779,2715610888,15948,1109
29474.048275,2715617585,2715618701,16049,1116
29474.058800,2715625401,2715626516,16051,1115
29474.068328,2715633207,2715634324,15949,1117
29474.079834,2715641012,2715642119,16031,1107
29474.090360,2715648811,2715649920,16052,1109
29474.100329,2715656602,2715657709,15916,1107
29474.111395,2715664380,2715665491,16030,1111
29474.120328,2715672177,2715673297,16057,1120
29474.132327,2715679971,2715681076,15918,1105
29474.142953,2715687759,2715688868,15938,1109
29474.152337,2715695537,2715696648,16056,1111
29474.163991,2715703339,2715704451,15917,1112
29474.174516,2715711149,2715712258,16040,1109
29474.184334,2715718950,2715720062,16048,1112
29474.195552,2715726752,2715727863,15928,1111
29474.204330,2715734554,2715735658,16037,1104
29474.216328,2715742335,2715743451,16059,1116
29474.227113,2715750139,2715751256,15920,1117
29474.236334,2715757972,2715759082,16031,1110
29474.248158,2715765750,2715766861,16040,1111
29474.258672,2715773565,2715774678,15919,1113
29474.268329,2715781357,2715782471,16025,1114
29474.279719,2715789156,2715790265,16050,1109
29474.288329,2715796951,2715798065,15998,1114
29474.300332,2715804737,2715805849,16016,1112
29474.311279,2715812539,2715813645,16056,1106
29474.320327,2715820327,2715821437,15911,1110
29474.332314,2715828114,2715829224,16035,1110
29474.342838,2715835902,2715837012,16055,1110
29474.352331,2715843706,2715844820,15899,1114
29474.363874,2715851510,2715852619,16035,1109
29474.374400,2715859273,2715860379,16075,1106
29474.384327,2715867068,2715868172,15911,1104
29474.395436,2715874842,2715875947,16035,1105
29474.404329,2715882625,2715883736,16055,1111
29474.416327,2715890414,2715891534,15947,1120
29474.426995,2715898211,2715899318,16028,1107
29474.436327,2715906014,2715907125,16087,1111
29474.448031,2715913822,2715914931,15922,1109
29474.460064,2715922722,2715923827,16091,1105
29474.470575,2715930505,2715931612,15917,1107
29474.480328,2715938309,2715939423,16006,1114
29474.491621,2715946086,2715947201,16056,1115
29474.500328,2715953872,2715954993,15949,1121
29474.512331,2715961682,2715962794,16032,1112
29474.523183,2715969436,2715970543,16082,1107
29474.532333,2715977233,2715978341,15916,1108
29474.544218,2715985018,2715986129,16047,1111
29474.554743,2715992790,2715993900,16066,1110
29474.564331,2716000596,2716001711,15933,1115
29474.575777,2716008408,2716009514,16031,1106
29474.584329,2716016173,2716017284,16076,1111
29474.596331,2716023970,2716025084,15945,1114
29474.607338,2716031782,2716032897,15999,1115
29474.616329,2716039598,2716040707,16052,1109
29474.628329,2716047419,2716048525,15919,1106
29474.638897,2716055195,2716056302,15938,1107
29474.648329,2716062987,2716064098,16058,1111
29474.659934,2716070779,2716071886,15919,1107
29474.670459,2716078595,2716079708,16034,1113
29474.680331,2716086353,2716087461,16077,1108
29474.691495,2716094155,2716095269,15936,1114
29474.700330,2716101960,2716103075,16033,1115
29474.712332,2716109751,2716110862,16079,1111
29474.723055,2716117553,2716118664,15914,1111
29474.732331,2716125379,2716126490,16029,1111
29474.744103,2716133191,2716134306,16041,1115
29474.754615,2716140997,2716142120,15920,1123
29474.764327,2716148822,2716149922,16030,1100
29474.775662,2716156574,2716157692,16069,1118
29474.784328,2716164376,2716165488,15997,1112
29474.796329,2716172173,2716173280,16031,1107
29474.807223,2716179955,2716181069,16078,1114
29474.816330,2716187775,2716188890,15920,1115
29474.828255,2716195580,2716196693,15980,1113
29474.838781,2716203357,2716204469,16046,1112
29474.848328,2716211184,2716212304,15930,1120
29474.859814,2716219001,2716220115,15977,1114
29474.868330,2716226793,2716227905,16052,1112
29474.880331,2716234588,2716235699,15863,1111
29474.891379,2716242403,2716243510,15963,1107
29474.900327,2716250189,2716251296,16080,1107
29474.912331,2716257986,2716259099,15919,1113
29474.922938,2716265816,2716266930,16026,1114
29474.932327,2716273631,2716274740,16074,1109
29474.943981,2716281445,2716282561,16003,1116
29474.954496,2716289268,2716290384,15934,1116
29474.964329,2716297077,2716298193,16085,1116
29474.975543,2716304886,2716306005,15996,1119
29474.984330,2716312699,2716313817,15934,1118
29474.996329,2716320518,2716321637,16045,1119
29475.007097,2716328324,2716329433,15919,1109
29475.016328,2716336156,2716337266,16027,1110
29475.028142,2716343916,2716345031,16074,1115
29475.038656,2716351708,2716352822,15934,1114
29475.048329,2716359519,2716360635,16027,1116
29475.059703,2716367285,2716368396,16055,1111
29475.068336,2716375096,2716376207,15911,1111
29475.080330,2716382927,2716384034,15945,1107
29475.091264,2716390724,2716391834,16004,1110
29475.100330,2716398551,2716399665,15831,1114
29475.112298,2716406346,2716407461,15920,1115
29475.122822,2716414120,2716415230,15939,1110
29475.132331,2716421921,2716423034,15908,1113
29475.143858,2716429740,2716430856,15930,1116
29475.154383,2716437547,2716438658,15958,1111
29475.164328,2716445355,2716446464,15849,1109
29475.175418,2716453168,2716454287,15948,1119
29475.184329,2716460943,2716462054,15967,1111
29475.196329,2716468745,2716469860,15831,1115
29475.206978,2716476556,2716477665,15949,1109
29475.216327,2716484326,2716485444,15992,1118
29475.228015,2716492152,2716493268,15827,1116
29475.238541,2716499975,2716501090,15964,1115
29475.248331,2716507749,2716508864,15986,1115
29475.259575,2716515562,2716516682,15823,1120
29475.268327,2716523372,2716524488,15944,1116
29475.280330,2716531178,2716532289,16076,1111
29475.291138,2716538969,2716540087,15947,1118
29475.300334,2716546788,2716547897,16032,1109
29475.312185,2716554571,2716555683,16095,1112
29475.322696,2716562369,2716563479,15896,1110
29475.332327,2716570174,2716571291,15938,1117
29475.343743,2716577987,2716579107,16056,1120
29475.352328,2716585808,2716586917,15950,1109
29475.364330,2716593606,2716594708,16028,1102
29475.375303,2716601399,2716602512,16082,1113
29475.384336,2716609231,2716610346,15935,1115
29475.396327,2716617039,2716618145,16033,1106
29475.406865,2716624818,2716625934,16095,1116
29475.416329,2716632621,2716633725,15905,1104
29475.427898,2716640420,2716641534,16028,1114
29475.438424,2716648240,2716649349,16043,1109
29475.448329,2716656057,2716657173,15919,1116
29475.459458,2716663883,2716664998,16027,1115
29475.468329,2716671665,2716672780,16079,1115
29475.480328,2716679498,2716680618,15904,1120
29475.491018,2716687304,2716688419,15918,1115
29475.500328,2716695078,2716696195,16056,1117
29475.512055,2716702885,2716704002,15919,1117
29475.522579,2716710704,2716711821,16035,1117
29475.532334,2716718461,2716719574,16058,1113
29475.543615,2716726275,2716727388,15909,1113
29475.552335,2716734089,2716735200,16033,1111
29475.564328,2716741855,2716742967,16074,1112
29475.575176,2716749657,2716750764,15919,1107
29475.584329,2716757459,2716758575,16052,1116
29475.596223,2716765274,2716766390,16055,1116
29475.606737,2716773089,2716774199,15921,1110
29475.616329,2716780911,2716782020,16032,1109
29475.627783,2716788688,2716789802,16072,1114
29475.636328,2716796483,2716797598,15926,1115
29475.648328,2716804290,2716805409,16034,1119
29475.659343,2716812081,2716813197,16075,1116
29475.668329,2716819897,2716821004,15920,1107
29475.680337,2716827703,2716828821,15937,1118
29475.690904,2716835526,2716836639,15968,1113
29475.700331,2716843343,2716844455,15832,1112
29475.711938,2716851162,2716852273,15939,1111
29475.722464,2716858924,2716860038,15989,1114
29475.732329,2716866736,2716867847,15851,1111
29475.743496,2716874542,2716875652,15879,1110
29475.752329,2716882324,2716883435,15985,1111
29475.764330,2716890139,2716891253,15833,1114
29475.775059,2716897953,2716899069,15945,1116
29475.784332,2716905761,2716906876,16008,1115
29475.796095,2716913582,2716914697,15834,1115
29475.806619,2716921391,2716922502,15935,1111
29475.816331,2716929184,2716930299,15954,1115
29475.827663,2716936998,2716938118,15913,1120
29475.836329,2716944824,2716945939,15946,1115
29475.848332,2716952607,2716953723,15987,1116
29475.859216,2716960424,2716961535,15831,1111
29475.868327,2716968241,2716969360,15943,1119
29475.880259,2716976034,2716977145,15957,1111
29475.890778,2716983930,2716985046,15846,1116
29475.900329,2716991730,2716992847,15916,1117
29475.911823,2716999517,2717000628,16078,1111
29475.922336,2717007336,2717008452,15914,1116
29475.932328,2717015149,2717016265,16051,1116
29475.943383,2717022942,2717024063,16077,1121
29475.952328,2717030776,2717031890,15912,1114
29475.964327,2717038597,2717039708,16034,1111
29475.974944,2717046395,2717047505,16073,1110
29475.984333,2717054212,2717055325,15919,1113
29475.995978,2717062037,2717063151,16037,1114
29476.006505,2717069827,2717070942,16076,1115
29476.016331,2717077648,2717078762,15917,1114
29476.027536,2717085459,2717086576,15936,1117
29476.036330,2717093277,2717094395,16062,1118
29476.048328,2717101114,2717102234,15918,1120
29476.059099,2717108936,2717110051,16021,1115
29476.068329,2717116754,2717117869,16074,1115
29476.080135,2717124566,2717125678,15934,1112
29476.090656,2717132341,2717133471,15979,1130
29476.100330,2717140183,2717141292,15955,1109
29476.111696,2717147990,2717149109,15829,1119
29476.120334,2717155799,2717156914,15950,1115
29476.132328,2717163619,2717164732,15948,1113
29476.143256,2717171431,2717172550,15833,1119
29476.152332,2717179246,2717180356,15945,1110
29476.164303,2717187016,2717188137,15976,1121
29476.174824,2717194868,2717195983,15909,1115
29476.184328,2717202681,2717203792,15947,1111
29476.195863,2717210465,2717211583,15984,1118
29476.206377,2717218287,2717219398,15829,1111
29476.216332,2717226114,2717227225,15941,1111
29476.227422,2717233934,2717235051,15968,1117
29476.236328,2717241759,2717242871,15830,1112
29476.248335,2717249578,2717250697,15944,1119
29476.258984,2717257390,2717258500,15966,1110
29476.268332,2717265208,2717266329,15834,1121
29476.280020,2717273032,2717274143,15965,1111
29476.290544,2717280851,2717281963,15967,1112
29476.300332,2717288684,2717289800,15829,1116
29476.311579,2717296503,2717297615,15936,1112
29476.320328,2717304282,2717305397,16073,1115
29476.332328,2717312100,2717313214,15917,1114
29476.343136,2717319916,2717321030,15975,1114
29476.352337,2717327691,2717328808,16076,1117
29476.364175,2717335518,2717336629,15915,1111
29476.374699,2717343334,2717344443,15932,1109
29476.384332,2717351142,2717352259,16058,1117
29476.395738,2717358978,2717360104,15933,1126
29476.404327,2717366833,2717367950,16046,1117
29476.416329,2717374640,2717375752,15983,1112
29476.427296,2717382462,2717383578,15834,1116
29476.436332,2717390284,2717391404,15926,1120
29476.448330,2717398152,2717399272,15822,1120
29476.458857,2717406019,2717407137,15837,1118
29476.468328,2717413867,2717414987,15923,1120
29476.479902,2717421702,2717422822,15942,1120
29476.490417,2717429534,2717430654,15850,1120
29476.500328,2717437372,2717438486,15886,1114
29476.511460,2717445220,2717446340,15926,1120
29476.520328,2717453083,2717454200,15683,1117
29476.532329,2717461037,2717462154,16004,1117
29476.543024,2717468845,2717469961,16071,1116
29476.552327,2717476673,2717477790,15920,1117
29476.564058,2717484502,2717485616,16036,1114
29476.574581,2717492288,2717493403,16047,1115
29476.584333,2717500137,2717501254,15936,1117
29476.595618,2717507959,2717509075,16031,1116
29476.604329,2717515741,2717516852,16078,1111
29476.616330,2717523555,2717524674,15920,1119
29476.627180,2717531384,2717532502,16048,1118
29476.636334,2717539164,2717540285,16083,1121
29476.648215,2717546994,2717548111,15920,1117
29476.658740,2717554818,2717555932,16026,1114
29476.668330,2717562634,2717563755,16059,1121
29476.679776,2717570450,2717571567,15915,1117
29476.688327,2717578274,2717579394,16036,1120
29476.700335,2717586065,2717587177,16063,1112
29476.711337,2717593901,2717595022,15830,1121
29476.720328,2717601740,2717602856,15848,1116
29476.732328,2717609561,2717610672,15958,1111
29476.742897,2717617373,2717618484,15830,1111
29476.752328,2717625191,2717626307,15934,1116
29476.763943,2717633010,2717634130,15973,1120
29476.774457,2717640837,2717641953,15847,1116
29476.784329,2717648662,2717649773,15938,1111
29476.795504,2717656485,2717657605,15969,1120
29476.804334,2717664324,2717665441,15833,1117
29476.816329,2717672143,2717673264,15946,1121
29476.827065,2717679956,2717681066,15989,1110
29476.836331,2717687865,2717688982,15820,1117
29476.848098,2717695695,2717696810,15948,1115
29476.858624,2717703474,2717704594,15983,1120
29476.868333,2717711307,2717712424,15909,1117
29476.879659,2717719125,2717720239,15948,1114
29476.888328,2717726942,2717728057,15968,1115
29476.900335,2717734760,2717735871,15828,1111
29476.911219,2717742589,2717743706,15947,1117
29476.920329,2717750392,2717751509,16044,1117
29476.932255,2717758220,2717759337,15928,1117
29476.942779,2717766049,2717767163,16035,1114
29476.952330,2717773868,2717774984,16043,1116
29476.963816,2717781691,2717782799,15931,1108
29476.974342,2717789509,2717790625,16047,1116
29476.984327,2717797306,2717798425,16081,1119
29476.995376,2717805132,2717806250,15916,1118
29477.004330,2717812956,2717814072,16034,1116
29477.016328,2717820758,2717821875,16075,1117
29477.026937,2717828571,2717829691,15923,1120
29477.036334,2717836409,2717837525,16024,1116
29477.047984,2717844188,2717845306,16075,1118
29477.058497,2717852003,2717853123,15916,1120
29477.068333,2717859817,2717860931,15935,1114
29477.079545,2717867631,2717868746,16044,1115
29477.088332,2717875452,2717876563,15920,1111
29477.100331,2717883266,2717884372,16034,1106
29477.111104,2717891046,2717892176,15998,1130
29477.120332,2717898919,2717900037,15847,1118
29477.132139,2717906753,2717907872,15945,1119
29477.142665,2717914546,2717915662,15991,1116
29477.152336,2717922366,2717923483,15832,1117
29477.163699,2717930189,2717931302,15950,1113
29477.172330,2717937981,2717939102,16000,1121
29477.184327,2717945805,2717946925,15832,1120
29477.195260,2717953624,2717954740,15946,1116
29477.204332,2717961457,2717962574,15967,1117
29477.216303,2717969279,2717970396,15909,1117
29477.226820,2717977102,2717978217,15943,1115
29477.236327,2717984889,2717986006,15989,1117
29477.247856,2717992709,2717993827,15826,1118
29477.258381,2718000529,2718001649,15944,1120
29477.268333,2718008326,2718009438,15950,1112
29477.279416,2718016147,2718017263,15844,1116
29477.288335,2718023955,2718025066,15943,1111
29477.300337,2718031740,2718032851,15984,1111
29477.310977,2718039569,2718040686,15832,1117
29477.320331,2718047410,2718048522,16048,1112
29477.332024,2718055212,2718056324,16077,1112
29477.342538,2718063044,2718064160,15921,1116
29477.352331,2718070876,2718071993,16022,1117
29477.363584,2718078703,2718079815,16048,1112
29477.372332,2718086521,2718087629,15918,1108
29477.384335,2718094336,2718095447,16034,1111
29477.395145,2718102127,2718103246,16075,1119
29477.404331,2718109963,2718111071,15921,1108
29477.416177,2718117773,2718118893,15934,1120
29477.426705,2718125597,2718126708,16058,1111
29477.436331,2718133418,2718134528,15919,1110
29477.447740,2718141230,2718142346,16034,1116
29477.456328,2718149016,2718150132,16078,1116
29477.468329,2718156848,2718157968,15936,1120
29477.479299,2718164678,2718165789,16033,1111
29477.488334,2718172466,2718173586,16077,1120
29477.500329,2718180290,2718181398,15920,1108
29477.510860,2718188108,2718189225,16034,1117
29477.520332,2718195955,2718197071,15977,1116
29477.531896,2718203781,2718204896,15840,1115
29477.542420,2718211600,2718212716,15940,1116
29477.552327,2718219397,2718220512,16073,1115
29477.563464,2718227216,2718228327,15992,1111
29477.572328,2718235029,2718236149,16028,1120
29477.584331,2718242856,2718243970,16052,1114
29477.595017,2718250665,2718251779,15924,1114
29477.604331,2718258479,2718259589,16030,1110
29477.616061,2718266251,2718267368,16049,1117
29477.626577,2718274068,2718275183,15929,1115
29477.636332,2718281887,2718283002,16035,1115
29477.647623,2718289712,2718290831,16042,1119
29477.656329,2718297542,2718298660,15937,1118
29477.668328,2718305375,2718306496,16051,1121
29477.679185,2718313178,2718314293,16080,1115
29477.688327,2718321027,2718322143,15920,1116
29477.700219,2718328850,2718329967,16033,1117
29477.724274,2718341065,2718341690,12062,625
29477.734787,2718345081,2718345708,11965,627
29477.744333,2718351149,2718352254,16000,1105
29477.755832,2718358940,2718360056,15916,1116
29477.766346,2718366739,2718367861,15873,1122
29477.776327,2718374555,2718375675,15991,1120
29477.787390,2718382384,2718383500,15904,1116
29477.796332,2718390205,2718391324,15828,1119
29477.808330,2718398032,2718399149,15985,1117
29477.818950,2718405849,2718406970,15913,1121
29477.828329,2718413674,2718414788,15837,1114
29477.839988,2718421491,2718422612,15985,1121
29477.850510,2718429312,2718430433,16045,1121
29477.860330,2718437152,2718438272,15993,1120
29477.871549,2718444980,2718446098,16070,1118
29477.880330,2718452806,2718453922,16004,1116
29477.892329,2718460643,2718461764,15934,1121
29477.903111,2718468468,2718469585,16078,1117
29477.912327,2718476314,2718477431,16012,1117
29477.924142,2718484141,2718485261,15934,1120
29477.934670,2718491986,2718493101,15983,1115
29477.944329,2718499840,2718500962,15908,1122
29477.955702,2718507675,2718508791,15846,1116
29477.964330,2718515494,2718516607,15992,1113
29477.976328,2718523318,2718524435,15917,1117
29477.987263,2718531145,2718532266,15843,1121
29477.996335,2718538968,2718540082,15973,1114
29478.008307,2718546790,2718547907,15915,1117
29478.018823,2718554616,2718555731,15852,1115
29478.028328,2718562442,2718563562,15970,1120
29478.039867,2718570269,2718571380,15917,1111
29478.050383,2718578092,2718579204,15849,1112
29478.060332,2718585915,2718587035,15920,1120
29478.071428,2718593748,2718594865,15916,1117
29478.080331,2718601576,2718602695,15862,1119
29478.092329,2718609402,2718610512,15986,1110
29478.102989,2718617221,2718618339,15914,1118
29478.112332,2718625045,2718626165,15861,1120
29478.124029,2718632883,2718634001,15986,1118
29478.134553,2718640743,2718641857,15915,1114
29478.144328,2718648575,2718649697,15824,1122
29478.155589,2718656416,2718657524,15974,1108
29478.164330,2718664241,2718665355,15904,1114
29478.176329,2718672058,2718673172,15829,1114
29478.187149,2718679871,2718680989,15980,1118
29478.196331,2718687725,2718688843,15912,1118
29478.208189,2718695549,2718696667,15912,1118
29478.218713,2718702077,2718703191,15941,1114
29478.228330,2718709895,2718711004,15996,1109
29478.239743,2718717718,2718718834,15918,1116
29478.248327,2718725548,2718726662,16078,1114
29478.260327,2718733385,2718734498,15999,1113
29478.271303,2718741214,2718742325,15920,1111
29478.280329,2718749042,2718750160,16070,1118
29478.292328,2718756873,2718757985,15998,1112
29478.302863,2718764691,2718765809,15937,1118
29478.312327,2718772523,2718773636,16074,1113
29478.323908,2718780354,2718781468,15994,1114
29478.335933,2718789304,2718790412,16129,1108
29478.346454,2718797133,2718798246,15910,1113
29478.356330,2718804962,2718806082,15906,1120
29478.367494,2718812792,2718813910,15996,1118
29478.376329,2718820629,2718821738,15911,1109
29478.388330,2718828456,2718829564,15834,1108
29478.399052,2718836287,2718837405,16065,1118
29478.408326,2718844136,2718845250,15914,1114
29478.420086,2718851959,2718853073,15828,1114
29478.430615,2718859783,2718860902,15982,1119
29478.440330,2718867621,2718868739,15908,1118
29478.451645,2718875455,2718876573,15847,1118
29478.460331,2718883282,2718884392,16067,1110
29478.472328,2718891105,2718892223,15909,1118
29478.483206,2718898933,2718900051,15839,1118
29478.492327,2718906767,2718907882,16000,1115
29478.504253,2718914599,2718915717,15915,1118
29478.514767,2718922432,2718923546,15845,1114
29478.524330,2718930263,2718931378,16082,1115
29478.535813,2718938087,2718939201,15917,1114
29478.544331,2718945927,2718947044,15917,1117
29478.556333,2718953764,2718954876,16002,1112
29478.567373,2718961592,2718962706,16001,1114
29478.576331,2718969418,2718970536,15916,1118
29478.588335,2718977253,2718978361,16067,1108
29478.598932,2718985081,2718986199,15912,1118
29478.608334,2718992921,2718994035,15824,1114
29478.619971,2719000744,2719001857,15982,1113
29478.630493,2719008567,2719009686,15909,1119
29478.640334,2719016402,2719017517,15848,1115
29478.651533,2719024240,2719025358,16081,1118
29478.660328,2719032081,2719033198,15987,1117
29478.672327,2719039913,2719041027,15928,1114
29478.683094,2719047739,2719048854,16086,1115
29478.692327,2719055594,2719056712,16002,1118
29478.704132,2719063431,2719064543,15995,1112
29478.714655,2719071251,2719072369,16081,1118
29478.724327,2719079086,2719080201,16001,1115
29478.735685,2719086913,2719088026,15827,1113
29478.744332,2719094756,2719095873,15967,1117
29478.756328,2719102589,2719103698,15912,1109
29478.767245,2719110407,2719111520,15842,1113
29478.776332,2719118237,2719119351,16056,1114
29478.788290,2719126068,2719127183,15999,1115
29478.798807,2719133894,2719135012,15936,1118
29478.808328,2719141723,2719142841,16058,1118
29478.819850,2719149555,2719150673,15992,1118
29478.830367,2719157382,2719158501,15943,1119
29478.840333,2719165238,2719166356,16069,1118
29478.851412,2719173069,2719174187,15996,1118
29478.860330,2719180894,2719182009,15945,1115
29478.872327,2719188717,2719189835,16069,1118
29478.882973,2719196559,2719197667,16003,1108
29478.892328,2719204381,2719205494,15926,1113
29478.904012,2719212214,2719213329,16003,1115
29478.914533,2719220043,2719221162,15999,1119
29478.924327,2719227873,2719228992,15833,1119
29478.935571,2719235705,2719236823,15966,1118
29478.944328,2719243532,2719244649,15910,1117
29478.956328,2719251379,2719252489,15927,1110
29478.967131,2719259201,2719260312,16055,1111
29478.976334,2719267051,2719268165,16003,1114
29478.988165,2719274880,2719275992,15944,1112
29478.998693,2719282699,2719283817,16066,1118
29479.008327,2719290539,2719291655,15993,1116
29479.019726,2719298362,2719299472,15948,1110
29479.028331,2719306186,2719307305,16069,1119
29479.040331,2719314014,2719315132,15996,1118
29479.051292,2719321842,2719322956,15990,1114
29479.060330,2719329664,2719330772,16066,1108
29479.072328,2719337484,2719338598,16001,1114
29479.082846,2719345311,2719346429,15928,1118
29479.092330,2719353138,2719354255,16047,1117
29479.103892,2719360974,2719362082,15991,1108
29479.114406,2719368802,2719369924,15927,1122
29479.124327,2719376643,2719377758,16057,1115
29479.135451,2719384475,2719385590,15996,1115
29479.144329,2719392302,2719393418,15866,1116
29479.156331,2719400112,2719401230,16068,1118
29479.167013,2719407946,2719409059,15986,1113
29479.176330,2719415808,2719416920,15934,1112
29479.188053,2719423640,2719424753,16079,1113
29479.198574,2719431460,2719432580,16000,1120
29479.208328,2719439297,2719440409,15936,1112
29479.219614,2719447134,2719448249,16079,1115
29479.228331,2719454961,2719456081,15968,1120
29479.240334,2719462796,2719463911,15907,1115
29479.251174,2719470627,2719471742,16004,1115
29479.260333,2719478435,2719479543,15915,1108
29479.272206,2719486267,2719487385,15827,1118
29479.282733,2719494090,2719495203,15984,1113
29479.292333,2719501917,2719503035,15904,1118
29479.303766,2719509746,2719510861,15909,1115
29479.312328,2719517579,2719518691,16069,1112
29479.324328,2719525407,2719526522,15994,1115
29479.335326,2719533233,2719534348,15938,1115
29479.344335,2719541059,2719542173,16080,1114
29479.356332,2719548896,2719550014,15996,1118
29479.366886,2719556737,2719557852,15929,1115
29479.376331,2719564568,2719565687,16086,1119
29479.387933,2719572395,2719573510,16004,1115
29479.398454,2719580225,2719581343,15995,1118
29479.408332,2719588058,2719589173,16084,1115
29479.419494,2719595885,2719597000,15999,1115
29479.428333,2719603704,2719604820,15912,1116
29479.440333,2719611541,2719612655,16071,1114
29479.451054,2719619379,2719620493,15999,1114
29479.460332,2719627231,2719628338,15914,1107
29479.472092,2719635058,2719636173,16067,1115
29479.482613,2719642916,2719644034,15998,1118
29479.492330,2719650748,2719651863,15933,1115
29479.503653,2719658581,2719659694,16077,1113
29479.512331,2719666400,2719667514,15909,1114
29479.524330,2719674224,2719675338,15846,1114
29479.535214,2719682050,2719683168,15995,1118
29479.544331,2719689876,2719690993,15997,1117
29479.556245,2719697710,2719698828,15933,1118
29479.566773,2719705554,2719706671,16072,1117
29479.576327,2719713416,2719714533,15997,1117
29479.587806,2719721246,2719722361,15933,1115
29479.596329,2719729079,2719730194,16006,1115
29479.608332,2719736921,2719738030,16005,1109
29479.619366,2719744732,2719745847,15925,1115
29479.628328,2719752557,2719753673,16059,1116
29479.640327,2719760387,2719761505,15993,1118
29479.650926,2719768220,2719769334,15931,1114
29479.660328,2719776056,2719777166,16054,1110
29479.671971,2719783883,2719785000,15998,1117
29479.682487,2719791710,2719792822,15945,1112
29479.692329,2719799539,2719800649,16069,1110
29479.703531,2719807372,2719808487,15997,1115
29479.712336,2719815196,2719816311,15947,1115
29479.724329,2719823022,2719824132,16069,1110
29479.735093,2719830849,2719831963,15999,1114
29479.744329,2719838708,2719839824,15990,1116
29479.756132,2719846550,2719847669,16063,1119
29479.766655,2719854465,2719855580,15916,1115
29479.776333,2719862301,2719863417,15829,1116
29479.787692,2719870130,2719871245,16070,1115
29479.796334,2719877960,2719879072,15999,1112
29479.808329,2719885787,2719886906,15921,1119
29479.819253,2719893622,2719894740,16060,1118
29479.828328,2719901460,2719902575,15982,1115
29479.840286,2719909315,2719910427,15927,1112
29479.850813,2719917135,2719918250,16069,1115
29479.860329,2719924964,2719926080,15995,1116
29479.871846,2719932805,2719933920,15929,1115
29479.882375,2719940635,2719941750,16079,1115
29479.892330,2719948465,2719949584,15996,1119
29479.903406,2719956306,2719957424,15833,1118
29479.912334,2719964137,2719965255,15995,1118
29479.924329,2719971971,2719973089,15904,1118
29479.934966,2719979805,2719980923,15825,1118
29479.944328,2719987641,2719988757,15904,1116
29479.956012,2719995473,2719996591,15893,1118
29479.968037,2720004380,2720005498,16135,1118
29479.978558,2720012225,2720013341,16001,1116
29479.988328,2720020073,2720021192,15914,1119
29479.999597,2720027913,2720029029,16087,1116
29480.008329,2720035742,2720036857,15905,1115
29480.020329,2720043573,2720044683,15828,1110
29480.031156,2720051388,2720052506,15981,1118
29480.040330,2720059237,2720060352,15912,1115
29480.052188,2720067069,2720068186,15825,1117
29480.062716,2720074893,2720076012,16022,1119
29480.072333,2720082730,2720083848,15910,1118
29480.083749,2720090568,2720091683,15845,1115
29480.092332,2720098398,2720099515,15913,1117
29480.104329,2720106231,2720107346,15910,1115
29480.115309,2720114065,2720115177,15845,1112
29480.124337,2720121893,2720123007,15995,1114
29480.136328,2720129733,2720130848,15909,1115
29480.146870,2720137565,2720138682,15840,1117
29480.156330,2720145394,2720146512,15993,1118
29480.167917,2720153232,2720154345,15918,1113
29480.178431,2720161093,2720162210,15915,1117
29480.188327,2720168926,2720170045,16065,1119
29480.199477,2720176752,2720177871,15997,1119
29480.208331,2720184590,2720185709,15917,1119
29480.220333,2720192423,2720193538,16066,1115
29480.231036,2720200249,2720201364,15912,1115
29480.240328,2720208100,2720209217,15904,1117
29480.252076,2720215930,2720217052,15978,1122
29480.262597,2720223768,2720224887,15907,1119
29480.272330,2720231606,2720232718,15845,1112
29480.283637,2720239438,2720240557,15991,1119
29480.292334,2720247281,2720248389,15914,1108
29480.304332,2720255104,2720256219,15840,1115
29480.315198,2720262944,2720264059,15999,1115
29480.324331,2720270799,2720271914,15908,1115
29480.336229,2720278615,2720279730,15832,1115
29480.346758,2720286445,2720287560,15986,1115
29480.356333,2720294278,2720295397,15903,1119
29480.367789,2720302101,2720303216,15816,1115
29480.376329,2720309936,2720311050,16055,1114
29480.388329,2720317778,2720318892,15997,1114
29480.399350,2720325614,2720326729,15927,1115
29480.408329,2720333442,2720334550,16052,1108
29480.420337,2720341261,2720342379,16000,1118
29480.430910,2720349096,2720350211,15944,1115
29480.440330,2720356934,2720358051,15991,1117
29480.451954,2720364768,2720365886,15999,1118
29480.462473,2720372584,2720373707,15878,1123
29480.472329,2720380444,2720381562,15981,1118
29480.483516,2720388272,2720389387,15912,1115
29480.492332,2720396106,2720397222,15923,1116
29480.504328,2720403947,2720405061,15916,1114
29480.515075,2720411787,2720412902,15997,1115
29480.524330,2720419643,2720420761,16000,1118
29480.536114,2720427482,2720428597,15996,1115
29480.546636,2720435321,2720436436,15996,1115
29480.556328,2720443171,2720444290,15934,1119
29480.567675,2720450979,2720452097,16053,1118
29480.576332,2720458806,2720459920,15998,1114
29480.588327,2720466643,2720467758,15992,1115
29480.599235,2720474468,2720475583,16049,1115
29480.608328,2720482299,2720483414,15991,1115
29480.620271,2720490130,2720491245,15947,1115
29480.630796,2720497956,2720499070,16065,1114
29480.640328,2720505787,2720506906,16006,1119
29480.651829,2720513623,2720514737,15941,1114
29480.662357,2720521458,2720522578,16061,1120
29480.672332,2720529311,2720530426,16002,1115
29480.683390,2720537156,2720538275,15836,1119
29480.692328,2720544996,2720546109,15974,1113
29480.704329,2720552821,2720553936,15911,1115
29480.714950,2720560649,2720561758,15841,1109
29480.724330,2720568481,2720569596,15965,1115
29480.735994,2720576308,2720577423,15911,1115
29480.746510,2720584128,2720585243,15841,1115
29480.756331,2720591955,2720593070,15957,1115
29480.767555,2720599787,2720600906,15912,1119
29480.776328,2720607617,2720608735,15846,1118
29480.788330,2720615443,2720616558,16002,1115
29480.799117,2720623275,2720624394,15993,1119
29480.808328,2720631137,2720632250,15928,1113
29480.820157,2720638969,2720640083,16083,1114
29480.830678,2720646801,2720647920,15997,1119
29480.840332,2720654634,2720655748,15920,1114
29480.851717,2720662469,2720663585,16074,1116
29480.860329,2720670302,2720671417,15999,1115
29480.872328,2720678131,2720679246,15916,1115
29480.883276,2720685960,2720687075,16068,1115
29480.892330,2720693787,2720694904,15997,1117
29480.904309,2720701626,2720702736,15919,1110
29480.914837,2720709463,2720710576,16067,1113
29480.924333,2720717289,2720718404,16001,1115
29480.935876,2720725123,2720726238,15987,1115
29480.946398,2720732951,2720734066,16065,1115
29480.956334,2720740803,2720741917,16000,1114
29480.967429,2720748637,2720749751,15923,1114
29480.976330,2720756464,2720757582,16081,1118
29480.988333,2720764318,2720765433,15995,1115
29480.998990,2720772154,2720773273,15941,1119
29481.008327,2720779987,2720781102,16076,1115
29481.020036,2720787834,2720788957,15989,1123
29481.030551,2720795684,2720796798,15934,1114
29481.040331,2720803527,2720804646,16086,1119
29481.051597,2720811360,2720812479,16002,1119
29481.060330,2720819226,2720820341,15932,1115
29481.072328,2720827064,2720828179,16053,1115
29481.083155,2720834897,2720836012,15999,1115
29481.092327,2720842753,2720843864,15932,1111
29481.104195,2720850594,2720851709,16054,1115
29481.114716,2720858432,2720859546,15990,1114
29481.124329,2720866270,2720867385,15942,1115
29481.135755,2720874103,2720875222,15917,1119
29481.144331,2720881930,2720883044,15912,1114
29481.156332,2720889756,2720890872,15846,1116
29481.167316,2720897581,2720898696,15979,1115
29481.176329,2720905412,2720906527,15911,1115
29481.188328,2720913246,2720914364,15861,1118
29481.198879,2720921114,2720922233,16088,1119
29481.208329,2720928954,2720930069,15996,1115
29481.219910,2720936803,2720937918,15901,1115
29481.230437,2720944659,2720945778,16063,1119
29481.240331,2720952532,2720953651,15997,1119
29481.251472,2720960371,2720961486,15914,1115
29481.260329,2720968218,2720969340,16045,1122
29481.272336,2720976073,2720977185,15990,1112
29481.283036,2720983906,2720985019,15992,1113
29481.292329,2720991768,2720992879,16068,1111
29481.304076,2720999638,2721000751,16002,1113
29481.314591,2721007474,2721008593,15932,1119
29481.324330,2721015301,2721016416,16082,1115
29481.335636,2721023134,2721024249,16004,1115
29481.344328,2721030963,2721032078,15925,1115
29481.356330,2721038821,2721039940,16078,1119
29481.367199,2721046693,2721047816,15995,1123
29481.376328,2721054545,2721055661,15916,1116
29481.388237,2721062423,2721063537,16081,1114
29481.398760,2721070285,2721071404,15980,1119
29481.408327,2721078122,2721079231,15916,1109
29481.419796,2721085944,2721087063,16063,1119
29481.428331,2721093797,2721094912,16000,1115
29481.440330,2721101635,2721102754,15915,1119
29481.451357,2721109461,2721110578,16066,1117
29481.460332,2721117282,2721118397,15998,1115
29481.472336,2721125107,2721126222,15931,1115
29481.482917,2721132936,2721134051,16004,1115
29481.492335,2721140761,2721141874,16004,1113
29481.503950,2721148594,2721149713,15929,1119
29481.514479,2721156428,2721157543,16087,1115
29481.524329,2721164283,2721165402,15996,1119
29481.535510,2721172140,2721173263,15930,1123
29481.544330,2721179995,2721181118,16089,1123
29481.556335,2721187845,2721188959,15999,1114
29481.567072,2721195690,2721196810,15918,1120
29481.576327,2721203544,2721204662,16067,1118
29481.588118,2721211373,2721212492,15998,1119
29481.598625,2721219219,2721220335,15903,1116
29481.608331,2721227052,2721228161,16061,1109
29481.619676,2721234876,2721235991,16000,1115
29481.628331,2721242708,2721243823,15999,1115
29481.640329,2721250536,2721251645,16067,1109
29481.651237,2721258365,2721259484,15999,1119
29481.660327,2721266219,2721267334,15929,1115
29481.672278,2721274059,2721275176,16069,1117
29481.682798,2721281889,2721283004,16005,1115
29481.692329,2721289734,2721290846,15931,1112
29481.703838,2721297563,2721298682,16087,1119
29481.714359,2721305229,2721306349,15909,1120
29481.724328,2721313083,2721314193,15823,1110
29481.735394,2721320931,2721322046,16040,1115
29481.744331,2721328780,2721329895,16133,1115
29481.756334,2721336611,2721337729,15913,1118
29481.766954,2721344440,2721345555,16025,1115
29481.776330,2721352250,2721353373,16073,1123
29481.787990,2721360105,2721361219,15914,1114
29481.798514,2721367934,2721369053,16024,1119
29481.808332,2721375745,2721376863,15983,1118
29481.819550,2721383584,2721384699,15828,1115
29481.828329,2721391429,2721392544,15839,1115
29481.840335,2721399263,2721400378,15962,1115
29481.851111,2721407091,2721408210,15832,1119
29481.860328,2721414952,2721416066,15932,1114
29481.872158,2721422768,2721423883,16075,1115
29481.882671,2721430598,2721431717,15920,1119
29481.892327,2721438428,2721439542,16030,1114
29481.903718,2721446240,2721447352,16077,1112
29481.912333,2721454084,2721455199,15915,1115
29481.924330,2721461932,2721463051,16021,1119
29481.935278,2721469750,2721470869,16038,1119
29481.944335,2721477600,2721478724,15945,1124
29481.956312,2721485450,2721486569,16025,1119
29481.966840,2721493259,2721494378,16061,1119
29481.976327,2721501134,2721502254,15995,1120
29481.987873,2721508994,2721510112,15988,1118
29481.998399,2721516806,2721517926,16065,1120
29482.008331,2721524662,2721525771,15823,1109
29482.019433,2721532496,2721533611,15934,1115
29482.028330,2721540305,2721541420,16072,1115
29482.040330,2721548137,2721549253,15909,1116
29482.050993,2721555984,2721557098,16016,1114
29482.060335,2721563788,2721564907,16070,1119
29482.072030,2721571636,2721572751,15907,1115
29482.082555,2721579485,2721580603,16041,1118
29482.092331,2721587300,2721588411,16070,1111
29482.103590,2721595128,2721596243,15917,1115
29482.112327,2721602962,2721604080,16019,1118
29482.124328,2721610763,2721611882,16074,1119
29482.135151,2721618593,2721619713,15915,1120
29482.144329,2721626456,2721627570,16025,1114
29482.156198,2721634263,2721635379,16074,1116
29482.166711,2721642121,2721643240,15918,1119
29482.176333,2721649940,2721651059,15934,1119
29482.187759,2721657782,2721658905,16056,1123
29482.196329,2721665640,2721666755,15912,1115
29482.208329,2721673469,2721674582,16034,1113
29482.219319,2721681308,2721682423,15965,1115
29482.228330,2721689141,2721690259,15841,1118
29482.240329,2721696977,2721698088,15939,1111
29482.250879,2721704783,2721705902,16075,1119
29482.260327,2721712618,2721713737,15913,1119
29482.271912,2721720459,2721721574,16024,1115
29482.282441,2721728299,2721729418,16057,1119
29482.292331,2721736139,2721737260,15945,1121
29482.303473,2721744030,2721745148,16021,1118
29482.312336,2721751853,2721752972,16073,1119
29482.324328,2721759690,2721760805,15998,1115
29482.335031,2721767533,2721768651,15976,1118
29482.344336,2721775412,2721776529,16056,1117
29482.356070,2721783252,2721784368,15918,1116
29482.366591,2721791095,2721792217,15971,1122
29482.376332,2721798925,2721800048,16069,1123
29482.387630,2721806799,2721807914,15885,1115
29482.396329,2721814630,2721815745,16026,1115
29482.408327,2721822444,2721823554,16074,1110
29482.419191,2721830306,2721831421,15853,1115
29482.428328,2721838174,2721839288,15951,1114
29482.440237,2721846042,2721847165,16063,1123
29482.450751,2721853903,2721855025,15931,1122
29482.460335,2721861756,2721862871,16024,1115
29482.471797,2721869600,2721870719,16053,1119
29482.480330,2721877452,2721878567,15932,1115
29482.492332,2721885329,2721886441,16026,1112
29482.503358,2721893171,2721894290,16039,1119
29482.512331,2721901012,2721902127,15927,1115
29482.524330,2721908856,2721909979,15947,1123
29482.534917,2721916730,2721917849,16043,1119
29482.544326,2721924581,2721925691,15934,1110
29482.555953,2721932403,2721933522,16026,1119
29482.566478,2721940216,2721941329,16063,1113
29482.576330,2721948033,2721949153,15944,1120
29482.587514,2721955893,2721957012,16022,1119
29482.596349,2721963769,2721964884,16030,1115
29482.608330,2721971628,2721972741,15930,1113
29482.619071,2721979486,2721980609,15925,1123
29482.628327,2721987383,2721988502,15935,1119
29482.640110,2721995260,2721996376,15831,1116
29482.650634,2722003107,2722004222,15936,1115
29482.660330,2722010944,2722012062,16060,1118
29482.671677,2722018821,2722019944,15993,1123
29482.680328,2722026742,2722027865,16018,1123
29482.692328,2722034578,2722035691,16058,1113
29482.703234,2722042408,2722043529,15947,1121
29482.712335,2722050266,2722051382,16023,1116
29482.724276,2722058105,2722059228,16057,1123
29482.734791,2722065975,2722067084,15912,1109
29482.744331,2722073830,2722074952,16026,1122
29482.755837,2722081669,2722082792,16057,1123
29482.766352,2722089572,2722090690,15927,1118
29482.776327,2722097430,2722098546,16039,1116
29482.787397,2722105279,2722106401,16037,1122
29482.796333,2722113137,2722114260,15957,1123
29482.808328,2722120984,2722122093,16022,1109
29482.818960,2722128820,2722129939,16073,1119
29482.828331,2722136673,2722137796,15869,1123
29482.839993,2722144525,2722145640,15940,1115
29482.850518,2722152407,2722153528,16062,1121
29482.860328,2722160241,2722161354,15963,1113
29482.871552,2722168105,2722169223,15949,1118
29482.880330,2722175975,2722177094,16041,1119
29482.892329,2722183845,2722184966,15930,1121
29482.903114,2722191694,2722192808,16027,1114
29482.912336,2722199575,2722200694,16066,1119
29482.924153,2722207457,2722208573,15974,1116
29482.934675,2722215330,2722216453,16029,1123
29482.944330,2722223192,2722224314,16044,1122
29482.955711,2722231060,2722232179,15931,1119
29482.964334,2722238905,2722240019,16020,1114
29482.976329,2722246749,2722247873,16020,1124
29482.987272,2722254592,2722255707,15923,1115
29482.996327,2722262470,2722263593,16019,1123
29483.008316,2722270344,2722271457,16037,1113
29483.018837,2722278216,2722279335,15991,1119
29483.028332,2722286088,2722287209,15876,1121
29483.039878,2722293946,2722295061,15963,1115
29483.050392,2722301809,2722302929,15823,1120
29483.060329,2722309688,2722310811,15938,1123
29483.071439,2722317536,2722318654,15984,1118
29483.080328,2722325369,2722326484,15828,1115
29483.092329,2722333207,2722334324,15939,1117
29483.103000,2722341046,2722342169,15984,1123
29483.112328,2722348942,2722350065,15829,1123
29483.124034,2722356837,2722357960,15956,1123
29483.134560,2722364676,2722365799,15986,1123
29483.144326,2722372529,2722373644,15823,1115
29483.155593,2722380381,2722381499,15933,1118
29483.164332,2722388222,2722389341,15977,1119
29483.176332,2722396107,2722397230,15870,1123
29483.187155,2722403971,2722405087,15934,1116
29483.196334,2722411910,2722413029,15984,1119
29483.208190,2722419799,2722420915,15830,1116
29483.218713,2722427659,2722428782,15847,1123
29483.228329,2722435535,2722436654,15978,1119
29483.239751,2722443407,2722444529,15915,1122
29483.248330,2722451277,2722452392,16017,1115
29483.260328,2722459124,2722460242,16069,1118
29483.271311,2722467022,2722468140,15930,1118
29483.280334,2722474920,2722476043,16018,1123
29483.292331,2722482812,2722483934,16053,1122
29483.302872,2722490699,2722491822,15916,1123
29483.312328,2722498572,2722499685,16024,1113
29483.323919,2722506400,2722507520,16043,1120
29483.334432,2722514261,2722515384,15916,1123
29483.344328,2722522126,2722523249,16023,1123
29483.355480,2722529980,2722531098,16060,1118
29483.364333,2722537849,2722538964,15997,1115
29483.376327,2722545699,2722546814,16020,1115
29483.387040,2722553533,2722554655,16067,1122
29483.396332,2722561447,2722562566,15913,1119
29483.408073,2722569320,2722570436,16026,1116
29483.418600,2722577138,2722578252,16070,1114
29483.428333,2722585013,2722586136,15918,1123
29483.439636,2722592896,2722594019,15940,1123
29483.448328,2722600772,2722601889,15966,1117
29483.460330,2722608619,2722609737,15832,1118
29483.471195,2722616516,2722617639,15952,1123
29483.480329,2722624396,2722625512,16069,1116
29483.492231,2722632256,2722633378,15915,1122
29483.502754,2722640112,2722641231,16017,1119
29483.512328,2722647956,2722649079,16072,1123
29483.523791,2722655884,2722657003,15916,1119
29483.532333,2722663750,2722664872,16023,1122
29483.544328,2722671597,2722672721,16070,1124
29483.555352,2722679479,2722680601,15905,1122
29483.564331,2722687341,2722688463,15933,1122
29483.576331,2722695209,2722696331,16057,1122
29483.586912,2722703083,2722704200,15901,1117
29483.596334,2722710974,2722712093,16029,1119
29483.607960,2722718820,2722719936,16077,1116
29483.618472,2722726691,2722727814,15934,1123
29483.628330,2722734558,2722735681,16028,1123
29483.639521,2722742412,2722743530,16058,1118
29483.648333,2722750276,2722751398,15829,1122
29483.660331,2722758164,2722759277,15939,1113
29483.671079,2722766010,2722767133,15947,1123
29483.680335,2722774001,2722775123,15829,1122
29483.692113,2722781905,2722783027,15938,1122
29483.702640,2722789784,2722790907,15980,1123
29483.712329,2722797704,2722798827,15908,1123
29483.723674,2722805578,2722806692,15936,1114
29483.732331,2722813427,2722814546,15980,1119
29483.744329,2722821323,2722822445,15831,1122
29483.755234,2722829200,2722830323,15937,1123
29483.764333,2722837078,2722838201,15981,1123
29483.776272,2722844955,2722846078,15820,1123
29483.786795,2722852830,2722853953,15939,1123
29483.796329,2722860685,2722861809,15980,1124
29483.807832,2722868566,2722869678,15832,1112
29483.818357,2722876434,2722877556,15955,1122
29483.828330,2722884274,2722885397,15986,1123
29483.839392,2722892152,2722893275,15834,1123
29483.848330,2722900048,2722901166,15940,1118
29483.860330,2722907891,2722909013,15981,1122
29483.870952,2722915772,2722916895,15831,1123
29483.880328,2722923650,2722924773,15936,1123
29483.892000,2722931494,2722932612,15984,1118
29483.902512,2722939362,2722940485,15829,1123
29483.912327,2722947253,2722948376,15840,1123
29483.923560,2722955130,2722956253,15963,1123
29483.932328,2722963031,2722964148,15819,1117
29483.944331,2722970922,2722972040,15926,1118
29483.955120,2722978746,2722979869,15978,1123
29483.964332,2722986671,2722987794,15840,1123
29483.976154,2722994549,2722995673,15934,1124
29483.986680,2723002426,2723003548,15964,1122
29483.996334,2723010292,2723011415,15828,1123
29484.007714,2723018166,2723019281,15938,1115
29484.016331,2723026013,2723027137,15954,1124
29484.028327,2723033878,2723035001,15826,1123
29484.039274,2723041775,2723042893,15939,1118
29484.048327,2723049657,2723050780,16017,1123
29484.060318,2723057533,2723058653,15904,1120
29484.070835,2723065451,2723066570,15941,1119
29484.080330,2723073310,2723074432,16073,1122
29484.091872,2723081182,2723082299,15918,1117
29484.102395,2723089053,2723090175,16026,1122
29484.112329,2723096951,2723098074,16069,1123
29484.123432,2723104858,2723105981,15918,1123
29484.132328,2723112736,2723113859,16021,1123
29484.144328,2723120580,2723121703,16065,1123
29484.154992,2723128461,2723129583,15916,1122
29484.164330,2723136362,2723137484,16034,1122
29484.176040,2723144236,2723145359,16072,1123
29484.186552,2723152104,2723153224,15914,1120
29484.196329,2723160025,2723161144,16025,1119
29484.207600,2723167879,2723168994,16068,1115
29484.216331,2723175761,2723176880,15918,1119
29484.228328,2723183664,2723184787,16020,1123
29484.239160,2723191532,2723192655,16051,1123
29484.248329,2723199499,2723200621,15917,1122
29484.260192,2723207390,2723208513,15845,1123
29484.270721,2723215270,2723216392,15958,1122
29484.280330,2723223143,2723224263,15827,1120
29484.291754,2723231002,2723232124,15939,1122
29484.300330,2723238857,2723239976,15985,1119
29484.312328,2723246716,2723247839,15845,1123
29484.323314,2723254611,2723255733,15938,1122
29484.332328,2723262518,2723263641,15977,1123
29484.344337,2723270391,2723271513,15832,1122
29484.354875,2723278291,2723279413,15933,1122
29484.364336,2723286146,2723287265,15949,1119
29484.375912,2723294014,2723295136,15834,1122
29484.386435,2723301893,2723303016,15938,1123
29484.396327,2723309744,2723310864,15985,1120
29484.407480,2723317636,2723318748,15906,1112
29484.416328,2723325529,2723326652,15926,1123
29484.428332,2723333415,2723334535,15984,1120
29484.439033,2723341295,2723342418,15832,1123
29484.448334,2723349199,2723350322,15938,1123
29484.460081,2723357120,2723358239,15987,1119
29484.470592,2723365029,2723366152,15829,1123
29484.480328,2723372909,2723374032,15937,1123
29484.491640,2723380760,2723381879,16068,1119
29484.500333,2723388651,2723389774,15913,1123
29484.512331,2723396549,2723397672,16039,1123
29484.523200,2723404428,2723405551,16075,1123
29484.532328,2723412298,2723413421,15918,1123
29484.544234,2723420167,2723421290,16015,1123
29484.554761,2723428029,2723429151,16068,1122
29484.564333,2723435903,2723437023,15915,1120
29484.575794,2723443769,2723444892,16025,1123
29484.584333,2723451618,2723452740,16071,1122
29484.596331,2723459514,2723460633,15914,1119
29484.607354,2723467381,2723468499,15927,1118
29484.616332,2723475244,2723476366,16053,1122
29484.628328,2723483110,2723484229,15889,1119
29484.638915,2723490973,2723492093,16024,1120
29484.648329,2723498813,2723499936,16071,1123
29484.659952,2723506703,2723507823,15832,1120
29484.670475,2723514603,2723515725,15938,1122
29484.680331,2723522463,2723523582,15997,1119
29484.691512,2723530326,2723531448,15823,1122
29484.700334,2723538251,2723539374,15938,1123
29484.712334,2723546112,2723547235,15953,1123
29484.723073,2723553992,2723555115,15828,1123
29484.732331,2723561968,2723563091,15938,1123
29484.744119,2723569826,2723570949,15968,1123
29484.754640,2723577734,2723578847,15908,1113
29484.764329,2723585680,2723586803,15934,1123
29484.775680,2723593538,2723594660,15978,1122
29484.784330,2723601406,2723602523,15834,1117
29484.796332,2723609279,2723610402,15940,1123
29484.807239,2723617158,2723618278,15965,1120
29484.816331,2723625039,2723626161,15833,1122
29484.828274,2723632892,2723634015,15910,1123
29484.838802,2723640769,2723641892,15979,1123
29484.848332,2723648677,2723649800,15820,1123
29484.859836,2723656586,2723657702,15955,1116
29484.870362,2723664487,2723665611,16067,1124
29484.880332,2723672366,2723673490,15915,1124
29484.891394,2723680235,2723681354,16024,1119
29484.900328,2723688082,2723689205,16065,1123
29484.912334,2723695930,2723697053,15943,1123
29484.922955,2723703814,2723704936,16025,1122
29484.932333,2723711664,2723712787,16072,1123
29484.943992,2723719564,2723720688,15919,1124
29484.954521,2723727529,2723728653,16001,1124
29484.964331,2723735410,2723736534,15985,1124
29484.975552,2723743291,2723744414,15820,1123
29484.984335,2723751199,2723752322,15981,1123
29484.996335,2723759078,2723760201,15912,1123
29485.007113,2723766953,2723768073,15829,1120
29485.016335,2723774904,2723776024,15975,1120
29485.028159,2723782768,2723783887,15967,1119
29485.038673,2723790638,2723791758,15828,1120
29485.048328,2723798510,2723799633,15938,1123
29485.059722,2723806364,2723807487,16037,1123
29485.068330,2723814257,2723815377,15826,1120
29485.080330,2723822139,2723823257,15935,1118
29485.091280,2723830038,2723831157,15957,1119
29485.100328,2723837910,2723839034,15907,1124
29485.112314,2723845778,2723846901,15942,1123
29485.122841,2723853624,2723854741,16072,1117
29485.132332,2723861496,2723862619,15917,1123
29485.143875,2723869375,2723870498,16028,1123
29485.154401,2723877254,2723878376,16071,1122
29485.164332,2723885155,2723886275,15905,1120
29485.175435,2723893054,2723894177,16025,1123
29485.184331,2723900957,2723902078,16071,1121
29485.196330,2723908836,2723909959,15912,1123
29485.206997,2723916709,2723917830,16041,1121
29485.216328,2723924590,2723925713,16060,1123
29485.228032,2723932513,2723933631,15916,1118
29485.238556,2723940387,2723941510,16031,1123
29485.248334,2723948252,2723949376,16076,1124
29485.259593,2723956155,2723957277,15916,1122
29485.268335,2723964082,2723965204,16023,1122
29485.280334,2723971977,2723973100,16070,1123
29485.291153,2723979836,2723980959,15916,1123
29485.300328,2723987735,2723988855,15933,1120
29485.312202,2723995610,2723996730,16054,1120
29485.322713,2724003505,2724004622,15906,1117
29485.332328,2724011431,2724012553,16029,1122
29485.343761,2724019300,2724020420,16056,1120
29485.352331,2724027196,2724028319,15924,1123
29485.364329,2724035072,2724036194,16026,1122
29485.375321,2724042946,2724044069,16071,1123
29485.384327,2724050831,2724051951,15915,1120
29485.396333,2724058702,2724059825,16020,1123
29485.406881,2724066582,2724067704,16043,1122
29485.416329,2724074456,2724075579,15914,1123
29485.427915,2724082357,2724083479,16029,1122
29485.438442,2724090202,2724091322,16070,1120
29485.448331,2724098100,2724099223,15994,1123
29485.459476,2724105971,2724107087,16025,1116
29485.468329,2724113817,2724114941,16065,1124
29485.480331,2724121685,2724122809,15832,1124
29485.491037,2724129582,2724130705,15941,1123
29485.500329,2724137492,2724138615,15984,1123
29485.512073,2724145365,2724146483,15817,1118
29485.522596,2724153282,2724154404,15938,1122
29485.532333,2724161195,2724162314,15985,1119
29485.543632,2724169063,2724170183,15814,1120
29485.552328,2724176945,2724178068,15952,1123
29485.564328,2724184787,2724185910,15981,1123
29485.575193,2724192681,2724193803,15818,1122
29485.584327,2724200611,2724201734,15936,1123
29485.596240,2724208462,2724209584,15980,1122
29485.606753,2724216337,2724217459,15827,1122
29485.616330,2724224214,2724225338,15940,1124
29485.627800,2724232079,2724233199,15983,1120
29485.636335,2724239945,2724241068,15827,1123
29485.648329,2724247838,2724248958,15846,1120
29485.659361,2724255718,2724256836,15967,1118
29485.668331,2724263599,2724264721,15824,1122
29485.680332,2724271514,2724272634,15918,1120
29485.690921,2724279349,2724280472,16035,1123
29485.700328,2724287220,2724288338,15930,1118
29485.711956,2724295095,2724296218,16028,1123
29485.722481,2724302970,2724304088,16053,1118
29485.732328,2724310849,2724311973,15915,1124
29485.743515,2724318719,2724319842,16026,1123
29485.752330,2724326601,2724327723,16039,1122
29485.764333,2724334496,2724335620,15914,1124
29485.775076,2724342364,2724343483,16028,1119
29485.784330,2724350301,2724351424,16070,1123
29485.796120,2724358197,2724359317,15994,1120
29485.806638,2724366148,2724367270,16021,1122
29485.816336,2724374075,2724375199,16055,1124
29485.827673,2724381953,2724383070,15915,1117
29485.836327,2724389826,2724390949,16025,1123
29485.848329,2724397680,2724398803,16062,1123
29485.859233,2724405557,2724406680,15916,1123
29485.868330,2724413435,2724414558,16017,1123
29485.880280,2724421295,2724422418,16071,1123
29485.890795,2724429179,2724430303,15820,1124
29485.900331,2724437062,2724438185,15940,1123
29485.911840,2724444913,2724446037,15983,1124
29485.922354,2724452796,2724453915,15817,1119
29485.932330,2724460722,2724461844,15938,1122
29485.943401,2724468659,2724469782,15971,1123
29485.952336,2724476546,2724477665,15833,1119
29485.964328,2724484430,2724485552,15934,1122
29485.974961,2724492312,2724493436,15967,1124
29485.984329,2724500247,2724501371,15828,1124
29485.995995,2724508118,2724509238,15843,1120
29486.006521,2724515994,2724517116,15965,1122
29486.016330,2724523952,2724525074,15827,1122
29486.027555,2724531854,2724532977,15938,1123
29486.036332,2724539706,2724540826,15985,1120
29486.048332,2724547581,2724548704,15842,1123
29486.059116,2724555487,2724556610,15942,1123
29486.068334,2724563457,2724564580,15984,1123
29486.080152,2724571355,2724572475,15828,1120
29486.090676,2724579281,2724580405,15920,1124
29486.100337,2724587137,2724588257,15950,1120
29486.111712,2724595008,2724596125,15826,1117
29486.120329,2724602883,2724604000,15938,1117
29486.132327,2724610752,2724611876,15980,1124
29486.143282,2724618627,2724619751,15904,1124
29486.152327,2724626531,2724627654,15934,1123
29486.164321,2724634381,2724635501,15982,1120
29486.174834,2724642253,2724643376,15831,1123
29486.184331,2724650179,2724651299,15936,1120
29486.195881,2724658039,2724659163,15986,1124
29486.206394,2724665916,2724667038,15828,1122
29486.216335,2724673818,2724674942,15939,1124
29486.227441,2724681722,2724682846,15984,1124
29486.236328,2724689599,2724690723,15828,1124
29486.248333,2724697483,2724698606,15955,1123
29486.259001,2724705355,2724706475,15981,1120
29486.268328,2724713229,2724714353,15829,1124
29486.280035,2724721133,2724722255,15934,1122
29486.292063,2724730103,2724731223,15920,1120
29486.302579,2724738032,2724739152,15935,1120
29486.312331,2724745905,2724747029,15983,1124
29486.323616,2724753804,2724754924,15815,1120
29486.332328,2724761703,2724762821,15936,1118
29486.344329,2724769577,2724770700,15983,1123
29486.355177,2724777452,2724778569,15821,1117
29486.364333,2724785344,2724786464,15939,1120
29486.376223,2724793200,2724794324,15987,1124
29486.386737,2724801078,2724802198,15829,1120
29486.396327,2724809000,2724810123,15953,1123
29486.407784,2724816882,2724818006,15984,1124
29486.416333,2724824763,2724825887,15825,1124
29486.428332,2724832646,2724833766,15938,1120
29486.439345,2724840483,2724841605,15976,1122
29486.448328,2724848376,2724849496,15830,1120
29486.460333,2724856251,2724857373,15924,1122
29486.470905,2724864119,2724865243,15975,1124
29486.480331,2724871995,2724873119,15833,1124
29486.491937,2724879897,2724881021,15847,1124
29486.502465,2724887797,2724888921,15967,1124
29486.512331,2724895709,2724896833,15826,1124
29486.523499,2724903589,2724904713,15930,1124
29486.532334,2724911483,2724912602,16063,1119
29486.544328,2724919364,2724920484,15929,1120
29486.555059,2724927241,2724928357,16024,1116
29486.564329,2724935204,2724936328,16072,1124
29486.576096,2724943084,2724944208,15908,1124
29486.586619,2724950968,2724952088,16021,1120
29486.596328,2724958844,2724959966,16039,1122
29486.607656,2724966745,2724967869,15911,1124
29486.616331,2724974649,2724975773,16020,1124
29486.628329,2724982533,2724983656,16073,1123
29486.639224,2724990454,2724991575,16000,1121
29486.648328,2724998351,2724999475,16023,1124
29486.660264,2725006212,2725007332,16066,1120
29486.670777,2725014112,2725015231,15915,1119
29486.680330,2725022005,2725023127,16010,1122
29486.691823,2725029857,2725030980,16070,1123
29486.702339,2725037749,2725038873,15831,1124
29486.712328,2725045633,2725046755,15929,1122
29486.736332,2725057552,2725058181,12024,629
29486.747425,2725061564,2725062191,11975,627
29486.756329,2725068103,2725069218,15964,1115
29486.768336,2725075936,2725077051,15916,1115
29486.778982,2725083797,2725084913,15827,1116
29486.788331,2725091669,2725092788,15919,1119
29486.800029,2725099538,2725100658,15912,1120
29486.810543,2725107437,2725108554,15829,1117
29486.820332,2725115309,2725116432,15980,1123
29486.831589,2725123214,2725124337,15911,1123
29486.840327,2725131134,2725132257,15821,1123
29486.852336,2725139010,2725140130,15983,1120
29486.863149,2725146880,2725148004,15910,1124
29486.872328,2725154831,2725155955,15849,1124
29486.884190,2725162724,2725163846,15996,1122
29486.894709,2725170629,2725171752,15912,1123
29486.904330,2725178545,2725179661,15859,1116
29486.915748,2725186470,2725187594,15977,1124
29486.924334,2725194373,2725195497,15910,1124
29486.936329,2725202255,2725203379,15908,1124
29486.947309,2725210137,2725211260,15980,1123
29486.956328,2725218089,2725219209,15912,1120
29486.968328,2725225964,2725227087,15838,1123
29486.978869,2725233838,2725234961,15960,1123
29486.988329,2725241716,2725242839,15915,1123
29486.999902,2725249624,2725250748,15842,1124
29487.010429,2725257503,2725258626,15971,1123
29487.020333,2725265372,2725266492,15906,1120
29487.031462,2725273267,2725274391,15859,1124
29487.040333,2725281178,2725282302,15971,1124
29487.052335,2725289058,2725290182,15913,1124
29487.063023,2725296966,2725298090,15853,1124
29487.072334,2725304925,2725306049,15972,1124
29487.084069,2725312851,2725313971,15907,1120
29487.094583,2725320749,2725321869,15861,1120
29487.104333,2725328629,2725329750,15983,1121
29487.115630,2725336523,2725337643,15908,1120
29487.124329,2725344401,2725345525,15832,1124
29487.136329,2725352282,2725353402,15916,1120
29487.147191,2725360161,2725361285,15910,1124
29487.156328,2725368056,2725369176,15825,1120
29487.168228,2725375928,2725377050,15981,1122
29487.178749,2725383804,2725384925,15911,1121
29487.188333,2725391680,2725392802,15830,1122
29487.199788,2725399559,2725400679,15984,1120
29487.208332,2725407434,2725408558,15914,1124
29487.220328,2725415320,2725416444,15842,1124
29487.231349,2725421833,2725422949,15942,1116
29487.240328,2725429699,2725430822,15996,1123
29487.252334,2725437582,2725438706,15922,1124
29487.262911,2725445453,2725446577,16077,1124
29487.272328,2725453335,2725454459,16001,1124
29487.283949,2725461216,2725462339,15991,1123
29487.294471,2725469095,2725470215,15999,1120
29487.304330,2725476969,2725478089,15914,1120
29487.315502,2725484887,2725486009,15916,1122
29487.324333,2725492826,2725493950,16068,1124
29487.336332,2725500757,2725501881,16008,1124
29487.347063,2725508667,2725509790,15900,1123
29487.356328,2725516648,2725517772,16069,1124
29487.368108,2725524540,2725525664,16001,1124
29487.378623,2725532425,2725533544,15933,1119
29487.388326,2725540327,2725541450,16062,1123
29487.399669,2725548252,2725549375,16000,1123
29487.408333,2725556138,2725557261,15934,1123
29487.420331,2725564016,2725565139,15998,1123
29487.431230,2725571901,2725573024,15910,1123
29487.440330,2725579798,2725580921,15851,1123
29487.452270,2725587727,2725588851,15991,1124
29487.462791,2725595631,2725596754,15899,1123
29487.472331,2725603526,2725604649,15911,1123
29487.483829,2725611408,2725612532,15913,1124
29487.494351,2725619293,2725620417,15908,1124
29487.504332,2725627209,2725628330,15830,1121
29487.515389,2725635097,2725636221,16111,1124
29487.524333,2725643081,2725644205,16002,1124
29487.536329,2725650992,2725652116,15902,1124
29487.546949,2725658879,2725660000,15983,1121
29487.556336,2725666778,2725667902,15914,1124
29487.567982,2725674685,2725675804,15848,1119
29487.578511,2725682644,2725683767,15988,1123
29487.588331,2725690534,2725691658,15904,1124
29487.599542,2725698399,2725699519,15936,1120
29487.608336,2725706282,2725707405,16083,1123
29487.620327,2725714163,2725715276,15911,1113
29487.631110,2725722039,2725723160,15897,1121
29487.640330,2725729966,2725731089,15992,1123
29487.652150,2725737881,2725739005,15913,1124
29487.662663,2725745790,2725746913,15911,1123
29487.672331,2725753676,2725754800,16064,1124
29487.683710,2725761556,2725762676,15916,1120
29487.692331,2725769437,2725770561,15827,1124
29487.704336,2725777317,2725778438,15980,1121
29487.715269,2725785202,2725786326,15907,1124
29487.724332,2725793224,2725794349,15945,1125
29487.736307,2725801109,2725802233,16055,1124
29487.746828,2725808985,2725810109,15909,1124
29487.756327,2725816893,2725818013,15852,1120
29487.767868,2725824771,2725825895,15980,1124
29487.778390,2725832657,2725833777,15913,1120
29487.788330,2725840533,2725841657,15944,1124
29487.799429,2725848437,2725849560,16060,1123
29487.808327,2725856314,2725857436,15912,1122
29487.820331,2725864192,2725865315,15841,1123
29487.830990,2725872117,2725873241,15917,1124
29487.840327,2725880016,2725881140,15912,1124
29487.852024,2725887932,2725889054,15920,1122
29487.862548,2725895859,2725896983,16056,1124
29487.872331,2725903741,2725904864,15905,1123
29487.883582,2725911666,2725912790,15840,1124
29487.892334,2725919543,2725920667,15967,1124
29487.904328,2725927421,2725928542,15911,1121
29487.915143,2725935310,2725936433,15940,1123
29487.924335,2725943223,2725944346,16170,1123
29487.936189,2725950990,2725952114,15913,1124
29487.946704,2725958873,2725959996,15848,1123
29487.956330,2725966751,2725967875,15994,1124
29487.967751,2725974637,2725975761,15913,1124
29487.976331,2725982540,2725983664,15900,1124
29487.988332,2725990442,2725991562,15999,1120
29487.999311,2725998322,2725999446,15913,1124
29488.008328,2726006264,2726007388,15831,1124
29488.020331,2726014150,2726015268,15980,1118
29488.030872,2726022031,2726023156,15915,1125
29488.040329,2726029917,2726031041,15815,1124
29488.051909,2726037820,2726038944,15984,1124
29488.062430,2726045758,2726046882,15910,1124
29488.072333,2726053659,2726054779,15848,1120
29488.083469,2726061567,2726062690,15985,1123
29488.092333,2726069492,2726070616,15906,1124
29488.104328,2726077373,2726078496,15840,1123
29488.115031,2726085274,2726086394,15998,1120
29488.124328,2726093173,2726094293,15912,1120
29488.136062,2726101087,2726102210,15946,1123
29488.146590,2726108964,2726110088,16059,1124
29488.156329,2726116806,2726117926,15914,1120
29488.167622,2726124708,2726125831,15842,1123
29488.176336,2726132583,2726133707,15916,1124
29488.188327,2726140485,2726141608,15906,1123
29488.199183,2726148361,2726149482,15838,1121
29488.208330,2726156284,2726157408,15965,1124
29488.220228,2726164195,2726165318,15789,1123
29488.230743,2726172088,2726173212,15836,1124
29488.240335,2726179961,2726181085,15967,1124
29488.251787,2726187842,2726188966,15907,1124
29488.260330,2726195725,2726196846,15858,1121
29488.272333,2726203607,2726204731,15980,1124
29488.283348,2726211505,2726212626,15911,1121
29488.292329,2726219407,2726220531,15860,1124
29488.304330,2726227337,2726228459,15978,1122
29488.314910,2726235258,2726236382,15989,1124
29488.324327,2726243141,2726244260,15992,1119
29488.335949,2726251026,2726252150,16071,1124
29488.346470,2726258928,2726260052,15999,1124
29488.356327,2726266833,2726267957,15925,1124
29488.367508,2726274711,2726275835,16053,1124
29488.376328,2726282592,2726283715,16001,1123
29488.388335,2726290471,2726291595,15929,1124
29488.399068,2726298372,2726299496,15971,1124
29488.408333,2726306342,2726307465,15908,1123
29488.420102,2726314302,2726315419,15862,1117
29488.430629,2726322204,2726323327,15968,1123
29488.440328,2726330144,2726331264,15910,1120
29488.451662,2726338076,2726339197,15944,1121
29488.460328,2726345959,2726347083,15978,1124
29488.472333,2726353841,2726354961,15917,1120
29488.483223,2726361748,2726362871,15857,1123
29488.492332,2726369696,2726370820,15982,1124
29488.504269,2726377627,2726378749,15905,1122
29488.514784,2726385511,2726386635,15933,1124
29488.524329,2726393420,2726394544,15993,1124
29488.535830,2726401358,2726402482,15972,1124
29488.546344,2726409230,2726410354,15909,1124
29488.556328,2726417115,2726418239,16065,1124
29488.567390,2726425007,2726426131,16002,1124
29488.576330,2726432882,2726434002,15827,1120
29488.588334,2726440778,2726441902,15979,1124
29488.598950,2726448658,2726449781,15900,1123
29488.608327,2726456541,2726457665,15839,1124
29488.619991,2726464445,2726465568,15995,1123
29488.630512,2726472397,2726473521,15905,1124
29488.640330,2726480302,2726481425,15848,1123
29488.651551,2726488177,2726489301,15987,1124
29488.660329,2726496080,2726497204,15916,1124
29488.672327,2726503961,2726505082,15905,1121
29488.683111,2726511871,2726512994,15993,1123
29488.692327,2726519922,2726521046,15911,1124
29488.704143,2726527826,2726528947,15826,1121
29488.714671,2726535711,2726536831,15978,1120
29488.724330,2726543596,2726544720,15913,1124
29488.735703,2726551501,2726552621,15827,1120
29488.744330,2726559419,2726560542,15969,1123
29488.756329,2726567300,2726568424,15902,1124
29488.767264,2726575167,2726576290,15844,1123
29488.776327,2726583071,2726584196,15974,1125
29488.788309,2726591022,2726592147,15904,1125
29488.798824,2726598908,2726600032,15846,1124
29488.808334,2726606788,2726607908,15991,1120
29488.819871,2726614666,2726615785,15911,1119
29488.830384,2726622563,2726623687,15843,1124
29488.840331,2726630442,2726631566,15990,1124
29488.851431,2726638322,2726639443,15918,1121
29488.860332,2726646203,2726647327,15826,1124
29488.872329,2726654085,2726655209,15915,1124
29488.882992,2726661958,2726663082,15912,1124
29488.892332,2726669850,2726670974,15830,1124
29488.904029,2726677732,2726678854,15984,1122
29488.914550,2726685672,2726686796,15909,1124
29488.924327,2726693578,2726694702,15822,1124
29488.935590,2726701517,2726702641,15969,1124
29488.944330,2726709442,2726710567,15996,1125
29488.956330,2726717359,2726718479,15933,1120
29488.967152,2726725240,2726726364,16082,1124
29488.976329,2726733138,2726734259,15999,1121
29488.988183,2726741019,2726742144,15970,1125
29488.998712,2726748952,2726750076,16078,1124
29489.008328,2726756825,2726757945,15998,1120
29489.019750,2726764707,2726765825,15909,1118
29489.028330,2726772632,2726773755,15987,1123
29489.040336,2726780541,2726781662,15914,1121
29489.051303,2726788475,2726789599,15826,1124
29489.060332,2726796437,2726797561,15984,1124
29489.072335,2726804400,2726805523,15910,1123
29489.082864,2726812284,2726813408,15829,1124
29489.092332,2726820215,2726821336,15976,1121
29489.103909,2726828141,2726829259,15914,1118
29489.114425,2726836039,2726837160,15846,1121
29489.124327,2726843962,2726845085,15973,1123
29489.135469,2726851850,2726852974,15912,1124
29489.144331,2726859784,2726860908,15848,1124
29489.156333,2726867677,2726868800,16066,1123
29489.167030,2726875615,2726876739,16001,1124
29489.176328,2726883540,2726884663,15944,1123
29489.188069,2726891497,2726892620,16068,1123
29489.198590,2726899461,2726900585,15998,1124
29489.208329,2726907420,2726908544,15931,1124
29489.219630,2726915357,2726916479,16001,1122
29489.228333,2726923233,2726924357,15998,1124
29489.240329,2726931114,2726932238,15925,1124
29489.251189,2726938986,2726940110,15964,1124
29489.260336,2726946914,2726948035,15914,1121
29489.272225,2726954799,2726955920,15830,1121
29489.282749,2726962699,2726963822,15966,1123
29489.292331,2726970625,2726971749,15911,1124
29489.303783,2726978551,2726979674,15859,1123
29489.312331,2726986433,2726987557,15980,1124
29489.324330,2726994341,2726995465,15911,1124
29489.335345,2727002273,2727003397,15862,1124
29489.344330,2727010162,2727011286,15978,1124
29489.356330,2727018064,2727019185,15911,1121
29489.366911,2727025975,2727027096,15905,1121
29489.376328,2727033858,2727034979,15994,1121
29489.387952,2727041787,2727042911,15902,1124
29489.398465,2727049749,2727050872,15823,1123
29489.408330,2727057657,2727058782,15980,1125
29489.419511,2727065545,2727066667,15918,1122
29489.428332,2727073480,2727074604,15830,1124
29489.440334,2727081352,2727082476,15978,1124
29489.451071,2727089236,2727090359,15908,1123
29489.460335,2727097242,2727098366,15838,1124
29489.472110,2727105029,2727106150,15983,1121
29489.482630,2727112906,2727114027,15913,1121
29489.492327,2727120817,2727121941,15851,1124
29489.503673,2727128696,2727129819,15989,1123
29489.512330,2727136612,2727137736,15911,1124
29489.524329,2727144495,2727145616,15842,1121
29489.535232,2727152398,2727153521,15998,1123
29489.544327,2727160321,2727161445,15913,1124
29489.556265,2727168240,2727169364,15874,1124
29489.566792,2727176205,2727177328,16001,1123
29489.576327,2727184161,2727185285,16000,1124
29489.587823,2727192064,2727193188,15915,1124
29489.598352,2727199956,2727201080,16079,1124
29489.608329,2727207872,2727208997,15988,1125
29489.619384,2727215762,2727216884,15907,1122
29489.628328,2727223690,2727224814,16065,1124
29489.640337,2727231597,2727232721,15988,1124
29489.650944,2727239472,2727240595,15935,1123
29489.660329,2727247353,2727248474,16081,1121
29489.671989,2727255232,2727256356,15998,1124
29489.682505,2727263147,2727264270,15928,1123
29489.692331,2727271026,2727272150,15994,1124
29489.703552,2727278960,2727280082,15915,1122
29489.712331,2727286835,2727287958,15894,1123
29489.724330,2727294722,2727295843,15995,1121
29489.735113,2727302608,2727303729,15913,1121
29489.744327,2727310544,2727311669,15830,1125
29489.756150,2727318480,2727319605,15979,1125
29489.766672,2727326401,2727327524,16005,1123
29489.776328,2727334314,2727335435,15915,1121
29489.787711,2727342220,2727343345,16067,1125
29489.796328,2727350130,2727351251,15999,1121
29489.808328,2727358031,2727359152,15853,1121
29489.819271,2727365905,2727367021,15979,1116
29489.828332,2727373779,2727374903,15909,1124
29489.840303,2727381669,2727382792,15844,1123
29489.850832,2727389566,2727390690,15992,1124
29489.860327,2727397524,2727398652,15912,1128
29489.871866,2727405476,2727406608,15877,1132
29489.882392,2727413373,2727414496,15990,1123
29489.892328,2727421258,2727422383,15916,1125
29489.903424,2727429143,2727430265,15822,1122
29489.912331,2727437049,2727438170,15915,1121
29489.924328,2727444947,2727446071,15915,1124
29489.934984,2727452836,2727453954,15825,1118
29489.944330,2727460762,2727461885,15969,1123
29489.956031,2727468671,2727469794,15915,1123
29489.966551,2727476568,2727477692,15998,1124
29489.976328,2727484459,2727485582,15976,1123
29489.987590,2727492366,2727493491,15998,1125
29489.996330,2727500255,2727501378,15996,1123
29490.008329,2727508152,2727509277,15999,1125
29490.019150,2727516063,2727517181,15997,1118
29490.028335,2727523970,2727525094,15920,1124
29490.040189,2727531850,2727532975,15982,1125
29490.050711,2727539743,2727540868,15918,1125
29490.060330,2727547649,2727548770,15895,1121
29490.071750,2727555522,2727556642,15981,1120
29490.080333,2727563405,2727564528,15910,1123
29490.092327,2727571349,2727572472,15844,1123
29490.103309,2727579290,2727580410,15965,1120
29490.112329,2727587190,2727588314,15909,1124
29490.124327,2727595077,2727596201,15839,1124
29490.134869,2727603020,2727604145,15964,1125
29490.144328,2727610904,2727612025,15906,1121
29490.155903,2727618811,2727619936,15857,1125
29490.167932,2727627838,2727628962,15881,1124
29490.178448,2727635733,2727636858,15862,1125
29490.188328,2727643650,2727644773,15970,1123
29490.199493,2727651581,2727652705,15900,1124
29490.208334,2727659466,2727660589,15897,1123
29490.220330,2727667387,2727668507,15981,1120
29490.231054,2727675290,2727676414,15910,1124
29490.240328,2727683226,2727684350,15842,1124
29490.252092,2727691197,2727692320,16046,1123
29490.262615,2727699084,2727700208,15998,1124
29490.272336,2727707012,2727708136,15928,1124
29490.283652,2727714919,2727716044,16055,1125
29490.292331,2727722810,2727723935,15995,1125
29490.304335,2727730697,2727731820,15949,1123
29490.315212,2727738584,2727739708,15968,1124
29490.324328,2727746499,2727747624,15915,1125
29490.336246,2727754471,2727755594,15841,1123
29490.346774,2727762373,2727763496,15980,1123
29490.356328,2727770281,2727771402,15916,1121
29490.367807,2727778164,2727779288,15863,1124
29490.376335,2727786103,2727787227,16072,1124
29490.388331,2727794016,2727795140,16003,1124
29490.399369,2727801951,2727803072,15918,1121
29490.408330,2727809848,2727810973,15994,1125
29490.420334,2727817738,2727818863,15999,1125
29490.430928,2727825657,2727826778,15834,1121
29490.440334,2727833542,2727834665,15980,1123
29490.451973,2727841423,2727842542,15913,1119
29490.462488,2727849333,2727850454,15826,1121
29490.472328,2727857269,2727858392,15971,1123
29490.483533,2727865225,2727866349,15997,1124
29490.492333,2727873178,2727874307,15872,1129
29490.504332,2727881126,2727882250,15997,1124
29490.515094,2727889095,2727890224,15899,1129
29490.524329,2727897102,2727898225,15835,1123
29490.536135,2727905015,2727906137,15995,1122
29490.546656,2727912943,2727914067,15917,1124
29490.556332,2727920881,2727922006,15906,1125
29490.567694,2727928759,2727929880,15982,1121
29490.576328,2727936694,2727937816,15909,1122
29490.588329,2727944607,2727945732,15829,1125
29490.599255,2727952537,2727953658,15982,1121
29490.608332,2727960449,2727961573,16005,1124
29490.620287,2727968334,2727969459,15918,1125
29490.630814,2727976222,2727977345,16065,1123
29490.640333,2727984122,2727985246,16000,1124
29490.651847,2727992032,2727993154,15929,1122
29490.662375,2727999945,2728001066,16064,1121
29490.672329,2728007822,2728008946,15996,1124
29490.683408,2728015732,2728016857,15939,1125
29490.692329,2728023649,2728024773,16082,1124
29490.704336,2728031535,2728032656,15997,1121
29490.714968,2728039442,2728040565,15925,1123
29490.724329,2728047354,2728048479,16081,1125
29490.736015,2728055323,2728056444,15960,1121
29490.746528,2728063284,2728064409,15922,1125
29490.756336,2728071165,2728072289,15936,1124
29490.767575,2728079038,2728080163,16055,1125
29490.776328,2728086954,2728088077,15916,1123
29490.788335,2728094867,2728095991,16028,1124
29490.799136,2728102756,2728103881,16072,1125
29490.808327,2728110694,2728111815,15931,1121
29490.820169,2728118628,2728119753,16026,1125
29490.830696,2728126487,2728127612,16057,1125
29490.840334,2728134371,2728135494,15912,1123
29490.851730,2728142304,2728143421,16027,1117
29490.860334,2728150188,2728151313,16034,1125
29490.872329,2728158127,2728159252,15914,1125
29490.883290,2728166008,2728167132,16022,1124
29490.892330,2728173926,2728175051,16076,1125
29490.904329,2728181809,2728182934,15990,1125
29490.914850,2728189740,2728190864,16025,1124
29490.924330,2728197620,2728198740,16070,1120
29490.935887,2728205568,2728206688,15918,1120
29490.946411,2728213473,2728214597,16026,1124
29490.956335,2728221348,2728222469,16067,1121
29490.967447,2728229281,2728230406,15914,1125
29490.976327,2728237173,2728238297,16022,1124
29490.988335,2728245074,2728246199,15961,1125
29490.999008,2728252987,2728254107,15828,1120
29491.008331,2728260966,2728262089,15958,1123
29491.020055,2728268863,2728269992,15962,1129
29491.030568,2728276833,2728277957,15830,1124
29491.040331,2728284760,2728285881,15942,1121
29491.051616,2728292618,2728293735,15983,1117
29491.060327,2728300567,2728301692,15833,1125
29491.072330,2728308449,2728309572,15936,1123
29491.083176,2728316312,2728317436,15970,1124
29491.092327,2728324276,2728325407,15829,1131
29491.104208,2728332183,2728333306,15846,1123
29491.114736,2728340110,2728341234,15967,1124
29491.124329,2728348003,2728349134,15818,1131
29491.135770,2728355901,2728357029,15926,1128
29491.144332,2728363805,2728364929,15984,1124
29491.156336,2728371707,2728372828,15842,1121
29491.167330,2728379612,2728380733,15939,1121
29491.176330,2728387507,2728388632,15987,1125
29491.188332,2728395404,2728396528,15821,1124
29491.198891,2728403330,2728404451,15937,1121
29491.208329,2728411219,2728412344,16040,1125
29491.219927,2728419179,2728420302,15918,1123
29491.230451,2728427088,2728428212,16026,1124
29491.240334,2728435008,2728436134,16072,1126
29491.251495,2728442919,2728444040,15996,1121
29491.260333,2728450840,2728451964,16026,1124
29491.272328,2728458726,2728459854,16070,1128
29491.283048,2728466654,2728467779,15914,1125
29491.292336,2728474644,2728475772,15974,1128
29491.304095,2728482540,2728483664,16074,1124
29491.314611,2728490460,2728491589,15946,1129
29491.324328,2728498400,2728499524,16026,1124
29491.335656,2728506269,2728507389,16062,1120
29491.344332,2728514149,2728515274,15918,1125
29491.356332,2728522057,2728523178,16049,1121
29491.367218,2728529954,2728531078,16067,1124
29491.376327,2728537865,2728538990,15919,1125
29491.388247,2728545801,2728546929,15967,1128
29491.398776,2728553764,2728554889,15950,1125
29491.408330,2728561677,2728562798,15832,1121
29491.419810,2728569581,2728570703,15941,1122
29491.428332,2728577499,2728578624,15981,1125
29491.440328,2728585384,2728586509,15824,1125
29491.451369,2728593275,2728594394,15847,1119
29491.460328,2728601256,2728602380,15967,1124
29491.472331,2728609138,2728610259,15819,1121
29491.482931,2728617071,2728618192,15937,1121
29491.492329,2728624975,2728626099,15967,1124
29491.503968,2728632920,2728634043,15838,1123
29491.514491,2728640867,2728641996,15934,1129
29491.524335,2728648824,2728649952,15962,1128
29491.535527,2728656735,2728657855,15827,1120
29491.544328,2728664635,2728665760,15934,1125
29491.556334,2728672549,2728673673,15946,1124
29491.567088,2728680481,2728681605,15830,1124
29491.576331,2728688545,2728689670,15935,1125
29491.588135,2728696430,2728697553,15982,1123
29491.598655,2728704506,2728705631,15904,1125
29491.608328,2728712394,2728713515,15941,1121
29491.619696,2728720253,2728721373,16070,1120
29491.628328,2728728149,2728729273,15920,1124
29491.640331,2728736029,2728737150,16025,1121
29491.651255,2728743912,2728745031,16068,1119
29491.660330,2728751909,2728753034,15907,1125
29491.672289,2728759790,2728760918,16030,1128
29491.682817,2728767665,2728768786,16070,1121
29491.692335,2728775541,2728776662,15909,1121
29491.703851,2728783446,2728784571,16029,1125
29491.714377,2728791316,2728792437,16060,1121
29491.724327,2728799199,2728800324,15915,1125
29491.735410,2728807115,2728808239,16029,1124
29491.744333,2728815027,2728816148,16069,1121
29491.756327,2728822952,2728824075,15910,1123
29491.766971,2728830835,2728831956,16028,1121
29491.776329,2728838723,2728839847,16076,1124
29491.788007,2728846604,2728847728,15918,1124
29491.800037,2728855649,2728856774,16069,1125
29491.810552,2728863556,2728864681,15919,1125
29491.820331,2728871533,2728872662,15971,1129
29491.831599,2728879443,2728880568,16069,1125
29491.840327,2728887332,2728888455,15917,1123
29491.852328,2728895260,2728896386,16041,1126
29491.863159,2728903139,2728904264,16071,1125
29491.872333,2728911146,2728912275,15946,1129
29491.884192,2728919085,2728920208,16022,1123
29491.894720,2728926983,2728928108,16073,1125
29491.904329,2728934895,2728936023,15945,1128
29491.915753,2728942894,2728944025,16013,1131
29491.924329,2728950814,2728951939,16034,1125
29491.936330,2728958740,2728959861,15917,1121
29491.947314,2728966632,2728967763,15932,1131
29491.956331,2728974578,2728975710,16055,1132
29491.968328,2728982577,2728983699,15917,1122
29491.978874,2728990492,2728991624,16003,1132
29491.988327,2728998470,2728999602,16074,1132
29491.999913,2729006432,2729007560,15964,1128
29492.010435,2729014384,2729015509,16020,1125
29492.020329,2729022373,2729023496,16056,1123
29492.031471,2729030291,2729031416,15915,1125
29492.040331,2729038203,2729039331,16002,1128
29492.052328,2729046094,2729047219,16029,1125
29492.063031,2729053987,2729055112,15917,1125
29492.072328,2729061944,2729063065,16024,1121
29492.084080,2729069813,2729070934,16073,1121
29492.094599,2729077782,2729078915,15992,1133
29492.104330,2729085717,2729086841,16028,1124
29492.115639,2729093579,2729094700,16066,1121
29492.124329,2729101461,2729102584,15919,1123
29492.136329,2729109412,2729110533,16027,1121
29492.147197,2729117359,2729118484,16052,1125
29492.156332,2729125279,2729126407,15917,1128
29492.168233,2729133220,2729134342,16027,1122
29492.178760,2729141139,2729142260,16067,1121
29492.188335,2729149099,2729150223,15919,1124
29492.199794,2729157010,2729158135,16042,1125
29492.208330,2729164910,2729166035,16061,1125
29492.220335,2729172852,2729173977,15829,1125
29492.231354,2729180783,2729181911,15940,1128
29492.240327,2729188713,2729189844,15985,1131
29492.252329,2729196684,2729197806,15834,1122
29492.262914,2729204570,2729205691,15939,1121
29492.272336,2729212457,2729213589,15983,1132
29492.283950,2729220420,2729221550,15825,1130
29492.294473,2729228469,2729229597,15850,1128
29492.304334,2729236465,2729237597,15965,1132
29492.315511,2729244465,2729245596,15816,1131
29492.324330,2729252459,2729253591,15929,1132
29492.336329,2729260362,2729261486,15948,1124
29492.347071,2729268305,2729269430,15837,1125
29492.356328,2729276362,2729277493,15935,1131
29492.368118,2729284277,2729285397,15951,1120
29492.378635,2729292210,2729293341,15859,1131
29492.388334,2729300111,2729301234,15935,1123
29492.399679,2729307974,2729309098,15948,1124
29492.408327,2729315911,2729317039,15827,1128
29492.420335,2729323878,2729324999,15938,1121
29492.431240,2729331809,2729332938,16110,1129
29492.440329,2729339758,2729340883,15994,1125
29492.452273,2729347672,2729348797,16026,1125
29492.462800,2729355617,2729356749,16115,1132
29492.472330,2729363638,2729364770,15914,1132
29492.483831,2729371573,2729372702,15964,1129
29492.494360,2729379531,2729380662,16064,1131
29492.504333,2729387523,2729388644,15916,1121
29492.515394,2729395496,2729396620,16026,1124
29492.524332,2729403354,2729404479,16072,1125
29492.536329,2729411291,2729412420,15945,1129
29492.546956,2729419295,2729420424,16041,1129
29492.556331,2729427277,2729428406,16065,1129
29492.567990,2729435246,2729436370,15919,1124
29492.578514,2729443189,2729444314,16024,1125
29492.588331,2729451084,2729452208,16059,1124
29492.599554,2729459031,2729460159,15944,1128
29492.608330,2729466993,2729468114,16022,1121
29492.620330,2729474977,2729476102,16054,1125
29492.631111,2729482898,2729484019,15913,1121
29492.640330,2729490859,2729491987,15935,1128
29492.652158,2729498840,2729499971,16054,1131
29492.662672,2729506771,2729507896,15913,1125
29492.672332,2729514706,2729515837,16028,1131
29492.683720,2729522670,2729523797,16068,1127
29492.692327,2729530642,2729531767,15932,1125
29492.704329,2729538595,2729539727,16021,1132
29492.715280,2729546603,2729547730,16069,1127
29492.724330,2729554555,2729555687,15916,1132
29492.736313,2729562582,2729563713,16025,1131
29492.746841,2729570603,2729571734,16038,1131
29492.756330,2729578606,2729579735,15919,1129
29492.767873,2729586552,2729587684,16020,1132
29492.778400,2729594469,2729595600,16069,1131
29492.788328,2729602382,2729603511,16000,1129
29492.799434,2729610383,2729611513,16031,1130
29492.808329,2729618342,2729619471,16070,1129
29492.820328,2729626373,2729627504,15827,1131
29492.830994,2729634379,2729635504,15939,1125
29492.840329,2729642326,2729643455,15977,1129
29492.852031,2729650316,2729651437,15828,1121
29492.862552,2729658280,2729659412,15872,1132
29492.872330,2729666245,2729667370,15993,1125
29492.883594,2729674137,2729675263,15848,1126
29492.892332,2729682115,2729683243,15953,1128
29492.904335,2729690063,2729691195,15981,1132
29492.915152,2729698012,2729699145,15826,1133
29492.924327,2729705994,2729707123,15882,1129
29492.936199,2729713991,2729715122,15973,1131
29492.946713,2729722019,2729723151,15830,1132
29492.956328,2729730039,2729731171,15936,1132
29492.967761,2729737992,2729739117,16006,1125
29492.976330,2729745991,2729747115,15799,1124
29492.988330,2729753931,2729755063,15847,1132
29492.999320,2729761919,2729763050,15957,1131
29493.008332,2729769895,2729771024,15833,1129
29493.020332,2729777887,2729779018,15928,1131
29493.030881,2729785900,2729787025,15984,1125
29493.040334,2729793841,2729794970,15867,1129
29493.051914,2729801820,2729802952,15943,1132
29493.062440,2729809828,2729810953,15968,1125
29493.072329,2729817846,2729818979,15831,1133
29493.083476,2729825833,2729826961,15956,1128
29493.092334,2729833746,2729834872,15956,1126
29493.104329,2729841691,2729842822,15826,1131
29493.115035,2729849605,2729850734,15914,1129
29493.124333,2729857620,2729858749,15984,1129
29493.136078,2729865553,2729866680,15908,1127
29493.146595,2729873504,2729874635,15939,1131
29493.156329,2729881480,2729882609,15980,1129
29493.167631,2729889477,2729890609,15827,1132
29493.176329,2729897496,2729898624,15933,1128
29493.188328,2729905394,2729906526,15979,1132
29493.199192,2729913371,2729914496,15829,1125
29493.208327,2729921330,2729922459,15902,1129
29493.220239,2729929270,2729930395,15980,1125
29493.230755,2729937287,2729938412,15829,1125
29493.240329,2729945181,2729946308,15942,1127
29493.251800,2729953168,2729954297,15973,1129
29493.260330,2729961125,2729962246,15833,1121
29493.272333,2729969094,2729970226,15940,1132
29493.283360,2729977072,2729978201,15982,1129
29493.292330,2729985093,2729986222,15833,1129
29493.304332,2729993091,2729994212,15940,1121
29493.314920,2730001019,2730002148,15986,1129
29493.324331,2730008957,2730010079,15827,1122
29493.335952,2730016947,2730018079,15838,1132
29493.346480,2730024944,2730026071,15967,1127
29493.356327,2730032928,2730034057,15825,1129
29493.367514,2730040872,2730042001,15939,1129
29493.376328,2730048804,2730049937,15984,1133
29493.388335,2730056765,2730057889,15848,1124
29493.399074,2730064781,2730065905,15939,1124
29493.408329,2730072807,2730073935,15986,1128
29493.420111,2730080805,2730081934,15830,1129
29493.432145,2730089911,2730091040,15979,1129
29493.442658,2730097896,2730099025,15856,1129
29493.452333,2730105866,2730106994,15940,1128
29493.463702,2730113805,2730114933,15984,1128
29493.472328,2730121764,2730122893,15853,1129
29493.484333,2730129739,2730130868,15841,1129
29493.495263,2730137709,2730138838,15964,1129
29493.504327,2730145696,2730146825,15860,1129
29493.516297,2730153645,2730154771,15943,1126
29493.526825,2730161582,2730162707,15982,1125
29493.536329,2730169511,2730170639,15841,1128
29493.547857,2730177476,2730178605,15935,1129
29493.558384,2730185425,2730186556,15965,1131
29493.568329,2730193371,2730194500,15828,1129
29493.579418,2730201339,2730202468,15934,1129
29493.588328,2730209293,2730210419,15948,1126
29493.600328,2730217186,2730218317,15859,1131
29493.610977,2730225188,2730226320,15942,1132
29493.620329,2730233192,2730234323,15983,1131
29493.632022,2730241217,2730242348,15906,1131
29493.642538,2730249255,2730250384,15942,1129
29493.652328,2730257307,2730258436,15971,1129
29493.663575,2730265312,2730266441,15816,1129
29493.672332,2730273253,2730274386,15938,1133
29493.684330,2730281232,2730282361,15960,1129
29493.695135,2730289185,2730290314,15829,1129
29493.704329,2730297162,2730298291,15938,1129
29493.716182,2730305148,2730306278,15988,1130
29493.726696,2730313098,2730314227,15829,1129
29493.736331,2730321080,2730322209,15958,1129
29493.747743,2730329089,2730330218,15966,1129
29493.756337,2730337038,2730338167,15832,1129
29493.768332,2730344986,2730346117,15941,1131
29493.779303,2730352967,2730354095,15967,1128
29493.788328,2730360936,2730362065,15835,1129
29493.800330,2730368944,2730370075,15939,1131
29493.810863,2730376982,2730378110,15955,1128
29493.820328,2730385002,2730386131,15831,1129
29493.831896,2730393050,2730394178,15846,1128
29493.842425,2730401051,2730402176,16031,1125
29493.852329,2730409041,2730410170,15829,1129
29493.863458,2730417035,2730418162,15937,1127
29493.872332,2730424984,2730426116,15983,1132
29493.884333,2730432985,2730434116,15842,1131
29493.895018,2730441013,2730442145,15946,1132
29493.904329,2730449004,2730450136,15962,1132
29493.916055,2730456984,2730458110,15829,1126
29493.926579,2730465003,2730466132,15940,1129
29493.936357,2730472983,2730474116,15952,1133
29493.947615,2730481040,2730482168,15831,1128
29493.956329,2730489059,2730490191,15936,1132
29493.968330,2730497059,2730498188,15968,1129
29493.979184,2730505057,2730506186,15912,1129
29493.988332,2730513076,2730514205,15944,1129
29494.000222,2730521044,2730522176,15966,1132
29494.010736,2730529042,2730530174,15835,1132
29494.020332,2730537101,2730538230,15933,1129
29494.031781,2730545154,2730546285,15966,1131
29494.040328,2730553178,2730554309,15826,1131
29494.052334,2730561191,2730562322,15944,1131
29494.063344,2730569157,2730570290,16072,1133
29494.072328,2730577184,2730578315,15922,1131
29494.084332,2730585157,2730586290,16033,1133
29494.094904,2730593191,2730594323,16047,1132
29494.104329,2730601245,2730602374,15903,1129
29494.115938,2730609298,2730610424,16018,1126
29494.126464,2730617271,2730618400,16050,1129
29494.136332,2730625197,2730626326,15920,1129
29494.147498,2730633164,2730634292,16029,1128
29494.156329,2730641113,2730642242,16053,1129
29494.168330,2730649132,2730650265,15919,1133
29494.179057,2730657088,2730658219,15936,1131
29494.188329,2730665110,2730666242,16056,1132
29494.200095,2730673106,2730674238,15914,1132
29494.210619,2730681159,2730682291,16030,1132
29494.220334,2730689187,2730690317,16058,1130
29494.231656,2730697164,2730698296,15932,1132
29494.240328,2730705139,2730706267,16032,1128
29494.252332,2730713104,2730714233,15970,1129
29494.263216,2730721032,2730722164,15852,1132
29494.272327,2730729040,2730730169,15943,1129
29494.284262,2730737058,2730738186,15953,1128
29494.294776,2730745054,2730746183,15848,1129
29494.304328,2730753077,2730754206,15937,1129
29494.315823,2730761070,2730762196,15956,1126
29494.326346,2730769049,2730770178,15907,1129
29494.336336,2730777023,2730778154,15943,1131
29494.347383,2730785031,2730786160,15969,1129
29494.356329,2730793003,2730794136,15829,1133
29494.368334,2730800963,2730802092,15948,1129
29494.378942,2730808958,2730810086,15961,1128
29494.388329,2730816960,2730818093,15831,1133
29494.399979,2730824955,2730826087,15932,1132
29494.410504,2730832942,2730834071,15968,1129
29494.420327,2730840961,2730842090,15832,1129
29494.431540,2730849005,2730850133,15948,1128
29494.440329,2730856975,2730858104,15966,1129
29494.452336,2730864940,2730866069,15779,1129
29494.463099,2730872926,2730874055,15948,1129
29494.472336,2730881020,2730882151,15969,1131
29494.484135,2730889045,2730890176,15836,1131
29494.494658,2730897083,2730898212,15943,1129
29494.504328,2730905058,2730906187,15968,1129
29494.515695,2730913051,2730914179,15833,1128
29494.524330,2730921025,2730922156,15848,1131
29494.536328,2730929027,2730930156,15970,1129
29494.547255,2730937021,2730938154,15828,1133
29494.556327,2730945026,2730946157,15944,1131
29494.568302,2730953000,2730954129,15966,1129
29494.578816,2730960943,2730962072,15848,1129
29494.588327,2730968913,2730970041,15947,1128
29494.599863,2730976883,2730978012,15965,1129
29494.610376,2730984864,2730985996,15832,1132
29494.620332,2730992843,2730993972,15945,1129
29494.631423,2731000825,2731001953,15953,1128
29494.640331,2731008800,2731009929,15826,1129
29494.652328,2731016821,2731017953,15940,1132
29494.662986,2731024838,2731025971,15958,1133
29494.672329,2731032810,2731033939,15907,1129
29494.684017,2731040756,2731041887,15941,1131
29494.694544,2731048783,2731049916,15959,1133
29494.704334,2731056761,2731057890,15831,1129
29494.715578,2731064808,2731065934,15931,1126
29494.724328,2731072801,2731073930,15971,1129
29494.736333,2731080790,2731081918,15832,1128
29494.747138,2731088739,2731089868,15940,1129
29494.756329,2731096844,2731097974,15970,1130
29494.768175,2731104848,2731105976,15836,1128
29494.778700,2731112849,2731113978,15957,1129
29494.788327,2731120859,2731121992,15960,1133
29494.799736,2731128887,2731130020,15821,1133
29494.808333,2731136902,2731138031,15940,1129
29494.820332,2731144878,2731146007,15974,1129
29494.831296,2731152828,2731153960,15832,1132
29494.840329,2731160848,2731161977,15944,1129
29494.852327,2731168874,2731170005,15971,1131
29494.862856,2731176827,2731177951,15844,1124
29494.872334,2731184802,2731185931,15849,1129
29494.883903,2731192773,2731193901,15972,1128
29494.894416,2731200721,2731201850,15830,1129
29494.904329,2731208690,2731209819,15944,1129
29494.915463,2731216708,2731217839,15967,1131
29494.924327,2731224739,2731225868,15850,1129
29494.936334,2731232693,2731233822,15936,1129
29494.947025,2731240719,2731241851,15968,1132
29494.956330,2731248739,2731249871,15833,1132
29494.968058,2731256697,2731257826,15944,1129
29494.978585,2731264667,2731265800,15953,1133
29494.988329,2731272673,2731273802,15833,1129
29494.999624,2731280678,2731281807,15997,1129
29495.008329,2731288651,2731289780,15918,1129
29495.020332,2731296647,2731297776,15901,1129
29495.031183,2731304670,2731305798,15983,1128
29495.040331,2731312711,2731313840,15909,1129
29495.052215,2731320710,2731321843,15837,1133
29495.062736,2731328695,2731329828,15933,1133
29495.072332,2731336650,2731337779,15970,1129
29495.083776,2731344664,2731345793,15847,1129
29495.092331,2731352637,2731353769,15941,1132
29495.104330,2731360636,2731361765,15960,1129
29495.115336,2731368662,2731369792,15824,1130
29495.124328,2731376665,2731377796,15958,1131
29495.136327,2731384660,2731385789,15967,1129
29495.146896,2731392585,2731393717,15828,1132
29495.156328,2731400584,2731401713,15944,1129
29495.167945,2731408574,2731409704,15967,1130
29495.178457,2731416597,2731417726,15825,1129
29495.188330,2731424539,2731425668,15939,1129
29495.199504,2731432487,2731433617,15968,1130
29495.208330,2731440505,2731441634,15823,1129
29495.220333,2731448482,2731449614,15848,1132
29495.231064,2731456453,2731457583,15967,1130
29495.240329,2731464550,2731465679,15835,1129
29495.252098,2731472497,2731473626,15946,1129
29495.262625,2731480463,2731481595,15967,1132
29495.272329,2731488445,2731489574,15844,1129
29495.283658,2731496432,2731497561,15940,1129
29495.292334,2731504481,2731505610,15935,1129
29495.304328,2731512488,2731513621,15850,1133
29495.315220,2731520465,2731521596,15957,1131
29495.324337,2731528466,2731529599,15956,1133
29495.336256,2731536497,2731537626,15847,1129
29495.346779,2731544471,2731545604,15947,1133
29495.356330,2731552491,2731553620,15959,1129
29495.367822,2731560464,2731561597,15917,1133
29495.378340,2731568446,2731569575,15937,1129
29495.388332,2731576450,2731577580,15945,1130
29495.399376,2731584500,2731585630,15851,1130
29495.408328,2731592443,2731593572,15951,1129
29495.420329,2731600412,2731601544,15960,1132
29495.430939,2731608439,2731609567,15847,1128
29495.440331,2731616402,2731617534,15942,1132
29495.451981,2731624427,2731625556,15941,1129
29495.462499,2731632479,2731633608,15853,1129
29495.472328,2731640539,2731641667,15898,1128
29495.483544,2731648517,2731649646,15950,1129
29495.492327,2731656511,2731657643,15831,1132
29495.504327,2731664433,2731665562,15939,1129
29495.515105,2731672426,2731673554,15970,1128
29495.524329,2731680543,2731681676,15844,1133
29495.536139,2731688539,2731689671,15940,1132
29495.546665,2731696537,2731697666,15959,1129
29495.556329,2731704507,2731705636,15834,1129
29495.567699,2731712453,2731713582,15844,1129
29495.576329,2731720424,2731721553,15932,1129
29495.588329,2731728444,2731729573,15830,1129
29495.599259,2731736386,2731737519,15941,1133
29495.608332,2731744438,2731745570,15969,1132
29495.620295,2731752385,2731753515,15848,1130
29495.630820,2731760438,2731761565,15943,1127
29495.640334,2731768439,2731769568,15970,1129
29495.651856,2731776400,2731777529,15828,1129
29495.662382,2731784393,2731785521,15959,1128
29495.672330,2731792388,2731793517,15952,1129
29495.683417,2731800351,2731801480,15822,1129
29495.692333,2731808347,2731809476,15949,1129
29495.704328,2731816315,2731817448,15960,1133
29495.714984,2731824323,2731825451,15909,1128
29495.724332,2731832351,2731833481,15944,1130
29495.748334,2731844425,2731845054,12094,629
29495.760074,2731848465,2731849094,12027,629
29495.770583,2731855160,2731856280,15834,1120
29495.780331,2731863087,2731864210,15996,1123
29495.791628,2731870971,2731872095,15902,1124
29495.800329,2731878876,2731880004,15850,1128
29495.812331,2731886813,2731887946,15970,1133
29495.823190,2731894819,2731895952,15913,1133
29495.832328,2731902845,2731903974,15832,1129
29495.844227,2731910848,2731911977,15980,1129
29495.854749,2731918852,2731919980,15919,1128
29495.864327,2731926800,2731927929,15828,1129
29495.875790,2731934855,2731935988,16001,1133
29495.884330,2731942848,2731943980,15919,1132
29495.896334,2731950847,2731951976,15836,1129
29495.907349,2731958864,2731959993,15980,1129
29495.916331,2731966863,2731967993,15912,1130
29495.928336,2731974840,2731975970,15843,1130
29495.938911,2731982816,2731983948,15987,1132
29495.948335,2731990826,2731991959,15918,1133
29495.959942,2731998808,2731999941,15833,1133
29495.970471,2732006780,2732007913,16000,1133
29495.980328,2732014801,2732015927,15919,1126
29495.991503,2732022770,2732023903,15832,1133
29496.000329,2732030764,2732031893,15998,1129
29496.012329,2732038761,2732039894,15920,1133
29496.023063,2732046739,2732047868,15833,1129
29496.032329,2732054743,2732055872,15982,1129
29496.044108,2732062739,2732063871,15915,1132
29496.054623,2732070712,2732071841,15832,1129
29496.064329,2732078736,2732079865,16013,1129
29496.075670,2732086710,2732087842,15920,1132
29496.084328,2732094754,2732095886,15842,1132
29496.096328,2732102708,2732103837,15970,1129
29496.107227,2732110687,2732111818,15915,1131
29496.116331,2732118679,2732119809,15847,1130
29496.128267,2732126685,2732127818,15969,1133
29496.138789,2732134688,2732135821,15918,1133
29496.148327,2732142691,2732143820,15848,1129
29496.159828,2732150690,2732151823,15976,1133
29496.170349,2732158693,2732159823,15901,1130
29496.180330,2732166720,2732167850,15857,1130
29496.191389,2732174780,2732175908,15987,1128
29496.200331,2732182805,2732183935,15893,1130
29496.212329,2732190835,2732191965,15843,1130
29496.222949,2732198813,2732199946,15982,1133
29496.232332,2732206795,2732207925,15915,1130
29496.243981,2732213424,2732214550,15807,1126
29496.254509,2732221394,2732222527,15955,1133
29496.264330,2732229381,2732230510,15898,1129
29496.275542,2732237360,2732238493,15865,1133
29496.284328,2732245361,2732246491,15983,1130
29496.296331,2732253346,2732254475,15915,1129
29496.307105,2732261392,2732262518,15820,1126
29496.316332,2732269503,2732270631,15984,1128
29496.328148,2732277506,2732278634,15920,1128
29496.338663,2732285557,2732286686,15843,1129
29496.348330,2732293583,2732294713,15985,1130
29496.359708,2732301596,2732302725,15917,1129
29496.368331,2732309551,2732310680,15830,1129
29496.380328,2732317574,2732318704,15986,1130
29496.391270,2732325605,2732326738,15917,1133
29496.400329,2732333637,2732334767,15832,1130
29496.412309,2732341618,2732342748,16006,1130
29496.422832,2732349607,2732350741,15908,1134
29496.432328,2732357611,2732358740,15833,1129
29496.443869,2732365610,2732366743,15981,1133
29496.454391,2732373590,2732374723,15916,1133
29496.464331,2732381553,2732382688,15882,1135
29496.475430,2732389515,2732390645,15979,1130
29496.484334,2732397493,2732398621,15921,1128
29496.496335,2732405488,2732406616,15845,1128
29496.506988,2732413454,2732414584,15971,1130
29496.516334,2732421400,2732422530,15916,1130
29496.528022,2732429404,2732430533,15863,1129
29496.538551,2732437433,2732438562,15987,1129
29496.548330,2732445457,2732446590,15921,1133
29496.559581,2732453392,2732454524,15835,1132
29496.568333,2732461416,2732462550,15968,1134
29496.580331,2732469451,2732470578,15916,1127
29496.591145,2732477455,2732478585,15865,1130
29496.600331,2732485536,2732486666,15984,1130
29496.612187,2732493533,2732494663,15902,1130
29496.622703,2732501563,2732502693,15846,1130
29496.632331,2732509580,2732510710,15962,1130
29496.643749,2732517535,2732518665,15916,1130
29496.652328,2732525481,2732526615,15848,1134
29496.664334,2732533486,2732534616,15980,1130
29496.675309,2732541466,2732542599,15914,1133
29496.684334,2732549467,2732550597,15863,1130
29496.696328,2732557457,2732558586,16071,1129
29496.706870,2732565484,2732566614,15899,1130
29496.716330,2732573510,2732574640,15845,1130
29496.727909,2732581532,2732582662,15972,1130
29496.738430,2732589587,2732590717,15915,1130
29496.748328,2732597585,2732598715,15850,1130
29496.759469,2732605580,2732606712,15995,1132
29496.768331,2732613587,2732614717,15905,1130
29496.780336,2732621599,2732622727,15847,1128
29496.791029,2732629576,2732630706,15980,1130
29496.800334,2732637639,2732638769,15919,1130
29496.812062,2732645666,2732646798,15830,1132
29496.822591,2732653720,2732654850,16090,1130
29496.832328,2732661723,2732662853,16007,1130
29496.843622,2732669726,2732670855,15932,1129
29496.852334,2732677701,2732678830,16067,1129
29496.864331,2732685722,2732686856,15919,1134
29496.875183,2732693678,2732694811,15827,1133
29496.884329,2732701653,2732702783,15998,1130
29496.896229,2732709627,2732710755,15909,1128
29496.906742,2732717677,2732718811,15818,1134
29496.916329,2732725717,2732726847,15981,1130
29496.927790,2732733684,2732734814,15908,1130
29496.936330,2732741691,2732742820,15828,1129
29496.948328,2732749662,2732750791,15981,1129
29496.959350,2732757585,2732758714,15918,1129
29496.968329,2732765658,2732766791,15852,1133
29496.980331,2732773660,2732774790,15983,1130
29496.990911,2732781692,2732782821,15922,1129
29497.000331,2732789718,2732790848,15834,1130
29497.011950,2732797698,2732798828,15992,1130
29497.022471,2732805694,2732806824,15917,1130
29497.032333,2732813677,2732814807,15848,1130
29497.043510,2732821701,2732822830,15982,1129
29497.052330,2732829697,2732830829,15915,1132
29497.064331,2732837732,2732838866,15846,1134
29497.075071,2732845670,2732846800,16003,1130
29497.084330,2732853712,2732854842,15906,1130
29497.096102,2732861762,2732862891,15849,1129
29497.106632,2732869972,2732871102,16088,1130
29497.116327,2732878033,2732879163,16003,1130
29497.127663,2732886036,2732887166,15937,1130
29497.136327,2732894069,2732895199,16056,1130
29497.148328,2732902098,2732903231,16008,1133
29497.159223,2732910131,2732911260,15954,1129
29497.168329,2732918144,2732919274,15972,1130
29497.180267,2732926172,2732927304,15897,1132
29497.190783,2732934199,2732935333,15842,1134
29497.200327,2732942255,2732943387,15964,1132
29497.211829,2732950286,2732951415,15921,1129
29497.222344,2732958258,2732959387,15845,1129
29497.232331,2732966310,2732967440,15988,1130
29497.243389,2732974346,2732975479,15927,1133
29497.252332,2732982347,2732983477,15841,1130
29497.264327,2732990374,2732991504,15961,1130
29497.274948,2732998428,2732999558,15908,1130
29497.284336,2733006407,2733007536,15857,1129
29497.295989,2733014414,2733015542,15974,1128
29497.308006,2733023610,2733024739,15798,1129
29497.318533,2733031616,2733032746,15986,1130
29497.328335,2733039597,2733040725,15914,1128
29497.339566,2733047607,2733048736,15838,1129
29497.348327,2733055635,2733056765,15980,1130
29497.360327,2733063599,2733064733,15919,1134
29497.371128,2733071612,2733072742,15828,1130
29497.380333,2733079784,2733080917,15978,1133
29497.392171,2733087810,2733088942,15918,1132
29497.402686,2733095818,2733096948,15822,1130
29497.412330,2733103874,2733105002,15981,1128
29497.423733,2733111880,2733113010,15918,1130
29497.432328,2733119858,2733120988,15849,1130
29497.444328,2733127860,2733128993,15996,1133
29497.455294,2733135841,2733136971,15899,1130
29497.464334,2733143876,2733145009,15838,1133
29497.476330,2733151830,2733152959,15982,1129
29497.486854,2733159829,2733160959,15912,1130
29497.496331,2733167862,2733168992,15851,1130
29497.507894,2733175839,2733176969,15998,1130
29497.518415,2733183882,2733185012,15921,1130
29497.528329,2733191914,2733193047,15836,1133
29497.539454,2733199956,2733201086,15998,1130
29497.548330,2733208003,2733209135,15916,1132
29497.560331,2733216019,2733217152,15832,1133
29497.571013,2733224023,2733225153,15983,1130
29497.580329,2733232026,2733233156,15918,1130
29497.592045,2733240003,2733241135,15851,1132
29497.602575,2733247978,2733249108,15996,1130
29497.612328,2733255999,2733257127,15916,1128
29497.623606,2733264000,2733265130,15830,1130
29497.632328,2733271981,2733273113,15976,1132
29497.644328,2733279962,2733281092,15918,1130
29497.655169,2733287962,2733289092,15840,1130
29497.664330,2733296059,2733297190,15997,1131
29497.676212,2733304117,2733305249,15901,1132
29497.686727,2733312147,2733313279,15846,1132
29497.696328,2733320153,2733321283,15981,1130
29497.707772,2733328100,2733329230,15919,1130
29497.716351,2733336139,2733337269,15849,1130
29497.728330,2733344141,2733345269,15992,1128
29497.739334,2733352171,2733353304,15918,1133
29497.748333,2733360172,2733361305,15814,1133
29497.760330,2733368174,2733369304,15972,1130
29497.770893,2733376194,2733377324,15917,1130
29497.780330,2733384175,2733385304,15836,1129
29497.791932,2733392205,2733393334,15986,1129
29497.802454,2733400205,2733401335,15915,1130
29497.812336,2733408232,2733409360,15918,1128
29497.823492,2733416260,2733417390,16070,1130
29497.832328,2733424289,2733425419,16002,1130
29497.844332,2733432239,2733433369,15917,1130
29497.855054,2733440262,2733441396,16085,1134
29497.864333,2733448382,2733449512,16003,1130
29497.876085,2733456432,2733457565,15920,1133
29497.886613,2733464485,2733465619,16073,1134
29497.896327,2733472540,2733473671,16001,1131
29497.907646,2733480549,2733481679,15925,1130
29497.916328,2733488558,2733489688,16080,1130
29497.928328,2733496579,2733497712,16003,1133
29497.939207,2733504616,2733505750,15934,1134
29497.948332,2733512646,2733513778,16102,1132
29497.960253,2733520656,2733521786,16000,1130
29497.970767,2733528667,2733529797,15918,1130
29497.980335,2733536686,2733537820,16062,1134
29497.991813,2733544687,2733545817,16000,1130
29498.000327,2733552686,2733553820,15931,1134
29498.012331,2733560692,2733561823,16081,1131
29498.023374,2733568720,2733569850,16000,1130
29498.032330,2733576743,2733577873,15924,1130
29498.044331,2733584779,2733585909,16072,1130
29498.054934,2733592822,2733593956,16003,1134
29498.064328,2733600837,2733601968,15934,1131
29498.075973,2733608896,2733610029,16078,1133
29498.086495,2733616929,2733618063,15999,1134
29498.096328,2733624946,2733626080,15902,1134
29498.107533,2733632980,2733634110,16071,1130
29498.116326,2733640901,2733642031,16003,1130
29498.128333,2733648915,2733650048,15862,1133
29498.139093,2733656893,2733658023,15986,1130
29498.148331,2733664878,2733666008,15905,1130
29498.160126,2733672881,2733674014,15851,1133
29498.170652,2733680834,2733681963,15963,1129
29498.180328,2733688840,2733689970,15918,1130
29498.191686,2733696868,2733698002,15857,1134
29498.200328,2733704875,2733706005,15983,1130
29498.212330,2733712874,2733714002,15917,1128
29498.223247,2733720881,2733722015,15846,1134
29498.232330,2733728942,2733730072,15960,1130
29498.244291,2733736969,2733738099,15913,1130
29498.254807,2733744982,2733746115,15858,1133
29498.264328,2733752990,2733754120,15988,1130
29498.275852,2733761025,2733762155,15915,1130
29498.286367,2733769029,2733770159,15846,1130
29498.296337,2733777005,2733778135,15979,1130
29498.307411,2733784959,2733786090,15913,1131
29498.316330,2733793011,2733794141,15862,1130
29498.328332,2733801009,2733802137,16091,1128
29498.338975,2733809050,2733810181,15912,1131
29498.348331,2733817053,2733818183,15840,1130
29498.360012,2733825025,2733826159,15977,1134
29498.370534,2733833007,2733834137,16007,1130
29498.380330,2733841009,2733842140,15931,1131
29498.391574,2733848969,2733850103,16088,1134
29498.400335,2733857004,2733858136,16003,1132
29498.412336,2733865060,2733866188,15919,1128
29498.423133,2733872996,2733874130,16072,1134
29498.432328,2733881093,2733882225,15994,1132
29498.444165,2733889111,2733890241,15909,1130
29498.454695,2733897144,2733898274,16085,1130
29498.464332,2733905175,2733906309,16001,1134
29498.475727,2733913220,2733914353,15924,1133
29498.484336,2733921280,2733922410,16072,1130
29498.496330,2733929311,2733930444,16005,1133
29498.507289,2733937352,2733938482,15938,1130
29498.516328,2733945399,2733946532,16087,1133
29498.528330,2733953381,2733954509,16005,1128
29498.538847,2733961416,2733962550,15834,1134
29498.548327,2733969407,2733970536,15977,1129
29498.559893,2733977470,2733978600,15917,1130
29498.570407,2733985530,2733986664,15848,1134
29498.580329,2733993587,2733994720,15990,1133
29498.591454,2734001621,2734002755,15913,1134
29498.600327,2734009652,2734010782,15836,1130
29498.612330,2734017684,2734018816,15980,1132
29498.623014,2734025717,2734026847,15916,1130
29498.632331,2734033713,2734034843,15840,1130
29498.644054,2734041738,2734042868,16019,1130
29498.654575,2734049767,2734050900,15921,1133
29498.664328,2734057764,2734058898,15849,1134
29498.675613,2734065821,2734066954,15972,1133
29498.684331,2734073831,2734074965,15916,1134
29498.696328,2734081818,2734082952,15850,1134
29498.707175,2734089828,2734090958,15994,1130
29498.716334,2734097833,2734098962,15901,1129
29498.728206,2734105831,2734106960,15830,1129
29498.738732,2734113875,2734115009,15968,1134
29498.748329,2734121908,2734123039,15913,1131
29498.759765,2734129943,2734131073,15853,1130
29498.768331,2734137921,2734139055,15981,1134
29498.780333,2734145929,2734147060,15915,1131
29498.791326,2734153969,2734155099,15832,1130
29498.800332,2734161922,2734163055,15969,1133
29498.812337,2734169916,2734171048,15916,1132
29498.822887,2734177970,2734179104,15862,1134
29498.832330,2734185980,2734187110,15982,1130
29498.843932,2734194034,2734195165,15910,1131
29498.854448,2734202037,2734203167,15837,1130
29498.864329,2734210021,2734211151,15971,1130
29498.875492,2734218048,2734219179,15921,1131
29498.884327,2734226106,2734227236,15857,1130
29498.896331,2734234101,2734235233,15985,1132
29498.907054,2734242133,2734243267,15909,1134
29498.916327,2734250182,2734251313,15845,1131
29498.928091,2734258215,2734259347,16055,1132
29498.940107,2734267364,2734268498,15808,1134
29498.950639,2734275403,2734276534,16002,1131
29498.960328,2734283439,2734284568,15903,1129
29498.971670,2734291390,2734292521,15820,1131
29498.980332,2734299393,2734300527,15996,1134
29498.992331,2734307400,2734308530,15917,1130
29499.003230,2734315350,2734316484,15832,1134
29499.012328,2734323410,2734324540,15982,1130
29499.024275,2734331420,2734332550,15912,1130
29499.034791,2734339452,2734340586,15838,1134
29499.044328,2734347410,2734348537,15996,1127
29499.055839,2734355435,2734356568,15918,1133
29499.066351,2734363420,2734364553,15825,1133
29499.076329,2734371455,2734372585,15980,1130
29499.087396,2734379382,2734380515,15911,1133
29499.096332,2734387418,2734388548,15849,1130
29499.108328,2734395397,2734396530,15998,1133
29499.118959,2734403425,2734404556,15919,1131
29499.128334,2734411407,2734412538,15829,1131
29499.139996,2734419392,2734420522,16000,1130
29499.150517,2734427463,2734428593,15913,1130
29499.160332,2734435521,2734436652,15850,1131
29499.171558,2734443533,2734444663,15996,1130
29499.180332,2734451565,2734452695,15917,1130
29499.192334,2734459574,2734460705,15831,1131
29499.203117,2734467551,2734468680,15981,1129
29499.212329,2734475577,2734476711,15914,1134
29499.224149,2734483559,2734484692,15830,1133
29499.234677,2734491613,2734492744,15981,1131
29499.244328,2734499649,2734500777,15923,1128
29499.255710,2734507658,2734508788,15833,1130
29499.264334,2734515608,2734516738,15976,1130
29499.276332,2734523630,2734524760,15916,1130
29499.287268,2734531604,2734532734,15812,1130
29499.296328,2734539628,2734540762,15996,1134
29499.308318,2734547674,2734548805,15910,1131
29499.318830,2734555704,2734556838,15831,1134
29499.328332,2734563686,2734564820,16066,1134
29499.339876,2734571699,2734572830,16006,1131
29499.350391,2734579720,2734580850,15852,1130
29499.360327,2734587724,2734588855,16001,1131
29499.371438,2734595731,2734596864,15920,1133
29499.380327,2734603743,2734604874,15831,1131
29499.392332,2734611782,2734612915,15977,1133
29499.402997,2734619810,2734620940,15917,1130
29499.412328,2734627844,2734628975,15847,1131
29499.424037,2734635848,2734636978,15997,1130
29499.434559,2734643838,2734644972,15921,1134
29499.444329,2734651846,2734652978,15830,1132
29499.455598,2734659842,2734660972,15993,1130
29499.464328,2734667865,2734668995,15914,1130
29499.476327,2734675817,2734676947,15828,1130
29499.487156,2734683823,2734684953,15996,1130
29499.496331,2734691897,2734693030,15920,1133
29499.508190,2734699857,2734700988,15846,1131
29499.518718,2734707879,2734709013,15996,1134
29499.528332,2734715907,2734717041,15916,1134
29499.539750,2734723909,2734725043,15837,1134
29499.548328,2734731962,2734733096,15982,1134
29499.560331,2734739960,2734741089,16010,1129
29499.571310,2734747964,2734749094,15933,1130
29499.580334,2734755966,2734757098,16086,1132
29499.592329,2734763969,2734765099,16007,1130
29499.602872,2734772006,2734773140,15925,1134
29499.612333,2734780044,2734781174,16068,1130
29499.623916,2734788045,2734789179,15902,1134
29499.634430,2734796022,2734797152,15835,1130
29499.644333,2734803978,2734805106,16003,1128
29499.655477,2734812015,2734813148,15888,1133
29499.664330,2734820044,2734821177,15832,1133
29499.676330,2734828048,2734829181,15980,1133
29499.687037,2734836043,2734837174,15907,1131
29499.696330,2734844123,2734845258,15875,1135
29499.708076,2734852183,2734853314,15985,1131
29499.718599,2734860164,2734861295,15921,1131
29499.728333,2734868215,2734869349,15832,1134
29499.739637,2734876185,2734877316,15973,1131
29499.748335,2734884224,2734885355,15833,1131
29499.760329,2734892199,2734893330,15958,1131
29499.771197,2734900266,2734901397,15958,1131
29499.780332,2734908324,2734909458,15902,1134
29499.792232,2734916368,2734917501,15942,1133
29499.802759,2734924395,2734925528,15965,1133
29499.812332,2734932397,2734933528,15826,1131
29499.823792,2734940374,2734941507,15938,1133
29499.832334,2734948400,2734949530,15971,1130
29499.844329,2734956374,2734957503,15829,1129
29499.855353,2734964372,2734965501,15946,1129
29499.864333,2734972374,2734973504,15969,1130
29499.876329,2734980405,2734981536,15833,1131
29499.886915,2734988442,2734989573,15961,1131
29499.896334,2734996443,2734997573,15953,1130
29499.907952,2735004451,2735005581,15833,1130
29499.918474,2735012481,2735013612,15944,1131
29499.928331,2735020543,2735021675,15962,1132
29499.939510,2735028597,2735029726,15836,1129
29499.948329,2735036607,2735037738,15933,1131
29499.960328,2735044625,2735045757,16003,1132
29499.971073,2735052672,2735053807,15856,1135
29499.980328,2735060805,2735061935,15857,1130
29499.992118,2735068856,2735069986,15967,1130
29500.002631,2735076909,2735078040,15828,1131
29500.012327,2735084947,2735086077,15959,1130
29500.023679,2735092979,2735094108,15957,1129
29500.032328,2735101008,2735102138,15848,1130
29500.044333,2735109013,2735110142,15948,1129
29500.055238,2735117049,2735118180,15968,1131
29500.064334,2735125105,2735126236,15833,1131
29500.076272,2735133159,2735134289,15946,1130
29500.086799,2735141209,2735142339,15968,1130
29500.096331,2735149265,2735150395,15832,1130
29500.107833,2735157299,2735158430,15946,1131
29500.118360,2735165282,2735166413,15968,1131
29500.128334,2735173340,2735174472,15914,1132
29500.139393,2735181375,2735182506,15945,1131
29500.148332,2735189425,2735190556,15953,1131
29500.160331,2735197457,2735198585,15832,1128
29500.170954,2735205422,2735206555,15948,1133
29500.180331,2735213457,2735214586,15981,1129
29500.191990,2735221479,2735222610,15828,1131
29500.202514,2735229484,2735230617,15947,1133
29500.212329,2735237546,2735238679,15959,1133
29500.223550,2735245588,2735246719,15848,1131
29500.232333,2735253619,2735254752,15962,1133
29500.244328,2735261680,2735262810,15956,1130
29500.255111,2735269680,2735270811,15833,1131
29500.264328,2735277810,2735278945,15949,1135
29500.276157,2735285887,2735287018,15958,1131
29500.286671,2735293887,2735295020,15833,1133
29500.296331,2735301898,2735303031,15937,1133
29500.307716,2735309935,2735311069,15953,1134
29500.316329,2735317917,2735319051,15829,1134
29500.328328,2735325979,2735327110,15843,1131
29500.339279,2735334012,2735335143,15952,1131
29500.348331,2735341992,2735343122,15831,1130
29500.360313,2735349979,2735351107,15946,1128
29500.370840,2735358106,2735359240,16028,1134
29500.380336,2735366066,2735367197,15844,1131
29500.391874,2735374067,2735375201,15947,1134
29500.402400,2735382024,2735383155,15967,1131
29500.412329,2735390037,2735391171,15831,1134
29500.423434,2735398093,2735399226,15947,1133
29500.432332,2735406096,2735407227,15967,1131
29500.444330,2735414128,2735415257,15833,1129
29500.454994,2735422162,2735423293,15944,1131
29500.464330,2735430196,2735431327,15975,1131
29500.476037,2735438226,2735439359,15908,1133
29500.486555,2735446236,2735447367,15943,1131
29500.496328,2735454297,2735455428,15969,1131
29500.507590,2735462358,2735463488,15816,1130
29500.516330,2735470362,2735471495,15946,1133
29500.528333,2735478346,2735479478,15971,1132
29500.539151,2735486309,2735487439,15828,1130
29500.548332,2735494309,2735495442,15951,1133
29500.560198,2735502291,2735503420,15970,1129
29500.570705,2735510360,2735511500,15754,1140
29500.580331,2735518428,2735519562,15881,1134
29500.591758,2735526392,2735527526,15969,1134
29500.600334,2735534325,2735535458,15825,1133
29500.612331,2735542365,2735543499,15951,1134
29500.623319,2735550374,2735551505,15971,1131
29500.632333,2735558380,2735559514,15834,1134
29500.644334,2735566410,2735567540,15959,1130
29500.654879,2735574464,2735575594,15968,1130
29500.664332,2735582477,2735583608,15840,1131
29500.675911,2735590464,2735591595,15862,1131
29500.686440,2735598467,2735599600,15966,1133
29500.696327,2735606452,2735607583,15820,1131
29500.707474,2735614454,2735615584,15946,1130
29500.716332,2735622484,2735623615,15954,1131
29500.728335,2735630509,2735631641,15832,1132
29500.739034,2735638562,2735639692,15934,1130
29500.748331,2735646670,2735647803,15956,1133
29500.760070,2735654673,2735655801,15848,1128
29500.770596,2735662655,2735663786,15963,1131
29500.780335,2735670692,2735671825,15966,1133
29500.791631,2735678753,2735679888,15830,1135
29500.800329,2735686816,2735687949,15942,1133
29500.812332,2735694853,2735695984,15972,1131
29500.823198,2735702860,2735703994,15913,1134
29500.832331,2735710920,2735712051,15936,1131
29500.844237,2735718980,2735720110,15959,1130
29500.854751,2735727057,2735728188,15819,1131
29500.864333,2735735092,2735736223,15942,1131
29500.875799,2735743108,2735744242,15994,1134
29500.884327,2735751114,2735752245,15832,1131
29500.896335,2735759122,2735760252,15949,1130
29500.907359,2735767176,2735768310,15973,1134
29500.916331,2735775237,2735776372,15814,1135
29500.928328,2735783219,2735784350,15945,1131
29500.938919,2735791280,2735792415,15965,1135
29500.948329,2735799293,2735800426,15830,1133
29500.959953,2735807321,2735808449,15947,1128
29500.970480,2735815325,2735816459,15973,1134
29500.980329,2735823430,2735824565,15813,1135
29500.991514,2735831472,2735832604,15933,1132
29501.000332,2735839541,2735840676,15972,1135
29501.012327,2735847604,2735848735,15824,1131
29501.023073,2735855669,2735856803,15849,1134
29501.032333,2735863859,2735864990,16014,1131
29501.044110,2735871919,2735873048,15808,1129
29501.054635,2735879949,2735881080,15943,1131
29501.064334,2735887960,2735889091,15969,1131
29501.075671,2735896003,2735897133,15824,1130
29501.084329,2735904042,2735905175,15944,1133
29501.096329,2735912074,2735913205,15967,1131
29501.107232,2735920102,2735921233,15830,1131
29501.116330,2735928155,2735929286,15943,1131
29501.128278,2735936192,2735937323,15950,1131
29501.138795,2735944244,2735945375,15861,1131
29501.148337,2735952307,2735953438,15945,1131
29501.159839,2735960352,2735961481,15946,1129
29501.170358,2735968363,2735969494,15887,1131
29501.180331,2735976422,2735977556,15905,1134
29501.191396,2735984497,2735985631,15927,1134
29501.200328,2735992555,2735993686,15891,1131
29501.212328,2736000585,2736001715,15948,1130
29501.222959,2736008592,2736009725,15981,1133
29501.232331,2736016657,2736017788,15848,1131
29501.243993,2736024658,2736025789,15947,1131
29501.254518,2736032747,2736033878,15943,1131
29501.264334,2736040724,2736041855,15862,1131
29501.275553,2736048764,2736049894,15944,1130
29501.284330,2736056772,2736057903,15935,1131
29501.296329,2736064824,2736065957,15865,1133
29501.307114,2736072864,2736073999,15942,1135
29501.316331,2736081013,2736082144,15946,1131
29501.328150,2736089020,2736090151,15849,1131
29501.338675,2736097034,2736098165,15943,1131
29501.348330,2736105058,2736106189,15938,1131
29501.359711,2736113043,2736114171,15831,1128
29501.368333,2736121078,2736122209,15853,1131
29501.380334,2736129061,2736130196,15942,1135
29501.391274,2736137051,2736138186,15837,1135
29501.400331,2736145118,2736146253,15942,1135
29501.412318,2736153155,2736154286,15969,1131
29501.422831,2736161137,2736162268,15844,1131
29501.432330,2736169175,2736170306,15958,1131
29501.443881,2736177211,2736178341,16015,1130
29501.454392,2736185244,2736186379,15829,1135
29501.464332,2736193286,2736194421,15943,1135
29501.475439,2736201248,2736202378,15954,1130
29501.484331,2736209291,2736210425,15815,1134
29501.496346,2736217278,2736218409,15944,1131
29501.507000,2736225291,2736226425,15969,1134
29501.516334,2736233324,2736234458,15913,1134
29501.528033,2736241346,2736242480,15943,1134
29501.538560,2736249410,2736250541,15976,1131
29501.548328,2736257465,2736258600,15825,1135
29501.559594,2736265543,2736266673,15945,1130
29501.568335,2736273600,2736274731,15982,1131
29501.580329,2736281635,2736282766,15843,1131
29501.591153,2736289676,2736290807,15947,1131
29501.600327,2736297785,2736298915,15953,1130
29501.612190,2736305845,2736306978,15829,1133
29501.622715,2736313858,2736314993,15914,1135
29501.632329,2736321870,2736323001,15956,1131
29501.643751,2736329907,2736331038,15831,1131
29501.652327,2736337945,2736339080,15944,1135
29501.664330,2736345982,2736347117,15968,1135
29501.675314,2736353992,2736355126,15858,1134
29501.684334,2736362059,2736363193,15945,1134
29501.696332,2736370089,2736371220,15955,1131
29501.706873,2736378115,2736379249,15835,1134
29501.716328,2736386152,2736387283,15856,1131
29501.727919,2736394180,2736395311,15954,1131
29501.738432,2736402191,2736403324,15848,1133
29501.748335,2736410201,2736411332,15960,1131
29501.759478,2736418155,2736419287,15956,1132
29501.768332,2736426138,2736427273,15846,1135
29501.780333,2736434125,2736435256,15935,1131
29501.791040,2736442190,2736443324,15952,1134
29501.800330,2736450233,2736451365,15832,1132
29501.812074,2736458295,2736459428,15948,1133
29501.822602,2736466359,2736467494,15944,1135
29501.832328,2736474416,2736475550,15834,1134
29501.843635,2736482482,2736483613,15946,1131
29501.852329,2736490578,2736491712,15976,1134
29501.864329,2736498640,2736499771,15910,1131
29501.875195,2736506671,2736507805,15950,1134
29501.884329,2736514713,2736515847,15953,1134
29501.896231,2736522747,2736523881,15821,1134
29501.906755,2736530788,2736531919,15943,1131
29501.916330,2736538790,2736539925,15974,1135
29501.927791,2736546855,2736547985,15821,1130
29501.936328,2736554889,2736556019,15945,1130
29501.948328,2736562896,2736564027,15967,1131
29501.959352,2736570967,2736572101,15833,1134
29501.968337,2736579026,2736580161,15942,1135
29501.980328,2736587043,2736588174,15964,1131
29501.990912,2736595045,2736596178,15830,1133
29502.000333,2736603096,2736604226,15944,1130
29502.011959,2736611116,2736612247,15973,1131
29502.022472,2736619139,2736620274,15828,1135
29502.032329,2736627213,2736628346,15891,1133
29502.043519,2736635280,2736636414,15967,1134
29502.052330,2736643319,2736644450,15851,1131
29502.064335,2736651360,2736652495,15844,1135
29502.075080,2736659395,2736660527,15969,1132
29502.084331,2736667531,2736668662,15811,1131
29502.096114,2736675603,2736676738,15949,1135
29502.106640,2736683635,2736684769,15970,1134
29502.116327,2736691707,2736692842,15837,1135
29502.127672,2736699781,2736700912,15889,1131
29502.136327,2736707821,2736708953,15964,1132
29502.148332,2736715893,2736717024,15833,1131
29502.159234,2736723927,2736725057,15917,1130
29502.168330,2736731999,2736733131,15947,1132
29502.180271,2736740076,2736741207,15836,1131
29502.190795,2736748118,2736749252,15936,1134
29502.200331,2736756184,2736757315,15952,1131
29502.211840,2736764258,2736765393,15898,1135
29502.222357,2736772303,2736773434,15919,1131
29502.232330,2736780343,2736781477,15967,1134
29502.243392,2736788442,2736789572,15830,1130
29502.252332,2736796494,2736797629,15952,1135
29502.264329,2736804560,2736805693,15985,1133
29502.274955,2736812632,2736813765,15864,1133
29502.284327,2736820650,2736821781,15949,1131
29502.295997,2736828719,2736829852,15957,1133
29502.306512,2736836763,2736837898,15831,1135
29502.316330,2736844821,2736845951,15964,1130
29502.327559,2736852874,2736854005,15957,1131
29502.336327,2736860933,2736862067,15834,1134
29502.348332,2736868995,2736870125,15945,1130
29502.359120,2736877057,2736878190,15968,1133
29502.368333,2736885214,2736886349,15829,1135
29502.380154,2736893231,2736894364,15945,1133
29502.390679,2736901239,2736902370,15957,1131
29502.400331,2736909266,2736910401,15846,1135
29502.411714,2736917313,2736918447,15862,1134
29502.420330,2736925335,2736926470,15972,1135
29502.432330,2736933350,2736934480,15834,1130
29502.443275,2736941364,2736942499,15942,1135
29502.452334,2736949435,2736950566,15970,1131
29502.464311,2736957451,2736958582,15826,1131
29502.474835,2736965492,2736966621,15947,1129
29502.484328,2736973566,2736974696,15992,1130
29502.495871,2736981569,2736982700,15830,1131
29502.506396,2736989612,2736990746,15944,1134
29502.516331,2736997666,2736998801,15966,1135
29502.527432,2737005733,2737006864,15813,1131
29502.536336,2737013764,2737014898,15943,1134
29502.548333,2737021778,2737022913,15960,1135
29502.559000,2737029815,2737030947,15910,1132
29502.568328,2737037807,2737038942,15886,1135
29502.580040,2737045885,2737047020,15971,1135
29502.590553,2737053983,2737055118,15802,1135
29502.600327,2737062035,2737063166,15962,1131
29502.611600,2737070299,2737071431,16042,1132
29502.620331,2737078332,2737079462,15832,1130
29502.632330,2737086376,2737087511,15941,1135
29502.643160,2737094456,2737095588,15969,1132
29502.652332,2737102544,2737103675,15833,1131
29502.664194,2737110557,2737111690,15948,1133
29502.674721,2737118608,2737119742,15947,1134
29502.684328,2737126670,2737127805,15855,1135
29502.695755,2737134740,2737135872,15945,1132
29502.704328,2737142811,2737143945,15961,1134
29502.716329,2737150826,2737151960,15875,1134
29502.727315,2737158842,2737159973,15947,1131
29502.736326,2737166850,2737167983,15970,1133
29502.748329,2737174896,2737176027,15861,1131
29502.758874,2737182935,2737184068,15853,1133
29502.768330,2737190983,2737192117,15961,1134
29502.779912,2737199051,2737200183,15818,1132
29502.790435,2737207074,2737208206,15943,1132
29502.800334,2737215143,2737216276,15967,1133
29502.811472,2737223158,2737224292,15852,1134
29502.820331,2737231219,2737232350,15948,1131
29502.832328,2737239258,2737240393,15955,1135
29502.843032,2737247326,2737248460,15834,1134
29502.852328,2737255455,2737256586,15948,1131
29502.864079,2737263522,2737264654,15953,1132
29502.874593,2737271600,2737272733,15832,1133
29502.884329,2737279676,2737280807,15951,1131
29502.895640,2737287699,2737288833,15964,1134
29502.904331,2737295725,2737296860,15914,1135
29502.916329,2737303770,2737304905,15933,1135
29502.927200,2737311784,2737312918,15970,1134
29502.936328,2737319932,2737321067,15834,1135
29502.948235,2737328019,2737329154,15947,1135
29502.958761,2737336090,2737337223,15985,1133
29502.968328,2737344142,2737345277,15822,1135
29502.979795,2737352194,2737353328,15939,1134
29502.988328,2737360224,2737361356,15982,1132
29503.000332,2737368268,2737369399,15836,1131
29503.011357,2737376310,2737377444,15955,1134
29503.020330,2737384373,2737385509,16027,1136
29503.032332,2737392447,2737393582,15858,1135
29503.042916,2737400530,2737401666,15947,1136
29503.052327,2737408602,2737409734,15970,1132
29503.063952,2737416648,2737417783,15833,1135
29503.074476,2737424729,2737425859,15943,1130
29503.084329,2737432810,2737433942,15976,1132
29503.095515,2737440880,2737442014,15865,1134
29503.104327,2737448876,2737450011,15851,1135
29503.116329,2737456926,2737458060,15974,1134
29503.127073,2737465004,2737466135,15832,1131
29503.136327,2737473135,2737474270,15920,1135
29503.148121,2737481215,2737482350,15966,1135
29503.158635,2737489258,2737490390,15877,1132
29503.168333,2737497285,2737498420,15949,1135
29503.179680,2737505335,2737506466,15967,1131
29503.188328,2737513379,2737514513,15860,1134
29503.200328,2737521431,2737522565,15919,1134
29503.211240,2737529493,2737530624,15953,1131
29503.220327,2737537567,2737538703,15823,1136
29503.232274,2737545600,2737546734,15943,1134
29503.242801,2737553668,2737554804,15964,1136
29503.252332,2737561711,2737562845,15908,1134
29503.263835,2737569761,2737570892,15947,1131
29503.274361,2737577773,2737578906,15962,1133
29503.284328,2737585845,2737586980,15835,1135
29503.295395,2737593867,2737594998,15942,1131
29503.304327,2737601917,2737603053,15973,1136
29503.316327,2737609967,2737611103,15830,1136
29503.326956,2737618040,2737619173,15949,1133
29503.336328,2737626080,2737627214,15965,1134
29503.347992,2737634126,2737635257,15835,1131
29503.358518,2737642160,2737643289,15954,1129
29503.368333,2737650205,2737651339,15971,1134
29503.379552,2737658259,2737659391,15811,1132
29503.388329,2737666269,2737667400,15948,1131
29503.400331,2737674313,2737675449,15999,1136
29503.411113,2737682392,2737683525,15836,1133
29503.420329,2737690540,2737691675,15947,1135
29503.432159,2737698789,2737699923,15970,1134
29503.442675,2737706864,2737708001,15818,1137
29503.452330,2737714989,2737716124,15838,1135
29503.463720,2737723045,2737724179,15965,1134
29503.472332,2737731035,2737732168,15826,1133
29503.484327,2737739085,2737740216,15944,1131
29503.495280,2737747155,2737748287,15954,1132
29503.504333,2737755225,2737756360,15836,1135
29503.516312,2737763218,2737764352,15881,1134
29503.526842,2737771216,2737772351,15980,1135
29503.536330,2737779275,2737780410,15860,1135
29503.547875,2737787328,2737788463,15943,1135
29503.558401,2737795286,2737796419,15952,1133
29503.568329,2737803359,2737804495,15829,1136
29503.579436,2737811432,2737812563,15948,1131
29503.588333,2737819506,2737820638,15971,1132
29503.600331,2737827582,2737828717,15903,1135
29503.610996,2737835655,2737836790,15943,1135
29503.620328,2737843762,2737844897,15965,1135
29503.632032,2737851824,2737852956,15826,1132
29503.642557,2737859901,2737861038,15946,1137
29503.652334,2737867918,2737869052,15971,1134
29503.663593,2737875969,2737877103,15835,1134
29503.672329,2737884033,2737885167,15915,1134
29503.684330,2737892084,2737893217,15969,1133
29503.695153,2737900107,2737901242,15833,1135
29503.704328,2737908223,2737909358,15959,1135
29503.716200,2737916267,2737917403,15968,1136
29503.726713,2737924319,2737925455,15836,1136
29503.736330,2737932394,2737933529,15944,1135
29503.747760,2737940463,2737941595,15972,1132
29503.756328,2737948482,2737949617,15826,1135
29503.768329,2737956533,2737957668,15937,1135
29503.779321,2737964607,2737965739,15971,1132
29503.788331,2737972661,2737973793,15834,1132
29503.800328,2737980725,2737981856,15848,1131
29503.810881,2737988768,2737989903,15958,1135
29503.820329,2737996846,2737997981,15833,1135
29503.831915,2738004893,2738006028,15947,1135
29503.842442,2738012952,2738014090,15937,1138
29503.852330,2738021027,2738022162,15838,1135
29503.863476,2738029053,2738030188,15934,1135
29503.872334,2738037100,2738038233,15968,1133
29503.884328,2738045146,2738046278,15801,1132
29503.895036,2738053182,2738054317,15936,1135
29503.904330,2738061278,2738062414,15945,1136
29503.916072,2738069322,2738070454,15814,1132
29503.926596,2738077392,2738078527,15944,1135
29503.936328,2738085518,2738086654,15967,1136
29503.947640,2738093566,2738094701,15909,1135
29503.956330,2738101642,2738102773,15945,1131
29503.968329,2738109685,2738110819,15972,1134
29503.979195,2738117731,2738118866,15833,1135
29503.988334,2738125829,2738126964,15937,1135
29504.000239,2738133823,2738134954,15976,1131
29504.010753,2738141873,2738143005,15830,1132
29504.020333,2738149899,2738151034,15943,1135
29504.031800,2738158004,2738159140,15965,1136
29504.040331,2738166094,2738167227,15832,1133
29504.052328,2738174174,2738175308,15954,1134
29504.063361,2738182256,2738183390,15971,1134
29504.072329,2738190336,2738191466,15822,1130
29504.084331,2738198374,2738199509,15945,1135
29504.094921,2738206429,2738207565,15959,1136
29504.104329,2738214507,2738215642,15829,1135
29504.115955,2738222585,2738223718,15945,1133
29504.126482,2738230663,2738231799,15970,1136
29504.136327,2738238774,2738239906,15830,1132
29504.147514,2738246823,2738247958,15855,1135
29504.156329,2738254872,2738256007,15969,1135
29504.168331,2738262961,2738264096,15822,1135
29504.179076,2738271043,2738272178,15943,1135
29504.188334,2738279239,2738280370,15970,1131
29504.200112,2738287315,2738288450,15847,1135
29504.210637,2738295400,2738296532,15946,1132
29504.220334,2738303466,2738304601,15969,1135
29504.231673,2738311541,2738312673,15828,1132
29504.240328,2738319610,2738320745,15947,1135
29504.252331,2738327699,2738328834,15943,1135
29504.263233,2738335781,2738336917,15850,1136
29504.272330,2738343949,2738345082,15941,1133
29504.284279,2738352029,2738353165,15957,1136
29504.294799,2738360113,2738361248,15911,1135
29504.304330,2738368171,2738369305,15940,1134
29504.315839,2738376273,2738377408,15956,1135
29504.326354,2738384328,2738385463,15840,1135
29504.336329,2738392434,2738393569,15941,1135
29504.347398,2738400479,2738401613,15958,1134
29504.356332,2738408546,2738409681,15843,1135
29504.368334,2738416622,2738417758,15945,1136
29504.378960,2738424642,2738425774,15954,1132
29504.388328,2738432712,2738433847,15844,1135
29504.399997,2738440758,2738441892,15962,1134
29504.410521,2738448796,2738449927,15944,1131
29504.420333,2738456859,2738457995,15847,1136
29504.431556,2738464936,2738466072,15936,1136
29504.440327,2738473021,2738474152,15974,1131
29504.452330,2738481042,2738482177,15845,1135
29504.463116,2738489120,2738490254,15945,1134
29504.472329,2738497340,2738498473,15955,1133
29504.484155,2738505353,2738506485,15871,1132
29504.494675,2738513399,2738514531,15864,1132
29504.504335,2738521475,2738522611,15947,1136
29504.515713,2738529551,2738530687,15834,1136
29504.524330,2738537600,2738538734,15896,1134
29504.536333,2738545636,2738546772,15945,1136
29504.547273,2738553688,2738554820,15856,1132
29504.556330,2738561740,2738562873,15986,1133
29504.568319,2738569811,2738570946,15958,1135
29504.578833,2738577889,2738579024,15847,1135
29504.588328,2738585968,2738587103,15945,1135
29504.599880,2738594000,2738595136,15932,1136
29504.610394,2738602068,2738603203,15847,1135
29504.620330,2738610162,2738611293,15939,1131
29504.631440,2738618224,2738619359,15958,1135
29504.640328,2738626299,2738627433,15909,1134
29504.652329,2738634387,2738635522,15960,1135
29504.663003,2738642460,2738643595,15967,1135
29504.672331,2738650543,2738651675,15829,1132
29504.684035,2738658653,2738659789,15947,1136
29504.694560,2738666746,2738667880,15968,1134
29504.704330,2738674853,2738675987,15834,1134
29504.715596,2738682898,2738684032,15947,1134
29504.724328,2738690951,2738692086,15971,1135
29504.736335,2738699032,2738700164,15825,1132
29504.760332,2738711318,2738711950,11963,632
29504.771210,2738715369,2738716002,12087,633
29504.780328,2738721837,2738722961,15998,1124
29504.792237,2738729838,2738730972,15922,1134
29504.802768,2738737856,2738738987,16091,1131
29504.812331,2738745861,2738746992,16003,1131
29504.823799,2738753867,2738755000,15921,1133
29504.832328,2738761965,2738763101,15974,1136
29504.844328,2738770025,2738771159,15914,1134
29504.855360,2738778102,2738779234,15877,1132
29504.864334,2738786152,2738787287,16086,1135
29504.876329,2738794212,2738795347,16001,1135
29504.886920,2738802293,2738803428,15834,1135
29504.896331,2738810369,2738811505,15984,1136
29504.907965,2738818423,2738819560,15914,1137
29504.918480,2738826556,2738827690,15837,1134
29504.928328,2738834630,2738835765,16001,1135
29504.939527,2738842785,2738843920,15904,1135
29504.948333,2738850849,2738851985,15829,1136
29504.960333,2738858926,2738860062,15984,1136
29504.971086,2738866983,2738868119,15912,1136
29504.980333,2738875157,2738876293,15849,1136
29504.992126,2738883241,2738884373,16017,1132
29505.002648,2738891318,2738892454,15915,1136
29505.012328,2738899396,2738900530,15836,1134
29505.023686,2738907452,2738908587,15980,1135
29505.032330,2738915535,2738916671,15920,1136
29505.044330,2738923619,2738924753,15913,1134
29505.055247,2738931707,2738932841,15999,1134
29505.064329,2738939975,2738941112,15913,1137
29505.076285,2738948089,2738949221,15924,1132
29505.086806,2738956138,2738957273,15912,1135
29505.096327,2738964225,2738965357,15922,1132
29505.107846,2738972304,2738973437,15917,1133
29505.118367,2738980388,2738981524,15991,1136
29505.128331,2738988435,2738989567,15913,1132
29505.139398,2738996507,2738997641,15834,1134
29505.148328,2739004558,2739005693,15970,1135
29505.160328,2739012611,2739013746,15918,1135
29505.170960,2739020667,2739021802,15862,1135
29505.180329,2739028745,2739029877,15984,1132
29505.192005,2739036824,2739037958,15912,1134
29505.202520,2739044945,2739046077,15850,1132
29505.212333,2739053022,2739054158,15967,1136
29505.223565,2739061054,2739062188,15903,1134
29505.232328,2739069113,2739070249,15857,1136
29505.244328,2739077162,2739078297,15983,1135
29505.255125,2739083887,2739085019,15828,1132
29505.264335,2739092086,2739093220,15845,1134
29505.276164,2739100106,2739101238,15970,1132
29505.286685,2739108188,2739109325,15909,1137
29505.296329,2739116243,2739117377,15862,1134
29505.307726,2739124321,2739125457,15991,1136
29505.316332,2739132401,2739133537,15916,1136
29505.328331,2739140477,2739141612,15844,1135
29505.339285,2739148576,2739149705,15985,1129
29505.348327,2739156663,2739157796,15907,1133
29505.360318,2739164737,2739165869,15857,1132
29505.370846,2739172811,2739173946,15984,1135
29505.380327,2739180802,2739181938,16004,1136
29505.391879,2739188857,2739189991,15929,1134
29505.402405,2739196939,2739198072,16057,1133
29505.412330,2739204964,2739206099,16003,1135
29505.423439,2739213031,2739214166,15946,1135
29505.432328,2739221085,2739222221,15972,1136
29505.444331,2739229161,2739230293,15916,1132
29505.455002,2739237239,2739238375,15838,1136
29505.464333,2739245326,2739246459,15966,1133
29505.476045,2739253397,2739254533,15918,1136
29505.486559,2739261483,2739262618,15837,1135
29505.496329,2739269568,2739270704,16001,1136
29505.507607,2739277552,2739278689,15992,1137
29505.516334,2739285632,2739286767,15924,1135
29505.528328,2739293705,2739294840,16068,1135
29505.539166,2739301791,2739302923,16008,1132
29505.548328,2739309910,2739311042,15932,1132
29505.560207,2739317960,2739319096,15995,1136
29505.570728,2739326039,2739327175,15916,1136
29505.580330,2739334093,2739335227,15835,1134
29505.591765,2739342167,2739343299,15972,1132
29505.600331,2739350246,2739351382,15919,1136
29505.612330,2739358326,2739359462,15844,1136
29505.623330,2739366412,2739367547,16001,1135
29505.632331,2739374472,2739375608,15914,1136
29505.644328,2739382552,2739383688,15831,1136
29505.654887,2739390604,2739391738,15979,1134
29505.664327,2739398682,2739399814,15917,1132
29505.675920,2739406735,2739407869,15843,1134
29505.686450,2739414817,2739415952,16011,1135
29505.696330,2739422899,2739424035,15912,1136
29505.707480,2739430976,2739432111,15831,1135
29505.716328,2739439057,2739440192,15979,1135
29505.728329,2739447135,2739448272,15909,1137
29505.739040,2739455221,2739456354,15853,1133
29505.748328,2739463315,2739464451,16000,1136
29505.760087,2739471371,2739472507,15903,1136
29505.770603,2739479448,2739480584,15833,1136
29505.780330,2739487507,2739488643,15981,1136
29505.791647,2739495581,2739496717,15918,1136
29505.800328,2739503659,2739504791,15848,1132
29505.812331,2739511737,2739512869,16000,1132
29505.823208,2739519783,2739520917,15910,1134
29505.832330,2739527838,2739528974,15824,1136
29505.844245,2739535888,2739537024,15978,1136
29505.854767,2739543949,2739545084,15905,1135
29505.864327,2739552010,2739553146,15848,1136
29505.875808,2739560269,2739561402,16022,1133
29505.884329,2739568359,2739569494,15913,1135
29505.896332,2739576416,2739577552,15926,1136
29505.907366,2739584494,2739585631,16074,1137
29505.916328,2739592575,2739593707,16000,1132
29505.928332,2739600651,2739601785,15927,1134
29505.938928,2739608728,2739609858,15996,1130
29505.948330,2739616798,2739617933,15917,1135
29505.959960,2739624873,2739626009,15830,1136
29505.970487,2739632951,2739634083,15985,1132
29505.980331,2739641030,2739642166,15910,1136
29505.991520,2739649117,2739650253,15710,1136
29506.000330,2739657143,2739658275,16000,1132
29506.012329,2739665226,2739666362,15904,1136
29506.023080,2739673301,2739674436,15835,1135
29506.032327,2739681547,2739682683,15988,1136
29506.044128,2739689632,2739690767,15916,1135
29506.054643,2739697722,2739698855,15837,1133
29506.064332,2739705820,2739706956,16000,1136
29506.075688,2739713901,2739715037,15907,1136
29506.084333,2739721993,2739723126,15833,1133
29506.096334,2739730078,2739731213,15981,1135
29506.107246,2739738146,2739739283,15919,1137
29506.116328,2739746231,2739747368,15839,1137
29506.128287,2739754317,2739755452,15989,1135
29506.138808,2739762371,2739763504,15917,1133
29506.148331,2739770441,2739771574,15832,1133
29506.159846,2739778466,2739779598,15974,1132
29506.170368,2739786515,2739787651,15906,1136
29506.180330,2739794588,2739795724,15922,1136
29506.191408,2739802672,2739803806,16090,1134
29506.200334,2739810780,2739811916,15999,1136
29506.212333,2739818850,2739819982,15920,1132
29506.222967,2739826932,2739828066,16062,1134
29506.232331,2739835015,2739836151,15998,1136
29506.243999,2739843093,2739844229,15936,1136
29506.254529,2739851150,2739852285,16082,1135
29506.264330,2739859232,2739860367,16002,1135
29506.275560,2739867305,2739868437,15915,1132
29506.284328,2739875387,2739876524,15965,1137
29506.296329,2739883413,2739884546,16002,1133
29506.307120,2739891500,2739892635,15947,1135
29506.316329,2739899620,2739900756,16078,1136
29506.328165,2739907706,2739908842,15998,1136
29506.338681,2739915781,2739916915,15845,1134
29506.348329,2739923857,2739924993,15967,1136
29506.359725,2739931909,2739933045,15921,1136
29506.368328,2739939946,2739941081,15862,1135
29506.380332,2739948024,2739949160,16003,1136
29506.391287,2739956139,2739957275,15917,1136
29506.400333,2739964226,2739965362,15849,1136
29506.412324,2739972281,2739973417,15968,1136
29506.422846,2739980313,2739981448,15917,1135
29506.432334,2739988395,2739989530,15856,1135
29506.443886,2739996454,2739997586,15987,1132
29506.454408,2740004527,2740005660,15912,1133
29506.464331,2740012634,2740013770,15847,1136
29506.475445,2740020717,2740021853,15967,1136
29506.484331,2740028798,2740029934,15911,1136
29506.496327,2740036897,2740038032,15862,1135
29506.507007,2740044983,2740046119,15983,1136
29506.516330,2740053087,2740054224,15909,1137
29506.528039,2740061175,2740062312,15835,1137
29506.538566,2740069262,2740070395,15975,1133
29506.548329,2740077267,2740078403,15916,1136
29506.559600,2740085321,2740086457,15859,1136
29506.568330,2740093403,2740094539,15984,1136
29506.580329,2740101484,2740102620,15915,1136
29506.591160,2740109564,2740110700,15936,1136
29506.600328,2740117763,2740118897,16055,1134
29506.612204,2740125804,2740126937,16003,1133
29506.622721,2740133884,2740135016,15938,1132
29506.632328,2740141958,2740143093,16067,1135
29506.643766,2740150032,2740151168,16003,1136
29506.652332,2740158112,2740159247,15935,1135
29506.664329,2740166194,2740167326,16054,1132
29506.675325,2740174260,2740175396,15999,1136
29506.684332,2740182344,2740183476,15932,1132
29506.696331,2740190412,2740191548,15987,1136
29506.706887,2740198495,2740199631,15915,1136
29506.716329,2740206578,2740207713,15847,1135
29506.727925,2740214654,2740215791,15977,1137
29506.738447,2740222815,2740223948,15920,1133
29506.748327,2740230923,2740232055,15852,1132
29506.759486,2740238944,2740240080,15986,1136
29506.768335,2740247018,2740248151,15918,1133
29506.780327,2740255075,2740256212,15837,1137
29506.791045,2740263148,2740264283,15972,1135
29506.800331,2740271298,2740272432,15905,1134
29506.812079,2740279380,2740280512,15857,1132
29506.822607,2740287454,2740288590,15983,1136
29506.832331,2740295532,2740296663,15911,1131
29506.843640,2740303640,2740304776,15847,1136
29506.852329,2740311730,2740312866,15969,1136
29506.864331,2740319804,2740320947,15920,1143
29506.875199,2740327937,2740329072,15845,1135
29506.884333,2740336072,2740337208,15984,1136
29506.896247,2740344137,2740345272,15913,1135
29506.906763,2740352220,2740353352,15846,1132
29506.916327,2740360303,2740361435,15973,1132
29506.927805,2740368351,2740369488,15909,1137
29506.936328,2740376429,2740377559,15855,1130
29506.948332,2740384511,2740385644,15986,1133
29506.959367,2740392575,2740393707,15908,1132
29506.968332,2740400655,2740401792,15845,1137
29506.980329,2740408764,2740409900,15968,1136
29506.990926,2740416822,2740417959,15915,1137
29507.000333,2740424915,2740426051,15861,1136
29507.011968,2740433001,2740434136,15983,1135
29507.022488,2740441161,2740442298,15914,1137
29507.032330,2740449202,2740450338,15842,1136
29507.043525,2740457275,2740458411,15956,1136
29507.052327,2740465326,2740466461,15906,1135
29507.064330,2740473396,2740474532,15856,1136
29507.075087,2740481453,2740482586,15998,1133
29507.084327,2740489624,2740490760,15917,1136
29507.096120,2740497701,2740498834,15844,1133
29507.106648,2740505802,2740506938,15986,1136
29507.116328,2740513879,2740515014,15897,1135
29507.127680,2740522012,2740523148,15851,1136
29507.136327,2740530091,2740531224,15995,1133
29507.148334,2740538171,2740539308,15916,1137
29507.159241,2740546254,2740547390,15822,1136
29507.168327,2740554331,2740555463,15984,1132
29507.180286,2740562380,2740563516,15920,1136
29507.190801,2740570435,2740571571,15843,1136
29507.200329,2740578440,2740579573,15991,1133
29507.211848,2740586524,2740587660,15921,1136
29507.222360,2740594612,2740595744,15819,1132
29507.232327,2740602719,2740603854,15983,1135
29507.243407,2740610747,2740611883,15911,1136
29507.252330,2740618832,2740619967,15847,1135
29507.264328,2740626879,2740628012,15991,1133
29507.274969,2740634951,2740636087,15906,1136
29507.284333,2740643031,2740644167,15832,1136
29507.296006,2740651112,2740652249,15972,1137
29507.306530,2740659225,2740660361,15912,1136
29507.316336,2740667357,2740668492,15851,1135
29507.327568,2740675438,2740676574,15998,1136
29507.336328,2740683528,2740684663,15921,1135
29507.348330,2740691613,2740692748,15831,1135
29507.359128,2740699692,2740700828,15983,1136
29507.368333,2740707793,2740708929,15903,1136
29507.380160,2740715854,2740716989,15838,1135
29507.390688,2740723939,2740725075,15987,1136
29507.400332,2740732119,2740733255,15645,1136
29507.411720,2740740515,2740741652,15842,1137
29507.422248,2740749244,2740750377,15967,1133
29507.432546,2740757605,2740758741,15912,1136
29507.443281,2740765687,2740766823,15837,1136
29507.452332,2740773902,2740775037,15859,1135
29507.464327,2740782079,2740783216,15635,1137
29507.474841,2740790459,2740791593,15828,1134
29507.484333,2740798544,2740799680,15972,1136
29507.495887,2740806726,2740807862,15909,1136
29507.507913,2740815920,2740817056,16115,1136
29507.518432,2740824011,2740825148,15914,1137
29507.528334,2740832117,2740833251,15838,1134
29507.539470,2740840174,2740841310,15971,1136
29507.548327,2740848255,2740849387,15908,1132
29507.560336,2740856314,2740857450,15852,1136
29507.571032,2740864393,2740865526,16015,1133
29507.580327,2740872562,2740873697,15913,1135
29507.592064,2740880658,2740881795,15831,1137
29507.602591,2740888719,2740889856,15987,1137
29507.612331,2740896800,2740897936,15913,1136
29507.623623,2740904880,2740906011,15854,1131
29507.632328,2740912950,2740914086,15982,1136
29507.644328,2740921061,2740922198,15921,1137
29507.655184,2740929147,2740930283,15829,1136
29507.664328,2740937279,2740938412,15982,1133
29507.676229,2740945360,2740946497,15907,1137
29507.686744,2740953466,2740954601,15849,1135
29507.696332,2740961571,2740962708,15996,1137
29507.707791,2740969581,2740970714,15918,1133
29507.716333,2740977689,2740978822,15819,1133
29507.728330,2740985816,2740986953,15982,1137
29507.739351,2740993925,2740995061,15917,1136
29507.748333,2741002005,2741003142,15848,1137
29507.760331,2741010091,2741011228,15993,1137
29507.770912,2741018169,2741019301,15913,1132
29507.780330,2741026248,2741027383,15834,1135
29507.791950,2741034330,2741035465,15984,1135
29507.802471,2741042384,2741043519,15916,1135
29507.812332,2741050445,2741051581,15844,1136
29507.823512,2741058527,2741059663,16083,1136
29507.832334,2741066684,2741067820,16003,1136
29507.844334,2741074763,2741075898,15920,1135
29507.855070,2741082850,2741083986,16072,1136
29507.864334,2741091074,2741092210,15999,1136
29507.876103,2741099139,2741100272,15938,1133
29507.886633,2741107161,2741108297,16074,1136
29507.896327,2741115249,2741116386,16003,1137
29507.907664,2741123334,2741124470,15921,1136
29507.916330,2741131428,2741132564,15982,1136
29507.928329,2741139509,2741140642,15903,1133
29507.939224,2741147645,2741148782,15853,1137
29507.948328,2741155736,2741156873,15976,1137
29507.960269,2741163848,2741164985,15918,1137
29507.970784,2741171940,2741173074,15850,1134
29507.980329,2741180001,2741181134,15966,1133
29507.991828,2741188085,2741189221,15915,1136
29508.002346,2741196173,2741197309,15860,1136
29508.012330,2741204253,2741205389,15987,1136
29508.023390,2741212335,2741213472,15909,1137
29508.032332,2741220491,2741221623,15840,1132
29508.044331,2741228590,2741229723,15967,1133
29508.054949,2741236616,2741237752,15997,1136
29508.064329,2741244696,2741245832,15939,1136
29508.075990,2741252748,2741253881,16073,1133
29508.086513,2741260829,2741261965,16000,1136
29508.096330,2741268942,2741270079,15932,1137
29508.107549,2741277002,2741278138,16053,1136
29508.116334,2741285035,2741286170,15997,1135
29508.128330,2741293118,2741294254,15952,1136
29508.139111,2741301170,2741302306,16073,1136
29508.148330,2741309422,2741310558,16001,1136
29508.160143,2741317528,2741318664,15929,1136
29508.170670,2741325614,2741326749,16040,1135
29508.180330,2741333693,2741334826,16006,1133
29508.191704,2741341762,2741342898,15947,1136
29508.200334,2741349791,2741350927,16075,1136
29508.212336,2741357877,2741359014,15989,1137
29508.223264,2741365961,2741367098,15932,1137
29508.232329,2741374051,2741375187,16055,1136
29508.244308,2741382123,2741383256,16000,1133
29508.254824,2741390235,2741391372,15953,1137
29508.264328,2741398296,2741399433,16084,1137
29508.275870,2741406357,2741407493,15906,1136
29508.286385,2741414446,2741415582,15831,1136
29508.296329,2741422586,2741423721,15968,1135
29508.307429,2741430639,2741431772,15917,1133
29508.316332,2741438720,2741439856,15865,1136
29508.328331,2741446786,2741447922,15994,1136
29508.338992,2741454854,2741455990,16002,1136
29508.348334,2741462903,2741464036,15915,1133
29508.360030,2741470978,2741472115,16073,1137
29508.370551,2741479110,2741480245,16004,1135
29508.380332,2741487201,2741488337,15934,1136
29508.391592,2741495333,2741496469,16089,1136
29508.400328,2741503416,2741504549,16001,1133
29508.412329,2741511490,2741512623,15900,1133
29508.423151,2741519565,2741520698,16076,1133
29508.432331,2741527837,2741528974,16004,1137
29508.444184,2741535901,2741537036,15937,1135
29508.454713,2741543983,2741545120,15988,1137
29508.464328,2741552072,2741553208,15915,1136
29508.475744,2741560149,2741561285,15834,1136
29508.484334,2741568231,2741569366,15979,1135
29508.496329,2741576309,2741577445,15909,1136
29508.507304,2741584396,2741585533,15849,1137
29508.516331,2741592466,2741593599,16083,1133
29508.528329,2741600551,2741601682,15914,1131
29508.538865,2741608628,2741609761,15832,1133
29508.548330,2741616677,2741617813,15970,1136
29508.559912,2741624789,2741625926,15914,1137
29508.570425,2741632873,2741634003,15848,1130
29508.580330,2741640930,2741642066,15987,1136
29508.591472,2741649015,2741650152,15918,1137
29508.600333,2741657069,2741658202,15832,1133
29508.612332,2741665144,2741666277,15999,1133
29508.623031,2741673224,2741674361,15917,1137
29508.632333,2741681427,2741682564,15849,1137
29508.644072,2741689535,2741690669,15996,1134
29508.654593,2741697685,2741698822,15915,1137
29508.664334,2741705749,2741706883,15834,1134
29508.675630,2741713806,2741714942,15979,1136
29508.684330,2741721897,2741723028,15911,1131
29508.696331,2741729992,2741731129,15851,1137
29508.707192,2741738082,2741739218,15997,1136
29508.716328,2741746279,2741747415,15917,1136
29508.728224,2741754355,2741755492,15834,1137
29508.738750,2741762468,2741763605,15974,1137
29508.748330,2741770531,2741771664,15858,1133
29508.759785,2741778564,2741779702,15864,1138
29508.768327,2741786647,2741787781,15957,1134
29508.780331,2741794735,2741795872,15845,1137
29508.791347,2741802811,2741803948,15946,1137
29508.800328,2741810894,2741812027,15958,1133
29508.812337,2741818980,2741820116,15863,1136
29508.822908,2741827065,2741828202,15931,1137
29508.832331,2741835180,2741836314,15944,1134
29508.843944,2741843364,2741844501,15836,1137
29508.854468,2741851456,2741852593,15941,1137
29508.864331,2741859560,2741860696,15942,1136
29508.875504,2741867645,2741868782,15835,1137
29508.884332,2741875733,2741876868,15935,1135
29508.896328,2741883771,2741884907,15960,1136
29508.907071,2741891853,2741892990,15897,1137
29508.916328,2741900073,2741901209,15940,1136
29508.928111,2741908148,2741909281,15946,1133
29508.938625,2741916437,2741917573,15845,1136
29508.948328,2741924522,2741925655,15947,1133
29508.959669,2741932582,2741933714,15956,1132
29508.968330,2741940663,2741941799,15847,1136
29508.980333,2741948755,2741949892,15943,1137
29508.991232,2741956934,2741958071,15952,1137
29509.000327,2741965092,2741966229,15844,1137
29509.012268,2741973182,2741974319,15954,1137
29509.022794,2741981240,2741982372,15956,1132
29509.032328,2741989347,2741990484,15850,1137
29509.043827,2741997413,2741998550,15942,1137
29509.054352,2742005496,2742006630,15954,1134
29509.064333,2742013581,2742014717,15836,1136
29509.075387,2742021693,2742022830,15938,1137
29509.084334,2742029787,2742030921,15956,1134
29509.096328,2742037853,2742038990,15842,1137
29509.106946,2742045905,2742047041,15867,1136
29509.116327,2742053990,2742055127,15957,1137
29509.127985,2742062075,2742063211,15836,1136
29509.140013,2742071313,2742072449,15969,1136
29509.150529,2742079426,2742080563,15845,1137
29509.160334,2742087540,2742088677,15961,1137
29509.171574,2742095594,2742096727,15956,1133
29509.180328,2742103623,2742104756,15843,1133
29509.192334,2742111705,2742112842,15944,1137
29509.203135,2742119758,2742120890,15959,1132
29509.212329,2742128011,2742129148,15851,1137
29509.224170,2742136092,2742137228,15936,1136
29509.234694,2742144143,2742145279,15954,1136
29509.244329,2742152234,2742153370,15842,1136
29509.255728,2742160267,2742161402,15866,1135
29509.264328,2742168375,2742169511,15959,1136
29509.276335,2742176453,2742177590,15845,1137
29509.287290,2742184534,2742185667,15942,1133
29509.296328,2742192668,2742193813,15951,1145
29509.308326,2742200735,2742201872,15858,1137
29509.318851,2742208819,2742209951,15946,1132
29509.328330,2742216896,2742218029,15958,1133
29509.339887,2742224946,2742226082,15847,1136
29509.350411,2742233015,2742234148,15939,1133
29509.360330,2742241097,2742242234,15942,1137
29509.371447,2742249178,2742250314,15847,1136
29509.380328,2742257206,2742258343,15931,1137
29509.392328,2742265286,2742266422,15957,1136
29509.403014,2742273374,2742274510,15915,1136
29509.412330,2742281462,2742282599,15940,1137
29509.424053,2742289581,2742290718,15960,1137
29509.434568,2742297672,2742298807,15851,1135
29509.444332,2742305776,2742306912,15935,1136
29509.455613,2742313858,2742314991,15955,1133
29509.464327,2742321930,2742323066,15847,1136
29509.476332,2742330037,2742331173,15944,1136
29509.487175,2742338074,2742339206,15956,1132
29509.496328,2742346202,2742347335,15836,1133
29509.508211,2742354282,2742355415,15957,1133
29509.518734,2742362363,2742363497,15957,1134
29509.528333,2742370468,2742371605,15848,1137
29509.539771,2742378546,2742379682,15946,1136
29509.548335,2742386640,2742387777,16021,1137
29509.560328,2742394668,2742395804,15835,1136
29509.571330,2742402749,2742403882,15945,1133
29509.580331,2742410834,2742411971,15962,1137
29509.592327,2742418910,2742420043,15832,1133
29509.602889,2742426983,2742428117,15839,1134
29509.612335,2742435066,2742436199,15961,1133
29509.623927,2742443140,2742444275,15830,1135
29509.634451,2742451226,2742452360,15947,1134
29509.644328,2742459309,2742460445,15969,1136
29509.655488,2742467310,2742468447,15833,1137
29509.664334,2742475392,2742476525,15943,1133
29509.676333,2742483462,2742484599,15968,1137
29509.687048,2742491551,2742492688,15835,1137
29509.696328,2742499779,2742500911,15950,1132
29509.708095,2742507855,2742508992,15951,1137
29509.718608,2742515948,2742517080,15832,1132
29509.728327,2742524053,2742525186,15947,1133
29509.739655,2742532132,2742533268,15957,1136
29509.748329,2742540221,2742541357,15900,1136
29509.760332,2742548349,2742549486,15946,1137
29509.771216,2742556438,2742557575,15967,1137
29509.780331,2742564498,2742565635,15835,1137
29509.792250,2742572579,2742573716,15938,1137
29509.802775,2742580668,2742581799,15960,1131
29509.812330,2742588753,2742589886,15833,1133
29509.823810,2742596830,2742597967,15946,1137
29509.832333,2742604923,2742606060,15968,1137
29509.844331,2742612990,2742614127,15826,1137
29509.855372,2742621075,2742622211,15962,1136
29509.864332,2742629150,2742630287,15971,1137
29509.876331,2742637228,2742638365,15834,1137
29509.886931,2742645330,2742646464,15941,1134
29509.896331,2742653447,2742654580,15970,1133
29509.907967,2742661502,2742662639,15835,1137
29509.918491,2742669587,2742670721,15941,1134
29509.928330,2742677673,2742678810,15970,1137
29509.939528,2742685773,2742686906,15832,1133
29509.948332,2742693826,2742694963,15853,1137
29509.960328,2742701880,2742703013,16056,1133
29509.971088,2742709978,2742711116,15924,1138
29509.980328,2742718214,2742719350,16019,1136
29509.992135,2742726304,2742727441,16056,1137
29510.002648,2742734395,2742735530,15933,1135
29510.012330,2742742577,2742743714,16035,1137
29510.023696,2742750659,2742751792,16048,1133
29510.032330,2742758713,2742759847,15914,1134
29510.044328,2742766817,2742767953,16033,1136
29510.055256,2742774887,2742776020,16041,1133
29510.064331,2742783024,2742784162,15982,1138
29510.076289,2742791102,2742792239,15926,1137
29510.086817,2742799207,2742800340,15983,1133
29510.096328,2742807285,2742808421,15917,1136
29510.107847,2742815412,2742816550,15823,1138
29510.118376,2742823510,2742824642,15982,1132
29510.128330,2742831662,2742832799,15913,1137
29510.139411,2742839771,2742840907,15948,1136
29510.148330,2742847887,2742849024,15967,1137
29510.160330,2742855986,2742857119,15823,1133
29510.170971,2742864065,2742865198,15946,1133
29510.180332,2742872153,2742873289,15964,1136
29510.192008,2742880238,2742881375,15827,1137
29510.202533,2742888322,2742889457,15961,1135
29510.212328,2742896399,2742897532,15973,1133
29510.223568,2742904485,2742905623,15836,1138
29510.232328,2742912540,2742913676,15945,1136
29510.244328,2742920599,2742921736,15970,1137
29510.255128,2742928685,2742929822,15833,1137
29510.264332,2742936875,2742938012,15937,1137
29510.276175,2742944964,2742946101,15969,1137
29510.286688,2742953054,2742954192,15831,1138
29510.296330,2742961141,2742962274,15851,1133
29510.307736,2742969223,2742970360,15968,1137
29510.316335,2742977305,2742978436,15834,1131
29510.328335,2742985383,2742986519,15937,1136
29510.339296,2742993440,2742994577,15968,1137
29510.348330,2743001528,2743002661,15835,1133
29510.360330,2743009660,2743010797,15928,1137
29510.370859,2743017759,2743018896,15944,1137
29510.380330,2743025817,2743026955,15822,1138
29510.391890,2743033875,2743035008,15945,1133
29510.402417,2743041961,2743043094,15950,1133
29510.412334,2743050076,2743051213,15830,1137
29510.423451,2743058158,2743059295,15942,1137
29510.432330,2743066221,2743067358,15971,1137
29510.444329,2743074306,2743075443,15907,1137
29510.455011,2743082413,2743083549,15938,1136
29510.464328,2743090524,2743091661,15970,1137
29510.476049,2743098608,2743099745,15831,1137
29510.486572,2743106721,2743107859,15948,1138
29510.496327,2743114818,2743115955,15963,1137
29510.507608,2743122898,2743124036,15827,1138
29510.516334,2743131010,2743132144,15948,1134
29510.528331,2743139068,2743140205,15966,1137
29510.539168,2743147129,2743148266,15836,1137
29510.548328,2743155259,2743156392,15955,1133
29510.560216,2743163355,2743164492,15972,1137
29510.570729,2743171559,2743172693,15826,1134
29510.580328,2743179670,2743180807,15948,1137
29510.591776,2743187783,2743188915,15958,1132
29510.600328,2743195858,2743196993,15834,1135
29510.612328,2743203950,2743205083,15943,1133
29510.623336,2743212029,2743213166,15970,1137
29510.632327,2743220196,2743221333,15827,1137
29510.644329,2743228285,2743229422,15851,1137
29510.654897,2743236361,2743237498,15968,1137
29510.664331,2743244420,2743245553,15834,1133
29510.675930,2743252495,2743253628,15944,1133
29510.686457,2743260599,2743261737,15968,1138
29510.696332,2743268714,2743269852,15852,1138
29510.707491,2743276827,2743277964,15947,1137
29510.716330,2743284963,2743286098,15969,1135
29510.728333,2743293046,2743294180,15834,1134
29510.739052,2743301135,2743302268,15944,1133
29510.748334,2743309384,2743310517,15956,1133
29510.760087,2743317497,2743318633,15829,1136
29510.772118,2743326717,2743327850,15969,1133
29510.782632,2743334847,2743335983,15830,1136
29510.792327,2743342937,2743344073,15851,1136
29510.803679,2743351052,2743352189,15970,1137
29510.812332,2743359139,2743360276,15830,1137
29510.824328,2743367244,2743368386,15920,1142
29510.835239,2743375344,2743376474,15967,1130
29510.844328,2743383423,2743384559,15849,1136
29510.856273,2743391506,2743392643,15946,1137
29510.866800,2743399594,2743400731,15969,1137
29510.876330,2743407700,2743408837,15835,1137
29510.887834,2743415789,2743416923,15945,1134
29510.898360,2743423897,2743425034,15951,1137
29510.908327,2743432055,2743433187,15833,1132
29510.919394,2743440098,2743441236,15933,1138
29510.928331,2743448190,2743449328,15956,1138
29510.940327,2743456258,2743457392,15903,1134
29510.950955,2743464318,2743465453,15946,1135
29510.960326,2743472408,2743473545,15964,1137
29510.971991,2743480501,2743481634,15834,1133
29510.982515,2743488663,2743489801,15943,1138
29510.992328,2743496780,2743497917,15971,1137
29511.003553,2743504863,2743506001,15826,1138
29511.012329,2743512924,2743514061,15946,1137
29511.024332,2743521009,2743522145,15968,1136
29511.035111,2743529101,2743530237,15832,1136
29511.044327,2743537373,2743538510,15959,1137
29511.056159,2743545457,2743546595,15970,1138
29511.066672,2743553550,2743554686,15828,1136
29511.076330,2743561673,2743562810,15943,1137
29511.087719,2743569787,2743570924,15972,1137
29511.096328,2743577901,2743579037,15836,1136
29511.108331,2743585972,2743587106,15948,1134
29511.119279,2743594055,2743595189,15965,1134
29511.128331,2743602147,2743603285,15832,1138
29511.140312,2743610286,2743611424,15851,1138
29511.150840,2743618374,2743619510,15966,1136
29511.160328,2743626514,2743627648,15822,1134
29511.171874,2743634597,2743635734,15945,1137
29511.182401,2743642730,2743643867,16022,1137
29511.192332,2743650826,2743651963,15852,1137
29511.203434,2743658995,2743660132,15946,1137
29511.212330,2743667101,2743668245,15974,1144
29511.224328,2743675214,2743676350,15822,1136
29511.234995,2743683345,2743684480,15929,1135
29511.244333,2743691425,2743692562,15953,1137
29511.256033,2743699512,2743700645,15833,1133
29511.266557,2743707590,2743708727,15940,1137
29511.276328,2743715724,2743716860,15963,1136
29511.287599,2743723816,2743724953,15912,1137
29511.296333,2743731897,2743733034,15946,1137
29511.308328,2743740052,2743741188,15968,1136
29511.319152,2743748160,2743749298,15824,1138
29511.328331,2743756306,2743757444,15947,1138
29511.340197,2743764380,2743765517,15969,1137
29511.350712,2743772488,2743773622,15836,1134
29511.360329,2743780600,2743781732,15944,1132
29511.371759,2743788696,2743789833,15970,1137
29511.380333,2743796798,2743797931,15830,1133
29511.392331,2743804920,2743806054,15963,1134
29511.403319,2743812999,2743814137,15966,1138
29511.412331,2743821109,2743822247,15833,1138
29511.424328,2743829209,2743830346,15933,1137
29511.434880,2743837311,2743838442,15975,1131
29511.444330,2743845436,2743846573,15829,1137
29511.455915,2743853516,2743854653,15937,1137
29511.466440,2743861599,2743862735,15964,1136
29511.476330,2743869718,2743870862,15833,1144
29511.487473,2743877782,2743878919,15851,1137
29511.496336,2743885867,2743887001,15969,1134
29511.508335,2743893950,2743895087,15830,1137
29511.519035,2743902031,2743903169,15934,1138
29511.528328,2743910257,2743911391,15958,1134
29511.540071,2743918329,2743919463,15843,1134
29511.550595,2743926408,2743927540,15944,1132
29511.560328,2743934516,2743935653,15974,1137
29511.571635,2743942612,2743943754,15861,1142
29511.580330,2743950832,2743951970,15940,1138
29511.592328,2743958883,2743960028,15943,1145
29511.603195,2743966995,2743968135,15863,1140
29511.612328,2743975140,2743976276,15941,1136
29511.624239,2743983255,2743984389,15970,1134
29511.634760,2743991330,2743992465,15906,1135
29511.644328,2743999418,2744000554,15945,1136
29511.655799,2744007503,2744008639,15969,1136
29511.664328,2744015588,2744016724,15836,1136
29511.676327,2744023648,2744024785,15945,1137
29511.687358,2744031752,2744032886,15970,1134
29511.696327,2744039911,2744041049,15831,1138
29511.708327,2744047998,2744049136,15943,1138
29511.718920,2744056109,2744057246,15970,1137
29511.728329,2744064200,2744065336,15832,1136
29511.739955,2744072332,2744073469,15952,1137
29511.750481,2744080423,2744081558,15970,1135
29511.760329,2744088573,2744089706,15819,1133
29511.771515,2744096680,2744097817,15947,1137
29511.780335,2744104743,2744105877,15968,1134
29511.792329,2744112839,2744113977,15830,1138
29511.803075,2744120906,2744122043,15946,1137
29511.812334,2744129155,2744130289,15968,1134
29511.824111,2744137231,2744138369,15830,1138
29511.834634,2744145289,2744146425,15852,1136
29511.844330,2744153495,2744154629,15959,1134
29511.855672,2744161630,2744162763,15831,1133
29511.864334,2744169716,2744170850,15946,1134
29511.876334,2744177805,2744178946,15971,1141
29511.887232,2744185929,2744187063,15846,1134
29511.896328,2744194079,2744195216,15950,1137
29511.908279,2744202142,2744203278,15967,1136
29511.918792,2744210269,2744211407,15837,1138
29511.928330,2744218379,2744219516,15944,1137
29511.939841,2744226465,2744227599,15953,1134
29511.950353,2744234644,2744235787,15828,1143
29511.960331,2744242859,2744243996,15945,1137
29511.971400,2744250972,2744252106,15970,1134
29511.980329,2744259046,2744260183,15912,1137
29511.992332,2744267081,2744268219,15939,1138
29512.002960,2744275161,2744276299,15954,1138
29512.012327,2744283248,2744284383,15825,1135
29512.023995,2744291338,2744292472,15946,1134
29512.034519,2744299414,2744300550,16008,1136
29512.044331,2744307573,2744308710,15826,1137
29512.055554,2744315682,2744316819,15943,1137
29512.064334,2744323774,2744324911,15959,1137
29512.076330,2744331857,2744332990,15832,1133
29512.087114,2744339950,2744341094,15908,1144
29512.096329,2744348214,2744349351,15966,1137
29512.108154,2744356309,2744357450,15854,1141
29512.118676,2744364425,2744365571,15899,1146
29512.128327,2744372525,2744373662,15966,1137
29512.139714,2744380639,2744381780,15851,1141
29512.148330,2744388778,2744389918,15919,1140
29512.160336,2744396886,2744398022,15954,1136
29512.171273,2744404989,2744406126,15835,1137
29512.180328,2744413098,2744414236,15852,1138
29512.192320,2744421167,2744422305,15956,1138
29512.202835,2744429399,2744430533,15827,1134
29512.212331,2744437493,2744438629,15949,1136
29512.223879,2744445628,2744446766,16012,1138
29512.234393,2744453726,2744454863,15848,1137
29512.244327,2744461823,2744462966,15918,1143
29512.255440,2744469944,2744471080,15968,1136
29512.264327,2744478056,2744479192,15829,1136
29512.276330,2744486138,2744487276,15941,1138
29512.287000,2744494217,2744495351,15953,1134
29512.296328,2744502415,2744503556,15834,1141
29512.308034,2744510572,2744511717,15944,1145
29512.318562,2744518734,2744519880,15968,1146
29512.328332,2744526886,2744528024,15901,1138
29512.339595,2744535165,2744536302,15938,1137
29512.348329,2744543274,2744544411,15967,1137
29512.360329,2744551360,2744552498,15833,1138
29512.371155,2744559456,2744560590,15947,1134
29512.380327,2744567691,2744568828,15969,1137
29512.392192,2744575791,2744576936,15830,1145
29512.402712,2744583884,2744585032,15940,1148
29512.412330,2744591998,2744593142,15968,1144
29512.423752,2744600082,2744601216,15834,1134
29512.432329,2744608170,2744609306,15961,1136
29512.444329,2744616262,2744617402,15968,1140
29512.455312,2744624441,2744625575,15814,1134
29512.464329,2744632550,2744633688,15949,1138
29512.476330,2744640611,2744641748,15966,1137
29512.486873,2744648695,2744649831,15823,1136
29512.496330,2744656762,2744657899,15944,1137
29512.507919,2744664851,2744665996,15968,1145
29512.518436,2744672989,2744674130,15860,1141
29512.528328,2744681182,2744682319,15849,1137
29512.539480,2744689332,2744690472,15971,1140
29512.548328,2744697440,2744698575,15830,1135
29512.560329,2744705544,2744706677,15943,1133
29512.571044,2744713689,2744714826,16018,1137
29512.580327,2744721868,2744723005,15847,1137
29512.592075,2744730047,2744731181,15947,1134
29512.602602,2744738184,2744739324,15968,1140
29512.612333,2744746360,2744747494,15831,1134
29512.623635,2744754501,2744755635,15943,1134
29512.632331,2744762657,2744763793,15953,1136
29512.644331,2744770831,2744771968,15822,1137
29512.655195,2744778910,2744780051,15921,1141
29512.664329,2744787022,2744788159,15968,1137
29512.676239,2744795088,2744796222,15915,1134
29512.686756,2744803178,2744804315,15947,1137
29512.696333,2744811264,2744812401,15965,1137
29512.707792,2744819375,2744820513,15832,1138
29512.716328,2744827465,2744828598,15947,1133
29512.728334,2744835552,2744836689,15972,1137
29512.739352,2744843638,2744844776,15834,1138
29512.748330,2744851740,2744852882,15918,1142
29512.760329,2744859977,2744861122,15967,1145
29512.770913,2744868119,2744869257,15830,1138
29512.780328,2744876235,2744877373,15961,1138
29512.791960,2744884321,2744885458,15959,1137
29512.802474,2744892516,2744893661,15834,1145
29512.812329,2744900650,2744901788,15853,1138
29512.823520,2744908742,2744909887,15968,1145
29512.832330,2744916821,2744917954,15829,1133
29512.844328,2744924881,2744926026,15949,1145
29512.855081,2744932989,2744934122,15973,1133
29512.864327,2744941234,2744942371,15831,1137
29512.876113,2744949348,2744950485,15851,1137
29512.886641,2744957452,2744958585,15971,1133
29512.896329,2744965538,2744966672,15836,1134
29512.907675,2744973717,2744974863,15946,1146
29512.916329,2744981876,2744983017,15969,1141
29512.928330,2744990060,2744991206,15848,1146
29512.939235,2744998189,2744999327,15947,1138
29512.948330,2745006415,2745007551,16018,1136
29512.960271,2745014496,2745015633,15831,1137
29512.970796,2745022630,2745023768,15949,1138
29512.980328,2745030951,2745032087,15972,1136
29512.991832,2745039036,2745040182,15825,1146
29513.002356,2745047232,2745048365,15939,1133
29513.012330,2745055344,2745056487,15991,1143
29513.023400,2745063569,2745064711,15910,1142
29513.032333,2745071741,2745072878,15940,1137
29513.044328,2745079927,2745081061,16000,1134
29513.054953,2745087988,2745089126,15835,1138
29513.064331,2745096093,2745097234,15886,1141
29513.075998,2745104192,2745105330,15968,1138
29513.086513,2745112352,2745113490,15813,1138
29513.096330,2745120431,2745121577,15919,1146
29513.107560,2745128540,2745129683,15966,1143
29513.116335,2745136625,2745137761,15837,1136
29513.128333,2745144925,2745146063,15945,1138
29513.139121,2745153069,2745154203,15972,1134
29513.148333,2745161344,2745162479,15830,1135
29513.160155,2745169526,2745170662,15942,1136
29513.170682,2745177648,2745178789,15967,1141
29513.180334,2745185814,2745186960,15859,1146
29513.191715,2745194070,2745195214,15938,1144
29513.200334,2745202248,2745203382,15973,1134
29513.212333,2745210396,2745211533,15832,1137
29513.223276,2745218458,2745219595,15846,1137
29513.232328,2745226595,2745227736,15962,1141
29513.244312,2745234739,2745235883,15835,1144
29513.254836,2745242901,2745244042,15945,1141
29513.264331,2745251007,2745252147,15963,1140
29513.275872,2745259164,2745260309,15848,1145
29513.286397,2745267349,2745268492,15948,1143
29513.296335,2745275536,2745276678,15962,1142
29513.307434,2745283727,2745284867,15831,1140
29513.316330,2745292012,2745293156,15940,1144
29513.328330,2745300221,2745301359,15952,1138
29513.338993,2745308347,2745309488,15834,1141
29513.348331,2745316442,2745317579,15945,1137
29513.360040,2745324666,2745325810,15956,1144
29513.370561,2745332818,2745333955,15909,1137
29513.380328,2745340993,2745342137,15946,1144
29513.391600,2745349206,2745350351,15972,1145
29513.400328,2745357350,2745358494,15832,1144
29513.412328,2745365451,2745366586,15946,1135
29513.423159,2745373515,2745374661,16017,1146
29513.432330,2745381844,2745382985,15834,1141
29513.444195,2745389932,2745391069,15944,1137
29513.454722,2745398037,2745399175,15965,1138
29513.464328,2745406102,2745407239,15817,1137
29513.475757,2745414194,2745415333,15962,1139
29513.484330,2745422348,2745423482,16016,1134
29513.496335,2745430443,2745431584,15867,1141
29513.507314,2745438554,2745439699,15889,1145
29513.516328,2745446787,2745447925,15984,1138
29513.528329,2745454882,2745456027,15862,1145
29513.538876,2745463040,2745464183,15949,1143
29513.548331,2745471225,2745472366,15968,1141
29513.559913,2745479413,2745480550,15835,1137
29513.570435,2745487502,2745488648,15852,1146
29513.580332,2745495674,2745496819,15968,1145
29513.591474,2745503870,2745505016,15823,1146
29513.600329,2745512082,2745513224,15947,1142
29513.612329,2745520314,2745521456,15968,1142
29513.623036,2745528408,2745529550,15879,1142
29513.632333,2745536671,2745537816,15942,1145
29513.644081,2745544772,2745545910,15973,1138
29513.654596,2745552877,2745554017,15862,1140
29513.664332,2745561085,2745562232,15951,1147
29513.675641,2745569260,2745570401,15952,1141
29513.684328,2745577505,2745578650,15835,1145
29513.696334,2745585623,2745586766,15935,1143
29513.707201,2745593786,2745594930,15970,1144
29513.716333,2745602020,2745603165,15909,1145
29513.728235,2745610282,2745611428,15944,1146
29513.738761,2745618474,2745619619,15959,1145
29513.748330,2745626617,2745627757,15833,1140
29513.768333,2745636738,2745637369,12036,631
29513.780330,2745640815,2745641449,11975,634
29513.791361,2745647605,2745648738,15984,1133
29513.800326,2745655755,2745656891,15909,1136
29513.812328,2745663848,2745664980,15852,1132
29513.822922,2745671931,2745673068,15987,1137
29513.832326,2745680010,2745681148,15913,1138
29513.843953,2745688100,2745689237,15847,1137
29513.854482,2745696187,2745697324,15998,1137
29513.864327,2745704305,2745705441,15916,1136
29513.875513,2745712435,2745713572,15837,1137
29513.884328,2745720531,2745721672,15967,1141
29513.896333,2745728615,2745729749,16019,1134
29513.907074,2745736715,2745737856,15922,1141
29513.916329,2745745026,2745746159,16008,1133
29513.928120,2745753131,2745754264,16002,1133
29513.938634,2745761298,2745762440,15920,1142
29513.948331,2745769435,2745770575,16031,1140
29513.959679,2745777575,2745778716,16004,1141
29513.968327,2745785690,2745786831,15940,1141
29513.980333,2745793811,2745794948,16069,1137
29513.991241,2745801963,2745803101,16015,1138
29514.000330,2745810252,2745811394,15940,1142
29514.012281,2745818400,2745819536,16072,1136
29514.022800,2745826579,2745827720,16002,1141
29514.032331,2745834752,2745835893,15937,1141
29514.043839,2745842897,2745844038,15988,1141
29514.054361,2745850984,2745852122,15909,1138
29514.064332,2745859142,2745860286,15913,1144
29514.075400,2745867305,2745868450,15985,1145
29514.084328,2745875425,2745876566,15917,1141
29514.096328,2745883594,2745884740,15872,1146
29514.106959,2745891730,2745892871,15972,1141
29514.116329,2745899956,2745901102,15914,1146
29514.127993,2745908248,2745909394,15843,1146
29514.138519,2745916457,2745917601,15973,1144
29514.148328,2745924736,2745925880,15918,1144
29514.159553,2745933002,2745934143,15858,1141
29514.168328,2745941218,2745942362,15967,1144
29514.180328,2745949433,2745950577,15904,1144
29514.191113,2745957600,2745958746,15857,1146
29514.200332,2745965908,2745967053,15958,1145
29514.212159,2745974045,2745975186,15915,1141
29514.222674,2745982182,2745983328,15864,1146
29514.232328,2745990322,2745991467,15988,1145
29514.243723,2745998525,2745999670,15921,1145
29514.252330,2746006691,2746007836,15832,1145
29514.264329,2746013394,2746014531,15851,1137
29514.275281,2746021467,2746022604,15913,1137
29514.284333,2746029556,2746030694,15845,1138
29514.296321,2746037644,2746038782,16004,1138
29514.306841,2746045749,2746046894,15915,1145
29514.316331,2746053925,2746055058,15847,1133
29514.327881,2746062015,2746063161,16082,1146
29514.338402,2746070357,2746071498,15992,1141
29514.348334,2746078766,2746079906,15919,1140
29514.359440,2746087020,2746088165,16058,1145
29514.368327,2746095156,2746096301,16001,1145
29514.380330,2746103350,2746104496,15830,1146
29514.391002,2746111496,2746112640,15985,1144
29514.400329,2746119712,2746120854,15907,1142
29514.412039,2746127928,2746129073,15912,1145
29514.422561,2746136136,2746137281,15982,1145
29514.432334,2746144465,2746145611,15917,1146
29514.443592,2746152770,2746153911,15766,1141
29514.452327,2746160964,2746162100,15997,1136
29514.464330,2746169072,2746170209,15914,1137
29514.475154,2746177188,2746178333,15848,1145
29514.484328,2746185516,2746186662,15999,1146
29514.496200,2746193764,2746194911,15914,1147
29514.506714,2746202000,2746203142,15828,1142
29514.516329,2746210266,2746211412,15997,1146
29514.527762,2746218496,2746219635,15914,1139
29514.536329,2746226651,2746227796,15832,1145
29514.548329,2746234790,2746235934,15982,1144
29514.559322,2746243003,2746244145,15916,1142
29514.568328,2746251194,2746252336,15835,1142
29514.580334,2746259395,2746260529,15979,1134
29514.590880,2746267568,2746268714,15915,1146
29514.600328,2746275739,2746276883,15876,1144
29514.611920,2746283867,2746285013,15920,1146
29514.622441,2746292056,2746293198,15918,1142
29514.632330,2746300171,2746301317,15848,1146
29514.643482,2746308310,2746309451,15986,1141
29514.652330,2746316430,2746317575,15920,1145
29514.664329,2746324572,2746325716,15848,1144
29514.675042,2746332734,2746333880,16000,1146
29514.684329,2746341021,2746342166,15914,1145
29514.696074,2746349189,2746350327,15822,1138
29514.706601,2746357369,2746358511,15983,1142
29514.716335,2746365545,2746366683,15894,1138
29514.727634,2746373631,2746374777,15827,1146
29514.736335,2746381804,2746382946,15982,1142
29514.748329,2746390046,2746391191,15911,1145
29514.759200,2746398154,2746399300,15898,1146
29514.768331,2746406486,2746407630,15984,1144
29514.780240,2746414596,2746415738,15906,1142
29514.790754,2746422730,2746423875,15847,1145
29514.800330,2746430888,2746432033,15996,1145
29514.811800,2746439133,2746440274,15919,1141
29514.820330,2746447342,2746448484,15869,1142
29514.832331,2746455484,2746456625,16002,1141
29514.843362,2746463625,2746464765,15918,1140
29514.852330,2746471869,2746473014,15833,1145
29514.864331,2746480036,2746481180,16007,1144
29514.874922,2746488309,2746489451,15915,1142
29514.884328,2746496527,2746497670,15837,1143
29514.895962,2746504759,2746505900,15986,1141
29514.906481,2746513088,2746514232,15913,1144
29514.916329,2746521432,2746522577,15834,1145
29514.927520,2746529604,2746530749,15982,1145
29514.936331,2746537763,2746538904,15919,1141
29514.948331,2746545985,2746547129,15840,1144
29514.959081,2746554121,2746555263,15910,1142
29514.968335,2746562209,2746563355,16002,1146
29514.980113,2746570372,2746571517,15929,1145
29514.990643,2746578488,2746579633,16062,1145
29515.000327,2746586693,2746587839,16003,1146
29515.011674,2746594946,2746596092,15938,1146
29515.020331,2746603069,2746604211,16045,1142
29515.032331,2746611239,2746612380,15992,1141
29515.043234,2746619432,2746620574,15919,1142
29515.052330,2746627859,2746629000,16067,1141
29515.064280,2746636016,2746637159,15916,1143
29515.074800,2746644229,2746645376,15902,1147
29515.084331,2746652447,2746653594,15918,1147
29515.095838,2746660756,2746661897,15915,1141
29515.106360,2746668885,2746670030,15906,1145
29515.116333,2746677047,2746678189,15914,1142
29515.127399,2746685260,2746686405,15912,1145
29515.136328,2746693398,2746694543,15916,1145
29515.148335,2746701589,2746702733,16015,1144
29515.158961,2746709803,2746710947,15919,1144
29515.168328,2746717968,2746719111,15842,1143
29515.179998,2746726219,2746727360,15974,1141
29515.190520,2746734397,2746735538,16003,1141
29515.200330,2746742601,2746743747,15942,1146
29515.211561,2746750867,2746752012,16077,1145
29515.220330,2746759060,2746760204,16003,1144
29515.232330,2746767201,2746768347,15935,1146
29515.243119,2746775467,2746776612,16061,1145
29515.252329,2746783772,2746784918,16001,1146
29515.264154,2746792108,2746793243,15829,1135
29515.274683,2746800271,2746801417,15995,1146
29515.284330,2746808411,2746809556,15920,1145
29515.295714,2746816547,2746817692,15848,1145
29515.304327,2746824753,2746825899,15923,1146
29515.316327,2746832916,2746834057,15916,1141
29515.327275,2746841074,2746842215,15835,1141
29515.336328,2746849381,2746850524,15998,1143
29515.348321,2746857619,2746858759,15914,1140
29515.358835,2746865778,2746866924,15845,1146
29515.368332,2746873973,2746875118,16085,1145
29515.379881,2746882212,2746883357,15990,1145
29515.390395,2746890397,2746891539,15922,1142
29515.400331,2746898653,2746899798,16072,1145
29515.411442,2746906912,2746908054,15914,1142
29515.420327,2746915144,2746916289,15832,1145
29515.432328,2746923326,2746924474,15984,1148
29515.443001,2746931492,2746932638,15914,1146
29515.452332,2746939651,2746940796,15913,1145
29515.464041,2746947827,2746948970,16050,1143
29515.474561,2746955944,2746957082,15912,1138
29515.484335,2746964253,2746965396,15849,1143
29515.495602,2746972421,2746973559,15997,1138
29515.504332,2746980569,2746981711,15912,1142
29515.516328,2746988798,2746989943,15848,1145
29515.527162,2746996973,2746998115,15993,1142
29515.536333,2747005415,2747006560,15917,1145
29515.548196,2747013603,2747014743,15826,1140
29515.558723,2747021919,2747023061,15998,1142
29515.568331,2747030253,2747031395,15915,1142
29515.579754,2747038410,2747039550,15833,1140
29515.588333,2747046539,2747047685,15983,1146
29515.600333,2747054733,2747055875,15921,1142
29515.611314,2747062871,2747064017,15844,1146
29515.620331,2747071165,2747072307,15973,1142
29515.632336,2747079446,2747080593,15908,1147
29515.642875,2747087713,2747088859,15846,1146
29515.652331,2747096143,2747097289,15910,1146
29515.663920,2747104368,2747105511,15912,1143
29515.674435,2747112688,2747113830,15838,1142
29515.684334,2747120804,2747121944,16001,1140
29515.695482,2747128991,2747130133,15916,1142
29515.704333,2747137127,2747138273,15836,1146
29515.716328,2747145288,2747146433,16004,1145
29515.727043,2747153446,2747154592,15905,1146
29515.736331,2747161907,2747163053,15821,1146
29515.748081,2747170191,2747171331,15990,1140
29515.758601,2747178545,2747179692,15915,1147
29515.768329,2747186794,2747187935,15849,1141
29515.779641,2747194933,2747196075,15997,1142
29515.788329,2747203104,2747204250,15919,1146
29515.800330,2747211389,2747212535,15907,1146
29515.811202,2747219675,2747220816,16002,1141
29515.820331,2747228009,2747229154,15920,1145
29515.832234,2747236170,2747237317,15850,1147
29515.842765,2747244414,2747245560,15998,1146
29515.852330,2747252716,2747253862,15900,1146
29515.863794,2747261026,2747262166,15852,1140
29515.872331,2747269313,2747270452,16000,1139
29515.884332,2747277566,2747278707,15901,1141
29515.895355,2747285734,2747286879,15825,1145
29515.904327,2747294057,2747295203,16002,1146
29515.916331,2747302388,2747303530,15916,1142
29515.926915,2747310521,2747311667,15836,1146
29515.936330,2747318731,2747319877,15983,1146
29515.947960,2747326938,2747328083,15919,1145
29515.958476,2747335100,2747336246,15831,1146
29515.968328,2747343239,2747344384,15987,1145
29515.979521,2747351413,2747352554,15916,1141
29515.988330,2747359646,2747360791,15846,1145
29516.000328,2747367810,2747368956,15919,1146
29516.011081,2747376055,2747377201,15917,1146
29516.020329,2747384363,2747385510,15844,1147
29516.032122,2747392539,2747393684,15977,1145
29516.042642,2747400746,2747401892,15909,1146
29516.052330,2747408924,2747410070,15918,1146
29516.063682,2747417085,2747418227,16087,1142
29516.072328,2747425223,2747426364,16000,1141
29516.084333,2747433416,2747434562,15834,1146
29516.095241,2747441553,2747442698,15977,1145
29516.104334,2747449856,2747451002,15910,1146
29516.116273,2747458016,2747459162,15832,1146
29516.126802,2747466250,2747467396,15986,1146
29516.136329,2747474463,2747475604,15919,1141
29516.147841,2747482824,2747483966,15912,1142
29516.158362,2747491190,2747492332,15983,1142
29516.168330,2747499309,2747500450,15917,1141
29516.179395,2747507473,2747508615,15847,1142
29516.188328,2747515875,2747517021,16005,1146
29516.200328,2747524116,2747525262,15913,1146
29516.210955,2747532408,2747533550,15830,1142
29516.220329,2747540689,2747541830,15984,1141
29516.232001,2747548895,2747550041,15919,1146
29516.242516,2747557138,2747558284,15852,1146
29516.252327,2747565293,2747566438,15987,1145
29516.263561,2747573502,2747574640,15902,1138
29516.272335,2747581757,2747582903,15849,1146
29516.284334,2747589906,2747591052,15969,1146
29516.295123,2747598096,2747599242,15917,1146
29516.304328,2747606525,2747607670,15836,1145
29516.316162,2747614667,2747615813,15997,1146
29516.326683,2747622881,2747624027,15925,1146
29516.336327,2747631172,2747632318,15824,1146
29516.347722,2747639275,2747640420,15910,1145
29516.356328,2747647440,2747648586,15910,1146
29516.368330,2747655621,2747656766,15835,1145
29516.379281,2747663791,2747664936,15984,1145
29516.388333,2747672022,2747673168,15912,1146
29516.400314,2747680192,2747681334,15828,1142
29516.410842,2747688354,2747689497,15985,1143
29516.420328,2747696491,2747697638,15910,1147
29516.431874,2747704697,2747705838,15852,1141
29516.442404,2747712826,2747713968,15988,1142
29516.452329,2747721088,2747722234,15912,1146
29516.463434,2747729331,2747730470,15829,1139
29516.472327,2747737635,2747738782,16000,1147
29516.484328,2747745844,2747746990,15908,1146
29516.495002,2747754044,2747755187,15912,1143
29516.504327,2747762266,2747763412,16003,1146
29516.516041,2747770621,2747771764,15916,1143
29516.526555,2747778861,2747780008,15847,1147
29516.536328,2747787027,2747788169,15998,1142
29516.547601,2747795199,2747796344,15919,1145
29516.556336,2747803383,2747804529,15845,1146
29516.568328,2747811544,2747812689,15988,1145
29516.579162,2747819773,2747820917,15913,1144
29516.588328,2747828024,2747829170,15839,1146
29516.600201,2747836189,2747837334,15987,1145
29516.610722,2747844414,2747845560,16003,1146
29516.620329,2747852671,2747853814,15935,1143
29516.631762,2747860882,2747862023,16088,1141
29516.640328,2747869041,2747870187,16004,1146
29516.652327,2747877301,2747878447,15933,1146
29516.663322,2747885539,2747886678,16081,1139
29516.672332,2747893826,2747894973,16007,1147
29516.684335,2747902070,2747903215,15927,1145
29516.694883,2747910275,2747911422,15922,1147
29516.704330,2747918527,2747919673,15907,1146
29516.715915,2747926749,2747927890,15865,1141
29516.726441,2747934897,2747936042,15961,1145
29516.736333,2747943060,2747944201,15925,1141
29516.747475,2747951218,2747952365,15847,1147
29516.756331,2747959407,2747960549,15970,1142
29516.768332,2747967554,2747968696,15911,1142
29516.779035,2747975761,2747976906,15864,1145
29516.788328,2747984042,2747985188,15966,1146
29516.800081,2747992206,2747993352,15912,1146
29516.810596,2748000597,2748001742,15868,1145
29516.820328,2748008785,2748009928,15986,1143
29516.831641,2748017147,2748018293,15913,1146
29516.840328,2748025489,2748026635,15908,1146
29516.852328,2748033656,2748034798,15967,1142
29516.863202,2748041808,2748042948,15920,1140
29516.872329,2748050161,2748051308,15846,1147
29516.884240,2748058296,2748059437,15989,1141
29516.894763,2748066604,2748067743,15919,1139
29516.904331,2748074788,2748075930,15836,1142
29516.915801,2748083000,2748084145,15985,1145
29516.924328,2748091230,2748092376,15912,1146
29516.936327,2748099439,2748100582,15846,1143
29516.947363,2748107695,2748108837,16007,1142
29516.956332,2748116054,2748117196,15902,1142
29516.968327,2748124361,2748125508,15839,1147
29516.978922,2748132550,2748133691,15982,1141
29516.988331,2748140855,2748142000,15914,1145
29516.999956,2748149038,2748150179,15847,1141
29517.010484,2748157178,2748158324,15984,1146
29517.020328,2748165377,2748166523,15918,1146
29517.031516,2748173516,2748174662,15833,1146
29517.040329,2748181671,2748182817,15916,1146
29517.052328,2748189882,2748191024,15906,1142
29517.063075,2748198019,2748199164,15829,1145
29517.072329,2748206350,2748207491,15980,1141
29517.084121,2748214553,2748215694,15914,1141
29517.094630,2748222685,2748223836,15818,1151
29517.104331,2748230984,2748232130,16003,1146
29517.115683,2748239154,2748240300,15914,1146
29517.124332,2748247449,2748248592,15831,1143
29517.136329,2748255587,2748256733,16000,1146
29517.147243,2748263759,2748264905,15924,1146
29517.156334,2748271946,2748273094,15852,1148
29517.168281,2748280138,2748281285,15982,1147
29517.178802,2748288300,2748289441,15915,1141
29517.188330,2748296591,2748297734,15906,1143
29517.199843,2748304782,2748305925,15993,1143
29517.210363,2748312943,2748314090,15919,1147
29517.220332,2748321124,2748322270,15845,1146
29517.231402,2748329440,2748330586,15984,1146
29517.240334,2748337675,2748338818,15920,1143
29517.252328,2748345962,2748347108,15833,1146
29517.262962,2748354112,2748355256,15975,1144
29517.272327,2748362325,2748363472,15904,1147
29517.283995,2748370573,2748371717,15938,1144
29517.294523,2748378738,2748379880,16071,1142
29517.304330,2748386939,2748388085,15916,1146
29517.315555,2748395253,2748396396,15833,1143
29517.324329,2748403490,2748404636,16004,1146
29517.336329,2748411655,2748412797,15913,1142
29517.347116,2748419856,2748420998,15849,1142
29517.356330,2748428240,2748429386,15976,1146
29517.368162,2748436419,2748437566,15919,1147
29517.378677,2748444664,2748445805,15831,1141
29517.388328,2748452950,2748454094,15925,1144
29517.399721,2748461144,2748462291,15915,1147
29517.408331,2748469283,2748470428,15832,1145
29517.420328,2748477401,2748478546,15987,1145
29517.431282,2748485591,2748486736,15915,1145
29517.440328,2748493903,2748495049,15831,1146
29517.452323,2748502207,2748503350,16001,1143
29517.462842,2748510367,2748511506,15996,1139
29517.472331,2748518600,2748519745,15908,1145
29517.483881,2748526765,2748527907,16068,1142
29517.494405,2748534938,2748536084,16007,1146
29517.504331,2748543270,2748544417,15847,1147
29517.515442,2748551636,2748552783,15976,1147
29517.524331,2748560029,2748561175,15916,1146
29517.536333,2748568282,2748569427,15911,1145
29517.547001,2748576490,2748577632,15966,1142
29517.556330,2748584679,2748585824,15918,1145
29517.568035,2748593034,2748594175,15862,1141
29517.578561,2748601213,2748602357,15971,1144
29517.588330,2748609535,2748610682,15894,1147
29517.599595,2748617828,2748618975,15847,1147
29517.608330,2748626138,2748627284,15967,1146
29517.620328,2748634357,2748635503,15902,1146
29517.631155,2748642528,2748643673,15850,1145
29517.640329,2748650865,2748652010,15975,1145
29517.652201,2748659033,2748660175,15914,1142
29517.662716,2748667316,2748668460,15839,1144
29517.672328,2748675596,2748676741,15977,1145
29517.683762,2748683831,2748684972,15916,1141
29517.692328,2748692006,2748693149,15850,1143
29517.704329,2748700170,2748701316,15986,1146
29517.715324,2748708389,2748709534,15905,1145
29517.724329,2748716648,2748717791,15839,1143
29517.736329,2748724888,2748726034,15919,1146
29517.746882,2748733024,2748734172,15917,1148
29517.756330,2748741238,2748742380,15826,1142
29517.767918,2748749632,2748750778,15949,1146
29517.778444,2748757995,2748759141,15951,1146
29517.788336,2748766434,2748767576,15828,1142
29517.799478,2748774675,2748775821,15943,1146
29517.808327,2748782820,2748783966,15974,1146
29517.820328,2748791027,2748792169,15827,1142
29517.831039,2748799216,2748800362,15951,1146
29517.840330,2748807540,2748808687,15951,1147
29517.852075,2748815764,2748816906,15840,1142
29517.862599,2748824000,2748825142,15934,1142
29517.872329,2748832165,2748833310,15971,1145
29517.883642,2748840287,2748841429,15896,1142
29517.892327,2748848525,2748849670,15961,1145
29517.904329,2748856658,2748857800,15975,1142
29517.915198,2748864804,2748865950,15828,1146
29517.924329,2748873165,2748874311,15952,1146
29517.936241,2748881426,2748882571,15970,1145
29517.946757,2748889694,2748890836,15833,1142
29517.956330,2748897954,2748899097,15940,1143
29517.967804,2748906119,2748907265,15969,1146
29517.976330,2748914362,2748915505,15846,1143
29517.988333,2748922524,2748923670,15943,1146
29517.999363,2748930696,2748931838,15978,1142
29518.008331,2748938886,2748940031,15832,1145
29518.020330,2748947190,2748948336,15950,1146
29518.030924,2748955333,2748956479,15966,1146
29518.040327,2748963695,2748964838,15829,1143
29518.051957,2748971973,2748973119,15930,1146
29518.062485,2748980157,2748981301,15958,1144
29518.072327,2748988350,2748989496,15827,1146
29518.083517,2748996537,2748997683,15848,1146
29518.092331,2749004723,2749005869,15966,1146
29518.104328,2749012999,2749014141,15831,1142
29518.115076,2749021286,2749022436,15930,1150
29518.124333,2749029831,2749030978,15967,1147
29518.136116,2749038048,2749039194,15831,1146
29518.146639,2749046214,2749047361,15944,1147
29518.156329,2749054557,2749055703,15970,1146
29518.167676,2749062832,2749063979,15832,1147
29518.176335,2749071010,2749072151,15943,1141
29518.188330,2749079296,2749080437,15971,1141
29518.199238,2749087448,2749088590,15832,1142
29518.208330,2749095696,2749096837,15962,1141
29518.220283,2749103873,2749105014,15969,1141
29518.230803,2749112015,2749113162,15900,1147
29518.240330,2749120183,2749121329,15952,1146
29518.251843,2749128417,2749129563,15970,1146
29518.262356,2749136684,2749137828,15863,1144
29518.272327,2749144945,2749146092,15954,1147
29518.283402,2749153118,2749154260,15955,1142
29518.292327,2749161300,2749162447,15833,1147
29518.304329,2749169524,2749170669,15951,1145
29518.314962,2749177687,2749178835,15954,1148
29518.324333,2749185863,2749187011,15847,1148
29518.335998,2749194132,2749195279,15947,1147
29518.346524,2749202395,2749203538,15940,1143
29518.356328,2749210710,2749211856,15834,1146
29518.367559,2749218957,2749220103,15945,1146
29518.376334,2749227119,2749228264,15970,1145
29518.388328,2749235333,2749236480,15832,1147
29518.399120,2749243595,2749244742,15940,1147
29518.408327,2749252024,2749253170,15962,1146
29518.420155,2749260261,2749261408,15838,1147
29518.430678,2749268527,2749269670,15864,1143
29518.440337,2749276684,2749277829,15955,1145
29518.451715,2749284847,2749285993,15830,1146
29518.460328,2749293110,2749294256,15947,1146
29518.472329,2749301249,2749302394,15957,1145
29518.483276,2749309393,2749310538,15847,1145
29518.492337,2749317600,2749318747,15952,1147
29518.504323,2749325747,2749326890,15956,1143
29518.514836,2749333919,2749335062,15832,1143
29518.524335,2749342234,2749343377,15849,1143
29518.535884,2749350525,2749351670,15957,1145
29518.546397,2749358721,2749359869,15834,1148
29518.556333,2749366969,2749368115,15946,1146
29518.567444,2749375141,2749376286,15970,1145
29518.576334,2749383335,2749384476,15903,1141
29518.588331,2749391518,2749392660,15935,1142
29518.599004,2749399756,2749400903,15966,1147
29518.608331,2749407945,2749409088,15831,1143
29518.620038,2749416271,2749417418,15930,1147
29518.630563,2749424884,2749426030,15974,1146
29518.640328,2749433193,2749434340,15828,1147
29518.651599,2749441343,2749442486,15947,1143
29518.660328,2749449628,2749450769,15956,1141
29518.672336,2749457924,2749459071,15832,1147
29518.683161,2749466173,2749467316,15960,1143
29518.692330,2749474480,2749475626,15952,1146
29518.704195,2749482640,2749483781,15829,1141
29518.714717,2749490782,2749491929,15887,1147
29518.724329,2749499027,2749500175,15967,1148
29518.735756,2749507219,2749508365,15847,1146
29518.744331,2749515441,2749516585,15949,1144
29518.756327,2749523606,2749524752,15965,1146
29518.767316,2749531770,2749532913,15840,1143
29518.776328,2749540006,2749541151,15852,1145
29518.788331,2749548197,2749549342,15967,1145
29518.798876,2749556419,2749557566,15830,1147
29518.808327,2749564704,2749565851,15946,1147
29518.819924,2749573088,2749574234,15973,1146
29518.830436,2749581280,2749582423,15827,1143
29518.840336,2749589573,2749590721,15949,1148
29518.851484,2749597842,2749598990,15969,1148
29518.860328,2749606107,2749607252,15821,1145
29518.872327,2749614399,2749615542,15945,1143
29518.883044,2749622576,2749623719,15961,1143
29518.892328,2749630988,2749632134,15831,1146
29518.904078,2749639174,2749640315,15943,1141
29518.914605,2749647313,2749648460,15969,1147
29518.924329,2749655481,2749656626,15913,1145
29518.935639,2749663785,2749664930,15946,1145
29518.944328,2749671997,2749673141,15969,1144
29518.956328,2749680161,2749681308,15828,1147
29518.967199,2749688299,2749689445,15946,1146
29518.976331,2749696591,2749697734,15968,1143
29518.988236,2749704895,2749706042,15830,1147
29518.998760,2749713087,2749714229,15947,1142
29519.008331,2749721294,2749722441,15970,1147
29519.019796,2749729459,2749730606,15831,1147
29519.028329,2749737772,2749738913,15959,1141
29519.040329,2749745912,2749747056,15966,1144
29519.051356,2749754126,2749755270,15832,1144
29519.060332,2749762388,2749763529,15937,1141
29519.072328,2749770591,2749771736,15965,1145
29519.082917,2749778721,2749779868,15832,1147
29519.092326,2749786886,2749788033,15938,1147
29519.103964,2749795045,2749796187,15958,1142
29519.114477,2749803234,2749804380,15831,1146
29519.124328,2749811445,2749812588,15851,1143
29519.135525,2749819746,2749820893,16021,1147
29519.144333,2749828024,2749829170,15832,1146
29519.156329,2749836292,2749837438,15936,1146
29519.167084,2749844430,2749845577,15956,1147
29519.176333,2749852775,2749853919,15849,1144
29519.188118,2749861015,2749862157,15947,1142
29519.198645,2749869198,2749870339,15973,1141
29519.208333,2749877359,2749878500,15833,1141
29519.219679,2749885576,2749886723,15946,1147
29519.228328,2749893777,2749894924,15996,1147
29519.240331,2749901943,2749903088,15832,1145
29519.251240,2749910177,2749911320,15949,1143
29519.260330,2749918563,2749919704,15958,1141
29519.272283,2749926850,2749927997,15909,1147
29519.282800,2749935049,2749936192,15951,1143
29519.292335,2749943249,2749944395,15967,1146
29519.303837,2749951491,2749952637,15833,1146
29519.314360,2749959798,2749960943,15940,1145
29519.324332,2749968118,2749969265,15963,1147
29519.335396,2749976363,2749977509,15838,1146
29519.344333,2749984564,2749985709,15948,1145
29519.356328,2749992862,2749994009,15966,1147
29519.366957,2750001173,2750002320,15829,1147
29519.376327,2750009402,2750010546,15934,1144
29519.388004,2750017574,2750018716,15973,1142
29519.398517,2750025857,2750026999,15831,1142
29519.408335,2750034083,2750035225,15939,1142
29519.419565,2750042467,2750043610,15970,1143
29519.428335,2750050785,2750051933,15832,1148
29519.440329,2750058990,2750060137,15942,1147
29519.451124,2750067352,2750068498,15965,1146
29519.460330,2750075862,2750077005,15830,1143
29519.472156,2750084009,2750085150,15844,1141
29519.482685,2750092228,2750093374,15950,1146
29519.492329,2750100520,2750101664,15829,1144
29519.503719,2750108690,2750109837,15929,1147
29519.512333,2750116833,2750117980,15972,1147
29519.524330,2750125044,2750126186,15849,1142
29519.535280,2750133355,2750134501,15951,1146
29519.544332,2750141610,2750142752,16029,1142
29519.556316,2750149846,2750150991,15835,1145
29519.566840,2750158069,2750159209,15946,1140
29519.576333,2750166278,2750167422,15960,1144
29519.587878,2750174648,2750175795,15830,1147
29519.598401,2750183064,2750184211,15945,1147
29519.608328,2750191356,2750192503,15965,1147
29519.619444,2750199524,2750200667,15913,1143
29519.628331,2750207817,2750208958,15949,1141
29519.640328,2750216129,2750217276,15967,1147
29519.650996,2750224352,2750225498,15833,1146
29519.660328,2750232589,2750233730,15949,1141
29519.672042,2750240821,2750241964,15967,1143
29519.682557,2750248952,2750250096,15830,1144
29519.692329,2750257211,2750258355,15939,1144
29519.703604,2750265451,2750266594,15969,1143
29519.712329,2750273661,2750274807,15833,1146
29519.724334,2750281900,2750283047,15964,1147
29519.735165,2750290095,2750291242,15970,1147
29519.744329,2750298407,2750299553,15834,1146
29519.756199,2750306662,2750307807,15949,1145
29519.766725,2750314879,2750316025,15969,1146
29519.776332,2750323042,2750324187,15834,1145
29519.787757,2750331285,2750332433,15886,1148
29519.796335,2750339523,2750340669,15968,1146
29519.808327,2750347798,2750348945,15834,1147
29519.819318,2750356060,2750357209,15837,1149
29519.828328,2750364467,2750365614,15967,1147
29519.840328,2750372677,2750373823,15826,1146
29519.850880,2750380815,2750381958,15947,1143
29519.860328,2750389006,2750390152,15968,1146
29519.871916,2750397225,2750398368,15835,1143
29519.882440,2750405421,2750406563,15949,1142
29519.892331,2750413660,2750414805,15971,1145
29519.903477,2750421861,2750423007,15829,1146
29519.912327,2750430042,2750431183,15949,1141
29519.924328,2750438332,2750439479,15950,1147
29519.935038,2750446629,2750447773,15826,1144
29519.944327,2750455083,2750456225,15934,1142
29519.956085,2750463428,2750464575,15970,1147
29519.966605,2750471650,2750472797,15906,1147
29519.976330,2750479846,2750480987,15946,1141
29519.987645,2750488048,2750489190,15967,1142
29519.996329,2750496259,2750497406,15831,1147
29520.008328,2750504473,2750505614,15950,1141
29520.019204,2750512737,2750513884,15974,1147
29520.028328,2750520939,2750522081,15832,1142
29520.040239,2750529243,2750530385,15948,1142
29520.050765,2750537485,2750538628,15967,1143
29520.060327,2750545700,2750546842,15833,1142
29520.071801,2750553911,2750555057,15957,1146
29520.080327,2750562075,2750563218,15971,1143
29520.092331,2750570329,2750571477,15921,1148
29520.103360,2750578598,2750579745,15853,1147
29520.112332,2750587030,2750588177,15995,1147
29520.124334,2750595231,2750596375,15918,1144
29520.134917,2750603510,2750604653,15831,1143
29520.144329,2750611700,2750612846,15983,1146
29520.155964,2750620005,2750621152,15915,1147
29520.166479,2750628180,2750629323,15851,1143
29520.176332,2750636464,2750637607,15958,1143
29520.187517,2750644612,2750645758,15832,1146
29520.196334,2750652773,2750653918,15944,1145
29520.208329,2750661015,2750662157,15969,1142
29520.219077,2750669237,2750670379,15844,1142
29520.228328,2750677591,2750678734,15945,1143
29520.240124,2750685778,2750686925,15969,1147
29520.250638,2750694190,2750695334,15836,1144
29520.260330,2750702502,2750703646,15945,1144
29520.271685,2750710795,2750711942,15941,1147
29520.280328,2750719061,2750720208,15833,1147
29520.292331,2750727290,2750728433,15940,1143
29520.303245,2750735620,2750736768,15970,1148
29520.312327,2750743820,2750744963,15916,1143
29520.324279,2750752128,2750753270,15946,1142
29520.334805,2750760443,2750761588,15968,1145
29520.344328,2750768633,2750769780,15831,1147
29520.355840,2750776854,2750778000,15914,1146
29520.366364,2750785216,2750786359,15972,1143
29520.376329,2750793457,2750794601,15844,1144
29520.387400,2750801845,2750802992,15943,1147
29520.396353,2750810137,2750811284,15955,1147
29520.408328,2750818427,2750819570,15845,1143
29520.418962,2750826657,2750827799,15962,1142
29520.428330,2750834971,2750836118,15958,1147
29520.439997,2750843172,2750844319,15849,1147
29520.450520,2750851393,2750852540,15939,1147
29520.460330,2750859589,2750860732,15956,1143
29520.471557,2750867800,2750868946,15849,1146
29520.480334,2750875987,2750877130,15947,1143
29520.492331,2750884155,2750885302,15957,1147
29520.503118,2750892380,2750893523,15846,1143
29520.512333,2750900709,2750901855,15849,1146
29520.524163,2750908897,2750910043,15961,1146
29520.534678,2750917134,2750918277,15844,1143
29520.544328,2750925395,2750926538,15944,1143
29520.555724,2750933709,2750934850,15958,1141
29520.564332,2750941848,2750942995,15846,1147
29520.576329,2750950108,2750951251,15932,1143
29520.587285,2750958357,2750959504,15971,1147
29520.596329,2750966548,2750967691,15835,1143
29520.608319,2750974758,2750975901,15942,1143
29520.618845,2750982986,2750984133,15954,1147
29520.628328,2750991321,2750992468,15830,1147
29520.639880,2750999516,2751000658,15947,1142
29520.650408,2751007710,2751008857,15991,1147
29520.660330,2751015974,2751017121,15903,1147
29520.671440,2751024312,2751025459,15939,1147
29520.680328,2751032695,2751033838,15966,1143
29520.692334,2751040867,2751042011,15825,1144
29520.703001,2751049157,2751050306,15945,1149
29520.712328,2751057500,2751058647,15991,1147
29520.724037,2751065770,2751066912,15827,1142
29520.734561,2751074006,2751075154,15950,1148
29520.744328,2751082422,2751083564,15967,1142
29520.755598,2751090641,2751091788,15829,1147
29520.764330,2751098916,2751100064,15961,1148
29520.776331,2751107125,2751108266,15968,1141
29520.787158,2751115354,2751116497,15830,1143
29520.796329,2751123759,2751124906,15945,1147
29520.808204,2751132018,2751133164,15971,1146
29520.818718,2751140158,2751141305,15834,1147
29520.828333,2751148527,2751149672,15947,1145
29520.839765,2751156763,2751157907,15974,1144
29520.848328,2751164970,2751166117,15830,1147
29520.860328,2751173240,2751174389,15851,1149
29520.871326,2751181533,2751182680,15960,1147
29520.880328,2751189821,2751190968,15834,1147
29520.892330,2751198073,2751199218,15934,1145
29520.902886,2751206310,2751207456,15967,1146
29520.912328,2751214678,2751215820,15846,1142
29520.923920,2751222865,2751224012,15940,1147
29520.934446,2751231043,2751232186,15966,1143
29520.944331,2751239472,2751240617,15832,1145
29520.955480,2751247741,2751248888,15936,1147
29520.964327,2751256233,2751257375,15956,1142
29520.976329,2751264506,2751265648,15826,1142
29520.987040,2751272773,2751273921,15949,1148
29520.996327,2751281337,2751282481,15965,1144
29521.008085,2751289631,2751290778,15909,1147
29521.018601,2751297826,2751298974,15941,1148
29521.028331,2751306064,2751307207,15974,1143
29521.039637,2751314255,2751315402,15829,1147
29521.048330,2751322599,2751323747,15946,1148
29521.060329,2751330841,2751331988,15966,1147
29521.071198,2751339108,2751340256,15834,1148
29521.080327,2751347409,2751348551,15942,1142
29521.092245,2751355593,2751356738,15968,1145
29521.102758,2751363928,2751365071,15820,1143
29521.112328,2751372290,2751373437,15965,1147
29521.123805,2751380661,2751381803,15966,1142
29521.132336,2751389126,2751390270,15834,1144
29521.144327,2751397298,2751398441,15947,1143
29521.155365,2751405474,2751406622,15962,1148
29521.164332,2751413689,2751414831,15821,1142
29521.176330,2751421951,2751423097,15929,1146
29521.186926,2751430319,2751431465,15968,1146
29521.196332,2751438529,2751439676,15834,1147
29521.207960,2751446673,2751447817,15850,1144
29521.218486,2751455036,2751456182,15971,1146
29521.228333,2751463274,2751464422,15832,1148
29521.239520,2751471567,2751472713,15949,1146
29521.248332,2751479879,2751481026,15966,1147
29521.260328,2751488161,2751489307,15843,1146
29521.271081,2751496454,2751497598,15944,1144
29521.280331,2751504982,2751506125,15968,1143
29521.292117,2751513322,2751514464,15813,1142
29521.302641,2751521649,2751522795,15936,1146
29521.312328,2751529913,2751531060,15944,1147
29521.323677,2751538064,2751539207,15813,1143
29521.332336,2751546331,2751547475,15941,1144
29521.344332,2751554660,2751555808,15968,1148
29521.355245,2751562854,2751564001,15910,1147
29521.364329,2751571064,2751572211,15941,1147
29521.376285,2751579308,2751580455,16016,1147
29521.386799,2751587594,2751588742,15833,1148
29521.396330,2751595835,2751596982,15941,1147
29521.407844,2751604082,2751605229,15963,1147
29521.418358,2751612369,2751613513,15830,1144
29521.428329,2751620678,2751621826,15948,1148
29521.439406,2751628899,2751630046,15971,1147
29521.448332,2751637088,2751638232,15834,1144
29521.460327,2751645371,2751646518,15963,1147
29521.470967,2751653588,2751654735,15970,1147
29521.480333,2751661834,2751662981,15822,1147
29521.492002,2751670071,2751671215,15946,1144
29521.502526,2751678339,2751679485,15968,1146
29521.512329,2751686633,2751687779,15834,1146
29521.523561,2751694821,2751695968,15948,1147
29521.532327,2751703035,2751704178,15969,1143
29521.544330,2751711234,2751712382,15834,1148
29521.555119,2751719554,2751720701,15849,1147
29521.564329,2751728068,2751729215,15970,1147
29521.576157,2751736286,2751737426,15833,1140
29521.586683,2751744607,2751745754,16034,1147
29521.596330,2751752830,2751753977,16057,1147
29521.607718,2751761039,2751762187,15925,1148
29521.616328,2751769343,2751770486,16036,1143
29521.628332,2751777505,2751778647,16055,1142
29521.639278,2751785673,2751786816,15922,1143
29521.648333,2751794083,2751795230,16027,1147
29521.660325,2751802326,2751803472,16032,1146
29521.670839,2751810539,2751811686,15906,1147
29521.680327,2751818759,2751819906,16034,1147
29521.691885,2751827050,2751828195,16058,1145
29521.702408,2751835416,2751836564,15999,1148
29521.712333,2751843665,2751844811,16026,1146
29521.723448,2751851913,2751853060,16103,1147
29521.732328,2751860103,2751861246,15910,1143
29521.744328,2751868267,2751869413,16033,1146
29521.755004,2751876437,2751877584,16044,1147
29521.764332,2751884907,2751886054,15891,1147
29521.776040,2751893149,2751894289,16034,1140
29521.788060,2751902476,2751903621,15804,1145
29521.798585,2751910715,2751911858,15945,1143
29521.808333,2751919133,2751920279,15953,1146
29521.819621,2751927278,2751928422,15830,1144
29521.828330,2751935736,2751936883,15894,1147
29521.840329,2751944107,2751945249,15976,1142
29521.851188,2751952423,2751953569,15915,1146
29521.860328,2751960815,2751961961,15945,1146
29521.872228,2751969054,2751970201,15967,1147
29521.882741,2751977297,2751978441,15834,1144
29521.892330,2751985522,2751986669,15949,1147
29521.903787,2751993831,2751994974,15974,1143
29521.912328,2752002074,2752003221,15828,1147
29521.924330,2752010393,2752011534,15946,1141
29521.935348,2752018705,2752019848,15966,1143
29521.944333,2752027039,2752028186,15840,1147
29521.956333,2752035248,2752036395,15954,1147
29521.966909,2752043466,2752044610,15970,1144
29521.976328,2752051860,2752053008,15832,1148
29521.987943,2752060162,2752061310,15936,1148
29521.998470,2752068590,2752069732,15952,1142
29522.008329,2752076782,2752077928,15834,1146
29522.019503,2752084957,2752086104,15944,1147
29522.028336,2752093130,2752094277,15972,1147
29522.040327,2752101397,2752102544,15824,1147
29522.051062,2752109734,2752110877,15848,1143
29522.060332,2752118191,2752119339,15971,1148
29522.072100,2752126410,2752127557,15829,1147
29522.082624,2752134754,2752135901,15941,1147
29522.092329,2752143129,2752144277,15969,1148
29522.103661,2752151353,2752152501,15845,1148
29522.112329,2752159558,2752160705,15945,1147
29522.124332,2752167800,2752168941,15965,1141
29522.135221,2752176013,2752177155,15834,1142
29522.144328,2752184289,2752185436,15943,1147
29522.156268,2752192559,2752193702,15956,1143
29522.166782,2752200725,2752201871,15833,1146
29522.176330,2752208931,2752210073,15949,1142
29522.187829,2752217294,2752218441,15971,1147
29522.198349,2752225518,2752226659,15904,1141
29522.208335,2752233758,2752234903,15945,1145
29522.219389,2752241959,2752243105,15969,1146
29522.228330,2752250147,2752251294,15831,1147
29522.240328,2752258325,2752259473,15936,1148
29522.250948,2752266623,2752267770,15970,1147
29522.260328,2752274911,2752276059,15822,1148
29522.271984,2752283278,2752284424,15944,1146
29522.282510,2752291498,2752292645,15970,1147
29522.292332,2752299811,2752300953,15831,1142
29522.303545,2752308050,2752309192,15960,1142
29522.312328,2752316267,2752317411,15990,1144
29522.324330,2752324435,2752325579,15862,1144
29522.335104,2752332604,2752333746,15945,1142
29522.344327,2752340938,2752342085,15967,1147
29522.356141,2752349237,2752350383,15833,1146
29522.366664,2752357452,2752358593,15943,1141
29522.376329,2752365808,2752366955,15969,1147
29522.387701,2752374095,2752375239,15832,1144
29522.396330,2752382337,2752383481,15851,1144
29522.408329,2752390543,2752391685,15968,1142
29522.419261,2752398865,2752400009,15833,1144
29522.428337,2752407047,2752408193,15944,1146
29522.440308,2752415295,2752416443,15966,1148
29522.450822,2752423692,2752424840,15847,1148
29522.460327,2752431889,2752433035,15893,1146
29522.471869,2752440063,2752441206,15971,1143
29522.482382,2752448302,2752449445,15831,1143
29522.492327,2752456668,2752457815,15946,1147
29522.503429,2752464983,2752466130,15951,1147
29522.512328,2752473290,2752474437,15835,1147
29522.524332,2752481484,2752482626,15932,1142
29522.534989,2752489750,2752490892,15970,1142
29522.544331,2752497959,2752499106,15902,1147
29522.556024,2752506187,2752507334,15939,1147
29522.566550,2752514600,2752515743,15967,1143
29522.576331,2752522990,2752524138,15832,1148
29522.587584,2752531190,2752532332,15937,1142
29522.596330,2752539451,2752540599,15971,1148
29522.608331,2752547711,2752548856,15846,1145
29522.619145,2752555958,2752557105,15947,1147
29522.628333,2752564345,2752565491,15967,1146
29522.640181,2752572569,2752573716,15825,1147
29522.650706,2752580763,2752581912,15965,1149
29522.660333,2752589036,2752590179,15961,1143
29522.671741,2752597349,2752598493,15834,1144
29522.680332,2752605568,2752606715,15941,1147
29522.692331,2752613810,2752614959,15967,1149
29522.703301,2752622210,2752623357,15831,1147
29522.712327,2752630710,2752631858,15935,1148
29522.724331,2752639035,2752640179,15963,1144
29522.734862,2752647400,2752648543,15821,1143
29522.744330,2752655622,2752656769,15852,1147
29522.755909,2752663799,2752664947,15968,1148
29522.780333,2752677557,2752678191,12063,634
29522.791981,2752681657,2752682293,12073,636
29522.802492,2752688590,2752689731,15925,1141
29522.812332,2752696875,2752698015,16050,1140
29522.823538,2752705038,2752706181,16058,1143
29522.832332,2752713202,2752714345,15918,1143
29522.844335,2752721412,2752722556,15936,1144
29522.855098,2752729627,2752730774,15966,1147
29522.864329,2752737975,2752739122,15836,1147
29522.876132,2752746129,2752747277,15946,1148
29522.886658,2752754344,2752755488,15963,1144
29522.896330,2752762610,2752763757,15853,1147
29522.907693,2752770807,2752771952,16029,1145
29522.916329,2752779010,2752780158,16056,1148
29522.928327,2752787224,2752788371,15926,1147
29522.939250,2752795564,2752796711,15967,1147
29522.948329,2752803980,2752805124,16088,1144
29522.960289,2752812245,2752813392,15923,1147
29522.970814,2752820536,2752821679,16034,1143
29522.980330,2752828899,2752830046,16075,1147
29522.991857,2752837055,2752838201,16000,1146
29523.002374,2752845466,2752846609,16032,1143
29523.012328,2752853739,2752854886,16080,1147
29523.023410,2752862034,2752863182,15915,1148
29523.032327,2752870273,2752871416,16033,1143
29523.044335,2752878519,2752879668,16052,1149
29523.054971,2752886751,2752887898,15925,1147
29523.064330,2752895043,2752896191,16006,1148
29523.076017,2752903216,2752904363,16054,1147
29523.086531,2752911734,2752912883,15920,1149
29523.096327,2752920109,2752921251,16049,1142
29523.107577,2752928295,2752929440,16050,1145
29523.116332,2752936634,2752937778,15925,1144
29523.128327,2752944974,2752946116,16027,1142
29523.139138,2752953183,2752954326,16057,1143
29523.148331,2752961840,2752962987,15916,1147
29523.160173,2752970247,2752971390,16016,1143
29523.170699,2752978549,2752979697,16049,1148
29523.180327,2752986850,2752987996,15925,1146
29523.191731,2752995070,2752996217,15936,1147
29523.200336,2753003260,2753004407,16055,1147
29523.212329,2753011512,2753012660,15922,1148
29523.223293,2753019877,2753021026,16024,1149
29523.232332,2753028349,2753029496,16052,1147
29523.244329,2753036649,2753037797,15938,1148
29523.254854,2753044889,2753046033,16029,1144
29523.264331,2753053223,2753054369,16054,1146
29523.275891,2753059880,2753061022,15760,1142
29523.286414,2753068159,2753069306,15943,1147
29523.296333,2753076401,2753077545,15949,1144
29523.307451,2753084721,2753085866,15842,1145
29523.316331,2753093188,2753094336,15939,1148
29523.328328,2753101425,2753102572,15973,1147
29523.339018,2753109620,2753110767,15906,1147
29523.348331,2753117912,2753119057,15942,1145
29523.360058,2753126090,2753127236,15958,1146
29523.370571,2753134405,2753135552,15835,1147
29523.380327,2753142771,2753143919,15948,1148
29523.391616,2753151023,2753152168,15966,1145
29523.400330,2753159313,2753160457,15824,1144
29523.412331,2753167574,2753168722,15946,1148
29523.423180,2753175738,2753176885,15965,1147
29523.432329,2753184184,2753185332,15838,1148
29523.444212,2753192668,2753193841,15904,1173
29523.454738,2753200944,2753202090,15963,1146
29523.464330,2753209240,2753210384,15840,1144
29523.475773,2753217563,2753218709,15931,1146
29523.484335,2753225940,2753227084,15966,1144
29523.496328,2753234140,2753235287,15837,1147
29523.507331,2753242408,2753243552,15888,1144
29523.516333,2753250653,2753251800,15968,1147
29523.528330,2753258973,2753260121,15922,1148
29523.538892,2753267172,2753268320,15937,1148
29523.548327,2753275480,2753276628,16059,1148
29523.559930,2753283755,2753284902,15917,1147
29523.570454,2753292132,2753293280,16036,1148
29523.580332,2753300633,2753301778,15967,1145
29523.591490,2753309029,2753310173,15932,1144
29523.600333,2753317266,2753318408,16036,1142
29523.612328,2753325710,2753326857,16049,1147
29523.623047,2753334135,2753335293,15809,1158
29523.632328,2753342528,2753343671,15945,1143
29523.644099,2753350755,2753351903,15949,1148
29523.654611,2753359125,2753360270,15835,1145
29523.664330,2753367395,2753368542,15909,1147
29523.675658,2753375642,2753376786,15969,1144
29523.684330,2753383866,2753385015,15919,1149
29523.696327,2753392169,2753393312,15944,1143
29523.707218,2753400658,2753401802,15968,1144
29523.716328,2753408984,2753410131,15832,1147
29523.728253,2753417353,2753418497,15944,1144
29523.738777,2753425769,2753426916,15966,1147
29523.748329,2753434116,2753435259,15835,1143
29523.759813,2753442521,2753443669,15945,1148
29523.768329,2753450866,2753452008,15963,1142
29523.780329,2753459254,2753460402,15824,1148
29523.791375,2753467537,2753468685,15955,1148
29523.800331,2753475780,2753476927,15968,1147
29523.812337,2753484147,2753485294,15827,1147
29523.822934,2753492383,2753493530,15942,1147
29523.832330,2753500885,2753502032,15966,1147
29523.843970,2753509270,2753510417,15836,1147
29523.854494,2753517637,2753518783,15909,1146
29523.864330,2753525914,2753527061,15951,1147
29523.875530,2753534260,2753535407,15826,1147
29523.884327,2753542758,2753543932,15846,1174
29523.896331,2753550987,2753552134,15966,1147
29523.907091,2753559211,2753560356,15834,1145
29523.916327,2753567411,2753568554,16036,1143
29523.928140,2753575780,2753576928,16045,1148
29523.938652,2753584014,2753585162,15938,1148
29523.948331,2753592514,2753593658,16031,1144
29523.959698,2753600657,2753601800,15965,1143
29523.968330,2753609092,2753610239,15836,1147
29523.980333,2753617568,2753618713,15949,1145
29523.991258,2753625920,2753627067,15943,1147
29524.000328,2753634245,2753635393,15837,1148
29524.012293,2753642658,2753643806,15945,1148
29524.022819,2753650831,2753651977,15966,1146
29524.032329,2753659217,2753660365,15907,1148
29524.043853,2753667492,2753668640,15942,1148
29524.054379,2753675826,2753676972,15959,1146
29524.064330,2753684229,2753685377,15836,1148
29524.075413,2753692479,2753693625,15930,1146
29524.084328,2753700777,2753701925,15970,1148
29524.096328,2753709068,2753710216,15834,1148
29524.106974,2753717295,2753718436,15944,1141
29524.116334,2753725567,2753726715,15965,1148
29524.128010,2753733910,2753735054,15826,1144
29524.138537,2753742477,2753743621,15961,1144
29524.148328,2753751036,2753752180,15964,1144
29524.159571,2753759547,2753760694,15803,1147
29524.168333,2753767941,2753769085,15894,1144
29524.180334,2753776380,2753777528,15968,1148
29524.191132,2753784695,2753785839,15817,1144
29524.200336,2753792997,2753794144,15945,1147
29524.212178,2753801487,2753802635,15994,1148
29524.222692,2753809727,2753810874,15823,1147
29524.232331,2753817976,2753819124,15838,1148
29524.243738,2753826308,2753827455,15969,1147
29524.252327,2753834707,2753835855,15832,1148
29524.264332,2753842939,2753844088,15944,1149
29524.275298,2753851238,2753852380,15964,1142
29524.284329,2753859584,2753860728,15825,1144
29524.296327,2753867871,2753869019,15949,1148
29524.306861,2753876200,2753877340,16013,1140
29524.316329,2753884532,2753885676,15841,1144
29524.327893,2753892857,2753894007,15937,1150
29524.338420,2753901259,2753902407,15950,1148
29524.348329,2753909473,2753910621,15862,1148
29524.359456,2753918046,2753919193,15939,1147
29524.368328,2753926560,2753927708,15966,1148
29524.380330,2753934838,2753935982,15903,1144
29524.391014,2753943151,2753944299,15916,1148
29524.400327,2753951541,2753952689,15965,1148
29524.412050,2753959962,2753961109,15837,1147
29524.422575,2753968347,2753969493,15946,1146
29524.432336,2753976568,2753977711,15966,1143
29524.443613,2753984871,2753986014,15825,1143
29524.452336,2753993230,2753994379,15909,1149
29524.464329,2754001575,2754002719,15952,1144
29524.475171,2754009865,2754011009,15834,1144
29524.484331,2754018421,2754019569,15961,1148
29524.496218,2754026640,2754027787,15955,1147
29524.506732,2754034816,2754035962,15918,1146
29524.516328,2754043214,2754044360,16029,1146
29524.527778,2754051485,2754052633,16050,1148
29524.536328,2754059829,2754060977,15923,1148
29524.548333,2754068123,2754069270,16021,1147
29524.559338,2754076541,2754077689,15957,1148
29524.568334,2754085084,2754086232,15921,1148
29524.580329,2754093457,2754094605,15932,1148
29524.590899,2754101662,2754102810,16048,1148
29524.600328,2754109959,2754111102,15834,1143
29524.611933,2754118342,2754119490,15945,1148
29524.622460,2754126564,2754127710,15966,1146
29524.632329,2754135015,2754136158,15849,1143
29524.643491,2754143332,2754144480,15934,1148
29524.652330,2754151836,2754152985,15963,1149
29524.664334,2754160459,2754161607,15832,1148
29524.675054,2754168765,2754169912,15945,1147
29524.684332,2754177251,2754178399,15951,1148
29524.696090,2754185572,2754186720,15840,1148
29524.706615,2754194002,2754195145,15932,1143
29524.716329,2754202490,2754203633,15970,1143
29524.727658,2754210680,2754211828,15911,1148
29524.736331,2754218926,2754220074,15945,1148
29524.748329,2754227241,2754228387,15955,1146
29524.759211,2754235534,2754236678,15822,1144
29524.768334,2754243896,2754245043,15946,1147
29524.780256,2754252261,2754253409,15971,1148
29524.790774,2754260825,2754261974,15850,1149
29524.800328,2754269124,2754270273,15946,1149
29524.811820,2754277452,2754278594,16011,1142
29524.820332,2754285598,2754286743,15818,1145
29524.832328,2754293820,2754294968,15960,1148
29524.843379,2754302099,2754303246,16055,1147
29524.852333,2754310451,2754311598,15864,1147
29524.864331,2754318821,2754319965,15942,1144
29524.874939,2754327049,2754328196,15969,1147
29524.884334,2754335516,2754336665,15833,1149
29524.895974,2754343872,2754345018,15938,1146
29524.906500,2754352339,2754353484,16004,1145
29524.916332,2754360679,2754361821,15834,1142
29524.927532,2754369148,2754370297,15848,1149
29524.936333,2754377501,2754378643,15965,1142
29524.948327,2754385869,2754387017,15862,1148
29524.959095,2754394218,2754395366,15939,1148
29524.968330,2754402686,2754403830,15969,1144
29524.980131,2754411067,2754412216,15849,1149
29524.990655,2754419369,2754420518,15916,1149
29525.000327,2754427790,2754428938,15968,1148
29525.011692,2754436086,2754437234,15838,1148
29525.020330,2754444311,2754445457,15934,1146
29525.032329,2754452658,2754453805,15953,1147
29525.043251,2754460985,2754462133,15839,1148
29525.052329,2754469319,2754470464,15947,1145
29525.064298,2754477732,2754478880,15968,1148
29525.074819,2754486076,2754487226,15911,1150
29525.084333,2754494377,2754495524,15914,1147
29525.095859,2754502603,2754503747,15969,1144
29525.106378,2754510806,2754511976,15907,1170
29525.116328,2754519375,2754520523,15846,1148
29525.127419,2754527805,2754528954,15979,1149
29525.136331,2754536092,2754537240,15921,1148
29525.148335,2754544476,2754545622,15828,1146
29525.158978,2754552703,2754553850,15951,1147
29525.168328,2754561242,2754562391,15920,1149
29525.180015,2754569619,2754570765,15963,1146
29525.190540,2754578058,2754579206,15966,1148
29525.200334,2754586480,2754587627,15832,1147
29525.211574,2754594914,2754596058,15947,1144
29525.220331,2754603348,2754604496,15968,1148
29525.232331,2754611567,2754612711,15833,1144
29525.243135,2754619849,2754620993,15942,1144
29525.252331,2754628234,2754629382,15966,1148
29525.264171,2754636751,2754637895,15833,1144
29525.274693,2754644950,2754646098,15850,1148
29525.284328,2754653228,2754654372,15964,1144
29525.295732,2754661452,2754662596,15919,1144
29525.304328,2754669687,2754670833,15983,1146
29525.316328,2754677934,2754679077,16049,1143
29525.327292,2754686198,2754687346,15933,1148
29525.336335,2754694615,2754695762,15978,1147
29525.348336,2754703061,2754704209,16054,1148
29525.358852,2754711288,2754712432,15903,1144
29525.368331,2754719577,2754720725,16032,1148
29525.379899,2754727978,2754729125,16066,1147
29525.390416,2754736400,2754737550,15956,1150
29525.400328,2754744655,2754745799,15947,1144
29525.411459,2754752928,2754754078,15985,1150
29525.420330,2754761328,2754762475,15918,1147
29525.432331,2754769653,2754770801,15949,1148
29525.443020,2754778128,2754779276,15956,1148
29525.452330,2754786652,2754787800,15833,1148
29525.464054,2754795253,2754796401,15945,1148
29525.474580,2754803561,2754804705,15993,1144
29525.484332,2754811878,2754813026,15849,1148
29525.495614,2754820424,2754821574,15946,1150
29525.504331,2754828847,2754829989,15965,1142
29525.516329,2754837095,2754838245,15865,1150
29525.527176,2754845330,2754846478,15938,1148
29525.536336,2754853703,2754854850,15966,1147
29525.548214,2754862114,2754863263,15860,1149
29525.558735,2754870439,2754871584,15944,1145
29525.568330,2754878883,2754880031,15967,1148
29525.579771,2754887351,2754888498,15830,1147
29525.588331,2754895694,2754896841,15944,1147
29525.600332,2754904133,2754905280,15966,1147
29525.611332,2754912510,2754913658,15831,1148
29525.620335,2754920930,2754922073,15851,1143
29525.632330,2754929294,2754930440,16056,1146
29525.642892,2754937610,2754938757,15927,1147
29525.652328,2754945933,2754947081,16033,1148
29525.663939,2754954319,2754955468,15995,1149
29525.674453,2754962851,2754963996,15841,1145
29525.684330,2754971373,2754972523,15946,1150
29525.695499,2754979781,2754980930,15951,1149
29525.704329,2754988356,2754989503,15835,1147
29525.716331,2754996807,2754997956,15914,1149
29525.727059,2755005154,2755006302,15947,1148
29525.736329,2755013599,2755014747,15833,1148
29525.748094,2755021774,2755022922,15928,1148
29525.758620,2755030144,2755031292,15964,1148
29525.768330,2755038562,2755039710,15914,1148
29525.779654,2755047135,2755048283,15943,1148
29525.788328,2755055650,2755056794,15966,1144
29525.800337,2755063868,2755065016,15835,1148
29525.811216,2755072187,2755073335,15943,1148
29525.820330,2755080683,2755081829,15960,1146
29525.832251,2755089051,2755090199,15836,1148
29525.842775,2755097481,2755098626,15947,1145
29525.852333,2755105824,2755106972,16052,1148
29525.863812,2755114175,2755115322,15922,1147
29525.874338,2755122691,2755123839,15961,1148
29525.884331,2755131341,2755132488,15959,1147
29525.895372,2755139835,2755140979,15825,1144
29525.904328,2755148474,2755149622,15946,1148
29525.916335,2755156949,2755158093,15966,1144
29525.926932,2755165144,2755166286,15831,1142
29525.936331,2755173609,2755174758,15943,1149
29525.947981,2755181907,2755183051,15969,1144
29525.958493,2755190340,2755191489,15833,1149
29525.968330,2755199080,2755200228,15841,1148
29525.979539,2755207700,2755208849,15968,1149
29525.988332,2755216096,2755217245,15835,1149
29526.000328,2755224390,2755225538,15945,1148
29526.011099,2755232671,2755233816,15962,1145
29526.020328,2755241191,2755242338,15854,1147
29526.032134,2755249612,2755250761,15940,1149
29526.042660,2755258280,2755259427,15970,1147
29526.052329,2755266753,2755267899,15826,1146
29526.063694,2755275092,2755276235,15943,1143
29526.072329,2755283447,2755284591,16034,1144
29526.084335,2755291849,2755292997,15838,1148
29526.095252,2755300028,2755301175,15891,1147
29526.104333,2755308322,2755309467,16022,1145
29526.116299,2755316546,2755317695,15915,1149
29526.126815,2755324943,2755326091,15940,1148
29526.136328,2755333438,2755334587,15992,1149
29526.147852,2755341866,2755343014,15837,1148
29526.158376,2755350487,2755351634,15939,1147
29526.168329,2755358958,2755360107,15961,1149
29526.179415,2755367383,2755368532,15861,1149
29526.188328,2755375764,2755376914,16036,1150
29526.200331,2755384231,2755385378,16044,1147
29526.210973,2755392753,2755393900,15925,1147
29526.220331,2755401196,2755402343,16047,1147
29526.232021,2755409674,2755410819,16075,1145
29526.242533,2755418042,2755419190,15902,1148
29526.252328,2755426561,2755427708,15978,1147
29526.263581,2755435134,2755436279,16079,1145
29526.272327,2755443435,2755444583,15922,1148
29526.284327,2755451675,2755452824,15889,1149
29526.295142,2755460028,2755461176,15984,1148
29526.304331,2755468501,2755469648,15834,1147
29526.316172,2755476951,2755478099,15847,1148
29526.326700,2755485523,2755486671,15954,1148
29526.336331,2755494036,2755495182,15861,1146
29526.347735,2755502502,2755503651,15929,1149
29526.356329,2755510951,2755512094,15960,1143
29526.368332,2755519319,2755520466,15922,1147
29526.379295,2755527533,2755528676,16035,1143
29526.388329,2755536002,2755537151,16078,1149
29526.400328,2755544531,2755545680,15924,1149
29526.410856,2755553080,2755554229,16030,1149
29526.420329,2755561576,2755562723,16039,1147
29526.431892,2755569871,2755571019,15923,1148
29526.442418,2755578222,2755579369,16033,1147
29526.452327,2755586662,2755587811,16055,1149
29526.463459,2755595214,2755596362,16000,1148
29526.472330,2755603590,2755604737,15940,1147
29526.484335,2755611934,2755613079,15955,1145
29526.495015,2755620273,2755621423,15862,1150
29526.504327,2755628919,2755630065,15941,1146
29526.516058,2755637409,2755638553,15968,1144
29526.526576,2755645629,2755646773,15868,1144
29526.536331,2755654019,2755655167,15909,1148
29526.547620,2755662520,2755663669,15964,1149
29526.556328,2755671040,2755672188,15836,1148
29526.568329,2755679385,2755680528,15967,1143
29526.579180,2755687720,2755688863,15970,1143
29526.588333,2755696203,2755697348,15836,1145
29526.600214,2755704764,2755705911,15940,1147
29526.610741,2755713259,2755714406,15961,1147
29526.620328,2755721684,2755722824,15837,1140
29526.631775,2755730024,2755731170,15949,1146
29526.640333,2755738447,2755739596,15965,1149
29526.652331,2755746947,2755748096,15835,1149
29526.663334,2755755465,2755756613,15845,1148
29526.672333,2755763885,2755765032,15967,1147
29526.684336,2755772226,2755773373,15831,1147
29526.694896,2755780675,2755781824,15942,1149
29526.704328,2755789152,2755790300,15968,1148
29526.715934,2755797550,2755798698,15874,1148
29526.726456,2755805875,2755807022,15938,1147
29526.736329,2755814423,2755815570,15959,1147
29526.747492,2755822818,2755823966,15823,1148
29526.756331,2755831420,2755832566,15947,1146
29526.768331,2755839843,2755840990,15955,1147
29526.779053,2755848354,2755849503,15832,1149
29526.788329,2755856921,2755858071,15948,1150
29526.800100,2755865350,2755866499,15961,1149
29526.810621,2755873800,2755874949,15909,1149
29526.820334,2755882343,2755883486,15945,1143
29526.831660,2755890621,2755891768,15968,1147
29526.840335,2755898837,2755899984,15830,1147
29526.852328,2755907207,2755908355,15944,1148
29526.863219,2755915738,2755916888,15973,1150
29526.872332,2755924261,2755925408,15830,1147
29526.884254,2755932558,2755933706,15946,1148
29526.894781,2755941117,2755942263,15953,1146
29526.904334,2755949418,2755950567,15825,1149
29526.915817,2755957869,2755959014,15964,1145
29526.924328,2755966281,2755967428,15966,1147
29526.936328,2755974608,2755975756,15834,1148
29526.947375,2755983008,2755984156,15938,1148
29526.956334,2755991468,2755992613,15971,1145
29526.968334,2756000015,2756001164,15834,1149
29526.978936,2756008391,2756009541,15942,1150
29526.988332,2756016912,2756018061,15970,1149
29526.999972,2756025507,2756026656,15829,1149
29527.010494,2756034172,2756035320,15847,1148
29527.020329,2756042772,2756043917,15969,1145
29527.031533,2756051439,2756052587,15819,1148
29527.040331,2756060053,2756061202,15941,1149
29527.052328,2756068604,2756069753,15970,1149
29527.063093,2756077372,2756078520,15847,1148
29527.072330,2756085892,2756087038,15942,1146
29527.084140,2756094363,2756095508,15963,1145
29527.094653,2756102909,2756104056,15830,1147
29527.104331,2756111336,2756112483,15945,1147
29527.115700,2756119709,2756120858,15952,1149
29527.124331,2756128352,2756129500,15824,1148
29527.136329,2756137022,2756138169,15944,1147
29527.147261,2756145250,2756146398,15972,1148
29527.156327,2756153646,2756154795,15912,1149
29527.168295,2756162138,2756163283,15949,1145
29527.178821,2756170659,2756171806,15972,1147
29527.188330,2756179053,2756180201,15830,1148
29527.199856,2756187501,2756188646,15949,1145
29527.210380,2756196020,2756197168,15964,1148
29527.220336,2756204511,2756205657,15834,1146
29527.231416,2756213027,2756214177,15945,1150
29527.240331,2756221385,2756222533,15968,1148
29527.252332,2756230035,2756231183,15824,1148
29527.262977,2756238777,2756239927,15962,1150
29527.272329,2756247322,2756248471,15968,1149
29527.284012,2756255822,2756256970,15828,1148
29527.296042,2756265549,2756266697,15974,1148
29527.306563,2756274123,2756275273,15912,1150
29527.316327,2756282452,2756283599,15951,1147
29527.327603,2756290974,2756292118,15966,1144
29527.336328,2756299519,2756300666,15834,1147
29527.348333,2756307962,2756309111,15943,1149
29527.359163,2756316582,2756317732,15971,1150
29527.368328,2756325255,2756326404,15828,1149
29527.380198,2756333929,2756335079,15936,1150
29527.390724,2756342504,2756343650,15967,1146
29527.400332,2756351124,2756352275,15833,1151
29527.411759,2756359624,2756360772,15959,1148
29527.420328,2756368173,2756369322,15971,1149
29527.432328,2756376557,2756377705,15834,1148
29527.443319,2756384867,2756386015,15951,1148
29527.452329,2756393442,2756394585,15990,1143
29527.464329,2756401792,2756402937,15817,1145
29527.474879,2756410189,2756411337,15942,1148
29527.484329,2756418810,2756419960,15972,1150
29527.495916,2756427141,2756428289,15831,1148
29527.506438,2756435605,2756436753,15854,1148
29527.516334,2756443961,2756445109,15970,1148
29527.527477,2756452261,2756453410,15825,1149
29527.536329,2756460692,2756461836,15947,1144
29527.548332,2756469387,2756470535,15960,1148
29527.559036,2756477864,2756479013,15847,1149
29527.568331,2756486383,2756487529,15946,1146
29527.580084,2756495028,2756496171,15966,1143
29527.590597,2756503621,2756504770,15835,1149
29527.600329,2756512200,2756513346,15945,1146
29527.611643,2756520773,2756521919,15954,1146
29527.620334,2756529099,2756530249,15835,1150
29527.632335,2756537504,2756538676,15936,1172
29527.643204,2756546016,2756547189,15974,1173
29527.652328,2756554610,2756555755,15907,1145
29527.664238,2756563008,2756564156,15936,1148
29527.674765,2756571727,2756572875,15974,1148
29527.684328,2756580175,2756581319,15821,1144
29527.695798,2756588419,2756589567,15948,1148
29527.704328,2756596883,2756598027,15975,1144
29527.716336,2756605303,2756606452,15832,1149
29527.727359,2756613630,2756614779,15944,1149
29527.736329,2756622157,2756623299,15971,1142
29527.748328,2756630459,2756631605,15828,1146
29527.758920,2756638960,2756640109,15956,1149
29527.768328,2756647459,2756648608,15969,1149
29527.779956,2756655833,2756656981,15829,1148
29527.790479,2756664182,2756665327,15944,1145
29527.800330,2756672792,2756673942,15961,1150
29527.811516,2756681297,2756682440,15833,1143
29527.820330,2756689714,2756690865,15944,1151
29527.832331,2756698162,2756699310,15969,1148
29527.843076,2756706627,2756707776,15831,1149
29527.852331,2756715251,2756716396,15847,1145
29527.864124,2756723673,2756724821,15960,1148
29527.874636,2756732154,2756733303,15829,1149
29527.884328,2756740760,2756741908,15951,1148
29527.895684,2756749238,2756750386,15969,1148
29527.904335,2756757885,2756759033,15852,1148
29527.916331,2756766616,2756767765,15936,1149
29527.927244,2756775086,2756776235,15973,1149
29527.936331,2756783565,2756784712,15831,1147
29527.948278,2756791924,2756793072,15942,1148
29527.958806,2756800645,2756801795,15949,1150
29527.968327,2756809177,2756810325,15831,1148
29527.979838,2756817558,2756818707,15945,1149
29527.990365,2756825962,2756827110,15965,1148
29528.000330,2756834730,2756835880,15910,1150
29528.011399,2756842916,2756844064,15948,1148
29528.020329,2756851267,2756852411,15969,1144
29528.032329,2756859664,2756860812,15834,1148
29528.042959,2756868194,2756869342,15944,1148
29528.052327,2756876544,2756877691,15973,1147
29528.063995,2756884971,2756886115,15831,1144
29528.074520,2756893430,2756894580,15915,1150
29528.084330,2756901975,2756903124,15963,1149
29528.095556,2756910399,2756911546,15834,1147
29528.104330,2756918894,2756920042,15954,1148
29528.116333,2756927110,2756928257,15967,1147
29528.127117,2756935707,2756936856,15832,1149
29528.136327,2756944328,2756945474,15949,1146
29528.148163,2756952904,2756954053,15956,1149
29528.158676,2756961502,2756962648,15829,1146
29528.168330,2756970220,2756971368,15950,1148
29528.179724,2756978841,2756979989,15970,1148
29528.188333,2756987242,2756988389,15831,1147
29528.200335,2756995559,2756996707,15848,1148
29528.211284,2757003977,2757005125,15955,1148
29528.220327,2757012524,2757013673,15832,1149
29528.232318,2757021073,2757022217,15937,1144
29528.242845,2757029514,2757030662,15960,1148
29528.252331,2757038212,2757039358,15828,1146
29528.263878,2757046764,2757047911,15945,1147
29528.274405,2757055067,2757056216,15969,1149
29528.284330,2757063498,2757064648,15833,1150
29528.295439,2757072050,2757073199,15941,1149
29528.304332,2757080697,2757081846,15956,1149
29528.316331,2757089118,2757090267,15830,1149
29528.327000,2757097712,2757098859,15949,1147
29528.336327,2757106215,2757107388,15968,1173
29528.348043,2757114935,2757116083,15903,1148
29528.358560,2757123505,2757124655,15944,1150
29528.368333,2757132059,2757133207,15970,1148
29528.379597,2757140462,2757141611,15831,1149
29528.388329,2757148793,2757149941,15944,1148
29528.400335,2757157200,2757158348,15966,1148
29528.411156,2757165675,2757166824,15829,1149
29528.420330,2757174237,2757175384,15942,1147
29528.432203,2757182759,2757183908,15967,1149
29528.442717,2757191190,2757192339,15830,1149
29528.452332,2757199787,2757200931,15965,1144
29528.463764,2757208191,2757209340,15957,1149
29528.472328,2757216590,2757217737,15830,1147
29528.484329,2757225143,2757226292,15946,1149
29528.495324,2757233548,2757234697,15971,1149
29528.504328,2757242120,2757243268,15831,1148
29528.516326,2757250451,2757251601,15945,1150
29528.526885,2757258792,2757259941,15960,1149
29528.536329,2757267366,2757268515,15830,1149
29528.547917,2757275868,2757277016,15849,1148
29528.558445,2757284419,2757285568,15971,1149
29528.568329,2757292874,2757294019,15830,1145
29528.579479,2757301296,2757302445,15946,1149
29528.588331,2757309813,2757310962,15971,1149
29528.600329,2757318269,2757319417,15847,1148
29528.611040,2757326648,2757327798,15945,1150
29528.620328,2757335313,2757336462,15969,1149
29528.632076,2757343917,2757345067,15836,1150
29528.642601,2757352464,2757353614,15949,1150
29528.652327,2757360892,2757362061,15946,1169
29528.663636,2757369413,2757370560,15827,1147
29528.672332,2757377864,2757379012,15948,1148
29528.684327,2757386292,2757387441,15965,1149
29528.695204,2757394842,2757395987,15913,1145
29528.704327,2757403312,2757404461,15943,1149
29528.716244,2757411816,2757412964,15966,1148
29528.726759,2757420391,2757421539,15824,1148
29528.736327,2757428995,2757430169,15947,1174
29528.747803,2757437569,2757438717,15976,1148
29528.756330,2757446141,2757447291,15832,1150
29528.768328,2757454716,2757455863,15938,1147
29528.779364,2757463310,2757464459,15965,1149
29528.788333,2757471957,2757473107,15822,1150
29528.800334,2757480451,2757481599,15961,1148
29528.810924,2757488951,2757490100,15969,1149
29528.820328,2757497270,2757498419,15822,1149
29528.831959,2757505969,2757507118,15948,1149
29528.842485,2757514591,2757515740,15966,1149
29528.852333,2757523219,2757524360,15848,1141
29528.863521,2757531762,2757532909,15942,1147
29528.872328,2757540259,2757541407,15969,1148
29528.884329,2757548506,2757549655,15830,1149
29528.895078,2757556924,2757558073,15849,1149
29528.904335,2757565573,2757566719,15970,1146
29528.916116,2757574050,2757575199,15829,1149
29528.926637,2757582693,2757583849,15984,1156
29528.936331,2757591400,2757592573,15966,1173
29528.947676,2757599976,2757601127,15844,1151
29528.956331,2757608605,2757609751,15951,1146
29528.968329,2757616978,2757618126,15960,1148
29528.979237,2757625571,2757626716,15834,1145
29528.988333,2757634113,2757635262,15943,1149
29529.000284,2757642631,2757643779,15944,1148
29529.010797,2757651345,2757652495,15832,1150
29529.020329,2757659709,2757660856,15944,1147
29529.031844,2757668083,2757669232,15971,1149
29529.042365,2757676602,2757677749,15907,1147
29529.052328,2757685033,2757686180,15943,1147
29529.063405,2757693683,2757694832,15974,1149
29529.072329,2757702335,2757703484,15827,1149
29529.084328,2757710829,2757711977,15949,1148
29529.094963,2757719325,2757720474,15970,1149
29529.104335,2757728023,2757729172,15833,1149
29529.115999,2757736713,2757737862,15945,1149
29529.126526,2757745289,2757746438,15968,1149
29529.136334,2757753902,2757755051,15833,1149
29529.147561,2757762501,2757763649,15961,1148
29529.156328,2757770980,2757772126,15966,1146
29529.168327,2757779454,2757780601,15832,1147
29529.179120,2757787690,2757788839,15946,1149
29529.188329,2757796429,2757797576,15972,1147
29529.200156,2757804753,2757805901,15833,1148
29529.210680,2757813392,2757814541,15942,1149
29529.220329,2757821819,2757822967,15967,1148
29529.231719,2757830245,2757831394,15823,1149
29529.240333,2757838549,2757839698,15848,1149
29529.252332,2757846931,2757848077,15971,1146
29529.263277,2757855284,2757856432,15835,1148
29529.272330,2757863676,2757864849,15948,1173
29529.284324,2757872202,2757873351,15969,1149
29529.294837,2757880642,2757881788,15845,1146
29529.304327,2757889281,2757890430,15945,1149
29529.315884,2757897682,2757898831,15967,1149
29529.326398,2757906301,2757907446,15834,1145
29529.336334,2757914568,2757915717,15845,1149
29529.347444,2757922996,2757924144,15969,1148
29529.356332,2757931553,2757932703,15827,1150
29529.368328,2757940180,2757941356,15947,1176
29529.379005,2757948885,2757950034,15971,1149
29529.388329,2757957342,2757958491,15902,1149
29529.400040,2757965822,2757966971,15942,1149
29529.410565,2757974542,2757975692,15965,1150
29529.420330,2757983023,2757984173,15831,1150
29529.431599,2757991452,2757992602,15936,1150
29529.440332,2757999953,2758001101,15968,1148
29529.452327,2758008401,2758009546,15816,1145
29529.463160,2758016755,2758017902,15939,1147
29529.472330,2758025275,2758026422,15970,1147
29529.484197,2758033727,2758034877,15838,1150
29529.494722,2758042574,2758043720,15961,1146
29529.504328,2758051024,2758052173,15967,1149
29529.515757,2758059406,2758060554,15822,1148
29529.524329,2758067954,2758069103,15947,1149
29529.536331,2758076378,2758077528,15970,1150
29529.547318,2758084742,2758085891,15838,1149
29529.556331,2758093420,2758094568,15948,1148
29529.568331,2758101872,2758103019,15973,1147
29529.578877,2758110644,2758111793,15826,1149
29529.588329,2758119295,2758120445,15842,1150
29529.599924,2758127949,2758129099,15969,1150
29529.610438,2758136479,2758137629,15822,1150
29529.620333,2758145028,2758146177,15945,1149
29529.631485,2758153797,2758154946,15968,1149
29529.640330,2758162573,2758163724,15845,1151
29529.652331,2758171196,2758172343,15944,1147
29529.663045,2758179624,2758180770,15968,1146
29529.672332,2758188339,2758189488,15833,1149
29529.684080,2758196695,2758197842,15943,1147
29529.694606,2758205092,2758206241,15949,1149
29529.704326,2758213540,2758214688,15836,1148
29529.715640,2758222160,2758223309,15949,1149
29529.724329,2758230757,2758231906,15968,1149
29529.736327,2758239355,2758240505,15891,1150
29529.747200,2758247723,2758248872,15942,1149
29529.756328,2758256278,2758257428,15959,1150
29529.768236,2758264927,2758266074,15823,1147
29529.778760,2758273477,2758274628,15943,1151
29529.788328,2758282031,2758283179,15973,1148
29529.799796,2758290634,2758291782,15807,1148
29529.808329,2758299150,2758300298,15945,1148
29529.820326,2758307595,2758308769,15964,1174
29529.831357,2758315948,2758317096,15832,1148
29529.840329,2758324543,2758325693,15964,1150
29529.852328,2758333140,2758334287,15971,1147
29529.862917,2758341694,2758342843,15836,1149
29529.872330,2758350270,2758351443,15935,1173
29529.883965,2758358778,2758359927,15972,1149
29529.894480,2758367379,2758368530,15822,1151
29529.904334,2758376052,2758377199,15944,1147
29529.915525,2758384722,2758385870,15968,1148
29529.924332,2758393269,2758394413,15831,1144
29529.936329,2758401814,2758402963,15851,1149
29529.947087,2758410214,2758411368,16018,1154
29529.956328,2758418795,2758419945,15833,1150
29529.968120,2758427369,2758428513,15947,1144
29529.978646,2758435753,2758436902,15973,1149
29529.988336,2758444302,2758445451,15844,1149
29529.999680,2758452882,2758454028,15945,1146
29530.008331,2758461505,2758462654,15966,1149
29530.020331,2758470100,2758471248,15827,1148
29530.031241,2758478525,2758479673,15942,1148
29530.040333,2758487175,2758488347,15950,1172
29530.052280,2758495720,2758496890,15863,1170
29530.062801,2758504364,2758505513,15943,1149
29530.072336,2758512942,2758514116,15972,1174
29530.083844,2758521550,2758522699,15907,1149
29530.094361,2758530005,2758531153,15935,1148
29530.104328,2758538503,2758539654,15971,1151
29530.115397,2758547153,2758548303,15813,1150
29530.124327,2758556005,2758557155,15975,1150
29530.136335,2758564708,2758565859,15921,1151
29530.146958,2758573119,2758574269,15836,1150
29530.156333,2758581690,2758582840,15999,1150
29530.168005,2758590295,2758591443,15918,1148
29530.178519,2758598869,2758600020,15825,1151
29530.188328,2758607491,2758608663,16003,1172
29530.199565,2758616063,2758617209,15969,1146
29530.208327,2758624531,2758625700,15830,1169
29530.220334,2758632969,2758634116,15947,1147
29530.231126,2758641451,2758642601,15967,1150
29530.240329,2758650197,2758651348,15826,1151
29530.252157,2758658777,2758659950,15893,1173
29530.262687,2758667380,2758668529,15963,1149
29530.272334,2758675758,2758676906,15831,1148
29530.283718,2758684180,2758685353,15850,1173
29530.292334,2758692659,2758693831,15969,1172
29530.304331,2758701108,2758702252,15833,1144
29530.315281,2758709588,2758710740,15916,1152
29530.324330,2758718248,2758719397,15967,1149
29530.336317,2758726801,2758727951,15847,1150
29530.346841,2758735501,2758736651,15914,1150
29530.356329,2758744072,2758745223,15999,1151
29530.367877,2758752819,2758753964,15826,1145
29530.378401,2758761251,2758762399,15945,1148
29530.388330,2758769633,2758770805,15954,1172
29530.399437,2758778354,2758779503,15832,1149
29530.408329,2758786856,2758788004,15939,1148
29530.420334,2758795354,2758796502,15970,1148
29530.431005,2758803851,2758804997,15909,1146
29530.440328,2758812375,2758813524,15948,1149
29530.452045,2758820904,2758822050,15970,1146
29530.462558,2758829472,2758830621,15830,1149
29530.472333,2758837969,2758839117,15945,1148
29530.483604,2758846716,2758847865,15970,1149
29530.492328,2758855601,2758856776,15858,1175
29530.504335,2758864010,2758865159,15946,1149
29530.515166,2758872246,2758873394,15973,1148
29530.524329,2758880985,2758882134,15830,1149
29530.536201,2758889452,2758890601,15965,1149
29530.546726,2758898004,2758899154,15972,1150
29530.556329,2758906704,2758907853,15829,1149
29530.567760,2758915341,2758916490,15946,1149
29530.576328,2758923800,2758924948,15969,1148
29530.588327,2758932569,2758933717,15834,1148
29530.599323,2758941211,2758942360,15942,1149
29530.608332,2758949759,2758950909,15970,1150
29530.620330,2758958331,2758959481,15833,1150
29530.630879,2758966883,2758968056,15852,1173
29530.640330,2758975363,2758976513,15975,1150
29530.651918,2758983965,2758985137,15829,1172
29530.662441,2758992690,2758993839,15939,1149
29530.672331,2759001532,2759002682,15966,1150
29530.683478,2759010177,2759011326,15844,1149
29530.692328,2759018893,2759020066,15948,1173
29530.704333,2759027271,2759028420,15994,1149
29530.715039,2759035576,2759036722,15831,1146
29530.724327,2759044381,2759045530,15946,1149
29530.736085,2759052998,2759054149,16005,1151
29530.746601,2759061424,2759062597,15866,1173
29530.756327,2759070057,2759071230,15945,1173
29530.767647,2759078563,2759079711,15990,1148
29530.776329,2759087163,2759088311,15911,1148
29530.788328,2759095737,2759096885,15943,1148
29530.799206,2759104350,2759105500,15993,1150
29530.808330,2759113096,2759114268,15835,1172
29530.820239,2759121594,2759122743,15942,1149
29530.830763,2759130385,2759131535,15951,1150
29530.840331,2759139013,2759140163,15837,1150
29530.851800,2759147562,2759148709,15937,1147
29530.860328,2759156137,2759157306,15980,1169
29530.872328,2759164753,2759165902,15832,1149
29530.883362,2759173128,2759174275,15964,1147
29530.892329,2759181745,2759182892,15973,1147
29530.904330,2759190240,2759191387,15825,1147
29530.914922,2759198967,2759200115,15943,1148
29530.924331,2759207491,2759208638,15968,1147
29530.935958,2759216035,2759217185,15836,1150
29530.946482,2759224805,2759225978,15938,1173
29530.956333,2759233448,2759234621,15983,1173
29530.967521,2759242127,2759243278,15818,1151
29530.976335,2759250734,2759251882,15853,1148
29530.988330,2759259227,2759260376,15967,1149
29530.999078,2759267606,2759268756,15827,1150
29531.008329,2759276216,2759277364,15942,1148
29531.020125,2759284691,2759285840,15993,1149
29531.030638,2759293003,2759294151,15846,1148
29531.040332,2759301618,2759302768,15937,1150
29531.051686,2759309976,2759311123,15965,1147
29531.060330,2759318450,2759319600,15837,1150
29531.072334,2759326852,2759327996,15931,1144
29531.083246,2759335567,2759336711,15944,1144
29531.092327,2759344403,2759345554,15838,1151
29531.104280,2759352786,2759353934,15932,1148
29531.114806,2759361382,2759362532,15957,1150
29531.124327,2759369960,2759371132,15908,1172
29531.135840,2759378585,2759379736,15944,1151
29531.146367,2759386966,2759388140,15985,1174
29531.156331,2759395451,2759396623,15833,1172
29531.167401,2759404272,2759405420,15938,1148
29531.176327,2759412690,2759413865,15967,1175
29531.188336,2759421223,2759422372,15821,1149
29531.198961,2759429925,2759431098,15944,1173
29531.208328,2759438468,2759439617,15984,1149
29531.219997,2759447050,2759448199,15829,1149
29531.230523,2759455601,2759456748,15961,1147
29531.240330,2759464243,2759465393,15986,1150
29531.251558,2759472747,2759473896,15832,1149
29531.260335,2759481297,2759482448,15944,1151
29531.272328,2759489701,2759490874,15985,1173
29531.283119,2759498147,2759499295,15832,1148
29531.292333,2759506641,2759507814,15942,1173
29531.304165,2759515187,2759516338,15990,1151
29531.314679,2759523708,2759524880,15832,1172
29531.324330,2759532164,2759533308,15848,1144
29531.335726,2759540689,2759541839,15966,1150
29531.344332,2759549316,2759550490,15832,1174
29531.356331,2759557771,2759558921,15947,1150
29531.367286,2759566374,2759567521,15990,1147
29531.376330,2759574848,2759576017,15845,1169
29531.388320,2759583290,2759584440,15943,1150
29531.398847,2759591840,2759592990,15993,1150
29531.408329,2759600345,2759601518,15831,1173
29531.419881,2759608773,2759609919,15947,1146
29531.430407,2759617541,2759618718,16006,1177
29531.440329,2759626267,2759627417,15832,1150
29531.451441,2759634793,2759635944,15948,1151
29531.460331,2759643395,2759644542,15967,1147
29531.472329,2759651945,2759653095,15912,1150
29531.483002,2759660447,2759661620,15944,1173
29531.492328,2759669253,2759670404,15988,1151
29531.504037,2759677849,2759678997,15836,1148
29531.514562,2759686517,2759687666,15945,1149
29531.524328,2759695218,2759696367,15975,1149
29531.535598,2759703796,2759704946,15846,1150
29531.544332,2759712519,2759713669,15943,1150
29531.556328,2759720867,2759722016,15988,1149
29531.567158,2759729390,2759730538,15831,1148
29531.576328,2759738091,2759739241,15960,1150
29531.588206,2759746602,2759747752,15974,1150
29531.598719,2759755280,2759756430,15830,1150
29531.608331,2759763932,2759765081,15949,1149
29531.619765,2759772478,2759773651,15985,1173
29531.628329,2759781006,2759782155,15831,1149
29531.640332,2759789552,2759790726,15940,1174
29531.651326,2759798216,2759799364,15989,1148
29531.660332,2759806673,2759807846,15860,1173
29531.672331,2759815452,2759816602,15851,1150
29531.682887,2759824128,2759825301,15969,1173
29531.692328,2759832757,2759833906,15811,1149
29531.703921,2759841473,2759842646,15938,1173
29531.714449,2759850221,2759851370,16009,1149
29531.724330,2759858797,2759859947,15849,1150
29531.735481,2759867283,2759868432,15947,1149
29531.744331,2759875955,2759877127,15988,1172
29531.756329,2759884677,2759885826,15827,1149
29531.767042,2759893255,2759894427,15946,1172
29531.782077,2759902726,2759903434,13867,708
29531.792331,2759907340,2759907975,11959,635
29531.803116,2759911468,2759912109,12137,641
29531.812329,2759918714,2759919858,15916,1144
29531.824148,2759926978,2759928127,15847,1149
29531.834673,2759935260,2759936409,15971,1149
29531.844329,2759943678,2759944822,15909,1144
29531.855706,2759952416,2759953565,15861,1149
29531.864329,2759961066,2759962214,15987,1148
29531.876332,2759969692,2759970842,15913,1150
29531.887267,2759978296,2759979446,15865,1150
29531.896332,2759987143,2759988293,15975,1150
29531.908314,2759995600,2759996748,15916,1148
29531.918834,2760004129,2760005278,15896,1149
29531.928336,2760012698,2760013872,15974,1174
29531.939875,2760021238,2760022387,15934,1149
29531.950388,2760029795,2760030944,15842,1149
29531.960327,2760038501,2760039676,15970,1175
29531.971434,2760047160,2760048309,15920,1149
29531.980333,2760055883,2760057057,15875,1174
29531.992334,2760064403,2760065554,15983,1151
29532.002994,2760072914,2760074063,15909,1149
29532.012333,2760081560,2760082734,15840,1174
29532.024033,2760090086,2760091236,15987,1150
29532.034555,2760098776,2760099925,15909,1149
29532.044327,2760107379,2760108529,15846,1150
29532.055595,2760115955,2760117105,15992,1150
29532.064332,2760124338,2760125510,15920,1172
29532.076330,2760132935,2760134084,15831,1149
29532.087155,2760141402,2760142550,15998,1148
29532.096327,2760150190,2760151368,15915,1178
29532.108189,2760158946,2760160124,15865,1178
29532.118716,2760167897,2760169047,15924,1150
29532.128328,2760176402,2760177552,15912,1150
29532.139747,2760184979,2760186129,15809,1150
29532.148332,2760193606,2760194753,15982,1147
29532.160336,2760202083,2760203233,15919,1150
29532.171308,2760210733,2760211882,15830,1149
29532.180335,2760219411,2760220586,15981,1175
29532.192330,2760228031,2760229180,15905,1149
29532.202868,2760236612,2760237760,15850,1148
29532.212327,2760245142,2760246315,15972,1173
29532.223913,2760253898,2760255069,15915,1171
29532.234431,2760262498,2760263647,15880,1149
29532.244329,2760271241,2760272413,15998,1172
29532.255475,2760279848,2760281023,15917,1175
29532.264327,2760288674,2760289846,15908,1172
29532.276336,2760297395,2760298568,15973,1173
29532.287037,2760304370,2760305519,15819,1149
29532.296333,2760312964,2760314110,15860,1146
29532.308073,2760321466,2760322614,15982,1148
29532.318597,2760330060,2760331233,15907,1173
29532.328332,2760338712,2760339862,15813,1150
29532.339634,2760347313,2760348460,15987,1147
29532.348331,2760355916,2760357086,15914,1170
29532.360333,2760364685,2760365859,15820,1174
29532.371194,2760373238,2760374413,15987,1175
29532.380331,2760382199,2760383374,15929,1175
29532.392226,2760390855,2760392029,15849,1174
29532.402755,2760399394,2760400546,15990,1152
29532.412332,2760407957,2760409107,15997,1150
29532.423787,2760416706,2760417879,15950,1173
29532.432327,2760425475,2760426649,16061,1174
29532.444327,2760434124,2760435298,16006,1174
29532.455347,2760442946,2760444096,15914,1150
29532.464331,2760451481,2760452654,15913,1173
29532.476329,2760460383,2760461533,15931,1150
29532.486908,2760469105,2760470255,15844,1150
29532.496330,2760477617,2760478766,15969,1149
29532.507954,2760486199,2760487348,15924,1149
29532.518468,2760494650,2760495800,15844,1150
29532.528330,2760503303,2760504452,15967,1149
29532.539512,2760511688,2760512838,15913,1150
29532.548331,2760520282,2760521430,15850,1148
29532.560329,2760528887,2760530036,15979,1149
29532.571073,2760537471,2760538620,15899,1149
29532.580335,2760546193,2760547366,15887,1173
29532.592114,2760554791,2760555938,15986,1147
29532.602637,2760563572,2760564722,16015,1150
29532.612327,2760572189,2760573363,15996,1174
29532.623675,2760580647,2760581797,16088,1150
29532.632333,2760589027,2760590175,16005,1148
29532.644333,2760597601,2760598774,15950,1173
29532.655234,2760606184,2760607334,15984,1150
29532.664328,2760614738,2760615888,15897,1150
29532.676267,2760623365,2760624515,15918,1150
29532.686794,2760631815,2760632962,16071,1147
29532.696327,2760640339,2760641518,15994,1179
29532.707828,2760649024,2760650169,15916,1145
29532.718355,2760657541,2760658688,15988,1147
29532.728329,2760666140,2760667314,15914,1174
29532.739388,2760674819,2760675970,15849,1151
29532.748327,2760683562,2760684734,15996,1172
29532.760336,2760692034,2760693184,15918,1150
29532.770948,2760700565,2760701738,15838,1173
29532.780328,2760709292,2760710465,15999,1173
29532.791996,2760718086,2760719235,15926,1149
29532.804016,2760727903,2760729050,16029,1147
29532.814539,2760736729,2760737907,15920,1178
29532.824330,2760745612,2760746786,15864,1174
29532.835577,2760754149,2760755322,15974,1173
29532.844327,2760762674,2760763848,15900,1174
29532.856334,2760771516,2760772689,15879,1173
29532.867137,2760780142,2760781292,15990,1150
29532.876334,2760788823,2760789997,15912,1174
29532.888169,2760797506,2760798656,15849,1150
29532.898699,2760806258,2760807404,16001,1146
29532.908334,2760815008,2760816184,15918,1176
29532.919731,2760823590,2760824739,15845,1149
29532.928328,2760832045,2760833218,15970,1173
29532.940333,2760840619,2760841765,15919,1146
29532.951291,2760849310,2760850460,15833,1150
29532.960333,2760858129,2760859304,15919,1175
29532.972328,2760867035,2760868209,15911,1174
29532.982851,2760875736,2760876884,15835,1148
29532.992333,2760884335,2760885508,15986,1173
29533.003896,2760892892,2760894067,15911,1175
29533.014414,2760901466,2760902642,15858,1176
29533.024330,2760910348,2760911523,15977,1175
29533.035456,2760918923,2760920069,15902,1146
29533.044327,2760927647,2760928821,15844,1174
29533.056330,2760936248,2760937422,15968,1174
29533.067017,2760944700,2760945875,15913,1175
29533.076333,2760953292,2760954463,15879,1171
29533.088058,2760962114,2760963288,15999,1174
29533.098579,2760970961,2760972134,15901,1173
29533.108332,2760979953,2760981128,15885,1175
29533.119618,2760988689,2760989864,15968,1175
29533.128333,2760997292,2760998441,15913,1149
29533.140336,2761005961,2761007133,15858,1172
29533.151177,2761014786,2761015959,15975,1173
29533.160327,2761023685,2761024857,15909,1172
29533.172212,2761032406,2761033581,15860,1175
29533.182738,2761041078,2761042248,15986,1170
29533.192328,2761049578,2761050750,15912,1172
29533.203773,2761058283,2761059458,15881,1175
29533.212327,2761066975,2761068149,16060,1174
29533.224330,2761075829,2761077007,16001,1178
29533.235330,2761084439,2761085590,15952,1151
29533.244332,2761093045,2761094195,16077,1150
29533.256327,2761101649,2761102823,16002,1174
29533.266891,2761110322,2761111495,15950,1173
29533.276328,2761118903,2761120078,16045,1175
29533.287938,2761127753,2761128903,16020,1150
29533.298451,2761136619,2761137792,15937,1173
29533.308328,2761145326,2761146500,16006,1174
29533.319497,2761154025,2761155199,16007,1174
29533.328327,2761162676,2761163850,15842,1174
29533.340329,2761171426,2761172600,15941,1174
29533.351056,2761180321,2761181471,15910,1150
29533.360330,2761189072,2761190246,15868,1174
29533.372095,2761197871,2761199020,15969,1149
29533.382616,2761206791,2761207963,15915,1172
29533.392331,2761215444,2761216618,15926,1174
29533.403657,2761224043,2761225192,16079,1149
29533.412329,2761232743,2761233917,16000,1174
29533.424335,2761241637,2761242811,15885,1174
29533.435218,2761250691,2761251866,15970,1175
29533.444328,2761259562,2761260707,15932,1145
29533.456256,2761268138,2761269312,15911,1174
29533.466778,2761276715,2761277866,15990,1151
29533.476331,2761285395,2761286565,15917,1170
29533.487810,2761294256,2761295406,15846,1150
29533.498337,2761303009,2761304157,15965,1148
29533.508329,2761311683,2761312858,15920,1175
29533.519373,2761320287,2761321461,15962,1174
29533.528332,2761329264,2761330438,16057,1174
29533.540336,2761337894,2761339068,15998,1174
29533.550931,2761346496,2761347670,15952,1174
29533.560333,2761355069,2761356242,16053,1173
29533.571977,2761363960,2761365110,15934,1150
29533.582492,2761372643,2761373816,15950,1173
29533.592329,2761381436,2761382608,16071,1172
29533.603538,2761390018,2761391191,15999,1173
29533.612330,2761398747,2761399920,15843,1173
29533.624333,2761407389,2761408539,15995,1150
29533.635100,2761416020,2761417193,16005,1173
29533.644328,2761424947,2761426122,15917,1175
29533.656138,2761433577,2761434728,16008,1151
29533.666661,2761442410,2761443562,16012,1152
29533.676334,2761451046,2761452221,15918,1175
29533.687697,2761459575,2761460753,16036,1178
29533.696330,2761468086,2761469257,16017,1171
29533.708329,2761476591,2761477766,15945,1175
29533.719257,2761485119,2761486294,16068,1175
29533.728329,2761494041,2761495192,15999,1151
29533.740290,2761502817,2761503969,15852,1152
29533.750819,2761511574,2761512724,15989,1150
29533.760327,2761520228,2761521377,15938,1149
29533.771853,2761528784,2761529958,15879,1174
29533.782380,2761537663,2761538834,15988,1171
29533.792329,2761546383,2761547557,15911,1174
29533.803418,2761554962,2761556110,15912,1148
29533.812332,2761563685,2761564856,15972,1171
29533.824328,2761572201,2761573376,15901,1175
29533.834971,2761581049,2761582222,15829,1173
29533.844330,2761589650,2761590827,15946,1177
29533.856019,2761598034,2761599208,16001,1174
29533.866532,2761606662,2761607811,15902,1149
29533.876328,2761615385,2761616534,16075,1149
29533.887577,2761623967,2761625117,15995,1150
29533.896330,2761632792,2761633964,15929,1172
29533.908333,2761641495,2761642669,16078,1174
29533.919138,2761650127,2761651301,16000,1174
29533.928328,2761658971,2761660145,15936,1174
29533.940180,2761667697,2761668845,16084,1148
29533.950700,2761676417,2761677568,16006,1151
29533.960333,2761684952,2761686125,15958,1173
29533.971740,2761693892,2761695041,16003,1149
29533.980331,2761702500,2761703674,15916,1174
29533.992331,2761711275,2761712423,15840,1148
29534.003299,2761719972,2761721121,15918,1149
29534.012327,2761728787,2761729936,15919,1149
29534.024328,2761737534,2761738684,15815,1150
29534.034857,2761746151,2761747299,15960,1148
29534.044332,2761755000,2761756175,15902,1175
29534.055893,2761763849,2761765022,15871,1173
29534.066418,2761772541,2761773692,15972,1151
29534.076334,2761781028,2761782202,15915,1174
29534.087451,2761789823,2761790972,15862,1149
29534.096327,2761798368,2761799540,15976,1172
29534.108335,2761806892,2761808067,15929,1175
29534.119012,2761815692,2761816866,15847,1174
29534.128329,2761824340,2761825488,15978,1148
29534.140057,2761833082,2761834228,15918,1146
29534.150578,2761841779,2761842927,15896,1148
29534.160333,2761850473,2761851647,15959,1174
29534.171618,2761859272,2761860421,15902,1149
29534.180331,2761868143,2761869315,15843,1172
29534.192335,2761876850,2761878024,15972,1174
29534.203179,2761885543,2761886693,15938,1150
29534.212330,2761894326,2761895499,15870,1173
29534.224216,2761903004,2761904153,15971,1149
29534.234738,2761911800,2761912974,15903,1174
29534.244333,2761920676,2761921854,15883,1178
29534.255778,2761929502,2761930677,15959,1175
29534.264328,2761938320,2761939499,15911,1179
29534.276329,2761947252,2761948428,15871,1176
29534.287339,2761955956,2761957128,16002,1172
29534.296334,2761964852,2761966025,15912,1173
29534.308332,2761973557,2761974729,15879,1172
29534.318899,2761982184,2761983335,15997,1151
29534.328327,2761990813,2761991986,15912,1173
29534.339931,2761999444,2762000618,15823,1174
29534.350460,2762008366,2762009515,15919,1149
29534.360334,2762017125,2762018298,15933,1173
29534.371491,2762025783,2762026958,15834,1175
29534.380326,2762034585,2762035758,15977,1173
29534.392329,2762043288,2762044462,15915,1174
29534.403052,2762052111,2762053262,15809,1151
29534.412332,2762060825,2762061999,15986,1174
29534.424098,2762069622,2762070796,15899,1174
29534.436121,2762079414,2762080562,16045,1148
29534.446643,2762087976,2762089147,15913,1171
29534.456331,2762096724,2762097897,15843,1173
29534.467682,2762105399,2762106571,16001,1172
29534.476327,2762114098,2762115270,15929,1172
29534.488330,2762122705,2762123878,15865,1173
29534.499242,2762131478,2762132625,15918,1147
29534.508332,2762140333,2762141505,15914,1172
29534.520273,2762149153,2762150306,15829,1153
29534.530803,2762157832,2762159004,16047,1172
29534.540332,2762166559,2762167727,16002,1168
29534.551834,2762175205,2762176354,15921,1149
29534.562362,2762184086,2762185256,16069,1170
29534.572329,2762192970,2762194142,16000,1172
29534.583397,2762201771,2762202946,15964,1175
29534.592331,2762210452,2762211624,16073,1172
29534.604334,2762219279,2762220451,15987,1172
29534.614955,2762228003,2762229176,15915,1173
29534.624333,2762236513,2762237661,16079,1148
29534.636001,2762245249,2762246396,15912,1147
29534.646522,2762254021,2762255166,15892,1145
29534.656330,2762262728,2762263902,15966,1174
29534.667561,2762271408,2762272580,15908,1172
29534.676329,2762279959,2762281131,15862,1172
29534.688327,2762288534,2762289682,15979,1148
29534.699123,2762297436,2762298610,15907,1174
29534.708333,2762306208,2762307380,15863,1172
29534.720160,2762314936,2762316108,15979,1172
29534.730681,2762323764,2762324935,15907,1171
29534.740330,2762332787,2762333958,15845,1171
29534.751720,2762341386,2762342559,16041,1173
29534.760328,2762350089,2762351260,15997,1171
29534.772328,2762358613,2762359785,15934,1172
29534.783282,2762367288,2762368460,16082,1172
29534.792330,2762375865,2762377037,15986,1172
29534.804313,2762384759,2762385903,15914,1144
29534.814842,2762393479,2762394651,16080,1172
29534.824334,2762402117,2762403288,16000,1171
29534.835874,2762410775,2762411947,15914,1172
29534.846403,2762419390,2762420562,15911,1172
29534.856333,2762428001,2762429173,15913,1172
29534.867434,2762436676,2762437847,15841,1171
29534.876328,2762445577,2762446749,15957,1172
29534.888331,2762454478,2762455625,15926,1147
29534.898994,2762463033,2762464208,15832,1175
29534.908328,2762471882,2762473054,15948,1172
29534.920040,2762480583,2762481733,15928,1150
29534.930555,2762489281,2762490453,15859,1172
29534.940333,2762498125,2762499297,15981,1172
29534.951599,2762506678,2762507825,15907,1147
29534.960328,2762515431,2762516602,15840,1171
29534.972328,2762524135,2762525307,15959,1172
29534.983161,2762532780,2762533928,15912,1148
29534.992329,2762541579,2762542752,15910,1173
29535.004200,2762550405,2762551581,15981,1176
29535.014722,2762559156,2762560328,15912,1172
29535.024330,2762568216,2762569388,15848,1172
29535.035759,2762577017,2762578164,15961,1147
29535.044330,2762585670,2762586840,15908,1170
29535.056329,2762594555,2762595727,15828,1172
29535.067319,2762603064,2762604213,15966,1149
29535.076336,2762611865,2762613036,15924,1171
29535.088332,2762620540,2762621710,15836,1170
29535.098880,2762629192,2762630339,15975,1147
29535.108330,2762637850,2762639022,15898,1172
29535.119917,2762646407,2762647580,15892,1173
29535.130442,2762655019,2762656191,15950,1172
29535.140327,2762663576,2762664748,15915,1172
29535.151474,2762672331,2762673503,15856,1172
29535.160332,2762681134,2762682303,15960,1169
29535.172332,2762689823,2762690995,15950,1172
29535.183034,2762698417,2762699565,15845,1148
29535.192330,2762707203,2762708374,15916,1171
29535.204080,2762715831,2762716979,15911,1148
29535.214595,2762724635,2762725808,15829,1173
29535.224334,2762733568,2762734741,15967,1173
29535.235639,2762742369,2762743539,15905,1170
29535.244327,2762751167,2762752337,15871,1170
29535.256331,2762759895,2762761068,15980,1173
29535.267201,2762768560,2762769733,15912,1173
29535.276331,2762777436,2762778607,15841,1171
29535.288242,2762786261,2762787408,15995,1147
29535.298762,2762795133,2762796277,15889,1144
29535.308331,2762803807,2762804979,15837,1172
29535.319802,2762812642,2762813789,15983,1147
29535.328329,2762821293,2762822466,15913,1173
29535.340332,2762830007,2762831178,15900,1171
29535.351362,2762838727,2762839875,15989,1148
29535.360332,2762847428,2762848598,15912,1170
29535.372334,2762856059,2762857206,15826,1147
29535.382921,2762864689,2762865836,15981,1147
29535.392328,2762873412,2762874584,15918,1172
29535.403957,2762882087,2762883259,15854,1172
29535.414482,2762890812,2762891959,15976,1147
29535.424327,2762899589,2762900760,15910,1171
29535.435515,2762908367,2762909539,15845,1172
29535.444331,2762917094,2762918263,15980,1169
29535.456331,2762925765,2762926936,15897,1171
29535.467077,2762934429,2762935577,15850,1148
29535.476333,2762943206,2762944378,15992,1172
29535.488122,2762951839,2762953011,15902,1172
29535.498635,2762960566,2762961740,15847,1174
29535.508330,2762969206,2762970378,15994,1172
29535.519682,2762978032,2762979203,15912,1171
29535.528331,2762986856,2762988027,15808,1171
29535.540330,2762995836,2762997008,15916,1172
29535.551243,2763004488,2763005660,15990,1172
29535.560328,2763013393,2763014564,15909,1171
29535.572281,2763022180,2763023327,16066,1147
29535.582801,2763030927,2763032076,15998,1149
29535.592328,2763039743,2763040916,15916,1173
29535.603841,2763048324,2763049469,16073,1145
29535.614362,2763057019,2763058193,15985,1174
29535.624333,2763065923,2763067071,15911,1148
29535.635402,2763074805,2763075954,16082,1149
29535.644332,2763083461,2763084631,15999,1170
29535.656330,2763092217,2763093365,15917,1148
29535.666961,2763100892,2763102041,16062,1149
29535.676335,2763109671,2763110842,15992,1171
29535.688000,2763118524,2763119671,15995,1147
29535.698522,2763127400,2763128572,16060,1172
29535.708327,2763136277,2763137445,16004,1168
29535.719555,2763144954,2763146100,15924,1146
29535.728327,2763153428,2763154596,16055,1168
29535.740329,2763162242,2763163414,15998,1172
29535.751115,2763170817,2763171989,15932,1172
29535.760330,2763179663,2763180832,16054,1169
29535.772159,2763188408,2763189558,16001,1150
29535.782678,2763196744,2763197917,15885,1173
29535.792331,2763205541,2763206712,15899,1171
29535.803725,2763214336,2763215508,15992,1172
29535.812333,2763223055,2763224223,15828,1168
29535.824331,2763231925,2763233073,15933,1148
29535.835283,2763240628,2763241800,15984,1172
29535.844331,2763249528,2763250700,15830,1172
29535.856316,2763258331,2763259479,15938,1148
29535.866847,2763267295,2763268444,16081,1149
29535.876330,2763275987,2763277158,15826,1171
29535.887875,2763284696,2763285867,15844,1171
29535.898405,2763293741,2763294889,16005,1148
29535.908331,2763302277,2763303447,15827,1170
29535.919437,2763310903,2763312051,15941,1148
29535.928332,2763319556,2763320729,15990,1173
29535.940331,2763328386,2763329534,15815,1148
29535.950997,2763337048,2763338220,15935,1172
29535.960327,2763345719,2763346890,15983,1171
29535.972034,2763354374,2763355545,15819,1171
29535.982558,2763363098,2763364270,15933,1172
29535.992332,2763371750,2763372922,15996,1172
29536.003595,2763380596,2763381743,15820,1147
29536.012336,2763389248,2763390396,15932,1148
29536.024328,2763398024,2763399198,16018,1174
29536.035162,2763406602,2763407750,15906,1148
29536.044330,2763415498,2763416668,15930,1170
29536.056204,2763424051,2763425223,16043,1172
29536.066711,2763432648,2763433795,15779,1147
29536.076333,2763441404,2763442577,15934,1173
29536.087762,2763450034,2763451182,16068,1148
29536.096330,2763458493,2763459664,15914,1171
29536.108332,2763467077,2763468248,16027,1171
29536.119325,2763475772,2763476920,16132,1148
29536.128329,2763484403,2763485576,15917,1173
29536.140332,2763493214,2763494361,16042,1147
29536.150884,2763501762,2763502909,16066,1147
29536.160327,2763510424,2763511594,15898,1170
29536.171918,2763519125,2763520273,16017,1148
29536.182444,2763527803,2763528975,16046,1172
29536.192332,2763536385,2763537556,15921,1171
29536.203475,2763545085,2763546260,15973,1175
29536.212334,2763553812,2763554984,16038,1172
29536.224329,2763562707,2763563880,15896,1173
29536.235037,2763571387,2763572534,15931,1147
29536.244329,2763580340,2763581510,16045,1170
29536.256075,2763589036,2763590207,15918,1171
29536.266595,2763597920,2763599093,15969,1173
29536.276331,2763606862,2763608036,15988,1174
29536.287637,2763615592,2763616765,15879,1173
29536.296330,2763624377,2763625548,15941,1171
29536.308334,2763633037,2763634209,15966,1172
29536.319195,2763641768,2763642916,15829,1148
29536.328327,2763650600,2763651773,15936,1173
29536.340242,2763659465,2763660612,16039,1147
29536.350755,2763668145,2763669292,15910,1147
29536.360328,2763676809,2763677978,15973,1169
29536.371803,2763685739,2763686887,16070,1148
29536.380328,2763694465,2763695636,15996,1171
29536.392335,2763703410,2763704583,16028,1173
29536.403363,2763712180,2763713352,16075,1172
29536.412329,2763720810,2763721982,15909,1172
29536.424329,2763729591,2763730739,16019,1148
29536.434925,2763738338,2763739509,16088,1171
29536.444327,2763746950,2763748121,15895,1171
29536.455957,2763755803,2763756975,16027,1172
29536.466485,2763764725,2763765868,16081,1143
29536.476334,2763773279,2763774451,15808,1172
29536.487519,2763781935,2763783082,15959,1147
29536.496335,2763790620,2763791791,16130,1171
29536.508333,2763799204,2763800377,15910,1173
29536.519078,2763807805,2763808977,16015,1172
29536.528328,2763816676,2763817849,16178,1173
29536.540114,2763825409,2763826581,15896,1172
29536.550639,2763834342,2763835486,16034,1144
29536.560330,2763843047,2763844216,16054,1169
29536.571675,2763851871,2763853043,15914,1172
29536.580334,2763860569,2763861741,15935,1172
29536.592331,2763869070,2763870241,16053,1171
29536.603235,2763877698,2763878869,15913,1171
29536.612330,2763886592,2763887763,16025,1171
29536.624283,2763895216,2763896387,16068,1171
29536.634796,2763903826,2763904998,15929,1172
29536.644330,2763912656,2763913826,15972,1170
29536.655845,2763921458,2763922627,16104,1169
29536.666356,2763930105,2763931252,15913,1147
29536.676336,2763938905,2763940076,16026,1171
29536.687403,2763947734,2763948881,15941,1147
29536.696328,2763956515,2763957660,15834,1145
29536.708328,2763965175,2763966322,15940,1147
29536.718963,2763973971,2763975142,15981,1171
29536.728330,2763982470,2763983644,15906,1174
29536.739997,2763991345,2763992521,15939,1176
29536.750524,2764000199,2764001349,15952,1150
29536.760332,2764009006,2764010172,15827,1166
29536.771558,2764017928,2764019101,15935,1173
29536.780330,2764026530,2764027702,15974,1172
29536.792328,2764035259,2764036430,15829,1171
29536.803118,2764044139,2764045311,15945,1172
29536.812329,2764052884,2764054056,15936,1172
29536.824157,2764061664,2764062835,15861,1171
29536.834680,2764070541,2764071689,15948,1148
29536.844329,2764079192,2764080363,16001,1171
29536.855715,2764088144,2764089316,15830,1172
29536.864329,2764096809,2764097981,15881,1172
29536.876331,2764105586,2764106757,15938,1171
29536.887281,2764114285,2764115457,15857,1172
29536.896331,2764123047,2764124214,15943,1167
29536.908323,2764131995,2764133166,15972,1171
29536.918836,2764140648,2764141820,15825,1172
29536.928335,2764149390,2764150563,15845,1173
29536.939883,2764158069,2764159216,15967,1147
29536.950396,2764166646,2764167818,15826,1172
29536.960327,2764175571,2764176741,15939,1170
29536.971444,2764184442,2764185614,15983,1172
29536.980328,2764193319,2764194492,15819,1173
29536.992331,2764202071,2764203242,15933,1171
29537.003005,2764210726,2764211873,15979,1147
29537.012328,2764219507,2764220679,15830,1172
29537.024037,2764228260,2764229405,15934,1145
29537.034564,2764236932,2764238077,15948,1145
29537.044331,2764245531,2764246701,15826,1170
29537.055597,2764254304,2764255452,15941,1148
29537.064331,2764263004,2764264175,16038,1171
29537.076331,2764271855,2764273027,15953,1172
29537.087155,2764280796,2764281970,15930,1174
29537.096327,2764289661,2764290834,15966,1173
29537.108197,2764298346,2764299520,15852,1174
29537.118719,2764307259,2764308430,15937,1171
29537.128330,2764316043,2764317220,15959,1177
29537.139758,2764324761,2764325932,15854,1171
29537.148331,2764333552,2764334723,15880,1171
29537.160328,2764342277,2764343445,15964,1168
29537.171316,2764350780,2764351927,15834,1147
29537.180329,2764359465,2764360634,15953,1169
29537.192329,2764368116,2764369287,16036,1171
29537.202876,2764376649,2764377796,15834,1147
29537.212327,2764385421,2764386594,15933,1173
29537.223925,2764394171,2764395342,16043,1171
29537.234437,2764403076,2764404248,15811,1172
29537.244331,2764411879,2764413052,15935,1173
29537.255484,2764420384,2764421532,15978,1148
29537.264328,2764429069,2764430242,15832,1173
29537.276334,2764437653,2764438823,15841,1170
29537.287043,2764446383,2764447531,15965,1148
29537.296327,2764455289,2764456461,15809,1172
29537.308077,2764464186,2764465358,15940,1172
29537.318606,2764472792,2764473939,15997,1147
29537.328328,2764481705,2764482877,15822,1172
29537.339638,2764490385,2764491557,15939,1172
29537.348328,2764498935,2764500109,16026,1174
29537.360328,2764507668,2764508838,15820,1170
29537.371198,2764516520,2764517693,15931,1173
29537.380328,2764525490,2764526661,15943,1171
29537.392235,2764534271,2764535442,15830,1171
29537.402759,2764543059,2764544207,15939,1148
29537.412329,2764551787,2764552959,15975,1172
29537.423802,2764560421,2764561592,15908,1171
29537.432333,2764569003,2764570175,15939,1172
29537.444330,2764577844,2764579015,16043,1171
29537.455356,2764586397,2764587569,15829,1172
29537.464328,2764595246,2764596418,15936,1172
29537.476326,2764603840,2764604984,15982,1144
29537.486916,2764612709,2764613857,15806,1148
29537.496329,2764621255,2764622428,15936,1173
29537.507963,2764630135,2764631308,15957,1173
29537.518479,2764638988,2764640160,15855,1172
29537.528329,2764647814,2764648986,15895,1172
29537.539523,2764656591,2764657763,15953,1172
29537.548334,2764665374,2764666545,15826,1171
29537.560331,2764674029,2764675197,15934,1168
29537.571086,2764682725,2764683897,16036,1172
29537.580332,2764691526,2764692699,15829,1173
29537.592117,2764700210,2764701382,15933,1172
29537.602647,2764708912,2764710083,16045,1171
29537.612333,2764717736,2764718908,15821,1172
29537.623677,2764726519,2764727691,15849,1172
29537.632328,2764735198,2764736369,16003,1171
29537.644333,2764743831,2764745003,15806,1172
29537.655238,2764752440,2764753612,15936,1172
29537.664327,2764761165,2764762341,16021,1176
29537.676275,2764769923,2764771069,15842,1146
29537.686797,2764778553,2764779725,15879,1172
29537.696328,2764787212,2764788383,15966,1171
29537.707835,2764795787,2764796936,15832,1149
29537.718359,2764804428,2764805598,15928,1170
29537.728327,2764813055,2764814229,15947,1174
29537.739396,2764821965,2764823138,15814,1173
29537.748330,2764830847,2764832018,15939,1171
29537.760329,2764839516,2764840687,15983,1171
29537.770964,2764848093,2764849266,15908,1173
29537.780328,2764856809,2764857981,15935,1172
29537.792003,2764865610,2764866783,15988,1173
29537.802517,2764874418,2764875591,15801,1173
29537.812329,2764883426,2764884597,15883,1171
29537.823563,2764892078,2764893246,15981,1168
29537.832334,2764900680,2764901851,15859,1171
29537.844337,2764909505,2764910677,15941,1172
29537.855124,2764918380,2764919552,15963,1172
29537.864332,2764927195,2764928368,15851,1173
29537.876159,2764936198,2764937370,15945,1172
29537.886685,2764945197,2764946369,15982,1172
29537.896333,2764954046,2764955219,15832,1173
29537.907720,2764962837,2764964008,15938,1171
29537.916334,2764971766,2764972938,16076,1172
29537.928331,2764980428,2764981600,15916,1172
29537.939279,2764989311,2764990480,16028,1169
29537.948332,2764998083,2764999256,16067,1173
29537.960315,2765006868,2765008038,15919,1170
29537.970838,2765015818,2765016989,15927,1171
29537.980327,2765024643,2765025815,16056,1172
29537.991875,2765033561,2765034710,15913,1149
29538.002399,2765042463,2765043612,16028,1149
29538.012330,2765051348,2765052519,16082,1171
29538.023436,2765060142,2765061314,15915,1172
29538.032329,2765068745,2765069918,16023,1173
29538.044328,2765077446,2765078618,16078,1172
29538.054996,2765086200,2765087373,15910,1173
29538.064329,2765095088,2765096259,16026,1171
29538.076043,2765103837,2765105008,16036,1171
29538.086557,2765112575,2765113723,15920,1148
29538.096330,2765121376,2765122550,16022,1174
29538.107603,2765130120,2765131265,16102,1145
29538.116328,2765138952,2765140125,15986,1173
29538.128330,2765147836,2765149009,16013,1173
29538.139165,2765156561,2765157733,16072,1172
29538.148329,2765165339,2765166512,15919,1173
29538.160198,2765174286,2765175458,16029,1172
29538.170725,2765182959,2765184130,16073,1171
29538.180330,2765191837,2765193005,15914,1168
29538.191759,2765200656,2765201804,16019,1148
29538.200331,2765209556,2765210728,16048,1172
29538.212328,2765218328,2765219499,15916,1171
29538.223320,2765227239,2765228411,16040,1172
29538.232328,2765236156,2765237329,16071,1173
29538.244327,2765245000,2765246174,15917,1174
29538.254879,2765253708,2765254881,16030,1173
29538.264328,2765262528,2765263701,16065,1173
29538.275916,2765271129,2765272300,15919,1171
29538.286440,2765279913,2765281087,16024,1174
29538.296331,2765288605,2765289779,16080,1174
29538.307477,2765297485,2765298657,15915,1172
29538.316332,2765306319,2765307491,15840,1172
29538.328331,2765315304,2765316477,15967,1173
29538.339036,2765324109,2765325282,15829,1173
29538.348330,2765333031,2765334203,15940,1172
29538.360084,2765341768,2765342938,16071,1170
29538.370598,2765350811,2765351984,15943,1173
29538.380333,2765359365,2765360538,16051,1173
29538.391642,2765368226,2765369376,16063,1150
29538.400332,2765377270,2765378443,15620,1173
29538.412332,2765386262,2765387433,15947,1171
29538.423204,2765394958,2765396131,15955,1173
29538.432333,2765403990,2765405163,15848,1173
29538.444238,2765413027,2765414198,15927,1171
29538.454765,2765421936,2765423108,16077,1172
29538.464330,2765430959,2765432135,15983,1176
29538.475800,2765439891,2765441062,16020,1171
29538.486325,2765449174,2765450343,16060,1169
29538.496330,2765458275,2765459448,15581,1173
29538.507361,2765467378,2765468553,15954,1175
29538.516334,2765476212,2765477383,15950,1171
29538.528328,2765484978,2765486151,15837,1173
29538.538918,2765493875,2765495048,15934,1173
29538.548334,2765502644,2765503817,16056,1173
29538.559955,2765511450,2765512620,15932,1170
29538.570482,2765520283,2765521456,16043,1173
29538.580329,2765529063,2765530236,16039,1173
29538.591517,2765537597,2765538770,15934,1173
29538.600329,2765546354,2765547525,16023,1171
29538.612329,2765555186,2765556358,16057,1172
29538.623076,2765564108,2765565280,15927,1172
29538.632328,2765573056,2765574228,16028,1172
29538.644123,2765581754,2765582927,16060,1173
29538.654637,2765590531,2765591702,15933,1171
29538.664329,2765599353,2765600530,15946,1177
29538.675683,2765608138,2765609309,16040,1171
29538.684328,2765617092,2765618265,15955,1173
29538.696332,2765625914,2765627084,16024,1170
29538.707243,2765634416,2765635588,16098,1172
29538.716333,2765643167,2765644340,15967,1173
29538.728278,2765651910,2765653079,15938,1169
29538.738804,2765660637,2765661786,15977,1149
29538.748330,2765669393,2765670567,15872,1174
29538.759836,2765678202,2765679371,15886,1169
29538.770364,2765686958,2765688130,15924,1172
29538.780331,2765695898,2765697070,15843,1172
29538.791399,2765704629,2765705802,15931,1173
29538.800331,2765713408,2765714580,15954,1172
29538.812336,2765721965,2765723138,15906,1173
29538.822959,2765730625,2765731773,15937,1148
29538.832330,2765739256,2765740427,15969,1171
29538.843996,2765747804,2765748972,15843,1168
29538.854519,2765756505,2765757676,15939,1171
29538.864331,2765765217,2765766393,15966,1176
29538.875556,2765774003,2765775175,15826,1172
29538.884333,2765782945,2765784118,15943,1173
29538.896328,2765791501,2765792675,15970,1174
29538.907117,2765800346,2765801519,15846,1173
29538.916333,2765809085,2765810257,15957,1172
29538.928163,2765817941,2765819112,16017,1171
29538.938680,2765826855,2765828026,15870,1171
29538.948332,2765835777,2765836949,15935,1172
29538.959722,2765844565,2765845736,15949,1171
29538.968335,2765852999,2765854171,15844,1172
29538.980329,2765861701,2765862872,15984,1171
29538.991283,2765870507,2765871680,15972,1173
29539.000329,2765879485,2765880659,15835,1174
29539.012316,2765888486,2765889658,15858,1172
29539.022845,2765897474,2765898647,15996,1173
29539.032329,2765906503,2765907676,15817,1173
29539.043876,2765915475,2765916651,15887,1176
29539.054404,2765924408,2765925582,15948,1174
29539.064328,2765933413,2765934585,15841,1172
29539.075439,2765942222,2765943393,15942,1171
29539.084330,2765951001,2765952174,15969,1173
29539.096333,2765959978,2765961150,15840,1172
29539.106999,2765968878,2765970050,15939,1172
29539.116334,2765977746,2765978918,15993,1172
29539.128036,2765986403,2765987577,15824,1174
29539.138560,2765995097,2765996268,15937,1171
29539.148334,2766004033,2766005209,16062,1176
29539.159606,2766012774,2766013944,15985,1170
29539.168328,2766021601,2766022774,16022,1173
29539.180337,2766030398,2766031571,16087,1173
29539.191156,2766039226,2766040399,15918,1173
29539.200327,2766048079,2766049252,15973,1173
29539.212204,2766056810,2766057983,16072,1173
29539.222720,2766065617,2766066789,15945,1172
29539.232328,2766074510,2766075681,16019,1171
29539.243765,2766083232,2766084404,16074,1172
29539.252326,2766091980,2766093153,15912,1173
29539.264329,2766100853,2766102027,16044,1174
29539.275324,2766109562,2766110734,16069,1172
29539.284329,2766118493,2766119666,15918,1173
29539.296343,2766127389,2766128562,16023,1173
29539.306885,2766136336,2766137510,16068,1174
29539.316328,2766145256,2766146427,15890,1171
29539.327919,2766153939,2766155108,16029,1169
29539.338446,2766162792,2766163964,16071,1172
29539.348331,2766171526,2766172699,15919,1173
29539.359480,2766180455,2766181626,15931,1171
29539.368330,2766189232,2766190403,16078,1171
29539.380334,2766198045,2766199218,15932,1173
29539.391039,2766206614,2766207787,16026,1173
29539.400334,2766215583,2766216757,16087,1174
29539.412079,2766224467,2766225640,15964,1173
29539.422600,2766233123,2766234296,16025,1173
29539.432329,2766241880,2766243053,16073,1173
29539.443639,2766250708,2766251883,15884,1175
29539.452327,2766259665,2766260837,16022,1172
29539.464335,2766268349,2766269522,16037,1173
29539.475197,2766277214,2766278384,15908,1170
29539.484328,2766286142,2766287314,16026,1172
29539.496246,2766295193,2766296367,16084,1174
29539.506765,2766304102,2766305278,15987,1176
29539.516333,2766313052,2766314225,16024,1173
29539.527806,2766321853,2766323030,16069,1177
29539.536327,2766330700,2766331875,15828,1175
29539.548333,2766339490,2766340665,15939,1175
29539.559365,2766348125,2766349297,16073,1172
29539.568327,2766356935,2766358108,15943,1173
29539.580332,2766365891,2766367064,15973,1173
29539.590925,2766374742,2766375914,16072,1172
29539.600327,2766383542,2766384714,15899,1172
29539.611960,2766392195,2766393363,16037,1168
29539.622486,2766401168,2766402341,16111,1173
29539.632327,2766410197,2766411370,15919,1173
29539.643519,2766418776,2766419950,16068,1174
29539.652330,2766427565,2766428737,16111,1172
29539.664329,2766436436,2766437608,15916,1172
29539.675080,2766445143,2766446314,16016,1171
29539.684329,2766453983,2766455156,16057,1173
29539.696119,2766462837,2766464010,15945,1173
29539.706639,2766471629,2766472800,15932,1171
29539.716328,2766480677,2766481853,16081,1176
29539.727677,2766489456,2766490630,15895,1174
29539.736328,2766498318,2766499494,16028,1176
29539.748327,2766507314,2766508490,16072,1176
29539.759237,2766516073,2766517245,15927,1172
29539.768328,2766524856,2766526029,16031,1173
29539.780286,2766533587,2766534760,16091,1173
29539.790798,2766542434,2766543607,15912,1173
29539.800331,2766551281,2766552453,16025,1172
29539.811845,2766559964,2766561137,16034,1173
29539.822358,2766568964,2766570135,15891,1171
29539.832327,2766577834,2766579007,16025,1173
29539.843407,2766586581,2766587755,16063,1174
29539.852331,2766595345,2766596516,15998,1171
29539.864329,2766604282,2766605453,15968,1171
29539.874966,2766613350,2766614521,16072,1171
29539.884335,2766622282,2766623456,15914,1174
29539.895997,2766631142,2766632319,15974,1177
29539.906527,2766639996,2766641169,16091,1173
29539.916333,2766648773,2766649945,15915,1172
29539.927557,2766657687,2766658860,15974,1173
29539.936330,2766666436,2766667609,16036,1173
29539.948335,2766675237,2766676410,15919,1173
29539.959122,2766684208,2766685379,16039,1171
29539.968332,2766693109,2766694283,16088,1174
29539.980156,2766701919,2766703095,15914,1176
29539.990681,2766710754,2766711927,16021,1173
29540.000329,2766719656,2766720829,16090,1173
29540.011717,2766728354,2766729523,15914,1169
29540.020327,2766737239,2766738411,16026,1172
29540.032329,2766746043,2766747216,16082,1173
29540.043277,2766754917,2766756091,15915,1174
29540.052333,2766763968,2766765140,15932,1172
29540.064324,2766772834,2766774002,16048,1168
29540.074840,2766781632,2766782802,15946,1170
29540.084335,2766790580,2766791753,16033,1173
29540.095886,2766799440,2766800609,16071,1169
29540.106399,2766808078,2766809251,15936,1173
29540.116327,2766817053,2766818225,16028,1172
29540.127446,2766825740,2766826913,16119,1173
29540.136331,2766834725,2766835898,15914,1173
29540.148329,2766843671,2766844844,15920,1173
29540.159005,2766852543,2766853715,16065,1172
29540.168329,2766861572,2766862745,15943,1173
29540.180039,2766870356,2766871533,16027,1177
29540.190567,2766879179,2766880348,16096,1169
29540.200328,2766888117,2766889290,15977,1173
29540.211600,2766897089,2766898261,15935,1172
29540.220327,2766905994,2766907167,16068,1173
29540.232329,2766914693,2766915866,15901,1173
29540.243159,2766923546,2766924720,15971,1174
29540.252328,2766932405,2766933578,16065,1173
29540.264196,2766941355,2766942528,15917,1173
29540.274721,2766950215,2766951386,16027,1171
29540.284329,2766959211,2766960386,16069,1175
29540.295760,2766968139,2766969312,15945,1173
29540.304333,2766976999,2766978172,16039,1173
29540.316328,2766985929,2766987105,16072,1176
29540.327317,2766994587,2766995760,15907,1173
29540.336333,2767003495,2767004668,16028,1173
29540.348333,2767012246,2767013418,16061,1172
29540.358878,2767021270,2767022442,15834,1172
29540.368328,2767030004,2767031176,15910,1172
29540.379925,2767038587,2767039758,15976,1171
29540.390438,2767047273,2767048445,15830,1172
29540.400330,2767056087,2767057259,15848,1172
29540.411484,2767065096,2767066270,15962,1174
29540.420331,2767073687,2767074858,15850,1171
29540.432330,2767082705,2767083878,15933,1173
29540.443046,2767091354,2767092533,15985,1179
29540.452329,2767100195,2767101367,15839,1172
29540.464079,2767109036,2767110208,15941,1172
29540.474608,2767117988,2767119162,15979,1174
29540.484330,2767126919,2767128093,15833,1174
29540.495640,2767135875,2767137049,15935,1174
29540.504332,2767144731,2767145904,15947,1173
29540.516328,2767153562,2767154734,15824,1172
29540.527200,2767162272,2767163445,15941,1173
29540.536334,2767171242,2767172415,15987,1173
29540.548244,2767180151,2767181323,15910,1172
29540.558761,2767189095,2767190268,15913,1173
29540.568327,2767197984,2767199158,15965,1174
29540.579799,2767206938,2767208110,15857,1172
29540.588330,2767215899,2767217072,15937,1173
29540.600327,2767224802,2767225974,15982,1172
29540.611358,2767233652,2767234824,15836,1172
29540.620335,2767242646,2767243818,15943,1172
29540.632331,2767251350,2767252524,15979,1174
29540.642918,2767260203,2767261376,15831,1173
29540.652331,2767269063,2767270237,15954,1174
29540.663965,2767277906,2767279080,15972,1174
29540.674481,2767286771,2767287942,15855,1171
29540.684328,2767295850,2767297023,15932,1173
29540.695525,2767304903,2767306078,15965,1175
29540.704333,2767313869,2767315043,15826,1174
29540.716333,2767322827,2767324000,15918,1173
29540.727086,2767331602,2767332775,15979,1173
29540.736331,2767340450,2767341622,15829,1172
29540.748118,2767349458,2767350629,15845,1171
29540.758647,2767358377,2767359550,16047,1173
29540.768330,2767367312,2767368485,15828,1173
29540.779680,2767376240,2767377413,15936,1173
29540.804332,2767390575,2767391212,11969,637
29540.815752,2767394812,2767395451,12050,639
29540.824334,2767401762,2767402906,15992,1144
29540.836329,2767410141,2767411289,15833,1148
29540.847307,2767418520,2767419694,15845,1174
29540.856332,2767427173,2767428341,15961,1168
29540.868335,2767435898,2767437067,15828,1169
29540.878869,2767444637,2767445810,15998,1173
29540.888327,2767453516,2767454689,16066,1173
29540.899908,2767462439,2767463612,15961,1173
29540.910429,2767471392,2767472563,15995,1171
29540.920330,2767480243,2767481415,16060,1172
29540.931469,2767489077,2767490250,15861,1173
29540.940328,2767497930,2767499106,15909,1176
29540.952329,2767506707,2767507878,16035,1171
29540.963018,2767515574,2767516747,15834,1173
29540.972332,2767524392,2767525563,16024,1171
29540.984072,2767533391,2767534564,16056,1173
29540.994593,2767542398,2767543571,15995,1173
29541.004334,2767551306,2767552479,16026,1173
29541.015632,2767560104,2767561272,16050,1168
29541.024327,2767569030,2767570203,15931,1173
29541.036331,2767577972,2767579146,16022,1174
29541.047192,2767586874,2767588048,16053,1174
29541.056333,2767595704,2767596874,15956,1170
29541.068228,2767604667,2767605840,16024,1173
29541.078753,2767613501,2767614672,16055,1171
29541.088332,2767622513,2767623686,15934,1173
29541.099789,2767631544,2767632717,16040,1173
29541.108327,2767640224,2767641397,16056,1173
29541.120335,2767649129,2767650305,15934,1176
29541.131349,2767657959,2767659132,16026,1173
29541.140331,2767666639,2767667811,16054,1172
29541.152330,2767675545,2767676718,15935,1173
29541.162909,2767684299,2767685473,16021,1174
29541.172331,2767693214,2767694386,15963,1172
29541.183949,2767702094,2767703267,15877,1173
29541.194468,2767710950,2767712123,15864,1173
29541.204328,2767719664,2767720836,15947,1172
29541.215509,2767728389,2767729562,15871,1173
29541.224327,2767737321,2767738494,15941,1173
29541.236331,2767746173,2767747344,15940,1171
29541.247070,2767755030,2767756204,15883,1174
29541.256332,2767763936,2767765105,15930,1169
29541.268112,2767772898,2767774070,15946,1172
29541.278627,2767781695,2767782868,15851,1173
29541.288335,2767790610,2767791784,15939,1174
29541.299671,2767797731,2767798904,15853,1173
29541.308335,2767806468,2767807640,15850,1172
29541.320327,2767815172,2767816345,15934,1173
29541.331233,2767824046,2767825215,15967,1169
29541.340327,2767833005,2767834176,15916,1171
29541.352268,2767841713,2767842885,15928,1172
29541.362793,2767850545,2767851718,15971,1173
29541.372327,2767859346,2767860518,15848,1172
29541.383828,2767868307,2767869479,15934,1172
29541.394353,2767877181,2767878353,15959,1172
29541.404329,2767886145,2767887317,15842,1172
29541.415389,2767894963,2767896137,16028,1174
29541.424331,2767903789,2767904962,16050,1173
29541.436330,2767912795,2767913969,15931,1174
29541.446951,2767921702,2767922874,16029,1172
29541.456332,2767930581,2767931752,16051,1171
29541.467987,2767939593,2767940766,15932,1173
29541.478509,2767948533,2767949706,15934,1173
29541.488329,2767957293,2767958465,15965,1172
29541.499546,2767966152,2767967324,15849,1172
29541.508327,2767975128,2767976304,15935,1176
29541.520328,2767983978,2767985150,15964,1172
29541.531107,2767992908,2767994080,15847,1172
29541.540328,2768001961,2768003133,15848,1172
29541.552152,2768010965,2768012139,16037,1174
29541.562667,2768019944,2768021116,15929,1172
29541.572326,2768028978,2768030148,16017,1170
29541.583713,2768037903,2768039076,15968,1173
29541.592328,2768046964,2768048136,15861,1172
29541.604330,2768055945,2768057118,15926,1173
29541.615273,2768064896,2768066073,15969,1177
29541.624328,2768073808,2768074980,15832,1172
29541.636308,2768082744,2768083916,15937,1172
29541.646833,2768091626,2768092799,15929,1173
29541.656329,2768100488,2768101663,15840,1175
29541.667868,2768109370,2768110543,15937,1173
29541.678394,2768118257,2768119430,16047,1173
29541.688331,2768127241,2768128414,15999,1173
29541.699429,2768136037,2768137211,16020,1174
29541.708330,2768145043,2768146216,16051,1173
29541.720337,2768154004,2768155181,15933,1177
29541.730989,2768163065,2768164238,15937,1173
29541.740329,2768171987,2768173162,15941,1175
29541.752026,2768180973,2768182145,15931,1172
29541.762550,2768189853,2768191027,16031,1174
29541.772334,2768198867,2768200037,16033,1170
29541.783586,2768207873,2768209045,15843,1172
29541.792330,2768216688,2768217862,15956,1174
29541.804330,2768225568,2768226741,16068,1173
29541.815147,2768234554,2768235726,15917,1172
29541.824329,2768243615,2768244788,16028,1173
29541.836193,2768252398,2768253572,16067,1174
29541.846708,2768261216,2768262388,15911,1172
29541.856329,2768270202,2768271374,15935,1172
29541.867754,2768279245,2768280418,15962,1173
29541.876328,2768288129,2768289306,15834,1177
29541.888329,2768297074,2768298247,15849,1173
29541.899314,2768305888,2768307061,15967,1173
29541.908332,2768314930,2768316104,15837,1174
29541.920331,2768323819,2768324992,15935,1173
29541.930875,2768332805,2768333978,15980,1173
29541.940328,2768341655,2768342827,15840,1172
29541.951910,2768350662,2768351834,15944,1172
29541.962435,2768359720,2768360892,15959,1172
29541.972328,2768368570,2768369742,15835,1172
29541.983466,2768377317,2768378491,15933,1174
29541.992335,2768386331,2768387504,15944,1173
29542.004331,2768395186,2768396359,15825,1173
29542.015031,2768404149,2768405324,15942,1175
29542.024330,2768413202,2768414375,15977,1173
29542.036073,2768422139,2768423317,15911,1178
29542.046590,2768431152,2768432329,15936,1177
29542.056329,2768440089,2768441261,15980,1172
29542.067626,2768448927,2768450101,15835,1174
29542.076334,2768457836,2768459008,15940,1172
29542.088328,2768466772,2768467945,15962,1173
29542.099187,2768475758,2768476935,15829,1177
29542.108330,2768484746,2768485918,15933,1172
29542.120234,2768493652,2768494825,16057,1173
29542.130747,2768502611,2768503783,15911,1172
29542.140328,2768511664,2768512837,16034,1173
29542.151794,2768520521,2768521694,16067,1173
29542.160329,2768529422,2768530599,15910,1177
29542.172334,2768538481,2768539652,16028,1171
29542.183355,2768547484,2768548657,16056,1173
29542.192327,2768556416,2768557588,15864,1172
29542.204331,2768565424,2768566597,15923,1173
29542.214915,2768574263,2768575437,15970,1174
29542.224328,2768583159,2768584333,15839,1174
29542.235948,2768592071,2768593243,15847,1172
29542.246475,2768601078,2768602251,15958,1173
29542.256331,2768610088,2768611261,15823,1173
29542.267510,2768619017,2768620193,15938,1176
29542.276331,2768627821,2768628993,15981,1172
29542.288330,2768636825,2768637998,15845,1173
29542.299070,2768645694,2768646868,15943,1174
29542.308329,2768654733,2768655905,15978,1172
29542.320107,2768663794,2768664967,15826,1173
29542.330630,2768672674,2768673846,15936,1172
29542.340332,2768681648,2768682821,15948,1173
29542.351667,2768690665,2768691838,15834,1173
29542.360330,2768699578,2768700755,15934,1177
29542.372328,2768708335,2768709507,15974,1172
29542.383235,2768717370,2768718545,15913,1175
29542.392328,2768726221,2768727394,15940,1173
29542.404274,2768734971,2768736144,16047,1173
29542.414788,2768743956,2768745128,15920,1172
29542.424328,2768752968,2768754140,16033,1172
29542.435833,2768761840,2768763014,16050,1174
29542.446348,2768770798,2768771973,15831,1175
29542.456330,2768779781,2768780953,15939,1172
29542.467395,2768788768,2768789943,16050,1175
29542.476328,2768797779,2768798956,15917,1177
29542.488330,2768806866,2768808038,16044,1172
29542.498955,2768815754,2768816929,16065,1175
29542.508332,2768824680,2768825853,15921,1173
29542.519989,2768833625,2768834798,16026,1173
29542.530516,2768842514,2768843687,16069,1173
29542.540328,2768851470,2768852646,15922,1176
29542.551549,2768860365,2768861537,16023,1172
29542.560336,2768869219,2768870392,16050,1173
29542.572328,2768877957,2768879127,15914,1170
29542.583108,2768887029,2768888202,15843,1173
29542.592327,2768896119,2768897293,16048,1174
29542.604147,2768905092,2768906266,15825,1174
29542.614670,2768914132,2768915304,15935,1172
29542.624328,2768923086,2768924262,15983,1176
29542.635707,2768931929,2768933102,15937,1173
29542.644334,2768940691,2768941864,16026,1173
29542.656333,2768949649,2768950821,16057,1172
29542.667267,2768958545,2768959719,15922,1174
29542.676328,2768967560,2768968736,16024,1176
29542.688314,2768976461,2768977636,16032,1175
29542.698828,2768985372,2768986545,15924,1173
29542.708330,2768994320,2768995492,16026,1172
29542.719875,2769003171,2769004347,16064,1176
29542.730396,2769012141,2769013313,15997,1172
29542.740327,2769021074,2769022248,16028,1174
29542.751435,2769029910,2769031083,15972,1173
29542.760335,2769038769,2769039942,15834,1173
29542.772331,2769047712,2769048884,15928,1172
29542.782995,2769056693,2769057865,15973,1172
29542.792328,2769065716,2769066889,15834,1173
29542.804031,2769074778,2769075951,15941,1173
29542.814555,2769083719,2769084893,15962,1174
29542.824333,2769092607,2769093782,15835,1175
29542.835591,2769101440,2769102613,15948,1173
29542.844329,2769110321,2769111494,16066,1173
29542.856329,2769119326,2769120499,15918,1173
29542.867151,2769128195,2769129368,15940,1173
29542.876329,2769137189,2769138363,15976,1174
29542.888187,2769146205,2769147378,15834,1173
29542.898710,2769155212,2769156385,15934,1173
29542.908331,2769164253,2769165426,15977,1173
29542.919748,2769173248,2769174423,15824,1175
29542.928328,2769182223,2769183396,15843,1173
29542.940327,2769191203,2769192377,15959,1174
29542.951308,2769200165,2769201342,15829,1177
29542.960328,2769209069,2769210242,15937,1173
29542.972330,2769217775,2769218947,15977,1172
29542.982868,2769226664,2769227838,15839,1174
29542.992328,2769235698,2769236873,15938,1175
29543.003912,2769244505,2769245677,15996,1172
29543.014429,2769253536,2769254709,15833,1173
29543.024328,2769262533,2769263706,15938,1173
29543.035475,2769271531,2769272705,15948,1174
29543.044328,2769280486,2769281659,15828,1173
29543.056328,2769289407,2769290580,15931,1173
29543.067035,2769298441,2769299618,15967,1177
29543.076340,2769307528,2769308702,15910,1174
29543.088069,2769316408,2769317580,15933,1172
29543.098596,2769325335,2769326509,16065,1174
29543.108331,2769334400,2769335574,15922,1174
29543.119629,2769343235,2769344407,16019,1172
29543.128330,2769352258,2769353431,16067,1173
29543.140333,2769361312,2769362486,15923,1174
29543.151191,2769370250,2769371425,16027,1175
29543.160330,2769379283,2769380457,16065,1174
29543.172227,2769388289,2769389459,15913,1170
29543.182752,2769397324,2769398500,16046,1176
29543.192327,2769406363,2769407537,16047,1174
29543.203788,2769415409,2769416585,15836,1176
29543.212333,2769424145,2769425317,15938,1172
29543.224329,2769433198,2769434371,15974,1173
29543.235348,2769442104,2769443277,15833,1173
29543.244327,2769451037,2769452214,15937,1177
29543.256331,2769460027,2769461199,15971,1172
29543.266908,2769468990,2769470167,15823,1177
29543.276334,2769478013,2769479187,15837,1174
29543.287955,2769487003,2769488177,15958,1174
29543.298469,2769495768,2769496943,15831,1175
29543.308331,2769504854,2769506026,16027,1172
29543.319515,2769513763,2769514939,16063,1176
29543.328329,2769522772,2769523945,15935,1173
29543.340329,2769531642,2769532818,16024,1176
29543.351075,2769540461,2769541635,16060,1174
29543.360327,2769549465,2769550638,15921,1173
29543.372109,2769558404,2769559574,16020,1170
29543.382636,2769567462,2769568635,16034,1173
29543.392326,2769576401,2769577578,15923,1177
29543.403670,2769585413,2769586587,16021,1174
29543.412332,2769594349,2769595522,16052,1173
29543.424329,2769603393,2769604568,15912,1175
29543.435230,2769612401,2769613575,15935,1174
29543.444331,2769621382,2769622556,15979,1174
29543.456267,2769630248,2769631421,15832,1173
29543.466791,2769639287,2769640462,15941,1175
29543.476336,2769648372,2769649545,15967,1173
29543.487827,2769657329,2769658502,15835,1173
29543.498351,2769666342,2769667516,15926,1174
29543.508332,2769675307,2769676481,15969,1174
29543.519388,2769684249,2769685425,15825,1176
29543.528329,2769693139,2769694313,15957,1174
29543.540336,2769702068,2769703239,15978,1171
29543.550948,2769711002,2769712178,15832,1176
29543.560329,2769720027,2769721199,15935,1172
29543.571995,2769729037,2769730208,15979,1171
29543.582509,2769737941,2769739116,15834,1175
29543.592327,2769746946,2769748120,15932,1174
29543.603555,2769755887,2769757059,15961,1172
29543.612335,2769764764,2769765938,15835,1174
29543.624328,2769773617,2769774791,15842,1174
29543.635116,2769782612,2769783786,15963,1174
29543.644329,2769791650,2769792822,15832,1172
29543.656150,2769800662,2769801834,15928,1172
29543.666676,2769809625,2769810798,15971,1173
29543.676329,2769818655,2769819829,15846,1174
29543.687710,2769827730,2769828903,15939,1173
29543.696333,2769836700,2769837873,15978,1173
29543.708334,2769845705,2769846877,15834,1172
29543.719271,2769854636,2769855808,15937,1172
29543.728329,2769863730,2769864904,15946,1174
29543.740309,2769872747,2769873923,15839,1176
29543.750831,2769881758,2769882932,15932,1174
29543.760329,2769890600,2769891774,15976,1174
29543.771875,2769899634,2769900808,15913,1174
29543.782392,2769908727,2769909901,15942,1174
29543.792330,2769917790,2769918968,15960,1178
29543.803428,2769926880,2769928055,15814,1175
29543.812332,2769935978,2769937151,15931,1173
29543.824332,2769944713,2769945886,15967,1173
29543.834991,2769953683,2769954864,15857,1181
29543.844330,2769962761,2769963933,15940,1172
29543.856036,2769971703,2769972876,15980,1173
29543.866549,2769980647,2769981821,15835,1174
29543.876334,2769989686,2769990858,15951,1172
29543.887595,2769998505,2769999678,15972,1173
29543.896332,2770007486,2770008660,15826,1174
29543.908328,2770016497,2770017672,15938,1175
29543.919155,2770025337,2770026511,15978,1174
29543.928333,2770034301,2770035475,15833,1174
29543.940190,2770043318,2770044491,15936,1173
29543.950716,2770052268,2770053442,15973,1174
29543.960329,2770061339,2770062511,15828,1172
29543.971749,2770070261,2770071430,15846,1169
29543.980330,2770079254,2770080427,15962,1173
29543.992335,2770088190,2770089363,15833,1173
29544.003310,2770097186,2770098358,15933,1172
29544.012332,2770106142,2770107316,15973,1174
29544.024330,2770115046,2770116220,15843,1174
29544.034871,2770124082,2770125255,15935,1173
29544.044331,2770132962,2770134136,15976,1174
29544.055908,2770141892,2770143064,15833,1172
29544.066431,2770150883,2770152055,15936,1172
29544.076328,2770159841,2770161015,15945,1174
29544.087468,2770168857,2770170030,15833,1173
29544.096328,2770177914,2770179086,15931,1172
29544.108327,2770186807,2770187988,15973,1181
29544.119036,2770195688,2770196865,15911,1177
29544.128327,2770204650,2770205824,15936,1174
29544.140075,2770213502,2770214676,15974,1174
29544.150589,2770222416,2770223590,15836,1174
29544.160330,2770231453,2770232627,15938,1174
29544.171634,2770240446,2770241617,15963,1171
29544.180330,2770249461,2770250634,15836,1173
29544.192331,2770258428,2770259602,15946,1174
29544.203196,2770267384,2770268561,16050,1177
29544.212330,2770276244,2770277418,15919,1174
29544.224232,2770285087,2770286259,16042,1172
29544.234756,2770294158,2770295330,16061,1172
29544.244328,2770303178,2770304351,15921,1173
29544.255790,2770312238,2770313412,16026,1174
29544.264327,2770321182,2770322355,16067,1173
29544.276331,2770330244,2770331418,15919,1174
29544.287351,2770339236,2770340409,16028,1173
29544.296332,2770348218,2770349395,16069,1177
29544.308329,2770357278,2770358452,15917,1174
29544.318910,2770366347,2770367519,15929,1172
29544.328330,2770375412,2770376585,16047,1173
29544.339948,2770384176,2770385349,15922,1173
29544.350471,2770393123,2770394297,16028,1174
29544.360330,2770402132,2770403305,16063,1173
29544.371508,2770411075,2770412246,15843,1171
29544.380334,2770420100,2770421274,15942,1174
29544.392335,2770429071,2770430244,15963,1173
29544.403069,2770438005,2770439182,15830,1177
29544.412330,2770447089,2770448261,15936,1172
29544.424115,2770456006,2770457180,15946,1174
29544.434631,2770465087,2770466262,15834,1175
29544.444328,2770474064,2770475238,15931,1174
29544.455675,2770483025,2770484198,15976,1173
29544.464331,2770492080,2770493255,15914,1175
29544.476328,2770501004,2770502178,15927,1174
29544.487236,2770509795,2770510968,15965,1173
29544.496328,2770518832,2770520006,15831,1174
29544.508270,2770527871,2770529046,15934,1175
29544.518798,2770536792,2770537965,15983,1173
29544.528327,2770545761,2770546933,15824,1172
29544.539830,2770554801,2770555974,15936,1173
29544.550357,2770563799,2770564972,16066,1173
29544.560330,2770572787,2770573960,15832,1173
29544.571392,2770581886,2770583059,15952,1173
29544.580331,2770590718,2770591892,15976,1174
29544.592337,2770599680,2770600854,15835,1174
29544.602951,2770608453,2770609626,15936,1173
29544.612331,2770617283,2770618460,15971,1177
29544.623988,2770626270,2770627443,15828,1173
29544.636019,2770636324,2770637498,15974,1174
29544.646532,2770645375,2770646549,15829,1174
29544.656329,2770654300,2770655474,15937,1174
29544.667578,2770663020,2770664194,15981,1174
29544.676334,2770672038,2770673212,15829,1174
29544.688329,2770681082,2770682255,15927,1173
29544.699139,2770690070,2770691245,15961,1175
29544.708336,2770699014,2770700188,15833,1174
29544.720174,2770707973,2770709146,15955,1173
29544.730701,2770716856,2770718031,15977,1175
29544.740330,2770725782,2770726956,15830,1174
29544.751733,2770734842,2770736016,15936,1174
29544.760335,2770743770,2770744943,15975,1173
29544.772328,2770752724,2770753897,15832,1173
29544.783294,2770761670,2770762844,15939,1174
29544.792330,2770770961,2770772135,16071,1174
29544.804329,2770780046,2770781216,15917,1170
29544.814853,2770789038,2770790213,15840,1175
29544.824333,2770798024,2770799200,15956,1176
29544.835891,2770807068,2770808241,15827,1173
29544.846415,2770816095,2770817270,16021,1175
29544.856330,2770825130,2770826304,16057,1174
29544.867451,2770834148,2770835322,15926,1174
29544.876335,2770843016,2770844190,16023,1174
29544.888328,2770852098,2770853270,16055,1172
29544.899012,2770861039,2770862213,15910,1174
29544.908333,2770870076,2770871250,16026,1174
29544.920058,2770878965,2770880138,16034,1173
29544.930572,2770888025,2770889197,15916,1172
29544.940333,2770897014,2770898188,16017,1174
29544.951619,2770906067,2770907241,16075,1174
29544.960333,2770915057,2770916231,15993,1174
29544.972336,2770923977,2770925153,16024,1176
29544.983180,2770932790,2770933965,16072,1175
29544.992328,2770941760,2770942937,15915,1177
29545.004214,2770950805,2770951976,16015,1171
29545.014740,2770959810,2770960984,16071,1174
29545.024327,2770968840,2770970015,15908,1175
29545.035774,2770977776,2770978950,16026,1174
29545.044331,2770986678,2770987852,16061,1174
29545.056329,2770995650,2770996824,15826,1174
29545.067336,2771004691,2771005864,15941,1173
29545.076329,2771013623,2771014796,15979,1173
29545.088328,2771022609,2771023782,15830,1173
29545.098894,2771031605,2771032777,15936,1172
29545.108329,2771040607,2771041780,15982,1173
29545.119931,2771049584,2771050756,15829,1172
29545.130455,2771058548,2771059726,15937,1178
29545.140331,2771067462,2771068635,15984,1173
29545.151491,2771076558,2771077731,15827,1173
29545.160335,2771085650,2771086827,15846,1177
29545.172329,2771094653,2771095826,15958,1173
29545.183051,2771103570,2771104743,15828,1173
29545.192327,2771112534,2771113708,15933,1174
29545.204101,2771121504,2771122674,15993,1170
29545.214612,2771130608,2771131782,15832,1174
29545.224332,2771139699,2771140873,15943,1174
29545.235659,2771148770,2771149942,15979,1172
29545.244333,2771157603,2771158776,15831,1173
29545.256327,2771166623,2771167798,15937,1175
29545.267220,2771175497,2771176671,16039,1174
29545.276334,2771184502,2771185675,15915,1173
29545.288254,2771193506,2771194678,16029,1172
29545.298780,2771202483,2771203658,16067,1175
29545.308331,2771211550,2771212723,15996,1173
29545.319813,2771220608,2771221780,16026,1172
29545.328330,2771229664,2771230838,16069,1174
29545.340331,2771238745,2771239918,15917,1173
29545.351374,2771247732,2771248907,16024,1175
29545.360332,2771256761,2771257934,16062,1173
29545.372328,2771265808,2771266981,15918,1173
29545.382934,2771274603,2771275777,16028,1174
29545.392327,2771283512,2771284686,16078,1174
29545.403971,2771292468,2771293641,15913,1173
29545.414497,2771301534,2771302708,16040,1174
29545.424335,2771310332,2771311506,16063,1174
29545.435531,2771319254,2771320426,15919,1172
29545.444329,2771328296,2771329471,16023,1175
29545.456331,2771337009,2771338183,15985,1174
29545.467092,2771346109,2771347283,15829,1174
29545.476329,2771355173,2771356346,15940,1173
29545.488139,2771364055,2771365233,15984,1178
29545.498653,2771373126,2771374300,15823,1174
29545.508331,2771382118,2771383291,15837,1173
29545.519700,2771391159,2771392335,15967,1176
29545.528336,2771400104,2771401277,15826,1173
29545.540329,2771408863,2771410038,15935,1175
29545.551260,2771417892,2771419066,15980,1174
29545.560330,2771426782,2771427956,15846,1174
29545.572293,2771435788,2771436961,15940,1173
29545.582820,2771444767,2771445941,15985,1174
29545.592328,2771453719,2771454893,15827,1174
29545.603854,2771462554,2771463725,15937,1171
29545.614381,2771471516,2771472689,15944,1173
29545.624333,2771480438,2771481613,15828,1175
29545.635415,2771489284,2771490458,15938,1174
29545.644329,2771498225,2771499402,15985,1177
29545.656331,2771507241,2771508417,15895,1176
29545.666974,2771516298,2771517471,15941,1173
29545.676329,2771525282,2771526456,16071,1174
29545.688011,2771534075,2771535249,15920,1174
29545.698535,2771542960,2771544134,16028,1174
29545.708336,2771551989,2771553162,16071,1173
29545.719572,2771560998,2771562171,15917,1173
29545.728331,2771570016,2771571194,16030,1178
29545.740331,2771578911,2771580088,16070,1177
29545.751132,2771587998,2771589171,15915,1173
29545.760337,2771597097,2771598271,16038,1174
29545.772179,2771605974,2771607147,16077,1173
29545.782693,2771615048,2771616222,15912,1174
29545.792327,2771624095,2771625269,16031,1174
29545.803742,2771633009,2771634180,16075,1171
29545.812327,2771641928,2771643102,15919,1174
29545.824332,2771650999,2771652176,16020,1177
29545.835301,2771659934,2771661109,16075,1175
29545.844334,2771669026,2771670200,15911,1174
29545.856333,2771678029,2771679206,15932,1177
29545.866860,2771686964,2771688138,15964,1174
29545.876331,2771695907,2771697080,15834,1173
29545.887894,2771704862,2771706037,15943,1175
29545.898421,2771713908,2771715081,15965,1173
29545.908331,2771722992,2771724166,15840,1174
29545.919455,2771731982,2771733153,15939,1171
29545.928332,2771740746,2771741920,15984,1174
29545.940330,2771749786,2771750959,15825,1173
29545.951015,2771758725,2771759899,15937,1174
29545.960335,2771767797,2771768973,15949,1176
29545.972051,2771776735,2771777909,15828,1174
29545.982575,2771785728,2771786902,15928,1174
29545.992329,2771794762,2771795935,15984,1173
29546.003619,2771803673,2771804844,15907,1171
29546.012331,2771812508,2771813686,15935,1178
29546.024328,2771821574,2771822747,15981,1173
29546.035172,2771830515,2771831689,15830,1174
29546.044331,2771839575,2771840750,15936,1175
29546.056218,2771848526,2771849699,15960,1173
29546.066733,2771857601,2771858774,15824,1173
29546.076333,2771866625,2771867798,15938,1173
29546.087780,2771875585,2771876758,15985,1173
29546.096330,2771884622,2771885795,15822,1173
29546.108329,2771893532,2771894706,15953,1174
29546.119340,2771902478,2771903651,15981,1173
29546.128335,2771911541,2771912715,15833,1174
29546.140331,2771920377,2771921551,15939,1174
29546.150901,2771929267,2771930441,15985,1174
29546.160334,2771938211,2771939385,15827,1174
29546.171935,2771947259,2771948432,15947,1173
29546.182461,2771956223,2771957401,15968,1178
29546.192330,2771965192,2771966367,15829,1175
29546.203493,2771974082,2771975254,15843,1172
29546.212329,2771983096,2771984270,15965,1174
29546.224336,2771992079,2771993257,15828,1178
29546.235057,2772001021,2772002195,15939,1174
29546.244328,2772010098,2772011271,15983,1173
29546.256092,2772019127,2772020300,15843,1173
29546.268123,2772029383,2772030558,16069,1175
29546.278636,2772038468,2772039642,15916,1174
29546.288329,2772047509,2772048683,16028,1174
29546.299683,2772056371,2772057544,16068,1173
29546.308331,2772065453,2772066626,15918,1173
29546.320331,2772074533,2772075708,16025,1175
29546.331243,2772083592,2772084770,16067,1178
29546.340328,2772092581,2772093756,15911,1175
29546.352275,2772101572,2772102744,15930,1172
29546.362804,2772110511,2772111685,16053,1174
29546.372327,2772119572,2772120745,15918,1173
29546.383837,2772128459,2772129633,16029,1174
29546.394364,2772137425,2772138601,16062,1176
29546.404331,2772146386,2772147564,15917,1178
29546.415398,2772155443,2772156617,16028,1174
29546.424333,2772164457,2772165633,16069,1176
29546.436336,2772173376,2772174548,15920,1172
29546.446958,2772182293,2772183467,16022,1174
29546.456331,2772191373,2772192547,16030,1174
29546.467995,2772200418,2772201592,15914,1174
29546.478516,2772209501,2772210682,15885,1181
29546.488331,2772218565,2772219739,16032,1174
29546.499563,2772227433,2772228608,15989,1175
29546.508332,2772236273,2772237446,16027,1173
29546.520335,2772245169,2772246343,16054,1174
29546.531116,2772254160,2772255335,15914,1175
29546.540335,2772263059,2772264232,16026,1173
29546.552163,2772271971,2772273143,16065,1172
29546.562676,2772281022,2772282197,15914,1175
29546.572331,2772289901,2772291078,15968,1177
29546.583723,2772298640,2772299813,16031,1173
29546.592328,2772307567,2772308740,15916,1173
29546.604336,2772316531,2772317708,16041,1177
29546.615286,2772325499,2772326674,16073,1175
29546.624331,2772334340,2772335513,15918,1173
29546.636317,2772343411,2772344582,16025,1171
29546.646844,2772352295,2772353468,16074,1173
29546.656329,2772361247,2772362421,15908,1174
29546.667877,2772370284,2772371459,16024,1175
29546.678404,2772379236,2772380411,16060,1175
29546.688326,2772388180,2772389354,15828,1174
29546.699436,2772397116,2772398292,15843,1176
29546.708328,2772406082,2772407256,15961,1174
29546.720335,2772415118,2772416291,15828,1173
29546.730998,2772424217,2772425393,15938,1176
29546.740329,2772433254,2772434427,16066,1173
29546.752035,2772442252,2772443425,15932,1173
29546.762558,2772451284,2772452458,16028,1174
29546.772330,2772460289,2772461464,16072,1175
29546.783595,2772469334,2772470508,15915,1174
29546.792328,2772478268,2772479441,16026,1173
29546.804332,2772487177,2772488353,16023,1176
29546.815156,2772496114,2772497288,15917,1174
29546.824327,2772505004,2772506178,16021,1174
29546.836203,2772514028,2772515203,16054,1175
29546.846723,2772523046,2772524220,15990,1174
29546.856347,2772532004,2772533178,16028,1174
29546.867763,2772540988,2772542161,16073,1173
29546.876333,2772550027,2772551201,15915,1174
29546.888329,2772558938,2772560112,16028,1174
29546.899324,2772567949,2772569123,16063,1174
29546.908330,2772576987,2772578162,15917,1175
29546.920328,2772586038,2772587212,16025,1174
29546.930885,2772595027,2772596201,16074,1174
29546.940328,2772604065,2772605240,15914,1175
29546.951919,2772613146,2772614324,16037,1178
29546.962446,2772622185,2772623359,16076,1174
29546.972334,2772631280,2772632454,15919,1174
29546.983478,2772640370,2772641544,16025,1174
29546.992335,2772649322,2772650496,16069,1174
29547.004335,2772658321,2772659494,15921,1173
29547.015038,2772667282,2772668455,16023,1173
29547.024330,2772676320,2772677494,16071,1174
29547.036076,2772685357,2772686533,15916,1176
29547.046597,2772694403,2772695580,15937,1177
29547.056328,2772703498,2772704674,16051,1176
29547.067635,2772712493,2772713668,15915,1175
29547.076328,2772721570,2772722748,16027,1178
29547.088331,2772730376,2772731555,15984,1179
29547.099196,2772739374,2772740547,15843,1173
29547.108328,2772748469,2772749643,15945,1174
29547.120243,2772757487,2772758660,15997,1173
29547.130756,2772766422,2772767599,15831,1177
29547.140329,2772775288,2772776461,15940,1173
29547.151803,2772784317,2772785489,15954,1172
29547.160330,2772793238,2772794412,15826,1174
29547.172330,2772802274,2772803448,15939,1174
29547.183364,2772811273,2772812448,15985,1175
29547.192335,2772820375,2772821549,15909,1174
29547.204333,2772829388,2772830562,15932,1174
29547.214924,2772838369,2772839542,15982,1173
29547.224328,2772847353,2772848526,15831,1173
29547.235958,2772856291,2772857463,15941,1172
29547.246484,2772865225,2772866403,15977,1178
29547.256328,2772874218,2772875393,15827,1175
29547.267518,2772883310,2772884484,15935,1174
29547.276332,2772892310,2772893483,15982,1173
29547.288331,2772901231,2772902409,15830,1178
29547.299080,2772910255,2772911429,15956,1174
29547.308330,2772919237,2772920415,15978,1178
29547.320116,2772928318,2772929496,15829,1178
29547.330640,2772937407,2772938581,15929,1174
29547.340333,2772946472,2772947645,15955,1173
29547.351675,2772955573,2772956746,15826,1173
29547.360332,2772964406,2772965580,15935,1174
29547.372331,2772973370,2772974545,15984,1175
29547.383238,2772982441,2772983616,15829,1175
29547.392332,2772991447,2772992622,15834,1175
29547.404283,2773000408,2773001585,15963,1177
29547.414796,2773009371,2773010546,15827,1175
29547.424328,2773018458,2773019632,15942,1174
29547.435844,2773027450,2773028623,15970,1173
29547.446357,2773036545,2773037723,15843,1178
29547.456330,2773045568,2773046742,15939,1174
29547.467404,2773054656,2773055830,15981,1174
29547.476335,2773063719,2773064893,15815,1174
29547.488332,2773072719,2773073896,15938,1177
29547.498964,2773081701,2773082876,15948,1175
29547.508331,2773090729,2773091904,15832,1175
29547.519998,2773099726,2773100901,15935,1175
29547.530525,2773108814,2773109992,15985,1178
29547.540328,2773117849,2773119022,15909,1173
29547.551558,2773126936,2773128107,15932,1171
29547.560328,2773135943,2773137117,15988,1174
29547.572334,2773144892,2773146067,15835,1175
29547.583118,2773153827,2773155000,15938,1173
29547.592328,2773162900,2773164079,15981,1179
29547.604155,2773171921,2773173094,15830,1173
29547.614679,2773180834,2773182016,15942,1182
29547.624328,2773189909,2773191084,15982,1175
29547.635716,2773198963,2773200135,15827,1172
29547.644332,2773208065,2773209239,15954,1174
29547.656331,2773216971,2773218146,15982,1175
29547.667276,2773225993,2773227168,15830,1175
29547.676334,2773235005,2773236179,15941,1174
29547.688323,2773244029,2773245203,15967,1174
29547.698836,2773252991,2773254164,15915,1173
29547.708333,2773262057,2773263230,16021,1173
29547.719883,2773270877,2773272052,16051,1175
29547.730398,2773279858,2773281040,15912,1182
29547.740332,2773288836,2773290018,15935,1182
29547.751444,2773297915,2773299087,16051,1172
29547.760327,2773306961,2773308136,15908,1175
29547.772329,2773315952,2773317126,16029,1174
29547.783004,2773324967,2773326140,16070,1173
29547.792331,2773334100,2773335279,15935,1179
29547.804038,2773343072,2773344247,16024,1175
29547.814565,2773352071,2773353246,16060,1175
29547.824330,2773361172,2773362346,15916,1174
29547.835598,2773370205,2773371377,16023,1172
29547.844329,2773379124,2773380299,16040,1175
29547.856333,2773388154,2773389327,15913,1173
29547.867158,2773397128,2773398302,16020,1174
29547.876331,2773406166,2773407344,16072,1178
29547.888203,2773415184,2773416357,15989,1173
29547.898717,2773424140,2773425316,15926,1176
29547.908333,2773433239,2773434412,15962,1173
29547.919755,2773442202,2773443378,15828,1176
29547.928330,2773451121,2773452296,15938,1175
29547.940334,2773460025,2773461199,15980,1174
29547.951316,2773469064,2773470237,15823,1173
29547.960329,2773478035,2773479210,15939,1175
29547.972328,2773486883,2773488058,15985,1175
29547.982877,2773495780,2773496955,15829,1175
29547.992330,2773504796,2773505969,15955,1173
29548.003924,2773513857,2773515031,15984,1174
29548.014437,2773522918,2773524096,15831,1178
29548.024330,2773531945,2773533121,15937,1176
29548.035484,2773540896,2773542068,15967,1172
29548.044330,2773549966,2773551144,15829,1178
29548.056333,2773559030,2773560205,15934,1175
29548.067044,2773568129,2773569303,15969,1174
29548.076328,2773577198,2773578372,15829,1174
29548.088077,2773586255,2773587430,15832,1175
29548.098605,2773595317,2773596494,15967,1177
29548.108330,2773604370,2773605544,15816,1174
29548.119638,2773613251,2773614425,15933,1174
29548.128330,2773622336,2773623510,15976,1174
29548.140328,2773631306,2773632480,15835,1174
29548.151199,2773640383,2773641556,15936,1173
29548.160333,2773649342,2773650517,15983,1175
29548.172235,2773658457,2773659630,15807,1173
29548.182759,2773667526,2773668705,15939,1179
29548.192327,2773676537,2773677711,15943,1174
29548.203796,2773685603,2773686777,15831,1174
29548.212328,2773694621,2773695795,15941,1174
29548.224330,2773703598,2773704773,15989,1175
29548.235364,2773712635,2773713808,15912,1173
29548.244328,2773721709,2773722883,15932,1174
29548.256329,2773730753,2773731931,15967,1178
29548.266917,2773739862,2773741035,15823,1173
29548.276328,2773748969,2773750144,15935,1175
29548.287964,2773757983,2773759164,15985,1181
29548.298477,2773767029,2773768204,15824,1175
29548.308334,2773775939,2773777113,15840,1174
29548.319524,2773784706,2773785881,15982,1175
29548.328329,2773793774,2773794947,15812,1173
29548.340333,2773802728,2773803902,15954,1174
29548.351085,2773811557,2773812730,15988,1173
29548.360330,2773820483,2773821656,15828,1173
29548.372118,2773829505,2773830679,15935,1174
29548.382646,2773838591,2773839769,15987,1178
29548.392332,2773847586,2773848763,15833,1177
29548.403678,2773856602,2773857777,15940,1175
29548.412329,2773865590,2773866765,15983,1175
29548.424329,2773874555,2773875730,15830,1175
29548.435238,2773883652,2773884826,15848,1174
29548.444327,2773892666,2773893840,15967,1174
29548.456275,2773901750,2773902925,15827,1175
29548.466799,2773910821,2773911995,15936,1174
29548.476328,2773919785,2773920961,15980,1176
29548.487836,2773928781,2773929955,15844,1174
29548.498360,2773937866,2773939044,15939,1178
29548.508329,2773946956,2773948129,15980,1173
29548.519397,2773955986,2773957163,15826,1177
29548.528329,2773965022,2773966196,15933,1174
29548.540329,2773974010,2773975185,15954,1175
29548.550957,2773982934,2773984105,15828,1171
29548.560328,2773991997,2773993170,15938,1173
29548.572004,2774000989,2774002163,15980,1174
29548.582525,2774010081,2774011256,15909,1175
29548.592334,2774019046,2774020223,15936,1177
29548.603565,2774028067,2774029241,15984,1174
29548.612330,2774036968,2774038143,15828,1175
29548.624327,2774045956,2774047129,15932,1173
29548.635126,2774054960,2774056134,15982,1174
29548.644332,2774064049,2774065222,15829,1173
29548.656158,2774073144,2774074317,15938,1173
29548.666685,2774082235,2774083410,15984,1175
29548.676329,2774091216,2774092391,15829,1175
29548.687720,2774100263,2774101437,15955,1174
29548.696337,2774109139,2774110314,15986,1175
29548.708329,2774118227,2774119402,15828,1175
29548.719281,2774127083,2774128259,16025,1176
29548.728329,2774136101,2774137276,16070,1175
29548.740316,2774145162,2774146341,15904,1179
29548.750840,2774154204,2774155379,16028,1175
29548.760328,2774163299,2774164474,16058,1175
29548.771876,2774172387,2774173562,15918,1175
29548.782399,2774181488,2774182663,15930,1175
29548.792328,2774190470,2774191644,16050,1174
29548.803437,2774199543,2774200716,15912,1173
29548.812331,2774208597,2774209771,16028,1174
29548.824333,2774217537,2774218711,16071,1174
29548.834997,2774226640,2774227813,15929,1173
29548.844330,2774235703,2774236878,16026,1175
29548.856044,2774244768,2774245941,16072,1173
29548.866560,2774253751,2774254929,15942,1178
29548.876336,2774262701,2774263875,16023,1174
29548.887605,2774271658,2774272831,16039,1173
29548.896327,2774280514,2774281688,15911,1174
29548.908330,2774289471,2774290646,16025,1175
29548.919162,2774298374,2774299548,16014,1174
29548.928329,2774307391,2774308568,15905,1177
29548.940199,2774316502,2774317677,15937,1175
29548.950726,2774325591,2774326762,16071,1171
29548.960329,2774334689,2774335862,15918,1173
29548.971759,2774343685,2774344860,16027,1175
29548.980334,2774352697,2774353872,16067,1175
29548.992329,2774361798,2774362997,15913,1199
29549.003319,2774370764,2774371937,16026,1173
29549.012331,2774379769,2774380943,16075,1174
29549.024327,2774388674,2774389848,15920,1174
29549.034882,2774397675,2774398849,16038,1174
29549.044330,2774406724,2774407899,16055,1175
29549.055917,2774415794,2774416969,15908,1175
29549.066440,2774424894,2774426067,16025,1173
29549.076330,2774433933,2774435107,16069,1174
29549.087476,2774443015,2774444189,15919,1174
29549.096329,2774452128,2774453302,16025,1174
29549.108327,2774461012,2774462187,16070,1175
29549.119037,2774470067,2774471242,15917,1175
29549.128332,2774479157,2774480331,15857,1174
29549.140084,2774488258,2774489431,15955,1173
29549.150598,2774497200,2774498372,15832,1172
29549.160333,2774506113,2774507286,15939,1173
29549.171645,2774514997,2774516170,16071,1173
29549.180330,2774524093,2774525269,15931,1176
29549.192332,2774533139,2774534313,16019,1174
29549.203205,2774542153,2774543328,16067,1175
29549.212329,2774551246,2774552420,15915,1174
29549.224238,2774560271,2774561448,16026,1177
29549.234766,2774569320,2774570495,16037,1175
29549.244332,2774578397,2774579573,15913,1176
29549.255799,2774587460,2774588634,16026,1174
29549.264333,2774596409,2774597582,16052,1173
29549.276330,2774605429,2774606603,15995,1174
29549.287359,2774614306,2774615484,16022,1178
29549.296332,2774623302,2774624475,16073,1173
29549.308329,2774632360,2774633534,15916,1174
29549.318920,2774641334,2774642509,16029,1175
29549.328331,2774650240,2774651415,15979,1175
29549.339956,2774659289,2774660465,15843,1176
29549.350480,2774668416,2774669588,15940,1172
29549.360328,2774677515,2774678692,15956,1177
29549.371517,2774686545,2774687719,15844,1174
29549.380332,2774695625,2774696801,15954,1176
29549.392334,2774704620,2774705794,15967,1174
29549.403078,2774713521,2774714696,15849,1175
29549.412327,2774722611,2774723789,15935,1178
29549.424123,2774731548,2774732721,15974,1173
29549.434637,2774740568,2774741745,15840,1177
29549.444330,2774749611,2774750787,15933,1176
29549.455683,2774758633,2774759808,15961,1175
29549.464330,2774767673,2774768847,15841,1174
29549.476327,2774776782,2774777956,15856,1174
29549.487244,2774785821,2774787003,15954,1182
29549.496332,2774794826,2774795999,15839,1173
29549.508279,2774803819,2774804992,15939,1173
29549.518805,2774812810,2774813987,15970,1177
29549.528334,2774821813,2774822987,15857,1174
29549.539839,2774830804,2774831977,15937,1173
29549.550365,2774839719,2774840890,16052,1171
29549.560329,2774848803,2774849976,15922,1173
29549.571399,2774857751,2774858930,16025,1179
29549.580331,2774866822,2774867997,16024,1175
29549.592330,2774875802,2774876977,15928,1175
29549.602961,2774884777,2774885952,16021,1175
29549.612328,2774893815,2774894991,16058,1176
29549.624003,2774902825,2774904000,15995,1175
29549.634521,2774911640,2774912814,16016,1174
29549.644330,2774920699,2774921872,16040,1173
29549.655557,2774929762,2774930935,15933,1173
29549.664332,2774938806,2774939981,16026,1175
29549.676331,2774947775,2774948949,16046,1174
29549.687118,2774956721,2774957896,15931,1175
29549.696327,2774965766,2774966940,16030,1174
29549.708163,2774974812,2774975989,16034,1177
29549.718678,2774983888,2774985063,15917,1175
29549.728330,2774992985,2774994160,16044,1175
29549.739725,2775002072,2775003246,15942,1174
29549.748333,2775011124,2775012296,15841,1172
29549.760335,2775020143,2775021323,15888,1180
29549.771285,2775029138,2775030313,15935,1175
29549.780332,2775038258,2775039433,15808,1175
29549.792319,2775047283,2775048459,15940,1176
29549.812333,2775058007,2775058645,11944,638
29549.823881,2775062215,2775062853,11987,638
29549.834406,2775069208,2775070383,15962,1175
29549.844330,2775078071,2775079244,15852,1173
29549.855439,2775086929,2775088102,15936,1173
29549.864329,2775095759,2775096932,15980,1173
29549.876332,2775104766,2775105940,15837,1174
29549.887001,2775113824,2775114997,16026,1173
29549.896331,2775122789,2775123964,16045,1175
29549.908036,2775131795,2775132970,15923,1175
29549.918560,2775140768,2775141942,16025,1174
29549.928327,2775149808,2775150982,16038,1174
29549.939600,2775158887,2775160062,15805,1175
29549.948334,2775167978,2775169150,15942,1172
29549.960334,2775176976,2775178151,15954,1175
29549.971165,2775185827,2775187003,15905,1176
29549.980327,2775194927,2775196101,15931,1174
29549.992204,2775203950,2775205125,15963,1175
29550.002717,2775212947,2775214121,15829,1174
29550.012328,2775221963,2775223139,15937,1176
29550.023764,2775230960,2775232136,15972,1176
29550.032331,2775240035,2775241209,15837,1174
29550.044328,2775248996,2775250170,15936,1174
29550.055325,2775258058,2775259232,15963,1174
29550.064329,2775267160,2775268333,15835,1173
29550.076332,2775276235,2775277408,15956,1173
29550.086886,2775285267,2775286440,15969,1173
29550.096327,2775294356,2775295531,15830,1175
29550.107919,2775303438,2775304611,15933,1173
29550.118446,2775312531,2775313710,15962,1179
29550.128336,2775321626,2775322801,15808,1175
29550.139480,2775330678,2775331852,15946,1174
29550.148328,2775339559,2775340756,15945,1197
29550.160333,2775348634,2775349808,15834,1174
29550.171039,2775357561,2775358738,15845,1177
29550.180327,2775366510,2775367685,15963,1175
29550.192078,2775375604,2775376779,15831,1175
29550.202601,2775384698,2775385873,15937,1175
29550.212330,2775393811,2775395009,15975,1198
29550.223644,2775402921,2775404096,15921,1175
29550.232328,2775412036,2775413210,15894,1174
29550.244328,2775421135,2775422311,15991,1176
29550.255206,2775430131,2775431309,15918,1178
29550.264327,2775439121,2775440295,15831,1174
29550.276243,2775448206,2775449383,15980,1177
29550.286758,2775457230,2775458405,15835,1175
29550.296330,2775466202,2775467376,15942,1174
29550.307803,2775473559,2775474734,15912,1175
29550.316336,2775482600,2775483775,16001,1175
29550.328330,2775491631,2775492806,16027,1175
29550.339365,2775500678,2775501853,16054,1175
29550.348329,2775509748,2775510925,15916,1177
29550.360333,2775518813,2775519995,16005,1182
29550.370924,2775527846,2775529053,15966,1207
29550.380328,2775536904,2775538079,15831,1175
29550.391961,2775545994,2775547169,15944,1175
29550.402486,2775555096,2775556269,15971,1173
29550.412333,2775564191,2775565366,15836,1175
29550.423521,2775573247,2775574421,16045,1174
29550.432328,2775582217,2775583392,15960,1175
29550.444332,2775591222,2775592397,15835,1175
29550.455080,2775600289,2775601465,15937,1176
29550.464328,2775609255,2775610429,15982,1174
29550.476118,2775618281,2775619456,15839,1175
29550.486641,2775627287,2775628460,15933,1173
29550.496329,2775636189,2775637362,16062,1173
29550.507680,2775645151,2775646333,15954,1182
29550.516331,2775654269,2775655444,15934,1175
29550.528328,2775663117,2775664293,16053,1176
29550.539238,2775672141,2775673315,15916,1174
29550.548332,2775681157,2775682332,16017,1175
29550.560285,2775690202,2775691381,15953,1179
29550.570798,2775699207,2775700381,15843,1174
29550.580330,2775708252,2775709430,15947,1178
29550.591845,2775717370,2775718571,15967,1201
29550.602359,2775726163,2775727338,15828,1175
29550.612331,2775735209,2775736388,16027,1179
29550.623405,2775744219,2775745394,15945,1175
29550.632327,2775753292,2775754466,15841,1174
29550.644328,2775762315,2775763490,15940,1175
29550.654966,2775771385,2775772559,15964,1174
29550.664330,2775780470,2775781643,15915,1173
29550.676000,2775789548,2775790722,16028,1174
29550.686526,2775798586,2775799760,15955,1174
29550.696327,2775807727,2775808901,15833,1174
29550.707560,2775816826,2775818001,15945,1175
29550.716328,2775825871,2775827046,15965,1175
29550.728330,2775834913,2775836086,15828,1173
29550.739121,2775843972,2775845146,16031,1174
29550.748330,2775853086,2775854259,16047,1173
29550.760157,2775862242,2775863416,15851,1174
29550.770683,2775871320,2775872495,15950,1175
29550.780327,2775880374,2775881549,15959,1175
29550.791717,2775889361,2775890536,15837,1175
29550.800331,2775898393,2775899567,16027,1174
29550.812336,2775907441,2775908616,16052,1175
29550.823281,2775916470,2775917653,15864,1183
29550.832329,2775925568,2775926743,15940,1175
29550.844325,2775934645,2775935820,15963,1175
29550.854839,2775943753,2775944927,15831,1174
29550.864328,2775952860,2775954032,15937,1172
29550.875885,2775961844,2775963018,16060,1174
29550.886399,2775970866,2775972040,15916,1174
29550.896329,2775979941,2775981116,16019,1175
29550.907446,2775989081,2775990256,16054,1175
29550.916332,2775998172,2775999347,15925,1175
29550.928330,2776007298,2776008473,16033,1175
29550.939006,2776016332,2776017511,16052,1179
29550.948328,2776025375,2776026548,15824,1173
29550.960034,2776034214,2776035389,16012,1175
29550.970566,2776043201,2776044376,16054,1175
29550.980327,2776052213,2776053387,15921,1174
29550.991601,2776061266,2776062442,16029,1176
29551.000328,2776070361,2776071564,16057,1203
29551.012331,2776079446,2776080621,15907,1175
29551.023161,2776088523,2776089698,15942,1175
29551.032331,2776097623,2776098799,15966,1176
29551.044198,2776106701,2776107875,15835,1174
29551.054721,2776115803,2776116983,15945,1180
29551.064328,2776124892,2776126069,15971,1177
29551.075758,2776133791,2776134965,15832,1174
29551.084331,2776142805,2776143983,15938,1178
29551.096333,2776151857,2776153031,15963,1174
29551.107320,2776160932,2776162106,15839,1174
29551.116335,2776170010,2776171185,15963,1175
29551.128334,2776179010,2776180185,15968,1175
29551.138879,2776188082,2776189257,15917,1175
29551.148333,2776197169,2776198342,15941,1173
29551.159925,2776206250,2776207429,15968,1179
29551.170440,2776215362,2776216537,15923,1175
29551.180330,2776224388,2776225562,16019,1174
29551.191486,2776233454,2776234630,16056,1176
29551.200331,2776242563,2776243738,15921,1175
29551.212331,2776251676,2776252850,15931,1174
29551.223046,2776260633,2776261809,16053,1176
29551.232332,2776269724,2776270900,15924,1176
29551.244081,2776278832,2776280011,16033,1179
29551.254607,2776287968,2776289144,16040,1176
29551.264328,2776297041,2776298214,15833,1173
29551.275640,2776306005,2776307183,15935,1178
29551.284333,2776315015,2776316193,15981,1178
29551.296327,2776324093,2776325268,15843,1175
29551.307201,2776333137,2776334312,15940,1175
29551.316331,2776342258,2776343433,15949,1175
29551.328238,2776351280,2776352455,15834,1175
29551.338762,2776360341,2776361515,15932,1174
29551.348327,2776369419,2776370592,15956,1173
29551.359805,2776378539,2776379715,15913,1176
29551.368333,2776387627,2776388802,15864,1175
29551.380332,2776396709,2776397884,16056,1175
29551.391358,2776405653,2776406828,15916,1175
29551.400332,2776414776,2776415951,16029,1175
29551.412329,2776423915,2776425090,16053,1175
29551.422921,2776432940,2776434114,15836,1174
29551.432332,2776442037,2776443213,15948,1176
29551.443968,2776451149,2776452323,15966,1174
29551.454480,2776460202,2776461378,15839,1176
29551.464328,2776469247,2776470420,15964,1173
29551.475526,2776478339,2776479514,15961,1175
29551.484329,2776487340,2776488517,15831,1177
29551.496331,2776496476,2776497655,15938,1179
29551.507086,2776505575,2776506750,16054,1175
29551.516328,2776514662,2776515836,15928,1174
29551.528121,2776523661,2776524835,16024,1174
29551.538647,2776532763,2776533939,16055,1176
29551.548329,2776541806,2776542978,15837,1172
29551.559679,2776550826,2776552001,15848,1175
29551.568331,2776559797,2776560971,16048,1174
29551.580331,2776568714,2776569889,15827,1175
29551.591241,2776577815,2776578990,15942,1175
29551.600328,2776586894,2776588069,15967,1175
29551.612278,2776595949,2776597124,15843,1175
29551.622801,2776604988,2776606163,15940,1175
29551.632331,2776614080,2776615255,15969,1175
29551.643839,2776623109,2776624285,15835,1176
29551.654363,2776632203,2776633378,15946,1175
29551.664327,2776641251,2776642423,15954,1172
29551.675399,2776650298,2776651473,15840,1175
29551.684328,2776659385,2776660559,15932,1174
29551.696334,2776668300,2776669477,15968,1177
29551.706966,2776677324,2776678523,15904,1199
29551.716329,2776686445,2776687620,15941,1175
29551.728006,2776695494,2776696668,15963,1174
29551.738521,2776704568,2776705742,15831,1174
29551.748333,2776713631,2776714809,15942,1178
29551.759565,2776722604,2776723779,16049,1175
29551.768329,2776731691,2776732869,15921,1178
29551.780333,2776740614,2776741788,15958,1174
29551.791127,2776749470,2776750673,15963,1203
29551.800329,2776758607,2776759782,15829,1175
29551.812162,2776767726,2776768900,15957,1174
29551.822687,2776776800,2776777975,15966,1175
29551.832331,2776785794,2776786971,15837,1177
29551.843722,2776794818,2776795992,15946,1174
29551.852334,2776803870,2776805044,15966,1174
29551.864328,2776812936,2776814109,15839,1173
29551.875282,2776821960,2776823135,15945,1175
29551.884335,2776831062,2776832237,15968,1175
29551.896318,2776840164,2776841338,15836,1174
29551.906840,2776849238,2776850413,15851,1175
29551.916330,2776858350,2776859526,15964,1176
29551.927880,2776867460,2776868634,15828,1174
29551.938402,2776876552,2776877727,15945,1175
29551.948332,2776885659,2776886833,15965,1174
29551.959439,2776894765,2776895944,15839,1179
29551.968333,2776903708,2776904883,15951,1175
29551.980330,2776912734,2776913909,16060,1175
29551.990999,2776921796,2776922974,15823,1178
29552.000330,2776930833,2776932007,15924,1174
29552.012046,2776939898,2776941072,15950,1174
29552.022561,2776948958,2776950133,15836,1175
29552.032327,2776957975,2776959174,15948,1199
29552.043606,2776967058,2776968236,15958,1178
29552.052334,2776976156,2776977331,15918,1175
29552.064328,2776985198,2776986369,15940,1171
29552.075167,2776994289,2776995464,15970,1175
29552.084328,2777003405,2777004579,15830,1174
29552.096201,2777012501,2777013677,16028,1176
29552.106725,2777021607,2777022781,16051,1174
29552.116337,2777030723,2777031898,15921,1175
29552.127762,2777039770,2777040944,16033,1174
29552.136328,2777048888,2777050066,16055,1178
29552.148329,2777057997,2777059171,15918,1174
29552.159323,2777067050,2777068229,16047,1179
29552.168338,2777076159,2777077335,16049,1176
29552.180330,2777085220,2777086394,15926,1174
29552.190884,2777094322,2777095496,15959,1174
29552.200327,2777103385,2777104562,15972,1177
29552.211919,2777112465,2777113639,15834,1174
29552.222442,2777121521,2777122695,15929,1174
29552.232329,2777130594,2777131771,15964,1177
29552.243479,2777139540,2777140714,15839,1174
29552.252328,2777148595,2777149774,15850,1179
29552.264330,2777157648,2777158819,15970,1171
29552.275039,2777166686,2777167861,15834,1175
29552.284333,2777175741,2777176916,15941,1175
29552.296086,2777184839,2777186017,15966,1178
29552.306600,2777193868,2777195044,15849,1176
29552.316332,2777202886,2777204060,15947,1174
29552.327646,2777211837,2777213012,15969,1175
29552.336328,2777220812,2777221987,15832,1175
29552.348327,2777229880,2777231053,15941,1173
29552.359207,2777238981,2777240155,15949,1174
29552.368331,2777248065,2777249247,15861,1182
29552.380241,2777257219,2777258393,15938,1174
29552.390766,2777266365,2777267541,16016,1176
29552.400331,2777275420,2777276596,15914,1176
29552.411802,2777284534,2777285709,15943,1175
29552.420328,2777293655,2777294834,15963,1179
29552.432331,2777302713,2777303888,15835,1175
29552.443362,2777311843,2777313018,15944,1175
29552.452327,2777320955,2777322133,15967,1178
29552.464329,2777330049,2777331222,15836,1173
29552.474923,2777339103,2777340278,15944,1175
29552.484335,2777348206,2777349381,15967,1175
29552.495958,2777357286,2777358485,15835,1199
29552.506486,2777366388,2777367563,15964,1175
29552.516331,2777375464,2777376640,15968,1176
29552.527519,2777384573,2777385750,15837,1177
29552.536328,2777393658,2777394841,15939,1183
29552.548336,2777402728,2777403902,15963,1174
29552.559080,2777411787,2777412961,15837,1174
29552.568335,2777420787,2777421962,15931,1175
29552.580126,2777429828,2777431003,15968,1175
29552.590635,2777438791,2777439971,15822,1180
29552.600328,2777447898,2777449072,15847,1174
29552.611686,2777456994,2777458170,15964,1176
29552.620332,2777466074,2777467248,15837,1174
29552.632328,2777475076,2777476279,15944,1203
29552.643247,2777484118,2777485316,15965,1198
29552.652329,2777493257,2777494434,15937,1177
29552.664282,2777502407,2777503580,16040,1173
29552.674807,2777511507,2777512681,16056,1174
29552.684334,2777520591,2777521765,15925,1174
29552.695841,2777529668,2777530843,16029,1175
29552.706368,2777538673,2777539850,16034,1177
29552.716327,2777547722,2777548898,15925,1176
29552.727403,2777556835,2777558010,16024,1175
29552.736332,2777565874,2777567050,16053,1176
29552.748327,2777574870,2777576044,16004,1174
29552.758962,2777583895,2777585070,15934,1175
29552.768328,2777592995,2777594170,15969,1175
29552.779999,2777602064,2777603242,15834,1178
29552.790523,2777611173,2777612349,15944,1176
29552.800335,2777620163,2777621340,15968,1177
29552.811559,2777629245,2777630421,15833,1176
29552.820332,2777638372,2777639546,15944,1174
29552.832328,2777647397,2777648572,15964,1175
29552.843120,2777656405,2777657581,15827,1176
29552.852333,2777665522,2777666697,15961,1175
29552.864166,2777674569,2777675742,15964,1173
29552.874681,2777683482,2777684658,15839,1176
29552.884331,2777692584,2777693759,15930,1175
29552.895726,2777701626,2777702804,15967,1178
29552.904336,2777710576,2777711750,15836,1174
29552.916328,2777719619,2777720794,15948,1175
29552.927287,2777728696,2777729874,15954,1178
29552.936328,2777737774,2777738948,15837,1174
29552.948319,2777746874,2777748048,15829,1174
29552.958848,2777755969,2777757148,15967,1179
29552.968330,2777765103,2777766310,15858,1207
29552.979882,2777774249,2777775423,15946,1174
29552.990408,2777783326,2777784502,15967,1176
29553.000329,2777792297,2777793473,15810,1176
29553.011443,2777801353,2777802530,15943,1177
29553.020328,2777810376,2777811551,15963,1175
29553.032332,2777819432,2777820610,15832,1178
29553.043003,2777828437,2777829616,15945,1179
29553.052333,2777837567,2777838765,15946,1198
29553.064039,2777846668,2777847841,15837,1173
29553.074563,2777855691,2777856867,15929,1176
29553.084330,2777864789,2777865964,15962,1175
29553.095607,2777873650,2777874826,15912,1176
29553.104331,2777882756,2777883954,15940,1198
29553.116334,2777891846,2777893023,15964,1177
29553.127162,2777900805,2777901989,15861,1184
29553.136327,2777909804,2777910978,15945,1174
29553.148205,2777918885,2777920085,15965,1200
29553.158720,2777928016,2777929192,15836,1176
29553.168332,2777937045,2777938219,15938,1174
29553.179767,2777946174,2777947349,15962,1175
29553.188328,2777955255,2777956432,15836,1177
29553.200330,2777964364,2777965572,15933,1208
29553.211328,2777973452,2777974626,16043,1174
29553.220331,2777982562,2777983737,15935,1175
29553.232327,2777991648,2777992826,16034,1178
29553.242886,2778000707,2778001882,16041,1175
29553.252328,2778009807,2778010983,15941,1176
29553.263922,2778018917,2778020088,16035,1171
29553.274447,2778027989,2778029165,16041,1176
29553.284333,2778037039,2778038215,15935,1176
29553.295480,2778046106,2778047280,15948,1174
29553.304332,2778055162,2778056360,16039,1198
29553.316328,2778064291,2778065470,15933,1179
29553.327043,2778073319,2778074496,15940,1177
29553.336328,2778082401,2778083576,15953,1175
29553.348079,2778091449,2778092625,15909,1176
29553.358604,2778100553,2778101729,15940,1176
29553.368330,2778109617,2778110792,15950,1175
29553.379640,2778118668,2778119849,15848,1181
29553.388334,2778127779,2778128979,15944,1200
29553.400329,2778136918,2778138099,15938,1181
29553.411200,2778145847,2778147045,15847,1198
29553.420332,2778154970,2778156147,15943,1177
29553.432246,2778164077,2778165251,15968,1174
29553.442768,2778173203,2778174379,15917,1176
29553.452328,2778182273,2778183449,15936,1176
29553.463807,2778191380,2778192555,15964,1175
29553.472328,2778200458,2778201633,15838,1175
29553.484328,2778209536,2778210710,15950,1174
29553.495366,2778218638,2778219813,15970,1175
29553.504328,2778227752,2778228952,15824,1200
29553.516332,2778236878,2778238053,15945,1175
29553.526928,2778245951,2778247125,15967,1174
29553.536327,2778255058,2778256232,15837,1174
29553.547964,2778264139,2778265315,15960,1176
29553.558488,2778273196,2778274375,15966,1179
29553.568329,2778282302,2778283510,15866,1208
29553.579522,2778291446,2778292620,15940,1174
29553.588329,2778300542,2778301717,15968,1175
29553.600331,2778309681,2778310888,15839,1207
29553.611080,2778318800,2778319978,15932,1178
29553.620328,2778327919,2778329095,15964,1176
29553.632119,2778337019,2778338198,15839,1179
29553.642642,2778346134,2778347308,15852,1174
29553.652329,2778355260,2778356435,15959,1175
29553.663680,2778364377,2778365552,15837,1175
29553.672330,2778373517,2778374699,16034,1182
29553.684337,2778382635,2778383817,16049,1182
29553.695240,2778391767,2778392946,15941,1179
29553.704331,2778400827,2778402033,16026,1206
29553.716287,2778409952,2778411127,16053,1175
29553.726801,2778419094,2778420277,15927,1183
29553.736331,2778428025,2778429209,16028,1184
29553.747847,2778437143,2778438320,16037,1177
29553.758361,2778446145,2778447321,15923,1176
29553.768329,2778455244,2778456419,16030,1175
29553.779407,2778464340,2778465516,16058,1176
29553.788328,2778473469,2778474653,15911,1184
29553.800331,2778482572,2778483779,15949,1207
29553.810968,2778491782,2778492990,15964,1208
29553.820332,2778500909,2778502084,15837,1175
29553.832002,2778509911,2778511087,15946,1176
29553.842527,2778518946,2778520122,15965,1176
29553.852333,2778528020,2778529196,15834,1176
29553.863562,2778537119,2778538315,15944,1196
29553.872328,2778546179,2778547359,15959,1180
29553.884331,2778555304,2778556480,15832,1176
29553.895125,2778564354,2778565529,15965,1175
29553.904328,2778573477,2778574653,15954,1176
29553.916159,2778582615,2778583798,15833,1183
29553.926685,2778591704,2778592884,15942,1180
29553.936331,2778600832,2778602008,15967,1176
29553.947721,2778609930,2778611104,15823,1174
29553.956334,2778618927,2778620105,15943,1178
29553.968328,2778627961,2778629138,15962,1177
29553.979280,2778637082,2778638257,15829,1175
29553.988328,2778646230,2778647413,15844,1183
29554.000327,2778655356,2778656563,15974,1207
29554.010841,2778664445,2778665621,15826,1176
29554.020327,2778673448,2778674652,15871,1204
29554.031887,2778682542,2778683720,15968,1178
29554.042401,2778691657,2778692833,15845,1176
29554.052336,2778700666,2778701846,15948,1180
29554.063449,2778709739,2778710912,15969,1173
29554.072329,2778718788,2778719964,15833,1176
29554.084335,2778727889,2778729064,15946,1175
29554.095008,2778736879,2778738057,15951,1178
29554.104334,2778746029,2778747205,15817,1176
29554.116040,2778755152,2778756337,15885,1185
29554.126569,2778764153,2778765335,15953,1182
29554.136327,2778773269,2778774445,15913,1176
29554.147602,2778782324,2778783499,15942,1175
29554.156328,2778791448,2778792632,15965,1184
29554.168328,2778800596,2778801771,15811,1175
29554.179163,2778809589,2778810764,15951,1175
29554.188329,2778818732,2778819911,15972,1179
29554.200199,2778827815,2778828990,15830,1175
29554.210724,2778836907,2778838083,15949,1176
29554.220327,2778846050,2778847233,15968,1183
29554.231763,2778855205,2778856408,15863,1203
29554.240332,2778864384,2778865568,15912,1184
29554.252330,2778873515,2778874693,16000,1178
29554.263323,2778882640,2778883840,15859,1200
29554.272333,2778891834,2778893038,15951,1204
29554.284332,2778900840,2778902017,15962,1177
29554.294884,2778909927,2778911110,15860,1183
29554.304327,2778918903,2778920078,15946,1175
29554.315927,2778927987,2778929161,15958,1174
29554.326441,2778937075,2778938251,15832,1176
29554.336328,2778946160,2778947343,15846,1183
29554.347488,2778955265,2778956442,15969,1177
29554.356328,2778964233,2778965439,15859,1206
29554.368330,2778973406,2778974590,15920,1184
29554.379049,2778982529,2778983709,15966,1180
29554.388328,2778991672,2778992856,15877,1184
29554.400082,2779000833,2779002016,15944,1183
29554.410609,2779009980,2779011155,15974,1175
29554.420327,2779019051,2779020255,15860,1204
29554.431643,2779028187,2779029366,15920,1179
29554.440331,2779037296,2779038473,15956,1177
29554.452333,2779046390,2779047565,15839,1175
29554.463204,2779055450,2779056632,15921,1182
29554.472329,2779064615,2779065799,15961,1184
29554.484247,2779073685,2779074861,15911,1176
29554.494764,2779082747,2779083923,15939,1176
29554.504332,2779091875,2779093080,15972,1205
29554.515800,2779101046,2779102221,15835,1175
29554.524335,2779110134,2779111309,15945,1175
29554.536332,2779119277,2779120483,15973,1206
29554.547364,2779128376,2779129581,15860,1205
29554.556331,2779137485,2779138670,15917,1185
29554.568335,2779146577,2779147753,15967,1176
29554.578924,2779155701,2779156884,15860,1183
29554.588328,2779164843,2779166025,15932,1182
29554.599968,2779173958,2779175134,15973,1176
29554.610481,2779183110,2779184295,15831,1185
29554.620328,2779192200,2779193383,15945,1183
29554.631528,2779201324,2779202528,15969,1204
29554.640330,2779210452,2779211629,15833,1177
29554.652330,2779219511,2779220690,15941,1179
29554.663089,2779228630,2779229834,15969,1204
29554.672333,2779237807,2779239011,15833,1204
29554.684121,2779246964,2779248168,15846,1204
29554.694649,2779255874,2779257053,15970,1179
29554.704331,2779264974,2779266150,15831,1176
29554.715683,2779274072,2779275276,15944,1204
29554.724329,2779283090,2779284288,15967,1198
29554.736330,2779292161,2779293337,15841,1176
29554.747243,2779301302,2779302506,15945,1204
29554.756331,2779310459,2779311666,15961,1207
29554.768280,2779319589,2779320796,15833,1207
29554.778804,2779328789,2779329967,15939,1178
29554.788335,2779337965,2779339173,15955,1208
29554.799840,2779347129,2779348311,15831,1182
29554.810364,2779356127,2779357303,15943,1176
29554.820332,2779365297,2779366472,15986,1175
29554.831408,2779374362,2779375537,15885,1175
29554.840336,2779383333,2779384508,15948,1175
29554.852329,2779392378,2779393558,15968,1180
29554.862961,2779401441,2779402614,15826,1173
29554.872331,2779410514,2779411690,15948,1176
29554.884008,2779419623,2779420798,15977,1175
29554.894524,2779428708,2779429892,15859,1184
29554.904328,2779437804,2779439003,15947,1199
29554.915570,2779446931,2779448107,16018,1176
29554.924327,2779455972,2779457147,15833,1175
29554.936329,2779465079,2779466257,15906,1178
29554.947129,2779474107,2779475307,15968,1200
29554.956330,2779483231,2779484406,15835,1175
29554.968162,2779492388,2779493592,15945,1204
29554.978689,2779501540,2779502741,15964,1201
29554.988332,2779510712,2779511896,15833,1184
29554.999724,2779519872,2779521077,15944,1205
29555.008329,2779529035,2779530220,15970,1185
29555.020337,2779538206,2779539408,15831,1202
29555.031282,2779547343,2779548525,15840,1182
29555.040332,2779556355,2779557538,16040,1183
29555.052323,2779565529,2779566742,15859,1213
29555.062844,2779574747,2779575924,15943,1177
29555.072331,2779583856,2779585040,15965,1184
29555.083880,2779593034,2779594209,15851,1175
29555.094404,2779602160,2779603335,15944,1175
29555.104328,2779611275,2779612451,15971,1176
29555.115441,2779620425,2779621609,15834,1184
29555.124328,2779629499,2779630702,15916,1203
29555.136334,2779638629,2779639828,15953,1199
29555.147004,2779647787,2779648968,15860,1181
29555.156332,2779656890,2779658099,15917,1209
29555.168048,2779666082,2779667266,15975,1184
29555.178569,2779675176,2779676373,15909,1197
29555.188327,2779684354,2779685537,15937,1183
29555.199608,2779693510,2779694718,15953,1208
29555.208330,2779702690,2779703869,15835,1179
29555.220329,2779711779,2779712987,15943,1208
29555.231169,2779720989,2779722171,15988,1182
29555.240327,2779730163,2779731395,15824,1232
29555.252205,2779739380,2779740556,15947,1176
29555.262729,2779748517,2779749728,15966,1211
29555.272334,2779757732,2779758938,15832,1206
29555.283763,2779766970,2779768145,15941,1175
29555.292329,2779776108,2779777312,15968,1204
29555.304331,2779785284,2779786459,15833,1175
29555.315324,2779794410,2779795587,15941,1177
29555.324332,2779803558,2779804738,15968,1180
29555.336335,2779812703,2779813886,15827,1183
29555.346884,2779821864,2779823049,15944,1185
29555.356329,2779830989,2779832168,15975,1179
29555.367921,2779840080,2779841279,15833,1199
29555.378443,2779849272,2779850478,15843,1206
29555.388332,2779858378,2779859587,15970,1209
29555.399481,2779867502,2779868678,15833,1176
29555.408332,2779876629,2779877804,15948,1175
29555.420331,2779885799,2779886975,15976,1176
29555.431044,2779894907,2779896089,15876,1182
29555.440329,2779904049,2779905232,15937,1183
29555.452091,2779913080,2779914264,15968,1184
29555.462602,2779922201,2779923376,15802,1175
29555.472332,2779931350,2779932557,15947,1207
29555.483648,2779940540,2779941721,15955,1181
29555.492328,2779949722,2779950929,15831,1207
29555.504328,2779958909,2779960117,15943,1208
29555.515209,2779968068,2779969250,15970,1182
29555.524328,2779977223,2779978407,15904,1184
29555.536243,2779986330,2779987506,15934,1176
29555.546770,2779995497,2779996683,15969,1186
29555.556328,2780004674,2780005857,15832,1183
29555.567804,2780013771,2780014950,15939,1179
29555.576332,2780022903,2780024105,15969,1202
29555.588331,2780032050,2780033258,15864,1208
29555.599364,2780041230,2780042438,15948,1208
29555.608332,2780050379,2780051558,15993,1179
29555.620336,2780059538,2780060721,15829,1183
29555.630926,2780068687,2780069870,15934,1183
29555.640331,2780077797,2780078978,15968,1181
29555.651961,2780086733,2780087909,15825,1176
29555.662485,2780095868,2780097042,15935,1174
29555.672328,2780105005,2780106185,15969,1180
29555.683521,2780114151,2780115328,15828,1177
29555.692328,2780123315,2780124495,15947,1180
29555.704329,2780132491,2780133698,15952,1207
29555.715081,2780141700,2780142880,15832,1180
29555.724331,2780150782,2780151990,15844,1208
29555.736129,2780159959,2780161141,15959,1182
29555.746642,2780169010,2780170218,15831,1208
29555.756329,2780178178,2780179362,15919,1184
29555.767689,2780187331,2780188535,15970,1204
29555.776330,2780196525,2780197698,15847,1173
29555.788329,2780205605,2780206781,15941,1176
29555.799249,2780214762,2780215944,15972,1182
29555.808331,2780223773,2780224949,15831,1176
29555.820283,2780232830,2780234006,15947,1176
29555.830810,2780241975,2780243155,15936,1180
29555.840327,2780251141,2780252349,15836,1208
29555.851845,2780260293,2780261501,15942,1208
29555.862372,2780269505,2780270713,15942,1208
29555.872327,2780278687,2780279869,15910,1182
29555.883404,2780287754,2780288937,15949,1183
29555.892330,2780296900,2780298082,15967,1182
29555.904328,2780306061,2780307241,15832,1180
29555.914964,2780315171,2780316378,15942,1207
29555.924330,2780324379,2780325555,15965,1176
29555.936000,2780333494,2780334674,15830,1180
29555.946525,2780342524,2780343700,15949,1176
29555.956328,2780351638,2780352841,15967,1203
29555.967561,2780360793,2780361974,15831,1181
29555.976337,2780369958,2780371162,15961,1204
29555.988330,2780379113,2780380297,15971,1184
29555.999122,2780388262,2780389469,15830,1207
29556.008329,2780397424,2780398608,15942,1184
29556.020169,2780406575,2780407779,15968,1204
29556.030682,2780415768,2780416952,15832,1184
29556.040334,2780424944,2780426201,15942,1257
29556.051729,2780434178,2780435385,15952,1207
29556.060331,2780443405,2780444607,15832,1202
29556.072334,2780452560,2780453736,15850,1176
29556.083289,2780461758,2780462966,15953,1208
29556.092331,2780470922,2780472105,15862,1183
29556.104323,2780479999,2780481175,15946,1176
29556.114850,2780489097,2780490304,15960,1207
29556.124329,2780498318,2780499526,15863,1208
29556.135883,2780507524,2780508731,15946,1207
29556.146410,2780516665,2780517874,15971,1209
29556.156334,2780525856,2780527040,15829,1184
29556.167444,2780534991,2780536190,15944,1199
29556.176328,2780544030,2780545203,15972,1173
29556.188328,2780553153,2780554361,15828,1208
29556.199005,2780562318,2780563502,15946,1184
29556.208335,2780571440,2780572624,15970,1184
29556.220048,2780580591,2780581799,15911,1208
29556.230565,2780589798,2780590982,15947,1184
29556.240330,2780598945,2780600128,15997,1183
29556.251601,2780608069,2780609274,15830,1205
29556.260327,2780617270,2780618450,15944,1180
29556.272327,2780626445,2780627629,15986,1184
29556.283161,2780635550,2780636757,15832,1207
29556.292333,2780644784,2780645967,15947,1183
29556.304208,2780653876,2780655052,15970,1176
29556.314722,2780663021,2780664204,15832,1183
29556.324327,2780672165,2780673373,15965,1208
29556.335769,2780681343,2780682546,15966,1203
29556.344330,2780690569,2780691753,15842,1184
29556.356333,2780699752,2780700935,15943,1183
29556.367330,2780708872,2780710054,15972,1182
29556.376331,2780718030,2780719207,15834,1177
29556.388332,2780727169,2780728353,15946,1184
29556.398890,2780736232,2780737408,15968,1176
29556.408334,2780745378,2780746585,15834,1207
29556.419922,2780754541,2780755724,15832,1183
29556.430451,2780763750,2780764932,15971,1182
29556.440332,2780772934,2780774141,15835,1207
29556.451485,2780782136,2780783339,15949,1203
29556.460329,2780791302,2780792478,16001,1176
29556.472332,2780800280,2780801489,15848,1209
29556.483045,2780809451,2780810680,15945,1229
29556.492329,2780818689,2780819896,15968,1207
29556.504081,2780827861,2780829037,15838,1176
29556.514605,2780837022,2780838204,15948,1182
29556.524333,2780846199,2780847403,15950,1204
29556.535641,2780855373,2780856581,15835,1208
29556.544327,2780864525,2780865706,15940,1181
29556.556329,2780873649,2780874830,15972,1181
29556.567209,2780882800,2780884004,15911,1204
29556.576328,2780891913,2780893112,15947,1199
29556.588249,2780901024,2780902208,15966,1184
29556.598762,2780910195,2780911376,15828,1181
29556.608328,2780919369,2780920553,15949,1184
29556.619808,2780928491,2780929695,15969,1204
29556.628330,2780937664,2780938868,15834,1204
29556.640330,2780946749,2780947949,15947,1200
29556.651369,2780955920,2780957128,15966,1208
29556.660328,2780965120,2780966304,15839,1184
29556.672334,2780974235,2780975438,15959,1203
29556.682930,2780983410,2780984589,15968,1179
29556.692331,2780992561,2780993741,15830,1180
29556.703964,2781001720,2781002899,15943,1179
29556.714491,2781010863,2781012046,15968,1183
29556.724329,2781020072,2781021257,15836,1185
29556.735525,2781029224,2781030407,15947,1183
29556.744329,2781038258,2781039436,15971,1178
29556.756333,2781047415,2781048598,15814,1183
29556.767083,2781056564,2781057772,15856,1208
29556.776330,2781065754,2781066937,15967,1183
29556.788121,2781074933,2781076137,15821,1204
29556.798645,2781084090,2781085272,15949,1182
29556.808330,2781093253,2781094462,15963,1209
29556.819681,2781102439,2781103618,15845,1179
29556.828330,2781111631,2781112839,15947,1208
29556.840331,2781120858,2781122037,15968,1179
29556.851244,2781130037,2781131242,15833,1205
29556.860327,2781139286,2781140519,15920,1233
29556.872289,2781148488,2781149670,15953,1182
29556.882804,2781157646,2781158830,15825,1184
29556.892329,2781166824,2781168027,15941,1203
29556.903849,2781176006,2781177191,15966,1185
29556.914370,2781185183,2781186363,15916,1180
29556.924331,2781194346,2781195526,15940,1180
29556.935410,2781203499,2781204703,15959,1204
29556.944331,2781212673,2781213881,15831,1208
29556.956330,2781221873,2781223081,15946,1208
29556.966968,2781231060,2781232244,15968,1184
29556.976327,2781240239,2781241422,15851,1183
29556.988004,2781249395,2781250602,15947,1207
29556.998531,2781258609,2781259818,15970,1209
29557.008328,2781267822,2781269026,15831,1204
29557.019566,2781277016,2781278224,15956,1208
29557.028327,2781286225,2781287404,15969,1179
29557.040331,2781295406,2781296591,15832,1185
29557.051125,2781304564,2781305770,15937,1206
29557.060327,2781313799,2781315002,15966,1203
29557.072162,2781322995,2781324179,15835,1184
29557.082687,2781331976,2781333160,15945,1184
29557.092326,2781341177,2781342385,15958,1208
29557.103721,2781350391,2781351571,15834,1180
29557.112332,2781359527,2781360711,15846,1184
29557.124328,2781368715,2781369899,15961,1184
29557.135282,2781377888,2781379091,15833,1203
29557.144333,2781387055,2781388263,15947,1208
29557.156328,2781396282,2781397490,15969,1208
29557.166843,2781405461,2781406642,15841,1181
29557.176327,2781414625,2781415833,15935,1208
29557.187889,2781423792,2781425000,15972,1208
29557.198403,2781433007,2781434216,15832,1209
29557.208332,2781442219,2781443404,15945,1185
29557.219450,2781451407,2781452591,15955,1184
29557.228333,2781460583,2781461791,15837,1208
29557.240331,2781469802,2781471010,15945,1208
29557.251010,2781478989,2781480197,15968,1208
29557.260327,2781488244,2781489427,15889,1183
29557.272044,2781497422,2781498627,15946,1205
29557.284065,2781507774,2781508978,15802,1204
29557.294588,2781516983,2781518187,15944,1204
29557.304328,2781526159,2781527343,15958,1184
29557.315625,2781535339,2781536523,15845,1184
29557.324330,2781544517,2781545701,15937,1184
29557.336333,2781553634,2781554842,15967,1208
29557.347185,2781562837,2781564016,15824,1179
29557.356334,2781571987,2781573171,15935,1184
29557.368232,2781581193,2781582398,15956,1205
29557.378746,2781590368,2781591550,15829,1182
29557.388327,2781599549,2781600729,15949,1180
29557.399794,2781608656,2781609836,15971,1180
29557.408328,2781617841,2781619041,15913,1200
29557.420329,2781627037,2781628246,15940,1209
29557.431353,2781636219,2781637403,15968,1184
29557.440328,2781645387,2781646596,15828,1209
29557.452329,2781654522,2781655730,15946,1208
29557.462912,2781663729,2781664909,15966,1180
29557.472331,2781672893,2781674076,15834,1183
29557.483947,2781682068,2781683274,15947,1206
29557.494474,2781691276,2781692480,15955,1204
29557.504330,2781700473,2781701681,15834,1208
29557.515509,2781709636,2781710815,15960,1179
29557.524333,2781718803,2781720006,15969,1203
29557.536330,2781727973,2781729152,15834,1179
29557.547070,2781737099,2781738282,15944,1183
29557.556330,2781746286,2781747489,15972,1203
29557.568105,2781755513,2781756693,15835,1180
29557.578628,2781764719,2781765923,15944,1204
29557.588328,2781773910,2781775118,15968,1208
29557.599665,2781783117,2781784321,15829,1204
29557.608327,2781792325,2781793529,15843,1204
29557.620331,2781801524,2781802732,15966,1208
29557.631227,2781810724,2781811908,15828,1184
29557.640327,2781819906,2781821111,15936,1205
29557.652272,2781829076,2781830259,15970,1183
29557.662785,2781838249,2781839432,15846,1183
29557.672332,2781847401,2781848585,15947,1184
29557.683833,2781856533,2781857742,15971,1209
29557.694348,2781865728,2781866911,15825,1183
29557.704326,2781874915,2781876123,15948,1208
29557.715393,2781884113,2781885341,15943,1228
29557.724332,2781893358,2781894561,15833,1203
29557.736335,2781902557,2781903764,15944,1207
29557.746953,2781911758,2781912962,15971,1204
29557.756331,2781920946,2781922130,15910,1184
29557.767987,2781930101,2781931311,15946,1210
29557.778514,2781939293,2781940498,15966,1205
29557.788329,2781948466,2781949651,15832,1185
29557.799548,2781957618,2781958824,15945,1206
29557.808330,2781966959,2781968267,15972,1308
29557.820333,2781976340,2781977597,15875,1257
29557.831108,2781985591,2781986799,15945,1208
29557.840328,2781994799,2781996002,15967,1203
29557.852145,2782004001,2782005185,15824,1184
29557.862671,2782013190,2782014399,15954,1209
29557.872331,2782022386,2782023594,15953,1208
29557.883705,2782031593,2782032777,15846,1184
29557.892333,2782040755,2782041986,15945,1231
29557.904329,2782050011,2782051195,15953,1184
29557.915265,2782059254,2782060462,15834,1208
29557.924329,2782068457,2782069666,15945,1209
29557.936312,2782077665,2782078844,15957,1179
29557.946826,2782086838,2782088022,15831,1184
29557.956331,2782095988,2782097192,15850,1204
29557.967872,2782105135,2782106342,15955,1207
29557.978386,2782114358,2782115537,15837,1179
29557.988329,2782123548,2782124752,15944,1204
29557.999432,2782132851,2782134115,15952,1264
29558.008333,2782142116,2782143323,15838,1207
29558.020331,2782151301,2782152509,15943,1208
29558.030993,2782160481,2782161661,15970,1180
29558.040330,2782169736,2782170973,15848,1237
29558.052027,2782178942,2782180126,15945,1184
29558.062554,2782188125,2782189332,15954,1207
29558.072328,2782197333,2782198519,15835,1186
29558.083588,2782206520,2782207705,15941,1185
29558.092332,2782215752,2782216981,15960,1229
29558.104329,2782224771,2782225978,15915,1207
29558.115148,2782234059,2782235267,15934,1208
29558.124329,2782243263,2782244470,15969,1207
29558.136184,2782252454,2782253633,15827,1179
29558.146709,2782261649,2782262854,15948,1205
29558.156330,2782270823,2782272007,15968,1184
29558.167745,2782279969,2782281172,15833,1203
29558.176331,2782289214,2782290398,15949,1184
29558.188328,2782298373,2782299557,15970,1184
29558.199305,2782307544,2782308728,15831,1184
29558.208329,2782316724,2782317906,15964,1182
29558.220334,2782325919,2782327129,15963,1210
29558.230866,2782335128,2782336335,15821,1207
29558.240332,2782344325,2782345509,15940,1184
29558.251913,2782353509,2782354718,15959,1209
29558.262426,2782362597,2782363780,15832,1183
29558.272328,2782371783,2782372986,15945,1203
29558.283474,2782380895,2782382080,15971,1185
29558.292328,2782390124,2782391357,15848,1233
29558.304328,2782399381,2782400589,15856,1208
29558.315033,2782408581,2782409785,15956,1204
29558.324333,2782417817,2782419000,15846,1183
29558.336068,2782426961,2782428166,15946,1205
29558.346592,2782436170,2782437354,15952,1184
29558.356332,2782445362,2782446543,15856,1181
29558.367628,2782454430,2782455635,15936,1205
29558.376334,2782463643,2782464872,15951,1229
29558.388333,2782472864,2782474069,15843,1205
29558.399188,2782482042,2782483246,15945,1204
29558.408333,2782491235,2782492439,15939,1204
29558.420225,2782500435,2782501641,15848,1206
29558.430749,2782509622,2782510827,15945,1205
29558.440328,2782518848,2782520055,15952,1207
29558.451791,2782528034,2782529217,15911,1183
29558.460328,2782537223,2782538408,15945,1185
29558.472328,2782546435,2782547644,15957,1209
29558.483346,2782555639,2782556823,15841,1184
29558.492327,2782564744,2782565948,15946,1204
29558.504329,2782573945,2782575153,15951,1208
29558.514906,2782583134,2782584316,15841,1182
29558.524330,2782592373,2782593636,15918,1263
29558.535950,2782601698,2782602882,15943,1184
29558.546466,2782610880,2782612084,15839,1204
29558.556331,2782620133,2782621420,15916,1287
29558.567512,2782629427,2782630631,15960,1204
29558.576326,2782638666,2782639876,15850,1210
29558.588329,2782647895,2782649152,15944,1257
29558.599073,2782657146,2782658331,15957,1185
29558.608328,2782666304,2782667510,15848,1206
29558.620108,2782675635,2782676843,15943,1208
29558.630633,2782684842,2782686027,15955,1185
29558.640327,2782694066,2782695331,15861,1265
29558.651666,2782703337,2782704516,15863,1179
29558.660330,2782712512,2782713722,15953,1210
29558.672335,2782721777,2782723033,15863,1256
29558.683229,2782731029,2782732238,15946,1209
29558.692329,2782740205,2782741391,15954,1186
29558.704265,2782749420,2782750603,15864,1183
29558.714789,2782758455,2782759660,15937,1205
29558.724328,2782767631,2782768814,15957,1183
29558.735827,2782776746,2782777950,15850,1204
29558.746351,2782785988,2782787197,15935,1209
29558.756331,2782795269,2782796535,15947,1266
29558.767386,2782804496,2782805680,15840,1184
29558.776327,2782813682,2782814886,15940,1204
29558.788333,2782822914,2782824119,15953,1205
29558.798953,2782832092,2782833271,15915,1179
29558.808327,2782841266,2782842468,15939,1202
29558.819991,2782850460,2782851643,15954,1183
29558.830506,2782859604,2782860812,15844,1208
29558.840333,2782868842,2782870026,15945,1184
29558.851551,2782878017,2782879221,15959,1204
29558.860328,2782887262,2782888446,15845,1184
29558.872329,2782896367,2782897575,15943,1208
29558.883113,2782905535,2782906716,15955,1181
29558.892327,2782914721,2782915904,15847,1183
29558.904150,2782923899,2782925104,15966,1205
29558.928196,2782938355,2782939000,12025,645
29558.938713,2782942796,2782943439,11987,643
29558.948333,2782949385,2782950560,15918,1175
29558.959756,2782958437,2782959611,15916,1174
29558.968330,2782967541,2782968718,15861,1177
29558.980330,2782976603,2782977787,15954,1184
29558.991320,2782985755,2782986931,15937,1176
29559.000327,2782994908,2782996117,15875,1209
29559.012333,2783004105,2783005308,15983,1203
29559.022878,2783013323,2783014506,15913,1183
29559.032335,2783022525,2783023711,15846,1186
29559.043916,2783031718,2783032926,15968,1208
29559.054439,2783040922,2783042130,15914,1208
29559.064328,2783050141,2783051325,15848,1184
29559.075476,2783059285,2783060468,15969,1183
29559.084329,2783068479,2783069688,15913,1209
29559.096329,2783077671,2783078876,15911,1205
29559.107036,2783086882,2783088115,15965,1233
29559.116332,2783096084,2783097293,15915,1209
29559.128071,2783105289,2783106474,15860,1185
29559.138600,2783114491,2783115695,15996,1204
29559.148330,2783123678,2783124887,15917,1209
29559.159632,2783132867,2783134094,15896,1227
29559.168331,2783142098,2783143306,15995,1208
29559.180337,2783151283,2783152512,15919,1229
29559.191192,2783160546,2783161725,15833,1179
29559.200329,2783169733,2783170942,15991,1209
29559.212239,2783178915,2783180143,15907,1228
29559.222753,2783188139,2783189321,15836,1182
29559.232330,2783197311,2783198541,15988,1230
29559.243799,2783206539,2783207744,15915,1205
29559.252327,2783215768,2783216973,15831,1205
29559.264333,2783224931,2783226112,15982,1181
29559.275362,2783234118,2783235296,15892,1178
29559.284329,2783243310,2783244515,15834,1205
29559.296332,2783252549,2783253754,15784,1205
29559.306920,2783261739,2783262942,15901,1203
29559.316333,2783270938,2783272145,15835,1207
29559.327958,2783280143,2783281348,15986,1205
29559.338478,2783289349,2783290533,15909,1184
29559.348336,2783298469,2783299698,15830,1229
29559.359518,2783307667,2783308896,15979,1229
29559.368336,2783316921,2783318153,15910,1232
29559.380329,2783326145,2783327330,15851,1185
29559.391080,2783335299,2783336502,15993,1203
29559.400330,2783344531,2783345716,15911,1185
29559.412111,2783353788,2783354992,15839,1204
29559.422641,2783361303,2783362480,15878,1177
29559.432331,2783370368,2783371548,15918,1180
29559.443679,2783379513,2783380721,15903,1208
29559.452329,2783388690,2783389872,16001,1182
29559.464332,2783397845,2783399131,15893,1286
29559.475232,2783407121,2783408327,15835,1206
29559.484332,2783416350,2783417559,15982,1209
29559.496279,2783425567,2783426772,15917,1205
29559.506792,2783434722,2783435931,15836,1209
29559.516328,2783443910,2783445119,15971,1209
29559.527838,2783453132,2783454390,15910,1258
29559.538356,2783462433,2783463642,15873,1209
29559.548332,2783471692,2783472902,15975,1210
29559.559397,2783480907,2783482141,15912,1234
29559.568328,2783490154,2783491362,15862,1208
29559.580328,2783499365,2783500551,15985,1186
29559.590960,2783508507,2783509716,15934,1209
29559.600331,2783517704,2783518907,15868,1203
29559.611997,2783526936,2783528202,16025,1266
29559.622519,2783536229,2783537434,16001,1205
29559.632332,2783545434,2783546662,15931,1228
29559.643558,2783554654,2783555840,16008,1186
29559.652328,2783563842,2783565072,16001,1230
29559.664332,2783573108,2783574366,15892,1258
29559.675117,2783582354,2783583580,15948,1226
29559.684330,2783591554,2783592760,15914,1206
29559.696151,2783600763,2783601966,15842,1203
29559.706678,2783609987,2783611172,15966,1185
29559.716328,2783619166,2783620399,15910,1233
29559.727714,2783628401,2783629585,15862,1184
29559.736328,2783637625,2783638829,15982,1204
29559.748330,2783646861,2783648067,15914,1206
29559.759272,2783656125,2783657354,15847,1229
29559.768329,2783665343,2783666549,15992,1206
29559.780319,2783674545,2783675754,15914,1209
29559.790842,2783683741,2783684925,15912,1184
29559.800327,2783692939,2783694146,15994,1207
29559.811879,2783702154,2783703359,15911,1205
29559.822393,2783711362,2783712547,15831,1185
29559.832332,2783720537,2783721744,15975,1207
29559.843440,2783729782,2783730991,15915,1209
29559.852334,2783739030,2783740263,15834,1233
29559.864329,2783748264,2783749468,15986,1204
29559.874999,2783757461,2783758716,15917,1255
29559.884327,2783766756,2783767963,15849,1207
29559.896038,2783775932,2783777136,15987,1204
29559.906559,2783785144,2783786326,15910,1182
29559.916331,2783794329,2783795558,15842,1229
29559.927600,2783803547,2783804753,15986,1206
29559.936332,2783812758,2783813967,15920,1209
29559.948329,2783821982,2783823191,15858,1209
29559.959159,2783831193,2783832483,15982,1290
29559.968329,2783840573,2783841806,15899,1233
29559.980191,2783849826,2783851011,15860,1185
29559.990720,2783858991,2783860175,15918,1184
29560.000328,2783868214,2783869524,15917,1310
29560.011752,2783877555,2783878762,15851,1207
29560.020330,2783886844,2783888053,15995,1209
29560.032328,2783896054,2783897313,15913,1259
29560.043313,2783905313,2783906519,15858,1206
29560.052332,2783914517,2783915729,15983,1212
29560.064328,2783923672,2783924937,15899,1265
29560.074873,2783932937,2783934141,15848,1204
29560.084330,2783942129,2783943334,15964,1205
29560.095918,2783951340,2783952573,15910,1233
29560.106436,2783960600,2783961812,15890,1212
29560.116332,2783969820,2783971050,15968,1230
29560.127477,2783979042,2783980223,15917,1181
29560.136333,2783988222,2783989432,15911,1210
29560.148331,2783997454,2783998639,15962,1185
29560.159042,2784006672,2784007930,15926,1258
29560.168330,2784015954,2784017163,15834,1209
29560.180080,2784025086,2784026319,15966,1233
29560.190601,2784034318,2784035497,15923,1179
29560.200328,2784043494,2784044703,15830,1209
29560.211639,2784052729,2784053938,15975,1209
29560.220331,2784061964,2784063173,15915,1209
29560.232328,2784071150,2784072354,15848,1204
29560.243199,2784080361,2784081546,15982,1185
29560.252330,2784089584,2784090818,15915,1234
29560.264238,2784098864,2784100153,15899,1289
29560.274761,2784108157,2784109414,15904,1257
29560.284335,2784117456,2784118665,15902,1209
29560.295800,2784126699,2784127908,15921,1209
29560.304329,2784135942,2784137175,15909,1233
29560.316328,2784145165,2784146399,15922,1234
29560.327360,2784154470,2784155655,15900,1185
29560.336333,2784163623,2784164831,15918,1208
29560.348329,2784172839,2784174023,15908,1184
29560.358913,2784181989,2784183241,15831,1252
29560.368330,2784191254,2784192463,16000,1209
29560.379960,2784200488,2784201717,15910,1229
29560.390473,2784209729,2784210932,15848,1203
29560.400328,2784218941,2784220146,15994,1205
29560.411521,2784228136,2784229345,15916,1209
29560.420335,2784237341,2784238545,15833,1204
29560.432327,2784246501,2784247708,15984,1207
29560.443081,2784255684,2784256865,15913,1181
29560.452331,2784264873,2784266105,15830,1232
29560.464118,2784273930,2784275110,15981,1180
29560.474641,2784283181,2784284471,15917,1290
29560.484332,2784292507,2784293716,15909,1209
29560.495681,2784301744,2784302953,15989,1209
29560.504327,2784310940,2784312149,15913,1209
29560.516334,2784320201,2784321433,15833,1232
29560.527241,2784329435,2784330615,15985,1180
29560.536328,2784338621,2784339855,15917,1234
29560.548272,2784347840,2784349048,15848,1208
29560.558803,2784357082,2784358287,16016,1205
29560.568330,2784366285,2784367495,15916,1210
29560.579832,2784375486,2784376714,15832,1228
29560.590362,2784384692,2784385923,15994,1231
29560.600331,2784393961,2784395195,15910,1234
29560.611393,2784403169,2784404373,15852,1204
29560.620331,2784412362,2784413570,15985,1208
29560.632329,2784421568,2784422754,15918,1186
29560.642953,2784430719,2784431925,15850,1206
29560.652327,2784439937,2784441122,15992,1185
29560.664002,2784449200,2784450409,15949,1209
29560.674514,2784458411,2784459672,15833,1261
29560.684331,2784467680,2784468884,15917,1204
29560.695560,2784476888,2784478073,15917,1185
29560.704328,2784486089,2784487296,15828,1207
29560.716330,2784495279,2784496484,15986,1205
29560.727119,2784504495,2784505675,15915,1180
29560.736328,2784513712,2784514992,15833,1280
29560.748158,2784523025,2784524210,15984,1185
29560.758680,2784532249,2784533485,15915,1236
29560.768333,2784541304,2784542510,15859,1206
29560.779719,2784550585,2784551793,15991,1208
29560.788328,2784559861,2784561122,15914,1261
29560.800330,2784569169,2784570403,15864,1234
29560.811278,2784578546,2784579810,15956,1264
29560.820331,2784587896,2784589231,15917,1335
29560.832317,2784597239,2784598444,15906,1205
29560.842840,2784606467,2784607652,15989,1185
29560.852330,2784615714,2784616918,15902,1204
29560.863872,2784624934,2784626138,15849,1204
29560.874400,2784634116,2784635395,15943,1279
29560.884331,2784643402,2784644635,15923,1233
29560.895433,2784652664,2784653849,15846,1185
29560.904328,2784661841,2784663046,15970,1205
29560.916327,2784671062,2784672272,15915,1210
29560.926993,2784680280,2784681489,15861,1209
29560.936331,2784689527,2784690756,15970,1229
29560.948037,2784698763,2784699968,15916,1205
29560.958554,2784707962,2784709168,15860,1206
29560.968331,2784717216,2784718425,16009,1209
29560.979601,2784726432,2784727643,15914,1211
29560.988331,2784735649,2784736877,15846,1228
29561.000329,2784744930,2784746138,15992,1208
29561.011161,2784754107,2784755291,15910,1184
29561.020331,2784763306,2784764588,15833,1282
29561.032199,2784772619,2784773799,15923,1180
29561.042721,2784781879,2784783117,15918,1238
29561.052335,2784791132,2784792362,15852,1230
29561.063761,2784800363,2784801550,16000,1187
29561.072329,2784809559,2784810791,15912,1232
29561.084328,2784818795,2784820027,15841,1232
29561.095319,2784828066,2784829323,15983,1257
29561.104329,2784837368,2784838602,15916,1234
29561.116337,2784846614,2784847843,15838,1229
29561.126882,2784855891,2784857125,15997,1234
29561.136334,2784865129,2784866361,15900,1232
29561.147913,2784874374,2784875583,15849,1209
29561.158442,2784883582,2784884792,15997,1210
29561.168329,2784892796,2784894004,15912,1208
29561.179481,2784902048,2784903232,15910,1184
29561.188328,2784911243,2784912449,15985,1206
29561.200328,2784920444,2784921625,15918,1181
29561.211033,2784929646,2784930831,15830,1185
29561.220328,2784938852,2784940060,15983,1208
29561.232079,2784948103,2784949307,15906,1204
29561.242594,2784957305,2784958514,15846,1209
29561.252330,2784966549,2784967758,16002,1209
29561.263643,2784975819,2784977052,15946,1233
29561.272330,2784985062,2784986294,15833,1232
29561.284333,2784994328,2784995513,16003,1185
29561.295203,2785003547,2785004732,15946,1185
29561.304331,2785012734,2785013963,15835,1229
29561.316239,2785021985,2785023193,15972,1208
29561.326761,2785031065,2785032293,16005,1228
29561.336331,2785040272,2785041506,15926,1234
29561.347800,2785049483,2785050669,16091,1186
29561.356329,2785058699,2785059909,16003,1210
29561.368329,2785067927,2785069157,15919,1230
29561.379359,2785077210,2785078420,15909,1210
29561.388334,2785086437,2785087669,15913,1232
29561.400330,2785095674,2785096859,15846,1185
29561.410918,2785104876,2785106110,15971,1234
29561.420329,2785114169,2785115426,15912,1257
29561.431952,2785123422,2785124630,15843,1208
29561.442479,2785132633,2785133814,15971,1181
29561.452327,2785141850,2785143056,15917,1206
29561.463513,2785151214,2785152398,15846,1184
29561.472330,2785160421,2785161707,15942,1286
29561.484327,2785169709,2785170920,15913,1211
29561.495076,2785178944,2785180178,15882,1234
29561.504329,2785188215,2785189420,15985,1205
29561.516119,2785197433,2785198644,15922,1211
29561.526639,2785206678,2785207887,15897,1209
29561.536333,2785215887,2785217145,15977,1258
29561.547679,2785224968,2785226205,15915,1237
29561.556328,2785234251,2785235460,15862,1209
29561.568330,2785243467,2785244676,15985,1209
29561.579240,2785252666,2785253896,15847,1230
29561.588329,2785261940,2785263201,15834,1261
29561.600281,2785271231,2785272440,15989,1209
29561.610801,2785280456,2785281686,15917,1230
29561.620330,2785289763,2785291020,15847,1257
29561.631841,2785299049,2785300279,16002,1230
29561.642362,2785308244,2785309478,15911,1234
29561.652329,2785317554,2785318810,15834,1256
29561.663401,2785326867,2785328075,16003,1208
29561.672330,2785336141,2785337398,15916,1257
29561.684328,2785345482,2785346740,15831,1258
29561.694964,2785354780,2785356012,16014,1232
29561.704327,2785364063,2785365297,15912,1234
29561.715993,2785373332,2785374542,15829,1210
29561.726523,2785382653,2785383887,15940,1234
29561.736334,2785391904,2785393161,15892,1257
29561.747553,2785401187,2785402444,15833,1257
29561.756333,2785410542,2785411773,16013,1231
29561.768331,2785419776,2785421005,15914,1229
29561.779113,2785429045,2785430273,15832,1228
29561.788329,2785438387,2785439594,15998,1207
29561.800161,2785447640,2785448849,15919,1209
29561.810674,2785456867,2785458121,15824,1254
29561.820326,2785466113,2785467317,15969,1204
29561.831719,2785475365,2785476575,15899,1210
29561.840329,2785484637,2785485872,15877,1235
29561.852337,2785493902,2785495110,15985,1208
29561.863280,2785503160,2785504393,15915,1233
29561.872332,2785512425,2785513685,15920,1260
29561.884320,2785521710,2785522919,16044,1209
29561.894842,2785530955,2785532164,16011,1209
29561.904331,2785540195,2785541454,15957,1259
29561.915879,2785549574,2785550888,16043,1314
29561.926401,2785558918,2785560152,16000,1234
29561.936330,2785568173,2785569403,15938,1230
29561.947440,2785577473,2785578707,16071,1234
29561.956332,2785586734,2785587974,15995,1240
29561.968329,2785595977,2785597186,15913,1209
29561.979001,2785605190,2785606375,16077,1185
29561.988328,2785614204,2785615435,15912,1231
29562.000033,2785623477,2785624685,15851,1208
29562.010562,2785632694,2785633905,15998,1211
29562.020328,2785642011,2785643322,15918,1311
29562.031593,2785651391,2785652619,15847,1228
29562.040331,2785660656,2785661909,16002,1253
29562.052334,2785670022,2785671288,15917,1266
29562.063154,2785679241,2785680421,15834,1180
29562.072331,2785688457,2785689691,15923,1234
29562.084201,2785697740,2785698949,15918,1209
29562.094713,2785707036,2785708245,15842,1209
29562.104329,2785716245,2785717479,15985,1234
29562.115760,2785725533,2785726740,15916,1207
29562.124328,2785734805,2785736038,15820,1233
29562.136330,2785744040,2785745293,15998,1253
29562.147322,2785753323,2785754534,15914,1211
29562.156328,2785762595,2785763805,15833,1210
29562.168329,2785771830,2785773015,15983,1185
29562.178882,2785781021,2785782231,15899,1210
29562.188327,2785790326,2785791558,15833,1232
29562.199919,2785799583,2785800791,15984,1208
29562.210441,2785808803,2785810037,15912,1234
29562.220332,2785817921,2785819131,15990,1210
29562.231479,2785827195,2785828462,16049,1267
29562.240329,2785836518,2785837776,16000,1258
29562.252329,2785845865,2785847099,15933,1234
29562.263040,2785855103,2785856360,16071,1257
29562.272329,2785864393,2785865650,16055,1257
29562.284073,2785873687,2785874896,15948,1209
29562.294599,2785882920,2785884155,16059,1235
29562.304327,2785892260,2785893518,16003,1258
29562.315634,2785901589,2785902828,15934,1239
29562.324329,2785910891,2785912099,16076,1208
29562.336335,2785920135,2785921363,15926,1228
29562.347194,2785929403,2785930613,15862,1210
29562.356328,2785938684,2785939915,15976,1231
29562.368238,2785947949,2785949208,15888,1259
29562.378756,2785957235,2785958493,15880,1258
29562.388330,2785966526,2785967755,15982,1229
29562.399802,2785975776,2785977009,15895,1233
29562.408330,2785985041,2785986245,15834,1204
29562.420331,2785994257,2785995487,15921,1230
29562.431359,2786003499,2786004789,15913,1290
29562.440329,2786012815,2786014024,15839,1209
29562.452328,2786022028,2786023238,15986,1210
29562.462921,2786031318,2786032503,15905,1185
29562.472331,2786040570,2786041803,15874,1233
29562.483961,2786049846,2786051128,15976,1282
29562.494482,2786059164,2786060424,15912,1260
29562.504328,2786068500,2786069733,15822,1233
29562.515521,2786077763,2786078992,15996,1229
29562.524328,2786087020,2786088274,15914,1254
29562.536329,2786096361,2786097595,15853,1234
29562.547082,2786105694,2786106955,15971,1261
29562.556328,2786115017,2786116249,15918,1232
29562.568119,2786124272,2786125482,15907,1210
29562.578641,2786133515,2786134748,15977,1233
29562.588330,2786142834,2786144146,15912,1312
29562.599670,2786152237,2786153501,15749,1264
29562.608331,2786161569,2786162828,15999,1259
29562.620328,2786170873,2786172107,15913,1234
29562.631237,2786180128,2786181361,15877,1233
29562.640328,2786189396,2786190627,16003,1231
29562.652280,2786198720,2786199954,15917,1234
29562.662794,2786208023,2786209226,15844,1203
29562.672327,2786217179,2786218407,16002,1228
29562.683840,2786226533,2786227800,16004,1267
29562.694355,2786235874,2786237157,15914,1283
29562.704328,2786245204,2786246462,16069,1258
29562.715400,2786254501,2786255759,16005,1258
29562.724334,2786263843,2786265078,15921,1235
29562.736330,2786273158,2786274392,16068,1234
29562.746961,2786282384,2786283570,16004,1186
29562.756327,2786291574,2786292785,15918,1211
29562.767999,2786300795,2786302005,15991,1210
29562.778522,2786310067,2786311278,16006,1211
29562.788333,2786319295,2786320545,15935,1250
29562.799562,2786328607,2786329817,16003,1210
29562.808332,2786337672,2786338901,15899,1229
29562.820333,2786346920,2786348131,15837,1211
29562.831122,2786356177,2786357382,15997,1205
29562.840327,2786365431,2786366684,15915,1253
29562.852153,2786374679,2786375889,15832,1210
29562.862682,2786383959,2786385193,15967,1234
29562.872327,2786393231,2786394459,15913,1228
29562.883714,2786402478,2786403712,15831,1234
29562.892330,2786411771,2786412976,15994,1205
29562.904329,2786421055,2786422285,15922,1230
29562.915281,2786430341,2786431575,15914,1234
29562.924333,2786439514,2786440797,15909,1283
29562.936321,2786448839,2786450097,15968,1258
29562.946835,2786458089,2786459323,15832,1234
29562.956329,2786467418,2786468681,15940,1263
29562.967883,2786476782,2786478035,15995,1253
29562.978395,2786486041,2786487252,15807,1211
29562.988330,2786495254,2786496483,15947,1229
29562.999442,2786504500,2786505708,15961,1208
29563.008326,2786513752,2786514986,15857,1234
29563.020333,2786523013,2786524246,15958,1233
29563.031003,2786532291,2786533521,15968,1230
29563.040330,2786541580,2786542809,15832,1229
29563.052037,2786550883,2786552141,15945,1258
29563.062563,2786560226,2786561436,15958,1210
29563.072329,2786569435,2786570693,15817,1258
29563.083596,2786578713,2786579921,15945,1208
29563.092334,2786587949,2786589179,15961,1230
29563.104332,2786597214,2786598422,15832,1208
29563.115156,2786606461,2786607666,15864,1205
29563.124330,2786615688,2786616942,15957,1254
29563.136193,2786625038,2786626320,15830,1282
29563.146719,2786634414,2786635623,15939,1209
29563.156330,2786643698,2786644937,15970,1239
29563.167757,2786652972,2786654207,15861,1235
29563.176328,2786662267,2786663472,15944,1205
29563.188330,2786671564,2786672821,15952,1257
29563.199314,2786680886,2786682095,15822,1209
29563.208333,2786690120,2786691398,15942,1278
29563.220330,2786699466,2786700702,15933,1236
29563.230875,2786708732,2786709966,15863,1234
29563.240334,2786718023,2786719229,15947,1206
29563.251920,2786727300,2786728533,15955,1233
29563.262440,2786736612,2786737870,15905,1258
29563.272333,2786745919,2786747178,15939,1259
29563.283481,2786755189,2786756399,15954,1210
29563.292330,2786764514,2786765797,15845,1283
29563.304330,2786773797,2786775031,15943,1234
29563.315041,2786783119,2786784353,15976,1234
29563.324329,2786792383,2786793612,15837,1229
29563.336076,2786801695,2786802906,15944,1211
29563.346600,2786810967,2786812229,15942,1262
29563.356329,2786820322,2786821556,15860,1234
29563.367639,2786829604,2786830838,15937,1234
29563.376329,2786838865,2786840075,15957,1210
29563.388330,2786848128,2786849384,15844,1256
29563.399197,2786857436,2786858646,15943,1210
29563.408332,2786866746,2786868053,15954,1307
29563.420234,2786876117,2786877327,15832,1210
29563.430758,2786885417,2786886627,15944,1210
29563.440328,2786894701,2786895959,15969,1258
29563.451796,2786903995,2786905228,15860,1233
29563.460331,2786913302,2786914533,15845,1231
29563.472333,2786922558,2786923786,15974,1228
29563.483354,2786931810,2786933021,15831,1211
29563.492331,2786941135,2786942423,15892,1288
29563.504334,2786950464,2786951693,15994,1229
29563.514915,2786959734,2786960996,15847,1262
29563.524330,2786969068,2786970351,15903,1283
29563.535964,2786978418,2786979648,15984,1230
29563.546478,2786987706,2786988967,15864,1261
29563.556334,2786997059,2786998316,15892,1257
29563.567522,2787006390,2787007624,15987,1234
29563.576328,2787015717,2787016975,15835,1258
29563.588330,2787025079,2787026338,15944,1259
29563.599082,2787034448,2787035706,15968,1258
29563.608332,2787043777,2787045036,15894,1259
29563.620109,2787052908,2787054117,15923,1209
29563.630643,2787062118,2787063328,15966,1210
29563.640336,2787071398,2787072627,15850,1229
29563.651679,2787080673,2787081930,15963,1257
29563.660328,2787090018,2787091301,15971,1283
29563.672329,2787099358,2787100645,15876,1287
29563.683239,2787108750,2787110041,15934,1291
29563.692333,2787118095,2787119329,15968,1234
29563.704274,2787127422,2787128678,15832,1256
29563.714798,2787136766,2787138024,15947,1258
29563.724330,2787146106,2787147365,15959,1259
29563.735834,2787155434,2787156716,15820,1282
29563.746358,2787164782,2787166019,15947,1237
29563.756328,2787174109,2787175342,15966,1233
29563.767395,2787183419,2787184648,15821,1229
29563.776330,2787192695,2787193901,15943,1206
29563.788330,2787201967,2787203253,15952,1286
29563.798955,2787211287,2787212497,15835,1210
29563.808333,2787220565,2787221882,15870,1317
29563.820002,2787229928,2787231134,15967,1206
29563.830516,2787239143,2787240349,15834,1206
29563.840327,2787248449,2787249682,15942,1233
29563.851562,2787257697,2787258955,15956,1258
29563.860330,2787267042,2787268298,15833,1256
29563.872332,2787276358,2787277617,15946,1259
29563.883121,2787285622,2787286901,15956,1279
29563.892329,2787295004,2787296214,15840,1210
29563.904156,2787304299,2787305569,15940,1270
29563.914683,2787313696,2787314960,15951,1264
29563.924329,2787323044,2787324353,15832,1309
29563.935717,2787332297,2787333528,15943,1231
29563.944328,2787341608,2787342842,15966,1234
29563.956329,2787350874,2787352134,15914,1260
29563.967278,2787360188,2787361445,15935,1257
29563.976328,2787369508,2787370770,15968,1262
29563.988314,2787378817,2787380046,15812,1229
29563.998835,2787388055,2787389312,15892,1257
29564.008328,2787397379,2787398637,15961,1258
29564.019877,2787406701,2787407964,15866,1263
29564.030400,2787416034,2787417239,15944,1205
29564.040330,2787425354,2787426637,16019,1283
29564.051435,2787434634,2787435868,15829,1234
29564.060328,2787443897,2787445105,15953,1208
29564.072329,2787453149,2787454465,15953,1316
29564.082995,2787462611,2787463870,15821,1259
29564.092331,2787471946,2787473228,15881,1282
29564.104043,2787481268,2787482530,15963,1262
29564.114558,2787490620,2787491908,15862,1288
29564.124328,2787500030,2787501295,15894,1265
29564.135605,2787509351,2787510581,15985,1230
29564.144332,2787518642,2787519899,15833,1257
29564.156336,2787527977,2787529238,15849,1261
29564.167163,2787537304,2787538537,15970,1233
29564.176328,2787546594,2787547924,15846,1330
29564.188197,2787556026,2787557308,15942,1282
29564.198723,2787565397,2787566632,15968,1235
29564.208327,2787574723,2787575928,15830,1205
29564.219757,2787583996,2787585228,15948,1232
29564.228328,2787593279,2787594513,15957,1234
29564.240336,2787602575,2787603805,15833,1230
29564.251318,2787611855,2787613115,15945,1260
29564.260333,2787621190,2787622424,15951,1234
29564.272334,2787630446,2787631681,15829,1235
29564.282880,2787639687,2787640917,15954,1230
29564.292331,2787648966,2787650224,15952,1258
29564.303922,2787658324,2787659606,15913,1282
29564.314439,2787667709,2787668943,15936,1234
29564.324336,2787677086,2787678352,15966,1266
29564.335475,2787686396,2787687631,15849,1235
29564.344334,2787695716,2787696949,15942,1233
29564.356331,2787705050,2787706305,15971,1255
29564.367035,2787714388,2787715647,15829,1259
29564.376327,2787723730,2787725018,15943,1288
29564.388082,2787733089,2787734351,15965,1262
29564.398595,2787742425,2787743684,15831,1259
29564.408329,2787751722,2787753009,15935,1287
29564.419643,2787761109,2787762342,15970,1233
29564.428330,2787770463,2787771770,15832,1307
29564.440334,2787779716,2787780974,15959,1258
29564.451203,2787789068,2787790326,15970,1258
29564.460329,2787798431,2787799691,15830,1260
29564.472237,2787807722,2787808957,15928,1235
29564.482763,2787817054,2787818265,15967,1211
29564.492327,2787826332,2787827619,15831,1287
29564.503795,2787835704,2787837011,15846,1307
29564.512329,2787845114,2787846373,15964,1259
29564.524332,2787854454,2787855713,15833,1259
29564.535358,2787863750,2787864984,15943,1234
29564.544327,2787873081,2787874364,15966,1283
29564.556332,2787882410,2787883644,15828,1234
29564.566918,2787891748,2787893040,15945,1292
29564.576335,2787901134,2787902368,15971,1234
29564.587957,2787910470,2787911726,15835,1256
29564.598478,2787919814,2787921049,15888,1235
29564.608332,2787929142,2787930401,15952,1259
29564.619515,2787938472,2787939730,15831,1258
29564.628331,2787947803,2787949062,15947,1259
29564.640332,2787957180,2787958414,16033,1234
29564.651082,2787966476,2787967735,15910,1259
29564.660334,2787975868,2787977126,15937,1258
29564.672122,2787985198,2787986457,15967,1259
29564.682635,2787994470,2787995675,15810,1205
29564.692329,2788003785,2788005044,15946,1259
29564.703681,2788013128,2788014408,15972,1280
29564.712336,2788022560,2788023820,15804,1260
29564.724335,2788031863,2788033146,15945,1283
29564.735243,2788041214,2788042472,15967,1258
29564.744331,2788050585,2788051867,15834,1282
29564.756279,2788059965,2788061255,15936,1290
29564.766804,2788069384,2788070642,15968,1258
29564.776329,2788078717,2788079999,15827,1282
29564.787837,2788088073,2788089362,15942,1289
29564.798364,2788097401,2788098632,15958,1231
29564.808327,2788106678,2788107960,15860,1282
29564.819398,2788116025,2788117283,15946,1258
29564.828329,2788125352,2788126611,15964,1259
29564.840329,2788134654,2788135936,15829,1282
29564.850956,2788144050,2788145285,15847,1235
29564.860329,2788153466,2788154758,15970,1292
29564.871994,2788162821,2788164031,15824,1210
29564.882519,2788172113,2788173348,15951,1235
29564.892331,2788181474,2788182757,15966,1283
29564.903555,2788190928,2788192211,15845,1283
29564.912336,2788200315,2788201574,15949,1259
29564.924329,2788209663,2788210924,15962,1261
29564.935118,2788218954,2788220214,15850,1260
29564.944331,2788228346,2788229653,15949,1307
29564.956162,2788237812,2788239095,15949,1283
29564.966676,2788247176,2788248458,15835,1282
29564.976336,2788256540,2788257846,15946,1306
29564.987721,2788265883,2788267115,15948,1232
29564.996330,2788275223,2788276501,15907,1278
29565.008328,2788284597,2788285878,15950,1281
29565.019283,2788293909,2788295167,15956,1258
29565.028335,2788303267,2788304527,15816,1260
29565.040317,2788312632,2788313892,15936,1260
29565.050843,2788322040,2788323250,15982,1210
29565.060330,2788331347,2788332656,15842,1309
29565.071878,2788340722,2788341982,15948,1260
29565.082403,2788350053,2788351315,15953,1262
29565.092329,2788359391,2788360675,15846,1284
29565.103438,2788368782,2788370038,15945,1256
29565.112330,2788378131,2788379415,15958,1284
29565.124328,2788387503,2788388761,15837,1258
29565.134999,2788396834,2788398093,15944,1259
29565.144328,2788406243,2788407525,15996,1282
29565.156035,2788415632,2788416891,15848,1259
29565.166559,2788424978,2788426260,15943,1282
29565.176330,2788434367,2788435675,15955,1308
29565.187595,2788443818,2788445076,15845,1258
29565.196332,2788453274,2788454540,15860,1266
29565.208331,2788462674,2788463938,15814,1264
29565.219156,2788472047,2788473301,15846,1254
29565.228329,2788481424,2788482684,15947,1260
29565.240203,2788490807,2788492065,16006,1258
29565.250708,2788500082,2788501326,15742,1244
29565.260331,2788509431,2788510690,15948,1259
29565.271765,2788518826,2788520061,16011,1235
29565.280330,2788528207,2788529520,15909,1313
29565.292328,2788537710,2788539023,15621,1313
29565.303324,2788547215,2788548481,15996,1266
29565.312333,2788556580,2788557869,15917,1289
29565.324328,2788566007,2788567303,15862,1296
29565.334882,2788575452,2788576719,15982,1267
29565.344331,2788584831,2788586116,15918,1285
29565.355918,2788594262,2788595521,15945,1259
29565.366444,2788603630,2788604865,15969,1235
29565.376329,2788612956,2788614250,15858,1294
29565.387479,2788622339,2788623620,15961,1281
29565.396332,2788631732,2788633019,15977,1287
29565.408329,2788641117,2788642350,15831,1233
29565.419039,2788650453,2788651710,15944,1257
29565.428327,2788659801,2788661108,15970,1307
29565.440075,2788669202,2788670460,15831,1258
29565.450601,2788678530,2788679812,15963,1282
29565.460332,2788687889,2788689147,16058,1258
29565.471636,2788697236,2788698472,15920,1236
29565.480328,2788706617,2788707878,16035,1261
29565.492334,2788715956,2788717191,16059,1235
29565.503196,2788725320,2788726638,15911,1318
29565.512329,2788734733,2788736016,16036,1283
29565.524243,2788744115,2788745376,16055,1261
29565.534756,2788753489,2788754748,15919,1259
29565.544330,2788762902,2788764185,15934,1283
29565.555803,2788772278,2788773487,16054,1209
29565.564329,2788781569,2788782828,15921,1259
29565.576330,2788790929,2788792187,16033,1258
29565.587363,2788800255,2788801537,16056,1282
29565.596331,2788809639,2788810945,15940,1306
29565.608327,2788819057,2788820346,16030,1289
29565.618925,2788828447,2788829712,16059,1265
29565.628330,2788837783,2788839043,15921,1260
29565.639958,2788847106,2788848364,16031,1258
29565.650485,2788856460,2788857693,16031,1233
29565.660330,2788865765,2788867052,15825,1287
29565.671518,2788875145,2788876380,15944,1235
29565.680328,2788884484,2788885719,16013,1235
29565.692334,2788893850,2788895142,15913,1292
29565.703079,2788903264,2788904518,15944,1254
29565.712331,2788912627,2788913885,15955,1258
29565.724118,2788921945,2788923229,15864,1284
29565.734637,2788931345,2788932632,15891,1287
29565.744327,2788940721,2788942047,15965,1326
29565.755675,2788950140,2788951422,15823,1282
29565.764333,2788959544,2788960803,15940,1259
29565.776330,2788968983,2788970242,15981,1259
29565.787236,2788978307,2788979594,15823,1287
29565.796327,2788987719,2788989031,15905,1312
29565.808285,2788997166,2788998452,16022,1286
29565.818798,2789006586,2789007853,15857,1267
29565.828330,2789015977,2789017259,15948,1282
29565.839845,2789025441,2789026676,15985,1235
29565.850357,2789034744,2789035979,15835,1235
29565.860328,2789044138,2789045430,15916,1292
29565.871403,2789053549,2789054832,15953,1283
29565.880331,2789062944,2789064256,15860,1312
29565.892329,2789072371,2789073606,15855,1235
29565.902964,2789081728,2789082984,15973,1256
29565.912332,2789091100,2789092357,15834,1257
29565.923998,2789100534,2789101845,15946,1311
29565.934525,2789109950,2789111210,15972,1260
29565.944333,2789119310,2789120627,15872,1317
29565.955558,2789128708,2789130014,15949,1306
29565.964332,2789138167,2789139450,15968,1283
29565.976331,2789147528,2789148870,15862,1342
29565.987119,2789157018,2789158334,15945,1316
29565.996333,2789166422,2789167681,15954,1259
29566.008155,2789175729,2789176987,15832,1258
29566.018680,2789185069,2789186356,15920,1287
29566.028331,2789194482,2789195743,15970,1261
29566.039723,2789203877,2789205168,15904,1291
29566.048328,2789213347,2789214683,15943,1336
29566.060332,2789222801,2789224083,15968,1282
29566.071276,2789232135,2789233425,15840,1290
29566.080329,2789241555,2789242896,15944,1341
29566.092321,2789251032,2789252296,15974,1264
29566.102837,2789260357,2789261614,15833,1257
29566.112328,2789269717,2789270999,15944,1282
29566.123883,2789279097,2789280388,15970,1291
29566.134397,2789288548,2789289884,15821,1336
29566.144331,2789298000,2789299291,15963,1291
29566.155444,2789307434,2789308693,15967,1259
29566.164327,2789316883,2789318254,15834,1371
29566.176329,2789326456,2789327691,15937,1235
29566.187004,2789335836,2789337151,15963,1315
29566.196331,2789345296,2789346613,15829,1317
29566.208038,2789354712,2789356029,15945,1317
29566.218565,2789364230,2789365520,15971,1290
29566.228331,2789373692,2789374985,15834,1293
29566.239599,2789383106,2789384423,15850,1317
29566.248329,2789392563,2789393878,15970,1315
29566.260332,2789402012,2789403273,15808,1261
29566.271159,2789411413,2789412780,15941,1367
29566.280328,2789420941,2789422233,15957,1292
29566.292197,2789430357,2789431640,15844,1283
29566.302717,2789439766,2789441134,15892,1368
29566.312336,2789449215,2789450507,15963,1292
29566.323758,2789458675,2789459962,15857,1287
29566.332328,2789468122,2789469413,15947,1291
29566.344327,2789477526,2789478833,15957,1307
29566.355319,2789486940,2789488208,15846,1268
29566.364329,2789496377,2789497719,15888,1342
29566.376329,2789505841,2789507131,15970,1290
29566.386884,2789515268,2789516550,15909,1282
29566.396330,2789524664,2789525947,15952,1283
29566.407924,2789534124,2789535411,15971,1287
29566.418437,2789543558,2789544870,15828,1312
29566.428328,2789552982,2789554266,15944,1284
29566.439483,2789562383,2789563646,15973,1263
29566.448327,2789571775,2789573066,15862,1291
29566.460328,2789581224,2789582492,15947,1268
29566.471044,2789590681,2789591992,15961,1311
29566.480331,2789600160,2789601502,15860,1342
29566.492080,2789609679,2789610990,15927,1311
29566.502605,2789619113,2789620426,15963,1313
29566.512329,2789628635,2789629952,15829,1317
29566.523640,2789638104,2789639416,15920,1312
29566.532331,2789647525,2789648810,15971,1285
29566.544329,2789656966,2789658284,15861,1318
29566.555199,2789666460,2789667753,15946,1293
29566.564332,2789675838,2789677122,15970,1284
29566.576236,2789685270,2789686533,15833,1263
29566.586760,2789694639,2789695901,15849,1262
29566.596331,2789704103,2789705444,15970,1341
29566.607796,2789713598,2789714887,15833,1289
29566.616332,2789723065,2789724380,15946,1315
29566.628328,2789732493,2789733829,15972,1336
29566.639359,2789741946,2789743258,15873,1312
29566.648328,2789751404,2789752692,15947,1288
29566.660330,2789760800,2789762033,15967,1233
29566.670916,2789770094,2789771352,15832,1258
29566.680328,2789779426,2789780684,15932,1258
29566.691966,2789788813,2789790130,15952,1317
29566.702477,2789798298,2789799589,15835,1291
29566.712332,2789807776,2789809059,15945,1283
29566.723524,2789817211,2789818497,15971,1286
29566.732327,2789826625,2789827884,15899,1259
29566.744328,2789835960,2789837219,15943,1259
29566.755084,2789845281,2789846539,15965,1258
29566.764333,2789854725,2789856060,15826,1335
29566.776118,2789864203,2789865495,15949,1292
29566.786644,2789873611,2789874899,15970,1288
29566.796328,2789883032,2789884319,15810,1287
29566.807679,2789892454,2789893713,15944,1259
29566.816330,2789901894,2789903238,15993,1344
29566.828328,2789911395,2789912742,15854,1347
29566.839241,2789920873,2789922165,15964,1292
29566.848330,2789930371,2789931708,15969,1337
29566.860278,2789939878,2789941166,15860,1288
29566.870799,2789949334,2789950602,15888,1268
29566.880333,2789958733,2789960025,15971,1292
29566.891836,2789968143,2789969429,15826,1286
29566.902361,2789977561,2789978844,15948,1283
29566.912328,2789986972,2789988265,15990,1293
29566.923396,2789996371,2789997653,15810,1282
29566.932330,2790005716,2790006997,15850,1281
29566.944328,2790015172,2790016440,15960,1268
29566.954957,2790024586,2790025875,15828,1289
29566.964328,2790034003,2790035286,15939,1283
29566.976004,2790043406,2790044741,15969,1335
29566.986518,2790052848,2790054131,15854,1283
29566.996332,2790062310,2790063602,15943,1292
29567.007564,2790071725,2790073067,15952,1342
29567.016330,2790081177,2790082444,15857,1267
29567.028330,2790090574,2790091863,15940,1289
29567.039124,2790099995,2790101288,15950,1293
29567.048329,2790109415,2790110732,15861,1317
29567.060159,2790118838,2790120131,15918,1293
29567.070685,2790128290,2790129581,15960,1291
29567.080328,2790137764,2790139075,15908,1311
29567.091722,2790147210,2790148524,15919,1314
29567.100328,2790156685,2790157994,15962,1309
29567.112329,2790166165,2790167482,15833,1317
29567.123280,2790175662,2790176952,15947,1290
29567.132328,2790185077,2790186364,15970,1287
29567.144315,2790194545,2790195836,15827,1291
29567.154840,2790203962,2790205197,15950,1235
29567.164327,2790213278,2790214561,15972,1283
29567.175876,2790222718,2790223985,15827,1267
29567.186401,2790232162,2790233455,15953,1293
29567.196329,2790241572,2790242860,15966,1288
29567.207436,2790251030,2790252323,15831,1293
29567.216329,2790260426,2790261717,15947,1291
29567.228328,2790269861,2790271151,15969,1290
29567.238997,2790279289,2790280547,15833,1258
29567.248330,2790288731,2790289990,15947,1259
29567.260046,2790298150,2790299461,15959,1311
29567.270557,2790307687,2790309034,15820,1347
29567.280329,2790317164,2790318448,15854,1284
29567.291604,2790326622,2790327940,16016,1318
29567.300331,2790336078,2790337408,15816,1330
29567.312331,2790345574,2790346867,15935,1293
29567.323166,2790355087,2790356369,15979,1282
29567.332328,2790364558,2790365851,15842,1293
29567.344199,2790374047,2790375387,15938,1340
29567.354725,2790383556,2790384873,15970,1317
29567.364329,2790393067,2790394378,15816,1311
29567.375760,2790402499,2790403810,15947,1311
29567.384335,2790411993,2790413306,15953,1313
29567.396328,2790421470,2790422762,15860,1292
29567.407320,2790430962,2790432250,15948,1288
29567.416327,2790440374,2790441662,15970,1288
29567.428333,2790449901,2790451216,15911,1315
29567.438880,2790459340,2790460622,15945,1282
29567.448327,2790468794,2790470086,15969,1292
29567.459916,2790478235,2790479576,15828,1341
29567.470440,2790487747,2790489059,15952,1312
29567.480330,2790497212,2790498524,15972,1312
29567.491477,2790506674,2790508011,15831,1337
29567.500331,2790515949,2790517258,15950,1309
29567.512329,2790525452,2790526720,15970,1268
29567.523037,2790534901,2790536218,15832,1317
29567.532328,2790544372,2790545738,15958,1366
29567.544084,2790553911,2790555271,15971,1360
29567.554600,2790563419,2790564684,15834,1265
29567.564328,2790572873,2790574215,15948,1342
29567.575644,2790582387,2790583677,15966,1290
29567.584327,2790591828,2790593121,15862,1293
29567.596335,2790601317,2790602634,15946,1317
29567.607205,2790610806,2790612143,15966,1337
29567.616328,2790620322,2790621664,15822,1342
29567.628237,2790629839,2790631155,15852,1316
29567.638765,2790639270,2790640578,15969,1308
29567.648331,2790648768,2790650104,15826,1336
29567.659799,2790658337,2790659626,15950,1289
29567.668330,2790667802,2790669115,15966,1313
29567.680329,2790677282,2790678572,15839,1290
29567.691360,2790686780,2790688092,15951,1312
29567.700328,2790696280,2790697593,16020,1313
29567.712328,2790705748,2790707015,15828,1267
29567.722920,2790715164,2790716456,15944,1292
29567.732334,2790724618,2790725909,15946,1291
29567.743956,2790734107,2790735399,15834,1292
29567.754480,2790743599,2790744882,15946,1283
29567.764327,2790753082,2790754395,15966,1313
29567.775524,2790762627,2790763944,15907,1317
29567.784333,2790772133,2790773474,15944,1341
29567.796328,2790781634,2790782927,15968,1293
29567.807077,2790791073,2790792389,15823,1316
29567.816331,2790800556,2790801871,15945,1315
29567.828123,2790810005,2790811293,15970,1288
29567.838640,2790819416,2790820679,15857,1263
29567.848327,2790828848,2790830219,15945,1371
29567.859685,2790838397,2790839715,15973,1318
29567.868331,2790847899,2790849240,15862,1341
29567.880332,2790857416,2790858709,15960,1293
29567.891245,2790866876,2790868191,15959,1315
29567.900330,2790876360,2790877698,15822,1338
29567.912277,2790885848,2790887196,15892,1348
29567.940331,2790904202,2790904847,12009,645
29567.951352,2790908627,2790909272,11996,645
29567.960330,2790915764,2790916940,15953,1176
29567.972335,2790924935,2790926120,15915,1185
29567.982912,2790934122,2790935332,15834,1210
29567.992328,2790943374,2790944633,15988,1259
29568.003959,2790952690,2790953972,15905,1282
29568.014475,2790962080,2790963393,15860,1313
29568.024331,2790971555,2790972846,15910,1291
29568.035519,2790981020,2790982380,15917,1360
29568.044331,2790990489,2790991802,15852,1313
29568.056330,2790999975,2791001316,15957,1341
29568.067078,2791009491,2791010759,16002,1268
29568.076328,2791018910,2791020169,15918,1259
29568.088117,2791028383,2791029676,16075,1293
29568.098638,2791037817,2791039100,16003,1283
29568.108328,2791047324,2791048583,15866,1259
29568.119678,2791056723,2791058016,15987,1293
29568.128328,2791066247,2791067565,15907,1318
29568.140335,2791075760,2791077073,15859,1313
29568.151238,2791085208,2791086547,15953,1339
29568.160327,2791094673,2791096016,15923,1343
29568.172277,2791104201,2791105492,15909,1291
29568.182799,2791113698,2791115038,15982,1340
29568.192329,2791123234,2791124580,15917,1346
29568.203831,2791132712,2791133996,15851,1284
29568.214358,2791142189,2791143486,15960,1297
29568.224332,2791151694,2791153007,15921,1313
29568.235391,2791161237,2791162555,15848,1318
29568.244330,2791170753,2791172093,15975,1340
29568.256328,2791180229,2791181463,15897,1234
29568.266952,2791189604,2791190924,15860,1320
29568.276330,2791199123,2791200434,15973,1311
29568.287996,2791208630,2791209971,15907,1341
29568.298512,2791218180,2791219447,15862,1267
29568.308329,2791227615,2791228874,16004,1259
29568.319559,2791237111,2791238476,15913,1365
29568.328333,2791246647,2791247988,15851,1341
29568.340328,2791256187,2791257504,15998,1317
29568.351120,2791265651,2791266990,15923,1339
29568.360328,2791275154,2791276524,15827,1370
29568.372161,2791284707,2791286018,15925,1311
29568.382680,2791294167,2791295460,15917,1293
29568.392332,2791303675,2791304992,15831,1317
29568.403717,2791313170,2791314483,15984,1313
29568.412330,2791322645,2791324016,15908,1371
29568.424332,2791332245,2791333586,15821,1341
29568.435279,2791339918,2791341155,15905,1237
29568.444334,2791349347,2791350713,15915,1366
29568.456313,2791358852,2791360125,15876,1273
29568.466841,2791368261,2791369626,15971,1365
29568.476329,2791377804,2791379142,15906,1338
29568.487871,2791387320,2791388638,15849,1318
29568.498401,2791396764,2791398102,15995,1338
29568.508330,2791406298,2791407615,15906,1317
29568.519440,2791415756,2791417048,15910,1292
29568.528328,2791425240,2791426578,15997,1338
29568.540329,2791434746,2791436087,15913,1341
29568.550992,2791444250,2791445590,15830,1340
29568.560329,2791453742,2791455102,16071,1360
29568.572039,2791463193,2791464480,16008,1287
29568.582553,2791472639,2791473929,15908,1290
29568.592329,2791482105,2791483445,16067,1340
29568.603598,2791491604,2791492970,16002,1366
29568.612328,2791501175,2791502467,15844,1292
29568.624335,2791510615,2791511900,16078,1285
29568.635160,2791520051,2791521321,15995,1270
29568.644335,2791529500,2791530766,15936,1266
29568.656199,2791538963,2791540303,16090,1340
29568.666720,2791548445,2791549767,16007,1322
29568.676329,2791557929,2791559269,15881,1340
29568.687759,2791567292,2791568584,15969,1292
29568.696331,2791576786,2791578127,15919,1341
29568.708328,2791586313,2791587650,15828,1337
29568.719319,2791595813,2791597130,15904,1317
29568.728331,2791605344,2791606692,15918,1348
29568.740331,2791614897,2791616239,15847,1342
29568.750877,2791624462,2791625804,15972,1342
29568.760330,2791633985,2791635276,15909,1291
29568.771911,2791643485,2791644778,15843,1293
29568.782438,2791652999,2791654291,15969,1292
29568.792334,2791662467,2791663834,15919,1367
29568.803472,2791671986,2791673252,15858,1266
29568.812330,2791681439,2791682780,15989,1341
29568.824337,2791690990,2791692326,15906,1336
29568.835032,2791700477,2791701789,15863,1312
29568.844331,2791709910,2791711252,15983,1342
29568.856078,2791719408,2791720725,15914,1317
29568.866598,2791728872,2791730214,15903,1342
29568.876334,2791738412,2791739705,15974,1293
29568.887638,2791747871,2791749160,15992,1289
29568.896330,2791757381,2791758747,15935,1366
29568.908331,2791766892,2791768209,16031,1317
29568.919199,2791776358,2791777623,16005,1265
29568.928329,2791785937,2791787255,15861,1318
29568.940238,2791795406,2791796748,15959,1342
29568.950760,2791804927,2791806297,15906,1370
29568.960330,2791814441,2791815806,15840,1365
29568.971798,2791824009,2791825330,15988,1321
29568.980330,2791833547,2791834865,15918,1318
29568.992327,2791843063,2791844380,15939,1317
29569.003360,2791852597,2791853963,16084,1366
29569.012329,2791862152,2791863517,15913,1365
29569.024336,2791871755,2791873047,15849,1292
29569.034920,2791881258,2791882602,15996,1344
29569.044329,2791890825,2791892141,15918,1316
29569.055951,2791900313,2791901576,15826,1263
29569.066481,2791909726,2791911067,15921,1341
29569.076329,2791919240,2791920607,15910,1367
29569.087512,2791928792,2791930103,15829,1311
29569.096328,2791938264,2791939631,15980,1367
29569.108328,2791947789,2791949101,15915,1312
29569.119072,2791957268,2791958585,15827,1317
29569.128332,2791966717,2791968059,15974,1342
29569.140119,2791976012,2791977304,16002,1292
29569.150635,2791985491,2791986807,15949,1316
29569.160329,2791994989,2791996350,16073,1361
29569.171677,2792004538,2792005832,16001,1294
29569.180331,2792014039,2792015379,15951,1340
29569.192330,2792023620,2792024911,16072,1291
29569.203239,2792033112,2792034429,16001,1317
29569.212333,2792042653,2792043990,15997,1337
29569.224278,2792052189,2792053512,16069,1323
29569.234800,2792061733,2792063076,16000,1343
29569.244331,2792071254,2792072568,15930,1314
29569.255837,2792080774,2792082089,15970,1315
29569.266360,2792090224,2792091563,15909,1339
29569.276328,2792099781,2792101123,15847,1342
29569.287398,2792109310,2792110579,15972,1269
29569.296337,2792118726,2792120089,15915,1363
29569.308336,2792128257,2792129599,15862,1342
29569.318958,2792137834,2792139127,15970,1293
29569.328331,2792147375,2792148743,15912,1368
29569.339998,2792157013,2792158355,15916,1342
29569.350521,2792166632,2792168001,15913,1369
29569.360328,2792176282,2792177625,16000,1343
29569.371560,2792185919,2792187219,16004,1300
29569.380328,2792195463,2792196835,15912,1372
29569.392329,2792205081,2792206380,15914,1299
29569.403121,2792214609,2792215878,15910,1269
29569.412331,2792224341,2792225708,15831,1367
29569.424159,2792234012,2792235359,15710,1347
29569.434679,2792243744,2792245088,15911,1344
29569.444332,2792253721,2792255094,15909,1373
29569.455720,2792263623,2792264967,15652,1344
29569.464331,2792273247,2792274588,15915,1341
29569.476329,2792282822,2792284140,15915,1318
29569.487281,2792292410,2792293755,15906,1345
29569.496329,2792301986,2792303323,15920,1337
29569.508319,2792311577,2792312917,15903,1340
29569.518841,2792321168,2792322534,15912,1366
29569.528331,2792330740,2792332079,15853,1339
29569.539882,2792340325,2792341669,15998,1344
29569.550402,2792349840,2792351183,15918,1343
29569.560331,2792359392,2792360755,15896,1363
29569.571440,2792368994,2792370283,15988,1289
29569.580330,2792378489,2792379804,15914,1315
29569.592331,2792387999,2792389292,15832,1293
29569.603000,2792397469,2792398787,16073,1318
29569.612328,2792406988,2792408329,16008,1341
29569.624031,2792416484,2792417777,15917,1293
29569.634560,2792425991,2792427338,16078,1347
29569.644328,2792435521,2792436893,16002,1372
29569.655592,2792445128,2792446417,15842,1289
29569.664329,2792454838,2792456205,15988,1367
29569.676331,2792464429,2792465745,15911,1316
29569.687152,2792473957,2792475330,15845,1373
29569.696332,2792483532,2792484875,15998,1343
29569.708199,2792493127,2792494495,15915,1368
29569.718713,2792502676,2792503968,15847,1292
29569.728331,2792512094,2792513463,16081,1369
29569.739758,2792521689,2792523004,15868,1315
29569.748332,2792531211,2792532551,15889,1340
29569.760330,2792540750,2792542092,15922,1342
29569.771319,2792550296,2792551613,16001,1317
29569.780327,2792559820,2792561137,15928,1317
29569.792330,2792569288,2792570629,16057,1341
29569.802878,2792578833,2792580174,16007,1341
29569.812336,2792588367,2792589659,15925,1292
29569.823917,2792597892,2792599186,16047,1294
29569.834438,2792607417,2792608737,16006,1320
29569.844329,2792616971,2792618289,15949,1318
29569.855481,2792626526,2792627873,16073,1347
29569.864331,2792636098,2792637438,16003,1340
29569.876331,2792645617,2792646909,15936,1292
29569.887040,2792655080,2792656422,16076,1342
29569.896327,2792664666,2792666032,16002,1366
29569.908078,2792674241,2792675534,15988,1293
29569.918600,2792683731,2792685043,16070,1312
29569.928330,2792693256,2792694594,16000,1338
29569.939633,2792702849,2792704168,15931,1319
29569.948332,2792712236,2792713601,15988,1365
29569.960330,2792721834,2792723199,15923,1365
29569.971193,2792731406,2792732747,15832,1341
29569.980330,2792740972,2792742287,15986,1315
29569.992239,2792750498,2792751839,15920,1341
29570.002753,2792760042,2792761381,15849,1339
29570.012330,2792769589,2792770931,15992,1342
29570.023798,2792779103,2792780421,15915,1318
29570.032328,2792788602,2792789947,15848,1345
29570.044330,2792798143,2792799484,16001,1341
29570.055361,2792807640,2792809008,15917,1368
29570.064332,2792817168,2792818513,15844,1345
29570.076329,2792826697,2792828040,16000,1343
29570.086921,2792836230,2792837522,15917,1292
29570.096327,2792845751,2792847098,15832,1347
29570.107960,2792855299,2792856660,16007,1361
29570.118482,2792864885,2792866196,15995,1311
29570.128328,2792874405,2792875745,15917,1340
29570.139519,2792883981,2792885296,16076,1315
29570.148328,2792893501,2792894872,15911,1371
29570.160337,2792903097,2792904438,15827,1341
29570.171081,2792912598,2792913889,15975,1291
29570.180327,2792922148,2792923465,15920,1317
29570.192112,2792931654,2792932947,15844,1293
29570.202642,2792941157,2792942497,16003,1340
29570.212328,2792950696,2792952014,15918,1318
29570.223673,2792960222,2792961516,15849,1294
29570.232329,2792969749,2792971091,15997,1342
29570.244333,2792979303,2792980646,15920,1343
29570.255240,2792988853,2792990197,15900,1344
29570.264329,2792998415,2792999760,16003,1345
29570.276280,2793007982,2793009329,15916,1347
29570.286793,2793017527,2793018846,15827,1319
29570.296333,2793027053,2793028370,15985,1317
29570.307840,2793036541,2793037911,15923,1370
29570.318386,2793046148,2793047464,16174,1316
29570.328332,2793055722,2793057065,15919,1343
29570.339399,2793065316,2793066657,15913,1341
29570.348329,2793074896,2793076213,15914,1317
29570.360330,2793084465,2793085806,15919,1341
29570.370959,2793094004,2793095347,15909,1343
29570.380329,2793103569,2793104886,15841,1317
29570.391998,2793113063,2793114430,15974,1367
29570.402518,2793122649,2793123968,15917,1319
29570.412327,2793132208,2793133573,15848,1365
29570.423558,2793141775,2793143092,15970,1317
29570.432326,2793151267,2793152635,15920,1368
29570.444335,2793160851,2793162194,15851,1343
29570.455118,2793170377,2793171695,15915,1318
29570.464335,2793179929,2793181245,15918,1316
29570.476152,2793189488,2793190832,15848,1344
29570.486680,2793199076,2793200442,15989,1366
29570.496331,2793208644,2793210005,15917,1361
29570.507713,2793218227,2793219519,15859,1292
29570.516330,2793227747,2793229114,15985,1367
29570.528329,2793237301,2793238640,15904,1339
29570.539274,2793246828,2793248120,15833,1292
29570.548328,2793256338,2793257678,15965,1340
29570.560322,2793266038,2793267330,15907,1292
29570.570833,2793275538,2793276879,15829,1341
29570.580327,2793285117,2793286483,15982,1366
29570.591879,2793294639,2793295956,15914,1317
29570.602402,2793304162,2793305481,15905,1319
29570.612336,2793313721,2793315069,15979,1348
29570.623440,2793323258,2793324630,15918,1372
29570.632334,2793332826,2793334167,15840,1341
29570.644330,2793342405,2793343770,15993,1365
29570.655000,2793352000,2793353340,15920,1340
29570.664330,2793361556,2793362896,15840,1340
29570.676041,2793371149,2793372442,16000,1293
29570.686561,2793380644,2793381963,15915,1319
29570.696328,2793390182,2793391524,15828,1342
29570.707601,2793399769,2793401109,15999,1340
29570.716337,2793409336,2793410653,15908,1317
29570.728332,2793418885,2793420223,15830,1338
29570.739159,2793428439,2793429732,15973,1293
29570.748327,2793437992,2793439363,15918,1371
29570.760192,2793447419,2793448736,15839,1317
29570.770719,2793456956,2793458298,15970,1342
29570.780329,2793466358,2793467676,15921,1318
29570.791753,2793475901,2793477269,15865,1368
29570.800333,2793485436,2793486796,15921,1360
29570.812331,2793494991,2793496362,15918,1371
29570.823313,2793504582,2793505948,15859,1366
29570.832331,2793514179,2793515546,15988,1367
29570.844328,2793523786,2793525150,15935,1364
29570.854873,2793533358,2793534709,15860,1351
29570.864332,2793542876,2793544214,15985,1338
29570.875919,2793552455,2793553796,15906,1341
29570.886433,2793561969,2793563286,15840,1317
29570.896333,2793571521,2793572839,16050,1318
29570.907479,2793581029,2793582372,15999,1343
29570.916333,2793590549,2793591912,15929,1363
29570.928328,2793600115,2793601456,16053,1341
29570.939039,2793609632,2793610971,16005,1339
29570.948331,2793619285,2793620627,15991,1342
29570.960078,2793628781,2793630123,16051,1342
29570.970603,2793638374,2793639666,15912,1292
29570.980327,2793647896,2793649233,15848,1337
29570.991641,2793657446,2793658740,15997,1294
29571.000328,2793666914,2793668286,15919,1372
29571.012328,2793676499,2793677816,15839,1317
29571.023202,2793686047,2793687386,16003,1339
29571.032328,2793695614,2793696956,15911,1342
29571.044232,2793705191,2793706563,15831,1372
29571.054762,2793714789,2793716107,16004,1318
29571.064330,2793724314,2793725680,15910,1366
29571.075793,2793733898,2793735213,15827,1315
29571.084336,2793743418,2793744737,15986,1319
29571.096328,2793752919,2793754285,15913,1366
29571.107354,2793762494,2793763865,15835,1371
29571.116336,2793772058,2793773400,15987,1342
29571.128335,2793781597,2793782914,15919,1317
29571.138914,2793791148,2793792485,15834,1337
29571.148328,2793800703,2793801995,15926,1292
29571.159959,2793810246,2793811584,15913,1338
29571.170474,2793819823,2793821167,15849,1344
29571.180329,2793829392,2793830743,15996,1351
29571.191521,2793838964,2793840332,15921,1368
29571.200328,2793848511,2793849826,15830,1315
29571.212327,2793858002,2793859368,16003,1366
29571.223082,2793867568,2793868909,15912,1341
29571.232336,2793876972,2793878338,15831,1366
29571.244119,2793886527,2793887894,15984,1367
29571.254642,2793896108,2793897422,15917,1314
29571.264328,2793905621,2793906982,15828,1361
29571.275680,2793915199,2793916540,15983,1341
29571.284328,2793924761,2793926132,15913,1371
29571.296328,2793934366,2793935733,15907,1367
29571.307240,2793943980,2793945298,15989,1318
29571.316334,2793953511,2793954853,15921,1342
29571.328273,2793963073,2793964390,15842,1317
29571.338802,2793972602,2793973945,16000,1343
29571.348330,2793982179,2793983496,15914,1317
29571.359833,2793991702,2793993018,15845,1316
29571.371864,2794002503,2794003851,15869,1348
29571.382378,2794012039,2794013358,15832,1319
29571.392327,2794021591,2794022932,15985,1341
29571.403425,2794031163,2794032427,15915,1264
29571.412328,2794040618,2794041955,15833,1337
29571.424336,2794050158,2794051476,15988,1318
29571.434984,2794059685,2794061028,15920,1343
29571.444328,2794069266,2794070638,15904,1372
29571.456022,2794078858,2794080199,15987,1341
29571.466544,2794088409,2794089758,15923,1349
29571.476328,2794097977,2794099345,15844,1368
29571.487584,2794107571,2794108912,16001,1341
29571.496334,2794117142,2794118502,15921,1360
29571.508328,2794126741,2794128059,15847,1318
29571.519145,2794136248,2794137595,16087,1347
29571.528327,2794145844,2794147186,16005,1342
29571.540176,2794155398,2794156765,15918,1367
29571.550705,2794164988,2794166308,16091,1320
29571.560330,2794174512,2794175849,16006,1337
29571.571736,2794184072,2794185414,15920,1342
29571.580330,2794193490,2794194804,15974,1314
29571.592328,2794203046,2794204388,15917,1342
29571.603297,2794212611,2794213954,15849,1343
29571.612328,2794222201,2794223567,15972,1366
29571.624332,2794231778,2794233098,15915,1320
29571.634857,2794241283,2794242651,15859,1368
29571.644333,2794250894,2794252212,15922,1318
29571.655901,2794260402,2794261773,15915,1371
29571.666417,2794270007,2794271347,15859,1340
29571.676330,2794279562,2794280905,15984,1343
29571.687463,2794289144,2794290492,15913,1348
29571.696333,2794298703,2794300072,15855,1369
29571.708328,2794308322,2794309615,15986,1293
29571.719023,2794317865,2794319183,15914,1318
29571.728331,2794327406,2794328748,15845,1342
29571.740061,2794336965,2794338259,15970,1294
29571.750584,2794346496,2794347836,15916,1340
29571.760332,2794356050,2794357418,15842,1368
29571.771621,2794365657,2794366950,15971,1293
29571.780336,2794375189,2794376558,15915,1369
29571.792332,2794384794,2794386162,15908,1368
29571.803185,2794394393,2794395765,15985,1372
29571.812332,2794404015,2794405379,15915,1364
29571.824216,2794413614,2794414957,15844,1343
29571.834745,2794423203,2794424571,15996,1368
29571.844332,2794432786,2794434157,15921,1371
29571.855776,2794442370,2794443738,15844,1368
29571.864331,2794451972,2794453314,15999,1342
29571.876333,2794461543,2794462885,15914,1342
29571.887337,2794471070,2794472442,15819,1372
29571.896334,2794480688,2794482058,16001,1370
29571.908332,2794490275,2794491592,15902,1317
29571.918899,2794499796,2794501133,15818,1337
29571.928330,2794509195,2794510563,15944,1368
29571.939944,2794518780,2794520142,15959,1362
29571.950458,2794528389,2794529706,15833,1317
29571.960329,2794537942,2794539311,15946,1369
29571.971504,2794547515,2794548883,15969,1368
29571.980334,2794557090,2794558457,15835,1367
29571.992328,2794566718,2794568059,15839,1341
29572.003065,2794576262,2794577634,15963,1372
29572.012332,2794585976,2794587342,15830,1366
29572.024099,2794595588,2794596960,15947,1372
29572.034625,2794605184,2794606501,15959,1317
29572.044336,2794614708,2794616050,15848,1342
29572.055659,2794624253,2794625595,15909,1342
29572.064333,2794633822,2794635163,15972,1341
29572.076334,2794643397,2794644765,15834,1368
29572.087219,2794652948,2794654266,15946,1318
29572.096333,2794662512,2794663854,15955,1342
29572.108256,2794672110,2794673459,15832,1349
29572.118780,2794681703,2794683020,15947,1317
29572.128327,2794691220,2794692593,15970,1373
29572.139824,2794700799,2794702172,15904,1373
29572.150340,2794710351,2794711698,15943,1347
29572.160332,2794719907,2794721224,15968,1317
29572.171377,2794729410,2794730779,15830,1369
29572.180331,2794739014,2794740333,15944,1319
29572.192333,2794748611,2794749955,15978,1344
29572.202937,2794758192,2794759535,15828,1343
29572.212331,2794767770,2794769116,15946,1346
29572.223984,2794777339,2794778681,15968,1342
29572.234498,2794786909,2794788272,15834,1363
29572.244330,2794796505,2794797821,15959,1316
29572.255545,2794806008,2794807350,15966,1342
29572.264329,2794815564,2794816907,15834,1343
29572.276328,2794825096,2794826412,15946,1316
29572.287105,2794834637,2794836005,15962,1368
29572.296331,2794844342,2794845682,15825,1340
29572.308139,2794853931,2794855296,15941,1365
29572.318666,2794863527,2794864869,15971,1342
29572.328336,2794873047,2794874365,15830,1318
29572.339698,2794882563,2794883881,15849,1318
29572.348330,2794892119,2794893486,15968,1367
29572.360332,2794901738,2794903057,15830,1319
29572.371260,2794911257,2794912625,15944,1368
29572.380329,2794920842,2794922183,15967,1341
29572.392296,2794930284,2794931625,15844,1341
29572.402822,2794939847,2794941141,15946,1294
29572.412327,2794949389,2794950760,15971,1371
29572.423856,2794958986,2794960327,15826,1341
29572.434380,2794968581,2794969948,15938,1367
29572.444329,2794978157,2794979523,15947,1366
29572.455417,2794987707,2794989051,15832,1344
29572.464334,2794997256,2794998622,15946,1366
29572.476330,2795006881,2795008220,15965,1339
29572.486985,2795016408,2795017751,15914,1343
29572.496328,2795025980,2795027320,15944,1340
29572.508025,2795035551,2795036917,15973,1366
29572.518539,2795045119,2795046486,15823,1367
29572.528333,2795054729,2795056097,15947,1368
29572.539583,2795064303,2795065669,15974,1366
29572.548328,2795073896,2795075239,15834,1343
29572.560328,2795083475,2795084815,15937,1340
29572.571145,2795093031,2795094370,15967,1339
29572.580327,2795102657,2795104024,15829,1367
29572.592181,2795112230,2795113598,15962,1368
29572.602707,2795121850,2795123174,15960,1324
29572.612330,2795131397,2795132740,15831,1343
29572.623739,2795140930,2795142298,15938,1368
29572.632333,2795150544,2795151907,15969,1363
29572.644328,2795160140,2795161480,15831,1340
29572.655300,2795169680,2795171023,15947,1343
29572.664332,2795179254,2795180621,15970,1367
29572.676333,2795188815,2795190155,15825,1340
29572.686858,2795198388,2795199707,15846,1319
29572.696329,2795207919,2795209260,15969,1341
29572.707899,2795217494,2795218861,15857,1367
29572.718421,2795227113,2795228457,15919,1344
29572.728330,2795236701,2795238044,15967,1343
29572.739457,2795246275,2795247624,15846,1349
29572.748329,2795255828,2795257195,15946,1367
29572.760334,2795265419,2795266737,15969,1318
29572.771018,2795274988,2795276354,15831,1366
29572.780327,2795284601,2795285919,15945,1318
29572.792065,2795294159,2795295525,15950,1366
29572.802579,2795303830,2795305197,15831,1367
29572.812330,2795313450,2795314791,15948,1341
29572.823625,2795323007,2795324380,15971,1373
29572.832331,2795332637,2795333981,15911,1344
29572.844327,2795342206,2795343574,15950,1368
29572.855185,2795351800,2795353148,15970,1348
29572.864328,2795361453,2795362799,15830,1346
29572.876219,2795371017,2795372360,15948,1343
29572.886744,2795380582,2795381955,15979,1373
29572.896335,2795390170,2795391540,15813,1370
29572.907780,2795399744,2795401083,15950,1339
29572.916329,2795409330,2795410672,15966,1342
29572.928329,2795418916,2795420235,15826,1319
29572.939341,2795428455,2795429796,15951,1341
29572.948330,2795438009,2795439376,15971,1367
29572.960330,2795447575,2795448914,15822,1339
29572.970901,2795457106,2795458473,15939,1367
29572.980332,2795466695,2795468038,15967,1343
29572.991937,2795476262,2795477581,15818,1319
29573.003967,2795487113,2795488430,15971,1317
29573.014481,2795496683,2795498052,15828,1369
29573.024331,2795506296,2795507614,15947,1318
29573.035527,2795515835,2795517176,15965,1341
29573.044330,2795525408,2795526731,15829,1323
29573.056330,2795534929,2795536267,15938,1338
29573.067089,2795544510,2795545881,15973,1371
29573.076328,2795554246,2795555589,15819,1343
29573.088124,2795563800,2795565118,15962,1318
29573.098649,2795573356,2795574700,15968,1344
29573.108326,2795582914,2795584252,15824,1338
29573.119683,2795592468,2795593807,15939,1339
29573.128330,2795602016,2795603330,15969,1314
29573.140331,2795611571,2795612933,15821,1362
29573.151243,2795621164,2795622481,15949,1317
29573.160327,2795630690,2795632053,15959,1363
29573.172279,2795640269,2795641610,15831,1341
29573.182802,2795649818,2795651186,15849,1368
29573.192329,2795659420,2795660764,15963,1344
29573.203842,2795668955,2795670298,15834,1343
29573.214365,2795678554,2795679898,15942,1344
29573.224329,2795688138,2795689486,15961,1348
29573.235400,2795697719,2795699087,15847,1368
29573.244331,2795707339,2795708667,15944,1328
29573.256330,2795716894,2795718237,15964,1343
29573.266960,2795726447,2795727789,15825,1342
29573.276328,2795736026,2795737395,15946,1369
29573.288007,2795745627,2795746943,15951,1316
29573.298521,2795755156,2795756494,15828,1338
29573.308327,2795764707,2795766049,15945,1342
29573.319568,2795774274,2795775615,15971,1341
29573.328328,2795783792,2795785132,15905,1340
29573.340327,2795793361,2795794680,15948,1319
29573.351128,2795802884,2795804201,15973,1317
29573.360331,2795812575,2795813889,15829,1314
29573.372162,2795822111,2795823479,15945,1368
29573.382687,2795831745,2795833064,15970,1319
29573.392328,2795841276,2795842619,15833,1343
29573.403723,2795850827,2795852165,15946,1338
29573.412332,2795860422,2795861764,16022,1342
29573.424332,2795870013,2795871332,15830,1319
29573.435285,2795879552,2795880920,15944,1368
29573.444328,2795889157,2795890476,15971,1319
29573.456320,2795898704,2795900067,15819,1363
29573.466844,2795908314,2795909682,15944,1368
29573.476328,2795917906,2795919249,15971,1343
29573.487880,2795927460,2795928803,15821,1343
29573.498404,2795937021,2795938388,15944,1367
29573.508334,2795946637,2795947979,15967,1342
29573.519442,2795956225,2795957593,15832,1368
29573.528335,2795965819,2795967191,15848,1372
29573.540329,2795975420,2795976788,15964,1368
29573.551001,2795985051,2795986419,15831,1368
29573.560328,2795994646,2795995964,15948,1318
29573.572048,2796004196,2796005520,15969,1324
29573.582561,2796013747,2796015090,15852,1343
29573.592328,2796023339,2796024679,15934,1340
29573.603608,2796032923,2796034259,15971,1336
29573.612332,2796042502,2796043867,15830,1365
29573.624331,2796052124,2796053492,15938,1368
29573.635168,2796061728,2796063071,15957,1343
29573.644328,2796071315,2796072681,15834,1366
29573.656203,2796080905,2796082278,15943,1373
29573.666729,2796090563,2796091881,15965,1318
29573.676334,2796100102,2796101469,15912,1367
29573.687763,2796109673,2796111015,15935,1342
29573.696328,2796119250,2796120589,15970,1339
29573.708330,2796128824,2796130166,15834,1342
29573.719323,2796138402,2796139744,15938,1342
29573.728333,2796147942,2796149284,15976,1342
29573.740337,2796157520,2796158894,15822,1374
29573.750884,2796167116,2796168483,15937,1367
29573.760328,2796176711,2796178054,15970,1343
29573.771921,2796186296,2796187638,15822,1342
29573.782446,2796195866,2796197232,15967,1366
29573.792327,2796205469,2796206811,15971,1342
29573.803481,2796215051,2796216418,15823,1367
29573.812330,2796224624,2796225968,15947,1344
29573.824334,2796234007,2796235350,15967,1343
29573.835041,2796243537,2796244906,15823,1369
29573.844327,2796253152,2796254492,15946,1340
29573.856088,2796262736,2796264103,15966,1367
29573.866601,2796272359,2796273678,15821,1319
29573.876331,2796281905,2796283245,15849,1340
29573.887649,2796291500,2796292844,15962,1344
29573.896328,2796301054,2796302419,15821,1365
29573.908329,2796310667,2796311986,15944,1319
29573.919209,2796320233,2796321579,15972,1346
29573.928327,2796329763,2796331106,15846,1343
29573.940243,2796339308,2796340627,15946,1319
29573.950769,2796348845,2796350189,15966,1344
29573.960329,2796358413,2796359755,15837,1342
29573.971803,2796367983,2796369324,15948,1341
29573.980327,2796377553,2796378921,15951,1368
29573.992330,2796387138,2796388509,15838,1371
29574.003363,2796396716,2796398035,15945,1319
29574.012329,2796406254,2796407623,15970,1369
29574.024330,2796415852,2796417189,15902,1337
29574.034924,2796425413,2796426755,15947,1342
29574.044327,2796434973,2796436342,15971,1369
29574.055960,2796444572,2796445947,15831,1375
29574.066484,2796454183,2796455531,15943,1348
29574.076332,2796463797,2796465138,15981,1341
29574.087521,2796473374,2796474688,15831,1314
29574.096330,2796482949,2796484313,15940,1364
29574.108329,2796492524,2796493868,15956,1344
29574.119081,2796502105,2796503448,15832,1343
29574.128334,2796511766,2796513111,15961,1345
29574.140128,2796521346,2796522663,15970,1317
29574.150642,2796530884,2796532257,15831,1373
29574.160333,2796540489,2796541832,15949,1343
29574.171688,2796550065,2796551404,15968,1339
29574.180329,2796559614,2796560983,15833,1369
29574.192333,2796569195,2796570563,15946,1368
29574.203249,2796578779,2796580150,15971,1371
29574.212328,2796588355,2796589720,15829,1365
29574.224281,2796597936,2796599281,15850,1345
29574.234809,2796607538,2796608908,15967,1370
29574.244331,2796617152,2796618470,15831,1318
29574.255843,2796626712,2796628079,15946,1367
29574.266370,2796636300,2796637669,15960,1369
29574.276328,2796645889,2796647257,15847,1368
29574.287404,2796655511,2796656879,15940,1368
29574.296330,2796665117,2796666494,15969,1377
29574.308329,2796674738,2796676080,15833,1342
29574.318964,2796684279,2796685647,15940,1368
29574.328330,2796693894,2796695235,15955,1341
29574.340000,2796703507,2796704849,15832,1342
29574.350525,2796713063,2796714381,15948,1318
29574.360328,2796722594,2796723934,15967,1340
29574.371568,2796732179,2796733524,15910,1345
29574.380329,2796741763,2796743106,15944,1343
29574.392333,2796751356,2796752704,15969,1348
29574.403121,2796760930,2796762271,15830,1341
29574.412329,2796770569,2796771938,15948,1369
29574.424167,2796780196,2796781539,15976,1343
29574.434682,2796789821,2796791160,15835,1339
29574.444334,2796799351,2796800716,15936,1365
29574.455729,2796808962,2796810331,15963,1369
29574.464327,2796818583,2796819955,15820,1372
29574.476331,2796828147,2796829487,15964,1340
29574.487289,2796837698,2796839065,15970,1367
29574.496331,2796847295,2796848661,15832,1366
29574.508323,2796856911,2796858252,15949,1341
29574.518850,2796866443,2796867786,15973,1343
29574.528331,2796876008,2796877374,15830,1366
29574.539883,2796885597,2796886940,15948,1343
29574.550412,2796895182,2796896531,16016,1349
29574.560328,2796904746,2796906114,15826,1368
29574.571442,2796914327,2796915698,15853,1371
29574.580329,2796923939,2796925281,15972,1342
29574.592331,2796933513,2796934882,15828,1369
29574.603004,2796943063,2796944404,15946,1341
29574.612329,2796952664,2796954027,15970,1363
29574.624041,2796962216,2796963560,15845,1344
29574.636071,2796972994,2796974336,15976,1342
29574.646585,2796982577,2796983945,15831,1368
29574.656330,2796992204,2796993570,15922,1366
29574.667631,2797001802,2797003146,15967,1344
29574.676330,2797011371,2797012738,15828,1367
29574.688336,2797020948,2797022293,15946,1345
29574.699194,2797030541,2797031884,15973,1343
29574.708328,2797040140,2797041483,15830,1343
29574.720225,2797049707,2797051073,15849,1366
29574.730753,2797059284,2797060652,15970,1368
29574.740330,2797068903,2797070270,15830,1367
29574.751787,2797078500,2797079873,15941,1373
29574.760333,2797088117,2797089433,15964,1316
29574.772329,2797097673,2797099041,15842,1368
29574.783347,2797107269,2797108611,15949,1342
29574.792329,2797116844,2797118212,15966,1368
29574.804328,2797126421,2797127794,15863,1373
29574.814908,2797136052,2797137417,15945,1365
29574.824333,2797145665,2797147008,15952,1343
29574.835944,2797155244,2797156617,15835,1373
29574.846468,2797164902,2797166272,15948,1370
29574.856328,2797174508,2797175850,15962,1342
29574.867511,2797184074,2797185441,15903,1367
29574.876331,2797193681,2797195055,15948,1374
29574.888330,2797203320,2797204660,15968,1340
29574.899064,2797212902,2797214246,15829,1344
29574.908329,2797222628,2797224000,15938,1372
29574.920110,2797232271,2797233634,15974,1363
29574.930625,2797241871,2797243245,15823,1374
29574.940334,2797251481,2797252854,15943,1373
29574.951672,2797261117,2797262435,15969,1318
29574.960333,2797270661,2797272029,15820,1368
29574.972329,2797280242,2797281561,15964,1319
29574.983232,2797289808,2797291150,15965,1342
29574.992329,2797299362,2797300706,15830,1344
29575.004266,2797308940,2797310279,15947,1339
29575.014793,2797318507,2797319875,15969,1368
29575.024335,2797328090,2797329463,15825,1373
29575.035827,2797337708,2797339051,15943,1343
29575.046353,2797347304,2797348678,16021,1374
29575.056332,2797356898,2797358265,15835,1367
29575.067385,2797366510,2797367853,15847,1343
29575.076327,2797376050,2797377419,15970,1369
29575.088335,2797385624,2797386968,15832,1344
29575.098947,2797395204,2797396573,15948,1369
29575.108329,2797404822,2797406189,15955,1367
29575.119984,2797414440,2797415807,15841,1367
29575.130508,2797424061,2797425428,15951,1367
29575.140327,2797433655,2797435024,15966,1369
29575.151544,2797443240,2797444582,15823,1342
29575.160327,2797452827,2797454168,15948,1341
29575.172329,2797462421,2797463763,15947,1342
29575.183105,2797471986,2797473327,15832,1341
29575.192330,2797481672,2797483012,15944,1340
29575.204151,2797491213,2797492563,15971,1350
29575.214672,2797500767,2797502131,15904,1364
29575.224328,2797510368,2797511737,15940,1369
29575.235712,2797519982,2797521323,15966,1341
29575.244328,2797529567,2797530909,15827,1342
29575.256328,2797539143,2797540518,15946,1375
29575.267271,2797548722,2797550066,15975,1344
29575.276328,2797558317,2797559683,15817,1366
29575.288307,2797567917,2797569285,15950,1368
29575.298834,2797577519,2797578863,15968,1344
29575.308330,2797587093,2797588462,15834,1369
29575.319868,2797596709,2797598078,15962,1369
29575.330394,2797606393,2797607765,15950,1372
29575.340332,2797616016,2797617387,15819,1371
29575.351428,2797625682,2797627049,15946,1367
29575.360327,2797635331,2797636698,15967,1367
29575.372327,2797644952,2797646321,15834,1369
29575.382987,2797654607,2797655927,15942,1320
29575.392329,2797664228,2797665575,15965,1347
29575.404026,2797673823,2797675168,15829,1345
29575.414546,2797683374,2797684693,15848,1319
29575.424327,2797692931,2797694273,15968,1342
29575.435584,2797702529,2797703893,15831,1364
29575.444329,2797712130,2797713498,15938,1368
29575.456332,2797721606,2797722973,15958,1367
29575.467145,2797731237,2797732606,15846,1369
29575.476330,2797740833,2797742205,15946,1372
29575.488191,2797750447,2797751789,15959,1342
29575.498706,2797760053,2797761421,15823,1368
29575.508330,2797769683,2797771051,15930,1368
29575.519752,2797779277,2797780619,15953,1342
29575.528329,2797788861,2797790202,15830,1341
29575.540328,2797798389,2797799732,15935,1343
29575.551312,2797807986,2797809334,15974,1348
29575.560335,2797817570,2797818937,15954,1367
29575.572328,2797827186,2797828529,15946,1343
29575.582873,2797836749,2797838089,15967,1340
29575.592333,2797846330,2797847673,15830,1343
29575.603907,2797855905,2797857249,15946,1344
29575.614432,2797865489,2797866863,15977,1374
29575.624328,2797875115,2797876483,15829,1368
29575.635468,2797884694,2797886066,15943,1372
29575.644330,2797894278,2797895647,15968,1369
29575.656330,2797903862,2797905204,15828,1342
29575.667029,2797913444,2797914813,15958,1369
29575.676331,2797923057,2797924423,15962,1366
29575.688064,2797932660,2797934004,15823,1344
29575.698590,2797942213,2797943582,15945,1369
29575.708329,2797951815,2797953164,15967,1349
29575.719625,2797961389,2797962757,15835,1368
29575.728335,2797971022,2797972365,15945,1343
29575.740337,2797980597,2797981963,15969,1366
29575.751185,2797990249,2797991591,15832,1342
29575.760333,2797999835,2798001201,15836,1366
29575.772232,2798009437,2798010809,15972,1372
29575.782748,2798019047,2798020416,15855,1369
29575.792334,2798028649,2798029987,15950,1338
29575.803792,2798038236,2798039580,15971,1344
29575.812327,2798047835,2798049203,15847,1368
29575.824330,2798057392,2798058736,15950,1344
29575.835353,2798066963,2798068330,15971,1367
29575.844330,2798076562,2798077930,15859,1368
29575.856328,2798086146,2798087513,15947,1367
29575.866912,2798095806,2798097175,15935,1369
29575.876329,2798105411,2798106773,15847,1362
29575.887947,2798115021,2798116364,15944,1343
29575.898472,2798124603,2798125922,15953,1319
29575.908327,2798134187,2798135529,15906,1342
29575.919509,2798143777,2798145121,15947,1344
29575.928329,2798153351,2798154718,15945,1367
29575.940330,2798162968,2798164336,15850,1368
29575.951068,2798172571,2798173914,15944,1343
29575.960328,2798182173,2798183535,15959,1362
29575.972104,2798191758,2798193126,15843,1368
29575.982628,2798201361,2798202677,15947,1316
29575.992327,2798210916,2798212284,15955,1368
29576.003665,2798220531,2798221875,15845,1344
29576.012329,2798230105,2798231474,15955,1369
29576.024328,2798239720,2798241087,15951,1367
29576.035225,2798249348,2798250717,15848,1369
29576.044328,2798258976,2798260322,15951,1346
29576.056270,2798268526,2798269893,15953,1367
29576.066785,2798278341,2798279710,15849,1369
29576.076332,2798287919,2798289286,15940,1367
29576.087831,2798297526,2798298899,15956,1373
29576.098346,2798307149,2798308492,15842,1343
29576.108328,2798316742,2798318107,15865,1365
29576.119391,2798326343,2798327685,15957,1342
29576.128333,2798335933,2798337277,15846,1344
29576.140332,2798345513,2798346834,15944,1321
29576.150952,2798355080,2798356448,15954,1368
29576.160328,2798364714,2798366053,15863,1339
29576.171987,2798374291,2798375665,15948,1374
29576.182512,2798383893,2798385235,15954,1342
29576.192335,2798393481,2798394850,15851,1369
29576.203547,2798403054,2798404373,15949,1319
29576.212330,2798412579,2798413946,15941,1367
29576.224333,2798422206,2798423575,15837,1369
29576.235108,2798431796,2798433169,15946,1373
29576.244330,2798441527,2798442895,15959,1368
29576.256150,2798451144,2798452486,15908,1342
29576.266665,2798460562,2798461917,15891,1355
29576.276327,2798470119,2798471491,15958,1372
29576.287707,2798479762,2798481135,15868,1373
29576.296329,2798489389,2798490731,15942,1342
29576.308328,2798498938,2798500299,15961,1361
29576.319265,2798508537,2798509911,15842,1374
29576.328333,2798518175,2798519542,15944,1367
29576.340311,2798527799,2798529174,15953,1375
29576.350825,2798537394,2798538763,15851,1369
29576.360332,2798547008,2798548350,15965,1342
29576.371871,2798556547,2798557891,15955,1344
29576.382386,2798566103,2798567446,15846,1343
29576.392330,2798575697,2798577061,15943,1364
29576.403432,2798585279,2798586622,15956,1343
29576.412327,2798594864,2798596232,15848,1368
29576.424328,2798604450,2798605825,15946,1375
29576.434992,2798614035,2798615380,15959,1345
29576.444329,2798623612,2798624982,15841,1370
29576.456027,2798633202,2798634544,15864,1342
29576.466552,2798642799,2798644164,15955,1365
29576.476333,2798652401,2798653767,15833,1366
29576.487588,2798662059,2798663428,15947,1369
29576.496329,2798671679,2798673022,15952,1343
29576.508330,2798681277,2798682621,15863,1344
29576.519148,2798690892,2798692260,15947,1368
29576.528327,2798700491,2798701834,15953,1343
29576.540185,2798710085,2798711454,15847,1369
29576.550708,2798719644,2798721013,15942,1369
29576.560328,2798729270,2798730649,15937,1379
29576.571745,2798738877,2798740218,15837,1341
29576.580327,2798748472,2798749845,15942,1373
29576.592333,2798758026,2798759345,15949,1319
29576.603311,2798767606,2798768973,15906,1367
29576.612336,2798777207,2798778575,15943,1368
29576.624328,2798786826,2798788194,15953,1368
29576.634866,2798796415,2798797759,15832,1344
29576.644332,2798805978,2798807324,15946,1346
29576.655910,2798815568,2798816942,15963,1374
29576.666426,2798825180,2798826546,15848,1366
29576.676334,2798834796,2798836166,15870,1370
29576.687473,2798844385,2798845728,15966,1343
29576.696329,2798853971,2798855341,15832,1370
29576.708333,2798863603,2798864946,15962,1343
29576.719033,2798873198,2798874566,15975,1368
29576.728332,2798882911,2798884281,15836,1370
29576.740067,2798892525,2798893890,15950,1365
29576.750594,2798902131,2798903506,15969,1375
29576.760330,2798911765,2798913134,15830,1369
29576.771628,2798921391,2798922730,15936,1339
29576.780330,2798930988,2798932355,15971,1367
29576.792331,2798940605,2798941973,15821,1368
29576.803187,2798950235,2798951603,15834,1368
29576.812328,2798959850,2798961194,15969,1344
29576.824227,2798969443,2798970813,15862,1370
29576.834746,2798979064,2798980435,15895,1371
29576.844331,2798988683,2798990052,15966,1369
29576.855785,2798998313,2798999663,15835,1350
29576.864335,2799007924,2799009297,15947,1373
29576.876334,2799017556,2799018926,16016,1370
29576.887346,2799027190,2799028533,15828,1343
29576.896330,2799036774,2799038145,15940,1371
29576.908335,2799046390,2799047757,15952,1367
29576.918906,2799055973,2799057318,15825,1345
29576.928330,2799065545,2799066888,15953,1343
29576.942956,2799074081,2799074885,13505,804
29576.956334,2799080800,2799081447,12088,647
29576.968329,2799087002,2799088183,15834,1181
29576.979023,2799096288,2799097573,15945,1285
29576.988328,2799105708,2799107050,15967,1342
29577.000067,2799115304,2799116677,15912,1373
29577.010585,2799124880,2799126245,15941,1365
29577.020329,2799134475,2799135819,15966,1344
29577.031619,2799144012,2799145380,15835,1368
29577.040330,2799153636,2799154980,15944,1344
29577.052331,2799163211,2799164580,15972,1369
29577.063180,2799172826,2799174169,15820,1343
29577.072331,2799182420,2799183789,15919,1369
29577.084226,2799191865,2799193234,15997,1369
29577.094741,2799201432,2799202776,15840,1344
29577.104330,2799211027,2799212400,15949,1373
29577.115787,2799220614,2799221958,15971,1344
29577.124333,2799230204,2799231573,15815,1369
29577.136332,2799239784,2799241127,15950,1343
29577.147347,2799249390,2799250760,15963,1370
29577.156329,2799259020,2799260364,15836,1344
29577.168334,2799268629,2799269978,15944,1349
29577.178908,2799278240,2799279581,15969,1341
29577.188329,2799287835,2799289179,15830,1344
29577.199941,2799297452,2799298793,15851,1341
29577.210469,2799307067,2799308437,15968,1370
29577.220330,2799316684,2799318054,15834,1370
29577.231502,2799326313,2799327657,15945,1344
29577.240329,2799335893,2799337267,15962,1374
29577.252333,2799345460,2799346828,15845,1368
29577.263063,2799355072,2799356414,15945,1342
29577.272328,2799364793,2799366165,15970,1372
29577.284099,2799374437,2799375807,15832,1370
29577.294624,2799384057,2799385401,16033,1344
29577.304332,2799393642,2799395015,16040,1373
29577.315659,2799403289,2799404660,15919,1371
29577.324329,2799412926,2799414292,16035,1366
29577.336329,2799422564,2799423936,16059,1372
29577.347227,2799432164,2799433532,16000,1368
29577.356326,2799441774,2799443148,16027,1374
29577.368267,2799451437,2799452779,16055,1342
29577.378780,2799461062,2799462429,15916,1367
29577.388329,2799470692,2799472036,16035,1344
29577.399826,2799480305,2799481672,16055,1367
29577.410343,2799489953,2799491325,15942,1372
29577.420327,2799499596,2799500965,16035,1369
29577.431388,2799509243,2799510587,16052,1344
29577.440332,2799516713,2799518023,15445,1310
29577.452332,2799526267,2799527610,15961,1343
29577.462949,2799535815,2799537136,15966,1321
29577.472328,2799545400,2799546769,15861,1369
29577.483982,2799555028,2799556346,15931,1318
29577.494507,2799564603,2799565977,16019,1374
29577.504329,2799574228,2799575593,15832,1365
29577.515543,2799583819,2799585189,15946,1370
29577.524336,2799593647,2799594988,15965,1341
29577.536328,2799603231,2799604605,15833,1374
29577.547101,2799612859,2799614231,15848,1372
29577.556331,2799622657,2799624022,15966,1365
29577.568139,2799632248,2799633593,15912,1345
29577.578663,2799641844,2799643216,16036,1372
29577.588329,2799651476,2799652821,16059,1345
29577.599700,2799661094,2799662439,15932,1345
29577.608332,2799670715,2799672083,16033,1368
29577.620331,2799680351,2799681720,15972,1369
29577.631263,2799689966,2799691337,15865,1371
29577.640327,2799699629,2799700998,15918,1369
29577.652307,2799709241,2799710585,15950,1344
29577.662824,2799718846,2799720221,15855,1375
29577.672332,2799728503,2799729871,15921,1368
29577.683867,2799738122,2799739495,15966,1373
29577.695883,2799749022,2799750391,15810,1369
29577.706411,2799758641,2799759991,15967,1350
29577.716327,2799768232,2799769600,15859,1368
29577.727445,2799777860,2799779204,15946,1344
29577.736328,2799787455,2799788799,15971,1344
29577.748329,2799797049,2799798419,15874,1370
29577.759006,2799806684,2799808056,15951,1372
29577.768331,2799816330,2799817701,15967,1371
29577.780042,2799825969,2799827315,15829,1346
29577.790567,2799835590,2799836934,15943,1344
29577.800330,2799845206,2799846574,15953,1368
29577.811603,2799854861,2799856235,15829,1374
29577.820333,2799864488,2799865858,15949,1370
29577.832327,2799874137,2799875511,15964,1374
29577.843170,2799883781,2799885152,15910,1371
29577.852334,2799893491,2799894854,15946,1363
29577.864210,2799903109,2799904479,15968,1370
29577.874724,2799912743,2799914117,15825,1374
29577.884329,2799922384,2799923757,15946,1373
29577.895769,2799932015,2799933383,15972,1368
29577.904329,2799941667,2799943012,15833,1345
29577.916330,2799951295,2799952662,15934,1367
29577.927333,2799960932,2799962303,15967,1371
29577.936333,2799970542,2799971914,15836,1372
29577.948331,2799980193,2799981571,15911,1378
29577.958893,2799989879,2799991249,16007,1370
29577.968327,2799999516,2800000884,15826,1368
29577.979925,2800009141,2800010509,15944,1368
29577.990451,2800018785,2800020129,15968,1344
29578.000330,2800028390,2800029764,15835,1374
29578.011486,2800037998,2800039367,15944,1369
29578.020335,2800047603,2800048970,15969,1367
29578.032327,2800057275,2800058650,15860,1375
29578.043045,2800066943,2800068315,15838,1372
29578.052333,2800076577,2800077945,15971,1368
29578.064085,2800086235,2800087607,15858,1372
29578.074604,2800095902,2800097269,15887,1367
29578.084329,2800105547,2800106890,15967,1343
29578.095643,2800115158,2800116526,15848,1368
29578.104328,2800124798,2800126171,15922,1373
29578.116330,2800134417,2800135785,15965,1368
29578.127203,2800144017,2800145388,15834,1371
29578.136329,2800153653,2800155027,15920,1374
29578.148251,2800163165,2800164535,15949,1370
29578.158767,2800172775,2800174144,15861,1369
29578.168329,2800182429,2800183797,15938,1368
29578.179811,2800192011,2800193354,15967,1343
29578.188332,2800201636,2800203001,15908,1365
29578.200330,2800211235,2800212604,15947,1369
29578.211371,2800220874,2800222217,15965,1343
29578.220335,2800230491,2800231860,15833,1369
29578.232328,2800240124,2800241496,15950,1372
29578.242930,2800249743,2800251115,15968,1372
29578.252330,2800259378,2800260748,15815,1370
29578.263965,2800268992,2800270332,15947,1340
29578.274492,2800278615,2800279989,15967,1374
29578.284328,2800288279,2800289652,15835,1373
29578.295527,2800297931,2800299304,15946,1373
29578.304327,2800307597,2800308967,15960,1370
29578.316331,2800317257,2800318630,15838,1373
29578.327086,2800326938,2800328313,15943,1375
29578.336330,2800336726,2800338101,15967,1375
29578.348122,2800346358,2800347733,15830,1375
29578.358647,2800356016,2800357392,15946,1376
29578.368327,2800365438,2800366805,15964,1367
29578.379683,2800375089,2800376433,15830,1344
29578.388329,2800384688,2800386061,15849,1373
29578.400329,2800394328,2800395701,15968,1373
29578.411244,2800403991,2800405362,15837,1371
29578.420331,2800413584,2800414958,15943,1374
29578.432290,2800423261,2800424635,15961,1374
29578.442804,2800432951,2800434324,15846,1373
29578.452330,2800442594,2800443964,15943,1370
29578.463850,2800452227,2800453571,15963,1344
29578.474365,2800461836,2800463180,15829,1344
29578.484328,2800471427,2800472796,15888,1369
29578.495411,2800481054,2800482431,15978,1377
29578.504330,2800490672,2800492046,15830,1374
29578.516333,2800500281,2800501624,15962,1343
29578.526971,2800509867,2800511213,15968,1346
29578.536333,2800519469,2800520811,15910,1342
29578.548007,2800529044,2800530387,15949,1343
29578.558533,2800538631,2800540005,15964,1374
29578.568332,2800548295,2800549669,15860,1374
29578.579566,2800557946,2800559324,15938,1378
29578.588329,2800567587,2800568962,15966,1375
29578.600330,2800577207,2800578586,15860,1379
29578.611126,2800586852,2800588223,15945,1371
29578.620332,2800596695,2800598063,15967,1368
29578.632163,2800606340,2800607684,15812,1344
29578.642689,2800615972,2800617350,15960,1378
29578.652330,2800625607,2800626982,15964,1375
29578.663726,2800635270,2800636648,15862,1378
29578.672335,2800644935,2800646305,15939,1370
29578.684330,2800654547,2800655917,15969,1370
29578.695287,2800664178,2800665558,15859,1380
29578.704329,2800673843,2800675214,15938,1371
29578.716330,2800683501,2800684870,16000,1369
29578.726844,2800693136,2800694508,15833,1372
29578.736332,2800702770,2800704137,15846,1367
29578.747891,2800712408,2800713787,15966,1379
29578.758404,2800722082,2800723459,15830,1377
29578.768333,2800731773,2800733145,15949,1372
29578.779453,2800741418,2800742792,15964,1374
29578.788326,2800751061,2800752434,15935,1373
29578.800328,2800760726,2800762095,16030,1369
29578.811012,2800770372,2800771745,16053,1373
29578.820328,2800780055,2800781426,15922,1371
29578.832046,2800789684,2800791054,16007,1370
29578.842572,2800799323,2800800696,16038,1373
29578.852327,2800808986,2800810360,15924,1374
29578.863606,2800818653,2800820027,16031,1374
29578.872331,2800828300,2800829668,16055,1368
29578.884329,2800837954,2800839322,15997,1368
29578.895167,2800847612,2800848982,15945,1370
29578.904329,2800857301,2800858674,15964,1373
29578.916203,2800866944,2800868319,15836,1375
29578.926729,2800876591,2800877963,15935,1372
29578.936335,2800886211,2800887579,15958,1368
29578.947763,2800895858,2800897230,15831,1372
29578.956329,2800905499,2800906873,15944,1374
29578.968328,2800915147,2800916515,15968,1368
29578.979324,2800924780,2800926153,15835,1373
29578.988329,2800934449,2800935823,15960,1374
29579.000329,2800944114,2800945492,15970,1378
29579.010884,2800953778,2800955154,15921,1376
29579.020331,2800963443,2800964816,16026,1373
29579.031931,2800973093,2800974466,16061,1373
29579.042445,2800982747,2800984123,15925,1376
29579.052327,2800992414,2800993790,16036,1376
29579.063491,2801002088,2801003462,16053,1374
29579.072331,2801011741,2801013108,15916,1367
29579.084329,2801021378,2801022746,15937,1368
29579.095052,2801031006,2801032374,16058,1368
29579.104329,2801040748,2801042122,15917,1374
29579.116086,2801050371,2801051740,16028,1369
29579.126613,2801060252,2801061624,16043,1372
29579.136330,2801069910,2801071285,15838,1375
29579.147646,2801079568,2801080942,15944,1374
29579.156328,2801089201,2801090573,15966,1372
29579.168328,2801098847,2801100217,15853,1370
29579.179204,2801108472,2801109844,15888,1372
29579.188328,2801118121,2801119490,15952,1369
29579.200243,2801127760,2801129127,15836,1367
29579.210767,2801137387,2801138755,15948,1368
29579.220327,2801147014,2801148382,15995,1368
29579.231811,2801156638,2801158015,16002,1377
29579.240333,2801166284,2801167657,15978,1373
29579.252330,2801175955,2801177332,16054,1377
29579.263364,2801185629,2801187006,15924,1377
29579.272329,2801195312,2801196702,16025,1390
29579.284328,2801204973,2801206342,16045,1369
29579.294924,2801214618,2801215993,15922,1375
29579.304330,2801224270,2801225640,16036,1370
29579.315971,2801233920,2801235289,16055,1369
29579.327982,2801244794,2801246166,15904,1372
29579.338515,2801254485,2801255861,15965,1376
29579.348330,2801264145,2801265520,15907,1375
29579.359549,2801273773,2801275147,16011,1374
29579.368331,2801283437,2801284809,16057,1372
29579.380333,2801293071,2801294448,15989,1377
29579.391110,2801302702,2801304071,16035,1369
29579.400334,2801312528,2801313901,16055,1373
29579.412149,2801322168,2801323542,15951,1374
29579.422670,2801331824,2801333198,16035,1374
29579.432328,2801341528,2801342901,16061,1373
29579.443706,2801351167,2801352546,15920,1379
29579.452329,2801360807,2801362183,16037,1376
29579.464333,2801370484,2801371854,15966,1370
29579.475267,2801380142,2801381518,15837,1376
29579.484334,2801389773,2801391142,15961,1369
29579.496314,2801399417,2801400789,15963,1372
29579.506828,2801409066,2801410435,15823,1369
29579.516328,2801418723,2801420099,15945,1376
29579.527875,2801428355,2801429728,15966,1373
29579.538388,2801438021,2801439396,15834,1375
29579.548328,2801447663,2801449033,15946,1370
29579.559434,2801457316,2801458691,15968,1375
29579.568330,2801466944,2801468312,15829,1368
29579.580328,2801476612,2801477955,15849,1343
29579.590995,2801486241,2801487612,15966,1371
29579.600328,2801495907,2801497276,15837,1369
29579.612030,2801505569,2801506941,15946,1372
29579.622556,2801515234,2801516608,15968,1374
29579.632328,2801524897,2801526267,15849,1370
29579.643589,2801534562,2801535931,15946,1369
29579.652333,2801544226,2801545594,15965,1368
29579.664334,2801553877,2801555248,15835,1371
29579.675151,2801563508,2801564883,15947,1375
29579.684333,2801573067,2801574441,15956,1374
29579.696187,2801582739,2801584110,15835,1371
29579.706711,2801592371,2801593743,15945,1372
29579.716327,2801601982,2801603352,15959,1370
29579.727754,2801611615,2801612983,15911,1368
29579.736332,2801621280,2801622649,15944,1369
29579.748331,2801630897,2801632266,15966,1369
29579.759307,2801640558,2801641931,15832,1373
29579.768336,2801650207,2801651576,15945,1369
29579.780328,2801659862,2801661230,15969,1368
29579.790867,2801669488,2801670864,15911,1376
29579.800333,2801679119,2801680494,15971,1375
29579.811914,2801688781,2801690151,16055,1370
29579.822429,2801698423,2801699797,15920,1374
29579.832328,2801708097,2801709471,16052,1374
29579.843475,2801717749,2801719124,16049,1375
29579.852329,2801727416,2801728785,15924,1369
29579.864332,2801737056,2801738424,16029,1368
29579.875035,2801746711,2801748084,16049,1373
29579.884329,2801756373,2801757752,15919,1379
29579.896069,2801766052,2801767422,16030,1370
29579.906596,2801775569,2801776937,15968,1368
29579.916329,2801785187,2801786557,15833,1370
29579.927629,2801794827,2801796201,15853,1374
29579.936328,2801804449,2801805824,15965,1375
29579.948328,2801814161,2801815532,15833,1371
29579.959190,2801823808,2801825183,15944,1375
29579.968331,2801833509,2801834885,15969,1376
29579.980227,2801843151,2801844525,15851,1374
29579.990751,2801852790,2801854156,15930,1366
29580.000327,2801862487,2801863865,15957,1378
29580.011787,2801872140,2801873512,15836,1372
29580.020331,2801881802,2801883172,15940,1370
29580.032330,2801891454,2801892823,15952,1369
29580.043347,2801901100,2801902472,15828,1372
29580.052332,2801910766,2801912140,15942,1374
29580.064328,2801920412,2801921755,15971,1343
29580.074915,2801930022,2801931396,15899,1374
29580.084328,2801939676,2801941047,15950,1371
29580.095954,2801949372,2801950745,15964,1373
29580.106469,2801959022,2801960405,15838,1383
29580.116328,2801968691,2801970059,15944,1368
29580.127514,2801978334,2801979707,15969,1373
29580.136331,2801987968,2801989336,15833,1368
29580.148336,2801997438,2801998807,15959,1369
29580.159075,2802007109,2802008490,15961,1381
29580.168328,2802016862,2802018235,15838,1373
29580.180111,2802026502,2802027870,15961,1368
29580.190635,2802036179,2802037552,15967,1373
29580.200328,2802045812,2802047180,15836,1368
29580.211670,2802055465,2802056837,15942,1372
29580.220327,2802065126,2802066495,15964,1369
29580.232332,2802074800,2802076176,15835,1376
29580.243230,2802084466,2802085835,15942,1369
29580.252329,2802094122,2802095492,15981,1370
29580.264269,2802103733,2802105101,15860,1368
29580.274790,2802113396,2802114771,15841,1375
29580.284327,2802123082,2802124452,15965,1370
29580.295827,2802132729,2802134103,15837,1374
29580.306351,2802142367,2802143752,15946,1385
29580.316328,2802152008,2802153386,15961,1378
29580.327387,2802161655,2802163025,15852,1370
29580.336328,2802171313,2802172686,15939,1373
29580.348328,2802181037,2802182405,15978,1368
29580.358948,2802190745,2802192123,15838,1378
29580.368329,2802200477,2802201851,15944,1374
29580.379995,2802210169,2802211542,15942,1373
29580.390508,2802219851,2802221230,15831,1379
29580.400328,2802229557,2802230930,15947,1373
29580.411555,2802239290,2802240667,15969,1377
29580.420330,2802248963,2802250331,15913,1368
29580.432330,2802258623,2802259996,15946,1373
29580.443115,2802268266,2802269637,15968,1371
29580.452327,2802277980,2802279349,15833,1369
29580.464149,2802287615,2802288984,15946,1369
29580.474674,2802297271,2802298644,15966,1373
29580.484331,2802306924,2802308294,15836,1370
29580.495710,2802316599,2802317968,15948,1369
29580.504335,2802326279,2802327654,15969,1375
29580.516327,2802335924,2802337298,15859,1374
29580.527272,2802345573,2802346941,15960,1368
29580.536329,2802355222,2802356595,15964,1373
29580.548307,2802364888,2802366262,15836,1374
29580.558831,2802374566,2802375939,15943,1373
29580.568329,2802384221,2802385589,15965,1368
29580.579867,2802393875,2802395249,15831,1374
29580.590392,2802403529,2802404900,15949,1371
29580.600333,2802413156,2802414531,15964,1375
29580.611427,2802422828,2802424198,15831,1370
29580.620330,2802432517,2802433888,15851,1371
29580.632329,2802442168,2802443547,15956,1379
29580.642988,2802451694,2802452953,15792,1259
29580.652330,2802460675,2802461807,15582,1132
29580.664035,2802468693,2802469798,15359,1105
29580.674548,2802476417,2802477502,15101,1085
29580.684333,2802484004,2802485072,14922,1068
29580.695595,2802491415,2802492427,14737,1012
29580.704329,2802498694,2802499658,14594,964
29580.716328,2802505724,2802506614,14415,890
29580.727156,2802512567,2802513449,14332,882
29580.736330,2802519303,2802520183,14090,880
29580.748189,2802525893,2802526774,14187,881
29580.758717,2802532347,2802533219,14159,872
29580.768331,2802538635,2802539510,14121,875
29580.779751,2802544883,2802545750,14075,867
29580.788333,2802551102,2802551967,14030,865
29580.800328,2802557447,2802558324,14021,877
29580.811311,2802563615,2802564490,14102,875
29580.820328,2802569960,2802570835,14239,875
29580.832332,2802576328,2802577204,14107,876
29580.842873,2802582897,2802583777,14311,880
29580.852328,2802589639,2802590526,14403,887
29580.863910,2802596583,2802597545,14556,962
29580.874432,2802603696,2802604688,14722,992
29580.884332,2802611075,2802612098,14929,1023
29580.895470,2802618559,2802619643,15058,1084
29580.904329,2802626240,2802627343,15310,1103
29580.916331,2802634098,2802635219,15567,1121
29580.927030,2802642439,2802643617,15710,1178
29580.936331,2802651836,2802653184,15957,1348
29580.948076,2802661466,2802662806,15962,1340
29580.960086,2802672286,2802673654,15908,1368
29580.970618,2802681908,2802683277,16023,1369
29580.980329,2802691556,2802692893,15828,1337
29580.991653,2802701111,2802702435,15951,1324
29581.000332,2802710652,2802711996,15967,1344
29581.012334,2802720259,2802721626,15811,1367
29581.023215,2802729888,2802731255,15959,1367
29581.032327,2802739569,2802740939,15971,1370
29581.044253,2802749181,2802750556,15852,1375
29581.054774,2802758835,2802760205,15947,1370
29581.064327,2802768485,2802769860,15969,1375
29581.075810,2802778144,2802779512,15811,1368
29581.086335,2802787799,2802789172,15946,1373
29581.096330,2802797455,2802798828,15990,1373
29581.107370,2802807090,2802808457,15808,1367
29581.116330,2802816742,2802818115,15843,1373
29581.128329,2802826392,2802827763,15973,1371
29581.138931,2802836021,2802837410,15830,1389
29581.148330,2802845703,2802847074,15939,1371
29581.159978,2802855343,2802856717,15966,1374
29581.170495,2802865045,2802866421,15872,1376
29581.180328,2802874681,2802876050,15937,1369
29581.191539,2802884316,2802885686,15971,1370
29581.200329,2802893970,2802895340,15835,1370
29581.212328,2802903593,2802904960,15920,1367
29581.223099,2802913232,2802914604,15955,1372
29581.232327,2802922987,2802924362,15861,1375
29581.244133,2802932637,2802934008,15937,1371
29581.254659,2802942275,2802943651,15971,1376
29581.264328,2802951940,2802953310,15897,1370
29581.275694,2802961594,2802962962,15920,1368
29581.284334,2802971255,2802972633,15967,1378
29581.296331,2802980914,2802982283,15832,1369
29581.307254,2802990545,2802991912,15943,1367
29581.316328,2803000342,2803001711,15966,1369
29581.328290,2803009993,2803011371,15832,1378
29581.338814,2803019675,2803021051,15946,1376
29581.348333,2803029322,2803030697,15970,1375
29581.359850,2803038979,2803040353,15831,1374
29581.370377,2803048632,2803050013,15953,1381
29581.380331,2803058113,2803059369,15954,1256
29581.391411,2803067442,2803068701,15813,1259
29581.400327,2803076703,2803077879,15759,1176
29581.412332,2803085732,2803086964,15958,1232
29581.422972,2803094925,2803096179,15821,1254
29581.432328,2803104209,2803105460,15933,1251
29581.444018,2803113519,2803114729,15955,1210
29581.454531,2803122748,2803123955,15806,1207
29581.464329,2803132164,2803133393,15755,1229
29581.475580,2803141659,2803142916,15906,1257
29581.484327,2803151158,2803152388,15839,1230
29581.496332,2803160458,2803161831,15857,1373
29581.507139,2803170059,2803171433,16041,1374
29581.516332,2803179656,2803180905,15774,1249
29581.528176,2803189145,2803190518,15939,1373
29581.538701,2803198793,2803199997,15957,1204
29581.548329,2803208053,2803209424,15747,1371
29581.559733,2803217564,2803218938,15849,1374
29581.568328,2803227174,2803228549,15959,1375
29581.580333,2803236819,2803238081,15827,1262
29581.591291,2803246289,2803247663,15885,1374
29581.600328,2803255895,2803257146,15851,1251
29581.612330,2803265250,2803266621,15841,1371
29581.622854,2803274842,2803276077,15882,1235
29581.632331,2803284224,2803285598,15920,1374
29581.643893,2803293691,2803295066,15764,1375
29581.654414,2803303317,2803304545,15907,1228
29581.664329,2803312816,2803314186,15971,1370
29581.675453,2803322409,2803323641,15796,1232
29581.684335,2803331900,2803333107,15875,1207
29581.696329,2803341345,2803342713,15952,1368
29581.707014,2803350932,2803352311,15858,1379
29581.716329,2803360541,2803361797,15835,1256
29581.728058,2803370045,2803371415,15983,1370
29581.738572,2803379655,2803380883,15707,1228
29581.748327,2803389095,2803390351,15832,1256
29581.759619,2803398454,2803399831,15879,1377
29581.768333,2803408046,2803409421,15947,1375
29581.780329,2803417400,2803418774,15850,1374
29581.791180,2803427016,2803428248,15924,1232
29581.800329,2803436478,2803437732,15794,1254
29581.812211,2803445988,2803447248,15729,1260
29581.822740,2803455475,2803456847,15979,1372
29581.832328,2803465087,2803466317,15795,1230
29581.843773,2803474436,2803475811,15903,1375
29581.852330,2803484056,2803485426,15948,1370
29581.864330,2803493521,2803494895,15754,1374
29581.875333,2803503125,2803504381,15855,1256
29581.884329,2803512484,2803513856,15887,1372
29581.896329,2803522120,2803523488,15849,1368
29581.906896,2803531710,2803533078,16047,1368
29581.916333,2803541330,2803542708,16058,1378
29581.927931,2803550908,2803552283,15920,1375
29581.938455,2803560407,2803561785,15858,1378
29581.948334,2803570012,2803571268,15947,1256
29581.959498,2803579538,2803580794,15810,1256
29581.968329,2803588896,2803590272,15854,1376
29581.980334,2803598536,2803599909,15995,1373
29581.991054,2803608033,2803609409,15771,1376
29582.000334,2803617719,2803618975,15893,1256
29582.012098,2803627053,2803628427,15941,1374
29582.022612,2803636677,2803638047,15836,1370
29582.032328,2803646160,2803647536,15861,1376
29582.043659,2803655597,2803656857,15959,1260
29582.052327,2803665005,2803666372,15811,1367
29582.064328,2803674598,2803675968,15933,1370
29582.075219,2803684114,2803685487,15968,1373
29582.084333,2803693620,2803694995,15783,1375
29582.096253,2803703216,2803704469,15812,1253
29582.106778,2803712668,2803714038,15951,1370
29582.116336,2803722233,2803723460,15743,1227
29582.127810,2803731722,2803732958,15859,1236
29582.136334,2803741088,2803742461,15971,1373
29582.148332,2803750733,2803752106,15858,1373
29582.159372,2803760336,2803761709,15955,1373
29582.168327,2803769939,2803771310,15959,1371
29582.180333,2803779408,2803780779,15775,1371
29582.190934,2803789038,2803790267,15876,1229
29582.200335,2803798414,2803799782,15875,1368
29582.211973,2803808016,2803809247,15808,1231
29582.222495,2803817371,2803818744,15896,1373
29582.232327,2803826855,2803828231,15952,1376
29582.243534,2803836344,2803837719,15820,1375
29582.252329,2803845959,2803847191,15787,1232
29582.264329,2803855286,2803856664,15966,1378
29582.275094,2803864906,2803866284,15947,1378
29582.284328,2803874562,2803875817,15830,1255
29582.296140,2803884074,2803885312,15916,1238
29582.306660,2803893448,2803894817,15812,1369
29582.316331,2803903069,2803904324,15888,1255
29582.327699,2803912457,2803913717,15874,1260
29582.336326,2803921962,2803923220,15777,1258
29582.348331,2803931473,2803932844,15892,1371
29582.359259,2803940964,2803942336,15881,1372
29582.368331,2803950454,2803951834,15765,1380
29582.380294,2803959975,2803961350,15880,1375
29582.390821,2803969677,2803971051,16012,1374
29582.400327,2803979174,2803980544,15753,1370
29582.411854,2803988788,2803990132,15924,1344
29582.422380,2803998287,2803999662,15944,1375
29582.432328,2804007788,2804009043,15809,1255
29582.443415,2804017278,2804018658,15935,1380
29582.452330,2804026864,2804028241,15959,1377
29582.464331,2804036481,2804037857,15962,1376
29582.474974,2804045995,2804047364,15887,1369
29582.484334,2804055627,2804057000,15954,1373
29582.496010,2804065255,2804066486,15727,1231
29582.506535,2804074633,2804076009,15740,1376
29582.516332,2804084194,2804085561,15877,1367
29582.527571,2804093824,2804095078,15756,1254
29582.536333,2804103159,2804104533,15868,1374
29582.548331,2804112743,2804114116,15958,1373
29582.559134,2804122275,2804123650,15775,1375
29582.568328,2804131911,2804133285,15871,1374
29582.580179,2804141513,2804142745,15931,1232
29582.590682,2804150893,2804152159,15671,1266
29582.600327,2804160259,2804161633,15819,1374
29582.611739,2804169857,2804171227,15955,1370
29582.620336,2804179447,2804180703,15835,1256
29582.632331,2804188798,2804190166,15854,1368
29582.643299,2804198302,2804199676,15915,1374
29582.652330,2804207812,2804209179,15858,1367
29582.664334,2804217395,2804218765,15935,1370
29582.674862,2804227012,2804228271,15862,1259
29582.684330,2804236495,2804237725,15838,1230
29582.695894,2804245813,2804247188,15889,1375
29582.706420,2804255364,2804256737,15887,1373
29582.716331,2804264963,2804266342,15864,1379
29582.727455,2804274454,2804275827,15852,1373
29582.736330,2804284041,2804285413,15949,1372
29582.748330,2804293627,2804294886,15817,1259
29582.759016,2804303007,2804304381,15883,1374
29582.768329,2804312701,2804313932,15934,1231
29582.780054,2804322181,2804323440,15818,1259
29582.790572,2804331681,2804332935,15848,1254
29582.800331,2804341217,2804342586,15977,1369
29582.811612,2804350871,2804352131,15782,1260
29582.820327,2804360396,2804361770,15939,1374
29582.832334,2804370018,2804371267,15924,1249
29582.843174,2804379497,2804380870,15863,1373
29582.852331,2804389146,2804390401,15828,1255
29582.864221,2804398626,2804399882,15867,1256
29582.874732,2804408086,2804409318,15777,1232
29582.884335,2804417538,2804418907,15936,1369
29582.895779,2804426998,2804428370,15968,1372
29582.904328,2804436603,2804437971,15955,1368
29582.916331,2804446127,2804447503,15885,1376
29582.927338,2804455734,2804457101,15953,1367
29582.936335,2804465331,2804466585,15799,1254
29582.948330,2804474701,2804476070,15834,1369
29582.958902,2804484335,2804485594,15927,1259
29582.968329,2804493863,2804495093,15787,1230
29582.979931,2804503360,2804504614,15775,1254
29582.990460,2804512733,2804514102,15881,1369
29583.000329,2804522247,2804523622,15843,1375
29583.011494,2804531902,2804533134,15889,1232
29583.020334,2804541348,2804542584,15916,1236
29583.032332,2804550840,2804552216,15960,1376
29583.043055,2804560442,2804561672,15850,1230
29583.052334,2804570014,2804571385,15993,1371
29583.064091,2804579605,2804580975,15926,1370
29583.074615,2804589228,2804590458,15771,1230
29583.084327,2804598678,2804599938,15963,1260
29583.095654,2804608055,2804609429,15797,1374
29583.104334,2804617564,2804618939,15817,1375
29583.116330,2804627043,2804628418,15894,1375
29583.127214,2804636675,2804637909,15740,1234
29583.136327,2804646185,2804647443,15875,1258
29583.148258,2804655554,2804656932,15898,1378
29583.158775,2804665159,2804666527,15865,1368
29583.168331,2804674641,2804676016,15822,1375
29583.179818,2804684141,2804685509,15870,1368
29583.188334,2804693648,2804695022,15806,1374
29583.200332,2804703264,2804704544,15735,1280
29583.211382,2804712814,2804714075,15922,1261
29583.220333,2804722255,2804723627,15815,1372
29583.232330,2804731798,2804733167,15861,1369
29583.242940,2804741411,2804742785,15943,1374
29583.252332,2804750878,2804752252,15831,1374
29583.263974,2804760531,2804761763,15908,1232
29583.274503,2804769972,2804771234,15891,1262
29583.284328,2804779462,2804780718,15791,1256
29583.295532,2804788962,2804790218,15826,1256
29583.304330,2804798327,2804799698,15973,1371
29583.316328,2804807951,2804809320,15854,1369
29583.327095,2804817433,2804818808,15822,1375
29583.336334,2804827090,2804828466,15893,1376
29583.348139,2804836565,2804837940,15837,1375
29583.358655,2804846096,2804847466,15927,1370
29583.368329,2804855610,2804856980,15917,1370
29583.379694,2804865095,2804866465,15797,1370
29583.388331,2804874686,2804875915,15905,1229
29583.400331,2804884031,2804885408,15898,1377
29583.411257,2804893324,2804894702,15796,1378
29583.420329,2804902849,2804904225,15934,1376
29583.432300,2804912402,2804913777,15911,1375
29583.442815,2804921896,2804923266,15787,1370
29583.452332,2804931506,2804932881,15932,1375
29583.463858,2804941087,2804942463,15948,1376
29583.474376,2804950691,2804952060,15942,1369
29583.484328,2804960159,2804961537,15910,1378
29583.495420,2804969750,2804971005,15918,1255
29583.504328,2804979238,2804980497,15766,1259
29583.516332,2804988704,2804990071,15938,1367
29583.526980,2804998207,2804999468,15871,1261
29583.536327,2805007640,2805009018,15810,1378
29583.548013,2805017172,2805018542,15779,1370
29583.558540,2805026765,2805028139,15964,1374
29583.568336,2805036265,2805037643,15755,1378
29583.579574,2805045889,2805047096,15888,1207
29583.588330,2805055173,2805056540,15880,1367
29583.600329,2805064680,2805066050,15754,1370
29583.611132,2805074327,2805075713,15905,1386
29583.620328,2805083986,2805085247,15850,1261
29583.632172,2805093441,2805094673,15810,1232
29583.642695,2805102822,2805104193,15947,1371
29583.652329,2805112467,2805113775,15905,1308
29583.663734,2805121926,2805123300,15838,1374
29583.672330,2805131525,2805132899,15921,1374
29583.684328,2805140997,2805142251,15872,1254
29583.695300,2805150501,2805151875,15916,1374
29583.704328,2805159920,2805161293,15856,1373
29583.716332,2805169557,2805170932,16041,1375
29583.726856,2805179058,2805180434,15793,1376
29583.736331,2805188691,2805190069,15999,1378
29583.747898,2805198203,2805199572,15877,1369
29583.758416,2805207683,2805209062,15761,1379
29583.768333,2805217310,2805218568,15832,1258
29583.779461,2805226846,2805228075,15847,1229
29583.788330,2805236299,2805237531,15849,1232
29583.800332,2805245781,2805247036,15850,1255
29583.811021,2805255306,2805256511,15922,1205
29583.820331,2805264687,2805266055,15771,1368
29583.832056,2805274328,2805275703,15925,1375
29583.842583,2805283993,2805285252,15959,1259
29583.852330,2805293492,2805294746,15719,1254
29583.863615,2805302868,2805304239,15833,1371
29583.872330,2805312385,2805313759,15906,1374
29583.884331,2805321894,2805323274,15767,1380
29583.895173,2805331395,2805332775,15815,1380
29583.904328,2805340836,2805342210,15883,1374
29583.916214,2805350342,2805351720,15802,1378
29583.926735,2805359979,2805361212,15872,1233
29583.936327,2805369474,2805370852,15968,1378
29583.947772,2805379077,2805380354,15729,1277
29583.956330,2805388499,2805389877,15884,1378
29583.968331,2805398092,2805399464,15960,1372
29583.979335,2805407621,2805408999,15779,1378
29583.988328,2805417166,2805418398,15845,1232
29584.000330,2805426664,2805428036,15956,1372
29584.010893,2805436300,2805437557,15748,1257
29584.020331,2805445765,2805447142,15932,1377
29584.031942,2805455309,2805456566,15899,1257
29584.042461,2805464848,2805466085,15783,1237
29584.052335,2805474397,2805475608,15818,1211
29584.063500,2805483719,2805484979,15987,1260
29584.072331,2805493243,2805494476,15771,1233
29584.084327,2805502719,2805504098,16006,1379
29584.095064,2805512328,2805513584,15992,1256
29584.104329,2805521895,2805523128,15693,1233
29584.116092,2805531394,2805532626,15835,1232
29584.126621,2805540815,2805542190,15891,1375
29584.136331,2805550424,2805551680,15718,1256
29584.147656,2805559944,2805561321,16025,1377
29584.156332,2805569445,2805570816,15888,1371
29584.168329,2805578894,2805580264,15802,1370
29584.179215,2805588406,2805589778,15864,1372
29584.188328,2805598005,2805599237,15949,1232
29584.200252,2805607490,2805608860,15828,1370
29584.210778,2805617105,2805618480,15930,1375
29584.220331,2805626711,2805627968,15898,1257
29584.231812,2805636215,2805637446,15714,1231
29584.242335,2805645742,2805647111,15952,1369
29584.252331,2805655244,2805656634,15889,1390
29584.263375,2805664863,2805666124,15786,1261
29584.272329,2805674382,2805675612,15844,1230
29584.284331,2805683866,2805685104,15932,1238
29584.294932,2805693343,2805694573,15699,1230
29584.304333,2805702820,2805704051,15799,1231
29584.315980,2805712300,2805713559,15869,1259
29584.326493,2805721834,2805723091,15827,1257
29584.336333,2805731335,2805732591,15857,1256
29584.347541,2805740747,2805742123,15915,1376
29584.356333,2805750380,2805751641,15720,1261
29584.368335,2805759898,2805761131,15850,1233
29584.379099,2805769366,2805770738,15952,1372
29584.388330,2805778998,2805780261,15903,1263
29584.400131,2805788505,2805789766,15830,1261
29584.410661,2805797932,2805799192,15988,1260
29584.420330,2805807392,2805808771,15749,1379
29584.431697,2805816951,2805818333,15852,1382
29584.440335,2805826616,2805827991,15990,1375
29584.452328,2805836247,2805837507,15781,1260
29584.463255,2805845701,2805846963,15771,1262
29584.472329,2805855211,2805856471,15872,1260
29584.484295,2805864715,2805865974,15783,1259
29584.494817,2805874211,2805875589,15941,1378
29584.504328,2805883815,2805885073,15872,1258
29584.515852,2805893322,2805894581,15724,1259
29584.526376,2805902820,2805904051,15804,1231
29584.536328,2805912181,2805913554,15877,1373
29584.547416,2805921734,2805923111,15853,1377
29584.556329,2805931331,2805932586,15806,1255
29584.568333,2805940869,2805942125,15930,1256
29584.578976,2805950239,2805951612,15744,1373
29584.588333,2805959842,2805961075,15792,1233
29584.600020,2805969319,2805970687,15974,1368
29584.610534,2805978947,2805980207,15726,1260
29584.620332,2805988351,2805989719,15889,1368
29584.631582,2805998084,2805999313,15936,1229
29584.640328,2806007446,2806008815,15767,1369
29584.652335,2806017087,2806018347,15870,1260
29584.663141,2806026600,2806027831,15917,1231
29584.672328,2806035998,2806037376,15784,1378
29584.684175,2806045603,2806046865,15845,1262
29584.694702,2806055095,2806056463,15952,1368
29584.704333,2806064686,2806065945,15816,1259
29584.715735,2806074087,2806075455,15825,1368
29584.724328,2806083589,2806084964,15903,1375
29584.736335,2806093226,2806094456,15795,1230
29584.747295,2806102675,2806103906,15882,1231
29584.756329,2806112198,2806113459,15928,1261
29584.768328,2806121718,2806122927,15782,1209
29584.778853,2806131196,2806132457,15780,1261
29584.788332,2806140574,2806141948,15939,1374
29584.799892,2806150210,2806151469,15750,1259
29584.810416,2806159625,2806160996,15858,1371
29584.820335,2806169154,2806170530,15908,1376
29584.831455,2806178658,2806180028,15803,1370
29584.840332,2806188161,2806189395,15849,1234
29584.852336,2806197542,2806198920,15874,1378
29584.863016,2806207083,2806208462,15797,1379
29584.872329,2806216736,2806217996,15916,1260
29584.884062,2806226268,2806227528,15900,1260
29584.894576,2806235668,2806237039,15778,1371
29584.904327,2806245305,2806246564,15891,1259
29584.915621,2806254789,2806256164,15967,1375
29584.924333,2806264407,2806265691,15823,1284
29584.936332,2806273818,2806275191,15789,1373
29584.947181,2806283349,2806284581,15874,1232
29584.956328,2806292731,2806294107,15796,1376
29584.968214,2806302233,2806303601,15864,1368
29584.978741,2806311745,2806313126,15875,1381
29584.988330,2806321231,2806322599,15777,1368
29584.999775,2806330731,2806332101,15843,1370
29585.008328,2806340360,2806341592,15900,1232
29585.020329,2806349859,2806351115,15741,1256
29585.031336,2806359222,2806360600,15833,1378
29585.040330,2806368880,2806370255,15977,1375
29585.052331,2806378367,2806379744,15774,1377
29585.062896,2806387986,2806389244,15797,1258
29585.072331,2806397503,2806398767,15878,1264
29585.083940,2806407054,2806408423,15904,1369
29585.094456,2806416515,2806417886,15897,1371
29585.104332,2806426015,2806427385,15895,1370
29585.115496,2806435532,2806436912,15746,1380
29585.124328,2806445075,2806446454,15863,1379
29585.136332,2806454552,2806455927,15923,1375
29585.147056,2806464092,2806465460,15828,1368
29585.156327,2806473789,2806475073,15804,1284
29585.168100,2806483346,2806484606,15927,1260
29585.178616,2806492719,2806494093,15835,1374
29585.188327,2806502367,2806503651,15835,1284
29585.199661,2806511829,2806513059,15941,1230
29585.208329,2806521312,2806522688,15830,1376
29585.220331,2806530901,2806532271,15918,1370
29585.231221,2806540518,2806541779,15952,1261
29585.240328,2806549917,2806551292,15748,1375
29585.252255,2806559484,2806560861,15881,1377
29585.262781,2806568977,2806570354,15915,1377
29585.272328,2806578572,2806579951,15780,1379
29585.283813,2806588054,2806589429,15852,1375
29585.294342,2806597571,2806598830,15985,1259
29585.304328,2806607008,2806608383,15744,1375
29585.315373,2806616628,2806617890,15820,1262
29585.324331,2806626130,2806627504,15977,1374
29585.336327,2806635772,2806637024,15705,1252
29585.346936,2806645262,2806646637,15920,1375
29585.356332,2806654773,2806656154,15934,1381
29585.367981,2806664336,2806665714,15824,1378
29585.378497,2806673847,2806675226,15793,1379
29585.388329,2806683535,2806684823,15900,1288
29585.399541,2806693099,2806694474,15919,1375
29585.408330,2806702670,2806704047,15801,1377
29585.420330,2806712342,2806713602,15856,1260
29585.431101,2806721897,2806723158,15850,1261
29585.440328,2806731493,2806732863,15824,1370
29585.452141,2806741189,2806742441,15915,1252
29585.462654,2806750713,2806751970,15793,1257
29585.472330,2806760212,2806761489,15834,1277
29585.483701,2806769724,2806771093,16081,1369
29585.492332,2806779356,2806780735,15961,1379
29585.504330,2806788983,2806790216,15837,1233
29585.515261,2806798326,2806799698,15880,1372
29585.524332,2806807833,2806809206,15819,1373
29585.536295,2806817332,2806818706,15879,1374
29585.546822,2806826976,2806828236,15870,1260
29585.556332,2806836350,2806837557,15703,1207
29585.567855,2806845712,2806847093,15851,1381
29585.578383,2806855347,2806856605,15904,1258
29585.588336,2806864862,2806866145,15752,1283
29585.599417,2806874396,2806875630,15861,1234
29585.608328,2806883881,2806885255,15963,1374
29585.620331,2806893488,2806894861,15863,1373
29585.630977,2806903034,2806904413,15761,1379
29585.640334,2806912639,2806913900,15914,1261
29585.652016,2806921956,2806923332,15869,1376
29585.662536,2806931446,2806932817,15915,1371
29585.672333,2806940989,2806942368,15940,1379
29585.683574,2806950484,2806951715,15706,1231
29585.692328,2806959988,2806961242,15841,1254
29585.704329,2806969406,2806970782,15865,1376
29585.715136,2806979057,2806980295,15827,1238
29585.724331,2806988612,2806989867,15853,1255
29585.736181,2806998098,2806999356,15961,1258
29585.746693,2807007625,2807008881,15736,1256
29585.756330,2807017167,2807018477,15795,1310
29585.767740,2807026621,2807027992,15858,1371
29585.776329,2807036175,2807037546,15790,1371
29585.788329,2807045783,2807047158,15923,1375
29585.799302,2807055281,2807056657,15929,1376
29585.808327,2807064838,2807066210,15772,1372
29585.820329,2807074434,2807075694,15806,1260
29585.830861,2807083888,2807085257,15926,1369
29585.840328,2807093512,2807094773,15734,1261
29585.851898,2807102944,2807104316,15888,1372
29585.862423,2807112598,2807113859,15887,1261
29585.872329,2807122115,2807123346,15766,1231
29585.883453,2807131620,2807132875,15838,1255
29585.892330,2807141109,2807142363,15907,1254
29585.904330,2807150628,2807152005,15853,1377
29585.915016,2807160231,2807161485,15799,1254
29585.924331,2807169774,2807171034,15907,1260
29585.936055,2807179277,2807180537,15708,1260
29585.960332,2807194776,2807195431,12085,655
29585.972131,2807199401,2807200055,11863,654
29585.982645,2807207316,2807208579,15964,1263
29585.992327,2807216847,2807218221,16084,1374
29586.003690,2807226555,2807227928,15995,1373
29586.012327,2807236254,2807237640,15920,1386
29586.024330,2807245995,2807247377,16073,1382
29586.035249,2807255672,2807257049,16007,1377
29586.044328,2807265335,2807266715,15928,1380
29586.056289,2807275010,2807276389,16086,1379
29586.066811,2807284747,2807286116,16009,1369
29586.076327,2807294420,2807295799,15904,1379
29586.087848,2807304122,2807305498,16070,1376
29586.098369,2807313800,2807315170,15995,1370
29586.108328,2807323522,2807324903,15934,1381
29586.119410,2807333224,2807334598,16081,1374
29586.128328,2807342872,2807344156,15910,1284
29586.140329,2807352256,2807353517,15729,1261
29586.150970,2807361669,2807362930,15869,1261
29586.160333,2807371042,2807372304,15812,1262
29586.172004,2807380430,2807381805,15802,1375
29586.182533,2807390080,2807391340,15866,1260
29586.192327,2807399475,2807400850,15824,1375
29586.203565,2807409069,2807410299,15742,1230
29586.212336,2807418485,2807419859,15970,1374
29586.224328,2807428098,2807429331,15811,1233
29586.235125,2807437566,2807438824,15764,1258
29586.244331,2807447041,2807448416,15922,1375
29586.256171,2807456650,2807457910,15822,1260
29586.266687,2807466222,2807467432,15782,1210
29586.276328,2807475624,2807476996,15919,1372
29586.287732,2807485261,2807486521,15827,1260
29586.296330,2807494705,2807496083,15757,1378
29586.308332,2807504261,2807505546,15898,1285
29586.319292,2807513823,2807515105,15878,1282
29586.328328,2807523245,2807524530,15722,1285
29586.340329,2807532810,2807534095,15926,1285
29586.350850,2807542319,2807543693,15921,1374
29586.360331,2807551896,2807553273,15858,1377
29586.371890,2807561536,2807562913,15975,1377
29586.382414,2807571169,2807572427,15895,1258
29586.392329,2807580705,2807581965,15735,1260
29586.403450,2807590132,2807591506,15913,1374
29586.412328,2807599760,2807601023,15855,1263
29586.424328,2807609275,2807610532,15744,1257
29586.435010,2807618705,2807620082,15964,1377
29586.444333,2807628351,2807629607,15853,1256
29586.456044,2807636057,2807637430,15817,1373
29586.468073,2807646962,2807648338,15886,1376
29586.478586,2807656630,2807657891,15753,1261
29586.488329,2807666170,2807667540,15970,1370
29586.499633,2807675711,2807677086,15839,1375
29586.508331,2807685257,2807686626,15774,1369
29586.520330,2807694761,2807696132,15944,1371
29586.531196,2807704395,2807705655,15888,1260
29586.540328,2807713957,2807715241,15783,1284
29586.552232,2807723379,2807724751,15935,1372
29586.562756,2807733020,2807734301,15871,1281
29586.572330,2807742560,2807743841,15727,1281
29586.583793,2807752107,2807753337,15953,1230
29586.592330,2807761603,2807762864,15861,1261
29586.604334,2807771111,2807772489,15943,1378
29586.615353,2807780636,2807782009,15924,1373
29586.624328,2807790239,2807791501,15816,1262
29586.636334,2807799622,2807800998,15774,1376
29586.646913,2807809144,2807810520,15964,1376
29586.656331,2807818649,2807820026,15846,1377
29586.667948,2807828216,2807829589,15783,1373
29586.678474,2807837820,2807839199,15972,1379
29586.688328,2807847409,2807848669,15829,1260
29586.699508,2807856943,2807858206,15819,1263
29586.708331,2807866488,2807867862,15974,1374
29586.720328,2807876028,2807877405,15825,1377
29586.731069,2807885531,2807886900,15811,1369
29586.740327,2807895350,2807896729,15973,1379
29586.752113,2807904847,2807906218,15847,1371
29586.762628,2807914341,2807915719,15825,1378
29586.772329,2807923631,2807925007,15923,1376
29586.783672,2807933248,2807934623,15912,1375
29586.792334,2807942809,2807944180,15743,1371
29586.804328,2807952427,2807953709,15880,1282
29586.815234,2807961930,2807963301,15827,1371
29586.824327,2807971512,2807972881,15753,1369
29586.836273,2807981040,2807982301,15872,1261
29586.846792,2807990464,2807991843,15809,1379
29586.856329,2808000076,2808001357,15786,1281
29586.867833,2808009620,2808010994,16062,1374
29586.878355,2808019141,2808020514,15803,1373
29586.888331,2808028728,2808030108,15753,1380
29586.899392,2808038394,2808039764,15960,1370
29586.908329,2808047907,2808049283,15808,1376
29586.920329,2808057416,2808058795,15798,1379
29586.930951,2808066929,2808068299,15878,1370
29586.940328,2808076557,2808077819,15836,1262
29586.951987,2808086073,2808087355,15810,1282
29586.962513,2808095450,2808096825,15868,1375
29586.972331,2808105152,2808106412,15919,1260
29586.983548,2808114604,2808115972,15759,1368
29586.992330,2808124291,2808125575,15921,1284
29587.004331,2808133826,2808135200,15921,1374
29587.015108,2808143352,2808144728,15839,1376
29587.024329,2808152979,2808154242,15902,1263
29587.036155,2808162480,2808163741,15837,1261
29587.046669,2808172003,2808173259,15790,1256
29587.056330,2808181512,2808182886,15960,1374
29587.067714,2808191170,2808192431,15837,1261
29587.076334,2808200730,2808201992,15798,1262
29587.088329,2808210172,2808211549,15921,1377
29587.099273,2808219769,2808221145,15798,1376
29587.108329,2808229441,2808230725,15757,1284
29587.120312,2808238917,2808240173,15914,1256
29587.130837,2808248461,2808249723,15901,1262
29587.140329,2808257881,2808259254,15785,1373
29587.151873,2808267409,2808268784,15924,1375
29587.162394,2808277000,2808278376,15803,1376
29587.172329,2808286585,2808287967,15742,1382
29587.183435,2808296253,2808297533,15897,1280
29587.192332,2808305702,2808307073,15889,1371
29587.204329,2808315217,2808316592,15775,1375
29587.214993,2808324729,2808326111,15884,1382
29587.224328,2808334270,2808335646,15835,1376
29587.236028,2808343922,2808345186,15794,1264
29587.246556,2808353459,2808354720,15879,1261
29587.256330,2808362947,2808364317,16005,1370
29587.267587,2808372323,2808373698,15725,1375
29587.276332,2808381873,2808383251,15907,1378
29587.288335,2808391387,2808392644,15850,1257
29587.299146,2808400932,2808402189,15781,1257
29587.308330,2808410445,2808411815,15968,1370
29587.320193,2808420097,2808421352,15907,1255
29587.330709,2808429618,2808430898,15755,1280
29587.340328,2808439029,2808440405,15863,1376
29587.351753,2808448698,2808450070,15920,1372
29587.360327,2808458255,2808459634,15768,1379
29587.372332,2808467802,2808469178,15874,1376
29587.383313,2808477346,2808478599,15883,1253
29587.392330,2808486751,2808488127,15762,1376
29587.404336,2808496380,2808497612,15938,1232
29587.414874,2808505799,2808507175,15827,1376
29587.424331,2808515396,2808516770,15948,1374
29587.435915,2808525031,2808526291,15947,1260
29587.446434,2808534454,2808535835,15819,1381
29587.456334,2808544111,2808545420,15726,1309
29587.467476,2808553646,2808554907,15943,1261
29587.476330,2808563183,2808564559,15914,1376
29587.488333,2808572824,2808574086,15733,1262
29587.499033,2808582397,2808583631,15852,1234
29587.508330,2808591824,2808593201,15840,1377
29587.520067,2808601365,2808602742,15831,1377
29587.530594,2808611013,2808612298,15884,1285
29587.540330,2808620588,2808621848,15829,1260
29587.551628,2808630102,2808631384,15760,1282
29587.560328,2808639588,2808640961,15869,1373
29587.572330,2808649243,2808650505,15870,1262
29587.583186,2808658726,2808659984,15806,1258
29587.592328,2808668339,2808669599,15941,1260
29587.604234,2808677870,2808679125,15888,1255
29587.614747,2808687407,2808688668,15818,1261
29587.624330,2808696957,2808698219,15912,1262
29587.635794,2808706511,2808707725,15840,1214
29587.644331,2808715899,2808717274,15793,1375
29587.656329,2808725460,2808726837,15881,1377
29587.667355,2808735081,2808736337,15921,1256
29587.676335,2808744514,2808745769,15811,1255
29587.688329,2808754026,2808755286,15843,1260
29587.698916,2808763584,2808764846,15887,1262
29587.708331,2808773154,2808774415,15851,1261
29587.719953,2808782569,2808783949,15878,1380
29587.730477,2808792200,2808793415,15848,1215
29587.740328,2808801605,2808802981,15781,1376
29587.751515,2808811146,2808812516,15912,1370
29587.760326,2808820739,2808822118,15799,1379
29587.772334,2808830314,2808831684,15784,1370
29587.783074,2808839856,2808841254,15918,1398
29587.792328,2808849658,2808850967,15929,1309
29587.804108,2808859239,2808860495,15801,1256
29587.814635,2808868783,2808870045,15933,1262
29587.824329,2808878217,2808879596,15813,1379
29587.835668,2808887860,2808889120,15840,1260
29587.844334,2808897390,2808898649,15904,1259
29587.856329,2808906829,2808908203,15809,1374
29587.867227,2808916485,2808917746,15806,1261
29587.876332,2808925984,2808927317,15866,1333
29587.888273,2808935469,2808936845,15798,1376
29587.898791,2808945219,2808946598,15855,1379
29587.908334,2808954857,2808956118,15921,1261
29587.919833,2808964375,2808965748,15917,1373
29587.930349,2808973915,2808975286,15760,1371
29587.940327,2808983557,2808984815,15937,1258
29587.951394,2808993085,2808994459,15890,1374
29587.960330,2809002675,2809004049,15727,1374
29587.972333,2809012349,2809013611,15946,1262
29587.982956,2809021856,2809023116,15899,1260
29587.992332,2809031291,2809032570,15712,1279
29588.003994,2809040844,2809042128,15897,1284
29588.014514,2809050286,2809051662,15808,1376
29588.024333,2809059906,2809061217,15786,1311
29588.035557,2809069532,2809070792,15942,1260
29588.044329,2809079035,2809080414,15918,1379
29588.056329,2809088507,2809089881,15797,1374
29588.067114,2809098061,2809099322,15859,1261
29588.076328,2809107635,2809109020,15806,1385
29588.088148,2809117163,2809118542,15780,1379
29588.098676,2809126644,2809127933,15924,1289
29588.108331,2809136103,2809137364,15798,1261
29588.119708,2809145535,2809146907,15785,1372
29588.128330,2809155103,2809156479,15875,1376
29588.140330,2809164764,2809166025,15919,1261
29588.151269,2809174297,2809175671,15967,1374
29588.160329,2809183943,2809185203,15947,1260
29588.172311,2809193422,2809194804,15827,1382
29588.182827,2809203081,2809204348,15829,1267
29588.192329,2809212477,2809213850,15895,1373
29588.203872,2809221997,2809223260,15800,1263
29588.214390,2809231418,2809232795,15761,1377
29588.224328,2809240904,2809242283,15932,1379
29588.235433,2809250419,2809251795,15844,1376
29588.244328,2809259945,2809261322,15747,1377
29588.256329,2809269573,2809270857,15873,1284
29588.266994,2809279090,2809280345,15846,1255
29588.276330,2809288496,2809289871,15743,1375
29588.288033,2809298079,2809299457,15936,1378
29588.298555,2809307632,2809309012,15823,1380
29588.308334,2809317269,2809318553,15788,1284
29588.319595,2809326802,2809328181,15974,1379
29588.328333,2809336441,2809337726,15885,1285
29588.340330,2809345901,2809347279,15807,1378
29588.351154,2809355405,2809356784,15889,1379
29588.360330,2809364850,2809366082,15898,1232
29588.372189,2809374369,2809375749,15855,1380
29588.382714,2809383886,2809385264,15877,1378
29588.392328,2809393519,2809394804,15835,1285
29588.403746,2809403110,2809404366,15808,1256
29588.412335,2809412615,2809413984,15944,1369
29588.424334,2809422158,2809423417,15791,1259
29588.435309,2809431597,2809432977,15739,1380
29588.444333,2809441145,2809442407,15969,1262
29588.456330,2809450543,2809451775,15878,1232
29588.466869,2809459940,2809461308,15802,1368
29588.476333,2809469550,2809470811,15948,1261
29588.487915,2809479081,2809480340,15877,1259
29588.498430,2809488491,2809489862,15813,1371
29588.508331,2809498149,2809499436,15970,1287
29588.519474,2809507672,2809509041,16011,1369
29588.528328,2809517190,2809518567,15740,1377
29588.540331,2809526837,2809528100,15844,1263
29588.551035,2809536258,2809537632,15796,1374
29588.560330,2809545906,2809547280,15952,1374
29588.572073,2809555459,2809556839,15913,1380
29588.582596,2809564808,2809566191,15805,1383
29588.592333,2809574449,2809575707,15787,1258
29588.603636,2809583987,2809585242,15963,1255
29588.612328,2809593437,2809594816,15808,1379
29588.624330,2809603077,2809604452,15856,1375
29588.635196,2809612706,2809614013,15923,1307
29588.644330,2809622156,2809623535,15829,1379
29588.656227,2809631785,2809633165,15842,1380
29588.666754,2809641325,2809642699,15914,1374
29588.676329,2809650980,2809652241,15886,1261
29588.687789,2809660387,2809661763,15739,1376
29588.696330,2809670006,2809671378,15951,1372
29588.708331,2809679640,2809680973,15884,1333
29588.719350,2809689118,2809690488,15785,1370
29588.728332,2809698768,2809700075,15939,1307
29588.740328,2809708376,2809709661,15867,1285
29588.750910,2809717817,2809719195,15810,1378
29588.760327,2809727480,2809728789,15849,1309
29588.771952,2809736949,2809738325,15796,1376
29588.782470,2809746485,2809747864,15791,1379
29588.792332,2809756023,2809757286,15871,1263
29588.803514,2809765466,2809766724,15875,1258
29588.812335,2809775006,2809776291,15759,1285
29588.824332,2809784480,2809785861,15915,1381
29588.835074,2809794004,2809795378,15856,1374
29588.844327,2809803745,2809805121,15752,1376
29588.856116,2809813362,2809814674,15902,1312
29588.866636,2809822903,2809824158,15880,1255
29588.876333,2809832321,2809833577,15791,1256
29588.887675,2809841876,2809843133,15908,1257
29588.896330,2809851371,2809852744,16013,1373
29588.908330,2809861006,2809862290,15754,1284
29588.919235,2809870500,2809871763,15933,1263
29588.928330,2809880039,2809881300,15890,1261
29588.940269,2809889553,2809890932,15866,1379
29588.950794,2809899058,2809900437,15879,1379
29588.960329,2809908692,2809910000,15901,1308
29588.971829,2809918174,2809919551,15750,1377
29588.982354,2809927728,2809929040,15957,1312
29588.992337,2809937226,2809938601,15861,1375
29589.003385,2809946906,2809948164,15766,1258
29589.012331,2809956431,2809957740,15869,1309
29589.024328,2809965943,2809967322,15789,1379
29589.034950,2809975501,2809976871,15784,1370
29589.044333,2809985185,2809986470,15866,1285
29589.055993,2809994715,2809996091,15910,1376
29589.066510,2810004232,2810005609,15803,1377
29589.076327,2810013910,2810015280,15916,1370
29589.087555,2810023472,2810024849,15848,1377
29589.096327,2810033152,2810034402,15712,1250
29589.108331,2810042679,2810044054,16053,1375
29589.119117,2810052317,2810053560,15847,1243
29589.128329,2810061920,2810063180,15711,1260
29589.140156,2810071488,2810072722,15955,1234
29589.150675,2810080871,2810082248,15816,1377
29589.160328,2810090389,2810091761,15744,1372
29589.171715,2810100019,2810101277,15846,1258
29589.180328,2810109542,2810110804,15920,1262
29589.192332,2810118929,2810120304,15780,1375
29589.203275,2810128584,2810129844,15944,1260
29589.212329,2810138010,2810139390,15805,1380
29589.224308,2810147640,2810148872,15806,1232
29589.234836,2810157177,2810158437,15939,1260
29589.244329,2810166722,2810167983,15921,1261
29589.255869,2810176204,2810177578,15855,1374
29589.266396,2810185835,2810187092,15885,1257
29589.276332,2810195371,2810196639,15911,1268
29589.287427,2810204926,2810206211,15780,1285
29589.296328,2810214454,2810215825,15976,1371
29589.308328,2810224035,2810225415,15801,1380
29589.318990,2810233599,2810234980,15788,1381
29589.328334,2810243257,2810244520,15866,1263
29589.340036,2810252778,2810254011,15906,1233
29589.350547,2810262188,2810263447,15786,1259
29589.360328,2810271754,2810273087,15946,1333
29589.371595,2810281272,2810282655,15839,1383
29589.380329,2810290937,2810292247,15738,1310
29589.392328,2810300403,2810301782,16005,1379
29589.403155,2810309962,2810311338,15855,1376
29589.412331,2810319516,2810320894,15820,1378
29589.424196,2810329167,2810330446,15975,1279
29589.434715,2810338644,2810340023,15807,1379
29589.444330,2810348269,2810349557,15719,1288
29589.455755,2810357850,2810359135,15906,1285
29589.464327,2810367396,2810368656,15882,1260
29589.476330,2810376933,2810378241,15747,1308
29589.487317,2810386507,2810387792,15948,1285
29589.496333,2810396051,2810397314,15911,1263
29589.508329,2810405480,2810406860,15794,1380
29589.518875,2810415110,2810416366,15916,1256
29589.528328,2810424592,2810425968,15806,1376
29589.539909,2810434107,2810435485,15785,1378
29589.550434,2810443704,2810445080,15926,1376
29589.560331,2810453265,2810454642,15786,1377
29589.571467,2810462803,2810464088,15726,1285
29589.580331,2810472258,2810473634,15872,1376
29589.592329,2810481892,2810483272,15838,1380
29589.603030,2810491563,2810492827,15748,1264
29589.612328,2810501076,2810502448,15871,1372
29589.624072,2810510632,2810512008,15829,1376
29589.634590,2810520174,2810521553,15744,1379
29589.644333,2810529706,2810531083,15928,1377
29589.655636,2810539360,2810540617,15891,1257
29589.664332,2810548831,2810550211,15762,1380
29589.676329,2810558411,2810559789,15947,1378
29589.687194,2810567951,2810569328,15804,1377
29589.696330,2810577585,2810578964,15864,1379
29589.708235,2810587206,2810588466,15921,1260
29589.718754,2810596625,2810597923,15794,1298
29589.728328,2810606137,2810607512,15782,1375
29589.739794,2810615720,2810617093,15984,1373
29589.748334,2810625276,2810626651,15841,1375
29589.760329,2810634935,2810636223,15719,1288
29589.771357,2810644519,2810645779,15892,1260
29589.780327,2810653998,2810655378,15810,1380
29589.792333,2810663654,2810664962,15807,1308
29589.802916,2810673247,2810674511,15927,1264
29589.812328,2810682823,2810684156,15886,1333
29589.823949,2810692395,2810693771,15836,1376
29589.834476,2810701979,2810703355,15918,1376
29589.844330,2810711546,2810712926,15801,1380
29589.855510,2810721247,2810722629,15855,1382
29589.864331,2810730871,2810732251,15863,1380
29589.876329,2810740480,2810741856,15857,1376
29589.887070,2810750108,2810751394,15810,1286
29589.896328,2810759825,2810761344,16095,1519
29589.908115,2810769569,2810770950,15922,1381
29589.918631,2810779211,2810780468,15764,1257
29589.928329,2810788716,2810789976,15876,1260
29589.939675,2810798181,2810799561,15825,1380
29589.948328,2810807742,2810809120,15832,1378
29589.960332,2810817316,2810818625,15953,1309
29589.971230,2810826892,2810828196,15771,1304
29589.980331,2810836482,2810837857,15870,1375
29589.992276,2810845972,2810847344,15920,1372
29590.002790,2810855524,2810856897,15851,1373
29590.012334,2810865163,2810866420,15845,1257
29590.023835,2810874657,2810875918,15933,1261
29590.034351,2810884163,2810885397,15815,1234
29590.044328,2810893666,2810894973,15749,1307
29590.055395,2810903129,2810904507,15867,1378
29590.064333,2810912777,2810914151,15772,1374
29590.076330,2810922321,2810923689,15920,1368
29590.086956,2810931817,2810933197,15875,1380
29590.096332,2810941392,2810942763,15794,1371
29590.107989,2810950995,2810952328,15809,1333
29590.118516,2810960553,2810961815,15878,1262
29590.128327,2810969988,2810971368,15838,1380
29590.139547,2810979661,2810980974,15819,1313
29590.148332,2810989309,2810990569,15863,1260
29590.160329,2810998830,2811000113,15744,1283
29590.171110,2811008274,2811009650,15911,1376
29590.180333,2811017955,2811019336,15884,1381
29590.192154,2811027587,2811028958,15910,1371
29590.202670,2811037220,2811038499,15806,1279
29590.212333,2811046741,2811048027,15947,1286
29590.223709,2811056265,2811057643,15744,1378
29590.232328,2811065889,2811067265,15891,1376
29590.244335,2811075535,2811076790,15907,1255
29590.255270,2811085004,2811086381,15802,1377
29590.264334,2811094630,2811095896,15876,1266
29590.276314,2811104028,2811105404,15869,1376
29590.286828,2811113581,2811114866,15793,1285
29590.296330,2811123184,2811124541,15806,1357
29590.307874,2811132690,2811134066,15902,1376
29590.318389,2811142238,2811143548,15712,1310
29590.328328,2811151830,2811153210,15934,1380
29590.339436,2811161437,2811162725,15862,1288
29590.348330,2811171011,2811172369,15711,1358
29590.360331,2811180555,2811181814,15807,1259
29590.370996,2811189988,2811191360,15924,1372
29590.380330,2811199617,2811201010,15741,1393
29590.392033,2811209248,2811210629,15887,1381
29590.402556,2811218973,2811220347,16010,1374
29590.412332,2811228592,2811229966,15764,1374
29590.423596,2811238267,2811239529,15986,1262
29590.432327,2811247861,2811249184,15881,1323
29590.444331,2811257519,2811258804,15783,1285
29590.455149,2811267023,2811268284,15799,1261
29590.464336,2811276588,2811277850,15932,1262
29590.476190,2811286036,2811287412,15766,1376
29590.486708,2811295731,2811296994,15812,1263
29590.496327,2811305217,2811306588,15930,1371
29590.507750,2811314767,2811316147,15760,1380
29590.516334,2811324325,2811325694,15898,1369
29590.528329,2811333957,2811335219,15972,1262
29590.539315,2811343394,2811344779,15788,1385
29590.548330,2811353038,2811354324,15824,1286
29590.560335,2811362547,2811363926,16047,1379
29590.570870,2811372210,2811373491,15776,1281
29590.580331,2811381645,2811383027,15885,1382
29590.591917,2811391271,2811392533,15930,1262
29590.602428,2811400762,2811402071,15771,1309
29590.612335,2811410396,2811411731,15803,1335
29590.623475,2811419980,2811421356,15988,1376
29590.632329,2811429591,2811430900,15798,1309
29590.644329,2811439107,2811440484,15817,1377
29590.655036,2811448699,2811449960,15888,1261
29590.664328,2811458233,2811459606,15853,1373
29590.676070,2811467840,2811469213,15916,1373
29590.686595,2811477460,2811478838,16057,1378
29590.696335,2811487123,2811488460,15745,1337
29590.707631,2811496725,2811498059,15871,1334
29590.716336,2811506195,2811507572,15948,1377
29590.728329,2811515855,2811517110,15793,1255
29590.739189,2811525407,2811526694,15786,1287
29590.748328,2811534958,2811536334,15883,1376
29590.760227,2811544628,2811546004,15842,1376
29590.770751,2811554243,2811555523,15825,1280
29590.780331,2811563768,2811565025,15942,1257
29590.791790,2811573281,2811574657,15775,1376
29590.800329,2811582891,2811584262,15831,1371
29590.812331,2811592518,2811593826,15917,1308
29590.823348,2811602075,2811603450,15820,1375
29590.832329,2811611730,2811613038,15777,1308
29590.844328,2811621342,2811622719,15958,1377
29590.854911,2811630953,2811632243,15843,1290
29590.864329,2811640536,2811641913,15909,1377
29590.875955,2811650099,2811651474,15916,1375
29590.886476,2811659770,2811661080,15850,1310
29590.896328,2811669292,2811670682,15819,1390
29590.907516,2811678902,2811680162,15869,1260
29590.916331,2811688406,2811689689,15796,1283
29590.928328,2811697926,2811699212,15879,1286
29590.939075,2811707380,2811708754,15884,1374
29590.948328,2811716989,2811718254,15702,1265
29590.960107,2811726684,2811727970,15804,1286
29590.970639,2811736218,2811737478,15897,1260
29590.980331,2811745795,2811747101,15781,1306
29590.991670,2811755298,2811756677,15815,1379
29591.000328,2811764936,2811766243,15863,1307
29591.012331,2811774500,2811775867,15863,1367
29591.023230,2811784048,2811785422,15863,1374
29591.032330,2811793616,2811794993,15932,1377
29591.044270,2811803287,2811804565,15754,1278
29591.054788,2811812822,2811814130,15788,1308
29591.064329,2811822399,2811823776,15913,1377
29591.075830,2811831980,2811833356,15797,1376
29591.086350,2811841640,2811842900,15726,1260
29591.096328,2811851172,2811852540,15853,1368
29591.107388,2811860693,2811861980,15789,1287
29591.116328,2811870186,2811871561,15807,1375
29591.128329,2811879811,2811881186,16004,1375
29591.138951,2811889445,2811890729,15804,1284
29591.148327,2811898993,2811900349,15801,1356
29591.159996,2811908482,2811909769,15983,1287
29591.170511,2811917995,2811919376,15754,1381
29591.180333,2811927535,2811928914,15853,1379
29591.191558,2811937185,2811938467,15919,1282
29591.200333,2811946718,2811948049,15754,1331
29591.212335,2811956219,2811957495,15917,1276
29591.223115,2811965749,2811967120,16064,1371
29591.232329,2811975443,2811976698,15811,1255
29591.244149,2811984972,2811986281,15831,1309
29591.254678,2811994519,2811995780,15962,1261
29591.264333,2812003911,2812005275,15828,1364
29591.275710,2812013536,2812014821,15838,1285
29591.284329,2812023094,2812024371,15980,1277
29591.296328,2812032636,2812033892,15819,1256
29591.307271,2812042098,2812043357,15883,1259
29591.316328,2812051570,2812052943,15906,1373
29591.328309,2812061163,2812062540,15779,1377
29591.338831,2812070883,2812072167,15826,1284
29591.348335,2812080389,2812081721,15859,1332
29591.359870,2812089966,2812091335,15785,1369
29591.370393,2812099610,2812100868,15853,1258
29591.380329,2812109069,2812110444,15971,1375
29591.391427,2812118694,2812119957,15810,1263
29591.400328,2812128236,2812129516,15823,1280
29591.412329,2812137760,2812139115,15946,1355
29591.422988,2812147389,2812148692,15722,1303
29591.432329,2812156941,2812158319,15780,1378
29591.444035,2812166553,2812167876,15865,1323
29591.454551,2812176109,2812177479,15798,1370
29591.464330,2812185695,2812187072,15941,1377
29591.475595,2812195183,2812196556,15887,1373
29591.484326,2812204792,2812206124,15777,1332
29591.496335,2812214344,2812215721,15839,1377
29591.507156,2812223864,2812225236,15945,1372
29591.516329,2812233455,2812234834,15733,1379
29591.528187,2812243118,2812244427,15849,1309
29591.538716,2812252695,2812254067,15931,1372
29591.548327,2812262213,2812263585,15790,1372
29591.559751,2812271803,2812273087,15882,1284
29591.568333,2812281388,2812282725,15900,1337
29591.580328,2812291007,2812292294,15846,1287
29591.591310,2812300577,2812301859,15884,1282
29591.600335,2812310016,2812311390,16019,1374
29591.612334,2812319659,2812320943,15747,1284
29591.622870,2812329134,2812330508,15882,1374
29591.632329,2812338778,2812340152,15986,1374
29591.643910,2812348398,2812349774,15744,1376
29591.654431,2812358069,2812359337,15826,1268
29591.664328,2812367584,2812368845,15974,1261
29591.675471,2812377087,2812378341,15733,1254
29591.684331,2812386581,2812387834,15823,1253
29591.696335,2812396077,2812397384,15914,1307
29591.707029,2812405657,2812406965,15790,1308
29591.716330,2812415430,2812416691,15801,1261
29591.728076,2812424947,2812426233,15945,1286
29591.738591,2812434440,2812435820,15734,1380
29591.748331,2812444112,2812445472,15824,1360
29591.759637,2812453717,2812455002,15866,1285
29591.768327,2812463231,2812464544,15697,1313
29591.780330,2812472846,2812474219,15744,1373
29591.791199,2812482483,2812483739,15876,1256
29591.800331,2812492043,2812493299,15778,1256
29591.812229,2812501472,2812502839,15824,1367
29591.822759,2812511095,2812512354,15890,1259
29591.832327,2812520558,2812521935,15747,1377
29591.843790,2812530094,2812531468,15885,1374
29591.852333,2812539706,2812540985,15856,1279
29591.864334,2812549218,2812550591,15802,1373
29591.875351,2812558809,2812560187,15826,1378
29591.884331,2812568357,2812569733,15864,1376
29591.896329,2812577862,2812579234,15729,1372
29591.906911,2812587521,2812588782,15872,1261
29591.916331,2812596986,2812598364,15964,1378
29591.927955,2812606626,2812607885,15852,1259
29591.938470,2812616126,2812617411,15886,1285
29591.948329,2812625655,2812626988,15913,1333
29591.959508,2812635280,2812636586,15774,1306
29591.968328,2812644802,2812646181,15853,1379
29591.980333,2812654233,2812655608,15900,1375
29591.991073,2812663892,2812665152,15834,1260
29592.000328,2812673587,2812674960,15877,1373
29592.012118,2812683275,2812684558,15967,1283
29592.022632,2812692804,2812694088,15809,1284
29592.032330,2812702336,2812703712,15852,1376
29592.043675,2812711930,2812713306,15878,1376
29592.052327,2812721520,2812722898,15797,1378
29592.064328,2812731100,2812732435,15853,1335
29592.075236,2812740667,2812742041,15986,1374
29592.084330,2812750327,2812751608,15801,1281
29592.096267,2812759821,2812761080,15868,1259
29592.106799,2812769369,2812770627,15911,1258
29592.116331,2812778891,2812780222,15714,1331
29592.127829,2812788549,2812789811,15749,1262
29592.138357,2812797966,2812799345,15968,1379
29592.148329,2812807646,2812808952,15816,1306
29592.159391,2812817170,2812818544,15807,1374
29592.168334,2812826739,2812828113,15914,1374
29592.180329,2812836407,2812837674,15800,1267
29592.190951,2812845944,2812847229,15827,1285
29592.200335,2812855524,2812856832,15924,1308
29592.211990,2812865045,2812866415,15797,1370
29592.222511,2812874634,2812876008,15879,1374
29592.232328,2812884234,2812885612,15973,1378
29592.243551,2812893859,2812895119,15746,1260
29592.252329,2812903404,2812904760,15783,1356
29592.264329,2812913001,2812914302,15975,1301
29592.275116,2812922487,2812923864,15840,1377
29592.284333,2812932087,2812933422,15855,1335
29592.296156,2812941583,2812942957,15913,1374
29592.306672,2812951177,2812952554,15820,1377
29592.316333,2812960747,2812962121,15846,1374
29592.327715,2812970254,2812971628,15955,1374
29592.336330,2812979893,2812981203,15763,1310
29592.348334,2812989555,2812990888,15842,1333
29592.359276,2812999044,2813000418,15915,1374
29592.368333,2813008625,2813009958,15710,1333
29592.380312,2813018171,2813019544,15835,1373
29592.390837,2813027850,2813029106,15929,1256
29592.400334,2813037336,2813038709,15763,1373
29592.411870,2813046976,2813048259,15883,1283
29592.422400,2813056569,2813057853,16001,1284
29592.432331,2813066032,2813067402,15767,1370
29592.443430,2813075698,2813076954,15800,1256
29592.452337,2813085194,2813086573,15906,1379
29592.464335,2813094837,2813096212,15864,1375
29592.474990,2813104316,2813105695,15810,1379
29592.484330,2813113974,2813115257,15916,1283
29592.496027,2813123431,2813124714,15805,1283
29592.506551,2813133023,2813134330,15781,1307
29592.516331,2813142617,2813143925,15885,1308
29592.527591,2813152190,2813153451,15842,1261
29592.536330,2813161664,2813163035,15816,1371
29592.548331,2813171277,2813172654,16042,1377
29592.559149,2813180880,2813182170,15799,1290
29592.568328,2813190469,2813191846,15848,1377
29592.580198,2813200059,2813201366,15859,1307
29592.590712,2813209680,2813211052,15859,1372
29592.600334,2813219279,2813220654,15883,1375
29592.611755,2813228873,2813230202,15918,1329
29592.620329,2813238465,2813239841,15823,1376
29592.632328,2813248095,2813249470,15931,1375
29592.643316,2813257733,2813259040,15883,1307
29592.652329,2813267410,2813268719,15702,1309
29592.664332,2813276985,2813278246,15836,1261
29592.674879,2813286522,2813287833,15888,1311
29592.684329,2813296095,2813297428,15727,1333
29592.695911,2813305699,2813307073,15844,1374
29592.706437,2813315259,2813316636,15910,1377
29592.716336,2813324869,2813326244,15799,1375
29592.727471,2813334512,2813335887,15845,1375
29592.736330,2813344101,2813345475,15900,1374
29592.748332,2813353703,2813355077,15743,1374
29592.759032,2813363293,2813364571,15853,1278
29592.768332,2813372971,2813374305,15865,1334
29592.780071,2813382538,2813383914,15753,1376
29592.792099,2813393359,2813394618,15879,1259
29592.802615,2813402903,2813404162,15796,1259
29592.812328,2813412473,2813413847,15812,1374
29592.823659,2813422117,2813423497,15928,1380
29592.832329,2813431678,2813433046,15813,1368
29592.844336,2813441238,2813442611,15949,1373
29592.855222,2813450887,2813452147,15977,1260
29592.864328,2813460381,2813461758,15735,1377
29592.876253,2813470044,2813471305,15789,1261
29592.886779,2813479460,2813480837,15918,1377
29592.896335,2813489125,2813490482,15836,1357
29592.907813,2813498759,2813500136,15875,1377
29592.916334,2813508341,2813509715,15895,1374
29592.928334,2813517965,2813519254,15700,1289
29592.939374,2813527462,2813528717,15794,1255
29592.948329,2813536978,2813538258,15981,1280
29592.960330,2813546541,2813547917,15762,1376
29592.970933,2813556199,2813557574,15855,1375
29592.980327,2813565857,2813567196,15917,1339
29592.991974,2813575470,2813576843,15786,1373
29593.002495,2813585114,2813586494,15874,1380
29593.012330,2813594744,2813596027,15879,1283
29593.023534,2813604259,2813605637,15868,1378
29593.032328,2813613881,2813615258,15843,1377
29593.044328,2813623446,2813624823,15930,1377
29593.055094,2813633078,2813634410,15738,1332
29593.064332,2813642779,2813644110,15800,1331
29593.076139,2813652348,2813653655,15869,1307
29593.086652,2813661926,2813663185,15761,1259
29593.096327,2813671451,2813672743,15842,1292
29593.107700,2813681016,2813682276,15954,1260
29593.116336,2813690559,2813691866,15853,1307
29593.128327,2813700105,2813701486,15908,1381
29593.139260,2813709702,2813711071,15911,1369
29593.148328,2813719207,2813720584,15818,1377
29593.160294,2813728859,2813730234,15914,1375
29593.170819,2813738439,2813739812,15884,1373
29593.180327,2813748141,2813749521,15804,1380
29593.191854,2813757712,2813759091,15855,1379
29593.202383,2813767362,2813768648,15892,1286
29593.212327,2813776896,2813778210,15706,1314
29593.223416,2813786478,2813787848,15927,1370
29593.232330,2813796115,2813797471,15934,1356
29593.244328,2813805755,2813807080,15773,1325
29593.254972,2813815379,2813816747,15818,1368
29593.264327,2813825000,2813826331,15956,1331
29593.276014,2813834572,2813835940,15796,1368
29593.286534,2813844161,2813845532,15836,1371
29593.296327,2813853752,2813855088,15926,1336
29593.307571,2813863329,2813864589,15806,1260
29593.316331,2813872840,2813874218,15784,1378
29593.328328,2813882393,2813883770,15907,1377
29593.339132,2813892047,2813893301,15786,1254
29593.348331,2813901694,2813903033,15834,1339
29593.360181,2813911373,2813912632,15933,1259
29593.370695,2813920945,2813922254,15846,1309
29593.380335,2813930428,2813931798,15832,1370
29593.391742,2813940110,2813941426,15908,1316
29593.400331,2813949698,2813951073,15793,1375
29593.412328,2813959288,2813960663,15825,1375
29593.423299,2813968865,2813970242,15958,1377
29593.432333,2813978503,2813979835,15810,1332
29593.444333,2813988082,2813989359,15855,1277
29593.454860,2813997644,2813999026,15967,1382
29593.464329,2814007216,2814008531,15789,1315
29593.475894,2814016846,2814018156,15913,1310
29593.486421,2814026410,2814027788,15867,1378
29593.496327,2814036100,2814037415,15777,1315
29593.507454,2814045702,2814046961,15854,1259
29593.516331,2814055159,2814056545,15920,1386
29593.528332,2814064799,2814066173,15766,1374
29593.539015,2814074457,2814075742,15851,1285
29593.548335,2814083939,2814085312,15907,1373
29593.560054,2814093483,2814094854,15780,1371
29593.570575,2814103104,2814104474,15851,1370
29593.580329,2814112706,2814114080,15913,1374
29593.591616,2814122351,2814123658,15802,1307
29593.600329,2814131918,2814133297,15863,1379
29593.612332,2814141448,2814142756,15938,1308
29593.623172,2814151013,2814152273,15709,1260
29593.632331,2814160487,2814161861,15837,1374
29593.644220,2814170081,2814171454,15896,1373
29593.654735,2814179700,2814181074,15745,1374
29593.664327,2814189283,2814190641,15755,1358
29593.675780,2814198900,2814200209,15907,1309
29593.684334,2814208481,2814209765,15811,1284
29593.696332,2814218068,2814219399,15851,1331
29593.707341,2814227653,2814229022,15954,1369
29593.716328,2814237282,2814238571,15800,1289
29593.728331,2814246755,2814248134,15854,1379
29593.738902,2814256384,2814257645,15857,1261
29593.748329,2814265883,2814267264,15745,1381
29593.759934,2814275572,2814276859,15813,1287
29593.770462,2814285204,2814286575,16056,1371
29593.780331,2814294843,2814296182,15752,1339
29593.791494,2814304347,2814305603,15886,1256
29593.800330,2814313909,2814315218,15965,1309
29593.812328,2814323531,2814324915,15797,1384
29593.823055,2814333187,2814334543,15794,1356
29593.832331,2814342855,2814344239,15933,1384
29593.844094,2814352509,2814353888,15842,1379
29593.854617,2814362126,2814363495,16017,1369
29593.864331,2814371807,2814373147,15931,1340
29593.875655,2814381324,2814382700,15749,1376
29593.884329,2814390904,2814392279,15835,1375
29593.896335,2814400477,2814401861,15977,1384
29593.907215,2814410120,2814411380,15820,1260
29593.916330,2814419706,2814421014,15889,1308
29593.928260,2814429298,2814430559,15936,1261
29593.938773,2814438776,2814440063,15815,1287
29593.948327,2814448392,2814449723,15833,1331
29593.959820,2814457974,2814459252,15951,1278
29593.968329,2814467531,2814468838,15721,1307
29593.980328,2814477074,2814478449,15852,1375
29593.991379,2814486657,2814488037,15872,1380
29594.000327,2814496295,2814497628,15836,1333
29594.012330,2814505872,2814507247,15741,1375
29594.022941,2814515441,2814516816,15924,1375
29594.032332,2814525002,2814526378,15738,1376
29594.043974,2814534670,2814536000,15857,1330
29594.054501,2814544198,2814545459,15900,1261
29594.064330,2814553718,2814555102,15746,1384
29594.075535,2814563315,2814564690,15852,1375
29594.084327,2814572950,2814574258,15950,1308
29594.096336,2814582525,2814583880,15795,1355
29594.107097,2814592142,2814593449,15846,1307
29594.116330,2814601703,2814603062,15883,1359
29594.128135,2814611395,2814612774,15760,1379
29594.138656,2814620934,2814622309,15882,1375
29594.148331,2814630496,2814631874,15890,1378
29594.159698,2814640145,2814641522,15803,1377
29594.168328,2814649819,2814651179,15882,1360
29594.180331,2814659432,2814660742,15914,1310
29594.191255,2814669049,2814670356,15811,1307
29594.200329,2814678608,2814679963,15871,1355
29594.212302,2814688229,2814689536,15911,1307
29594.222815,2814697853,2814699228,15783,1375
29594.232331,2814707533,2814708906,15941,1373
29594.243862,2814717110,2814718393,15948,1283
29594.254374,2814726614,2814727877,15814,1263
29594.264331,2814736083,2814737462,15805,1379
29594.275420,2814745701,2814746963,15904,1262
29594.284330,2814755199,2814756581,15736,1382
29594.296328,2814764770,2814766147,15838,1377
29594.306980,2814774360,2814775738,15877,1378
29594.316327,2814783980,2814785360,15775,1380
29594.328014,2814793581,2814794954,15820,1373
29594.338543,2814803170,2814804435,15901,1265
29594.348327,2814812733,2814814087,15726,1354
29594.359574,2814822400,2814823774,15779,1374
29594.368328,2814832088,2814833447,15899,1359
29594.380330,2814841660,2814843040,15748,1380
29594.391136,2814851279,2814852655,15823,1376
29594.400331,2814860886,2814862266,15897,1380
29594.412174,2814870532,2814871857,15811,1325
29594.422691,2814880020,2814881305,15773,1285
29594.432331,2814889609,2814890975,15889,1366
29594.443734,2814899257,2814900538,15819,1281
29594.452328,2814908740,2814910119,15844,1379
29594.464359,2814918322,2814919696,15919,1374
29594.475295,2814927987,2814929272,15792,1285
29594.484329,2814937588,2814938872,15861,1284
29594.496328,2814947117,2814948427,15960,1310
29594.506862,2814956635,2814958014,15869,1379
29594.516327,2814966292,2814967659,15799,1367
29594.527900,2814975869,2814977245,15932,1376
29594.538417,2814985490,2814986798,15740,1308
29594.548332,2814994998,2814996376,15879,1378
29594.559460,2815004602,2815005976,15889,1374
29594.568330,2815014228,2815015604,15777,1376
29594.580330,2815023881,2815025190,15858,1309
29594.591022,2815033338,2815034601,15944,1263
29594.600329,2815042855,2815044238,15745,1383
29594.612054,2815052495,2815053801,15887,1306
29594.622581,2815062030,2815063408,15903,1378
29594.632330,2815071750,2815073054,15837,1304
29594.643615,2815081372,2815082679,15800,1307
29594.652332,2815090991,2815092300,15898,1309
29594.664332,2815100646,2815101948,15762,1302
29594.675173,2815110184,2815111445,15876,1261
29594.684327,2815119623,2815121003,15900,1380
29594.696214,2815129269,2815130581,15812,1312
29594.706734,2815138944,2815140319,15838,1375
29594.716334,2815148674,2815150009,15891,1335
29594.727773,2815158274,2815159605,15805,1331
29594.736331,2815167898,2815169182,15849,1284
29594.748328,2815177417,2815178797,15988,1380
29594.759335,2815187015,2815188385,15741,1370
29594.768329,2815196697,2815198073,15837,1376
29594.780330,2815206300,2815207677,15944,1377
29594.790896,2815215868,2815217255,15800,1387
29594.800329,2815225400,2815226777,15844,1377
29594.811940,2815235011,2815236302,15869,1291
29594.822456,2815244503,2815245878,15765,1375
29594.832331,2815254211,2815255537,15737,1326
29594.843503,2815263809,2815265090,15958,1281
29594.852327,2815273387,2815274762,15786,1375
29594.864329,2815283013,2815284296,15846,1283
29594.875064,2815292550,2815293832,15966,1282
29594.884330,2815302094,2815303402,15799,1308
29594.896094,2815311701,2815312961,15851,1260
29594.906621,2815321169,2815322549,15904,1380
29594.916327,2815330773,2815332105,15718,1332
29594.927655,2815340410,2815341694,15854,1284
29594.936331,2815349981,2815351290,15988,1309
29594.948328,2815359508,2815360887,15764,1379
29594.972331,2815374078,2815374735,11971,657
29594.983269,2815378629,2815379279,12102,650
29594.992329,2815386015,2815387327,15909,1312
29595.004301,2815395649,2815397023,15833,1374
29595.014826,2815405370,2815406744,15981,1374
29595.024328,2815415068,2815416445,15901,1377
29595.035859,2815424858,2815426238,15788,1380
29595.046388,2815434595,2815435962,15994,1367
29595.056333,2815444288,2815445669,15909,1381
29595.067421,2815454040,2815455419,15845,1379
29595.076330,2815463697,2815465029,15995,1332
29595.088332,2815473292,2815474557,15879,1265
29595.098979,2815482721,2815483987,15727,1266
29595.108327,2815492193,2815493562,15947,1369
29595.120026,2815501863,2815503171,15830,1308
29595.130542,2815511454,2815512813,15803,1359
29595.140330,2815520967,2815522247,15862,1280
29595.151589,2815530516,2815531799,15908,1283
29595.160328,2815540067,2815541376,15799,1309
29595.172334,2815549666,2815550927,15941,1261
29595.183149,2815559226,2815560488,15862,1262
29595.192331,2815568884,2815570193,15797,1309
29595.204187,2815578468,2815579803,15915,1335
29595.214709,2815588100,2815589431,15819,1331
29595.224327,2815597713,2815599045,15787,1332
29595.235746,2815607311,2815608685,15905,1374
29595.244329,2815616822,2815618198,15809,1376
29595.256328,2815626528,2815627908,15856,1380
29595.267307,2815636185,2815637562,15899,1377
29595.276329,2815645765,2815647144,15905,1379
29595.288331,2815655413,2815656716,15782,1303
29595.298868,2815664916,2815666223,15984,1307
29595.308333,2815674419,2815675791,15788,1372
29595.319900,2815684103,2815685364,15777,1261
29595.330429,2815693665,2815695023,15958,1358
29595.340328,2815703320,2815704698,16004,1378
29595.351462,2815712978,2815714354,15814,1376
29595.360329,2815722601,2815723885,15843,1284
29595.372328,2815732205,2815733514,15916,1309
29595.383022,2815741822,2815743125,15746,1303
29595.392329,2815751362,2815752736,15883,1374
29595.404066,2815761091,2815762474,15804,1383
29595.414582,2815770821,2815772102,15750,1281
29595.424328,2815780458,2815781765,15871,1307
29595.435629,2815790120,2815791434,15803,1314
29595.444332,2815799768,2815801152,15743,1384
29595.456330,2815809469,2815810792,15871,1323
29595.467186,2815817378,2815818753,15847,1375
29595.476328,2815827177,2815828556,15766,1379
29595.488225,2815836741,2815838122,15982,1381
29595.498747,2815846337,2815847710,15828,1373
29595.508328,2815855986,2815857349,15709,1363
29595.519789,2815865651,2815866914,15881,1263
29595.528328,2815875189,2815876451,15886,1262
29595.540329,2815884777,2815886060,15761,1283
29595.551346,2815894282,2815895656,15927,1374
29595.560331,2815903897,2815905271,15834,1374
29595.572336,2815913526,2815914896,15783,1370
29595.582910,2815923187,2815924496,15881,1309
29595.592328,2815932801,2815934175,15998,1374
29595.603941,2815942404,2815943780,15757,1376
29595.614467,2815951977,2815953358,15967,1381
29595.624328,2815961655,2815962965,15793,1310
29595.635501,2815971165,2815972545,15747,1380
29595.644327,2815980870,2815982213,15926,1343
29595.656330,2815990470,2815991843,15833,1373
29595.667062,2816000178,2816001550,15815,1372
29595.676329,2816009779,2816011101,15881,1322
29595.688105,2816019295,2816020625,15787,1330
29595.698620,2816028830,2816030206,15778,1376
29595.708328,2816038448,2816039708,15941,1260
29595.719665,2816047698,2816049075,15793,1377
29595.728329,2816057367,2816058743,15775,1376
29595.740329,2816066990,2816068274,15870,1284
29595.751228,2816076621,2816077903,15827,1282
29595.760331,2816086197,2816087575,15833,1378
29595.772264,2816095809,2816097177,15860,1368
29595.782787,2816105349,2816106727,15804,1378
29595.792329,2816114997,2816116333,15829,1336
29595.803825,2816124596,2816125975,15887,1379
29595.814349,2816134270,2816135647,15913,1377
29595.824329,2816143817,2816145125,15804,1308
29595.835385,2816153312,2816154690,15880,1378
29595.844333,2816162885,2816164192,15786,1307
29595.856333,2816172258,2816173635,15770,1377
29595.866950,2816181978,2816183239,15931,1261
29595.876330,2816191512,2816192894,15827,1382
29595.887981,2816201185,2816202446,15779,1261
29595.898508,2816210730,2816212011,15937,1281
29595.908337,2816220204,2816221486,15787,1282
29595.919541,2816229769,2816231076,15758,1307
29595.928328,2816239351,2816240682,15960,1331
29595.940330,2816248944,2816250276,15816,1332
29595.951102,2816258536,2816259910,15858,1374
29595.960327,2816268397,2816269732,15922,1335
29595.972149,2816278024,2816279355,15911,1331
29595.982662,2816287590,2816288966,15738,1376
29595.992335,2816297242,2816298616,15968,1374
29596.003709,2816306883,2816308177,15834,1294
29596.012328,2816316352,2816317731,15830,1379
29596.024328,2816326031,2816327332,15858,1301
29596.035269,2816335631,2816336913,15882,1282
29596.044329,2816345091,2816346466,15730,1375
29596.056306,2816354642,2816356013,16017,1371
29596.066826,2816364203,2816365534,15785,1331
29596.076332,2816373789,2816375104,15735,1315
29596.087866,2816383280,2816384653,15927,1373
29596.098386,2816392823,2816394106,15789,1283
29596.108328,2816402393,2816403765,15960,1372
29596.119426,2816412035,2816413409,15951,1374
29596.128332,2816421587,2816422961,15823,1374
29596.140329,2816431227,2816432601,15871,1374
29596.150986,2816440819,2816442194,15925,1375
29596.160328,2816450408,2816451782,15825,1374
29596.172019,2816460059,2816461316,15785,1257
29596.182548,2816469649,2816470958,15886,1309
29596.192329,2816479111,2816480491,15901,1380
29596.203582,2816488769,2816490144,15872,1375
29596.212332,2816498356,2816499732,15887,1376
29596.224334,2816508004,2816509375,15907,1371
29596.235142,2816517600,2816518974,15789,1374
29596.244332,2816527204,2816528464,15982,1260
29596.256186,2816536709,2816537994,15879,1285
29596.266703,2816546219,2816547598,15794,1379
29596.276329,2816555816,2816557072,15920,1256
29596.287744,2816565346,2816566722,15995,1376
29596.296334,2816575034,2816576359,15744,1325
29596.308328,2816584614,2816585979,15846,1365
29596.319306,2816594155,2816595529,15844,1374
29596.328330,2816603809,2816605186,15871,1377
29596.340329,2816613370,2816614745,15866,1375
29596.350867,2816623026,2816624394,15836,1368
29596.360334,2816632636,2816633947,15829,1311
29596.371906,2816642222,2816643599,16044,1377
29596.382428,2816651879,2816653143,15818,1264
29596.392327,2816661469,2816662847,15859,1378
29596.403465,2816670962,2816672340,15898,1378
29596.412330,2816680587,2816681895,15868,1308
29596.424331,2816690123,2816691502,15807,1379
29596.435026,2816699674,2816701043,15952,1369
29596.444332,2816709243,2816710617,15838,1374
29596.456062,2816718828,2816720201,15797,1373
29596.466588,2816728645,2816729901,15897,1256
29596.476328,2816738148,2816739405,15895,1257
29596.487622,2816747668,2816748926,15759,1258
29596.496327,2816757198,2816758457,15928,1259
29596.508334,2816766660,2816767925,15779,1265
29596.519182,2816776237,2816777466,15756,1229
29596.528329,2816785751,2816787033,15936,1282
29596.540227,2816795289,2816796522,15826,1233
29596.550740,2816804811,2816806070,15754,1259
29596.560329,2816814244,2816815622,15890,1378
29596.571787,2816823908,2816825282,16001,1374
29596.580330,2816833506,2816834764,15789,1258
29596.592328,2816842936,2816844308,15965,1372
29596.603351,2816852567,2816853824,15916,1257
29596.612335,2816862074,2816863336,15756,1262
29596.624329,2816871493,2816872864,15877,1371
29596.634908,2816881016,2816882393,15849,1377
29596.644327,2816890678,2816892053,15858,1375
29596.655947,2816900195,2816901569,15908,1374
29596.667965,2816911082,2816912455,15758,1373
29596.678492,2816920764,2816921994,15941,1230
29596.688328,2816930187,2816931560,15839,1373
29596.699522,2816939870,2816941128,15814,1258
29596.708330,2816949416,2816950672,15893,1256
29596.720336,2816958822,2816960081,15778,1259
29596.731085,2816968211,2816969591,15771,1380
29596.740330,2816977928,2816979210,15936,1282
29596.752132,2816987471,2816988725,15864,1254
29596.762646,2816996678,2816998051,15803,1373
29596.772328,2817006395,2817007764,15966,1369
29596.783692,2817016051,2817017309,15847,1258
29596.792328,2817025436,2817026813,15851,1377
29596.804330,2817035053,2817036312,15877,1259
29596.815251,2817044523,2817045893,15807,1370
29596.824330,2817054027,2817055398,15765,1371
29596.836290,2817063543,2817064921,15928,1378
29596.846811,2817073061,2817074446,15799,1385
29596.856331,2817082716,2817084017,15811,1301
29596.867853,2817092299,2817093553,15872,1254
29596.878368,2817101805,2817103179,15838,1374
29596.888328,2817111459,2817112833,15860,1374
29596.899410,2817121092,2817122347,15850,1255
29596.908332,2817130608,2817131869,15875,1261
29596.920331,2817140023,2817141404,15768,1381
29596.930969,2817149541,2817150915,15893,1374
29596.940331,2817159170,2817160537,15994,1367
29596.952002,2817168706,2817169961,15810,1255
29596.962532,2817178236,2817179497,15926,1261
29596.972329,2817187816,2817189190,15915,1374
29596.983565,2817197484,2817198715,15761,1231
29596.992331,2817206880,2817208140,15851,1260
29597.004331,2817216382,2817217758,15908,1376
29597.015125,2817225979,2817227233,15736,1254
29597.024329,2817235517,2817236892,15949,1375
29597.036168,2817244929,2817246301,15905,1372
29597.046686,2817254458,2817255826,15794,1368
29597.056331,2817263964,2817265331,15865,1367
29597.067728,2817273514,2817274888,15804,1374
29597.076332,2817283173,2817284459,15824,1286
29597.088336,2817292620,2817293992,15887,1372
29597.099288,2817302125,2817303498,15809,1373
29597.108328,2817311776,2817313057,15742,1281
29597.120327,2817321220,2817322595,15924,1375
29597.130851,2817330937,2817332194,15830,1257
29597.140334,2817340437,2817341711,15743,1274
29597.151891,2817349985,2817351238,15929,1253
29597.162412,2817359496,2817360730,15862,1234
29597.172329,2817369031,2817370309,15768,1278
29597.183450,2817378591,2817379964,15958,1373
29597.192332,2817388184,2817389442,15915,1258
29597.204330,2817397677,2817398914,15819,1237
29597.215009,2817407064,2817408432,15897,1368
29597.224328,2817416628,2817417887,15792,1259
29597.236041,2817426075,2817427329,15794,1254
29597.246570,2817435568,2817436940,16038,1372
29597.256330,2817444979,2817446208,15855,1229
29597.267602,2817454487,2817455740,15780,1253
29597.276336,2817463916,2817465289,15899,1373
29597.288330,2817473583,2817474841,15843,1258
29597.299163,2817483133,2817484392,15769,1259
29597.308329,2817492813,2817494068,15926,1255
29597.320210,2817502195,2817503571,15836,1376
29597.330726,2817511728,2817513102,15794,1374
29597.340332,2817521210,2817522584,15912,1374
29597.351768,2817530744,2817532123,15831,1379
29597.360328,2817540396,2817541678,15781,1282
29597.372333,2817549909,2817551169,15862,1260
29597.383333,2817559392,2817560626,15886,1234
29597.392327,2817568892,2817570150,15770,1258
29597.404330,2817578286,2817579658,15884,1372
29597.414891,2817587809,2817589185,15807,1376
29597.424327,2817597313,2817598567,15710,1254
29597.435931,2817606866,2817608073,15931,1207
29597.446452,2817616302,2817617679,16002,1377
29597.456328,2817625929,2817627183,15752,1254
29597.467490,2817635280,2817636657,15914,1377
29597.476328,2817644898,2817646152,15913,1254
29597.488330,2817654135,2817655509,15765,1374
29597.499053,2817663761,2817665018,15956,1257
29597.508331,2817673392,2817674628,15871,1236
29597.520085,2817682941,2817684199,15727,1258
29597.530610,2817692352,2817693731,15927,1379
29597.540327,2817702006,2817703381,15913,1375
29597.551643,2817711634,2817712865,15760,1231
29597.560334,2817721136,2817722393,15880,1257
29597.572329,2817730654,2817732024,15917,1370
29597.583204,2817740194,2817741563,15712,1369
29597.592336,2817749720,2817751092,15888,1372
29597.604250,2817759325,2817760692,15915,1367
29597.614763,2817768949,2817770154,15798,1205
29597.624328,2817778307,2817779679,15899,1372
29597.635813,2817787834,2817789209,15852,1375
29597.644327,2817797491,2817798746,15813,1255
29597.656334,2817806975,2817808344,16060,1369
29597.667371,2817816489,2817817864,15804,1375
29597.676327,2817826144,2817827427,15804,1283
29597.688329,2817835721,2817836979,16014,1258
29597.698933,2817845210,2817846442,15852,1232
29597.708331,2817854569,2817855945,15775,1376
29597.719969,2817864082,2817865455,15959,1373
29597.730490,2817873584,2817874957,15800,1373
29597.740327,2817883208,2817884446,15747,1238
29597.751533,2817892715,2817893942,15921,1227
29597.760329,2817902105,2817903480,15854,1375
29597.772331,2817911683,2817912912,15808,1229
29597.783091,2817921021,2817922395,15932,1374
29597.792329,2817930536,2817931904,15832,1368
29597.804123,2817940158,2817941417,15811,1259
29597.814653,2817949672,2817950930,15919,1258
29597.824332,2817959183,2817960440,15874,1257
29597.835686,2817968727,2817969958,15801,1231
29597.844328,2817978176,2817979547,15973,1371
29597.856329,2817987691,2817989062,15822,1371
29597.867246,2817997215,2817998588,15741,1373
29597.876330,2818006733,2818008106,15943,1373
29597.888289,2818016276,2818017649,15826,1373
29597.898806,2818025795,2818027161,15839,1366
29597.908328,2818035428,2818036659,15973,1231
29597.919853,2818044902,2818046130,15911,1228
29597.930362,2818054410,2818055639,15744,1229
29597.940329,2818063890,2818065145,15902,1255
29597.951411,2818073377,2818074586,15898,1209
29597.960332,2818082875,2818084106,15807,1231
29597.972327,2818092342,2818093601,15893,1259
29597.982972,2818101772,2818103139,15808,1367
29597.992330,2818111303,2818112677,15805,1374
29598.004011,2818120813,2818122190,15911,1377
29598.014532,2818130303,2818131675,15798,1372
29598.024331,2818139938,2818141197,15770,1259
29598.035572,2818149487,2818150743,15843,1256
29598.044329,2818158987,2818160247,15894,1260
29598.056332,2818168366,2818169737,15787,1371
29598.067132,2818178001,2818179233,15922,1232
29598.076328,2818187477,2818188850,15996,1373
29598.088162,2818197119,2818198347,15758,1228
29598.098694,2818206646,2818207901,15887,1255
29598.108331,2818216069,2818217442,15832,1373
29598.119726,2818225720,2818227093,15957,1373
29598.128328,2818235358,2818236590,15884,1232
29598.140331,2818244823,2818246079,15823,1256
29598.151286,2818254361,2818255588,15762,1227
29598.160333,2818263881,2818265108,15940,1227
29598.172332,2818273246,2818274622,15795,1376
29598.182844,2818282841,2818284075,15715,1234
29598.192331,2818292344,2818293572,15947,1228
29598.203890,2818301682,2818302892,15879,1210
29598.214406,2818311122,2818312356,15776,1234
29598.224328,2818320595,2818321852,15890,1257
29598.235450,2818329999,2818331371,15832,1372
29598.244360,2818339500,2818340868,15746,1368
29598.256333,2818348926,2818350301,15935,1375
29598.267013,2818358548,2818359753,15889,1205
29598.276330,2818368003,2818369256,15828,1253
29598.288053,2818377401,2818378773,15940,1372
29598.300067,2818388154,2818389409,15797,1255
29598.310595,2818397662,2818399038,15968,1376
29598.320329,2818407260,2818408628,15913,1368
29598.331628,2818416775,2818418148,15745,1373
29598.340329,2818426293,2818427669,15920,1376
29598.352331,2818435924,2818437178,15893,1254
29598.363186,2818445428,2818446634,15722,1206
29598.372331,2818454801,2818456067,15981,1266
29598.384233,2818464207,2818465582,15842,1375
29598.394750,2818473666,2818475040,15807,1374
29598.404328,2818483192,2818484565,15992,1373
29598.415792,2818492807,2818494173,15912,1366
29598.424331,2818502429,2818503682,15719,1253
29598.436332,2818511922,2818513156,15923,1234
29598.447354,2818521366,2818522737,15916,1371
29598.456336,2818530953,2818532327,15858,1374
29598.468328,2818540446,2818541814,15913,1368
29598.478914,2818549868,2818551241,15814,1373
29598.488328,2818559382,2818560754,15831,1372
29598.499954,2818569029,2818570405,16052,1376
29598.510477,2818578708,2818579942,15903,1234
29598.520334,2818588159,2818589530,15829,1371
29598.531513,2818597799,2818599172,15947,1373
29598.540328,2818607418,2818608670,15823,1252
29598.552331,2818616936,2818618193,15810,1257
29598.563075,2818626456,2818627827,15974,1371
29598.572329,2818635998,2818637366,15773,1368
29598.584108,2818645491,2818646863,15736,1372
29598.594635,2818654950,2818656321,15979,1371
29598.604331,2818664535,2818665903,15912,1368
29598.615669,2818674009,2818675387,15799,1378
29598.624333,2818683624,2818684996,15990,1372
29598.636328,2818693244,2818694502,15815,1258
29598.647227,2818702684,2818703888,15722,1204
29598.656327,2818712141,2818713507,16060,1366
29598.668273,2818721801,2818723170,15913,1369
29598.678790,2818731309,2818732680,15730,1371
29598.688332,2818740952,2818742202,15887,1250
29598.699833,2818750337,2818751703,15829,1366
29598.710350,2818759966,2818761330,15803,1364
29598.720330,2818769463,2818770693,15867,1230
29598.731395,2818778920,2818780262,15902,1342
29598.740330,2818788381,2818789727,15782,1346
29598.752332,2818797953,2818799177,15910,1224
29598.762955,2818807295,2818808668,15864,1373
29598.772331,2818816902,2818818156,15708,1254
29598.783995,2818826416,2818827643,15861,1227
29598.794515,2818835906,2818837111,15874,1205
29598.804333,2818845355,2818846602,15740,1247
29598.815554,2818854879,2818856225,16049,1346
29598.824329,2818864405,2818865664,15892,1259
29598.836333,2818873728,2818875100,15799,1372
29598.847115,2818883240,2818884606,15979,1366
29598.856329,2818892739,2818894080,15796,1341
29598.868147,2818902303,2818903669,15854,1366
29598.878675,2818911905,2818913271,15966,1366
29598.888329,2818921535,2818922763,15808,1228
29598.899708,2818931007,2818932324,15851,1317
29598.908337,2818940546,2818941913,15967,1367
29598.920331,2818950192,2818951560,15913,1368
29598.931270,2818959831,2818961194,15861,1363
29598.940328,2818969417,2818970783,15970,1366
29598.952312,2818978933,2818980307,15824,1374
29598.962828,2818988799,2818990004,15696,1205
29598.972334,2818998260,2818999509,15902,1249
29598.983866,2819007640,2819008870,15807,1230
29598.994390,2819017161,2819018479,15944,1318
29599.004328,2819026602,2819027943,15900,1341
29599.015429,2819036067,2819037444,15775,1377
29599.024328,2819045564,2819046768,15851,1204
29599.036332,2819054892,2819056265,15984,1373
29599.046987,2819064475,2819065815,15826,1340
29599.056328,2819073944,2819075262,15851,1318
29599.068035,2819083358,2819084730,15981,1372
29599.078551,2819092814,2819094181,15750,1367
29599.088332,2819102426,2819103792,15882,1366
29599.099593,2819111969,2819113335,16035,1366
29599.108335,2819121439,2819122811,15733,1372
29599.120329,2819130896,2819132265,15840,1369
29599.131155,2819140361,2819141706,15868,1345
29599.140329,2819149915,2819151145,15793,1230
29599.152190,2819159380,2819160719,16017,1339
29599.162718,2819168933,2819170165,15976,1232
29599.172334,2819178344,2819179707,15852,1363
29599.183749,2819187809,2819189152,15897,1343
29599.192334,2819197370,2819198711,16031,1341
29599.204333,2819206932,2819208303,15843,1371
29599.215310,2819216485,2819217854,15938,1369
29599.224328,2819226038,2819227266,15909,1228
29599.236330,2819235500,2819236732,15800,1232
29599.246870,2819244876,2819246217,15905,1341
29599.256327,2819254324,2819255691,15923,1367
29599.267914,2819263752,2819265129,15875,1377
29599.278431,2819273324,2819274666,15926,1342
29599.288327,2819282770,2819284139,15916,1369
29599.299467,2819292352,2819293555,15797,1203
29599.308328,2819301778,2819303006,15897,1228
29599.320330,2819311259,2819312492,15962,1233
29599.331030,2819320722,2819322096,15949,1374
29599.340329,2819330298,2819331669,15883,1371
29599.352074,2819339880,2819341256,15966,1376
29599.362590,2819349385,2819350757,15787,1372
29599.372333,2819358996,2819360362,16018,1366
29599.383635,2819368475,2819369843,16004,1368
29599.392332,2819378108,2819379338,15805,1230
29599.404329,2819387614,2819388955,15931,1341
29599.415195,2819397167,2819398509,15984,1342
29599.424327,2819406736,2819407940,15782,1204
29599.436228,2819416161,2819417388,15884,1227
29599.446756,2819425625,2819426997,16036,1372
29599.456328,2819435116,2819436484,15797,1368
29599.467788,2819444689,2819445894,15776,1205
29599.476331,2819454028,2819455367,15882,1339
29599.488328,2819463572,2819464910,15846,1338
29599.499351,2819473103,2819474445,15930,1342
29599.508333,2819482627,2819483967,16004,1340
29599.520329,2819492199,2819493540,15842,1341
29599.530911,2819501799,2819503167,15942,1368
29599.540329,2819511250,2819512612,15979,1362
29599.551947,2819520802,2819522167,15819,1365
29599.562470,2819530356,2819531722,15990,1366
29599.572328,2819539793,2819541162,15918,1369
29599.583510,2819549245,2819550617,15842,1372
29599.592331,2819558787,2819560124,15845,1337
29599.604329,2819568374,2819569714,15963,1340
29599.615075,2819577794,2819579135,15830,1341
29599.624329,2819587420,2819588758,15928,1338
29599.636115,2819596848,2819598194,15962,1346
29599.646631,2819606401,2819607767,15857,1366
29599.656327,2819615957,2819617209,15902,1252
29599.667674,2819625327,2819626671,15926,1344
29599.676330,2819634901,2819636243,15931,1342
29599.688328,2819644412,2819645728,15955,1316
29599.699236,2819653795,2819655161,15943,1366
29599.708328,2819663331,2819664694,15846,1363
29599.720268,2819672802,2819674168,15882,1366
29599.730798,2819682473,2819683652,15965,1179
29599.740329,2819691897,2819693263,15830,1366
29599.751829,2819701363,2819702681,15898,1318
29599.762356,2819710751,2819712094,15963,1343
29599.772328,2819720346,2819721716,15827,1370
29599.783389,2819729775,2819731146,15882,1371
29599.792330,2819739368,2819740708,16037,1340
29599.804332,2819748924,2819750266,15830,1342
29599.814949,2819758479,2819759819,15847,1340
29599.824329,2819767956,2819769299,15884,1343
29599.835989,2819777386,2819778727,15768,1341
29599.846512,2819786942,2819788285,15930,1343
29599.856329,2819796485,2819797826,16125,1341
29599.867547,2819806075,2819807392,15829,1317
29599.876332,2819815582,2819816945,15972,1363
29599.888332,2819825199,2819826402,15884,1203
29599.899108,2819834614,2819835956,15835,1342
29599.908329,2819844028,2819845395,15832,1367
29599.920154,2819853633,2819854949,15955,1316
29599.930659,2819863026,2819864230,15650,1204
29599.940326,2819872506,2819873709,15887,1203
29599.951718,2819881897,2819883124,16007,1227
29599.960328,2819891222,2819892564,15884,1342
29599.972328,2819900774,2819902001,15804,1227
29599.983275,2819910187,2819911555,15980,1368
29599.992333,2819919771,2819921137,15826,1366
29600.004311,2819929319,2819930679,15918,1360
29600.014835,2819938894,2819940266,15958,1372
29600.024331,2819948483,2819949855,15907,1372
29600.035868,2819958060,2819959238,15802,1178
29600.046397,2819967452,2819968823,16087,1371
29600.056329,2819977053,2819978263,15776,1210
29600.067432,2819986497,2819987812,15928,1315
29600.076330,2819996034,2819997350,15993,1316
29600.088327,2820005531,2820006733,15730,1202
29600.098991,2820014959,2820016331,15937,1372
29600.108330,2820024512,2820025715,15989,1203
29600.120027,2820033954,2820035326,15824,1372
29600.130552,2820043518,2820044810,15930,1292
29600.140331,2820053055,2820054282,15885,1227
29600.151587,2820062483,2820063854,15826,1371
29600.160331,2820072055,2820073396,15843,1341
29600.172328,2820081592,2820082957,15951,1365
29600.183148,2820091119,2820092491,15839,1372
29600.192327,2820100581,2820101898,15845,1317
29600.204195,2820109948,2820111285,15915,1337
29600.214708,2820119514,2820120858,15913,1344
29600.224328,2820129052,2820130300,15817,1248
29600.235756,2820138369,2820139736,15954,1367
29600.244327,2820147940,2820149312,15840,1372
29600.256330,2820157500,2820158729,15875,1229
29600.267315,2820166800,2820168116,15874,1316
29600.276331,2820176333,2820177696,15837,1363
29600.288331,2820185940,2820187141,15804,1201
29600.298877,2820195347,2820196666,15902,1319
29600.308329,2820204914,2820206281,15993,1367
29600.319915,2820214448,2820215771,15908,1323
29600.330438,2820224008,2820225327,15927,1319
29600.340328,2820233556,2820234899,15831,1343
29600.351474,2820243218,2820244561,15721,1343
29600.360329,2820252810,2820254175,15647,1365
29600.372329,2820262305,2820263627,15791,1322
29600.383036,2820271798,2820273165,15891,1367
29600.392332,2820281460,2820282807,15725,1347
29600.404066,2820291075,2820292331,15491,1256
29600.414596,2820300568,2820301794,15899,1226
29600.424328,2820310045,2820311415,15909,1370
29600.435627,2820319629,2820320978,15858,1349
29600.444331,2820329238,2820330582,15930,1344
29600.456330,2820339083,2820340449,15899,1366
29600.467188,2820348687,2820349913,15802,1226
29600.476328,2820358144,2820359514,16018,1370
29600.488234,2820367604,2820368973,15811,1369
29600.498751,2820377064,2820378403,15814,1339
29600.508327,2820386655,2820387978,15918,1323
29600.519794,2820396137,2820397322,15814,1185
29600.528329,2820405576,2820406948,15933,1372
29600.540332,2820415015,2820416385,15878,1370
29600.551356,2820424626,2820425919,15955,1293
29600.560332,2820434111,2820435478,15830,1367
29600.572328,2820443648,2820445014,16021,1366
29600.582918,2820453216,2820454397,15945,1181
29600.592328,2820462610,2820463926,15820,1316
29600.603950,2820472126,2820473448,15936,1322
29600.614476,2820481650,2820482961,15994,1311
29600.624330,2820491183,2820492502,15917,1319
29600.635510,2820500606,2820501947,15853,1341
29600.644329,2820510133,2820511476,15982,1343
29600.656337,2820519537,2820520885,15845,1348
29600.667072,2820529103,2820530420,15928,1317
29600.676330,2820538667,2820539925,15964,1258
29600.688107,2820548113,2820549404,15827,1291
29600.698631,2820557629,2820558947,15936,1318
29600.708328,2820566956,2820568297,15940,1341
29600.719667,2820576487,2820577828,15910,1341
29600.728333,2820586040,2820587377,15942,1337
29600.740328,2820595584,2820596875,16001,1291
29600.751230,2820604898,2820606238,15834,1340
29600.760334,2820614466,2820615809,15949,1343
29600.772275,2820623851,2820625221,15899,1370
29600.782791,2820633292,2820634585,15792,1293
29600.792327,2820642773,2820643975,15820,1202
29600.803838,2820652064,2820653355,15943,1291
29600.814348,2820661594,2820662772,15822,1178
29600.824334,2820670955,2820672290,15939,1335
29600.835396,2820680475,2820681793,15981,1318
29600.844333,2820689986,2820691166,15704,1180
29600.856337,2820699383,2820700586,15725,1203
29600.866956,2820708632,2820709948,15895,1316
29600.876331,2820718117,2820719439,15929,1322
29600.887990,2820727661,2820728975,15940,1314
29600.898516,2820737019,2820738361,15868,1342
29600.908332,2820746539,2820747716,15793,1177
29600.919550,2820755905,2820757270,15929,1365
29600.928329,2820765325,2820766641,15970,1316
29600.940336,2820774678,2820775995,15738,1317
29600.951104,2820784239,2820785586,15955,1347
29600.960336,2820793844,2820795212,16039,1368
29600.972148,2820803410,2820804583,15690,1173
29600.982672,2820812777,2820814090,15933,1313
29600.992328,2820822297,2820823613,15966,1316
29601.003715,2820831835,2820833124,15905,1289
29601.012336,2820841230,2820842522,15944,1292
29601.024330,2820850738,2820852031,16036,1293
29601.035269,2820860222,2820861564,15842,1342
29601.044328,2820869779,2820871145,15881,1366
29601.056316,2820879380,2820880585,15869,1205
29601.066828,2820888804,2820889983,15745,1179
29601.076331,2820898144,2820899486,15885,1342
29601.087878,2820907683,2820908885,15960,1202
29601.098389,2820917116,2820918430,15844,1314
29601.108332,2820926636,2820928006,15915,1370
29601.119436,2820936249,2820937565,15966,1316
29601.128329,2820945741,2820947082,15828,1341
29601.140329,2820955254,2820956455,15853,1201
29601.150999,2820964599,2820965801,15982,1202
29601.160333,2820973966,2820975336,15829,1370
29601.172032,2820983487,2820984828,15940,1341
29601.182558,2820992953,2820994295,15992,1342
29601.192330,2821002487,2821003663,15719,1176
29601.203589,2821011841,2821013130,15850,1289
29601.212328,2821021341,2821022681,15965,1340
29601.224329,2821030836,2821032201,15828,1365
29601.235149,2821040350,2821041690,15965,1340
29601.244328,2821049799,2821051139,15953,1340
29601.256187,2821059325,2821060691,15930,1366
29601.266713,2821068811,2821070100,15955,1289
29601.276329,2821078178,2821079519,15987,1341
29601.287748,2821087699,2821088988,15836,1289
29601.296330,2821097216,2821098533,15940,1317
29601.308331,2821106690,2821108061,15949,1371
29601.319308,2821116237,2821117579,15826,1342
29601.328333,2821125678,2821127021,15898,1343
29601.340330,2821135216,2821136507,16086,1291
29601.350876,2821144626,2821145968,15903,1342
29601.360334,2821153926,2821155243,15880,1317
29601.371918,2821163471,2821164648,15905,1177
29601.382429,2821172859,2821174151,15823,1292
29601.392334,2821182290,2821183606,16043,1316
29601.403475,2821191639,2821192926,15907,1287
29601.412330,2821201142,2821202508,15832,1366
29601.424335,2821210719,2821211894,15883,1175
29601.435036,2821220072,2821221389,16085,1317
29601.444330,2821229599,2821230970,15910,1371
29601.456071,2821239144,2821240482,16041,1338
29601.466598,2821248699,2821250015,16087,1316
29601.476333,2821258169,2821259509,15816,1340
29601.487631,2821267666,2821268956,15937,1290
29601.496335,2821277102,2821278414,16069,1312
29601.508337,2821286612,2821287881,15918,1269
29601.519192,2821296088,2821297425,15927,1337
29601.528335,2821305604,2821306921,15990,1317
29601.540230,2821315088,2821316381,15852,1293
29601.550750,2821324578,2821325866,15864,1288
29601.560330,2821333906,2821335220,15881,1314
29601.571788,2821343375,2821344555,15759,1180
29601.580327,2821352778,2821354070,15939,1292
29601.592335,2821362252,2821363567,16038,1315
29601.603349,2821371725,2821373065,15928,1340
29601.612331,2821381248,2821382587,16026,1339
29601.624328,2821390760,2821392105,15983,1345
29601.634909,2821400256,2821401464,15719,1208
29601.644329,2821409628,2821410943,15878,1315
29601.655956,2821419162,2821420503,15992,1341
29601.666469,2821428666,2821429958,15845,1292
29601.676327,2821438194,2821439515,15938,1321
29601.687517,2821447632,2821448920,15989,1288
29601.696335,2821457089,2821458431,15903,1342
29601.708328,2821466496,2821467813,15874,1317
29601.719077,2821476003,2821477296,15997,1293
29601.728329,2821485598,2821486889,15821,1291
29601.740108,2821495093,2821496361,15877,1268
29601.750637,2821504438,2821505730,15988,1292
29601.760337,2821513887,2821515226,15824,1339
29601.771672,2821523431,2821524722,15946,1291
29601.780331,2821532769,2821534087,15890,1318
29601.792329,2821542312,2821543628,15845,1316
29601.803231,2821551848,2821553140,15934,1292
29601.812329,2821561282,2821562598,16033,1316
29601.824268,2821570749,2821572065,15827,1316
29601.834791,2821580242,2821581534,15942,1292
29601.844333,2821589669,2821591009,16039,1340
29601.855828,2821599179,2821600447,15830,1268
29601.866352,2821608645,2821609937,15926,1292
29601.876329,2821618098,2821619439,16119,1341
29601.887388,2821627604,2821628869,15931,1265
29601.896328,2821636939,2821638254,15789,1315
29601.908330,2821646419,2821647734,15969,1315
29601.918949,2821655931,2821657252,15913,1321
29601.928328,2821665402,2821666692,16038,1290
29601.939996,2821674709,2821676001,15961,1292
29601.950509,2821684126,2821685441,15830,1315
29601.960329,2821693642,2821694954,15951,1312
29601.971557,2821703166,2821704504,16019,1338
29601.980335,2821712626,2821713939,15826,1313
29601.992332,2821722084,2821723423,15932,1339
29602.003116,2821731570,2821732858,15952,1288
29602.012331,2821741071,2821742387,15822,1316
29602.024149,2821750575,2821751842,15884,1267
29602.034677,2821759882,2821761174,15919,1292
29602.044327,2821769307,2821770619,15990,1312
29602.055710,2821778803,2821780095,16027,1292
29602.064328,2821788239,2821789556,16036,1317
29602.076329,2821797740,2821799032,15827,1292
29602.087273,2821807228,2821808492,15927,1264
29602.096328,2821816640,2821817951,16052,1311
29602.108308,2821826043,2821827310,15833,1267
29602.118832,2821835498,2821836787,15939,1289
29602.128328,2821844957,2821846299,15982,1342
29602.139869,2821854472,2821855738,15812,1266
29602.150392,2821863762,2821865029,15850,1267
29602.160330,2821873147,2821874488,16073,1341
29602.171429,2821882655,2821883995,15904,1340
29602.180334,2821891981,2821893351,15987,1370
29602.192331,2821901526,2821902815,16086,1289
29602.202989,2821910970,2821912257,15912,1287
29602.212329,2821920437,2821921776,16038,1339
29602.224036,2821929943,2821931258,16084,1315
29602.234549,2821939381,2821940648,15828,1267
29602.244329,2821948766,2821950057,15843,1291
29602.255596,2821958204,2821959467,16081,1263
29602.264328,2821967658,2821968974,15912,1316
29602.276335,2821977074,2821978338,15936,1264
29602.287157,2821986492,2821987776,16000,1284
29602.296327,2821995957,2821997245,15848,1288
29602.308190,2822005353,2822006639,15937,1286
29602.318718,2822014813,2822016104,15999,1291
29602.328329,2822024251,2822025532,15831,1281
29602.339751,2822033725,2822035018,15937,1293
29602.348328,2822043191,2822044530,15948,1339
29602.360336,2822052652,2822053970,15824,1318
29602.371311,2822062147,2822063414,15939,1267
29602.380329,2822071570,2822072862,16024,1292
29602.392330,2822080976,2822082212,15904,1236
29602.402871,2822090338,2822091655,15938,1317
29602.412332,2822099774,2822101041,16087,1267
29602.423909,2822109222,2822110513,15914,1291
29602.434432,2822118678,2822120020,16024,1342
29602.444329,2822128156,2822129423,16049,1267
29602.455468,2822137564,2822138856,15915,1292
29602.464327,2822146979,2822148237,16024,1258
29602.476329,2822156372,2822157688,16075,1316
29602.487031,2822165820,2822167132,15915,1312
29602.496334,2822175276,2822176612,16031,1336
29602.508076,2822184794,2822186110,16047,1316
29602.518589,2822194245,2822195504,15892,1259
29602.528328,2822203686,2822205003,15970,1317
29602.539637,2822213136,2822214426,16075,1290
29602.548328,2822222575,2822223842,15936,1267
29602.560331,2822231953,2822233265,16024,1312
29602.571197,2822241411,2822242727,16085,1316
29602.580328,2822250875,2822252166,15910,1291
29602.592229,2822260356,2822261647,15845,1291
29602.602758,2822269793,2822271102,15969,1309
29602.612333,2822279288,2822280603,15830,1315
29602.623792,2822288748,2822290039,15933,1291
29602.632327,2822298191,2822299506,15970,1315
29602.644330,2822307681,2822308970,15843,1289
29602.655351,2822317110,2822318398,15939,1288
29602.664332,2822326501,2822327759,16001,1258
29602.676327,2822335932,2822337248,15821,1316
29602.686912,2822345388,2822346679,15933,1291
29602.696329,2822354797,2822356119,15954,1322
29602.707951,2822364256,2822365595,15854,1339
29602.718474,2822373746,2822375037,15935,1291
29602.728331,2822383175,2822384467,15993,1292
29602.739516,2822392668,2822393960,15909,1292
29602.748331,2822402101,2822403439,15925,1338
29602.760329,2822411624,2822412890,16000,1266
29602.771069,2822421012,2822422333,15829,1321
29602.780328,2822430538,2822431854,15940,1316
29602.792115,2822440102,2822441393,15967,1291
29602.802632,2822449493,2822450755,15854,1262
29602.812327,2822458858,2822460149,15914,1291
29602.823678,2822468251,2822469564,16002,1313
29602.832327,2822477756,2822479047,15830,1291
29602.844335,2822487203,2822488466,15952,1263
29602.855238,2822496610,2822497872,15995,1262
29602.864328,2822505974,2822507232,15818,1258
29602.876271,2822515409,2822516673,15936,1264
29602.886798,2822524833,2822526120,15997,1287
29602.896328,2822534257,2822535571,15828,1314
29602.907831,2822543713,2822545027,15940,1314
29602.918358,2822553140,2822554403,15992,1263
29602.928330,2822562571,2822563886,15824,1315
29602.939391,2822572061,2822573376,15845,1315
29602.948332,2822581468,2822582728,15968,1260
29602.960332,2822590867,2822592158,15825,1291
29602.970953,2822600250,2822601541,15941,1291
29602.980327,2822609683,2822610999,15953,1316
29602.991989,2822618948,2822620207,15843,1259
29603.002513,2822628368,2822629633,15937,1265
29603.012333,2822637794,2822639062,16004,1268
29603.023552,2822647229,2822648541,15854,1312
29603.032327,2822656679,2822657972,15943,1293
29603.044334,2822666107,2822667399,15955,1292
29603.055110,2822675541,2822676803,15830,1262
29603.064332,2822684997,2822686256,15939,1259
29603.076157,2822694364,2822695636,15998,1272
29603.086677,2822703776,2822705055,15889,1279
29603.096333,2822713203,2822714518,15886,1315
29603.107717,2822722632,2822723922,15997,1290
29603.116330,2822732090,2822733379,15854,1289
29603.128330,2822741534,2822742790,15939,1256
29603.139277,2822750906,2822752174,15962,1268
29603.148331,2822760317,2822761609,15853,1292
29603.160308,2822769717,2822771027,15885,1310
29603.170838,2822779095,2822780331,16048,1236
29603.180329,2822788458,2822789715,15829,1257
29603.191873,2822797770,2822799027,15953,1257
29603.202398,2822806887,2822808144,16000,1257
29603.212330,2822816262,2822817520,15830,1258
29603.223432,2822825647,2822826937,15930,1290
29603.232329,2822835090,2822836407,15990,1317
29603.244329,2822844571,2822845836,15825,1265
29603.254993,2822853972,2822855240,15943,1268
29603.264330,2822863337,2822864619,15970,1282
29603.276029,2822872689,2822873928,15820,1239
29603.286551,2822882000,2822883279,15838,1279
29603.296330,2822891383,2822892617,15964,1234
29603.307592,2822900709,2822901977,15856,1268
29603.316334,2822910092,2822911350,15940,1258
29603.328333,2822919420,2822920701,16000,1281
29603.339152,2822928777,2822930064,15867,1287
29603.348330,2822938236,2822939445,15940,1209
29603.360197,2822947579,2822948867,15996,1288
29603.370710,2822956990,2822958301,15833,1311
29603.380331,2822966356,2822967639,15938,1283
29603.391757,2822975685,2822976918,15951,1233
29603.400328,2822985070,2822986335,15822,1265
29603.412331,2822994384,2822995618,15943,1234
29603.423317,2823003727,2823005014,16088,1287
29603.432328,2823013135,2823014425,15992,1290
29603.444329,2823022572,2823023786,16025,1214
29603.454878,2823031838,2823033072,16087,1234
29603.464329,2823041229,2823042520,15909,1291
29603.475911,2823050545,2823051754,16022,1209
29603.486437,2823059825,2823061033,16056,1208
29603.496330,2823069120,2823070377,15915,1257
29603.507472,2823078452,2823079686,16030,1234
29603.516330,2823087744,2823089006,16090,1262
29603.528328,2823097089,2823098347,15915,1258
29603.539033,2823106463,2823107730,16038,1267
29603.548329,2823115798,2823117006,16080,1208
29603.560069,2823125126,2823126383,15914,1257
29603.570594,2823134441,2823135723,16029,1282
29603.580327,2823143802,2823145090,16054,1288
29603.591630,2823153158,2823154391,15908,1233
29603.600334,2823162531,2823163795,15975,1264
29603.612327,2823171861,2823173117,16035,1256
29603.623190,2823181196,2823182406,15919,1210
29603.632331,2823190463,2823191722,15929,1259
29603.644238,2823199808,2823201089,16101,1281
29603.654750,2823209169,2823210404,15912,1235
29603.664336,2823218478,2823219713,16031,1235
29603.675798,2823227796,2823229089,16131,1293
29603.684328,2823237169,2823238426,15929,1257
29603.696334,2823246478,2823247686,16024,1208
29603.707358,2823255720,2823256977,16094,1257
29603.716331,2823265041,2823266299,15881,1258
29603.728336,2823274354,2823275613,16003,1259
29603.738918,2823283687,2823284972,16049,1285
29603.748327,2823293038,2823294329,15946,1291
29603.759952,2823302427,2823303714,15999,1287
29603.770479,2823311796,2823313055,16078,1259
29603.780329,2823321094,2823322376,15992,1282
29603.791512,2823330394,2823331651,16021,1257
29603.800331,2823339722,2823340977,16056,1255
29603.812334,2823348922,2823350157,15832,1235
29603.823072,2823358231,2823359439,15935,1208
29603.832328,2823367520,2823368729,16051,1209
29603.844109,2823376781,2823378016,15909,1235
29603.854633,2823386139,2823387405,16026,1266
29603.864331,2823395450,2823396709,16082,1259
29603.875673,2823404765,2823406026,15947,1261
29603.884327,2823414191,2823415480,16039,1289
29603.896329,2823423503,2823424761,16086,1258
29603.907230,2823432806,2823434038,15914,1232
29603.916333,2823442083,2823443346,16021,1263
29603.928278,2823451384,2823452617,16094,1233
29603.938790,2823460671,2823461900,15914,1229
29603.948331,2823469953,2823471207,16023,1254
29603.959837,2823479262,2823480498,16086,1236
29603.983876,2823493606,2823494252,11970,646
29603.994402,2823497997,2823498642,12090,645
29604.004332,2823504891,2823506067,16042,1176
29604.015436,2823513831,2823515006,15842,1175
29604.024327,2823522994,2823524227,15932,1233
29604.036332,2823532201,2823533405,15947,1204
29604.046998,2823541434,2823542663,15846,1229
29604.056333,2823550678,2823551886,15933,1208
29604.068042,2823559859,2823561068,15977,1209
29604.078563,2823569122,2823570355,15905,1233
29604.088332,2823578407,2823579660,15932,1253
29604.099603,2823587627,2823588832,15979,1205
29604.108330,2823596850,2823598108,15836,1258
29604.120329,2823606117,2823607325,15940,1208
29604.131163,2823615385,2823616597,15977,1212
29604.140333,2823624641,2823625899,15832,1258
29604.152198,2823633999,2823635204,15940,1205
29604.162724,2823643285,2823644574,15963,1289
29604.172331,2823652681,2823653970,15852,1289
29604.183759,2823662067,2823663275,15947,1208
29604.192332,2823671370,2823672580,15990,1210
29604.204335,2823680607,2823681893,15829,1286
29604.215315,2823689931,2823691165,15929,1234
29604.224329,2823699219,2823700452,15960,1233
29604.236332,2823708599,2823709886,15861,1287
29604.246879,2823717923,2823719180,15938,1257
29604.256331,2823727207,2823728416,16101,1209
29604.267916,2823736425,2823737632,15917,1207
29604.278438,2823745691,2823746973,15932,1282
29604.288329,2823755009,2823756243,16030,1234
29604.299478,2823764293,2823765535,15944,1242
29604.308330,2823773583,2823774843,16026,1260
29604.320330,2823782890,2823784153,16081,1263
29604.331036,2823792183,2823793416,15931,1233
29604.340329,2823801494,2823802730,16017,1236
29604.352083,2823810755,2823812010,16084,1255
29604.362599,2823820022,2823821255,15950,1233
29604.372329,2823829295,2823830554,16022,1259
29604.383643,2823838595,2823839828,16030,1233
29604.392334,2823847894,2823849127,15916,1233
29604.404328,2823857185,2823858469,16016,1284
29604.415204,2823866498,2823867706,16076,1208
29604.424328,2823875773,2823877007,15914,1234
29604.436239,2823885087,2823886350,15932,1263
29604.446764,2823894415,2823895651,16071,1236
29604.456327,2823903735,2823904993,15922,1258
29604.467798,2823913003,2823914210,16028,1207
29604.476332,2823920366,2823921551,15773,1185
29604.488330,2823929534,2823930715,15832,1181
29604.499358,2823938726,2823939992,15933,1266
29604.508330,2823948062,2823949317,15989,1255
29604.520328,2823957438,2823958696,15831,1258
29604.530919,2823966716,2823967950,15940,1234
29604.540327,2823976016,2823977250,16081,1234
29604.551955,2823985262,2823986490,15931,1228
29604.562479,2823994484,2823995669,16024,1185
29604.572332,2824003501,2824004735,16072,1234
29604.583516,2824012705,2824013890,15930,1185
29604.592328,2824021865,2824023098,15937,1233
29604.604330,2824031161,2824032446,15998,1285
29604.615076,2824040476,2824041685,15834,1209
29604.624332,2824049508,2824050769,15855,1261
29604.636124,2824058765,2824059998,15949,1233
29604.646637,2824068127,2824069338,15824,1211
29604.656334,2824077347,2824078581,15940,1234
29604.667684,2824086372,2824087556,15983,1184
29604.676331,2824095562,2824096771,15849,1209
29604.688329,2824104817,2824106023,15935,1206
29604.699244,2824114014,2824115279,15991,1265
29604.708333,2824123331,2824124596,15858,1265
29604.720277,2824132660,2824133917,15938,1257
29604.730805,2824141949,2824143156,16074,1207
29604.740330,2824151164,2824152345,15917,1181
29604.751838,2824160351,2824161533,16024,1182
29604.762365,2824169508,2824170693,16080,1185
29604.772331,2824178685,2824179867,15977,1182
29604.783396,2824187877,2824189087,15887,1210
29604.792332,2824197169,2824198398,16085,1229
29604.804332,2824206317,2824207502,15828,1185
29604.814958,2824215519,2824216728,15933,1209
29604.824330,2824224739,2824225944,16055,1205
29604.835996,2824233970,2824235229,15874,1259
29604.846520,2824243253,2824244438,15936,1185
29604.856334,2824252448,2824253653,15986,1205
29604.867557,2824261707,2824262914,15821,1207
29604.876331,2824270981,2824272189,15953,1208
29604.888328,2824280202,2824281430,16015,1228
29604.899117,2824289419,2824290604,15828,1185
29604.908331,2824298588,2824299797,15941,1209
29604.920163,2824307855,2824309089,16083,1234
29604.930677,2824317170,2824318378,15849,1208
29604.940330,2824326440,2824327676,15915,1236
29604.951724,2824335686,2824336893,15993,1207
29604.960332,2824344938,2824346192,15832,1254
29604.972332,2824354218,2824355450,15843,1232
29604.983285,2824363483,2824364692,15958,1209
29604.992327,2824372661,2824373874,15856,1213
29605.004322,2824381875,2824383110,15930,1235
29605.014843,2824391116,2824392321,15982,1205
29605.024333,2824400364,2824401597,15829,1233
29605.035881,2824409661,2824410846,16033,1185
29605.046405,2824418881,2824420066,16035,1185
29605.056328,2824428127,2824429360,15922,1233
29605.067441,2824437469,2824438710,16022,1241
29605.076328,2824446748,2824447956,16050,1208
29605.088328,2824456056,2824457268,15936,1212
29605.098999,2824465309,2824466517,15926,1208
29605.108333,2824474491,2824475701,15991,1210
29605.120043,2824483696,2824484932,15924,1236
29605.130561,2824492970,2824494178,15932,1208
29605.140332,2824502183,2824503388,15996,1205
29605.151596,2824511439,2824512694,15821,1255
29605.160330,2824520698,2824521883,15939,1185
29605.172335,2824529900,2824531133,16072,1233
29605.183157,2824539104,2824540308,15824,1204
29605.192327,2824548290,2824549499,15938,1209
29605.204204,2824557587,2824558819,15982,1232
29605.214717,2824566809,2824568014,15849,1205
29605.224329,2824576004,2824577213,15961,1209
29605.235760,2824585229,2824586415,16005,1186
29605.244333,2824594393,2824595578,15828,1185
29605.256332,2824603607,2824604787,15931,1180
29605.267324,2824612781,2824613964,15981,1183
29605.276331,2824622006,2824623216,15848,1210
29605.288334,2824631194,2824632399,15938,1205
29605.298884,2824640391,2824641600,16066,1209
29605.308329,2824649594,2824650779,15918,1185
29605.319917,2824658774,2824659960,15933,1186
29605.330446,2824667973,2824669159,16074,1186
29605.340332,2824677143,2824678348,15907,1205
29605.351479,2824686334,2824687542,16019,1208
29605.360330,2824695518,2824696753,16085,1235
29605.372335,2824704800,2824706007,15933,1207
29605.383039,2824714008,2824715217,16027,1209
29605.392334,2824723222,2824724427,16067,1205
29605.404076,2824732434,2824733638,15836,1204
29605.414598,2824741664,2824742872,15886,1208
29605.424333,2824750859,2824752067,15944,1208
29605.435637,2824760057,2824761290,15835,1233
29605.444333,2824769177,2824770388,15938,1211
29605.456333,2824778499,2824779731,16058,1232
29605.467204,2824787834,2824789098,15899,1264
29605.476331,2824797224,2824798483,15936,1259
29605.488243,2824806490,2824807675,16052,1185
29605.498760,2824815758,2824817020,15938,1262
29605.508332,2824825011,2824826219,16040,1208
29605.519804,2824834221,2824835403,15983,1182
29605.528335,2824843413,2824844621,15835,1208
29605.540331,2824852588,2824853795,15939,1207
29605.551365,2824861803,2824862985,15981,1182
29605.560331,2824870970,2824872174,15834,1204
29605.572333,2824880090,2824881270,15951,1180
29605.582925,2824889274,2824890453,16060,1179
29605.592332,2824898455,2824899664,15937,1209
29605.603958,2824907641,2824908826,16020,1185
29605.614484,2824916777,2824917960,16066,1183
29605.624334,2824925968,2824927154,15919,1186
29605.635519,2824935192,2824936397,15930,1205
29605.644328,2824944300,2824945509,16107,1209
29605.656337,2824953515,2824954744,15922,1229
29605.667079,2824962754,2824963935,15932,1181
29605.676330,2824971924,2824973109,16053,1185
29605.688116,2824981079,2824982285,15923,1206
29605.698639,2824990260,2824991520,15936,1260
29605.708330,2824999311,2825000541,15981,1230
29605.719677,2825008515,2825009744,15838,1229
29605.728329,2825017735,2825018963,15940,1228
29605.740329,2825026926,2825028135,15978,1209
29605.751237,2825036129,2825037359,15851,1230
29605.760330,2825045367,2825046545,15954,1178
29605.772284,2825054490,2825055672,15939,1182
29605.782797,2825063674,2825064878,15828,1204
29605.792331,2825072913,2825074141,15940,1228
29605.803844,2825082119,2825083326,15981,1207
29605.814365,2825091336,2825092521,15900,1185
29605.824330,2825100541,2825101831,15933,1290
29605.835406,2825109852,2825111038,15995,1186
29605.844328,2825119082,2825120343,15849,1261
29605.856334,2825128352,2825129536,15939,1184
29605.866963,2825137565,2825138773,15968,1208
29605.876333,2825146773,2825147957,15831,1184
29605.887999,2825155953,2825157135,15937,1182
29605.898525,2825165034,2825166240,15975,1206
29605.908328,2825174225,2825175434,15811,1209
29605.919560,2825183442,2825184626,15951,1184
29605.928332,2825192628,2825193811,15980,1183
29605.940328,2825201778,2825202981,15924,1203
29605.951119,2825210993,2825212202,16016,1209
29605.960333,2825220184,2825221390,16071,1206
29605.972157,2825229393,2825230578,15920,1185
29605.982681,2825238572,2825239777,16026,1205
29605.992331,2825247754,2825248937,16065,1183
29606.003717,2825256919,2825258105,15918,1186
29606.012332,2825266081,2825267288,15926,1207
29606.024329,2825275329,2825276533,16145,1204
29606.035278,2825284501,2825285709,15925,1208
29606.044328,2825293687,2825294870,15926,1183
29606.056325,2825302904,2825304089,16068,1185
29606.066837,2825312101,2825313283,15935,1182
29606.076329,2825321290,2825322498,16028,1208
29606.087884,2825330470,2825331650,16068,1180
29606.098398,2825339651,2825340854,15920,1203
29606.108330,2825348824,2825350027,16029,1203
29606.119445,2825357839,2825359023,16048,1184
29606.128329,2825367005,2825368210,15920,1205
29606.140328,2825376256,2825377440,16030,1184
29606.151005,2825385411,2825386619,16046,1208
29606.160334,2825394550,2825395754,15911,1204
29606.172039,2825403726,2825404929,15935,1203
29606.182565,2825412908,2825414089,16068,1181
29606.192331,2825422119,2825423355,15945,1236
29606.203599,2825431380,2825432564,16013,1184
29606.212330,2825440614,2825441880,16050,1266
29606.224330,2825449862,2825451071,15915,1209
29606.235160,2825459082,2825460286,16029,1204
29606.244335,2825468226,2825469409,16063,1183
29606.256197,2825477219,2825478403,15835,1184
29606.266722,2825486393,2825487576,16032,1183
29606.276329,2825495613,2825496793,16051,1180
29606.287757,2825504776,2825505962,15921,1186
29606.296333,2825513959,2825515163,16025,1204
29606.308334,2825523131,2825524339,16049,1208
29606.319317,2825532337,2825533544,15917,1207
29606.328328,2825541568,2825542752,16026,1184
29606.340328,2825550730,2825551911,16050,1181
29606.350877,2825559893,2825561121,15916,1228
29606.360329,2825569112,2825570296,15928,1184
29606.371924,2825578272,2825579452,16054,1180
29606.382438,2825587434,2825588613,15911,1179
29606.392328,2825596595,2825597804,16013,1209
29606.403487,2825605822,2825607029,16104,1207
29606.412332,2825615041,2825616248,15889,1207
29606.424333,2825624219,2825625398,16023,1179
29606.435045,2825633409,2825634591,16047,1182
29606.444327,2825642585,2825643765,15922,1180
29606.456079,2825651796,2825652979,16021,1183
29606.466605,2825660971,2825662154,15946,1183
29606.476330,2825670128,2825671336,15837,1208
29606.487640,2825679275,2825680455,15946,1180
29606.496330,2825688461,2825689645,15965,1184
29606.508332,2825697653,2825698893,15913,1240
29606.519200,2825706904,2825708088,15935,1184
29606.528330,2825716055,2825717262,15982,1207
29606.540236,2825725260,2825726464,15806,1204
29606.550760,2825734441,2825735619,15939,1178
29606.560327,2825743618,2825744827,15964,1209
29606.571796,2825752847,2825754031,15825,1184
29606.580328,2825762027,2825763211,15940,1184
29606.592329,2825771160,2825772364,15960,1204
29606.603358,2825780364,2825781569,15828,1205
29606.612328,2825789592,2825790800,15941,1208
29606.624327,2825798807,2825800010,15963,1203
29606.634918,2825808055,2825809240,15835,1185
29606.644328,2825817114,2825818297,15935,1183
29606.655964,2825826265,2825827449,15963,1184
29606.666480,2825835466,2825836696,15838,1230
29606.676335,2825844706,2825845886,15943,1180
29606.687527,2825853812,2825854996,15979,1184
29606.696331,2825862997,2825864207,15836,1210
29606.708329,2825872168,2825873372,15842,1204
29606.719087,2825881287,2825882474,15949,1187
29606.728327,2825890485,2825891690,15839,1205
29606.740120,2825899661,2825900846,15936,1185
29606.750646,2825908831,2825910033,15966,1202
29606.760329,2825918012,2825919216,15849,1204
29606.771679,2825927042,2825928222,15936,1180
29606.780331,2825936197,2825937401,15984,1204
29606.792330,2825945361,2825946565,15835,1204
29606.803240,2825954572,2825955752,15933,1180
29606.812330,2825963746,2825964929,15939,1183
29606.824277,2825972972,2825974212,15833,1240
29606.834801,2825982204,2825983383,15937,1179
29606.844328,2825991369,2825992572,15948,1203
29606.855845,2826000466,2826001650,15912,1184
29606.867868,2826010921,2826012106,16063,1185
29606.878383,2826020066,2826021246,15823,1180
29606.888330,2826029206,2826030390,15943,1184
29606.899428,2826038371,2826039552,15966,1181
29606.908327,2826047539,2826048743,15850,1204
29606.920329,2826056756,2826057935,15957,1179
29606.930989,2826065915,2826067099,15966,1184
29606.940331,2826075064,2826076244,15838,1180
29606.952022,2826084233,2826085416,15936,1183
29606.962549,2826093389,2826094572,15952,1183
29606.972329,2826102550,2826103735,15828,1185
29606.983583,2826111714,2826112920,15920,1206
29606.992334,2826120933,2826122141,15972,1208
29607.004329,2826130014,2826131193,15914,1179
29607.015143,2826139178,2826140363,15936,1185
29607.024330,2826148342,2826149525,15964,1183
29607.036180,2826157479,2826158663,15835,1184
29607.046704,2826166641,2826167822,15947,1181
29607.056330,2826175801,2826176980,15969,1179
29607.067743,2826184956,2826186142,15855,1186
29607.076332,2826193945,2826195125,15946,1180
29607.088328,2826203122,2826204330,15964,1208
29607.099305,2826212317,2826213498,15867,1181
29607.108331,2826221453,2826222632,15953,1179
29607.120330,2826230614,2826231795,15965,1181
29607.130861,2826239741,2826240925,15841,1184
29607.140333,2826248913,2826250122,15941,1209
29607.151908,2826258090,2826259274,15964,1184
29607.162424,2826267129,2826268314,15956,1185
29607.172329,2826276319,2826277502,16018,1183
29607.183468,2826285470,2826286653,16060,1183
29607.192334,2826294637,2826295819,15921,1182
29607.204328,2826303807,2826304986,15940,1179
29607.215029,2826312957,2826314141,16042,1184
29607.224329,2826322118,2826323300,15917,1182
29607.236063,2826331274,2826332458,16019,1184
29607.246589,2826340464,2826341648,16044,1184
29607.256328,2826349612,2826350791,15936,1179
29607.267623,2826358787,2826360016,16028,1229
29607.276331,2826367972,2826369181,15986,1209
29607.288333,2826377151,2826378335,15831,1184
29607.299184,2826386301,2826387507,15925,1206
29607.308331,2826395480,2826396660,15948,1180
29607.320220,2826404608,2826405782,15814,1174
29607.330744,2826413709,2826414892,15942,1183
29607.340328,2826422858,2826424061,15964,1203
29607.351788,2826432051,2826433235,15912,1184
29607.360327,2826441199,2826442403,15941,1204
29607.372328,2826450311,2826451495,15960,1184
29607.383340,2826459459,2826460638,15832,1179
29607.392336,2826468594,2826469772,15943,1178
29607.404330,2826477670,2826478877,15961,1207
29607.414901,2826486850,2826488033,15839,1183
29607.424329,2826496005,2826497212,15945,1207
29607.435948,2826505181,2826506365,15968,1184
29607.446462,2826514348,2826515528,15834,1180
29607.456328,2826523468,2826524652,15962,1184
29607.467509,2826532591,2826533776,15966,1185
29607.476329,2826541746,2826542930,15838,1184
29607.488332,2826550839,2826552047,15920,1208
29607.499069,2826560023,2826561197,15967,1174
29607.508328,2826569171,2826570432,15865,1261
29607.520103,2826578413,2826579591,15940,1178
29607.530632,2826587592,2826588771,15957,1179
29607.540330,2826596542,2826597748,15833,1206
29607.551662,2826605715,2826606894,15850,1179
29607.560337,2826614875,2826616058,15965,1183
29607.572330,2826623979,2826625155,15909,1176
29607.583225,2826633082,2826634256,16032,1174
29607.592327,2826642163,2826643347,16053,1184
29607.604260,2826651313,2826652493,15923,1180
29607.614784,2826660487,2826661662,16025,1175
29607.624333,2826669619,2826670803,16043,1184
29607.635821,2826678730,2826679911,15923,1181
29607.646345,2826687849,2826689025,16029,1176
29607.656328,2826696976,2826698161,16039,1185
29607.667381,2826706126,2826707311,15926,1185
29607.676332,2826715285,2826716489,16029,1204
29607.688331,2826724301,2826725485,15965,1184
29607.698949,2826733337,2826734510,15913,1173
29607.708328,2826742498,2826743677,15940,1179
29607.719988,2826751532,2826752716,15960,1184
29607.730502,2826760683,2826761888,15845,1205
29607.740327,2826769783,2826770987,15938,1204
29607.751548,2826778952,2826780131,15964,1179
29607.760328,2826788107,2826789290,15835,1183
29607.772328,2826797267,2826798448,15945,1181
29607.783109,2826806363,2826807547,15962,1184
29607.792330,2826815509,2826816691,15831,1182
29607.804144,2826824658,2826825840,15952,1182
29607.814669,2826833822,2826835003,15965,1181
29607.824330,2826842973,2826844181,15845,1208
29607.835703,2826852157,2826853341,15930,1184
29607.844335,2826861264,2826862447,15964,1183
29607.856331,2826870408,2826871615,15837,1207
29607.867264,2826879589,2826880767,15946,1178
29607.876330,2826888721,2826889929,15958,1208
29607.888300,2826897721,2826898904,15828,1183
29607.898823,2826906881,2826908061,15842,1180
29607.908331,2826916026,2826917205,15957,1179
29607.919861,2826925121,2826926304,15834,1183
29607.930385,2826934267,2826935450,15933,1183
29607.940333,2826943320,2826944520,16012,1200
29607.951421,2826952458,2826953643,15848,1185
29607.960334,2826961605,2826962789,15942,1184
29607.972328,2826970731,2826971911,15969,1180
29607.982982,2826979858,2826981033,15827,1175
29607.992331,2826988998,2826990181,15942,1183
29608.004028,2826998109,2826999292,15955,1183
29608.014542,2827007254,2827008436,15835,1182
29608.024331,2827016387,2827017566,15939,1179
29608.035589,2827025461,2827026641,15971,1180
29608.044329,2827034615,2827035796,15904,1181
29608.056336,2827043762,2827044942,15947,1180
29608.067150,2827052906,2827054088,15971,1182
29608.076333,2827062054,2827063237,15831,1183
29608.088184,2827071108,2827072288,15940,1180
29608.098710,2827080128,2827081306,15985,1178
29608.108333,2827089268,2827090444,15811,1176
29608.119744,2827098347,2827099529,15944,1182
29608.128327,2827107502,2827108686,15995,1184
29608.140329,2827116490,2827117666,15826,1176
29608.151306,2827125586,2827126761,15965,1175
29608.160327,2827134706,2827135889,15998,1183
29608.172332,2827143835,2827145019,15860,1184
29608.182862,2827152939,2827154147,15885,1208
29608.192334,2827162115,2827163298,15970,1183
29608.203901,2827171256,2827172439,15823,1183
29608.214425,2827180301,2827181476,15946,1175
29608.224333,2827189388,2827190564,15970,1176
29608.235461,2827198523,2827199706,15833,1183
29608.244329,2827207651,2827208833,15835,1182
29608.256331,2827216725,2827217907,15945,1182
29608.267024,2827225786,2827226964,15849,1178
29608.276332,2827234889,2827236067,15942,1178
29608.288069,2827244001,2827245176,15953,1175
29608.298584,2827252945,2827254146,15845,1201
29608.308332,2827262110,2827263286,15939,1176
29608.319630,2827271226,2827272410,15961,1184
29608.328330,2827280354,2827281553,15825,1199
29608.340335,2827289390,2827290565,15946,1175
29608.351189,2827298439,2827299614,15944,1175
29608.360329,2827307561,2827308737,15831,1176
29608.372223,2827316512,2827317688,15945,1176
29608.382750,2827325558,2827326732,15968,1174
29608.392329,2827334656,2827335840,15907,1184
29608.403784,2827343798,2827344972,15935,1174
29608.412335,2827352843,2827354016,15967,1173
29608.424330,2827361864,2827363040,15828,1176
29608.435344,2827370821,2827371997,15939,1176
29608.444333,2827379763,2827380965,15967,1202
29608.456332,2827388908,2827390090,15828,1182
29608.466905,2827397908,2827399084,15947,1176
29608.476329,2827406984,2827408161,15958,1177
29608.487943,2827416034,2827417212,15833,1178
29608.499972,2827426181,2827427363,15964,1182
29608.510485,2827435279,2827436460,15829,1181
29608.520329,2827444407,2827445590,15946,1183
29608.531532,2827453542,2827454718,15964,1176
29608.540331,2827462625,2827463800,15914,1175
29608.552328,2827471595,2827472802,15943,1207
29608.563092,2827480696,2827481872,15965,1176
29608.572328,2827489834,2827491037,15825,1203
29608.584126,2827498997,2827500177,15947,1180
29608.594652,2827508099,2827509275,15969,1176
29608.604328,2827517181,2827518357,15830,1176
29608.615687,2827525888,2827527062,15942,1174
29608.624333,2827534843,2827536019,15963,1176
29608.636332,2827543882,2827545067,15833,1185
29608.647249,2827552937,2827554112,15962,1175
29608.656328,2827562063,2827563246,15962,1183
29608.668284,2827571138,2827572313,15832,1175
29608.678808,2827580201,2827581375,15948,1174
29608.688330,2827589262,2827590441,15967,1179
29608.699844,2827598305,2827599481,15829,1176
29608.710369,2827607181,2827608361,15947,1180
29608.720328,2827616299,2827617483,15955,1184
29608.731407,2827625402,2827626583,15866,1181
29608.740328,2827634496,2827635672,15845,1176
29608.752333,2827643593,2827644768,15973,1175
29608.762965,2827652647,2827653826,15822,1179
29608.772331,2827661733,2827662909,15949,1176
29608.784012,2827670725,2827671910,15966,1185
29608.794525,2827679858,2827681033,15848,1175
29608.804327,2827688981,2827690160,15895,1179
29608.815572,2827698047,2827699222,15971,1175
29608.824334,2827707115,2827708291,15833,1176
29608.836330,2827716096,2827717274,15941,1178
29608.847133,2827725010,2827726184,15955,1174
29608.856328,2827733928,2827735105,15832,1177
29608.868166,2827742948,2827744125,15946,1177
29608.878693,2827751979,2827753154,15973,1175
29608.888327,2827760950,2827762126,15908,1176
29608.899727,2827769994,2827771169,15934,1175
29608.908332,2827778957,2827780134,16020,1177
29608.920329,2827788074,2827789249,15836,1175
29608.931287,2827797022,2827798195,15943,1173
29608.940327,2827805970,2827807148,15961,1178
29608.952323,2827815091,2827816267,15826,1176
29608.962848,2827824078,2827825262,15919,1184
29608.972331,2827833071,2827834248,15972,1177
29608.983885,2827841950,2827843127,15821,1177
29608.994410,2827850859,2827852042,15933,1183
29609.004332,2827859968,2827861144,15970,1176
29609.015444,2827868867,2827870041,15834,1174
29609.024331,2827877939,2827879114,15942,1175
29609.036337,2827886856,2827888032,15951,1176
29609.047006,2827895812,2827896987,15831,1175
29609.056326,2827904882,2827906057,15947,1175
29609.068052,2827913930,2827915108,15968,1178
29609.078566,2827922958,2827924136,15820,1178
29609.088328,2827931906,2827933081,15850,1175
29609.099612,2827940873,2827942052,15970,1179
29609.108327,2827949942,2827951116,15832,1174
29609.120333,2827958925,2827960100,15944,1175
29609.131173,2827967983,2827969155,15969,1172
29609.140332,2827977112,2827978292,15851,1180
29609.152207,2827986169,2827987344,15948,1175
29609.162733,2827995133,2827996308,15962,1175
29609.172328,2828004179,2828005353,15836,1174
29609.183767,2828013246,2828014425,15948,1179
29609.192328,2828022233,2828023409,15956,1176
29609.204337,2828031251,2828032427,15837,1176
29609.215328,2828040169,2828041342,15941,1173
29609.224333,2828049216,2828050393,15968,1177
29609.236335,2828058256,2828059430,15911,1174
29609.246888,2828067232,2828068406,15939,1174
29609.256332,2828076190,2828077373,15974,1183
29609.267925,2828085231,2828086412,15833,1181
29609.278449,2828094304,2828095481,15948,1177
29609.288330,2828103360,2828104534,15966,1174
29609.299485,2828112440,2828113614,15835,1174
29609.308329,2828121462,2828122639,15939,1177
29609.320331,2828130352,2828131529,15968,1177
29609.331045,2828139276,2828140447,15818,1171
29609.340332,2828148376,2828149552,15953,1176
29609.352092,2828157489,2828158663,15955,1174
29609.362606,2828166594,2828167771,15832,1177
29609.372336,2828175656,2828176834,15929,1178
29609.383653,2828184774,2828185949,15975,1175
29609.392336,2828193749,2828194927,15828,1178
29609.404334,2828202818,2828203994,15942,1176
29609.415213,2828211872,2828213046,15969,1174
29609.424329,2828220779,2828221953,15834,1174
29609.436245,2828229603,2828230777,15848,1174
29609.446773,2828238523,2828239697,15969,1174
29609.456335,2828247597,2828248771,15829,1174
29609.467807,2828256534,2828257709,15948,1175
29609.476328,2828265614,2828266790,15963,1176
29609.488331,2828274632,2828275808,15852,1176
29609.499367,2828283592,2828284768,15943,1176
29609.508327,2828292647,2828293823,15972,1176
29609.520331,2828301519,2828302702,15864,1183
29609.530928,2828310625,2828311800,15939,1175
29609.540331,2828319716,2828320890,15955,1174
29609.551964,2828328814,2828329990,15827,1176
29609.562488,2828337850,2828339034,15891,1184
29609.572332,2828346802,2828347976,15968,1174
29609.583532,2828355495,2828356671,15907,1176
29609.592334,2828364467,2828365642,15942,1175
29609.604328,2828373387,2828374561,15964,1174
29609.615087,2828382473,2828383651,15858,1178
29609.624329,2828391354,2828392533,15944,1179
29609.636131,2828400375,2828401550,15972,1175
29609.646646,2828409420,2828410593,15815,1173
29609.656333,2828418341,2828419516,15945,1175
29609.667693,2828427352,2828428528,15968,1176
29609.676332,2828436409,2828437584,15835,1175
29609.688335,2828445299,2828446475,15951,1176
29609.699253,2828454267,2828455446,15968,1179
29609.708329,2828463370,2828464545,15831,1175
29609.720287,2828472410,2828473586,15937,1176
29609.730814,2828481439,2828482613,15960,1174
29609.740331,2828490415,2828491590,15833,1175
29609.751847,2828499395,2828500569,15940,1174
29609.762374,2828508400,2828509584,15968,1184
29609.772332,2828517293,2828518468,15834,1175
29609.783406,2828526340,2828527515,15850,1175
29609.792329,2828535387,2828536562,15968,1175
29609.804332,2828544307,2828545481,15832,1174
29609.814968,2828553324,2828554499,15988,1175
29609.824327,2828562321,2828563495,15973,1174
29609.836005,2828571371,2828572545,15846,1174
29609.846529,2828580436,2828581609,15947,1173
29609.856332,2828589317,2828590495,15967,1178
29609.867565,2828598241,2828599415,15827,1174
29609.876330,2828607341,2828608516,15943,1175
29609.888333,2828616307,2828617482,15953,1175
29609.899125,2828625299,2828626475,15830,1176
29609.908330,2828634372,2828635546,15942,1174
29609.920173,2828643164,2828644338,15972,1174
29609.930693,2828652001,2828653174,15904,1173
29609.940330,2828660969,2828662144,15948,1175
29609.951732,2828669838,2828671012,15969,1174
29609.960331,2828678667,2828679842,15832,1175
29609.972327,2828687688,2828688864,15950,1176
29609.983292,2828696692,2828697867,15968,1175
29609.992329,2828705638,2828706813,15830,1175
29610.004327,2828714635,2828715810,15940,1175
29610.014854,2828723605,2828724779,15969,1174
29610.024333,2828732624,2828733799,15831,1175
29610.035889,2828741405,2828742580,15963,1175
29610.046414,2828750219,2828751395,15965,1176
29610.056328,2828759140,2828760314,15833,1174
29610.067448,2828767817,2828768993,15942,1176
29610.076329,2828776803,2828777978,15973,1175
29610.088333,2828785841,2828787016,15834,1175
29610.099009,2828794791,2828795970,15945,1179
29610.108333,2828803836,2828805011,15968,1175
29610.120045,2828812800,2828813974,15831,1174
29610.132074,2828823036,2828824211,15987,1175
29610.142590,2828831903,2828833080,15830,1177
29610.152333,2828840878,2828842053,15948,1175
29610.163636,2828849981,2828851156,15965,1175
29610.172330,2828858951,2828860125,15834,1174
29610.184329,2828868006,2828869181,15963,1175
29610.195197,2828877006,2828878180,15972,1174
29610.204329,2828886077,2828887251,15833,1174
29610.216232,2828895144,2828896318,15946,1174
29610.226757,2828904107,2828905282,15974,1175
29610.236329,2828913014,2828914189,15835,1175
29610.247791,2828922055,2828923229,15943,1174
29610.256330,2828931076,2828932251,15967,1175
29610.268330,2828939998,2828941174,15820,1176
29610.279350,2828948883,2828950056,15848,1173
29610.288328,2828957941,2828959116,15974,1175
29610.300327,2828966805,2828967987,15861,1182
29610.310912,2828975858,2828977032,15944,1174
29610.320329,2828984842,2828986017,15967,1175
29610.331948,2828993849,2828995022,15844,1173
29610.342472,2829002916,2829004091,15943,1175
29610.352332,2829011966,2829013140,15969,1174
29610.363508,2829021072,2829022244,15835,1172
29610.372329,2829030009,2829031184,15947,1175
29610.384330,2829038927,2829040101,15956,1174
29610.395068,2829047912,2829049088,15835,1176
29610.404333,2829056962,2829058138,15950,1176
29610.416115,2829065913,2829067087,15970,1174
29610.426636,2829074901,2829076076,15911,1175
29610.436331,2829083763,2829084938,15943,1175
29610.447676,2829092782,2829093957,15970,1175
29610.456334,2829101765,2829102938,15832,1173
29610.468329,2829110777,2829111951,15974,1174
29610.479237,2829119763,2829120937,15919,1174
29610.488329,2829128729,2829129904,15830,1175
29610.500276,2829137457,2829138630,15982,1173
29610.510796,2829146433,2829147607,15916,1174
29610.520328,2829155509,2829156684,15835,1175
29610.531835,2829164390,2829165565,15987,1175
29610.542357,2829173476,2829174652,16034,1176
29610.552328,2829182370,2829183548,15833,1178
29610.563391,2829191370,2829192542,15927,1172
29610.572330,2829200364,2829201539,15971,1175
29610.584333,2829209258,2829210434,15824,1176
29610.594952,2829218258,2829219435,15947,1177
29610.604331,2829227235,2829228410,15969,1175
29610.615988,2829236210,2829237386,15830,1176
29610.626510,2829245130,2829246306,15852,1176
29610.636334,2829254146,2829255321,15964,1175
29610.647548,2829262982,2829264158,15869,1176
29610.656329,2829271872,2829273046,15947,1174
29610.668330,2829280642,2829281817,15966,1175
29610.679108,2829289513,2829290687,15841,1174
29610.688327,2829298554,2829299728,15940,1174
29610.700155,2829307560,2829308736,15972,1176
29610.710669,2829316575,2829317749,15835,1174
29610.720329,2829325563,2829326739,15943,1176
29610.731716,2829334458,2829335633,15954,1175
29610.740327,2829343485,2829344658,15836,1173
29610.752331,2829352247,2829353425,15947,1178
29610.763276,2829361192,2829362363,15963,1171
29610.772331,2829370284,2829371459,15908,1175
29610.784311,2829379101,2829380275,15942,1174
29610.794839,2829388167,2829389342,15969,1175
29610.804329,2829397178,2829398352,15834,1174
29610.815871,2829406119,2829407293,15932,1174
29610.826398,2829415132,2829416306,15961,1174
29610.836329,2829424068,2829425243,15820,1175
29610.847431,2829432984,2829434159,15943,1175
29610.856337,2829441998,2829443173,15967,1175
29610.868333,2829450823,2829451998,15834,1175
29610.878993,2829459889,2829461064,15961,1175
29610.888329,2829468950,2829470127,15962,1177
29610.900028,2829477945,2829479119,15833,1174
29610.910552,2829486823,2829487998,15945,1175
29610.920330,2829495827,2829497001,15968,1174
29610.931591,2829504818,2829505992,15831,1174
29610.940331,2829513783,2829514958,15932,1175
29610.952328,2829522646,2829523821,15963,1175
29610.963149,2829531467,2829532640,15830,1173
29610.972330,2829540458,2829541633,15839,1175
29610.984197,2829549447,2829550620,15968,1173
29610.994710,2829558476,2829559651,15835,1175
29611.004333,2829567415,2829568589,15944,1174
29611.015756,2829576461,2829577636,15971,1175
29611.024330,2829585511,2829586686,15840,1175
29611.036333,2829594483,2829595658,15951,1175
29611.047319,2829603451,2829604629,15965,1178
29611.056327,2829612399,2829613574,15832,1175
29611.068332,2829621195,2829622370,15946,1175
29611.078877,2829630120,2829631295,15953,1175
29611.088336,2829639109,2829640283,15825,1174
29611.099911,2829648071,2829649244,15946,1173
29611.110438,2829656966,2829658142,15969,1176
29611.120330,2829665816,2829666990,15908,1174
29611.131471,2829674610,2829675785,15947,1175
29611.140334,2829683555,2829684730,15973,1175
29611.152330,2829692490,2829693664,15827,1174
29611.163032,2829701325,2829702498,15939,1173
29611.172332,2829710187,2829711363,15961,1176
29611.184068,2829719145,2829720321,15823,1176
29611.194592,2829728019,2829729195,15951,1176
29611.204331,2829736915,2829738088,15971,1173
29611.215629,2829745772,2829746947,15831,1175
29611.224327,2829754782,2829755957,15961,1175
29611.236328,2829763781,2829764956,15965,1175
29611.247190,2829772774,2829773948,15825,1174
29611.256330,2829781747,2829782920,15947,1173
29611.268236,2829790611,2829791784,15966,1173
29611.278750,2829799648,2829800822,15837,1174
29611.288327,2829808536,2829809710,15947,1174
29611.299797,2829817573,2829818748,15963,1175
29611.308327,2829826441,2829827616,15825,1175
29611.320332,2829835435,2829836609,15852,1174
29611.331357,2829844489,2829845663,15958,1174
29611.340331,2829853511,2829854684,15831,1173
29611.352327,2829862350,2829863523,15948,1173
29611.362918,2829871285,2829872458,15954,1173
29611.372329,2829880256,2829881432,15846,1176
29611.383951,2829889027,2829890202,15941,1175
29611.394478,2829897822,2829898997,15969,1175
29611.404330,2829906790,2829907964,15830,1174
29611.415512,2829915630,2829916803,15947,1173
29611.424327,2829924567,2829925741,15953,1174
29611.436330,2829933584,2829934759,15828,1175
29611.447072,2829942544,2829943719,15948,1175
29611.456334,2829951612,2829952794,15971,1182
29611.468115,2829960652,2829961829,15905,1177
29611.478633,2829969764,2829970936,15946,1172
29611.488332,2829978630,2829979805,15972,1175
29611.499669,2829987525,2829988702,15835,1177
29611.508329,2829996414,2829997587,15936,1173
29611.520329,2830005177,2830006357,15973,1180
29611.531229,2830014148,2830015321,15833,1173
29611.540328,2830023113,2830024286,15950,1173
29611.552276,2830032127,2830033300,15969,1173
29611.562790,2830041144,2830042315,15833,1171
29611.572327,2830050203,2830051377,15958,1174
29611.583837,2830059223,2830060397,15963,1174
29611.594350,2830068327,2830069502,15829,1175
29611.604330,2830077343,2830078520,15945,1177
29611.615397,2830086364,2830087539,15966,1175
29611.624332,2830095156,2830096331,15829,1175
29611.636332,2830104043,2830105219,15943,1176
29611.646958,2830112961,2830114136,15971,1175
29611.656329,2830121626,2830122803,15830,1177
29611.667990,2830130417,2830131592,15849,1175
29611.678518,2830139311,2830140484,15969,1173
29611.688330,2830148319,2830149493,15827,1174
29611.699552,2830157203,2830158376,15946,1173
29611.708336,2830165992,2830167166,15961,1174
29611.720329,2830174735,2830175910,15846,1175
29611.731112,2830183554,2830184729,15942,1175
29611.740328,2830192574,2830193748,15969,1174
29611.752149,2830201462,2830202636,15832,1174
29611.762672,2830210458,2830211636,15976,1178
29611.772330,2830219383,2830220557,15952,1174
29611.783709,2830228300,2830229479,15832,1179
29611.792328,2830237228,2830238403,15943,1175
29611.804331,2830246120,2830247296,15970,1176
29611.815277,2830255088,2830256266,15914,1178
29611.824331,2830264160,2830265334,15943,1174
29611.836316,2830273078,2830274254,15968,1176
29611.846830,2830282001,2830283176,15815,1175
29611.856331,2830290988,2830292166,15950,1178
29611.867875,2830299695,2830300871,15969,1176
29611.878390,2830308796,2830309968,15835,1172
29611.888327,2830317642,2830318815,15946,1173
29611.899437,2830326383,2830327558,15969,1175
29611.908327,2830335178,2830336352,15824,1174
29611.920328,2830344233,2830345410,15964,1177
29611.930999,2830353090,2830354263,15970,1173
29611.940329,2830362080,2830363254,15831,1174
29611.952031,2830370869,2830372043,15942,1174
29611.962558,2830379753,2830380925,15972,1172
29611.972331,2830388559,2830389732,15830,1173
29611.983592,2830397400,2830398576,15947,1176
29611.992334,2830406295,2830407470,15966,1175
29612.004328,2830415112,2830416287,15831,1175
29612.015151,2830423929,2830425103,15853,1174
29612.024329,2830432702,2830433876,15964,1174
29612.036189,2830441587,2830442763,15833,1176
29612.046714,2830450437,2830451611,15949,1174
29612.056333,2830459478,2830460652,15971,1174
29612.067749,2830468405,2830469580,15835,1175
29612.076329,2830477348,2830478521,15945,1173
29612.088332,2830486261,2830487436,15960,1175
29612.099310,2830495001,2830496175,15832,1174
29612.108329,2830503895,2830505069,15939,1174
29612.120328,2830512741,2830513915,15939,1174
29612.130870,2830521458,2830522634,15823,1176
29612.140327,2830530233,2830531410,15943,1177
29612.151916,2830539239,2830540413,15972,1174
29612.162438,2830548084,2830549257,15910,1173
29612.172332,2830556837,2830558012,15869,1175
29612.183477,2830565799,2830566972,15966,1173
29612.192331,2830574715,2830575888,15837,1173
29612.204332,2830583654,2830584828,15945,1174
29612.215037,2830592596,2830593778,15965,1182
29612.224328,2830601621,2830602796,15826,1175
29612.236072,2830610568,2830611744,15942,1176
29612.246598,2830619454,2830620632,15960,1178
29612.256327,2830628464,2830629638,15826,1174
29612.267633,2830637285,2830638461,15960,1176
29612.276328,2830646130,2830647303,15971,1173
29612.288330,2830654940,2830656116,15830,1176
29612.299194,2830663975,2830665148,15950,1173
29612.308331,2830672984,2830674162,15964,1178
29612.320229,2830681904,2830683078,15829,1174
29612.330753,2830690858,2830692036,15940,1178
29612.340331,2830699755,2830700928,15968,1173
29612.351789,2830708692,2830709866,15832,1174
29612.360328,2830717577,2830718749,15846,1172
29612.372335,2830726592,2830727767,15971,1175
29612.383350,2830735283,2830736457,15832,1174
29612.392333,2830744123,2830745296,15940,1173
29612.404329,2830752886,2830754060,15975,1174
29612.414910,2830761881,2830763054,15844,1173
29612.424331,2830770669,2830771842,15948,1173
29612.435957,2830779503,2830780676,15957,1173
29612.446470,2830788421,2830789597,15830,1176
29612.456328,2830797282,2830798455,15943,1173
29612.467518,2830806013,2830807188,15954,1175
29612.476331,2830814978,2830816153,15829,1175
29612.488329,2830823520,2830824693,15944,1173
29612.499080,2830832458,2830833634,15968,1176
29612.508331,2830841405,2830842579,15903,1174
29612.520112,2830850388,2830851562,15946,1174
29612.530638,2830859268,2830860445,15971,1177
29612.540331,2830868209,2830869384,15831,1175
29612.551672,2830877138,2830878313,15945,1175
29612.560330,2830885979,2830887152,15972,1173
29612.572331,2830894888,2830896063,15834,1175
29612.583233,2830903618,2830904792,15946,1174
29612.592330,2830912565,2830913740,15964,1175
29612.604269,2830921388,2830922562,15831,1174
29612.614794,2830930132,2830931306,15965,1174
29612.624327,2830938795,2830939968,15967,1173
29612.635830,2830947776,2830948950,15836,1174
29612.646353,2830956656,2830957831,15936,1175
29612.656330,2830965690,2830966863,15970,1173
29612.667390,2830974598,2830975772,15832,1174
29612.676330,2830983432,2830984605,15947,1173
29612.688333,2830992413,2830993585,15969,1172
29612.698950,2831001322,2831002495,15826,1173
29612.708327,2831010173,2831011349,15850,1176
29612.719997,2831019063,2831020236,15969,1173
29612.730510,2831027972,2831029146,15822,1174
29612.740330,2831037038,2831038212,15952,1174
29612.751557,2831045974,2831047148,15954,1174
29612.760327,2831054763,2831055937,15846,1174
29612.772330,2831063531,2831064705,15948,1174
29612.783118,2831072356,2831073534,16002,1178
29612.792328,2831081439,2831082614,15835,1175
29612.804152,2831090156,2831091330,15948,1174
29612.814678,2831098995,2831100169,15950,1174
29612.824334,2831107781,2831108955,15832,1174
29612.835712,2831116692,2831117866,15949,1174
29612.844329,2831125499,2831126679,15971,1180
29612.856334,2831134468,2831135642,15912,1174
29612.867273,2831143462,2831144636,15947,1174
29612.876334,2831152300,2831153472,15966,1172
29612.888309,2831161219,2831162392,15823,1173
29612.898834,2831170029,2831171203,15946,1174
29612.908327,2831178958,2831180132,15976,1174
29612.919870,2831187698,2831188872,15825,1174
29612.930394,2831196506,2831197679,15942,1173
29612.940329,2831205317,2831206491,15950,1174
29612.951430,2831214154,2831215330,15830,1176
29612.960327,2831222938,2831224109,15963,1171
29612.972329,2831231688,2831232864,15957,1176
29612.996332,2831244827,2831245464,11964,637
29613.007044,2831249083,2831249720,12036,637
29613.016330,2831256203,2831257352,16005,1149
29613.028076,2831264769,2831265916,15928,1147
29613.038603,2831273380,2831274528,16078,1148
29613.048332,2831282159,2831283309,15976,1150
29613.059635,2831290801,2831291974,15925,1173
29613.068333,2831299398,2831300571,15968,1173
29613.080336,2831308142,2831309317,15902,1175
29613.091196,2831316984,2831318156,15864,1172
29613.100332,2831325838,2831327012,15975,1174
29613.112240,2831334677,2831335851,15919,1174
29613.122756,2831343613,2831344787,15857,1174
29613.132329,2831352559,2831353733,15984,1174
29613.143802,2831361351,2831362524,15917,1173
29613.152330,2831370116,2831371293,15905,1177
29613.164329,2831378833,2831380007,15977,1174
29613.175362,2831387794,2831388972,15916,1178
29613.184330,2831396514,2831397692,15843,1178
29613.196331,2831405475,2831406648,15967,1173
29613.206924,2831414067,2831415241,15904,1174
29613.216331,2831422985,2831424159,15831,1174
29613.227962,2831431806,2831432980,15971,1174
29613.238483,2831440693,2831441867,15916,1174
29613.248326,2831449456,2831450629,15852,1173
29613.259522,2831458121,2831459298,15985,1177
29613.268331,2831467084,2831468261,15914,1177
29613.280330,2831476021,2831477193,15850,1172
29613.291084,2831484861,2831486035,15997,1174
29613.300332,2831493766,2831494939,15894,1173
29613.312115,2831502557,2831503733,15848,1176
29613.322644,2831511454,2831512628,15997,1174
29613.332333,2831520311,2831521484,15922,1173
29613.343676,2831529199,2831530375,15831,1176
29613.352327,2831538060,2831539234,15916,1174
29613.364367,2831546703,2831547876,15915,1173
29613.375236,2831555367,2831556539,15832,1172
29613.384329,2831564130,2831565303,15984,1173
29613.396281,2831572888,2831574062,15905,1174
29613.406791,2831581791,2831582966,15764,1175
29613.416331,2831590605,2831591779,15985,1174
29613.427842,2831599589,2831600761,15910,1172
29613.438357,2831608521,2831609695,15854,1174
29613.448332,2831617353,2831618527,15998,1174
29613.459403,2831626019,2831627191,15912,1172
29613.468327,2831634905,2831636083,15850,1178
29613.480332,2831643620,2831644797,15999,1177
29613.490966,2831650576,2831651723,15841,1147
29613.500332,2831659042,2831660191,15908,1149
29613.512003,2831667648,2831668823,15997,1175
29613.522526,2831676439,2831677611,15936,1172
29613.532328,2831685108,2831686282,15852,1174
29613.543562,2831694047,2831695219,15983,1172
29613.552329,2831702985,2831704156,15936,1171
29613.564331,2831711821,2831712994,15834,1173
29613.575123,2831720458,2831721633,15985,1175
29613.584329,2831729391,2831730565,15905,1174
29613.596155,2831738328,2831739502,15846,1174
29613.606683,2831747261,2831748440,15989,1179
29613.616334,2831755972,2831757145,15912,1173
29613.627716,2831764542,2831765714,15849,1172
29613.636330,2831773156,2831774331,15989,1175
29613.648329,2831781917,2831783091,15915,1174
29613.659276,2831790780,2831791953,15849,1173
29613.668327,2831799777,2831800955,15998,1178
29613.680323,2831808712,2831809887,15917,1175
29613.690838,2831817646,2831818820,15832,1174
29613.700327,2831826593,2831827767,15921,1174
29613.711884,2831835432,2831836606,15916,1174
29613.722397,2831844169,2831845319,15818,1150
29613.732330,2831852784,2831853958,15989,1174
29613.743443,2831861506,2831862677,15910,1171
29613.752328,2831870390,2831871564,15831,1174
29613.764332,2831879124,2831880297,15982,1173
29613.775005,2831887813,2831888987,15910,1174
29613.784331,2831896596,2831897769,15828,1173
29613.796044,2831905400,2831906575,15999,1175
29613.806565,2831914365,2831915539,15935,1174
29613.816328,2831923088,2831924262,15812,1174
29613.827603,2831931895,2831933066,15994,1171
29613.836328,2831940738,2831941911,15915,1173
29613.848336,2831949597,2831950770,15908,1173
29613.859165,2831958527,2831959704,16002,1177
29613.868336,2831967313,2831968486,15916,1173
29613.880196,2831976024,2831977198,15917,1174
29613.890723,2831984890,2831986066,16072,1176
29613.900328,2831993950,2831995124,16010,1174
29613.911756,2832002819,2832003994,15908,1175
29613.920328,2832011611,2832012785,15979,1174
29613.932329,2832020320,2832021495,15916,1175
29613.943316,2832029116,2832030287,15830,1171
29613.952327,2832037707,2832038881,15986,1174
29613.964327,2832046198,2832047373,15914,1175
29613.974877,2832055059,2832056233,15844,1174
29613.984329,2832063919,2832065093,16005,1174
29613.995924,2832072658,2832073832,15915,1174
29614.006437,2832081307,2832082480,15848,1173
29614.016329,2832090094,2832091266,15993,1172
29614.027484,2832098968,2832100141,15921,1173
29614.036329,2832107566,2832108739,15827,1173
29614.048330,2832116277,2832117453,15921,1176
29614.059045,2832125066,2832126216,15908,1150
29614.068328,2832133957,2832135131,15831,1174
29614.080082,2832142914,2832144087,15975,1173
29614.090603,2832151681,2832152855,15917,1174
29614.100327,2832160585,2832161757,15831,1172
29614.111642,2832169411,2832170587,15987,1176
29614.120331,2832178221,2832179393,15913,1172
29614.132329,2832186990,2832188164,15833,1174
29614.143204,2832195926,2832197097,15996,1171
29614.152328,2832204834,2832206008,15914,1174
29614.164240,2832213644,2832214817,15877,1173
29614.174767,2832222686,2832223860,15998,1174
29614.184327,2832231625,2832232799,15916,1174
29614.195804,2832240384,2832241557,16000,1173
29614.204331,2832249050,2832250198,16082,1148
29614.216329,2832257708,2832258882,16008,1174
29614.227360,2832266337,2832267510,15860,1173
29614.236329,2832275053,2832276230,15985,1177
29614.248334,2832283542,2832284715,15917,1173
29614.258917,2832292370,2832293543,15836,1173
29614.268329,2832301232,2832302405,15984,1173
29614.279962,2832310029,2832311201,15910,1172
29614.290480,2832318827,2832319976,15878,1149
29614.300331,2832327638,2832328811,15982,1173
29614.311523,2832336277,2832337451,15915,1174
29614.320330,2832344966,2832346139,15851,1173
29614.332330,2832353854,2832355028,15986,1174
29614.343085,2832362787,2832363958,15912,1171
29614.352332,2832371754,2832372927,15848,1173
29614.364123,2832380556,2832381730,15990,1174
29614.374645,2832389265,2832390437,15917,1172
29614.384333,2832397831,2832399005,15834,1174
29614.395684,2832406425,2832407598,15911,1173
29614.404331,2832415186,2832416360,15918,1174
29614.416327,2832424120,2832425294,15915,1174
29614.427243,2832432868,2832434039,15997,1171
29614.436327,2832441721,2832442893,15918,1172
29614.448275,2832450237,2832451387,15830,1150
29614.458803,2832458834,2832459987,15983,1153
29614.468328,2832467651,2832468824,15916,1173
29614.479836,2832476359,2832477532,15841,1173
29614.490367,2832485044,2832486194,16019,1150
29614.500336,2832493516,2832494690,15912,1174
29614.511396,2832502148,2832503324,15848,1176
29614.520328,2832511004,2832512178,16002,1174
29614.532335,2832519767,2832520939,16006,1172
29614.542964,2832528379,2832529550,15997,1171
29614.552328,2832537183,2832538355,16087,1172
29614.564004,2832545981,2832547131,15977,1150
29614.574517,2832554698,2832555870,15834,1172
29614.584329,2832563575,2832564750,15979,1175
29614.595565,2832572041,2832573217,16010,1176
29614.604334,2832580774,2832581923,15913,1149
29614.616336,2832589385,2832590557,16071,1172
29614.627123,2832597855,2832599003,16000,1148
29614.636332,2832606650,2832607825,15855,1175
29614.648162,2832615390,2832616564,15973,1174
29614.658682,2832623984,2832625159,15911,1175
29614.668328,2832632811,2832633983,15861,1172
29614.679723,2832641425,2832642598,15977,1173
29614.688328,2832650095,2832651269,15913,1174
29614.700334,2832658947,2832660120,15854,1173
29614.711283,2832667903,2832669076,15987,1173
29614.720330,2832676890,2832678061,16003,1171
29614.732316,2832685499,2832686648,15931,1149
29614.742844,2832693862,2832695033,16011,1171
29614.752328,2832702617,2832703765,15980,1148
29614.763876,2832710862,2832712012,15935,1150
29614.774403,2832719503,2832720677,15959,1174
29614.784328,2832728310,2832729458,15985,1148
29614.795436,2832736798,2832737972,15925,1174
29614.804332,2832745436,2832746585,16060,1149
29614.816328,2832754168,2832755316,15893,1148
29614.826997,2832762584,2832763731,15937,1147
29614.836329,2832771187,2832772331,16016,1144
29614.848043,2832779897,2832781072,15906,1175
29614.858558,2832788882,2832790056,15849,1174
29614.868330,2832797450,2832798599,16020,1149
29614.879604,2832806257,2832807429,15913,1172
29614.888331,2832814990,2832816138,15914,1148
29614.900334,2832823574,2832824722,16012,1148
29614.911165,2832832361,2832833536,15913,1175
29614.920329,2832841250,2832842424,15863,1174
29614.932203,2832850236,2832851409,15987,1173
29614.942725,2832858729,2832859904,16002,1175
29614.952331,2832867220,2832868394,15953,1174
29614.963762,2832875933,2832877083,16069,1150
29614.972330,2832884619,2832885792,15995,1173
29614.984330,2832893433,2832894580,15915,1147
29614.995323,2832901994,2832903143,16075,1149
29615.004328,2832910627,2832911776,16020,1149
29615.016335,2832919035,2832920180,15934,1145
29615.026886,2832927543,2832928714,16086,1171
29615.036331,2832936104,2832937251,16003,1147
29615.047916,2832944579,2832945727,15862,1148
29615.058445,2832953162,2832954311,15980,1149
29615.068330,2832961814,2832962989,15915,1175
29615.079477,2832970401,2832971576,15841,1175
29615.088331,2832979162,2832980308,15921,1146
29615.100329,2832987817,2832988990,15918,1173
29615.111040,2832996524,2832997699,15875,1175
29615.120328,2833005277,2833006423,15971,1146
29615.132081,2833013859,2833015032,15910,1173
29615.142597,2833022519,2833023689,15848,1170
29615.152329,2833031251,2833032424,15972,1173
29615.163643,2833039621,2833040772,15933,1151
29615.172328,2833048264,2833049408,15840,1144
29615.184329,2833056900,2833058048,15986,1148
29615.195202,2833065439,2833066615,15912,1176
29615.204326,2833074122,2833075295,15892,1173
29615.216243,2833082859,2833084008,15985,1149
29615.226765,2833091539,2833092710,15918,1171
29615.236335,2833100116,2833101288,15912,1172
29615.247803,2833108689,2833109861,15957,1172
29615.256332,2833117234,2833118382,15916,1148
29615.268328,2833125734,2833126879,15843,1145
29615.279362,2833134144,2833135293,15967,1149
29615.288329,2833142810,2833143958,15913,1148
29615.300334,2833151452,2833152601,15874,1149
29615.310923,2833160140,2833161288,15968,1148
29615.320327,2833168855,2833170028,15913,1173
29615.331957,2833177595,2833178744,15836,1149
29615.342483,2833186109,2833187256,15962,1147
29615.352328,2833194712,2833195888,15914,1176
29615.363517,2833203327,2833204474,15867,1147
29615.372332,2833211737,2833212885,15985,1148
29615.384329,2833220098,2833221247,15909,1149
29615.395080,2833228706,2833229878,15981,1172
29615.404334,2833237582,2833238755,16077,1173
29615.416122,2833246068,2833247242,16000,1174
29615.426640,2833254782,2833255954,15959,1172
29615.436331,2833263476,2833264623,16010,1147
29615.447685,2833272176,2833273324,15882,1148
29615.456328,2833280909,2833282083,15833,1174
29615.468333,2833289772,2833290945,15951,1173
29615.479243,2833298560,2833299709,15914,1149
29615.488330,2833307096,2833308246,15826,1150
29615.500284,2833315583,2833316756,15968,1173
29615.510806,2833324376,2833325547,15902,1171
29615.520329,2833333211,2833334384,15832,1173
29615.531844,2833342032,2833343179,15976,1147
29615.542366,2833350728,2833351877,15913,1149
29615.552327,2833359592,2833360741,15831,1149
29615.563403,2833368185,2833369335,15982,1150
29615.572329,2833376529,2833377678,15915,1149
29615.584329,2833384986,2833386134,15915,1148
29615.594964,2833393640,2833394789,15959,1149
29615.604330,2833402177,2833403325,15917,1148
29615.615997,2833410670,2833411818,15851,1148
29615.626526,2833419248,2833420419,16001,1171
29615.636329,2833427888,2833429065,15914,1177
29615.647557,2833436574,2833437723,15847,1149
29615.656335,2833445127,2833446274,15989,1147
29615.668334,2833453805,2833454954,15914,1149
29615.679118,2833462616,2833463764,15845,1148
29615.688331,2833471473,2833472623,15991,1150
29615.700163,2833479942,2833481093,15910,1151
29615.710678,2833488653,2833489802,15850,1149
29615.720330,2833497234,2833498383,15967,1149
29615.731722,2833505699,2833506848,16006,1149
29615.740327,2833514235,2833515381,15932,1146
29615.752328,2833522803,2833523979,16060,1176
29615.763282,2833531538,2833532687,15991,1149
29615.772332,2833540172,2833541321,15979,1149
29615.784321,2833548829,2833549977,16008,1148
29615.794843,2833557386,2833558534,16007,1148
29615.804328,2833565822,2833566994,15981,1172
29615.815884,2833574385,2833575532,16079,1147
29615.826405,2833582874,2833584048,15994,1174
29615.836335,2833591291,2833592440,15857,1149
29615.847444,2833599860,2833601009,15956,1149
29615.856333,2833608449,2833609622,15908,1173
29615.868329,2833617038,2833618186,15863,1148
29615.879005,2833625565,2833626712,15974,1147
29615.888333,2833634221,2833635394,15911,1173
29615.900037,2833642702,2833643851,15833,1149
29615.910565,2833651148,2833652298,15978,1150
29615.920329,2833659810,2833660959,15908,1149
29615.931605,2833668444,2833669594,15895,1150
29615.940330,2833676897,2833678039,15985,1142
29615.952329,2833685284,2833686435,15915,1151
29615.963158,2833693770,2833694918,15849,1148
29615.972335,2833702450,2833703599,16000,1149
29615.984205,2833711203,2833712352,15934,1149
29615.994719,2833719814,2833720964,15847,1150
29616.004326,2833728356,2833729506,15989,1150
29616.015765,2833736990,2833738138,15921,1148
29616.024332,2833745361,2833746534,15859,1173
29616.036329,2833754193,2833755342,15985,1149
29616.047327,2833762777,2833763925,15935,1148
29616.056330,2833771413,2833772561,15836,1148
29616.068331,2833780103,2833781277,15954,1174
29616.078886,2833788895,2833790045,15936,1150
29616.088329,2833797337,2833798512,15862,1175
29616.099923,2833805845,2833806994,15985,1149
29616.110445,2833814406,2833815554,15917,1148
29616.120331,2833822788,2833823937,15847,1149
29616.131486,2833831352,2833832501,15923,1149
29616.140330,2833840010,2833841156,15915,1146
29616.152329,2833848592,2833849740,15828,1148
29616.163048,2833857132,2833858282,16001,1150
29616.172331,2833865742,2833866891,15924,1149
29616.184076,2833874371,2833875520,15842,1149
29616.194606,2833882956,2833884128,16002,1172
29616.204335,2833891832,2833892981,15908,1149
29616.215637,2833900271,2833901419,15818,1148
29616.224326,2833908777,2833909924,15983,1147
29616.236331,2833917304,2833918452,15909,1148
29616.247200,2833925888,2833927037,15825,1149
29616.256328,2833934546,2833935718,15950,1172
29616.268246,2833943238,2833944387,15925,1149
29616.278763,2833951609,2833952758,15899,1149
29616.288335,2833960024,2833961170,16058,1146
29616.299802,2833968559,2833969707,16010,1148
29616.308332,2833976943,2833978092,15943,1149
29616.320331,2833985350,2833986498,16075,1148
29616.331363,2833993860,2833995009,16004,1149
29616.340329,2834002347,2834003494,15928,1147
29616.352328,2834010733,2834011882,16045,1149
29616.362924,2834019320,2834020469,15999,1149
29616.372334,2834027880,2834029027,15934,1147
29616.383964,2834036290,2834037439,16076,1149
29616.394485,2834044851,2834046000,15910,1149
29616.404327,2834053410,2834054559,15834,1149
29616.415523,2834061920,2834063069,15967,1149
29616.424335,2834070452,2834071600,15916,1148
29616.436327,2834079036,2834080188,15879,1152
29616.447083,2834087497,2834088646,15976,1149
29616.456330,2834096033,2834097181,15932,1148
29616.468116,2834104594,2834105743,15810,1149
29616.478645,2834113233,2834114383,15921,1150
29616.488331,2834121849,2834122995,15918,1146
29616.499678,2834130435,2834131581,15828,1146
29616.508327,2834138888,2834140035,15999,1147
29616.520329,2834147222,2834148395,15913,1173
29616.531238,2834155851,2834156998,15829,1147
29616.540329,2834164432,2834165579,16000,1147
29616.552285,2834172915,2834174088,15916,1173
29616.562798,2834181466,2834182614,15829,1148
29616.572331,2834189932,2834191080,15979,1148
29616.583845,2834198394,2834199543,15906,1149
29616.594359,2834207055,2834208204,15825,1149
29616.604328,2834215693,2834216842,15980,1149
29616.615406,2834224133,2834225280,15935,1147
29616.624334,2834232660,2834233808,15894,1148
29616.636329,2834241168,2834242313,15984,1145
29616.646966,2834249558,2834250702,15933,1144
29616.656332,2834258088,2834259234,15829,1146
29616.668006,2834266692,2834267842,16001,1150
29616.678525,2834275198,2834276347,15921,1149
29616.688330,2834283713,2834284860,15843,1147
29616.699566,2834292124,2834293272,16003,1148
29616.708330,2834300591,2834301741,15917,1150
29616.720330,2834309129,2834310276,15815,1147
29616.731127,2834317634,2834318781,16002,1147
29616.740327,2834326333,2834327480,15915,1147
29616.752157,2834334843,2834335990,15812,1147
29616.762685,2834343498,2834344643,15982,1145
29616.772328,2834352154,2834353303,15914,1149
29616.783718,2834360662,2834361809,15818,1147
29616.792330,2834369387,2834370536,15979,1149
29616.804330,2834377946,2834379095,15914,1149
29616.815281,2834386253,2834387400,15875,1147
29616.824330,2834395027,2834396177,15918,1150
29616.836326,2834403546,2834404696,15929,1150
29616.846840,2834412159,2834413308,15832,1149
29616.856330,2834420698,2834421845,15999,1147
29616.867885,2834429270,2834430443,15915,1173
29616.878403,2834437839,2834438986,15890,1147
29616.888328,2834446425,2834447573,15992,1148
29616.899444,2834454959,2834456108,15915,1149
29616.908330,2834463664,2834464811,15832,1147
29616.920328,2834472095,2834473245,15940,1150
29616.931005,2834480546,2834481691,15913,1145
29616.940331,2834488955,2834490126,15863,1171
29616.952043,2834497458,2834498606,15958,1148
29616.962564,2834505871,2834507018,15908,1147
29616.972334,2834514580,2834515729,15910,1149
29616.983600,2834522905,2834524054,15942,1149
29616.992333,2834531343,2834532492,15957,1149
29617.004330,2834539635,2834540783,15824,1148
29617.015161,2834547999,2834549146,15944,1147
29617.024329,2834556745,2834557894,15955,1149
29617.036197,2834565199,2834566349,15845,1150
29617.046722,2834573733,2834574882,15947,1149
29617.056331,2834582190,2834583336,16005,1146
29617.067758,2834590770,2834591919,15829,1149
29617.076331,2834599277,2834600425,15960,1148
29617.088328,2834607872,2834609021,15976,1149
29617.099321,2834616162,2834617311,15862,1149
29617.108330,2834624688,2834625833,15946,1145
29617.120330,2834633163,2834634311,15970,1148
29617.130879,2834641489,2834642637,15830,1148
29617.140328,2834649826,2834650969,15946,1143
29617.151926,2834658227,2834659375,15963,1148
29617.162440,2834666740,2834667891,15833,1151
29617.172333,2834675349,2834676498,15847,1149
29617.183489,2834683932,2834685081,15988,1149
29617.192328,2834692566,2834693715,15860,1149
29617.204327,2834700956,2834702103,15949,1147
29617.215049,2834709510,2834710659,15989,1149
29617.224332,2834718119,2834719292,15849,1173
29617.236081,2834726875,2834728023,15942,1148
29617.246608,2834735481,2834736629,15977,1148
29617.256336,2834744042,2834745189,15847,1147
29617.267641,2834752575,2834753724,15936,1149
29617.276328,2834761208,2834762356,15950,1148
29617.288331,2834769687,2834770834,15855,1147
29617.299202,2834778196,2834779340,15938,1144
29617.308329,2834786822,2834787971,16016,1149
29617.320246,2834795302,2834796449,15918,1147
29617.330759,2834803813,2834804962,15890,1149
29617.340331,2834812230,2834813373,15969,1143
29617.351799,2834820684,2834821833,15812,1149
29617.360328,2834829123,2834830273,15945,1150
29617.372329,2834837609,2834838758,15973,1149
29617.383358,2834846291,2834847440,15809,1149
29617.392335,2834854753,2834855901,15943,1148
29617.404331,2834863069,2834864217,15994,1148
29617.414919,2834871482,2834872630,15815,1148
29617.424329,2834879867,2834881016,15955,1149
29617.435966,2834888148,2834889296,15967,1148
29617.446482,2834896503,2834897653,15859,1150
29617.456327,2834905020,2834906166,15947,1146
29617.467526,2834913378,2834914527,15970,1149
29617.476328,2834921815,2834922960,15832,1145
29617.488336,2834930064,2834931213,15841,1149
29617.499087,2834938508,2834939656,15995,1148
29617.508331,2834947160,2834948308,15811,1148
29617.520119,2834955570,2834956718,15849,1148
29617.530649,2834964101,2834965248,16017,1147
29617.540329,2834972583,2834973727,15819,1144
29617.551678,2834981077,2834982225,15891,1148
29617.560329,2834989412,2834990560,15969,1148
29617.572328,2834997772,2834998919,15824,1147
29617.583241,2835006206,2835007354,15942,1148
29617.592327,2835014780,2835015927,15967,1147
29617.604277,2835023185,2835024335,15809,1150
29617.614802,2835031573,2835032716,15945,1143
29617.624335,2835040047,2835041195,15955,1148
29617.635838,2835048581,2835049729,15809,1148
29617.646362,2835057137,2835058284,15944,1147
29617.656332,2835065543,2835066690,15969,1147
29617.667406,2835073958,2835075108,15893,1150
29617.676336,2835082521,2835083669,15944,1148
29617.688335,2835090808,2835091956,16015,1148
29617.698961,2835099185,2835100334,15862,1149
29617.708330,2835107597,2835108744,15950,1147
29617.720005,2835116251,2835117424,15954,1173
29617.730519,2835124803,2835125951,15818,1148
29617.740330,2835133408,2835134555,15944,1147
29617.751567,2835141744,2835142891,15961,1147
29617.760331,2835150247,2835151395,15835,1148
29617.772329,2835158662,2835159810,15963,1148
29617.783127,2835167096,2835168245,15993,1149
29617.792334,2835175703,2835176876,15829,1173
29617.804161,2835184165,2835185312,15884,1147
29617.814687,2835192719,2835193868,15965,1149
29617.824327,2835201421,2835202570,15859,1149
29617.835719,2835209954,2835211102,15891,1148
29617.844334,2835218283,2835219430,15965,1147
29617.856332,2835226693,2835227840,15820,1147
29617.867280,2835235229,2835236376,15848,1147
29617.876328,2835243883,2835245031,15970,1148
29617.888318,2835252347,2835253498,15833,1151
29617.898843,2835260769,2835261917,15950,1148
29617.908328,2835269254,2835270402,15966,1148
29617.919879,2835277864,2835279011,15846,1147
29617.930402,2835286201,2835287350,15943,1149
29617.940328,2835294637,2835295783,15970,1146
29617.951439,2835303163,2835304312,15835,1149
29617.960329,2835311693,2835312841,15949,1148
29617.972333,2835320125,2835321273,15956,1148
29617.983001,2835328655,2835329802,15833,1147
29617.992331,2835337364,2835338507,15949,1143
29618.004046,2835345724,2835346872,15969,1148
29618.014567,2835354497,2835355644,15911,1147
29618.024333,2835363024,2835364173,15945,1149
29618.035606,2835371439,2835372588,15968,1149
29618.044327,2835380024,2835381171,15833,1147
29618.056328,2835388653,2835389799,15944,1146
29618.067165,2835397077,2835398225,15972,1148
29618.076328,2835405744,2835406890,15829,1146
29618.088201,2835414028,2835415176,15942,1148
29618.098728,2835422391,2835423547,16000,1156
29618.108329,2835430719,2835431868,15829,1149
29618.119763,2835438934,2835440082,15961,1148
29618.128329,2835447293,2835448440,15966,1147
29618.140328,2835455898,2835457045,15832,1147
29618.151321,2835464214,2835465363,15943,1149
29618.160328,2835472896,2835474045,15962,1149
29618.172329,2835481475,2835482622,15832,1147
29618.182882,2835489806,2835490954,15942,1148
29618.192330,2835498143,2835499288,15973,1145
29618.203919,2835506620,2835507767,15827,1147
29618.214441,2835514998,2835516146,15852,1148
29618.224332,2835523666,2835524812,15959,1146
29618.235479,2835532025,2835533174,15834,1149
29618.244330,2835540484,2835541633,15945,1149
29618.256328,2835548872,2835550018,15969,1146
29618.267039,2835557274,2835558421,15833,1147
29618.276329,2835565778,2835566926,15947,1148
29618.288086,2835574333,2835575481,15967,1148
29618.298600,2835582723,2835583873,15832,1150
29618.308333,2835591446,2835592593,15961,1147
29618.319646,2835599758,2835600906,15955,1148
29618.328329,2835608027,2835609176,15832,1149
29618.340330,2835616484,2835617630,15945,1146
29618.351208,2835624814,2835625961,15967,1147
29618.360329,2835633467,2835634615,15909,1148
29618.372241,2835641807,2835642954,15946,1147
29618.382767,2835650139,2835651287,15968,1148
29618.392333,2835658696,2835659844,15827,1148
29618.403802,2835667033,2835668180,15945,1147
29618.412329,2835675492,2835676641,15972,1149
29618.424328,2835683850,2835685000,15831,1150
29618.435362,2835692119,2835693267,15939,1148
29618.444330,2835700452,2835701599,15967,1147
29618.456328,2835708758,2835709903,15831,1145
29618.466924,2835717281,2835718429,15959,1148
29618.476331,2835725638,2835726786,15962,1148
29618.487959,2835734023,2835735170,15834,1147
29618.498483,2835742403,2835743552,15944,1149
29618.508327,2835750832,2835751980,16002,1148
29618.519519,2835759470,2835760617,15833,1147
29618.528327,2835767902,2835769050,15946,1148
29618.540329,2835776304,2835777450,15966,1146
29618.551079,2835784749,2835785897,15830,1148
29618.560332,2835793538,2835794686,15849,1148
29618.572128,2835801921,2835803068,15972,1147
29618.582640,2835810431,2835811580,15831,1149
29618.592332,2835819007,2835820154,15937,1147
29618.603687,2835827488,2835828636,15967,1148
29618.612336,2835835853,2835837001,15838,1148
29618.624334,2835844118,2835845269,15936,1151
29618.635247,2835852776,2835853924,15968,1148
29618.644331,2835861259,2835862408,15703,1149
29618.656281,2835869744,2835870891,15947,1147
29618.666808,2835878054,2835879202,15949,1148
29618.676339,2835886386,2835887534,15832,1148
29618.687842,2835894642,2835895789,15947,1147
29618.698368,2835902974,2835904122,15956,1148
29618.708331,2835911305,2835912453,15912,1148
29618.719402,2835919727,2835920874,15947,1147
29618.728333,2835928063,2835929211,15970,1148
29618.740333,2835936492,2835937639,15832,1147
29618.750963,2835944844,2835945992,15947,1148
29618.760328,2835953276,2835954424,15972,1148
29618.771999,2835961760,2835962908,15831,1148
29618.782523,2835970142,2835971286,15945,1144
29618.792329,2835978610,2835979757,15965,1147
29618.803559,2835987164,2835988313,15833,1149
29618.812330,2835995521,2835996669,15960,1148
29618.824332,2836003908,2836005056,15967,1148
29618.835120,2836012336,2836013484,15833,1148
29618.844330,2836020764,2836021913,15946,1149
29618.856166,2836029173,2836030318,15964,1145
29618.866680,2836037627,2836038775,15837,1148
29618.876333,2836046231,2836047381,15942,1150
29618.887727,2836054463,2836055611,15972,1148
29618.896334,2836062772,2836063919,15827,1147
29618.908328,2836071100,2836072246,15843,1146
29618.919287,2836079366,2836080514,15968,1148
29618.928331,2836087827,2836088973,15819,1146
29618.940322,2836096041,2836097213,15939,1172
29618.950848,2836104399,2836105547,15953,1148
29618.960329,2836112777,2836113925,15832,1148
29618.971882,2836121135,2836122282,15943,1147
29618.982408,2836129617,2836130766,15966,1149
29618.992334,2836138077,2836139225,15832,1148
29619.003442,2836146461,2836147609,15941,1148
29619.012334,2836154819,2836155966,15954,1147
29619.024327,2836163024,2836164173,15833,1149
29619.035003,2836171529,2836172676,15946,1147
29619.044335,2836179927,2836181075,15966,1148
29619.056046,2836188477,2836189622,15911,1145
29619.066563,2836197025,2836198173,15943,1148
29619.076332,2836205656,2836206801,15971,1145
29619.087600,2836214015,2836215161,15828,1146
29619.096329,2836222469,2836223616,15942,1147
29619.108331,2836230969,2836232118,15972,1149
29619.119162,2836239512,2836240660,15830,1148
29619.128328,2836248046,2836249194,15951,1148
29619.140206,2836256576,2836257720,15967,1144
29619.150722,2836265077,2836266225,15829,1148
29619.160333,2836273755,2836274904,15963,1149
29619.171768,2836282356,2836283499,15969,1143
29619.180336,2836290807,2836291954,15832,1147
29619.192333,2836299110,2836300254,15931,1144
29619.203328,2836307288,2836308436,15974,1148
29619.212334,2836315675,2836316823,15821,1148
29619.224333,2836324087,2836325234,15948,1147
29619.234888,2836332330,2836333478,15971,1148
29619.244328,2836340809,2836341952,15832,1143
29619.255921,2836349045,2836350189,15848,1144
29619.266448,2836357349,2836358497,15970,1148
29619.276328,2836365703,2836366849,15831,1146
29619.287482,2836374327,2836375473,15921,1146
29619.296334,2836382720,2836383864,15966,1144
29619.308328,2836391071,2836392219,15836,1148
29619.319043,2836399647,2836400795,15945,1148
29619.328330,2836408169,2836409342,15966,1173
29619.340079,2836416675,2836417823,15830,1148
29619.350603,2836424933,2836426081,15943,1148
29619.360334,2836433463,2836434611,15947,1148
29619.371640,2836441693,2836442840,15832,1147
29619.380328,2836449978,2836451125,15945,1147
29619.392329,2836458208,2836459356,15970,1148
29619.403207,2836466559,2836467706,15910,1147
29619.412328,2836475007,2836476179,15940,1172
29619.424247,2836483360,2836484508,15966,1148
29619.434761,2836491769,2836492916,15833,1147
29619.444329,2836500152,2836501300,15939,1148
29619.455805,2836508627,2836509772,15970,1145
29619.464327,2836517110,2836518257,15829,1147
29619.476328,2836525440,2836526588,15947,1148
29619.487368,2836533773,2836534921,15966,1148
29619.496335,2836542227,2836543374,15834,1147
29619.508332,2836550535,2836551679,15963,1144
29619.518928,2836558890,2836560038,15968,1148
29619.528329,2836567269,2836568416,15833,1147
29619.539962,2836575801,2836576948,15943,1147
29619.550489,2836584112,2836585258,15963,1146
29619.560329,2836592554,2836593701,15832,1147
29619.571523,2836600861,2836602007,15947,1146
29619.580328,2836609200,2836610347,15971,1147
29619.592331,2836617501,2836618648,15821,1147
29619.603082,2836625976,2836627124,15853,1148
29619.612327,2836634478,2836635625,15966,1147
29619.624119,2836642865,2836644013,15833,1148
29619.634643,2836651298,2836652445,15945,1147
29619.644335,2836659549,2836660698,15966,1149
29619.655680,2836667865,2836669011,15845,1146
29619.664332,2836676193,2836677341,15947,1148
29619.676330,2836684529,2836685677,15971,1148
29619.687240,2836692860,2836694009,15825,1149
29619.696335,2836701396,2836702543,15941,1147
29619.708288,2836709732,2836710880,15944,1148
29619.718800,2836718116,2836719263,15831,1147
29619.728332,2836726355,2836727502,15941,1147
29619.739848,2836734536,2836735684,15953,1148
29619.750368,2836742917,2836744065,15903,1148
29619.760331,2836751255,2836752401,15939,1146
29619.771408,2836759513,2836760660,15967,1147
29619.780327,2836767798,2836768946,15820,1148
29619.792329,2836776293,2836777440,15946,1147
29619.802967,2836784581,2836785731,15967,1150
29619.812332,2836792895,2836794043,15830,1148
29619.824003,2836801150,2836802298,15935,1148
29619.834529,2836809629,2836810777,15969,1148
29619.844330,2836818195,2836819343,15831,1148
29619.855564,2836826555,2836827701,15961,1146
29619.864333,2836834888,2836836035,15962,1147
29619.876331,2836843175,2836844323,15835,1148
29619.887123,2836851368,2836852516,15937,1148
29619.896330,2836859919,2836861066,15968,1147
29619.908159,2836868275,2836869423,15836,1148
29619.918684,2836876585,2836877733,15945,1148
29619.928329,2836884929,2836886077,15967,1148
29619.939719,2836893397,2836894545,15844,1148
29619.948331,2836901907,2836903055,15848,1148
29619.960332,2836910268,2836911416,15971,1148
29619.971280,2836918598,2836919743,15820,1145
29619.980330,2836926934,2836928082,15941,1148
29619.992327,2836935364,2836936511,15964,1147
29620.002841,2836943722,2836944870,15845,1148
29620.012328,2836952104,2836953252,15943,1148
29620.023888,2836960481,2836961627,15970,1146
29620.034401,2836968910,2836970057,15827,1147
29620.044330,2836977464,2836978612,15943,1148
29620.055448,2836985895,2836987041,15954,1146
29620.064330,2836994159,2836995305,15834,1146
29620.076330,2837002447,2837003594,15943,1147
29620.087008,2837010856,2837012003,15972,1147
29620.096332,2837019466,2837020611,15911,1145
29620.108042,2837027896,2837029044,15944,1148
29620.118569,2837036275,2837037422,15967,1147
29620.128332,2837044584,2837045731,15833,1147
29620.139601,2837053101,2837054249,15937,1148
29620.148332,2837061291,2837062437,15968,1146
29620.160328,2837069599,2837070745,15831,1146
29620.171163,2837077978,2837079125,15937,1147
29620.180331,2837086455,2837087603,15966,1148
29620.192200,2837094737,2837095884,15837,1147
29620.202725,2837103116,2837104262,15953,1146
29620.212332,2837111464,2837112609,15974,1145
29620.223760,2837119799,2837120945,15831,1146
29620.232331,2837128120,2837129268,15947,1148
29620.244328,2837136312,2837137456,15964,1144
29620.255321,2837144693,2837145839,15828,1146
29620.264332,2837153144,2837154291,15942,1147
29620.276328,2837161485,2837162632,15966,1147
29620.286881,2837169673,2837170821,15831,1148
29620.296330,2837178198,2837179346,15846,1148
29620.307928,2837186486,2837187634,15961,1148
29620.318441,2837194723,2837195871,15835,1148
29620.328328,2837203152,2837204299,15948,1147
29620.339488,2837211676,2837212823,15957,1147
29620.348334,2837220030,2837221178,15848,1148
29620.360329,2837228294,2837229443,15942,1149
29620.371049,2837236754,2837237899,15969,1145
29620.380330,2837245134,2837246281,15837,1147
29620.392082,2837253467,2837254615,15940,1148
29620.402609,2837261801,2837262948,15949,1147
29620.412332,2837270253,2837271401,15826,1148
29620.423643,2837278437,2837279585,15944,1148
29620.432328,2837286723,2837287870,15965,1147
29620.444335,2837295149,2837296297,15911,1148
29620.455203,2837303431,2837304575,15942,1144
29620.464331,2837311734,2837312882,15970,1148
29620.476239,2837320188,2837321336,15833,1148
29620.486764,2837328644,2837329793,15949,1149
29620.496329,2837336951,2837338099,15972,1148
29620.507800,2837345239,2837346386,15830,1147
29620.516332,2837353717,2837354865,15981,1148
29620.528328,2837361965,2837363113,15901,1148
29620.539360,2837370470,2837371618,15838,1148
29620.548332,2837378705,2837379854,15970,1149
29620.560334,2837387146,2837388293,15915,1147
29620.570921,2837395625,2837396773,15860,1148
29620.580327,2837403963,2837405111,15987,1148
29620.591966,2837412252,2837413396,15959,1144
29620.602482,2837420580,2837421728,15846,1148
29620.612331,2837428792,2837429939,15948,1147
29620.623527,2837437388,2837438534,15948,1146
29620.632330,2837445845,2837446992,15846,1147
29620.644328,2837454273,2837455422,15864,1149
29620.655087,2837462635,2837463781,15959,1146
29620.664336,2837471164,2837472312,15843,1148
29620.676122,2837479618,2837480766,15942,1148
29620.686648,2837487953,2837489099,15957,1146
29620.696328,2837496184,2837497327,15854,1143
29620.707683,2837504529,2837505677,15942,1148
29620.716333,2837512860,2837514008,15959,1148
29620.728329,2837521074,2837522222,15844,1148
29620.739243,2837529332,2837530480,15945,1148
29620.748330,2837537564,2837538712,15938,1148
29620.760280,2837545886,2837547034,15850,1148
29620.770804,2837554246,2837555392,15947,1146
29620.780336,2837562479,2837563627,15955,1148
29620.791846,2837570968,2837572114,15912,1146
29620.802364,2837579226,2837580374,15943,1148
29620.812331,2837587532,2837588680,15960,1148
29620.823400,2837595787,2837596935,15847,1148
29620.832328,2837604141,2837605287,15943,1146
29620.844329,2837612543,2837613690,15947,1147
29620.854961,2837620933,2837622076,15842,1143
29620.864333,2837629308,2837630454,15946,1146
29620.876006,2837637662,2837638807,15958,1145
29620.886521,2837646140,2837647288,15846,1148
29620.896333,2837654572,2837655719,15964,1147
29620.907567,2837662907,2837664055,15961,1148
29620.916328,2837671167,2837672311,15845,1144
29620.928331,2837679469,2837680616,15950,1147
29620.939127,2837687723,2837688871,15957,1148
29620.948330,2837696227,2837697374,15847,1147
29620.960163,2837704714,2837705862,15935,1148
29620.970688,2837713050,2837714196,15983,1146
29620.980327,2837721416,2837722563,15847,1147
29620.991721,2837729625,2837730772,15862,1147
29621.000329,2837737909,2837739056,15957,1147
29621.012328,2837746343,2837747492,15841,1149
29621.023283,2837754652,2837755799,15946,1147
29621.032327,2837762891,2837764038,15673,1147
29621.044320,2837771272,2837772418,15867,1146
29621.054845,2837779953,2837781099,15946,1146
29621.064330,2837788331,2837789477,15952,1146
29621.075881,2837796661,2837797808,15854,1147
29621.086404,2837804899,2837806047,15947,1148
29621.096329,2837813204,2837814351,15936,1147
29621.107441,2837821582,2837822729,15843,1147
29621.116331,2837829917,2837831066,15947,1149
29621.128329,2837838329,2837839476,15955,1147
29621.139007,2837846567,2837847716,15908,1149
29621.148332,2837855062,2837856210,15944,1148
29621.160047,2837863451,2837864600,15987,1149
29621.170561,2837871724,2837872870,15844,1146
29621.180331,2837879982,2837881131,15952,1149
29621.191606,2837888290,2837889437,15945,1147
29621.200328,2837896621,2837897767,15846,1146
29621.212336,2837904878,2837906025,15933,1147
29621.223167,2837913183,2837914327,15956,1144
29621.232328,2837921654,2837922802,15845,1148
29621.244204,2837929891,2837931037,15964,1146
29621.254728,2837938269,2837939416,15957,1147
29621.264331,2837946645,2837947793,15846,1148
29621.275763,2837954955,2837956102,15943,1147
29621.284331,2837963266,2837964414,15956,1148
29621.296333,2837971550,2837972697,15840,1147
29621.307324,2837979857,2837981005,15942,1148
29621.316327,2837988265,2837989412,15957,1147
29621.328330,2837996694,2837997840,15849,1146
29621.338883,2838005073,2838006221,15865,1148
29621.348333,2838013282,2838014428,15957,1146
29621.359920,2838021541,2838022688,15839,1147
29621.370444,2838030000,2838031146,15944,1146
29621.380329,2838038300,2838039449,15954,1149
29621.391481,2838046701,2838047849,15864,1148
29621.400331,2838054959,2838056106,15939,1147
29621.412330,2838063344,2838064488,15956,1144
29621.423041,2838071667,2838072814,15840,1147
29621.432328,2838080123,2838081270,15940,1147
29621.444087,2838088454,2838089598,15940,1144
29621.454602,2838096714,2838097860,15848,1146
29621.464330,2838104972,2838106119,15945,1147
29621.475647,2838113181,2838114325,15957,1144
29621.484329,2838121434,2838122581,15909,1147
29621.496334,2838129858,2838131005,15947,1147
29621.507208,2838138041,2838139190,15955,1149
29621.516328,2838146523,2838147671,15845,1148
29621.528243,2838154803,2838155949,15941,1146
29621.538767,2838163199,2838164344,15957,1145
29621.548331,2838171433,2838172578,15844,1145
29621.559803,2838179660,2838180808,15935,1148
29621.568327,2838188100,2838189244,16018,1144
29621.580333,2838196360,2838197506,15834,1146
29621.591365,2838204611,2838205754,15959,1143
29621.600329,2838212911,2838214057,15961,1146
29621.612336,2838221243,2838222387,15830,1144
29621.622925,2838229476,2838230622,15920,1146
29621.632334,2838237730,2838238877,15969,1147
29621.643960,2838245967,2838247111,15832,1144
29621.654485,2838254298,2838255446,15942,1148
29621.664328,2838262632,2838263779,15971,1147
29621.675521,2838270887,2838272031,15829,1144
29621.684334,2838279240,2838280387,15851,1147
29621.696332,2838287691,2838288838,15968,1147
29621.707082,2838296017,2838297165,15819,1148
29621.716328,2838304518,2838305666,15937,1148
29621.728128,2838312895,2838314042,15971,1147
29621.738642,2838321222,2838322371,15851,1149
29621.748334,2838329407,2838330553,15935,1146
29621.759689,2838337665,2838338812,15967,1147
29621.768328,2838345849,2838346994,15858,1145
29621.780329,2838354280,2838355428,15945,1148
29621.791249,2838362492,2838363639,15945,1147
29621.800332,2838370703,2838371849,15830,1146
29621.812283,2838378911,2838380057,15935,1146
29621.822809,2838387140,2838388287,15971,1147
29621.832329,2838395318,2838396466,15910,1148
29621.843843,2838403495,2838404642,15945,1147
29621.854370,2838411667,2838412814,15965,1147
29621.864328,2838419904,2838421051,15834,1147
29621.875404,2838428032,2838429179,15933,1147
29621.884330,2838436318,2838437466,15959,1148
29621.896328,2838444652,2838445799,15834,1147
29621.906966,2838452882,2838454028,15945,1146
29621.916329,2838461117,2838462265,15971,1148
29621.928001,2838469545,2838470693,15830,1148
29621.938527,2838477822,2838478965,15964,1143
29621.948332,2838486347,2838487491,15971,1144
29621.959561,2838494642,2838495790,15835,1148
29621.968331,2838502797,2838503942,15940,1145
29621.980329,2838510936,2838512083,15967,1147
29621.994137,2838518992,2838519682,13901,690
29622.008334,2838525151,2838525786,12028,635
29622.019676,2838530408,2838531544,15922,1136
29622.028327,2838538514,2838539660,16043,1146
29622.040337,2838546691,2838547838,16005,1147
29622.051236,2838554914,2838556061,15927,1147
29622.060333,2838563366,2838564512,16086,1146
29622.072283,2838571605,2838572751,15904,1146
29622.082797,2838579828,2838580975,15819,1147
29622.092327,2838588047,2838589190,15979,1143
29622.103842,2838596199,2838597345,15915,1146
29622.114357,2838604385,2838605528,15851,1143
29622.124328,2838612566,2838613714,15989,1148
29622.135403,2838620874,2838622022,15989,1148
29622.144327,2838629155,2838630302,15935,1147
29622.156331,2838637365,2838638512,16042,1147
29622.166963,2838645622,2838646769,16006,1147
29622.176330,2838653819,2838654967,15932,1148
29622.188001,2838662111,2838663259,16076,1148
29622.198523,2838670312,2838671454,15994,1142
29622.208327,2838678528,2838679674,15958,1146
29622.219560,2838686862,2838688006,16061,1144
29622.228327,2838695113,2838696258,15999,1145
29622.240332,2838703319,2838704463,15970,1144
29622.251123,2838711550,2838712697,16072,1147
29622.260334,2838719949,2838721096,16000,1147
29622.272156,2838728155,2838729298,15936,1143
29622.282681,2838736531,2838737679,16070,1148
29622.292328,2838744734,2838745882,16003,1148
29622.303715,2838753022,2838754167,15944,1145
29622.312330,2838761271,2838762415,16064,1144
29622.324331,2838769544,2838770690,16002,1146
29622.335276,2838777717,2838778860,15935,1143
29622.344327,2838786111,2838787259,16057,1148
29622.356320,2838794496,2838795643,15999,1147
29622.366836,2838802924,2838804071,15948,1147
29622.376329,2838811209,2838812357,16071,1148
29622.387885,2838819471,2838820621,15972,1150
29622.398397,2838827706,2838828854,15910,1148
29622.408331,2838835919,2838837068,16069,1149
29622.419442,2838844182,2838845323,16003,1141
29622.428329,2838852506,2838853653,15907,1147
29622.440329,2838860685,2838861831,16087,1146
29622.451004,2838868958,2838870106,15999,1148
29622.460333,2838877246,2838878390,15912,1144
29622.472042,2838885577,2838886724,16062,1147
29622.482563,2838893835,2838894982,16001,1147
29622.492332,2838900771,2838901890,15409,1119
29622.503604,2838908901,2838910046,15996,1145
29622.512334,2838917109,2838918255,15908,1146
29622.524332,2838925313,2838926460,15835,1147
29622.535162,2838933497,2838934644,15981,1147
29622.544335,2838941819,2838942965,15917,1146
29622.556195,2838950051,2838951197,15844,1146
29622.566725,2838958335,2838959483,16003,1148
29622.576329,2838966692,2838967839,15891,1147
29622.587756,2838975053,2838976202,15783,1149
29622.596327,2838983369,2838984511,15985,1142
29622.608332,2838991644,2838992788,15888,1144
29622.619316,2839000017,2839001162,15847,1145
29622.628328,2839008345,2839009491,16012,1146
29622.640329,2839016497,2839017645,15914,1148
29622.650877,2839024661,2839025807,15828,1146
29622.660329,2839032904,2839034052,15973,1148
29622.671922,2839041234,2839042380,15914,1146
29622.682437,2839049431,2839050579,15929,1148
29622.692331,2839057684,2839058830,16084,1146
29622.703484,2839066013,2839067158,16010,1145
29622.712328,2839074294,2839075438,15921,1144
29622.724333,2839082586,2839083733,16064,1147
29622.735043,2839091060,2839092208,15917,1148
29622.744328,2839099376,2839100524,15847,1148
29622.756086,2839107687,2839108830,16108,1143
29622.766605,2839115990,2839117138,15981,1148
29622.776327,2839124348,2839125496,15900,1148
29622.787643,2839132533,2839133680,16070,1147
29622.796333,2839140778,2839141925,15899,1147
29622.808328,2839148986,2839150134,15847,1148
29622.819206,2839157150,2839158292,16108,1142
29622.828328,2839165379,2839166526,15998,1147
29622.840236,2839173616,2839174764,15928,1148
29622.850763,2839181798,2839182941,16071,1143
29622.860327,2839190005,2839191151,15934,1146
29622.871796,2839198213,2839199358,15846,1145
29622.880328,2839206542,2839207688,16086,1146
29622.892328,2839214748,2839215891,15998,1143
29622.903356,2839222899,2839224046,15922,1147
29622.912329,2839231112,2839232259,16069,1147
29622.924337,2839239391,2839240538,15908,1147
29622.934920,2839247664,2839248811,15871,1147
29622.944329,2839255916,2839257061,16000,1145
29622.955963,2839264168,2839265311,15909,1143
29622.966477,2839272368,2839273515,15818,1147
29622.976332,2839280679,2839281826,15998,1147
29622.987522,2839288913,2839290060,15911,1147
29622.996328,2839297232,2839298381,15834,1149
29623.008329,2839305419,2839306566,15972,1147
29623.019084,2839313704,2839314849,15914,1145
29623.028333,2839322088,2839323236,15846,1148
29623.040122,2839330507,2839331653,15982,1146
29623.050643,2839338840,2839339989,15914,1149
29623.060334,2839347194,2839348341,15881,1147
29623.071684,2839355549,2839356697,16087,1148
29623.080330,2839364122,2839365270,15999,1148
29623.092332,2839372326,2839373473,15951,1147
29623.103243,2839380504,2839381650,16116,1146
29623.112335,2839388834,2839389981,16003,1147
29623.124277,2839396984,2839398131,15852,1147
29623.134805,2839405294,2839406441,16002,1147
29623.144330,2839413691,2839414834,15904,1143
29623.155836,2839422012,2839423156,15831,1144
29623.166364,2839430242,2839431386,15979,1144
29623.176329,2839438475,2839439621,15914,1146
29623.187399,2839446628,2839447777,15873,1149
29623.196333,2839454778,2839455924,15969,1146
29623.208334,2839463010,2839464154,15913,1144
29623.218960,2839471183,2839472328,15865,1145
29623.228329,2839479358,2839480501,15979,1143
29623.240002,2839487514,2839488656,15918,1142
29623.250517,2839495711,2839496857,15847,1146
29623.260328,2839503932,2839505078,15996,1146
29623.271564,2839512082,2839513226,15911,1144
29623.280333,2839520235,2839521381,15862,1146
29623.292334,2839528468,2839529615,15953,1147
29623.303123,2839536611,2839537757,15913,1146
29623.312328,2839544788,2839545935,15937,1147
29623.324164,2839553067,2839554213,16107,1146
29623.334685,2839561470,2839562614,16002,1144
29623.344330,2839569794,2839570938,15921,1144
29623.355722,2839578145,2839579293,16063,1148
29623.364334,2839586300,2839587443,16002,1143
29623.376331,2839594469,2839595616,15938,1147
29623.387284,2839602644,2839603793,16051,1149
29623.396331,2839610880,2839612026,16005,1146
29623.408317,2839619151,2839620296,15923,1145
29623.418843,2839627336,2839628481,15975,1145
29623.428327,2839635511,2839636655,15921,1144
29623.439879,2839643680,2839644827,15879,1147
29623.450405,2839651885,2839653031,15971,1146
29623.460328,2839660097,2839661245,15911,1148
29623.471435,2839668297,2839669440,15826,1143
29623.480327,2839676468,2839677615,15985,1147
29623.492336,2839684646,2839685791,15916,1145
29623.502999,2839692903,2839694048,15878,1145
29623.512331,2839701249,2839702392,16001,1143
29623.524044,2839709443,2839710590,15909,1147
29623.534557,2839717666,2839718810,15834,1144
29623.544332,2839725954,2839727101,15953,1147
29623.555602,2839734163,2839735309,15915,1146
29623.564328,2839742364,2839743511,15845,1147
29623.576336,2839750513,2839751659,16001,1146
29623.587165,2839758691,2839759838,15894,1147
29623.596333,2839767037,2839768185,15918,1148
29623.608203,2839775230,2839776377,16046,1147
29623.618724,2839783377,2839784518,15916,1141
29623.628332,2839791552,2839792699,15840,1147
29623.639764,2839799766,2839800913,15998,1147
29623.648327,2839808047,2839809194,15908,1147
29623.660330,2839816249,2839817396,15841,1147
29623.671325,2839824506,2839825653,16012,1147
29623.680330,2839832764,2839833911,15917,1147
29623.692329,2839840950,2839842097,15849,1147
29623.702887,2839849206,2839850349,16003,1143
29623.712333,2839857425,2839858568,15903,1143
29623.723917,2839865642,2839866790,15923,1148
29623.734444,2839873871,2839875016,16069,1145
29623.744329,2839882047,2839883194,16008,1147
29623.755477,2839890267,2839891414,15933,1147
29623.764329,2839898562,2839899709,16097,1147
29623.776335,2839906806,2839907954,15919,1148
29623.787037,2839915025,2839916172,15832,1147
29623.796329,2839923318,2839924465,15971,1147
29623.808084,2839931488,2839932632,15915,1144
29623.818596,2839939750,2839940896,15836,1146
29623.828333,2839948037,2839949185,15995,1148
29623.839645,2839956146,2839957293,15989,1147
29623.848333,2839964318,2839965461,15924,1143
29623.860328,2839972595,2839973741,16072,1146
29623.871203,2839980812,2839981958,16003,1146
29623.880331,2839989139,2839990286,15935,1147
29623.892244,2839997420,2839998566,16085,1146
29623.902765,2840005671,2840006817,15999,1146
29623.912333,2840013869,2840015018,15917,1149
29623.923804,2840022107,2840023250,16090,1143
29623.932327,2840030326,2840031467,16008,1141
29623.944328,2840038517,2840039663,15933,1146
29623.955365,2840046770,2840047912,16093,1142
29623.964329,2840054968,2840056114,15999,1146
29623.976328,2840063146,2840064293,15922,1147
29623.986924,2840071295,2840072442,16072,1147
29623.996329,2840079567,2840080714,16000,1147
29624.007959,2840087717,2840088864,15965,1147
29624.018485,2840095951,2840097091,16003,1140
29624.028331,2840104238,2840105382,15913,1144
29624.039520,2840113841,2840114993,15866,1152
29624.048329,2840122035,2840123181,15956,1146
29624.060328,2840130205,2840131351,15919,1146
29624.071077,2840138398,2840139545,15861,1147
29624.080329,2840146733,2840147876,15957,1143
29624.092124,2840154880,2840156023,15933,1143
29624.102637,2840163081,2840164228,15852,1147
29624.112328,2840171402,2840172546,15960,1144
29624.123682,2840179547,2840180690,15917,1143
29624.132326,2840187692,2840188838,15857,1146
29624.144331,2840195869,2840197015,15954,1146
29624.155243,2840204021,2840205164,15902,1143
29624.164327,2840212190,2840213338,15862,1148
29624.176281,2840220352,2840221499,15969,1147
29624.186803,2840228504,2840229651,15915,1147
29624.196330,2840236844,2840237991,15867,1147
29624.207843,2840245144,2840246291,15955,1147
29624.218366,2840253300,2840254445,15934,1145
29624.228330,2840261616,2840262763,15869,1147
29624.239402,2840269802,2840270948,15933,1146
29624.248332,2840277989,2840279136,15915,1147
29624.260331,2840286333,2840287480,15861,1147
29624.270963,2840294539,2840295685,15988,1146
29624.280329,2840302744,2840303891,15916,1147
29624.291996,2840310945,2840312091,15845,1146
29624.302523,2840319199,2840320346,15969,1147
29624.312328,2840327516,2840328662,15904,1146
29624.323558,2840335682,2840336825,15861,1143
29624.332331,2840343826,2840344967,15989,1141
29624.344329,2840351997,2840353142,15915,1145
29624.355117,2840360274,2840361422,15845,1148
29624.364328,2840368674,2840369821,15989,1147
29624.376161,2840376875,2840378020,15916,1145
29624.386681,2840385099,2840386246,15887,1147
29624.396330,2840393305,2840394452,15949,1147
29624.407723,2840401460,2840402604,15913,1144
29624.416328,2840409658,2840410799,15850,1141
29624.428332,2840417795,2840418937,15972,1142
29624.439283,2840426013,2840427158,15914,1145
29624.448330,2840434190,2840435333,15848,1143
29624.460324,2840442369,2840443516,15997,1147
29624.470845,2840450526,2840451669,15907,1143
29624.480329,2840458743,2840459889,15862,1146
29624.491884,2840466916,2840468064,15987,1148
29624.502404,2840475172,2840476316,15915,1144
29624.512331,2840483377,2840484524,15837,1147
29624.523445,2840491548,2840492695,15999,1147
29624.532329,2840499793,2840500937,15911,1144
29624.544335,2840507969,2840509114,15832,1145
29624.555004,2840516194,2840517342,15953,1148
29624.564334,2840524591,2840525737,15911,1146
29624.576037,2840532782,2840533929,15840,1147
29624.586566,2840540921,2840542068,15998,1147
29624.596330,2840549073,2840550219,15916,1146
29624.607597,2840557474,2840558616,15819,1142
29624.616328,2840565646,2840566787,15983,1141
29624.628333,2840573895,2840575042,15916,1147
29624.639157,2840582124,2840583267,15843,1143
29624.648334,2840590405,2840591552,15992,1147
29624.660204,2840598609,2840599756,15911,1147
29624.670718,2840606836,2840607984,15831,1148
29624.680330,2840615044,2840616191,15999,1147
29624.691765,2840623246,2840624392,15895,1146
29624.700328,2840631402,2840632551,15851,1149
29624.712331,2840639580,2840640726,16017,1146
29624.723325,2840647754,2840648901,15911,1147
29624.732329,2840655907,2840657048,15835,1141
29624.744334,2840664022,2840665169,15970,1147
29624.754885,2840672220,2840673365,15905,1145
29624.764328,2840680516,2840681661,15842,1145
29624.775925,2840688739,2840689886,16005,1147
29624.786446,2840696939,2840698085,15919,1146
29624.796332,2840705090,2840706237,15835,1147
29624.807484,2840713307,2840714454,15985,1147
29624.816330,2840721599,2840722745,15904,1146
29624.828332,2840729825,2840730968,15849,1143
29624.839044,2840737980,2840739123,15987,1143
29624.848333,2840746322,2840747469,15910,1147
29624.860075,2840754480,2840755624,15834,1144
29624.870605,2840762675,2840763824,15988,1149
29624.880329,2840770872,2840772019,15894,1147
29624.891637,2840778989,2840780132,15856,1143
29624.900337,2840787236,2840788381,15988,1145
29624.912329,2840795391,2840796538,15909,1147
29624.923197,2840803591,2840804735,15847,1144
29624.932335,2840811800,2840812947,15963,1147
29624.944242,2840819947,2840821094,15902,1147
29624.954758,2840828114,2840829260,15857,1146
29624.964328,2840836335,2840837482,15976,1147
29624.975803,2840844508,2840845651,15906,1143
29624.984327,2840852925,2840854068,15845,1143
29624.996327,2840861047,2840862192,15959,1145
29625.007362,2840869184,2840870326,15916,1142
29625.016330,2840877348,2840878489,15861,1141
29625.028328,2840885525,2840886669,15977,1144
29625.038928,2840893684,2840894831,15898,1147
29625.048331,2840901911,2840903059,15832,1148
29625.059963,2840910106,2840911251,16000,1145
29625.070484,2840918276,2840919422,15904,1146
29625.080327,2840926427,2840927569,15849,1142
29625.091525,2840934746,2840935893,15989,1147
29625.100331,2840942950,2840944099,15910,1149
29625.112328,2840951136,2840952284,15834,1148
29625.123084,2840959332,2840960476,15983,1144
29625.132331,2840967642,2840968788,15917,1146
29625.144117,2840975911,2840977056,15827,1145
29625.154646,2840984163,2840985311,15996,1148
29625.164333,2840992392,2840993539,15877,1147
29625.175677,2841000637,2841001782,15815,1145
29625.184330,2841008788,2841009929,15978,1141
29625.196333,2841016957,2841018100,15910,1143
29625.207237,2841025107,2841026250,15834,1143
29625.216332,2841033328,2841034473,16003,1145
29625.228286,2841041480,2841042622,15933,1142
29625.238792,2841049748,2841050902,15774,1154
29625.248327,2841057981,2841059125,15984,1144
29625.259845,2841066182,2841067329,15938,1147
29625.270360,2841074380,2841075522,15839,1142
29625.280327,2841082578,2841083720,15997,1142
29625.291407,2841090870,2841092013,15933,1143
29625.300327,2841099037,2841100184,15835,1147
29625.312331,2841107217,2841108365,15978,1148
29625.322966,2841115425,2841116570,15925,1145
29625.332332,2841123697,2841124845,15846,1148
29625.344005,2841131943,2841133089,15973,1146
29625.354526,2841140083,2841141229,15909,1146
29625.364335,2841148345,2841149488,15836,1143
29625.375564,2841156543,2841157690,15976,1147
29625.384329,2841164835,2841165983,15914,1148
29625.396332,2841172988,2841174135,15881,1147
29625.407126,2841181161,2841182309,16017,1148
29625.416328,2841189410,2841190556,15916,1146
29625.428157,2841197661,2841198807,15817,1146
29625.438684,2841205837,2841206982,15979,1145
29625.448333,2841214045,2841215192,15916,1147
29625.459717,2841222165,2841223308,15852,1143
29625.468329,2841230334,2841231476,15999,1142
29625.480334,2841238501,2841239643,15916,1142
29625.491278,2841246674,2841247820,15839,1146
29625.500328,2841254890,2841256038,15958,1148
29625.512323,2841263044,2841264192,15917,1148
29625.522838,2841271286,2841272430,15842,1144
29625.532328,2841279421,2841280564,15993,1143
29625.543885,2841287564,2841288706,15915,1142
29625.554405,2841295734,2841296878,15916,1144
29625.564329,2841303937,2841305083,15905,1146
29625.575444,2841312175,2841313322,15915,1147
29625.584328,2841320379,2841321525,15916,1146
29625.596335,2841328604,2841329751,15910,1147
29625.607004,2841336782,2841337929,15918,1147
29625.616329,2841345084,2841346226,15931,1142
29625.628043,2841353446,2841354592,15977,1146
29625.638565,2841361646,2841362793,15918,1147
29625.648330,2841369978,2841371122,15951,1144
29625.659606,2841378153,2841379296,16071,1143
29625.668333,2841386382,2841387528,16004,1146
29625.680328,2841394583,2841395727,15920,1144
29625.691164,2841402731,2841403872,16059,1141
29625.700327,2841410882,2841412025,15916,1143
29625.712199,2841419020,2841420166,15886,1146
29625.722725,2841427252,2841428398,15989,1146
29625.732331,2841435428,2841436571,15919,1143
29625.743758,2841443575,2841444722,15849,1147
29625.752332,2841451747,2841452896,15986,1149
29625.764330,2841459907,2841461054,15915,1147
29625.775321,2841468106,2841469253,15885,1147
29625.784328,2841476306,2841477451,15957,1145
29625.796328,2841484558,2841485703,15915,1145
29625.806882,2841492721,2841493868,15876,1147
29625.816330,2841500975,2841502116,15970,1141
29625.827922,2841509112,2841510258,15913,1146
29625.838439,2841517339,2841518483,15858,1144
29625.848330,2841525529,2841526676,15988,1147
29625.859484,2841533710,2841534857,15916,1147
29625.868331,2841541885,2841543032,15845,1147
29625.880329,2841550026,2841551172,15970,1146
29625.891043,2841558140,2841559283,15917,1143
29625.900330,2841566505,2841567652,15848,1147
29625.912085,2841574730,2841575874,15978,1144
29625.922605,2841582975,2841584122,15894,1147
29625.932333,2841591177,2841592322,15838,1145
29625.943642,2841599354,2841600497,15970,1143
29625.952327,2841607461,2841608607,15914,1146
29625.964327,2841615601,2841616744,15863,1143
29625.975205,2841623737,2841624882,15987,1145
29625.984333,2841631927,2841633074,15912,1147
29625.996240,2841640374,2841641519,15947,1145
29626.006765,2841648671,2841649812,15937,1141
29626.016329,2841656870,2841658015,15865,1145
29626.027800,2841665039,2841666185,15944,1146
29626.036332,2841673210,2841674353,15998,1143
29626.048331,2841681320,2841682463,15907,1143
29626.059362,2841689490,2841690635,15947,1145
29626.068331,2841697666,2841698810,15944,1144
29626.080327,2841705818,2841706963,15878,1145
29626.090921,2841713954,2841715100,15934,1146
29626.100327,2841722124,2841723268,15960,1144
29626.111957,2841730297,2841731439,15843,1142
29626.122481,2841738529,2841739672,15945,1143
29626.132328,2841746725,2841747865,15957,1140
29626.143518,2841754952,2841756099,15848,1147
29626.152333,2841763179,2841764321,15962,1142
29626.164326,2841771407,2841772552,15960,1145
29626.175078,2841779589,2841780736,15845,1147
29626.184336,2841787914,2841789061,15942,1147
29626.196124,2841796164,2841797310,15956,1146
29626.206639,2841804341,2841805488,15851,1147
29626.216331,2841812569,2841813715,15992,1146
29626.227684,2841820746,2841821891,15949,1145
29626.236339,2841828916,2841830062,15869,1146
29626.248332,2841837164,2841838308,15867,1144
29626.259245,2841845348,2841846491,16008,1143
29626.268331,2841853613,2841854759,15873,1146
29626.280280,2841861725,2841862870,15903,1145
29626.290805,2841869872,2841871018,15958,1146
29626.300337,2841878142,2841879289,15890,1147
29626.311840,2841886369,2841887517,15947,1148
29626.322365,2841894699,2841895845,15959,1146
29626.332335,2841902899,2841904043,15848,1144
29626.343401,2841911066,2841912213,15930,1147
29626.352330,2841919315,2841920462,15945,1147
29626.364333,2841927464,2841928610,15849,1146
29626.374961,2841935638,2841936785,15947,1147
29626.384328,2841943778,2841944926,15958,1148
29626.396004,2841951949,2841953092,15911,1143
29626.406521,2841960272,2841961420,15946,1148
29626.416329,2841968649,2841969794,15957,1145
29626.427558,2841976922,2841978068,15846,1146
29626.436336,2841985214,2841986357,15945,1143
29626.448333,2841993414,2841994556,15960,1142
29626.459119,2842001565,2842002713,15847,1148
29626.468332,2842009911,2842011059,15958,1148
29626.480165,2842018225,2842019372,15971,1147
29626.490679,2842026574,2842027721,15837,1147
29626.500327,2842034970,2842036117,15968,1147
29626.511726,2842043191,2842044337,15961,1146
29626.520328,2842051365,2842052512,15829,1147
29626.532328,2842059506,2842060651,15942,1145
29626.543286,2842067678,2842068822,15971,1144
29626.552327,2842075898,2842077045,15837,1147
29626.564321,2842084040,2842085187,15936,1147
29626.574847,2842092183,2842093328,15971,1145
29626.584336,2842100345,2842101488,15836,1143
29626.595880,2842108510,2842109657,15852,1147
29626.606407,2842116703,2842117850,15960,1147
29626.616330,2842124873,2842126018,15820,1145
29626.627441,2842133088,2842134231,15946,1143
29626.636328,2842141337,2842142483,15969,1146
29626.648334,2842149603,2842150748,15838,1145
29626.659001,2842157746,2842158889,15945,1143
29626.668331,2842165847,2842166994,16030,1147
29626.680038,2842173992,2842175134,15819,1142
29626.690563,2842182186,2842183333,15938,1147
29626.700332,2842190326,2842191468,15956,1142
29626.711598,2842198515,2842199660,15831,1145
29626.720328,2842206683,2842207829,15945,1146
29626.732330,2842214841,2842215986,15973,1145
29626.743167,2842223019,2842224161,15906,1142
29626.752329,2842231240,2842232383,15949,1143
29626.764206,2842239414,2842240559,15974,1145
29626.774719,2842247555,2842248698,15836,1143
29626.784329,2842255674,2842256821,15886,1147
29626.795766,2842263875,2842265021,15970,1146
29626.804331,2842272109,2842273256,15827,1147
29626.816331,2842280307,2842281449,15949,1142
29626.827326,2842288529,2842289676,15960,1147
29626.836333,2842296706,2842297851,15861,1145
29626.848329,2842304856,2842306002,15964,1146
29626.858887,2842313028,2842314170,15966,1142
29626.868331,2842321223,2842322368,15855,1145
29626.879921,2842329379,2842330520,15949,1141
29626.890447,2842337543,2842338686,15969,1143
29626.900329,2842345687,2842346834,15826,1147
29626.911482,2842353858,2842355006,15941,1148
29626.920327,2842362085,2842363232,15971,1147
29626.932327,2842370334,2842371478,15829,1144
29626.943040,2842378487,2842379634,15850,1147
29626.952330,2842386801,2842387947,15973,1146
29626.964078,2842395048,2842396195,15832,1147
29626.974602,2842403245,2842404390,15942,1145
29626.984328,2842411391,2842412533,15959,1142
29626.995641,2842419530,2842420676,15871,1146
29627.004329,2842427703,2842428850,15912,1147
29627.016327,2842435856,2842437000,15968,1144
29627.027199,2842443998,2842445140,15834,1142
29627.036334,2842452138,2842453285,15919,1147
29627.048245,2842460277,2842461422,15952,1145
29627.058759,2842468492,2842469639,15832,1147
29627.068331,2842476613,2842477758,15948,1145
29627.079806,2842484788,2842485935,15962,1147
29627.088335,2842492940,2842494087,15914,1147
29627.100329,2842501085,2842502233,15917,1148
29627.111367,2842509235,2842510381,15972,1146
29627.120330,2842517377,2842518524,15832,1147
29627.132329,2842525559,2842526699,15951,1140
29627.142925,2842533725,2842534872,15961,1147
29627.152328,2842541903,2842543052,15827,1149
29627.163961,2842550059,2842551201,15945,1142
29627.174488,2842558248,2842559393,15966,1145
29627.184332,2842566392,2842567538,15835,1146
29627.195523,2842574561,2842575702,15967,1141
29627.204328,2842582847,2842583994,15968,1147
29627.216328,2842590990,2842592135,15832,1145
29627.227082,2842599177,2842600323,15946,1146
29627.236333,2842607461,2842608607,15967,1146
29627.248119,2842615638,2842616784,15833,1146
29627.258643,2842623835,2842624982,15945,1147
29627.268327,2842632104,2842633251,15969,1147
29627.279681,2842640413,2842641559,15819,1146
29627.288329,2842648637,2842649783,15849,1146
29627.300329,2842656785,2842657930,15970,1145
29627.311239,2842664932,2842666078,15797,1146
29627.320330,2842673145,2842674289,15947,1144
29627.332286,2842681278,2842682417,15968,1139
29627.342799,2842689422,2842690565,15850,1143
29627.352329,2842697568,2842698711,15943,1143
29627.363847,2842705715,2842706857,15968,1142
29627.374360,2842713904,2842715046,15826,1142
29627.384329,2842722040,2842723186,15947,1146
29627.395406,2842730239,2842731382,15953,1143
29627.404333,2842738377,2842739523,15830,1146
29627.416328,2842746513,2842747655,15937,1142
29627.426967,2842754665,2842755811,15968,1146
29627.436331,2842762806,2842763949,15908,1143
29627.448002,2842770947,2842772088,15948,1141
29627.458527,2842779093,2842780235,15969,1142
29627.468328,2842787300,2842788444,15836,1144
29627.479561,2842795445,2842796588,15937,1143
29627.488333,2842803653,2842804796,15991,1143
29627.500334,2842811816,2842812963,15832,1147
29627.511122,2842820036,2842821183,15948,1147
29627.520327,2842828353,2842829497,15965,1144
29627.532159,2842836489,2842837633,15831,1144
29627.542684,2842844775,2842845920,15964,1145
29627.552330,2842852922,2842854065,15957,1143
29627.563719,2842861060,2842862201,15831,1141
29627.572331,2842869218,2842870364,15917,1146
29627.584336,2842877352,2842878498,15966,1146
29627.595279,2842885473,2842886620,15835,1147
29627.604328,2842893598,2842894745,15916,1147
29627.616326,2842901738,2842902884,15971,1146
29627.626839,2842909888,2842911035,15834,1147
29627.636329,2842918101,2842919246,15851,1145
29627.647886,2842926274,2842927417,15967,1143
29627.658400,2842934464,2842935611,15831,1147
29627.668330,2842942709,2842943852,15945,1143
29627.679447,2842950934,2842952080,15971,1146
29627.688327,2842959141,2842960284,15843,1143
29627.700331,2842967362,2842968503,15947,1141
29627.711007,2842975529,2842976672,15968,1143
29627.720334,2842983691,2842984836,15834,1145
29627.732043,2842991863,2842993006,15946,1143
29627.742568,2843000133,2843001280,15950,1147
29627.752332,2843008255,2843009401,15830,1146
29627.763601,2843016403,2843017547,15945,1144
29627.772332,2843024540,2843025686,15965,1146
29627.784329,2843032708,2843033855,15901,1147
29627.795162,2843040859,2843042004,15943,1145
29627.804329,2843049099,2843050247,15964,1148
29627.816198,2843057233,2843058380,15828,1147
29627.826722,2843065400,2843066547,15949,1147
29627.836333,2843073544,2843074690,15969,1146
29627.847758,2843081703,2843082848,15835,1145
29627.856332,2843089843,2843090989,15941,1146
29627.868328,2843098071,2843099214,15970,1143
29627.879320,2843106270,2843107413,15833,1143
29627.888331,2843114449,2843115596,15962,1147
29627.900334,2843122725,2843123870,15971,1145
29627.910880,2843130880,2843132026,15832,1146
29627.920336,2843139024,2843140167,15943,1143
29627.931927,2843147244,2843148384,15968,1140
29627.942442,2843155459,2843156606,15858,1147
29627.952337,2843163705,2843164852,15893,1147
29627.963487,2843171842,2843172985,15972,1143
29627.972328,2843180054,2843181200,15831,1146
29627.984335,2843188223,2843189370,15834,1147
29627.995049,2843196430,2843197577,15970,1147
29628.004330,2843204622,2843205765,15831,1143
29628.016081,2843212807,2843213950,15948,1143
29628.026608,2843221028,2843222176,15968,1148
29628.036328,2843229195,2843230341,15841,1146
29628.047642,2843237493,2843238635,15944,1142
29628.056330,2843245832,2843246976,15971,1144
29628.068333,2843253998,2843255145,15828,1147
29628.079203,2843262150,2843263297,15940,1147
29628.088328,2843270298,2843271439,15949,1141
29628.100239,2843278498,2843279644,15844,1146
29628.110763,2843286647,2843287795,15946,1148
29628.120328,2843294754,2843295896,15970,1142
29628.131806,2843302893,2843304035,15913,1142
29628.140335,2843311027,2843312172,15948,1145
29628.152329,2843319171,2843320316,15970,1145
29628.163359,2843327360,2843328506,15830,1146
29628.172332,2843335505,2843336647,15935,1142
29628.184330,2843343635,2843344776,15972,1141
29628.194919,2843351767,2843352914,15832,1147
29628.204328,2843359920,2843361066,15949,1146
29628.215966,2843368096,2843369239,15968,1143
29628.226480,2843376269,2843377417,15833,1148
29628.236333,2843384437,2843385584,15962,1147
29628.247527,2843392611,2843393751,15970,1140
29628.256336,2843400810,2843401952,15833,1142
29628.268331,2843408949,2843410091,15929,1142
29628.279088,2843417146,2843418289,15967,1143
29628.288334,2843425485,2843426627,15832,1142
29628.300115,2843433594,2843434739,15923,1145
29628.310648,2843441769,2843442914,15957,1145
29628.320332,2843449965,2843451112,15831,1147
29628.331680,2843458118,2843459260,15853,1142
29628.340330,2843466234,2843467381,15969,1147
29628.352331,2843474405,2843475546,15834,1141
29628.363242,2843482570,2843483712,15942,1142
29628.372333,2843490769,2843491913,15971,1144
29628.384279,2843498932,2843500079,15845,1147
29628.394803,2843507260,2843508408,15950,1148
29628.404326,2843515429,2843516575,15971,1146
29628.415842,2843523620,2843524765,15853,1145
29628.426363,2843531767,2843532910,15945,1143
29628.436329,2843539908,2843541054,15953,1146
29628.447399,2843548062,2843549204,15832,1142
29628.456329,2843556208,2843557350,15945,1142
29628.468328,2843564341,2843565484,15969,1143
29628.478967,2843572481,2843573624,15915,1143
29628.488332,2843580617,2843581759,15948,1142
29628.500007,2843588780,2843589925,15959,1145
29628.510520,2843596975,2843598118,15836,1143
29628.520327,2843605143,2843606286,15947,1143
29628.531566,2843613295,2843614439,15971,1144
29628.540327,2843621453,2843622596,15833,1143
29628.552334,2843629590,2843630733,15947,1143
29628.563128,2843637782,2843638929,15966,1147
29628.572329,2843646094,2843647239,15823,1145
29628.584163,2843654301,2843655444,15960,1143
29628.594688,2843662444,2843663589,15966,1145
29628.604327,2843670629,2843671770,15833,1141
29628.615722,2843678766,2843679913,15946,1147
29628.624329,2843687018,2843688165,15968,1147
29628.636330,2843695217,2843696363,15836,1146
29628.647282,2843703390,2843704535,15943,1145
29628.656336,2843711635,2843712781,15958,1146
29628.668319,2843719803,2843720946,15826,1143
29628.678841,2843727952,2843729098,15851,1146
29628.688328,2843736075,2843737218,15969,1143
29628.699879,2843744215,2843745362,15823,1147
29628.710403,2843752361,2843753504,15944,1143
29628.720331,2843760536,2843761682,15969,1146
29628.731440,2843768676,2843769819,15850,1143
29628.740333,2843776813,2843777954,15945,1141
29628.752328,2843784944,2843786090,15968,1146
29628.763000,2843793173,2843794320,15835,1147
29628.772328,2843801340,2843802486,15945,1146
29628.784047,2843809518,2843810663,15952,1145
29628.794561,2843817663,2843818809,15836,1146
29628.804327,2843825812,2843826954,15945,1142
29628.815607,2843833954,2843835101,15968,1147
29628.824328,2843842200,2843843342,15910,1142
29628.836329,2843850323,2843851465,15933,1142
29628.847168,2843858465,2843859605,15966,1140
29628.856331,2843866682,2843867827,15833,1145
29628.868202,2843874874,2843876020,15947,1146
29628.878726,2843882990,2843884135,15969,1145
29628.888329,2843891127,2843892272,15826,1145
29628.899762,2843899295,2843900441,15945,1146
29628.908328,2843907438,2843908584,15970,1146
29628.920328,2843915595,2843916741,15832,1146
29628.931324,2843923793,2843924937,15963,1144
29628.940333,2843931966,2843933107,15969,1141
29628.952335,2843940095,2843941241,15831,1146
29628.962883,2843948333,2843949478,15944,1145
29628.972330,2843956606,2843957752,15972,1146
29628.983919,2843964780,2843965926,15832,1146
29628.994443,2843972925,2843974070,15943,1145
29629.004327,2843981094,2843982237,15964,1143
29629.015482,2843989233,2843990380,15860,1147
29629.024329,2843997478,2843998624,15851,1146
29629.036329,2844005647,2844006793,15969,1146
29629.047040,2844013791,2844014936,15828,1145
29629.056330,2844022130,2844023272,15938,1142
29629.068087,2844030261,2844031407,15968,1146
29629.078600,2844038404,2844039546,15842,1142
29629.088330,2844046542,2844047687,15951,1145
29629.099647,2844054660,2844055807,15968,1147
29629.108328,2844062814,2844063957,15833,1143
29629.120335,2844070945,2844072087,15964,1142
29629.131208,2844079085,2844080231,15953,1146
29629.140335,2844087253,2844088400,15823,1147
29629.152243,2844095439,2844096585,15946,1146
29629.162768,2844103637,2844104782,15968,1145
29629.172331,2844111855,2844113001,15909,1146
29629.183803,2844120073,2844121215,15933,1142
29629.192331,2844128220,2844129362,15965,1142
29629.204331,2844136360,2844137507,15832,1147
29629.215363,2844144504,2844145651,15951,1147
29629.224331,2844152644,2844153791,15956,1147
29629.236330,2844160887,2844162030,15832,1143
29629.246923,2844169051,2844170192,15947,1141
29629.256327,2844177189,2844178330,15950,1141
29629.267960,2844185324,2844186471,15832,1147
29629.278486,2844193464,2844194606,15963,1142
29629.288327,2844201753,2844202894,15956,1141
29629.299520,2844209888,2844211031,15828,1143
29629.308334,2844218027,2844219175,15939,1148
29629.320329,2844226178,2844227319,16009,1141
29629.331080,2844234324,2844235468,15880,1144
29629.340330,2844242635,2844243777,15944,1142
29629.352128,2844250812,2844251959,15966,1147
29629.362641,2844259039,2844260182,15811,1143
29629.372332,2844267201,2844268344,15853,1143
29629.383688,2844275417,2844276563,15963,1146
29629.392329,2844283639,2844284785,15822,1146
29629.404330,2844291852,2844292998,15948,1146
29629.415248,2844299974,2844301117,15970,1143
29629.424329,2844308110,2844309256,15837,1146
29629.436282,2844316311,2844317458,15943,1147
29629.446808,2844324454,2844325598,15965,1144
29629.456328,2844332628,2844333769,15831,1141
29629.467842,2844340736,2844341879,15944,1143
29629.478369,2844348977,2844350123,15944,1146
29629.488331,2844357147,2844358294,15830,1147
29629.499403,2844365294,2844366440,15931,1146
29629.508331,2844373439,2844374585,15970,1146
29629.520333,2844381558,2844382702,15909,1144
29629.530964,2844389704,2844390848,15951,1144
29629.540327,2844397894,2844399036,15956,1142
29629.552000,2844406038,2844407184,15822,1146
29629.562524,2844414180,2844415326,15933,1146
29629.572327,2844422324,2844423469,15971,1145
29629.583563,2844430516,2844431662,15846,1146
29629.592331,2844438694,2844439839,15947,1145
29629.604329,2844446831,2844447973,15963,1142
29629.615121,2844454967,2844456113,15837,1146
29629.624333,2844463273,2844464414,15958,1141
29629.636169,2844471407,2844472552,15961,1145
29629.646681,2844479571,2844480710,15833,1139
29629.656326,2844487739,2844488886,15948,1147
29629.667728,2844495878,2844497024,15971,1146
29629.676327,2844504075,2844505221,15839,1146
29629.688328,2844512258,2844513405,15962,1147
29629.699288,2844520396,2844521541,15971,1145
29629.708331,2844528540,2844529686,15822,1146
29629.720320,2844536733,2844537879,15850,1146
29629.730849,2844544890,2844546031,16040,1141
29629.740327,2844553075,2844554218,15834,1143
29629.751882,2844561215,2844562356,15945,1141
29629.762410,2844569374,2844570516,15970,1142
29629.772329,2844577516,2844578657,15847,1141
29629.783443,2844585622,2844586763,15948,1141
29629.792330,2844593755,2844594901,15967,1146
29629.804334,2844601925,2844603067,15835,1142
29629.815003,2844610055,2844611197,15947,1142
29629.824330,2844618263,2844619408,15951,1145
29629.836040,2844626451,2844627597,15836,1146
29629.846564,2844634612,2844635752,15946,1140
29629.856328,2844642771,2844643913,15969,1142
29629.867608,2844651065,2844652212,15917,1147
29629.876334,2844659204,2844660350,15949,1146
29629.888327,2844667351,2844668496,15967,1145
29629.899161,2844675483,2844676624,15834,1141
29629.908328,2844683694,2844684840,15949,1146
29629.920206,2844691832,2844692978,15957,1146
29629.930718,2844699967,2844701118,15776,1151
29629.940327,2844708178,2844709325,15889,1147
29629.951768,2844716346,2844717487,15968,1141
29629.960334,2844724460,2844725602,15831,1142
29629.972328,2844732611,2844733757,15962,1146
29629.983328,2844740750,2844741891,15971,1141
29629.992331,2844748888,2844750034,15837,1146
29630.004330,2844757052,2844758198,15940,1146
29630.014888,2844765224,2844766372,15971,1148
29630.024329,2844773367,2844774510,15843,1143
29630.035923,2844781533,2844782679,15949,1146
29630.046450,2844789674,2844790818,15972,1144
29630.056328,2844797819,2844798960,15834,1141
29630.067481,2844805978,2844807125,15856,1147
29630.076329,2844814117,2844815263,15954,1146
29630.088329,2844822221,2844823367,15849,1146
29630.099044,2844830362,2844831508,15954,1146
29630.108328,2844838547,2844839689,15966,1142
29630.120080,2844846692,2844847834,15849,1142
29630.130604,2844854976,2844856122,15945,1146
29630.140330,2844863135,2844864277,15969,1142
29630.151641,2844871284,2844872429,15820,1145
29630.160332,2844879427,2844880568,15950,1141
29630.172329,2844887537,2844888679,15968,1142
29630.183201,2844895670,2844896819,15833,1149
29630.192331,2844903884,2844905024,15939,1140
29630.204250,2844912043,2844913185,15971,1142
29630.214769,2844920150,2844921299,15900,1149
29630.224328,2844928316,2844929462,15940,1146
29630.235808,2844936457,2844937602,15964,1145
29630.244331,2844944591,2844945730,15850,1139
29630.256329,2844952803,2844953949,15946,1146
29630.267368,2844960947,2844962093,15994,1146
29630.276331,2844969082,2844970227,15835,1145
29630.288329,2844977221,2844978367,15947,1146
29630.298928,2844985359,2844986505,15967,1146
29630.308331,2844993493,2844994640,15831,1147
29630.319964,2845001637,2845002783,15958,1146
29630.330489,2845009781,2845010922,15965,1141
29630.340332,2845017935,2845019075,15829,1140
29630.351523,2845026108,2845027255,15944,1147
29630.360329,2845034280,2845035426,15972,1146
29630.372330,2845042419,2845043564,15831,1145
29630.383083,2845050553,2845051699,15943,1146
29630.392331,2845058852,2845059998,15973,1146
29630.404120,2845066989,2845068134,15832,1145
29630.414642,2845075156,2845076302,15848,1146
29630.424327,2845083309,2845084452,15966,1143
29630.435680,2845091448,2845092596,15834,1148
29630.444330,2845099624,2845100768,15946,1144
29630.456332,2845107765,2845108910,15961,1145
29630.467241,2845115913,2845117058,15853,1145
29630.476328,2845124050,2845125196,15949,1146
29630.488288,2845132224,2845133371,15970,1147
29630.498801,2845140361,2845141507,15833,1146
29630.508332,2845148532,2845149678,15939,1146
29630.519848,2845156701,2845157847,15937,1146
29630.530362,2845164843,2845165986,15817,1143
29630.540328,2845173014,2845174156,15947,1142
29630.551408,2845181188,2845182335,15960,1147
29630.560332,2845189461,2845190607,15909,1146
29630.572332,2845197579,2845198725,15942,1146
29630.582969,2845205725,2845206873,15951,1148
29630.592333,2845213870,2845215012,15821,1142
29630.604003,2845222035,2845223180,15944,1145
29630.614527,2845230191,2845231337,15963,1146
29630.624329,2845238356,2845239503,15834,1147
29630.635563,2845246546,2845247691,15949,1145
29630.644327,2845254658,2845255801,15969,1143
29630.656329,2845262795,2845263941,15836,1146
29630.667125,2845270943,2845272089,15962,1146
29630.676329,2845279249,2845280395,15971,1146
29630.688160,2845287386,2845288533,15833,1147
29630.698684,2845295509,2845296653,15940,1144
29630.708329,2845303653,2845304799,15956,1146
29630.719720,2845311841,2845312986,15835,1145
29630.728329,2845319998,2845321140,15947,1142
29630.740329,2845328136,2845329282,15955,1146
29630.751283,2845336294,2845337440,15834,1146
29630.760332,2845344470,2845345616,15853,1146
29630.772328,2845352642,2845353786,15971,1144
29630.782841,2845360760,2845361906,15835,1146
29630.792329,2845368895,2845370042,15948,1147
29630.803888,2845377038,2845378179,15969,1141
29630.814401,2845385174,2845386320,15847,1146
29630.824332,2845393316,2845394462,15963,1146
29630.835449,2845401449,2845402595,15974,1146
29630.844333,2845409593,2845410734,15834,1141
29630.856328,2845417754,2845418895,15939,1141
29630.867009,2845425984,2845427130,15962,1146
29630.876333,2845434150,2845435293,15877,1143
29630.888043,2845442282,2845443424,15946,1142
29630.898569,2845450523,2845451668,15971,1145
29630.908328,2845458646,2845459792,15905,1146
29630.919603,2845466784,2845467930,15943,1146
29630.928333,2845474931,2845476076,15967,1145
29630.940332,2845483124,2845484267,15831,1143
29630.951161,2845491335,2845492481,15931,1146
29630.960332,2845499539,2845500681,15968,1142
29630.972199,2845507655,2845508800,15826,1145
29630.982725,2845515793,2845516938,15942,1145
29630.992327,2845523932,2845525078,15952,1146
29631.016332,2845536256,2845536889,11969,633
29631.027813,2845540319,2845540954,12074,635
29631.036327,2845546997,2845548135,15963,1138
29631.048337,2845555032,2845556169,15853,1137
29631.059367,2845563093,2845564230,15860,1137
29631.068330,2845571201,2845572340,15966,1139
29631.080330,2845579293,2845580432,15835,1139
29631.090930,2845587380,2845588519,15951,1139
29631.100328,2845595506,2845596647,15964,1141
29631.111966,2845603645,2845604784,15850,1139
29631.122492,2845611734,2845612880,15961,1146
29631.132333,2845619900,2845621043,15973,1143
29631.143527,2845628008,2845629154,15838,1146
29631.152331,2845636154,2845637299,15964,1145
29631.164330,2845644298,2845645440,15955,1142
29631.175087,2845652435,2845653577,15841,1142
29631.184329,2845660693,2845661839,15939,1146
29631.196135,2845668825,2845669966,15926,1141
29631.206652,2845676963,2845678108,15915,1145
29631.216326,2845685049,2845686195,15964,1146
29631.227693,2845693137,2845694282,15954,1145
29631.236328,2845701251,2845702397,15855,1146
29631.248334,2845709382,2845710527,15961,1145
29631.259253,2845717521,2845718666,15967,1145
29631.268332,2845725660,2845726802,15866,1142
29631.280290,2845734079,2845735230,15952,1151
29631.290813,2845742225,2845743372,15912,1147
29631.300329,2845750392,2845751537,15842,1145
29631.311852,2845758541,2845759680,15971,1139
29631.322374,2845766646,2845767789,15758,1143
29631.332331,2845774886,2845776032,15847,1146
29631.343412,2845783429,2845784571,15841,1142
29631.352333,2845791723,2845792868,15896,1145
29631.364334,2845799854,2845801000,15826,1146
29631.374975,2845808026,2845809172,15970,1146
29631.384332,2845816406,2845817553,15905,1147
29631.396007,2845824580,2845825725,15828,1145
29631.406535,2845833143,2845834286,15913,1143
29631.416328,2845841539,2845842683,15902,1144
29631.427567,2845849677,2845850823,15841,1146
29631.436330,2845857894,2845859042,15976,1148
29631.448329,2845866044,2845867187,15904,1143
29631.459127,2845874193,2845875335,15843,1142
29631.468329,2845882449,2845883594,15985,1145
29631.480172,2845890589,2845891736,15912,1147
29631.490687,2845898856,2845900001,15828,1145
29631.500327,2845907052,2845908198,15945,1146
29631.511733,2845913690,2845914826,15917,1136
29631.520329,2845921780,2845922926,15961,1146
29631.532334,2845929910,2845931055,16037,1145
29631.543293,2845938035,2845939181,16033,1146
29631.552332,2845946301,2845947446,15987,1145
29631.564327,2845954439,2845955585,16045,1146
29631.574854,2845962564,2845963710,16040,1146
29631.584331,2845970703,2845971849,15935,1146
29631.595889,2845978836,2845979980,16041,1144
29631.606414,2845986975,2845988121,16057,1146
29631.616330,2845995093,2845996239,15926,1146
29631.627450,2846003230,2846004376,16038,1146
29631.636327,2846011355,2846012497,16053,1142
29631.648327,2846019541,2846020689,15926,1148
29631.659011,2846027678,2846028819,16028,1141
29631.668329,2846035937,2846037080,16038,1143
29631.680047,2846044120,2846045268,15941,1148
29631.690570,2846052246,2846053393,16029,1147
29631.700330,2846060315,2846061460,15970,1145
29631.711607,2846068481,2846069624,15834,1143
29631.720329,2846076631,2846077774,15938,1143
29631.732328,2846084798,2846085940,15966,1142
29631.743167,2846092908,2846094055,15833,1147
29631.752328,2846101129,2846102275,15941,1146
29631.764214,2846109276,2846110421,15953,1145
29631.774728,2846117434,2846118580,15837,1146
29631.784331,2846125575,2846126720,15946,1145
29631.795775,2846133751,2846134892,15969,1141
29631.804333,2846141944,2846143089,15844,1145
29631.816331,2846150111,2846151252,16035,1141
29631.827336,2846158244,2846159389,15964,1145
29631.836334,2846166389,2846167531,15822,1142
29631.848329,2846174519,2846175663,15943,1144
29631.858896,2846182658,2846183804,15962,1146
29631.868328,2846190787,2846191932,15840,1145
29631.879929,2846198919,2846200062,16030,1143
29631.890456,2846207038,2846208184,16045,1146
29631.900329,2846215176,2846216323,15992,1147
29631.911490,2846223320,2846224458,16034,1138
29631.920331,2846231437,2846232583,16048,1146
29631.932333,2846239599,2846240745,15924,1146
29631.943050,2846247738,2846248884,16031,1146
29631.952335,2846256015,2846257161,16074,1146
29631.964087,2846264195,2846265341,15832,1146
29631.974612,2846272507,2846273654,16036,1147
29631.984334,2846280677,2846281822,16054,1145
29631.995647,2846288828,2846289967,15935,1139
29632.004333,2846296939,2846298084,16032,1145
29632.016329,2846305073,2846306220,16038,1147
29632.027207,2846313215,2846314355,15850,1140
29632.036330,2846321365,2846322510,15962,1145
29632.048254,2846329530,2846330671,15961,1141
29632.058768,2846337706,2846338853,15856,1147
29632.068331,2846345877,2846347019,16031,1142
29632.079814,2846354009,2846355153,16041,1144
29632.088330,2846362144,2846363286,15848,1142
29632.100330,2846370285,2846371428,15845,1143
29632.111374,2846378417,2846379560,15968,1143
29632.120330,2846386557,2846387703,15837,1146
29632.132329,2846394688,2846395829,16024,1141
29632.142935,2846402866,2846404011,16053,1145
29632.152331,2846411004,2846412147,15835,1143
29632.163969,2846419142,2846420288,15946,1146
29632.175990,2846428425,2846429570,15895,1145
29632.186514,2846436673,2846437819,16035,1146
29632.196330,2846444798,2846445944,16057,1146
29632.207550,2846452931,2846454077,15936,1146
29632.216335,2846461038,2846462179,16031,1141
29632.228334,2846469169,2846470308,16053,1139
29632.239110,2846477300,2846478446,15922,1146
29632.248335,2846485608,2846486753,15936,1145
29632.260156,2846493715,2846494856,16028,1141
29632.270671,2846501823,2846502965,15910,1142
29632.280335,2846509919,2846511064,16036,1145
29632.291717,2846518055,2846519200,16053,1145
29632.300327,2846526313,2846527459,15940,1146
29632.312331,2846534451,2846535598,16040,1147
29632.323278,2846542585,2846543731,15970,1146
29632.332328,2846550722,2846551863,15838,1141
29632.344312,2846558886,2846560026,15947,1140
29632.354838,2846567049,2846568195,15953,1146
29632.364329,2846575187,2846576333,15840,1146
29632.375873,2846583296,2846584441,15931,1145
29632.386398,2846591453,2846592599,16041,1146
29632.396332,2846599590,2846600730,15992,1140
29632.407433,2846607721,2846608867,16038,1146
29632.416335,2846615960,2846617107,16032,1147
29632.428329,2846624105,2846625248,15919,1143
29632.438994,2846632239,2846633384,15939,1145
29632.448331,2846640434,2846641580,15968,1146
29632.460030,2846648571,2846649716,15835,1145
29632.470554,2846656707,2846657850,15943,1143
29632.480329,2846664889,2846666034,15965,1145
29632.491591,2846673027,2846674173,15838,1146
29632.500328,2846681164,2846682308,15964,1144
29632.512329,2846689304,2846690451,15951,1147
29632.523151,2846697446,2846698587,15846,1141
29632.532331,2846705876,2846707018,15943,1142
29632.544197,2846714056,2846715196,15950,1140
29632.554713,2846722252,2846723398,15837,1146
29632.564329,2846730390,2846731531,15940,1141
29632.575756,2846738525,2846739670,15958,1145
29632.584330,2846746674,2846747819,15848,1145
29632.596328,2846754785,2846755930,15943,1145
29632.607317,2846762915,2846764057,16038,1142
29632.616332,2846771057,2846772203,15837,1146
29632.628327,2846779202,2846780345,15944,1143
29632.638877,2846787338,2846788485,15953,1147
29632.648334,2846795483,2846796624,15850,1141
29632.659914,2846803613,2846804754,16050,1141
29632.670439,2846811751,2846812894,16058,1143
29632.680328,2846819884,2846821025,15923,1141
29632.691473,2846828014,2846829161,16034,1147
29632.700328,2846836182,2846837328,16054,1146
29632.712329,2846844322,2846845466,15925,1144
29632.723033,2846852453,2846853598,16021,1145
29632.732327,2846860729,2846861873,16050,1144
29632.744077,2846868849,2846869992,15909,1143
29632.754594,2846876996,2846878137,15947,1141
29632.764327,2846885125,2846886267,15966,1142
29632.775631,2846893234,2846894380,15834,1146
29632.784332,2846901353,2846902498,15945,1145
29632.796332,2846909500,2846910645,15958,1145
29632.807190,2846917639,2846918785,15925,1146
29632.816327,2846925871,2846927012,16032,1141
29632.828237,2846934011,2846935154,16048,1143
29632.838754,2846942143,2846943285,15926,1142
29632.848331,2846950294,2846951436,16045,1142
29632.859798,2846958426,2846959567,16049,1141
29632.868329,2846966562,2846967707,15925,1145
29632.880327,2846974710,2846975857,16029,1147
29632.891358,2846982860,2846984002,16055,1142
29632.900330,2846991074,2846992217,15936,1143
29632.912328,2846999210,2847000357,16038,1147
29632.922917,2847007360,2847008502,16039,1142
29632.932328,2847015501,2847016642,15921,1141
29632.943951,2847023640,2847024779,15935,1139
29632.954479,2847031803,2847032949,16057,1146
29632.964328,2847039947,2847041092,15845,1145
29632.975514,2847048117,2847049258,15939,1141
29632.984327,2847056253,2847057394,15963,1141
29632.996328,2847064372,2847065516,15913,1144
29633.007074,2847072507,2847073652,16016,1145
29633.016332,2847080786,2847081928,16057,1142
29633.028110,2847088921,2847090067,15944,1146
29633.038635,2847097059,2847098204,16034,1145
29633.048329,2847105167,2847106313,16035,1146
29633.059671,2847113317,2847114461,15924,1144
29633.068332,2847121529,2847122671,16028,1142
29633.080333,2847129656,2847130801,15967,1145
29633.091237,2847137743,2847138889,15917,1146
29633.100329,2847145957,2847147102,15943,1145
29633.112277,2847154085,2847155232,15965,1147
29633.122792,2847162304,2847163447,15836,1143
29633.132330,2847170438,2847171584,15940,1146
29633.143838,2847178582,2847179725,15978,1143
29633.154352,2847186721,2847187867,15829,1146
29633.164330,2847194919,2847196065,15937,1146
29633.175398,2847203063,2847204209,15968,1146
29633.184333,2847211231,2847212377,15843,1146
29633.196331,2847219402,2847220545,16044,1143
29633.206959,2847227542,2847228687,16049,1145
29633.216333,2847235673,2847236819,15918,1146
29633.227993,2847243842,2847244986,16037,1144
29633.238519,2847252020,2847253166,16042,1146
29633.248334,2847260169,2847261315,15916,1146
29633.259553,2847268315,2847269460,16032,1145
29633.268331,2847276406,2847277546,16054,1140
29633.280328,2847284522,2847285664,15922,1142
29633.291112,2847292632,2847293772,15938,1140
29633.300330,2847300926,2847302071,15956,1145
29633.312152,2847309030,2847310172,15841,1142
29633.322675,2847317139,2847318283,15933,1144
29633.332329,2847325280,2847326421,15968,1141
29633.343711,2847333413,2847334556,15850,1143
29633.352328,2847341556,2847342702,15940,1146
29633.364328,2847349687,2847350830,15938,1143
29633.375271,2847357816,2847358961,15848,1145
29633.384331,2847365954,2847367100,15944,1146
29633.396318,2847374101,2847375242,15966,1141
29633.406831,2847382260,2847383407,15920,1147
29633.416336,2847390419,2847391560,16033,1141
29633.427877,2847398525,2847399670,16029,1145
29633.438399,2847406715,2847407863,15993,1148
29633.448330,2847414829,2847415973,16029,1144
29633.459439,2847422938,2847424079,16056,1141
29633.468329,2847431071,2847432213,15924,1142
29633.480328,2847439209,2847440354,16031,1145
29633.490998,2847447346,2847448491,16067,1145
29633.500335,2847455509,2847456652,15925,1143
29633.512034,2847463650,2847464795,16034,1145
29633.522559,2847471810,2847472956,15967,1146
29633.532332,2847480003,2847481148,15836,1145
29633.543595,2847488142,2847489285,15941,1143
29633.552328,2847496283,2847497429,15961,1146
29633.564327,2847504428,2847505572,15842,1144
29633.575154,2847512564,2847513704,15942,1140
29633.584332,2847520831,2847521977,15967,1146
29633.596190,2847528966,2847530109,15842,1143
29633.606716,2847537335,2847538478,15949,1143
29633.616329,2847545449,2847546594,15952,1145
29633.627751,2847553565,2847554709,15834,1144
29633.636333,2847561709,2847562855,15842,1146
29633.648328,2847569782,2847570928,15974,1146
29633.659311,2847577918,2847579058,15831,1140
29633.668328,2847586052,2847587198,15949,1146
29633.680334,2847594188,2847595331,15953,1143
29633.690872,2847602327,2847603473,15842,1146
29633.700336,2847610468,2847611610,15945,1142
29633.711919,2847618590,2847619735,15967,1145
29633.722432,2847626715,2847627861,15831,1146
29633.732330,2847634854,2847635996,15933,1142
29633.743479,2847643012,2847644152,15945,1140
29633.752328,2847651172,2847652313,15834,1141
29633.764333,2847659304,2847660446,15940,1142
29633.775039,2847667497,2847668643,15972,1146
29633.784332,2847675695,2847676828,15894,1133
29633.796073,2847683784,2847684925,15943,1141
29633.808093,2847693101,2847694244,15806,1143
29633.818618,2847701299,2847702437,15944,1138
29633.828331,2847709480,2847710626,15960,1146
29633.839653,2847717624,2847718765,15831,1141
29633.848328,2847725744,2847726891,15912,1147
29633.860333,2847733884,2847735027,15964,1143
29633.871215,2847742064,2847743206,15827,1142
29633.880328,2847750264,2847751404,15946,1140
29633.892261,2847758393,2847759538,15952,1145
29633.902776,2847766534,2847767675,15836,1141
29633.912334,2847774650,2847775790,15946,1140
29633.923820,2847782785,2847783926,15943,1141
29633.934343,2847790922,2847792068,15912,1146
29633.944331,2847799114,2847800258,15939,1144
29633.955382,2847807250,2847808395,15970,1145
29633.964336,2847815383,2847816529,15836,1146
29633.976332,2847823527,2847824671,15940,1144
29633.986941,2847831659,2847832793,15966,1134
29633.996328,2847839784,2847840929,15827,1145
29634.007977,2847847905,2847849050,15934,1145
29634.018503,2847856053,2847857199,16057,1146
29634.028328,2847864221,2847865368,15926,1147
29634.039538,2847872419,2847873566,16047,1147
29634.048332,2847880566,2847881707,16052,1141
29634.060329,2847888684,2847889825,15921,1141
29634.071097,2847896821,2847897966,16029,1145
29634.080327,2847905121,2847906267,16054,1146
29634.092134,2847913259,2847914405,15838,1146
29634.102658,2847921398,2847922540,15942,1142
29634.112330,2847929533,2847930679,15961,1146
29634.123694,2847937702,2847938848,15832,1146
29634.132334,2847945836,2847946982,15842,1146
29634.144330,2847953972,2847955116,15967,1144
29634.155255,2847962128,2847963275,15837,1147
29634.164334,2847970264,2847971408,15948,1144
29634.176301,2847978397,2847979535,15957,1138
29634.186814,2847986525,2847987671,15852,1146
29634.196330,2847994638,2847995780,15948,1142
29634.207861,2848002778,2848003921,15958,1143
29634.218375,2848010925,2848012067,15920,1142
29634.228331,2848019063,2848020206,16030,1143
29634.239422,2848027203,2848028345,16034,1142
29634.248328,2848035340,2848036486,15929,1146
29634.260337,2848043474,2848044616,16030,1142
29634.270983,2848051598,2848052743,16042,1145
29634.280331,2848059738,2848060884,16000,1146
29634.292016,2848067822,2848068965,16033,1143
29634.302542,2848076013,2848077158,16052,1145
29634.312330,2848084130,2848085273,15865,1143
29634.323577,2848092291,2848093432,15949,1141
29634.332327,2848100435,2848101580,15979,1145
29634.344329,2848108581,2848109727,15839,1146
29634.355138,2848116748,2848117890,15942,1142
29634.364327,2848125039,2848126181,15963,1142
29634.376174,2848133181,2848134325,15828,1144
29634.386699,2848141317,2848142462,15957,1145
29634.396330,2848149457,2848150603,15944,1146
29634.407736,2848157593,2848158735,15839,1142
29634.416333,2848165706,2848166848,15932,1142
29634.428335,2848173849,2848174987,16022,1138
29634.439295,2848181959,2848183096,15928,1137
29634.448329,2848190082,2848191224,16027,1142
29634.460330,2848198210,2848199352,16055,1142
29634.470855,2848206345,2848207488,15916,1143
29634.480333,2848214461,2848215603,15933,1142
29634.491901,2848222591,2848223737,16039,1146
29634.502416,2848230733,2848231874,15927,1141
29634.512336,2848238864,2848240004,16035,1140
29634.523462,2848246993,2848248134,16056,1141
29634.532328,2848255081,2848256222,15854,1141
29634.544328,2848263215,2848264362,15947,1147
29634.555022,2848271330,2848272476,15958,1146
29634.564332,2848279644,2848280791,15836,1147
29634.576059,2848287811,2848288953,15944,1142
29634.586583,2848295958,2848297102,16042,1144
29634.596330,2848304095,2848305241,15830,1146
29634.607617,2848312238,2848313380,15946,1142
29634.616332,2848320308,2848321447,15965,1139
29634.628332,2848328368,2848329514,16004,1146
29634.639177,2848336477,2848337622,16032,1145
29634.648328,2848344686,2848345826,16051,1140
29634.660215,2848352787,2848353931,15917,1144
29634.670738,2848360924,2848362066,16040,1142
29634.680327,2848369065,2848370207,16056,1142
29634.691774,2848377219,2848378352,15904,1133
29634.700327,2848385320,2848386466,15980,1146
29634.712331,2848393401,2848394539,16075,1138
29634.723338,2848401466,2848402613,15952,1147
29634.732330,2848409570,2848410708,16050,1138
29634.744328,2848417699,2848418840,16052,1141
29634.754897,2848425791,2848426932,15947,1141
29634.764330,2848433922,2848435067,16032,1145
29634.775941,2848442058,2848443197,15962,1139
29634.786456,2848450167,2848451305,15838,1138
29634.796331,2848458258,2848459396,15946,1138
29634.807502,2848466378,2848467523,15954,1145
29634.816331,2848474512,2848475657,15829,1145
29634.828328,2848482625,2848483769,15898,1144
29634.839062,2848490787,2848491932,16057,1145
29634.848331,2848499045,2848500190,15924,1145
29634.860097,2848507228,2848508371,16026,1143
29634.870623,2848515477,2848516614,16056,1137
29634.880334,2848523578,2848524724,15932,1146
29634.891657,2848531727,2848532872,16030,1145
29634.900336,2848539888,2848541034,16057,1146
29634.912332,2848548022,2848549168,15925,1146
29634.923220,2848556209,2848557355,16032,1146
29634.932331,2848564540,2848565682,16032,1142
29634.944254,2848572674,2848573815,15925,1141
29634.954778,2848580783,2848581929,16030,1146
29634.964328,2848588902,2848590043,16057,1141
29634.975821,2848597031,2848598174,15990,1143
29634.986339,2848605164,2848606297,16032,1133
29634.996328,2848613250,2848614396,16058,1146
29635.007375,2848621391,2848622539,15835,1148
29635.016331,2848629659,2848630806,15941,1147
29635.028328,2848637786,2848638932,16047,1146
29635.038935,2848645926,2848647064,15899,1138
29635.048328,2848654025,2848655170,15967,1145
29635.059984,2848662134,2848663272,16100,1138
29635.070498,2848670206,2848671347,15950,1141
29635.080333,2848678296,2848679430,16050,1134
29635.091542,2848686397,2848687542,16058,1145
29635.100326,2848694517,2848695661,15946,1144
29635.112329,2848702655,2848703800,16036,1145
29635.123103,2848710793,2848711934,16045,1141
29635.132333,2848719065,2848720211,15915,1146
29635.144137,2848727199,2848728341,16034,1142
29635.154663,2848735309,2848736454,16086,1145
29635.164327,2848743447,2848744589,15915,1142
29635.175696,2848751586,2848752730,15927,1144
29635.184335,2848759717,2848760854,16055,1137
29635.196333,2848767819,2848768964,15949,1145
29635.207258,2848775933,2848777079,16011,1146
29635.216329,2848784085,2848785227,16055,1142
29635.228294,2848792154,2848793292,15936,1138
29635.238818,2848800419,2848801552,15950,1133
29635.248329,2848808528,2848809671,15961,1143
29635.259858,2848816612,2848817758,15866,1146
29635.270378,2848824710,2848825852,15919,1142
29635.280328,2848832808,2848833946,15950,1138
29635.291416,2848840846,2848841983,15835,1137
29635.300329,2848848974,2848850109,15944,1135
29635.312331,2848857092,2848858238,15965,1146
29635.322983,2848865232,2848866378,15911,1146
29635.332328,2848873419,2848874562,15946,1143
29635.344022,2848881544,2848882688,15970,1144
29635.354536,2848889676,2848890813,15833,1137
29635.364331,2848897934,2848899079,15950,1145
29635.375581,2848906029,2848907168,15970,1139
29635.384330,2848914041,2848915178,15836,1137
29635.396331,2848922137,2848923277,15947,1140
29635.407145,2848930283,2848931421,15969,1138
29635.416331,2848938541,2848939683,15830,1142
29635.428179,2848946675,2848947820,15964,1145
29635.438704,2848954799,2848955954,16086,1155
29635.448330,2848962995,2848964140,15923,1145
29635.459735,2848971110,2848972256,15964,1146
29635.468333,2848979227,2848980369,16058,1142
29635.480332,2848987334,2848988476,15946,1142
29635.491298,2848995466,2848996612,16035,1146
29635.500332,2849003608,2849004750,16053,1142
29635.512335,2849011692,2849012831,15917,1139
29635.522857,2849019756,2849020895,15935,1139
29635.532329,2849027812,2849028958,16056,1146
29635.543894,2849035892,2849037030,15917,1138
29635.554419,2849043925,2849045063,16035,1138
29635.564336,2849052073,2849053215,16047,1142
29635.575455,2849060181,2849061325,15932,1144
29635.584327,2849068256,2849069390,16033,1134
29635.596328,2849076409,2849077555,16050,1146
29635.607015,2849084530,2849085667,15899,1137
29635.616328,2849092605,2849093742,16044,1137
29635.628061,2849100777,2849101922,16044,1145
29635.638579,2849108896,2849110041,15964,1145
29635.648332,2849117089,2849118228,16037,1139
29635.659621,2849125190,2849126336,16041,1146
29635.668331,2849133306,2849134445,16002,1139
29635.680327,2849141420,2849142559,16029,1139
29635.691182,2849149511,2849150647,16046,1136
29635.700329,2849157643,2849158780,15924,1137
29635.712217,2849165710,2849166855,15998,1145
29635.722741,2849173878,2849175024,16043,1146
29635.732327,2849181989,2849183128,15926,1139
29635.743778,2849190051,2849191193,16035,1142
29635.752327,2849198133,2849199267,16042,1134
29635.764336,2849206226,2849207370,15934,1144
29635.775339,2849214335,2849215478,16050,1143
29635.784327,2849222468,2849223601,16038,1133
29635.796336,2849230661,2849231806,15937,1145
29635.806899,2849238800,2849239941,16030,1141
29635.816331,2849246935,2849248082,16037,1147
29635.827934,2849255064,2849256204,15934,1140
29635.838459,2849263153,2849264298,16031,1145
29635.848334,2849271289,2849272426,15977,1137
29635.859495,2849279395,2849280542,15848,1147
29635.868331,2849287472,2849288606,15868,1134
29635.880334,2849295534,2849296672,15960,1138
29635.891056,2849303550,2849304687,15840,1137
29635.900330,2849311652,2849312785,15942,1133
29635.912101,2849319689,2849320826,15956,1137
29635.922616,2849327751,2849328892,15856,1141
29635.932329,2849335832,2849336978,15893,1146
29635.943662,2849343936,2849345082,15958,1146
29635.952335,2849352032,2849353173,15874,1141
29635.964335,2849360117,2849361251,15943,1134
29635.975222,2849368150,2849369286,15988,1136
29635.984327,2849376224,2849377364,15865,1140
29635.996257,2849384353,2849385500,15945,1147
29636.006783,2849392491,2849393633,15956,1142
29636.016336,2849400626,2849401760,15910,1134
29636.027818,2849408689,2849409833,15908,1144
29636.038342,2849416809,2849417947,15951,1138
29636.048331,2849424885,2849426025,15835,1140
29636.059379,2849432964,2849434102,16031,1138
29636.068329,2849441056,2849442193,16048,1137
29636.080329,2849449095,2849450233,15929,1138
29636.090939,2849457158,2849458295,16033,1137
29636.100331,2849465249,2849466383,16029,1134
29636.111976,2849473310,2849474448,15930,1138
29636.122501,2849481395,2849482533,16050,1138
29636.132330,2849489485,2849490623,16043,1138
29636.143536,2849497562,2849498707,15926,1145
29636.152333,2849505646,2849506785,16031,1139
29636.164330,2849513660,2849514798,16041,1138
29636.175096,2849521759,2849522899,15936,1140
29636.184330,2849530010,2849531154,16025,1144
29636.196141,2849538128,2849539273,16046,1145
29636.206656,2849546348,2849547488,15934,1140
29636.216333,2849554437,2849555576,15952,1139
29636.227701,2849562499,2849563638,16044,1139
29636.236327,2849570564,2849571701,15932,1137
29636.248334,2849578644,2849579781,16032,1137
29636.259263,2849586734,2849587870,15957,1136
29636.268335,2849594802,2849595938,15856,1136
29636.280297,2849602906,2849604044,15941,1138
29636.290822,2849611021,2849612160,15952,1139
29636.300330,2849619141,2849620279,15847,1138
29636.311858,2849627219,2849628357,15947,1138
29636.322383,2849635311,2849636449,15939,1138
29636.332328,2849643440,2849644583,15850,1143
29636.343419,2849651483,2849652616,15943,1133
29636.352328,2849659641,2849660787,15982,1146
29636.364327,2849667724,2849668862,15905,1138
29636.374978,2849675819,2849676963,15941,1144
29636.384329,2849683906,2849685051,15984,1145
29636.396017,2849692025,2849693167,15874,1142
29636.406537,2849700117,2849701261,15883,1144
29636.416328,2849708248,2849709386,15974,1138
29636.427579,2849716293,2849717435,15880,1142
29636.436333,2849724388,2849725533,15876,1145
29636.448329,2849732427,2849733572,15958,1145
29636.459137,2849740527,2849741667,15850,1140
29636.468327,2849748683,2849749821,16053,1138
29636.480181,2849756719,2849757859,16034,1140
29636.490699,2849764831,2849765975,15963,1144
29636.500330,2849772914,2849774060,16006,1146
29636.511741,2849781014,2849782152,16047,1138
29636.520327,2849789114,2849790259,15954,1145
29636.532330,2849797228,2849798373,16001,1145
29636.543302,2849805318,2849806464,16043,1146
29636.552327,2849813512,2849814652,15932,1140
29636.564336,2849821581,2849822719,15950,1138
29636.574863,2849829683,2849830820,16039,1137
29636.584334,2849837701,2849838839,15927,1138
29636.595898,2849845817,2849846962,16033,1145
29636.606423,2849853945,2849855082,16043,1137
29636.616330,2849862036,2849863175,15944,1139
29636.627458,2849870127,2849871266,16023,1139
29636.636330,2849878221,2849879358,16043,1137
29636.648329,2849886262,2849887395,15934,1133
29636.659019,2849894323,2849895463,16035,1140
29636.668332,2849902412,2849903557,16038,1145
29636.680055,2849910521,2849911656,15923,1135
29636.690580,2849918625,2849919765,16030,1140
29636.700328,2849926803,2849927942,16044,1139
29636.711623,2849934913,2849936051,15995,1138
29636.720331,2849942977,2849944111,16028,1134
29636.732327,2849951042,2849952188,16045,1146
29636.743176,2849959212,2849960358,15909,1146
29636.752333,2849967406,2849968552,16031,1146
29636.764221,2849975463,2849976601,16057,1138
29636.774736,2849983544,2849984681,15917,1137
29636.784329,2849991660,2849992797,16034,1137
29636.795783,2849999720,2850000853,16054,1133
29636.804332,2850007775,2850008913,15915,1138
29636.816331,2850015913,2850017058,16051,1145
29636.827344,2850023985,2850025124,16057,1139
29636.836330,2850032098,2850033235,15898,1137
29636.848331,2850040222,2850041367,16031,1145
29636.858906,2850048311,2850049448,16106,1137
29636.868334,2850056362,2850057502,15913,1140
29636.879939,2850064429,2850065568,16034,1139
29636.890465,2850072522,2850073657,16054,1135
29636.900328,2850080610,2850081745,15922,1135
29636.911497,2850088689,2850089826,15940,1137
29636.920330,2850096770,2850097911,16049,1141
29636.932335,2850104824,2850105970,15951,1146
29636.943059,2850112948,2850114083,16033,1135
29636.952330,2850121229,2850122366,16058,1137
29636.964095,2850129308,2850130446,15925,1138
29636.974619,2850137427,2850138571,16036,1144
29636.984331,2850145549,2850146692,16054,1143
29636.995656,2850153694,2850154832,15926,1138
29637.004330,2850161784,2850162919,16026,1135
29637.016333,2850169864,2850171001,16038,1137
29637.027219,2850177977,2850179123,15948,1146
29637.036327,2850186109,2850187247,16024,1138
29637.048263,2850194227,2850195368,16053,1141
29637.058785,2850202319,2850203466,16002,1147
29637.068328,2850210428,2850211574,16003,1146
29637.079822,2850218521,2850219657,16029,1136
29637.090337,2850226605,2850227742,15928,1137
29637.100328,2850234695,2850235832,16035,1137
29637.111381,2850242814,2850243952,16045,1138
29637.120331,2850250915,2850252060,15938,1145
29637.132330,2850258980,2850260124,16030,1144
29637.142943,2850267129,2850268269,16040,1140
29637.152327,2850275314,2850276460,15929,1146
29637.163979,2850283423,2850284570,16041,1147
29637.174503,2850291514,2850292646,16038,1132
29637.184331,2850299592,2850300730,15930,1138
29637.195538,2850307698,2850308836,16033,1138
29637.204333,2850315763,2850316898,16048,1135
29637.216327,2850323845,2850324984,15936,1139
29637.227100,2850331913,2850333051,16034,1138
29637.236329,2850340145,2850341284,16041,1139
29637.248136,2850348267,2850349404,15909,1137
29637.258658,2850356365,2850357513,15944,1148
29637.268333,2850364461,2850365607,16045,1146
29637.279697,2850372598,2850373736,15913,1138
29637.288329,2850380666,2850381802,16033,1136
29637.300329,2850388734,2850389871,16042,1137
29637.311256,2850396790,2850397927,15941,1137
29637.320327,2850404870,2850406009,16034,1139
29637.332302,2850412981,2850414126,16038,1145
29637.342817,2850421106,2850422245,15916,1139
29637.352332,2850429201,2850430338,16033,1137
29637.363862,2850437263,2850438397,16011,1134
29637.374378,2850445321,2850446459,15918,1138
29637.384330,2850453381,2850454516,16019,1135
29637.395423,2850461481,2850462619,16044,1138
29637.404333,2850469516,2850470654,15997,1138
29637.416332,2850477612,2850478754,15992,1142
29637.426983,2850485728,2850486861,16042,1133
29637.436329,2850493814,2850494948,15935,1134
29637.448018,2850501906,2850503041,16026,1135
29637.458542,2850510008,2850511148,16044,1140
29637.468334,2850518121,2850519257,15931,1136
29637.479576,2850526299,2850527444,15990,1145
29637.488330,2850534411,2850535547,16046,1136
29637.500331,2850542472,2850543607,15927,1135
29637.511141,2850550515,2850551660,16022,1145
29637.520330,2850558740,2850559876,16043,1136
29637.532175,2850566827,2850567966,15932,1139
29637.542700,2850574887,2850576020,16036,1133
29637.552331,2850582941,2850584079,16039,1138
29637.563736,2850590995,2850592129,15935,1134
29637.572328,2850599082,2850600219,16029,1137
29637.584328,2850607065,2850608202,16043,1137
29637.595296,2850615112,2850616251,15936,1139
29637.604332,2850623202,2850624340,15942,1138
29637.616332,2850631273,2850632413,16043,1140
29637.626856,2850639362,2850640499,15932,1137
29637.636328,2850647439,2850648577,16030,1138
29637.647902,2850655522,2850656660,16042,1138
29637.658417,2850663577,2850664713,15946,1136
29637.668328,2850671635,2850672769,16034,1134
29637.679462,2850679699,2850680833,16041,1134
29637.688330,2850687767,2850688903,15935,1136
29637.700334,2850695808,2850696945,16032,1137
29637.711023,2850703825,2850704964,16029,1139
29637.720330,2850711986,2850713132,15960,1146
29637.732058,2850720094,2850721228,16021,1134
29637.742584,2850728154,2850729292,16042,1138
29637.752330,2850736215,2850737354,16000,1139
29637.763619,2850744275,2850745413,16031,1138
29637.772330,2850752318,2850753451,16039,1133
29637.784332,2850760312,2850761449,15933,1137
29637.795181,2850768331,2850769469,16028,1138
29637.804328,2850776400,2850777536,16046,1136
29637.816216,2850784455,2850785593,15932,1138
29637.826740,2850792521,2850793658,16034,1137
29637.836330,2850800577,2850801714,16038,1137
29637.847776,2850808656,2850809794,15931,1138
29637.856329,2850816695,2850817832,16045,1137
29637.868329,2850824756,2850825893,16045,1137
29637.879336,2850832792,2850833926,15935,1134
29637.888327,2850840859,2850841994,16027,1135
29637.900330,2850848878,2850850016,16043,1138
29637.910899,2850856960,2850858094,15935,1134
29637.920333,2850865049,2850866184,16030,1135
29637.931942,2850873077,2850874215,16045,1138
29637.942457,2850881133,2850882270,15930,1137
29637.952330,2850889194,2850890328,15951,1134
29637.963503,2850897253,2850898388,16041,1135
29637.972330,2850905291,2850906429,15923,1138
29637.984327,2850913352,2850914490,16034,1138
29637.995063,2850921393,2850922530,16045,1137
29638.004331,2850929564,2850930702,15950,1138
29638.016099,2850937623,2850938761,16034,1138
29638.026623,2850945631,2850946768,16035,1137
29638.036329,2850953701,2850954840,15924,1139
29638.047659,2850961734,2850962871,16033,1137
29638.056327,2850969767,2850970901,16026,1134
29638.068331,2850977817,2850978954,15936,1137
29638.079219,2850985898,2850987035,16033,1137
29638.088331,2850993957,2850995093,16045,1136
29638.100261,2851002047,2851003185,16000,1138
29638.110780,2851010132,2851011270,16029,1138
29638.120333,2851018214,2851019359,16043,1145
29638.131816,2851026323,2851027465,15936,1142
29638.142340,2851034412,2851035551,16029,1139
29638.152328,2851042529,2851043667,16066,1138
29638.163379,2851050608,2851051748,15961,1140
29638.172331,2851058701,2851059838,16030,1137
29638.184337,2851066764,2851067902,16040,1138
29638.194937,2851074856,2851075994,15941,1138
29638.204328,2851082914,2851084051,16047,1137
29638.215983,2851091016,2851092151,16043,1135
29638.226497,2851099074,2851100213,15932,1139
29638.236330,2851107173,2851108318,15975,1145
29638.247543,2851115260,2851116398,16035,1138
29638.256327,2851123315,2851124451,15934,1136
29638.268328,2851131348,2851132486,16032,1138
29638.279103,2851139406,2851140543,16033,1137
29638.288329,2851147612,2851148744,15933,1132
29638.300137,2851155868,2851157006,15850,1138
29638.310664,2851163925,2851165059,15954,1134
29638.320330,2851171954,2851173091,15844,1137
29638.331699,2851180019,2851181153,15948,1134
29638.340328,2851188077,2851189215,15955,1138
29638.352334,2851196166,2851197305,15860,1139
29638.363259,2851204220,2851205359,15944,1139
29638.372329,2851212307,2851213445,15956,1138
29638.384296,2851220395,2851221529,15847,1134
29638.394820,2851228453,2851229592,15942,1139
29638.404328,2851236543,2851237680,15940,1137
29638.415856,2851244647,2851245778,15850,1131
29638.426380,2851252676,2851253814,15947,1138
29638.436335,2851260679,2851261817,15957,1138
29638.447423,2851268715,2851269854,15904,1139
29638.456333,2851276811,2851277948,15943,1137
29638.468329,2851284900,2851286038,15957,1138
29638.478979,2851293015,2851294153,15845,1138
29638.488329,2851301107,2851302242,15943,1135
29638.500023,2851309132,2851310270,16019,1138
29638.510537,2851317216,2851318354,15830,1138
29638.520331,2851325313,2851326448,15942,1135
29638.531585,2851333375,2851334513,15972,1138
29638.540330,2851341460,2851342597,15835,1137
29638.552332,2851349522,2851350658,15958,1136
29638.563145,2851357588,2851358726,15969,1138
29638.572330,2851365746,2851366882,15834,1136
29638.584180,2851373800,2851374937,15946,1137
29638.594705,2851381835,2851382973,15965,1138
29638.604329,2851389897,2851391035,15832,1138
29638.615740,2851397932,2851399070,15932,1138
29638.624328,2851406017,2851407151,15967,1134
29638.636336,2851414096,2851415229,15831,1133
29638.647299,2851422152,2851423290,15846,1138
29638.656328,2851430191,2851431330,15970,1139
29638.668331,2851438280,2851439412,15832,1132
29638.678860,2851446306,2851447442,15950,1136
29638.688327,2851454367,2851455503,15970,1136
29638.699897,2851462431,2851463568,15847,1137
29638.710421,2851470553,2851471691,16034,1138
29638.720332,2851478593,2851479730,16057,1137
29638.731459,2851486674,2851487807,15920,1133
29638.740329,2851494757,2851495895,16033,1138
29638.752330,2851502793,2851503931,16039,1138
29638.763017,2851510846,2851511984,15917,1138
29638.772327,2851518954,2851520089,16030,1135
29638.784065,2851527033,2851528167,16053,1134
29638.794585,2851535125,2851536263,15995,1138
29638.804328,2851543196,2851544328,16025,1132
29638.815625,2851551231,2851552367,16058,1136
29638.824333,2851559302,2851560439,15912,1137
29638.836331,2851567392,2851568526,16029,1134
29638.847184,2851575448,2851576585,16057,1137
29638.856333,2851583606,2851584745,15917,1139
29638.868219,2851591650,2851592792,16005,1142
29638.878745,2851599736,2851600873,16058,1137
29638.888330,2851607790,2851608927,15921,1137
29638.899781,2851615853,2851616990,16049,1137
29638.908330,2851623831,2851624963,16090,1132
29638.920329,2851631883,2851633021,15920,1138
29638.931340,2851639944,2851641082,16027,1138
29638.940330,2851648003,2851649141,16052,1138
29638.952328,2851656089,2851657226,15920,1137
29638.962900,2851664176,2851665313,16019,1137
29638.972330,2851672239,2851673377,16056,1138
29638.983936,2851680284,2851681422,15917,1138
29638.994460,2851688347,2851689485,15938,1138
29639.004329,2851696442,2851697576,16053,1134
29639.015497,2851704523,2851705661,15925,1138
29639.024334,2851712582,2851713720,16035,1138
29639.036328,2851720652,2851721790,16056,1138
29639.047059,2851728743,2851729879,15938,1136
29639.056326,2851736844,2851737978,16037,1134
29639.068104,2851744897,2851746034,16055,1137
29639.078618,2851752953,2851754091,15919,1138
29639.088329,2851761036,2851762171,16079,1135
29639.099665,2851769070,2851770206,16036,1136
29639.108327,2851777149,2851778287,15916,1138
29639.120330,2851785243,2851786381,16034,1138
29639.131225,2851793262,2851794399,16051,1137
29639.140333,2851801295,2851802432,16002,1137
29639.152259,2851809331,2851810469,16034,1138
29639.162785,2851817395,2851818533,16054,1138
29639.172330,2851825460,2851826598,15915,1138
29639.183820,2851833528,2851834665,16036,1137
29639.194345,2851841613,2851842751,16053,1138
29639.204329,2851849711,2851850847,15911,1136
29639.215380,2851857802,2851858941,16025,1139
29639.224331,2851865860,2851866997,16059,1137
29639.236327,2851873926,2851875063,15920,1137
29639.246942,2851881986,2851883119,16050,1133
29639.256329,2851890041,2851891178,16051,1137
29639.267977,2851898132,2851899266,15920,1134
29639.278501,2851906140,2851907275,16025,1135
29639.288331,2851914224,2851915359,16056,1135
29639.299537,2851922276,2851923414,15921,1138
29639.308333,2851930345,2851931483,16035,1138
29639.320334,2851938400,2851939539,16054,1139
29639.331098,2851946466,2851947604,15927,1138
29639.340327,2851954722,2851955859,15933,1137
29639.352145,2851962812,2851963950,16055,1138
29639.362658,2851970904,2851972038,15921,1134
29639.372330,2851978959,2851980096,16036,1137
29639.383705,2851986972,2851988109,16057,1137
29639.392333,2851994982,2851996120,15934,1138
29639.404327,2852003041,2852004177,16031,1136
29639.415266,2852011126,2852012264,16059,1138
29639.424334,2852019193,2852020331,15909,1138
29639.436301,2852027253,2852028391,16038,1138
29639.446826,2852035315,2852036452,16040,1137
29639.456334,2852043400,2852044538,15920,1138
29639.467860,2852051494,2852052632,16035,1138
29639.478386,2852059530,2852060668,16053,1138
29639.488328,2852067618,2852068751,15996,1133
29639.499420,2852075650,2852076788,16034,1138
29639.508330,2852083656,2852084788,16053,1132
29639.520327,2852091718,2852092856,15829,1138
29639.530981,2852099799,2852100938,15939,1139
29639.540330,2852107889,2852109024,15972,1135
29639.552018,2852115968,2852117106,15832,1138
29639.562541,2852124023,2852125160,15945,1137
29639.572333,2852132109,2852133247,15969,1138
29639.583577,2852140118,2852141255,15831,1137
29639.592330,2852148190,2852149323,15954,1133
29639.604327,2852156249,2852157385,15953,1136
29639.615138,2852164302,2852165439,15836,1137
29639.624330,2852172428,2852173566,15948,1138
29639.636184,2852180432,2852181566,15965,1134
29639.646698,2852188435,2852189573,15834,1138
29639.656329,2852196495,2852197632,15948,1137
29639.667745,2852204521,2852205658,15971,1137
29639.676329,2852212549,2852213687,15825,1138
29639.688334,2852220619,2852221755,15851,1136
29639.699305,2852228684,2852229818,15966,1134
29639.708329,2852236737,2852237874,15834,1137
29639.720335,2852244825,2852245963,15941,1138
29639.730866,2852252895,2852254029,15955,1134
29639.740329,2852260958,2852262096,15844,1138
29639.751900,2852268969,2852270101,15947,1132
29639.762426,2852276973,2852278111,15969,1138
29639.772327,2852284974,2852286110,15828,1136
29639.783460,2852293055,2852294192,15938,1137
29639.792329,2852301129,2852302267,15947,1138
29639.804330,2852309169,2852310300,15830,1131
29639.815021,2852317212,2852318349,15946,1137
29639.824350,2852325290,2852326428,15967,1138
29639.836064,2852333375,2852334513,15913,1138
29639.846581,2852341408,2852342546,15942,1138
29639.856328,2852349493,2852350630,15974,1137
29639.867618,2852357575,2852358709,15830,1134
29639.876333,2852365627,2852366765,15941,1138
29639.888336,2852373619,2852374750,15975,1131
29639.899178,2852381621,2852382757,15822,1136
29639.908328,2852389677,2852390814,15944,1137
29639.920225,2852397762,2852398899,15968,1137
29639.930740,2852405878,2852407017,15835,1139
29639.940328,2852413946,2852415084,15942,1138
29639.951785,2852421982,2852423121,15953,1139
29639.960330,2852430020,2852431157,15830,1137
29639.972333,2852438112,2852439251,15943,1139
29639.983346,2852446202,2852447340,15957,1138
29639.992328,2852454266,2852455399,15832,1133
29640.004327,2852462293,2852463429,15944,1136
29640.028331,2852474843,2852475475,12030,632
29640.038948,2852478901,2852479536,11970,635
29640.048330,2852485136,2852486265,15987,1129
29640.059989,2852493093,2852494229,15916,1136
29640.070504,2852501045,2852502179,15851,1134
29640.080328,2852509072,2852510208,15996,1136
29640.091550,2852517102,2852518234,15917,1132
29640.100330,2852525110,2852526246,15852,1136
29640.112328,2852533117,2852534255,15997,1138
29640.123112,2852541176,2852542313,15919,1137
29640.132327,2852549315,2852550450,15911,1135
29640.144152,2852557350,2852558485,15994,1135
29640.154672,2852565415,2852566549,16005,1134
29640.164327,2852573492,2852574629,15914,1137
29640.175710,2852581520,2852582659,16069,1139
29640.184330,2852589508,2852590644,16008,1136
29640.196329,2852597588,2852598726,15913,1138
29640.207270,2852605600,2852606738,16073,1138
29640.216330,2852613688,2852614826,15990,1138
29640.228303,2852621729,2852622866,15936,1137
29640.238833,2852629788,2852630925,16072,1137
29640.248331,2852637854,2852638990,16002,1136
29640.259863,2852645915,2852647053,15938,1138
29640.270392,2852653985,2852655121,16082,1136
29640.280331,2852662021,2852663154,16005,1133
29640.291424,2852670098,2852671236,15938,1138
29640.300328,2852678157,2852679294,16076,1137
29640.312334,2852686216,2852687350,15994,1134
29640.322984,2852694249,2852695387,15922,1138
29640.332335,2852702330,2852703463,16004,1133
29640.344031,2852710369,2852711506,15922,1137
29640.354545,2852718454,2852719590,15832,1136
29640.364335,2852726508,2852727646,15977,1138
29640.375590,2852734515,2852735650,15907,1135
29640.384328,2852742547,2852743680,15831,1133
29640.396331,2852750574,2852751711,15984,1137
29640.407150,2852758575,2852759713,15918,1138
29640.416328,2852766638,2852767776,15848,1138
29640.428191,2852774680,2852775816,15999,1136
29640.438711,2852782704,2852783840,15911,1136
29640.448327,2852790776,2852791914,15834,1138
29640.459751,2852798813,2852799951,15990,1138
29640.468330,2852806897,2852808029,15901,1132
29640.480327,2852814949,2852816085,15906,1136
29640.491312,2852823040,2852824175,15998,1135
29640.500328,2852831088,2852832225,15919,1137
29640.512333,2852839136,2852840272,15831,1136
29640.522872,2852845705,2852846838,15886,1133
29640.532328,2852853726,2852854859,15919,1133
29640.543903,2852861769,2852862908,15852,1139
29640.554433,2852869853,2852870983,15996,1130
29640.564331,2852877885,2852879019,15920,1134
29640.575463,2852885908,2852887045,15823,1137
29640.584327,2852893967,2852895104,15999,1137
29640.596336,2852902052,2852903190,15917,1138
29640.607024,2852910084,2852911217,15836,1133
29640.616335,2852918192,2852919330,15977,1138
29640.628069,2852926281,2852927419,15903,1138
29640.638585,2852934394,2852935532,15843,1138
29640.648333,2852942366,2852943501,15983,1135
29640.659630,2852950404,2852951541,15916,1137
29640.668330,2852958414,2852959550,15828,1136
29640.680329,2852966439,2852967577,15913,1138
29640.691190,2852974527,2852975665,15911,1138
29640.700333,2852982591,2852983727,15850,1136
29640.712231,2852990618,2852991752,16000,1134
29640.722752,2852998622,2852999758,15916,1136
29640.732334,2853006709,2853007843,15844,1134
29640.743794,2853014924,2853016060,16037,1136
29640.752327,2853022986,2853024118,15917,1132
29640.764331,2853031032,2853032170,15833,1138
29640.775350,2853039043,2853040176,15975,1133
29640.784329,2853047124,2853048262,15915,1138
29640.796329,2853055187,2853056324,15831,1137
29640.806911,2853063193,2853064331,15979,1138
29640.816329,2853071267,2853072400,15917,1133
29640.827949,2853079319,2853080456,15910,1137
29640.838471,2853087352,2853088490,16062,1138
29640.848331,2853095415,2853096550,15999,1135
29640.859504,2853103464,2853104602,15939,1138
29640.868330,2853111524,2853112662,16080,1138
29640.880331,2853119604,2853120742,16006,1138
29640.891064,2853127670,2853128804,15850,1134
29640.900327,2853135871,2853137008,16000,1137
29640.912111,2853143930,2853145063,15914,1133
29640.922625,2853151942,2853153076,15833,1134
29640.932328,2853159997,2853161134,16001,1137
29640.943672,2853168045,2853169184,15900,1139
29640.952333,2853176099,2853177236,15833,1137
29640.964337,2853184194,2853185332,15979,1138
29640.975230,2853192253,2853193389,15917,1136
29640.984331,2853200288,2853201424,15832,1136
29640.996270,2853208345,2853209478,15986,1133
29641.006791,2853216401,2853217538,15921,1137
29641.016330,2853224481,2853225618,15848,1137
29641.027830,2853232543,2853233681,15913,1138
29641.038351,2853240621,2853241758,15915,1137
29641.048327,2853248629,2853249766,15849,1137
29641.059392,2853256662,2853257800,15998,1138
29641.068328,2853264755,2853265889,15917,1134
29641.080328,2853272784,2853273921,15843,1137
29641.090952,2853280790,2853281923,15991,1133
29641.100330,2853288824,2853289961,16002,1137
29641.111984,2853296856,2853297992,15922,1136
29641.122511,2853304894,2853306028,16074,1134
29641.132331,2853312902,2853314036,16004,1134
29641.143544,2853320936,2853322072,15835,1136
29641.152327,2853328949,2853330086,15968,1137
29641.164331,2853336966,2853338102,15918,1136
29641.175109,2853345016,2853346153,15910,1137
29641.184332,2853353212,2853354350,15972,1138
29641.196148,2853361380,2853362514,15913,1134
29641.206665,2853369458,2853370596,15863,1138
29641.216327,2853377501,2853378639,15990,1138
29641.227709,2853385552,2853386685,15905,1133
29641.236331,2853393558,2853394695,15865,1137
29641.248329,2853401585,2853402722,15989,1137
29641.259270,2853409638,2853410771,15913,1133
29641.268333,2853417694,2853418832,15849,1138
29641.280310,2853425727,2853426866,15986,1139
29641.290831,2853433762,2853434899,15910,1137
29641.300328,2853441826,2853442964,15844,1138
29641.311869,2853449918,2853451052,15958,1134
29641.322390,2853457976,2853459113,15911,1137
29641.332330,2853466034,2853467172,15846,1138
29641.343431,2853474090,2853475227,15965,1137
29641.352330,2853482074,2853483205,15912,1131
29641.364330,2853490123,2853491257,15862,1134
29641.374990,2853498124,2853499262,15921,1138
29641.384328,2853506137,2853507275,15910,1138
29641.396023,2853514146,2853515280,15864,1134
29641.406552,2853522102,2853523240,15985,1138
29641.416330,2853530114,2853531252,15917,1138
29641.427584,2853538172,2853539310,15859,1138
29641.436328,2853546202,2853547336,15981,1134
29641.448330,2853554230,2853555368,15907,1138
29641.459145,2853562260,2853563396,15848,1136
29641.468329,2853570336,2853571472,15968,1136
29641.480190,2853578396,2853579530,15913,1134
29641.490706,2853586426,2853587563,15844,1137
29641.500329,2853594488,2853595624,15959,1136
29641.511749,2853602517,2853603655,15912,1138
29641.520334,2853610603,2853611741,15911,1138
29641.532332,2853618617,2853619753,15969,1136
29641.543309,2853626605,2853627738,15914,1133
29641.552334,2853634656,2853635792,15860,1136
29641.564333,2853642657,2853643791,15985,1134
29641.574870,2853650683,2853651822,15916,1139
29641.584330,2853658745,2853659884,15850,1139
29641.595910,2853666804,2853667944,15986,1140
29641.606431,2853674897,2853676035,15904,1138
29641.616328,2853682895,2853684032,15846,1137
29641.627469,2853690949,2853692087,16050,1138
29641.636327,2853698956,2853700094,16002,1138
29641.648334,2853706990,2853708125,15950,1135
29641.659033,2853715042,2853716180,16070,1138
29641.668328,2853723148,2853724278,16004,1130
29641.680063,2853731170,2853732308,15865,1138
29641.690592,2853739124,2853740258,16076,1134
29641.700327,2853747170,2853748308,15996,1138
29641.711624,2853755222,2853756359,15930,1137
29641.720332,2853763259,2853764393,16006,1134
29641.732331,2853771337,2853772471,16004,1134
29641.743184,2853779412,2853780551,15845,1139
29641.752329,2853787476,2853788612,15971,1136
29641.764229,2853795543,2853796675,15913,1132
29641.774745,2853803591,2853804729,15844,1138
29641.784331,2853811653,2853812787,15972,1134
29641.795789,2853819724,2853820862,15912,1138
29641.804332,2853827730,2853828867,15861,1137
29641.816329,2853835765,2853836901,15992,1136
29641.827350,2853843823,2853844957,15915,1134
29641.836329,2853851856,2853852994,15866,1138
29641.848333,2853859897,2853861034,15986,1137
29641.858911,2853867954,2853869089,15916,1135
29641.868327,2853875991,2853877123,15989,1132
29641.879951,2853884019,2853885155,16075,1136
29641.890474,2853892062,2853893199,15990,1137
29641.900329,2853900111,2853901247,15932,1136
29641.911509,2853908190,2853909324,16053,1134
29641.920333,2853916239,2853917375,16008,1136
29641.932331,2853924276,2853925410,15930,1134
29641.943070,2853932305,2853933443,16042,1138
29641.952327,2853940388,2853941524,16004,1136
29641.964104,2853948447,2853949585,15944,1138
29641.974632,2853956492,2853957628,15984,1136
29641.984329,2853964531,2853965668,15913,1137
29641.995664,2853972537,2853973674,15848,1137
29642.004336,2853980542,2853981679,15994,1137
29642.016332,2853988528,2853989664,15919,1136
29642.027225,2853996565,2853997702,15848,1137
29642.036328,2854004562,2854005698,15995,1136
29642.048272,2854012610,2854013746,15919,1136
29642.058786,2854020666,2854021799,15824,1133
29642.068329,2854028676,2854029812,15927,1136
29642.079833,2854036707,2854037845,15905,1138
29642.090346,2854044787,2854045925,15915,1138
29642.100328,2854052821,2854053959,16070,1138
29642.111391,2854060876,2854062014,16003,1138
29642.120329,2854068886,2854070024,15914,1138
29642.132329,2854076941,2854078078,16075,1137
29642.142952,2854084987,2854086125,16005,1138
29642.152327,2854093017,2854094152,15935,1135
29642.163992,2854101049,2854102187,16084,1138
29642.174514,2854109120,2854110256,15907,1136
29642.184333,2854117186,2854118320,15838,1134
29642.195552,2854125238,2854126374,15999,1136
29642.204335,2854133273,2854134410,15913,1137
29642.216331,2854141252,2854142389,15900,1137
29642.227112,2854149315,2854150453,15997,1138
29642.236334,2854157559,2854158696,15918,1137
29642.248144,2854165593,2854166730,15826,1137
29642.258672,2854173675,2854174813,15981,1138
29642.268328,2854181662,2854182794,15919,1132
29642.279705,2854189720,2854190858,15833,1138
29642.288328,2854197785,2854198922,15973,1137
29642.300331,2854205788,2854206921,15914,1133
29642.311265,2854213792,2854214929,15937,1137
29642.320327,2854221819,2854222953,16068,1134
29642.332310,2854229856,2854230988,16004,1132
29642.342826,2854237874,2854239007,15936,1133
29642.352328,2854245845,2854246980,16083,1135
29642.363873,2854253901,2854255035,16010,1134
29642.375896,2854263101,2854264237,16103,1136
29642.386416,2854271189,2854272321,15913,1132
29642.396330,2854279242,2854280377,15831,1135
29642.407454,2854287268,2854288405,15981,1137
29642.416330,2854295347,2854296480,15911,1133
29642.428329,2854303348,2854304481,15904,1133
29642.439014,2854311326,2854312460,16059,1134
29642.448335,2854319360,2854320497,15992,1137
29642.460047,2854327425,2854328559,15938,1134
29642.470575,2854335430,2854336567,16071,1137
29642.480331,2854343432,2854344569,16002,1137
29642.491608,2854351463,2854352599,15933,1136
29642.500331,2854359515,2854360651,16083,1136
29642.512328,2854367572,2854368708,16007,1136
29642.523168,2854375576,2854376714,15933,1138
29642.532328,2854383652,2854384789,16084,1137
29642.544215,2854391690,2854392826,15912,1136
29642.554729,2854399691,2854400828,15831,1137
29642.564334,2854407672,2854408809,15922,1137
29642.575775,2854415644,2854416780,15916,1136
29642.584329,2854423656,2854424792,15835,1136
29642.596330,2854431740,2854432873,15982,1133
29642.607334,2854439817,2854440955,15918,1138
29642.616330,2854447849,2854448987,15825,1138
29642.628332,2854455885,2854457021,15980,1136
29642.638895,2854463889,2854465027,15909,1138
29642.648335,2854471876,2854473011,15850,1135
29642.659935,2854479883,2854481019,15994,1136
29642.670455,2854487943,2854489077,15915,1134
29642.680327,2854496000,2854497134,15849,1134
29642.691496,2854504021,2854505157,15999,1136
29642.700333,2854511970,2854513105,15918,1135
29642.712331,2854519920,2854521056,15913,1136
29642.723056,2854527947,2854529083,15995,1136
29642.732328,2854536049,2854537185,15916,1136
29642.744087,2854544079,2854545213,15822,1134
29642.754615,2854552052,2854553188,15974,1136
29642.764331,2854560079,2854561216,15921,1137
29642.775648,2854568084,2854569221,15837,1137
29642.784333,2854576104,2854577240,15970,1136
29642.796331,2854584142,2854585280,15915,1138
29642.807208,2854592157,2854593295,15860,1138
29642.816332,2854600183,2854601317,15978,1134
29642.828252,2854608181,2854609315,15912,1134
29642.838769,2854616216,2854617354,15864,1138
29642.848329,2854624271,2854625410,15987,1139
29642.859815,2854632282,2854633416,15919,1134
29642.870329,2854640276,2854641414,15857,1138
29642.880327,2854648279,2854649415,16074,1136
29642.891375,2854656235,2854657371,16006,1136
29642.900330,2854664212,2854665348,15931,1136
29642.912335,2854672218,2854673350,16008,1132
29642.922935,2854680214,2854681350,16004,1136
29642.932333,2854688214,2854689351,15934,1137
29642.943973,2854696237,2854697374,16056,1137
29642.954494,2854704263,2854705399,15989,1136
29642.964331,2854712290,2854713428,15932,1138
29642.975533,2854720272,2854721406,16057,1134
29642.984331,2854728275,2854729411,15917,1136
29642.996332,2854736245,2854737381,15863,1136
29643.007095,2854744222,2854745357,15988,1135
29643.016336,2854752309,2854753446,15912,1137
29643.028127,2854760365,2854761503,15864,1138
29643.038656,2854768447,2854769584,15988,1137
29643.048329,2854776483,2854777616,15916,1133
29643.059694,2854784532,2854785670,15901,1138
29643.068328,2854792510,2854793649,15984,1139
29643.080328,2854800572,2854801709,15919,1137
29643.091248,2854808626,2854809760,15846,1134
29643.100334,2854816678,2854817809,15972,1131
29643.112294,2854824698,2854825835,15919,1137
29643.122809,2854832699,2854833837,15847,1138
29643.132331,2854840713,2854841849,15971,1136
29643.143852,2854848735,2854849874,15913,1139
29643.154369,2854856691,2854857825,15861,1134
29643.164329,2854864723,2854865860,15968,1137
29643.175413,2854872763,2854873900,15916,1137
29643.184327,2854880827,2854881958,15863,1131
29643.196335,2854888838,2854889974,15994,1136
29643.206977,2854896839,2854897975,15923,1136
29643.216327,2854904890,2854906026,15854,1136
29643.228015,2854912942,2854914079,15996,1137
29643.238537,2854920952,2854922090,15909,1138
29643.248329,2854929033,2854930170,15829,1137
29643.259576,2854937090,2854938227,15919,1137
29643.268333,2854945138,2854946275,15913,1137
29643.280330,2854953158,2854954295,15829,1137
29643.291135,2854961216,2854962351,15981,1135
29643.300329,2854969420,2854970556,15915,1136
29643.312167,2854977409,2854978546,15830,1137
29643.322695,2854985443,2854986580,15976,1137
29643.332331,2854993529,2854994663,15903,1134
29643.343728,2855001473,2855002611,15851,1138
29643.352328,2855009498,2855010635,16002,1137
29643.364331,2855017477,2855018614,15917,1137
29643.375289,2855025450,2855026587,15852,1137
29643.384330,2855033420,2855034556,15998,1136
29643.396329,2855041416,2855042550,15897,1134
29643.406858,2855049380,2855050517,15907,1137
29643.416328,2855057406,2855058542,15999,1136
29643.427896,2855065399,2855066534,15918,1135
29643.438410,2855073424,2855074561,15832,1137
29643.448329,2855081505,2855082643,15986,1138
29643.459456,2855089476,2855090613,15914,1137
29643.468328,2855097479,2855098618,15831,1139
29643.480330,2855105467,2855106604,15971,1137
29643.491015,2855113496,2855114632,15918,1136
29643.500328,2855121615,2855122750,15852,1135
29643.512054,2855129650,2855130787,15985,1137
29643.522575,2855137679,2855138817,15909,1138
29643.532327,2855145761,2855146899,15847,1138
29643.543616,2855153716,2855154851,16001,1135
29643.552333,2855161727,2855162864,15913,1137
29643.564332,2855169787,2855170923,15849,1136
29643.575176,2855177865,2855179003,15995,1138
29643.584330,2855185989,2855187125,15918,1136
29643.596208,2855194047,2855195181,15831,1134
29643.606736,2855202131,2855203269,15918,1138
29643.616329,2855210180,2855211313,15905,1133
29643.627768,2855218231,2855219369,15837,1138
29643.636334,2855226240,2855227373,15966,1133
29643.648328,2855234264,2855235401,15912,1137
29643.659328,2855242300,2855243438,15842,1138
29643.668331,2855250309,2855251445,15967,1136
29643.680337,2855258310,2855259447,15903,1137
29643.690891,2855266370,2855267507,15861,1137
29643.700327,2855274341,2855275472,15986,1131
29643.711933,2855282366,2855283503,15916,1137
29643.722450,2855290401,2855291539,15865,1138
29643.732335,2855298487,2855299625,15986,1138
29643.743495,2855306520,2855307657,15917,1137
29643.752327,2855314545,2855315683,15907,1138
29643.764327,2855322580,2855323717,15987,1137
29643.775055,2855330611,2855331749,15917,1138
29643.784328,2855338719,2855339858,15841,1139
29643.796093,2855346753,2855347888,15968,1135
29643.806617,2855354960,2855356099,15914,1139
29643.816336,2855363024,2855364160,15831,1136
29643.827655,2855371056,2855372193,15986,1137
29643.836328,2855379007,2855380144,15907,1137
29643.848334,2855387007,2855388143,15849,1136
29643.859215,2855394985,2855396122,15985,1137
29643.868331,2855403019,2855404153,15917,1134
29643.880248,2855411023,2855412160,15852,1137
29643.890777,2855419084,2855420221,16001,1137
29643.900328,2855427088,2855428222,15912,1134
29643.911808,2855435110,2855436247,15841,1137
29643.920327,2855443139,2855444275,16000,1136
29643.932328,2855451215,2855452352,15915,1137
29643.943369,2855459208,2855460340,15831,1132
29643.952327,2855467146,2855468283,15920,1137
29643.964329,2855475228,2855476366,15917,1138
29643.974929,2855483216,2855484354,15820,1138
29643.984329,2855491303,2855492439,15980,1136
29643.995975,2855499280,2855500417,15916,1137
29644.007998,2855508382,2855509517,16127,1135
29644.018519,2855516436,2855517574,15909,1138
29644.028331,2855524559,2855525695,15837,1136
29644.039556,2855532559,2855533696,15944,1137
29644.048333,2855540620,2855541755,15988,1135
29644.060329,2855548605,2855549739,15830,1134
29644.071114,2855556657,2855557794,15946,1137
29644.080328,2855564720,2855565857,15983,1137
29644.092151,2855572745,2855573880,15826,1135
29644.102673,2855580748,2855581886,15852,1138
29644.112329,2855588750,2855589888,15973,1138
29644.123712,2855596783,2855597915,15833,1132
29644.132329,2855604808,2855605943,15946,1135
29644.144333,2855612822,2855613960,15978,1138
29644.155272,2855620851,2855621984,15847,1133
29644.164330,2855628921,2855630055,15943,1134
29644.176319,2855636931,2855638067,15985,1136
29644.186835,2855644952,2855646087,15851,1135
29644.196329,2855652998,2855654135,15946,1137
29644.207880,2855660953,2855662086,16004,1133
29644.218393,2855668937,2855670074,15838,1137
29644.228327,2855676950,2855678086,15937,1136
29644.239439,2855684924,2855686061,16061,1137
29644.248330,2855692998,2855694135,15994,1137
29644.260330,2855700973,2855702109,16022,1136
29644.271000,2855708987,2855710123,16061,1136
29644.280333,2855717060,2855718196,15920,1136
29644.292034,2855725114,2855726247,16038,1133
29644.302558,2855733149,2855734287,16038,1138
29644.312328,2855741153,2855742289,15929,1136
29644.323594,2855749168,2855750306,16034,1138
29644.332332,2855757218,2855758352,16077,1134
29644.344329,2855765268,2855766404,15922,1136
29644.355156,2855773295,2855774432,16045,1137
29644.364328,2855781376,2855782513,16079,1137
29644.376191,2855789399,2855790535,15912,1136
29644.386716,2855797402,2855798536,16025,1134
29644.396328,2855805449,2855806585,16049,1136
29644.407751,2855813477,2855814614,15921,1137
29644.418275,2855821575,2855822712,15937,1137
29644.428331,2855829554,2855830691,15988,1137
29644.439312,2855837502,2855838639,15830,1137
29644.448330,2855845531,2855846665,15848,1134
29644.460330,2855853552,2855854690,15965,1138
29644.470872,2855861609,2855862746,15817,1137
29644.480329,2855869616,2855870754,15946,1138
29644.491919,2855877653,2855878788,15987,1135
29644.502433,2855885636,2855886771,15846,1135
29644.512332,2855893695,2855894834,15942,1139
29644.523480,2855901730,2855902867,15985,1137
29644.532333,2855909806,2855910942,15834,1136
29644.544329,2855917863,2855918999,15942,1136
29644.555040,2855925877,2855927014,16003,1137
29644.564329,2855933885,2855935023,15832,1138
29644.576075,2855941886,2855943018,15936,1132
29644.586601,2855949922,2855951058,15980,1136
29644.596331,2855957924,2855959061,15909,1137
29644.607635,2855965959,2855967096,15944,1137
29644.616330,2855973921,2855975057,15978,1136
29644.628328,2855981886,2855983023,15950,1137
29644.639195,2855989914,2855991051,16005,1137
29644.648328,2855997957,2855999091,16053,1134
29644.660231,2856005908,2856007043,15918,1135
29644.670755,2856013906,2856015043,16034,1137
29644.680330,2856021972,2856023109,16075,1137
29644.691792,2856029947,2856031084,15915,1137
29644.700332,2856038001,2856039136,16050,1135
29644.712337,2856045975,2856047111,16075,1136
29644.723352,2856053952,2856055088,15914,1136
29644.732332,2856061941,2856063076,16006,1135
29644.744334,2856069964,2856071101,16073,1137
29644.754913,2856077916,2856079053,15915,1137
29644.764328,2856085899,2856087036,16028,1137
29644.775959,2856093878,2856095011,16081,1133
29644.786473,2856101870,2856103003,15918,1133
29644.796327,2856109846,2856110979,15937,1133
29644.807520,2856117812,2856118946,16056,1134
29644.816331,2856125836,2856126972,15919,1136
29644.828329,2856133826,2856134960,15960,1134
29644.839081,2856141855,2856142994,16075,1139
29644.848331,2856149934,2856151070,15938,1136
29644.860116,2856157983,2856159120,16035,1137
29644.870640,2856166060,2856167197,16056,1137
29644.880329,2856174039,2856175174,15919,1135
29644.891674,2856182036,2856183173,16029,1137
29644.900333,2856190022,2856191160,16091,1138
29644.912329,2856198000,2856199138,15913,1138
29644.923235,2856206055,2856207191,16033,1136
29644.932330,2856214102,2856215236,16081,1134
29644.944279,2856222058,2856223192,15978,1134
29644.954793,2856230052,2856231189,15983,1137
29644.964330,2856238109,2856239247,16071,1138
29644.975832,2856246144,2856247280,15918,1136
29644.986356,2856254143,2856255279,16027,1136
29644.996331,2856262196,2856263332,16059,1136
29645.007392,2856270279,2856271412,15892,1133
29645.016334,2856278299,2856279434,16039,1135
29645.028330,2856286296,2856287433,15991,1137
29645.038955,2856294341,2856295479,15863,1138
29645.048335,2856302326,2856303462,15962,1136
29645.060000,2856310313,2856311449,16080,1136
29645.070513,2856318353,2856319491,15917,1138
29645.080330,2856326414,2856327548,16037,1134
29645.091560,2856334392,2856335526,16069,1134
29645.100329,2856342415,2856343552,15921,1137
29645.112330,2856350469,2856351606,16030,1137
29645.123120,2856358496,2856359629,16078,1133
29645.132331,2856366571,2856367704,15921,1133
29645.144153,2856374629,2856375767,15938,1138
29645.154683,2856382685,2856383822,16045,1137
29645.164328,2856390759,2856391895,15919,1136
29645.175715,2856398785,2856399917,16032,1132
29645.184331,2856406783,2856407919,16076,1136
29645.196327,2856414781,2856415917,15936,1136
29645.207275,2856422725,2856423857,16036,1132
29645.216329,2856430727,2856431863,16077,1136
29645.228312,2856438735,2856439871,15923,1136
29645.238836,2856446779,2856447916,15948,1137
29645.248332,2856454772,2856455909,16089,1137
29645.259872,2856462823,2856463957,15919,1134
29645.270396,2856470847,2856471984,16034,1137
29645.280332,2856478855,2856479991,16075,1136
29645.291440,2856486899,2856488035,15996,1136
29645.300328,2856494922,2856496058,16032,1136
29645.312331,2856502940,2856504072,16049,1132
29645.322992,2856510907,2856512043,15920,1136
29645.332328,2856518955,2856520088,16036,1133
29645.344037,2856526971,2856528107,16043,1136
29645.354553,2856535033,2856536169,15927,1136
29645.364332,2856543088,2856544225,16029,1137
29645.375601,2856551098,2856552232,16094,1134
29645.384332,2856559056,2856560193,15913,1137
29645.396330,2856567080,2856568217,16047,1137
29645.407160,2856575009,2856576144,16065,1135
29645.416331,2856583157,2856584294,15924,1137
29645.428195,2856591184,2856592317,16034,1133
29645.438725,2856599193,2856600326,16046,1133
29645.448332,2856607198,2856608330,15829,1132
29645.459755,2856615177,2856616313,15943,1136
29645.468330,2856623160,2856624297,16007,1137
29645.480328,2856631147,2856632280,15824,1133
29645.491314,2856639154,2856640290,15849,1136
29645.500328,2856647113,2856648249,15957,1136
29645.512328,2856655128,2856656266,15861,1138
29645.522876,2856663188,2856664326,15951,1138
29645.532329,2856671228,2856672363,15977,1135
29645.543912,2856679256,2856680393,15847,1137
29645.554436,2856687296,2856688433,15916,1137
29645.564328,2856695301,2856696435,15979,1134
29645.575472,2856703336,2856704470,15830,1134
29645.584329,2856711362,2856712496,15948,1134
29645.596329,2856719333,2856720471,16007,1138
29645.607033,2856727319,2856728456,15832,1137
29645.616327,2856735374,2856736509,15946,1135
29645.628080,2856743407,2856744543,15986,1136
29645.640096,2856752625,2856753760,15836,1135
29645.650622,2856760684,2856761819,15952,1135
29645.660329,2856768662,2856769795,15835,1133
29645.671659,2856776653,2856777786,15932,1133
29645.680329,2856784591,2856785723,15946,1132
29645.692328,2856792556,2856793690,15857,1134
29645.703220,2856800527,2856801660,15934,1133
29645.712330,2856808527,2856809664,15942,1137
29645.724255,2856816530,2856817663,15848,1133
29645.734779,2856824551,2856825689,15932,1138
29645.744328,2856832544,2856833679,15929,1135
29645.755815,2856840480,2856841613,15844,1133
29645.766339,2856848449,2856849584,15941,1135
29645.776331,2856856445,2856857580,16073,1135
29645.787383,2856864424,2856865558,16000,1134
29645.796328,2856872446,2856873584,16023,1138
29645.808329,2856880466,2856881603,16078,1137
29645.818935,2856888445,2856889581,15918,1136
29645.828326,2856896420,2856897556,16031,1136
29645.839981,2856904413,2856905548,16058,1135
29645.850497,2856912444,2856913580,15833,1136
29645.860328,2856920467,2856921605,15941,1138
29645.871544,2856928439,2856929575,16068,1136
29645.880326,2856936473,2856937609,15919,1136
29645.892330,2856944479,2856945616,16049,1137
29645.903103,2856952479,2856953612,16078,1133
29645.912336,2856960517,2856961649,15919,1132
29645.924138,2856968520,2856969655,16037,1135
29645.934664,2856976516,2856977650,16076,1134
29645.944329,2856984534,2856985667,15905,1133
29645.955698,2856992532,2856993669,16033,1137
29645.964330,2857000531,2857001661,16022,1130
29645.976329,2857008528,2857009662,15917,1134
29645.987257,2857016519,2857017656,15950,1137
29645.996333,2857024502,2857025638,16044,1136
29646.008294,2857032476,2857033609,15932,1133
29646.018819,2857040487,2857041624,15990,1137
29646.028329,2857048502,2857049638,16074,1136
29646.039858,2857056485,2857057621,15963,1136
29646.050379,2857064495,2857065631,15941,1136
29646.060329,2857072542,2857073679,15987,1137
29646.071416,2857080510,2857081644,15834,1134
29646.080329,2857088527,2857089664,15943,1137
29646.092332,2857096532,2857097669,15954,1137
29646.102976,2857104555,2857105691,15829,1136
29646.112330,2857112613,2857113746,15948,1133
29646.124023,2857120592,2857121729,15984,1137
29646.134543,2857128622,2857129758,15911,1136
29646.144328,2857136638,2857137775,15936,1137
29646.155583,2857144608,2857145745,15968,1137
29646.164329,2857152632,2857153767,15834,1135
29646.176330,2857160584,2857161721,15936,1137
29646.187142,2857168577,2857169712,15974,1135
29646.196330,2857176649,2857177780,15831,1131
29646.208178,2857184579,2857185714,15947,1135
29646.218702,2857192597,2857193730,15973,1133
29646.228327,2857200563,2857201696,15846,1133
29646.239740,2857208531,2857209668,15962,1137
29646.248329,2857216479,2857217615,15984,1136
29646.260328,2857224440,2857225573,15912,1133
29646.271299,2857232405,2857233542,15947,1137
29646.280330,2857240369,2857241502,15986,1133
29646.292328,2857248340,2857249473,15813,1133
29646.302859,2857256352,2857257485,15943,1133
29646.312328,2857264343,2857265473,15991,1130
29646.323895,2857272365,2857273499,15812,1134
29646.334418,2857280404,2857281541,15852,1137
29646.344328,2857288344,2857289481,15968,1137
29646.355456,2857296312,2857297443,15833,1131
29646.364330,2857304277,2857305408,15886,1131
29646.376327,2857312234,2857313367,15968,1133
29646.387019,2857320191,2857321327,15867,1136
29646.396327,2857328224,2857329360,15951,1136
29646.408065,2857336174,2857337307,15988,1133
29646.418580,2857344184,2857345318,15862,1134
29646.428328,2857352206,2857353340,15945,1134
29646.439625,2857360207,2857361344,16005,1137
29646.448331,2857368197,2857369333,15860,1136
29646.460331,2857376160,2857377293,15956,1133
29646.471182,2857384121,2857385255,15934,1134
29646.480327,2857392140,2857393273,15893,1133
29646.492220,2857400106,2857401240,15956,1134
29646.502743,2857408060,2857409196,15959,1136
29646.512330,2857415996,2857417128,15840,1132
29646.523778,2857423981,2857425118,15950,1137
29646.532329,2857431900,2857433032,15952,1132
29646.544333,2857439860,2857440996,15878,1136
29646.555339,2857447826,2857448963,15917,1137
29646.564329,2857455806,2857456936,15954,1130
29646.576328,2857463770,2857464904,15865,1134
29646.586901,2857471814,2857472950,15959,1136
29646.596335,2857479764,2857480894,15992,1130
29646.607936,2857487710,2857488843,15846,1133
29646.618460,2857495698,2857496835,15949,1137
29646.628329,2857503659,2857504795,15989,1136
29646.639496,2857511598,2857512733,15822,1135
29646.648332,2857519613,2857520746,15950,1133
29646.660331,2857527561,2857528698,15993,1137
29646.671056,2857535508,2857536644,15822,1136
29646.680327,2857543581,2857544717,15841,1136
29646.692103,2857551546,2857552682,15971,1136
29646.702616,2857559477,2857560610,15833,1133
29646.712330,2857567438,2857568572,15944,1134
29646.723664,2857575378,2857576514,15972,1136
29646.732332,2857583370,2857584502,15851,1132
29646.744328,2857591331,2857592468,15944,1137
29646.755224,2857599285,2857600421,15989,1136
29646.764328,2857607283,2857608412,15862,1129
29646.776259,2857615278,2857616415,15946,1137
29646.786784,2857623295,2857624433,15998,1138
29646.796329,2857631307,2857632444,15832,1137
29646.807820,2857639276,2857640413,15936,1137
29646.816336,2857647273,2857648406,15975,1133
29646.828328,2857655217,2857656351,15885,1134
29646.839381,2857663202,2857664334,15963,1132
29646.848330,2857671191,2857672328,15987,1137
29646.860330,2857679183,2857680316,15835,1133
29646.870939,2857687128,2857688261,15947,1133
29646.880328,2857695143,2857696276,15974,1133
29646.891975,2857703130,2857704263,15826,1133
29646.902499,2857711138,2857712274,15944,1136
29646.912330,2857719144,2857720280,15985,1136
29646.923536,2857727139,2857728271,15831,1132
29646.932329,2857735129,2857736263,15961,1134
29646.944329,2857743048,2857744184,15989,1136
29646.955097,2857751049,2857752181,15821,1132
29646.964335,2857759088,2857760217,15945,1129
29646.976142,2857767045,2857768178,15969,1133
29646.986658,2857774976,2857776109,15833,1133
29646.996329,2857782945,2857784078,15918,1133
29647.007704,2857790878,2857792011,15964,1133
29647.016327,2857798838,2857799971,15834,1133
29647.028329,2857806839,2857807976,15844,1137
29647.039263,2857814802,2857815935,15954,1133
29647.048331,2857822804,2857823937,15849,1133
29647.060298,2857830742,2857831877,15942,1135
29647.070825,2857838828,2857839961,16104,1133
29647.080333,2857846824,2857847959,15931,1135
29647.091859,2857854784,2857855919,16038,1135
29647.102383,2857862755,2857863892,16059,1137
29647.112327,2857870763,2857871894,15921,1131
29647.123418,2857878721,2857879853,16021,1132
29647.132329,2857886725,2857887858,16044,1133
29647.144334,2857894710,2857895843,15913,1133
29647.154980,2857902693,2857903828,16035,1135
29647.164334,2857910657,2857911788,16048,1131
29647.176024,2857918645,2857919776,15992,1131
29647.186542,2857926577,2857927710,16045,1133
29647.196330,2857934627,2857935750,16056,1123
29647.207576,2857942551,2857943688,15916,1137
29647.216336,2857950491,2857951624,16037,1133
29647.228328,2857958438,2857959569,16077,1131
29647.239136,2857966376,2857967512,15915,1136
29647.248330,2857974492,2857975628,16021,1136
29647.260183,2857982440,2857983570,16059,1130
29647.270692,2857990384,2857991527,15782,1143
29647.280336,2857998355,2857999487,15937,1132
29647.291744,2858006321,2858007455,15965,1134
29647.300334,2858014260,2858015395,15833,1135
29647.312329,2858022219,2858023352,15937,1133
29647.323304,2858030210,2858031341,15967,1131
29647.332331,2858038150,2858039283,15823,1133
29647.344332,2858046167,2858047300,15958,1133
29647.354864,2858054139,2858055273,15950,1134
29647.364330,2858062149,2858063279,15832,1130
29647.375897,2858070082,2858071212,15852,1130
29647.386423,2858078024,2858079158,15949,1134
29647.396328,2858086024,2858087146,15836,1122
29647.407459,2858094031,2858095165,15906,1134
29647.416331,2858102028,2858103162,15963,1134
29647.428329,2858109993,2858111124,15831,1131
29647.439019,2858117927,2858119057,15940,1130
29647.448329,2858125908,2858127038,15963,1130
29647.460056,2858133889,2858135019,15828,1130
29647.470580,2858141844,2858142974,15934,1130
29647.480335,2858149825,2858150959,15946,1134
29647.491616,2858157827,2858158961,15826,1134
29647.500328,2858165789,2858166921,15956,1132
29647.512330,2858173710,2858174838,16082,1128
29647.523184,2858181729,2858182861,15991,1132
29647.532328,2858189741,2858190872,16043,1131
29647.544224,2858197700,2858198826,16087,1126
29647.554739,2858205630,2858206761,15922,1131
29647.564329,2858213562,2858214695,16021,1133
29647.575783,2858221475,2858222606,16065,1131
29647.584329,2858229414,2858230545,15916,1131
29647.596332,2858237378,2858238505,16018,1127
29647.607344,2858245324,2858246454,16083,1130
29647.616327,2858253283,2858254413,15916,1130
29647.628328,2858261253,2858262387,16030,1134
29647.638904,2858269188,2858270322,16061,1134
29647.648332,2858277131,2858278261,15911,1130
29647.659938,2858285072,2858286202,16023,1130
29647.670465,2858292985,2858294118,16066,1133
29647.680333,2858301032,2858302162,15826,1130
29647.691499,2858308995,2858310128,15940,1133
29647.700327,2858316912,2858318044,16089,1132
29647.712333,2858324848,2858325978,15915,1130
29647.723058,2858332779,2858333912,15935,1133
29647.732330,2858340835,2858341965,16055,1130
29647.744098,2858348804,2858349938,15946,1134
29647.754619,2858356742,2858357872,16024,1130
29647.764334,2858364662,2858365796,16091,1134
29647.775659,2858372606,2858373737,15956,1131
29647.784331,2858380536,2858381665,16028,1129
29647.796329,2858388442,2858389573,16087,1131
29647.807216,2858396381,2858397510,15932,1129
29647.816332,2858404336,2858405466,16028,1130
29647.828264,2858412246,2858413376,16054,1130
29647.838777,2858420198,2858421328,15915,1130
29647.848333,2858428156,2858429289,16031,1133
29647.859824,2858436071,2858437201,16082,1130
29647.870344,2858444034,2858445164,15981,1130
29647.880334,2858451981,2858453115,16026,1134
29647.891385,2858460001,2858461131,16070,1130
29647.900328,2858467968,2858469097,15918,1129
29647.912334,2858475955,2858477079,16027,1124
29647.922945,2858483904,2858485038,16061,1134
29647.932328,2858491841,2858492975,15914,1134
29647.943979,2858499779,2858500908,16029,1129
29647.954506,2858507710,2858508840,16055,1130
29647.964328,2858515691,2858516820,15917,1129
29647.975539,2858523701,2858524831,16014,1130
29647.984329,2858531697,2858532828,16077,1131
29647.996329,2858539659,2858540790,15906,1131
29648.007099,2858547592,2858548722,16021,1130
29648.016335,2858555575,2858556705,16083,1130
29648.028136,2858563505,2858564636,15907,1131
29648.038660,2858571434,2858572569,16013,1135
29648.048327,2858579417,2858580547,16036,1130
29648.059696,2858587350,2858588483,15911,1133
29648.068331,2858595342,2858596472,15928,1130
29648.080335,2858603277,2858604407,16056,1130
29648.091257,2858611219,2858612348,15821,1129
29648.100331,2858619165,2858620299,15938,1134
29648.112304,2858627081,2858628211,16069,1130
29648.122817,2858635020,2858636153,15934,1133
29648.132329,2858642944,2858644074,16025,1130
29648.143863,2858650871,2858652001,16051,1130
29648.154377,2858658839,2858659970,15913,1131
29648.164327,2858666801,2858667931,16018,1130
29648.175424,2858674713,2858675847,16054,1134
29648.184328,2858682730,2858683859,15915,1129
29648.196333,2858690673,2858691802,16027,1129
29648.206985,2858698598,2858699728,16088,1130
29648.216334,2858706550,2858707683,16001,1133
29648.228018,2858714514,2858715644,16026,1130
29648.238546,2858722424,2858723558,16079,1134
29648.248330,2858730404,2858731534,15917,1130
29648.259580,2858738361,2858739491,16040,1130
29648.268336,2858746282,2858747412,16051,1130
29648.280334,2858754313,2858755443,15915,1130
29648.291138,2858762315,2858763445,15943,1130
29648.300332,2858770371,2858771501,15969,1130
29648.312176,2858778303,2858779434,15824,1131
29648.322700,2858786241,2858787375,15917,1134
29648.332331,2858794250,2858795380,15949,1130
29648.343736,2858802188,2858803318,15828,1130
29648.352333,2858810128,2858811258,15950,1130
29648.364335,2858818066,2858819196,16001,1130
29648.375296,2858826026,2858827155,15824,1129
29648.384332,2858834002,2858835136,15928,1134
29648.396329,2858841968,2858843099,15985,1131
29648.406857,2858849969,2858851099,15821,1130
29648.416327,2858857978,2858859108,15837,1130
29648.427904,2858865910,2858867043,15952,1133
29648.438417,2858873850,2858874983,15845,1133
29648.448329,2858881806,2858882939,15932,1133
29648.459465,2858889732,2858890861,16000,1129
29648.468327,2858897663,2858898797,15840,1134
29648.480328,2858905604,2858906738,15944,1134
29648.491025,2858913536,2858914666,15982,1130
29648.500332,2858921578,2858922708,15834,1130
29648.512059,2858929563,2858930690,15936,1127
29648.522584,2858937499,2858938629,16037,1130
29648.532336,2858945424,2858946554,15916,1130
29648.543619,2858953361,2858954491,16018,1130
29648.552331,2858961313,2858962446,16083,1133
29648.564335,2858969245,2858970378,15996,1133
29648.575183,2858977224,2858978358,16039,1134
29648.584328,2858985165,2858986295,16055,1130
29648.596216,2858993096,2858994224,15927,1128
29648.606740,2859001076,2859002206,16026,1130
29648.616328,2859009015,2859010148,16055,1133
29648.627777,2859016949,2859018079,15910,1130
29648.636327,2859024903,2859026036,16026,1133
29648.648330,2859032842,2859033972,16092,1130
29648.659338,2859040801,2859041935,15912,1134
29648.668327,2859048781,2859049914,16040,1133
29648.680329,2859056739,2859057869,16086,1130
29648.690897,2859064689,2859065819,15905,1130
29648.700331,2859072631,2859073760,15883,1129
29648.711945,2859080573,2859081700,16072,1127
29648.722458,2859088527,2859089657,15912,1130
29648.732328,2859096458,2859097588,16022,1130
29648.743506,2859104424,2859105554,16057,1130
29648.752334,2859112378,2859113508,15932,1130
29648.764336,2859120304,2859121434,15933,1130
29648.775063,2859128229,2859129359,16031,1130
29648.784329,2859136228,2859137357,15913,1129
29648.796099,2859144153,2859145285,16000,1132
29648.806626,2859152072,2859153205,16084,1133
29648.816331,2859160054,2859161184,15924,1130
29648.827659,2859167981,2859169115,16020,1134
29648.836334,2859175886,2859177016,16069,1130
29648.848329,2859183839,2859184971,15901,1132
29648.859219,2859191775,2859192907,16026,1132
29648.868331,2859199706,2859200836,16041,1130
29648.880256,2859207682,2859208813,15920,1131
29648.890782,2859215669,2859216799,16043,1130
29648.900330,2859223653,2859224783,16034,1130
29648.911823,2859231598,2859232720,15907,1122
29648.922340,2859239518,2859240648,15934,1130
29648.932332,2859247460,2859248590,16085,1130
29648.943377,2859255422,2859256551,15916,1129
29648.952328,2859263381,2859264511,16027,1130
29648.964329,2859271302,2859272432,16064,1130
29648.974938,2859279253,2859280387,15909,1134
29648.984331,2859287189,2859288323,16026,1134
29648.995983,2859295110,2859296242,16076,1132
29649.006498,2859303124,2859304254,15934,1130
29649.016328,2859311089,2859312222,16020,1133
29649.040332,2859323173,2859323801,12022,628
29649.051585,2859327218,2859327849,11995,631
29649.060329,2859333808,2859334931,15910,1123
29649.072333,2859341707,2859342840,15916,1133
29649.083143,2859349632,2859350762,15839,1130
29649.092329,2859357657,2859358789,15996,1132
29649.104190,2859365612,2859366741,15908,1129
29649.114704,2859373590,2859374722,15844,1132
29649.124327,2859381555,2859382685,15993,1130
29649.135750,2859389486,2859390616,15920,1130
29649.144328,2859397407,2859398539,15833,1132
29649.156331,2859405359,2859406489,15975,1130
29649.167311,2859413283,2859414413,15905,1130
29649.176329,2859421212,2859422345,15853,1133
29649.188336,2859429141,2859430273,15982,1132
29649.198869,2859437084,2859438214,15910,1130
29649.208328,2859445072,2859446204,15906,1132
29649.219912,2859453011,2859454145,15956,1134
29649.230430,2859460943,2859462076,15909,1133
29649.240331,2859468877,2859470011,15833,1134
29649.251471,2859476839,2859477969,15991,1130
29649.260329,2859484777,2859485904,15913,1127
29649.272329,2859492702,2859493832,15842,1130
29649.283031,2859500662,2859501791,15995,1129
29649.292328,2859508609,2859509743,15913,1134
29649.304062,2859516574,2859517707,15831,1133
29649.314592,2859524699,2859525833,15979,1134
29649.324330,2859532739,2859533869,15915,1130
29649.335623,2859540698,2859541832,15827,1134
29649.344334,2859548661,2859549789,15985,1128
29649.356335,2859556597,2859557728,15906,1131
29649.367183,2859564556,2859565686,15843,1130
29649.376328,2859572511,2859573635,15964,1124
29649.388227,2859580428,2859581561,15907,1133
29649.398743,2859588435,2859589565,15843,1130
29649.408328,2859596414,2859597544,15921,1130
29649.419789,2859604371,2859605501,15907,1130
29649.428330,2859612332,2859613462,15840,1130
29649.440333,2859620264,2859621394,15963,1130
29649.451348,2859628197,2859629327,15911,1130
29649.460330,2859636136,2859637263,15852,1127
29649.472329,2859644074,2859645204,15979,1130
29649.482909,2859652005,2859653139,15907,1134
29649.492329,2859659973,2859661103,15863,1130
29649.503948,2859667930,2859669060,15966,1130
29649.515966,2859677008,2859678137,15808,1129
29649.532332,2859687817,2859688828,15280,1011
29649.543018,2859695716,2859696850,15918,1134
29649.552334,2859703681,2859704815,16061,1134
29649.564065,2859711645,2859712775,15986,1130
29649.574579,2859719605,2859720735,15919,1130
29649.584328,2859727591,2859728725,16063,1134
29649.595625,2859735530,2859736658,16013,1128
29649.604329,2859743462,2859744591,15907,1129
29649.616328,2859751438,2859752568,15972,1130
29649.627185,2859759366,2859760496,15912,1130
29649.636331,2859767416,2859768546,15846,1130
29649.648225,2859775355,2859776485,16084,1130
29649.658745,2859783293,2859784422,16006,1129
29649.668333,2859791227,2859792360,15844,1133
29649.679783,2859799161,2859800295,15981,1134
29649.688331,2859807148,2859808278,15910,1130
29649.700328,2859815077,2859816207,15829,1130
29649.711346,2859823031,2859824155,16089,1124
29649.720329,2859831017,2859832149,15988,1132
29649.732328,2859838952,2859840081,15828,1129
29649.742904,2859846920,2859848050,15976,1130
29649.752328,2859854900,2859856030,15904,1130
29649.763937,2859862917,2859864046,15830,1129
29649.774465,2859870879,2859872013,16061,1134
29649.784328,2859878808,2859879941,15996,1133
29649.795498,2859886818,2859887947,15930,1129
29649.804334,2859894755,2859895885,15986,1130
29649.816328,2859902684,2859903814,16001,1130
29649.827058,2859910642,2859911772,15933,1130
29649.836332,2859918639,2859919769,16078,1130
29649.848105,2859926589,2859927723,15995,1134
29649.858618,2859934479,2859935611,15840,1132
29649.868329,2859942469,2859943599,15998,1130
29649.879665,2859950400,2859951532,15896,1132
29649.888331,2859958336,2859959466,15835,1130
29649.900334,2859966280,2859967410,15973,1130
29649.911226,2859974241,2859975369,15996,1128
29649.920328,2859982234,2859983364,15831,1130
29649.932262,2859990179,2859991309,15967,1130
29649.942783,2859998142,2859999273,15910,1131
29649.952328,2860006078,2860007210,15904,1132
29649.963822,2860014018,2860015148,15967,1130
29649.974346,2860021980,2860023113,15995,1133
29649.984331,2860029945,2860031077,15947,1132
29649.995384,2860037867,2860038997,16069,1130
29650.004329,2860045800,2860046934,16004,1134
29650.016329,2860053788,2860054918,15945,1130
29650.026945,2860061800,2860062930,16075,1130
29650.036327,2860069734,2860070864,15910,1130
29650.047977,2860077715,2860078847,15928,1132
29650.058504,2860085725,2860086858,16056,1133
29650.068333,2860093684,2860094817,15996,1133
29650.079538,2860101644,2860102775,15922,1131
29650.088331,2860109608,2860110738,16057,1130
29650.100332,2860117558,2860118691,15995,1133
29650.111098,2860125493,2860126621,15859,1128
29650.120328,2860133449,2860134579,15967,1130
29650.132145,2860141501,2860142630,15995,1129
29650.142658,2860149452,2860150582,15928,1130
29650.152330,2860157388,2860158518,16010,1130
29650.163704,2860165318,2860166447,16004,1129
29650.172331,2860173275,2860174405,15930,1130
29650.184328,2860181237,2860182367,16089,1130
29650.195268,2860189222,2860190354,15993,1132
29650.204332,2860197234,2860198363,15899,1129
29650.216305,2860205191,2860206321,16080,1130
29650.226826,2860213171,2860214303,15986,1132
29650.236330,2860221108,2860222233,15923,1125
29650.247865,2860229028,2860230158,15999,1130
29650.258385,2860236957,2860238087,15907,1130
29650.268330,2860244889,2860246019,15832,1130
29650.279426,2860252815,2860253950,15994,1135
29650.288334,2860260784,2860261914,15910,1130
29650.300328,2860268790,2860269920,15908,1130
29650.310987,2860276740,2860277865,15996,1125
29650.320327,2860284689,2860285819,15907,1130
29650.332018,2860292615,2860293745,15925,1130
29650.342544,2860300652,2860301781,16059,1129
29650.352332,2860308668,2860309799,15913,1131
29650.363578,2860316625,2860317755,15835,1130
29650.372328,2860324554,2860325686,15967,1132
29650.384330,2860332519,2860333651,15914,1132
29650.395138,2860340474,2860341607,15849,1133
29650.404331,2860348464,2860349594,15976,1130
29650.416182,2860356400,2860357532,15905,1132
29650.426699,2860364366,2860365500,15861,1134
29650.436336,2860372337,2860373466,15971,1129
29650.447744,2860380318,2860381450,15902,1132
29650.456332,2860388348,2860389481,15861,1133
29650.468331,2860396286,2860397420,16067,1134
29650.479303,2860404230,2860405359,15999,1129
29650.488327,2860412208,2860413338,15930,1130
29650.500329,2860420143,2860421272,16003,1129
29650.510866,2860428079,2860429204,15990,1125
29650.520330,2860436011,2860437141,15923,1130
29650.531903,2860443993,2860445127,16050,1134
29650.542426,2860451995,2860453125,16000,1130
29650.552327,2860459979,2860461112,15902,1133
29650.563464,2860467962,2860469092,16068,1130
29650.572332,2860475921,2860477051,15997,1130
29650.584331,2860483850,2860484980,15833,1130
29650.595026,2860491779,2860492909,15983,1130
29650.604330,2860499742,2860500872,15900,1130
29650.616058,2860507699,2860508829,15846,1130
29650.626587,2860515708,2860516832,15990,1124
29650.636333,2860523657,2860524787,15909,1130
29650.647626,2860531620,2860532750,15908,1130
29650.656332,2860539582,2860540715,15993,1133
29650.668329,2860547506,2860548639,15911,1133
29650.679186,2860555479,2860556609,15920,1130
29650.688331,2860563465,2860564595,16001,1130
29650.700223,2860571424,2860572553,15994,1129
29650.710746,2860579406,2860580533,15919,1127
29650.720331,2860587362,2860588492,15903,1130
29650.731786,2860595295,2860596428,15911,1133
29650.740329,2860603293,2860604423,15998,1130
29650.752328,2860611225,2860612357,16069,1132
29650.763345,2860619173,2860620301,16002,1128
29650.772330,2860627113,2860628247,15847,1134
29650.784327,2860635049,2860636183,15964,1134
29650.794905,2860642982,2860644111,15915,1129
29650.804334,2860650933,2860652066,15844,1133
29650.815943,2860658901,2860660031,16047,1130
29650.826465,2860666835,2860667965,15993,1130
29650.836329,2860674781,2860675911,15932,1130
29650.847503,2860682741,2860683871,16005,1130
29650.856328,2860690681,2860691811,16009,1130
29650.868328,2860698614,2860699743,15953,1129
29650.879065,2860706563,2860707693,15981,1130
29650.888330,2860714596,2860715726,15911,1130
29650.900098,2860722533,2860723663,15852,1130
29650.910625,2860730468,2860731590,15979,1122
29650.920329,2860738390,2860739523,15908,1133
29650.931658,2860746373,2860747503,15843,1130
29650.940331,2860754361,2860755491,15965,1130
29650.952328,2860762326,2860763459,15909,1133
29650.963218,2860770334,2860771467,15830,1133
29650.972334,2860778351,2860779481,15992,1130
29650.984267,2860786289,2860787419,15916,1130
29650.994786,2860794264,2860795393,15994,1129
29651.004329,2860802198,2860803328,16079,1130
29651.015826,2860810154,2860811286,15996,1132
29651.026340,2860818087,2860819216,15915,1129
29651.036329,2860826024,2860827154,16066,1130
29651.047386,2860833955,2860835085,16005,1130
29651.056327,2860841881,2860843013,15915,1132
29651.068329,2860849891,2860851022,16064,1131
29651.078947,2860857853,2860858983,16000,1130
29651.088333,2860865808,2860866941,15924,1133
29651.099985,2860873744,2860874877,16071,1133
29651.110505,2860881681,2860882813,15998,1132
29651.120327,2860889617,2860890746,15929,1129
29651.131546,2860897576,2860898708,16084,1132
29651.140333,2860905523,2860906657,15998,1134
29651.152333,2860913426,2860914555,15942,1129
29651.163105,2860921360,2860922492,16066,1132
29651.172328,2860929356,2860930486,16005,1130
29651.184138,2860937281,2860938411,15934,1130
29651.194666,2860945210,2860946343,16003,1133
29651.204330,2860953176,2860954306,16002,1130
29651.215698,2860961108,2860962242,15843,1134
29651.224328,2860969080,2860970211,15961,1131
29651.236333,2860977035,2860978168,15908,1133
29651.247258,2860985016,2860986149,15839,1133
29651.256331,2860992994,2860994127,15971,1133
29651.268302,2861000981,2861002111,15910,1130
29651.278819,2861008935,2861010065,15854,1130
29651.288329,2861016867,2861017997,15975,1130
29651.299863,2861024788,2861025918,15908,1130
29651.310380,2861032745,2861033872,15858,1127
29651.320328,2861040753,2861041883,15981,1130
29651.331424,2861048715,2861049848,16008,1133
29651.340327,2861056664,2861057794,15992,1130
29651.352331,2861064607,2861065737,16085,1130
29651.362987,2861072560,2861073690,15903,1130
29651.372327,2861080514,2861081647,15828,1133
29651.384024,2861088441,2861089571,15981,1130
29651.394547,2861096395,2861097528,15912,1133
29651.404328,2861104378,2861105511,15827,1133
29651.415585,2861112374,2861113504,15982,1130
29651.424329,2861120359,2861121488,15905,1129
29651.436334,2861128288,2861129418,15849,1130
29651.447147,2861136215,2861137344,15980,1129
29651.456328,2861144257,2861145387,15909,1130
29651.468178,2861152185,2861153317,15847,1132
29651.478707,2861160169,2861161299,15995,1130
29651.488328,2861168182,2861169310,15919,1128
29651.499738,2861176108,2861177238,15835,1130
29651.508328,2861184119,2861185247,15992,1128
29651.520335,2861192047,2861193177,15906,1130
29651.531299,2861199985,2861201115,15830,1130
29651.540334,2861207943,2861209072,15912,1129
29651.552330,2861215902,2861217032,15910,1130
29651.562861,2861223870,2861225004,15915,1134
29651.572327,2861231836,2861232965,16071,1129
29651.583905,2861239803,2861240936,16001,1133
29651.594420,2861247740,2861248870,15915,1130
29651.604330,2861255750,2861256880,16072,1130
29651.615465,2861263681,2861264813,15998,1132
29651.624327,2861271604,2861272733,15930,1129
29651.636332,2861279533,2861280663,16080,1130
29651.647025,2861287487,2861288621,15993,1134
29651.656330,2861295491,2861296621,15936,1130
29651.668067,2861303416,2861304549,16079,1133
29651.678588,2861311386,2861312516,15997,1130
29651.688327,2861319340,2861320470,15990,1130
29651.699627,2861327272,2861328404,16079,1132
29651.708327,2861335206,2861336334,15994,1128
29651.720328,2861343139,2861344272,15918,1133
29651.731185,2861351068,2861352198,16069,1130
29651.740329,2861359017,2861360147,16003,1130
29651.752218,2861366963,2861368093,15906,1130
29651.762744,2861374957,2861376085,15969,1128
29651.772327,2861382886,2861384016,15909,1130
29651.783779,2861390851,2861391983,15848,1132
29651.792328,2861398811,2861399941,15967,1130
29651.804331,2861406771,2861407901,15895,1130
29651.815339,2861414703,2861415836,15855,1133
29651.824327,2861422637,2861423765,15983,1128
29651.836336,2861430591,2861431721,15917,1130
29651.846899,2861438521,2861439649,15858,1128
29651.856330,2861446469,2861447602,15978,1133
29651.867945,2861454394,2861455523,15914,1129
29651.878460,2861462333,2861463466,15839,1133
29651.888327,2861470284,2861471414,15917,1130
29651.899503,2861478219,2861479350,15909,1131
29651.908331,2861486157,2861487288,15848,1131
29651.920328,2861494112,2861495242,15961,1130
29651.931064,2861502040,2861503170,15911,1130
29651.940329,2861510040,2861511172,15840,1132
29651.952106,2861517973,2861519105,15983,1132
29651.964122,2861527048,2861528178,15824,1130
29651.974652,2861535057,2861536187,15992,1130
29651.984329,2861542985,2861544115,15912,1130
29651.995681,2861550888,2861552022,15844,1134
29652.004328,2861558826,2861559955,15994,1129
29652.016328,2861566775,2861567905,15911,1130
29652.027242,2861574698,2861575824,15826,1126
29652.036330,2861582648,2861583781,15915,1133
29652.048288,2861590581,2861591711,15906,1130
29652.058803,2861598536,2861599660,15822,1124
29652.068328,2861606457,2861607587,15975,1130
29652.079848,2861614385,2861615514,15909,1129
29652.090363,2861622365,2861623495,15825,1130
29652.100333,2861630293,2861631423,15979,1130
29652.111408,2861638247,2861639376,15910,1129
29652.120328,2861646175,2861647304,15848,1129
29652.132328,2861654099,2861655232,15996,1133
29652.142969,2861662058,2861663185,15908,1127
29652.152329,2861670004,2861671134,15847,1130
29652.164009,2861678009,2861679141,15992,1132
29652.174530,2861685949,2861687079,15996,1130
29652.184327,2861693870,2861695002,15991,1132
29652.195569,2861701824,2861702954,16086,1130
29652.204332,2861709796,2861710925,15998,1129
29652.216335,2861717718,2861718847,15918,1129
29652.227129,2861725643,2861726775,16068,1132
29652.236328,2861733680,2861734810,16007,1130
29652.248161,2861741631,2861742763,15918,1132
29652.258689,2861749590,2861750719,16058,1129
29652.268332,2861757574,2861758702,16003,1128
29652.279722,2861765533,2861766663,15937,1130
29652.288334,2861773489,2861774622,16075,1133
29652.300328,2861781416,2861782548,16001,1132
29652.311282,2861789345,2861790474,15931,1129
29652.320329,2861797283,2861798416,16078,1133
29652.332329,2861805248,2861806380,15912,1132
29652.342843,2861813233,2861814364,15836,1131
29652.352328,2861821164,2861822294,15991,1130
29652.363889,2861829099,2861830229,15913,1130
29652.374405,2861837116,2861838249,15899,1133
29652.384328,2861845077,2861846210,16007,1133
29652.395450,2861853003,2861854135,16000,1132
29652.404330,2861860965,2861862095,15916,1130
29652.416335,2861868902,2861870030,16068,1128
29652.427009,2861876859,2861877987,15996,1128
29652.436331,2861884814,2861885944,15910,1130
29652.448047,2861892759,2861893892,15976,1133
29652.458569,2861900723,2861901852,15919,1129
29652.468332,2861908648,2861909778,15842,1130
29652.479610,2861916604,2861917734,15994,1130
29652.488328,2861924569,2861925699,15903,1130
29652.500329,2861932528,2861933661,15838,1133
29652.511170,2861940524,2861941657,15990,1133
29652.520330,2861948629,2861949759,15916,1130
29652.532209,2861956581,2861957711,15905,1130
29652.542730,2861964518,2861965649,15988,1131
29652.552327,2861972456,2861973590,15920,1134
29652.563762,2861980389,2861981519,15828,1130
29652.572331,2861988319,2861989447,15980,1128
29652.584328,2861996266,2861997399,16004,1133
29652.595322,2862004232,2862005360,15913,1128
29652.604330,2862012165,2862013295,16066,1130
29652.616332,2862020098,2862021231,15989,1133
29652.626883,2862028097,2862029226,15844,1129
29652.636331,2862036028,2862037158,15983,1130
29652.647928,2862043961,2862045093,15911,1132
29652.658444,2862051891,2862053020,15844,1129
29652.668335,2862059895,2862061028,15983,1133
29652.679490,2862067833,2862068963,15916,1130
29652.688334,2862075762,2862076891,15845,1129
29652.700327,2862083695,2862084828,16002,1133
29652.711050,2862091620,2862092754,15915,1134
29652.720332,2862099654,2862100782,15835,1128
29652.732089,2862107606,2862108736,15914,1130
29652.742611,2862115541,2862116673,15910,1132
29652.752329,2862123475,2862124607,15828,1132
29652.763649,2862131410,2862132540,15980,1130
29652.772333,2862139344,2862140477,15910,1133
29652.784331,2862147287,2862148419,15927,1132
29652.795207,2862155223,2862156356,15964,1133
29652.804328,2862163219,2862164352,15908,1133
29652.816242,2862171153,2862172282,15859,1129
29652.826769,2862179071,2862180204,15982,1133
29652.836333,2862187004,2862188134,15909,1130
29652.847802,2862194979,2862196109,15861,1130
29652.856331,2862202913,2862204039,15976,1126
29652.868329,2862210843,2862211975,15914,1132
29652.879369,2862218804,2862219936,15904,1132
29652.888332,2862226785,2862227917,15980,1132
29652.900330,2862234768,2862235898,15912,1130
29652.910923,2862242693,2862243823,15930,1130
29652.920335,2862250624,2862251757,16042,1133
29652.931968,2862258559,2862259692,16001,1133
29652.942483,2862266498,2862267625,15927,1127
29652.952329,2862274451,2862275583,16055,1132
29652.963527,2862282388,2862283520,15998,1132
29652.972331,2862290326,2862291456,15944,1130
29652.984333,2862298293,2862299422,16106,1129
29652.995089,2862306219,2862307352,15998,1133
29653.004334,2862314220,2862315352,15929,1132
29653.016129,2862322149,2862323279,16080,1130
29653.026651,2862330122,2862331252,15997,1130
29653.036332,2862338300,2862339428,15833,1128
29653.047684,2862346235,2862347368,16022,1133
29653.056331,2862354228,2862355359,16073,1131
29653.068336,2862362161,2862363290,15913,1129
29653.079244,2862370089,2862371223,15938,1134
29653.088327,2862378044,2862379177,16052,1133
29653.100282,2862385966,2862387099,15910,1133
29653.110806,2862393894,2862395023,16026,1129
29653.120334,2862401798,2862402928,16066,1130
29653.131842,2862409751,2862410881,15932,1130
29653.142367,2862417684,2862418812,16017,1128
29653.152330,2862425589,2862426722,16067,1133
29653.163403,2862433516,2862434644,15915,1128
29653.172333,2862441458,2862442588,16023,1130
29653.184332,2862449374,2862450508,16060,1134
29653.194963,2862457328,2862458458,15825,1130
29653.204328,2862465308,2862466436,15939,1128
29653.216010,2862473268,2862474398,16071,1130
29653.226531,2862481189,2862482322,15990,1133
29653.236332,2862489126,2862490258,16022,1132
29653.247570,2862497064,2862498193,16069,1129
29653.256327,2862504993,2862506116,15915,1123
29653.268335,2862512923,2862514053,16025,1130
29653.279131,2862520824,2862521954,16070,1130
29653.288327,2862528843,2862529973,15916,1130
29653.300164,2862536771,2862537904,16025,1133
29653.310692,2862544785,2862545914,16073,1129
29653.320327,2862552735,2862553859,15901,1124
29653.331726,2862560682,2862561811,16044,1129
29653.340331,2862568586,2862569714,16073,1128
29653.352333,2862576518,2862577648,15914,1130
29653.363285,2862584444,2862585573,16025,1129
29653.372329,2862592367,2862593500,16071,1133
29653.384322,2862600288,2862601417,15919,1129
29653.394846,2862608251,2862609381,15933,1130
29653.404330,2862616157,2862617286,16068,1129
29653.415882,2862624089,2862625219,15916,1130
29653.426405,2862632011,2862633141,15935,1130
29653.436330,2862639948,2862641078,16040,1130
29653.447443,2862647907,2862649040,15918,1133
29653.456336,2862655840,2862656963,16027,1123
29653.468328,2862663728,2862664860,16068,1132
29653.479003,2862671648,2862672777,15910,1129
29653.488333,2862679628,2862680760,16023,1132
29653.500050,2862687559,2862688689,16071,1130
29653.510563,2862695485,2862696617,15914,1132
29653.520334,2862703431,2862704560,16030,1129
29653.531611,2862711358,2862712491,16036,1133
29653.540331,2862719391,2862720519,15915,1128
29653.552328,2862727323,2862728455,16028,1132
29653.563170,2862735224,2862736354,16076,1130
29653.572331,2862743229,2862744361,15981,1132
29653.584204,2862751215,2862752344,16023,1129
29653.594729,2862759125,2862760255,15995,1130
29653.604328,2862767147,2862768276,15821,1129
29653.615765,2862775080,2862776212,15924,1132
29653.624331,2862782987,2862784117,16064,1130
29653.636328,2862790915,2862792042,15912,1127
29653.647325,2862798847,2862799976,16020,1129
29653.656330,2862806834,2862807965,16058,1131
29653.668329,2862814791,2862815924,15919,1133
29653.678888,2862822719,2862823852,16044,1133
29653.688328,2862830622,2862831751,16086,1129
29653.699922,2862838545,2862839675,15913,1130
29653.710446,2862846476,2862847609,16026,1133
29653.720336,2862854406,2862855535,16071,1129
29653.731485,2862862361,2862863491,15918,1130
29653.740330,2862870390,2862871522,16015,1132
29653.752331,2862878304,2862879434,16073,1130
29653.763043,2862886234,2862887367,15912,1133
29653.772328,2862894224,2862895354,15935,1130
29653.784090,2862902163,2862903292,16054,1129
29653.794603,2862910093,2862911225,15910,1132
29653.804333,2862918039,2862919170,15930,1131
29653.815651,2862925964,2862927093,15969,1129
29653.824332,2862933891,2862935021,15826,1130
29653.836327,2862941840,2862942965,15943,1125
29653.847211,2862949751,2862950884,16003,1133
29653.856328,2862957675,2862958805,15832,1130
29653.868245,2862965602,2862966735,15936,1133
29653.878771,2862973583,2862974713,15965,1130
29653.888328,2862981539,2862982668,15822,1129
29653.899805,2862989471,2862990600,15942,1129
29653.908330,2862997402,2862998532,15982,1130
29653.920327,2863005335,2863006464,15903,1129
29653.931365,2863013289,2863014416,15931,1127
29653.940333,2863021234,2863022362,15985,1128
29653.952334,2863029155,2863030282,15829,1127
29653.962926,2863037075,2863038204,15937,1129
29653.972331,2863045003,2863046133,15983,1130
29653.983962,2863052961,2863054091,15830,1130
29653.994486,2863060921,2863062050,15943,1129
29654.004329,2863068850,2863069982,15988,1132
29654.015523,2863076780,2863077909,15826,1129
29654.024327,2863084706,2863085836,15954,1130
29654.036336,2863092629,2863093759,15962,1130
29654.047083,2863100578,2863101707,15828,1129
29654.056330,2863108558,2863109680,15934,1122
29654.068129,2863116452,2863117585,16069,1133
29654.078644,2863124380,2863125510,15917,1130
29654.088333,2863132309,2863133438,16024,1129
29654.099691,2863140213,2863141342,16067,1129
29654.108328,2863148141,2863149271,15918,1130
29654.120330,2863156071,2863157199,15931,1128
29654.131251,2863164004,2863165134,16052,1130
29654.140329,2863171930,2863173062,15918,1132
29654.152285,2863179882,2863181011,16025,1129
29654.162812,2863187788,2863188921,16081,1133
29654.172327,2863195727,2863196854,15914,1127
29654.183845,2863203662,2863204790,16027,1128
29654.194372,2863211565,2863212693,16073,1128
29654.204334,2863219493,2863220617,15919,1124
29654.215406,2863227430,2863228559,15939,1129
29654.224333,2863235330,2863236460,16055,1130
29654.236331,2863243258,2863244388,15908,1130
29654.246966,2863251185,2863252314,16026,1129
29654.256327,2863259091,2863260216,16069,1125
29654.268010,2863267026,2863268160,15983,1134
29654.278527,2863275004,2863276133,16017,1129
29654.288328,2863282986,2863284115,16049,1129
29654.299563,2863290914,2863292043,15915,1129
29654.308335,2863298836,2863299964,16026,1128
29654.320327,2863306759,2863307888,16070,1129
29654.331123,2863314680,2863315813,15916,1133
29654.340329,2863322630,2863323762,16026,1132
29654.352170,2863330572,2863331701,16071,1129
29654.362684,2863338510,2863339640,15918,1130
29654.372332,2863346466,2863347593,16042,1127
29654.383732,2863354373,2863355503,16068,1130
29654.392328,2863362332,2863363461,15919,1129
29654.404331,2863370254,2863371383,16030,1129
29654.415291,2863378165,2863379293,16068,1128
29654.424328,2863386122,2863387252,15913,1130
29654.436325,2863394047,2863395176,16030,1129
29654.446852,2863401995,2863403125,16085,1130
29654.456327,2863409924,2863411050,15906,1126
29654.467884,2863417902,2863419031,15926,1129
29654.478410,2863425826,2863426956,16040,1130
29654.488333,2863433781,2863434910,15926,1129
29654.499446,2863441711,2863442840,16032,1129
29654.508334,2863449642,2863450770,16071,1128
29654.520329,2863457588,2863458718,15928,1130
29654.531006,2863465520,2863466648,16024,1128
29654.540329,2863473525,2863474653,16066,1128
29654.552043,2863481477,2863482605,15906,1128
29654.562566,2863489426,2863490550,16019,1124
29654.572329,2863497355,2863498484,16041,1129
29654.583604,2863505280,2863506413,15917,1133
29654.592327,2863513204,2863514331,16014,1127
29654.604333,2863521097,2863522226,16092,1129
29654.615169,2863529031,2863530160,15947,1129
29654.624329,2863537036,2863538166,16019,1130
29654.636208,2863544989,2863546121,16029,1132
29654.646723,2863552968,2863554095,15920,1127
29654.656328,2863560921,2863562043,16019,1122
29654.667769,2863568824,2863569952,16062,1128
29654.676329,2863576777,2863577906,15938,1129
29654.688332,2863584694,2863585823,16025,1129
29654.699331,2863592598,2863593731,16058,1133
29654.708329,2863600531,2863601660,15945,1129
29654.720330,2863608457,2863609586,16025,1129
29654.730891,2863616383,2863617512,16074,1129
29654.740328,2863624334,2863625466,15929,1132
29654.751925,2863632265,2863633395,16017,1130
29654.762451,2863640188,2863641320,16077,1132
29654.772328,2863648122,2863649246,15923,1124
29654.783486,2863656037,2863657165,16018,1128
29654.792329,2863663944,2863665077,16074,1133
29654.804333,2863671873,2863673002,15936,1129
29654.815046,2863679807,2863680936,15945,1129
29654.824334,2863687816,2863688950,15952,1134
29654.836083,2863695778,2863696910,15840,1132
29654.846606,2863703710,2863704843,15935,1133
29654.856330,2863711624,2863712752,16073,1128
29654.867643,2863719580,2863720707,15922,1127
29654.876331,2863727509,2863728642,16017,1133
29654.888328,2863735417,2863736546,16076,1129
29654.899203,2863743347,2863744476,15931,1129
29654.908329,2863751319,2863752445,16015,1126
29654.920249,2863759242,2863760371,16043,1129
29654.930764,2863767169,2863768298,15936,1129
29654.940328,2863775086,2863776214,16028,1128
29654.951810,2863782995,2863784128,16075,1133
29654.960331,2863790947,2863792080,15992,1133
29654.972328,2863798882,2863800010,16032,1128
29654.983370,2863806782,2863807910,16072,1128
29654.992328,2863814733,2863815862,15920,1129
29655.004333,2863822668,2863823797,16015,1129
29655.014929,2863830618,2863831747,16039,1129
29655.024328,2863838558,2863839686,15936,1128
29655.035965,2863846491,2863847623,16022,1132
29655.046491,2863854470,2863855603,16020,1133
29655.056336,2863862404,2863863530,15930,1126
29655.067526,2863870373,2863871502,16018,1129
29655.076330,2863878256,2863879385,16061,1129
29655.088329,2863886179,2863887308,15939,1129
29655.099086,2863894106,2863895235,16025,1129
29655.108334,2863902088,2863903221,16076,1133
29655.120123,2863910018,2863911150,15933,1132
29655.130646,2863917971,2863919100,16025,1129
29655.140335,2863925905,2863927034,16056,1129
29655.151683,2863933829,2863934957,15923,1128
29655.160335,2863941761,2863942884,15940,1123
29655.172334,2863949687,2863950814,16023,1127
29655.183244,2863957636,2863958765,15929,1129
29655.192333,2863965583,2863966712,16023,1129
29655.204290,2863973493,2863974622,16073,1129
29655.214804,2863981422,2863982551,15922,1129
29655.224331,2863989341,2863990474,16010,1133
29655.235851,2863997284,2863998414,15966,1130
29655.246365,2864005238,2864006367,15823,1129
29655.256332,2864013169,2864014298,15939,1129
29655.267412,2864021080,2864022210,16028,1130
29655.276330,2864029011,2864030140,15914,1129
29655.288331,2864036943,2864038072,16024,1129
29655.298972,2864044846,2864045975,16065,1129
29655.308331,2864052767,2864053896,15985,1129
29655.320007,2864060688,2864061817,16037,1129
29655.330533,2864068638,2864069771,16090,1133
29655.340335,2864076613,2864077742,15913,1129
29655.351566,2864084547,2864085676,16023,1129
29655.360330,2864092464,2864093595,16056,1131
29655.372332,2864100385,2864101511,15926,1126
29655.383130,2864108302,2864109431,16035,1129
29655.392330,2864116304,2864117437,16059,1133
29655.404163,2864124265,2864125397,15915,1132
29655.414688,2864132238,2864133371,16046,1133
29655.424331,2864140145,2864141274,16083,1129
29655.435723,2864148106,2864149235,15825,1129
29655.444328,2864156031,2864157163,15930,1132
29655.456329,2864163950,2864165076,16085,1126
29655.467284,2864171872,2864173005,15916,1133
29655.476333,2864179807,2864180940,16023,1133
29655.488328,2864187736,2864188865,16087,1129
29655.498845,2864195667,2864196800,15908,1133
29655.508328,2864203647,2864204776,15938,1129
29655.519890,2864211602,2864212734,16022,1132
29655.530405,2864219583,2864220716,15916,1133
29655.540330,2864227507,2864228636,16032,1129
29655.551452,2864235431,2864236560,16085,1129
29655.560332,2864243358,2864244491,15909,1133
29655.572332,2864251306,2864252431,16011,1125
29655.583013,2864259210,2864260343,16063,1133
29655.592331,2864267141,2864268264,15918,1123
29655.604046,2864275083,2864276212,16026,1129
29655.614574,2864283016,2864284146,16053,1130
29655.624331,2864290998,2864292132,15912,1134
29655.635604,2864299082,2864300212,16017,1130
29655.644331,2864307037,2864308169,16037,1132
29655.656332,2864315001,2864316128,15994,1127
29655.667166,2864322929,2864324058,16018,1129
29655.676336,2864330865,2864331998,16076,1133
29655.688203,2864338788,2864339921,15918,1133
29655.698732,2864346725,2864347857,16084,1132
29655.708333,2864354688,2864355820,15916,1132
29655.719764,2864362647,2864363779,15838,1132
29655.728328,2864370577,2864371710,15983,1133
29655.740328,2864378532,2864379665,15910,1133
29655.751324,2864386471,2864387601,15829,1130
29655.760330,2864394449,2864395581,15980,1132
29655.772329,2864402427,2864403555,15963,1128
29655.782884,2864410354,2864411486,15831,1132
29655.792329,2864418310,2864419442,15933,1132
29655.803934,2864426223,2864427352,15997,1129
29655.814445,2864434174,2864435303,15817,1129
29655.824334,2864442106,2864443239,15936,1133
29655.835492,2864450007,2864451140,16000,1133
29655.844332,2864457951,2864459083,15824,1132
29655.856332,2864465903,2864467033,15843,1130
29655.867053,2864473831,2864474963,15968,1132
29655.876329,2864481786,2864482917,15828,1131
29655.888087,2864489742,2864490871,15941,1129
29655.898613,2864497664,2864498793,15960,1129
29655.908331,2864505616,2864506745,15847,1129
29655.919647,2864513557,2864514686,15940,1129
29655.928329,2864521455,2864522584,16072,1129
29655.940327,2864529366,2864530494,15918,1128
29655.951208,2864537296,2864538425,16043,1129
29655.960334,2864545228,2864546361,16053,1133
29655.972243,2864553191,2864554314,15912,1123
29655.982767,2864561137,2864562266,16028,1129
29655.992329,2864569098,2864570231,16072,1133
29656.003811,2864577049,2864578182,15999,1133
29656.012328,2864584973,2864586100,16024,1127
29656.024334,2864592879,2864594008,16068,1129
29656.035364,2864600789,2864601916,15907,1127
29656.044332,2864608720,2864609851,15933,1131
29656.056334,2864616621,2864617748,15969,1127
29656.066925,2864624557,2864625690,15828,1133
29656.076329,2864632481,2864633610,15938,1129
29656.087972,2864640408,2864641537,15966,1129
29656.098485,2864648362,2864649490,15843,1128
29656.108330,2864656348,2864657471,15935,1123
29656.119532,2864664242,2864665371,16000,1129
29656.128327,2864672159,2864673287,15833,1128
29656.140334,2864680074,2864681206,15931,1132
29656.151093,2864687977,2864689106,15993,1129
29656.160334,2864695965,2864697094,15829,1129
29656.172127,2864703884,2864705015,15942,1131
29656.182653,2864711787,2864712916,15994,1129
29656.192330,2864719719,2864720852,15828,1133
29656.203685,2864727650,2864728778,15850,1128
29656.212329,2864735576,2864736705,15954,1129
29656.224328,2864743500,2864744626,15842,1126
29656.235247,2864751420,2864752543,15940,1123
29656.244328,2864759322,2864760451,15969,1129
29656.256283,2864767269,2864768400,15835,1131
29656.266808,2864775201,2864776334,15939,1133
29656.276330,2864783113,2864784236,16004,1123
29656.287844,2864791035,2864792158,15829,1123
29656.298367,2864798979,2864800108,15934,1129
29656.308329,2864806880,2864808009,15937,1129
29656.319405,2864814807,2864815936,15830,1129
29656.328328,2864822762,2864823886,15935,1124
29656.340331,2864830705,2864831834,15990,1129
29656.350972,2864838626,2864839756,15906,1130
29656.360333,2864846578,2864847707,15968,1129
29656.372010,2864854505,2864855633,15907,1128
29656.382527,2864862435,2864863563,15846,1128
29656.392330,2864870364,2864871492,15987,1128
29656.403572,2864878288,2864879416,15915,1128
29656.412327,2864886209,2864887340,15848,1131
29656.424329,2864894133,2864895262,15934,1129
29656.435133,2864902032,2864903164,16070,1132
29656.444333,2864909976,2864911105,15917,1129
29656.456168,2864917962,2864919089,16028,1127
29656.466693,2864925862,2864926995,16074,1133
29656.476340,2864933793,2864934923,15911,1130
29656.487727,2864941803,2864942931,16031,1128
29656.496330,2864949712,2864950840,16068,1128
29656.508329,2864957635,2864958768,15922,1133
29656.519287,2864965589,2864966718,16022,1129
29656.528330,2864973491,2864974620,16074,1129
29656.540324,2864981417,2864982546,15927,1129
29656.550846,2864989345,2864990478,15917,1133
29656.560327,2864997276,2864998406,16050,1130
29656.571884,2865005232,2865006357,15914,1125
29656.582409,2865013181,2865014314,16037,1133
29656.592328,2865021147,2865022280,16088,1133
29656.603444,2865029082,2865030211,15930,1129
29656.612330,2865037014,2865038143,16028,1129
29656.624330,2865044939,2865046068,16072,1129
29656.635005,2865052885,2865054014,15916,1129
29656.644327,2865060840,2865061969,16023,1129
29656.656052,2865068737,2865069864,15951,1127
29656.666565,2865076657,2865077785,15825,1128
29656.676328,2865084598,2865085729,15933,1131
29656.687613,2865092536,2865093665,15987,1129
29656.696329,2865100474,2865101603,15905,1129
29656.708335,2865108402,2865109534,15940,1132
29656.719173,2865116301,2865117433,15998,1132
29656.728331,2865124245,2865125371,15828,1126
29656.740206,2865132156,2865133289,15940,1133
29656.750733,2865140054,2865141183,15985,1129
29656.760329,2865147982,2865149111,15830,1129
29656.771766,2865155904,2865157026,15935,1122
29656.780331,2865163799,2865164928,16003,1129
29656.792331,2865171752,2865172881,15822,1129
29656.803327,2865179680,2865180812,15938,1132
29656.812327,2865187609,2865188738,15999,1129
29656.824331,2865195556,2865196685,15831,1129
29656.834888,2865203492,2865204620,15936,1128
29656.844336,2865211387,2865212516,16001,1129
29656.855924,2865219337,2865220464,15828,1127
29656.866449,2865227300,2865228429,15937,1129
29656.876331,2865235240,2865236369,16067,1129
29656.887485,2865243195,2865244324,15913,1129
29656.896331,2865251127,2865252253,15930,1126
29656.908328,2865259054,2865260183,16035,1129
29656.919045,2865266980,2865268106,15912,1126
29656.928328,2865274926,2865276055,16028,1129
29656.940093,2865282831,2865283964,16086,1133
29656.950606,2865290840,2865291972,15934,1132
29656.960327,2865298794,2865299917,16019,1123
29656.971653,2865306684,2865307807,16089,1123
29656.980330,2865314604,2865315730,15907,1126
29656.992328,2865322530,2865323659,16022,1129
29657.003213,2865330431,2865331557,16036,1126
29657.012329,2865338376,2865339500,15920,1124
29657.024247,2865346324,2865347456,16028,1132
29657.034774,2865354232,2865355365,16074,1133
29657.044327,2865362162,2865363284,15994,1122
29657.055807,2865370074,2865371202,16021,1128
29657.064328,2865378013,2865379141,16063,1128
29657.076328,2865385927,2865387060,15845,1133
29657.087367,2865393854,2865394983,15918,1129
29657.096328,2865401781,2865402910,16048,1129
29657.108330,2865409705,2865410833,15915,1128
29657.118928,2865417633,2865418762,16016,1129
29657.128332,2865425556,2865426689,16056,1133
29657.139966,2865433510,2865434643,15906,1133
29657.150490,2865441471,2865442600,16036,1129
29657.160329,2865449444,2865450573,16054,1129
29657.171525,2865457377,2865458499,15921,1122
29657.180328,2865465305,2865466434,16019,1129
29657.192331,2865473198,2865474331,16071,1133
29657.203085,2865481134,2865482267,15914,1133
29657.212329,2865489093,2865490222,16015,1129
29657.224131,2865497022,2865498150,16062,1128
29657.234646,2865504953,2865506077,15908,1124
29657.244328,2865512921,2865514049,15943,1128
29657.255693,2865520859,2865521990,16052,1131
29657.264331,2865528794,2865529918,15916,1124
29657.276336,2865536764,2865537893,15939,1129
29657.287253,2865544688,2865545821,16071,1133
29657.296330,2865552617,2865553746,15930,1129
29657.308287,2865560541,2865561670,16021,1129
29657.318814,2865568463,2865569596,16093,1133
29657.328327,2865576399,2865577527,15920,1128
29657.339847,2865584352,2865585482,16022,1130
29657.350374,2865592268,2865593397,16042,1129
29657.360328,2865600187,2865601316,15909,1129
29657.371408,2865608111,2865609238,16030,1127
29657.380337,2865616001,2865617132,16082,1131
29657.392330,2865623950,2865625079,15995,1129
29657.402969,2865631873,2865632996,16024,1123
29657.412333,2865639745,2865640874,16070,1129
29657.424004,2865647691,2865648820,15915,1129
29657.434528,2865655610,2865656739,16026,1129
29657.444332,2865663535,2865664663,16074,1128
29657.455565,2865671457,2865672584,15916,1127
29657.464327,2865679378,2865680509,16013,1131
29657.476332,2865687245,2865688374,15986,1129
29657.487125,2865695170,2865696298,15831,1128
29657.496333,2865703113,2865704239,15942,1126
29657.508173,2865711034,2865712163,15982,1129
29657.518686,2865719034,2865720163,15832,1129
29657.528334,2865726967,2865728096,15925,1129
29657.539733,2865734872,2865736002,15982,1130
29657.548331,2865742796,2865743925,15830,1129
29657.560332,2865750743,2865751872,15940,1129
29657.571294,2865758641,2865759763,15987,1122
29657.580332,2865766556,2865767685,15825,1129
29657.592325,2865774477,2865775602,15846,1125
29657.602852,2865782404,2865783533,15948,1129
29657.612333,2865790382,2865791515,15827,1133
29657.623887,2865798312,2865799441,15934,1129
29657.634414,2865806206,2865807335,15999,1129
29657.644328,2865814130,2865815258,15845,1128
29657.655448,2865822081,2865823211,15937,1130
29657.664333,2865829974,2865831103,15982,1129
29657.676330,2865837912,2865839041,15822,1129
29657.687008,2865845823,2865846952,15942,1129
29657.696331,2865853732,2865854858,16037,1126
29657.708044,2865861659,2865862783,15908,1124
29657.718568,2865869626,2865870752,16026,1126
29657.728332,2865877521,2865878647,16071,1126
29657.739613,2865885437,2865886571,15992,1134
29657.748332,2865893347,2865894478,16027,1131
29657.760328,2865901239,2865902371,16069,1132
29657.771165,2865909174,2865910296,15915,1122
29657.780335,2865917139,2865918268,16011,1129
29657.792211,2865925025,2865926154,16059,1129
29657.802726,2865932960,2865934093,15913,1133
29657.812328,2865940893,2865942016,16026,1123
29657.823773,2865948795,2865949928,16070,1133
29657.832330,2865956726,2865957854,15911,1128
29657.844329,2865964651,2865965778,16044,1127
29657.855334,2865972543,2865973674,16062,1131
29657.864331,2865980469,2865981598,15911,1129
29657.876334,2865988414,2865989543,16027,1129
29657.886894,2865996356,2865997479,15954,1123
29657.896328,2866004275,2866005404,15829,1129
29657.907928,2866012224,2866013353,15937,1129
29657.918454,2866020166,2866021292,15992,1126
29657.928327,2866028089,2866029218,15827,1129
29657.939487,2866036017,2866037147,15846,1130
29657.948327,2866043934,2866045066,15943,1132
29657.960330,2866051888,2866053015,15829,1127
29657.971048,2866059813,2866060938,15937,1125
29657.980333,2866067744,2866068872,15983,1128
29657.992085,2866075672,2866076803,15846,1131
29658.002609,2866083609,2866084737,15943,1128
29658.012327,2866091497,2866092629,15983,1132
29658.023645,2866099422,2866100546,15829,1124
29658.032327,2866107341,2866108473,15933,1132
29658.046191,2866113728,2866114491,13867,763
29658.060334,2866119807,2866120437,12075,630
29658.071746,2866124901,2866126017,15995,1116
29658.080328,2866132736,2866133860,15861,1124
29658.092330,2866140642,2866141767,15951,1125
29658.103304,2866148493,2866149610,15976,1117
29658.112329,2866156380,2866157500,15842,1120
29658.124328,2866164257,2866165376,16028,1119
29658.134865,2866172128,2866173261,16081,1133
29658.144331,2866180027,2866181156,15948,1129
29658.155899,2866187930,2866189060,15998,1130
29658.166425,2866195846,2866196966,16063,1120
29658.176328,2866203762,2866204891,15914,1129
29658.187458,2866211682,2866212803,15839,1121
29658.196328,2866219618,2866220747,15955,1129
29658.208330,2866227542,2866228675,15835,1133
29658.219020,2866235487,2866236613,15937,1126
29658.228331,2866243403,2866244526,15970,1123
29658.240056,2866251343,2866252476,15835,1133
29658.250580,2866259275,2866260404,15940,1129
29658.260337,2866267150,2866268278,15983,1128
29658.271617,2866275087,2866276218,15832,1131
29658.280328,2866283032,2866284154,15939,1122
29658.292334,2866290948,2866292077,15963,1129
29658.303179,2866298872,2866300001,15828,1129
29658.312328,2866306830,2866307957,15933,1127
29658.324224,2866314727,2866315856,15993,1129
29658.334745,2866322680,2866323809,15910,1129
29658.344328,2866330634,2866331763,15938,1129
29658.355785,2866338563,2866339693,15976,1130
29658.364331,2866346484,2866347613,15833,1129
29658.376328,2866354397,2866355523,15936,1126
29658.387345,2866362283,2866363404,15977,1121
29658.396333,2866370200,2866371329,15819,1129
29658.408330,2866378126,2866379253,15944,1127
29658.418905,2866386051,2866387183,15977,1132
29658.428327,2866393997,2866395123,15828,1126
29658.439940,2866401984,2866403116,15952,1132
29658.450466,2866409908,2866411037,15980,1129
29658.460334,2866417811,2866418939,15863,1128
29658.471500,2866425725,2866426853,15940,1128
29658.480327,2866433669,2866434798,15960,1129
29658.492331,2866441604,2866442735,15845,1131
29658.503060,2866449534,2866450657,15935,1123
29658.512331,2866457493,2866458621,16065,1128
29658.524098,2866465410,2866466543,15923,1133
29658.534619,2866473321,2866474450,15935,1129
29658.544332,2866479991,2866481093,15564,1102
29658.555657,2866487847,2866488973,15916,1126
29658.564334,2866495736,2866496858,16029,1122
29658.576328,2866503624,2866504745,16063,1121
29658.587217,2866511528,2866512658,15931,1130
29658.596332,2866519458,2866520587,15939,1129
29658.608264,2866527384,2866528516,15998,1132
29658.618780,2866535297,2866536426,15862,1129
29658.628330,2866543224,2866544350,15942,1126
29658.639825,2866551122,2866552248,15949,1126
29658.650339,2866559055,2866560184,15827,1129
29658.660335,2866566988,2866568117,15940,1129
29658.671385,2866574919,2866576047,15978,1128
29658.680333,2866582865,2866583994,15913,1129
29658.692329,2866590794,2866591925,15934,1131
29658.702946,2866598708,2866599834,16064,1126
29658.712331,2866606617,2866607745,15919,1128
29658.723979,2866614545,2866615674,15936,1129
29658.734505,2866622446,2866623575,16062,1129
29658.744328,2866630389,2866631518,15925,1129
29658.755540,2866638314,2866639436,16029,1122
29658.764327,2866646225,2866647352,16064,1127
29658.776327,2866654155,2866655281,15918,1126
29658.787101,2866662104,2866663234,15962,1130
29658.796329,2866670093,2866671220,15974,1127
29658.808136,2866678023,2866679151,15828,1128
29658.818661,2866685944,2866687076,15941,1132
29658.828331,2866693865,2866694994,15979,1129
29658.839697,2866701787,2866702916,15833,1129
29658.848333,2866709713,2866710840,15933,1127
29658.860327,2866717612,2866718741,15980,1129
29658.871258,2866725497,2866726618,15830,1121
29658.880337,2866733399,2866734525,15842,1126
29658.892304,2866741304,2866742436,15961,1132
29658.902818,2866749213,2866750331,15830,1118
29658.912328,2866757097,2866758222,15942,1125
29658.923865,2866764994,2866766114,15971,1120
29658.934378,2866772878,2866774003,15845,1125
29658.944333,2866780820,2866781952,15935,1132
29658.955425,2866788698,2866789826,16071,1128
29658.964328,2866796622,2866797751,15917,1129
29658.976331,2866804544,2866805673,15940,1129
29658.986987,2866812446,2866813564,15991,1118
29658.996334,2866820333,2866821453,15836,1120
29659.008017,2866828224,2866829356,15875,1132
29659.018545,2866836124,2866837246,15975,1122
29659.028331,2866844017,2866845150,15913,1133
29659.039580,2866851982,2866853110,15925,1128
29659.048327,2866859875,2866861004,16052,1129
29659.060332,2866867775,2866868904,15856,1129
29659.071137,2866875678,2866876806,15875,1128
29659.080328,2866883612,2866884744,15982,1132
29659.092177,2866891549,2866892681,15836,1132
29659.102698,2866899482,2866900606,15936,1124
29659.112331,2866907389,2866908513,15965,1124
29659.123737,2866915273,2866916392,15833,1119
29659.132329,2866923230,2866924359,15954,1129
29659.144331,2866931114,2866932243,15982,1129
29659.155300,2866939024,2866940148,15859,1124
29659.164328,2866946944,2866948073,15931,1129
29659.176327,2866954824,2866955945,15979,1121
29659.186860,2866962743,2866963865,15832,1122
29659.196329,2866970644,2866971765,15939,1121
29659.207905,2866978507,2866979632,15979,1125
29659.218418,2866986428,2866987559,15819,1131
29659.228330,2866994356,2866995484,15846,1128
29659.239464,2867002312,2867003440,15957,1128
29659.248329,2867010226,2867011355,15860,1129
29659.260329,2867018143,2867019264,15928,1121
29659.271025,2867026003,2867027124,15980,1121
29659.280331,2867033904,2867035024,15844,1120
29659.292060,2867041833,2867042957,15931,1124
29659.302586,2867049715,2867050843,16055,1128
29659.312330,2867057519,2867058644,15828,1125
29659.323620,2867065432,2867066561,15940,1129
29659.332327,2867073318,2867074443,15945,1125
29659.344329,2867081223,2867082348,15835,1125
29659.355180,2867089130,2867090258,15938,1128
29659.364334,2867097078,2867098210,15982,1132
29659.376224,2867105031,2867106160,15915,1129
29659.386741,2867112955,2867114084,15937,1129
29659.396329,2867120841,2867121969,15997,1128
29659.407777,2867128787,2867129916,15833,1129
29659.416328,2867136697,2867137826,15933,1129
29659.428328,2867144599,2867145728,15980,1129
29659.439338,2867152526,2867153653,15836,1127
29659.448328,2867160450,2867161578,15935,1128
29659.460327,2867168337,2867169466,16065,1129
29659.470899,2867176246,2867177375,15917,1129
29659.480328,2867184149,2867185278,15985,1129
29659.491945,2867192055,2867193182,16065,1127
29659.502458,2867199974,2867201097,15923,1123
29659.512332,2867207888,2867209020,15898,1132
29659.523505,2867215761,2867216886,15946,1125
29659.532333,2867223649,2867224774,15834,1125
29659.544332,2867231526,2867232651,16028,1125
29659.555066,2867239416,2867240547,16063,1131
29659.564328,2867247377,2867248506,15918,1129
29659.576098,2867255285,2867256407,15931,1122
29659.586626,2867263193,2867264317,16048,1124
29659.596327,2867271115,2867272238,15921,1123
29659.607658,2867279018,2867280144,15888,1126
29659.616332,2867286894,2867288023,15978,1129
29659.628333,2867294818,2867295944,15845,1126
29659.639221,2867302740,2867303869,15937,1129
29659.648335,2867310690,2867311817,16031,1127
29659.660257,2867318607,2867319732,15898,1125
29659.670781,2867326515,2867327643,16025,1128
29659.680330,2867334393,2867335514,16097,1121
29659.691820,2867342285,2867343409,15946,1124
29659.702341,2867350297,2867351419,16019,1122
29659.712332,2867358180,2867359301,15977,1121
29659.723385,2867366088,2867367212,15914,1124
29659.732329,2867373985,2867375111,15910,1126
29659.744329,2867381851,2867382975,15978,1124
29659.754938,2867389768,2867390887,15822,1119
29659.764329,2867397669,2867398792,15937,1123
29659.775985,2867405564,2867406693,16069,1129
29659.786499,2867413486,2867414614,15915,1128
29659.796331,2867421438,2867422569,15941,1131
29659.807546,2867429366,2867430498,15977,1132
29659.816328,2867437287,2867438414,15838,1127
29659.828329,2867445234,2867446367,15946,1133
29659.839106,2867453135,2867454264,15980,1129
29659.848331,2867461139,2867462267,15833,1128
29659.860140,2867469058,2867470185,15938,1127
29659.870666,2867476939,2867478070,15981,1131
29659.880333,2867484847,2867485971,15867,1124
29659.891700,2867492766,2867493895,16024,1129
29659.900332,2867500660,2867501782,16064,1122
29659.912328,2867508592,2867509721,15916,1129
29659.923259,2867516500,2867517624,15845,1124
29659.932327,2867524402,2867525534,15960,1132
29659.944297,2867532328,2867533461,15829,1133
29659.954821,2867540254,2867541379,15938,1125
29659.964334,2867548141,2867549265,15959,1124
29659.975857,2867556036,2867557161,15840,1125
29659.986382,2867563945,2867565075,15931,1130
29659.996333,2867571890,2867573018,15965,1128
29660.007418,2867579795,2867580924,15832,1129
29660.016327,2867587697,2867588823,15928,1126
29660.028332,2867595606,2867596734,15944,1128
29660.038978,2867603522,2867604651,15827,1129
29660.048328,2867611412,2867612533,15938,1121
29660.060025,2867619268,2867620400,15976,1132
29660.070547,2867627167,2867628299,15907,1132
29660.080329,2867635085,2867636210,15944,1125
29660.091585,2867642976,2867644102,15961,1126
29660.100331,2867650901,2867652023,15837,1122
29660.112331,2867658802,2867659927,15936,1125
29660.123147,2867666691,2867667823,16014,1132
29660.132333,2867674634,2867675763,15857,1129
29660.144180,2867682544,2867683666,15935,1122
29660.154706,2867690425,2867691548,15992,1123
29660.164331,2867698312,2867699437,15834,1125
29660.175741,2867706221,2867707349,15956,1128
29660.184329,2867714109,2867715229,15996,1120
29660.196328,2867722038,2867723166,15834,1128
29660.207301,2867729966,2867731094,15935,1128
29660.216331,2867737914,2867739046,15977,1132
29660.228328,2867745819,2867746939,15918,1120
29660.238861,2867753724,2867754853,16024,1129
29660.248335,2867761612,2867762737,16056,1125
29660.259898,2867769507,2867770635,15920,1128
29660.270420,2867777452,2867778580,15933,1128
29660.280329,2867785356,2867786477,16055,1121
29660.291458,2867793247,2867794372,15924,1125
29660.300329,2867801157,2867802279,16026,1122
29660.312331,2867809012,2867810137,16055,1125
29660.323018,2867816920,2867818045,15932,1125
29660.332332,2867824819,2867825948,15912,1129
29660.344065,2867832700,2867833826,15980,1126
29660.354579,2867840613,2867841739,15829,1126
29660.364330,2867848496,2867849627,15939,1131
29660.375626,2867856398,2867857526,15943,1128
29660.384329,2867864334,2867865461,15835,1127
29660.396329,2867872265,2867873394,15934,1129
29660.407186,2867880142,2867881262,15981,1120
29660.416332,2867888092,2867889218,15909,1126
29660.428220,2867896012,2867897143,15936,1131
29660.438746,2867903912,2867905040,15976,1128
29660.448327,2867911841,2867912967,15922,1126
29660.459780,2867919751,2867920879,16024,1128
29660.468328,2867927643,2867928772,16047,1129
29660.480331,2867935552,2867936675,15908,1123
29660.491341,2867943437,2867944566,16026,1129
29660.500333,2867951323,2867952446,16071,1123
29660.512331,2867959241,2867960370,15921,1129
29660.522903,2867967123,2867968252,16034,1129
29660.532329,2867975010,2867976135,16015,1125
29660.543938,2867982926,2867984051,15826,1125
29660.554459,2867990823,2867991951,15961,1128
29660.564333,2867998716,2867999845,16051,1129
29660.575499,2868006643,2868007771,15922,1128
29660.584331,2868014562,2868015682,16018,1120
29660.596334,2868022481,2868023607,16064,1126
29660.607059,2868030402,2868031529,15916,1127
29660.616328,2868038319,2868039448,15930,1129
29660.628105,2868046240,2868047364,16046,1124
29660.638619,2868054157,2868055281,15919,1124
29660.648333,2868062049,2868063174,16025,1125
29660.659667,2868069946,2868071071,16087,1125
29660.668328,2868077854,2868078985,15835,1131
29660.680335,2868085747,2868086865,15938,1118
29660.691227,2868093603,2868094732,15972,1129
29660.700329,2868101509,2868102631,15862,1122
29660.712264,2868109407,2868110532,15980,1125
29660.722787,2868117308,2868118437,15897,1129
29660.732333,2868125235,2868126356,15815,1121
29660.743823,2868133158,2868134286,15971,1128
29660.754345,2868141075,2868142196,15918,1121
29660.764328,2868148986,2868150111,15916,1125
29660.775383,2868156888,2868158008,15950,1120
29660.784334,2868164800,2868165927,15948,1127
29660.796328,2868172703,2868173835,15873,1132
29660.806941,2868180631,2868181759,15939,1128
29660.816330,2868188535,2868189664,15959,1129
29660.827979,2868196461,2868197590,15844,1129
29660.838501,2868204366,2868205490,15938,1124
29660.848328,2868212285,2868213416,15962,1131
29660.859539,2868220231,2868221363,15842,1132
29660.868335,2868228157,2868229290,15955,1133
29660.880335,2868236054,2868237178,15964,1124
29660.891102,2868243932,2868245059,15876,1127
29660.900329,2868251879,2868253001,15929,1122
29660.912144,2868259746,2868260878,15964,1132
29660.922659,2868267646,2868268771,15842,1125
29660.932331,2868275527,2868276651,15932,1124
29660.943706,2868283400,2868284527,15969,1127
29660.952330,2868291295,2868292420,15845,1125
29660.964329,2868299172,2868300292,15855,1120
29660.975265,2868307062,2868308195,15948,1133
29660.984332,2868314984,2868316107,15848,1123
29660.996300,2868322881,2868324005,15941,1124
29661.006826,2868330738,2868331859,15958,1121
29661.016330,2868338640,2868339767,15853,1127
29661.027860,2868346569,2868347700,15928,1131
29661.038386,2868354457,2868355578,15968,1121
29661.048329,2868362360,2868363481,15844,1121
29661.059421,2868370258,2868371383,15939,1125
29661.068332,2868378144,2868379273,15917,1129
29661.080331,2868386057,2868387180,15847,1123
29661.090981,2868393959,2868395087,15936,1128
29661.100334,2868401845,2868402975,15958,1130
29661.112026,2868409747,2868410876,15912,1129
29661.122543,2868417654,2868418779,15938,1125
29661.132332,2868425515,2868426643,15966,1128
29661.143580,2868433562,2868434683,15810,1121
29661.152328,2868441459,2868442584,15940,1125
29661.164336,2868449325,2868450457,16071,1132
29661.175139,2868457230,2868458354,15904,1124
29661.184333,2868465143,2868466270,15975,1127
29661.196187,2868473010,2868474131,16095,1121
29661.206700,2868480893,2868482018,15919,1125
29661.216327,2868488782,2868489902,16040,1120
29661.227746,2868496663,2868497792,16109,1129
29661.236332,2868504569,2868505694,15915,1125
29661.248331,2868512496,2868513623,16024,1127
29661.259306,2868520384,2868521509,16051,1125
29661.268331,2868528294,2868529423,15924,1129
29661.280329,2868536187,2868537311,16023,1124
29661.290867,2868544047,2868545168,16064,1121
29661.300327,2868551954,2868553075,15922,1121
29661.311900,2868559869,2868560997,15930,1128
29661.322427,2868567793,2868568922,16049,1129
29661.332336,2868575701,2868576822,15919,1121
29661.343461,2868583603,2868584727,16027,1124
29661.352332,2868591483,2868592608,15969,1125
29661.364335,2868599375,2868600496,15857,1121
29661.375021,2868607259,2868608383,15928,1124
29661.384328,2868615157,2868616277,15948,1120
29661.396058,2868623032,2868624155,15842,1123
29661.406582,2868630909,2868632033,15936,1124
29661.416330,2868638800,2868639927,15933,1127
29661.427621,2868646685,2868647814,15876,1129
29661.436330,2868654635,2868655764,15940,1129
29661.448330,2868662501,2868663622,15965,1121
29661.459185,2868670408,2868671533,15996,1125
29661.468330,2868678308,2868679433,16019,1125
29661.480224,2868686197,2868687322,16024,1125
29661.490740,2868694109,2868695236,15930,1127
29661.500331,2868702025,2868703150,16024,1125
29661.511785,2868709907,2868711032,16053,1125
29661.520332,2868717797,2868718922,15928,1125
29661.532332,2868725698,2868726827,16022,1129
29661.543345,2868733588,2868734717,16054,1129
29661.552330,2868741538,2868742669,15845,1131
29661.564329,2868749446,2868750577,15956,1131
29661.574906,2868757330,2868758455,15964,1125
29661.584329,2868765223,2868766354,15841,1131
29661.595941,2868773152,2868774272,15932,1120
29661.606466,2868781013,2868782142,15970,1129
29661.616331,2868788916,2868790036,15850,1120
29661.627501,2868796834,2868797957,15936,1123
29661.636329,2868804714,2868805833,15958,1119
29661.648326,2868812592,2868813713,15842,1121
29661.659060,2868820471,2868821596,15858,1125
29661.668330,2868828443,2868829572,15943,1129
29661.680098,2868836360,2868837485,15835,1125
29661.690622,2868844274,2868845393,15940,1119
29661.700329,2868852141,2868853268,15965,1127
29661.711658,2868860053,2868861173,15841,1120
29661.720333,2868867948,2868869075,15880,1127
29661.732329,2868875805,2868876924,15946,1119
29661.743220,2868883676,2868884801,15838,1125
29661.752331,2868891560,2868892684,15940,1124
29661.764266,2868899449,2868900576,15944,1127
29661.774783,2868907358,2868908490,15855,1132
29661.784332,2868915253,2868916377,15935,1124
29661.795826,2868923144,2868924272,15952,1128
29661.806347,2868931046,2868932170,15908,1124
29661.816329,2868938962,2868940086,15934,1124
29661.827389,2868946902,2868948023,15978,1121
29661.836334,2868954836,2868955959,15831,1123
29661.848328,2868962754,2868963883,15936,1129
29661.858947,2868970638,2868971763,15982,1125
29661.868331,2868978516,2868979638,15826,1122
29661.879981,2868986401,2868987526,15941,1125
29661.890507,2868994256,2868995380,15969,1124
29661.900328,2869002167,2869003289,15835,1122
29661.911543,2869010056,2869011177,15951,1121
29661.920331,2869017923,2869019051,15979,1128
29661.932331,2869025833,2869026954,15834,1121
29661.943102,2869033713,2869034837,15930,1124
29661.952329,2869041640,2869042760,15980,1120
29661.964140,2869049647,2869050767,15847,1120
29661.974662,2869057546,2869058675,15909,1129
29661.984329,2869065417,2869066537,16054,1120
29661.995701,2869073301,2869074429,15965,1128
29662.004336,2869081199,2869082317,15954,1118
29662.016327,2869089076,2869090202,16032,1126
29662.027259,2869096969,2869098094,15931,1125
29662.036327,2869104875,2869106000,16014,1125
29662.048306,2869112947,2869114073,15965,1126
29662.058820,2869120891,2869122016,15851,1125
29662.068332,2869128834,2869129960,15941,1126
29662.079865,2869136700,2869137825,16054,1125
29662.090380,2869144585,2869145701,15930,1116
29662.100330,2869152466,2869153588,16022,1122
29662.111426,2869160332,2869161460,16016,1128
29662.120332,2869168220,2869169338,15930,1118
29662.132333,2869176106,2869177237,16031,1131
29662.142986,2869184006,2869185131,16044,1125
29662.152332,2869191896,2869193017,15994,1121
29662.164014,2869199752,2869200871,16038,1119
29662.174548,2869207601,2869208724,16031,1123
29662.184327,2869215496,2869216623,15920,1127
29662.195582,2869223390,2869224515,16027,1125
29662.204334,2869231250,2869232375,16070,1125
29662.216328,2869239130,2869240249,15919,1119
29662.227143,2869247054,2869248186,16022,1132
29662.236333,2869254952,2869256083,16036,1131
29662.248179,2869262951,2869264076,15895,1125
29662.258707,2869271122,2869272253,16063,1131
29662.268329,2869279048,2869280171,15926,1123
29662.279739,2869286934,2869288059,15843,1125
29662.288335,2869294817,2869295942,15966,1125
29662.300329,2869302768,2869303894,15909,1126
29662.311299,2869310721,2869311850,15826,1129
29662.320330,2869318669,2869319790,16002,1121
29662.332335,2869326632,2869327753,15644,1121
29662.342863,2869334581,2869335712,15865,1131
29662.352327,2869342475,2869343596,15930,1121
29662.363907,2869350400,2869351525,15659,1125
29662.374420,2869358326,2869359455,15844,1129
29662.384333,2869366221,2869367346,15982,1125
29662.395467,2869374123,2869375254,15907,1131
29662.404331,2869382095,2869383223,15827,1128
29662.416328,2869390036,2869391168,15949,1132
29662.427028,2869397965,2869399085,15915,1120
29662.436330,2869405866,2869406997,15861,1131
29662.448067,2869413904,2869415036,15652,1132
29662.458588,2869422020,2869423146,15905,1126
29662.468335,2869429933,2869431061,15860,1128
29662.479627,2869437853,2869438980,15946,1127
29662.488328,2869445778,2869446910,15909,1132
29662.500334,2869453691,2869454820,15905,1129
29662.511187,2869461645,2869462773,15985,1128
29662.520329,2869469581,2869470709,15959,1128
29662.532219,2869477504,2869478629,15831,1125
29662.542742,2869485410,2869486539,15937,1129
29662.552328,2869493287,2869494412,15984,1125
29662.563779,2869501186,2869502311,15830,1125
29662.572328,2869509077,2869510202,15930,1125
29662.584331,2869516942,2869518066,16062,1124
29662.595340,2869524840,2869525961,15913,1121
29662.604333,2869532722,2869533854,16042,1132
29662.616329,2869540597,2869541712,16069,1115
29662.626900,2869548479,2869549606,15915,1127
29662.636332,2869556359,2869557483,16026,1124
29662.647947,2869564211,2869565336,16068,1125
29662.658461,2869572117,2869573244,15911,1127
29662.668329,2869580004,2869581124,16025,1120
29662.679508,2869587863,2869588981,16061,1118
29662.688328,2869595769,2869596892,15921,1123
29662.700331,2869603645,2869604762,15928,1117
29662.711068,2869611525,2869612646,16056,1121
29662.720331,2869619444,2869620570,15919,1126
29662.732101,2869627367,2869628496,16024,1129
29662.742628,2869635234,2869636359,16039,1125
29662.752334,2869643119,2869644238,15930,1119
29662.763662,2869650997,2869652116,16027,1119
29662.772330,2869658849,2869659974,16070,1125
29662.784327,2869666737,2869667861,15835,1124
29662.795223,2869674624,2869675749,15940,1125
29662.804330,2869682529,2869683647,15953,1118
29662.816259,2869690406,2869691525,15829,1119
29662.826783,2869698278,2869699402,15944,1124
29662.836329,2869706175,2869707296,15968,1121
29662.847827,2869714059,2869715180,15907,1121
29662.858341,2869721958,2869723086,15881,1128
29662.868332,2869729877,2869731002,15969,1125
29662.879380,2869737758,2869738883,15829,1125
29662.888331,2869745651,2869746776,15949,1125
29662.900328,2869753540,2869754658,15966,1118
29662.910940,2869761412,2869762530,15826,1118
29662.920328,2869769286,2869770404,15938,1118
29662.931987,2869777181,2869778301,15966,1120
29662.942500,2869785074,2869786199,15825,1125
29662.952327,2869792958,2869794081,15929,1123
29662.963547,2869800858,2869801986,15966,1128
29662.972336,2869808750,2869809881,15865,1131
29662.984332,2869816625,2869817753,15927,1128
29662.995107,2869824532,2869825653,15953,1121
29663.004334,2869832425,2869833550,15847,1125
29663.016142,2869840309,2869841439,15904,1130
29663.026667,2869848204,2869849328,15950,1124
29663.036330,2869856088,2869857213,15839,1125
29663.047700,2869863968,2869865093,15858,1125
29663.056328,2869871845,2869872963,15957,1118
29663.068328,2869879719,2869880838,15844,1119
29663.079263,2869887604,2869888727,15918,1123
29663.088327,2869895477,2869896602,15952,1125
29663.100299,2869903360,2869904481,15860,1121
29663.110823,2869911238,2869912356,15944,1118
29663.120333,2869919129,2869920248,15952,1119
29663.131859,2869927012,2869928136,15842,1124
29663.142384,2869934891,2869936012,15942,1121
29663.152330,2869942776,2869943897,15939,1121
29663.163420,2869950663,2869951788,15842,1125
29663.172329,2869958551,2869959675,15936,1124
29663.184333,2869966435,2869967558,15984,1123
29663.194987,2869974333,2869975449,15910,1116
29663.204328,2869982249,2869983373,15941,1124
29663.216026,2869990130,2869991249,15954,1119
29663.226540,2869998010,2869999131,15845,1121
29663.236328,2870005886,2870007011,15931,1125
29663.247585,2870013779,2870014900,15954,1121
29663.256335,2870021669,2870022794,15842,1125
29663.268335,2870029556,2870030679,15938,1123
29663.279147,2870037440,2870038563,15940,1123
29663.288335,2870045347,2870046470,15846,1123
29663.300184,2870053245,2870054368,15950,1123
29663.310707,2870061152,2870062276,15959,1124
29663.320327,2870069049,2870070173,15826,1124
29663.331742,2870076929,2870078052,15942,1123
29663.340330,2870084817,2870085937,15953,1120
29663.352328,2870092699,2870093820,15840,1121
29663.363303,2870100593,2870101714,15949,1121
29663.372334,2870108479,2870109600,15958,1121
29663.384335,2870116386,2870117507,15821,1121
29663.394864,2870124293,2870125413,15868,1120
29663.404331,2870132187,2870133305,15959,1118
29663.415902,2870140075,2870141201,15867,1126
29663.426421,2870147982,2870149109,15877,1127
29663.436333,2870155871,2870157000,15952,1129
29663.447461,2870163792,2870164910,15863,1118
29663.456332,2870171689,2870172810,15941,1121
29663.468336,2870179566,2870180686,15960,1120
29663.479021,2870187472,2870188597,15853,1125
29663.488327,2870195355,2870196483,15910,1128
29663.500066,2870203278,2870204401,15937,1123
29663.510584,2870211180,2870212306,15874,1126
29663.520336,2870219093,2870220218,15933,1125
29663.531627,2870226972,2870228093,15957,1121
29663.540330,2870234853,2870235974,15912,1121
29663.552329,2870242727,2870243845,15945,1118
29663.563187,2870250600,2870251718,15953,1118
29663.572330,2870258477,2870259602,15846,1125
29663.584223,2870266349,2870267473,15923,1124
29663.594749,2870274323,2870275447,15973,1124
29663.604331,2870282203,2870283323,15833,1120
29663.615783,2870290082,2870291197,15946,1115
29663.624331,2870297955,2870299080,15963,1125
29663.636329,2870305839,2870306964,15834,1125
29663.647345,2870313731,2870314852,15962,1121
29663.656333,2870321619,2870322745,15963,1126
29663.668329,2870329501,2870330626,15825,1125
29663.678903,2870337380,2870338504,15942,1124
29663.688328,2870345267,2870346392,15967,1125
29663.699940,2870353149,2870354272,15819,1123
29663.710464,2870361030,2870362155,15941,1125
29663.720330,2870368923,2870370055,15967,1132
29663.731501,2870376831,2870377959,15828,1128
29663.740331,2870384711,2870385831,15850,1120
29663.752333,2870392584,2870393702,15964,1118
29663.763061,2870400468,2870401593,15830,1125
29663.772327,2870408396,2870409517,15949,1121
29663.784108,2870416264,2870417389,15969,1125
29663.794615,2870424139,2870425262,15807,1123
29663.804327,2870432055,2870433174,15938,1119
29663.815669,2870439903,2870441020,15988,1117
29663.824332,2870447782,2870448902,15828,1120
29663.836331,2870455678,2870456794,15939,1116
29663.847229,2870463554,2870464675,15951,1121
29663.856328,2870471442,2870472558,15828,1116
29663.868262,2870479312,2870480437,15940,1125
29663.878789,2870487201,2870488325,15967,1124
29663.888327,2870495131,2870496250,15881,1119
29663.899823,2870503006,2870504128,15948,1122
29663.910349,2870510892,2870512013,15966,1121
29663.920333,2870518776,2870519894,15830,1118
29663.931384,2870526663,2870527782,15941,1119
29663.940331,2870534539,2870535660,15971,1121
29663.952329,2870542420,2870543544,15832,1124
29663.962944,2870550299,2870551424,15948,1125
29663.972330,2870558182,2870559311,15967,1129
29663.983980,2870566071,2870567196,15835,1125
29663.994506,2870573950,2870575073,15968,1123
29664.004329,2870581848,2870582973,16058,1125
29664.015540,2870589734,2870590843,15920,1109
29664.024334,2870597602,2870598721,16034,1119
29664.036338,2870605481,2870606602,16045,1121
29664.047101,2870613362,2870614481,15923,1119
29664.056329,2870621263,2870622384,16025,1121
29664.068147,2870629137,2870630255,16048,1118
29664.078665,2870637020,2870638143,15946,1123
29664.088331,2870644913,2870646036,15939,1123
29664.099709,2870652793,2870653912,16056,1119
29664.108332,2870660704,2870661825,15918,1121
29664.120335,2870668578,2870669696,16028,1118
29664.131268,2870676453,2870677578,16053,1125
29664.140330,2870684336,2870685457,15932,1121
29664.152302,2870692206,2870693322,16029,1116
29664.162829,2870700081,2870701197,16055,1116
29664.172333,2870707952,2870709072,15924,1120
29664.183863,2870715829,2870716954,16031,1125
29664.194391,2870723716,2870724839,16037,1123
29664.204330,2870731607,2870732725,15918,1118
29664.215423,2870739483,2870740606,16028,1123
29664.224329,2870747360,2870748485,16053,1125
29664.236329,2870755242,2870756360,15995,1118
29664.246984,2870763111,2870764226,16019,1115
29664.256328,2870770983,2870772104,16053,1121
29664.268020,2870778895,2870780020,15919,1125
29664.278544,2870786770,2870787891,16026,1121
29664.288328,2870794638,2870795754,16060,1116
29664.299580,2870802514,2870803637,15921,1123
29664.308328,2870810394,2870811521,16031,1127
29664.320332,2870818288,2870819407,16054,1119
29664.331141,2870826178,2870827301,15920,1123
29664.340328,2870834083,2870835202,16047,1119
29664.352188,2870841953,2870843078,16058,1125
29664.362703,2870849840,2870850961,15919,1121
29664.372329,2870857711,2870858829,16029,1118
29664.383748,2870865584,2870866709,16060,1125
29664.392329,2870873470,2870874589,15917,1119
29664.404328,2870881338,2870882456,16033,1118
29664.415309,2870889231,2870890340,16044,1109
29664.424328,2870897087,2870898211,15918,1124
29664.436329,2870904963,2870906082,15937,1119
29664.446869,2870912848,2870913972,16057,1124
29664.456333,2870920730,2870921846,15917,1116
29664.467903,2870928603,2870929724,16031,1121
29664.478430,2870936471,2870937596,16057,1125
29664.488328,2870944351,2870945469,15933,1118
29664.499463,2870952239,2870953359,16030,1120
29664.508327,2870960124,2870961243,16054,1119
29664.520334,2870968002,2870969121,15917,1119
29664.531024,2870975897,2870977013,16029,1116
29664.540335,2870983771,2870984891,16042,1120
29664.552061,2870991650,2870992768,15922,1118
29664.562584,2870999521,2871000644,16034,1123
29664.572328,2871007398,2871008519,16057,1121
29664.583628,2871015281,2871016406,15998,1125
29664.592329,2871023164,2871024282,16033,1118
29664.604329,2871031029,2871032150,16045,1121
29664.615181,2871038902,2871040018,15935,1116
29664.624333,2871046801,2871047921,16021,1120
29664.636226,2871054684,2871055805,16058,1121
29664.646741,2871062568,2871063691,15907,1123
29664.656328,2871070447,2871071568,16035,1121
29664.667788,2871078325,2871079450,16052,1125
29664.676331,2871086209,2871087328,15921,1119
29664.688328,2871094088,2871095213,16045,1125
29664.699349,2871101966,2871103085,16056,1119
29664.708332,2871109844,2871110969,15918,1125
29664.720329,2871117749,2871118870,16029,1121
29664.730909,2871125626,2871126736,16057,1110
29664.740331,2871133497,2871134618,15922,1121
29664.751943,2871141382,2871142507,16028,1125
29664.762470,2871149255,2871150379,16060,1124
29664.772333,2871157138,2871158262,15921,1124
29664.783503,2871165014,2871166138,15942,1124
29664.792334,2871172916,2871174043,16055,1127
29664.804329,2871180801,2871181921,15920,1120
29664.815062,2871188709,2871189827,15931,1118
29664.824334,2871196614,2871197735,15972,1121
29664.836101,2871204490,2871205611,15846,1121
29664.846625,2871212376,2871213495,15942,1119
29664.856333,2871220245,2871221364,15969,1119
29664.867663,2871228117,2871229235,15830,1118
29664.876334,2871235990,2871237115,15935,1125
29664.888329,2871243867,2871244991,15952,1124
29664.899222,2871251746,2871252866,15837,1120
29664.908331,2871259648,2871260771,15943,1123
29664.920268,2871267530,2871268648,15970,1118
29664.930789,2871275414,2871276534,15912,1120
29664.940329,2871283298,2871284423,15888,1125
29664.951829,2871291176,2871292295,15968,1119
29664.962342,2871299045,2871300166,15828,1121
29664.972330,2871306918,2871308036,15947,1118
29664.983388,2871314795,2871315919,15969,1124
29664.992332,2871322663,2871323784,15822,1121
29665.004328,2871330539,2871331660,15947,1121
29665.014949,2871338415,2871339538,15968,1123
29665.024330,2871346310,2871347428,15835,1118
29665.035985,2871354193,2871355317,15965,1124
29665.046510,2871362079,2871363198,15965,1119
29665.056331,2871369953,2871371078,15866,1125
29665.067544,2871377855,2871378973,15945,1118
29665.076334,2871385738,2871386861,15968,1123
29665.088330,2871393622,2871394743,15835,1121
29665.099104,2871401500,2871402622,15930,1122
29665.108330,2871409401,2871410519,15957,1118
29665.120143,2871417272,2871418404,15853,1132
29665.130663,2871425175,2871426300,15850,1125
29665.140332,2871433049,2871434173,15968,1124
29665.151701,2871440932,2871442057,15827,1125
29665.160329,2871448825,2871449949,15949,1124
29665.172327,2871456708,2871457829,15966,1121
29665.183262,2871464576,2871465702,15850,1126
29665.192329,2871472468,2871473586,15938,1118
29665.204308,2871480346,2871481465,15968,1119
29665.214822,2871488224,2871489346,15824,1122
29665.224327,2871496138,2871497259,15939,1121
29665.235869,2871504010,2871505134,16044,1124
29665.246383,2871511897,2871513015,15919,1118
29665.256331,2871519769,2871520889,16014,1120
29665.267429,2871527650,2871528775,16057,1125
29665.276336,2871535531,2871536654,15997,1123
29665.288330,2871543408,2871544529,16031,1121
29665.298990,2871551284,2871552404,16056,1120
29665.308327,2871559173,2871560289,15906,1116
29665.320024,2871567039,2871568157,16034,1118
29665.330549,2871574914,2871576032,16062,1118
29665.340336,2871582814,2871583932,15923,1118
29665.351584,2871590695,2871591816,16037,1121
29665.360329,2871598576,2871599701,16054,1125
29665.372326,2871606462,2871607583,15920,1121
29665.383147,2871614344,2871615469,16044,1125
29665.392332,2871622248,2871623367,16059,1119
29665.404181,2871630114,2871631239,15916,1125
29665.414705,2871638002,2871639124,16034,1122
29665.424331,2871645883,2871647006,16056,1123
29665.435741,2871653781,2871654906,15921,1125
29665.444331,2871661665,2871662786,16030,1121
29665.456334,2871669549,2871670673,16054,1124
29665.467302,2871677440,2871678556,15922,1116
29665.476329,2871685307,2871686431,15935,1124
29665.488328,2871693182,2871694303,16058,1121
29665.498864,2871701049,2871702173,15922,1124
29665.508334,2871708926,2871710050,16033,1124
29665.519909,2871716806,2871717927,16051,1121
29665.530422,2871724679,2871725795,15922,1116
29665.540327,2871732554,2871733675,16033,1121
29665.551469,2871740426,2871741547,16056,1121
29665.560328,2871748310,2871749428,15920,1118
29665.572330,2871756177,2871757301,16034,1124
29665.583030,2871764057,2871765180,16041,1123
29665.592327,2871771941,2871773065,15920,1124
29665.604064,2871779814,2871780932,16037,1118
29665.614591,2871787696,2871788818,16056,1122
29665.624335,2871795581,2871796699,15998,1118
29665.635626,2871803466,2871804587,16030,1121
29665.644330,2871811348,2871812466,16057,1118
29665.656329,2871819219,2871820338,15921,1119
29665.667185,2871827094,2871828215,16022,1121
29665.676328,2871834998,2871836116,16060,1118
29665.688221,2871842880,2871844000,15921,1120
29665.698745,2871850752,2871851872,16033,1120
29665.708332,2871858634,2871859753,16057,1119
29665.719781,2871866504,2871867622,15920,1118
29665.728329,2871874379,2871875498,16053,1119
29665.740331,2871882260,2871883385,16033,1125
29665.751344,2871890177,2871891301,15933,1124
29665.760327,2871898052,2871899176,16031,1124
29665.772329,2871905943,2871907072,16055,1129
29665.782902,2871913829,2871914950,15927,1121
29665.792328,2871921708,2871922832,16031,1124
29665.803949,2871929581,2871930705,16051,1124
29665.814463,2871937466,2871938583,15936,1117
29665.824330,2871945348,2871946473,15937,1125
29665.835510,2871953239,2871954364,16110,1125
29665.844334,2871961130,2871962249,15922,1119
29665.856330,2871969009,2871970125,16033,1116
29665.867072,2871976881,2871978000,16056,1119
29665.876332,2871984808,2871985928,15933,1120
29665.888103,2871992684,2871993808,16031,1124
29665.898630,2872000562,2872001682,16062,1120
29665.908329,2872008433,2872009554,15920,1121
29665.919664,2872016311,2872017432,16031,1121
29665.928331,2872024187,2872025311,16029,1124
29665.940334,2872032065,2872033188,15910,1123
29665.951225,2872039942,2872041063,16035,1121
29665.960328,2872047818,2872048937,16056,1119
29665.972268,2872055687,2872056811,15996,1124
29665.982785,2872063581,2872064702,16028,1121
29665.992330,2872071469,2872072592,16052,1123
29666.003823,2872079343,2872080462,15918,1119
29666.014346,2872087221,2872088339,16032,1118
29666.024328,2872095097,2872096218,16056,1121
29666.035382,2872102979,2872104093,15914,1114
29666.044332,2872110874,2872111998,16026,1124
29666.056327,2872118759,2872119883,16057,1124
29666.066943,2872126646,2872127770,15917,1124
29666.076328,2872134533,2872135654,16049,1121
29666.087989,2872142397,2872143522,16060,1125
29666.098502,2872150273,2872151393,15917,1120
29666.108329,2872158145,2872159269,16031,1124
29666.119550,2872166028,2872167149,16058,1121
29666.128329,2872173899,2872175022,15925,1123
29666.140334,2872181781,2872182904,16027,1123
29666.151110,2872189655,2872190776,16057,1121
29666.160327,2872197580,2872198703,15920,1123
29666.172142,2872205462,2872206587,15934,1125
29666.182670,2872213349,2872214473,16060,1124
29666.192328,2872221222,2872222340,15924,1118
29666.203704,2872229089,2872230208,16033,1119
29666.212330,2872236969,2872238091,16058,1122
29666.224332,2872244855,2872245976,15935,1121
29666.235265,2872252728,2872253847,16031,1119
29666.244333,2872260625,2872261743,16115,1118
29666.256301,2872268503,2872269627,15919,1124
29666.266825,2872276384,2872277508,16022,1124
29666.276328,2872284263,2872285381,16043,1118
29666.287862,2872292160,2872293283,15909,1123
29666.298386,2872300029,2872301153,16026,1124
29666.308329,2872307914,2872309037,16057,1123
29666.319430,2872315796,2872316920,15998,1124
29666.328330,2872323679,2872324802,16036,1123
29666.340329,2872331565,2872332686,16057,1121
29666.350982,2872339442,2872340558,15921,1116
29666.360329,2872347317,2872348435,16026,1118
29666.372028,2872355189,2872356308,16055,1119
29666.382543,2872363058,2872364179,15920,1121
29666.392328,2872370927,2872372051,16022,1124
29666.403590,2872378801,2872379926,16061,1125
29666.412329,2872386673,2872387789,15912,1116
29666.424328,2872394562,2872395682,16052,1120
29666.435150,2872402421,2872403544,16050,1123
29666.444328,2872410322,2872411441,15922,1119
29666.456185,2872418227,2872419351,16035,1124
29666.466711,2872426138,2872427254,16057,1116
29666.476336,2872434014,2872435138,15919,1124
29666.487745,2872441901,2872443026,16036,1125
29666.496333,2872449782,2872450902,16044,1120
29666.508334,2872457658,2872458777,15921,1119
29666.519303,2872465524,2872466645,15937,1121
29666.528328,2872473402,2872474526,16056,1124
29666.540334,2872481283,2872482401,15920,1118
29666.550865,2872489167,2872490290,16033,1123
29666.560327,2872497044,2872498164,16048,1120
29666.571901,2872504921,2872506040,15936,1119
29666.582425,2872512796,2872513921,16025,1125
29666.592337,2872520665,2872521784,16057,1119
29666.603462,2872528542,2872529661,15922,1119
29666.612334,2872536411,2872537530,16031,1119
29666.624328,2872544290,2872545411,16042,1121
29666.635022,2872552167,2872553291,15920,1124
29666.644328,2872560071,2872561189,16019,1118
29666.656072,2872567987,2872569108,16057,1121
29666.666590,2872575877,2872576998,15988,1121
29666.676327,2872583763,2872584888,16035,1125
29666.687630,2872591650,2872592769,16060,1119
29666.696331,2872599519,2872600644,15911,1125
29666.708332,2872607398,2872608513,16033,1115
29666.719189,2872615264,2872616389,16063,1125
29666.728328,2872623175,2872624293,15918,1118
29666.740224,2872631053,2872632172,16022,1119
29666.750750,2872638922,2872640046,16056,1124
29666.760328,2872646807,2872647932,15921,1125
29666.771786,2872654688,2872655809,16037,1121
29666.780330,2872662560,2872663681,16053,1121
29666.792329,2872670431,2872671549,15914,1118
29666.803345,2872678311,2872679427,16035,1116
29666.812329,2872686194,2872687317,16054,1123
29666.824332,2872694097,2872695220,15922,1123
29666.834905,2872701969,2872703088,16029,1119
29666.844329,2872709847,2872710965,16058,1118
29666.855942,2872717732,2872718855,15917,1123
29666.866464,2872725620,2872726744,15940,1124
29666.876333,2872733505,2872734630,16056,1125
29666.887502,2872741377,2872742495,15917,1118
29666.896329,2872749238,2872750363,16034,1125
29666.908337,2872757117,2872758242,16058,1125
29666.919062,2872764999,2872766124,15934,1125
29666.928326,2872772915,2872774033,16030,1118
29666.940109,2872780788,2872781907,16051,1119
29666.950623,2872788662,2872789786,15919,1124
29666.960329,2872796540,2872797660,16019,1120
29666.971670,2872804444,2872805569,16047,1125
29666.980329,2872812324,2872813443,15921,1119
29666.992327,2872820206,2872821325,16036,1119
29667.003230,2872828088,2872829209,16055,1121
29667.012334,2872835997,2872837120,15997,1123
29667.024265,2872843873,2872844997,16027,1124
29667.034791,2872851753,2872852876,16056,1123
29667.060332,2872865044,2872865673,11979,629
29667.070862,2872869084,2872869712,12097,628
29667.080328,2872875204,2872876321,15919,1117
29667.091891,2872883064,2872884182,15847,1118
29667.102417,2872890936,2872892061,15957,1125
29667.112327,2872898812,2872899930,15915,1118
29667.123451,2872906682,2872907806,15864,1124
29667.132329,2872914559,2872915677,15983,1118
29667.144328,2872922439,2872923563,15916,1124
29667.155011,2872930315,2872931436,15830,1121
29667.164328,2872938187,2872939308,15983,1121
29667.176056,2872946055,2872947175,15907,1120
29667.186572,2872953924,2872955045,15861,1121
29667.196329,2872961797,2872962919,15981,1122
29667.207618,2872969673,2872970794,15911,1121
29667.216331,2872977544,2872978663,15849,1119
29667.228329,2872985411,2872986530,15959,1119
29667.239176,2872993275,2872994400,15915,1125
29667.248329,2873001187,2873002307,15862,1120
29667.260217,2873009061,2873010186,15983,1125
29667.270742,2873016950,2873018075,15910,1125
29667.280327,2873024836,2873025961,15832,1125
29667.291777,2873032719,2873033840,15982,1121
29667.300329,2873040586,2873041704,15921,1118
29667.312336,2873048468,2873049586,15829,1118
29667.323339,2873056342,2873057461,15996,1119
29667.332333,2873064213,2873065337,15919,1124
29667.344329,2873072095,2873073220,15834,1125
29667.354898,2873079974,2873081098,15981,1124
29667.364327,2873087851,2873088975,15917,1124
29667.375931,2873095731,2873096856,15850,1125
29667.386460,2873103608,2873104729,15997,1121
29667.396328,2873111493,2873112612,15923,1119
29667.407491,2873119368,2873120487,15828,1119
29667.416329,2873127241,2873128366,15981,1125
29667.428332,2873135131,2873136249,15919,1118
29667.439052,2873143008,2873144132,15843,1124
29667.448332,2873150911,2873152035,15998,1124
29667.460099,2873158791,2873159916,15904,1125
29667.472120,2873167776,2873168894,16029,1118
29667.482642,2873175662,2873176786,15921,1124
29667.492327,2873183542,2873184658,15841,1116
29667.503682,2873191412,2873192531,15998,1119
29667.512331,2873199291,2873200415,15917,1124
29667.524332,2873207157,2873208275,15832,1118
29667.535241,2873215025,2873216146,15979,1121
29667.544330,2873222904,2873224026,15917,1122
29667.556275,2873229354,2873230471,15764,1117
29667.566803,2873237224,2873238348,15991,1124
29667.576331,2873245096,2873246220,15916,1124
29667.587834,2873252973,2873254094,15830,1121
29667.598362,2873260848,2873261968,15979,1120
29667.608329,2873268758,2873269877,15899,1119
29667.619394,2873276646,2873277769,15850,1123
29667.628330,2873284524,2873285647,15992,1123
29667.640328,2873292402,2873293523,15917,1121
29667.650955,2873300293,2873301417,15835,1124
29667.660333,2873308186,2873309301,15997,1115
29667.672000,2873316072,2873317193,15913,1121
29667.682515,2873323963,2873325082,15934,1119
29667.692330,2873331835,2873332954,16085,1119
29667.703562,2873339707,2873340828,16005,1121
29667.712331,2873347587,2873348708,15923,1121
29667.724330,2873355474,2873356599,16069,1125
29667.735121,2873363353,2873364473,15921,1120
29667.744328,2873371290,2873372413,15848,1123
29667.756161,2873379171,2873380292,15994,1121
29667.766683,2873387049,2873388174,15916,1125
29667.776330,2873394938,2873396059,15830,1121
29667.787720,2873402810,2873403931,15984,1121
29667.796329,2873410689,2873411812,15916,1123
29667.808329,2873418576,2873419700,15829,1124
29667.819282,2873426463,2873427581,16000,1118
29667.828331,2873434347,2873435466,15913,1119
29667.840314,2873442219,2873443343,15832,1124
29667.850841,2873450101,2873451220,15980,1119
29667.860331,2873457984,2873459103,15914,1119
29667.871874,2873465863,2873466982,15837,1119
29667.882404,2873473744,2873474860,15988,1116
29667.892332,2873481625,2873482750,15916,1125
29667.903437,2873489501,2873490622,15839,1121
29667.912331,2873497381,2873498505,15968,1124
29667.924330,2873505267,2873506392,15914,1125
29667.934997,2873513147,2873514265,15861,1118
29667.944331,2873521024,2873522147,15988,1123
29667.956040,2873528904,2873530028,15912,1124
29667.966555,2873536780,2873537903,15844,1123
29667.976327,2873544660,2873545781,15970,1121
29667.987600,2873552533,2873553657,15917,1124
29667.996327,2873560414,2873561539,15853,1125
29668.008332,2873568301,2873569422,16000,1121
29668.019162,2873576176,2873577297,15916,1121
29668.028328,2873584078,2873585197,15847,1119
29668.040199,2873591962,2873593086,15957,1124
29668.050720,2873599848,2873600969,15909,1121
29668.060327,2873607724,2873608843,15855,1119
29668.071761,2873615596,2873616716,16075,1120
29668.080332,2873623474,2873624595,16005,1121
29668.092330,2873631376,2873632494,15845,1118
29668.103319,2873639245,2873640366,15968,1121
29668.112333,2873647133,2873648257,15912,1124
29668.124328,2873655006,2873656130,15859,1124
29668.134884,2873662886,2873664010,15985,1124
29668.144331,2873670778,2873671896,15916,1118
29668.155912,2873678648,2873679767,15837,1119
29668.166441,2873686517,2873687636,15969,1119
29668.176332,2873694395,2873695520,15910,1125
29668.187475,2873702281,2873703401,15861,1120
29668.196327,2873710159,2873711284,15987,1125
29668.208329,2873718043,2873719163,15904,1120
29668.219035,2873725919,2873727038,15845,1119
29668.228332,2873733803,2873734926,15953,1123
29668.240079,2873741713,2873742838,15916,1125
29668.250595,2873749597,2873750722,15859,1125
29668.260333,2873757468,2873758592,15983,1124
29668.271641,2873765338,2873766459,15906,1121
29668.280334,2873773214,2873774332,15838,1118
29668.292334,2873781083,2873782201,15977,1118
29668.303201,2873788963,2873790081,15912,1118
29668.312330,2873796842,2873797967,15846,1125
29668.324242,2873804734,2873805858,15998,1124
29668.334763,2873812620,2873813745,15906,1125
29668.344333,2873820497,2873821606,15825,1109
29668.355801,2873828367,2873829492,15997,1125
29668.364332,2873836245,2873837369,15917,1124
29668.376333,2873844125,2873845243,15935,1118
29668.387363,2873852004,2873853125,16087,1121
29668.396331,2873859883,2873861001,16000,1118
29668.408330,2873867753,2873868873,15914,1120
29668.418922,2873875627,2873876752,16070,1125
29668.428334,2873883506,2873884625,16005,1119
29668.439955,2873891379,2873892502,15935,1123
29668.450483,2873899262,2873900387,16076,1125
29668.460330,2873907140,2873908256,16003,1116
29668.471515,2873915016,2873916137,15912,1121
29668.480330,2873922888,2873924011,16071,1123
29668.492337,2873930777,2873931901,15913,1124
29668.503074,2873938670,2873939786,15832,1116
29668.512331,2873946572,2873947697,16001,1125
29668.524123,2873954456,2873955581,15917,1125
29668.534635,2873962330,2873963448,15833,1118
29668.544329,2873970195,2873971318,15981,1123
29668.555682,2873978078,2873979196,15915,1118
29668.564331,2873985953,2873987077,15847,1124
29668.576329,2873993841,2873994964,15988,1123
29668.587244,2874001718,2874002836,15917,1118
29668.596332,2874009571,2874010689,15829,1118
29668.608280,2874017446,2874018564,15979,1118
29668.618802,2874025317,2874026442,15919,1125
29668.628331,2874033205,2874034322,15836,1117
29668.639843,2874041093,2874042217,15999,1124
29668.650363,2874048980,2874050104,15903,1124
29668.660328,2874056855,2874057974,15828,1119
29668.671401,2874064733,2874065857,15979,1124
29668.680329,2874072607,2874073726,15912,1119
29668.692327,2874080479,2874081598,15847,1119
29668.702964,2874088358,2874089477,16003,1119
29668.712328,2874096230,2874097351,15915,1121
29668.723995,2874104104,2874105225,15935,1121
29668.734521,2874111981,2874113105,16048,1124
29668.744333,2874119885,2874121004,16008,1119
29668.755555,2874127773,2874128894,15946,1121
29668.764331,2874135643,2874136761,16062,1118
29668.776330,2874143530,2874144654,15915,1124
29668.787115,2874151413,2874152529,15845,1116
29668.796331,2874159337,2874160461,15967,1124
29668.808159,2874167219,2874168339,15917,1120
29668.818676,2874175079,2874176198,15857,1119
29668.828329,2874182942,2874184061,15988,1119
29668.839722,2874190815,2874191936,15919,1121
29668.848328,2874198692,2874199816,15834,1124
29668.860328,2874206579,2874207703,15968,1124
29668.871280,2874214458,2874215582,15917,1124
29668.880328,2874222333,2874223458,15852,1125
29668.892321,2874230217,2874231340,15987,1123
29668.902845,2874238208,2874239332,15910,1124
29668.912330,2874246097,2874247223,15833,1126
29668.923881,2874253971,2874255092,15966,1121
29668.934402,2874261846,2874262967,15920,1121
29668.944334,2874269719,2874270841,15844,1122
29668.955443,2874277608,2874278727,15996,1119
29668.964333,2874285477,2874286602,15915,1125
29668.976330,2874293366,2874294487,15834,1121
29668.987002,2874301242,2874302360,15985,1118
29668.996331,2874309107,2874310230,15914,1123
29669.008035,2874316985,2874318106,15839,1121
29669.018564,2874324862,2874325981,16002,1119
29669.028327,2874332736,2874333856,15913,1120
29669.039595,2874340623,2874341741,15837,1118
29669.048328,2874348495,2874349614,15995,1119
29669.060332,2874356368,2874357488,15916,1120
29669.071156,2874364247,2874365366,15846,1119
29669.080331,2874372132,2874373256,15998,1124
29669.092203,2874380016,2874381135,15915,1119
29669.102712,2874387895,2874389018,15775,1123
29669.112333,2874395777,2874396897,15975,1120
29669.123761,2874403663,2874404783,15911,1120
29669.132330,2874411546,2874412665,15848,1119
29669.144327,2874419416,2874420537,16001,1121
29669.155323,2874427297,2874428418,15916,1121
29669.164327,2874435156,2874436276,15838,1120
29669.176328,2874443022,2874444147,15976,1125
29669.186882,2874450894,2874452019,15916,1125
29669.196332,2874458764,2874459885,15825,1121
29669.207923,2874466640,2874467763,16003,1123
29669.218444,2874474509,2874475634,15911,1125
29669.228330,2874482380,2874483502,15832,1122
29669.239481,2874490265,2874491384,16057,1119
29669.248333,2874498137,2874499256,16003,1119
29669.260329,2874506018,2874507136,15935,1118
29669.271044,2874513878,2874514997,16091,1119
29669.280330,2874521776,2874522897,16004,1121
29669.292075,2874529663,2874530782,15920,1119
29669.302602,2874537531,2874538652,16056,1121
29669.312333,2874545427,2874546554,15918,1127
29669.323637,2874553347,2874554466,15848,1119
29669.332328,2874561227,2874562351,16004,1124
29669.344333,2874569115,2874570233,15910,1118
29669.355195,2874576988,2874578112,15834,1124
29669.364328,2874584877,2874586001,15983,1124
29669.376241,2874592758,2874593876,15914,1118
29669.386756,2874600632,2874601756,15848,1124
29669.396331,2874608520,2874609638,16012,1118
29669.407802,2874616393,2874617512,15910,1119
29669.416333,2874624261,2874625385,15832,1124
29669.428331,2874632133,2874633253,15977,1120
29669.439362,2874640001,2874641120,15925,1119
29669.448332,2874647870,2874648993,15854,1123
29669.460328,2874655743,2874656862,15999,1119
29669.470924,2874663624,2874664748,15917,1124
29669.480328,2874671502,2874672620,15832,1118
29669.491961,2874679380,2874680499,15985,1119
29669.502483,2874687248,2874688369,15921,1121
29669.512329,2874695135,2874696256,15863,1121
29669.523521,2874703017,2874704138,15983,1121
29669.532329,2874710895,2874712013,15916,1118
29669.544334,2874718762,2874719883,15835,1121
29669.555081,2874726638,2874727758,15958,1120
29669.564328,2874734525,2874735646,15903,1121
29669.576115,2874742405,2874743528,15853,1123
29669.586642,2874750291,2874751414,15986,1123
29669.596333,2874758208,2874759326,15913,1118
29669.607675,2874766076,2874767195,15850,1119
29669.616334,2874773956,2874775081,15968,1125
29669.628334,2874781827,2874782950,15916,1123
29669.639236,2874789700,2874790818,15851,1118
29669.648327,2874797570,2874798689,15986,1119
29669.660281,2874805445,2874806564,15917,1119
29669.670796,2874813317,2874814438,15844,1121
29669.680327,2874821192,2874822311,15968,1119
29669.691840,2874829067,2874830188,15908,1121
29669.702356,2874836937,2874838058,15857,1121
29669.712331,2874844805,2874845928,15984,1123
29669.723403,2874852694,2874853819,15916,1125
29669.732333,2874860587,2874861707,15835,1120
29669.744330,2874868453,2874869571,15995,1118
29669.754962,2874876328,2874877446,15916,1118
29669.764327,2874884186,2874885310,15839,1124
29669.776003,2874892054,2874893174,16000,1120
29669.786526,2874899934,2874901053,15909,1119
29669.796335,2874907802,2874908921,15835,1119
29669.807561,2874915672,2874916790,15981,1118
29669.816327,2874923544,2874924665,15919,1121
29669.828328,2874931406,2874932526,15851,1120
29669.839124,2874939280,2874940403,15994,1123
29669.848328,2874947160,2874948284,15910,1124
29669.860155,2874955038,2874956152,15832,1114
29669.870682,2874962895,2874964016,15983,1121
29669.880327,2874970775,2874971898,15917,1123
29669.891714,2874978656,2874979780,15827,1124
29669.900333,2874986541,2874987662,15998,1121
29669.912330,2874994418,2874995542,16001,1124
29669.923276,2875002309,2875003430,15821,1121
29669.932334,2875010187,2875011305,15974,1118
29669.944320,2875018051,2875019172,15902,1121
29669.954836,2875025937,2875027060,15844,1123
29669.964327,2875033820,2875034943,15995,1123
29669.975883,2875041689,2875042813,15917,1124
29669.986397,2875049575,2875050700,15833,1125
29669.996327,2875057460,2875058578,15980,1118
29670.007442,2875065335,2875066453,15914,1118
29670.016328,2875073203,2875074323,15932,1120
29670.028335,2875081068,2875082187,16088,1119
29670.039004,2875088940,2875090061,15995,1121
29670.048332,2875096809,2875097933,15914,1124
29670.060042,2875104688,2875105811,16065,1123
29670.070563,2875112561,2875113684,15998,1123
29670.080329,2875120447,2875121572,15935,1125
29670.091603,2875128325,2875129449,16107,1124
29670.100336,2875136209,2875137327,16000,1118
29670.112328,2875144083,2875145202,15921,1119
29670.123163,2875151967,2875153092,16004,1125
29670.132336,2875159823,2875160942,15993,1119
29670.144195,2875167698,2875168820,15938,1122
29670.154724,2875175582,2875176706,16076,1124
29670.164334,2875183465,2875184586,15989,1121
29670.175755,2875191345,2875192463,15922,1118
29670.184333,2875199206,2875200330,16064,1124
29670.196326,2875207076,2875208200,16005,1124
29670.207316,2875214963,2875216079,15932,1116
29670.216328,2875222844,2875223963,16089,1119
29670.228332,2875230711,2875231832,16000,1121
29670.238875,2875238590,2875239711,15820,1121
29670.248334,2875246472,2875247587,15980,1115
29670.259921,2875254338,2875255453,15906,1115
29670.270436,2875262204,2875263325,15830,1121
29670.280328,2875270081,2875271205,15998,1124
29670.291484,2875277963,2875279088,15911,1125
29670.300333,2875285846,2875286969,15832,1123
29670.312330,2875293727,2875294851,15974,1124
29670.323042,2875301603,2875302724,15918,1121
29670.332332,2875309503,2875310624,15855,1121
29670.344082,2875317366,2875318487,15983,1121
29670.354603,2875325120,2875326245,15914,1125
29670.364327,2875333007,2875334125,15848,1118
29670.375641,2875340885,2875342009,15970,1124
29670.384331,2875348764,2875349883,15913,1119
29670.396329,2875356636,2875357757,15855,1121
29670.407202,2875364514,2875365633,15987,1119
29670.416332,2875372380,2875373498,15914,1118
29670.428237,2875380253,2875381371,15851,1118
29670.438762,2875388118,2875389242,15996,1124
29670.448329,2875395984,2875397102,15917,1118
29670.459795,2875403859,2875404972,15845,1113
29670.468333,2875411718,2875412843,15971,1125
29670.480329,2875419599,2875420723,15915,1124
29670.491356,2875427486,2875428606,15868,1120
29670.500327,2875435356,2875436474,15974,1118
29670.512331,2875443225,2875444346,15920,1121
29670.522917,2875451099,2875452217,15846,1118
29670.532329,2875458982,2875460103,15982,1121
29670.543962,2875466882,2875468001,15906,1119
29670.554477,2875474764,2875475883,15849,1119
29670.564331,2875482634,2875483753,15997,1119
29670.575524,2875490517,2875491635,15916,1118
29670.584328,2875498394,2875499515,15819,1121
29670.596328,2875506263,2875507386,15984,1123
29670.607083,2875514148,2875515268,15918,1120
29670.616328,2875522048,2875523172,15852,1124
29670.628123,2875529928,2875531052,15997,1124
29670.638644,2875537814,2875538935,15914,1121
29670.648331,2875545685,2875546806,15832,1121
29670.659682,2875553570,2875554693,15978,1123
29670.668331,2875561454,2875562575,15919,1121
29670.680333,2875569328,2875570447,15851,1119
29670.691244,2875577203,2875578318,15994,1115
29670.700331,2875585095,2875586219,15915,1124
29670.712276,2875592975,2875594099,15822,1124
29670.722803,2875600849,2875601969,15983,1120
29670.732330,2875608727,2875609847,15906,1120
29670.743836,2875616614,2875617734,15850,1120
29670.754363,2875624487,2875625611,15979,1124
29670.764328,2875632374,2875633493,15908,1119
29670.775396,2875640255,2875641379,15847,1124
29670.784333,2875648140,2875649264,16014,1124
29670.796334,2875656024,2875657148,15919,1124
29670.806957,2875663917,2875665041,15838,1124
29670.816333,2875671803,2875672918,15967,1115
29670.828002,2875679676,2875680799,15919,1123
29670.838517,2875687558,2875688674,15853,1116
29670.848328,2875695422,2875696541,16000,1119
29670.859564,2875703299,2875704417,15917,1118
29670.868330,2875711179,2875712297,15832,1118
29670.880332,2875719056,2875720179,15980,1123
29670.891125,2875726939,2875728063,15915,1124
29670.900330,2875734848,2875735972,15844,1124
29670.912163,2875742724,2875743848,16001,1124
29670.922685,2875750607,2875751730,15914,1123
29670.932327,2875758479,2875759597,15823,1118
29670.943723,2875766363,2875767482,15982,1119
29670.952334,2875774248,2875775367,15913,1119
29670.964331,2875782130,2875783248,15849,1118
29670.975284,2875790007,2875791126,16000,1119
29670.984327,2875797879,2875798999,15910,1120
29670.996316,2875805753,2875806872,15826,1119
29671.006845,2875813634,2875814758,15981,1124
29671.016333,2875821510,2875822635,15920,1125
29671.027876,2875829392,2875830515,15847,1123
29671.038406,2875837267,2875838387,15998,1120
29671.048328,2875845142,2875846266,15915,1124
29671.059440,2875853050,2875854168,15946,1118
29671.068331,2875860909,2875862025,15967,1116
29671.080332,2875868784,2875869905,15908,1121
29671.091000,2875876659,2875877778,15944,1119
29671.100335,2875884528,2875885647,15971,1119
29671.112036,2875892399,2875893517,15830,1118
29671.122560,2875900266,2875901390,15934,1124
29671.132327,2875908144,2875909269,15961,1125
29671.143599,2875916072,2875917189,15815,1117
29671.152328,2875923939,2875925055,15946,1116
29671.164327,2875931804,2875932927,15967,1123
29671.175157,2875939677,2875940793,15833,1116
29671.184334,2875947559,2875948674,15966,1115
29671.196203,2875955425,2875956540,15969,1115
29671.206717,2875963299,2875964420,15837,1121
29671.216328,2875971176,2875972300,15944,1124
29671.227764,2875979052,2875980173,15965,1121
29671.236330,2875986927,2875988045,15834,1118
29671.248329,2875994800,2875995918,15934,1118
29671.259324,2876002672,2876003785,15968,1113
29671.268330,2876010544,2876011663,15822,1119
29671.280329,2876018423,2876019541,15850,1118
29671.290885,2876026304,2876027423,15965,1119
29671.300327,2876034180,2876035305,15831,1125
29671.311921,2876042062,2876043180,15950,1118
29671.322445,2876049939,2876051063,15970,1124
29671.332328,2876057805,2876058924,15845,1119
29671.343479,2876065673,2876066795,15942,1122
29671.352331,2876073491,2876074616,15946,1125
29671.364335,2876081362,2876082481,15832,1119
29671.375039,2876089237,2876090351,15946,1114
29671.384334,2876097127,2876098247,15948,1120
29671.396076,2876105005,2876106123,15835,1118
29671.406600,2876112875,2876113995,15943,1120
29671.416329,2876120745,2876121866,15967,1121
29671.427644,2876128619,2876129740,15899,1121
29671.436328,2876136493,2876137612,15944,1119
29671.448328,2876144359,2876145477,15967,1118
29671.459197,2876152232,2876153346,15834,1114
29671.468331,2876160118,2876161237,15938,1119
29671.480242,2876167981,2876169105,15968,1124
29671.490758,2876175856,2876176974,15822,1118
29671.500333,2876183716,2876184840,15949,1124
29671.511804,2876191595,2876192719,15971,1124
29671.520330,2876199472,2876200592,15836,1120
29671.532329,2876207352,2876208471,15960,1119
29671.543365,2876215220,2876216341,15971,1121
29671.552328,2876223111,2876224227,15820,1116
29671.564332,2876230985,2876232104,15949,1119
29671.574925,2876238857,2876239975,15965,1118
29671.584331,2876246731,2876247850,15835,1119
29671.595959,2876254608,2876255732,15942,1124
29671.606485,2876262474,2876263598,15968,1124
29671.616328,2876270359,2876271478,15829,1119
29671.627518,2876278218,2876279343,15851,1125
29671.636333,2876286097,2876287218,15961,1121
29671.648329,2876293964,2876295083,15833,1119
29671.659079,2876301835,2876302958,15946,1123
29671.668330,2876309804,2876310925,15960,1121
29671.680116,2876317683,2876318808,15845,1125
29671.690641,2876325555,2876326671,15946,1116
29671.700330,2876333416,2876334537,15961,1121
29671.711677,2876341289,2876342404,15834,1115
29671.720328,2876349147,2876350266,15948,1119
29671.732329,2876357023,2876358146,15950,1123
29671.743237,2876364899,2876366022,15829,1123
29671.752327,2876372774,2876373893,15947,1119
29671.764283,2876380665,2876381787,15952,1122
29671.774805,2876388551,2876389667,15912,1116
29671.784332,2876396431,2876397555,15945,1124
29671.795844,2876404307,2876405430,15969,1123
29671.806360,2876412187,2876413306,15823,1119
29671.816327,2876420056,2876421180,15948,1124
29671.827404,2876427936,2876429061,15962,1125
29671.836333,2876435816,2876436935,15837,1119
29671.848328,2876443685,2876444806,15943,1121
29671.858965,2876451556,2876452677,15968,1121
29671.868328,2876459425,2876460544,15831,1119
29671.880001,2876467289,2876468408,15960,1119
29671.890526,2876475165,2876476284,15970,1119
29671.900329,2876483040,2876484160,15832,1120
29671.911560,2876490929,2876492047,15944,1118
29671.920330,2876498815,2876499934,15963,1119
29671.932330,2876506690,2876507811,15827,1121
29671.943120,2876514550,2876515672,15951,1122
29671.952330,2876522449,2876523568,15964,1119
29671.964156,2876530370,2876531491,15845,1121
29671.974679,2876538236,2876539355,15851,1119
29671.984330,2876546105,2876547228,15972,1123
29671.995717,2876553972,2876555092,15829,1120
29672.004330,2876561848,2876562968,15946,1120
29672.016329,2876569713,2876570837,15963,1124
29672.027277,2876577591,2876578711,15845,1120
29672.036330,2876585468,2876586586,15943,1118
29672.048324,2876593339,2876594457,15969,1118
29672.058837,2876601210,2876602331,15835,1121
29672.068328,2876609090,2876610200,15944,1110
29672.079885,2876616942,2876618066,15953,1124
29672.090398,2876624821,2876625940,15836,1119
29672.100328,2876632695,2876633816,15936,1121
29672.111444,2876640572,2876641687,15961,1115
29672.120328,2876648437,2876649556,15906,1119
29672.132326,2876656307,2876657426,15947,1119
29672.143006,2876664180,2876665299,15970,1119
29672.152331,2876672039,2876673162,15834,1123
29672.164032,2876679851,2876680974,15924,1123
29672.174564,2876687735,2876688859,15972,1124
29672.184328,2876695601,2876696719,15832,1118
29672.195600,2876703468,2876704578,15946,1110
29672.204328,2876711329,2876712450,15968,1121
29672.216336,2876719208,2876720326,15836,1118
29672.227161,2876727080,2876728200,15961,1120
29672.236332,2876734968,2876736087,15969,1119
29672.248196,2876742835,2876743955,15831,1120
29672.258720,2876750698,2876751821,15949,1123
29672.268333,2876758584,2876759699,15973,1115
29672.279757,2876766447,2876767570,15835,1123
29672.288333,2876774322,2876775438,15947,1116
29672.300336,2876782183,2876783302,15970,1119
29672.311317,2876790045,2876791165,15827,1120
29672.320329,2876797920,2876799044,15849,1124
29672.332331,2876805786,2876806905,15971,1119
29672.342878,2876813658,2876814781,15833,1123
29672.352333,2876821535,2876822655,15950,1120
29672.363925,2876829402,2876830517,15969,1115
29672.374438,2876837308,2876838422,15850,1114
29672.384329,2876845181,2876846290,15948,1109
29672.395485,2876853049,2876854168,15966,1119
29672.404331,2876860917,2876862036,15836,1119
29672.416334,2876868781,2876869905,15944,1124
29672.427045,2876876653,2876877770,15950,1117
29672.436334,2876884542,2876885661,15822,1119
29672.448079,2876892403,2876893522,15945,1119
29672.458606,2876900282,2876901405,15969,1123
29672.468330,2876908159,2876909278,15914,1119
29672.479640,2876916032,2876917151,15936,1119
29672.488329,2876923894,2876925013,15969,1119
29672.500327,2876931767,2876932885,15823,1118
29672.511200,2876939639,2876940757,15948,1118
29672.520331,2876947530,2876948649,15972,1119
29672.532237,2876955403,2876956524,15834,1121
29672.542760,2876963271,2876964393,15945,1122
29672.552327,2876971146,2876972271,15963,1125
29672.563797,2876979026,2876980145,15832,1119
29672.572330,2876986911,2876988030,15964,1119
29672.584332,2876994787,2876995908,15969,1121
29672.595357,2877002654,2877003775,15836,1121
29672.604331,2877010528,2877011643,15945,1115
29672.616327,2877018394,2877019515,15968,1121
29672.626918,2877026259,2877027379,15825,1120
29672.636331,2877034134,2877035249,15951,1115
29672.647964,2877042003,2877043127,15968,1124
29672.658478,2877049879,2877050995,15830,1116
29672.668331,2877057744,2877058864,15852,1120
29672.679525,2877065622,2877066737,15966,1115
29672.688329,2877073493,2877074617,15834,1124
29672.700328,2877081367,2877082485,15948,1118
29672.711085,2877089232,2877090350,15959,1118
29672.720327,2877097142,2877098257,15849,1115
29672.732119,2877105002,2877106121,15947,1119
29672.742646,2877112868,2877113988,15961,1120
29672.752328,2877120731,2877121850,15830,1119
29672.763680,2877128601,2877129725,15935,1124
29672.772334,2877136476,2877137595,15953,1119
29672.784329,2877144358,2877145482,15835,1124
29672.795241,2877152237,2877153355,15947,1118
29672.804336,2877160111,2877161234,15965,1123
29672.816284,2877167986,2877169104,15908,1118
29672.826801,2877175858,2877176978,15947,1120
29672.836327,2877183730,2877184849,15969,1119
29672.847837,2877191597,2877192722,15833,1125
29672.858361,2877199470,2877200589,15938,1119
29672.868333,2877207341,2877208460,15962,1119
29672.879398,2877215222,2877216340,15832,1118
29672.888332,2877223096,2877224220,15952,1124
29672.900329,2877230968,2877232086,15967,1118
29672.910958,2877238836,2877239957,15833,1121
29672.920331,2877246709,2877247825,15956,1116
29672.932005,2877254575,2877255695,15962,1120
29672.942518,2877262463,2877263587,15824,1124
29672.952328,2877270340,2877271463,15947,1123
29672.963565,2877278218,2877279338,15965,1120
29672.972331,2877286086,2877287207,15826,1121
29672.984332,2877293901,2877295019,15964,1118
29672.995128,2877301781,2877302899,15974,1118
29673.004333,2877309668,2877310786,15826,1118
29673.016159,2877317539,2877318663,15843,1124
29673.026686,2877325420,2877326539,15966,1119
29673.036328,2877333296,2877334414,15822,1118
29673.047720,2877341156,2877342275,15947,1119
29673.056329,2877349012,2877350130,15970,1118
29673.068328,2877356876,2877357994,15835,1118
29673.079280,2877364749,2877365864,15947,1115
29673.088329,2877372646,2877373765,15958,1119
29673.100317,2877380525,2877381643,15838,1118
29673.110841,2877388402,2877389522,15946,1120
29673.120329,2877396268,2877397387,15957,1119
29673.131877,2877404144,2877405269,15830,1125
29673.142401,2877412021,2877413144,15947,1123
29673.152333,2877419900,2877421024,15966,1124
29673.163445,2877427775,2877428895,15902,1120
29673.172331,2877435653,2877436767,15945,1114
29673.184337,2877443531,2877444650,16003,1119
29673.194998,2877451406,2877452525,15833,1119
29673.204328,2877459279,2877460403,15945,1124
29673.216044,2877467152,2877468270,15973,1118
29673.226559,2877475026,2877476145,15821,1119
29673.236327,2877482900,2877484019,15951,1119
29673.247605,2877490764,2877491884,15966,1120
29673.256327,2877498630,2877499748,15827,1118
29673.268330,2877506507,2877507625,15957,1118
29673.279166,2877514388,2877515504,15961,1116
29673.288330,2877522258,2877523377,15835,1119
29673.300200,2877530135,2877531253,15947,1118
29673.310726,2877537998,2877539122,15969,1124
29673.320328,2877545874,2877546990,15830,1116
29673.331760,2877553736,2877554855,15944,1119
29673.340330,2877561607,2877562727,15936,1120
29673.352328,2877569483,2877570602,15834,1119
29673.363319,2877577352,2877578470,15851,1118
29673.372333,2877585224,2877586343,15960,1119
29673.384330,2877593098,2877594217,15832,1119
29673.394881,2877600986,2877602104,15949,1118
29673.404333,2877608849,2877609965,15961,1116
29673.415917,2877616704,2877617823,15850,1119
29673.426442,2877624572,2877625690,15943,1118
29673.436330,2877632447,2877633566,15968,1119
29673.447478,2877640318,2877641437,15832,1119
29673.456329,2877648189,2877649307,15939,1118
29673.468330,2877656055,2877657174,15936,1119
29673.479038,2877663923,2877665039,15836,1116
29673.488331,2877671819,2877672942,15930,1123
29673.500085,2877679688,2877680812,15973,1124
29673.510606,2877687564,2877688689,15910,1125
29673.520327,2877695448,2877696568,15946,1120
29673.531645,2877703317,2877704436,15971,1119
29673.540332,2877711174,2877712296,15836,1122
29673.552332,2877719045,2877720164,15948,1119
29673.563205,2877726917,2877728036,15972,1119
29673.572331,2877734785,2877735905,15833,1120
29673.584240,2877742659,2877743783,15948,1124
29673.594767,2877750632,2877751751,16017,1119
29673.604332,2877758507,2877759625,15833,1118
29673.615801,2877766377,2877767494,15959,1117
29673.624336,2877774252,2877775375,15966,1123
29673.636330,2877782130,2877783241,15835,1111
29673.647361,2877789980,2877791100,15949,1120
29673.656332,2877797849,2877798967,15965,1118
29673.668334,2877805716,2877806837,15840,1121
29673.678921,2877813583,2877814700,15946,1117
29673.688328,2877821445,2877822564,15959,1119
29673.699958,2877829312,2877830433,15832,1121
29673.710480,2877837182,2877838301,15848,1119
29673.720328,2877845062,2877846183,15970,1121
29673.731518,2877852941,2877854062,15824,1121
29673.740330,2877860808,2877861928,15945,1120
29673.752329,2877868691,2877869812,15966,1121
29673.763077,2877876565,2877877680,15842,1115
29673.772329,2877884456,2877885570,15945,1114
29673.784127,2877892342,2877893457,15971,1115
29673.794634,2877900216,2877901351,15828,1135
29673.804327,2877908133,2877909256,15943,1123
29673.815686,2877915998,2877917122,15955,1124
29673.824331,2877923865,2877924984,15832,1119
29673.836329,2877931733,2877932853,15941,1120
29673.847246,2877939602,2877940722,15965,1120
29673.856328,2877947463,2877948585,15902,1122
29673.868281,2877955332,2877956456,15939,1124
29673.878807,2877963213,2877964337,15971,1124
29673.888329,2877971088,2877972211,15831,1123
29673.899840,2877978963,2877980078,15946,1115
29673.910366,2877986834,2877987952,15967,1118
29673.920328,2877994708,2877995832,15833,1124
29673.931401,2878002578,2878003702,15949,1124
29673.940331,2878010463,2878011584,15961,1121
29673.952327,2878018338,2878019463,15832,1125
29673.962963,2878026211,2878027332,15957,1121
29673.972329,2878034075,2878035195,15968,1120
29673.983998,2878041945,2878043065,15840,1120
29673.994521,2878049820,2878050939,15947,1119
29674.004331,2878057707,2878058826,15969,1119
29674.015558,2878065580,2878066696,15833,1116
29674.024329,2878073442,2878074557,15947,1115
29674.036330,2878081315,2878082433,15967,1118
29674.047119,2878089178,2878090296,15832,1118
29674.056330,2878097064,2878098180,15852,1116
29674.068165,2878104930,2878106055,15972,1125
29674.078679,2878112813,2878113930,15835,1117
29674.088328,2878120676,2878121788,15946,1112
29674.099726,2878128535,2878129658,15959,1123
29674.108330,2878136410,2878137529,15852,1119
29674.120337,2878144284,2878145403,15943,1119
29674.131286,2878152153,2878153276,15967,1123
29674.140331,2878160026,2878161150,15834,1124
29674.152321,2878167914,2878169034,15944,1120
29674.162847,2878175786,2878176904,15954,1118
29674.172330,2878183662,2878184786,15833,1124
29674.183881,2878191526,2878192644,15945,1118
29674.194409,2878199395,2878200513,15970,1118
29674.204337,2878207288,2878208409,15901,1121
29674.215442,2878215168,2878216286,15948,1118
29674.224327,2878223033,2878224149,15968,1116
29674.236335,2878230903,2878232024,15832,1121
29674.247001,2878238765,2878239882,15941,1117
29674.256327,2878246636,2878247755,15973,1119
29674.268038,2878254510,2878255630,15828,1120
29674.278562,2878262373,2878263491,15947,1118
29674.288330,2878270249,2878271374,15968,1125
29674.299599,2878278123,2878279246,15836,1123
29674.308329,2878285996,2878287119,15960,1123
29674.320331,2878293864,2878294980,15967,1116
29674.331158,2878301728,2878302846,15836,1118
29674.340331,2878309619,2878310739,15947,1120
29674.352205,2878317488,2878318612,15965,1124
29674.362719,2878325357,2878326481,15832,1124
29674.372332,2878333228,2878334348,15944,1120
29674.383766,2878341103,2878342222,15971,1119
29674.392328,2878348977,2878350100,15833,1123
29674.404330,2878356845,2878357965,15850,1120
29674.415327,2878364723,2878365838,15971,1115
29674.424336,2878372592,2878373711,15833,1119
29674.436336,2878380457,2878381578,15942,1121
29674.446887,2878388331,2878389455,15968,1124
29674.456327,2878396203,2878397324,15847,1121
29674.467921,2878404078,2878405202,15945,1124
29674.478447,2878411949,2878413072,15968,1123
29674.488333,2878419812,2878420931,15832,1119
29674.499481,2878427692,2878428811,15945,1119
29674.508328,2878435559,2878436678,15953,1119
29674.520329,2878443431,2878444550,15835,1119
29674.531041,2878451306,2878452429,15949,1123
29674.540328,2878459201,2878460326,15964,1125
29674.552085,2878467078,2878468197,15913,1119
29674.562602,2878474948,2878476064,15939,1116
29674.572330,2878482812,2878483935,15967,1123
29674.583638,2878490689,2878491805,15832,1116
29674.592331,2878498557,2878499675,15946,1118
29674.604332,2878506420,2878507538,15973,1118
29674.615199,2878514277,2878515396,15829,1119
29674.624328,2878522151,2878523271,15944,1120
29674.636245,2878530016,2878531140,15969,1124
29674.646759,2878537893,2878539011,15832,1118
29674.656332,2878545756,2878546877,15961,1121
29674.667806,2878553627,2878554751,15968,1124
29674.676330,2878561495,2878562613,15832,1118
29674.688330,2878569362,2878570480,15940,1118
29674.699366,2878577227,2878578347,15968,1120
29674.708329,2878585100,2878586223,15833,1123
29674.720328,2878592971,2878594090,15947,1119
29674.730927,2878600844,2878601969,15955,1125
29674.740331,2878608723,2878609848,15832,1125
29674.751959,2878616593,2878617714,15851,1121
29674.762487,2878624463,2878625581,15971,1118
29674.772328,2878632327,2878633451,15831,1124
29674.783521,2878640197,2878641315,15946,1118
29674.792330,2878648072,2878649193,15963,1121
29674.804330,2878655948,2878657073,15845,1125
29674.815078,2878663825,2878664944,15932,1119
29674.824333,2878671713,2878672832,15971,1119
29674.836118,2878679588,2878680704,15828,1116
29674.846642,2878687462,2878688578,15944,1116
29674.856329,2878695330,2878696452,15953,1122
29674.867678,2878703196,2878704314,15828,1118
29674.876333,2878711059,2878712177,15946,1118
29674.888327,2878718917,2878720037,15972,1120
29674.899246,2878726788,2878727912,15908,1124
29674.908335,2878734659,2878735778,15947,1119
29674.920286,2878742521,2878743641,15962,1120
29674.930799,2878750393,2878751517,15825,1124
29674.940328,2878758271,2878759394,15945,1123
29674.951845,2878766149,2878767273,15966,1124
29674.962360,2878774024,2878775143,15822,1119
29674.972333,2878781901,2878783023,15949,1122
29674.983406,2878789776,2878790900,15965,1124
29674.992329,2878797648,2878798767,15832,1119
29675.004328,2878805523,2878806641,15965,1118
29675.014967,2878813397,2878814512,15967,1115
29675.024331,2878821266,2878822389,15829,1123
29675.036001,2878829138,2878830257,15948,1119
29675.046527,2878837000,2878838118,15966,1118
29675.056333,2878844866,2878845988,15835,1122
29675.067564,2878852744,2878853860,15944,1116
29675.076327,2878860609,2878861733,15968,1124
29675.088330,2878868488,2878869611,15835,1123
29675.099120,2878876369,2878877494,15848,1125
29675.108328,2878884270,2878885394,15968,1124
29675.120159,2878892150,2878893269,15834,1119
29675.130682,2878900021,2878901145,15946,1124
29675.140327,2878907900,2878909025,15966,1125
29675.151719,2878915780,2878916903,15846,1123
29675.160329,2878923656,2878924774,15948,1118
29675.172331,2878931523,2878932645,15968,1122
29675.183279,2878939402,2878940526,15830,1124
29675.192330,2878947283,2878948401,15945,1118
29675.204326,2878955147,2878956265,15953,1118
29675.214839,2878963014,2878964132,15826,1118
29675.224328,2878970899,2878972023,15871,1124
29675.235886,2878978780,2878979900,15969,1120
29675.246407,2878986646,2878987767,15909,1121
29675.256331,2878994527,2878995648,15935,1121
29675.267447,2879002390,2879003510,15970,1120
29675.276333,2879010259,2879011384,15832,1125
29675.288328,2879018138,2879019256,15950,1118
29675.299006,2879026007,2879027130,15977,1123
29675.308332,2879033882,2879035005,15829,1123
29675.320041,2879041756,2879042872,15938,1116
29675.330568,2879049623,2879050744,15966,1121
29675.340334,2879057497,2879058617,15835,1120
29675.351603,2879065365,2879066484,15961,1119
29675.360329,2879073242,2879074366,15962,1124
29675.372328,2879081116,2879082237,15834,1121
29675.383162,2879088984,2879090104,15945,1120
29675.392329,2879096886,2879098002,15961,1116
29675.404199,2879104752,2879105876,15832,1124
29675.414723,2879112622,2879113741,15945,1119
29675.424334,2879120489,2879121607,15969,1118
29675.435759,2879128379,2879129504,15834,1125
29675.444335,2879136259,2879137373,15851,1114
29675.456328,2879144124,2879145246,15971,1122
29675.467319,2879151999,2879153117,15834,1118
29675.476331,2879159863,2879160981,15943,1118
29675.488329,2879167726,2879168845,15957,1119
29675.498880,2879175597,2879176712,15844,1115
29675.508328,2879183451,2879184569,15949,1118
29675.519926,2879191316,2879192435,15970,1119
29675.530440,2879199190,2879200309,15827,1119
29675.540328,2879207060,2879208180,15949,1120
29675.551487,2879214936,2879216048,15944,1112
29675.560328,2879222801,2879223920,15831,1119
29675.572332,2879230667,2879231785,15946,1118
29675.583047,2879238540,2879239659,15964,1119
29675.592327,2879246410,2879247530,15910,1120
29675.604081,2879254282,2879255406,15947,1124
29675.614607,2879262166,2879263285,15969,1119
29675.624330,2879270030,2879271149,15832,1119
29675.635644,2879277914,2879279033,15949,1119
29675.644330,2879285779,2879286903,15965,1124
29675.656328,2879293664,2879294783,15836,1119
29675.667202,2879301532,2879302651,15947,1119
29675.676332,2879309398,2879310517,15966,1119
29675.688239,2879317267,2879318376,15831,1109
29675.698764,2879325141,2879326266,15961,1125
29675.708327,2879333016,2879334137,15966,1121
29675.719799,2879340886,2879342006,15823,1120
29675.728327,2879348752,2879349870,15946,1118
29675.740327,2879356620,2879357742,15958,1122
29675.751359,2879364484,2879365601,15833,1117
29675.760330,2879372352,2879373471,15945,1119
29675.772328,2879380214,2879381335,15969,1121
29675.782928,2879388099,2879389223,15918,1124
29675.792330,2879395980,2879397104,15816,1124
29675.803965,2879403864,2879404988,15979,1124
29675.814486,2879411739,2879412863,15911,1124
29675.824335,2879419616,2879420740,15852,1124
29675.835527,2879427507,2879428628,16023,1121
29675.844331,2879435381,2879436499,15919,1118
29675.856332,2879443259,2879444379,15943,1120
29675.867087,2879451135,2879452250,15966,1115
29675.876332,2879459022,2879460141,15832,1119
29675.888122,2879466894,2879468013,15937,1119
29675.898648,2879474768,2879475889,15954,1121
29675.908333,2879482643,2879483764,15833,1121
29675.919682,2879490505,2879491624,15944,1119
29675.928327,2879498372,2879499496,15968,1124
29675.940328,2879506247,2879507368,15912,1121
29675.951242,2879514123,2879515242,15945,1119
29675.960331,2879521993,2879523112,15973,1119
29675.972279,2879529862,2879530981,15820,1119
29675.982802,2879537734,2879538852,15944,1118
29675.992334,2879545603,2879546721,15972,1118
29676.003839,2879553467,2879554585,15831,1118
29676.014364,2879561322,2879562441,15940,1119
29676.024328,2879569194,2879570318,15966,1124
29676.035399,2879577078,2879578194,15832,1116
29676.044335,2879584954,2879586072,15963,1118
29676.072332,2879599109,2879599733,11976,624
29676.083501,2879603106,2879603730,12098,624
29676.092330,2879609631,2879610748,15904,1117
29676.104336,2879617458,2879618564,15851,1106
29676.115059,2879625281,2879626400,15997,1119
29676.124333,2879633126,2879634247,15921,1121
29676.136093,2879640981,2879642105,15857,1124
29676.146617,2879648856,2879649975,15978,1119
29676.156328,2879656724,2879657846,15918,1122
29676.167651,2879664591,2879665710,15842,1119
29676.176327,2879672455,2879673579,15997,1124
29676.188327,2879680312,2879681434,15921,1122
29676.199211,2879688179,2879689298,15913,1119
29676.208330,2879696053,2879697177,16070,1124
29676.220257,2879703930,2879705054,16004,1124
29676.230771,2879711801,2879712920,15939,1119
29676.240326,2879719674,2879720794,16100,1120
29676.251819,2879727566,2879728688,15919,1122
29676.260334,2879735438,2879736557,15831,1119
29676.272334,2879743309,2879744432,15982,1123
29676.283377,2879751185,2879752305,15917,1120
29676.292329,2879759068,2879760183,15851,1115
29676.304330,2879766940,2879768059,15996,1119
29676.314940,2879774814,2879775935,15910,1121
29676.324332,2879782688,2879783813,15827,1125
29676.335977,2879790556,2879791675,15981,1119
29676.346498,2879798434,2879799549,15918,1115
29676.356329,2879806299,2879807418,15844,1119
29676.367538,2879814160,2879815283,15999,1123
29676.376327,2879822034,2879823153,15920,1119
29676.388327,2879829897,2879831019,15804,1122
29676.399098,2879837768,2879838888,15975,1120
29676.408328,2879845662,2879846777,15906,1115
29676.420130,2879853524,2879854648,15838,1124
29676.430662,2879861406,2879862527,15984,1121
29676.440329,2879869285,2879870404,15917,1119
29676.451693,2879877169,2879878288,15821,1119
29676.460327,2879885045,2879886164,15984,1119
29676.472332,2879892906,2879894024,15915,1118
29676.483251,2879900775,2879901894,15849,1119
29676.492329,2879908643,2879909758,15994,1115
29676.504298,2879916511,2879917630,15922,1119
29676.514812,2879924387,2879925511,15829,1124
29676.524333,2879932262,2879933380,15984,1118
29676.535857,2879940128,2879941252,15916,1124
29676.546372,2879948008,2879949126,15852,1118
29676.556335,2879955881,2879957000,15999,1119
29676.567418,2879962292,2879963409,15895,1117
29676.576331,2879970129,2879971253,15947,1124
29676.588333,2879978002,2879979123,16086,1121
29676.598978,2879985888,2879987012,16004,1124
29676.608334,2879993767,2879994890,15936,1123
29676.620018,2880001630,2880002747,16083,1117
29676.630540,2880009492,2880010616,16001,1124
29676.640332,2880017364,2880018479,15918,1115
29676.651578,2880025261,2880026382,16007,1121
29676.660328,2880033139,2880034260,15920,1121
29676.672328,2880041013,2880042133,15844,1120
29676.683139,2880048875,2880049994,16078,1119
29676.692336,2880056774,2880057893,15910,1119
29676.704171,2880064644,2880065763,15828,1119
29676.714698,2880072508,2880073629,15981,1121
29676.724330,2880080378,2880081496,15917,1118
29676.735729,2880088248,2880089367,15836,1119
29676.744331,2880096110,2880097228,16081,1118
29676.756329,2880103973,2880105097,16007,1124
29676.767292,2880111838,2880112958,15920,1120
29676.776327,2880119715,2880120840,16069,1125
29676.788334,2880127592,2880128714,15990,1122
29676.798852,2880135465,2880136583,15922,1118
29676.808329,2880143331,2880144450,15999,1119
29676.819899,2880151201,2880152325,15913,1124
29676.830412,2880159100,2880160219,15823,1119
29676.840331,2880166980,2880168104,15974,1124
29676.851458,2880174852,2880175971,15915,1119
29676.860334,2880182743,2880183867,15849,1124
29676.872335,2880190617,2880191737,16122,1120
29676.883019,2880198486,2880199605,16000,1119
29676.892331,2880206352,2880207472,15913,1120
29676.904058,2880214222,2880215335,16067,1113
29676.914578,2880222083,2880223202,16001,1119
29676.924330,2880229958,2880231078,15939,1120
29676.935619,2880237834,2880238953,16100,1119
29676.944330,2880245713,2880246833,16005,1120
29676.956333,2880253585,2880254704,15833,1119
29676.967178,2880261441,2880262564,15981,1123
29676.976333,2880269301,2880270415,15922,1114
29676.988211,2880277157,2880278277,15851,1120
29676.998740,2880285032,2880286150,16074,1118
29677.008330,2880292894,2880294013,16010,1119
29677.019771,2880300758,2880301882,15822,1124
29677.028333,2880308626,2880309750,15980,1124
29677.040331,2880316504,2880317622,15919,1118
29677.051331,2880324384,2880325505,15847,1121
29677.060332,2880332275,2880333396,16064,1121
29677.072333,2880340153,2880341276,16004,1123
29677.082891,2880348031,2880349150,15920,1119
29677.092328,2880355895,2880357014,16053,1119
29677.103936,2880363764,2880364881,16006,1117
29677.114452,2880371618,2880372736,15939,1118
29677.124327,2880379485,2880380605,16070,1120
29677.135498,2880387360,2880388481,16006,1121
29677.144330,2880395233,2880396348,15840,1115
29677.156336,2880403091,2880404215,15968,1124
29677.167057,2880410968,2880412089,15918,1121
29677.176331,2880418840,2880419960,15856,1120
29677.188097,2880426715,2880427833,16072,1118
29677.198619,2880434574,2880435697,16000,1123
29677.208327,2880442452,2880443572,15850,1120
29677.219656,2880450323,2880451442,15968,1119
29677.228331,2880458187,2880459306,15914,1119
29677.240330,2880466059,2880467183,15861,1124
29677.251218,2880473921,2880475039,16076,1118
29677.260327,2880481782,2880482907,16002,1125
29677.272253,2880489673,2880490792,15840,1119
29677.282777,2880497541,2880498660,15983,1119
29677.292327,2880505407,2880506532,15916,1125
29677.303811,2880513286,2880514409,15863,1123
29677.314339,2880521167,2880522290,15979,1123
29677.324331,2880529041,2880530164,15918,1123
29677.335372,2880536910,2880538028,15847,1118
29677.344333,2880544786,2880545907,15966,1121
29677.356329,2880552659,2880553778,15919,1119
29677.366932,2880560524,2880561643,15948,1119
29677.376328,2880568395,2880569516,16074,1121
29677.387978,2880576269,2880577391,16001,1122
29677.398492,2880584137,2880585257,15928,1120
29677.408330,2880591998,2880593122,16057,1124
29677.419537,2880599869,2880600988,15994,1119
29677.428331,2880607728,2880608843,15921,1115
29677.440332,2880615589,2880616712,16073,1123
29677.451098,2880623459,2880624578,15997,1119
29677.460327,2880631348,2880632471,15918,1123
29677.472137,2880639276,2880640400,16060,1124
29677.482657,2880647156,2880648280,15997,1124
29677.492329,2880655033,2880656151,15940,1118
29677.503700,2880662898,2880664011,16062,1113
29677.512328,2880670765,2880671884,16001,1119
29677.524328,2880678640,2880679764,15924,1124
29677.535257,2880686511,2880687629,16055,1118
29677.544331,2880694382,2880695500,16004,1118
29677.556290,2880702263,2880703382,15946,1119
29677.566819,2880710128,2880711247,16070,1119
29677.576329,2880717988,2880719107,16003,1119
29677.587851,2880725857,2880726975,15932,1118
29677.598378,2880733732,2880734851,15966,1119
29677.608329,2880741600,2880742724,15914,1124
29677.619412,2880749478,2880750594,15863,1116
29677.628332,2880757339,2880758457,16003,1118
29677.640330,2880765212,2880766331,15917,1119
29677.650973,2880773084,2880774203,15930,1119
29677.660328,2880780950,2880782071,16053,1121
29677.672016,2880788766,2880789884,15911,1118
29677.682533,2880796636,2880797755,15866,1119
29677.692328,2880804516,2880805635,15984,1119
29677.703578,2880812390,2880813508,15908,1118
29677.712328,2880820248,2880821372,15931,1124
29677.724333,2880828128,2880829247,16057,1119
29677.735137,2880836006,2880837124,16005,1118
29677.744330,2880843897,2880845018,15949,1121
29677.756177,2880851766,2880852884,16074,1118
29677.766699,2880859639,2880860764,16009,1125
29677.776331,2880867506,2880868626,15921,1120
29677.787737,2880875383,2880876501,16054,1118
29677.796331,2880883250,2880884369,16004,1119
29677.808333,2880891114,2880892233,15949,1119
29677.819298,2880898985,2880900104,16069,1119
29677.828329,2880906851,2880907975,16003,1124
29677.840331,2880914723,2880915844,15931,1121
29677.850857,2880922592,2880923713,16059,1121
29677.860331,2880930463,2880931588,16006,1125
29677.871891,2880938335,2880939458,15954,1123
29677.882420,2880946214,2880947332,16071,1118
29677.892329,2880954088,2880955208,16007,1120
29677.903452,2880961969,2880963086,15917,1117
29677.912331,2880969830,2880970954,15982,1124
29677.924327,2880977713,2880978837,15913,1124
29677.935012,2880985589,2880986709,15846,1120
29677.944327,2880993480,2880994596,15993,1116
29677.956059,2881001349,2881002468,15920,1119
29677.966572,2881009222,2881010340,15830,1118
29677.976328,2881017098,2881018221,16004,1123
29677.987619,2881024963,2881026082,15920,1119
29677.996333,2881032830,2881033949,15848,1119
29678.008329,2881040689,2881041812,15999,1123
29678.019180,2881048576,2881049695,16006,1119
29678.028332,2881056441,2881057557,15918,1116
29678.040219,2881064304,2881065423,16072,1119
29678.050739,2881072167,2881073288,15995,1121
29678.060328,2881080031,2881081152,15934,1121
29678.071779,2881087907,2881089027,16084,1120
29678.080329,2881095796,2881096912,16002,1116
29678.092328,2881103666,2881104785,15917,1119
29678.103338,2881111542,2881112654,16060,1112
29678.112330,2881119411,2881120527,16003,1116
29678.124333,2881127277,2881128397,15917,1120
29678.134900,2881135139,2881136255,16077,1116
29678.144328,2881142994,2881144117,16002,1123
29678.155932,2881150864,2881151984,15911,1120
29678.166459,2881158731,2881159849,16070,1118
29678.176331,2881166592,2881167710,16007,1118
29678.187494,2881174460,2881175583,15940,1123
29678.196329,2881182334,2881183452,16083,1118
29678.208330,2881190196,2881191320,16006,1124
29678.219053,2881198066,2881199180,15913,1114
29678.228328,2881205951,2881207070,16067,1119
29678.240098,2881213815,2881214934,16000,1119
29678.250615,2881221681,2881222799,15937,1118
29678.260327,2881229540,2881230659,16088,1119
29678.271660,2881237414,2881238537,15999,1123
29678.280327,2881245290,2881246409,15916,1119
29678.292327,2881253146,2881254264,16060,1118
29678.303218,2881261031,2881262153,16008,1122
29678.312329,2881268910,2881270030,15951,1120
29678.324257,2881276776,2881277895,16089,1119
29678.334779,2881284651,2881285775,16002,1124
29678.344330,2881292519,2881293638,15936,1119
29678.355817,2881300390,2881301503,15970,1113
29678.364327,2881308250,2881309374,15918,1124
29678.376328,2881316127,2881317251,15867,1124
29678.387379,2881323994,2881325111,15973,1117
29678.396329,2881331852,2881332970,15912,1118
29678.408329,2881339720,2881340842,15836,1122
29678.418937,2881347590,2881348709,15973,1119
29678.428331,2881355469,2881356592,15918,1123
29678.439972,2881363338,2881364454,15859,1116
29678.450500,2881371210,2881372330,15986,1120
29678.460334,2881379079,2881380203,15918,1124
29678.471531,2881386954,2881388072,15833,1118
29678.480329,2881394822,2881395947,15971,1125
29678.492331,2881402684,2881403802,16003,1118
29678.503093,2881410547,2881411667,15942,1120
29678.512328,2881418433,2881419551,16071,1118
29678.524138,2881426293,2881427411,16004,1118
29678.534653,2881434176,2881435301,15927,1125
29678.544329,2881442053,2881443174,16056,1121
29678.555697,2881449925,2881451050,16006,1125
29678.564328,2881457810,2881458926,15941,1116
29678.576331,2881465686,2881466811,16074,1125
29678.587259,2881473554,2881474676,16008,1122
29678.596327,2881481414,2881482532,15928,1118
29678.608298,2881489281,2881490397,16058,1116
29678.618818,2881497148,2881498267,16001,1119
29678.628331,2881505019,2881506137,15935,1118
29678.639860,2881512888,2881514012,16071,1124
29678.650380,2881520764,2881521885,15995,1121
29678.660333,2881528634,2881529752,15937,1118
29678.671417,2881536500,2881537621,16070,1121
29678.680331,2881544365,2881545489,16000,1124
29678.692327,2881552150,2881553269,15930,1119
29678.702980,2881560027,2881561149,16084,1122
29678.712329,2881567896,2881569015,15998,1119
29678.724012,2881575750,2881576868,15919,1118
29678.734539,2881583625,2881584749,16069,1124
29678.744330,2881591498,2881592622,16002,1124
29678.755572,2881599371,2881600492,15936,1121
29678.764331,2881607239,2881608354,16088,1115
29678.776333,2881615106,2881616225,16010,1119
29678.787133,2881622976,2881624095,15922,1119
29678.796327,2881630879,2881631999,16068,1120
29678.808178,2881638686,2881639811,16000,1125
29678.818692,2881646560,2881647678,15921,1118
29678.828327,2881654431,2881655549,16080,1118
29678.839742,2881662296,2881663414,16001,1118
29678.848336,2881670159,2881671276,15919,1117
29678.860331,2881678024,2881679144,16069,1120
29678.871300,2881685894,2881687013,16004,1119
29678.880329,2881693765,2881694889,15936,1124
29678.892335,2881701639,2881702764,16082,1125
29678.902861,2881709517,2881710640,15916,1123
29678.912329,2881717390,2881718510,15832,1120
29678.923898,2881725256,2881726371,15981,1115
29678.934420,2881733121,2881734239,15917,1118
29678.944327,2881740992,2881742108,15847,1116
29678.955460,2881748856,2881749975,15986,1119
29678.964335,2881756725,2881757849,15919,1124
29678.976334,2881764597,2881765712,15831,1115
29678.987019,2881772468,2881773587,15977,1119
29678.996331,2881780353,2881781471,15917,1118
29679.008052,2881788207,2881789326,15848,1119
29679.018581,2881796077,2881797193,16013,1116
29679.028329,2881803801,2881804920,16001,1119
29679.039612,2881811661,2881812786,15911,1125
29679.048328,2881819535,2881820650,16071,1115
29679.060330,2881827399,2881828517,16006,1118
29679.071173,2881835260,2881836380,15938,1120
29679.080330,2881843133,2881844250,16075,1117
29679.092220,2881850997,2881852122,16009,1125
29679.102733,2881858882,2881860005,15831,1123
29679.112329,2881866761,2881867878,15982,1117
29679.123779,2881874613,2881875732,15919,1119
29679.132330,2881882492,2881883612,15849,1120
29679.144332,2881890368,2881891493,15991,1125
29679.155341,2881898232,2881899350,15917,1118
29679.164326,2881906100,2881907215,15819,1115
29679.176336,2881913964,2881915083,15982,1119
29679.186900,2881921838,2881922961,15918,1123
29679.196334,2881929717,2881930838,15852,1121
29679.207940,2881937587,2881938706,15996,1119
29679.218461,2881945461,2881946576,15906,1115
29679.228326,2881953306,2881954425,15828,1119
29679.239499,2881961171,2881962289,15983,1118
29679.248328,2881969038,2881970158,15921,1120
29679.260327,2881976909,2881978028,15925,1119
29679.271060,2881984787,2881985907,16078,1120
29679.280333,2881992689,2881993808,16007,1119
29679.292092,2882000551,2882001667,15918,1116
29679.304123,2882009504,2882010627,15979,1123
29679.314635,2882017376,2882018494,15922,1118
29679.324329,2882025230,2882026346,16075,1116
29679.335683,2882033093,2882034212,16003,1119
29679.344330,2882040955,2882042073,15920,1118
29679.356332,2882048829,2882049945,16066,1116
29679.367241,2882056691,2882057809,15912,1118
29679.376327,2882064579,2882065703,15845,1124
29679.388282,2882072447,2882073566,15988,1119
29679.398804,2882080315,2882081436,15915,1121
29679.408331,2882088187,2882089307,15832,1120
29679.419841,2882096050,2882097172,15978,1122
29679.430363,2882103920,2882105038,15908,1118
29679.440328,2882111790,2882112909,15848,1119
29679.451403,2882119662,2882120781,15993,1119
29679.460330,2882127518,2882128639,15918,1121
29679.472328,2882135380,2882136499,15823,1119
29679.482962,2882143256,2882144375,16067,1119
29679.492330,2882151130,2882152246,15997,1116
29679.503996,2882158993,2882160118,15927,1125
29679.514523,2882166874,2882167992,16090,1118
29679.524334,2882174741,2882175856,16005,1115
29679.535555,2882182614,2882183737,15924,1123
29679.544335,2882190491,2882191609,16056,1118
29679.556335,2882198360,2882199476,16003,1116
29679.567116,2882206227,2882207346,15950,1119
29679.576328,2882214121,2882215240,16063,1119
29679.588161,2882221993,2882223111,16006,1118
29679.598676,2882229865,2882230983,15938,1118
29679.608330,2882237743,2882238868,16062,1125
29679.619721,2882245620,2882246737,16008,1117
29679.628328,2882253489,2882254613,15950,1124
29679.640335,2882261369,2882262488,16072,1119
29679.651283,2882269237,2882270360,16000,1123
29679.660335,2882277109,2882278229,15925,1120
29679.672320,2882284983,2882286102,16060,1119
29679.682841,2882292845,2882293968,16002,1123
29679.692331,2882300725,2882301843,15942,1118
29679.703881,2882308600,2882309721,16070,1121
29679.714405,2882316483,2882317601,15997,1118
29679.724331,2882324362,2882325482,15918,1120
29679.735442,2882332229,2882333348,16069,1119
29679.744334,2882340098,2882341222,16002,1124
29679.756327,2882347975,2882349100,15935,1125
29679.767004,2882355851,2882356975,15994,1124
29679.776333,2882363720,2882364839,15921,1119
29679.788035,2882371578,2882372699,15829,1121
29679.798563,2882379445,2882380565,15977,1120
29679.808329,2882387302,2882388426,15906,1124
29679.819596,2882395179,2882396302,15927,1123
29679.828327,2882403048,2882404167,16000,1119
29679.840331,2882410912,2882412027,15919,1115
29679.851156,2882418775,2882419889,15832,1114
29679.860334,2882426640,2882427760,15997,1120
29679.872202,2882434507,2882435628,15916,1121
29679.882717,2882442374,2882443498,15851,1124
29679.892328,2882450240,2882451359,15988,1119
29679.903763,2882458101,2882459226,15920,1125
29679.912328,2882465977,2882467100,15838,1123
29679.924333,2882473856,2882474975,16058,1119
29679.935321,2882481721,2882482840,16003,1119
29679.944328,2882489596,2882490720,15861,1124
29679.956331,2882497471,2882498589,15978,1118
29679.966883,2882505345,2882506460,15922,1115
29679.976327,2882513211,2882514332,15844,1121
29679.987921,2882521076,2882522197,15969,1121
29679.998442,2882528945,2882530065,15913,1120
29680.008334,2882536813,2882537932,15849,1119
29680.019482,2882544674,2882545796,15983,1122
29680.028335,2882552545,2882553661,15914,1116
29680.040328,2882560410,2882561525,15848,1115
29680.051041,2882568269,2882569388,15971,1119
29680.060327,2882576165,2882577283,15908,1118
29680.072079,2882584075,2882585199,15947,1124
29680.082603,2882591954,2882593074,16040,1120
29680.092330,2882599826,2882600945,15938,1119
29680.103638,2882607692,2882608816,16030,1124
29680.112331,2882615560,2882616679,16029,1119
29680.124331,2882623406,2882624527,15931,1121
29680.135199,2882631267,2882632383,16033,1116
29680.144329,2882639141,2882640259,16047,1118
29680.156241,2882647012,2882648131,15987,1119
29680.166759,2882654876,2882655996,16033,1120
29680.176329,2882662740,2882663859,16048,1119
29680.187798,2882670610,2882671734,15935,1124
29680.196329,2882678485,2882679599,16032,1114
29680.208328,2882686340,2882687458,16043,1118
29680.219356,2882694211,2882695333,15933,1122
29680.228330,2882702085,2882703203,16023,1118
29680.240328,2882709956,2882711074,16040,1118
29680.250916,2882717825,2882718950,15938,1125
29680.260332,2882725688,2882726811,16049,1123
29680.271962,2882733564,2882734679,16036,1115
29680.282477,2882741428,2882742548,15937,1120
29680.292333,2882749297,2882750416,16028,1119
29680.303524,2882757159,2882758279,16039,1120
29680.312329,2882765025,2882766144,15936,1119
29680.324329,2882772904,2882774024,16026,1120
29680.335085,2882780781,2882781900,16058,1119
29680.344331,2882788678,2882789796,15922,1118
29680.356117,2882796537,2882797650,15942,1113
29680.366646,2882804395,2882805514,16058,1119
29680.376330,2882812260,2882813376,15919,1116
29680.387679,2882820123,2882821242,16027,1119
29680.396331,2882827988,2882829112,16057,1124
29680.408330,2882835860,2882836975,15922,1115
29680.419239,2882843717,2882844840,16035,1123
29680.428330,2882851586,2882852701,16054,1115
29680.440276,2882859442,2882860562,15910,1120
29680.450800,2882867303,2882868421,16034,1118
29680.460328,2882875170,2882876289,16029,1119
29680.471836,2882883030,2882884151,15922,1121
29680.482360,2882890893,2882892006,16035,1113
29680.492330,2882898751,2882899875,16047,1124
29680.503403,2882906627,2882907752,15995,1125
29680.512330,2882914502,2882915625,16034,1123
29680.524328,2882922372,2882923487,16054,1115
29680.534957,2882930252,2882931374,15913,1122
29680.544333,2882938135,2882939254,16032,1119
29680.556002,2882946000,2882947121,16056,1121
29680.566517,2882953869,2882954994,15917,1125
29680.576335,2882961737,2882962861,16028,1124
29680.587565,2882969605,2882970724,16055,1119
29680.596334,2882977472,2882978590,15920,1118
29680.608329,2882985336,2882986452,16044,1116
29680.619125,2882993191,2882994311,16055,1120
29680.628327,2883001098,2883002218,15919,1120
29680.640158,2883008964,2883010083,16036,1119
29680.650685,2883016827,2883017946,16055,1119
29680.660328,2883024689,2883025808,15922,1119
29680.671719,2883032553,2883033671,16029,1118
29680.680330,2883040417,2883041536,16059,1119
29680.692330,2883048278,2883049396,15922,1118
29680.703278,2883056136,2883057261,15935,1125
29680.712328,2883064008,2883065123,16044,1115
29680.724315,2883071873,2883072994,15918,1121
29680.734840,2883079749,2883080870,16029,1121
29680.744330,2883087619,2883088735,16061,1116
29680.755876,2883095483,2883096601,15935,1118
29680.766400,2883103339,2883104459,16035,1120
29680.776330,2883111209,2883112327,16048,1118
29680.787436,2883119072,2883120192,15924,1120
29680.796335,2883126945,2883128066,16081,1121
29680.808329,2883134825,2883135950,15748,1125
29680.818997,2883142697,2883143820,15980,1123
29680.828327,2883150572,2883151696,16088,1124
29680.840044,2883158440,2883159563,16002,1123
29680.850565,2883166315,2883167436,15995,1121
29680.860333,2883174184,2883175307,16084,1123
29680.871604,2883182050,2883183168,16056,1118
29680.880328,2883189920,2883191040,15917,1120
29680.892330,2883197777,2883198898,16034,1121
29680.903163,2883205639,2883206764,16053,1125
29680.912327,2883213510,2883214623,15920,1113
29680.924199,2883221367,2883222491,16032,1124
29680.934726,2883229245,2883230376,15996,1131
29680.944334,2883237136,2883238257,15835,1121
29680.955761,2883244999,2883246117,15962,1118
29680.964331,2883252878,2883253996,15972,1118
29680.976331,2883260743,2883261863,15836,1120
29680.987319,2883268606,2883269726,15943,1120
29680.996331,2883276468,2883277581,15971,1113
29681.008334,2883284329,2883285448,15831,1119
29681.018880,2883292196,2883293318,15937,1122
29681.028327,2883300071,2883301189,15967,1118
29681.039916,2883307939,2883309059,15831,1120
29681.050438,2883315794,2883316912,15848,1118
29681.060330,2883323657,2883324773,15971,1116
29681.071477,2883331520,2883332639,15832,1119
29681.080333,2883339390,2883340513,15943,1123
29681.092334,2883347251,2883348375,15972,1124
29681.103038,2883355116,2883356231,15853,1115
29681.112334,2883362966,2883364090,15936,1124
29681.124084,2883370836,2883371960,15974,1124
29681.134597,2883378703,2883379825,15835,1122
29681.144330,2883386575,2883387691,15935,1116
29681.155643,2883394447,2883395565,15940,1118
29681.164332,2883402309,2883403424,15845,1115
29681.176328,2883410173,2883411287,15936,1114
29681.187205,2883418025,2883419144,15958,1119
29681.196333,2883425896,2883427020,15904,1124
29681.208238,2883433769,2883434888,15941,1119
29681.218764,2883441637,2883442755,15960,1118
29681.228329,2883449501,2883450620,15846,1119
29681.239799,2883457373,2883458492,15947,1119
29681.248332,2883465231,2883466339,15963,1108
29681.260336,2883473088,2883474207,15845,1119
29681.271359,2883480944,2883482063,15949,1119
29681.280330,2883488810,2883489931,15950,1121
29681.292331,2883496673,2883497788,15843,1115
29681.302921,2883504530,2883505649,15965,1119
29681.312332,2883512396,2883513516,15954,1120
29681.323956,2883520267,2883521392,15840,1125
29681.334480,2883528134,2883529250,15945,1116
29681.344329,2883536012,2883537129,16076,1117
29681.355517,2883543877,2883544995,15933,1118
29681.364331,2883551751,2883552865,16029,1114
29681.376329,2883559609,2883560724,16049,1115
29681.387077,2883567463,2883568582,15924,1119
29681.396330,2883575355,2883576479,15953,1124
29681.408123,2883583221,2883584336,16039,1115
29681.418637,2883591084,2883592201,15933,1117
29681.428328,2883598944,2883600063,16037,1119
29681.439684,2883606807,2883607926,16047,1119
29681.448330,2883614670,2883615782,15944,1112
29681.460328,2883622523,2883623642,16032,1119
29681.471243,2883630387,2883631502,16043,1115
29681.480327,2883638242,2883639361,15933,1119
29681.492279,2883646103,2883647221,16032,1118
29681.502804,2883653964,2883655079,16031,1115
29681.512332,2883661828,2883662947,15936,1119
29681.523840,2883669693,2883670817,16027,1124
29681.534364,2883677561,2883678683,16039,1122
29681.544328,2883685443,2883686561,16002,1118
29681.555399,2883693324,2883694444,16036,1120
29681.564328,2883701193,2883702309,16041,1116
29681.576329,2883709055,2883710180,15924,1125
29681.586960,2883716932,2883718051,16033,1119
29681.596330,2883724801,2883725917,16042,1116
29681.607996,2883732659,2883733784,15927,1125
29681.618520,2883740542,2883741665,16021,1123
29681.628329,2883748416,2883749535,16042,1119
29681.639557,2883756284,2883757403,15932,1119
29681.648334,2883764156,2883765270,16048,1114
29681.660332,2883772017,2883773139,16038,1122
29681.671118,2883779887,2883781011,15927,1124
29681.680327,2883787778,2883788893,16029,1115
29681.692163,2883795636,2883796755,16038,1119
29681.702678,2883803484,2883804609,15920,1125
29681.712332,2883811353,2883812477,16030,1124
29681.723723,2883819226,2883820345,16034,1119
29681.732327,2883827095,2883828211,15928,1116
29681.744328,2883834958,2883836076,15948,1118
29681.755285,2883842815,2883843934,16048,1119
29681.764330,2883850680,2883851791,15922,1111
29681.776319,2883858541,2883859666,16023,1125
29681.786844,2883866417,2883867535,16032,1118
29681.796327,2883874280,2883875392,15953,1112
29681.807879,2883882147,2883883265,16022,1118
29681.818407,2883890001,2883891121,16045,1120
29681.828332,2883897871,2883898989,15931,1118
29681.839440,2883905741,2883906860,16023,1119
29681.848328,2883913605,2883914714,16029,1109
29681.860330,2883921458,2883922572,15931,1114
29681.871000,2883929317,2883930436,16036,1119
29681.880331,2883937178,2883938296,16044,1118
29681.892042,2883945047,2883946165,16000,1118
29681.902561,2883952916,2883954039,16032,1123
29681.912327,2883960774,2883961898,16039,1124
29681.923597,2883968641,2883969756,15933,1115
29681.932327,2883976502,2883977622,16032,1120
29681.944328,2883984364,2883985479,16047,1115
29681.955158,2883992235,2883993351,15799,1116
29681.964327,2884000133,2884001253,15948,1120
29681.976204,2884008002,2884009127,15970,1125
29681.986718,2884015879,2884016998,15833,1119
29681.996327,2884023745,2884024863,15960,1118
29682.007765,2884031603,2884032722,15971,1119
29682.016329,2884039466,2884040589,15835,1123
29682.028330,2884047338,2884048456,15934,1118
29682.039325,2884055211,2884056331,15958,1120
29682.048327,2884063081,2884064200,15833,1119
29682.060336,2884070944,2884072059,15943,1115
29682.070886,2884078804,2884079923,15975,1119
29682.080331,2884086672,2884087791,15829,1119
29682.091918,2884094529,2884095649,15851,1120
29682.102446,2884102400,2884103524,15970,1124
29682.112332,2884110275,2884111391,15831,1116
29682.123480,2884118129,2884119246,15947,1117
29682.132333,2884125999,2884127114,15968,1115
29682.144336,2884133870,2884134990,15839,1120
29682.155041,2884141732,2884142851,15945,1119
29682.164332,2884149638,2884150751,16053,1113
29682.176076,2884157497,2884158618,15920,1121
29682.186601,2884165370,2884166494,16034,1124
29682.196327,2884173240,2884174364,16041,1124
29682.207637,2884181106,2884182225,15916,1119
29682.216328,2884188971,2884190095,16035,1124
29682.228330,2884196850,2884197968,16053,1118
29682.239205,2884204711,2884205831,16000,1120
29682.248328,2884212577,2884213695,16029,1118
29682.260244,2884220441,2884221560,16055,1119
29682.270758,2884228301,2884229424,15914,1123
29682.280333,2884236169,2884237284,16032,1115
29682.291803,2884244033,2884245152,16061,1119
29682.300329,2884251890,2884253008,15922,1118
29682.312333,2884259756,2884260879,16030,1123
29682.323365,2884267626,2884268750,16058,1124
29682.332329,2884275500,2884276618,15922,1118
29682.344328,2884283370,2884284488,16054,1118
29682.354926,2884291229,2884292345,16050,1116
29682.364332,2884299103,2884300223,15918,1120
29682.375959,2884306973,2884308088,16023,1115
29682.386486,2884314837,2884315962,16052,1125
29682.396335,2884322713,2884323829,15921,1116
29682.407520,2884330578,2884331696,16031,1118
29682.416328,2884338453,2884339570,16054,1117
29682.428330,2884346319,2884347444,15917,1125
29682.439079,2884354199,2884355314,15935,1115
29682.448334,2884362080,2884363203,16057,1123
29682.460117,2884369945,2884371066,15909,1121
29682.470641,2884377809,2884378925,16028,1116
29682.480327,2884385670,2884386793,16051,1123
29682.491677,2884393542,2884394660,15933,1118
29682.500333,2884401408,2884402523,16034,1115
29682.512328,2884409268,2884410387,16060,1119
29682.523239,2884417135,2884418259,15924,1124
29682.532335,2884425004,2884426128,16034,1124
29682.544285,2884432878,2884433996,16033,1118
29682.554798,2884440747,2884441867,15919,1120
29682.564330,2884448610,2884449728,16027,1118
29682.575845,2884456484,2884457596,16051,1112
29682.586366,2884464347,2884465470,15995,1123
29682.596329,2884472220,2884473338,16035,1118
29682.607405,2884480097,2884481215,16050,1118
29682.616331,2884487970,2884489089,15917,1119
29682.628329,2884495819,2884496937,16029,1118
29682.638965,2884503681,2884504801,16055,1120
29682.648328,2884511552,2884512674,15923,1122
29682.660000,2884519422,2884520541,16020,1119
29682.670526,2884527287,2884528407,16056,1120
29682.680330,2884535156,2884536280,15923,1124
29682.691562,2884543029,2884544153,16051,1124
29682.700332,2884550905,2884552024,16045,1119
29682.712328,2884558775,2884559894,15920,1119
29682.723121,2884566640,2884567759,16033,1119
29682.732333,2884574501,2884575622,16055,1121
29682.744157,2884582368,2884583487,15906,1119
29682.754683,2884590231,2884591350,16031,1119
29682.764330,2884598101,2884599226,16058,1125
29682.775719,2884605968,2884607087,15932,1119
29682.784334,2884613839,2884614959,15939,1120
29682.796328,2884621703,2884622827,16058,1124
29682.807278,2884629565,2884630676,15904,1111
29682.816332,2884637417,2884638533,16033,1116
29682.828325,2884645305,2884646429,16055,1124
29682.838838,2884653174,2884654290,15927,1116
29682.848329,2884661042,2884662162,16034,1120
29682.859885,2884668914,2884670033,16056,1119
29682.870401,2884676784,2884677904,15919,1120
29682.880329,2884684650,2884685769,16028,1119
29682.891446,2884692517,2884693635,16046,1118
29682.900328,2884700382,2884701498,15919,1116
29682.912330,2884708240,2884709359,16036,1119
29682.923006,2884716094,2884717212,16056,1118
29682.932332,2884723930,2884725049,16000,1119
29682.944040,2884731788,2884732908,16036,1120
29682.954566,2884739661,2884740780,16054,1119
29682.964327,2884747533,2884748647,15918,1114
29682.975597,2884755452,2884756570,16025,1118
29682.984330,2884763315,2884764434,16053,1119
29682.996328,2884771173,2884772292,15921,1119
29683.007161,2884779039,2884780150,16034,1111
29683.016330,2884786896,2884788015,16049,1119
29683.028197,2884794765,2884795884,15918,1119
29683.038722,2884802631,2884803749,16052,1118
29683.048333,2884810489,2884811612,16058,1123
29683.059758,2884818356,2884819471,15920,1115
29683.068327,2884826220,2884827338,16033,1118
29683.080327,2884834087,2884835202,16060,1115
29683.091318,2884841942,2884843061,15920,1119
29683.100330,2884849808,2884850926,16036,1118
29683.112329,2884857662,2884858780,16058,1118
29683.122878,2884865517,2884866640,15917,1123
29683.132330,2884873391,2884874508,15936,1117
29683.143925,2884881266,2884882390,16050,1124
29683.154438,2884889140,2884890258,15914,1118
29683.164336,2884897005,2884898123,16037,1118
29683.175486,2884904862,2884905977,16058,1115
29683.184332,2884912714,2884913837,15932,1123
29683.196328,2884920583,2884921697,16034,1114
29683.207046,2884928434,2884929552,16055,1118
29683.216334,2884936325,2884937449,15921,1124
29683.228080,2884944190,2884945309,16035,1119
29683.238606,2884952059,2884953184,16044,1125
29683.248328,2884959928,2884961051,15921,1123
29683.259641,2884967804,2884968923,16026,1119
29683.268335,2884975679,2884976798,16058,1119
29683.280330,2884983530,2884984643,15995,1113
29683.291199,2884991371,2884992490,15978,1119
29683.300328,2884999227,2885000346,16057,1119
29683.312237,2885007100,2885008220,15916,1120
29683.322762,2885014980,2885016100,16021,1120
29683.332332,2885022847,2885023969,16059,1122
29683.343798,2885030720,2885031840,15919,1120
29683.352333,2885038577,2885039688,16031,1111
29683.364329,2885046439,2885047548,16056,1109
29683.375358,2885054291,2885055415,15923,1124
29683.384327,2885062179,2885063295,16048,1116
29683.396333,2885070039,2885071158,16061,1119
29683.406919,2885077913,2885079030,15918,1117
29683.416329,2885085773,2885086892,16035,1119
29683.427966,2885093642,2885094756,16049,1114
29683.438479,2885101505,2885102623,15909,1118
29683.448327,2885109369,2885110492,16030,1123
29683.459526,2885117244,2885118363,16046,1119
29683.468328,2885125109,2885126224,15915,1115
29683.480330,2885132974,2885134093,15936,1119
29683.491086,2885140835,2885141955,16054,1120
29683.500329,2885148729,2885149848,15920,1119
29683.512120,2885156599,2885157719,16031,1120
29683.522647,2885164463,2885165588,16060,1125
29683.532328,2885172344,2885173467,15934,1123
29683.543681,2885180217,2885181336,16037,1119
29683.552329,2885188075,2885189193,16057,1118
29683.564328,2885195937,2885197051,15918,1114
29683.575241,2885203799,2885204919,16028,1120
29683.584331,2885211696,2885212816,16042,1120
29683.596277,2885219578,2885220703,15831,1125
29683.606802,2885227451,2885228576,15940,1125
29683.616330,2885235334,2885236451,15968,1117
29683.627845,2885243200,2885244324,15914,1124
29683.638362,2885251073,2885252189,15944,1116
29683.648332,2885258935,2885260052,15968,1117
29683.659398,2885266800,2885267924,15830,1124
29683.668332,2885274669,2885275788,15945,1119
29683.680328,2885282543,2885283661,15970,1118
29683.690959,2885290400,2885291519,15818,1119
29683.700333,2885298263,2885299382,15948,1119
29683.712005,2885306129,2885307242,15972,1113
29683.722519,2885313983,2885315102,15837,1119
29683.732328,2885321850,2885322973,15959,1123
29683.743566,2885329725,2885330844,15966,1119
29683.752328,2885337582,2885338703,15833,1121
29683.764330,2885345452,2885346566,15933,1114
29683.775126,2885353297,2885354407,15968,1110
29683.784332,2885361173,2885362288,15833,1115
29683.796161,2885369041,2885370161,15904,1120
29683.806687,2885376905,2885378024,16048,1119
29683.816327,2885384771,2885385890,15920,1119
29683.827719,2885392634,2885393753,15932,1119
29683.836327,2885400493,2885401611,16060,1118
29683.848329,2885408321,2885409435,15916,1114
29683.859281,2885416164,2885417279,16034,1115
29683.868331,2885424029,2885425148,16055,1119
29683.880318,2885431904,2885433025,15929,1121
29683.890842,2885439748,2885440867,16002,1119
29683.900333,2885447612,2885448736,16062,1124
29683.911878,2885455487,2885456605,15919,1118
29683.922402,2885463356,2885464481,16033,1125
29683.932329,2885471230,2885472349,16087,1119
29683.943438,2885479103,2885480227,15917,1124
29683.952335,2885486972,2885488089,16024,1117
29683.964328,2885494830,2885495940,16048,1110
29683.975006,2885502684,2885503807,15997,1123
29683.984327,2885510553,2885511668,16032,1115
29683.996046,2885518351,2885519465,16090,1114
29684.006559,2885526215,2885527334,15922,1119
29684.016331,2885534080,2885535198,16032,1118
29684.027605,2885541921,2885543040,16060,1119
29684.036335,2885549779,2885550899,15914,1120
29684.048335,2885557638,2885558760,16034,1122
29684.059167,2885565500,2885566624,16057,1124
29684.068331,2885573379,2885574504,15920,1125
29684.080203,2885581256,2885582371,16039,1115
29684.090727,2885589111,2885590229,16059,1118
29684.100331,2885596944,2885598060,15921,1116
29684.111762,2885604809,2885605932,16027,1123
29684.120330,2885612680,2885613800,16056,1120
29684.132327,2885620542,2885621659,15921,1117
29684.143322,2885628405,2885629522,16027,1117
29684.152332,2885636263,2885637381,16054,1118
29684.164328,2885644132,2885645252,15919,1120
29684.174880,2885651995,2885653115,15934,1120
29684.184330,2885659846,2885660964,16079,1118
29684.195918,2885667712,2885668831,15921,1119
29684.206442,2885675588,2885676704,15942,1116
29684.216328,2885683454,2885684574,15957,1120
29684.227481,2885691309,2885692433,15878,1124
29684.236330,2885699181,2885700304,15949,1123
29684.248333,2885707038,2885708160,15966,1122
29684.259040,2885714918,2885716034,15833,1116
29684.268328,2885722777,2885723896,15944,1119
29684.280086,2885730636,2885731755,15960,1119
29684.290599,2885738500,2885739622,15836,1122
29684.300335,2885746368,2885747487,15944,1119
29684.311646,2885754245,2885755362,15971,1117
29684.320330,2885762104,2885763223,15907,1119
29684.332328,2885769974,2885771096,15944,1122
29684.343207,2885777841,2885778962,15969,1121
29684.352327,2885785728,2885786848,15821,1120
29684.364241,2885793598,2885794707,15946,1109
29684.374766,2885801459,2885802579,15965,1120
29684.384327,2885809324,2885810443,15833,1119
29684.395801,2885817190,2885818314,15948,1124
29684.404328,2885825052,2885826164,16011,1112
29684.416327,2885832893,2885834006,15840,1113
29684.427363,2885840755,2885841871,15961,1116
29684.436330,2885848617,2885849736,15952,1119
29684.448333,2885856476,2885857591,15847,1115
29684.458922,2885864344,2885865463,15942,1119
29684.468330,2885872214,2885873333,15951,1119
29684.479959,2885880085,2885881201,15847,1116
29684.490482,2885887947,2885889072,15943,1125
29684.500332,2885895819,2885896938,15953,1119
29684.511519,2885903681,2885904800,15846,1119
29684.520331,2885911525,2885912640,15862,1115
29684.532329,2885919386,2885920505,15959,1119
29684.543079,2885927250,2885928369,15842,1119
29684.552335,2885935137,2885936245,15943,1108
29684.564124,2885942984,2885944099,15957,1115
29684.574639,2885950843,2885951959,15853,1116
29684.584329,2885958684,2885959804,15948,1120
29684.595685,2885966533,2885967647,15960,1114
29684.604331,2885974388,2885975507,15837,1119
29684.616334,2885982267,2885983388,16035,1121
29684.627246,2885990117,2885991235,16028,1118
29684.636327,2885997963,2885999083,15934,1120
29684.648280,2886005832,2886006950,16031,1118
29684.658805,2886013697,2886014814,16047,1117
29684.668327,2886021566,2886022690,15999,1124
29684.679841,2886029439,2886030553,16031,1114
29684.690366,2886037304,2886038423,16045,1119
29684.700330,2886045146,2886046270,15960,1124
29684.711402,2886053015,2886054139,16033,1124
29684.720328,2886060880,2886061998,16034,1118
29684.732329,2886068756,2886069874,15933,1118
29684.742962,2886076624,2886077748,16032,1124
29684.752329,2886084490,2886085609,16039,1119
29684.763998,2886092351,2886093470,15932,1119
29684.774525,2886100212,2886101336,16048,1124
29684.784330,2886108086,2886109201,16046,1115
29684.795559,2886115952,2886117072,15935,1120
29684.804330,2886123816,2886124929,16029,1113
29684.816334,2886131658,2886132775,15947,1117
29684.827122,2886139505,2886140624,15875,1119
29684.836336,2886147361,2886148476,15944,1115
29684.848165,2886155206,2886156326,15962,1120
29684.858679,2886163079,2886164198,15847,1119
29684.868327,2886170941,2886172065,15859,1124
29684.879725,2886178809,2886179922,15955,1113
29684.888334,2886186663,2886187783,15842,1120
29684.900330,2886194526,2886195636,15936,1110
29684.911286,2886202390,2886203508,15955,1118
29684.920328,2886210259,2886211373,15854,1114
29684.932321,2886218111,2886219234,15948,1123
29684.942846,2886225981,2886227104,15959,1123
29684.952328,2886233823,2886234947,15849,1124
29684.963881,2886241689,2886242803,15934,1114
29684.974406,2886249547,2886250659,15942,1112
29684.984328,2886257408,2886258522,15844,1114
29684.995441,2886265246,2886266369,15933,1123
29685.004327,2886273111,2886274227,15959,1116
29685.016328,2886280988,2886282107,15907,1119
29685.027002,2886288853,2886289972,15947,1119
29685.036331,2886296708,2886297823,15954,1115
29685.048038,2886304560,2886305682,15845,1122
29685.058563,2886312427,2886313551,15945,1124
29685.084332,2886326320,2886326941,12040,621
29685.096139,2886330311,2886330932,12069,621
29685.106651,2886336900,2886338012,15941,1112
29685.116332,2886344721,2886345832,15950,1111
29685.127698,2886352546,2886353666,16027,1120
29685.136331,2886360385,2886361497,15934,1112
29685.148332,2886368217,2886369328,16035,1111
29685.159259,2886376078,2886377189,15973,1111
29685.168330,2886383888,2886385007,15865,1119
29685.180292,2886391727,2886392835,15946,1108
29685.190819,2886399562,2886400676,16003,1114
29685.200330,2886407391,2886408500,15853,1109
29685.211853,2886415221,2886416331,15939,1110
29685.222379,2886423093,2886424218,16104,1125
29685.232329,2886430939,2886432059,15952,1120
29685.243411,2886438795,2886439911,15975,1116
29685.252327,2886446655,2886447779,16048,1124
29685.264330,2886454523,2886455638,16002,1115
29685.274974,2886462384,2886463508,16035,1124
29685.284328,2886470233,2886471348,16054,1115
29685.296010,2886478082,2886479205,15921,1123
29685.306534,2886485959,2886487084,16031,1125
29685.316331,2886493834,2886494953,16057,1119
29685.327573,2886501685,2886502801,15938,1116
29685.336330,2886509539,2886510657,16006,1118
29685.348330,2886517405,2886518522,16053,1117
29685.359134,2886525236,2886526358,15956,1122
29685.368333,2886533111,2886534225,16045,1114
29685.380178,2886540951,2886542066,16050,1115
29685.390692,2886548785,2886549896,15920,1111
29685.400328,2886556642,2886557766,16033,1124
29685.411738,2886564497,2886565616,16055,1119
29685.420328,2886572342,2886573455,15921,1113
29685.432329,2886580220,2886581340,16035,1120
29685.443298,2886588084,2886589203,16045,1119
29685.452332,2886595928,2886597047,15923,1119
29685.464331,2886603795,2886604917,15935,1122
29685.474859,2886611666,2886612784,16050,1118
29685.484331,2886619529,2886620644,15923,1115
29685.495893,2886627384,2886628499,16032,1115
29685.506419,2886635231,2886636349,16054,1118
29685.516333,2886643101,2886644220,15933,1119
29685.527454,2886650960,2886652070,16031,1110
29685.536328,2886658806,2886659925,16049,1119
29685.548330,2886666677,2886667792,15925,1115
29685.559014,2886674540,2886675661,16026,1121
29685.568329,2886682408,2886683525,16053,1117
29685.580052,2886688817,2886689932,15831,1115
29685.590574,2886696638,2886697754,15944,1116
29685.600330,2886704463,2886705582,15960,1119
29685.611618,2886712317,2886713435,15919,1118
29685.620331,2886720169,2886721280,15941,1111
29685.632332,2886727993,2886729112,15966,1119
29685.643171,2886735848,2886736960,15816,1112
29685.652331,2886743711,2886744826,15946,1115
29685.664216,2886751566,2886752684,15967,1118
29685.674732,2886759432,2886760551,15840,1119
29685.684335,2886767299,2886768419,15943,1120
29685.695779,2886775174,2886776292,15964,1118
29685.704329,2886783042,2886784163,15832,1121
29685.716332,2886790916,2886792037,15965,1121
29685.727339,2886798791,2886799915,15958,1124
29685.736331,2886806664,2886807783,15835,1119
29685.748331,2886814519,2886815641,15932,1122
29685.758899,2886822378,2886823498,15973,1120
29685.768331,2886830245,2886831360,15827,1115
29685.779933,2886838109,2886839222,15935,1113
29685.790459,2886845963,2886847074,15965,1111
29685.800330,2886853817,2886854927,15830,1110
29685.811492,2886861675,2886862798,15848,1123
29685.820330,2886869516,2886870640,15968,1124
29685.832329,2886877392,2886878508,15831,1116
29685.843060,2886885258,2886886381,15984,1123
29685.852330,2886893139,2886894262,15900,1123
29685.864090,2886900999,2886902120,15835,1121
29685.874618,2886908869,2886909993,15972,1124
29685.884331,2886916742,2886917866,15912,1124
29685.895651,2886924452,2886925573,15854,1121
29685.904332,2886932306,2886933431,16002,1125
29685.916332,2886940184,2886941303,15956,1119
29685.927211,2886948042,2886949161,15838,1119
29685.936329,2886955913,2886957029,15942,1116
29685.948257,2886963772,2886964896,15963,1124
29685.958779,2886971653,2886972778,15915,1125
29685.968331,2886979512,2886980627,15947,1115
29685.979818,2886987358,2886988478,15997,1120
29685.988331,2886995227,2886996341,15840,1114
29686.000331,2887003078,2887004197,15888,1119
29686.011377,2887010945,2887012065,15967,1120
29686.020333,2887018822,2887019941,15836,1119
29686.032329,2887026670,2887027786,15947,1116
29686.042939,2887034532,2887035652,15945,1120
29686.052329,2887042402,2887043528,15834,1126
29686.063975,2887050275,2887051390,15962,1115
29686.074500,2887058132,2887059256,15957,1124
29686.084330,2887066001,2887067121,15827,1120
29686.095534,2887073876,2887074994,15941,1118
29686.104328,2887081745,2887082868,15959,1123
29686.116334,2887089619,2887090739,15838,1120
29686.127094,2887097487,2887098606,15942,1119
29686.136330,2887105373,2887106492,15964,1119
29686.148131,2887113246,2887114364,15834,1118
29686.158653,2887121119,2887122238,15844,1119
29686.168327,2887128957,2887130075,15966,1118
29686.179691,2887136824,2887137944,15835,1120
29686.188330,2887144688,2887145813,15948,1125
29686.200331,2887152556,2887153680,15969,1124
29686.211252,2887160406,2887161525,15852,1119
29686.220329,2887168271,2887169391,16030,1120
29686.232298,2887176130,2887177250,16054,1120
29686.242812,2887184004,2887185125,15830,1121
29686.252331,2887191843,2887192963,15917,1120
29686.263859,2887199717,2887200835,15941,1118
29686.274373,2887207565,2887208677,15836,1112
29686.284330,2887215411,2887216523,15941,1112
29686.295419,2887223241,2887224356,15967,1115
29686.304328,2887231095,2887232214,15911,1119
29686.316331,2887238931,2887240048,15949,1117
29686.326979,2887246781,2887247897,15959,1116
29686.336336,2887254629,2887255754,15856,1125
29686.348014,2887262501,2887263622,15945,1121
29686.358538,2887270373,2887271497,15964,1124
29686.368329,2887278249,2887279374,15835,1125
29686.379574,2887286095,2887287214,15945,1119
29686.388330,2887293960,2887295079,15963,1119
29686.400334,2887301800,2887302921,15834,1121
29686.411136,2887309664,2887310782,15959,1118
29686.420328,2887317551,2887318668,15957,1117
29686.432171,2887325420,2887326539,15827,1119
29686.442692,2887333249,2887334379,15939,1130
29686.452332,2887341111,2887342221,15969,1110
29686.463731,2887348935,2887350051,15840,1116
29686.472336,2887356797,2887357914,15948,1117
29686.484331,2887364655,2887365778,15961,1123
29686.495292,2887372518,2887373637,15828,1119
29686.504328,2887380376,2887381496,15937,1120
29686.516330,2887388240,2887389361,16055,1121
29686.526852,2887396113,2887397223,15923,1110
29686.536329,2887403965,2887405081,16031,1116
29686.547900,2887411823,2887412935,16074,1112
29686.558412,2887419674,2887420793,15939,1119
29686.568328,2887427532,2887428647,16027,1115
29686.579459,2887435386,2887436509,16054,1123
29686.588328,2887443257,2887444367,15921,1110
29686.600334,2887451119,2887452238,16034,1119
29686.611019,2887458981,2887460099,16030,1118
29686.620329,2887466851,2887467966,15928,1115
29686.632054,2887474684,2887475803,16029,1119
29686.642580,2887482524,2887483644,16054,1120
29686.652334,2887490379,2887491493,15917,1114
29686.663615,2887498226,2887499344,15947,1118
29686.672329,2887506073,2887507187,15968,1114
29686.684328,2887513930,2887515048,15919,1118
29686.695174,2887521793,2887522907,16033,1114
29686.704333,2887529640,2887530764,16056,1124
29686.716211,2887537508,2887538627,15926,1119
29686.726735,2887545373,2887546494,15946,1121
29686.736329,2887553229,2887554343,15950,1114
29686.747772,2887561082,2887562194,15829,1112
29686.756331,2887568930,2887570046,15964,1116
29686.768328,2887576793,2887577908,15965,1115
29686.779332,2887584651,2887585774,15835,1123
29686.788331,2887592520,2887593638,15948,1118
29686.800329,2887600373,2887601487,15969,1114
29686.810895,2887608208,2887609317,15867,1109
29686.820328,2887616066,2887617186,15945,1120
29686.831939,2887623934,2887625049,15966,1115
29686.842455,2887631771,2887632890,15862,1119
29686.852333,2887639646,2887640762,15847,1116
29686.863499,2887647505,2887648629,15967,1124
29686.872327,2887655364,2887656482,15833,1118
29686.884330,2887663216,2887664333,15946,1117
29686.895059,2887671074,2887672192,15972,1118
29686.904331,2887678922,2887680041,15842,1119
29686.916094,2887686788,2887687903,15944,1115
29686.926620,2887694653,2887695772,15966,1119
29686.936332,2887702516,2887703635,15837,1119
29686.947655,2887710368,2887711493,15935,1125
29686.956332,2887718232,2887719344,15950,1112
29686.968332,2887726057,2887727169,15837,1112
29686.979215,2887733922,2887735044,15946,1122
29686.988334,2887741793,2887742909,15963,1116
29687.000259,2887749637,2887750753,15916,1116
29687.010775,2887757493,2887758612,15942,1119
29687.020333,2887765364,2887766484,15969,1120
29687.031811,2887773209,2887774328,15836,1119
29687.042336,2887781068,2887782192,15946,1124
29687.052329,2887788928,2887790040,15969,1112
29687.063374,2887796773,2887797895,15866,1122
29687.072330,2887804643,2887805758,15942,1115
29687.084332,2887812500,2887813625,15968,1125
29687.094932,2887820368,2887821478,15838,1110
29687.104331,2887828213,2887829331,15956,1118
29687.115981,2887836082,2887837201,15966,1119
29687.126495,2887843925,2887845040,15861,1115
29687.136327,2887851769,2887852888,15890,1119
29687.147539,2887859623,2887860742,15968,1119
29687.156328,2887867471,2887868591,15859,1120
29687.168331,2887875338,2887876456,15944,1118
29687.179099,2887883186,2887884304,15972,1118
29687.188330,2887891062,2887892179,15815,1117
29687.200132,2887898900,2887900018,15846,1118
29687.210660,2887906770,2887907891,15970,1121
29687.220332,2887914631,2887915752,15831,1121
29687.231692,2887922482,2887923606,15894,1124
29687.240328,2887930349,2887931464,15965,1115
29687.252333,2887938211,2887939330,15851,1119
29687.263257,2887946053,2887947166,16017,1113
29687.272329,2887953892,2887955002,16038,1110
29687.284291,2887961744,2887962864,15912,1120
29687.294815,2887969613,2887970729,16032,1116
29687.304331,2887977462,2887978581,16037,1119
29687.315851,2887985330,2887986450,15912,1120
29687.326376,2887993207,2887994327,16031,1120
29687.336329,2888001064,2888002179,16052,1115
29687.347419,2888008922,2888010042,16003,1120
29687.356328,2888016794,2888017905,16035,1111
29687.368335,2888024643,2888025755,16057,1112
29687.378973,2888032496,2888033617,15925,1121
29687.388327,2888040338,2888041456,16034,1118
29687.400017,2888048169,2888049281,16056,1112
29687.410533,2888056009,2888057129,15923,1120
29687.420332,2888063878,2888064997,16040,1119
29687.431579,2888071736,2888072853,16053,1117
29687.440328,2888079590,2888080711,15924,1121
29687.452327,2888087451,2888088570,16050,1119
29687.463141,2888095299,2888096422,16036,1123
29687.472328,2888103195,2888104311,15838,1116
29687.484174,2888110924,2888112046,15946,1122
29687.494700,2888118779,2888119898,15970,1119
29687.504330,2888126628,2888127744,15838,1116
29687.515734,2888134466,2888135582,15937,1116
29687.524327,2888142311,2888143434,15968,1123
29687.536331,2888150161,2888151277,15853,1116
29687.547294,2888158020,2888159145,15851,1125
29687.556331,2888165884,2888166994,15983,1110
29687.568329,2888173710,2888174824,15834,1114
29687.578853,2888181555,2888182672,15876,1117
29687.588332,2888189405,2888190526,15973,1121
29687.599891,2888197271,2888198389,15849,1118
29687.610416,2888205130,2888206248,15950,1118
29687.620332,2888212997,2888214111,15964,1114
29687.631452,2888220851,2888221967,15806,1116
29687.640328,2888228701,2888229825,15940,1124
29687.652331,2888236568,2888237687,15949,1119
29687.663012,2888244421,2888245539,15814,1118
29687.672333,2888252283,2888253399,15961,1116
29687.684059,2888260123,2888261242,15955,1119
29687.694580,2888267971,2888269089,15917,1118
29687.704329,2888275717,2888276833,16032,1116
29687.715620,2888283568,2888284677,16057,1109
29687.724329,2888291425,2888292545,15910,1120
29687.736329,2888299294,2888300414,16033,1120
29687.747178,2888307162,2888308281,16052,1119
29687.756328,2888315036,2888316160,15952,1124
29687.768214,2888322904,2888324027,16029,1123
29687.778741,2888330773,2888331894,16053,1121
29687.788333,2888338616,2888339740,15952,1124
29687.799776,2888346489,2888347607,16050,1118
29687.808332,2888354345,2888355468,16048,1123
29687.820333,2888362225,2888363344,15828,1119
29687.831335,2888370096,2888371214,15939,1118
29687.840329,2888377961,2888379084,15964,1123
29687.852331,2888385828,2888386947,15833,1119
29687.862895,2888393663,2888394780,15944,1117
29687.872332,2888401515,2888402629,16026,1114
29687.883932,2888409368,2888410483,15835,1115
29687.894454,2888417218,2888418338,15850,1120
29687.904331,2888425085,2888426204,15956,1119
29687.915492,2888432943,2888434066,15836,1123
29687.924327,2888440805,2888441924,15949,1119
29687.936336,2888448670,2888449788,15965,1118
29687.947052,2888456529,2888457654,15848,1125
29687.956331,2888464405,2888465524,15947,1119
29687.968099,2888472283,2888473401,15964,1118
29687.978613,2888480144,2888481262,15831,1118
29687.988333,2888488014,2888489130,15936,1116
29687.999660,2888495852,2888496971,15955,1119
29688.008331,2888503712,2888504824,15815,1112
29688.020336,2888511566,2888512685,15945,1119
29688.031220,2888519416,2888520527,15972,1111
29688.040326,2888527263,2888528379,15980,1116
29688.052254,2888535090,2888536202,16033,1112
29688.062780,2888542927,2888544047,16080,1120
29688.072328,2888550792,2888551912,15915,1120
29688.083815,2888558644,2888559750,15950,1106
29688.092333,2888566483,2888567602,15970,1119
29688.104330,2888574327,2888575451,15856,1124
29688.115375,2888582172,2888583290,15949,1118
29688.124332,2888590031,2888591156,15967,1125
29688.136334,2888597908,2888599032,15838,1124
29688.146937,2888605762,2888606878,15957,1116
29688.156334,2888613633,2888614757,15961,1124
29688.167972,2888621484,2888622600,15836,1116
29688.178496,2888629317,2888630429,15941,1112
29688.188328,2888637165,2888638277,15963,1112
29688.199532,2888645013,2888646134,15833,1121
29688.208329,2888652868,2888653977,15943,1109
29688.220328,2888660720,2888661841,15965,1121
29688.231095,2888668541,2888669662,15855,1121
29688.240328,2888676470,2888677580,15849,1110
29688.252139,2888684326,2888685445,15967,1119
29688.262656,2888692179,2888693297,15870,1118
29688.272335,2888700043,2888701153,15945,1110
29688.283699,2888707905,2888709029,15967,1124
29688.292328,2888715785,2888716896,15847,1111
29688.304328,2888723621,2888724733,15946,1112
29688.315260,2888731441,2888732554,15967,1113
29688.324334,2888739267,2888740385,15867,1118
29688.336294,2888747134,2888748252,15941,1118
29688.346821,2888754992,2888756113,15952,1121
29688.356329,2888762857,2888763977,15834,1120
29688.367855,2888770702,2888771813,15948,1111
29688.378380,2888778520,2888779635,15961,1115
29688.388332,2888786367,2888787484,15910,1117
29688.399415,2888794196,2888795315,15945,1119
29688.408328,2888802068,2888803187,15965,1119
29688.420335,2888809937,2888811056,15834,1119
29688.430976,2888817791,2888818909,15945,1118
29688.440329,2888825649,2888826764,15966,1115
29688.452012,2888833515,2888834631,15833,1116
29688.462536,2888841379,2888842497,15946,1118
29688.472330,2888849223,2888850337,15967,1114
29688.483575,2888857106,2888858225,15831,1119
29688.492328,2888864959,2888866074,15945,1115
29688.504329,2888872788,2888873903,15965,1115
29688.515134,2888880644,2888881760,15838,1116
29688.524330,2888888511,2888889636,15940,1125
29688.536180,2888896385,2888897508,15958,1123
29688.546694,2888904250,2888905369,15840,1119
29688.556330,2888912108,2888913220,15940,1112
29688.567740,2888919952,2888921063,15959,1111
29688.576329,2888927800,2888928918,15833,1118
29688.588329,2888935685,2888936809,15851,1124
29688.599303,2888943535,2888944646,16016,1111
29688.608334,2888951361,2888952473,15838,1112
29688.620328,2888959180,2888960287,15944,1107
29688.630860,2888967033,2888968153,15956,1120
29688.640330,2888974883,2888976006,15869,1123
29688.651895,2888982758,2888983877,15944,1119
29688.662423,2888990629,2888991742,16063,1113
29688.672331,2888998482,2888999592,15905,1110
29688.683453,2889006310,2889007427,15977,1117
29688.692331,2889014190,2889015305,15937,1115
29688.704331,2889022045,2889023156,15851,1111
29688.715015,2889029891,2889031005,15940,1114
29688.724333,2889037734,2889038852,15956,1118
29688.736058,2889045585,2889046703,15913,1118
29688.746576,2889053434,2889054553,15915,1119
29688.756330,2889061299,2889062414,15953,1115
29688.767615,2889069144,2889070262,15880,1118
29688.776331,2889076996,2889078107,15938,1111
29688.788328,2889084814,2889085926,15954,1112
29688.799173,2889092672,2889093787,15851,1115
29688.808330,2889100522,2889101632,15941,1110
29688.820218,2889108379,2889109503,15950,1124
29688.830733,2889116236,2889117351,15848,1115
29688.840334,2889124085,2889125205,15926,1120
29688.851778,2889131933,2889133052,15947,1119
29688.860330,2889139796,2889140903,15849,1107
29688.872328,2889147656,2889148777,15947,1121
29688.883339,2889155516,2889156634,15948,1118
29688.892329,2889163378,2889164504,15852,1126
29688.904328,2889171258,2889172371,15932,1113
29688.914899,2889179099,2889180219,15953,1120
29688.924329,2889186959,2889188070,15849,1111
29688.935933,2889194810,2889195921,15863,1111
29688.946460,2889202673,2889203797,15951,1124
29688.956333,2889210519,2889211640,15849,1121
29688.967495,2889218364,2889219474,15950,1110
29688.976330,2889226187,2889227305,15941,1118
29688.988329,2889234048,2889235166,15863,1118
29688.999056,2889241904,2889243023,15933,1119
29689.008328,2889249793,2889250908,15950,1115
29689.020092,2889257651,2889258765,15846,1114
29689.030616,2889265514,2889266631,15939,1117
29689.040334,2889273340,2889274459,15933,1119
29689.051653,2889281202,2889282326,15846,1124
29689.060328,2889289069,2889290192,15945,1123
29689.072330,2889296917,2889298032,15951,1115
29689.083219,2889304754,2889305871,15913,1117
29689.092332,2889312589,2889313705,15939,1116
29689.104260,2889320445,2889321557,15962,1112
29689.114773,2889328287,2889329403,15809,1116
29689.124336,2889336120,2889337239,15894,1119
29689.135819,2889343957,2889345077,15973,1120
29689.144331,2889351802,2889352916,15814,1114
29689.156329,2889359644,2889360761,15945,1117
29689.167381,2889367509,2889368624,15969,1115
29689.176327,2889375367,2889376482,15820,1115
29689.188330,2889383229,2889384349,15959,1120
29689.198943,2889391073,2889392185,16019,1112
29689.208328,2889398898,2889400010,15835,1112
29689.219977,2889406732,2889407851,15945,1119
29689.230502,2889414588,2889415706,15966,1118
29689.240331,2889422452,2889423573,15830,1121
29689.251536,2889430308,2889431427,15936,1119
29689.260329,2889438168,2889439284,15969,1116
29689.272328,2889446018,2889447133,15863,1115
29689.283094,2889453873,2889454987,15853,1114
29689.292328,2889461730,2889462846,15967,1116
29689.304132,2889469590,2889470702,15850,1112
29689.314656,2889477420,2889478531,15930,1111
29689.324331,2889485248,2889486361,15969,1113
29689.335693,2889493067,2889494179,15838,1112
29689.344328,2889500907,2889502026,15938,1119
29689.356328,2889508754,2889509873,15971,1119
29689.367256,2889516607,2889517723,15855,1116
29689.376335,2889524442,2889525558,15950,1116
29689.388300,2889532267,2889533385,15953,1118
29689.398814,2889540095,2889541207,15836,1112
29689.408332,2889547955,2889549065,15936,1110
29689.419861,2889555801,2889556916,15968,1115
29689.430381,2889563638,2889564762,15910,1124
29689.440335,2889571487,2889572597,15949,1110
29689.451421,2889579314,2889580438,15968,1124
29689.460328,2889587162,2889588277,15833,1115
29689.472332,2889595014,2889596125,15946,1111
29689.482980,2889602847,2889603964,15974,1117
29689.492332,2889610697,2889611820,15832,1123
29689.504009,2889618438,2889619557,15926,1119
29689.514542,2889626284,2889627396,15966,1112
29689.524331,2889634123,2889635235,15834,1112
29689.535577,2889641978,2889643089,15964,1111
29689.544328,2889649817,2889650935,15995,1118
29689.556330,2889657681,2889658800,15833,1119
29689.567137,2889665544,2889666668,15932,1124
29689.576327,2889673406,2889674524,15989,1118
29689.588172,2889681237,2889682349,15837,1112
29689.598694,2889689058,2889690178,15890,1120
29689.608328,2889696922,2889698043,15958,1121
29689.619733,2889704792,2889705910,15828,1118
29689.628327,2889712639,2889713758,15851,1119
29689.640328,2889720509,2889721628,15958,1119
29689.651293,2889728381,2889729504,15833,1123
29689.660328,2889736245,2889737358,15946,1113
29689.672331,2889744091,2889745215,15976,1124
29689.682856,2889751940,2889753060,15871,1120
29689.692331,2889759788,2889760905,15921,1117
29689.703901,2889767643,2889768755,15971,1112
29689.714414,2889775497,2889776622,15831,1125
29689.724327,2889783372,2889784496,15940,1124
29689.735461,2889791226,2889792343,15953,1117
29689.744330,2889799071,2889800189,15829,1118
29689.756335,2889806936,2889808048,15949,1112
29689.767022,2889814778,2889815893,15967,1115
29689.776330,2889822635,2889823746,15910,1111
29689.788056,2889830477,2889831596,15945,1119
29689.798582,2889838330,2889839446,15964,1116
29689.808331,2889846189,2889847294,15831,1105
29689.819616,2889854013,2889855120,15941,1107
29689.828330,2889861846,2889862963,15971,1117
29689.840331,2889869687,2889870806,15832,1119
29689.851176,2889877527,2889878645,15919,1118
29689.860334,2889885383,2889886491,15976,1108
29689.872213,2889893223,2889894343,15835,1120
29689.882738,2889901086,2889902195,15964,1109
29689.892330,2889908949,2889910066,15971,1117
29689.903773,2889916817,2889917931,15817,1114
29689.912328,2889924676,2889925793,15946,1117
29689.924329,2889932515,2889933622,15967,1107
29689.935333,2889940345,2889941464,15831,1119
29689.944331,2889948205,2889949316,15947,1111
29689.956329,2889956047,2889957167,15971,1120
29689.966894,2889963898,2889965019,15834,1121
29689.976333,2889971740,2889972858,15848,1118
29689.987941,2889979567,2889980686,15969,1119
29689.998454,2889987432,2889988551,15830,1119
29690.008331,2889995265,2889996374,15942,1109
29690.019503,2890003121,2890004241,15965,1120
29690.028331,2890010978,2890012096,15849,1118
29690.040336,2890018836,2890019956,15945,1120
29690.051061,2890026681,2890027799,15965,1118
29690.060328,2890034549,2890035665,15835,1116
29690.072095,2890042384,2890043501,15949,1117
29690.082622,2890050208,2890051327,15952,1119
29690.092327,2890058075,2890059194,15821,1119
29690.103656,2890065943,2890067067,15940,1124
29690.112332,2890073815,2890074939,15968,1124
29690.124334,2890081686,2890082805,15912,1119
29690.135216,2890089543,2890090668,15945,1125
29690.144330,2890097405,2890098528,15960,1123
29690.156253,2890105268,2890106379,15812,1111
29690.166775,2890113094,2890114218,15888,1124
29690.176328,2890120946,2890122062,15990,1116
29690.187814,2890128802,2890129913,15818,1111
29690.198337,2890136663,2890137783,15943,1120
29690.208332,2890144501,2890145615,15959,1114
29690.219373,2890152361,2890153480,15832,1119
29690.228329,2890160200,2890161320,15922,1120
29690.240329,2890168055,2890169173,15971,1118
29690.250934,2890175911,2890177036,15833,1125
29690.260327,2890183777,2890184893,15948,1116
29690.271981,2890191617,2890192733,15967,1116
29690.282494,2890199449,2890200560,15835,1111
29690.292333,2890207287,2890208400,15943,1113
29690.303542,2890215111,2890216216,15962,1105
29690.312333,2890222944,2890224062,15826,1118
29690.324334,2890230773,2890231889,15860,1116
29690.335102,2890238621,2890239741,15973,1120
29690.344327,2890246511,2890247632,15837,1121
29690.356137,2890254363,2890255487,15918,1124
29690.366662,2890262232,2890263353,15965,1121
29690.376332,2890270082,2890271200,15849,1118
29690.387696,2890277926,2890279042,15949,1116
29690.396332,2890285770,2890286886,15969,1116
29690.408331,2890293622,2890294731,15833,1109
29690.419256,2890301463,2890302582,15943,1119
29690.428329,2890309314,2890310433,15954,1119
29690.440295,2890317180,2890318299,15833,1119
29690.450817,2890325055,2890326162,15949,1107
29690.460331,2890332872,2890333979,15965,1107
29690.471861,2890340692,2890341804,15914,1112
29690.482378,2890348548,2890349662,15935,1114
29690.492329,2890356391,2890357500,15967,1109
29690.503414,2890364228,2890365348,15831,1120
29690.512333,2890372085,2890373210,15939,1125
29690.524329,2890379953,2890381067,16008,1114
29690.534974,2890387800,2890388915,15831,1115
29690.544327,2890395630,2890396754,15945,1124
29690.556021,2890403488,2890404597,15973,1109
29690.566535,2890411327,2890412434,15834,1107
29690.576327,2890419172,2890420282,16006,1110
29690.587581,2890427007,2890428120,15998,1113
29690.596333,2890434852,2890435972,15860,1120
29690.608331,2890442708,2890443820,15941,1112
29690.619142,2890450563,2890451687,15973,1124
29690.628332,2890458409,2890459523,15820,1114
29690.640176,2890466260,2890467379,15947,1119
29690.650703,2890474127,2890475252,15966,1125
29690.660331,2890481997,2890483114,15834,1117
29690.671735,2890489858,2890490976,15851,1118
29690.680328,2890497697,2890498817,15966,1120
29690.692333,2890505540,2890506653,15811,1113
29690.703294,2890513376,2890514494,15896,1118
29690.712331,2890521218,2890522338,15969,1120
29690.724328,2890529073,2890530178,15829,1105
29690.734857,2890536896,2890538013,15944,1117
29690.744336,2890544753,2890545872,15971,1119
29690.755893,2890552597,2890553703,15834,1106
29690.766417,2890560426,2890561545,15947,1119
29690.776329,2890568249,2890569364,15951,1115
29690.787454,2890576109,2890577223,15832,1114
29690.796332,2890583934,2890585046,15947,1112
29690.808329,2890591787,2890592903,15970,1116
29690.819022,2890599637,2890600757,15900,1120
29690.828332,2890607508,2890608621,15939,1113
29690.840061,2890615337,2890616456,15959,1119
29690.850575,2890623179,2890624290,15822,1111
29690.860336,2890631023,2890632134,15930,1111
29690.871622,2890638859,2890639975,15966,1116
29690.880328,2890646695,2890647811,15833,1116
29690.892329,2890654518,2890655629,15950,1111
29690.903184,2890662353,2890663474,15947,1121
29690.912331,2890670197,2890671320,15840,1123
29690.924217,2890678055,2890679176,15948,1121
29690.934741,2890685928,2890687045,16017,1117
29690.944330,2890693763,2890694884,15830,1121
29690.955776,2890701619,2890702736,15944,1117
29690.964328,2890709447,2890710564,15965,1117
29690.976330,2890717280,2890718398,15834,1118
29690.987337,2890725109,2890726220,15943,1111
29690.996333,2890732962,2890734082,15968,1120
29691.008335,2890740824,2890741938,15829,1114
29691.018895,2890748663,2890749775,15853,1112
29691.028328,2890756499,2890757610,15965,1111
29691.039933,2890764354,2890765472,15831,1118
29691.050459,2890772194,2890773319,15940,1125
29691.060326,2890780049,2890781161,15966,1112
29691.071493,2890787891,2890789007,15828,1116
29691.080330,2890795717,2890796830,15895,1113
29691.092335,2890803572,2890804687,15985,1115
29691.103057,2890811412,2890812531,15865,1119
29691.112329,2890819266,2890820373,15949,1107
29691.124101,2890827100,2890828206,15955,1106
29691.136112,2890836038,2890837153,15896,1115
29691.146647,2890843864,2890844976,15971,1112
29691.156330,2890851699,2890852812,15831,1113
29691.167678,2890859524,2890860634,15848,1110
29691.176332,2890867359,2890868469,15968,1110
29691.188334,2890875182,2890876302,15852,1120
29691.199240,2890883039,2890884159,15946,1120
29691.208330,2890890884,2890892001,15993,1117
29691.220279,2890898731,2890899849,15875,1118
29691.230800,2890906572,2890907683,15945,1111
29691.240328,2890914398,2890915510,15966,1112
29691.251837,2890922240,2890923356,15825,1116
29691.262361,2890930077,2890931193,15946,1116
29691.272328,2890937918,2890939037,15950,1119
29691.283397,2890945748,2890946859,15834,1111
29691.292327,2890953571,2890954683,15944,1112
29691.304329,2890961386,2890962501,15963,1115
29691.314967,2890969226,2890970333,15899,1107
29691.324332,2890977055,2890978165,15946,1110
29691.336005,2890984882,2890986003,15959,1121
29691.346518,2890992753,2890993866,15836,1113
29691.356333,2891000598,2891001710,15943,1112
29691.367564,2891008436,2891009548,15973,1112
29691.376332,2891016254,2891017366,15831,1112
29691.388332,2891024092,2891025201,15950,1109
29691.399125,2891031924,2891033039,15969,1115
29691.408328,2891039750,2891040866,15826,1116
29691.420160,2891047583,2891048698,15962,1115
29691.430685,2891055421,2891056543,15971,1122
29691.440332,2891063270,2891064391,15842,1121
29691.451725,2891071132,2891072253,15999,1121
29691.460329,2891078986,2891080110,15918,1124
29691.472328,2891086831,2891087944,15851,1113
29691.483285,2891094665,2891095789,15994,1124
29691.492328,2891102527,2891103643,15915,1116
29691.504316,2891110369,2891111479,15824,1110
29691.514839,2891118203,2891119319,15851,1116
29691.524328,2891126056,2891127174,15968,1118
29691.535880,2891133905,2891135030,15861,1125
29691.546401,2891141772,2891142885,15943,1113
29691.556327,2891149607,2891150722,15970,1115
29691.567437,2891157447,2891158553,15824,1106
29691.576328,2891165251,2891166366,15944,1115
29691.588330,2891173071,2891174179,15969,1108
29691.598998,2891180907,2891182029,15825,1122
29691.608330,2891188770,2891189889,15941,1119
29691.620044,2891196605,2891197724,15955,1119
29691.630561,2891204439,2891205559,15859,1120
29691.640328,2891212295,2891213405,15943,1110
29691.651605,2891220120,2891221244,15967,1124
29691.660332,2891227987,2891229105,15913,1118
29691.672328,2891235843,2891236959,15937,1116
29691.683166,2891243695,2891244813,15969,1118
29691.692335,2891251561,2891252670,15817,1109
29691.704199,2891259397,2891260516,15919,1119
29691.714724,2891267249,2891268368,15962,1119
29691.724331,2891275079,2891276194,15836,1115
29691.735760,2891282889,2891283996,15947,1107
29691.744328,2891290713,2891291832,15973,1119
29691.756330,2891298556,2891299669,15862,1113
29691.767322,2891306393,2891307511,15924,1118
29691.776331,2891314244,2891315364,15967,1120
29691.788335,2891322077,2891323193,15831,1116
29691.798881,2891329911,2891331036,15913,1125
29691.808330,2891337778,2891338895,15970,1117
29691.819917,2891345605,2891346723,15830,1118
29691.830441,2891353458,2891354577,15944,1119
29691.840335,2891361323,2891362438,15966,1115
29691.851479,2891369164,2891370275,15831,1111
29691.860330,2891377005,2891378114,15849,1109
29691.872330,2891384812,2891385927,15966,1115
29691.883037,2891392640,2891393752,15833,1112
29691.892330,2891400485,2891401592,15948,1107
29691.904085,2891408310,2891409435,15972,1125
29691.914598,2891416162,2891417274,15850,1112
29691.924330,2891423975,2891425088,15947,1113
29691.935645,2891431789,2891432895,15964,1106
29691.944327,2891439606,2891440718,15835,1112
29691.956334,2891447429,2891448549,15964,1120
29691.967206,2891455271,2891456390,15951,1119
29691.976330,2891463121,2891464233,15838,1112
29691.988239,2891470960,2891472076,15933,1116
29691.998768,2891478782,2891479906,15972,1124
29692.008330,2891486648,2891487771,15911,1123
29692.019800,2891494488,2891495600,15944,1112
29692.028331,2891502327,2891503447,15973,1120
29692.040331,2891510177,2891511282,15830,1105
29692.051361,2891517995,2891519110,15944,1115
29692.060332,2891525820,2891526931,15971,1111
29692.072328,2891533653,2891534774,15819,1121
29692.082921,2891541500,2891542606,15938,1106
29692.092331,2891549352,2891550468,15991,1116
29692.103959,2891557179,2891558289,15827,1110
29692.114483,2891565002,2891566118,15957,1116
29692.124328,2891572838,2891573954,15999,1116
29692.135517,2891580678,2891581783,15827,1105
29692.144328,2891588485,2891589597,15949,1112
29692.156333,2891596336,2891597448,16003,1112
29692.167077,2891604182,2891605293,15827,1111
29692.176335,2891612056,2891613172,15945,1116
29692.188125,2891619906,2891621018,15972,1112
29692.198638,2891627738,2891628850,15831,1112
29692.208329,2891635570,2891636688,15852,1118
29692.219685,2891643401,2891644513,15970,1112
29692.228336,2891651233,2891652347,15859,1114
29692.240327,2891659089,2891660202,15921,1113
29692.251245,2891666919,2891668034,15971,1115
29692.260328,2891674756,2891675867,15849,1111
29692.272280,2891682578,2891683690,15945,1112
29692.282806,2891690398,2891691505,15958,1107
29692.292328,2891698205,2891699322,15827,1117
29692.303840,2891706043,2891707156,15943,1113
29692.314366,2891713873,2891714984,15953,1111
29692.324326,2891721697,2891722810,15832,1113
29692.335400,2891729540,2891730649,15948,1109
29692.344330,2891737368,2891738492,15973,1124
29692.356328,2891745220,2891746338,15894,1118
29692.366961,2891753057,2891754169,15935,1112
29692.376329,2891760881,2891761994,15968,1113
29692.387997,2891768703,2891769818,15831,1115
29692.398521,2891776534,2891777649,15941,1115
29692.408330,2891784359,2891785479,15969,1120
29692.419558,2891792215,2891793325,15825,1110
29692.428328,2891800045,2891801157,15946,1112
29692.440328,2891807869,2891808981,15967,1112
29692.451118,2891815694,2891816814,15828,1120
29692.460331,2891823583,2891824695,15955,1112
29692.472165,2891831411,2891832527,15969,1116
29692.482678,2891839255,2891840375,15823,1120
29692.492328,2891847089,2891848205,15940,1116
29692.503727,2891854954,2891856075,15988,1121
29692.512330,2891862806,2891863919,15831,1113
29692.524330,2891870639,2891871749,15944,1110
29692.535286,2891878460,2891879571,15967,1111
29692.544331,2891886273,2891887385,15832,1112
29692.556318,2891894110,2891895229,15846,1119
29692.566848,2891901962,2891903083,16118,1121
29692.576327,2891909810,2891910922,15916,1112
29692.587881,2891917633,2891918748,16037,1115
29692.598409,2891925473,2891926593,16107,1120
29692.608328,2891933310,2891934424,15965,1114
29692.619440,2891941138,2891942255,16019,1117
29692.628331,2891948972,2891950084,16057,1112
29692.640327,2891956795,2891957910,15921,1115
29692.651001,2891964630,2891965741,16003,1111
29692.660328,2891972463,2891973578,16039,1115
29692.672037,2891980306,2891981426,15910,1120
29692.682562,2891988140,2891989258,16032,1118
29692.692330,2891995986,2891997099,16049,1113
29692.703606,2892003828,2892004938,15998,1110
29692.712330,2892011643,2892012758,16033,1115
29692.724328,2892019469,2892020585,16053,1116
29692.735158,2892027316,2892028434,15924,1118
29692.744351,2892035161,2892036277,16031,1116
29692.756203,2892043016,2892044131,16057,1115
29692.766714,2892050828,2892051950,15778,1122
29692.776329,2892058682,2892059801,15948,1119
29692.787765,2892066523,2892067634,15967,1111
29692.796330,2892074360,2892075471,15832,1111
29692.808334,2892082189,2892083298,15961,1109
29692.819326,2892090012,2892091123,15965,1111
29692.828330,2892097837,2892098951,15835,1114
29692.840333,2892105686,2892106799,15944,1113
29692.850886,2892113525,2892114639,15966,1114
29692.860328,2892121345,2892122458,15834,1113
29692.871920,2892129187,2892130306,15946,1119
29692.882447,2892137015,2892138132,15964,1117
29692.892327,2892144837,2892145953,15829,1116
29692.903479,2892152659,2892153766,15850,1107
29692.912330,2892160458,2892161572,15964,1114
29692.924331,2892168268,2892169377,15833,1109
29692.935041,2892176099,2892177210,15936,1111
29692.944332,2892183947,2892185063,15962,1116
29692.956077,2892191781,2892192889,15845,1108
29692.966601,2892199598,2892200714,15946,1116
29692.976334,2892207441,2892208557,15969,1116
29692.987638,2892215282,2892216391,15834,1109
29692.996335,2892223104,2892224216,15943,1112
29693.008328,2892230960,2892232071,15957,1111
29693.019198,2892238806,2892239919,15811,1113
29693.028329,2892246625,2892247732,15946,1107
29693.040245,2892254437,2892255552,15959,1115
29693.050766,2892262257,2892263371,15912,1114
29693.060332,2892270086,2892271200,15888,1114
29693.071805,2892277916,2892279032,15971,1116
29693.080328,2892285742,2892286854,15831,1112
29693.092329,2892293566,2892294682,15892,1116
29693.103366,2892301431,2892302543,15992,1112
29693.112328,2892309250,2892310369,15862,1119
29693.124329,2892317076,2892318189,15944,1113
29693.134926,2892324905,2892326026,15970,1121
29693.144328,2892332744,2892333860,15829,1116
29693.155962,2892340566,2892341676,15966,1110
29693.166487,2892348393,2892349508,15967,1115
29693.176331,2892356221,2892357342,15832,1121
29693.187521,2892364065,2892365186,15946,1121
29693.196330,2892371894,2892373014,15968,1120
29693.208332,2892379723,2892380839,15834,1116
29693.219081,2892387558,2892388665,15945,1107
29693.228329,2892395577,2892396697,15985,1120
29693.240125,2892403455,2892404580,15919,1125
29693.250638,2892411303,2892412420,15826,1117
29693.260337,2892419173,2892420296,15981,1123
29693.271686,2892427033,2892428158,15911,1125
29693.280329,2892434920,2892436039,15616,1119
29693.292335,2892442786,2892443903,15691,1117
29693.303247,2892450663,2892451788,15924,1125
29693.312329,2892458498,2892459619,15845,1121
29693.324285,2892466367,2892467486,15697,1119
29693.334805,2892474255,2892475378,15696,1123
29693.344332,2892482123,2892483248,15852,1125
29693.355845,2892489981,2892491101,15997,1120
29693.366367,2892497838,2892498960,15915,1122
29693.376332,2892505691,2892506813,15649,1122
29693.387405,2892513594,2892514712,15621,1118
29693.396332,2892521449,2892522569,15914,1120
29693.408328,2892529299,2892530419,15853,1120
29693.418965,2892537145,2892538262,15980,1117
29693.428328,2892544988,2892546104,15914,1116
29693.439998,2892552847,2892553963,15843,1116
29693.450524,2892560673,2892561791,15975,1118
29693.460331,2892568498,2892569610,15846,1112
29693.471561,2892576335,2892577447,15951,1112
29693.480328,2892584164,2892585284,16001,1120
29693.492329,2892591990,2892593102,15844,1112
29693.503123,2892599823,2892600934,15958,1111
29693.512330,2892607669,2892608779,15961,1110
29693.524157,2892615475,2892616592,15844,1117
29693.534681,2892623333,2892624449,15945,1116
29693.544327,2892631198,2892632318,15957,1120
29693.555718,2892639046,2892640162,15850,1116
29693.564333,2892646867,2892647984,15945,1117
29693.576332,2892654703,2892655815,15958,1112
29693.587280,2892662502,2892663620,15842,1118
29693.596331,2892670340,2892671452,15851,1112
29693.608325,2892678160,2892679279,15966,1119
29693.618839,2892686023,2892687138,15814,1115
29693.628334,2892693848,2892694963,15890,1115
29693.639886,2892701683,2892702797,15965,1114
29693.650399,2892709492,2892710604,15838,1112
29693.660333,2892717312,2892718433,15932,1121
29693.671446,2892725144,2892726263,15961,1119
29693.680332,2892732993,2892734104,15824,1111
29693.692330,2892740810,2892741915,15945,1105
29693.703008,2892748631,2892749751,15951,1120
29693.712331,2892756466,2892757577,15831,1111
29693.724040,2892764283,2892765396,15947,1113
29693.734567,2892772111,2892773230,15964,1119
29693.744333,2892779933,2892781049,15911,1116
29693.755602,2892787766,2892788873,15939,1107
29693.764330,2892795593,2892796700,15970,1107
29693.776335,2892803434,2892804553,15854,1119
29693.787158,2892811283,2892812408,15925,1125
29693.796331,2892819153,2892820272,15972,1119
29693.808198,2892826993,2892828106,15828,1113
29693.818722,2892834816,2892835931,15940,1115
29693.828330,2892842652,2892843771,15970,1119
29693.839759,2892850484,2892851600,15834,1116
29693.848332,2892858342,2892859453,15969,1111
29693.860328,2892866166,2892867284,15968,1118
29693.871319,2892874001,2892875117,15830,1116
29693.880328,2892881822,2892882938,15942,1116
29693.892335,2892889662,2892890779,15974,1117
29693.902879,2892897480,2892898596,15830,1116
29693.912330,2892905309,2892906425,15938,1116
29693.923926,2892913156,2892914271,15965,1115
29693.934440,2892921008,2892922124,15833,1116
29693.944327,2892928838,2892929954,15841,1116
29693.955486,2892936673,2892937783,15967,1110
29693.964328,2892944494,2892945610,15832,1116
29693.976328,2892952342,2892953456,15946,1114
29693.987047,2892960189,2892961304,15967,1115
29693.996334,2892968024,2892969137,15849,1113
29694.008080,2892975844,2892976958,15946,1114
29694.018608,2892983660,2892984772,15959,1112
29694.028328,2892991486,2892992598,15830,1112
29694.039641,2892999304,2893000415,15947,1111
29694.048327,2893007128,2893008244,15944,1116
29694.060335,2893014974,2893016086,15826,1112
29694.071202,2893022802,2893023914,15946,1112
29694.096331,2893035628,2893036244,11969,616
29694.107273,2893039611,2893040237,12092,626
29694.116332,2893045955,2893047064,15954,1109
29694.128308,2893053761,2893054872,15836,1111
29694.138831,2893061580,2893062692,15944,1112
29694.148331,2893069405,2893070520,15948,1115
29694.159867,2893077226,2893078340,15839,1114
29694.170391,2893085067,2893086180,15944,1113
29694.180334,2893092882,2893093997,15952,1115
29694.191435,2893100692,2893101798,15918,1106
29694.200331,2893108525,2893109634,15935,1109
29694.212332,2893116357,2893117470,15966,1113
29694.222988,2893124178,2893125288,15910,1110
29694.232334,2893132011,2893133125,16029,1114
29694.244035,2893139855,2893140969,16054,1114
29694.254548,2893147673,2893148790,15924,1117
29694.264333,2893155497,2893156609,16030,1112
29694.275596,2893163341,2893164460,16057,1119
29694.284332,2893171181,2893172293,15923,1112
29694.296328,2893178994,2893180112,16023,1118
29694.307155,2893186853,2893187968,16052,1115
29694.316328,2893194670,2893195786,15918,1116
29694.328189,2893202501,2893203613,16026,1112
29694.338716,2893210331,2893211436,16053,1105
29694.348329,2893218152,2893219265,15922,1113
29694.359751,2893225974,2893227094,16002,1120
29694.368334,2893233810,2893234924,16050,1114
29694.380329,2893241638,2893242754,15924,1116
29694.391309,2893249471,2893250587,15942,1116
29694.400330,2893257335,2893258451,16038,1116
29694.412333,2893265169,2893266283,15836,1114
29694.422871,2893273012,2893274128,15942,1116
29694.432335,2893280846,2893281962,15962,1116
29694.443907,2893288688,2893289799,15836,1111
29694.454431,2893296522,2893297639,15951,1117
29694.464330,2893304342,2893305461,15954,1119
29694.475467,2893312200,2893313311,15836,1111
29694.484333,2893320021,2893321142,15944,1121
29694.496329,2893327849,2893328965,15955,1116
29694.507028,2893335676,2893336791,15838,1115
29694.516331,2893343525,2893344646,15934,1121
29694.528074,2893351363,2893352486,15969,1123
29694.538596,2893359197,2893360306,15916,1109
29694.548330,2893367010,2893368126,15945,1116
29694.559635,2893374842,2893375963,15956,1121
29694.568330,2893382687,2893383803,15833,1116
29694.580332,2893390522,2893391634,15950,1112
29694.591194,2893396880,2893397995,15902,1115
29694.600333,2893404704,2893405818,15831,1114
29694.612230,2893412541,2893413653,15945,1112
29694.622756,2893420362,2893421477,15957,1115
29694.632329,2893428190,2893429301,15839,1111
29694.643791,2893436005,2893437120,15961,1115
29694.652330,2893443830,2893444942,15964,1112
29694.664333,2893451648,2893452762,15838,1114
29694.675350,2893459467,2893460584,15939,1117
29694.684332,2893467302,2893468410,15969,1108
29694.696336,2893475117,2893476229,15835,1112
29694.706911,2893482947,2893484058,15949,1111
29694.716332,2893490778,2893491890,15965,1112
29694.727947,2893498616,2893499726,15817,1110
29694.738469,2893506437,2893507550,15853,1113
29694.748331,2893514256,2893515372,15964,1116
29694.759507,2893522086,2893523203,15836,1117
29694.768330,2893529915,2893531032,15946,1117
29694.780332,2893537740,2893538851,15959,1111
29694.791068,2893545559,2893546674,15852,1115
29694.800333,2893553414,2893554528,15940,1114
29694.812116,2893561300,2893562407,15967,1107
29694.822629,2893569140,2893570253,15835,1113
29694.832329,2893576961,2893578075,15947,1114
29694.843675,2893584672,2893585792,16035,1120
29694.852330,2893592510,2893593631,15925,1121
29694.864328,2893600339,2893601451,16031,1112
29694.875235,2893608156,2893609268,16044,1112
29694.884328,2893615974,2893617089,16004,1115
29694.896270,2893623806,2893624918,15939,1112
29694.906796,2893631637,2893632751,15965,1114
29694.916328,2893639464,2893640577,15832,1113
29694.927830,2893647288,2893648401,15944,1113
29694.938355,2893655114,2893656230,15965,1116
29694.948328,2893662945,2893664057,15836,1112
29694.959391,2893670764,2893671879,15949,1115
29694.968329,2893678594,2893679706,15953,1112
29694.980334,2893686418,2893687535,15927,1117
29694.990952,2893694244,2893695365,16050,1121
29695.000331,2893702113,2893703229,16053,1116
29695.011987,2893709913,2893711026,15832,1113
29695.022511,2893717732,2893718852,15946,1120
29695.032329,2893725576,2893726697,15967,1121
29695.043548,2893733410,2893734520,15838,1110
29695.052329,2893741232,2893742342,15935,1110
29695.064327,2893749052,2893750167,15966,1115
29695.075108,2893756894,2893758011,15827,1117
29695.084329,2893764761,2893765877,15849,1116
29695.096155,2893772585,2893773697,15965,1112
29695.106672,2893780421,2893781538,15952,1117
29695.116334,2893788257,2893789370,16031,1113
29695.127715,2893796071,2893797182,16049,1111
29695.136333,2893803899,2893805014,15933,1115
29695.148329,2893811718,2893812835,15947,1117
29695.159275,2893819550,2893820665,15954,1115
29695.168332,2893827369,2893828486,15921,1117
29695.180310,2893835198,2893836310,16035,1112
29695.190836,2893843011,2893844137,16038,1126
29695.200333,2893850858,2893851975,15923,1117
29695.211870,2893858696,2893859811,15947,1115
29695.222396,2893866532,2893867648,15953,1116
29695.232328,2893874372,2893875493,15913,1121
29695.243430,2893882210,2893883324,15945,1114
29695.252331,2893890039,2893891151,15961,1112
29695.264328,2893897866,2893898982,15835,1116
29695.274991,2893905708,2893906819,15941,1111
29695.284327,2893913531,2893914646,15967,1115
29695.296027,2893921362,2893922474,15835,1112
29695.306552,2893929186,2893930301,15945,1115
29695.316329,2893937011,2893938121,15960,1110
29695.327588,2893944834,2893945946,15839,1112
29695.336332,2893952656,2893953762,15961,1106
29695.348331,2893960473,2893961579,15963,1106
29695.359148,2893968276,2893969384,15832,1108
29695.368334,2893976090,2893977209,15946,1119
29695.380195,2893983919,2893985028,15963,1109
29695.390709,2893991729,2893992839,15837,1110
29695.400329,2893999557,2894000677,15943,1120
29695.411755,2894007382,2894008492,15967,1110
29695.420333,2894015206,2894016322,15834,1116
29695.432331,2894023038,2894024153,15840,1115
29695.443315,2894030865,2894031977,15965,1112
29695.452328,2894038691,2894039796,15838,1105
29695.464329,2894046504,2894047619,15945,1115
29695.474876,2894054337,2894055457,15965,1120
29695.484329,2894062174,2894063289,15853,1115
29695.495911,2894069993,2894071104,15949,1111
29695.506439,2894077819,2894078934,15968,1115
29695.516330,2894085645,2894086754,15925,1109
29695.527471,2894093459,2894094571,16032,1112
29695.536330,2894101283,2894102397,16042,1114
29695.548337,2894109115,2894110231,15924,1116
29695.559031,2894116932,2894118050,16031,1118
29695.568328,2894124789,2894125907,16056,1118
29695.580075,2894132628,2894133744,16000,1116
29695.590592,2894140465,2894141578,16034,1113
29695.600327,2894148283,2894149392,16050,1109
29695.611628,2894156098,2894157205,15925,1107
29695.620328,2894163916,2894165029,16032,1113
29695.632329,2894171752,2894172868,15986,1116
29695.643188,2894179580,2894180697,15834,1117
29695.652331,2894187412,2894188524,15949,1112
29695.664235,2894195232,2894196348,15965,1116
29695.674749,2894203071,2894204192,15835,1121
29695.684328,2894210910,2894212017,15961,1107
29695.695795,2894218750,2894219866,15970,1116
29695.704334,2894226592,2894227703,15839,1111
29695.716330,2894234431,2894235556,15880,1125
29695.727356,2894242278,2894243397,15957,1119
29695.736333,2894250115,2894251231,15829,1116
29695.748328,2894257947,2894259067,15943,1120
29695.758916,2894265777,2894266893,15965,1116
29695.768327,2894273606,2894274718,15825,1112
29695.779949,2894281436,2894282560,15851,1124
29695.790476,2894289294,2894290416,15965,1122
29695.800331,2894297134,2894298246,15837,1112
29695.811511,2894304957,2894306069,15942,1112
29695.820329,2894312773,2894313886,16046,1113
29695.832336,2894320529,2894321642,15849,1113
29695.843071,2894328362,2894329478,15947,1116
29695.852331,2894336218,2894337329,15955,1111
29695.864108,2894344053,2894345170,15837,1117
29695.874632,2894351878,2894352994,15945,1116
29695.884328,2894359566,2894360686,16039,1120
29695.895670,2894367400,2894368520,15949,1120
29695.904328,2894375247,2894376361,16032,1114
29695.916333,2894383049,2894384165,15959,1116
29695.927235,2894390877,2894391997,15911,1120
29695.936328,2894398620,2894399736,15846,1116
29695.948275,2894406450,2894407572,15993,1122
29695.958797,2894414288,2894415406,15921,1118
29695.968327,2894422119,2894423237,15836,1118
29695.979835,2894429951,2894431068,15995,1117
29695.990356,2894437785,2894438899,15915,1114
29696.000333,2894445599,2894446711,15948,1112
29696.011396,2894453436,2894454548,15964,1112
29696.020330,2894461284,2894462407,15832,1123
29696.032332,2894469132,2894470244,15949,1112
29696.042958,2894476967,2894478079,15963,1112
29696.052333,2894484784,2894485895,15825,1111
29696.063991,2894492604,2894493722,15940,1118
29696.074517,2894500423,2894501535,15968,1112
29696.084327,2894508253,2894509369,15841,1116
29696.095551,2894516071,2894517182,15939,1111
29696.104328,2894523899,2894525014,15965,1115
29696.116329,2894531727,2894532845,15862,1118
29696.127110,2894539558,2894540667,15837,1109
29696.136333,2894547370,2894548486,15966,1116
29696.148148,2894555204,2894556319,15816,1115
29696.158672,2894562935,2894564048,15946,1113
29696.168328,2894570752,2894571868,15967,1116
29696.179711,2894578586,2894579711,15875,1125
29696.188334,2894586440,2894587560,15946,1120
29696.200331,2894594276,2894595382,15965,1106
29696.211271,2894602092,2894603216,15862,1124
29696.220328,2894609938,2894611053,15945,1115
29696.232316,2894617771,2894618882,15946,1111
29696.242831,2894625613,2894626731,15833,1118
29696.252329,2894633450,2894634562,15942,1112
29696.263876,2894641270,2894642385,15962,1115
29696.274397,2894649087,2894650199,15915,1112
29696.284328,2894656923,2894658034,15943,1111
29696.295436,2894664762,2894665874,15968,1112
29696.304331,2894672589,2894673699,15842,1110
29696.316329,2894680417,2894681530,15934,1113
29696.326995,2894688256,2894689367,15965,1111
29696.336331,2894696080,2894697201,15852,1121
29696.348031,2894703928,2894705040,15946,1112
29696.358557,2894711750,2894712871,15959,1121
29696.368336,2894719574,2894720689,15838,1115
29696.379593,2894727258,2894728369,15963,1111
29696.388331,2894735074,2894736194,15971,1120
29696.400329,2894742900,2894744015,15825,1115
29696.411152,2894750725,2894751841,15949,1116
29696.420327,2894758550,2894759660,15963,1110
29696.432189,2894766379,2894767494,15835,1115
29696.442714,2894774213,2894775329,15946,1116
29696.452331,2894782046,2894783154,15965,1108
29696.463749,2894789857,2894790971,15824,1114
29696.472330,2894797674,2894798793,15846,1119
29696.484331,2894805515,2894806634,15967,1119
29696.495309,2894813351,2894814458,15839,1107
29696.504333,2894821171,2894822288,15943,1117
29696.516329,2894828983,2894830100,15967,1117
29696.526869,2894836803,2894837922,15850,1119
29696.536331,2894844633,2894845753,15946,1120
29696.547915,2894852461,2894853576,15964,1115
29696.558429,2894860304,2894861411,15835,1107
29696.568329,2894868150,2894869263,15941,1113
29696.579477,2894875982,2894877101,15950,1119
29696.588328,2894883805,2894884917,15839,1112
29696.600327,2894891627,2894892747,15937,1120
29696.611037,2894899455,2894900567,15962,1112
29696.620330,2894907301,2894908415,15912,1114
29696.632071,2894915132,2894916248,15945,1116
29696.644091,2894924057,2894925167,15809,1110
29696.654615,2894931865,2894932984,15945,1119
29696.664328,2894939692,2894940809,15965,1117
29696.675652,2894947534,2894948649,15826,1115
29696.684332,2894955367,2894956483,15944,1116
29696.696335,2894963210,2894964326,16014,1116
29696.707212,2894971039,2894972146,15825,1107
29696.716332,2894978866,2894979982,15937,1116
29696.728259,2894986687,2894987797,15943,1110
29696.738773,2894994519,2894995635,15842,1116
29696.748327,2895002355,2895003471,15944,1116
29696.759819,2895010191,2895011303,15961,1112
29696.768328,2895018028,2895019146,15914,1118
29696.780336,2895025861,2895026976,15940,1115
29696.791379,2895033692,2895034807,15965,1115
29696.800329,2895041521,2895042632,15841,1111
29696.812332,2895049351,2895050470,15918,1119
29696.822938,2895057189,2895058308,15966,1119
29696.832331,2895065025,2895066146,15829,1121
29696.843974,2895072861,2895073974,15942,1113
29696.854500,2895080692,2895081806,15953,1114
29696.864331,2895088519,2895089635,15832,1116
29696.875536,2895096342,2895097463,15963,1121
29696.884329,2895104171,2895105286,15966,1115
29696.896329,2895112006,2895113124,15825,1118
29696.907096,2895119839,2895120954,15943,1115
29696.916328,2895127685,2895128802,15965,1117
29696.928132,2895135532,2895136647,15829,1115
29696.938655,2895143348,2895144458,15941,1110
29696.948329,2895151166,2895152281,15966,1115
29696.959692,2895158981,2895160093,15835,1112
29696.968333,2895166806,2895167923,15848,1117
29696.980329,2895174637,2895175757,15968,1120
29696.991252,2895182461,2895183581,15842,1120
29697.000328,2895190307,2895191420,15942,1113
29697.012299,2895198127,2895199239,15965,1112
29697.022813,2895205953,2895207071,15851,1118
29697.032328,2895213777,2895214896,15949,1119
29697.043860,2895221624,2895222739,15967,1115
29697.054374,2895229471,2895230590,15925,1119
29697.064330,2895237318,2895238432,16034,1114
29697.075420,2895245139,2895246256,16037,1117
29697.084334,2895252969,2895254085,15923,1116
29697.096332,2895260802,2895261917,16028,1115
29697.106980,2895268623,2895269735,16055,1112
29697.116330,2895276468,2895277584,15979,1116
29697.128014,2895284293,2895285400,16025,1107
29697.138540,2895292117,2895293232,16055,1115
29697.148331,2895299949,2895301054,15921,1105
29697.159575,2895307771,2895308883,16036,1112
29697.168328,2895315596,2895316716,15969,1120
29697.180328,2895323424,2895324540,15838,1116
29697.191135,2895331247,2895332368,15945,1121
29697.200328,2895339080,2895340200,15965,1120
29697.212172,2895346923,2895348032,15836,1109
29697.222697,2895354744,2895355862,15965,1118
29697.232335,2895362570,2895363689,15964,1119
29697.243732,2895370404,2895371521,15838,1117
29697.252333,2895378232,2895379345,15941,1113
29697.264334,2895386073,2895387186,15949,1113
29697.275293,2895393909,2895395025,15839,1116
29697.284328,2895401728,2895402840,15947,1112
29697.296337,2895409550,2895410664,15963,1114
29697.306852,2895417364,2895418481,15839,1117
29697.316328,2895425186,2895426298,15853,1112
29697.327899,2895433011,2895434123,15964,1112
29697.338413,2895440834,2895441948,15835,1114
29697.348330,2895448652,2895449764,15947,1112
29697.359460,2895456475,2895457596,15969,1121
29697.368333,2895464323,2895465433,15849,1110
29697.380328,2895472148,2895473260,15949,1112
29697.391020,2895479975,2895481096,15960,1121
29697.400334,2895487818,2895488935,15832,1117
29697.412054,2895495643,2895496755,15947,1112
29697.422580,2895503458,2895504572,15944,1114
29697.432331,2895511283,2895512393,15832,1110
29697.443614,2895519108,2895520223,15942,1115
29697.452335,2895526925,2895528037,15966,1112
29697.464331,2895534717,2895535835,15913,1118
29697.475175,2895542553,2895543674,15948,1121
29697.484336,2895550388,2895551499,15965,1111
29697.496212,2895558205,2895559317,15835,1112
29697.506735,2895566027,2895567137,15934,1110
29697.516333,2895573847,2895574960,15960,1113
29697.527772,2895581671,2895582783,15832,1112
29697.536329,2895589494,2895590605,15941,1111
29697.548333,2895597310,2895598427,15953,1117
29697.559332,2895605145,2895606258,15837,1113
29697.568327,2895612962,2895614073,15961,1111
29697.580334,2895620778,2895621894,15968,1116
29697.590893,2895628598,2895629713,15835,1115
29697.600327,2895636413,2895637525,15943,1112
29697.611940,2895644226,2895645342,15964,1116
29697.622454,2895652051,2895653162,15840,1111
29697.632327,2895659874,2895660985,15945,1111
29697.643500,2895667712,2895668819,15970,1107
29697.652335,2895675537,2895676651,15836,1114
29697.664328,2895683382,2895684495,15852,1113
29697.675059,2895691207,2895692315,15952,1108
29697.684332,2895699045,2895700153,15828,1108
29697.696094,2895706866,2895707983,15942,1117
29697.706621,2895714695,2895715811,15951,1116
29697.716330,2895722519,2895723636,15864,1117
29697.727654,2895730338,2895731450,15943,1112
29697.736331,2895738153,2895739264,15952,1111
29697.748332,2895745970,2895747085,15848,1115
29697.759215,2895753800,2895754912,15940,1112
29697.768327,2895761614,2895762732,15938,1118
29697.780252,2895769446,2895770563,15853,1117
29697.790776,2895777276,2895778396,15995,1120
29697.800331,2895785126,2895786237,16039,1111
29697.811818,2895792953,2895794064,16004,1111
29697.822338,2895800769,2895801881,16027,1112
29697.832328,2895808604,2895809716,16042,1112
29697.843373,2895816435,2895817548,15849,1113
29697.852330,2895824257,2895825375,15946,1118
29697.864328,2895832081,2895833198,15943,1117
29697.874933,2895839919,2895841024,15852,1105
29697.884329,2895847746,2895848848,15937,1102
29697.895979,2895855557,2895856669,15950,1112
29697.906493,2895863377,2895864497,15841,1120
29697.916333,2895871213,2895872330,15962,1117
29697.927538,2895879034,2895880144,15956,1110
29697.936327,2895886860,2895887976,15853,1116
29697.948331,2895894694,2895895801,15943,1107
29697.959099,2895902516,2895903628,15951,1112
29697.968329,2895910177,2895911290,15852,1113
29697.980135,2895918015,2895919131,15941,1116
29697.990659,2895925847,2895926964,15954,1117
29698.000336,2895933681,2895934800,15854,1119
29698.011693,2895941511,2895942629,15859,1118
29698.020329,2895949347,2895950458,15952,1111
29698.032331,2895957179,2895958284,15848,1105
29698.043255,2895964997,2895966115,15945,1118
29698.052330,2895972835,2895973949,15944,1114
29698.064291,2895980654,2895981772,15859,1118
29698.074816,2895988460,2895989574,15940,1114
29698.084328,2895996296,2895997406,16004,1110
29698.095852,2896004165,2896005277,15842,1112
29698.106376,2896012006,2896013119,15939,1113
29698.116331,2896019835,2896020947,15935,1112
29698.127413,2896027658,2896028770,15848,1112
29698.136328,2896035488,2896036613,15888,1125
29698.148332,2896043324,2896044436,15954,1112
29698.158979,2896051148,2896052256,15911,1108
29698.168328,2896058970,2896060085,15941,1115
29698.180020,2896066821,2896067938,15998,1117
29698.190533,2896074649,2896075755,15848,1106
29698.200329,2896082461,2896083577,15945,1116
29698.211577,2896090296,2896091416,15957,1120
29698.220328,2896098141,2896099253,15891,1112
29698.232335,2896105972,2896107080,15945,1108
29698.243139,2896113779,2896114891,15953,1112
29698.252327,2896121632,2896122741,15845,1109
29698.264176,2896129445,2896130561,15961,1116
29698.274700,2896137266,2896138384,15982,1118
29698.284332,2896145099,2896146210,15833,1111
29698.295735,2896152932,2896154049,15947,1117
29698.304333,2896160760,2896161877,15954,1117
29698.316330,2896168581,2896169696,15840,1115
29698.327295,2896176409,2896177524,15944,1115
29698.336330,2896184230,2896185343,15960,1113
29698.348328,2896192056,2896193162,15841,1106
29698.358854,2896199868,2896200977,15862,1109
29698.368334,2896207691,2896208812,15957,1121
29698.379892,2896215527,2896216639,15846,1112
29698.390416,2896223372,2896224488,15939,1116
29698.400330,2896231205,2896232311,15951,1106
29698.411453,2896239028,2896240139,15859,1111
29698.420332,2896246842,2896247962,15947,1120
29698.432331,2896254683,2896255799,15951,1116
29698.443013,2896262510,2896263619,15850,1109
29698.452329,2896270329,2896271445,15931,1116
29698.464059,2896278152,2896279269,15941,1117
29698.474573,2896285970,2896287082,15836,1112
29698.484330,2896293819,2896294930,15963,1111
29698.495621,2896301640,2896302748,15960,1108
29698.504329,2896309459,2896310576,15910,1117
29698.516330,2896317284,2896318399,15945,1115
29698.527181,2896325105,2896326216,15965,1111
29698.536334,2896332918,2896334028,15833,1110
29698.548215,2896340743,2896341858,15946,1115
29698.558739,2896348567,2896349678,15968,1111
29698.568327,2896356389,2896357507,15829,1118
29698.579775,2896364221,2896365328,15939,1107
29698.588335,2896372042,2896373154,15971,1112
29698.600335,2896379869,2896380981,15832,1112
29698.611339,2896387682,2896388798,15962,1116
29698.620327,2896395532,2896396653,15967,1121
29698.632332,2896403363,2896404473,15835,1110
29698.642896,2896411174,2896412287,15942,1113
29698.652331,2896419015,2896420138,15967,1123
29698.663932,2896426852,2896427964,15830,1112
29698.674456,2896434676,2896435792,15949,1116
29698.684332,2896442517,2896443634,16001,1117
29698.695493,2896450338,2896451444,15835,1106
29698.704329,2896458147,2896459257,15850,1110
29698.716333,2896465967,2896467085,15969,1118
29698.727056,2896473787,2896474904,15859,1117
29698.736329,2896481648,2896482762,15947,1114
29698.748100,2896489461,2896490577,15970,1116
29698.758613,2896497288,2896498404,15846,1116
29698.768331,2896505090,2896506206,15947,1116
29698.779661,2896512923,2896514036,15966,1113
29698.788335,2896520749,2896521864,15831,1115
29698.800329,2896528567,2896529679,15945,1112
29698.811221,2896536391,2896537502,15954,1111
29698.820329,2896544234,2896545346,15822,1112
29698.832255,2896552061,2896553181,15942,1120
29698.842781,2896559881,2896560996,15970,1115
29698.852333,2896567696,2896568812,15911,1116
29698.863818,2896575514,2896576625,15945,1111
29698.872332,2896583337,2896584452,15971,1115
29698.884328,2896591165,2896592275,15830,1110
29698.895376,2896598988,2896600101,15946,1113
29698.904332,2896606814,2896607923,15960,1109
29698.916329,2896614626,2896615739,15824,1113
29698.926936,2896622465,2896623586,15935,1121
29698.936330,2896630313,2896631426,15963,1113
29698.947973,2896638140,2896639257,15832,1117
29698.958498,2896645963,2896647074,15960,1111
29698.968330,2896653777,2896654888,15963,1111
29698.979534,2896661601,2896662717,15831,1116
29698.988328,2896669429,2896670540,15943,1111
29699.000330,2896677255,2896678371,15963,1116
29699.011093,2896685076,2896686193,15830,1117
29699.020331,2896692932,2896694042,15949,1110
29699.032141,2896700749,2896701866,15968,1117
29699.042653,2896708585,2896709701,15827,1116
29699.052328,2896716413,2896717526,15852,1113
29699.063701,2896724243,2896725357,15967,1114
29699.072331,2896732066,2896733178,15831,1112
29699.084328,2896739886,2896740995,15942,1109
29699.095263,2896747671,2896748787,15968,1116
29699.104329,2896755496,2896756603,15841,1107
29699.116295,2896763325,2896764433,15947,1108
29699.126822,2896771156,2896772269,15958,1113
29699.136330,2896778973,2896780089,15860,1116
29699.147855,2896786803,2896787910,15931,1107
29699.158382,2896794620,2896795726,15953,1106
29699.168331,2896802439,2896803554,15832,1115
29699.179416,2896810268,2896811384,15948,1116
29699.188329,2896818090,2896819205,15969,1115
29699.200332,2896825909,2896827020,15900,1111
29699.210977,2896833741,2896834853,15934,1112
29699.220328,2896841565,2896842676,15957,1111
29699.232012,2896849383,2896850495,15830,1112
29699.242537,2896857212,2896858321,15947,1109
29699.252330,2896865030,2896866140,15968,1110
29699.263573,2896872858,2896873973,15832,1115
29699.272333,2896880672,2896881778,15937,1106
29699.284333,2896888495,2896889604,15972,1109
29699.295133,2896896324,2896897451,15814,1127
29699.304335,2896904189,2896905302,15947,1113
29699.316180,2896912016,2896913133,15966,1117
29699.326694,2896919845,2896920958,15833,1113
29699.336329,2896927671,2896928779,15947,1108
29699.347740,2896935499,2896936615,15969,1116
29699.356336,2896943311,2896944421,15834,1110
29699.368328,2896951124,2896952233,15935,1109
29699.379301,2896958948,2896960059,15967,1111
29699.388329,2896966773,2896967885,15831,1112
29699.400329,2896974605,2896975717,15852,1112
29699.410861,2896982433,2896983540,15971,1107
29699.420330,2896990247,2896991366,15836,1119
29699.431896,2896998074,2896999186,15941,1112
29699.442422,2897005889,2897007002,15973,1113
29699.452327,2897013718,2897014835,15848,1117
29699.463456,2897021542,2897022649,15938,1107
29699.472329,2897029360,2897030478,15970,1118
29699.484328,2897037188,2897038291,15828,1103
29699.495017,2897044992,2897046102,15930,1110
29699.504330,2897052817,2897053933,15957,1116
29699.516052,2897060642,2897061752,15834,1110
29699.526577,2897068457,2897069568,15943,1111
29699.536330,2897076292,2897077398,15975,1106
29699.547621,2897084106,2897085218,15911,1112
29699.556328,2897091921,2897093037,15932,1116
29699.568328,2897099734,2897100844,15962,1110
29699.579174,2897107555,2897108664,15833,1109
29699.588329,2897115368,2897116481,15944,1113
29699.600219,2897123192,2897124303,15973,1111
29699.610734,2897131012,2897132115,15827,1103
29699.620332,2897138825,2897139942,15948,1117
29699.631781,2897146662,2897147774,15968,1112
29699.640332,2897154486,2897155603,15832,1117
29699.652329,2897162313,2897163432,15960,1119
29699.663341,2897170132,2897171247,15968,1115
29699.672333,2897177958,2897179069,15828,1111
29699.684327,2897185766,2897186882,15943,1116
29699.694901,2897193595,2897194704,15967,1109
29699.704330,2897201422,2897202538,15824,1116
29699.715936,2897209248,2897210364,15949,1116
29699.726462,2897217083,2897218189,15965,1106
29699.736327,2897224882,2897225995,15829,1113
29699.747495,2897232695,2897233810,15854,1115
29699.756331,2897240515,2897241626,15962,1111
29699.768329,2897248325,2897249440,15832,1115
29699.779057,2897256145,2897257258,15942,1113
29699.788327,2897264006,2897265121,15972,1115
29699.800093,2897271831,2897272938,15846,1107
29699.810617,2897279649,2897280761,15946,1112
29699.820331,2897287448,2897288560,15989,1112
29699.831653,2897295271,2897296386,15823,1115
29699.840329,2897303090,2897304200,15949,1110
29699.852330,2897310876,2897311992,16001,1116
29699.863213,2897318696,2897319806,15828,1110
29699.872334,2897326527,2897327647,15940,1120
29699.884261,2897334356,2897335477,15966,1121
29699.894782,2897342193,2897343308,15915,1115
29699.904334,2897350021,2897351133,15938,1112
29699.915821,2897357862,2897358980,15943,1118
29699.924328,2897365688,2897366805,15832,1117
29699.936334,2897374252,2897375384,15986,1132
29699.947380,2897382336,2897383456,15969,1120
29699.956332,2897390184,2897391300,15826,1116
29699.968327,2897398029,2897399144,15940,1115
29699.978944,2897405812,2897406927,16080,1115
29699.988328,2897413638,2897414755,15911,1117
29699.999978,2897421463,2897422567,16051,1104
29700.010503,2897429244,2897430359,16078,1115
29700.020334,2897437072,2897438184,15913,1112
29700.031536,2897444900,2897446016,16031,1116
29700.040333,2897452703,2897453821,16076,1118
29700.052328,2897460529,2897461634,15916,1105
29700.063097,2897468352,2897469466,16033,1114
29700.072327,2897476170,2897477283,16054,1113
29700.084133,2897483992,2897485109,15915,1117
29700.094655,2897491829,2897492941,15935,1112
29700.104330,2897499651,2897500766,16058,1115
29700.115695,2897507492,2897508604,15848,1112
29700.124330,2897515320,2897516431,15945,1111
29700.136330,2897523088,2897524201,16076,1113
29700.147254,2897530915,2897532031,15935,1116
29700.156327,2897538748,2897539860,16033,1112
29700.168301,2897546539,2897547649,16078,1110
29700.178815,2897554365,2897555481,15918,1116
29700.188329,2897562191,2897563302,16033,1111
29700.199862,2897569987,2897571097,16085,1110
29700.210375,2897577804,2897578915,15921,1111
29700.220328,2897585619,2897586734,16033,1115
29700.231421,2897593411,2897594532,16072,1121
29700.240332,2897601244,2897602360,15997,1116
29700.252329,2897609071,2897610176,16038,1105
29700.262982,2897616849,2897617966,16078,1117
29700.272327,2897624680,2897625797,15921,1117
29700.284016,2897632512,2897633628,16034,1116
29700.294539,2897640287,2897641404,16042,1117
29700.304363,2897648102,2897649214,15931,1112
29700.315573,2897655930,2897657052,15933,1122
29700.324328,2897663758,2897664874,15955,1116
29700.336333,2897671569,2897672680,15839,1111
29700.347138,2897679385,2897680500,15962,1115
29700.356328,2897687177,2897688289,16083,1112
29700.368173,2897695000,2897696114,15920,1114
29700.378697,2897702826,2897703938,16036,1112
29700.388330,2897710610,2897711725,16074,1115
29700.399734,2897718426,2897719537,15919,1111
29700.408333,2897726241,2897727347,16031,1106
29700.420328,2897734030,2897735146,16073,1116
29700.431294,2897741864,2897742976,15920,1112
29700.440327,2897749680,2897750785,15942,1105
29700.452330,2897757485,2897758602,16055,1117
29700.462854,2897765310,2897766423,15908,1113
29700.472329,2897773151,2897774259,16024,1108
29700.483901,2897780965,2897782076,16059,1111
29700.494415,2897788788,2897789909,15933,1121
29700.504329,2897796616,2897797725,16031,1109
29700.515462,2897804396,2897805502,16080,1106
29700.524331,2897812231,2897813347,15834,1116
29700.536333,2897820052,2897821158,15947,1106
29700.547023,2897827838,2897828949,16093,1111
29700.556329,2897835660,2897836772,15918,1112
29700.568056,2897843473,2897844583,16037,1110
29700.578582,2897851247,2897852360,16074,1113
29700.588334,2897859076,2897860187,16001,1111
29700.599617,2897866904,2897868012,16029,1108
29700.608333,2897874724,2897875834,16058,1110
29700.620329,2897882537,2897883648,15922,1111
29700.631177,2897890356,2897891469,16037,1113
29700.640327,2897898148,2897899269,16035,1121
29700.652213,2897905984,2897907096,15929,1112
29700.662737,2897913812,2897914930,16034,1118
29700.672330,2897921606,2897922727,16076,1121
29700.683774,2897929435,2897930545,15921,1110
29700.692334,2897937244,2897938360,16054,1116
29700.704330,2897945024,2897946133,16078,1109
29700.715335,2897952843,2897953950,15920,1107
29700.724329,2897960678,2897961796,15941,1118
29700.736332,2897968473,2897969589,16078,1116
29700.746894,2897976306,2897977418,15917,1112
29700.756334,2897984119,2897985235,16033,1116
29700.767941,2897991911,2897993024,16054,1113
29700.778455,2897999734,2898000845,15922,1111
29700.788330,2898007559,2898008680,15936,1121
29700.799502,2898015389,2898016500,16058,1111
29700.808330,2898023207,2898024318,15915,1111
29700.820335,2898031025,2898032142,16035,1117
29700.831063,2898038806,2898039913,16067,1107
29700.840327,2898046620,2898047732,15934,1112
29700.852096,2898054438,2898055554,16034,1116
29700.862623,2898062239,2898063350,16076,1111
29700.872328,2898070054,2898071171,15920,1117
29700.883657,2898077875,2898078987,16033,1112
29700.892331,2898085662,2898086782,16092,1120
29700.904333,2898093492,2898094607,15925,1115
29700.915217,2898101329,2898102446,16035,1117
29700.924333,2898109114,2898110231,16074,1117
29700.936261,2898116959,2898118069,15907,1110
29700.946783,2898124785,2898125905,16001,1120
29700.956327,2898132620,2898133738,15916,1118
29700.967814,2898140450,2898141564,15830,1114
29700.978341,2898148281,2898149403,15981,1122
29700.988330,2898156133,2898157249,15916,1116
29700.999374,2898163968,2898165086,15831,1118
29701.008333,2898171792,2898172908,15985,1116
29701.020331,2898179617,2898180732,15965,1115
29701.030935,2898187436,2898188543,15826,1107
29701.040328,2898195251,2898196364,15964,1113
29701.051982,2898203045,2898204157,16070,1112
29701.062495,2898210871,2898211979,15914,1108
29701.072327,2898218711,2898219823,16033,1112
29701.083542,2898226491,2898227612,16073,1121
29701.092332,2898234324,2898235435,15923,1111
29701.104333,2898242147,2898243259,16036,1112
29701.115103,2898249938,2898251053,16077,1115
29701.124333,2898257795,2898258912,15918,1117
29701.136135,2898265651,2898266766,15844,1115
29701.146663,2898273490,2898274605,15965,1115
29701.156327,2898281303,2898282413,15822,1110
29701.167697,2898289126,2898290240,15938,1114
29701.176332,2898296917,2898298024,15988,1107
29701.188332,2898304734,2898305851,15849,1117
29701.199257,2898312562,2898313665,15947,1103
29701.208327,2898320351,2898321464,15986,1113
29701.220293,2898328171,2898329287,15833,1116
29701.230818,2898335982,2898337098,15945,1116
29701.240326,2898343769,2898344884,16000,1115
29701.251854,2898351610,2898352721,15831,1111
29701.262380,2898359433,2898360554,15947,1121
29701.272329,2898367238,2898368349,15985,1111
29701.283421,2898375070,2898376182,15913,1112
29701.292331,2898382887,2898383994,15938,1107
29701.304328,2898390708,2898391823,15972,1115
29701.314975,2898398536,2898399653,15821,1117
29701.324334,2898406366,2898407482,15943,1116
29701.336019,2898414166,2898415280,16093,1114
29701.346535,2898421991,2898423098,15936,1107
29701.356328,2898429814,2898430926,16028,1112
29701.367583,2898437591,2898438700,16079,1109
29701.376331,2898445416,2898446528,15917,1112
29701.388330,2898453240,2898454350,16051,1110
29701.399143,2898461017,2898462129,16076,1112
29701.408331,2898468840,2898469951,15918,1111
29701.420177,2898476670,2898477790,16034,1120
29701.430703,2898484461,2898485573,16075,1112
29701.440332,2898492282,2898493400,15920,1118
29701.451737,2898500104,2898501215,16034,1111
29701.460329,2898507887,2898508999,16071,1112
29701.472328,2898515694,2898516816,15908,1122
29701.483296,2898523528,2898524640,15934,1112
29701.492334,2898531345,2898532460,16043,1115
29701.504329,2898539169,2898540286,15917,1117
29701.514858,2898546997,2898548113,16034,1116
29701.524332,2898554781,2898555897,16081,1116
29701.535894,2898562606,2898563721,15927,1115
29701.546418,2898570442,2898571558,16031,1116
29701.556329,2898578251,2898579368,16080,1117
29701.567454,2898586082,2898587201,15918,1119
29701.576328,2898593919,2898595030,16038,1111
29701.588328,2898601740,2898602856,16044,1116
29701.599015,2898609569,2898610682,15919,1113
29701.608329,2898617396,2898618508,16036,1112
29701.620061,2898625175,2898626291,16072,1116
29701.630582,2898632992,2898634103,15995,1111
29701.640328,2898640806,2898641918,16030,1112
29701.651621,2898648603,2898649710,16015,1107
29701.660327,2898656409,2898657515,15933,1106
29701.672333,2898664223,2898665329,16030,1106
29701.683181,2898672003,2898673113,16060,1110
29701.692329,2898679824,2898680940,15909,1116
29701.704217,2898687651,2898688758,16025,1107
29701.714743,2898695475,2898696582,16057,1107
29701.724328,2898703288,2898704403,15917,1115
29701.735779,2898711094,2898712206,16051,1112
29701.744333,2898718895,2898720002,16031,1107
29701.756331,2898726718,2898727835,15821,1117
29701.767338,2898734544,2898735664,15944,1120
29701.776333,2898742330,2898743446,16077,1116
29701.788328,2898750159,2898751271,15921,1112
29701.798899,2898757977,2898759092,16027,1115
29701.808328,2898765806,2898766927,16057,1121
29701.819935,2898773635,2898774742,15910,1107
29701.830457,2898781458,2898782575,15941,1117
29701.840329,2898789286,2898790392,16061,1106
29701.851495,2898797100,2898798210,15918,1110
29701.860327,2898804920,2898806035,16032,1115
29701.872337,2898812713,2898813832,16073,1119
29701.883055,2898820537,2898821654,15938,1117
29701.892333,2898828358,2898829473,16033,1115
29701.904102,2898836143,2898837260,16076,1117
29701.914615,2898843978,2898845094,15919,1116
29701.924333,2898851794,2898852905,16032,1111
29701.935663,2898859573,2898860688,16094,1115
29701.944329,2898867397,2898868507,15920,1110
29701.956327,2898875228,2898876335,15949,1107
29701.967225,2898883009,2898884126,16077,1117
29701.976327,2898890840,2898891956,16000,1116
29701.988257,2898898666,2898899782,16034,1116
29701.998783,2898906468,2898907580,16076,1112
29702.008328,2898914288,2898915395,15918,1107
29702.019817,2898922102,2898923218,16037,1116
29702.028329,2898929893,2898931008,16041,1115
29702.040333,2898937720,2898938834,15934,1114
29702.051378,2898945544,2898946659,16034,1115
29702.060330,2898953334,2898954441,16080,1107
29702.072329,2898961148,2898962261,15917,1113
29702.082939,2898968970,2898970084,16041,1114
29702.092331,2898976756,2898977867,16078,1111
29702.103974,2898984578,2898985694,15921,1116
29702.114499,2898992412,2898993528,16023,1116
29702.124333,2899000229,2899001340,16052,1111
29702.135535,2899008049,2899009162,15911,1113
29702.144333,2899015874,2899016990,16026,1116
29702.156330,2899023696,2899024807,16058,1111
29702.167095,2899031518,2899032634,15922,1116
29702.176327,2899039374,2899040495,15934,1121
29702.188142,2899047213,2899048325,16057,1112
29702.198656,2899055034,2899056145,15924,1111
29702.208329,2899062863,2899063979,16035,1116
29702.219702,2899070642,2899071754,16071,1112
29702.228327,2899078460,2899079576,15936,1116
29702.240329,2899086277,2899087390,16027,1113
29702.251263,2899094057,2899095167,16075,1110
29702.260334,2899101880,2899102991,15917,1111
29702.272297,2899109693,2899110808,16033,1115
29702.282823,2899117503,2899118617,16043,1114
29702.292328,2899125329,2899126441,15917,1112
29702.303858,2899133145,2899134256,16029,1111
29702.314383,2899140963,2899142070,16049,1107
29702.324328,2899148780,2899149889,15997,1109
29702.335418,2899156599,2899157711,16026,1112
29702.344331,2899164418,2899165532,16052,1114
29702.356328,2899172246,2899173353,15833,1107
29702.366978,2899180077,2899181184,15937,1107
29702.376328,2899187905,2899189021,15971,1116
29702.388015,2899195735,2899196851,15824,1116
29702.398539,2899203559,2899204667,15945,1108
29702.408328,2899211339,2899212449,16071,1110
29702.419575,2899219149,2899220261,15917,1112
29702.428334,2899226967,2899228080,16048,1113
29702.440330,2899234749,2899235861,16078,1112
29702.451135,2899242578,2899243694,15915,1116
29702.460331,2899250419,2899251540,16036,1121
29702.472182,2899258245,2899259360,16055,1115
29702.482697,2899266053,2899267168,15918,1115
29702.492334,2899273885,2899274991,16020,1106
29702.503742,2899281700,2899282811,16055,1111
29702.512328,2899289516,2899290619,15918,1103
29702.524330,2899297326,2899298447,15941,1121
29702.535303,2899305150,2899306263,16055,1113
29702.544328,2899312961,2899314071,15923,1110
29702.556329,2899320780,2899321895,16032,1115
29702.566864,2899328590,2899329705,15973,1115
29702.576331,2899336419,2899337535,15848,1116
29702.587897,2899344240,2899345351,15946,1111
29702.598424,2899352019,2899353131,15989,1112
29702.608333,2899359838,2899360956,15826,1118
29702.619459,2899367660,2899368776,15949,1116
29702.628331,2899375450,2899376559,16005,1109
29702.640335,2899383255,2899384366,15830,1111
29702.651018,2899391076,2899392183,15947,1107
29702.660329,2899398850,2899399960,15985,1110
29702.672062,2899406671,2899407787,15913,1116
29702.682579,2899414496,2899415610,15949,1114
29702.692327,2899422280,2899423391,15986,1111
29702.703615,2899430085,2899431200,15830,1115
29702.712333,2899437908,2899439019,15943,1111
29702.724336,2899445700,2899446805,15960,1105
29702.735175,2899453517,2899454624,15849,1107
29702.744330,2899461336,2899462458,15944,1122
29702.756222,2899469144,2899470265,15991,1121
29702.766736,2899477012,2899478127,15833,1115
29702.776329,2899484849,2899485961,15966,1112
29702.787783,2899492640,2899493749,16074,1109
29702.796332,2899500460,2899501578,15920,1118
29702.808328,2899508291,2899509401,16024,1110
29702.819343,2899516073,2899517179,16075,1106
29702.828329,2899523880,2899524996,15917,1116
29702.840329,2899531708,2899532819,16035,1111
29702.850904,2899539482,2899540600,16071,1118
29702.860334,2899547318,2899548435,15923,1117
29702.871938,2899555144,2899556256,15937,1112
29702.882464,2899562954,2899564073,16046,1119
29702.892330,2899570791,2899571903,15918,1112
29702.903498,2899578606,2899579715,16038,1109
29702.912333,2899586379,2899587484,16078,1105
29702.924329,2899594202,2899595315,15937,1113
29702.935058,2899602033,2899603140,16033,1107
29702.944328,2899609839,2899610945,16070,1106
29702.956095,2899617656,2899618769,15923,1113
29702.966620,2899625505,2899626621,16035,1116
29702.976334,2899633289,2899634404,15982,1115
29702.987655,2899641118,2899642230,15849,1112
29702.996329,2899648945,2899650063,15941,1118
29703.008331,2899656743,2899657853,15992,1110
29703.019224,2899664562,2899665677,15901,1115
29703.028329,2899672387,2899673499,15944,1112
29703.040262,2899680180,2899681297,15984,1117
29703.050776,2899687994,2899689112,15834,1118
29703.060334,2899695810,2899696930,15945,1120
29703.071822,2899703620,2899704741,15966,1121
29703.082336,2899711446,2899712555,15842,1109
29703.108332,2899725272,2899725894,11980,622
29703.119916,2899729241,2899729864,12030,623
29703.130433,2899735817,2899736928,15990,1111
29703.140329,2899743630,2899744746,15951,1116
29703.151473,2899751458,2899752577,16063,1119
29703.160330,2899759291,2899760406,16001,1115
29703.172329,2899767127,2899768239,15932,1112
29703.183037,2899774947,2899776066,16087,1119
29703.192335,2899782780,2899783896,16000,1116
29703.204066,2899790605,2899791715,15911,1110
29703.214595,2899798426,2899799543,16060,1117
29703.224328,2899806252,2899807363,16003,1111
29703.235627,2899814073,2899815189,15918,1116
29703.244330,2899821888,2899823000,16072,1112
29703.256333,2899829714,2899830830,16005,1116
29703.267193,2899837546,2899838654,15992,1108
29703.276332,2899845358,2899846479,16069,1121
29703.288233,2899853183,2899854292,16004,1109
29703.298748,2899860993,2899862103,15936,1110
29703.308335,2899868818,2899869935,16088,1117
29703.319793,2899876637,2899877749,16008,1112
29703.328335,2899884462,2899885574,15935,1112
29703.340333,2899892282,2899893397,16081,1115
29703.351355,2899900114,2899901225,16008,1111
29703.360330,2899907929,2899909036,15920,1107
29703.372336,2899915746,2899916851,16093,1105
29703.382915,2899923580,2899924694,15913,1114
29703.392328,2899931406,2899932518,15836,1112
29703.403953,2899939234,2899940349,15983,1115
29703.414475,2899947062,2899948184,15904,1122
29703.424330,2899954897,2899956013,15837,1116
29703.435513,2899962726,2899963842,15983,1116
29703.444335,2899970548,2899971661,15907,1113
29703.456335,2899978372,2899979481,15848,1109
29703.467074,2899986182,2899987298,15920,1116
29703.476332,2899994027,2899995133,15909,1106
29703.488106,2900001850,2900002962,15850,1112
29703.498636,2900009678,2900010792,16001,1114
29703.508329,2900017502,2900018619,15918,1117
29703.519667,2900025323,2900026439,15848,1116
29703.528328,2900033159,2900034266,16001,1107
29703.540330,2900040974,2900042090,15912,1116
29703.551228,2900048812,2900049932,15836,1120
29703.560335,2900056643,2900057752,15975,1109
29703.572274,2900064453,2900065563,15905,1110
29703.582790,2900072305,2900073413,15829,1108
29703.592328,2900080126,2900081238,15976,1112
29703.603835,2900086475,2900087590,15821,1115
29703.614356,2900094288,2900095396,15908,1108
29703.624332,2900102125,2900103240,15983,1115
29703.635393,2900109951,2900111059,15905,1108
29703.644329,2900117775,2900118887,15840,1112
29703.656331,2900125603,2900126716,15992,1113
29703.666955,2900133433,2900134548,15997,1115
29703.676327,2900141264,2900142385,15932,1121
29703.687994,2900149100,2900150218,16083,1118
29703.698518,2900156922,2900158037,15998,1115
29703.708328,2900164746,2900165862,15921,1116
29703.719555,2900172570,2900173683,15994,1113
29703.728329,2900180405,2900181502,15915,1097
29703.740329,2900188216,2900189331,15818,1115
29703.751114,2900196049,2900197159,15979,1110
29703.760331,2900203892,2900205000,15913,1108
29703.772147,2900211709,2900212814,15837,1105
29703.782675,2900219526,2900220639,15974,1113
29703.792328,2900227311,2900228426,16000,1115
29703.803709,2900235140,2900236253,15937,1113
29703.812331,2900242954,2900244061,16010,1107
29703.824327,2900250773,2900251881,15995,1108
29703.835267,2900258586,2900259695,15932,1109
29703.844331,2900266411,2900267524,15993,1113
29703.856314,2900274242,2900275349,15989,1107
29703.866828,2900282067,2900283181,15921,1114
29703.876331,2900289901,2900291010,16084,1109
29703.887874,2900297725,2900298834,15997,1109
29703.898391,2900305536,2900306649,15920,1113
29703.908330,2900313367,2900314471,15980,1104
29703.919435,2900321182,2900322292,15914,1110
29703.928330,2900328995,2900330103,15829,1108
29703.940329,2900336808,2900337918,15980,1110
29703.950994,2900344631,2900345741,15916,1110
29703.960334,2900352447,2900353560,15909,1113
29703.972033,2900360269,2900361382,15979,1113
29703.982554,2900368100,2900369208,15909,1108
29703.992333,2900375941,2900377051,15860,1110
29704.003593,2900383756,2900384866,15984,1110
29704.012332,2900391576,2900392684,15915,1108
29704.024335,2900399400,2900400510,15854,1110
29704.035154,2900407217,2900408332,15978,1115
29704.044328,2900415060,2900416173,15913,1113
29704.056186,2900422875,2900423985,15928,1110
29704.066714,2900430697,2900431804,16072,1107
29704.076330,2900438511,2900439625,15984,1114
29704.087747,2900446328,2900447441,15928,1113
29704.096331,2900454154,2900455268,15965,1114
29704.108329,2900461978,2900463088,15906,1110
29704.119307,2900469796,2900470909,15845,1113
29704.128331,2900477615,2900478713,15964,1098
29704.140328,2900485438,2900486553,15908,1115
29704.150868,2900493274,2900494392,15860,1118
29704.160328,2900501102,2900502206,15913,1104
29704.171912,2900508921,2900510031,15911,1110
29704.182428,2900516746,2900517853,15945,1107
29704.192335,2900524578,2900525690,16003,1112
29704.203476,2900532389,2900533495,15903,1106
29704.212335,2900540205,2900541313,15839,1108
29704.224327,2900548030,2900549143,15987,1113
29704.235036,2900555848,2900556961,15915,1113
29704.244331,2900563669,2900564782,15913,1113
29704.256073,2900571495,2900572603,16068,1108
29704.266596,2900579306,2900580423,15997,1117
29704.276333,2900587142,2900588250,15915,1108
29704.287634,2900594975,2900596088,15975,1113
29704.296328,2900602787,2900603898,15913,1111
29704.308330,2900610608,2900611720,15993,1112
29704.319194,2900618429,2900619534,16065,1105
29704.328330,2900626253,2900627365,16003,1112
29704.340226,2900634082,2900635192,15929,1110
29704.350756,2900641900,2900643013,16078,1113
29704.360330,2900649722,2900650830,16000,1108
29704.371787,2900657547,2900658652,15930,1105
29704.380332,2900665358,2900666471,16081,1113
29704.392335,2900673191,2900674305,15995,1114
29704.403348,2900681035,2900682145,15831,1110
29704.412330,2900688859,2900689967,15995,1108
29704.424328,2900696688,2900697804,15910,1116
29704.434908,2900704516,2900705630,15829,1114
29704.444330,2900712332,2900713436,15977,1104
29704.455953,2900720149,2900721263,15912,1114
29704.466468,2900727969,2900729082,15831,1113
29704.476328,2900735785,2900736895,15966,1110
29704.487514,2900743609,2900744724,15909,1115
29704.496330,2900751431,2900752540,15836,1109
29704.508334,2900759260,2900760377,15916,1117
29704.519074,2900767092,2900768202,15902,1110
29704.528336,2900774910,2900776013,15843,1103
29704.540115,2900782731,2900783848,15995,1117
29704.550636,2900790562,2900791669,15915,1107
29704.560330,2900798378,2900799493,15839,1115
29704.571675,2900806187,2900807295,15999,1108
29704.580330,2900814008,2900815114,15907,1106
29704.592331,2900821823,2900822938,15831,1115
29704.603234,2900829649,2900830757,15965,1108
29704.612330,2900837462,2900838574,15915,1112
29704.624266,2900845279,2900846382,15840,1103
29704.634793,2900853101,2900854210,15965,1109
29704.644330,2900860927,2900862037,15912,1110
29704.655832,2900868742,2900869852,15906,1110
29704.666353,2900876556,2900877671,15962,1115
29704.676335,2900884386,2900885491,15908,1105
29704.687387,2900892228,2900893334,15860,1106
29704.696330,2900900037,2900901151,15986,1114
29704.708330,2900907865,2900908975,16002,1110
29704.718948,2900915685,2900916789,15947,1104
29704.728327,2900923497,2900924598,16071,1101
29704.739993,2900931310,2900932420,15991,1110
29704.750508,2900939123,2900940233,15845,1110
29704.760334,2900946949,2900948064,15981,1115
29704.771554,2900954773,2900955886,15908,1113
29704.780329,2900962593,2900963705,15843,1112
29704.792334,2900970420,2900971530,15963,1110
29704.803114,2900978258,2900979367,15888,1109
29704.812330,2900986067,2900987174,15834,1107
29704.824154,2900993897,2900995016,15981,1119
29704.834674,2901001709,2901002819,16001,1110
29704.844328,2901009535,2901010639,15924,1104
29704.855714,2901017344,2901018457,16002,1113
29704.864331,2901025176,2901026289,16005,1113
29704.876330,2901032990,2901034095,15930,1105
29704.887275,2901040799,2901041913,15993,1114
29704.896330,2901048626,2901049746,16001,1120
29704.908307,2901056468,2901057576,15934,1108
29704.918836,2901064287,2901065401,16082,1114
29704.928328,2901072111,2901073217,15912,1106
29704.939867,2901079924,2901081037,15829,1113
29704.950395,2901087744,2901088854,15977,1110
29704.960330,2901095570,2901096689,15911,1119
29704.971428,2901103400,2901104507,15829,1107
29704.980329,2901111220,2901112334,15981,1114
29704.992330,2901119058,2901120168,15916,1110
29705.002996,2901126877,2901127981,15898,1104
29705.012333,2901134695,2901135809,15971,1114
29705.024033,2901142515,2901143630,15911,1115
29705.034548,2901150346,2901151455,15843,1109
29705.044334,2901158176,2901159291,15993,1115
29705.055595,2901165919,2901167033,15996,1114
29705.064332,2901173746,2901174851,15928,1105
29705.076329,2901181566,2901182676,16084,1110
29705.087156,2901189393,2901190507,15999,1114
29705.096329,2901197206,2901198317,15918,1111
29705.108197,2901205014,2901206128,16078,1114
29705.118716,2901212826,2901213938,16002,1112
29705.128329,2901220655,2901221762,15917,1107
29705.139754,2901228471,2901229585,16065,1114
29705.148331,2901236308,2901237425,16002,1117
29705.160331,2901244125,2901245235,15918,1110
29705.171314,2901251940,2901253047,15975,1107
29705.180327,2901259758,2901260876,15913,1118
29705.192334,2901267584,2901268697,15843,1113
29705.202874,2901275409,2901276522,15916,1113
29705.212328,2901283241,2901284359,15906,1118
29705.223908,2901291064,2901292174,15844,1110
29705.234437,2901298888,2901300000,15994,1112
29705.244327,2901306714,2901307828,15912,1114
29705.255468,2901314538,2901315648,15830,1110
29705.264327,2901322350,2901323458,15992,1108
29705.276334,2901330166,2901331276,15912,1110
29705.287031,2901337988,2901339101,15914,1113
29705.296332,2901345798,2901346911,16067,1113
29705.308075,2901353636,2901354746,16002,1110
29705.318588,2901361452,2901362561,15917,1109
29705.328327,2901369279,2901370378,16055,1099
29705.339634,2901377092,2901378206,16003,1114
29705.348328,2901384924,2901386039,15991,1115
29705.360331,2901392761,2901393870,16066,1109
29705.371195,2901400580,2901401698,16001,1118
29705.380327,2901408417,2901409534,15928,1117
29705.392235,2901416247,2901417357,15995,1110
29705.402755,2901424068,2901425178,15914,1110
29705.412331,2901431895,2901433007,15845,1112
29705.423795,2901439725,2901440833,15982,1108
29705.432336,2901447532,2901448642,15904,1110
29705.444331,2901455363,2901456471,15835,1108
29705.455355,2901463184,2901464303,15985,1119
29705.464330,2901471022,2901472135,15905,1113
29705.476328,2901478831,2901479950,15846,1119
29705.486913,2901486665,2901487775,15961,1110
29705.496329,2901494500,2901495618,15910,1118
29705.507948,2901502342,2901503452,15846,1110
29705.518474,2901510156,2901511266,15966,1110
29705.528335,2901517971,2901519070,15912,1099
29705.539508,2901525780,2901526895,15857,1115
29705.548329,2901533592,2901534704,15918,1112
29705.560330,2901541421,2901542536,15915,1115
29705.571069,2901549241,2901550349,15857,1108
29705.580331,2901557083,2901558193,15980,1110
29705.592115,2901564904,2901566014,15911,1110
29705.602628,2901572729,2901573842,15855,1113
29705.612328,2901580547,2901581656,15984,1109
29705.623677,2901588378,2901589488,15901,1110
29705.632330,2901596200,2901597308,15828,1108
29705.644331,2901604013,2901605121,15982,1108
29705.655236,2901611831,2901612950,15912,1119
29705.664331,2901619653,2901620762,15831,1109
29705.676273,2901627477,2901628590,15978,1113
29705.686796,2901635301,2901636408,15916,1107
29705.696326,2901643112,2901644230,15908,1118
29705.707835,2901650952,2901652056,15981,1104
29705.718355,2901658777,2901659890,15909,1113
29705.728331,2901666592,2901667694,15932,1102
29705.739396,2901674404,2901675512,16081,1108
29705.748332,2901682212,2901683326,16004,1114
29705.760328,2901690031,2901691139,15930,1108
29705.770956,2901697842,2901698950,16081,1108
29705.780332,2901705665,2901706777,15987,1112
29705.791988,2901713501,2901714606,15913,1105
29705.802517,2901721318,2901722430,16084,1112
29705.812328,2901729131,2901730244,15998,1113
29705.823549,2901736965,2901738084,15772,1119
29705.832327,2901744793,2901745903,15984,1110
29705.844329,2901752619,2901753723,16003,1104
29705.855108,2901760438,2901761550,15913,1112
29705.864328,2901768296,2901769411,16063,1115
29705.876154,2901776129,2901777248,16000,1119
29705.886671,2901783958,2901785063,15925,1105
29705.896327,2901791780,2901792895,16005,1115
29705.907715,2901799609,2901800718,15999,1109
29705.916334,2901807425,2901808542,15930,1117
29705.928327,2901815251,2901816353,16078,1102
29705.939276,2901823061,2901824173,15996,1112
29705.948327,2901830871,2901831981,15930,1110
29705.960314,2901838697,2901839812,15976,1115
29705.970835,2901846529,2901847651,15903,1122
29705.980330,2901854368,2901855484,15842,1116
29705.991875,2901862190,2901863302,15993,1112
29706.002396,2901870016,2901871131,15914,1115
29706.012333,2901877847,2901878965,15846,1118
29706.023436,2901885685,2901886798,15991,1113
29706.032332,2901893521,2901894631,15916,1110
29706.044329,2901901341,2901902445,15904,1104
29706.054997,2901909165,2901910280,15986,1115
29706.064327,2901916996,2901918101,15917,1105
29706.076028,2901924820,2901925930,15821,1110
29706.086555,2901932653,2901933772,15976,1119
29706.096329,2901940489,2901941599,15917,1110
29706.107588,2901948313,2901949425,15827,1112
29706.116328,2901956139,2901957254,15970,1115
29706.128330,2901963976,2901965081,15909,1105
29706.139149,2901971798,2901972913,15845,1115
29706.148329,2901979626,2901980740,15977,1114
29706.160194,2901987442,2901988556,15902,1114
29706.170710,2901995262,2901996372,15841,1110
29706.180328,2902003084,2902004198,15991,1114
29706.191756,2902010905,2902012018,15907,1113
29706.200332,2902018738,2902019856,15843,1118
29706.212327,2902026559,2902027669,15993,1110
29706.223316,2902034388,2902035501,15914,1113
29706.232333,2902042228,2902043336,15847,1108
29706.244330,2902050053,2902051157,15918,1104
29706.254876,2902057866,2902058976,15916,1110
29706.264330,2902065683,2902066788,15839,1105
29706.275913,2902073498,2902074613,15961,1115
29706.286435,2902081326,2902082441,15991,1115
29706.296333,2902089147,2902090257,15916,1110
29706.307473,2902096959,2902098074,16050,1115
29706.316331,2902104792,2902105902,16000,1110
29706.328330,2902112614,2902113730,15948,1116
29706.339036,2902120440,2902121554,16063,1114
29706.348331,2902128270,2902129380,15997,1110
29706.360068,2902136096,2902137209,15936,1113
29706.370598,2902143929,2902145043,16070,1114
29706.380329,2902151754,2902152861,16004,1107
29706.391635,2902159571,2902160681,15986,1110
29706.400331,2902167380,2902168490,15982,1110
29706.412332,2902175200,2902176309,15909,1109
29706.423189,2902183012,2902184122,15852,1110
29706.432331,2902190837,2902191950,15965,1113
29706.444236,2902198664,2902199768,15917,1104
29706.454749,2902206477,2902207582,15820,1105
29706.464328,2902214303,2902215416,15981,1113
29706.475795,2902222127,2902223237,15905,1110
29706.484328,2902229945,2902231062,15845,1117
29706.496332,2902237766,2902238879,15988,1113
29706.507355,2902245603,2902246713,15908,1110
29706.516330,2902253411,2902254529,15837,1118
29706.528329,2902261237,2902262354,15994,1117
29706.538917,2902269074,2902270187,15913,1113
29706.548327,2902276900,2902278015,15848,1115
29706.559956,2902284727,2902285840,15995,1113
29706.570478,2902292546,2902293659,15910,1113
29706.580330,2902300371,2902301484,15827,1113
29706.591517,2902308199,2902309309,15916,1110
29706.600327,2902316009,2902317117,15909,1108
29706.612328,2902323824,2902324937,15814,1113
29706.623076,2902331647,2902332762,15971,1115
29706.632332,2902339500,2902340615,15903,1115
29706.644108,2902347363,2902348475,15842,1112
29706.654634,2902355179,2902356286,15960,1107
29706.664328,2902362988,2902364098,15908,1110
29706.675669,2902370808,2902371921,15850,1113
29706.684328,2902378636,2902379748,15985,1112
29706.696329,2902386463,2902387573,15905,1110
29706.707229,2902394297,2902395401,15847,1104
29706.716328,2902402111,2902403219,15980,1108
29706.728275,2902409928,2902411045,15911,1117
29706.738795,2902417762,2902418872,15897,1110
29706.748329,2902425578,2902426687,15980,1109
29706.759835,2902433402,2902434517,15913,1115
29706.770350,2902441230,2902442343,15836,1113
29706.780334,2902449046,2902450161,15966,1115
29706.791395,2902456871,2902457981,15911,1110
29706.800333,2902464686,2902465804,15930,1118
29706.812335,2902472505,2902473622,16050,1117
29706.822955,2902480327,2902481437,15998,1110
29706.832330,2902488152,2902489261,15948,1109
29706.843995,2902495923,2902497021,16070,1098
29706.854516,2902503737,2902504841,15908,1104
29706.864329,2902511547,2902512657,15848,1110
29706.875556,2902519372,2902520482,15991,1110
29706.884332,2902527185,2902528295,15915,1110
29706.896335,2902535003,2902536114,15843,1111
29706.907117,2902542837,2902543951,15992,1114
29706.916330,2902550683,2902551793,15910,1110
29706.928149,2902558507,2902559619,15830,1112
29706.938678,2902566329,2902567444,15909,1115
29706.948333,2902574154,2902575272,15911,1118
29706.959708,2902581971,2902583084,15826,1113
29706.968330,2902589790,2902590903,15980,1113
29706.980333,2902597608,2902598718,15911,1110
29706.991269,2902605426,2902606530,15828,1104
29707.000335,2902613238,2902614351,15970,1113
29707.012314,2902621045,2902622153,15908,1108
29707.022830,2902628865,2902629973,15845,1108
29707.032328,2902636677,2902637780,15996,1103
29707.043875,2902644495,2902645599,15905,1104
29707.054392,2902652322,2902653432,15845,1110
29707.064329,2902660152,2902661262,15999,1110
29707.075437,2902667970,2902669087,15914,1117
29707.084333,2902675793,2902676912,15904,1119
29707.096329,2902683635,2902684753,15990,1118
29707.106998,2902691466,2902692578,15972,1112
29707.116328,2902699288,2902700396,15828,1108
29707.128032,2902707109,2902708220,15938,1111
29707.138558,2902714898,2902716003,15981,1105
29707.148330,2902722706,2902723826,15828,1120
29707.159591,2902730546,2902731658,15940,1112
29707.168327,2902738340,2902739452,15972,1112
29707.180336,2902746166,2902747274,15830,1108
29707.191153,2902753977,2902755084,15951,1107
29707.200328,2902761784,2902762895,15988,1111
29707.212188,2902769590,2902770700,15826,1110
29707.222712,2902777409,2902778519,15935,1110
29707.232329,2902785189,2902786302,15980,1113
29707.243749,2902793014,2902794122,15828,1108
29707.252328,2902800845,2902801954,16025,1109
29707.264329,2902808634,2902809748,16073,1114
29707.275309,2902816456,2902817574,15909,1118
29707.284327,2902824280,2902825388,15934,1108
29707.296327,2902832092,2902833200,16060,1108
29707.306870,2902839904,2902841019,15919,1115
29707.316327,2902847719,2902848827,16027,1108
29707.327917,2902855504,2902856615,16076,1111
29707.338431,2902863328,2902864437,15923,1109
29707.348330,2902871151,2902872260,16029,1109
29707.359478,2902878926,2902880034,16070,1108
29707.368328,2902886745,2902887860,15915,1115
29707.380328,2902894566,2902895679,16028,1113
29707.391038,2902902350,2902903459,16037,1109
29707.400332,2902910149,2902911259,15917,1110
29707.412071,2902917961,2902919075,16026,1114
29707.422598,2902925783,2902926890,16051,1107
29707.432328,2902933589,2902934702,15989,1113
29707.443631,2902941409,2902942515,16019,1106
29707.452331,2902949188,2902950293,16071,1105
29707.464330,2902957011,2902958120,15831,1109
29707.475192,2902964837,2902965947,15936,1110
29707.484334,2902972660,2902973763,15962,1103
29707.496228,2902980466,2902981573,15829,1107
29707.506753,2902988295,2902989400,15935,1105
29707.516333,2902996077,2902997195,15981,1118
29707.527789,2903003891,2903004999,15831,1108
29707.536334,2903011708,2903012822,15957,1114
29707.548331,2903019501,2903020614,15983,1113
29707.559349,2903027321,2903028425,15826,1104
29707.568330,2903035126,2903036230,15933,1104
29707.580328,2903042897,2903044010,15985,1113
29707.590910,2903050717,2903051830,15824,1113
29707.600326,2903058537,2903059641,15935,1104
29707.611957,2903066318,2903067428,15976,1110
29707.622470,2903074142,2903075251,15833,1109
29707.632329,2903081965,2903083074,15841,1109
29707.643517,2903089781,2903090893,15966,1112
29707.652331,2903097614,2903098727,15825,1113
29707.664332,2903105330,2903106438,15957,1108
29707.675078,2903113118,2903114231,16073,1113
29707.684330,2903120961,2903122065,15928,1104
29707.696111,2903128761,2903129873,16023,1112
29707.706639,2903136558,2903137666,16067,1108
29707.716329,2903144376,2903145483,15909,1107
29707.727672,2903152194,2903153304,16027,1110
29707.736334,2903159976,2903161084,16025,1108
29707.748330,2903167788,2903168901,15915,1113
29707.759232,2903175615,2903176723,16027,1108
29707.768330,2903183400,2903184519,16071,1119
29707.780276,2903191234,2903192344,15992,1110
29707.790793,2903199057,2903200174,16026,1117
29707.800333,2903206859,2903207972,16070,1113
29707.811829,2903214680,2903215793,15917,1113
29707.822353,2903222500,2903223609,16020,1109
29707.832327,2903230271,2903231374,16071,1103
29707.843390,2903238096,2903239206,15913,1110
29707.852329,2903245911,2903247019,16025,1108
29707.864340,2903253695,2903254802,15989,1107
29707.874950,2903261513,2903262618,15823,1105
29707.884327,2903269326,2903270436,15954,1110
29707.895998,2903277120,2903278237,16075,1117
29707.906510,2903284947,2903286051,15913,1104
29707.916330,2903292752,2903293862,16015,1110
29707.927557,2903300564,2903301675,16054,1111
29707.936329,2903308384,2903309493,15916,1109
29707.948329,2903316204,2903317314,16022,1110
29707.959118,2903323988,2903325097,16073,1109
29707.968329,2903331833,2903332946,15914,1113
29707.980151,2903339651,2903340764,15935,1113
29707.990680,2903347463,2903348570,16055,1107
29708.000336,2903355272,2903356376,15903,1104
29708.011712,2903363082,2903364192,16018,1110
29708.020333,2903370904,2903372013,16056,1109
29708.032331,2903378727,2903379840,15931,1113
29708.043272,2903386544,2903387650,16013,1106
29708.052330,2903394326,2903395436,16078,1110
29708.064309,2903402145,2903403255,15917,1110
29708.074833,2903409992,2903411104,15939,1112
29708.084331,2903417763,2903418867,16036,1104
29708.095871,2903425569,2903426679,15915,1110
29708.106393,2903433391,2903434499,16027,1108
29708.116328,2903441205,2903442319,16054,1114
29708.127437,2903449029,2903450137,15995,1108
29708.136327,2903456855,2903457973,16025,1118
29708.148328,2903464659,2903465774,16072,1115
29708.158990,2903472490,2903473594,15914,1104
29708.168334,2903480288,2903481401,16024,1113
29708.180037,2903488082,2903489197,16072,1115
29708.190550,2903495908,2903497021,15914,1113
29708.200329,2903503730,2903504844,16022,1114
29708.211598,2903511504,2903512619,16076,1115
29708.220334,2903519314,2903520421,15916,1107
29708.232335,2903527134,2903528243,16036,1109
29708.243157,2903534956,2903536049,16051,1093
29708.252328,2903542756,2903543865,15918,1109
29708.264191,2903550574,2903551691,16022,1117
29708.274721,2903558387,2903559502,16065,1115
29708.284328,2903566217,2903567327,15830,1110
29708.295752,2903574032,2903575144,15938,1112
29708.304332,2903581832,2903582946,16071,1114
29708.316329,2903589641,2903590750,15906,1109
29708.327313,2903597464,2903598568,15931,1104
29708.336329,2903605271,2903606381,16052,1110
29708.348334,2903613080,2903614190,15912,1110
29708.358873,2903620896,2903622000,16025,1104
29708.368330,2903628677,2903629785,16073,1108
29708.379909,2903636485,2903637593,15932,1108
29708.390433,2903644309,2903645413,16023,1104
29708.400329,2903652086,2903653194,16075,1108
29708.411470,2903659896,2903661005,15913,1109
29708.420334,2903667724,2903668837,16019,1113
29708.432328,2903675498,2903676601,16039,1103
29708.443030,2903683304,2903684410,15913,1106
29708.452331,2903691109,2903692222,16025,1113
29708.464078,2903698926,2903700043,16052,1117
29708.476094,2903707850,2903708948,15836,1098
29708.486620,2903715662,2903716772,15951,1110
29708.496328,2903723487,2903724602,15840,1115
29708.507654,2903731303,2903732416,15929,1113
29708.516328,2903739089,2903740201,15974,1112
29708.528331,2903746908,2903748021,15856,1113
29708.539215,2903754728,2903755838,15939,1110
29708.548332,2903762506,2903763621,15958,1115
29708.560252,2903770330,2903771437,15846,1107
29708.570777,2903778162,2903779277,15934,1115
29708.580329,2903785989,2903787098,15929,1109
29708.591815,2903793807,2903794925,15838,1118
29708.602336,2903801644,2903802752,15936,1108
29708.612329,2903809428,2903810541,15972,1113
29708.623379,2903817255,2903818364,15904,1109
29708.632328,2903825076,2903826180,15944,1104
29708.644329,2903832872,2903833985,15950,1113
29708.654933,2903840708,2903841815,15844,1107
29708.664328,2903848513,2903849620,15939,1107
29708.675977,2903856324,2903857432,15951,1108
29708.686493,2903864161,2903865279,15841,1118
29708.696328,2903872000,2903873111,15938,1111
29708.707539,2903879823,2903880930,15956,1107
29708.716328,2903887638,2903888745,15839,1107
29708.728332,2903895443,2903896552,15956,1109
29708.739100,2903903225,2903904340,15973,1115
29708.748335,2903911068,2903912171,15846,1103
29708.760135,2903918870,2903919981,15935,1111
29708.770661,2903926660,2903927772,15967,1112
29708.780328,2903934477,2903935586,15837,1109
29708.791697,2903942290,2903943399,15935,1109
29708.800333,2903950077,2903951189,15962,1112
29708.812335,2903957897,2903959006,15845,1109
29708.823254,2903965711,2903966824,15860,1113
29708.832332,2903973525,2903974635,15938,1110
29708.844292,2903981345,2903982455,15876,1110
29708.854816,2903989176,2903990290,15942,1114
29708.864329,2903996970,2903998080,15968,1110
29708.875852,2904004795,2904005898,15858,1103
29708.886378,2904012616,2904013724,15937,1108
29708.896332,2904020446,2904021564,15952,1118
29708.907413,2904028273,2904029381,15841,1108
29708.916330,2904036088,2904037201,15939,1113
29708.928327,2904043877,2904044989,16018,1112
29708.938974,2904051690,2904052798,15924,1108
29708.948335,2904059511,2904060619,16027,1108
29708.960019,2904067284,2904068389,16058,1105
29708.970541,2904075104,2904076222,15998,1118
29708.980330,2904082927,2904084040,16019,1113
29708.991580,2904090713,2904091829,16058,1116
29709.000330,2904098543,2904099661,15935,1118
29709.012334,2904106367,2904107480,16018,1113
29709.023139,2904114156,2904115264,16057,1108
29709.032330,2904121976,2904123084,15925,1108
29709.044175,2904129790,2904130900,16034,1110
29709.054700,2904137611,2904138726,16027,1115
29709.064328,2904145437,2904146550,15923,1113
29709.075737,2904153254,2904154356,16039,1102
29709.084333,2904161030,2904162148,16058,1118
29709.096326,2904168869,2904169983,15832,1114
29709.107295,2904176704,2904177819,15935,1115
29709.116334,2904184497,2904185605,16057,1108
29709.128329,2904192309,2904193418,15930,1109
29709.138855,2904200117,2904201235,16021,1118
29709.148332,2904207912,2904209024,16048,1112
29709.159893,2904215738,2904216843,15922,1105
29709.170415,2904223555,2904224673,15946,1118
29709.180330,2904231383,2904232491,16031,1108
29709.191455,2904239212,2904240316,15922,1104
29709.200328,2904247022,2904248131,16014,1109
29709.212327,2904254812,2904255921,16058,1109
29709.223013,2904262637,2904263740,15941,1103
29709.232334,2904270451,2904271569,16028,1118
29709.244060,2904278231,2904279345,16057,1114
29709.254574,2904286044,2904287157,15922,1113
29709.264330,2904293860,2904294978,16024,1118
29709.275620,2904301635,2904302728,16027,1093
29709.284333,2904309431,2904310534,15929,1103
29709.296333,2904317253,2904318362,15952,1109
29709.307182,2904325036,2904326145,16074,1109
29709.316330,2904332853,2904333968,15996,1115
29709.328215,2904340679,2904341792,16025,1113
29709.338742,2904348469,2904349577,16064,1108
29709.348328,2904356286,2904357399,15918,1113
29709.359776,2904364101,2904365208,16023,1107
29709.368330,2904371885,2904372994,16071,1109
29709.380332,2904379696,2904380810,15908,1114
29709.391336,2904387520,2904388633,16024,1113
29709.400337,2904395314,2904396429,16075,1115
29709.412329,2904403135,2904404244,15919,1109
29709.422898,2904410959,2904412074,16043,1115
29709.432330,2904418763,2904419878,16061,1115
29709.443933,2904426594,2904427708,15915,1114
29709.454456,2904434412,2904435521,16024,1109
29709.464328,2904442194,2904443309,16074,1115
29709.475493,2904450030,2904451136,15916,1106
29709.484328,2904457846,2904458956,16028,1110
29709.496330,2904465640,2904466749,16076,1109
29709.507054,2904473466,2904474569,15915,1103
29709.516330,2904481301,2904482419,15935,1118
29709.528100,2904489130,2904490243,16056,1113
29709.538614,2904496950,2904498056,15914,1106
29709.548330,2904504762,2904505868,16029,1106
29709.559661,2904512570,2904513678,16052,1108
29709.568328,2904520383,2904521493,15925,1110
29709.580328,2904528213,2904529324,16024,1111
29709.591222,2904535984,2904537093,16070,1109
29709.600328,2904543798,2904544910,15910,1112
29709.612257,2904551625,2904552740,16025,1115
29709.622782,2904559419,2904560535,16039,1116
29709.632328,2904567240,2904568355,15921,1115
29709.643817,2904575057,2904576168,16031,1111
29709.652329,2904582865,2904583970,16054,1105
29709.664328,2904590678,2904591791,15992,1113
29709.675377,2904598507,2904599617,16032,1110
29709.684333,2904606298,2904607413,16062,1115
29709.696329,2904614113,2904615221,15916,1108
29709.706938,2904621961,2904623080,15937,1119
29709.716330,2904629758,2904630870,16070,1112
29709.727974,2904637577,2904638681,15913,1104
29709.738497,2904645385,2904646494,16025,1109
29709.748331,2904653178,2904654288,16061,1110
29709.759533,2904660998,2904662110,15913,1112
29709.768332,2904668825,2904669935,16036,1110
29709.780329,2904676636,2904677743,16049,1107
29709.791094,2904684447,2904685549,15917,1102
29709.800327,2904692265,2904693379,16026,1114
29709.812141,2904700053,2904701166,16063,1113
29709.822654,2904707884,2904708989,15917,1105
29709.832330,2904715694,2904716803,16025,1109
29709.843702,2904723469,2904724578,16075,1109
29709.852333,2904731287,2904732396,15907,1109
29709.864330,2904739108,2904740221,15928,1113
29709.875262,2904746934,2904748030,16053,1096
29709.884335,2904754753,2904755862,15916,1109
29709.896295,2904762565,2904763668,16023,1103
29709.906824,2904770352,2904771456,16063,1104
29709.916328,2904778165,2904779274,15840,1109
29709.927856,2904785986,2904787100,15940,1114
29709.938383,2904793782,2904794900,15984,1118
29709.948329,2904801619,2904802729,15824,1110
29709.959416,2904809427,2904810540,15933,1113
29709.968330,2904817215,2904818319,15951,1104
29709.980329,2904825020,2904826132,15829,1112
29709.990976,2904832850,2904833949,15934,1099
29710.000329,2904840629,2904841732,15988,1103
29710.012020,2904848435,2904849549,15907,1114
29710.022537,2904856264,2904857373,15938,1109
29710.032329,2904864047,2904865160,15984,1113
29710.043574,2904871875,2904872992,15836,1117
29710.052328,2904879703,2904880819,15936,1116
29710.064329,2904887490,2904888603,15981,1113
29710.075135,2904895313,2904896423,15832,1110
29710.084333,2904903138,2904904251,15931,1113
29710.096181,2904910961,2904912068,15966,1107
29710.106690,2904918778,2904919896,15866,1118
29710.116332,2904926608,2904927721,16023,1113
29710.127741,2904934439,2904935548,16050,1109
29710.136330,2904942263,2904943376,15918,1113
29710.148333,2904950081,2904951185,16023,1104
29710.159302,2904957867,2904958977,16078,1110
29710.168327,2904965685,2904966797,15914,1112
29710.180331,2904973511,2904974629,16030,1118
29710.190862,2904981346,2904982445,16045,1099
29710.200327,2904989166,2904990272,15910,1106
29710.211894,2904996987,2904998096,15933,1109
29710.222423,2905004811,2905005924,16054,1113
29710.232327,2905012633,2905013736,15911,1103
29710.243457,2905020450,2905021563,16020,1113
29710.252330,2905028222,2905029339,16077,1117
29710.264334,2905036055,2905037168,15933,1113
29710.275017,2905043885,2905044998,16025,1113
29710.284328,2905051681,2905052785,16068,1104
29710.296053,2905059491,2905060603,15912,1112
29710.306577,2905067319,2905068429,16024,1110
29710.316332,2905075117,2905076230,16052,1113
29710.327616,2905082941,2905084050,15915,1109
29710.336328,2905090763,2905091867,16022,1104
29710.348329,2905098538,2905099645,16068,1107
29710.359181,2905106347,2905107459,15984,1112
29710.368330,2905114167,2905115274,16029,1107
29710.380221,2905121945,2905123054,16072,1109
29710.390734,2905129761,2905130860,15915,1099
29710.400327,2905137561,2905138665,16014,1104
29710.411782,2905145335,2905146444,16069,1109
29710.420328,2905153163,2905154273,15910,1110
29710.432335,2905160979,2905162083,16018,1104
29710.443342,2905168752,2905169870,16069,1118
29710.452330,2905176582,2905177686,15916,1104
29710.464328,2905184391,2905185499,16042,1108
29710.474903,2905192167,2905193278,16072,1111
29710.484331,2905199971,2905201078,15915,1107
29710.495937,2905207783,2905208890,16026,1107
29710.506463,2905215569,2905216678,16067,1109
29710.516328,2905223377,2905224486,15829,1109
29710.527498,2905231192,2905232301,15937,1109
29710.536334,2905238975,2905240084,15981,1109
29710.548328,2905246778,2905247893,15828,1115
29710.559055,2905254600,2905255713,15846,1113
29710.568330,2905262419,2905263526,15956,1107
29710.580094,2905270235,2905271344,15823,1109
29710.590617,2905278048,2905279152,15939,1104
29710.600334,2905285825,2905286929,15979,1104
29710.611654,2905293629,2905294744,15846,1115
29710.620332,2905301465,2905302575,15928,1110
29710.632329,2905309258,2905310371,15980,1113
29710.643214,2905317087,2905318196,15831,1109
29710.652329,2905324909,2905326019,15937,1110
29710.664261,2905332692,2905333795,15949,1103
29710.674775,2905340507,2905341613,15829,1106
29710.684328,2905348326,2905349435,15938,1109
29710.695822,2905356102,2905357215,15985,1113
29710.704331,2905363920,2905365033,15911,1113
29710.716335,2905371730,2905372839,15934,1109
29710.727382,2905379526,2905380634,15982,1108
29710.736332,2905387344,2905388454,15822,1110
29710.748328,2905395162,2905396274,15937,1112
29710.758942,2905402934,2905404047,15983,1113
29710.768335,2905410752,2905411870,15830,1118
29710.779977,2905418567,2905419676,15943,1109
29710.790503,2905426355,2905427464,15985,1109
29710.800328,2905434168,2905435281,15831,1113
29710.811538,2905441979,2905443089,15953,1110
29710.820329,2905449771,2905450880,15983,1109
29710.832336,2905457578,2905458688,15831,1110
29710.843097,2905465402,2905466506,15936,1104
29710.852328,2905473206,2905474314,15989,1108
29710.864133,2905481023,2905482133,15824,1110
29710.874657,2905488838,2905489950,15938,1112
29710.884331,2905496662,2905497766,15966,1104
29710.895694,2905504485,2905505604,15825,1119
29710.904331,2905512312,2905513415,15843,1103
29710.916327,2905520123,2905521238,15962,1115
29710.927254,2905527910,2905529017,15834,1107
29710.936336,2905535735,2905536843,15938,1108
29710.948301,2905543522,2905544635,15981,1113
29710.958815,2905551332,2905552444,15840,1112
29710.968334,2905559146,2905560259,15938,1113
29710.979861,2905566960,2905568078,15961,1118
29710.990383,2905574797,2905575914,15912,1117
29711.000336,2905582637,2905583752,15835,1115
29711.011422,2905590461,2905591578,15995,1117
29711.020331,2905598284,2905599399,15909,1115
29711.032329,2905606111,2905607229,15828,1118
29711.042981,2905613948,2905615066,15984,1118
29711.052334,2905621780,2905622893,15912,1113
29711.064016,2905629592,2905630702,15939,1110
29711.074545,2905637388,2905638501,15980,1113
29711.084331,2905645222,2905646326,15828,1104
29711.095576,2905653038,2905654151,15937,1113
29711.104331,2905660825,2905661938,15981,1113
29711.116332,2905668656,2905669769,15827,1113
29711.127134,2905676492,2905677605,15930,1113
29711.136327,2905684345,2905685456,15955,1111
29711.148174,2905692170,2905693283,15828,1113
29711.158699,2905699996,2905701108,15957,1112
29711.168328,2905707816,2905708926,15965,1110
29711.179734,2905715629,2905716732,15832,1103
29711.188336,2905723447,2905724559,15940,1112
29711.200327,2905731245,2905732358,15983,1113
29711.211294,2905739084,2905740194,15830,1110
29711.220330,2905746907,2905748016,15932,1109
29711.232330,2905754685,2905755799,15983,1114
29711.242855,2905762505,2905763620,15822,1115
29711.252331,2905770339,2905771449,15848,1110
29711.263901,2905778156,2905779265,15964,1109
29711.274415,2905785966,2905787078,15832,1112
29711.284331,2905793785,2905794893,15938,1108
29711.295463,2905801574,2905802687,15982,1113
29711.304329,2905809389,2905810502,15842,1113
29711.316337,2905817207,2905818311,15930,1104
29711.327023,2905825006,2905826119,15961,1113
29711.336330,2905832847,2905833960,15828,1113
29711.348056,2905840658,2905841764,15928,1106
29711.358583,2905848433,2905849543,16036,1110
29711.368332,2905856262,2905857365,15913,1103
29711.379616,2905864072,2905865185,16025,1113
29711.388332,2905871872,2905872975,16067,1103
29711.400335,2905879695,2905880803,15996,1108
29711.411177,2905887515,2905888624,16024,1109
29711.420329,2905895296,2905896409,16071,1113
29711.432213,2905903114,2905904217,15914,1103
29711.442738,2905910927,2905912040,16030,1113
29711.452330,2905918704,2905919819,16067,1115
29711.463774,2905926522,2905927626,15919,1104
29711.472329,2905934324,2905935435,16022,1111
29711.484332,2905942135,2905943244,16054,1109
29711.495335,2905949951,2905951060,15912,1109
29711.504333,2905957775,2905958887,16041,1112
29711.516329,2905965568,2905966683,16071,1115
29711.526895,2905973386,2905974499,15909,1113
29711.536328,2905981218,2905982337,15932,1119
29711.547942,2905989048,2905990157,15967,1109
29711.558456,2905996867,2905997980,15834,1113
29711.568336,2906004690,2906005802,15938,1112
29711.579502,2906012511,2906013619,15957,1108
29711.588329,2906020321,2906021429,15832,1108
29711.600328,2906028151,2906029266,15842,1115
29711.611062,2906035984,2906037093,15968,1109
29711.620330,2906043806,2906044909,15827,1103
29711.632097,2906051619,2906052727,15927,1108
29711.642624,2906059397,2906060510,15986,1113
29711.652331,2906067222,2906068337,15848,1115
29711.663657,2906075036,2906076149,15938,1113
29711.672332,2906082828,2906083944,15980,1116
29711.684331,2906090655,2906091764,15827,1109
29711.695218,2906098477,2906099589,15932,1112
29711.704331,2906106306,2906107415,15950,1109
29711.716254,2906114118,2906115225,15828,1107
29711.726778,2906121927,2906123041,15940,1114
29711.736333,2906129706,2906130815,15973,1109
29711.747822,2906137541,2906138649,15907,1108
29711.758338,2906145352,2906146458,15937,1106
29711.768331,2906153141,2906154249,15981,1108
29711.779375,2906160954,2906162062,15833,1108
29711.788331,2906168762,2906169864,15939,1102
29711.800332,2906176540,2906177648,15985,1108
29711.810935,2906184355,2906185465,15822,1110
29711.820327,2906192175,2906193288,15939,1113
29711.831983,2906199938,2906201051,15985,1113
29711.842495,2906207762,2906208869,15825,1107
29711.852332,2906215582,2906216691,15957,1109
29711.863542,2906223400,2906224510,15968,1110
29711.872330,2906231221,2906232329,15830,1108
29711.884330,2906239026,2906240139,15936,1113
29711.895103,2906246807,2906247915,15980,1108
29711.904330,2906254625,2906255733,15832,1108
29711.916137,2906262442,2906263551,15939,1109
29711.926664,2906270230,2906271334,15985,1104
29711.936327,2906278039,2906279154,15831,1115
29711.947697,2906285882,2906286991,15846,1109
29711.956332,2906293691,2906294805,15984,1114
29711.968329,2906301512,2906302620,15820,1108
29711.979257,2906309326,2906310434,15936,1108
29711.988327,2906317111,2906318214,16070,1103
29712.000294,2906324918,2906326025,15933,1107
29712.010818,2906332743,2906333856,16026,1113
29712.020333,2906340526,2906341635,16069,1109
29712.031855,2906348343,2906349447,15918,1104
29712.042378,2906356145,2906357248,16022,1103
29712.052334,2906363929,2906365040,16027,1111
29712.063415,2906371749,2906372861,15915,1112
29712.072330,2906379554,2906380665,16016,1111
29712.084328,2906387326,2906388435,16058,1109
29712.094982,2906395145,2906396260,15998,1115
29712.111515,2906404261,2906404938,13823,677
29712.124336,2906410502,2906411127,12027,625
29712.136328,2906416065,2906417165,15848,1100
29712.147583,2906423898,2906425007,16054,1109
29712.156328,2906431683,2906432802,15912,1119
29712.168329,2906439510,2906440628,15830,1118
29712.179142,2906447321,2906448427,15979,1106
29712.188329,2906455144,2906456251,15910,1107
29712.200174,2906462960,2906464063,15848,1103
29712.210703,2906470764,2906471877,15988,1113
29712.220327,2906478588,2906479698,15913,1110
29712.231735,2906486418,2906487536,15826,1118
29712.240331,2906494252,2906495370,15981,1118
29712.252328,2906502091,2906503194,15911,1103
29712.263295,2906509897,2906511006,15845,1109
29712.272334,2906517713,2906518830,15993,1117
29712.284331,2906525540,2906526649,15917,1109
29712.294855,2906533349,2906534467,15814,1118
29712.304330,2906541189,2906542298,15981,1109
29712.315901,2906549004,2906550117,15907,1113
29712.326416,2906556839,2906557952,15844,1113
29712.336329,2906564651,2906565766,15983,1115
29712.347463,2906572474,2906573586,15901,1112
29712.356328,2906580290,2906581408,15822,1118
29712.368330,2906588127,2906589235,15977,1108
29712.379022,2906595944,2906597059,15912,1115
29712.388331,2906603777,2906604883,15836,1106
29712.400062,2906611578,2906612687,15987,1109
29712.410584,2906619381,2906620495,15913,1114
29712.420329,2906627207,2906628316,15829,1109
29712.431621,2906635017,2906636126,15980,1109
29712.440329,2906642831,2906643939,15905,1108
29712.452330,2906650650,2906651763,15840,1113
29712.463183,2906658470,2906659577,15993,1107
29712.472330,2906666288,2906667399,15917,1111
29712.484215,2906674105,2906675218,15828,1113
29712.494742,2906681919,2906683028,15993,1109
29712.504332,2906689741,2906690856,15912,1115
29712.515775,2906697574,2906698683,15847,1109
29712.524328,2906705389,2906706498,15992,1109
29712.536332,2906713200,2906714308,15904,1108
29712.547335,2906721019,2906722127,15834,1108
29712.556333,2906728851,2906729961,15965,1110
29712.568329,2906736670,2906737774,15911,1104
29712.578895,2906744479,2906745584,15855,1105
29712.588332,2906752302,2906753408,15983,1106
29712.599941,2906760112,2906761221,15910,1109
29712.610455,2906766467,2906767578,15704,1111
29712.620327,2906774288,2906775401,15963,1113
29712.631500,2906782107,2906783225,15901,1118
29712.640328,2906789935,2906791053,15849,1118
29712.652335,2906797757,2906798861,15981,1104
29712.663062,2906805573,2906806685,15911,1112
29712.672332,2906813414,2906814521,15844,1107
29712.684099,2906821243,2906822352,15967,1109
29712.694621,2906829059,2906830168,15908,1109
29712.704328,2906836880,2906837990,15860,1110
29712.715662,2906844701,2906845818,15980,1117
29712.724329,2906852535,2906853641,15912,1106
29712.736330,2906860350,2906861459,15912,1109
29712.747220,2906868167,2906869276,16049,1109
29712.756333,2906875991,2906877105,16000,1114
29712.768255,2906883834,2906884943,15861,1109
29712.778782,2906891661,2906892770,15982,1109
29712.788330,2906899477,2906900578,15909,1101
29712.799815,2906907279,2906908388,15842,1109
29712.810342,2906915088,2906916201,15964,1113
29712.820328,2906922908,2906924017,15909,1109
29712.831376,2906930727,2906931836,15855,1109
29712.840329,2906938550,2906939658,15997,1108
29712.852335,2906946372,2906947482,15909,1110
29712.862936,2906954200,2906955308,15844,1108
29712.872328,2906962011,2906963123,15963,1112
29712.883980,2906969842,2906970957,15912,1115
29712.894496,2906977677,2906978790,15862,1113
29712.904330,2906985494,2906986602,15974,1108
29712.915542,2906993308,2906994416,15911,1108
29712.924333,2907001126,2907002243,15842,1117
29712.936334,2907008960,2907010064,15960,1104
29712.947101,2907016767,2907017885,15913,1118
29712.956328,2907024611,2907025725,15861,1114
29712.968143,2907032487,2907033596,15981,1109
29712.978663,2907040301,2907041411,15913,1110
29712.988333,2907048124,2907049221,15833,1097
29712.999700,2907055937,2907057050,15970,1113
29713.008328,2907063763,2907064873,15902,1110
29713.020333,2907071577,2907072687,15854,1110
29713.031262,2907079391,2907080509,15979,1118
29713.040330,2907087213,2907088321,15913,1108
29713.052294,2907095039,2907096147,15845,1108
29713.062821,2907102855,2907103968,15966,1113
29713.072327,2907110685,2907111797,15914,1112
29713.083855,2907118509,2907119617,15857,1108
29713.094383,2907126330,2907127443,15978,1113
29713.104331,2907134155,2907135261,15912,1106
29713.115415,2907141972,2907143085,15839,1113
29713.124328,2907149792,2907150910,15968,1118
29713.136333,2907157617,2907158730,15906,1113
29713.146976,2907165439,2907166549,15858,1110
29713.156336,2907173258,2907174374,15984,1116
29713.168021,2907181003,2907182117,15909,1114
29713.178537,2907188830,2907189939,15838,1109
29713.188329,2907196647,2907197748,16068,1101
29713.199581,2907204459,2907205569,15998,1110
29713.208328,2907212281,2907213396,15945,1115
29713.220334,2907220099,2907221208,16069,1109
29713.231142,2907227924,2907229042,15913,1118
29713.240332,2907235754,2907236866,15878,1112
29713.252180,2907243442,2907244555,15968,1113
29713.262701,2907251259,2907252368,15913,1109
29713.272331,2907259059,2907260173,15855,1114
29713.283742,2907266892,2907268001,15978,1109
29713.292331,2907274715,2907275827,15914,1112
29713.304333,2907282535,2907283643,15844,1108
29713.315301,2907290332,2907291440,15966,1108
29713.324333,2907298145,2907299260,15911,1115
29713.336334,2907305967,2907307076,15849,1109
29713.346862,2907313788,2907314896,15971,1108
29713.356333,2907321601,2907322719,15911,1118
29713.367895,2907329428,2907330541,15846,1113
29713.378423,2907337246,2907338357,15985,1111
29713.388329,2907345054,2907346166,15909,1112
29713.399456,2907352868,2907353976,15824,1108
29713.408332,2907360685,2907361792,15992,1107
29713.420328,2907368502,2907369612,15912,1110
29713.431016,2907376320,2907377434,15829,1114
29713.440328,2907384138,2907385247,15975,1109
29713.452062,2907391965,2907393078,15910,1113
29713.462576,2907399790,2907400900,15843,1110
29713.472331,2907407605,2907408714,15985,1109
29713.483623,2907415423,2907416536,15903,1113
29713.492329,2907423249,2907424357,15820,1108
29713.504328,2907431076,2907432185,15969,1109
29713.515182,2907438893,2907440002,15906,1109
29713.524334,2907446712,2907447825,15843,1113
29713.536223,2907454525,2907455633,16007,1108
29713.546744,2907462337,2907463445,15913,1108
29713.556327,2907470156,2907471266,15827,1110
29713.567782,2907477973,2907479080,15981,1107
29713.576328,2907485803,2907486917,15906,1114
29713.588335,2907493622,2907494737,15850,1115
29713.599345,2907501458,2907502571,15990,1113
29713.608333,2907509274,2907510387,15915,1113
29713.620327,2907517103,2907518216,15826,1113
29713.630903,2907524929,2907526038,15982,1109
29713.640331,2907532751,2907533861,15911,1110
29713.651935,2907540568,2907541681,15846,1113
29713.662465,2907548388,2907549495,15997,1107
29713.672334,2907556191,2907557300,15912,1109
29713.683495,2907564014,2907565122,15817,1108
29713.692329,2907571829,2907572943,15979,1114
29713.704332,2907579651,2907580758,15909,1107
29713.715056,2907587467,2907588585,15845,1118
29713.724331,2907595333,2907596446,15989,1113
29713.736103,2907603160,2907604269,15911,1109
29713.746617,2907610980,2907612098,15827,1118
29713.756329,2907618799,2907619905,15976,1106
29713.767662,2907626611,2907627720,15911,1109
29713.776334,2907634426,2907635530,15839,1104
29713.788330,2907642258,2907643370,15978,1112
29713.799223,2907650090,2907651198,15915,1108
29713.808335,2907657904,2907659013,15845,1109
29713.820260,2907665704,2907666817,15968,1113
29713.830781,2907673526,2907674639,15906,1113
29713.840329,2907681346,2907682458,15857,1112
29713.851822,2907689164,2907690282,15982,1118
29713.860327,2907696982,2907698094,15915,1112
29713.872329,2907704809,2907705920,15844,1111
29713.883383,2907712622,2907713735,15981,1113
29713.892330,2907720452,2907721562,15907,1110
29713.904333,2907728271,2907729377,15862,1106
29713.914943,2907736083,2907737201,15980,1118
29713.924328,2907743913,2907745021,15904,1108
29713.935975,2907751725,2907752828,15849,1103
29713.946502,2907759528,2907760639,15954,1111
29713.956329,2907767341,2907768449,15999,1108
29713.967536,2907775151,2907776255,15946,1104
29713.976335,2907782978,2907784090,16060,1112
29713.988331,2907790746,2907791852,15916,1106
29713.999096,2907798563,2907799672,15843,1109
29714.008334,2907806406,2907807515,15965,1109
29714.020140,2907814227,2907815337,15909,1110
29714.030655,2907822047,2907823155,15846,1108
29714.040329,2907829865,2907830977,15968,1112
29714.051703,2907837683,2907838796,15913,1113
29714.060330,2907845492,2907846599,15840,1107
29714.072336,2907853303,2907854417,15963,1114
29714.083261,2907861120,2907862238,15906,1118
29714.092333,2907868939,2907870051,15861,1112
29714.104302,2907876746,2907877852,15980,1106
29714.114823,2907884566,2907885670,15909,1104
29714.124329,2907892370,2907893483,15845,1113
29714.135860,2907900199,2907901312,15962,1113
29714.146382,2907908023,2907909141,15911,1118
29714.156332,2907915861,2907916974,15862,1113
29714.167423,2907923688,2907924793,15980,1105
29714.176330,2907931504,2907932617,15996,1113
29714.188328,2907939332,2907940439,15824,1107
29714.198983,2907947150,2907948257,15973,1107
29714.208330,2907954954,2907956063,15917,1109
29714.220016,2907962764,2907963878,15849,1114
29714.230545,2907970592,2907971696,16012,1104
29714.240327,2907978412,2907979520,15911,1108
29714.251576,2907986227,2907987342,15821,1115
29714.260327,2907994051,2907995160,15975,1109
29714.272330,2908001858,2908002971,15913,1113
29714.283137,2908009681,2908010789,15849,1108
29714.292334,2908017421,2908018530,15989,1109
29714.304184,2908025235,2908026342,15906,1107
29714.314697,2908033051,2908034166,15815,1115
29714.324329,2908040866,2908041978,15972,1112
29714.335743,2908048688,2908049792,15913,1104
29714.344333,2908056494,2908057612,15844,1118
29714.356329,2908064318,2908065427,15994,1109
29714.367304,2908072134,2908073249,15910,1115
29714.376329,2908079965,2908081074,15816,1109
29714.388327,2908087776,2908088893,15977,1117
29714.398863,2908095619,2908096729,15916,1110
29714.408332,2908103428,2908104537,15833,1109
29714.419904,2908111247,2908112355,15995,1108
29714.430425,2908119066,2908120174,15909,1108
29714.440329,2908126882,2908127996,15829,1114
29714.451463,2908134705,2908135820,15985,1115
29714.460333,2908142517,2908143630,15914,1113
29714.472331,2908150319,2908151428,15842,1109
29714.483025,2908158134,2908159247,15984,1113
29714.492333,2908165953,2908167071,15913,1118
29714.504056,2908173791,2908174900,15822,1109
29714.514583,2908181596,2908182705,16068,1109
29714.524330,2908189403,2908190518,15994,1115
29714.535617,2908197219,2908198327,15919,1108
29714.544328,2908205031,2908206139,16081,1108
29714.556328,2908212840,2908213953,16002,1113
29714.567177,2908220665,2908221778,15916,1113
29714.576328,2908228493,2908229606,16082,1113
29714.588222,2908236314,2908237427,15997,1113
29714.598737,2908244170,2908245274,15842,1104
29714.608326,2908251984,2908253094,15983,1110
29714.619784,2908259810,2908260920,15909,1110
29714.628329,2908267624,2908268733,15917,1109
29714.640328,2908275437,2908276554,16063,1117
29714.651343,2908283264,2908284377,15997,1113
29714.660330,2908291082,2908292194,15934,1112
29714.672329,2908298894,2908300008,16085,1114
29714.682905,2908306711,2908307824,16005,1113
29714.692330,2908314523,2908315628,15912,1105
29714.703943,2908322332,2908323444,16072,1112
29714.714464,2908330158,2908331266,15998,1108
29714.724331,2908337976,2908339091,15915,1115
29714.735505,2908345801,2908346915,16082,1114
29714.744329,2908353622,2908354734,15999,1112
29714.756328,2908361438,2908362551,15916,1113
29714.767064,2908369255,2908370368,16066,1113
29714.776331,2908377070,2908378182,15995,1112
29714.788096,2908384889,2908386000,15933,1111
29714.800127,2908393823,2908394940,15896,1117
29714.810640,2908401648,2908402752,15830,1104
29714.820328,2908409473,2908410582,15978,1109
29714.831686,2908417289,2908418392,15910,1103
29714.840328,2908425104,2908426218,15848,1114
29714.852332,2908432943,2908434051,16087,1108
29714.863248,2908440757,2908441865,16000,1108
29714.872327,2908448581,2908449691,15903,1110
29714.884285,2908456397,2908457507,16066,1110
29714.894808,2908464208,2908465323,15994,1115
29714.904327,2908472029,2908473144,15934,1115
29714.915847,2908479851,2908480954,16081,1103
29714.926368,2908487656,2908488764,15994,1108
29714.936328,2908495478,2908496575,15909,1097
29714.947406,2908503297,2908504408,16070,1111
29714.956335,2908511105,2908512223,15996,1118
29714.968328,2908518929,2908520035,15849,1106
29714.978967,2908526751,2908527860,15987,1109
29714.988328,2908534559,2908535672,15916,1113
29714.999999,2908542380,2908543490,15829,1110
29715.010526,2908550210,2908551323,15966,1113
29715.020333,2908558032,2908559144,15911,1112
29715.031559,2908565872,2908566975,15856,1103
29715.040329,2908573718,2908574831,15981,1113
29715.052331,2908581534,2908582647,15902,1113
29715.063120,2908589345,2908590463,15844,1118
29715.072329,2908597186,2908598299,15982,1113
29715.084164,2908605003,2908606116,15909,1113
29715.094680,2908612829,2908613947,15861,1118
29715.104329,2908620649,2908621759,15977,1110
29715.115726,2908628469,2908629582,15913,1113
29715.124333,2908636282,2908637391,15842,1109
29715.136329,2908644090,2908645192,15969,1102
29715.147285,2908651906,2908653019,15915,1113
29715.156331,2908659736,2908660849,15859,1113
29715.168326,2908667568,2908668681,15972,1113
29715.178847,2908675378,2908676487,15916,1109
29715.188335,2908683189,2908684304,15926,1115
29715.199885,2908691017,2908692126,16058,1109
29715.210406,2908698848,2908699961,15907,1113
29715.220330,2908706677,2908707789,15839,1112
29715.231448,2908714499,2908715614,15996,1115
29715.240330,2908722325,2908723434,15911,1109
29715.252331,2908730145,2908731260,15830,1115
29715.263006,2908737959,2908739073,15978,1114
29715.272329,2908745777,2908746886,15912,1109
29715.284039,2908753583,2908754696,15845,1113
29715.294568,2908761405,2908762514,16081,1109
29715.304328,2908769219,2908770328,16002,1109
29715.315600,2908777043,2908778152,15920,1109
29715.324336,2908784863,2908785976,16068,1113
29715.336329,2908792669,2908793772,15999,1103
29715.347160,2908800471,2908801584,15933,1113
29715.356330,2908808332,2908809445,16078,1113
29715.368206,2908816160,2908817273,15999,1113
29715.378720,2908823973,2908825076,15914,1103
29715.388328,2908831782,2908832891,16066,1109
29715.399765,2908839593,2908840703,15994,1110
29715.408333,2908847411,2908848524,15847,1113
29715.420328,2908855237,2908856352,15990,1115
29715.431327,2908863073,2908864182,15905,1109
29715.440329,2908870893,2908872005,15844,1112
29715.452329,2908878709,2908879812,15963,1103
29715.462887,2908886512,2908887621,15908,1109
29715.472329,2908894335,2908895439,15858,1104
29715.483925,2908902143,2908903250,15980,1107
29715.494447,2908909961,2908911066,15915,1105
29715.504331,2908917774,2908918882,15843,1108
29715.515485,2908925588,2908926697,15969,1109
29715.524327,2908933401,2908934508,15910,1107
29715.536330,2908941216,2908942317,15848,1101
29715.547047,2908949033,2908950146,15982,1113
29715.556328,2908956861,2908957976,15911,1115
29715.568078,2908964708,2908965821,15835,1113
29715.578606,2908972533,2908973641,15967,1108
29715.588329,2908980354,2908981466,15909,1112
29715.599639,2908988178,2908989287,15859,1109
29715.608330,2908995987,2908997096,15980,1109
29715.620329,2909003792,2909004896,15909,1104
29715.631200,2909011598,2909012712,15929,1114
29715.640331,2909019427,2909020542,16049,1115
29715.652244,2909027253,2909028361,15988,1108
29715.662761,2909035071,2909036175,15944,1104
29715.672332,2909042885,2909043994,16058,1109
29715.683806,2909050698,2909051804,15911,1106
29715.692331,2909058510,2909059619,15844,1109
29715.704329,2909066319,2909067429,15970,1110
29715.715364,2909074137,2909075241,15897,1104
29715.724330,2909081964,2909083077,15860,1113
29715.736329,2909089785,2909090897,15980,1112
29715.746927,2909097599,2909098708,15913,1109
29715.756328,2909105405,2909106515,15837,1110
29715.767964,2909113221,2909114330,15968,1109
29715.778486,2909121026,2909122134,15910,1108
29715.788327,2909128850,2909129965,15856,1115
29715.799526,2909136674,2909137786,15981,1112
29715.808327,2909144490,2909145603,15911,1113
29715.820332,2909152319,2909153432,15821,1113
29715.831087,2909160152,2909161266,15966,1114
29715.840336,2909167975,2909169088,15908,1113
29715.852119,2909175803,2909176916,15846,1113
29715.862648,2909183623,2909184737,15995,1114
29715.872328,2909191329,2909192444,16000,1115
29715.883680,2909199165,2909200272,15903,1107
29715.892331,2909206979,2909208087,16072,1108
29715.904332,2909214781,2909215890,16044,1109
29715.915239,2909222601,2909223709,15921,1108
29715.924333,2909230408,2909231516,16081,1108
29715.936287,2909238214,2909239321,16003,1107
29715.946803,2909246034,2909247144,15913,1110
29715.956328,2909253851,2909254960,16067,1109
29715.967848,2909261673,2909262786,15996,1113
29715.978361,2909269510,2909270613,15932,1103
29715.988328,2909277322,2909278431,15990,1109
29715.999409,2909285125,2909286234,15910,1109
29716.008329,2909292949,2909294066,15910,1117
29716.020330,2909300780,2909301893,15660,1113
29716.030967,2909308611,2909309729,15911,1118
29716.040333,2909316437,2909317552,15902,1115
29716.052006,2909324263,2909325380,15901,1117
29716.062527,2909332088,2909333206,15909,1118
29716.072335,2909339919,2909341037,15910,1118
29716.083567,2909347748,2909348857,15981,1109
29716.092329,2909355553,2909356662,15911,1109
29716.104331,2909363352,2909364465,15845,1113
29716.115125,2909371185,2909372293,16038,1108
29716.124327,2909379031,2909380145,15844,1114
29716.136162,2909386842,2909387944,15937,1102
29716.146688,2909394617,2909395726,15968,1109
29716.156333,2909402424,2909403537,15835,1113
29716.167724,2909410254,2909411361,15955,1107
29716.176332,2909418033,2909419144,15972,1111
29716.188331,2909425843,2909426952,15838,1109
29716.199285,2909433654,2909434768,15936,1114
29716.208328,2909441439,2909442548,15970,1109
29716.220320,2909449256,2909450373,15843,1117
29716.230846,2909457097,2909458203,15934,1106
29716.240327,2909464888,2909465995,16050,1107
29716.251880,2909472699,2909473813,15931,1114
29716.262402,2909480518,2909481627,15945,1109
29716.272333,2909488329,2909489438,16048,1109
29716.283440,2909496141,2909497258,15924,1117
29716.292332,2909503971,2909505082,16030,1111
29716.304328,2909511739,2909512854,16054,1115
29716.315001,2909519561,2909520665,15944,1104
29716.324333,2909527362,2909528471,16019,1109
29716.336047,2909535148,2909536245,16057,1097
29716.346563,2909542952,2909544070,15933,1118
29716.356331,2909550788,2909551902,16025,1114
29716.367607,2909558569,2909559686,16023,1117
29716.376329,2909566399,2909567507,15926,1108
29716.388327,2909574202,2909575315,16020,1113
29716.399168,2909582019,2909583134,16039,1115
29716.408329,2909589839,2909590954,15995,1115
29716.420202,2909597673,2909598781,16010,1108
29716.430728,2909605488,2909606607,15986,1119
29716.440329,2909613325,2909614440,15837,1115
29716.451762,2909621141,2909622244,15936,1103
29716.460334,2909628913,2909630031,15971,1118
29716.472327,2909636743,2909637851,15838,1108
29716.483323,2909644552,2909645662,15940,1110
29716.492331,2909652373,2909653482,15969,1109
29716.504330,2909660191,2909661304,15844,1113
29716.514885,2909668017,2909669126,15955,1109
29716.524330,2909675832,2909676945,15949,1113
29716.535920,2909683647,2909684749,15846,1102
29716.546443,2909691455,2909692574,15936,1119
29716.556333,2909699243,2909700351,15972,1108
29716.567480,2909707054,2909708163,15840,1109
29716.576333,2909714873,2909715972,15939,1099
29716.588330,2909722646,2909723756,15973,1110
29716.599041,2909730459,2909731567,15841,1108
29716.608331,2909738280,2909739383,15857,1103
29716.620086,2909746100,2909747213,15952,1113
29716.630602,2909753922,2909755030,15845,1108
29716.640332,2909761744,2909762857,16042,1113
29716.651649,2909769567,2909770670,16052,1103
29716.660328,2909777382,2909778491,15931,1109
29716.672329,2909785194,2909786295,16030,1101
29716.683209,2909792973,2909794086,16073,1113
29716.692328,2909800794,2909801907,15913,1113
29716.704242,2909808616,2909809719,16028,1103
29716.714769,2909816425,2909817534,16038,1109
29716.724328,2909824245,2909825364,15915,1119
29716.735802,2909832078,2909833179,16027,1101
29716.744329,2909839858,2909840971,16069,1113
29716.756329,2909847670,2909848783,15994,1113
29716.767363,2909855500,2909856596,16015,1096
29716.776330,2909863253,2909864357,16071,1104
29716.788334,2909871051,2909872154,15905,1103
29716.798923,2909878868,2909879976,16028,1108
29716.808331,2909886644,2909887747,16067,1103
29716.819960,2909894446,2909895558,15915,1112
29716.830483,2909902277,2909903386,16025,1109
29716.840329,2909910069,2909911177,15994,1108
29716.851521,2909917892,2909919007,15832,1115
29716.860328,2909925722,2909926830,15953,1108
29716.872328,2909933515,2909934628,16075,1113
29716.883081,2909941340,2909942448,15915,1108
29716.892327,2909949155,2909950264,16024,1109
29716.904129,2909956941,2909958054,16078,1113
29716.914641,2909964768,2909965881,15915,1113
29716.924333,2909972584,2909973694,16027,1110
29716.935688,2909980368,2909981470,16072,1102
29716.944334,2909988192,2909989310,15913,1118
29716.956339,2909996012,2909997119,15936,1107
29716.967248,2910003829,2910004947,16052,1118
29716.976328,2910011657,2910012761,15912,1104
29716.988282,2910019457,2910020567,16018,1110
29716.998809,2910027241,2910028350,16071,1109
29717.008331,2910035061,2910036166,15929,1105
29717.019843,2910042868,2910043976,16032,1108
29717.030370,2910050671,2910051781,16046,1110
29717.040329,2910058482,2910059591,15915,1109
29717.051404,2910066314,2910067424,15939,1110
29717.060332,2910074109,2910075217,16041,1108
29717.072327,2910081936,2910083042,15918,1106
29717.082964,2910089747,2910090865,16026,1118
29717.092330,2910097532,2910098636,16072,1104
29717.104007,2910105348,2910106462,15992,1114
29717.114524,2910113171,2910114275,16022,1104
29717.124335,2910120940,2910122048,16059,1108
29717.135561,2910128765,2910129866,15913,1101
29717.144328,2910136573,2910137686,16025,1113
29717.156327,2910144373,2910145490,16069,1117
29717.167121,2910152202,2910153307,15913,1105
29717.176329,2910160007,2910161116,16024,1109
29717.188168,2910167790,2910168898,16072,1108
29717.198681,2910175613,2910176726,15913,1113
29717.208328,2910183430,2910184533,16036,1103
29717.219729,2910191197,2910192309,16071,1112
29717.228335,2910199015,2910200122,15917,1107
29717.240332,2910206830,2910207945,16029,1115
29717.251289,2910214599,2910215712,15984,1113
29717.260329,2910222428,2910223532,15831,1104
29717.272322,2910230247,2910231361,15935,1114
29717.282850,2910238043,2910239160,16071,1117
29717.292331,2910245868,2910246972,15914,1104
29717.303882,2910253667,2910254776,15935,1109
29717.314410,2910261482,2910262596,16049,1114
29717.324328,2910269289,2910270385,15914,1096
29717.335443,2910277087,2910278199,16027,1112
29717.344327,2910284871,2910285983,16064,1112
29717.356330,2910292677,2910293786,15927,1109
29717.367004,2910300480,2910301597,16028,1117
29717.376329,2910308275,2910309389,16061,1114
29717.388041,2910316083,2910317192,15918,1109
29717.398564,2910323901,2910325014,16029,1113
29717.408328,2910331682,2910332791,16037,1109
29717.419600,2910339494,2910340599,15902,1105
29717.428335,2910347310,2910348414,16031,1104
29717.440334,2910355092,2910356210,16072,1118
29717.451167,2910362934,2910364047,15863,1113
29717.460332,2910370754,2910371867,15930,1113
29717.472207,2910378533,2910379642,16055,1109
29717.482722,2910386341,2910387449,15932,1108
29717.492335,2910394161,2910395278,16017,1117
29717.503767,2910401948,2910403059,16058,1111
29717.512330,2910409761,2910410877,15930,1116
29717.524333,2910417584,2910418693,16025,1109
29717.535328,2910425370,2910426486,16056,1116
29717.544328,2910433189,2910434299,15932,1110
29717.556328,2910441006,2910442113,16038,1107
29717.566888,2910448781,2910449887,16055,1106
29717.576327,2910456588,2910457696,15927,1108
29717.587923,2910464402,2910465509,16018,1107
29717.598449,2910472178,2910473285,16057,1107
29717.608331,2910479974,2910481082,15925,1108
29717.619484,2910487775,2910488883,16024,1108
29717.628329,2910495552,2910496655,16053,1103
29717.640329,2910503365,2910504479,15921,1114
29717.651043,2910511187,2910512291,15939,1104
29717.660330,2910519001,2910520116,15954,1115
29717.672080,2910526816,2910527920,15842,1104
29717.682604,2910534633,2910535741,15936,1108
29717.692330,2910542408,2910543516,16058,1108
29717.703641,2910550219,2910551328,15948,1109
29717.712328,2910558037,2910559146,16022,1109
29717.724335,2910565821,2910566925,16054,1104
29717.735201,2910573628,2910574743,15925,1115
29717.744329,2910581463,2910582577,16017,1114
29717.756247,2910589289,2910590403,16022,1114
29717.766762,2910597101,2910598208,15934,1107
29717.776329,2910604915,2910606019,16022,1104
29717.787808,2910612691,2910613799,16053,1108
29717.796328,2910620508,2910621621,15992,1113
29717.808329,2910628322,2910629435,16021,1113
29717.819368,2910636095,2910637208,16049,1113
29717.828332,2910643912,2910645018,15924,1106
29717.840328,2910651716,2910652820,16017,1104
29717.850929,2910659491,2910660598,16055,1107
29717.860327,2910667317,2910668429,15927,1112
29717.871963,2910675133,2910676241,16025,1108
29717.882489,2910682915,2910684028,16060,1113
29717.892328,2910690734,2910691847,15928,1113
29717.903524,2910698556,2910699665,16035,1109
29717.912329,2910706345,2910707454,16059,1109
29717.924327,2910714157,2910715266,15923,1109
29717.935084,2910721974,2910723078,16027,1104
29717.944328,2910729787,2910730895,16057,1108
29717.956121,2910737591,2910738704,15932,1113
29717.966645,2910745414,2910746524,16022,1110
29717.976329,2910753187,2910754290,16045,1103
29717.987681,2910760990,2910762107,15918,1117
29717.996328,2910768820,2910769929,15941,1109
29718.008329,2910776643,2910777746,16026,1103
29718.019241,2910784441,2910785553,15930,1112
29718.028329,2910792261,2910793368,16016,1107
29718.040287,2910800029,2910801142,16056,1113
29718.050802,2910807851,2910808949,15945,1098
29718.060329,2910815652,2910816770,16026,1118
29718.071847,2910823455,2910824559,16057,1104
29718.082362,2910831276,2910832385,15933,1109
29718.092330,2910839097,2910840206,16018,1109
29718.103408,2910846884,2910847994,16023,1110
29718.112329,2910854699,2910855807,15928,1108
29718.124328,2910862518,2910863622,16025,1104
29718.134968,2910870300,2910871410,16055,1110
29718.144329,2910878117,2910879235,15989,1118
29718.156003,2910885937,2910887051,16014,1114
29718.166529,2910893739,2910894852,16056,1113
29718.176331,2910901576,2910902693,15930,1117
29718.187563,2910909397,2910910505,16022,1108
29718.196330,2910917174,2910918281,16050,1107
29718.208329,2910924981,2910926094,15928,1113
29718.219125,2910932794,2910933905,16032,1111
29718.228329,2910940609,2910941713,16038,1104
29718.240160,2910948413,2910949526,15930,1113
29718.250686,2910956228,2910957332,16041,1104
29718.260332,2910964003,2910965112,16058,1109
29718.271723,2910971827,2910972935,15840,1108
29718.280333,2910979653,2910980757,15929,1104
29718.292333,2910987426,2910988534,15981,1108
29718.303282,2910995249,2910996356,15829,1107
29718.312336,2911003065,2911004173,15938,1108
29718.324329,2911010842,2911011946,15983,1104
29718.334842,2911018655,2911019765,15829,1110
29718.344328,2911026488,2911027597,15845,1109
29718.355889,2911034301,2911035420,15967,1119
29718.366402,2911042133,2911043242,15830,1109
29718.376332,2911049942,2911051055,15941,1113
29718.387450,2911057711,2911058815,15986,1104
29718.396331,2911065508,2911066615,15840,1107
29718.408330,2911073318,2911074436,15926,1118
29718.419010,2911081093,2911082206,15980,1113
29718.428331,2911088905,2911090015,15828,1110
29718.440044,2911096722,2911097831,15937,1109
29718.450571,2911104509,2911105616,15948,1107
29718.460327,2911112336,2911113436,15828,1100
29718.471601,2911120173,2911121287,15927,1114
29718.480331,2911127992,2911129095,15970,1103
29718.492330,2911135801,2911136909,15904,1108
29718.503164,2911143630,2911144742,15939,1112
29718.512329,2911151448,2911152563,15979,1115
29718.524201,2911159271,2911160380,15835,1109
29718.534725,2911167080,2911168187,15933,1107
29718.544330,2911174864,2911175977,15982,1113
29718.555761,2911182688,2911183797,15824,1109
29718.564334,2911190511,2911191620,15935,1109
29718.576336,2911198290,2911199399,15984,1109
29718.587322,2911206113,2911207227,15826,1114
29718.596329,2911213948,2911215062,15955,1114
29718.608329,2911221739,2911222851,15985,1112
29718.618882,2911229548,2911230657,15831,1109
29718.628331,2911237362,2911238471,15937,1109
29718.639929,2911245150,2911246263,15980,1113
29718.650444,2911252968,2911254075,15827,1107
29718.660328,2911260781,2911261889,15935,1108
29718.671490,2911268546,2911269664,15983,1118
29718.680331,2911276324,2911277430,15817,1106
29718.692335,2911284122,2911285229,15849,1107
29718.703050,2911291933,2911293046,15958,1113
29718.712329,2911299761,2911300873,15818,1112
29718.724083,2911307565,2911308674,15937,1109
29718.734611,2911315338,2911316446,16072,1108
29718.744327,2911323156,2911324265,15932,1109
29718.755645,2911330973,2911332082,16024,1109
29718.764329,2911338789,2911339901,16050,1112
29718.776329,2911346613,2911347722,15918,1109
29718.787204,2911354424,2911355539,16020,1115
29718.796328,2911362223,2911363337,16038,1114
29718.808241,2911370043,2911371150,15913,1107
29718.818765,2911377855,2911378963,16029,1108
29718.828330,2911385656,2911386770,16062,1114
29718.839809,2911393484,2911394591,15993,1107
29718.848332,2911401306,2911402413,16029,1107
29718.860329,2911409128,2911410241,16056,1113
29718.871362,2911416936,2911418045,15920,1109
29718.880327,2911424755,2911425858,15932,1103
29718.892328,2911432568,2911433667,15968,1099
29718.902922,2911440366,2911441471,15827,1105
29718.912330,2911448187,2911449300,15934,1113
29718.923969,2911456004,2911457107,15966,1103
29718.934483,2911463809,2911464917,15828,1108
29718.944330,2911471622,2911472730,15945,1108
29718.955530,2911479439,2911480543,15965,1104
29718.964327,2911487246,2911488359,15828,1113
29718.976330,2911495065,2911496174,15928,1109
29718.987090,2911502848,2911503961,16070,1113
29718.996330,2911510666,2911511769,15918,1103
29719.008124,2911518472,2911519585,16023,1113
29719.018651,2911526268,2911527378,16119,1110
29719.028328,2911534099,2911535208,15903,1109
29719.039683,2911541907,2911543016,15926,1109
29719.048328,2911549711,2911550811,16050,1100
29719.060327,2911557507,2911558622,15917,1115
29719.071245,2911565313,2911566426,16028,1113
29719.080330,2911573093,2911574197,16071,1104
29719.092283,2911580920,2911582038,15930,1118
29719.102805,2911588747,2911589855,16024,1108
29719.112327,2911596561,2911597674,16053,1113
29719.123842,2911604388,2911605497,15917,1109
29719.134366,2911612199,2911613314,16027,1115
29719.144327,2911620017,2911621121,16030,1104
29719.155402,2911627822,2911628937,15917,1115
29719.164329,2911635625,2911636739,16025,1114
29719.176330,2911643448,2911644552,16051,1104
29719.186970,2911651253,2911652361,15994,1108
29719.196329,2911659045,2911660163,16031,1118
29719.208009,2911666866,2911667979,16052,1113
29719.218523,2911674682,2911675801,15916,1119
29719.228329,2911682519,2911683626,16027,1107
29719.239568,2911690329,2911691438,16054,1109
29719.248329,2911698148,2911699245,15914,1097
29719.260335,2911705946,2911707055,16025,1109
29719.271133,2911713758,2911714870,16049,1112
29719.280334,2911721574,2911722678,15919,1104
29719.292166,2911729394,2911730507,16048,1113
29719.302691,2911737218,2911738333,16057,1115
29719.312333,2911745049,2911746163,15919,1114
29719.323725,2911752859,2911753969,16020,1110
29719.332328,2911760670,2911761781,16054,1111
29719.344331,2911768496,2911769610,15924,1114
29719.355285,2911776318,2911777427,16028,1109
29719.364331,2911784142,2911785251,16055,1109
29719.376322,2911791963,2911793076,15908,1113
29719.386844,2911799790,2911800899,15938,1109
29719.396331,2911807606,2911808714,16051,1108
29719.407881,2911815421,2911816534,15913,1113
29719.418407,2911823233,2911824346,16030,1113
29719.428332,2911831051,2911832155,16056,1104
29719.439442,2911838862,2911839966,15930,1104
29719.448333,2911846682,2911847785,16026,1103
29719.460331,2911854506,2911855610,16053,1104
29719.471003,2911862317,2911863423,15920,1106
29719.480332,2911870129,2911871242,16031,1113
29719.492050,2911877875,2911878988,15989,1113
29719.502563,2911885700,2911886804,15828,1104
29719.512329,2911893522,2911894640,15939,1118
29719.523610,2911901339,2911902448,15962,1109
29719.532331,2911909147,2911910260,15907,1113
29719.544330,2911916965,2911918074,15942,1109
29719.555171,2911924777,2911925891,15969,1114
29719.564327,2911932602,2911933715,15829,1113
29719.576204,2911940415,2911941519,15944,1104
29719.586729,2911948228,2911949341,15968,1113
29719.596327,2911956052,2911957161,15827,1109
29719.607765,2911963871,2911964985,15932,1114
29719.616328,2911971700,2911972819,15968,1119
29719.628333,2911979526,2911980639,15829,1113
29719.639326,2911987351,2911988464,15963,1113
29719.648327,2911995162,2911996268,15968,1106
29719.660329,2912002976,2912004089,15833,1113
29719.670886,2912010798,2912011905,15941,1107
29719.680332,2912018615,2912019729,15969,1114
29719.691922,2912026430,2912027544,15832,1114
29719.702446,2912034267,2912035380,16036,1113
29719.712328,2912042078,2912043182,16058,1104
29719.723483,2912049898,2912051011,15923,1113
29719.732328,2912057719,2912058826,15936,1107
29719.744329,2912065542,2912066658,16058,1116
29719.755043,2912073359,2912074466,15918,1107
29719.764328,2912081209,2912082317,16033,1108
29719.776092,2912088995,2912090104,16078,1109
29719.786603,2912096817,2912097925,15930,1108
29719.796331,2912104642,2912105751,16033,1109
29719.807650,2912112450,2912113566,16056,1116
29719.816333,2912120273,2912121391,15920,1118
29719.828332,2912128092,2912129196,16029,1104
29719.839211,2912135897,2912137010,16042,1113
29719.848328,2912143708,2912144814,15919,1106
29719.860244,2912151514,2912152622,16026,1108
29719.870771,2912159325,2912160443,16057,1118
29719.880331,2912167161,2912168265,15995,1104
29719.891805,2912174963,2912176072,16030,1109
29719.900329,2912182787,2912183896,16019,1109
29719.912329,2912190604,2912191714,15832,1110
29719.923366,2912198416,2912199525,15945,1109
29719.932328,2912206216,2912207328,15971,1112
29719.944327,2912214040,2912215153,15828,1113
29719.954926,2912221854,2912222967,15934,1113
29719.964330,2912229673,2912230777,15962,1104
29719.975965,2912237474,2912238582,15825,1108
29719.986487,2912245293,2912246401,15961,1108
29719.996330,2912253111,2912254225,15967,1114
29720.007522,2912260923,2912262031,15832,1108
29720.016329,2912268737,2912269848,15946,1111
29720.028329,2912276556,2912277670,15971,1114
29720.039083,2912284386,2912285499,15820,1113
29720.048334,2912292236,2912293332,15946,1096
29720.060130,2912300037,2912301145,15974,1108
29720.070643,2912307844,2912308953,15825,1109
29720.080331,2912315658,2912316776,15849,1118
29720.091690,2912323488,2912324592,15969,1104
29720.100328,2912331294,2912332398,15834,1104
29720.112330,2912339115,2912340218,15940,1103
29720.123251,2912346929,2912348042,15965,1113
29720.132331,2912354744,2912355862,15841,1118
29720.144285,2912362556,2912363665,15942,1109
29720.154811,2912370377,2912371484,15967,1107
29720.164331,2912378191,2912379299,15835,1108
29720.175845,2912385995,2912387104,15942,1109
29720.186372,2912393804,2912394912,15955,1108
29720.196328,2912401628,2912402746,15833,1118
29720.207405,2912409453,2912410553,15945,1100
29720.216332,2912417252,2912418365,15969,1113
29720.228328,2912425077,2912426190,15904,1113
29720.238966,2912432900,2912434004,15941,1104
29720.248334,2912440709,2912441815,15974,1106
29720.260002,2912448513,2912449621,15833,1108
29720.270526,2912456310,2912457423,15942,1113
29720.280327,2912464139,2912465243,15970,1104
29720.291563,2912471950,2912473060,15819,1110
29720.300329,2912479768,2912480881,15941,1113
29720.312331,2912487558,2912488667,15970,1109
29720.323123,2912495389,2912496501,15835,1112
29720.332327,2912503224,2912504328,15969,1104
29720.344170,2912511043,2912512152,15971,1109
29720.354684,2912518861,2912519969,15830,1108
29720.364328,2912526679,2912527782,15932,1103
29720.375731,2912534500,2912535612,15963,1112
29720.384327,2912542316,2912543435,15825,1119
29720.396331,2912550140,2912551249,15943,1109
29720.407291,2912557946,2912559055,15970,1109
29720.416330,2912565768,2912566878,15833,1110
29720.428324,2912573583,2912574696,15835,1113
29720.438852,2912581408,2912582521,15972,1113
29720.448330,2912589228,2912590336,15832,1108
29720.459885,2912597044,2912598157,15939,1113
29720.470412,2912604848,2912605966,15967,1118
29720.480328,2912612676,2912613789,15845,1113
29720.491445,2912620497,2912621606,15945,1109
29720.500329,2912628307,2912629411,15970,1104
29720.512333,2912636136,2912637244,15830,1108
29720.523006,2912643944,2912645042,15948,1098
29720.532331,2912651743,2912652860,15951,1117
29720.544042,2912659559,2912660676,15835,1117
29720.554566,2912667382,2912668485,15937,1103
29720.564328,2912675193,2912676300,15972,1107
29720.575611,2912682996,2912684100,15908,1104
29720.584327,2912690812,2912691915,15943,1103
29720.596330,2912698628,2912699741,15969,1113
29720.607164,2912706448,2912707561,15831,1113
29720.616329,2912714255,2912715370,15943,1115
29720.628209,2912722065,2912723177,15971,1112
29720.638724,2912729873,2912730977,15829,1104
29720.648328,2912737684,2912738800,15941,1116
29720.659771,2912745518,2912746627,15972,1109
29720.668327,2912753330,2912754434,15836,1104
29720.680332,2912761133,2912762246,15954,1113
29720.691331,2912768956,2912770065,15970,1109
29720.700329,2912776764,2912777873,15831,1109
29720.712335,2912784576,2912785681,15930,1105
29720.722892,2912792402,2912793505,15948,1103
29720.732330,2912800212,2912801324,15835,1112
29720.743925,2912808044,2912809148,15940,1104
29720.754452,2912815855,2912816968,15970,1113
29720.764329,2912823680,2912824793,15831,1113
29720.775485,2912831501,2912832619,15851,1118
29720.784330,2912839318,2912840426,15970,1108
29720.796328,2912847126,2912848230,15829,1104
29720.807046,2912854928,2912856032,15943,1104
29720.816331,2912862763,2912863882,15964,1119
29720.828083,2912870577,2912871690,15846,1113
29720.838607,2912878397,2912879510,15944,1113
29720.848331,2912886217,2912887333,15956,1116
29720.859643,2912894027,2912895137,15827,1110
29720.868332,2912901842,2912902951,15944,1109
29720.880328,2912909656,2912910768,15942,1112
29720.891203,2912917467,2912918578,15833,1111
29720.900335,2912925283,2912926392,15943,1109
29720.912250,2912933104,2912934211,15964,1107
29720.922771,2912940931,2912942048,15905,1117
29720.932327,2912948739,2912949844,15941,1105
29720.943812,2912956542,2912957655,15972,1113
29720.952326,2912964367,2912965474,15831,1107
29720.964336,2912972172,2912973281,15945,1109
29720.975370,2912979989,2912981103,15971,1114
29720.984336,2912987803,2912988907,15833,1104
29720.996328,2912995609,2912996718,15948,1109
29721.006932,2913003425,2913004534,15969,1109
29721.016333,2913011257,2913012373,15833,1116
29721.027971,2913019087,2913020206,16000,1119
29721.038493,2913026921,2913028039,15915,1118
29721.048329,2913034748,2913035860,15831,1112
29721.059529,2913042578,2913043695,15981,1117
29721.068328,2913050397,2913051506,15919,1109
29721.080334,2913058215,2913059333,15832,1118
29721.091087,2913066028,2913067141,15943,1113
29721.100333,2913073875,2913074985,15966,1110
29721.128332,2913087805,2913088422,12051,617
29721.139180,2913091784,2913092404,11975,620
29721.148327,2913097865,2913098972,15956,1107
29721.160221,2913105652,2913106757,15919,1105
29721.170741,2913113426,2913114534,15960,1108
29721.180336,2913121254,2913122361,15977,1107
29721.191781,2913129056,2913130174,15909,1118
29721.200328,2913136878,2913137985,15936,1107
29721.212334,2913144687,2913145796,16092,1109
29721.223341,2913152510,2913153619,16007,1109
29721.232326,2913160325,2913161439,15939,1114
29721.244328,2913168151,2913169259,16085,1108
29721.254904,2913175967,2913177076,16002,1109
29721.264329,2913183785,2913184896,15922,1111
29721.275943,2913191611,2913192724,16091,1113
29721.286464,2913199427,2913200537,15994,1110
29721.296330,2913207246,2913208357,15921,1111
29721.307501,2913215066,2913216176,16075,1110
29721.316328,2913222890,2913223994,16004,1104
29721.328332,2913230703,2913231812,15910,1109
29721.339062,2913238424,2913239532,15984,1108
29721.348327,2913246240,2913247348,15915,1108
29721.360094,2913254062,2913255177,15845,1115
29721.370622,2913261883,2913262993,15912,1110
29721.380332,2913269714,2913270822,15903,1108
29721.391655,2913277530,2913278638,15839,1108
29721.400331,2913285338,2913286443,16001,1105
29721.412331,2913293154,2913294258,15919,1104
29721.423215,2913300960,2913302073,15841,1113
29721.432331,2913308774,2913309885,15994,1111
29721.444262,2913316585,2913317698,15910,1113
29721.454776,2913324398,2913325507,15833,1109
29721.464328,2913332219,2913333335,15982,1116
29721.475823,2913340039,2913341147,15913,1108
29721.486336,2913347845,2913348957,15826,1112
29721.496330,2913355674,2913356779,15982,1105
29721.507382,2913363495,2913364604,15907,1109
29721.516333,2913371315,2913372424,15909,1109
29721.528331,2913379135,2913380238,15975,1103
29721.538941,2913386965,2913388075,15883,1110
29721.548333,2913394787,2913395899,15865,1112
29721.559982,2913402598,2913403711,15983,1113
29721.570501,2913410424,2913411536,15908,1112
29721.580328,2913418232,2913419345,15863,1113
29721.591542,2913426051,2913427164,15986,1113
29721.600330,2913433853,2913434961,15913,1108
29721.612328,2913441659,2913442769,15848,1110
29721.623101,2913448019,2913449129,15881,1110
29721.632328,2913455842,2913456954,15900,1112
29721.644135,2913463650,2913464763,15848,1113
29721.654661,2913471454,2913472563,15972,1109
29721.664329,2913479268,2913480380,15915,1112
29721.675695,2913487086,2913488197,15851,1111
29721.684327,2913494905,2913496013,16060,1108
29721.696332,2913502721,2913503829,16002,1108
29721.707255,2913510533,2913511640,15950,1107
29721.716330,2913518354,2913519463,16008,1109
29721.728299,2913526170,2913527279,15999,1109
29721.738816,2913533966,2913535081,15859,1115
29721.748331,2913541806,2913542915,16087,1109
29721.759864,2913549636,2913550740,16002,1104
29721.770376,2913557441,2913558554,15931,1113
29721.780331,2913565267,2913566385,16087,1118
29721.791424,2913573097,2913574209,16002,1112
29721.800332,2913580909,2913582027,15827,1118
29721.812333,2913588741,2913589859,15978,1118
29721.822984,2913596555,2913597664,15913,1109
29721.832328,2913604367,2913605466,15832,1099
29721.844021,2913612173,2913613282,15978,1109
29721.854543,2913619991,2913621104,15920,1113
29721.864329,2913627817,2913628922,15909,1105
29721.875582,2913635611,2913636715,15982,1104
29721.884329,2913643408,2913644518,15914,1110
29721.896329,2913651227,2913652337,15850,1110
29721.907144,2913659038,2913660144,15986,1106
29721.916335,2913666848,2913667955,15923,1107
29721.928175,2913674661,2913675768,15845,1107
29721.938704,2913682472,2913683585,16085,1113
29721.948331,2913690293,2913691397,15904,1104
29721.959735,2913698098,2913699215,15833,1117
29721.968327,2913705914,2913707022,15999,1108
29721.980332,2913713728,2913714837,15915,1109
29721.991295,2913721550,2913722663,15836,1113
29722.000328,2913729371,2913730485,15986,1114
29722.012328,2913737190,2913738303,15913,1113
29722.022856,2913745010,2913746119,15830,1109
29722.032330,2913752822,2913753930,15980,1108
29722.043901,2913760643,2913761756,15918,1113
29722.054417,2913768462,2913769574,15851,1112
29722.064330,2913776279,2913777391,15923,1112
29722.075462,2913784097,2913785201,15917,1104
29722.084331,2913791906,2913793024,15849,1118
29722.096328,2913799729,2913800832,16002,1103
29722.107024,2913807553,2913808659,15913,1106
29722.116332,2913815370,2913816487,15838,1117
29722.128063,2913823194,2913824312,16006,1118
29722.138585,2913831015,2913832124,15907,1109
29722.148328,2913838822,2913839925,15833,1103
29722.159621,2913846654,2913847764,15972,1110
29722.168332,2913854467,2913855575,15913,1108
29722.180328,2913862288,2913863391,15846,1103
29722.191181,2913870096,2913871199,15970,1103
29722.200330,2913877742,2913878855,15914,1113
29722.212220,2913885557,2913886666,15912,1109
29722.222741,2913893366,2913894480,15967,1114
29722.232333,2913901196,2913902308,15905,1112
29722.243775,2913909023,2913910141,15860,1118
29722.252327,2913916850,2913917960,15989,1110
29722.264329,2913924664,2913925780,15915,1116
29722.275335,2913932492,2913933602,15861,1110
29722.284330,2913940316,2913941426,15988,1110
29722.296328,2913948131,2913949239,15916,1108
29722.306897,2913955945,2913957056,15838,1111
29722.316334,2913963750,2913964863,15990,1113
29722.327942,2913971582,2913972700,15916,1118
29722.338457,2913979402,2913980508,15847,1106
29722.348331,2913987222,2913988336,15969,1114
29722.359504,2913995046,2913996156,15913,1110
29722.368334,2914002867,2914003974,15824,1107
29722.380335,2914010681,2914011788,15977,1107
29722.391062,2914018496,2914019609,15914,1113
29722.400330,2914026341,2914027459,15838,1118
29722.412102,2914034168,2914035276,15921,1108
29722.422623,2914041980,2914043092,15917,1112
29722.432329,2914049792,2914050901,15849,1109
29722.443663,2914057608,2914058720,16001,1112
29722.452330,2914065431,2914066541,15918,1110
29722.464330,2914073255,2914074367,15847,1112
29722.475225,2914081066,2914082178,16004,1112
29722.484331,2914088880,2914089989,15914,1109
29722.496255,2914096708,2914097821,15824,1113
29722.506783,2914104515,2914105625,15975,1110
29722.516332,2914112327,2914113437,15914,1110
29722.527816,2914120152,2914121267,15828,1115
29722.538343,2914127978,2914129086,15978,1108
29722.548332,2914135782,2914136891,15961,1109
29722.559380,2914143624,2914144732,15833,1108
29722.568331,2914151443,2914152557,15970,1114
29722.580329,2914159269,2914160379,15904,1110
29722.590937,2914167081,2914168194,15860,1113
29722.600327,2914174911,2914176019,15987,1108
29722.611981,2914182728,2914183841,15922,1113
29722.622496,2914190546,2914191655,15861,1109
29722.632329,2914198356,2914199470,15986,1114
29722.643542,2914206182,2914207297,15910,1115
29722.652333,2914214004,2914215112,15845,1108
29722.664329,2914221826,2914222938,15989,1112
29722.675102,2914229653,2914230761,15914,1108
29722.684326,2914237491,2914238601,15841,1110
29722.696140,2914245302,2914246412,15969,1110
29722.706663,2914253121,2914254233,15912,1112
29722.716332,2914260940,2914262050,15838,1110
29722.727701,2914268752,2914269858,15967,1106
29722.736327,2914276554,2914277663,15915,1109
29722.748329,2914284362,2914285475,15864,1113
29722.759261,2914292193,2914293308,15921,1115
29722.768331,2914300032,2914301145,15913,1113
29722.780295,2914307867,2914308975,15864,1108
29722.790823,2914315692,2914316809,15983,1117
29722.800332,2914323515,2914324621,15915,1106
29722.811856,2914331333,2914332446,15860,1113
29722.822384,2914339143,2914340250,15983,1107
29722.832330,2914346961,2914348071,15916,1110
29722.843418,2914354789,2914355898,15848,1109
29722.852329,2914362596,2914363705,15969,1109
29722.864328,2914370405,2914371516,15911,1111
29722.874977,2914378227,2914379340,15840,1113
29722.884331,2914386046,2914387155,15970,1109
29722.896021,2914393864,2914394972,15913,1108
29722.906542,2914401692,2914402800,15912,1108
29722.916333,2914409474,2914410584,15958,1110
29722.927581,2914417299,2914418408,15914,1109
29722.936328,2914425113,2914426217,15863,1104
29722.948332,2914432925,2914434033,15988,1108
29722.959142,2914440727,2914441837,15920,1110
29722.968330,2914448518,2914449621,15852,1103
29722.980182,2914456324,2914457427,15991,1103
29722.990703,2914464132,2914465249,15915,1117
29723.000330,2914471959,2914473057,15846,1098
29723.011742,2914479772,2914480886,15991,1114
29723.020327,2914487598,2914488713,15913,1115
29723.032329,2914495422,2914496525,15848,1103
29723.043301,2914503235,2914504348,15965,1113
29723.052335,2914511056,2914512167,15919,1111
29723.064333,2914518878,2914519988,15846,1110
29723.074862,2914526701,2914527813,15969,1112
29723.084328,2914534518,2914535628,15914,1110
29723.095896,2914542344,2914543457,15859,1113
29723.106422,2914550166,2914551279,15923,1113
29723.116329,2914557990,2914559098,15921,1108
29723.127456,2914565801,2914566914,15854,1113
29723.136327,2914573611,2914574714,15982,1103
29723.148330,2914581431,2914582541,15914,1110
29723.159016,2914589244,2914590353,15849,1109
29723.168331,2914597060,2914598173,15989,1113
29723.180064,2914604897,2914606004,15995,1107
29723.190577,2914612639,2914613751,15920,1112
29723.200333,2914620442,2914621560,16074,1118
29723.211626,2914628268,2914629385,16002,1117
29723.220330,2914636084,2914637197,15919,1113
29723.232327,2914643896,2914645014,16070,1118
29723.243183,2914651726,2914652830,16002,1104
29723.252329,2914659528,2914660632,15997,1104
29723.264222,2914667335,2914668443,16064,1108
29723.274744,2914675145,2914676255,16007,1110
29723.284331,2914682964,2914684082,15936,1118
29723.295784,2914690781,2914691884,16091,1103
29723.304330,2914698587,2914699705,15917,1118
29723.316336,2914706413,2914707526,15846,1113
29723.327344,2914714242,2914715359,15994,1117
29723.336328,2914722060,2914723164,15904,1104
29723.348335,2914729873,2914730985,15834,1112
29723.358906,2914737703,2914738816,16004,1113
29723.368328,2914745526,2914746639,15912,1113
29723.379938,2914753351,2914754454,15833,1103
29723.390464,2914761165,2914762273,15974,1108
29723.400333,2914768988,2914770101,15916,1113
29723.411497,2914776812,2914777925,15913,1113
29723.420331,2914784625,2914785737,16068,1112
29723.432329,2914792447,2914793557,16003,1110
29723.443057,2914800260,2914801369,15931,1109
29723.452331,2914808098,2914809201,16013,1103
29723.464102,2914815904,2914817017,16000,1113
29723.474619,2914823723,2914824837,15936,1114
29723.484327,2914831553,2914832663,16085,1110
29723.495664,2914839363,2914840470,16003,1107
29723.504331,2914847180,2914848290,15929,1110
29723.516328,2914854993,2914856097,16089,1104
29723.527224,2914862803,2914863916,16002,1113
29723.536328,2914870623,2914871738,15921,1115
29723.548262,2914878448,2914879562,16065,1114
29723.558785,2914886270,2914887380,15991,1110
29723.568332,2914894090,2914895200,15921,1110
29723.579823,2914901926,2914903038,16016,1112
29723.588331,2914909743,2914910856,15911,1113
29723.600333,2914917558,2914918667,15911,1109
29723.611383,2914925378,2914926493,15979,1115
29723.620328,2914933203,2914934317,15918,1114
29723.632333,2914941034,2914942148,15831,1114
29723.642945,2914948856,2914949965,16000,1109
29723.652331,2914956671,2914957784,15915,1113
29723.663976,2914964480,2914965590,15848,1110
29723.674506,2914972298,2914973401,15994,1103
29723.684331,2914980102,2914981212,15910,1110
29723.695537,2914987931,2914989040,15832,1109
29723.704331,2914995749,2914996853,16001,1104
29723.716331,2915003542,2915004649,15913,1107
29723.727097,2915011359,2915012468,15833,1109
29723.736330,2915019174,2915020289,15982,1115
29723.748143,2915026992,2915028104,15921,1112
29723.758657,2915034810,2915035918,15836,1108
29723.768329,2915042619,2915043728,15988,1109
29723.779703,2915050430,2915051530,15915,1100
29723.788331,2915058225,2915059330,15850,1105
29723.800337,2915066043,2915067153,15925,1110
29723.811263,2915073864,2915074973,15915,1109
29723.820331,2915081683,2915082782,15848,1099
29723.832304,2915089500,2915090609,15998,1109
29723.842825,2915097319,2915098428,15903,1109
29723.852331,2915105128,2915106243,15844,1115
29723.863864,2915112941,2915114050,16001,1109
29723.874386,2915120766,2915121880,15911,1114
29723.884330,2915128582,2915129685,15833,1103
29723.895424,2915136397,2915137495,15986,1098
29723.904331,2915144195,2915145303,15915,1108
29723.916333,2915152011,2915153124,15823,1113
29723.926983,2915159830,2915160945,15981,1115
29723.936327,2915167647,2915168760,15915,1113
29723.948022,2915175467,2915176581,15894,1114
29723.958544,2915183291,2915184404,15985,1113
29723.968335,2915191114,2915192224,15915,1110
29723.979577,2915198933,2915200050,15848,1117
29723.988327,2915206766,2915207870,15976,1104
29724.000329,2915214573,2915215690,15921,1117
29724.011137,2915222395,2915223505,15854,1110
29724.020335,2915230195,2915231305,15994,1110
29724.032182,2915238002,2915239112,15917,1110
29724.042697,2915245819,2915246934,15843,1115
29724.052329,2915253631,2915254747,15988,1116
29724.063743,2915261456,2915262569,15916,1113
29724.072330,2915269268,2915270378,15842,1110
29724.084329,2915277093,2915278201,15964,1108
29724.095302,2915284908,2915286016,15915,1108
29724.104332,2915292722,2915293826,15847,1104
29724.116328,2915300520,2915301630,15969,1110
29724.126862,2915308335,2915309448,15912,1113
29724.136333,2915316157,2915317270,15857,1113
29724.147901,2915323977,2915325088,15922,1111
29724.158422,2915331796,2915332906,15915,1110
29724.168327,2915339598,2915340705,15864,1107
29724.179463,2915347405,2915348518,15989,1113
29724.188328,2915355219,2915356329,15910,1110
29724.200329,2915363050,2915364168,16018,1118
29724.211024,2915370878,2915371996,15961,1118
29724.220331,2915378721,2915379839,15920,1118
29724.232056,2915386550,2915387667,15840,1117
29724.242582,2915394380,2915395495,15758,1115
29724.252327,2915402225,2915403340,15711,1115
29724.263617,2915410107,2915411221,15601,1114
29724.272332,2915418177,2915419299,15983,1122
29724.284330,2915426009,2915427127,15585,1118
29724.295182,2915433835,2915434945,15903,1110
29724.304327,2915441691,2915442806,15969,1115
29724.316223,2915449513,2915450631,15910,1118
29724.326737,2915457362,2915458471,15863,1109
29724.336331,2915465199,2915466313,15951,1114
29724.347783,2915473032,2915474148,15918,1116
29724.356327,2915480867,2915481985,15851,1118
29724.368331,2915488709,2915489823,15967,1114
29724.379341,2915496577,2915497689,15911,1112
29724.388331,2915504437,2915505556,15584,1119
29724.400331,2915512340,2915513459,15991,1119
29724.410905,2915520186,2915521304,15922,1118
29724.420328,2915528020,2915529132,15831,1112
29724.431943,2915535853,2915536968,15979,1115
29724.442465,2915543679,2915544798,15921,1119
29724.452329,2915551508,2915552618,15832,1110
29724.463503,2915559325,2915560442,15972,1117
29724.472328,2915567154,2915568267,15919,1113
29724.484330,2915574983,2915576088,15850,1105
29724.495064,2915582789,2915583902,15918,1113
29724.504328,2915590595,2915591704,15921,1109
29724.516096,2915598402,2915599515,15848,1113
29724.526626,2915606222,2915607328,16000,1106
29724.536330,2915614023,2915615133,16000,1110
29724.547657,2915621829,2915622949,15933,1120
29724.556330,2915629658,2915630773,16087,1115
29724.568336,2915637483,2915638593,16001,1110
29724.579217,2915645301,2915646409,15920,1108
29724.588327,2915653122,2915654227,16071,1105
29724.600264,2915660929,2915662037,15901,1108
29724.610778,2915668752,2915669865,15832,1113
29724.620331,2915676568,2915677679,15984,1111
29724.631823,2915684367,2915685485,15914,1118
29724.642344,2915692190,2915693294,15906,1104
29724.652330,2915700005,2915701115,16072,1110
29724.663384,2915707813,2915708922,16005,1109
29724.672331,2915715625,2915716734,15931,1109
29724.684328,2915723447,2915724557,16084,1110
29724.694944,2915731264,2915732372,15920,1108
29724.704328,2915739079,2915740189,15848,1110
29724.715984,2915746890,2915748000,16000,1110
29724.726506,2915754710,2915755820,15917,1110
29724.736328,2915762519,2915763634,15832,1115
29724.747546,2915770340,2915771445,16000,1105
29724.756329,2915778145,2915779257,15918,1112
29724.768332,2915785967,2915787071,15832,1104
29724.779104,2915793776,2915794887,15982,1111
29724.788330,2915801630,2915802738,15918,1108
29724.800136,2915809452,2915810555,15835,1103
29724.810664,2915817278,2915818391,15963,1113
29724.820326,2915825094,2915826201,15901,1107
29724.831697,2915832906,2915834010,15863,1104
29724.840331,2915840715,2915841833,15921,1118
29724.852328,2915848543,2915849649,15913,1106
29724.863257,2915856349,2915857457,15865,1108
29724.872329,2915864157,2915865261,15975,1104
29724.884303,2915871962,2915873081,15998,1119
29724.894818,2915879792,2915880895,15935,1103
29724.904329,2915887595,2915888704,16067,1109
29724.915863,2915895405,2915896510,16004,1105
29724.926378,2915903221,2915904327,15935,1106
29724.936331,2915911037,2915912146,16055,1109
29724.947424,2915918854,2915919965,16001,1111
29724.956331,2915926671,2915927775,15939,1104
29724.968337,2915934483,2915935590,16057,1107
29724.978983,2915942306,2915943413,16001,1107
29724.988328,2915950131,2915951245,15996,1114
29725.000022,2915957959,2915959072,15969,1113
29725.010546,2915965798,2915966908,15916,1110
29725.020327,2915973622,2915974737,15848,1115
29725.031585,2915981442,2915982551,15999,1109
29725.040330,2915989256,2915990363,15913,1107
29725.052328,2915997065,2915998169,15846,1104
29725.063145,2916004868,2916005985,15995,1117
29725.072334,2916012693,2916013800,15908,1107
29725.084177,2916020507,2916021621,15833,1114
29725.094706,2916028335,2916029432,16000,1097
29725.104326,2916036142,2916037256,15911,1114
29725.115737,2916043955,2916045059,15825,1104
29725.124333,2916051788,2916052896,15942,1108
29725.136335,2916059591,2916060703,15959,1112
29725.147297,2916067404,2916068517,15832,1113
29725.156328,2916075221,2916076324,15945,1103
29725.168327,2916083027,2916084134,15954,1107
29725.178858,2916090853,2916091964,15831,1111
29725.188331,2916098681,2916099788,15849,1107
29725.199905,2916106493,2916107602,15970,1109
29725.211916,2916115441,2916116557,15899,1116
29725.222449,2916123264,2916124372,15964,1108
29725.232330,2916131082,2916132195,15830,1113
29725.243485,2916138908,2916140016,15964,1108
29725.252328,2916146710,2916147819,15972,1109
29725.264328,2916154517,2916155635,15834,1118
29725.275044,2916162342,2916163455,15937,1113
29725.284334,2916170157,2916171275,15969,1118
29725.296080,2916177980,2916179088,15826,1108
29725.306604,2916185798,2916186906,15941,1108
29725.316328,2916193607,2916194715,15968,1108
29725.327640,2916201418,2916202521,15832,1103
29725.336327,2916209232,2916210338,15850,1106
29725.348328,2916217035,2916218148,15966,1113
29725.359201,2916224860,2916225978,15823,1118
29725.368328,2916232690,2916233798,15948,1108
29725.380247,2916240501,2916241605,15966,1104
29725.390761,2916248322,2916249433,15835,1111
29725.400330,2916256127,2916257235,15948,1108
29725.411810,2916263943,2916265059,15969,1116
29725.420332,2916271777,2916272887,15832,1110
29725.432329,2916279593,2916280703,15944,1110
29725.443368,2916287415,2916288518,15951,1103
29725.452327,2916295227,2916296331,15833,1104
29725.464328,2916303039,2916304154,15947,1115
29725.474929,2916310859,2916311965,15965,1106
29725.484329,2916318677,2916319792,15906,1115
29725.495963,2916326491,2916327600,15946,1109
29725.506489,2916334309,2916335422,15970,1113
29725.516334,2916342123,2916343232,15829,1109
29725.527524,2916349941,2916351054,15937,1113
29725.536331,2916357752,2916358859,15972,1107
29725.548328,2916365562,2916366669,15833,1107
29725.559083,2916373360,2916374473,15939,1113
29725.568331,2916381204,2916382312,15965,1108
29725.580120,2916389014,2916390124,15833,1110
29725.590645,2916396845,2916397958,15957,1113
29725.600330,2916404660,2916405763,15967,1103
29725.611680,2916412462,2916413569,15838,1107
29725.620329,2916420284,2916421391,15945,1107
29725.632330,2916428106,2916429219,15973,1113
29725.643241,2916435921,2916437027,15829,1106
29725.652334,2916443732,2916444842,15948,1110
29725.664287,2916451562,2916452674,15969,1112
29725.674803,2916459365,2916460474,15831,1109
29725.684330,2916467175,2916468279,15848,1104
29725.695848,2916474981,2916476084,15959,1103
29725.706362,2916482783,2916483887,15835,1104
29725.716327,2916490595,2916491691,15947,1096
29725.727408,2916498411,2916499514,15959,1103
29725.736330,2916506213,2916507326,15849,1113
29725.748332,2916514023,2916515132,15934,1109
29725.758968,2916521830,2916522939,15966,1109
29725.768329,2916529653,2916530760,15830,1107
29725.780003,2916537476,2916538590,15945,1114
29725.790529,2916545282,2916546399,15953,1117
29725.800328,2916553113,2916554223,15836,1110
29725.811564,2916560936,2916562048,15944,1112
29725.820328,2916568755,2916569864,15970,1109
29725.832327,2916576595,2916577706,15910,1111
29725.843124,2916584413,2916585523,15946,1110
29725.852331,2916592236,2916593351,15968,1115
29725.864160,2916600061,2916601171,15830,1110
29725.874684,2916607879,2916608994,15938,1115
29725.884329,2916615688,2916616802,15974,1114
29725.895720,2916623498,2916624607,15828,1109
29725.904329,2916631310,2916632423,15944,1113
29725.916332,2916639120,2916640238,15968,1118
29725.927281,2916646949,2916648057,15833,1108
29725.936328,2916654766,2916655874,15964,1108
29725.948328,2916662573,2916663677,15973,1104
29725.958842,2916670392,2916671505,15830,1113
29725.968329,2916678205,2916679315,15945,1110
29725.979889,2916686016,2916687130,15972,1114
29725.990402,2916693830,2916694935,15832,1105
29726.000327,2916701643,2916702760,15945,1117
29726.011449,2916709461,2916710565,15968,1104
29726.020330,2916717287,2916718387,15823,1100
29726.032331,2916725121,2916726235,15917,1114
29726.043009,2916732948,2916734057,15917,1109
29726.052331,2916740762,2916741874,15822,1112
29726.064046,2916748584,2916749693,15979,1109
29726.074568,2916756406,2916757519,15914,1113
29726.084328,2916764224,2916765332,15829,1108
29726.095609,2916772032,2916773144,15982,1112
29726.104328,2916779854,2916780958,15966,1104
29726.116329,2916787668,2916788772,15836,1104
29726.127164,2916795478,2916796585,15945,1107
29726.136331,2916803296,2916804406,15948,1110
29726.148201,2916811107,2916812217,15830,1110
29726.158724,2916818922,2916820040,15948,1118
29726.168329,2916826753,2916827867,15959,1114
29726.179768,2916834551,2916835660,15909,1109
29726.188328,2916842372,2916843482,15938,1110
29726.200335,2916850182,2916851292,15967,1110
29726.211321,2916858000,2916859111,15830,1111
29726.220329,2916865820,2916866924,15943,1104
29726.232331,2916873634,2916874743,16011,1109
29726.242882,2916881450,2916882558,15824,1108
29726.252332,2916889264,2916890378,15949,1114
29726.263928,2916897093,2916898206,15968,1113
29726.274442,2916904897,2916906010,15817,1113
29726.284336,2916912724,2916913832,15961,1108
29726.295489,2916920516,2916921628,15972,1112
29726.304327,2916928329,2916929433,15834,1104
29726.316331,2916936125,2916937243,15935,1118
29726.327049,2916943953,2916945052,15970,1099
29726.336328,2916951781,2916952889,15830,1108
29726.348083,2916959604,2916960712,15945,1108
29726.358609,2916967413,2916968526,15968,1113
29726.368329,2916975214,2916976327,15833,1113
29726.379642,2916983029,2916984142,15853,1113
29726.388328,2916990846,2916991954,15957,1108
29726.400333,2916998661,2916999779,15829,1118
29726.411204,2917006484,2917007588,15943,1104
29726.420328,2917014306,2917015414,15970,1108
29726.432240,2917022123,2917023236,15833,1113
29726.442765,2917029955,2917031059,15943,1104
29726.452331,2917037777,2917038885,15970,1108
29726.463801,2917045592,2917046705,15822,1113
29726.472329,2917053410,2917054516,15943,1106
29726.484328,2917061222,2917062332,15952,1110
29726.495362,2917069018,2917070131,15828,1113
29726.504332,2917076835,2917077948,15941,1113
29726.516337,2917084651,2917085766,15966,1115
29726.526929,2917092463,2917093570,15911,1107
29726.536330,2917100271,2917101384,15950,1113
29726.547968,2917108097,2917109207,15969,1110
29726.558484,2917115915,2917117023,15831,1108
29726.568330,2917123723,2917124831,15946,1108
29726.579527,2917131536,2917132648,15970,1112
29726.588329,2917139358,2917140467,15826,1109
29726.600328,2917147166,2917148275,15948,1109
29726.611089,2917154996,2917156103,15965,1107
29726.620329,2917162844,2917163954,15833,1110
29726.632125,2917170650,2917171761,15960,1111
29726.642649,2917178508,2917179626,16021,1118
29726.652331,2917186333,2917187437,15825,1104
29726.663684,2917194149,2917195257,15949,1108
29726.672328,2917201965,2917203073,15971,1108
29726.684333,2917209776,2917210885,15833,1109
29726.695244,2917217575,2917218683,15943,1108
29726.704331,2917225389,2917226492,15952,1103
29726.716281,2917233193,2917234305,15818,1112
29726.726806,2917241016,2917242118,15841,1102
29726.736331,2917248827,2917249935,15971,1108
29726.747841,2917256634,2917257742,15835,1108
29726.758365,2917264457,2917265574,15940,1117
29726.768328,2917272294,2917273409,15984,1115
29726.779407,2917280125,2917281243,15912,1118
29726.788327,2917287950,2917289068,15850,1118
29726.800328,2917295776,2917296891,16000,1115
29726.810970,2917303606,2917304721,15919,1115
29726.820330,2917311442,2917312555,15828,1113
29726.832008,2917319258,2917320368,15968,1110
29726.844020,2917328062,2917329172,15899,1110
29726.854553,2917335887,2917336992,15959,1105
29726.864328,2917343699,2917344804,15834,1105
29726.875585,2917351505,2917352623,15838,1118
29726.884333,2917359331,2917360441,15969,1110
29726.896328,2917367147,2917368261,15832,1114
29726.907148,2917374968,2917376076,15941,1108
29726.916333,2917382767,2917383877,15970,1110
29726.928184,2917390588,2917391697,15851,1109
29726.938708,2917398399,2917399507,15938,1108
29726.948328,2917406216,2917407325,15970,1109
29726.959744,2917414025,2917415129,15831,1104
29726.968336,2917421835,2917422950,15944,1115
29726.980328,2917429650,2917430758,15947,1108
29726.991304,2917437464,2917438572,15829,1108
29727.000328,2917445272,2917446391,15942,1119
29727.012329,2917453101,2917454208,15966,1107
29727.022872,2917460909,2917462016,15911,1107
29727.032330,2917468708,2917469811,15947,1103
29727.043912,2917476521,2917477633,15967,1112
29727.054425,2917484356,2917485469,15832,1113
29727.064335,2917492169,2917493271,15946,1102
29727.075471,2917499986,2917501100,15974,1114
29727.084328,2917507809,2917508913,15835,1104
29727.096328,2917515624,2917516733,15948,1109
29727.107033,2917523435,2917524547,15971,1112
29727.116334,2917531247,2917532365,15835,1118
29727.128068,2917539066,2917540179,15960,1113
29727.138593,2917546894,2917548008,15969,1114
29727.148326,2917554714,2917555818,15830,1104
29727.159627,2917562532,2917563645,15948,1113
29727.168331,2917570355,2917571465,15970,1110
29727.180328,2917578154,2917579262,15831,1108
29727.191188,2917585960,2917587063,15943,1103
29727.200327,2917593766,2917594876,15971,1110
29727.212223,2917601585,2917602692,15829,1107
29727.222746,2917609395,2917610502,15854,1107
29727.232329,2917617211,2917618324,15968,1113
29727.243784,2917625030,2917626137,15831,1107
29727.252327,2917632850,2917633963,15943,1113
29727.264330,2917640669,2917641777,15957,1108
29727.275344,2917648495,2917649609,15842,1114
29727.284331,2917656313,2917657421,15944,1108
29727.296328,2917664127,2917665237,15965,1110
29727.306905,2917671949,2917673056,15831,1107
29727.316328,2917679764,2917680877,15946,1113
29727.327952,2917687583,2917688696,15958,1113
29727.338465,2917695413,2917696527,15831,1114
29727.348327,2917703230,2917704338,15947,1108
29727.359512,2917711048,2917712156,15968,1108
29727.368327,2917718873,2917719988,15913,1115
29727.380334,2917726700,2917727804,15943,1104
29727.391072,2917734508,2917735617,15970,1109
29727.400330,2917742347,2917743450,15824,1103
29727.412107,2917750162,2917751266,15948,1104
29727.422632,2917757979,2917759086,15962,1107
29727.432328,2917765775,2917766882,15829,1107
29727.443667,2917773574,2917774684,15948,1110
29727.452331,2917781383,2917782490,15968,1107
29727.464330,2917789207,2917790315,15831,1108
29727.475229,2917797025,2917798133,15962,1108
29727.484329,2917804838,2917805951,15955,1113
29727.496266,2917812662,2917813765,15834,1103
29727.506789,2917820462,2917821571,15942,1109
29727.516328,2917828272,2917829385,15971,1113
29727.527824,2917836088,2917837202,15831,1114
29727.538348,2917843900,2917845009,15933,1109
29727.548327,2917851711,2917852819,15974,1108
29727.559384,2917859534,2917860629,15833,1095
29727.568328,2917867337,2917868440,15848,1103
29727.580331,2917875148,2917876253,15970,1105
29727.590945,2917882964,2917884078,15821,1114
29727.600327,2917890780,2917891885,15948,1105
29727.611991,2917898595,2917899708,15967,1113
29727.622506,2917906425,2917907535,15850,1110
29727.632328,2917914242,2917915352,15945,1110
29727.643552,2917922069,2917923179,15969,1110
29727.652329,2917929898,2917931013,15832,1115
29727.664331,2917937644,2917938760,15963,1116
29727.675112,2917945483,2917946596,15954,1113
29727.684331,2917953327,2917954435,15833,1108
29727.696148,2917961145,2917962254,15938,1109
29727.706673,2917968953,2917970063,15963,1110
29727.716328,2917976759,2917977864,15907,1105
29727.727709,2917984572,2917985690,15941,1118
29727.736329,2917992392,2917993500,15971,1108
29727.748328,2918000206,2918001311,15820,1105
29727.759268,2918008013,2918009110,15935,1097
29727.768328,2918015812,2918016925,15975,1113
29727.780304,2918023626,2918024724,15820,1098
29727.790828,2918031433,2918032546,15945,1113
29727.800329,2918039234,2918040337,15961,1103
29727.811864,2918047051,2918048166,15833,1115
29727.822390,2918054866,2918055980,15959,1114
29727.832329,2918062692,2918063796,15966,1104
29727.843425,2918070485,2918071590,15832,1105
29727.852329,2918078290,2918079404,15949,1114
29727.864327,2918086114,2918087227,16005,1113
29727.874986,2918093948,2918095053,15821,1105
29727.884327,2918101767,2918102874,15942,1107
29727.896032,2918109575,2918110690,15958,1115
29727.906545,2918117400,2918118508,15828,1108
29727.916330,2918125206,2918126314,15853,1108
29727.927593,2918133018,2918134131,15965,1113
29727.936328,2918140840,2918141939,15834,1099
29727.948337,2918148654,2918149761,15936,1107
29727.959153,2918156470,2918157572,15969,1102
29727.968330,2918164277,2918165381,15850,1104
29727.980187,2918172079,2918173193,15943,1114
29727.990713,2918179899,2918181012,15967,1113
29728.000327,2918187716,2918188824,15836,1108
29728.011747,2918195529,2918196642,15944,1113
29728.020326,2918203341,2918204453,15954,1112
29728.032330,2918211161,2918212269,15833,1108
29728.043308,2918218973,2918220081,15947,1108
29728.052330,2918226786,2918227896,15974,1110
29728.064329,2918234598,2918235706,15911,1108
29728.074868,2918242428,2918243538,15943,1110
29728.084329,2918250254,2918251364,15960,1110
29728.095904,2918258063,2918259170,15831,1107
29728.106429,2918265878,2918266987,15946,1109
29728.116327,2918273694,2918274802,15967,1108
29728.127465,2918281507,2918282622,15832,1115
29728.136327,2918289326,2918290435,15935,1109
29728.148328,2918297138,2918298235,15962,1097
29728.159025,2918304940,2918306047,15835,1107
29728.168335,2918312758,2918313861,15962,1103
29728.180072,2918320564,2918321682,15966,1118
29728.190586,2918328385,2918329486,15835,1101
29728.200330,2918336188,2918337297,15936,1109
29728.211633,2918343995,2918345111,15971,1116
29728.220329,2918351812,2918352927,15828,1115
29728.232335,2918359627,2918360742,15944,1115
29728.243193,2918367440,2918368551,15969,1111
29728.252328,2918375260,2918376360,15832,1100
29728.264226,2918383057,2918384170,15848,1113
29728.274755,2918390894,2918392007,16037,1113
29728.284328,2918398720,2918399830,15832,1110
29728.295787,2918406545,2918407658,15945,1113
29728.304333,2918414348,2918415455,15968,1107
29728.316332,2918422157,2918423261,15852,1104
29728.327348,2918429963,2918431072,15942,1109
29728.336331,2918437786,2918438901,15971,1115
29728.348328,2918445607,2918446718,15822,1111
29728.358908,2918453435,2918454547,15940,1112
29728.368328,2918461257,2918462371,15950,1114
29728.379944,2918469078,2918470188,15833,1110
29728.390469,2918476890,2918478003,15941,1113
29728.400328,2918484693,2918485803,15972,1110
29728.411512,2918492489,2918493599,15912,1110
29728.420330,2918500301,2918501409,15946,1108
29728.432332,2918508104,2918509214,15967,1110
29728.443066,2918515913,2918517025,15830,1112
29728.452330,2918523726,2918524830,15945,1104
29728.464111,2918531535,2918532645,15967,1110
29728.476123,2918540422,2918541532,15890,1110
29728.486656,2918548252,2918549359,15966,1107
29728.496332,2918556068,2918557178,15830,1110
29728.507691,2918563884,2918564996,15944,1112
29728.516331,2918571696,2918572809,15955,1113
29728.528328,2918579514,2918580624,15836,1110
29728.539251,2918587330,2918588443,15947,1113
29728.548334,2918595154,2918596258,15968,1104
29728.560295,2918602967,2918604080,15908,1113
29728.570814,2918610788,2918611897,15943,1109
29728.580330,2918618588,2918619696,15972,1108
29728.591848,2918626405,2918627517,15829,1112
29728.602372,2918634218,2918635325,15947,1107
29728.612331,2918642041,2918643156,15970,1115
29728.623408,2918649858,2918650967,15830,1109
29728.632329,2918657662,2918658769,15947,1107
29728.644332,2918665467,2918666578,15971,1111
29728.654968,2918673274,2918674378,15825,1104
29728.664331,2918681074,2918682187,15962,1113
29728.676015,2918688884,2918689996,15970,1112
29728.686529,2918696710,2918697825,15835,1115
29728.696336,2918704532,2918705641,15946,1109
29728.707576,2918712340,2918713447,15969,1107
29728.716327,2918720145,2918721255,15830,1110
29728.728332,2918727959,2918729071,15950,1112
29728.739136,2918735763,2918736881,15964,1118
29728.748328,2918743596,2918744701,15830,1105
29728.760169,2918751396,2918752509,15834,1113
29728.770697,2918759217,2918760335,15970,1118
29728.780328,2918767029,2918768144,15830,1115
29728.791731,2918774852,2918775965,15946,1113
29728.800333,2918782678,2918783782,15967,1104
29728.812329,2918790498,2918791616,15846,1118
29728.823291,2918798319,2918799424,15945,1105
29728.832330,2918806130,2918807243,15970,1113
29728.844328,2918813933,2918815048,15838,1115
29728.854851,2918821755,2918822856,15944,1101
29728.864329,2918829558,2918830668,15951,1110
29728.875888,2918837374,2918838481,15832,1107
29728.886412,2918845199,2918846308,15946,1109
29728.896334,2918853031,2918854139,15968,1108
29728.907456,2918860848,2918861962,15895,1114
29728.916328,2918868668,2918869781,15942,1113
29728.928330,2918876486,2918877604,15966,1118
29728.939009,2918884312,2918885420,15829,1108
29728.948329,2918892124,2918893242,15947,1118
29728.960055,2918899954,2918901064,15970,1110
29728.970569,2918907770,2918908881,15830,1111
29728.980328,2918915595,2918916700,15939,1105
29728.991616,2918923401,2918924513,15966,1112
29729.000333,2918931229,2918932338,15832,1109
29729.012332,2918939041,2918940154,15964,1113
29729.023177,2918946861,2918947974,15963,1113
29729.032328,2918954670,2918955777,15831,1107
29729.044211,2918962473,2918963587,15947,1114
29729.054737,2918970280,2918971390,15970,1110
29729.064329,2918978093,2918979197,15840,1104
29729.075771,2918985901,2918987018,15944,1117
29729.084327,2918993732,2918994844,15969,1112
29729.096328,2919001558,2919002662,15826,1104
29729.107329,2919009368,2919010475,15852,1107
29729.116331,2919017172,2919018284,15968,1112
29729.128331,2919024990,2919026100,15836,1110
29729.138891,2919032810,2919033913,15943,1103
29729.148327,2919040630,2919041743,15968,1113
29729.159928,2919048455,2919049564,15850,1109
29729.170452,2919056265,2919057375,15941,1110
29729.180335,2919064078,2919065186,15969,1108
29729.191489,2919071893,2919072991,15834,1098
29729.200327,2919079700,2919080804,15946,1104
29729.212327,2919087500,2919088608,15955,1108
29729.223049,2919095325,2919096431,15829,1106
29729.232329,2919103145,2919104253,15947,1108
29729.244095,2919110948,2919112060,15959,1112
29729.254617,2919118758,2919119863,15915,1105
29729.264329,2919126566,2919127680,15945,1114
29729.275656,2919134376,2919135484,15969,1108
29729.284330,2919142193,2919143312,15834,1119
29729.296332,2919150040,2919151146,16042,1106
29729.307215,2919157855,2919158958,16060,1103
29729.316328,2919165666,2919166774,15909,1108
29729.328252,2919173475,2919174585,16034,1110
29729.338777,2919181288,2919182402,16043,1114
29729.348335,2919189102,2919190212,15920,1110
29729.359813,2919196922,2919198041,16053,1119
29729.368331,2919204737,2919205855,16054,1118
29729.380328,2919212564,2919213676,15922,1112
29729.391371,2919220376,2919221480,16032,1104
29729.400329,2919228201,2919229314,16061,1113
29729.412331,2919236009,2919237124,15917,1115
29729.422932,2919243825,2919244939,16033,1114
29729.432332,2919251643,2919252754,16060,1111
29729.443968,2919259448,2919260551,15919,1103
29729.454491,2919267245,2919268355,15933,1110
29729.464328,2919275046,2919276154,16063,1108
29729.475528,2919282854,2919283965,15919,1111
29729.484333,2919290664,2919291777,16028,1113
29729.496330,2919298495,2919299599,15999,1104
29729.507089,2919306315,2919307423,15849,1108
29729.516329,2919314126,2919315240,15940,1114
29729.528136,2919321943,2919323046,15968,1103
29729.538649,2919329741,2919330849,15831,1108
29729.548329,2919337556,2919338666,15935,1110
29729.559696,2919345376,2919346486,15953,1110
29729.568329,2919353192,2919354301,15832,1109
29729.580330,2919361006,2919362109,15942,1103
29729.591256,2919368815,2919369923,15966,1108
29729.600330,2919376624,2919377732,15911,1108
29729.612291,2919384436,2919385546,15948,1110
29729.622817,2919392241,2919393351,15969,1110
29729.632328,2919400050,2919401157,15831,1107
29729.643851,2919407866,2919408981,15935,1115
29729.654376,2919415698,2919416806,15971,1108
29729.664328,2919423518,2919424626,15830,1108
29729.675411,2919431338,2919432449,15946,1111
29729.684331,2919439153,2919440266,15966,1113
29729.696330,2919446971,2919448076,15833,1105
29729.706975,2919454805,2919455903,15961,1098
29729.716329,2919462598,2919463707,15970,1109
29729.728008,2919470409,2919471522,15835,1113
29729.738532,2919478229,2919479347,15952,1118
29729.748326,2919486042,2919487145,15969,1103
29729.759569,2919493849,2919494963,15841,1114
29729.768332,2919501662,2919502760,15946,1098
29729.780337,2919509456,2919510563,15961,1107
29729.791129,2919517274,2919518387,15835,1113
29729.800329,2919525102,2919526206,15852,1104
29729.812176,2919532913,2919534021,15972,1108
29729.822689,2919540735,2919541845,15830,1110
29729.832331,2919548561,2919549671,15939,1110
29729.843736,2919556370,2919557480,15970,1110
29729.852331,2919564195,2919565310,15847,1115
29729.864329,2919572015,2919573125,15946,1110
29729.875296,2919579835,2919580946,15967,1111
29729.884330,2919587651,2919588759,15835,1108
29729.896329,2919595455,2919596559,15945,1104
29729.906859,2919603280,2919604385,16022,1105
29729.916334,2919611095,2919612205,15835,1110
29729.927891,2919618916,2919620019,15933,1103
29729.938418,2919626724,2919627842,15972,1118
29729.948328,2919634556,2919635669,15909,1113
29729.959451,2919642370,2919643483,15937,1113
29729.968330,2919650195,2919651304,15970,1109
29729.980328,2919658004,2919659117,15831,1113
29729.991012,2919665819,2919666935,15938,1116
29730.000332,2919673631,2919674740,15975,1109
29730.012048,2919681439,2919682543,15833,1104
29730.022572,2919689250,2919690357,15938,1107
29730.032327,2919697060,2919698170,15962,1110
29730.043608,2919704874,2919705992,15834,1118
29730.052328,2919712696,2919713801,15961,1105
29730.064331,2919720493,2919721602,15972,1109
29730.075169,2919728301,2919729414,15831,1113
29730.084330,2919736121,2919737231,15946,1110
29730.096216,2919743943,2919745047,15966,1104
29730.106723,2919751748,2919752864,15769,1116
29730.116331,2919759570,2919760683,15945,1113
29730.140334,2919771209,2919771827,12019,618
29730.151819,2919775183,2919775802,11970,619
29730.162342,2919781732,2919782838,15979,1106
29730.172329,2919789532,2919790641,15914,1109
29730.183375,2919797320,2919798435,15847,1115
29730.192332,2919805142,2919806251,16002,1109
29730.204328,2919812955,2919814059,15912,1104
29730.214935,2919820750,2919821868,15932,1118
29730.224331,2919828569,2919829676,16087,1107
29730.235983,2919836377,2919837487,15991,1110
29730.246503,2919844197,2919845315,16001,1118
29730.256331,2919852017,2919853120,16083,1103
29730.267545,2919859830,2919860935,16004,1105
29730.276329,2919867642,2919868761,15917,1119
29730.288330,2919875462,2919876575,16075,1113
29730.299103,2919883282,2919884392,16007,1110
29730.308328,2919891118,2919892222,15920,1104
29730.320139,2919898952,2919900062,15972,1110
29730.330660,2919906768,2919907878,15912,1110
29730.340329,2919914583,2919915694,15865,1111
29730.351700,2919922403,2919923512,15968,1109
29730.360330,2919930217,2919931331,15904,1114
29730.372328,2919938037,2919939150,15866,1113
29730.383262,2919945857,2919946965,15987,1108
29730.392330,2919953669,2919954779,15910,1110
29730.404294,2919961483,2919962598,15861,1115
29730.414822,2919969297,2919970401,15988,1104
29730.424327,2919977095,2919978206,15917,1111
29730.435854,2919984900,2919986006,15845,1106
29730.446382,2919992708,2919993813,15919,1105
29730.456327,2920000510,2920001607,15912,1097
29730.467415,2920008299,2920009413,15846,1114
29730.476331,2920016128,2920017246,15970,1118
29730.488328,2920023943,2920025056,15914,1113
29730.498975,2920031757,2920032867,15843,1110
29730.508332,2920039573,2920040683,15966,1110
29730.520022,2920047401,2920048514,15912,1113
29730.530536,2920055231,2920056350,15846,1119
29730.540328,2920063059,2920064166,16000,1107
29730.551582,2920070882,2920071992,15904,1110
29730.560331,2920078702,2920079809,15848,1107
29730.572331,2920086526,2920087626,15998,1100
29730.583143,2920094335,2920095444,15920,1109
29730.592329,2920102145,2920103253,15910,1108
29730.604182,2920109965,2920111068,15998,1103
29730.614703,2920117766,2920118875,15916,1109
29730.624330,2920125569,2920126678,15829,1109
29730.635742,2920131880,2920132994,15974,1114
29730.644327,2920139678,2920140783,16009,1105
29730.656328,2920147477,2920148590,15938,1113
29730.667303,2920155302,2920156410,16089,1108
29730.676331,2920163112,2920164221,15998,1109
29730.688327,2920170932,2920172036,15910,1104
29730.698863,2920178742,2920179857,16091,1115
29730.708330,2920186556,2920187671,15997,1115
29730.719895,2920194387,2920195497,15902,1110
29730.730423,2920202209,2920203310,16070,1101
29730.740330,2920210011,2920211123,15995,1112
29730.751456,2920217842,2920218947,15922,1105
29730.760329,2920225643,2920226748,16071,1105
29730.772328,2920233449,2920234562,16000,1113
29730.783016,2920241284,2920242393,15931,1109
29730.792328,2920249097,2920250202,16011,1105
29730.804061,2920256909,2920258019,16005,1110
29730.814576,2920264719,2920265829,15934,1110
29730.824333,2920272445,2920273554,16089,1109
29730.835622,2920280265,2920281373,15998,1108
29730.844332,2920288084,2920289192,15931,1108
29730.856334,2920295898,2920297001,16088,1103
29730.867183,2920303706,2920304821,15993,1115
29730.876331,2920311524,2920312636,15912,1112
29730.888221,2920319349,2920320459,16062,1110
29730.898743,2920327161,2920328265,16001,1104
29730.908330,2920334977,2920336089,15924,1112
29730.919782,2920342784,2920343893,16069,1109
29730.928334,2920350605,2920351715,16002,1110
29730.940332,2920358429,2920359541,15999,1112
29730.951342,2920366246,2920367355,15985,1109
29730.960334,2920374061,2920375173,15919,1112
29730.972331,2920381895,2920383005,15846,1110
29730.982904,2920389728,2920390833,15987,1105
29730.992333,2920397532,2920398637,15914,1105
29731.003935,2920405343,2920406457,15937,1114
29731.014464,2920413163,2920414268,15996,1105
29731.024328,2920420987,2920422105,15903,1118
29731.035497,2920428822,2920429939,15836,1117
29731.044330,2920436647,2920437757,16003,1110
29731.056326,2920444479,2920445588,15907,1109
29731.067056,2920452301,2920453416,15906,1115
29731.076331,2920460148,2920461258,16072,1110
29731.088101,2920467964,2920469078,16000,1114
29731.098616,2920475785,2920476900,15920,1115
29731.108332,2920483623,2920484741,16075,1118
29731.119661,2920491468,2920492573,16002,1105
29731.128330,2920499303,2920500417,15838,1114
29731.140328,2920507135,2920508247,15918,1112
29731.151222,2920514956,2920516066,15912,1110
29731.160329,2920522770,2920523880,15847,1110
29731.172263,2920530589,2920531694,16000,1105
29731.182784,2920538402,2920539507,15911,1105
29731.192330,2920546220,2920547334,15917,1114
29731.203823,2920554044,2920555154,16082,1110
29731.212327,2920561862,2920562980,15916,1118
29731.224327,2920569685,2920570798,15821,1113
29731.235382,2920577496,2920578615,15986,1119
29731.244329,2920585322,2920586432,15896,1110
29731.256329,2920593139,2920594241,15920,1102
29731.266942,2920600948,2920602059,16056,1111
29731.276331,2920608771,2920609886,16007,1115
29731.287981,2920616587,2920617697,16000,1110
29731.298503,2920624399,2920625515,16063,1116
29731.308328,2920632217,2920633322,15993,1105
29731.319535,2920640018,2920641130,15936,1112
29731.328328,2920647833,2920648943,16082,1110
29731.340334,2920655655,2920656761,15917,1106
29731.351096,2920663488,2920664607,15842,1119
29731.360330,2920671332,2920672446,16002,1114
29731.372143,2920679149,2920680257,15917,1108
29731.382657,2920686965,2920688080,15831,1115
29731.392330,2920694789,2920695908,16003,1119
29731.403703,2920702617,2920703720,15913,1103
29731.412328,2920710421,2920711534,15834,1113
29731.424334,2920718238,2920719350,15986,1112
29731.435262,2920726045,2920727158,15916,1113
29731.444326,2920733851,2920734966,15836,1115
29731.456303,2920741675,2920742779,15981,1104
29731.466822,2920749486,2920750605,15914,1119
29731.476331,2920757310,2920758420,15844,1110
29731.487862,2920765128,2920766237,15919,1109
29731.498383,2920772942,2920774052,15911,1110
29731.508328,2920780754,2920781868,15846,1114
29731.519423,2920788566,2920789683,15993,1117
29731.528330,2920796378,2920797488,15917,1110
29731.540333,2920804208,2920805317,15944,1109
29731.550982,2920812026,2920813136,16073,1110
29731.560327,2920819840,2920820954,15914,1114
29731.572015,2920827663,2920828776,15848,1113
29731.582541,2920835475,2920836582,15967,1107
29731.592331,2920843290,2920844404,15902,1114
29731.603575,2920851124,2920852236,15846,1112
29731.612333,2920858932,2920860042,15968,1110
29731.624330,2920866753,2920867863,15900,1110
29731.635140,2920874560,2920875667,15912,1107
29731.644331,2920882378,2920883483,15967,1105
29731.656180,2920890187,2920891303,15915,1116
29731.666696,2920898016,2920899124,15859,1108
29731.676328,2920905825,2920906940,15991,1115
29731.687740,2920913638,2920914751,15920,1113
29731.696330,2920921460,2920922568,15863,1108
29731.708334,2920929272,2920930378,15990,1106
29731.719302,2920937093,2920938205,16004,1112
29731.728328,2920944911,2920946010,15935,1099
29731.740331,2920952721,2920953834,16182,1113
29731.750864,2920960551,2920961655,15998,1104
29731.760329,2920968366,2920969475,15926,1109
29731.771902,2920976179,2920977281,16070,1102
29731.782425,2920983982,2920985092,15995,1110
29731.792328,2920991784,2920992901,15919,1117
29731.803462,2920999613,2921000719,15982,1106
29731.812330,2921007424,2921008539,15914,1115
29731.824331,2921015246,2921016358,15849,1112
29731.835023,2921023064,2921024178,15922,1114
29731.844327,2921030879,2921031987,15905,1108
29731.856055,2921038694,2921039807,15936,1113
29731.866585,2921046477,2921047588,15999,1111
29731.876328,2921054284,2921055403,15916,1119
29731.887615,2921062109,2921063218,15834,1109
29731.896331,2921069920,2921071033,15999,1113
29731.908328,2921077736,2921078845,15914,1109
29731.919177,2921085552,2921086659,15830,1107
29731.928333,2921093355,2921094463,15984,1108
29731.940223,2921101173,2921102286,15912,1113
29731.950736,2921109013,2921110118,15918,1105
29731.960331,2921116823,2921117936,16071,1113
29731.971782,2921124655,2921125763,15993,1108
29731.980332,2921132449,2921133564,15995,1115
29731.992332,2921140256,2921141366,16068,1110
29732.003342,2921148073,2921149188,16002,1115
29732.012327,2921155887,2921157001,15935,1114
29732.024330,2921163702,2921164818,16088,1116
29732.034903,2921171520,2921172635,16011,1115
29732.044335,2921179340,2921180449,15939,1109
29732.055945,2921187161,2921188271,16090,1110
29732.066465,2921194987,2921196097,16001,1110
29732.076335,2921202797,2921203907,15917,1110
29732.087504,2921210616,2921211726,16005,1110
29732.096329,2921218428,2921219532,15916,1104
29732.108333,2921226220,2921227330,15833,1110
29732.119062,2921234039,2921235149,15982,1110
29732.128328,2921241848,2921242958,15917,1110
29732.140095,2921249660,2921250772,15836,1112
29732.150623,2921257511,2921258624,16056,1113
29732.160332,2921265339,2921266444,16001,1105
29732.171655,2921273153,2921274261,15946,1108
29732.180329,2921280977,2921282091,16010,1114
29732.192328,2921288796,2921289911,15999,1115
29732.203216,2921296608,2921297708,15951,1100
29732.212329,2921304416,2921305526,16072,1110
29732.224262,2921312237,2921313352,16005,1115
29732.234776,2921320056,2921321164,15931,1108
29732.244328,2921327860,2921328968,16077,1108
29732.255822,2921335675,2921336779,16001,1104
29732.266337,2921343485,2921344593,15934,1108
29732.276331,2921351303,2921352410,16060,1107
29732.287383,2921359110,2921360220,15993,1110
29732.296333,2921366925,2921368040,15934,1115
29732.308331,2921374752,2921375866,16063,1114
29732.318941,2921382581,2921383699,15916,1118
29732.328329,2921390404,2921391519,15916,1115
29732.339980,2921398220,2921399331,15969,1111
29732.351999,2921407060,2921408169,15909,1109
29732.362529,2921414876,2921415995,16087,1119
29732.372331,2921422703,2921423810,16001,1107
29732.383559,2921430502,2921431612,15934,1110
29732.392334,2921438314,2921439424,16081,1110
29732.404332,2921446135,2921447247,16001,1112
29732.415119,2921453945,2921455063,15918,1118
29732.424329,2921461776,2921462886,16063,1110
29732.436166,2921469579,2921470693,16000,1114
29732.446680,2921477390,2921478503,15914,1113
29732.456336,2921485222,2921486336,16061,1114
29732.467727,2921493042,2921494151,16006,1109
29732.476328,2921500857,2921501966,15989,1109
29732.488328,2921508658,2921509770,16056,1112
29732.499285,2921516469,2921517579,16005,1110
29732.508333,2921524288,2921525397,15933,1109
29732.520327,2921532108,2921533221,16089,1113
29732.530846,2921539936,2921541046,16003,1110
29732.540329,2921547750,2921548869,15933,1119
29732.551887,2921555584,2921556691,16088,1107
29732.562408,2921563409,2921564523,16006,1114
29732.572331,2921571223,2921572335,15917,1112
29732.583447,2921579045,2921580153,16090,1108
29732.592328,2921586860,2921587966,16003,1106
29732.604329,2921594668,2921595773,15917,1105
29732.615006,2921602472,2921603586,16072,1114
29732.624330,2921610284,2921611399,15994,1115
29732.636039,2921618108,2921619216,15921,1108
29732.646566,2921625917,2921627025,15981,1108
29732.656328,2921633738,2921634848,15917,1110
29732.667599,2921641540,2921642645,15845,1105
29732.676328,2921649348,2921650457,15925,1109
29732.688331,2921657164,2921658281,15913,1117
29732.699159,2921664990,2921666102,15847,1112
29732.708330,2921672811,2921673920,15999,1109
29732.720206,2921680622,2921681736,15906,1114
29732.730719,2921688439,2921689553,15840,1114
29732.740327,2921696257,2921697361,16000,1104
29732.751767,2921704063,2921705172,15912,1109
29732.760328,2921711880,2921712988,15827,1108
29732.772328,2921719693,2921720807,15970,1114
29732.783327,2921727520,2921728625,15913,1105
29732.792327,2921735329,2921736448,15831,1119
29732.804330,2921743163,2921744271,15984,1108
29732.814886,2921750971,2921752084,15911,1113
29732.824330,2921758797,2921759898,15909,1101
29732.835925,2921766598,2921767711,15981,1113
29732.846447,2921774393,2921775502,15919,1109
29732.856328,2921782194,2921783302,15848,1108
29732.867487,2921790012,2921791127,15997,1115
29732.876329,2921797829,2921798942,16006,1113
29732.888329,2921805646,2921806753,15939,1107
29732.899048,2921813457,2921814576,16083,1119
29732.908332,2921821281,2921822391,16004,1110
29732.920078,2921829085,2921830198,15913,1113
29732.930608,2921836896,2921838004,16092,1108
29732.940330,2921844709,2921845823,15995,1114
29732.951639,2921852527,2921853640,15918,1113
29732.960329,2921860335,2921861444,16073,1109
29732.972331,2921868166,2921869277,16004,1111
29732.983199,2921875969,2921877082,15921,1113
29732.992331,2921883789,2921884893,16063,1104
29733.004245,2921891593,2921892699,16003,1106
29733.014760,2921899396,2921900509,15923,1113
29733.024331,2921907210,2921908321,15997,1111
29733.035805,2921915029,2921916142,16007,1113
29733.044329,2921922850,2921923955,15930,1105
29733.056328,2921930654,2921931769,16090,1115
29733.067367,2921938485,2921939599,16001,1114
29733.076331,2921946299,2921947412,15932,1113
29733.088328,2921954107,2921955219,16087,1112
29733.098927,2921961917,2921963029,15913,1112
29733.108335,2921969732,2921970845,15832,1113
29733.119965,2921977537,2921978654,15985,1117
29733.130488,2921985366,2921986479,15911,1113
29733.140332,2921993190,2921994300,15834,1110
29733.151528,2922001001,2922002109,15982,1108
29733.160328,2922008808,2922009918,15918,1110
29733.172332,2922016541,2922017658,15994,1117
29733.183085,2922024364,2922025474,16059,1110
29733.192329,2922032214,2922033327,16005,1113
29733.204119,2922040032,2922041136,15950,1104
29733.214647,2922047841,2922048949,15985,1108
29733.224330,2922055659,2922056767,15917,1108
29733.235679,2922063470,2922064587,15859,1117
29733.244328,2922071303,2922072408,15990,1105
29733.256333,2922079122,2922080227,15907,1105
29733.267240,2922086925,2922088028,15849,1103
29733.276333,2922094731,2922095841,15991,1110
29733.288285,2922102542,2922103654,15912,1112
29733.298800,2922110370,2922111478,15839,1108
29733.308332,2922118190,2922119302,15971,1112
29733.319844,2922126008,2922127117,15912,1109
29733.330360,2922133817,2922134927,15836,1110
29733.340329,2922141638,2922142743,15968,1105
29733.351404,2922149446,2922150556,15917,1110
29733.360334,2922157245,2922158359,15857,1114
29733.372328,2922165062,2922166170,16007,1108
29733.382966,2922172873,2922173992,16003,1119
29733.392337,2922180692,2922181812,15932,1120
29733.404009,2922188521,2922189629,16088,1108
29733.414529,2922196340,2922197443,16005,1103
29733.424330,2922204134,2922205238,15931,1104
29733.435568,2922211938,2922213047,15992,1109
29733.444331,2922219757,2922220866,15907,1109
29733.456333,2922227562,2922228677,15824,1115
29733.467126,2922235382,2922236486,15980,1104
29733.476335,2922243186,2922244300,15913,1114
29733.488160,2922251019,2922252131,15833,1112
29733.498687,2922258848,2922259958,15979,1110
29733.508330,2922266672,2922267786,15915,1114
29733.519725,2922274498,2922275608,15910,1110
29733.528330,2922282312,2922283420,15980,1108
29733.540337,2922290118,2922291228,15915,1110
29733.551280,2922297931,2922299041,15848,1110
29733.560336,2922305736,2922306844,15997,1108
29733.572325,2922313531,2922314644,15908,1113
29733.582840,2922321366,2922322483,15940,1117
29733.592328,2922329194,2922330309,16084,1115
29733.603887,2922337014,2922338122,16000,1108
29733.614401,2922344818,2922345922,15916,1104
29733.624329,2922352625,2922353730,16090,1105
29733.635447,2922360424,2922361534,16001,1110
29733.644329,2922368235,2922369345,15922,1110
29733.656332,2922376033,2922377137,15983,1104
29733.667007,2922383845,2922384957,15917,1112
29733.676334,2922391660,2922392773,15834,1113
29733.688046,2922399469,2922400581,15971,1112
29733.698567,2922407296,2922408406,15914,1110
29733.708337,2922415116,2922416226,15936,1110
29733.719606,2922422799,2922423911,15918,1112
29733.728327,2922430609,2922431722,15919,1113
29733.740334,2922438425,2922439540,15847,1115
29733.751168,2922446253,2922447362,15998,1109
29733.760330,2922454056,2922455164,15914,1108
29733.772199,2922461863,2922462970,15848,1107
29733.782727,2922469668,2922470781,16065,1113
29733.792336,2922477490,2922478600,16001,1110
29733.803759,2922485308,2922486417,15933,1109
29733.812327,2922493116,2922494225,16035,1109
29733.824330,2922500922,2922502031,16000,1109
29733.835320,2922508725,2922509828,15939,1103
29733.844335,2922516545,2922517650,16047,1105
29733.856331,2922524348,2922525458,16007,1110
29733.866885,2922532172,2922533287,15997,1115
29733.876333,2922539995,2922541104,16057,1109
29733.887924,2922547811,2922548919,15999,1108
29733.898440,2922555625,2922556738,15862,1113
29733.908332,2922563441,2922564548,15989,1107
29733.919485,2922571262,2922572372,15919,1110
29733.928328,2922579082,2922580191,15856,1109
29733.940329,2922586899,2922588013,15987,1114
29733.951046,2922594719,2922595829,15917,1110
29733.960331,2922602532,2922603642,15838,1110
29733.972086,2922610341,2922611453,15972,1112
29733.984102,2922619244,2922620347,15898,1103
29733.994630,2922627042,2922628160,16074,1118
29734.004330,2922634873,2922635989,15998,1116
29734.015668,2922642698,2922643808,15996,1110
29734.024328,2922650503,2922651612,16070,1109
29734.036331,2922658322,2922659430,16003,1108
29734.047223,2922666126,2922667238,15930,1112
29734.056330,2922673944,2922675057,16088,1113
29734.068269,2922681765,2922682870,16002,1105
29734.078785,2922689575,2922690685,15934,1110
29734.088333,2922697397,2922698517,16086,1120
29734.099830,2922705216,2922706326,16001,1110
29734.110344,2922713023,2922714127,15917,1104
29734.120327,2922720828,2922721945,16087,1117
29734.131390,2922728662,2922729777,15904,1115
29734.140328,2922736499,2922737604,15835,1105
29734.152333,2922744308,2922745416,16033,1108
29734.162951,2922752128,2922753242,16059,1114
29734.172330,2922759932,2922761042,15913,1110
29734.183985,2922767747,2922768859,16024,1112
29734.194512,2922775571,2922776685,16034,1114
29734.204326,2922783385,2922784501,15910,1116
29734.215544,2922791205,2922792316,15933,1111
29734.224334,2922799015,2922800125,16044,1110
29734.236334,2922806826,2922807939,15910,1113
29734.247106,2922814643,2922815757,16032,1114
29734.256330,2922822483,2922823596,16056,1113
29734.268142,2922830301,2922831411,15933,1110
29734.278666,2922838109,2922839214,16034,1105
29734.288328,2922845912,2922847026,16057,1114
29734.299703,2922853730,2922854844,15910,1114
29734.308335,2922861534,2922862638,16036,1104
29734.320329,2922869331,2922870443,16039,1112
29734.331263,2922877140,2922878254,15917,1114
29734.340330,2922884954,2922886069,16030,1115
29734.352310,2922892777,2922893892,16055,1115
29734.362831,2922900600,2922901707,16000,1107
29734.372328,2922908404,2922909517,16034,1113
29734.383870,2922916217,2922917332,16061,1115
29734.394384,2922924038,2922925147,15832,1109
29734.404327,2922931853,2922932962,15947,1109
29734.415430,2922939667,2922940777,15966,1110
29734.424330,2922947481,2922948596,15831,1115
29734.436331,2922955289,2922956399,15943,1110
29734.446993,2922963100,2922964205,15966,1105
29734.456326,2922970884,2922971994,15832,1110
29734.468026,2922978685,2922979792,15966,1107
29734.478552,2922986493,2922987602,15970,1109
29734.488333,2922994298,2922995408,15837,1110
29734.499586,2923002113,2923003220,15942,1107
29734.508334,2923009916,2923011021,15965,1105
29734.520328,2923017719,2923018828,15832,1109
29734.531146,2923025538,2923026653,15942,1115
29734.540329,2923033362,2923034461,15961,1099
29734.552182,2923041167,2923042274,15828,1107
29734.562705,2923048979,2923050084,15849,1105
29734.572331,2923056788,2923057907,15957,1119
29734.583743,2923064613,2923065727,15833,1114
29734.592328,2923072402,2923073505,15946,1103
29734.604328,2923080208,2923081312,16042,1104
29734.615305,2923088018,2923089130,15935,1112
29734.624327,2923095834,2923096952,16036,1118
29734.636328,2923103675,2923104780,16057,1105
29734.646864,2923111497,2923112602,15923,1105
29734.656328,2923119301,2923120414,16033,1113
29734.667911,2923127124,2923128234,16042,1110
29734.678424,2923134947,2923136056,15918,1109
29734.688330,2923142762,2923143873,16028,1111
29734.699473,2923150600,2923151713,16059,1113
29734.708334,2923158420,2923159525,15997,1105
29734.720328,2923166239,2923167342,16032,1103
29734.731033,2923174048,2923175153,16061,1105
29734.740329,2923181857,2923182971,15911,1114
29734.752065,2923189678,2923190783,16036,1105
29734.762590,2923197501,2923198609,16059,1108
29734.772329,2923205312,2923206420,15915,1108
29734.783626,2923213131,2923214244,16036,1113
29734.792329,2923220939,2923222049,16057,1110
29734.804334,2923228746,2923229861,15924,1115
29734.815188,2923236565,2923237679,16048,1114
29734.824327,2923244387,2923245499,16058,1112
29734.836223,2923252210,2923253312,15921,1102
29734.846747,2923260016,2923261134,16025,1118
29734.856327,2923267832,2923268945,16056,1113
29734.867783,2923275645,2923276760,15911,1115
29734.876327,2923283470,2923284576,16027,1106
29734.888330,2923291292,2923292408,16048,1116
29734.899343,2923299105,2923300214,15923,1109
29734.908330,2923306910,2923308023,15937,1113
29734.920330,2923314719,2923315830,16058,1111
29734.930904,2923322537,2923323647,15919,1110
29734.940328,2923330338,2923331448,16035,1110
29734.951951,2923338151,2923339260,16058,1109
29734.962464,2923345957,2923347065,15940,1108
29734.972331,2923353776,2923354889,16035,1113
29734.983512,2923361598,2923362707,16062,1109
29734.992336,2923369416,2923370517,15920,1101
29735.004330,2923377227,2923378345,16062,1118
29735.015071,2923385036,2923386149,16055,1113
29735.024332,2923392832,2923393946,15920,1114
29735.036105,2923400655,2923401758,16034,1103
29735.046632,2923408461,2923409568,16056,1107
29735.056331,2923416270,2923417377,15997,1107
29735.067668,2923424078,2923425188,16034,1110
29735.076328,2923431895,2923433005,16058,1110
29735.088331,2923439709,2923440810,15922,1101
29735.099226,2923447522,2923448632,16031,1110
29735.108329,2923455329,2923456438,16063,1109
29735.120263,2923463146,2923464257,15905,1111
29735.130787,2923470956,2923472066,16036,1110
29735.140330,2923478769,2923479879,16046,1110
29735.151823,2923486588,2923487701,15919,1113
29735.162349,2923494404,2923495519,16046,1115
29735.172331,2923502237,2923503345,16055,1108
29735.183384,2923510051,2923511164,15922,1113
29735.192331,2923517864,2923518968,16033,1104
29735.204330,2923525665,2923526773,16056,1108
29735.214946,2923533495,2923534605,15923,1110
29735.224333,2923541310,2923542406,16035,1096
29735.235991,2923549099,2923550206,16047,1107
29735.246506,2923556912,2923558022,15921,1110
29735.256334,2923564719,2923565829,15938,1110
29735.267552,2923572529,2923573647,16057,1118
29735.276330,2923580339,2923581444,15919,1105
29735.288327,2923588144,2923589258,16034,1114
29735.299114,2923595958,2923597063,16061,1105
29735.308330,2923603772,2923604878,15931,1106
29735.320146,2923611576,2923612678,16032,1102
29735.330673,2923619375,2923620494,16056,1119
29735.340328,2923627200,2923628308,15916,1108
29735.351706,2923634995,2923636098,16031,1103
29735.360327,2923642791,2923643901,16040,1110
29735.372328,2923650593,2923651696,15922,1103
29735.383267,2923658394,2923659499,16034,1105
29735.392328,2923666188,2923667298,16059,1110
29735.404310,2923674001,2923675115,16000,1114
29735.414827,2923681836,2923682949,16032,1113
29735.424331,2923689643,2923690756,16054,1113
29735.435863,2923697472,2923698571,15918,1099
29735.446387,2923705264,2923706369,16037,1105
29735.456329,2923713066,2923714175,16059,1109
29735.467424,2923720875,2923721985,15918,1110
29735.476331,2923728684,2923729797,16023,1113
29735.488329,2923736508,2923737622,16058,1114
29735.498984,2923744332,2923745442,15906,1110
29735.508328,2923752140,2923753244,16047,1104
29735.520031,2923759953,2923761060,16054,1107
29735.530545,2923767757,2923768871,15904,1114
29735.540335,2923775570,2923776677,16032,1107
29735.551591,2923783376,2923784484,16061,1108
29735.560333,2923791185,2923792292,15920,1107
29735.572335,2923798984,2923800083,16035,1099
29735.583152,2923806794,2923807904,16058,1110
29735.592331,2923814618,2923815723,15922,1105
29735.604184,2923822433,2923823543,15930,1110
29735.614714,2923830257,2923831378,16001,1121
29735.624331,2923838088,2923839201,15823,1113
29735.635746,2923845919,2923847022,15945,1103
29735.644329,2923853715,2923854815,15970,1100
29735.656335,2923861512,2923862621,15848,1109
29735.667307,2923869330,2923870440,15943,1110
29735.676328,2923877132,2923878240,15967,1108
29735.688330,2923884944,2923886061,15836,1117
29735.698867,2923892768,2923893875,15944,1107
29735.708329,2923900592,2923901710,15954,1118
29735.719903,2923908402,2923909510,15834,1108
29735.730428,2923916224,2923917323,15944,1099
29735.740330,2923924021,2923925130,15965,1109
29735.751471,2923931832,2923932946,15909,1114
29735.760327,2923939653,2923940772,15948,1119
29735.772336,2923947479,2923948589,15968,1110
29735.783024,2923955283,2923956390,15836,1107
29735.792328,2923963091,2923964199,15937,1108
29735.804070,2923970909,2923972018,15969,1109
29735.814585,2923978722,2923979835,15821,1113
29735.824334,2923986550,2923987657,16048,1107
29735.835632,2923994347,2923995449,16060,1102
29735.844327,2924002164,2924003266,15915,1102
29735.856332,2924009972,2924011081,16047,1109
29735.867192,2924017781,2924018889,16057,1108
29735.876329,2924025583,2924026697,15921,1114
29735.888226,2924033405,2924034510,16031,1105
29735.898752,2924041211,2924042329,16054,1118
29735.908334,2924049039,2924050153,15921,1114
29735.919786,2924056855,2924057966,16028,1111
29735.928327,2924064658,2924065772,16060,1114
29735.940328,2924072476,2924073580,15917,1104
29735.951345,2924080276,2924081377,15938,1101
29735.960328,2924088092,2924089208,16056,1116
29735.972335,2924095910,2924097024,15920,1114
29735.982907,2924103718,2924104837,16028,1119
29735.992330,2924111534,2924112641,16047,1107
29736.003945,2924119357,2924120467,15927,1110
29736.014468,2924127177,2924128291,16034,1114
29736.024333,2924135000,2924136113,16091,1113
29736.035504,2924142818,2924143922,15919,1104
29736.044329,2924150630,2924151737,16034,1107
29736.056334,2924158438,2924159551,16046,1113
29736.067064,2924166244,2924167358,15922,1114
29736.076327,2924174050,2924175159,16031,1109
29736.088111,2924181875,2924182991,16037,1116
29736.098632,2924189698,2924190816,15980,1118
29736.108331,2924197531,2924198639,16031,1108
29736.119672,2924205350,2924206462,16052,1112
29736.128332,2924213175,2924214290,15922,1115
29736.140337,2924220985,2924222098,16030,1113
29736.151231,2924228807,2924229917,16045,1110
29736.160328,2924236608,2924237717,15918,1109
29736.172266,2924244426,2924245536,16037,1110
29736.182793,2924252239,2924253358,16056,1119
29736.192331,2924260060,2924261165,15917,1105
29736.203828,2924267876,2924268986,16056,1110
29736.214353,2924275695,2924276812,16056,1117
29736.224330,2924283515,2924284624,15911,1109
29736.235387,2924291340,2924292447,15946,1107
29736.244335,2924299149,2924300258,15966,1109
29736.256331,2924306955,2924308060,15833,1105
29736.266947,2924314757,2924315871,15941,1114
29736.276330,2924322573,2924323685,15968,1112
29736.287984,2924330388,2924331498,15834,1110
29736.298506,2924338196,2924339306,15848,1110
29736.308328,2924346022,2924347135,15973,1113
29736.319544,2924353846,2924354955,15836,1109
29736.328331,2924361648,2924362757,15948,1109
29736.340329,2924369458,2924370568,15968,1110
29736.351105,2924377286,2924378391,15852,1105
29736.360330,2924385090,2924386200,15943,1110
29736.372151,2924392901,2924394014,15975,1113
29736.382665,2924400718,2924401823,15834,1105
29736.392328,2924408509,2924409618,15934,1109
29736.403712,2924416332,2924417450,15953,1118
29736.412334,2924424157,2924425271,15834,1114
29736.424331,2924431972,2924433077,15937,1105
29736.435272,2924439798,2924440907,15968,1109
29736.444328,2924447611,2924448723,15899,1112
29736.456306,2924455418,2924456528,15938,1110
29736.466833,2924463223,2924464340,15973,1117
29736.476328,2924471041,2924472146,15834,1105
29736.487867,2924478847,2924479955,15942,1108
29736.500334,2924489665,2924490778,15823,1113
29736.517923,2924503835,2924504950,15923,1115
29736.528336,2924511701,2924512811,16049,1110
29736.538971,2924520285,2924521403,16050,1118
29736.550988,2924529977,2924531090,16044,1113
29736.563008,2924539928,2924541043,15943,1115
29736.575037,2924550045,2924551166,15955,1121
29736.590060,2924562779,2924563902,15830,1123
29736.600328,2924570621,2924571735,15961,1114
29736.614108,2924582040,2924583158,15941,1118
29736.624328,2924590297,2924591415,15970,1118
29736.635147,2924599091,2924600212,15816,1121
29736.647173,2924608620,2924609741,15952,1121
29736.662197,2924620904,2924622022,15834,1118
29736.678736,2924633932,2924635045,15973,1113
29736.695260,2924647157,2924648273,15839,1116
29736.710296,2924658965,2924660076,15973,1111
29736.720332,2924666968,2924668083,15810,1115
29736.741856,2924684908,2924686030,16005,1122
29736.753875,2924695210,2924696331,15908,1121
29736.765894,2924705134,2924706251,15832,1117
29736.782433,2924718791,2924719910,15957,1119
29736.792329,2924726643,2924727761,15900,1118
29736.806471,2924737473,2924738588,15795,1115
29736.816329,2924745299,2924746417,15947,1118
29736.827516,2924753138,2924754253,15952,1115
29736.838034,2924761662,2924762781,15821,1119
29736.850062,2924771205,2924772320,15943,1115
29736.866588,2924784856,2924785973,15927,1117
29736.876328,2924792689,2924793805,15966,1116
29736.890638,2924804104,2924805215,15956,1111
29736.900330,2924811935,2924813043,15829,1108
29736.919185,2924827037,2924828147,15820,1110
29736.928336,2924834861,2924835966,15942,1105
29736.943232,2924846214,2924847336,15836,1122
29736.952329,2924854045,2924855151,15970,1106
29736.967284,2924865412,2924866519,15954,1107
29736.976327,2924873222,2924874337,15831,1115
29736.991329,2924884385,2924885501,15904,1116
29737.010862,2924900238,2924901355,15929,1117
29737.020329,2924908049,2924909159,15974,1110
29737.034912,2924919410,2924920525,15959,1115
29737.044330,2924927259,2924928369,15836,1110
29737.055947,2924935665,2924936780,15942,1115
29737.078491,2924954509,2924955621,15931,1112
29737.088329,2924962311,2924963415,15962,1104
29737.102541,2924973635,2924974751,15956,1116
29737.112329,2924981466,2924982576,15832,1110
29737.126580,2924992823,2924993931,15824,1108
29737.136327,2925000635,2925001743,15945,1108
29737.150628,2925012000,2925013102,15927,1102
29737.160329,2925019818,2925020928,15971,1110
29737.171664,2925028387,2925029506,15831,1119
29737.180331,2925036217,2925037333,15985,1116
29737.194210,2925046333,2925047454,15553,1121
29737.204333,2925054546,2925055662,15984,1116
29737.215254,2925062614,2925063729,15898,1115
29737.224329,2925070441,2925071556,15847,1115
29737.236296,2925078267,2925079385,15999,1118
29737.246814,2925086091,2925087216,15883,1125
29737.256330,2925093925,2925095038,15864,1113
29737.267851,2925101744,2925102845,15962,1101
29737.278375,2925109553,2925110662,15948,1109
29737.288332,2925117353,2925118457,15910,1104
29737.299410,2925125159,2925126263,15945,1104
29737.308329,2925132968,2925134078,15946,1110
29737.320335,2925140774,2925141889,15846,1115
29737.330970,2925148598,2925149713,15947,1115
29737.340328,2925156414,2925157527,15942,1113
29737.352007,2925164222,2925165331,15847,1109
29737.362531,2925172050,2925173160,15945,1110
29737.372327,2925179859,2925180973,15955,1114
29737.383567,2925187679,2925188793,15844,1114
29737.392330,2925195499,2925196609,15961,1110
29737.404328,2925203317,2925204432,15949,1115
29737.415127,2925211134,2925212237,15846,1103
29737.424327,2925218930,2925220046,15941,1116
29737.436173,2925226754,2925227871,15961,1117
29737.446688,2925234580,2925235689,15844,1109
29737.456330,2925242413,2925243529,15961,1116
29737.467735,2925250232,2925251349,15968,1117
29737.476331,2925258056,2925259161,15829,1105
29737.488329,2925265874,2925266988,15851,1114
29737.499295,2925273688,2925274798,15968,1110
29737.508330,2925281502,2925282617,15832,1115
29737.520330,2925289314,2925290422,15948,1108
29737.530857,2925297130,2925298240,15973,1110
29737.540330,2925304943,2925306047,15847,1104
29737.551891,2925312739,2925313853,15935,1114
29737.562416,2925320555,2925321660,15967,1105
29737.572330,2925328366,2925329475,15833,1109
29737.583451,2925336177,2925337281,15940,1104
29737.592327,2925343975,2925345088,15952,1113
29737.604331,2925351791,2925352904,15819,1113
29737.615011,2925359603,2925360716,15943,1113
29737.624332,2925367412,2925368531,15966,1119
29737.636055,2925375232,2925376336,15913,1104
29737.646572,2925383040,2925384154,15945,1114
29737.656328,2925390892,2925391996,16003,1104
29737.667608,2925398698,2925399816,15831,1118
29737.676328,2925406520,2925407630,15945,1110
29737.688327,2925414325,2925415435,15968,1110
29737.699168,2925422142,2925423256,15821,1114
29737.708327,2925429963,2925431064,15945,1101
29737.720215,2925437759,2925438873,15972,1114
29737.730729,2925445569,2925446676,15837,1107
29737.740327,2925453374,2925454484,15956,1110
29737.751776,2925461168,2925462277,15965,1109
29737.760335,2925468988,2925470095,15834,1107
29737.772332,2925476784,2925477894,15940,1110
29737.783336,2925484601,2925485706,15957,1105
29737.792327,2925492410,2925493518,15824,1108
29737.804332,2925500221,2925501326,15943,1105
29737.814896,2925508023,2925509128,15970,1105
29737.824331,2925515830,2925516945,15832,1115
29737.835929,2925523645,2925524755,15840,1110
29737.846456,2925531461,2925532574,15970,1113
29737.856334,2925539268,2925540378,15825,1110
29737.867490,2925547093,2925548206,15943,1113
29737.876330,2925554908,2925556017,15968,1109
29737.888335,2925562713,2925563818,15846,1105
29737.899051,2925570515,2925571624,15936,1109
29737.908332,2925578335,2925579448,15965,1113
29737.920087,2925586148,2925587260,15833,1112
29737.930613,2925593964,2925595082,15942,1118
29737.940332,2925601788,2925602901,15955,1113
29737.951648,2925609606,2925610717,15833,1111
29737.960329,2925617420,2925618525,15947,1105
29737.972328,2925625229,2925626343,15967,1114
29737.983215,2925633052,2925634151,15914,1099
29737.992331,2925640852,2925641971,15946,1119
29738.004255,2925648673,2925649783,15972,1110
29738.014769,2925656489,2925657594,15822,1105
29738.024327,2925664297,2925665402,15948,1105
29738.035814,2925672109,2925673216,15971,1107
29738.044327,2925679919,2925681033,15831,1114
29738.056330,2925687733,2925688843,15945,1110
29738.067377,2925695559,2925696668,15966,1109
29738.076328,2925703383,2925704493,15834,1110
29738.088327,2925711186,2925712300,15955,1114
29738.098936,2925719005,2925720114,15973,1109
29738.108327,2925726817,2925727931,15833,1114
29738.119972,2925734629,2925735738,15942,1109
29738.130496,2925742444,2925743554,15968,1110
29738.140333,2925750263,2925751382,15829,1119
29738.151531,2925758088,2925759199,15948,1111
29738.160330,2925765904,2925767017,15969,1113
29738.172329,2925773723,2925774835,15830,1112
29738.183090,2925781535,2925782635,15841,1100
29738.192331,2925789345,2925790460,15967,1115
29738.204128,2925797159,2925798273,15833,1114
29738.214651,2925804989,2925806108,15946,1119
29738.224328,2925812813,2925813922,15967,1109
29738.235687,2925820618,2925821729,15839,1111
29738.244328,2925828431,2925829536,15941,1105
29738.256329,2925836236,2925837346,15968,1110
29738.267250,2925844068,2925845180,15824,1112
29738.276327,2925851888,2925853002,15946,1114
29738.288295,2925859711,2925860822,15954,1111
29738.298809,2925867536,2925868646,15830,1110
29738.308329,2925875353,2925876466,15942,1113
29738.319855,2925883166,2925884274,15971,1108
29738.330376,2925890974,2925892084,15900,1110
29738.340331,2925898774,2925899878,15945,1104
29738.351417,2925906570,2925907676,15961,1106
29738.360327,2925914381,2925915485,15821,1104
29738.372328,2925922189,2925923304,15932,1115
29738.382975,2925930001,2925931115,15969,1114
29738.392330,2925937822,2925938930,15835,1108
29738.404011,2925945624,2925946734,15947,1110
29738.414537,2925953440,2925954554,15966,1114
29738.424329,2925961256,2925962361,15829,1105
29738.435573,2925969073,2925970178,15956,1105
29738.444328,2925976889,2925977999,15965,1110
29738.456328,2925984694,2925985801,15826,1107
29738.467131,2925992520,2925993632,15945,1112
29738.476331,2926000379,2926001488,15967,1109
29738.488168,2926008203,2926009308,15832,1105
29738.498692,2926016012,2926017126,15945,1114
29738.508328,2926023827,2926024942,15970,1115
29738.519728,2926031649,2926032760,15831,1111
29738.528329,2926039468,2926040582,15848,1114
29738.540331,2926047281,2926048395,15973,1114
29738.551289,2926055089,2926056202,15832,1113
29738.560328,2926062891,2926064004,15942,1113
29738.572328,2926070700,2926071810,15971,1110
29738.582849,2926078504,2926079613,15848,1109
29738.592333,2926086302,2926087405,15938,1103
29738.603896,2926094110,2926095224,15974,1114
29738.614409,2926101930,2926103045,15835,1115
29738.624328,2926109742,2926110857,15945,1115
29738.635456,2926117550,2926118666,15950,1116
29738.644327,2926125373,2926126478,15826,1105
29738.656327,2926133177,2926134292,15945,1115
29738.667016,2926140997,2926142109,15973,1112
29738.676336,2926148728,2926149833,15907,1105
29738.688051,2926156549,2926157654,15945,1105
29738.698577,2926164358,2926165465,15964,1107
29738.708331,2926172176,2926173285,15825,1109
29738.719611,2926179988,2926181098,15948,1110
29738.728330,2926187799,2926188898,15969,1099
29738.740334,2926195604,2926196714,15823,1110
29738.751172,2926203418,2926204530,15950,1112
29738.760334,2926211228,2926212338,15968,1110
29738.772208,2926219044,2926220161,15826,1117
29738.782733,2926226857,2926227961,15964,1104
29738.792332,2926234668,2926235777,15963,1109
29738.803768,2926242489,2926243604,15836,1115
29738.812327,2926250299,2926251412,15949,1113
29738.824329,2926258108,2926259222,15973,1114
29738.835329,2926265936,2926267047,15831,1111
29738.844331,2926273746,2926274854,15937,1108
29738.856330,2926281544,2926282660,15956,1116
29738.866889,2926289360,2926290468,15834,1108
29738.876327,2926297170,2926298280,15846,1110
29738.887936,2926304995,2926306103,15970,1108
29738.898450,2926312807,2926313919,15832,1112
29738.908328,2926320636,2926321736,15946,1100
29738.919496,2926328433,2926329541,15967,1108
29738.928328,2926336243,2926337349,15846,1106
29738.940327,2926344059,2926345173,15945,1114
29738.951057,2926351868,2926352986,15971,1118
29738.960332,2926359698,2926360808,15821,1110
29738.972091,2926367507,2926368616,15950,1109
29738.982617,2926375319,2926376428,15954,1109
29738.992327,2926383128,2926384238,15835,1110
29739.003651,2926390931,2926392036,15942,1105
29739.012331,2926398738,2926399847,15968,1109
29739.024329,2926406538,2926407648,15910,1110
29739.035212,2926414355,2926415471,15950,1116
29739.044330,2926422174,2926423289,15967,1115
29739.056248,2926429993,2926431103,15831,1110
29739.066772,2926437802,2926438912,15941,1110
29739.076327,2926445618,2926446732,15975,1114
29739.087808,2926453441,2926454561,15832,1120
29739.096327,2926461258,2926462365,15952,1107
29739.108328,2926469063,2926470167,15963,1104
29739.119369,2926476861,2926477966,15832,1105
29739.128332,2926484676,2926485792,15954,1116
29739.152332,2926495475,2926496088,11959,613
29739.162961,2926499424,2926500039,12099,615
29739.172327,2926505508,2926506610,15909,1102
29739.183992,2926513279,2926514389,15848,1110
29739.194520,2926521084,2926522198,15970,1114
29739.204328,2926528890,2926530002,15912,1112
29739.215551,2926536694,2926537793,15834,1099
29739.224330,2926544499,2926545612,15995,1113
29739.236332,2926552307,2926553421,15912,1114
29739.247112,2926560126,2926561240,15843,1114
29739.256330,2926567941,2926569045,16000,1104
29739.268159,2926575744,2926576862,15917,1118
29739.278672,2926583561,2926584665,15837,1104
29739.288335,2926591375,2926592484,15971,1109
29739.299717,2926599191,2926600300,15912,1109
29739.308327,2926607004,2926608115,15846,1111
29739.320330,2926614820,2926615929,16001,1109
29739.331280,2926622646,2926623762,15917,1116
29739.340328,2926630472,2926631582,15833,1110
29739.352317,2926638296,2926639410,15979,1114
29739.362839,2926646119,2926647228,15914,1109
29739.372332,2926653931,2926655035,15836,1104
29739.383879,2926661735,2926662851,16004,1116
29739.394400,2926669558,2926670663,15917,1105
29739.404332,2926677352,2926678465,15834,1113
29739.415438,2926685179,2926686278,15982,1099
29739.424335,2926692978,2926694083,15914,1105
29739.436331,2926700787,2926701901,15850,1114
29739.447000,2926708600,2926709710,15996,1110
29739.456327,2926716406,2926717519,15916,1113
29739.468031,2926724227,2926725342,15821,1115
29739.478559,2926732039,2926733150,15983,1111
29739.488330,2926739845,2926740953,15914,1108
29739.499592,2926747667,2926748775,15850,1108
29739.508332,2926755485,2926756590,15997,1105
29739.520335,2926763304,2926764419,15911,1115
29739.531152,2926771117,2926772236,15825,1119
29739.540332,2926778952,2926780064,15985,1112
29739.552198,2926786768,2926787871,15913,1103
29739.562713,2926794575,2926795685,15849,1110
29739.572328,2926802386,2926803491,16016,1105
29739.583759,2926810199,2926811316,15914,1117
29739.592331,2926818029,2926819140,15833,1111
29739.604329,2926825841,2926826956,15979,1115
29739.615318,2926833657,2926834771,15914,1114
29739.624328,2926841472,2926842585,15844,1113
29739.636327,2926849289,2926850398,15992,1109
29739.646879,2926855605,2926856710,15839,1105
29739.656329,2926863392,2926864501,15862,1109
29739.667918,2926871197,2926872306,15984,1109
29739.678440,2926879000,2926880107,15919,1107
29739.688328,2926886801,2926887915,15851,1114
29739.699479,2926894630,2926895743,15998,1113
29739.708331,2926902451,2926903563,16001,1112
29739.720328,2926910276,2926911390,15898,1114
29739.731039,2926918088,2926919202,16070,1114
29739.740328,2926925904,2926927018,15995,1114
29739.752072,2926933722,2926934826,15941,1104
29739.762600,2926941539,2926942648,15997,1109
29739.772335,2926949189,2926950294,15907,1105
29739.783632,2926956989,2926958098,15833,1109
29739.792328,2926964798,2926965900,15966,1102
29739.804329,2926972599,2926973709,15909,1110
29739.815192,2926980420,2926981520,15846,1100
29739.824331,2926988221,2926989325,16000,1104
29739.836239,2926996026,2926997142,16004,1116
29739.846753,2927003837,2927004946,15917,1109
29739.856333,2927011651,2927012769,16073,1118
29739.867798,2927019475,2927020584,16000,1109
29739.876331,2927027289,2927028400,15935,1111
29739.888335,2927035102,2927036212,15996,1110
29739.899358,2927042933,2927044051,15860,1118
29739.908327,2927050767,2927051880,15847,1113
29739.920331,2927058586,2927059695,15985,1109
29739.930917,2927066396,2927067506,15911,1110
29739.940328,2927074210,2927075319,15860,1109
29739.951958,2927082025,2927083133,15985,1108
29739.962479,2927089844,2927090955,15909,1111
29739.972334,2927097666,2927098770,15853,1104
29739.983517,2927105469,2927106582,15958,1113
29739.992327,2927113289,2927114394,15907,1105
29740.004328,2927121095,2927122198,15859,1103
29740.015079,2927128907,2927130014,15986,1107
29740.024333,2927136716,2927137824,15906,1108
29740.036111,2927144529,2927145643,15845,1114
29740.046638,2927152354,2927153464,15961,1110
29740.056331,2927160163,2927161272,15919,1109
29740.067671,2927167980,2927169087,15836,1107
29740.076329,2927175787,2927176905,15988,1118
29740.088335,2927183591,2927184705,15914,1114
29740.099233,2927191404,2927192514,15852,1110
29740.108330,2927199237,2927200344,15940,1107
29740.120276,2927207046,2927208156,15915,1110
29740.130792,2927214863,2927215973,15861,1110
29740.140329,2927222680,2927223792,15985,1112
29740.151838,2927230498,2927231611,15910,1113
29740.162353,2927238318,2927239432,15846,1114
29740.172329,2927246140,2927247250,15967,1110
29740.183397,2927253959,2927255070,15916,1111
29740.192331,2927261776,2927262886,15860,1110
29740.204329,2927269596,2927270705,15982,1109
29740.214959,2927277400,2927278502,15909,1102
29740.224330,2927285203,2927286308,15933,1105
29740.235998,2927293010,2927294123,16056,1113
29740.246519,2927300830,2927301945,16002,1115
29740.256329,2927308655,2927309765,15949,1110
29740.267558,2927316468,2927317580,15997,1112
29740.276330,2927324281,2927325395,15914,1114
29740.288328,2927332093,2927333207,15851,1114
29740.299119,2927339906,2927341011,15969,1105
29740.308327,2927347724,2927348835,15912,1111
29740.320152,2927355545,2927356654,15850,1109
29740.330681,2927363358,2927364473,15999,1115
29740.340328,2927371193,2927372302,15913,1109
29740.351714,2927378999,2927380108,15831,1109
29740.360326,2927386809,2927387914,15982,1105
29740.372329,2927394620,2927395734,15922,1114
29740.383272,2927402432,2927403550,15847,1118
29740.392330,2927410251,2927411359,15989,1108
29740.404319,2927418069,2927419180,15905,1111
29740.414832,2927425883,2927426985,15815,1102
29740.424328,2927433694,2927434809,15984,1115
29740.435878,2927441513,2927442627,15915,1114
29740.446393,2927449342,2927450457,15850,1115
29740.456328,2927457152,2927458272,15997,1120
29740.467440,2927464969,2927466075,15912,1106
29740.476328,2927472768,2927473873,15837,1105
29740.488330,2927480567,2927481677,15975,1110
29740.498999,2927488375,2927489483,15919,1108
29740.508328,2927496189,2927497299,15847,1110
29740.520038,2927504012,2927505126,15979,1114
29740.530560,2927511829,2927512945,15916,1116
29740.540328,2927519642,2927520756,15844,1114
29740.551597,2927527459,2927528568,15965,1109
29740.560332,2927535273,2927536377,15912,1104
29740.572331,2927543081,2927544190,15936,1109
29740.583160,2927550898,2927552012,16074,1114
29740.592327,2927558708,2927559822,16002,1114
29740.604192,2927566525,2927567639,15936,1114
29740.614718,2927574345,2927575447,16074,1102
29740.624329,2927582141,2927583251,16004,1110
29740.635752,2927589962,2927591076,15950,1114
29740.644329,2927597788,2927598901,16073,1113
29740.656328,2927605606,2927606716,16001,1110
29740.667312,2927613415,2927614531,15934,1116
29740.676328,2927621239,2927622348,16045,1109
29740.688329,2927629051,2927630166,15915,1115
29740.698873,2927636868,2927637981,15849,1113
29740.708329,2927644686,2927645793,15989,1107
29740.719921,2927652504,2927653614,15914,1110
29740.730434,2927660322,2927661425,15820,1103
29740.740330,2927668128,2927669236,15983,1108
29740.751479,2927675942,2927677056,15916,1114
29740.760330,2927683766,2927684875,15834,1109
29740.772328,2927691571,2927692675,15989,1104
29740.783041,2927699385,2927700499,15912,1114
29740.792334,2927707202,2927708308,15834,1106
29740.804078,2927715003,2927716107,15978,1104
29740.814599,2927722652,2927723761,15915,1109
29740.824334,2927730469,2927731579,15850,1110
29740.835640,2927738267,2927739376,15999,1109
29740.844327,2927746085,2927747192,15917,1107
29740.856332,2927753903,2927755009,15831,1106
29740.867199,2927761705,2927762814,15986,1109
29740.876329,2927769516,2927770623,15914,1107
29740.888233,2927777324,2927778442,15844,1118
29740.898761,2927785140,2927786251,15994,1111
29740.908329,2927792964,2927794078,15910,1114
29740.919793,2927800804,2927801914,15781,1110
29740.928329,2927808623,2927809727,15982,1104
29740.940329,2927816439,2927817553,15915,1114
29740.951353,2927824256,2927825364,15839,1108
29740.960331,2927832076,2927833186,16014,1110
29740.972328,2927839906,2927841025,15918,1119
29740.982913,2927847739,2927848853,15832,1114
29740.992331,2927855559,2927856669,15972,1110
29741.003958,2927863381,2927864490,15913,1109
29741.014474,2927871199,2927872302,15838,1103
29741.024332,2927879014,2927880128,15997,1114
29741.035520,2927886819,2927887934,15918,1115
29741.044333,2927894635,2927895743,15833,1108
29741.056332,2927902453,2927903562,15984,1109
29741.067080,2927910254,2927911368,15914,1114
29741.076331,2927918110,2927919221,15846,1111
29741.088120,2927925908,2927927021,15995,1113
29741.098641,2927933556,2927934669,15915,1113
29741.108330,2927941368,2927942481,15824,1113
29741.119679,2927949186,2927950305,15982,1119
29741.128334,2927957006,2927958120,15910,1114
29741.140327,2927964819,2927965928,15848,1109
29741.151241,2927972641,2927973749,16002,1108
29741.160328,2927980455,2927981569,15913,1114
29741.172274,2927988271,2927989381,15832,1110
29741.182800,2927996098,2927997211,15975,1113
29741.192335,2928003911,2928005021,15916,1110
29741.203833,2928011717,2928012830,15845,1113
29741.214362,2928019532,2928020636,15994,1104
29741.224330,2928027351,2928028462,15916,1111
29741.235393,2928035162,2928036276,15831,1114
29741.244329,2928042990,2928044100,15984,1110
29741.256334,2928050797,2928051911,15910,1114
29741.266954,2928058616,2928059721,15834,1105
29741.276330,2928066417,2928067528,15991,1111
29741.288000,2928074225,2928075341,15915,1116
29741.298514,2928082046,2928083158,15832,1112
29741.308332,2928089859,2928090966,15998,1107
29741.319559,2928097669,2928098779,15899,1110
29741.328327,2928105497,2928106616,15845,1119
29741.340328,2928113326,2928114445,16003,1119
29741.351121,2928121153,2928122258,15920,1105
29741.360331,2928128973,2928130077,15835,1104
29741.372159,2928136776,2928137886,15981,1110
29741.382680,2928144592,2928145702,15917,1110
29741.392330,2928152410,2928153521,15835,1111
29741.403721,2928160213,2928161324,16001,1111
29741.412331,2928168037,2928169154,15917,1117
29741.424334,2928175858,2928176969,15834,1111
29741.435279,2928183673,2928184780,15986,1107
29741.444326,2928191468,2928192576,15918,1108
29741.456310,2928199272,2928200381,15833,1109
29741.466841,2928207085,2928208194,16001,1109
29741.476327,2928214905,2928216017,15916,1112
29741.487872,2928222720,2928223831,15827,1111
29741.498400,2928230527,2928231643,15983,1116
29741.508328,2928238348,2928239459,15913,1111
29741.519434,2928246156,2928247257,15844,1101
29741.528328,2928253962,2928255063,15991,1101
29741.540331,2928261775,2928262885,15914,1110
29741.550993,2928269583,2928270698,15836,1115
29741.560329,2928277407,2928278513,15983,1106
29741.572039,2928285209,2928286319,15917,1110
29741.582554,2928293017,2928294135,15847,1118
29741.592332,2928300832,2928301947,16001,1115
29741.603600,2928308641,2928309755,15909,1114
29741.612327,2928316463,2928317575,15831,1112
29741.624332,2928324285,2928325394,15976,1109
29741.635160,2928332086,2928333196,15915,1110
29741.644328,2928339891,2928341002,15847,1111
29741.656200,2928347697,2928348806,16006,1109
29741.666722,2928355514,2928356623,15917,1109
29741.676332,2928363329,2928364439,15832,1110
29741.687759,2928371133,2928372241,15972,1108
29741.696330,2928378929,2928380037,15919,1108
29741.708332,2928386747,2928387851,15852,1104
29741.719321,2928394554,2928395662,15986,1108
29741.728327,2928402367,2928403467,15918,1100
29741.740332,2928410179,2928411288,15837,1109
29741.750880,2928418003,2928419119,15979,1116
29741.760331,2928425824,2928426936,15916,1112
29741.771913,2928433634,2928434744,15839,1110
29741.782442,2928441455,2928442573,15998,1118
29741.792329,2928449284,2928450393,15905,1109
29741.803472,2928457092,2928458196,15824,1104
29741.812331,2928464902,2928466013,15989,1111
29741.824336,2928472724,2928473837,15913,1113
29741.835034,2928480551,2928481662,15851,1111
29741.844332,2928488365,2928489480,16000,1115
29741.856080,2928496180,2928497288,15916,1108
29741.866595,2928503985,2928505098,15835,1113
29741.876328,2928511795,2928512908,15975,1113
29741.887639,2928519610,2928520729,15919,1119
29741.896333,2928527437,2928528550,15848,1113
29741.908332,2928535250,2928536360,15991,1110
29741.919201,2928543048,2928544158,15916,1110
29741.928328,2928550872,2928551971,15830,1099
29741.940239,2928558662,2928559775,16049,1113
29741.950760,2928566491,2928567598,15912,1107
29741.960329,2928574303,2928575417,15850,1114
29741.971801,2928582118,2928583231,15998,1113
29741.980327,2928589929,2928591039,15919,1110
29741.992334,2928597745,2928598854,15819,1109
29742.003359,2928605558,2928606666,15982,1108
29742.012331,2928613372,2928614489,15912,1117
29742.024327,2928621191,2928622304,15854,1113
29742.034922,2928629006,2928630115,15997,1109
29742.044329,2928636827,2928637945,15916,1118
29742.055953,2928644645,2928645759,15837,1114
29742.066480,2928652461,2928653575,15982,1114
29742.076330,2928660287,2928661398,15910,1111
29742.087514,2928668106,2928669215,15842,1109
29742.096330,2928675926,2928677038,16000,1112
29742.108333,2928683737,2928684851,15917,1114
29742.119074,2928691552,2928692662,15831,1110
29742.128330,2928699361,2928700461,15983,1100
29742.140119,2928707156,2928708266,15909,1110
29742.150633,2928714977,2928716093,15828,1116
29742.160332,2928722791,2928723910,15997,1119
29742.171680,2928730611,2928731722,15912,1111
29742.180331,2928738425,2928739533,15838,1108
29742.192327,2928746235,2928747348,15979,1113
29742.203240,2928754055,2928755164,15911,1109
29742.212328,2928761866,2928762979,15846,1113
29742.224281,2928769690,2928770803,15996,1113
29742.234802,2928777503,2928778622,15913,1119
29742.244332,2928785334,2928786444,15823,1110
29742.255839,2928793142,2928794256,15977,1114
29742.266362,2928800968,2928802081,15915,1113
29742.276329,2928808788,2928809897,15847,1109
29742.287401,2928816601,2928817705,16001,1104
29742.296329,2928824406,2928825517,15899,1111
29742.308333,2928832215,2928833329,15825,1114
29742.318961,2928840024,2928841139,15984,1115
29742.328333,2928847844,2928848958,15913,1114
29742.340001,2928855666,2928856786,15938,1120
29742.350523,2928863505,2928864625,15905,1120
29742.360333,2928871336,2928872451,15918,1115
29742.371560,2928879161,2928880279,15915,1118
29742.380330,2928886984,2928888103,15915,1119
29742.392335,2928894820,2928895935,15913,1115
29742.403114,2928902637,2928903747,15862,1110
29742.412328,2928910467,2928911575,15981,1108
29742.424159,2928918284,2928919388,15920,1104
29742.434674,2928926081,2928927200,15843,1119
29742.444329,2928933905,2928935010,15975,1105
29742.455719,2928941703,2928942816,15920,1113
29742.464334,2928949521,2928950625,15866,1104
29742.476329,2928957328,2928958447,15983,1119
29742.487280,2928965147,2928966257,15916,1110
29742.496333,2928972954,2928974067,15833,1113
29742.508317,2928980763,2928981882,15970,1119
29742.518839,2928988583,2928989693,15917,1110
29742.528331,2928996394,2928997510,15857,1116
29742.539880,2929004209,2929005316,15985,1107
29742.551897,2929013155,2929014268,15809,1113
29742.562424,2929020973,2929022087,16072,1114
29742.572329,2929028799,2929029910,16004,1111
29742.583457,2929036621,2929037726,15935,1105
29742.592330,2929044419,2929045525,16079,1106
29742.604331,2929052236,2929053349,16012,1113
29742.615017,2929060055,2929061161,15917,1106
29742.624329,2929067869,2929068980,16064,1111
29742.636063,2929075689,2929076805,15998,1116
29742.646576,2929083514,2929084633,15927,1119
29742.656330,2929091334,2929092448,16089,1114
29742.667624,2929099154,2929100263,15919,1109
29742.676328,2929106964,2929108074,15832,1110
29742.688334,2929114784,2929115888,15982,1104
29742.699183,2929122584,2929123698,15909,1114
29742.708327,2929130399,2929131505,15843,1106
29742.720224,2929138222,2929139332,15996,1110
29742.730745,2929146035,2929147144,15920,1109
29742.740328,2929153840,2929154951,15817,1111
29742.751783,2929161644,2929162749,15985,1105
29742.760333,2929169466,2929170585,15915,1119
29742.772331,2929177282,2929178394,15849,1112
29742.783345,2929185092,2929186206,15990,1114
29742.792332,2929192902,2929194015,15905,1113
29742.804330,2929200724,2929201835,15819,1111
29742.814903,2929208533,2929209652,15982,1119
29742.824327,2929216359,2929217464,15918,1105
29742.835936,2929224166,2929225276,15846,1110
29742.846465,2929231994,2929233107,16015,1113
29742.856327,2929239815,2929240926,15913,1111
29742.867496,2929247627,2929248741,15835,1114
29742.876336,2929255447,2929256555,15982,1108
29742.888332,2929263247,2929264361,15918,1114
29742.899057,2929271065,2929272170,15844,1105
29742.908328,2929278783,2929279893,15991,1110
29742.920105,2929286584,2929287703,15924,1119
29742.930617,2929294393,2929295500,15833,1107
29742.940333,2929302220,2929303340,15982,1120
29742.951663,2929310040,2929311142,15920,1102
29742.960328,2929317855,2929318963,15846,1108
29742.972332,2929325667,2929326781,15998,1114
29742.983225,2929333491,2929334599,15918,1108
29742.992329,2929341290,2929342403,15820,1113
29743.004264,2929349094,2929350198,15985,1104
29743.014784,2929356875,2929357986,15907,1111
29743.024332,2929364678,2929365785,15843,1107
29743.035824,2929372486,2929373600,15992,1114
29743.046345,2929380294,2929381403,15913,1109
29743.056328,2929388107,2929389220,15831,1113
29743.067384,2929395918,2929397030,15988,1112
29743.076331,2929403728,2929404842,15916,1114
29743.088331,2929411535,2929412638,15850,1103
29743.098945,2929419334,2929420438,15998,1104
29743.108327,2929427140,2929428254,15923,1114
29743.119976,2929434959,2929436067,15828,1108
29743.130504,2929442758,2929443871,15985,1113
29743.140330,2929450581,2929451692,15900,1111
29743.151540,2929458386,2929459491,15950,1105
29743.160330,2929466211,2929467316,15972,1105
29743.172332,2929474025,2929475131,15834,1106
29743.183100,2929481827,2929482940,15946,1113
29743.192328,2929489643,2929490761,15970,1118
29743.204136,2929497460,2929498568,15829,1108
29743.214660,2929505270,2929506387,15945,1117
29743.224329,2929513102,2929514216,15958,1114
29743.235697,2929520916,2929522027,15832,1111
29743.244329,2929528708,2929529820,15961,1112
29743.256328,2929536514,2929537625,15969,1111
29743.267257,2929544325,2929545430,15825,1105
29743.276330,2929552139,2929553258,15949,1119
29743.288304,2929559952,2929561056,15969,1104
29743.298818,2929567758,2929568872,15822,1114
29743.308333,2929575573,2929576680,15944,1107
29743.319864,2929583383,2929584495,15974,1112
29743.330378,2929591191,2929592305,15830,1114
29743.340331,2929599009,2929600119,15851,1110
29743.351425,2929606820,2929607931,15966,1111
29743.360336,2929614620,2929615720,15832,1100
29743.372336,2929622432,2929623551,15962,1119
29743.382985,2929630253,2929631362,15974,1109
29743.392334,2929638047,2929639153,15847,1106
29743.404019,2929645848,2929646961,15947,1113
29743.414545,2929653663,2929654769,15965,1106
29743.424328,2929661470,2929662578,15823,1108
29743.435580,2929669288,2929670398,15945,1110
29743.444329,2929677092,2929678204,15953,1112
29743.456331,2929684913,2929686028,15828,1115
29743.467140,2929692735,2929693850,15950,1115
29743.476331,2929700543,2929701653,15972,1110
29743.488184,2929708342,2929709455,15911,1113
29743.498700,2929716163,2929717271,15939,1108
29743.508330,2929723973,2929725084,15972,1111
29743.519737,2929731780,2929732895,15832,1115
29743.528334,2929739579,2929740691,15946,1112
29743.540332,2929747392,2929748505,15971,1113
29743.551297,2929755204,2929756309,15833,1105
29743.560329,2929763005,2929764110,15950,1105
29743.572336,2929770822,2929771932,16004,1110
29743.582857,2929778641,2929779743,15825,1102
29743.592331,2929786435,2929787555,15962,1120
29743.603905,2929794251,2929795370,15968,1119
29743.614418,2929802068,2929803173,15830,1105
29743.624336,2929809877,2929810991,15943,1114
29743.635465,2929817695,2929818807,15971,1112
29743.644327,2929825511,2929826619,15826,1108
29743.656330,2929833321,2929834429,15936,1108
29743.667026,2929841130,2929842240,15971,1110
29743.676327,2929848935,2929850044,15829,1109
29743.688058,2929856744,2929857849,15848,1105
29743.698586,2929864545,2929865658,15969,1113
29743.708328,2929872356,2929873475,15828,1119
29743.719620,2929880172,2929881282,15945,1110
29743.728328,2929887963,2929889077,15966,1114
29743.740331,2929895781,2929896886,15843,1105
29743.751180,2929903587,2929904696,15944,1109
29743.760330,2929911400,2929912505,15969,1105
29743.772216,2929919205,2929920324,15836,1119
29743.782741,2929927046,2929928154,15935,1108
29743.792329,2929934855,2929935960,15948,1105
29743.803777,2929942651,2929943759,15832,1108
29743.812329,2929950474,2929951588,15942,1114
29743.824330,2929958279,2929959389,15971,1110
29743.835345,2929966086,2929967201,15912,1115
29743.844330,2929973881,2929974989,15945,1108
29743.856327,2929981692,2929982804,15970,1112
29743.866898,2929989499,2929990618,15829,1119
29743.876336,2929997321,2929998425,15945,1104
29743.887943,2930005136,2930006246,15971,1110
29743.898458,2930012953,2930014066,15835,1113
29743.908327,2930020769,2930021883,15940,1114
29743.919506,2930028589,2930029693,15959,1104
29743.928328,2930036394,2930037503,15881,1109
29743.940335,2930044203,2930045308,15963,1105
29743.951065,2930052003,2930053112,15970,1109
29743.960330,2930059812,2930060916,15834,1104
29743.972099,2930067608,2930068717,15943,1109
29743.982625,2930075446,2930076557,16023,1111
29743.992329,2930083275,2930084375,15834,1100
29744.003660,2930091079,2930092194,15942,1115
29744.012332,2930098900,2930100006,15967,1106
29744.024334,2930106704,2930107814,15834,1110
29744.035219,2930114511,2930115625,15845,1114
29744.044331,2930122335,2930123444,15968,1109
29744.056257,2930130145,2930131260,15824,1115
29744.066780,2930137961,2930139075,15948,1114
29744.076329,2930145779,2930146890,15972,1111
29744.087817,2930153607,2930154717,15847,1110
29744.098341,2930161432,2930162536,15944,1104
29744.108330,2930169238,2930170348,15972,1110
29744.119377,2930177056,2930178161,15831,1105
29744.128327,2930184855,2930185973,15937,1118
29744.140331,2930192678,2930193788,15956,1110
29744.150938,2930200484,2930201603,15831,1119
29744.160328,2930208308,2930209413,15949,1105
29744.171985,2930216103,2930217213,15970,1110
29744.184001,2930224974,2930226087,15830,1113
29744.194528,2930232786,2930233900,15957,1114
29744.204336,2930240602,2930241713,15842,1111
29744.215563,2930248418,2930249514,15945,1096
29744.224333,2930256208,2930257321,15963,1113
29744.236331,2930264026,2930265131,15854,1105
29744.247123,2930271843,2930272957,15935,1114
29744.256327,2930279667,2930280776,15959,1109
29744.268160,2930287466,2930288575,15845,1109
29744.278684,2930295274,2930296386,15947,1112
29744.288328,2930303091,2930304205,15933,1114
29744.299720,2930310900,2930312008,15846,1108
29744.308329,2930318711,2930319825,15943,1114
29744.320329,2930326514,2930327628,15956,1114
29744.331287,2930334331,2930335441,15910,1110
29744.340328,2930342136,2930343240,15932,1104
29744.352326,2930349934,2930351047,15957,1113
29744.362841,2930357738,2930358850,15848,1112
29744.372327,2930365555,2930366665,15946,1110
29744.383885,2930373366,2930374474,15953,1108
29744.394401,2930381197,2930382302,15846,1105
29744.404328,2930389005,2930390114,15944,1109
29744.415447,2930396815,2930397925,15958,1110
29744.424333,2930404615,2930405720,15847,1105
29744.436332,2930412414,2930413510,15950,1096
29744.447007,2930420214,2930421324,15955,1110
29744.456329,2930428040,2930429144,15845,1104
29744.468043,2930435840,2930436955,15947,1115
29744.478567,2930443651,2930444763,15950,1112
29744.488335,2930451471,2930452579,15847,1108
29744.499603,2930459282,2930460393,15941,1111
29744.508333,2930467096,2930468212,15959,1116
29744.520329,2930474916,2930476026,15836,1110
29744.531162,2930482722,2930483836,15869,1114
29744.540331,2930490540,2930491658,15958,1118
29744.552199,2930498355,2930499465,15848,1110
29744.562724,2930506154,2930507263,15946,1109
29744.572328,2930513969,2930515083,15958,1114
29744.583760,2930521779,2930522883,15862,1104
29744.592330,2930529590,2930530698,15948,1108
29744.604327,2930537399,2930538514,15945,1115
29744.615320,2930545203,2930546308,15845,1105
29744.624329,2930553013,2930554127,15948,1114
29744.636330,2930560826,2930561945,15940,1119
29744.646881,2930568651,2930569762,15845,1111
29744.656328,2930576463,2930577567,15942,1104
29744.667926,2930584274,2930585379,15959,1105
29744.678448,2930592087,2930593201,15913,1114
29744.688332,2930599904,2930601014,15931,1110
29744.699489,2930607703,2930608811,15962,1108
29744.708331,2930615513,2930616628,15844,1115
29744.720329,2930623333,2930624442,15950,1109
29744.731046,2930631130,2930632234,15955,1104
29744.740327,2930638944,2930640053,15851,1109
29744.752083,2930646754,2930647868,15944,1114
29744.762608,2930654564,2930655672,16004,1108
29744.772327,2930662363,2930663473,15842,1110
29744.783644,2930670174,2930671285,15953,1111
29744.792331,2930677994,2930679097,15957,1103
29744.804329,2930685804,2930686918,15841,1114
29744.815203,2930693609,2930694721,15942,1112
29744.824328,2930701434,2930702553,15954,1119
29744.836240,2930709259,2930710364,15846,1105
29744.846764,2930717056,2930718171,15946,1115
29744.856331,2930724883,2930725996,15951,1113
29744.867800,2930732695,2930733800,15847,1105
29744.876335,2930740493,2930741603,15855,1110
29744.888334,2930748304,2930749413,15955,1109
29744.899361,2930756111,2930757216,15844,1105
29744.908327,2930763916,2930765025,15950,1109
29744.920334,2930771731,2930772841,15942,1110
29744.930921,2930779548,2930780664,15861,1116
29744.940336,2930787371,2930788480,15932,1109
29744.951967,2930795181,2930796292,15961,1111
29744.962482,2930802989,2930804094,15835,1105
29744.972328,2930810792,2930811910,15947,1118
29744.983528,2930818598,2930819706,15941,1108
29744.992337,2930826391,2930827491,15837,1100
29745.004331,2930834111,2930835225,15962,1114
29745.015089,2930841921,2930843036,15961,1115
29745.024330,2930849739,2930850848,15910,1109
29745.036123,2930857550,2930858669,15947,1119
29745.046649,2930865357,2930866468,15968,1111
29745.056335,2930873176,2930874285,15835,1109
29745.067683,2930880987,2930882094,15941,1107
29745.076329,2930888802,2930889915,15961,1113
29745.088330,2930896608,2930897709,15830,1101
29745.099244,2930904413,2930905529,15949,1116
29745.108331,2930912218,2930913317,15968,1099
29745.120282,2930920009,2930921122,15831,1113
29745.130806,2930927817,2930928928,15960,1111
29745.140332,2930935627,2930936737,15969,1110
29745.151841,2930943434,2930944549,15833,1115
29745.162365,2930951251,2930952363,15943,1112
29745.172328,2930959054,2930960172,15963,1118
29745.183401,2930966862,2930967967,15832,1105
29745.192326,2930974674,2930975778,15944,1104
29745.204330,2930982482,2930983590,16004,1108
29745.214961,2930990287,2930991393,15831,1106
29745.224332,2930998097,2930999212,15856,1115
29745.236008,2931005912,2931007021,15967,1109
29745.246522,2931013716,2931014825,15833,1109
29745.256333,2931021527,2931022646,15947,1119
29745.267569,2931029349,2931030453,15969,1104
29745.276332,2931037155,2931038264,15844,1109
29745.288331,2931044976,2931046083,15950,1107
29745.299129,2931052783,2931053892,15959,1109
29745.308328,2931060617,2931061731,15833,1114
29745.320163,2931068423,2931069538,15944,1115
29745.330689,2931076223,2931077332,15952,1109
29745.340328,2931084027,2931085138,15833,1111
29745.351724,2931091848,2931092959,15934,1111
29745.360331,2931099660,2931100773,15962,1113
29745.372329,2931107468,2931108578,15910,1110
29745.383284,2931115275,2931116385,15945,1110
29745.392329,2931123094,2931124202,15972,1108
29745.404321,2931130902,2931132022,15830,1120
29745.414844,2931138729,2931139839,15948,1110
29745.424334,2931146541,2931147652,15971,1111
29745.435880,2931154357,2931155472,15833,1115
29745.446405,2931162167,2931163279,15944,1112
29745.456329,2931169976,2931171084,15969,1108
29745.467442,2931177776,2931178890,15825,1114
29745.476331,2931185593,2931186707,15951,1114
29745.488337,2931193397,2931194502,15972,1105
29745.499001,2931201196,2931202306,15831,1110
29745.508327,2931209001,2931210114,15946,1113
29745.520048,2931216799,2931217918,15970,1119
29745.530562,2931224604,2931225723,15833,1119
29745.540331,2931232423,2931233534,15939,1111
29745.551609,2931240234,2931241339,15964,1105
29745.560327,2931248048,2931249156,15834,1108
29745.572327,2931255860,2931256969,15848,1109
29745.583169,2931263671,2931264776,15968,1105
29745.592328,2931271489,2931272588,15823,1099
29745.604203,2931279296,2931280406,15944,1110
29745.614726,2931287103,2931288210,16007,1107
29745.624329,2931294917,2931296022,15862,1105
29745.635764,2931302719,2931303829,15948,1110
29745.644333,2931310530,2931311641,15961,1111
29745.656329,2931318337,2931319447,15848,1110
29745.667324,2931326146,2931327256,15944,1110
29745.676328,2931333944,2931335050,15938,1106
29745.688329,2931341759,2931342861,15846,1102
29745.698885,2931349570,2931350680,15934,1110
29745.708329,2931357374,2931358479,15956,1105
29745.719927,2931365180,2931366290,15908,1110
29745.730445,2931372979,2931374087,15945,1108
29745.740328,2931380790,2931381904,15956,1114
29745.751482,2931388605,2931389719,15833,1114
29745.760332,2931396425,2931397534,15949,1109
29745.772329,2931404230,2931405343,15959,1113
29745.783041,2931412049,2931413163,15846,1114
29745.792328,2931419861,2931420961,15948,1100
29745.804087,2931427679,2931428788,15960,1109
29745.816099,2931436567,2931437676,15915,1109
29745.826633,2931444363,2931445463,15970,1100
29745.836332,2931452168,2931453279,15832,1111
29745.847667,2931459976,2931461091,15946,1115
29745.856329,2931467793,2931468898,15969,1105
29745.868328,2931475605,2931476716,15911,1111
29745.879227,2931483420,2931484531,15946,1111
29745.888334,2931491240,2931492354,15963,1114
29745.900264,2931499052,2931500157,15829,1105
29745.910788,2931506853,2931507956,15938,1103
29745.920329,2931514655,2931515766,15971,1111
29745.931824,2931522466,2931523576,15833,1110
29745.942348,2931530278,2931531385,15942,1107
29745.952328,2931538093,2931539198,15972,1105
29745.963384,2931545901,2931547012,15832,1111
29745.972327,2931553712,2931554819,15962,1107
29745.984330,2931561519,2931562632,15969,1113
29745.994945,2931569325,2931570444,15823,1119
29746.004329,2931577160,2931578278,15947,1118
29746.015992,2931584969,2931586075,15976,1106
29746.026505,2931592793,2931593897,15833,1104
29746.036332,2931600605,2931601711,15945,1106
29746.047552,2931608406,2931609510,15968,1104
29746.056329,2931616201,2931617314,15824,1113
29746.068329,2931624012,2931625121,15850,1109
29746.079113,2931631803,2931632912,15970,1109
29746.088333,2931639609,2931640717,15829,1108
29746.100147,2931647406,2931648514,15951,1108
29746.110673,2931655210,2931656321,15969,1111
29746.120331,2931663028,2931664137,15836,1109
29746.131707,2931670828,2931671938,15950,1110
29746.140327,2931678633,2931679746,15969,1113
29746.152333,2931686455,2931687566,15831,1111
29746.163268,2931694274,2931695378,15945,1104
29746.172327,2931702084,2931703194,15950,1110
29746.184303,2931709902,2931711019,15831,1117
29746.194828,2931717726,2931718839,15940,1113
29746.204330,2931725545,2931726653,15971,1108
29746.215871,2931733354,2931734459,15907,1105
29746.226389,2931741182,2931742292,15938,1110
29746.236335,2931748973,2931750079,15995,1106
29746.247424,2931756758,2931757866,15831,1108
29746.256329,2931764564,2931765679,15945,1115
29746.268329,2931772381,2931773494,15972,1113
29746.278985,2931780193,2931781308,15833,1115
29746.288330,2931787992,2931789106,15947,1114
29746.300032,2931795796,2931796910,15998,1114
29746.310545,2931803615,2931804718,15833,1103
29746.320330,2931811411,2931812525,15961,1114
29746.331592,2931819219,2931820338,15957,1119
29746.340332,2931827044,2931828146,15833,1102
29746.352333,2931834842,2931835946,15944,1104
29746.363152,2931842636,2931843745,15970,1109
29746.372328,2931850459,2931851563,15834,1104
29746.384186,2931858266,2931859381,15942,1115
29746.394713,2931866084,2931867194,15970,1110
29746.404331,2931873898,2931875003,15835,1105
29746.415745,2931881695,2931882806,15849,1111
29746.424328,2931889501,2931890600,15969,1099
29746.436333,2931897310,2931898426,15827,1116
29746.447307,2931905112,2931906222,15943,1110
29746.456330,2931912921,2931914035,15971,1114
29746.468334,2931920721,2931921830,15847,1109
29746.478870,2931928534,2931929649,15948,1115
29746.488329,2931936357,2931937462,15964,1105
29746.499904,2931944156,2931945261,15828,1105
29746.510428,2931951960,2931953071,15947,1111
29746.520328,2931959766,2931960875,15952,1109
29746.531465,2931967576,2931968681,15833,1105
29746.540332,2931975384,2931976487,15943,1103
29746.552328,2931983186,2931984294,15972,1108
29746.563033,2931990986,2931992095,15912,1109
29746.572335,2931998794,2931999903,15946,1109
29746.584073,2932006614,2932007725,15965,1111
29746.594585,2932014437,2932015542,15834,1105
29746.604329,2932022249,2932023353,15947,1104
29746.615631,2932030039,2932031144,15971,1105
29746.624327,2932037841,2932038941,15834,1100
29746.636335,2932045600,2932046711,15962,1111
29746.647193,2932053414,2932054519,15972,1105
29746.656327,2932061227,2932062338,15827,1111
29746.668228,2932069047,2932070158,15964,1111
29746.678753,2932076849,2932077956,15964,1107
29746.688328,2932084666,2932085778,15836,1112
29746.699787,2932092482,2932093593,15936,1111
29746.708330,2932100295,2932101412,15957,1117
29746.720328,2932108109,2932109223,15821,1114
29746.731347,2932115915,2932117017,15941,1102
29746.740331,2932123719,2932124827,15970,1108
29746.752328,2932131531,2932132637,15821,1106
29746.762906,2932139342,2932140452,15852,1110
29746.772331,2932147153,2932148266,15963,1113
29746.783944,2932154962,2932156069,15834,1107
29746.794468,2932162778,2932163891,15946,1113
29746.804335,2932170601,2932171712,15957,1111
29746.815505,2932178413,2932179527,15848,1114
29746.824332,2932186225,2932187324,15942,1099
29746.836328,2932194029,2932195134,16010,1105
29746.847065,2932201837,2932202953,15824,1116
29746.856328,2932209660,2932210764,15946,1104
29746.868112,2932217462,2932218581,15953,1119
29746.878626,2932225276,2932226383,15832,1107
29746.888327,2932233097,2932234203,15943,1106
29746.899672,2932240903,2932242011,15970,1108
29746.908333,2932248699,2932249811,15905,1112
29746.920332,2932256510,2932257615,15946,1105
29746.931233,2932264320,2932265425,15971,1105
29746.940330,2932272118,2932273227,15823,1109
29746.952267,2932279907,2932281017,15944,1110
29746.962792,2932287717,2932288826,15971,1109
29746.972327,2932295516,2932296620,15830,1104
29746.983828,2932303314,2932304417,15946,1103
29746.994354,2932311121,2932312229,15968,1108
29747.004331,2932318933,2932320048,15838,1115
29747.015389,2932326752,2932327866,15962,1114
29747.024333,2932334565,2932335663,15968,1098
29747.036334,2932342367,2932343481,15829,1114
29747.046948,2932350199,2932351308,15946,1109
29747.056332,2932358002,2932359107,15967,1105
29747.067984,2932365810,2932366914,15836,1104
29747.078508,2932373610,2932374716,15933,1106
29747.088333,2932381420,2932382533,15961,1113
29747.099545,2932389228,2932390342,15830,1114
29747.108327,2932397043,2932398146,15839,1103
29747.120328,2932404852,2932405952,15969,1100
29747.131105,2932412652,2932413761,15833,1109
29747.140328,2932420462,2932421566,15937,1104
29747.152152,2932428261,2932429369,15964,1108
29747.162665,2932436068,2932437177,15850,1109
29747.172330,2932443901,2932445007,15948,1106
29747.183713,2932451706,2932452816,15967,1110
29747.192328,2932459510,2932460619,15835,1109
29747.204334,2932467328,2932468444,15942,1116
29747.215273,2932475135,2932476253,15954,1118
29747.224329,2932482952,2932484068,15832,1116
29747.236307,2932490776,2932491896,15943,1120
29747.246836,2932498612,2932499719,16026,1107
29747.256328,2932506415,2932507520,15909,1105
29747.267867,2932514223,2932515342,15944,1119
29747.278393,2932522031,2932523139,15961,1108
29747.288328,2932529835,2932530942,15833,1107
29747.299428,2932537628,2932538743,15947,1115
29747.308332,2932545432,2932546540,15967,1108
29747.320331,2932553237,2932554342,15837,1105
29747.330988,2932561053,2932562164,15946,1111
29747.340329,2932568858,2932569962,15970,1104
29747.352025,2932576654,2932577764,15830,1110
29747.362550,2932584470,2932585579,15964,1109
29747.372331,2932592282,2932593388,15960,1106
29747.383585,2932600097,2932601212,15820,1115
29747.392330,2932607915,2932609032,15937,1117
29747.404333,2932615729,2932616848,15970,1119
29747.415146,2932623548,2932624656,15837,1108
29747.424331,2932631358,2932632477,15937,1119
29747.436192,2932639181,2932640285,15967,1104
29747.446701,2932646951,2932648069,15776,1118
29747.456332,2932654777,2932655883,15840,1106
29747.467753,2932662595,2932663706,15969,1111
29747.476331,2932670407,2932671523,15816,1116
29747.488333,2932678229,2932679342,15940,1113
29747.499313,2932686026,2932687142,15971,1116
29747.508334,2932693837,2932694949,15851,1112
29747.520329,2932701672,2932702786,15947,1114
29747.530873,2932709489,2932710601,15971,1112
29747.540328,2932717302,2932718403,15826,1101
29747.551908,2932725106,2932726211,15943,1105
29747.562435,2932732913,2932734031,15952,1118
29747.572330,2932740738,2932741847,15836,1109
29747.583468,2932748551,2932749656,15944,1105
29747.592330,2932756362,2932757466,15966,1104
29747.604327,2932764162,2932765276,15906,1114
29747.615028,2932771972,2932773080,15942,1108
29747.624328,2932779786,2932780900,15969,1114
29747.636065,2932787601,2932788712,15824,1111
29747.646589,2932795413,2932796521,15947,1108
29747.656333,2932803250,2932804355,15972,1105
29747.667625,2932811065,2932812179,15820,1114
29747.676328,2932818884,2932819993,15947,1109
29747.688332,2932826703,2932827812,15959,1109
29747.699186,2932834502,2932835606,15830,1104
29747.708331,2932842312,2932843423,15960,1111
29747.720232,2932850128,2932851242,15955,1114
29747.730746,2932857955,2932859065,15832,1110
29747.740330,2932865779,2932866888,15947,1109
29747.751793,2932873594,2932874698,15966,1104
29747.760326,2932881386,2932882493,15833,1107
29747.772328,2932889186,2932890295,15945,1109
29747.783353,2932897001,2932898102,15966,1101
29747.792327,2932904803,2932905911,15831,1108
29747.804331,2932912603,2932913714,15848,1111
29747.814913,2932920419,2932921528,15968,1109
29747.824329,2932928223,2932929336,15825,1113
29747.835948,2932936021,2932937126,15938,1105
29747.846474,2932943806,2932944911,15964,1105
29747.856334,2932951612,2932952723,15841,1111
29747.867508,2932959425,2932960536,15946,1111
29747.876329,2932967225,2932968326,15969,1101
29747.888334,2932975028,2932976143,15823,1115
29747.899069,2932982825,2932983937,15947,1112
29747.908332,2932990660,2932991767,15950,1107
29747.920105,2932998479,2932999587,15831,1108
29747.930629,2933006288,2933007402,15948,1114
29747.940330,2933014093,2933015192,15968,1099
29747.951672,2933021902,2933023013,15910,1111
29747.960327,2933029713,2933030822,15944,1109
29747.972334,2933037514,2933038619,15955,1105
29747.983226,2933045306,2933046417,15831,1111
29747.992329,2933053104,2933054213,15949,1109
29748.004272,2933060921,2933062040,15968,1119
29748.014786,2933068741,2933069854,15825,1113
29748.024335,2933076554,2933077667,15950,1113
29748.035833,2933084367,2933085471,15969,1104
29748.046346,2933092165,2933093270,15828,1105
29748.056327,2933099977,2933101091,15962,1114
29748.067393,2933107817,2933108933,15957,1116
29748.076329,2933115628,2933116742,15835,1114
29748.088334,2933123445,2933124555,15946,1110
29748.098954,2933131250,2933132355,15967,1105
29748.108330,2933139046,2933140154,15826,1108
29748.119989,2933146858,2933147965,15944,1107
29748.130514,2933154669,2933155775,15973,1106
29748.140330,2933162471,2933163582,15832,1111
29748.160333,2933171859,2933172483,12034,624
29748.172334,2933175809,2933176433,11958,624
29748.183114,2933182320,2933183423,15992,1103
29748.192327,2933190106,2933191212,15914,1106
29748.204145,2933197892,2933198994,15847,1102
29748.214674,2933205664,2933206768,15997,1104
29748.224329,2933213449,2933214567,15917,1118
29748.235708,2933221254,2933222364,15862,1110
29748.244330,2933229072,2933230177,15985,1105
29748.256327,2933236885,2933238004,15913,1119
29748.267268,2933244686,2933245796,15831,1110
29748.276334,2933252495,2933253603,15973,1108
29748.288311,2933260309,2933261414,15919,1105
29748.298832,2933268107,2933269226,15909,1119
29748.308332,2933275914,2933277026,15985,1112
29748.319872,2933283711,2933284828,15908,1117
29748.330387,2933291528,2933292631,15848,1103
29748.340332,2933299333,2933300436,15990,1103
29748.351432,2933307140,2933308254,15918,1114
29748.360331,2933314955,2933316066,15846,1111
29748.372328,2933322765,2933323874,15998,1109
29748.382993,2933330566,2933331677,15914,1111
29748.392327,2933338381,2933339497,15836,1116
29748.404033,2933346205,2933347321,15995,1116
29748.414554,2933354021,2933355132,15916,1111
29748.424328,2933361820,2933362935,15831,1115
29748.435592,2933369629,2933370740,15980,1111
29748.444328,2933377440,2933378550,15917,1110
29748.456328,2933385249,2933386354,15837,1105
29748.467152,2933393067,2933394185,16011,1118
29748.476332,2933400896,2933402005,15914,1109
29748.488185,2933408700,2933409811,15842,1111
29748.498712,2933416504,2933417614,15913,1110
29748.508329,2933424300,2933425418,15913,1118
29748.519746,2933432126,2933433240,15849,1114
29748.528329,2933439922,2933441038,15973,1116
29748.540328,2933447754,2933448863,15914,1109
29748.551305,2933455580,2933456690,15844,1110
29748.560327,2933463386,2933464495,16000,1109
29748.572327,2933471191,2933472301,15916,1110
29748.582866,2933479002,2933480107,15830,1105
29748.592331,2933486815,2933487915,15980,1100
29748.603913,2933494618,2933495731,15913,1113
29748.614427,2933502427,2933503538,15831,1111
29748.624327,2933510245,2933511354,15984,1109
29748.635472,2933518065,2933519176,15907,1111
29748.644328,2933525880,2933526995,15908,1115
29748.656331,2933532199,2933533310,15923,1111
29748.667034,2933539997,2933541106,15901,1109
29748.676330,2933547795,2933548902,15843,1107
29748.688070,2933555593,2933556707,15944,1114
29748.698593,2933563406,2933564515,15917,1109
29748.708330,2933571210,2933572324,15843,1114
29748.719631,2933579028,2933580135,15969,1107
29748.728330,2933586827,2933587937,15915,1110
29748.740329,2933594639,2933595743,15853,1104
29748.751192,2933602442,2933603555,15974,1113
29748.760327,2933610252,2933611362,15913,1110
29748.772225,2933618076,2933619187,15864,1111
29748.782753,2933625889,2933627000,16075,1111
29748.792328,2933633707,2933634822,15997,1115
29748.803786,2933641539,2933642647,15952,1108
29748.812331,2933649367,2933650483,16072,1116
29748.824328,2933657185,2933658297,15997,1112
29748.835346,2933664995,2933666100,15848,1105
29748.844330,2933672789,2933673899,16005,1110
29748.856329,2933680598,2933681716,16000,1118
29748.866906,2933688429,2933689549,15929,1120
29748.876328,2933696259,2933697368,15985,1109
29748.887952,2933704062,2933705174,15917,1112
29748.898467,2933711880,2933712986,15827,1106
29748.908334,2933719683,2933720794,15984,1111
29748.919512,2933727495,2933728608,15912,1113
29748.928336,2933735306,2933736419,15850,1113
29748.940329,2933743121,2933744223,16000,1102
29748.951072,2933750923,2933752033,15910,1110
29748.960327,2933758731,2933759835,15850,1104
29748.972114,2933766551,2933767656,16085,1105
29748.982635,2933774358,2933775468,15988,1110
29748.992328,2933782176,2933783286,16001,1110
29749.003673,2933789998,2933791106,16087,1108
29749.012335,2933797800,2933798907,16006,1107
29749.024328,2933805601,2933806713,15834,1112
29749.035233,2933813416,2933814527,15975,1111
29749.044331,2933821234,2933822342,15923,1108
29749.056265,2933829046,2933830160,15821,1114
29749.066793,2933836859,2933837971,15982,1112
29749.076330,2933844673,2933845778,15913,1105
29749.087826,2933852494,2933853599,15852,1105
29749.098354,2933860313,2933861421,15981,1108
29749.108332,2933868115,2933869222,15920,1107
29749.119387,2933875921,2933877029,15845,1108
29749.128327,2933883741,2933884857,15994,1116
29749.140328,2933891564,2933892670,15917,1106
29749.150946,2933899366,2933900477,15848,1111
29749.160333,2933907161,2933908276,15995,1115
29749.171994,2933914979,2933916093,16000,1114
29749.182507,2933922800,2933923911,15914,1111
29749.192333,2933930615,2933931725,16008,1110
29749.203554,2933938423,2933939533,16002,1110
29749.212327,2933946235,2933947350,15833,1115
29749.224330,2933954054,2933955162,15981,1108
29749.235113,2933961867,2933962985,15917,1118
29749.244330,2933969715,2933970829,15827,1114
29749.256152,2933977532,2933978641,15976,1109
29749.266673,2933985350,2933986464,15915,1114
29749.276329,2933993176,2933994295,15853,1119
29749.287714,2934001008,2934002118,15998,1110
29749.296328,2934008817,2934009929,15915,1112
29749.308327,2934016640,2934017749,15848,1109
29749.319276,2934024441,2934025551,15998,1110
29749.328328,2934032255,2934033374,15919,1119
29749.340313,2934040071,2934041175,15911,1104
29749.350835,2934047868,2934048980,15990,1112
29749.360328,2934055672,2934056787,15992,1115
29749.371865,2934063487,2934064600,15915,1113
29749.382395,2934071289,2934072398,16062,1109
29749.392327,2934079095,2934080210,16004,1115
29749.403426,2934086912,2934088022,15917,1110
29749.412333,2934094733,2934095841,16070,1108
29749.424330,2934102543,2934103656,16004,1113
29749.434987,2934110356,2934111472,15934,1116
29749.444347,2934118174,2934119287,16075,1113
29749.456032,2934125990,2934127103,16006,1113
29749.466547,2934133801,2934134911,15845,1110
29749.476328,2934141612,2934142716,16001,1104
29749.487593,2934149433,2934150541,15864,1108
29749.496331,2934157239,2934158348,15892,1109
29749.508331,2934165061,2934166174,15990,1113
29749.519153,2934172868,2934173977,15913,1109
29749.528335,2934180682,2934181792,15847,1110
29749.540192,2934188499,2934189613,15924,1114
29749.550713,2934196315,2934197420,15921,1105
29749.560329,2934204112,2934205222,15838,1110
29749.571752,2934211918,2934213034,15962,1116
29749.580328,2934219747,2934220856,15917,1109
29749.592333,2934227560,2934228670,15845,1110
29749.603311,2934235366,2934236479,15966,1113
29749.612328,2934243183,2934244291,15916,1108
29749.624330,2934250979,2934252091,15865,1112
29749.634874,2934258775,2934259883,15985,1108
29749.644332,2934266579,2934267690,15897,1111
29749.655906,2934274381,2934275494,15852,1113
29749.666434,2934282192,2934283302,15986,1110
29749.676331,2934290004,2934291118,15917,1114
29749.687472,2934297807,2934298921,15908,1114
29749.696332,2934305572,2934306683,16090,1111
29749.708334,2934313395,2934314505,15989,1110
29749.719027,2934321189,2934322294,15915,1105
29749.728327,2934329013,2934330133,16068,1120
29749.740074,2934336835,2934337945,15919,1110
29749.750588,2934344646,2934345756,15833,1110
29749.760329,2934352434,2934353550,15958,1116
29749.771633,2934360248,2934361357,15913,1109
29749.780328,2934368060,2934369175,15851,1115
29749.792327,2934375878,2934376993,15986,1115
29749.803194,2934383705,2934384816,15918,1111
29749.812329,2934391524,2934392628,15845,1104
29749.824234,2934399319,2934400432,15992,1113
29749.834755,2934407136,2934408241,15916,1105
29749.844331,2934414943,2934416054,15853,1111
29749.855794,2934422753,2934423862,15994,1109
29749.864331,2934430569,2934431688,15915,1119
29749.876328,2934438389,2934439498,15832,1109
29749.887354,2934446210,2934447318,15922,1108
29749.896328,2934454035,2934455154,15903,1119
29749.908330,2934461863,2934462970,15833,1107
29749.918913,2934469674,2934470789,15981,1115
29749.928333,2934477488,2934478607,15909,1119
29749.939946,2934485305,2934486415,15834,1110
29749.950474,2934493110,2934494219,16070,1109
29749.960331,2934500920,2934502035,16001,1115
29749.971507,2934508740,2934509851,15932,1111
29749.980336,2934516553,2934517654,15998,1101
29749.992333,2934524346,2934525458,15914,1112
29750.003070,2934532140,2934533254,15874,1114
29750.012331,2934539951,2934541059,15992,1108
29750.024114,2934547757,2934548866,15916,1109
29750.034635,2934555558,2934556665,15914,1107
29750.044328,2934563344,2934564454,15996,1110
29750.055675,2934571158,2934572269,15912,1111
29750.064330,2934578976,2934580087,15825,1111
29750.076335,2934586788,2934587895,15988,1107
29750.087235,2934594594,2934595705,15917,1111
29750.096327,2934602402,2934603503,15828,1101
29750.108271,2934610222,2934611339,15970,1117
29750.118792,2934618048,2934619159,15908,1111
29750.128328,2934625858,2934626968,15857,1110
29750.139831,2934633675,2934634775,15973,1100
29750.150353,2934641487,2934642595,15911,1108
29750.160331,2934649285,2934650389,15864,1104
29750.171393,2934657093,2934658199,15987,1106
29750.180328,2934664898,2934666012,15920,1114
29750.192337,2934672721,2934673828,15859,1107
29750.202954,2934680530,2934681645,15985,1115
29750.212328,2934688342,2934689459,15907,1117
29750.223987,2934696167,2934697277,15847,1110
29750.234514,2934703980,2934705086,15921,1106
29750.244328,2934711798,2934712903,15915,1105
29750.255547,2934719601,2934720711,15845,1110
29750.264331,2934727409,2934728524,15968,1115
29750.276333,2934735227,2934736332,15912,1105
29750.287107,2934743026,2934744128,15845,1102
29750.296335,2934750823,2934751928,15966,1105
29750.308154,2934758670,2934759778,15912,1108
29750.318668,2934766476,2934767584,15844,1108
29750.328327,2934774271,2934775375,16004,1104
29750.339715,2934782064,2934783178,16003,1114
29750.348333,2934789869,2934790988,15940,1119
29750.360334,2934797692,2934798808,16084,1116
29750.371275,2934805502,2934806612,16004,1110
29750.380328,2934813315,2934814424,15994,1109
29750.392314,2934821125,2934822243,16087,1118
29750.402835,2934828941,2934830050,16005,1109
29750.412329,2934836766,2934837871,15911,1105
29750.423873,2934844562,2934845675,16072,1113
29750.434396,2934852379,2934853489,16004,1110
29750.444331,2934860196,2934861306,15830,1110
29750.455433,2934868010,2934869121,15983,1111
29750.464328,2934875808,2934876914,15914,1106
29750.476330,2934883611,2934884731,15852,1120
29750.486994,2934891437,2934892546,15981,1109
29750.496332,2934899243,2934900357,15914,1114
29750.508027,2934906955,2934908065,15847,1110
29750.518554,2934914776,2934915892,15988,1116
29750.528333,2934922593,2934923699,15915,1106
29750.539587,2934930407,2934931521,15868,1114
29750.548327,2934938221,2934939332,15977,1111
29750.560329,2934946037,2934947147,15922,1110
29750.571147,2934953843,2934954962,15833,1119
29750.580328,2934961667,2934962786,15920,1119
29750.592193,2934969484,2934970603,15922,1119
29750.602708,2934977296,2934978410,15845,1114
29750.612332,2934985103,2934986218,15964,1115
29750.623752,2934992923,2934994035,15899,1112
29750.632333,2935000738,2935001849,15871,1111
29750.644330,2935008559,2935009665,15968,1106
29750.655312,2935016367,2935017481,15914,1114
29750.664333,2935024186,2935025294,15865,1108
29750.676331,2935031998,2935033113,15983,1115
29750.686873,2935039817,2935040923,15908,1106
29750.696329,2935047635,2935048739,15859,1104
29750.707913,2935055439,2935056553,15985,1114
29750.718436,2935063278,2935064381,15916,1103
29750.728333,2935071090,2935072201,15912,1111
29750.739475,2935078910,2935080029,15995,1119
29750.748333,2935086735,2935087853,15916,1118
29750.760327,2935094555,2935095664,15834,1109
29750.771033,2935102376,2935103485,15982,1109
29750.780333,2935110215,2935111329,15918,1114
29750.792067,2935118041,2935119149,15827,1108
29750.802594,2935125849,2935126965,15984,1116
29750.812334,2935133658,2935134777,15908,1119
29750.823627,2935141478,2935142590,15847,1112
29750.832328,2935149298,2935150409,15976,1111
29750.844328,2935157113,2935158224,15912,1111
29750.855188,2935164915,2935166020,15852,1105
29750.864327,2935172721,2935173831,16001,1110
29750.876234,2935180528,2935181639,15902,1111
29750.886748,2935188344,2935189459,15836,1115
29750.896327,2935196149,2935197258,16078,1109
29750.907795,2935203964,2935205077,16004,1113
29750.916329,2935211787,2935212907,15828,1120
29750.928333,2935219607,2935220722,15921,1115
29750.939356,2935227423,2935228538,15917,1115
29750.948328,2935235238,2935236344,15831,1106
29750.960334,2935243050,2935244154,15976,1104
29750.970916,2935250855,2935251963,15925,1108
29750.980330,2935258647,2935259761,15847,1114
29750.991953,2935266465,2935267570,15982,1105
29751.002474,2935274272,2935275389,15991,1117
29751.012329,2935282090,2935283200,15937,1110
29751.023515,2935289897,2935291008,16086,1111
29751.032328,2935297719,2935298824,16002,1105
29751.044333,2935305527,2935306640,15935,1113
29751.055075,2935313339,2935314444,16080,1105
29751.064336,2935321151,2935322267,16004,1116
29751.076114,2935328951,2935330071,15989,1120
29751.086636,2935336781,2935337890,16084,1109
29751.096329,2935344593,2935345704,16006,1111
29751.107669,2935352403,2935353522,15917,1119
29751.116329,2935360221,2935361335,15981,1114
29751.128335,2935368058,2935369162,15924,1104
29751.139227,2935375859,2935376965,15829,1106
29751.148329,2935383658,2935384755,15987,1097
29751.160272,2935391454,2935392562,15912,1108
29751.170788,2935399264,2935400380,15839,1116
29751.180335,2935407078,2935408183,15981,1105
29751.191834,2935414892,2935416002,15915,1110
29751.202349,2935422716,2935423822,15847,1106
29751.212334,2935430522,2935431632,15989,1110
29751.223396,2935438347,2935439453,15903,1106
29751.232331,2935446151,2935447266,15853,1115
29751.244334,2935453973,2935455084,15988,1111
29751.254956,2935461784,2935462889,15916,1105
29751.264333,2935469575,2935470685,15834,1110
29751.275994,2935477387,2935478498,15922,1111
29751.286516,2935485193,2935486308,15919,1115
29751.296335,2935492999,2935494109,15832,1110
29751.307554,2935500800,2935501910,15986,1110
29751.316334,2935508624,2935509732,15915,1108
29751.328333,2935516372,2935517481,15845,1109
29751.339113,2935524185,2935525304,15969,1119
29751.348330,2935531997,2935533108,15896,1111
29751.360147,2935539798,2935540912,15851,1114
29751.370675,2935547606,2935548721,15982,1115
29751.380329,2935555421,2935556533,15915,1112
29751.391707,2935563232,2935564341,15861,1109
29751.400329,2935571043,2935572159,15985,1116
29751.412326,2935578852,2935579960,15916,1108
29751.423274,2935586658,2935587764,15909,1106
29751.432330,2935594464,2935595577,15976,1113
29751.444313,2935602280,2935603389,15917,1109
29751.454828,2935610099,2935611204,15933,1105
29751.464329,2935617895,2935619009,16063,1114
29751.475873,2935625714,2935626824,16006,1110
29751.486389,2935633532,2935634652,15934,1120
29751.496332,2935641353,2935642467,16057,1114
29751.507432,2935649161,2935650276,16003,1115
29751.516329,2935656975,2935658086,15948,1111
29751.528329,2935664790,2935665901,16077,1111
29751.538994,2935672596,2935673708,15915,1112
29751.548330,2935680426,2935681536,15850,1110
29751.560035,2935688236,2935689352,16001,1116
29751.570557,2935696057,2935697167,16003,1110
29751.580330,2935703861,2935704977,15935,1116
29751.591595,2935711680,2935712795,16083,1115
29751.600334,2935719490,2935720595,16005,1105
29751.612329,2935727291,2935728410,15911,1119
29751.623155,2935735102,2935736216,16008,1114
29751.632328,2935742911,2935744025,16005,1114
29751.644187,2935750718,2935751831,15908,1113
29751.654714,2935758539,2935759640,16070,1101
29751.664328,2935766339,2935767448,15999,1109
29751.675747,2935774151,2935775260,15918,1109
29751.684329,2935781972,2935783076,16073,1104
29751.696330,2935789778,2935790887,16005,1109
29751.707308,2935797590,2935798704,15930,1114
29751.716329,2935805401,2935806510,16080,1109
29751.728330,2935813214,2935814320,15906,1106
29751.738869,2935821015,2935822125,15939,1110
29751.748329,2935828827,2935829938,16089,1111
29751.759915,2935836642,2935837752,15983,1110
29751.770436,2935844453,2935845564,15994,1111
29751.780330,2935852269,2935853389,16085,1120
29751.791476,2935860100,2935861215,16006,1115
29751.800329,2935867903,2935869016,15913,1113
29751.812328,2935875713,2935876824,16069,1111
29751.823036,2935883514,2935884623,16026,1109
29751.832333,2935891321,2935892429,15920,1108
29751.844073,2935899134,2935900249,16074,1115
29751.854595,2935906816,2935907922,15999,1106
29751.864333,2935914619,2935915733,15938,1114
29751.875635,2935922432,2935923545,16064,1113
29751.884332,2935930240,2935931349,16003,1109
29751.896330,2935938043,2935939152,15939,1109
29751.907196,2935945844,2935946960,15987,1116
29751.916331,2935953666,2935954772,16002,1106
29751.928227,2935961469,2935962584,15935,1115
29751.938755,2935969288,2935970395,15987,1107
29751.948331,2935977093,2935978204,15907,1111
29751.959787,2935984911,2935986025,15845,1114
29751.968330,2935992723,2935993831,15924,1108
29751.980334,2936000528,2936001633,15917,1105
29751.991348,2936008336,2936009449,15848,1113
29752.000327,2936016147,2936017258,15968,1111
29752.012331,2936023963,2936025063,15918,1100
29752.022908,2936031765,2936032868,15842,1103
29752.032328,2936039575,2936040686,16057,1111
29752.043952,2936047382,2936048491,15999,1109
29752.054469,2936055184,2936056284,15954,1100
29752.064332,2936062981,2936064095,16071,1114
29752.075512,2936070794,2936071904,16004,1110
29752.084332,2936078612,2936079721,15948,1109
29752.096328,2936086430,2936087529,16077,1099
29752.107075,2936094230,2936095350,16006,1120
29752.116333,2936102057,2936103166,15998,1109
29752.128114,2936109868,2936110988,16069,1120
29752.140130,2936118793,2936119907,15820,1114
29752.150654,2936126615,2936127730,15942,1115
29752.160333,2936134437,2936135546,15968,1109
29752.171692,2936142246,2936143351,15846,1105
29752.180327,2936150049,2936151158,15944,1109
29752.192330,2936157855,2936158962,15968,1107
29752.203251,2936165672,2936166780,15830,1108
29752.212329,2936173477,2936174592,15940,1115
29752.224298,2936181277,2936182389,15953,1112
29752.234812,2936189086,2936190199,15828,1113
29752.244331,2936196891,2936198001,15945,1110
29752.255859,2936204693,2936205800,15972,1107
29752.266379,2936212516,2936213625,15913,1109
29752.276327,2936220310,2936221421,15945,1111
29752.287419,2936228124,2936229232,15972,1108
29752.296328,2936235934,2936237043,15832,1109
29752.308329,2936243740,2936244855,15944,1115
29752.318980,2936251563,2936252675,15991,1112
29752.328333,2936259360,2936260468,15832,1108
29752.340013,2936267165,2936268270,15933,1105
29752.350541,2936274991,2936276105,15956,1114
29752.360331,2936282805,2936283924,15830,1119
29752.371575,2936290606,2936291710,15959,1104
29752.380329,2936298389,2936299499,15987,1110
29752.392329,2936306194,2936307307,15833,1113
29752.403134,2936313993,2936315099,15932,1106
29752.412328,2936321800,2936322910,15969,1110
29752.424172,2936329606,2936330722,15820,1116
29752.434695,2936337412,2936338526,15943,1114
29752.444327,2936345229,2936346343,15968,1114
29752.455731,2936353031,2936354142,15823,1111
29752.464332,2936360845,2936361956,15850,1111
29752.476330,2936368657,2936369762,15965,1105
29752.487291,2936376475,2936377576,15832,1101
29752.496328,2936384271,2936385387,15942,1116
29752.508328,2936392081,2936393190,15963,1109
29752.518851,2936399889,2936400993,15849,1104
29752.528327,2936407688,2936408797,15941,1109
29752.539898,2936415486,2936416594,15969,1108
29752.550412,2936423303,2936424417,15829,1114
29752.560327,2936431124,2936432244,15945,1120
29752.571459,2936438946,2936440057,15970,1111
29752.580329,2936446756,2936447872,15834,1116
29752.592330,2936454575,2936455691,15943,1116
29752.603021,2936462386,2936463499,15969,1113
29752.612330,2936470206,2936471322,15913,1116
29752.624053,2936478027,2936479141,15942,1114
29752.634579,2936485850,2936486959,15968,1109
29752.644331,2936493661,2936494767,15822,1106
29752.655614,2936501450,2936502559,15945,1109
29752.664328,2936509264,2936510373,15972,1109
29752.676329,2936517056,2936518162,15834,1106
29752.687176,2936524847,2936525947,15944,1100
29752.696331,2936532652,2936533756,15966,1104
29752.708211,2936540457,2936541570,15821,1113
29752.718736,2936548266,2936549381,15954,1115
29752.728327,2936556072,2936557174,15967,1102
29752.739771,2936563863,2936564973,15825,1110
29752.748331,2936571673,2936572774,15942,1101
29752.760334,2936579473,2936580583,15959,1110
29752.771332,2936587283,2936588397,15828,1114
29752.780329,2936595097,2936596203,15944,1106
29752.792328,2936602899,2936604003,15971,1104
29752.802891,2936610705,2936611816,15834,1111
29752.812332,2936618523,2936619637,15849,1114
29752.823938,2936626329,2936627434,15969,1105
29752.834452,2936634141,2936635246,15827,1105
29752.844328,2936641936,2936643047,15938,1111
29752.855499,2936649739,2936650853,15955,1114
29752.864327,2936657543,2936658659,15844,1116
29752.876328,2936665357,2936666467,15947,1110
29752.887060,2936673175,2936674275,15971,1100
29752.896330,2936680966,2936682070,15832,1104
29752.908094,2936688766,2936689871,15936,1105
29752.918620,2936696572,2936697675,15955,1103
29752.928329,2936704381,2936705491,15833,1110
29752.939653,2936712205,2936713324,15948,1119
29752.948329,2936720025,2936721130,15968,1105
29752.960330,2936727810,2936728930,15909,1120
29752.971214,2936735608,2936736721,15935,1113
29752.980327,2936743416,2936744521,15965,1105
29752.992252,2936751227,2936752336,15832,1109
29753.002774,2936759024,2936760133,15933,1109
29753.012328,2936766826,2936767929,15963,1103
29753.023811,2936774624,2936775728,15837,1104
29753.034335,2936782441,2936783546,15942,1105
29753.044330,2936790250,2936791360,15964,1110
29753.055371,2936798050,2936799167,15830,1117
29753.064331,2936805871,2936806990,15962,1119
29753.076328,2936813692,2936814797,15967,1105
29753.086932,2936821496,2936822605,15830,1109
29753.096330,2936829293,2936830393,15946,1100
29753.107979,2936837085,2936838188,15968,1103
29753.118493,2936844881,2936845988,15826,1107
29753.128329,2936852663,2936853763,15948,1100
29753.139539,2936860456,2936861562,15964,1106
29753.148334,2936868258,2936869364,15828,1106
29753.160328,2936876077,2936877191,15855,1114
29753.171098,2936883880,2936884994,15955,1114
29753.180332,2936891697,2936892813,15843,1116
29753.192133,2936899503,2936900612,15949,1109
29753.202658,2936907311,2936908418,15959,1107
29753.212329,2936915117,2936916227,15859,1110
29753.223694,2936922921,2936924030,15947,1109
29753.232328,2936930720,2936931834,15948,1114
29753.244327,2936938515,2936939624,15843,1109
29753.255254,2936946329,2936947431,15946,1102
29753.264332,2936954128,2936955237,15931,1109
29753.276291,2936961934,2936963044,15844,1110
29753.286815,2936969733,2936970838,15946,1105
29753.296329,2936977535,2936978646,15949,1111
29753.307857,2936985332,2936986445,15912,1113
29753.318375,2936993150,2936994260,15947,1110
29753.328327,2937000944,2937002064,15957,1120
29753.339411,2937008764,2937009870,15842,1106
29753.348331,2937016552,2937017663,15892,1111
29753.360328,2937024361,2937025474,15956,1113
29753.370972,2937032187,2937033300,15849,1113
29753.380334,2937039988,2937041099,15891,1111
29753.392017,2937047794,2937048901,15963,1107
29753.402534,2937055605,2937056709,15843,1104
29753.412329,2937063406,2937064517,15963,1111
29753.423578,2937071196,2937072316,15958,1120
29753.432331,2937079025,2937080143,15849,1118
29753.444327,2937086840,2937087944,15941,1104
29753.455140,2937094662,2937095773,15976,1111
29753.464335,2937102460,2937103570,15845,1110
29753.476173,2937110255,2937111363,15946,1108
29753.486698,2937118044,2937119148,15946,1104
29753.496333,2937125854,2937126968,15845,1114
29753.507733,2937133658,2937134769,15857,1111
29753.516330,2937141462,2937142571,15959,1109
29753.528329,2937149253,2937150363,15847,1110
29753.539294,2937157050,2937158156,15947,1106
29753.548333,2937164854,2937165959,15956,1105
29753.560329,2937172667,2937173777,15864,1110
29753.570855,2937180480,2937181584,15940,1104
29753.580328,2937188276,2937189382,15958,1106
29753.591894,2937196059,2937197170,15872,1111
29753.602415,2937203861,2937204965,15945,1104
29753.612331,2937211645,2937212759,15930,1114
29753.623451,2937219455,2937220569,15844,1114
29753.632330,2937227273,2937228377,15945,1104
29753.644328,2937235076,2937236181,15961,1105
29753.655018,2937242886,2937243999,15907,1113
29753.664328,2937250711,2937251820,15939,1109
29753.676057,2937258517,2937259626,15960,1109
29753.686573,2937266320,2937267420,15849,1100
29753.696329,2937274116,2937275224,15943,1108
29753.707617,2937281913,2937283019,15952,1106
29753.716330,2937289718,2937290827,15845,1109
29753.728331,2937297514,2937298623,15946,1109
29753.739178,2937305304,2937306414,15956,1110
29753.748333,2937313108,2937314217,15836,1109
29753.760215,2937320911,2937322015,15960,1104
29753.770739,2937328671,2937329791,15987,1120
29753.780331,2937336497,2937337602,15846,1105
29753.791774,2937344297,2937345404,15937,1107
29753.800328,2937352103,2937353209,15954,1106
29753.812334,2937359899,2937361008,15844,1109
29753.823334,2937367704,2937368818,15939,1114
29753.832331,2937375517,2937376631,15956,1114
29753.844333,2937383332,2937384437,15844,1105
29753.854893,2937391137,2937392250,15863,1113
29753.864331,2937398954,2937400068,15949,1114
29753.875931,2937406751,2937407855,15840,1104
29753.886455,2937414542,2937415651,15943,1109
29753.896329,2937422348,2937423458,15957,1110
29753.907492,2937430157,2937431265,15861,1108
29753.916327,2937437962,2937439074,15942,1112
29753.928330,2937445770,2937446882,15956,1112
29753.939052,2937453578,2937454690,15846,1112
29753.948328,2937461383,2937462494,15944,1111
29753.960098,2937469189,2937470304,15942,1115
29753.970613,2937476998,2937478108,15848,1110
29753.980335,2937484827,2937485925,15960,1098
29753.991660,2937492629,2937493740,15969,1111
29754.000328,2937500441,2937501546,15904,1105
29754.012328,2937508232,2937509343,15888,1111
29754.023220,2937516041,2937517151,15971,1110
29754.032333,2937523848,2937524956,15822,1108
29754.044254,2937531658,2937532762,15945,1104
29754.054779,2937539449,2937540559,15970,1110
29754.064331,2937547240,2937548358,15833,1118
29754.075814,2937555057,2937556162,15947,1105
29754.084329,2937562848,2937563948,15972,1100
29754.096330,2937570629,2937571729,15857,1100
29754.107376,2937578422,2937579537,15965,1115
29754.116329,2937586242,2937587347,15968,1105
29754.128330,2937594046,2937595156,15830,1110
29754.138936,2937601853,2937602964,15946,1111
29754.148328,2937609660,2937610768,15968,1108
29754.159972,2937617464,2937618565,15833,1101
29754.170496,2937625250,2937626361,15941,1111
29754.180330,2937633071,2937634187,15999,1116
29754.191533,2937640884,2937641990,15823,1106
29754.200327,2937648678,2937649782,15845,1104
29754.212327,2937656480,2937657591,15964,1111
29754.223092,2937664297,2937665406,15827,1109
29754.232330,2937672107,2937673221,15945,1114
29754.244139,2937679924,2937681028,15969,1104
29754.254652,2937687723,2937688838,15847,1115
29754.264335,2937695538,2937696651,15947,1113
29754.275700,2937703359,2937704468,15961,1109
29754.284328,2937711166,2937712285,15832,1119
29754.296333,2937718977,2937720091,15944,1114
29754.307261,2937726786,2937727891,15956,1105
29754.316334,2937734581,2937735692,15830,1111
29754.328295,2937742391,2937743500,15946,1109
29754.338821,2937750193,2937751299,15969,1106
29754.348330,2937757996,2937759093,15908,1097
29754.359855,2937765780,2937766892,15949,1112
29754.370380,2937773588,2937774701,15970,1113
29754.380334,2937781406,2937782510,15831,1104
29754.391415,2937789210,2937790312,15937,1102
29754.400328,2937797002,2937798108,15969,1106
29754.412327,2937804820,2937805924,15830,1104
29754.422973,2937812619,2937813729,15894,1110
29754.432330,2937820448,2937821563,15967,1115
29754.444013,2937828262,2937829375,15834,1113
29754.454537,2937836073,2937837192,15962,1119
29754.464331,2937843883,2937844994,15960,1111
29754.475572,2937851690,2937852807,15836,1117
29754.484330,2937859493,2937860608,15919,1115
29754.496330,2937867310,2937868419,15966,1109
29754.507133,2937875125,2937876230,15830,1105
29754.516327,2937882931,2937884045,15943,1114
29754.528179,2937890740,2937891845,15973,1105
29754.538695,2937898530,2937899641,15861,1111
29754.548328,2937906336,2937907449,15853,1113
29754.559739,2937914149,2937915265,15962,1116
29754.568329,2937921953,2937923057,15834,1104
29754.580329,2937929757,2937930871,15950,1114
29754.591300,2937937581,2937938695,15970,1114
29754.600330,2937945393,2937946498,15838,1105
29754.612330,2937953189,2937954294,15936,1105
29754.622860,2937960981,2937962092,15970,1111
29754.632327,2937968775,2937969884,15860,1109
29754.643894,2937976578,2937977684,15941,1106
29754.654421,2937984392,2937985506,15956,1114
29754.664333,2937992201,2937993306,15819,1105
29754.675455,2937999994,2938001099,15945,1105
29754.684331,2938007812,2938008922,15967,1110
29754.696330,2938015598,2938016708,15901,1110
29754.707015,2938023409,2938024524,15943,1115
29754.716330,2938031223,2938032334,15962,1111
29754.728051,2938039029,2938040134,15828,1105
29754.738576,2938046821,2938047932,15944,1111
29754.748329,2938054626,2938055737,15971,1111
29754.759612,2938062431,2938063550,15833,1119
29754.768333,2938070237,2938071345,15947,1108
29754.780335,2938078032,2938079152,15966,1120
29754.791175,2938085853,2938086982,15829,1129
29754.800334,2938093690,2938094800,15940,1110
29754.812220,2938101507,2938102612,15970,1105
29754.822735,2938109312,2938110419,15826,1107
29754.832328,2938117112,2938118223,15945,1111
29754.843780,2938124919,2938126027,15974,1108
29754.852329,2938132724,2938133829,15830,1105
29754.864330,2938140513,2938141627,15943,1114
29754.875341,2938148312,2938149423,15999,1111
29754.884328,2938156117,2938157236,15858,1119
29754.896328,2938163936,2938165045,15849,1109
29754.906901,2938171736,2938172849,15971,1113
29754.916329,2938179545,2938180660,15834,1115
29754.927934,2938187353,2938188462,15943,1109
29754.938461,2938195156,2938196262,15973,1106
29754.948329,2938202963,2938204078,15845,1115
29754.959495,2938210777,2938211881,15943,1104
29754.968328,2938218577,2938219690,15969,1113
29754.980327,2938226401,2938227504,15835,1103
29754.991056,2938234199,2938235310,15944,1111
29755.000334,2938242012,2938243120,15998,1108
29755.012094,2938249806,2938250910,15834,1104
29755.022616,2938257607,2938258717,15946,1110
29755.032327,2938265429,2938266541,15967,1112
29755.043660,2938273226,2938274337,15909,1111
29755.052330,2938281036,2938282144,15944,1108
29755.064336,2938288840,2938289953,15962,1113
29755.075213,2938296641,2938297751,15833,1110
29755.084331,2938304454,2938305558,15947,1104
29755.096258,2938312268,2938313378,15961,1110
29755.106773,2938320074,2938321181,15832,1107
29755.116331,2938327877,2938328985,15947,1108
29755.127820,2938335685,2938336805,15968,1120
29755.136332,2938343500,2938344604,15834,1104
29755.148330,2938351304,2938352412,15958,1108
29755.159380,2938359112,2938360221,15962,1109
29755.168328,2938366899,2938368006,15835,1107
29755.180329,2938374740,2938375849,15947,1109
29755.190941,2938382535,2938383645,15969,1110
29755.200332,2938390345,2938391451,15826,1106
29755.211976,2938398138,2938399246,15948,1108
29755.222501,2938405940,2938407050,15967,1110
29755.232329,2938413750,2938414860,15831,1110
29755.243534,2938421556,2938422662,15850,1106
29755.252328,2938429360,2938430470,15966,1110
29755.264333,2938437157,2938438267,15832,1110
29755.275096,2938444969,2938446085,15945,1116
29755.284327,2938452789,2938453902,15971,1113
29755.296132,2938460588,2938461698,15846,1110
29755.306656,2938468408,2938469517,15947,1109
29755.316327,2938476202,2938477317,15960,1115
29755.327692,2938484012,2938485122,15831,1110
29755.336327,2938491833,2938492942,15945,1109
29755.348327,2938499645,2938500762,15958,1117
29755.359255,2938507459,2938508570,15831,1111
29755.368328,2938515258,2938516369,15942,1111
29755.380300,2938523058,2938524169,15968,1111
29755.390821,2938530863,2938531978,15909,1115
29755.400331,2938538677,2938539785,15945,1108
29755.411861,2938546490,2938547604,15967,1114
29755.422374,2938554306,2938555414,15831,1108
29755.432327,2938562105,2938563205,15946,1100
29755.443419,2938569896,2938571007,15962,1111
29755.452331,2938577703,2938578813,15833,1110
29755.464329,2938585511,2938586622,15946,1111
29755.474981,2938593310,2938594418,15996,1108
29755.484329,2938601125,2938602235,15830,1110
29755.496017,2938608930,2938610039,15957,1109
29755.506542,2938616734,2938617848,15968,1114
29755.516330,2938624531,2938625645,15832,1114
29755.527576,2938632349,2938633453,15945,1104
29755.536334,2938640145,2938641250,15970,1105
29755.548329,2938647946,2938649057,15835,1111
29755.559137,2938655761,2938656871,15935,1110
29755.568334,2938663561,2938664668,15960,1107
29755.580175,2938671358,2938672460,15864,1102
29755.590694,2938679147,2938680254,15847,1107
29755.600328,2938686948,2938688050,15972,1102
29755.611733,2938694753,2938695870,15845,1117
29755.620330,2938702579,2938703699,15946,1120
29755.632330,2938710405,2938711505,15971,1100
29755.643293,2938718209,2938719323,15847,1114
29755.652328,2938726018,2938727137,15950,1119
29755.664328,2938733845,2938734959,15970,1114
29755.674853,2938741663,2938742769,15835,1106
29755.684328,2938749458,2938750566,15944,1108
29755.695900,2938757264,2938758379,15954,1115
29755.706414,2938765072,2938766183,15834,1111
29755.716328,2938772881,2938773987,15942,1106
29755.727461,2938780688,2938781807,15961,1119
29755.736333,2938788502,2938789611,15908,1109
29755.748330,2938796300,2938797411,15945,1111
29755.759021,2938804092,2938805201,15968,1109
29755.768328,2938811892,2938813000,15824,1108
29755.780055,2938819694,2938820810,15949,1116
29755.790580,2938827517,2938828632,15970,1115
29755.800333,2938835331,2938836431,15829,1100
29755.811613,2938843153,2938844268,15936,1115
29755.820330,2938850965,2938852081,15970,1116
29755.832330,2938858783,2938859894,15828,1111
29755.843177,2938866590,2938867705,15962,1115
29755.852329,2938874392,2938875497,15968,1105
29755.864215,2938882188,2938883301,15861,1113
29755.874736,2938889995,2938891097,15946,1102
29755.884330,2938897795,2938898910,15953,1115
29755.895773,2938905603,2938906710,15820,1107
29755.904329,2938913411,2938914525,15942,1114
29755.916332,2938921223,2938922343,15972,1120
29755.927333,2938929057,2938930172,15834,1115
29755.936330,2938936867,2938937981,15850,1114
29755.948329,2938944679,2938945790,15972,1111
29755.958894,2938952490,2938953595,15830,1105
29755.968331,2938960296,2938961410,15928,1114
29755.979941,2938968113,2938969221,15970,1108
29755.990457,2938975913,2938977021,15873,1108
29756.000329,2938983723,2938984827,15937,1104
29756.011501,2938991515,2938992621,15968,1106
29756.020329,2938999205,2939000317,15833,1112
29756.032330,2939007017,2939008128,15942,1111
29756.043062,2939014833,2939015947,15960,1114
29756.052328,2939022650,2939023758,15835,1108
29756.064096,2939030454,2939031570,15941,1116
29756.074622,2939038255,2939039368,15975,1113
29756.084330,2939046075,2939047187,15912,1112
29756.095656,2939053886,2939054996,15914,1110
29756.104328,2939061687,2939062797,15961,1110
29756.116328,2939069496,2939070596,15833,1100
29756.127216,2939077300,2939078416,15945,1116
29756.136327,2939085123,2939086229,15970,1106
29756.148253,2939092923,2939094032,15826,1109
29756.158776,2939100719,2939101827,15941,1108
29756.168333,2939108498,2939109609,15990,1111
29756.179813,2939116300,2939117415,15830,1115
29756.190340,2939124127,2939125242,15957,1115
29756.200336,2939131880,2939132986,15984,1106
29756.211373,2939139673,2939140779,15833,1106
29756.220331,2939147480,2939148590,15945,1110
29756.232333,2939155252,2939156357,15989,1105
29756.242934,2939163054,2939164162,15832,1108
29756.252330,2939170839,2939171950,15945,1111
29756.263981,2939178607,2939179718,15984,1111
29756.274494,2939186409,2939187521,15820,1112
29756.284329,2939194218,2939195327,15853,1109
29756.295541,2939202028,2939203136,15961,1108
29756.304332,2939209833,2939210939,15833,1106
29756.316327,2939217630,2939218736,15947,1106
29756.327101,2939225380,2939226495,15987,1115
29756.336330,2939233187,2939234291,15830,1104
29756.348133,2939240981,2939242082,15891,1101
29756.358662,2939248752,2939249861,15991,1109
29756.368327,2939256551,2939257660,15853,1109
29756.379696,2939264358,2939265469,15946,1111
29756.388327,2939272116,2939273230,16004,1114
29756.400332,2939279936,2939281036,15831,1100
29756.411256,2939287738,2939288852,15946,1114
29756.420334,2939295501,2939296611,15986,1110
29756.432300,2939303319,2939304434,15906,1115
29756.442819,2939311129,2939312244,15941,1115
29756.452329,2939318901,2939320015,15988,1114
29756.463853,2939326702,2939327808,15831,1106
29756.474378,2939334506,2939335619,15945,1113
29756.484327,2939342283,2939343398,15954,1115
29756.495414,2939350102,2939351207,15844,1105
29756.504331,2939357919,2939359028,15946,1109
29756.516333,2939365672,2939366776,15948,1104
29756.526974,2939373460,2939374570,15846,1110
29756.536331,2939381257,2939382354,15933,1097
29756.548021,2939389009,2939390118,15989,1109
29756.558538,2939396813,2939397914,15859,1101
29756.568330,2939404616,2939405731,15906,1115
29756.579581,2939412402,2939413516,15986,1114
29756.588328,2939420206,2939421320,15832,1114
29756.600328,2939428018,2939429118,15945,1100
29756.611141,2939435775,2939436880,15939,1105
29756.620331,2939443583,2939444692,15847,1109
29756.632174,2939451424,2939452538,15947,1114
29756.642701,2939459235,2939460345,16035,1110
29756.652333,2939467036,2939468152,15923,1116
29756.663736,2939474847,2939475956,16035,1109
29756.672333,2939482610,2939483718,16079,1108
29756.684329,2939490399,2939491507,15929,1108
29756.695296,2939498198,2939499313,16031,1115
29756.704337,2939505978,2939507079,16073,1101
29756.716328,2939513778,2939514882,15913,1104
29756.726857,2939521588,2939522699,16033,1111
29756.736331,2939529355,2939530475,16092,1120
29756.747893,2939537179,2939538293,15920,1114
29756.758417,2939544993,2939546103,16033,1110
29756.768327,2939552811,2939553929,16056,1118
29756.779461,2939560643,2939561754,16003,1111
29756.788331,2939568438,2939569548,16031,1110
29756.800332,2939576248,2939577353,16058,1105
29756.811014,2939584051,2939585162,15914,1111
29756.820330,2939591894,2939593009,16024,1115
29756.832062,2939599570,2939600677,16029,1107
29756.842577,2939607365,2939608473,15863,1108
29756.852334,2939615180,2939616286,15946,1106
29756.863621,2939622995,2939624110,15970,1115
29756.872331,2939630801,2939631905,15834,1104
29756.884328,2939638605,2939639719,15963,1114
29756.895182,2939646382,2939647487,16069,1105
29756.904327,2939654181,2939655291,15921,1110
29756.916217,2939661987,2939663087,16020,1100
29756.926742,2939669741,2939670852,16081,1111
29756.936335,2939677544,2939678650,15938,1106
29756.947773,2939685336,2939686448,15977,1112
29756.956327,2939693127,2939694242,16078,1115
29756.968332,2939700929,2939702042,15938,1113
29756.979335,2939708734,2939709837,15934,1103
29756.988333,2939716526,2939717637,16057,1111
29757.000331,2939724345,2939725446,15912,1101
29757.010897,2939732142,2939733258,16034,1116
29757.020335,2939739915,2939741026,16069,1111
29757.031934,2939747727,2939748840,15941,1113
29757.042458,2939755532,2939756638,15916,1106
29757.052330,2939763289,2939764399,15968,1110
29757.063493,2939771111,2939772230,15828,1119
29757.072329,2939778925,2939780031,15949,1106
29757.084329,2939786679,2939787794,15970,1115
29757.095054,2939794477,2939795588,15824,1111
29757.104330,2939802281,2939803389,15945,1108
29757.116101,2939810043,2939811148,15972,1105
29757.126623,2939817822,2939818933,15906,1111
29757.136332,2939825634,2939826740,15943,1106
29757.147660,2939833392,2939834504,15938,1112
29757.172332,2939846091,2939846704,11972,613
29757.183731,2939850044,2939850664,12087,620
29757.192328,2939856891,2939858053,16325,1162
29757.204328,2939865514,2939866699,16296,1185
29757.215288,2939874288,2939875482,16370,1194
29757.224328,2939883146,2939884336,16314,1190
29757.236324,2939892204,2939893400,16274,1196
29757.246849,2939901232,2939902424,16394,1192
29757.256335,2939910139,2939911332,16328,1193
29757.267882,2939919100,2939920298,16237,1198
29757.278410,2939928231,2939929426,16398,1195
29757.288328,2939937215,2939938406,16326,1191
29757.299443,2939946228,2939947413,16346,1185
29757.308327,2939955483,2939956673,16499,1190
29757.320328,2939964536,2939965730,16416,1194
29757.331005,2939973572,2939974762,16328,1190
29757.340331,2939982808,2939984001,16476,1193
29757.352049,2939991970,2939993164,16417,1194
29757.362563,2940001141,2940002326,16342,1185
29757.372328,2940010070,2940011260,16501,1190
29757.383610,2940018894,2940020093,16423,1199
29757.392329,2940027858,2940029053,16324,1195
29757.404328,2940036842,2940038038,16492,1196
29757.415171,2940045923,2940047113,16417,1190
29757.424327,2940054983,2940056171,16314,1188
29757.436208,2940064215,2940065407,16485,1192
29757.446731,2940073332,2940074526,16325,1194
29757.456327,2940082535,2940083734,16240,1199
29757.467770,2940091449,2940092643,16402,1194
29757.476328,2940100448,2940101643,16320,1195
29757.488328,2940109695,2940110885,16255,1190
29757.499329,2940118832,2940120027,16390,1195
29757.508330,2940127871,2940129066,16328,1195
29757.520328,2940137108,2940138302,16247,1194
29757.530891,2940146279,2940147479,16407,1200
29757.540329,2940155452,2940156647,16312,1195
29757.551923,2940164613,2940165801,16246,1188
29757.562450,2940173650,2940174845,16387,1195
29757.572329,2940182634,2940183829,16325,1195
29757.583483,2940191799,2940192994,16243,1195
29757.592328,2940201019,2940202214,16412,1195
29757.604332,2940210070,2940211264,16323,1194
29757.615043,2940219284,2940220475,16242,1191
29757.624329,2940228368,2940229563,16405,1195
29757.636089,2940237510,2940238701,16312,1191
29757.648114,2940247665,2940248859,16460,1194
29757.663143,2940259022,2940259923,15315,901
29757.672333,2940266587,2940267703,15919,1116
29757.684182,2940274393,2940275505,16089,1112
29757.694703,2940282214,2940283326,16007,1112
29757.704330,2940290038,2940291153,15916,1115
29757.715740,2940297863,2940298979,16068,1116
29757.724328,2940305682,2940306791,16007,1109
29757.736330,2940313534,2940314644,15921,1110
29757.747302,2940321354,2940322470,15990,1116
29757.756331,2940329170,2940330290,16006,1120
29757.768330,2940337001,2940338117,15992,1116
29757.778862,2940344823,2940345938,16000,1115
29757.788330,2940352640,2940353756,16008,1116
29757.799903,2940360462,2940361582,15913,1120
29757.810423,2940368278,2940369394,16001,1116
29757.820330,2940376114,2940377220,15901,1106
29757.831455,2940383927,2940385046,15828,1119
29757.840335,2940391750,2940392867,16069,1117
29757.852329,2940399579,2940400696,15998,1117
29757.863015,2940407407,2940408519,15849,1112
29757.872333,2940415213,2940416319,16013,1106
29757.884062,2940423015,2940424132,15916,1117
29757.894575,2940430812,2940431926,15823,1114
29757.904328,2940438627,2940439738,16066,1111
29757.915621,2940446437,2940447543,16004,1106
29757.924327,2940454239,2940455354,15938,1115
29757.936337,2940462060,2940463166,16088,1106
29757.947182,2940469870,2940470988,16007,1118
29757.956330,2940477687,2940478798,15921,1111
29757.968220,2940485502,2940486615,16069,1113
29757.978742,2940493316,2940494429,15999,1113
29757.988328,2940501116,2940502222,15847,1106
29757.999782,2940508920,2940510034,15992,1114
29758.008328,2940516734,2940517837,15919,1103
29758.020333,2940524538,2940525652,15817,1114
29758.031341,2940532353,2940533469,16071,1116
29758.040331,2940540165,2940541271,16003,1106
29758.052330,2940547962,2940549072,15848,1110
29758.062904,2940555781,2940556884,16091,1103
29758.072331,2940563570,2940564679,15996,1109
29758.083934,2940571361,2940572478,15928,1117
29758.094460,2940579175,2940580291,16053,1116
29758.104329,2940586984,2940588095,16011,1111
29758.115496,2940594798,2940595897,15860,1099
29758.124327,2940602592,2940603698,15984,1106
29758.136335,2940610391,2940611508,15916,1117
29758.147058,2940618199,2940619309,15867,1110
29758.156330,2940626009,2940627129,15966,1120
29758.168098,2940633827,2940634941,16003,1114
29758.178616,2940641536,2940642642,15858,1106
29758.188330,2940649343,2940650464,15986,1121
29758.199661,2940657162,2940658277,15918,1115
29758.208329,2940664968,2940666082,15836,1114
29758.220334,2940672770,2940673885,15982,1115
29758.231220,2940680588,2940681698,15999,1110
29758.240333,2940688397,2940689505,15828,1108
29758.252260,2940696196,2940697307,15985,1111
29758.262783,2940704050,2940705165,16004,1115
29758.272331,2940711846,2940712955,15907,1109
29758.283820,2940719660,2940720768,16061,1108
29758.292331,2940727467,2940728577,16005,1110
29758.304332,2940735290,2940736397,15852,1107
29758.315383,2940743086,2940744186,16000,1100
29758.324332,2940750887,2940751993,15917,1106
29758.336331,2940758698,2940759808,15828,1110
29758.346942,2940766514,2940767630,15982,1116
29758.356329,2940774330,2940775442,16000,1112
29758.367973,2940782143,2940783258,15926,1115
29758.378503,2940789949,2940791058,16090,1109
29758.388327,2940797758,2940798869,16005,1111
29758.399535,2940805579,2940806688,15922,1109
29758.408330,2940813391,2940814501,16066,1110
29758.420329,2940821196,2940822314,16005,1118
29758.431095,2940829016,2940830121,15933,1105
29758.440330,2940836819,2940837927,16073,1108
29758.452142,2940844634,2940845749,16009,1115
29758.462649,2940852394,2940853516,15902,1122
29758.472327,2940860220,2940861329,16067,1109
29758.483701,2940868020,2940869133,16006,1113
29758.492330,2940875843,2940876955,15929,1112
29758.504333,2940883647,2940884758,16071,1111
29758.515262,2940891454,2940892554,15992,1100
29758.524329,2940899257,2940900372,15918,1115
29758.536300,2940907071,2940908182,16068,1111
29758.546821,2940914883,2940915992,15986,1109
29758.556328,2940922676,2940923792,15937,1116
29758.567862,2940930492,2940931597,16101,1105
29758.578384,2940938288,2940939405,15990,1117
29758.588327,2940946106,2940947217,15920,1111
29758.599421,2940953906,2940955021,15976,1115
29758.608328,2940961720,2940962836,15917,1116
29758.620329,2940969522,2940970637,15850,1115
29758.630983,2940977332,2940978443,15995,1111
29758.640328,2940985140,2940986245,15919,1105
29758.652015,2940992943,2940994053,15830,1110
29758.662542,2941000761,2941001869,15978,1108
29758.672333,2941008598,2941009706,16012,1108
29758.683575,2941016401,2941017512,15925,1111
29758.692330,2941024214,2941025323,16086,1109
29758.704329,2941032023,2941033133,15910,1110
29758.715136,2941039829,2941040930,15851,1101
29758.724328,2941047622,2941048728,15982,1106
29758.736181,2941055421,2941056531,15916,1110
29758.746696,2941063238,2941064354,15850,1116
29758.756336,2941071049,2941072157,16083,1108
29758.767743,2941078872,2941079980,15917,1108
29758.776329,2941086686,2941087801,15817,1115
29758.788329,2941094502,2941095611,15983,1109
29758.799302,2941102315,2941103429,15919,1114
29758.808329,2941110125,2941111232,15844,1107
29758.820329,2941117937,2941119046,16088,1109
29758.830863,2941125734,2941126850,16005,1116
29758.840331,2941133546,2941134656,15910,1110
29758.851901,2941141352,2941142457,16069,1105
29758.862422,2941149162,2941150279,15981,1117
29758.872333,2941156997,2941158112,15946,1115
29758.883461,2941164807,2941165915,16070,1108
29758.892327,2941172606,2941173715,15997,1109
29758.904332,2941180426,2941181526,15846,1100
29758.915020,2941188220,2941189324,15982,1104
29758.924327,2941196023,2941197130,15922,1107
29758.936054,2941203820,2941204926,15861,1106
29758.946582,2941211623,2941212729,16043,1106
29758.956335,2941219428,2941220541,16005,1113
29758.967615,2941227227,2941228336,15928,1109
29758.976328,2941235042,2941236162,16054,1120
29758.988332,2941242847,2941243959,16002,1112
29758.999175,2941250658,2941251772,15948,1114
29759.008328,2941258469,2941259580,16076,1111
29759.020221,2941266265,2941267379,16004,1114
29759.030736,2941274077,2941275196,15924,1119
29759.040329,2941281906,2941283017,16053,1111
29759.051780,2941289711,2941290816,16006,1105
29759.060335,2941297497,2941298608,15936,1111
29759.072330,2941305324,2941306440,16094,1116
29759.083343,2941313140,2941314247,16003,1107
29759.092331,2941320951,2941322055,15917,1104
29759.104330,2941328747,2941329857,16073,1110
29759.114902,2941336568,2941337673,15995,1105
29759.124334,2941344374,2941345483,15935,1109
29759.135942,2941352165,2941353281,16048,1116
29759.146464,2941359974,2941361089,15999,1115
29759.156328,2941367786,2941368896,15910,1110
29759.167501,2941375592,2941376705,16060,1113
29759.176329,2941383402,2941384509,16024,1107
29759.188329,2941391189,2941392295,15957,1106
29759.199063,2941398981,2941400096,16086,1115
29759.208330,2941406794,2941407903,16006,1109
29759.220095,2941414591,2941415701,15919,1110
29759.230622,2941422409,2941423511,15981,1102
29759.240335,2941430216,2941431331,15914,1115
29759.251655,2941438035,2941439142,15844,1107
29759.260327,2941445833,2941446951,16014,1118
29759.272329,2941453637,2941454748,15913,1111
29759.283216,2941461443,2941462556,15921,1113
29759.292333,2941469263,2941470372,16060,1109
29759.304261,2941477079,2941478190,16007,1111
29759.314776,2941484897,2941486006,15932,1109
29759.324327,2941492702,2941493819,16081,1117
29759.335823,2941500503,2941501610,16005,1107
29759.346336,2941508299,2941509410,15826,1111
29759.356333,2941516092,2941517200,15954,1108
29759.367382,2941523892,2941525012,15921,1120
29759.376331,2941531715,2941532824,15845,1109
29759.388334,2941539520,2941540631,15995,1111
29759.398944,2941547336,2941548449,15914,1113
29759.408328,2941555152,2941556258,15811,1106
29759.419981,2941562968,2941564074,15980,1106
29759.430502,2941570781,2941571891,15918,1110
29759.440334,2941578587,2941579698,15847,1111
29759.451543,2941586406,2941587516,15993,1110
29759.460331,2941594222,2941595337,15913,1115
29759.472328,2941602042,2941603154,15834,1112
29759.483102,2941609861,2941610980,16096,1119
29759.492328,2941617685,2941618795,16009,1110
29759.504135,2941625498,2941626610,15932,1112
29759.514666,2941633294,2941634395,16103,1101
29759.524327,2941641079,2941642185,16005,1106
29759.535695,2941648884,2941649994,15913,1110
29759.544333,2941656696,2941657805,16073,1109
29759.556329,2941664496,2941665601,16004,1105
29759.567255,2941672306,2941673421,15847,1115
29759.576333,2941680110,2941681216,16000,1106
29759.588303,2941687906,2941689010,15909,1104
29759.598816,2941695707,2941696814,15833,1107
29759.608331,2941703494,2941704609,15987,1115
29759.619862,2941711305,2941712419,15914,1114
29759.630377,2941719123,2941720224,15846,1101
29759.640330,2941726920,2941728034,15998,1114
29759.651423,2941734729,2941735843,15918,1114
29759.660332,2941742539,2941743656,15838,1117
29759.672332,2941750345,2941751452,15974,1107
29759.682982,2941758161,2941759274,15918,1113
29759.692330,2941765993,2941767107,15945,1114
29759.704021,2941773812,2941774925,16073,1113
29759.714544,2941781628,2941782734,16002,1106
29759.724335,2941789427,2941790536,15932,1109
29759.735580,2941797241,2941798346,16056,1105
29759.744330,2941805060,2941806178,16007,1118
29759.756329,2941812851,2941813966,15960,1115
29759.767142,2941820656,2941821765,16073,1109
29759.776327,2941828468,2941829573,16002,1105
29759.788174,2941836271,2941837380,15929,1109
29759.798701,2941844073,2941845187,16055,1114
29759.808335,2941851879,2941852983,16005,1104
29759.819735,2941859677,2941860792,15953,1115
29759.828332,2941867488,2941868589,16069,1101
29759.840333,2941875285,2941876400,16006,1115
29759.851296,2941883099,2941884205,15935,1106
29759.860327,2941890910,2941892030,16048,1120
29759.872328,2941898725,2941899833,16004,1108
29759.882859,2941906533,2941907644,15976,1111
29759.892327,2941914363,2941915472,15972,1109
29759.903901,2941922175,2941923282,15906,1107
29759.914416,2941929975,2941931076,15844,1101
29759.924331,2941937767,2941938873,15966,1106
29759.935461,2941945535,2941946640,15911,1105
29759.944329,2941953332,2941954437,15864,1105
29759.956331,2941961132,2941962240,15999,1108
29759.967022,2941968936,2941970044,15910,1108
29759.976332,2941976734,2941977840,15851,1106
29759.988060,2941984525,2941985639,15970,1114
29759.998581,2941992329,2941993445,15917,1116
29760.008328,2942000144,2942001259,15865,1115
29760.019621,2942007956,2942009063,15979,1107
29760.028334,2942015765,2942016863,15913,1098
29760.040327,2942023556,2942024669,15844,1113
29760.051181,2942031374,2942032486,15972,1112
29760.060332,2942039191,2942040305,15903,1114
29760.072215,2942046994,2942048103,15863,1109
29760.082743,2942054800,2942055916,15984,1116
29760.092331,2942062621,2942063735,15913,1114
29760.103774,2942070453,2942071565,15838,1112
29760.112329,2942078285,2942079386,15968,1101
29760.124331,2942086090,2942087204,15893,1114
29760.135336,2942093892,2942094996,15951,1104
29760.144330,2942101700,2942102814,16068,1114
29760.156330,2942109524,2942110635,15995,1111
29760.166896,2942117346,2942118448,15936,1102
29760.176333,2942125154,2942126262,16069,1108
29760.187940,2942132959,2942134071,16003,1112
29760.198456,2942140770,2942141882,15939,1112
29760.208332,2942148589,2942149706,16073,1117
29760.219502,2942156418,2942157526,16002,1108
29760.228328,2942164230,2942165332,15932,1102
29760.240328,2942172031,2942173138,15967,1107
29760.251060,2942179833,2942180945,15905,1112
29760.260330,2942187669,2942188781,15852,1112
29760.272101,2942195474,2942196583,15952,1109
29760.282623,2942203290,2942204403,15911,1113
29760.292329,2942211104,2942212208,15845,1104
29760.303660,2942218920,2942220027,16059,1107
29760.312330,2942226718,2942227813,15999,1095
29760.324336,2942234523,2942235635,15945,1112
29760.335222,2942242331,2942243443,16067,1112
29760.344333,2942250132,2942251241,15999,1109
29760.356255,2942257937,2942259051,15844,1114
29760.366781,2942265757,2942266871,15965,1114
29760.376328,2942273574,2942274690,15905,1116
29760.387815,2942281392,2942282495,15852,1103
29760.398343,2942289206,2942290312,15980,1106
29760.408328,2942297016,2942298128,15913,1112
29760.419378,2942304815,2942305933,15859,1118
29760.428328,2942312647,2942313748,15965,1101
29760.440333,2942320440,2942321545,15904,1105
29760.450935,2942328257,2942329364,15842,1107
29760.460330,2942336060,2942337168,15979,1108
29760.471981,2942343866,2942344980,15912,1114
29760.482496,2942351677,2942352791,15843,1114
29760.492328,2942359501,2942360604,15962,1103
29760.503542,2942367311,2942368420,15954,1109
29760.512328,2942375128,2942376241,15934,1113
29760.524329,2942382949,2942384055,16084,1106
29760.535105,2942390755,2942391862,16001,1107
29760.544333,2942398572,2942399681,15912,1109
29760.556141,2942406378,2942407492,16069,1114
29760.566663,2942414190,2942415293,15990,1103
29760.576329,2942421945,2942423047,15932,1102
29760.587703,2942429745,2942430847,16085,1102
29760.596335,2942437538,2942438654,15995,1116
29760.608330,2942445358,2942446465,15912,1107
29760.619262,2942453166,2942454277,16067,1111
29760.628327,2942460983,2942462084,16001,1101
29760.640294,2942468787,2942469892,15929,1105
29760.650824,2942476591,2942477700,16095,1109
29760.660328,2942484393,2942485497,16002,1104
29760.671855,2942492183,2942493295,15917,1112
29760.682383,2942499983,2942501092,16067,1109
29760.692334,2942507780,2942508887,15902,1107
29760.703416,2942515585,2942516688,15844,1103
29760.712331,2942523409,2942524525,16070,1116
29760.724329,2942531219,2942532332,15997,1113
29760.734976,2942539033,2942540142,15934,1109
29760.744330,2942546850,2942547959,16047,1109
29760.756020,2942554665,2942555771,16007,1106
29760.766536,2942562477,2942563583,15944,1106
29760.776330,2942570296,2942571408,16070,1112
29760.787582,2942578113,2942579231,16003,1118
29760.796332,2942585936,2942587045,15915,1109
29760.808328,2942593746,2942594852,16047,1106
29760.819141,2942601556,2942602665,16001,1109
29760.828330,2942609368,2942610471,15947,1103
29760.840182,2942617176,2942618280,16069,1104
29760.850702,2942624981,2942626090,15995,1109
29760.860327,2942632802,2942633919,15933,1117
29760.871740,2942640618,2942641721,15963,1103
29760.880328,2942648433,2942649545,15910,1112
29760.892328,2942656249,2942657351,15856,1102
29760.903302,2942664042,2942665149,15984,1107
29760.912330,2942671867,2942672974,16013,1107
29760.924329,2942679692,2942680801,15917,1109
29760.934864,2942687512,2942688621,15977,1109
29760.944327,2942695327,2942696429,15911,1102
29760.955896,2942703139,2942704247,15845,1108
29760.966425,2942710939,2942712048,15997,1109
29760.976336,2942718753,2942719860,15910,1107
29760.987456,2942726561,2942727664,15827,1103
29760.996330,2942734360,2942735467,15987,1107
29761.008330,2942742182,2942743298,15912,1116
29761.019016,2942749996,2942751103,15843,1107
29761.028327,2942757805,2942758907,15992,1102
29761.040063,2942765594,2942766697,15914,1103
29761.050577,2942773405,2942774517,15818,1112
29761.060327,2942781213,2942782323,15967,1110
29761.071622,2942788998,2942790100,15915,1102
29761.080332,2942796813,2942797922,15844,1109
29761.092333,2942804627,2942805741,15999,1114
29761.103184,2942812440,2942813547,15913,1107
29761.112331,2942820252,2942821359,15829,1107
29761.124220,2942828072,2942829186,15967,1114
29761.134741,2942835854,2942836961,15909,1107
29761.144329,2942843649,2942844755,15844,1106
29761.155782,2942851451,2942852561,15979,1110
29761.164332,2942859249,2942860364,15842,1115
29761.176334,2942867055,2942868158,15931,1103
29761.187342,2942874803,2942875920,16056,1117
29761.196329,2942882599,2942883712,15947,1113
29761.208336,2942890388,2942891491,16020,1103
29761.218905,2942898151,2942899259,16079,1108
29761.228332,2942905964,2942907070,15924,1106
29761.239938,2942913771,2942914874,16024,1103
29761.250463,2942921548,2942922660,16024,1112
29761.260332,2942929351,2942930453,15960,1102
29761.271498,2942937152,2942938259,16019,1107
29761.280332,2942944913,2942946011,16061,1098
29761.292328,2942952709,2942953812,16001,1103
29761.303059,2942960502,2942961614,16022,1112
29761.312335,2942968274,2942969386,16054,1112
29761.324095,2942976068,2942977181,15839,1113
29761.334619,2942983866,2942984975,15940,1109
29761.344329,2942991642,2942992750,15984,1108
29761.355657,2942999455,2943000572,15818,1117
29761.364330,2943007255,2943008358,15941,1103
29761.376329,2943015018,2943016123,15985,1105
29761.387216,2943022802,2943023904,15833,1102
29761.396329,2943030591,2943031700,15952,1109
29761.408263,2943038364,2943039468,15986,1104
29761.418777,2943046167,2943047274,15828,1107
29761.428327,2943053968,2943055070,15938,1102
29761.439824,2943061739,2943062846,15981,1107
29761.450337,2943069543,2943070647,15826,1104
29761.460329,2943077351,2943078457,15937,1106
29761.471385,2943085112,2943086214,15971,1102
29761.480327,2943092911,2943094023,15826,1112
29761.492333,2943100714,2943101817,15847,1103
29761.502945,2943108508,2943109625,15967,1117
29761.512330,2943116322,2943117432,15829,1110
29761.523973,2943124130,2943125239,15916,1109
29761.534504,2943131897,2943133004,15945,1107
29761.544330,2943139719,2943140826,15843,1107
29761.555539,2943147534,2943148645,15938,1111
29761.564328,2943155291,2943156403,15980,1112
29761.576333,2943163106,2943164210,15809,1104
29761.587099,2943170900,2943172013,15939,1113
29761.596328,2943178664,2943179781,15952,1117
29761.608136,2943186483,2943187590,15830,1107
29761.618659,2943194287,2943195401,15935,1114
29761.628328,2943202064,2943203166,15982,1102
29761.639703,2943209856,2943210964,15905,1108
29761.648328,2943217652,2943218754,15936,1102
29761.660328,2943225424,2943226524,15982,1100
29761.671257,2943233214,2943234319,15824,1105
29761.680334,2943241026,2943242138,15937,1112
29761.692304,2943248794,2943249901,15982,1107
29761.702816,2943256600,2943257709,15809,1109
29761.712327,2943264378,2943265481,15940,1103
29761.723864,2943272144,2943273256,15988,1112
29761.734381,2943279969,2943281073,15854,1104
29761.744328,2943287786,2943288889,15955,1103
29761.755425,2943295553,2943296657,15986,1104
29761.764328,2943303344,2943304447,15830,1103
29761.776331,2943311160,2943312262,15930,1102
29761.786985,2943318958,2943320072,15967,1114
29761.796330,2943326781,2943327899,15828,1118
29761.808019,2943334585,2943335698,15938,1113
29761.818545,2943342360,2943343467,15980,1107
29761.828335,2943350159,2943351255,15832,1096
29761.839584,2943357945,2943359058,15910,1113
29761.848335,2943365753,2943366867,15915,1114
29761.860328,2943373563,2943374670,15828,1107
29761.871143,2943381347,2943382460,15973,1113
29761.880327,2943389161,2943390269,15907,1108
29761.892175,2943396983,2943398095,15826,1112
29761.902699,2943404796,2943405909,15932,1113
29761.912331,2943412572,2943413684,15987,1112
29761.923736,2943420378,2943421486,15828,1108
29761.932330,2943428192,2943429295,15931,1103
29761.944330,2943435950,2943437054,15948,1104
29761.955296,2943443755,2943444871,15830,1116
29761.964332,2943451572,2943452679,15937,1107
29761.976328,2943459333,2943460441,15976,1108
29761.986864,2943467148,2943468257,15907,1109
29761.996328,2943474936,2943476049,15939,1113
29762.007904,2943482718,2943483826,15981,1108
29762.018418,2943490529,2943491638,15818,1109
29762.028330,2943498358,2943499459,15937,1101
29762.039465,2943506114,2943507217,15979,1103
29762.048328,2943513915,2943515019,15825,1104
29762.060330,2943521714,2943522816,15941,1102
29762.071025,2943529481,2943530587,15977,1106
29762.080328,2943537280,2943538391,15862,1111
29762.092060,2943545089,2943546206,15955,1117
29762.102585,2943552864,2943553976,15984,1112
29762.112330,2943560676,2943561788,15833,1112
29762.123619,2943568494,2943569601,15941,1107
29762.132331,2943576266,2943577378,15984,1112
29762.144328,2943584088,2943585194,15919,1106
29762.155179,2943591877,2943592984,16017,1107
29762.164333,2943599649,2943600756,16067,1107
29762.176216,2943607451,2943608563,15919,1112
29762.186739,2943615251,2943616351,15931,1100
29762.196332,2943623022,2943624139,16053,1117
29762.207776,2943630843,2943631952,15910,1109
29762.216334,2943638624,2943639733,16001,1109
29762.228329,2943646389,2943647490,16071,1101
29762.239337,2943654160,2943655258,15930,1098
29762.248328,2943661948,2943663057,16028,1109
29762.260329,2943669721,2943670835,16071,1114
29762.270897,2943677540,2943678647,15913,1107
29762.280332,2943685336,2943686442,16021,1106
29762.291945,2943693102,2943694206,16039,1104
29762.302457,2943700897,2943702003,15918,1106
29762.312332,2943708712,2943709823,16026,1111
29762.323505,2943716495,2943717607,16069,1112
29762.332327,2943724306,2943725419,15998,1113
29762.344330,2943731984,2943733084,15940,1100
29762.355065,2943739780,2943740884,15965,1104
29762.364330,2943747576,2943748688,15827,1112
29762.376099,2943755379,2943756486,15934,1107
29762.386624,2943763170,2943764282,15966,1112
29762.396327,2943770963,2943772069,15828,1106
29762.407659,2943778746,2943779849,15937,1103
29762.416337,2943786494,2943787602,16066,1108
29762.428330,2943794288,2943795388,15907,1100
29762.439221,2943802083,2943803185,16031,1102
29762.448328,2943809828,2943810934,16074,1106
29762.460256,2943817632,2943818735,15911,1103
29762.470780,2943825441,2943826550,16026,1109
29762.480332,2943833213,2943834322,16071,1109
29762.491816,2943841023,2943842137,15918,1114
29762.502340,2943848822,2943849927,16026,1105
29762.512333,2943856585,2943857696,16069,1111
29762.523378,2943864398,2943865510,15917,1112
29762.532333,2943872212,2943873320,15932,1108
29762.544329,2943880029,2943881137,15996,1108
29762.554937,2943887840,2943888942,15825,1102
29762.564328,2943895629,2943896732,15938,1103
29762.575984,2943903436,2943904534,15956,1098
29762.586498,2943911236,2943912343,15843,1107
29762.596331,2943919036,2943920146,15883,1110
29762.607545,2943926807,2943927921,15987,1114
29762.616335,2943934610,2943935716,15828,1106
29762.628331,2943942427,2943943528,15939,1101
29762.639105,2943950182,2943951286,15948,1104
29762.648332,2943957963,2943959077,15829,1114
29762.660138,2943965766,2943966869,15909,1103
29762.670666,2943973526,2943974634,15982,1108
29762.680334,2943981317,2943982429,15911,1112
29762.691699,2943989124,2943990232,15940,1108
29762.700331,2943996868,2943997976,15983,1108
29762.712329,2944004673,2944005784,15820,1111
29762.723259,2944012483,2944013589,15934,1106
29762.732329,2944020267,2944021381,15971,1114
29762.744296,2944028093,2944029206,15834,1113
29762.754822,2944035893,2944037002,15901,1109
29762.764332,2944043667,2944044781,16068,1114
29762.775857,2944051485,2944052595,15924,1110
29762.786382,2944059277,2944060387,16048,1110
29762.796331,2944067077,2944068187,16045,1110
29762.807417,2944074878,2944075985,15912,1107
29762.816328,2944082665,2944083774,16020,1109
29762.828336,2944090431,2944091537,16059,1106
29762.838977,2944098241,2944099349,15918,1108
29762.848329,2944106045,2944107147,16027,1102
29762.860025,2944113805,2944114918,16071,1113
29762.870538,2944121592,2944122696,15909,1104
29762.880332,2944129386,2944130493,15934,1107
29762.891585,2944137192,2944138297,16054,1105
29762.900328,2944144989,2944146092,15916,1103
29762.912334,2944152784,2944153889,16026,1105
29762.923145,2944160548,2944161656,16069,1108
29762.932327,2944168355,2944169460,15928,1105
29762.944179,2944176158,2944177264,16025,1106
29762.954707,2944183924,2944185036,15986,1112
29762.964332,2944191725,2944192833,15801,1108
29762.975739,2944199523,2944200626,15936,1103
29762.984330,2944207277,2944208385,15976,1108
29762.996329,2944215086,2944216199,15830,1113
29763.007297,2944222885,2944223992,15884,1107
29763.016331,2944230661,2944231773,15974,1112
29763.028327,2944238466,2944239576,15914,1110
29763.038858,2944246278,2944247387,15882,1109
29763.048335,2944254040,2944255148,15981,1108
29763.059899,2944261831,2944262943,15852,1112
29763.070420,2944269639,2944270746,15936,1107
29763.080329,2944277421,2944278538,15987,1117
29763.091457,2944285229,2944286326,15826,1097
29763.100328,2944293017,2944294125,15910,1108
29763.112334,2944300774,2944301891,15984,1117
29763.123018,2944308588,2944309705,15832,1117
29763.132334,2944316395,2944317507,15956,1112
29763.144065,2944324166,2944325274,15982,1108
29763.156075,2944333024,2944334128,15852,1104
29763.166608,2944340835,2944341937,15967,1102
29763.176336,2944348617,2944349728,15895,1111
29763.187642,2944356431,2944357534,15937,1103
29763.196335,2944364196,2944365299,15980,1103
29763.208336,2944371985,2944373088,15836,1103
29763.219203,2944379768,2944380876,15902,1108
29763.228332,2944387544,2944388657,15987,1113
29763.240239,2944395365,2944396473,15826,1108
29763.250763,2944403176,2944404278,15941,1102
29763.260328,2944410925,2944412030,15974,1105
29763.271799,2944418725,2944419832,15829,1107
29763.280332,2944426528,2944427630,15949,1102
29763.292332,2944434278,2944435388,15985,1110
29763.303360,2944442080,2944443184,15827,1104
29763.312332,2944449865,2944450969,15940,1104
29763.324330,2944457626,2944458733,15975,1107
29763.334921,2944465424,2944466532,15837,1108
29763.344328,2944473213,2944474317,15938,1104
29763.355968,2944480977,2944482084,15982,1107
29763.366481,2944488790,2944489897,15830,1107
29763.376328,2944496585,2944497693,15847,1108
29763.387528,2944504381,2944505484,15981,1103
29763.396329,2944512179,2944513286,15824,1107
29763.408328,2944519967,2944521070,15936,1103
29763.419089,2944527714,2944528816,15987,1102
29763.428330,2944535482,2944536587,15844,1105
29763.440122,2944543263,2944544370,15939,1107
29763.450649,2944551025,2944552138,15988,1113
29763.460332,2944558839,2944559935,15830,1096
29763.471683,2944566629,2944567738,15939,1109
29763.480333,2944574425,2944575537,15944,1112
29763.492329,2944582242,2944583352,15829,1110
29763.503243,2944590050,2944591153,15937,1103
29763.512333,2944597828,2944598935,15984,1107
29763.524287,2944605626,2944606738,15899,1112
29763.534803,2944613435,2944614537,15927,1102
29763.544331,2944621188,2944622293,15987,1105
29763.555840,2944629003,2944630106,15820,1103
29763.566364,2944636808,2944637912,15939,1104
29763.576330,2944644577,2944645677,15982,1100
29763.587400,2944652371,2944653479,15832,1108
29763.596330,2944660173,2944661286,15932,1113
29763.608327,2944667964,2944669071,15960,1107
29763.618963,2944675747,2944676854,15858,1107
29763.628330,2944683566,2944684671,15959,1105
29763.640008,2944691340,2944692449,15980,1109
29763.650521,2944699134,2944700237,15822,1103
29763.660333,2944706920,2944708017,15936,1097
29763.671568,2944714669,2944715774,15982,1105
29763.680333,2944722472,2944723574,15828,1102
29763.692328,2944730265,2944731365,15935,1100
29763.703129,2944738010,2944739112,15982,1102
29763.712331,2944745811,2944746923,15832,1112
29763.724161,2944753603,2944754706,15844,1103
29763.734689,2944761382,2944762489,15963,1107
29763.744335,2944769173,2944770285,15830,1112
29763.755722,2944776983,2944778095,15937,1112
29763.764328,2944784742,2944785845,15977,1103
29763.776328,2944792535,2944793635,15842,1100
29763.787283,2944800352,2944801450,15937,1098
29763.796328,2944808104,2944809215,16079,1111
29763.808319,2944815905,2944817019,15915,1114
29763.818843,2944823710,2944824813,16026,1103
29763.828328,2944831472,2944832580,16036,1108
29763.839880,2944839290,2944840395,15918,1105
29763.850404,2944847086,2944848189,16026,1103
29763.860334,2944854900,2944856004,16053,1104
29763.871448,2944862705,2944863814,15984,1109
29763.880336,2944870497,2944871609,16017,1112
29763.892328,2944878260,2944879364,16070,1104
29763.903001,2944886049,2944887153,15918,1104
29763.912328,2944893838,2944894936,16030,1098
29763.924048,2944901594,2944902706,16069,1112
29763.934561,2944909396,2944910498,15916,1102
29763.944327,2944917184,2944918297,16031,1113
29763.955608,2944924932,2944926040,16028,1108
29763.964328,2944932733,2944933845,15922,1112
29763.976331,2944940558,2944941659,15949,1101
29763.987168,2944948307,2944949419,16059,1112
29763.996327,2944956126,2944957233,15929,1107
29764.008204,2944963928,2944965035,16025,1107
29764.018728,2944971691,2944972794,16052,1103
29764.028329,2944979489,2944980604,15955,1115
29764.039763,2944987304,2944988410,16023,1106
29764.048327,2944995053,2944996161,16056,1108
29764.060328,2945002864,2945003971,15931,1107
29764.071322,2945010670,2945011783,15950,1113
29764.080330,2945018480,2945019578,16037,1098
29764.092329,2945026282,2945027389,15957,1107
29764.102883,2945034090,2945035197,16026,1107
29764.112329,2945041839,2945042948,16057,1109
29764.123920,2945049644,2945050753,15944,1109
29764.134444,2945057452,2945058554,16020,1102
29764.144329,2945065243,2945066348,16024,1105
29764.155481,2945073036,2945074144,15935,1108
29764.164331,2945080847,2945081959,16022,1112
29764.176337,2945088626,2945089727,16026,1101
29764.187041,2945096428,2945097536,15918,1108
29764.196328,2945104236,2945105344,16027,1108
29764.208086,2945112004,2945113116,16059,1112
29764.218608,2945119818,2945120916,15994,1098
29764.228329,2945127607,2945128714,16027,1107
29764.239647,2945135377,2945136491,16059,1114
29764.248329,2945143178,2945144290,15929,1112
29764.260328,2945150986,2945152082,16019,1096
29764.271207,2945158747,2945159854,16054,1107
29764.280327,2945166539,2945167639,15926,1100
29764.292243,2945174320,2945175418,16028,1098
29764.302768,2945182061,2945183179,16058,1118
29764.312329,2945189872,2945190979,15929,1107
29764.323804,2945197670,2945198778,16035,1108
29764.332328,2945205426,2945206535,16058,1109
29764.344331,2945213208,2945214316,15930,1108
29764.355364,2945221019,2945222125,16022,1106
29764.364330,2945228823,2945229927,16041,1104
29764.376331,2945236620,2945237718,15927,1098
29764.386924,2945244423,2945245539,15935,1116
29764.396329,2945252243,2945253357,15953,1114
29764.407960,2945260061,2945261169,15845,1108
29764.418482,2945267864,2945268976,15853,1112
29764.428329,2945275668,2945276773,15957,1105
29764.439520,2945283469,2945284585,15840,1116
29764.448328,2945291261,2945292373,15882,1112
29764.460331,2945299031,2945300142,15975,1111
29764.471081,2945306829,2945307934,15854,1105
29764.480328,2945314644,2945315747,15925,1103
29764.492127,2945322420,2945323531,15972,1111
29764.502644,2945330210,2945331318,15870,1108
29764.512327,2945338004,2945339111,15937,1107
29764.523689,2945345771,2945346873,15922,1102
29764.532336,2945353551,2945354665,15869,1114
29764.544335,2945361362,2945362468,15881,1106
29764.555249,2945369112,2945370219,15980,1107
29764.564339,2945376914,2945378027,15909,1113
29764.576283,2945384729,2945385830,15932,1101
29764.586808,2945392522,2945393631,16010,1109
29764.596333,2945400328,2945401431,15842,1103
29764.607843,2945408111,2945409218,15898,1107
29764.618368,2945415866,2945416974,15971,1108
29764.628328,2945423653,2945424761,15839,1108
29764.639403,2945431434,2945432542,15943,1108
29764.648328,2945439222,2945440322,15949,1100
29764.660328,2945447019,2945448130,15846,1111
29764.670965,2945454837,2945455943,15957,1106
29764.680329,2945462606,2945463718,15969,1112
29764.692000,2945470427,2945471532,15842,1105
29764.702524,2945478226,2945479333,15914,1107
29764.712337,2945485991,2945487105,15968,1114
29764.723560,2945493805,2945494912,15840,1107
29764.732330,2945501615,2945502724,15935,1109
29764.744334,2945509390,2945510493,15968,1103
29764.755121,2945517192,2945518300,15845,1108
29764.764333,2945525002,2945526114,15853,1112
29764.776167,2945532818,2945533924,15955,1106
29764.786675,2945540597,2945541710,15753,1113
29764.796330,2945548411,2945549514,15937,1103
29764.807729,2945556185,2945557292,16070,1107
29764.816334,2945563980,2945565089,15926,1109
29764.828327,2945571785,2945572899,16028,1114
29764.839289,2945579535,2945580649,16071,1114
29764.848329,2945587339,2945588445,15908,1106
29764.860322,2945595132,2945596244,16022,1112
29764.870850,2945602905,2945604007,16041,1102
29764.880336,2945610702,2945611802,15912,1100
29764.891882,2945618497,2945619604,16027,1107
29764.902410,2945626262,2945627377,16073,1115
29764.912328,2945634071,2945635183,15997,1112
29764.923444,2945641877,2945642980,16020,1103
29764.932327,2945649633,2945650744,16068,1111
29764.944328,2945657443,2945658551,15916,1108
29764.955004,2945665251,2945666360,16028,1109
29764.964330,2945673017,2945674119,16070,1102
29764.976041,2945680820,2945681927,15916,1107
29764.986565,2945688629,2945689731,16028,1102
29764.996330,2945696387,2945697498,15950,1111
29765.007601,2945704202,2945705305,15831,1103
29765.016331,2945711976,2945713083,15901,1107
29765.028329,2945719753,2945720862,16071,1109
29765.039161,2945727561,2945728669,15908,1108
29765.048329,2945735356,2945736468,15992,1112
29765.060209,2945743136,2945744247,16074,1111
29765.070725,2945750939,2945752048,15950,1109
29765.080328,2945758749,2945759848,16026,1099
29765.091770,2945766491,2945767596,16075,1105
29765.100331,2945774297,2945775401,15916,1104
29765.112328,2945782099,2945783210,15931,1111
29765.123329,2945789899,2945791006,16052,1107
29765.132331,2945797708,2945798815,15915,1107
29765.144330,2945805515,2945806622,16025,1107
29765.154891,2945813295,2945814403,16068,1108
29765.164326,2945821111,2945822215,15926,1104
29765.175925,2945828915,2945830012,15992,1097
29765.186450,2945836711,2945837814,16041,1103
29765.196334,2945844510,2945845609,15909,1099
29765.207484,2945852295,2945853402,16026,1107
29765.216329,2945860037,2945861149,16041,1112
29765.228331,2945867827,2945868925,15921,1098
29765.239043,2945875605,2945876707,16022,1102
29765.248334,2945883361,2945884464,16072,1103
29765.260088,2945891177,2945892284,15996,1107
29765.270604,2945898987,2945900085,16027,1098
29765.280331,2945906745,2945907843,16073,1098
29765.291641,2945914535,2945915644,15913,1109
29765.300332,2945922352,2945923459,16023,1107
29765.312333,2945930124,2945931226,16069,1102
29765.323202,2945937928,2945939035,15913,1107
29765.332328,2945945727,2945946829,16024,1102
29765.344248,2945953517,2945954621,16054,1104
29765.354762,2945961328,2945962437,15918,1109
29765.364331,2945969129,2945970232,16043,1103
29765.375809,2945976891,2945977990,16069,1099
29765.384331,2945984692,2945985804,15914,1112
29765.396329,2945992493,2945993591,16023,1098
29765.407370,2946000261,2946001370,15988,1109
29765.416331,2946008064,2946009171,15828,1107
29765.428333,2946015864,2946016971,15938,1107
29765.438930,2946023635,2946024738,15984,1103
29765.448328,2946031416,2946032524,15831,1108
29765.459962,2946039219,2946040324,15846,1105
29765.470490,2946047032,2946048138,15963,1106
29765.480328,2946054842,2946055950,15813,1108
29765.491524,2946062630,2946063738,15935,1108
29765.500330,2946070407,2946071519,15984,1112
29765.512329,2946078202,2946079319,15871,1117
29765.523084,2946086015,2946087128,15938,1113
29765.532330,2946093769,2946094878,15983,1109
29765.544121,2946101549,2946102659,15832,1110
29765.554645,2946109353,2946110451,15937,1098
29765.564327,2946117091,2946118198,15953,1107
29765.575681,2946124882,2946125979,15831,1097
29765.584327,2946132680,2946133787,15940,1107
29765.596331,2946140479,2946141584,15961,1105
29765.607249,2946148287,2946149395,15907,1108
29765.616331,2946156093,2946157202,15940,1109
29765.628290,2946163856,2946164961,16067,1105
29765.638802,2946171655,2946172763,15917,1108
29765.648329,2946179453,2946180560,16021,1107
29765.659849,2946187207,2946188319,16070,1112
29765.670365,2946195014,2946196116,15943,1102
29765.680327,2946202784,2946203892,15997,1108
29765.691410,2946210540,2946211643,16073,1103
29765.700330,2946218328,2946219430,15915,1102
29765.712327,2946226127,2946227234,16028,1107
29765.722970,2946233896,2946235003,16074,1107
29765.732327,2946241697,2946242804,15917,1107
29765.744004,2946249485,2946250598,16029,1113
29765.754530,2946257290,2946258407,16060,1117
29765.764328,2946265104,2946266215,15914,1111
29765.775564,2946272917,2946274015,16028,1098
29765.784329,2946280677,2946281789,16070,1112
29765.796328,2946288469,2946289577,15916,1108
29765.807120,2946296273,2946297383,15798,1110
29765.816332,2946304091,2946305196,15967,1105
29765.828161,2946311885,2946313002,15816,1117
29765.838684,2946319705,2946320812,15938,1107
29765.848329,2946327483,2946328597,15976,1114
29765.859721,2946335284,2946336390,15843,1106
29765.868328,2946343084,2946344182,15931,1098
29765.880334,2946350853,2946351967,15980,1114
29765.891282,2946358667,2946359775,15829,1108
29765.900331,2946366458,2946367561,15882,1103
29765.912329,2946374217,2946375321,15955,1104
29765.922842,2946382007,2946383107,15827,1100
29765.932329,2946389786,2946390898,15934,1112
29765.943890,2946397546,2946398660,15985,1114
29765.954410,2946405358,2946406470,15902,1112
29765.964329,2946413186,2946414289,15935,1103
29765.975450,2946420963,2946422059,15972,1096
29765.984330,2946428747,2946429850,15830,1103
29765.996331,2946436560,2946437672,15933,1112
29766.007010,2946444333,2946445442,15976,1109
29766.016329,2946452155,2946453268,15831,1113
29766.028041,2946459957,2946461059,15885,1102
29766.038571,2946467701,2946468808,15987,1107
29766.048327,2946475481,2946476588,15820,1107
29766.059605,2946483287,2946484394,15949,1107
29766.068329,2946491074,2946492177,15979,1103
29766.080335,2946498880,2946499986,15831,1106
29766.091164,2946506688,2946507787,15936,1099
29766.100331,2946514458,2946515566,15975,1108
29766.112201,2946522256,2946523364,15828,1108
29766.122725,2946530054,2946531166,15940,1112
29766.132332,2946537834,2946538934,15975,1100
29766.143764,2946545604,2946546718,15903,1114
29766.152331,2946553428,2946554530,15843,1102
29766.164335,2946561229,2946562336,15955,1107
29766.184333,2946570625,2946571239,11977,614
29766.196333,2946574587,2946575211,12089,624
29766.206890,2946581461,2946582610,16319,1149
29766.216328,2946589956,2946591115,16244,1159
29766.227928,2946598397,2946599585,16390,1188
29766.238449,2946607276,2946608464,16303,1188
29766.248327,2946615958,2946617145,16249,1187
29766.259489,2946624607,2946625769,16403,1162
29766.268330,2946633612,2946634809,16316,1197
29766.280330,2946642646,2946643829,16250,1183
29766.291049,2946651693,2946652884,16390,1191
29766.300332,2946660856,2946662043,16320,1187
29766.312081,2946669988,2946671180,16229,1192
29766.322611,2946679046,2946680238,16400,1192
29766.332328,2946688160,2946689358,16319,1198
29766.343642,2946697302,2946698500,16252,1198
29766.352331,2946706393,2946707580,16421,1187
29766.364329,2946715493,2946716680,16322,1187
29766.375202,2946724598,2946725783,16231,1185
29766.384330,2946733810,2946735007,16385,1197
29766.396249,2946742928,2946744117,16320,1189
29766.406762,2946752160,2946753352,16253,1192
29766.416330,2946761224,2946762418,16404,1194
29766.427809,2946770153,2946771345,16324,1192
29766.436328,2946779060,2946780243,16227,1183
29766.448328,2946788188,2946789375,16382,1187
29766.459370,2946797375,2946798565,16311,1190
29766.468329,2946806462,2946807640,16232,1178
29766.480329,2946815430,2946816618,16403,1188
29766.490931,2946824281,2946825465,16319,1184
29766.500328,2946833358,2946834550,16224,1192
29766.511968,2946842446,2946843633,16388,1187
29766.522490,2946851662,2946852851,16327,1189
29766.532330,2946860670,2946861858,16237,1188
29766.543529,2946869749,2946870947,16397,1198
29766.552331,2946878849,2946880038,16314,1189
29766.564328,2946887966,2946889158,16227,1192
29766.575089,2946896953,2946898129,16385,1176
29766.584333,2946906127,2946907319,16325,1192
29766.596122,2946915090,2946916281,16251,1191
29766.606650,2946924226,2946925415,16395,1189
29766.616332,2946933382,2946934569,16320,1187
29766.627683,2946942484,2946943676,16225,1192
29766.636328,2946951672,2946952864,16386,1192
29766.648328,2946960797,2946961986,16320,1189
29766.659242,2946969935,2946971126,16252,1191
29766.668331,2946979034,2946980223,16405,1189
29766.680288,2946985657,2946986770,15847,1113
29766.690803,2946993473,2946994572,15845,1099
29766.700331,2947001274,2947002381,16007,1107
29766.711849,2947009087,2947010196,15914,1109
29766.722363,2947016910,2947018013,15828,1103
29766.732332,2947024725,2947025832,15980,1107
29766.743409,2947032548,2947033657,15918,1109
29766.752331,2947040360,2947041472,15843,1112
29766.764333,2947048177,2947049291,15997,1114
29766.774971,2947056006,2947057106,15918,1100
29766.784329,2947063820,2947064933,15831,1113
29766.796010,2947071642,2947072748,15978,1106
29766.806530,2947079467,2947080585,15922,1118
29766.816327,2947087292,2947088404,15839,1112
29766.827570,2947095108,2947096213,16003,1105
29766.836329,2947102926,2947104042,15923,1116
29766.848336,2947110722,2947111822,15815,1100
29766.859129,2947118500,2947119607,15973,1107
29766.868328,2947126306,2947127414,15916,1108
29766.880162,2947134103,2947135211,15843,1108
29766.890691,2947141909,2947143015,15968,1106
29766.900330,2947149725,2947150832,15916,1107
29766.911722,2947157529,2947158637,15823,1108
29766.920331,2947165346,2947166458,15981,1112
29766.932328,2947173160,2947174264,15914,1104
29766.943283,2947180976,2947182083,15846,1107
29766.952330,2947188776,2947189890,15967,1114
29766.964329,2947196579,2947197683,15913,1104
29766.974843,2947204389,2947205488,15826,1099
29766.984328,2947212174,2947213291,15981,1117
29766.995888,2947219984,2947221093,15914,1109
29767.006403,2947227787,2947228890,15841,1103
29767.016332,2947235580,2947236692,15997,1112
29767.027450,2947243392,2947244506,15892,1114
29767.036330,2947251223,2947252327,15830,1104
29767.048327,2947259018,2947260132,15994,1114
29767.059009,2947266849,2947267957,15914,1108
29767.068330,2947274667,2947275776,15845,1109
29767.080049,2947282472,2947283580,15992,1108
29767.090571,2947290282,2947291396,15905,1114
29767.100332,2947298085,2947299197,15834,1112
29767.111608,2947305892,2947307004,15977,1112
29767.120327,2947313696,2947314807,15915,1111
29767.132330,2947321508,2947322612,15837,1104
29767.143170,2947329319,2947330429,15977,1110
29767.152328,2947337134,2947338241,15917,1107
29767.164202,2947344936,2947346038,15830,1102
29767.174730,2947352729,2947353839,15976,1110
29767.184328,2947360536,2947361630,15913,1094
29767.195760,2947368323,2947369432,15916,1109
29767.204333,2947376138,2947377255,16080,1117
29767.216333,2947383961,2947385073,16003,1112
29767.227323,2947391767,2947392867,15900,1100
29767.236332,2947399560,2947400665,15965,1105
29767.248333,2947407365,2947408477,15914,1112
29767.258883,2947415197,2947416308,15945,1111
29767.268330,2947423011,2947424118,16065,1107
29767.279928,2947430830,2947431937,16003,1107
29767.290444,2947438639,2947439752,15925,1113
29767.300337,2947446464,2947447567,15964,1103
29767.311487,2947454272,2947455379,15914,1107
29767.320327,2947462076,2947463179,15858,1103
29767.332332,2947469880,2947470989,15975,1109
29767.343049,2947477696,2947478810,15896,1114
29767.352334,2947485523,2947486626,15843,1103
29767.364087,2947493332,2947494444,15966,1112
29767.374609,2947501141,2947502252,15908,1111
29767.384327,2947508960,2947510074,15853,1114
29767.395649,2947516769,2947517877,15995,1108
29767.404327,2947524572,2947525681,15912,1109
29767.416329,2947532361,2947533469,15873,1108
29767.427207,2947540157,2947541263,15964,1106
29767.436329,2947547953,2947549060,15914,1107
29767.448242,2947555765,2947556868,15862,1103
29767.458769,2947563548,2947564656,15969,1108
29767.468331,2947571372,2947572489,15915,1117
29767.479802,2947579179,2947580279,15842,1100
29767.488328,2947586985,2947588091,15962,1106
29767.500336,2947594785,2947595898,16008,1113
29767.511362,2947602598,2947603710,15938,1112
29767.520329,2947610395,2947611502,16073,1107
29767.532333,2947618203,2947619305,16000,1102
29767.542922,2947626007,2947627119,15913,1112
29767.552328,2947633821,2947634924,16057,1103
29767.563967,2947641611,2947642719,16001,1108
29767.574484,2947649423,2947650534,15943,1111
29767.584332,2947657244,2947658356,16059,1112
29767.595528,2947665049,2947666158,16001,1109
29767.604333,2947672850,2947673964,15846,1114
29767.616327,2947680661,2947681768,15964,1107
29767.627088,2947688461,2947689568,15910,1107
29767.636329,2947696263,2947697366,15853,1103
29767.648129,2947704011,2947705121,15974,1110
29767.658650,2947711826,2947712943,15914,1117
29767.668328,2947719657,2947720765,15817,1108
29767.679687,2947727467,2947728575,15966,1108
29767.688327,2947735256,2947736358,15906,1102
29767.700329,2947743056,2947744168,15888,1112
29767.711249,2947750874,2947751986,15985,1112
29767.720334,2947758690,2947759803,15913,1113
29767.732283,2947766487,2947767595,15843,1108
29767.742808,2947774286,2947775393,15942,1107
29767.752331,2947782085,2947783187,15911,1102
29767.763842,2947789871,2947790976,15858,1105
29767.774370,2947797674,2947798789,15980,1115
29767.784327,2947805486,2947806595,15991,1109
29767.795403,2947813296,2947814399,15930,1103
29767.804336,2947821111,2947822225,16050,1114
29767.816329,2947828926,2947830044,15751,1118
29767.826963,2947836764,2947837877,15857,1113
29767.836327,2947844591,2947845704,15979,1113
29767.848009,2947852339,2947853453,15909,1114
29767.858524,2947860152,2947861265,15846,1113
29767.868330,2947867980,2947869091,15952,1111
29767.879568,2947875797,2947876910,15909,1113
29767.888333,2947883617,2947884725,15839,1108
29767.900331,2947891432,2947892548,15979,1116
29767.911129,2947899259,2947900365,15914,1106
29767.920327,2947907076,2947908183,15846,1107
29767.932168,2947914868,2947915973,15959,1105
29767.942688,2947922661,2947923759,15907,1098
29767.952328,2947930455,2947931572,15858,1117
29767.963730,2947938260,2947939372,15983,1112
29767.972328,2947946051,2947947160,15915,1109
29767.984336,2947953857,2947954973,15869,1116
29767.995288,2947961651,2947962753,15957,1102
29768.004328,2947969460,2947970572,15912,1112
29768.016322,2947977268,2947978380,15857,1112
29768.026850,2947985072,2947986181,16069,1109
29768.036329,2947992887,2947994000,15983,1113
29768.047882,2948000695,2948001809,15929,1114
29768.058412,2948008522,2948009634,15981,1112
29768.068331,2948016347,2948017452,15895,1105
29768.079443,2948024169,2948025281,15846,1112
29768.088328,2948031987,2948033093,16005,1106
29768.100329,2948039797,2948040909,15902,1112
29768.111003,2948047614,2948048717,15828,1103
29768.120327,2948055407,2948056514,15978,1107
29768.132049,2948063210,2948064319,15914,1109
29768.142564,2948071024,2948072129,15845,1105
29768.152333,2948078841,2948079952,15992,1111
29768.163612,2948086648,2948087750,15908,1102
29768.172330,2948094445,2948095554,15861,1109
29768.184329,2948102274,2948103381,15980,1107
29768.195169,2948110086,2948111195,15918,1109
29768.204331,2948117902,2948119008,15844,1106
29768.216210,2948125695,2948126807,15994,1112
29768.226731,2948133516,2948134625,15912,1109
29768.236328,2948141324,2948142430,15817,1106
29768.247769,2948149127,2948150234,16064,1107
29768.256332,2948156930,2948158039,15912,1109
29768.268331,2948164740,2948165847,15872,1107
29768.279331,2948172537,2948173643,15993,1106
29768.288328,2948180347,2948181455,15905,1108
29768.300330,2948188152,2948189259,15803,1107
29768.310890,2948195971,2948197080,15981,1109
29768.320329,2948203783,2948204885,15913,1102
29768.331922,2948211581,2948212687,15840,1106
29768.342451,2948219381,2948220484,15987,1103
29768.352328,2948227185,2948228297,15914,1112
29768.363483,2948234998,2948236106,15828,1108
29768.372328,2948242821,2948243924,15976,1103
29768.384331,2948250620,2948251732,15899,1112
29768.395048,2948258421,2948259524,15864,1103
29768.404328,2948266236,2948267342,15997,1106
29768.416091,2948274051,2948275163,15911,1112
29768.426606,2948281863,2948282980,15829,1117
29768.436331,2948289677,2948290784,15992,1107
29768.447650,2948297485,2948298591,15917,1106
29768.456330,2948305285,2948306388,15842,1103
29768.468329,2948313111,2948314204,15980,1093
29768.479210,2948320889,2948321998,15910,1109
29768.488330,2948328702,2948329798,15843,1096
29768.500247,2948336503,2948337608,15964,1105
29768.510769,2948344316,2948345422,15913,1106
29768.520331,2948352131,2948353239,15857,1108
29768.531809,2948359929,2948361036,15979,1107
29768.540331,2948367747,2948368854,15914,1107
29768.552330,2948375566,2948376683,15844,1117
29768.563369,2948383379,2948384486,15968,1107
29768.572332,2948391188,2948392302,15909,1114
29768.584328,2948399019,2948400125,15930,1106
29768.594932,2948406839,2948407944,16086,1105
29768.604330,2948414623,2948415735,15996,1112
29768.615963,2948422427,2948423532,15936,1105
29768.626489,2948430234,2948431342,16048,1108
29768.636333,2948438051,2948439154,16002,1103
29768.647523,2948445865,2948446976,15944,1111
29768.656330,2948453662,2948454774,16063,1112
29768.668331,2948461387,2948462496,15998,1109
29768.679084,2948469183,2948470297,15932,1114
29768.688328,2948477024,2948478121,16042,1097
29768.700128,2948484833,2948485944,15999,1111
29768.710647,2948492644,2948493751,15977,1107
29768.720328,2948500472,2948501584,16072,1112
29768.731689,2948508262,2948509367,15996,1105
29768.740328,2948516062,2948517165,15933,1103
29768.752335,2948523861,2948524968,16050,1107
29768.763249,2948531676,2948532782,15996,1106
29768.772332,2948539496,2948540608,15936,1112
29768.784289,2948547302,2948548414,16055,1112
29768.794810,2948555125,2948556234,15997,1109
29768.804334,2948562945,2948564050,15842,1105
29768.815848,2948570750,2948571862,15963,1112
29768.826369,2948578552,2948579661,15912,1109
29768.836331,2948586354,2948587452,15888,1098
29768.847410,2948594153,2948595261,15980,1108
29768.856332,2948601966,2948603083,15912,1117
29768.868332,2948609782,2948610890,15826,1108
29768.878970,2948617585,2948618697,15947,1112
29768.888329,2948625395,2948626497,15919,1102
29768.900003,2948633202,2948634308,15838,1106
29768.910532,2948641003,2948642119,15989,1116
29768.920331,2948648819,2948649928,15909,1109
29768.931562,2948656622,2948657730,15816,1108
29768.940333,2948664433,2948665540,15976,1107
29768.952329,2948672247,2948673355,15914,1108
29768.963124,2948680048,2948681164,15834,1116
29768.972330,2948687871,2948688978,15994,1107
29768.984170,2948695669,2948696772,15912,1103
29768.994684,2948703481,2948704598,15829,1117
29769.004328,2948711311,2948712423,15976,1112
29769.015730,2948719115,2948720220,15896,1105
29769.024328,2948726904,2948728018,15842,1114
29769.036329,2948734719,2948735822,15995,1103
29769.047292,2948742519,2948743622,15916,1103
29769.056326,2948750313,2948751422,15831,1109
29769.068329,2948758105,2948759211,15976,1106
29769.078850,2948765924,2948767033,15892,1109
29769.088329,2948773744,2948774841,15839,1097
29769.099891,2948781533,2948782646,15993,1113
29769.110412,2948789324,2948790436,15913,1112
29769.120333,2948797144,2948798251,15831,1107
29769.131450,2948804938,2948806045,15996,1107
29769.140330,2948812750,2948813857,15915,1107
29769.152327,2948820536,2948821644,15839,1108
29769.163012,2948828332,2948829443,15991,1111
29769.172328,2948836147,2948837262,15918,1115
29769.184043,2948843976,2948845089,15832,1113
29769.194571,2948851792,2948852901,15973,1109
29769.204332,2948859597,2948860700,15915,1103
29769.215603,2948867399,2948868510,15844,1111
29769.224336,2948875209,2948876312,15993,1103
29769.236337,2948883010,2948884117,15911,1107
29769.247164,2948890813,2948891916,15829,1103
29769.256330,2948898556,2948899670,15982,1114
29769.268210,2948906369,2948907481,15905,1112
29769.278724,2948914173,2948915287,15830,1114
29769.288329,2948921985,2948923089,15997,1104
29769.299771,2948929780,2948930892,15910,1112
29769.308334,2948937590,2948938699,15826,1109
29769.320335,2948945399,2948946496,15972,1097
29769.331330,2948953178,2948954283,15914,1105
29769.340328,2948960977,2948962074,15841,1097
29769.352327,2948968759,2948969864,15994,1105
29769.362893,2948976555,2948977668,15996,1113
29769.372329,2948984356,2948985458,15918,1102
29769.383930,2948992151,2948993259,16063,1108
29769.394451,2948999961,2949001060,16004,1099
29769.404327,2949007747,2949008845,15930,1098
29769.415491,2949015527,2949016636,16080,1109
29769.424335,2949023315,2949024423,16002,1108
29769.436329,2949031113,2949032220,15910,1107
29769.447050,2949038909,2949040016,16066,1107
29769.456328,2949046708,2949047813,16005,1105
29769.468083,2949054492,2949055597,15929,1105
29769.480114,2949063224,2949064336,15897,1112
29769.490630,2949071033,2949072141,15856,1108
29769.500334,2949078843,2949079946,15969,1103
29769.511673,2949086634,2949087736,15890,1102
29769.520328,2949094433,2949095526,15844,1093
29769.532329,2949102199,2949103306,15981,1107
29769.543235,2949109991,2949111095,15914,1104
29769.552331,2949117785,2949118889,15822,1104
29769.564272,2949125576,2949126681,15981,1105
29769.574794,2949133370,2949134478,15914,1108
29769.584334,2949141170,2949142269,15844,1099
29769.595836,2949148967,2949150066,15994,1099
29769.606356,2949156760,2949157872,15909,1112
29769.616335,2949164571,2949165678,15830,1107
29769.627393,2949172384,2949173487,15999,1103
29769.636331,2949180193,2949181305,15913,1112
29769.648330,2949187993,2949189097,15846,1104
29769.658954,2949195792,2949196900,15991,1108
29769.668328,2949203592,2949204706,15915,1114
29769.679986,2949211396,2949212499,15829,1103
29769.690513,2949219199,2949220308,15939,1109
29769.700330,2949227011,2949228128,15913,1117
29769.711546,2949234803,2949235907,15858,1104
29769.720330,2949242609,2949243715,15982,1106
29769.732329,2949250417,2949251524,15910,1107
29769.743107,2949258217,2949259325,15839,1108
29769.752330,2949266022,2949267136,15968,1114
29769.764153,2949273824,2949274929,15933,1105
29769.774666,2949281619,2949282733,15825,1114
29769.784330,2949289422,2949290536,15980,1114
29769.795713,2949297216,2949298328,15912,1112
29769.804330,2949305000,2949306106,15873,1106
29769.816331,2949312793,2949313900,15960,1107
29769.827271,2949320597,2949321706,15910,1109
29769.836331,2949328387,2949329495,15857,1108
29769.848313,2949336182,2949337288,15953,1106
29769.858834,2949343967,2949345069,15916,1102
29769.868331,2949351771,2949352876,15833,1105
29769.879871,2949359577,2949360689,15962,1112
29769.890394,2949367387,2949368491,15880,1104
29769.900336,2949375202,2949376314,15856,1112
29769.911433,2949383014,2949384121,15980,1107
29769.920332,2949390817,2949391919,15905,1102
29769.932328,2949398606,2949399714,15842,1108
29769.942992,2949406412,2949407524,15959,1112
29769.952327,2949414209,2949415318,15913,1109
29769.964026,2949422001,2949423113,15858,1112
29769.974554,2949429808,2949430918,15991,1110
29769.984334,2949437606,2949438713,15901,1107
29769.995587,2949445420,2949446528,15843,1108
29770.004329,2949453213,2949454321,15982,1108
29770.016327,2949461005,2949462114,15891,1109
29770.027147,2949468798,2949469907,15863,1109
29770.036328,2949476594,2949477697,15981,1103
29770.048193,2949484370,2949485478,15914,1108
29770.058708,2949492148,2949493258,15845,1110
29770.068329,2949499933,2949501041,15966,1108
29770.079752,2949507721,2949508830,15913,1109
29770.088331,2949515500,2949516612,15901,1112
29770.100330,2949523328,2949524440,15995,1112
29770.111315,2949531139,2949532242,15911,1103
29770.120328,2949538946,2949540043,15806,1097
29770.132329,2949546748,2949547865,15981,1117
29770.142874,2949554545,2949555649,15909,1104
29770.152334,2949562342,2949563454,15846,1112
29770.163915,2949570145,2949571253,15995,1108
29770.174428,2949577879,2949578988,15834,1109
29770.184332,2949585708,2949586816,15933,1108
29770.195475,2949593471,2949594588,16071,1117
29770.204333,2949601286,2949602393,15916,1107
29770.216332,2949609080,2949610189,16015,1109
29770.227035,2949616826,2949617933,16037,1107
29770.236331,2949624628,2949625736,15908,1108
29770.248069,2949632423,2949633526,16022,1103
29770.258596,2949640182,2949641288,16058,1106
29770.268336,2949647961,2949649063,15995,1102
29770.279629,2949655739,2949656843,16020,1104
29770.288332,2949663453,2949664558,16075,1105
29770.300333,2949671223,2949672334,15826,1111
29770.311190,2949679018,2949680131,15941,1113
29770.320330,2949686764,2949687866,16069,1102
29770.332227,2949694562,2949695679,15915,1117
29770.342751,2949702367,2949703475,16026,1108
29770.352332,2949710120,2949711226,16070,1106
29770.363787,2949717928,2949719032,15914,1104
29770.372329,2949725723,2949726829,16044,1106
29770.384329,2949733478,2949734580,16072,1102
29770.395347,2949741255,2949742362,15911,1107
29770.404335,2949749033,2949750143,16028,1110
29770.416330,2949756825,2949757928,16053,1103
29770.426907,2949764613,2949765720,15919,1107
29770.436331,2949772408,2949773511,16022,1103
29770.447954,2949780187,2949781290,16053,1103
29770.458467,2949787978,2949789086,15916,1108
29770.468327,2949795768,2949796871,15930,1103
29770.479515,2949803552,2949804664,16060,1112
29770.488328,2949811350,2949812461,15914,1111
29770.500328,2949819142,2949820242,15999,1100
29770.511076,2949826883,2949827991,16037,1108
29770.520334,2949834687,2949835787,15960,1100
29770.532109,2949842468,2949843573,16022,1105
29770.542634,2949850444,2949851555,16047,1111
29770.552327,2949858257,2949859370,15981,1113
29770.563667,2949866069,2949867186,15847,1117
29770.572329,2949874117,2949875231,15992,1114
29770.584335,2949881959,2949883068,15695,1109
29770.595228,2949889773,2949890880,15823,1107
29770.604327,2949897561,2949898677,15985,1116
29770.616273,2949905376,2949906492,15905,1116
29770.626788,2949913181,2949914291,15842,1110
29770.636330,2949920989,2949922105,15992,1116
29770.647827,2949928809,2949929916,15830,1107
29770.658351,2949936601,2949937713,15940,1112
29770.668332,2949944378,2949945486,15984,1108
29770.679387,2949952167,2949953279,15826,1112
29770.688336,2949959970,2949961083,15942,1113
29770.700336,2949967735,2949968840,15981,1105
29770.710950,2949975557,2949976656,15826,1099
29770.720333,2949983332,2949984428,15923,1096
29770.731996,2949991074,2949992191,15976,1117
29770.742508,2949998890,2949999994,15827,1104
29770.752330,2950006676,2950007788,15900,1112
29770.763555,2950014425,2950015537,15971,1112
29770.772329,2950022212,2950023321,15836,1109
29770.784328,2950030007,2950031112,15940,1105
29770.795116,2950037789,2950038897,15963,1108
29770.804330,2950045579,2950046690,15826,1111
29770.816148,2950053378,2950054486,15849,1108
29770.826676,2950061162,2950062265,15957,1103
29770.836330,2950068957,2950070065,15831,1108
29770.847709,2950076739,2950077847,15935,1108
29770.856335,2950084491,2950085598,15984,1107
29770.868328,2950092278,2950093376,15844,1098
29770.879271,2950100080,2950101188,15942,1108
29770.888330,2950107884,2950108993,15962,1109
29770.900307,2950115691,2950116803,15826,1112
29770.910832,2950123473,2950124580,15925,1107
29770.920328,2950131247,2950132339,16040,1092
29770.931868,2950139010,2950140122,15923,1112
29770.942391,2950146801,2950147908,16029,1107
29770.952332,2950154532,2950155639,16068,1107
29770.963435,2950162330,2950163442,15989,1112
29770.972328,2950170135,2950171243,16027,1108
29770.984329,2950177851,2950178959,16071,1108
29770.994989,2950185629,2950186741,15916,1112
29771.004334,2950193398,2950194500,16028,1102
29771.016035,2950201134,2950202244,16074,1110
29771.026549,2950208905,2950210008,15915,1103
29771.036328,2950216677,2950217775,15971,1098
29771.047596,2950224404,2950225507,16060,1103
29771.056335,2950232183,2950233289,15940,1106
29771.068328,2950239974,2950241077,15976,1103
29771.079155,2950247699,2950248801,16035,1102
29771.088332,2950255658,2950256767,15915,1109
29771.100190,2950263451,2950264549,16016,1098
29771.110716,2950271165,2950272269,16025,1104
29771.120332,2950278954,2950280050,15829,1096
29771.131750,2950286738,2950287838,15935,1100
29771.140328,2950294464,2950295581,16071,1117
29771.152334,2950302242,2950303351,15938,1109
29771.163309,2950310013,2950311122,15933,1109
29771.172332,2950317772,2950318872,16052,1100
29771.184332,2950325519,2950326626,15906,1107
29771.194870,2950333292,2950334395,16016,1103
29771.204330,2950341015,2950342116,16061,1101
29771.215907,2950348787,2950349889,15930,1102
29771.226431,2950356565,2950357673,16028,1108
29771.236330,2950364306,2950365414,16072,1108
29771.247468,2950372102,2950373209,15914,1107
29771.256329,2950379873,2950380975,15995,1102
29771.268328,2950387597,2950388700,16037,1103
29771.279031,2950395375,2950396480,15942,1105
29771.288329,2950403202,2950404308,16022,1106
29771.300075,2950410948,2950412055,16073,1107
29771.310596,2950418726,2950419833,15989,1107
29771.320334,2950426521,2950427616,15934,1095
29771.331635,2950434257,2950435355,15979,1098
29771.340329,2950442024,2950443133,15827,1109
29771.352329,2950449804,2950450911,15936,1107
29771.363196,2950457542,2950458644,15984,1102
29771.372327,2950465307,2950466410,15826,1103
29771.384230,2950473068,2950474177,15932,1109
29771.394757,2950480795,2950481902,15979,1107
29771.404328,2950488585,2950489693,15829,1108
29771.415791,2950496371,2950497478,15955,1107
29771.424329,2950504107,2950505215,15988,1108
29771.436335,2950511890,2950512998,15827,1108
29771.447350,2950519654,2950520763,15936,1109
29771.456328,2950527421,2950528528,15977,1107
29771.468330,2950535197,2950536303,15829,1106
29771.478910,2950542976,2950544084,15935,1108
29771.488329,2950550715,2950551830,15981,1115
29771.499948,2950558489,2950559592,15828,1103
29771.510470,2950566260,2950567366,15849,1106
29771.520332,2950574058,2950575165,16061,1107
29771.531508,2950581841,2950582953,15809,1112
29771.540336,2950589607,2950590718,15887,1111
29771.552335,2950597363,2950598466,16073,1103
29771.563068,2950605144,2950606251,15931,1107
29771.572331,2950612976,2950614083,16020,1107
29771.584115,2950620728,2950621835,16074,1107
29771.594629,2950628509,2950629621,15918,1112
29771.604334,2950636297,2950637403,16024,1106
29771.615676,2950644047,2950645155,16041,1108
29771.624328,2950651824,2950652926,15920,1102
29771.636335,2950659599,2950660705,15971,1106
29771.647236,2950667350,2950668457,16068,1107
29771.656328,2950675122,2950676233,15993,1111
29771.668270,2950682897,2950684009,16032,1112
29771.678797,2950690681,2950691794,16055,1113
29771.688335,2950698480,2950699592,15910,1112
29771.699831,2950706248,2950707356,16007,1108
29771.710355,2950714042,2950715150,16054,1108
