time,start,end,count,diff
5316.726273,2807982376,2807983498,16044,1122
5316.738290,2807993929,2807995052,15932,1123
5316.750320,2808006138,2808007262,15905,1124
5316.762344,2808017911,2808019038,15979,1127
5316.774357,2808029600,2808030720,15882,1120
5316.786381,2808041051,2808042175,15831,1124
5316.798411,2808052288,2808053410,15960,1122
5316.810428,2808064159,2808065280,16018,1121
5316.822448,2808075602,2808076733,15830,1131
5316.841987,2808094802,2808095919,15872,1117
5316.894586,2808151071,2808152197,15910,1126
5316.906614,2808163156,2808164299,15875,1143
5316.918633,2808174927,2808176050,15940,1123
5316.930656,2808186395,2808187522,15869,1127
5316.942686,2808197416,2808198537,15973,1121
5316.954704,2808209090,2808210216,15960,1126
5316.966723,2808220625,2808221752,15849,1127
5316.978753,2808231332,2808232457,15952,1125
5316.990771,2808241073,2808242192,15910,1119
5317.007299,2808255409,2808256532,15806,1123
5317.019327,2808264814,2808265929,15924,1115
5317.031347,2808273765,2808274880,15871,1115
5317.043367,2808283340,2808284455,15827,1115
5317.058399,2808295581,2808296691,15910,1110
5317.070420,2808305482,2808306594,15860,1112
5317.082449,2808314408,2808315519,15903,1111
5317.094468,2808324223,2808325338,15930,1115
5317.106489,2808334270,2808335383,15841,1113
5317.118517,2808343420,2808344535,15947,1115
5317.130536,2808352809,2808353918,15924,1109
5317.142557,2808362257,2808363372,15834,1115
5317.154586,2808372354,2808373470,15934,1116
5317.171113,2808385808,2808386921,15910,1113
5317.183133,2808395803,2808396920,15839,1117
5317.195160,2808404367,2808405485,10378,1118
5317.207180,2808409935,2808410553,12085,618
5317.219198,2808414073,2808414695,8830,622
5317.231236,2808418335,2808418923,11962,588
5317.243250,2808422462,2808423076,12044,614
5317.255272,2808426565,2808427179,11974,614
5317.274809,2808433068,2808433679,12059,611
5317.286828,2808436976,2808437579,8884,603
5317.298861,2808440945,2808441557,9184,612
5317.310880,2808444948,2808445561,9314,613
5317.322894,2808448884,2808449500,8879,616
5317.334930,2808452885,2808453504,9272,619
5317.346945,2808456850,2808457460,9073,610
5317.358962,2808460770,2808461375,8856,605
5317.370999,2808464748,2808465364,9272,616
5317.383012,2808468706,2808469316,9280,610
5317.395045,2808472820,2808473437,11915,617
5317.407066,2808477029,2808477647,12101,618
5317.419085,2808481245,2808481861,12082,616
5317.431110,2808485412,2808486026,11853,614
5317.443137,2808489645,2808490258,12071,613
5317.455153,2808493850,2808494465,12124,615
5317.467174,2808497902,2808498522,11835,620
5317.479207,2808502018,2808502631,12110,613
5317.491220,2808506121,2808506732,12056,611
5317.503243,2808510197,2808510801,11814,604
5317.515274,2808514299,2808514885,11945,586
5317.527290,2808518338,2808518949,12088,611
5317.539312,2808522360,2808522975,11845,615
5317.551343,2808526465,2808527051,11973,586
5317.561858,2808529902,2808530362,7578,460
5317.573893,2808533680,2808534122,7452,442
5317.585907,2808537477,2808538084,9269,607
5317.597929,2808541452,2808542065,8962,613
5317.609956,2808545394,2808545980,9231,586
5317.621975,2808549333,2808549952,9256,619
5317.633988,2808553280,2808553890,8821,610
5317.646024,2808557226,2808557837,9224,611
5317.658043,2808561216,2808561828,9282,612
5317.670056,2808565137,2808565745,8820,608
5317.682093,2808569065,2808569652,9235,587
5317.694108,2808573001,2808573613,9065,612
5317.706127,2808576926,2808577541,8833,615
5317.718166,2808580855,2808581442,9206,587
5317.730180,2808584805,2808585416,9218,611
5317.742206,2808588681,2808589296,8927,615
5317.754232,2808592608,2808593192,9187,584
5317.766249,2808596534,2808597146,9289,612
5317.778266,2808600612,2808601227,11807,615
5317.790297,2808604673,2808605260,11973,587
5317.802317,2808608610,2808609222,9211,612
5317.814332,2808612501,2808613116,8882,615
5317.826370,2808616412,2808616998,9252,586
5317.838384,2808620373,2808620991,9258,618
5317.850402,2808624315,2808624930,8884,615
5317.862435,2808628229,2808628846,9194,617
5317.874454,2808632205,2808632817,9261,612
5317.886469,2808636098,2808636701,8892,603
5317.898508,2808640042,2808640627,9241,585
5317.910521,2808643974,2808644580,9271,606
5317.922539,2808647843,2808648448,8872,605
5317.934574,2808651781,2808652367,9207,586
5317.946591,2808655716,2808656338,9277,622
5317.958606,2808659607,2808660216,8855,609
5317.970638,2808663552,2808664173,9183,621
5317.982658,2808667516,2808668128,9291,612
5317.994680,2808671594,2808672211,11991,617
5318.006704,2808675673,2808676284,12069,611
5318.018726,2808679637,2808680249,9267,612
5318.030744,2808683505,2808684115,8924,610
5318.042778,2808687426,2808688038,9230,612
5318.054796,2808691380,2808692003,9254,623
5318.066811,2808695280,2808695890,8923,610
5318.078845,2808699202,2808699814,9204,612
5318.090861,2808703321,2808703928,11988,607
5318.102880,2808707222,2808707825,8913,603
5318.114912,2808711156,2808711773,9227,617
5318.126929,2808715090,2808715695,9275,605
5318.138958,2808718960,2808719580,8956,620
5318.150983,2808722946,2808723558,9243,612
5318.162998,2808726865,2808727481,9248,616
5318.175015,2808730799,2808731409,8827,610
5318.187051,2808734900,2808735485,11946,585
5318.202073,2808741618,2808742757,15304,1139
5318.214102,2808755511,2808756701,16382,1190
5318.226118,2808770127,2808771349,16297,1222
5318.238147,2808784755,2808786010,16319,1255
5318.250171,2808799384,2808800719,16461,1335
5318.262189,2808814070,2808815415,16435,1345
5318.274209,2808828834,2808830230,16322,1396
5318.290746,2808849657,2808851047,16455,1390
5318.302765,2808864465,2808865860,16349,1395
5318.314785,2808879267,2808880668,16270,1401
5318.326816,2808894080,2808895482,16422,1402
5318.346346,2808918991,2808920393,16325,1402
5318.358376,2808933856,2808935253,16493,1397
5318.370391,2808948713,2808950114,16332,1401
5318.382410,2808958402,2808959259,9113,857
5318.394446,2808963236,2808963853,9213,617
5318.406464,2808967411,2808968032,12047,621
5318.418482,2808971342,2808971954,8889,612
5318.430517,2808975313,2808975901,9201,588
5318.444334,2808980881,2808981495,11953,614
5318.471088,2808989246,2808989860,9197,614
5318.483108,2808993465,2808994076,12096,611
5318.495124,2808997527,2808998143,8911,616
5318.507158,2809001691,2809002303,12072,612
5318.519175,2809005856,2809006460,12058,604
5318.531200,2809009901,2809010517,11819,616
5318.543231,2809014020,2809014637,12086,617
5318.555245,2809018112,2809018723,12092,611
5318.567267,2809022139,2809022748,11828,609
5318.579297,2809026073,2809026685,9211,612
5318.591313,2809030051,2809030663,9274,612
5318.603337,2809034057,2809034665,11882,608
5318.613859,2809037547,2809038164,9298,617
5318.625877,2809041467,2809042076,8871,609
5318.637911,2809045410,2809046027,9241,617
5318.649926,2809049367,2809049983,9261,616
5318.661946,2809053312,2809053922,8907,610
5318.673979,2809057213,2809057805,9225,592
5318.685997,2809061160,2809061774,9089,614
5318.698011,2809065083,2809065685,8853,602
5318.710048,2809069099,2809069685,11963,586
5318.722065,2809073043,2809073655,9269,612
5318.734093,2809076961,2809077570,8950,609
5318.746118,2809080882,2809081469,9184,587
5318.758134,2809084816,2809085433,9285,617
5318.770150,2809088690,2809089299,8859,609
5318.782185,2809092630,2809093214,9216,584
5318.794200,2809096689,2809097300,12047,611
5318.806218,2809100774,2809101386,11968,612
5318.818253,2809104684,2809105271,9211,587
5318.830271,2809108621,2809109238,9298,617
5318.842288,2809112560,2809113170,8861,610
5318.854324,2809116483,2809117070,9137,587
5318.866341,2809120440,2809121056,9237,616
5318.878354,2809124383,2809124998,8871,615
5318.890392,2809128363,2809128949,9227,586
5318.902408,2809132313,2809132933,9254,620
5318.914424,2809136226,2809136840,8890,614
5318.926461,2809140170,2809140781,9269,611
5318.938478,2809144137,2809144754,9284,617
5318.950492,2809148010,2809148625,8848,615
5318.962527,2809151945,2809152531,9166,586
5318.974544,2809155867,2809156484,9254,617
5318.986569,2809159781,2809160391,8958,610
5318.998594,2809163705,2809164321,9188,616
5319.010614,2809167797,2809168409,12047,612
5319.022633,2809171842,2809172449,11979,607
5319.034665,2809175757,2809176369,9232,612
5319.046683,2809179719,2809180331,9284,612
5319.058698,2809183591,2809184194,8847,603
5319.070733,2809187508,2809188095,9236,587
5319.082748,2809191439,2809192056,9095,617
5319.094768,2809195392,2809195996,8872,604
5319.106800,2809199326,2809199938,9178,612
5319.118819,2809203300,2809203900,9316,600
5319.130846,2809207167,2809207777,8996,610
5319.142874,2809211120,2809211705,9230,585
5319.154884,2809215008,2809215618,9282,610
5319.174428,2809221376,2809221988,12122,612
5319.186448,2809225330,2809225946,9238,616
5319.198466,2809229210,2809229815,8904,605
5319.210496,2809233282,2809233888,12086,606
5319.222517,2809237367,2809237979,12061,612
5319.234540,2809241289,2809241896,8939,607
5319.246566,2809245210,2809245821,9198,611
5319.258583,2809249142,2809249747,9178,605
5319.270601,2809253067,2809253682,8835,615
5319.282636,2809257005,2809257622,9188,617
5319.294655,2809260966,2809261578,9292,612
5319.306676,2809264868,2809265479,8963,611
5319.318705,2809268786,2809269375,9237,589
5319.330719,2809272684,2809273283,9096,599
5319.342737,2809276568,2809277178,8883,610
5319.354773,2809280467,2809281089,9237,622
5319.366790,2809284443,2809285055,9288,612
5319.378818,2809288319,2809288939,8977,620
5319.390840,2809292237,2809292854,9225,617
5319.402859,2809296205,2809296809,9270,604
5319.414873,2809300069,2809300673,8871,604
5319.426908,2809304133,2809304745,12086,612
5319.438923,2809308233,2809308843,12057,610
5319.450944,2809312110,2809312714,8870,604
5319.462978,2809316069,2809316681,9263,612
5319.474996,2809320030,2809320637,9277,607
5319.487011,2809323979,2809324593,8821,614
5319.499045,2809328092,2809328677,11963,585
5319.511060,2809332113,2809332728,9263,615
5319.523083,2809336120,2809336732,8937,612
5319.535118,2809340313,2809340917,12085,604
5319.547132,2809344436,2809345046,12079,610
5319.559155,2809348528,2809349137,11857,609
5319.571183,2809352633,2809353239,12065,606
5319.583202,2809356736,2809357343,12041,607
5319.595218,2809360610,2809361213,8874,603
5319.607253,2809364544,2809365150,9208,606
5319.619269,2809368599,2809369208,12083,609
5319.631295,2809372631,2809373242,12011,611
5319.643324,2809376671,2809377277,12151,606
5319.655337,2809380719,2809381328,12080,609
5319.667361,2809384744,2809385354,11841,610
5319.677886,2809388374,2809388836,7444,462
5319.689906,2809392207,2809392814,8915,607
5319.701935,2809396114,2809396696,9228,582
5319.713949,2809400013,2809400623,9254,610
5319.725977,2809403965,2809404575,11877,610
5319.738000,2809407918,2809408530,12068,612
5319.750021,2809411876,2809412483,9238,607
5319.762036,2809415752,2809416362,8865,610
5319.774074,2809419646,2809420231,9221,585
5319.786087,2809423548,2809424157,9224,609
5319.798103,2809427446,2809428055,8872,609
5319.810138,2809431502,2809432088,11975,586
5319.822159,2809435553,2809436164,12074,611
5319.834173,2809439472,2809440081,8846,609
5319.846209,2809443395,2809443981,9179,586
5319.858226,2809447316,2809447933,9276,617
5319.870243,2809451185,2809451793,8915,608
5319.882280,2809455249,2809455835,9244,586
5319.894295,2809459314,2809459920,12060,606
5319.946888,2809476025,2809476634,11820,609
5319.958922,2809480566,2809481177,12083,611
5319.970938,2809484537,2809485149,9269,612
5319.982956,2809488460,2809489069,8863,609
5319.994994,2809492418,2809493004,9242,586
5320.007008,2809496338,2809496955,9266,617
5320.019031,2809500366,2809500968,11845,602
5320.031062,2809504550,2809505136,11969,586
5320.043075,2809508668,2809509278,12119,610
5320.055095,2809512814,2809513421,12049,607
5320.067127,2809516985,2809517592,12088,607
5320.079145,2809521135,2809521745,12043,610
5320.091168,2809525265,2809525874,11856,609
5320.103196,2809529440,2809530027,11945,587
5320.115212,2809533493,2809534103,12079,610
5320.127235,2809537427,2809538039,8932,612
5320.139264,2809541363,2809541948,9212,585
5320.151277,2809545249,2809545851,9233,602
5320.163302,2809549230,2809549834,11839,604
5320.175332,2809553274,2809553879,12083,605
5320.185843,2809556716,2809557329,8824,613
5320.197879,2809560646,2809561231,9270,585
5320.209894,2809564543,2809565005,7390,462
5320.221921,2809568362,2809568974,12039,612
5320.233947,2809572292,2809572878,9221,586
5320.245965,2809576231,2809576842,9244,611
5320.257979,2809580135,2809580743,8850,608
5320.282028,2809587833,2809588438,12033,605
5320.294047,2809591761,2809592365,8883,604
5320.306083,2809595639,2809596224,9174,585
5320.318100,2809599561,2809600170,9305,609
5320.330116,2809603470,2809604079,8891,609
5320.342148,2809607515,2809608101,11960,586
5320.354165,2809611520,2809612135,12059,615
5320.366187,2809615425,2809616034,8886,609
5320.378224,2809619328,2809619914,9208,586
5320.390239,2809623242,2809623859,9308,617
5320.402252,2809627143,2809627751,8839,608
5320.414288,2809631070,2809631656,9242,586
5320.426302,2809635152,2809635763,12022,611
5320.438327,2809639191,2809639801,11988,610
5320.450358,2809643090,2809643676,9216,586
5320.462376,2809647013,2809647624,9278,611
5320.474399,2809650943,2809651553,8968,610
5320.486424,2809654847,2809655454,9204,607
5320.498444,2809658803,2809659413,9304,610
5320.510459,2809662703,2809663312,8872,609
5320.522494,2809666612,2809667218,9201,606
5320.534513,2809670567,2809671176,9273,609
5320.546527,2809674430,2809675034,8863,604
5320.558562,2809678539,2809679125,11982,586
5320.570578,2809682618,2809683224,11999,606
5320.582596,2809686509,2809687113,8885,604
5320.594628,2809690435,2809691051,9205,616
5320.606650,2809694406,2809695018,9315,612
5320.618676,2809698278,2809698897,8961,619
5320.630698,2809702228,2809702845,9231,617
5320.642718,2809706328,2809706934,12039,606
5320.654737,2809710345,2809710952,11994,607
5320.666768,2809714249,2809714835,9220,586
5320.678787,2809718157,2809718762,9222,605
5320.690813,2809722076,2809722698,8917,622
5320.702839,2809726234,2809726851,12086,617
5320.714854,2809730232,2809730853,8943,621
5320.726881,2809734233,2809734848,8922,615
5320.738905,2809738222,2809738839,9269,617
5320.750923,2809742232,2809742852,8997,620
5320.762949,2809746235,2809746856,8881,621
5320.774975,2809750388,2809751005,12091,617
5320.786989,2809754522,2809755134,11974,612
5320.799018,2809758706,2809759318,12083,612
5320.811046,2809762685,2809763270,9219,585
5320.823060,2809766712,2809767327,9288,615
5320.835083,2809770808,2809771416,11845,608
5320.847110,2809775017,2809775623,12073,606
5320.859127,2809779111,2809779721,12093,610
5320.871152,2809783188,2809783800,12010,612
5320.883180,2809787329,2809787910,11964,581
5320.895196,2809791391,2809791996,12083,605
5320.907220,2809795462,2809796076,11853,614
5320.919250,2809799544,2809800157,12097,613
5320.931264,2809803584,2809804193,12085,609
5320.943282,2809807477,2809808085,8921,608
5320.955316,2809811400,2809811986,9248,586
5320.967328,2809815437,2809816050,11984,613
5320.979357,2809819473,2809820082,11837,609
5320.989880,2809822953,2809823564,9268,611
5321.001893,2809826879,2809827493,8822,614
5321.013929,2809830799,2809831385,9235,586
5321.025944,2809834727,2809835333,12017,606
5321.037968,2809838666,2809839283,11990,617
5321.049999,2809842571,2809843156,9201,585
5321.062016,2809846490,2809847095,9278,605
5321.074031,2809850372,2809850981,8880,609
5321.086063,2809854299,2809854911,9218,612
5321.098083,2809858259,2809858869,9308,610
5321.110100,2809862145,2809862753,8890,608
5321.122139,2809866087,2809866672,9257,585
5321.134152,2809870001,2809870610,9269,609
5321.146176,2809873921,2809874531,8926,610
5321.191259,2809888318,2809888927,11838,609
5321.203287,2809892396,2809893007,12071,611
5321.215303,2809896436,2809897040,11985,604
5321.227320,2809900326,2809900930,8823,604
5321.239355,2809904220,2809904806,9207,586
5321.249868,2809907632,2809908230,8900,598
5321.261906,2809911569,2809912010,7422,441
5321.302475,2809924290,2809924896,9227,606
5321.314495,2809928226,2809928837,9138,611
5321.326510,2809932110,2809932719,8874,609
5321.338543,2809936025,2809936637,9245,612
5321.350563,2809939971,2809940585,9278,614
5321.362590,2809943835,2809944449,8942,614
5321.374615,2809947923,2809948534,12088,611
5321.386632,2809952021,2809952627,12052,606
5321.398648,2809955884,2809956488,8877,604
5321.410680,2809959801,2809960418,9222,617
5321.422700,2809963742,2809964353,9250,611
5321.434718,2809967606,2809968213,8824,607
5321.446750,2809971750,2809972361,12018,611
5321.456331,2809975388,2809975993,11981,605
5321.468334,2809980090,2809980702,12016,612
5321.506861,2809992309,2809992914,12012,605
5321.518885,2809996254,2809996876,8908,622
5321.530910,2810000214,2810000824,9246,610
5321.542928,2810004165,2810004775,8982,610
5321.554954,2810008105,2810008722,8931,617
5321.566976,2810012072,2810012681,9201,609
5321.578996,2810016013,2810016618,8949,605
5321.591026,2810020096,2810020713,12038,617
5321.603046,2810024327,2810024933,12102,606
5321.615066,2810028501,2810029113,12007,612
5321.627091,2810032557,2810033167,8932,610
5321.639115,2810036586,2810037202,9209,616
5321.651135,2810040747,2810041363,12011,616
5321.663160,2810044934,2810045545,12054,611
5321.675185,2810049062,2810049673,12088,611
5321.687202,2810053149,2810053765,12008,616
5321.699232,2810057248,2810057859,12041,611
5321.711255,2810061328,2810061945,12047,617
5321.723273,2810065434,2810066045,12005,611
5321.735302,2810069513,2810070125,12043,612
5321.747323,2810073590,2810074195,12063,605
5321.759343,2810077544,2810078161,9024,617
5321.769874,2810081061,2810081539,7601,478
5321.781886,2810085232,2810085703,7587,471
5321.793912,2810089107,2810089728,8905,621
5321.805937,2810093130,2810093752,9176,622
5321.817954,2810097145,2810097755,8984,610
5321.829981,2810101146,2810101768,8947,622
5321.842004,2810105138,2810105753,12085,615
5321.854019,2810109141,2810109751,11978,610
5321.866049,2810113113,2810113719,8963,606
5321.878073,2810117072,2810117683,9250,611
5321.890092,2810121003,2810121620,8991,617
5321.902118,2810124955,2810125577,8870,622
5321.914141,2810128936,2810129552,9220,616
5321.926159,2810132901,2810133506,8979,605
5321.938185,2810136846,2810137457,8903,611
5321.951712,2810141443,2810142049,12018,606
5321.962227,2810144912,2810145517,8987,605
5321.974254,2810149012,2810149617,12040,605
5321.986276,2810153108,2810153713,12081,605
5321.998292,2810157204,2810157819,12034,615
5322.010322,2810161170,2810161781,8897,611
5322.022346,2810165285,2810165896,12113,611
5322.034365,2810169232,2810169848,8962,616
5322.046390,2810173195,2810173806,8917,611
5322.058413,2810177291,2810177901,12051,610
5322.070429,2810181417,2810182033,11994,616
5322.082459,2810185364,2810185970,8930,606
5322.094482,2810189461,2810190067,12086,606
5322.111007,2810194840,2810195451,8999,611
5322.123036,2810199034,2810199646,8940,612
5322.135060,2810203076,2810203687,9235,611
5322.147078,2810207160,2810207772,9007,612
5322.174131,2810216118,2810216729,12018,611
5322.186158,2810220208,2810220819,12034,611
5322.198180,2810224291,2810224907,12110,616
5322.210200,2810228257,2810228872,8992,615
5322.222227,2810232217,2810232822,8929,605
5322.234251,2810236159,2810236765,9250,606
5322.246268,2810240123,2810240734,8985,611
5322.258297,2810244073,2810244684,8975,611
5322.270317,2810248172,2810248783,12091,611
5322.282337,2810252128,2810252727,8984,599
5322.294364,2810256075,2810256680,8929,605
5322.304882,2810259547,2810260158,12032,611
5322.322913,2810265538,2810266149,12012,611
5322.334939,2810269656,2810270267,12035,611
5322.346960,2810273614,2810274225,9196,611
5322.358979,2810277569,2810278185,8981,616
5322.371006,2810281536,2810282158,8875,622
5322.383032,2810285648,2810286255,12084,607
5322.395048,2810289818,2810290424,12013,606
5322.407077,2810294036,2810294642,12041,606
5322.419099,2810298252,2810298857,12086,605
5322.429618,2810301844,2810302454,8929,610
5322.462675,2810312623,2810313234,11983,611
5322.474705,2810316714,2810317319,12038,605
5322.486726,2810320796,2810321407,12089,611
5322.498746,2810324741,2810325347,8974,606
5322.510773,2810328688,2810329300,8926,612
5322.522798,2810332613,2810333218,9230,605
5322.534812,2810336714,2810337325,11983,611
5322.546842,2810340663,2810341273,8961,610
5322.558863,2810344597,2810345213,9259,616
5322.570882,2810348560,2810349171,8974,611
5322.582909,2810352508,2810353110,8923,602
5322.594934,2810356443,2810357055,9235,612
5322.606953,2810360556,2810361161,12011,605
5322.618979,2810364655,2810365266,12036,611
5322.631000,2810368602,2810369208,9153,606
5322.643019,2810372631,2810373237,8970,606
5322.655047,2810376800,2810377411,12038,611
5322.667073,2810380958,2810381574,12119,616
5322.679090,2810385188,2810385799,12054,611
5322.691118,2810389331,2810389942,12041,611
5322.703139,2810393486,2810394092,12045,606
5322.715157,2810397572,2810398178,12015,606
5322.727184,2810401710,2810402321,12038,611
5322.739208,2810405947,2810406557,12109,610
5322.751232,2810410036,2810410641,12037,605
5322.763255,2810414115,2810414726,12038,611
5322.775277,2810418170,2810418780,9235,610
5322.787295,2810422115,2810422731,8960,616
5322.799322,2810426199,2810426813,12044,614
5322.811347,2810430290,2810430906,12072,616
5322.821868,2810433755,2810434372,8973,617
5322.833890,2810437729,2810438346,9243,617
5322.845910,2810441697,2810442163,7551,466
5322.857936,2810445514,2810446125,8922,611
5322.869959,2810449489,2810450099,12104,610
5322.881978,2810453443,2810454043,9012,600
5322.894004,2810457393,2810458005,8959,612
5322.906027,2810461359,2810461975,9246,616
5322.918047,2810465304,2810465919,9009,615
5322.930073,2810469255,2810469865,8983,610
5322.942094,2810473488,2810474099,12084,611
5322.966140,2810481403,2810482017,12035,614
5322.978163,2810485851,2810486462,9199,611
5322.990178,2810489934,2810490540,11992,606
5323.002207,2810494035,2810494641,12034,606
5323.014233,2810497966,2810498582,9210,616
5323.026250,2810501928,2810502545,8944,617
5323.038277,2810505876,2810506487,8891,611
5323.050300,2810509842,2810510452,9010,610
5323.062319,2810513814,2810514425,8927,611
5323.074345,2810517750,2810518361,8911,611
5323.086368,2810521835,2810522446,12100,611
5323.098391,2810525944,2810526549,12039,605
5323.110413,2810529880,2810530485,8974,605
5323.138964,2810539200,2810539811,12004,611
5323.150991,2810543169,2810543780,8937,611
5323.163015,2810547105,2810547716,9273,611
5323.175033,2810551074,2810551679,8980,605
5323.187059,2810555128,2810555739,8955,611
5323.199084,2810559326,2810559929,12046,603
5323.211103,2810563522,2810564128,12010,606
5323.223131,2810567728,2810568334,12039,606
5323.235151,2810571889,2810572494,12070,605
5323.247175,2810575994,2810576599,12036,605
5323.259198,2810580129,2810580734,12041,605
5323.271221,2810584224,2810584835,12087,611
5323.283240,2810588290,2810588895,12014,605
5323.295267,2810592366,2810592976,12078,610
5323.307290,2810596440,2810597056,12085,616
5323.319307,2810600531,2810601136,12009,605
5323.331336,2810604604,2810605209,12038,605
5323.343358,2810608673,2810609279,12069,606
5323.353877,2810612168,2810612779,8912,611
5323.365902,2810616115,2810616735,9281,620
5323.377916,2810620104,2810620715,11980,611
5323.462082,2810646987,2810647598,12052,611
5323.474107,2810650947,2810651563,9262,616
5323.486125,2810654902,2810655508,8948,606
5323.498152,2810658844,2810659453,8942,609
5323.510176,2810662804,2810663409,9246,605
5323.522194,2810666739,2810667350,8931,611
5323.534220,2810670688,2810671303,8838,615
5323.546243,2810674640,2810675262,9034,622
5323.558264,2810678607,2810679213,8950,606
5323.570290,2810682549,2810683160,8950,611
5323.582315,2810686501,2810687115,9262,614
5323.594337,2810690444,2810691055,9004,611
5323.606359,2810694523,2810695129,12042,606
5323.618381,2810698603,2810699214,12092,611
5323.630400,2810702558,2810703164,8983,606
5323.642425,2810706504,2810707126,8880,622
5323.663466,2810713328,2810713940,9203,612
5323.673987,2810716795,2810717401,8913,606
5323.686012,2810720732,2810721342,9235,610
5323.698030,2810724678,2810725283,8995,605
5323.710056,2810728629,2810729240,8947,611
5323.722080,2810732577,2810733188,9227,611
5323.734098,2810736525,2810737131,8961,606
5323.746123,2810740455,2810741071,8959,616
5323.767163,2810747397,2810748007,9207,610
5323.779181,2810751494,2810752105,12014,611
5323.791207,2810755432,2810756038,8944,606
5323.803229,2810759393,2810760003,9242,610
5323.815251,2810763464,2810764072,12010,608
5323.827278,2810767518,2810768118,12040,600
5323.839299,2810771575,2810772181,12070,606
5323.851318,2810775666,2810776278,12011,612
5323.863347,2810779737,2810780343,12080,606
5323.873863,2810783216,2810783826,8987,610
5323.885890,2810787168,2810787778,8894,610
5323.897913,2810791118,2810791722,9242,604
5323.909932,2810795055,2810795661,8950,606
5323.921959,2810798995,2810799600,8950,605
5323.933983,2810802927,2810803538,9226,611
5323.945999,2810806874,2810807489,8953,615
5323.958029,2810810855,2810811466,12039,611
5323.970051,2810814787,2810815402,9234,615
5323.982070,2810818751,2810819359,8953,608
5323.994096,2810822701,2810823311,8934,610
5324.006120,2810826778,2810827382,12084,604
5324.018134,2810830828,2810831444,11978,616
5324.030165,2810834766,2810835377,8953,611
5324.042188,2810838722,2810839327,9067,605
5324.054207,2810842654,2810843264,9005,610
5324.066232,2810846593,2810847204,8947,611
5324.078258,2810850533,2810851144,9216,611
5324.090280,2810854479,2810855089,8977,610
5324.102302,2810858418,2810859023,8887,605
5324.114327,2810862338,2810862948,9233,610
5324.126344,2810866283,2810866894,8983,611
5324.138371,2810870227,2810870837,8966,610
5324.150394,2810874158,2810874769,9212,611
5324.162412,2810878104,2810878710,8940,606
5324.174439,2810882018,2810882629,8924,611
5324.186463,2810885955,2810886560,9254,605
5324.198481,2810889896,2810890505,8979,609
5324.210508,2810893845,2810894466,8951,621
5324.222531,2810897961,2810898572,12091,611
5324.234546,2810902058,2810902664,11979,606
5324.246576,2810906008,2810906619,8969,611
5324.258599,2810910088,2810910704,12102,616
5324.270618,2810914042,2810914648,8987,606
5324.282645,2810917991,2810918606,8934,615
5324.294667,2810921951,2810922567,9219,616
5324.306686,2810925910,2810926526,8985,616
5324.318714,2810929976,2810930582,12039,606
5324.330736,2810933924,2810934529,9221,605
5324.342755,2810937881,2810938487,8986,606
5324.354781,2810941827,2810942439,8919,612
5324.366803,2810945816,2810946427,9269,611
5324.470500,2810978831,2810979437,12076,606
5324.482518,2810983228,2810983845,8981,617
5324.494546,2810987205,2810987815,8958,610
5324.506570,2810991156,2810991761,9229,605
5324.518588,2810995091,2810995697,9007,606
5324.530615,2810999047,2810999651,8952,604
5324.542637,2811003001,2811003617,9211,616
5324.554657,2811006939,2811007554,8953,615
5324.566683,2811010873,2811011488,8934,615
5324.578708,2811014820,2811015436,9233,616
5324.590725,2811018760,2811019371,8937,611
5324.602752,2811022693,2811023304,8939,611
5324.614776,2811026622,2811027230,9217,608
5324.626793,2811030549,2811031160,8984,611
5324.638822,2811034621,2811035226,12040,605
5324.650842,2811038694,2811039305,12086,611
5324.662861,2811042636,2811043246,8879,610
5324.674887,2811046576,2811047197,8925,621
5324.686910,2811050529,2811051140,9065,611
5324.698929,2811054467,2811055077,8903,610
5324.710956,2811058398,2811059009,8949,611
5324.722980,2811062353,2811062958,9216,605
5324.735003,2811066436,2811067047,12026,611
5324.747028,2811070506,2811071116,12039,610
5324.759049,2811074639,2811075250,12069,611
5324.771068,2811078812,2811079423,12010,611
5324.783096,2811083007,2811083618,12029,611
5324.795121,2811087131,2811087736,12082,605
5324.807136,2811091170,2811091776,8952,606
5324.819163,2811095198,2811095809,8894,611
5324.831189,2811099305,2811099918,12083,613
5324.843206,2811103420,2811104026,12015,606
5324.855235,2811107486,2811108092,12039,606
5324.867255,2811111571,2811112176,12099,605
5324.879274,2811115639,2811116244,12014,605
5324.891302,2811119712,2811120323,12083,611
5324.903326,2811123791,2811124396,12081,605
5324.915344,2811127875,2811128486,12016,611
5324.925870,2811131342,2811131959,9268,617
5324.937888,2811135313,2811135767,7583,454
5324.949914,2811139086,2811139691,8889,605
5324.961938,2811143020,2811143625,9236,605
5324.973957,2811146949,2811147560,9010,611
5324.985982,2811150890,2811151501,8935,611
5324.998006,2811154827,2811155442,9192,615
5325.010024,2811158760,2811159365,8990,605
5325.022049,2811162739,2811163354,12042,615
5325.034072,2811166775,2811167381,12044,606
5325.046092,2811170707,2811171312,8982,605
5325.056616,2811174299,2811174908,12079,609
5325.094186,2811186331,2811186942,8968,611
5325.106212,2811190262,2811190867,9253,605
5325.118229,2811194194,2811194800,8987,606
5325.130256,2811198134,2811198753,8963,619
5325.142279,2811202070,2811202675,9230,605
5325.154297,2811206010,2811206616,8985,606
5325.166324,2811209938,2811210549,8930,611
5325.178349,2811213880,2811214496,9265,616
5325.190368,2811217849,2811218465,8985,616
5325.202394,2811221785,2811222401,8910,616
5325.214419,2811225718,2811226326,9233,608
5325.226436,2811229655,2811230261,9025,606
5325.238463,2811233736,2811234348,12044,612
5325.250485,2811237846,2811238450,12134,604
5325.262505,2811241769,2811242380,8933,611
5325.274531,2811245782,2811246393,8930,611
5325.286554,2811249712,2811250322,9237,610
5325.298573,2811253648,2811254259,8960,611
5325.310600,2811257597,2811258208,8979,611
5325.322624,2811261543,2811262148,9233,605
5325.334641,2811265490,2811266096,8969,606
5325.346668,2811269423,2811270027,8939,604
5325.358692,2811273358,2811273973,9216,615
5325.370710,2811277289,2811277900,8974,611
5325.382737,2811281222,2811281832,8932,610
5325.394761,2811285154,2811285770,9205,616
5325.406779,2811289091,2811289702,8960,611
5325.418805,2811293022,2811293631,8916,609
5325.430826,2811296938,2811297547,9021,609
5325.442846,2811300886,2811301501,8948,615
5325.454876,2811304986,2811305597,12040,611
5325.466895,2811309068,2811309673,12090,605
5325.478917,2811313001,2811313610,8987,609
5325.490941,2811316925,2811317536,8919,611
5325.502965,2811320856,2811321461,9241,605
5325.514974,2811324929,2811325531,8884,602
5325.527006,2811328839,2811329450,9181,611
5325.539027,2811332844,2811333454,9265,610
5325.551047,2811336799,2811337404,8851,605
5325.563078,2811340920,2811341519,12087,599
5325.575097,2811345089,2811345693,12063,604
5325.587114,2811349183,2811349761,12002,578
5325.599150,2811353319,2811353929,12084,610
5325.611162,2811357368,2811357975,11918,607
5325.623184,2811361221,2811361803,8927,582
5325.635217,2811365172,2811365776,9228,604
5325.647231,2811369192,2811369797,11872,605
5325.659252,2811373196,2811373779,11954,583
5325.671284,2811377219,2811377799,11963,580
5325.683301,2811381251,2811381862,12039,611
5325.695322,2811385245,2811385843,11879,598
5325.707353,2811389259,2811389869,12112,610
5325.717875,2811392754,2811393365,8960,611
5325.729905,2811396754,2811397218,7479,464
5325.741917,2811400596,2811401211,8988,615
5325.753944,2811404613,2811405229,12043,616
5325.765965,2811408620,2811409240,12089,620
5325.777983,2811412598,2811413209,8961,611
5325.790005,2811416516,2811417099,8960,583
5325.802035,2811420402,2811420987,9228,585
5325.814050,2811424254,2811424869,9253,615
5325.826080,2811428167,2811428744,8990,577
5325.838100,2811432133,2811432717,11948,584
5325.850122,2811436147,2811436761,12076,614
5325.862141,2811440051,2811440634,8982,583
5325.874173,2811443923,2811444508,9175,585
5325.886191,2811447805,2811448420,9286,615
5325.898207,2811451697,2811452275,8939,578
5325.910240,2811455541,2811456125,9161,584
5325.922258,2811459418,2811460023,9304,605
5325.934282,2811463319,2811463925,8961,606
5325.946310,2811467179,2811467761,9199,582
5325.958328,2811471072,2811471677,9237,605
5325.970345,2811475097,2811475699,11832,602
5325.984334,2811480521,2811481127,12034,606
5325.998903,2811485081,2811485687,9287,606
5326.022953,2811492783,2811493387,12112,604
5326.034970,2811496695,2811497299,9208,604
5326.046990,2811500502,2811501083,8937,581
5326.059021,2811504534,2811505145,12087,611
5326.071042,2811508679,2811509284,12045,605
5326.083061,2811512814,2811513415,11976,601
5326.095091,2811516922,2811517507,11970,585
5326.107111,2811521101,2811521706,12045,605
5326.119131,2811525177,2811525779,11852,602
5326.131160,2811529287,2811529893,12088,606
5326.143174,2811533380,2811533976,11875,596
5326.155193,2811537264,2811537871,8877,607
5326.167228,2811541223,2811541833,9222,610
5326.179248,2811545288,2811545893,12045,605
5326.191269,2811549239,2811549842,11844,603
5326.203297,2811553375,2811553979,12093,604
5326.215309,2811557376,2811557982,11861,606
5326.227339,2811561390,2811561989,12012,599
5326.237857,2811564817,2811565276,7401,459
5326.249883,2811568611,2811569066,7566,455
5326.261912,2811572357,2811572942,9202,585
5326.273927,2811576234,2811576839,9106,605
5326.285949,2811580127,2811580710,8990,583
5326.297979,2811583967,2811584553,9241,586
5326.309993,2811587802,2811588411,9190,609
5326.322024,2811591713,2811592295,8962,582
5326.334048,2811595570,2811596155,9221,585
5326.346063,2811599425,2811600039,9199,614
5326.358086,2811603331,2811603913,8991,582
5326.370115,2811607345,2811607929,11959,584
5326.382135,2811611355,2811611955,12075,600
5326.394154,2811615206,2811615788,8902,582
5326.406186,2811619065,2811619651,9227,586
5326.418202,2811622967,2811623572,9302,605
5326.430223,2811626872,2811627452,8962,580
5326.442252,2811630749,2811631333,9219,584
5326.454266,2811634776,2811635381,12021,605
5326.466290,2811638786,2811639397,12028,611
5326.478324,2811642723,2811643308,9255,585
5326.490336,2811646609,2811647218,9237,609
5326.502361,2811650482,2811651058,8957,576
5326.514390,2811654346,2811654931,9212,585
5326.526406,2811658254,2811658864,9242,610
5326.538427,2811662142,2811662723,8955,581
5326.550459,2811665982,2811666565,9240,583
5326.562477,2811669882,2811670484,9284,602
5326.574498,2811673751,2811674357,8947,606
5326.586524,2811677807,2811678392,11983,585
5326.598545,2811681839,2811682445,12078,606
5326.610567,2811685717,2811686328,8952,611
5326.622595,2811689609,2811690214,9192,605
5326.634613,2811693533,2811694138,9258,605
5326.646634,2811697364,2811697945,8912,581
5326.658663,2811701235,2811701820,9150,585
5326.670678,2811705239,2811705844,11991,605
5326.682701,2811709252,2811709857,11965,605
5326.694733,2811713119,2811713703,9154,584
5326.706747,2811716990,2811717594,9203,604
5326.718776,2811720806,2811721413,8966,607
5326.730799,2811724699,2811725304,9221,605
5326.742817,2811728612,2811729217,9274,605
5326.754833,2811732487,2811733079,8863,592
5326.766867,2811736315,2811736898,9158,583
5326.778884,2811740170,2811740789,9261,619
5326.790906,2811743998,2811744580,8888,582
5326.802937,2811748035,2811748620,11934,585
5326.814952,2811751939,2811752543,9279,604
5326.894602,2811776611,2811777214,11804,603
5327.014829,2811808319,2811808921,9153,602
5327.026851,2811812186,2811812794,8885,608
5327.038883,2811816059,2811816663,9186,604
5327.050903,2811819952,2811820557,9306,605
5327.062924,2811823750,2811824331,8974,581
5327.074953,2811827605,2811828188,9185,583
5327.086973,2811831603,2811832213,12042,610
5327.098993,2811835589,2811836194,11973,605
5327.111022,2811839565,2811840164,12089,599
5327.123043,2811843685,2811844290,12044,605
5327.135058,2811847724,2811848306,11949,582
5327.147092,2811851778,2811852362,12006,584
5327.159109,2811855767,2811856372,9227,605
5327.171123,2811859667,2811860269,8851,602
5327.183159,2811863629,2811864233,9241,604
5327.195177,2811867625,2811868230,11906,605
5327.207201,2811871604,2811872212,11861,608
5327.219231,2811875618,2811876224,12100,606
5327.231242,2811879625,2811880226,11868,601
5327.398061,2811926005,2811926611,6173,606
5327.410093,2811929302,2811929871,6517,569
5327.422112,2811933175,2811933785,9323,610
5327.434131,2811937083,2811937665,8915,582
5327.446165,2811940901,2811941485,9158,584
5327.458180,2811944745,2811945350,9303,605
5327.470197,2811948777,2811949379,11798,602
5327.482229,2811952739,2811953323,11974,584
5327.494247,2811957087,2811957692,9262,605
5327.506269,2811960986,2811961567,8911,581
5327.518300,2811964886,2811965471,9176,585
5327.530315,2811968781,2811969390,9224,609
5327.542336,2811972604,2811973185,8974,581
5327.554368,2811976469,2811977052,9196,583
5327.566386,2811980358,2811980963,9298,605
5327.578406,2811984202,2811984782,8939,580
5327.590435,2811988073,2811988652,9155,579
5327.602452,2811992109,2811992719,12062,610
5327.614474,2811996109,2811996713,11981,604
5327.626505,2811999973,2812000557,9190,584
5327.638524,2812003897,2812004502,9274,605
5327.650543,2812007733,2812008315,8877,582
5327.662573,2812011594,2812012203,9122,609
5327.674589,2812015506,2812016110,9275,604
5327.686606,2812019504,2812020086,11960,582
5327.698638,2812023492,2812024075,11962,583
5327.710663,2812027375,2812027975,9237,600
5327.722676,2812031197,2812031800,8857,603
5327.734712,2812035076,2812035681,9256,605
5327.746728,2812038990,2812039601,9200,611
5327.758742,2812042810,2812043411,8853,601
5327.770774,2812046706,2812047316,9214,610
5327.782795,2812050612,2812051217,9249,605
5327.794816,2812054420,2812054999,8913,579
5327.806848,2812058243,2812058825,9189,582
5327.818866,2812062257,2812062862,12058,605
5327.830881,2812066227,2812066829,11799,602
5327.842914,2812070123,2812070707,9207,584
5327.854931,2812073996,2812074606,9275,610
5327.866947,2812077862,2812078465,8897,603
5327.878983,2812081742,2812082325,9172,583
5327.891001,2812085633,2812086243,9254,610
5327.903023,2812089643,2812090246,11858,603
5327.915051,2812093734,2812094339,12072,605
5327.927072,2812097895,2812098494,12040,599
5327.939087,2812101944,2812102526,11952,582
5327.951121,2812106042,2812106647,12068,605
5327.963141,2812110154,2812110759,12048,605
5327.975157,2812114274,2812114856,11961,582
5327.987189,2812118148,2812118731,9179,583
5327.999204,2812121993,2812122596,9256,603
5328.011228,2812125988,2812126595,11981,607
5328.023258,2812130037,2812130647,12087,610
5328.035272,2812134048,2812134649,11873,601
5328.045804,2812137506,2812138090,9226,584
5328.071342,2812145553,2812146164,9157,611
5328.081876,2812148948,2812149387,7475,439
5328.093887,2812152656,2812153260,9253,604
5328.105905,2812156516,2812157097,8929,581
5328.117944,2812160390,2812160974,9254,584
5328.129955,2812164229,2812164834,9229,605
5328.141978,2812168107,2812168669,8942,562
5328.199091,2812185831,2812186440,12125,609
5328.211110,2812190014,2812190616,12077,602
5328.223132,2812194050,2812194657,11846,607
5328.235158,2812198115,2812198725,12075,610
5328.245674,2812201750,2812202359,11981,609
5328.259201,2812206096,2812206706,8988,610
5328.442546,2812250578,2812251182,9230,604
5328.454579,2812253590,2812254194,9053,604
5328.466599,2812257054,2812257663,9290,609
5328.478620,2812260959,2812261569,9295,610
5328.490641,2812264790,2812265367,8950,577
5328.502667,2812268762,2812269340,11965,578
5328.514689,2812272749,2812273354,12074,605
5328.526704,2812276557,2812277159,8815,602
5328.538739,2812280438,2812281022,9202,584
5328.550755,2812284303,2812284908,9231,605
5328.562774,2812288164,2812288741,8909,577
5328.574804,2812291996,2812292604,9256,608
5328.586823,2812295847,2812296448,9226,601
5328.598847,2812299681,2812300286,8986,605
5328.610876,2812303562,2812304169,9218,607
5328.622891,2812307441,2812308045,9270,604
5328.634911,2812311404,2812311986,11953,582
5328.646940,2812315410,2812316015,12077,605
5328.658961,2812319341,2812319946,9250,605
5328.670981,2812323159,2812323737,8971,578
5328.683011,2812326978,2812327587,9253,609
5328.695031,2812331011,2812331619,12042,608
5328.707049,2812335065,2812335665,12026,600
5328.719080,2812339176,2812339760,11962,584
5328.731096,2812343220,2812343824,12060,604
5328.743118,2812347289,2812347871,11952,582
5328.755152,2812351343,2812351942,12119,599
5328.767169,2812355345,2812355955,12041,610
5328.779185,2812359285,2812359867,11953,582
5328.791215,2812363303,2812363882,11949,579
5328.803229,2812367112,2812367708,8967,596
5328.815252,2812370992,2812371577,8876,585
5328.827288,2812374932,2812375538,12131,606
5328.839300,2812378908,2812379508,11867,600
5328.851334,2812382880,2812383483,11876,603
5328.861849,2812386335,2812386940,9253,605
5328.992594,2812426378,2812426973,11929,595
5329.006115,2812431346,2812431947,11949,601
5329.018146,2812435339,2812435916,11999,577
5329.030169,2812439256,2812439861,12072,605
5329.042188,2812443115,2812443724,9290,609
5329.054208,2812447005,2812447590,8861,585
5329.066244,2812450895,2812451479,9159,584
5329.078262,2812454802,2812455411,9272,609
5329.090284,2812458657,2812459239,8955,582
5329.102310,2812462640,2812463244,12135,604
5329.114329,2812466680,2812467289,12062,609
5329.126350,2812470540,2812471117,8977,577
5329.138380,2812474390,2812474974,9221,584
5329.150395,2812478268,2812478872,9115,604
5329.162415,2812482093,2812482695,8837,602
5329.174450,2812485970,2812486553,9247,583
5329.186467,2812489854,2812490459,9262,605
5329.198494,2812493712,2812494297,8946,585
5329.210517,2812497574,2812498156,9200,582
5329.222534,2812501453,2812502058,9289,605
5329.234550,2812505447,2812506029,11976,582
5329.246580,2812509447,2812510051,12068,604
5329.258603,2812513363,2812513968,9312,605
5329.414894,2812555692,2812556296,11947,604
5329.426924,2812558603,2812559212,9279,609
5329.438945,2812562443,2812563053,9252,610
5329.450956,2812566464,2812567048,11786,584
5329.462992,2812570475,2812571080,12082,605
5329.475012,2812574387,2812574991,9239,604
5329.487036,2812578389,2812578991,11839,602
5329.499066,2812582490,2812583100,12127,610
5329.511075,2812586554,2812587165,11827,611
5329.523104,2812590583,2812591191,11810,608
5329.535131,2812594673,2812595277,12084,604
5329.547150,2812598741,2812599346,11998,605
5329.559172,2812602743,2812603340,11839,597
5329.571202,2812606736,2812607320,11961,584
5329.583212,2812610653,2812611258,11865,605
5329.595250,2812614605,2812615211,11887,606
5329.607273,2812618629,2812619213,11966,584
5329.619286,2812622443,2812623049,9182,606
5329.631308,2812626280,2812626885,8898,605
5329.643342,2812630315,2812630897,11973,582
5329.653856,2812633647,2812634229,9016,582
5329.665883,2812637482,2812638066,9194,584
5329.677899,2812641381,2812641986,9307,605
5329.735006,2812659074,2812659676,11827,602
5329.747037,2812663090,2812663695,12126,605
5329.759044,2812667150,2812667742,11847,592
5329.771076,2812671138,2812671714,11959,576
5329.783107,2812675228,2812675812,12007,584
5329.795118,2812679234,2812679844,11818,610
5329.807141,2812683244,2812683821,11958,577
5329.819174,2812687066,2812687649,9232,583
5329.831193,2812690921,2812691526,9295,605
5329.843218,2812694846,2812695445,11889,599
5329.855241,2812698877,2812699482,12068,605
5329.867252,2812702827,2812703433,11831,606
5329.877787,2812706501,2812707085,11970,584
5329.942408,2812726500,2812727076,12048,576
5330.074650,2812760417,2812761016,9268,599
5330.086680,2812763957,2812764563,9311,606
5330.098701,2812767872,2812768470,9257,598
5330.110722,2812771675,2812772256,8933,581
5330.122751,2812775552,2812776136,9147,584
5330.134758,2812779517,2812780119,11861,602
5330.146789,2812783484,2812784089,11960,605
5330.245982,2812809867,2812810468,11846,601
5330.258002,2812813465,2812814070,6206,605
5330.270028,2812817337,2812817918,8875,581
5330.282055,2812821273,2812821857,9202,584
5330.294073,2812825111,2812825716,9286,605
5330.426321,2812849503,2812850103,8598,600
5330.438350,2812852337,2812852946,8470,609
5330.450372,2812855364,2812855969,9164,605
5330.462393,2812858670,2812859277,11828,607
5330.474418,2812861950,2812862555,9245,605
5330.486438,2812865878,2812866483,9192,605
5330.498460,2812869704,2812870286,8997,582
5330.510487,2812874250,2812874854,12081,604
5330.522504,2812878350,2812878960,11985,610
5330.532331,2812881958,2812882558,12091,600
5330.599149,2812902767,2812903369,11840,602
5330.611180,2812906809,2812907414,12064,605
5330.623201,2812910859,2812911464,12085,605
5330.635219,2812914748,2812915358,8953,610
5330.647250,2812918667,2812919250,8916,583
5330.659272,2812922676,2812923277,12081,601
5330.671288,2812926679,2812927276,11853,597
5330.683317,2812930693,2812931276,11967,583
5330.693828,2812934383,2812934985,11808,602
5330.717887,2812942011,2812942469,7453,458
5330.729907,2812945839,2812946454,8972,615
5330.741930,2812949846,2812950460,12039,614
5330.753954,2812953824,2812954443,8984,619
5330.765977,2812957800,2812958415,8964,615
5330.777999,2812961781,2812962401,8926,620
5330.790022,2812965765,2812966380,8917,615
5330.802040,2812969701,2812970306,8936,605
5330.814068,2812973601,2812974185,8895,584
5330.826088,2812977464,2812978070,9206,606
5330.838109,2812981370,2812981974,8901,604
5330.850135,2812985412,2812986016,12041,604
5330.862157,2812989441,2812990040,12094,599
5330.874177,2812993345,2812993950,8923,605
5330.886206,2812997240,2812997824,8963,584
5330.898226,2813001276,2813001880,9178,604
5330.910244,2813005166,2813005771,8929,605
5330.922272,2813009069,2813009652,8884,583
5330.934295,2813012952,2813013562,9241,610
5330.946312,2813016844,2813017449,8918,605
5330.958341,2813020737,2813021320,8923,583
5330.970364,2813024622,2813025227,9231,605
5330.982382,2813028517,2813029121,9020,604
5330.994409,2813032401,2813033011,8939,610
5331.006431,2813036343,2813036947,9210,604
5331.018449,2813040251,2813040856,8985,605
5331.030481,2813044300,2813044884,8888,584
5331.042501,2813048192,2813048800,9248,608
5331.054519,2813052118,2813052723,8994,605
5331.066544,2813056192,2813056802,12083,610
5331.078568,2813060284,2813060889,12103,605
5331.090587,2813064203,2813064808,8970,605
5331.101111,2813067738,2813068346,12074,608
5331.119147,2813073701,2813074305,12096,604
5331.131162,2813077726,2813078332,11827,606
5331.143192,2813081811,2813082421,12106,610
5331.155216,2813085843,2813086448,12084,605
5331.167232,2813089754,2813090359,8980,605
5331.179259,2813093787,2813094392,12046,605
5331.191285,2813097833,2813098432,12088,599
5331.203299,2813101846,2813102448,11842,602
5331.215331,2813105912,2813106496,11926,584
5331.225847,2813109329,2813109932,9002,603
5331.237879,2813113269,2813113728,7712,459
5331.249903,2813117037,2813117502,7474,465
5331.261916,2813120842,2813121302,7587,460
5331.273943,2813124588,2813125166,8908,578
5331.285962,2813128456,2813129059,9190,603
5331.297984,2813132344,2813132949,8976,605
5331.310008,2813136236,2813136820,8936,584
5331.343060,2813146765,2813147377,11828,612
5331.355093,2813150769,2813151373,8975,604
5331.367115,2813154756,2813155361,9260,605
5331.379132,2813158827,2813159436,11980,609
5331.391160,2813162876,2813163480,12061,604
5331.403187,2813166911,2813167516,12088,605
5331.415202,2813170992,2813171589,11839,597
5331.427231,2813174997,2813175612,12063,615
5331.439255,2813179062,2813179671,12090,609
5331.451271,2813182967,2813183572,8975,605
5331.463299,2813186843,2813187453,8913,610
5331.475322,2813190897,2813191504,12073,607
5331.487339,2813194927,2813195529,11821,602
5331.497867,2813198373,2813198977,9276,604
5331.509883,2813202446,2813203055,8976,609
5331.533932,2813210061,2813210668,12079,607
5331.545953,2813214004,2813214604,9005,600
5331.557981,2813217880,2813218463,8871,583
5331.570004,2813221786,2813222391,9278,605
5331.582015,2813225669,2813226277,11805,608
5331.594049,2813229621,2813230231,12039,610
5331.606071,2813233539,2813234154,9229,615
5331.618090,2813237455,2813238054,8978,599
5331.630119,2813241334,2813241918,8943,584
5331.640630,2813244770,2813245364,12026,594
5331.663169,2813252058,2813252660,11828,602
5331.675202,2813256059,2813256666,12060,607
5331.687225,2813259965,2813260570,9211,605
5331.699242,2813263932,2813264538,11885,606
5331.709770,2813267518,2813268122,12093,604
5331.726298,2813272850,2813273454,8991,604
5331.738326,2813276723,2813277307,8921,584
5331.750349,2813280616,2813281226,9217,610
5331.762366,2813284548,2813285153,8955,605
5331.774395,2813288429,2813289011,8883,582
5331.786417,2813292312,2813292915,9230,603
5331.798434,2813296202,2813296806,8963,604
5331.810462,2813300070,2813300675,8957,605
5331.822484,2813303981,2813304591,9253,610
5331.834503,2813307869,2813308473,8999,604
5331.846531,2813311741,2813312320,8903,579
5331.858554,2813315633,2813316236,9212,603
5331.870572,2813319511,2813320116,8985,605
5331.882599,2813323568,2813324151,11923,583
5331.894619,2813327573,2813328180,12099,607
5331.911144,2813333037,2813333636,12001,599
5331.923173,2813337129,2813337712,11925,583
5331.935197,2813341196,2813341799,12089,603
5331.947213,2813345178,2813345786,11860,608
5331.959243,2813349270,2813349875,12062,605
5331.971267,2813353321,2813353924,12092,603
5331.983282,2813357235,2813357839,8958,604
5331.995309,2813361144,2813361749,8885,605
5332.007334,2813365189,2813365793,12100,604
5332.017860,2813369104,2813369569,7742,465
5332.029877,2813372868,2813373477,9253,609
5332.041897,2813376771,2813377374,8983,603
5332.053925,2813380657,2813381241,8920,584
5332.065947,2813384574,2813385179,12086,605
5332.077962,2813388488,2813389092,11979,604
5332.089993,2813392384,2813392947,8929,563
5332.102016,2813396265,2813396853,9183,588
5332.114034,2813400158,2813400768,8980,610
5332.126062,2813404044,2813404628,8924,584
5332.142590,2813409349,2813409962,9245,613
5332.159119,2813414684,2813415289,8973,605
5332.171147,2813418832,2813419436,12039,604
5332.183169,2813422770,2813423373,9207,603
5332.195187,2813426654,2813427264,8975,610
5332.207215,2813430657,2813431261,12061,604
5332.219240,2813434693,2813435298,12085,605
5332.231256,2813438693,2813439295,11847,602
5332.243287,2813442718,2813443302,11931,584
5332.255307,2813446725,2813447333,12083,608
5332.286867,2813456893,2813457492,12075,599
5332.298885,2813460944,2813461550,11820,606
5332.310914,2813464969,2813465574,12058,605
5332.322932,2813468907,2813469506,9276,599
5332.334951,2813472803,2813473413,8986,610
5332.346980,2813476685,2813477295,8945,610
5332.359001,2813480600,2813481210,9218,610
5332.371020,2813484490,2813485093,8943,603
5332.383048,2813488418,2813489028,8928,610
5332.395069,2813492397,2813493006,9219,609
5332.407089,2813496482,2813497073,11844,591
5332.419115,2813500570,2813501154,11928,584
5332.431141,2813504645,2813505248,12088,603
5332.443156,2813508656,2813509263,11846,607
5332.455184,2813512666,2813513275,12059,609
5332.467208,2813516579,2813517183,9220,604
5332.479226,2813520431,2813521035,9000,604
5332.491254,2813524442,2813525045,12062,603
5332.503279,2813528470,2813529074,12089,604
5332.515294,2813532452,2813533058,11848,606
5332.527325,2813536533,2813537131,12038,598
5332.539347,2813540572,2813541166,12069,594
5332.549869,2813543945,2813544528,8922,583
5332.561892,2813547817,2813548421,9216,604
5332.573910,2813551728,2813552335,8983,607
5332.585938,2813555615,2813556199,8893,584
5332.597959,2813559496,2813560101,12076,605
5332.609972,2813563418,2813564025,11801,607
5332.622007,2813567316,2813567900,8941,584
5332.634029,2813571196,2813571800,9251,604
5332.646038,2813575047,2813575649,8820,602
5332.658073,2813578916,2813579499,8901,583
5332.670096,2813582783,2813583393,9200,610
5332.682108,2813586754,2813587356,11814,602
5332.694138,2813590732,2813591316,11912,584
5332.706165,2813594633,2813595237,9176,604
5332.718178,2813598509,2813599116,8902,607
5332.730211,2813602487,2813603071,8906,584
5332.742234,2813606323,2813606933,9219,610
5332.806856,2813626564,2813627172,12060,608
5332.818878,2813630477,2813631081,9241,604
5332.830897,2813634460,2813635067,11847,607
5332.842924,2813638305,2813638915,8947,610
5332.854946,2813642225,2813642834,9253,609
5332.866958,2813646052,2813646654,8817,602
5332.878993,2813649928,2813650511,8890,583
5332.891018,2813653955,2813654563,12084,608
5332.903032,2813657991,2813658593,11879,602
5332.915062,2813662101,2813662711,12063,610
5332.927084,2813666260,2813666863,12090,603
5332.939093,2813670251,2813670854,8855,603
5332.951129,2813674365,2813674975,12061,610
5332.963151,2813678426,2813679030,12131,604
5332.975168,2813682463,2813683071,11848,608
5332.987197,2813686494,2813687099,12061,605
5332.999219,2813690407,2813691015,9248,608
5333.011237,2813694259,2813694869,8939,610
5333.023265,2813698292,2813698875,11927,583
5333.035290,2813702313,2813702916,12102,603
5333.047306,2813706280,2813706882,11843,602
5333.059335,2813710227,2813710831,12062,604
5333.069847,2813713615,2813714217,8852,602
5333.081882,2813717498,2813717932,7620,434
5333.093909,2813721216,2813721676,7498,460
5333.105913,2813724964,2813725561,8824,597
5333.117949,2813728854,2813729438,8941,584
5333.129971,2813732698,2813733307,9231,609
5333.141982,2813736880,2813737483,11811,603
5333.190082,2813752006,2813752587,11916,581
5333.202108,2813755868,2813756477,9241,609
5333.214119,2813759836,2813760438,11820,602
5333.226153,2813763839,2813764443,12056,604
5333.238177,2813767734,2813768343,9242,609
5333.250189,2813771635,2813772237,8871,602
5333.262223,2813775484,2813776063,8919,579
5333.274247,2813779323,2813779931,9178,608
5333.286256,2813783204,2813783806,8836,602
5333.298289,2813787208,2813787791,11918,583
5333.310313,2813791192,2813791795,12098,603
5333.322325,2813795056,2813795653,8854,597
5333.334360,2813798910,2813799492,8887,582
5333.346384,2813802800,2813803408,9265,608
5333.358393,2813806670,2813807273,8877,603
5333.370428,2813810536,2813811120,8915,584
5333.382451,2813814414,2813815018,9269,604
5333.394470,2813818299,2813818897,8940,598
5333.406498,2813822152,2813822734,8922,582
5333.418521,2813826028,2813826632,9226,604
5333.430535,2813830037,2813830638,11847,601
5333.442566,2813834057,2813834667,12053,610
5333.454588,2813837954,2813838557,9266,603
5333.466600,2813841785,2813842382,8880,597
5333.478635,2813845654,2813846238,8924,584
5333.490658,2813849532,2813850135,9253,603
5333.502669,2813853389,2813853996,8830,607
5333.514700,2813857413,2813857997,11915,584
5333.526725,2813861936,2813862540,12084,604
5333.538738,2813865789,2813866391,8853,602
5333.550771,2813869667,2813870251,8905,584
5333.562793,2813873563,2813874166,9192,603
5333.574803,2813877413,2813878016,8864,603
5333.586839,2813881279,2813881889,8929,610
5333.598859,2813885176,2813885786,9233,610
5333.610879,2813889059,2813889663,8982,604
5333.622907,2813892897,2813893505,8911,608
5333.634929,2813896777,2813897381,9160,604
5333.646949,2813900768,2813901371,11847,603
5333.658977,2813904779,2813905378,12097,599
5333.670997,2813908696,2813909298,9252,602
5333.683010,2813912550,2813913152,8899,602
5333.695045,2813916483,2813917066,8863,583
5333.707070,2813920600,2813921208,12131,608
5333.719085,2813924699,2813925306,11855,607
5333.731112,2813928787,2813929396,12061,609
5333.743136,2813932916,2813933524,12080,608
5333.755145,2813936924,2813937520,8871,596
5333.767179,2813940964,2813941547,11934,583
5333.779203,2813944965,2813945573,12073,608
5333.791221,2813948930,2813949533,11854,603
5333.803248,2813952946,2813953550,12057,604
5333.815271,2813956856,2813957460,9210,604
5333.827289,2813960773,2813961377,8970,604
5333.839320,2813964787,2813965395,12044,608
5333.851336,2813968688,2813969295,9231,607
5333.863356,2813972655,2813973257,11836,602
5333.875385,2813976615,2813977213,12079,598
5333.885898,2813980005,2813980607,8822,602
5333.897932,2813983896,2813984480,8919,584
5333.909954,2813987775,2813988384,12103,609
5333.921965,2813991673,2813992275,8822,602
5333.934000,2813995546,2813996125,8923,579
5333.946022,2813999420,2814000019,12107,599
5333.958034,2814003567,2814004169,11810,602
5334.022665,2814023725,2814024326,12165,601
5334.034679,2814027573,2814028175,8921,602
5334.046713,2814031637,2814032241,12037,604
5334.072259,2814039887,2814040488,12122,601
5334.106817,2814050880,2814051480,11836,600
5334.118851,2814054752,2814055362,8930,610
5334.130873,2814058801,2814059405,12072,604
5334.142889,2814062799,2814063397,12013,598
5334.154919,2814066648,2814067226,8905,578
5334.166941,2814070620,2814071224,9204,604
5334.178952,2814074447,2814075054,8831,607
5334.190986,2814078320,2814078904,8942,584
5334.203009,2814082220,2814082829,9224,609
5334.215022,2814086147,2814086744,8901,597
5334.225553,2814089630,2814090233,12072,603
5334.251091,2814097829,2814098436,11830,607
5334.263127,2814101940,2814102549,12058,609
5334.275147,2814106044,2814106652,12069,608
5334.287166,2814110079,2814110686,11843,607
5334.299193,2814113909,2814114522,8928,613
5334.311215,2814117824,2814118433,9241,609
5334.323235,2814121798,2814122402,11848,604
5334.335263,2814125805,2814126403,12062,598
5334.347287,2814129824,2814130428,12087,604
5334.359303,2814133787,2814134386,11998,599
5334.371330,2814137798,2814138397,12060,599
5334.383353,2814141838,2814142446,12081,608
5334.393874,2814145204,2814145788,8940,584
5334.405898,2814149029,2814149631,9221,602
5334.417910,2814152922,2814153519,8813,597
5334.429944,2814156816,2814157400,11940,584
5334.441966,2814160671,2814161275,12102,604
5334.453977,2814164545,2814165147,8810,602
5334.466012,2814168414,2814168998,8924,584
5334.478035,2814172306,2814172910,9279,604
5334.490047,2814176193,2814176794,8851,601
5334.502082,2814180065,2814180649,8932,584
5334.514102,2814184005,2814184608,12069,603
5334.526119,2814188141,2814188745,12019,604
5334.538145,2814191993,2814192569,8985,576
5334.550173,2814195815,2814196399,9215,584
5334.562184,2814199616,2814200217,9114,601
5334.574212,2814203461,2814204039,8966,578
5334.766585,2814250265,2814250849,9229,584
5334.778595,2814253607,2814254210,9163,603
5334.790625,2814256906,2814257513,9334,607
5334.802649,2814260747,2814261349,9286,602
5334.814669,2814264582,2814265162,8992,580
5334.826700,2814268393,2814268976,9157,583
5334.838709,2814272188,2814272787,9189,599
5334.850735,2814276004,2814276564,8936,560
5334.862764,2814279982,2814280560,11986,578
5334.874771,2814283930,2814284526,11863,596
5334.886807,2814287712,2814288288,9000,576
5334.898835,2814291675,2814292257,12003,582
5334.910850,2814295501,2814296097,9213,596
5334.922868,2814299269,2814299874,8835,605
5334.934899,2814303139,2814303748,9225,609
5334.946910,2814307143,2814307740,11870,597
5334.958939,2814311086,2814311690,11984,604
5334.970965,2814314950,2814315554,9202,604
5334.982986,2814318892,2814319494,9175,602
5334.995008,2814322776,2814323373,11851,597
5335.007038,2814326754,2814327338,11988,584
5335.019049,2814330767,2814331369,11863,602
5335.031073,2814335166,2814335768,8806,602
5335.043103,2814339171,2814339769,9156,598
5335.154313,2814373274,2814373871,12055,597
5335.175352,2814379995,2814380594,11968,599
5335.185876,2814383397,2814383998,9182,601
5335.197899,2814387228,2814387793,8960,565
5335.209927,2814391055,2814391638,9168,583
5335.221941,2814394877,2814395477,9205,600
5335.233968,2814398746,2814399320,8925,574
5335.245996,2814402579,2814403157,11960,578
5335.258010,2814406417,2814407011,11921,594
5335.270037,2814410260,2814410836,8976,576
5335.282063,2814414093,2814414676,9199,583
5335.294076,2814417888,2814418484,9191,596
5335.306102,2814421733,2814422314,8972,581
5335.318134,2814425531,2814426115,9193,584
5335.330142,2814429426,2814430028,11933,602
5335.342172,2814433388,2814433972,11841,584
5335.354202,2814437223,2814437807,9228,584
5335.366214,2814441019,2814441621,9136,602
5335.378239,2814444870,2814445447,8901,577
5335.390264,2814448686,2814449290,9132,604
5335.493968,2814479603,2814480170,5610,567
5335.505979,2814483357,2814483964,11943,607
5335.518007,2814487200,2814487781,8946,581
5335.530038,2814490988,2814491571,9201,583
5335.542050,2814494829,2814495437,12072,608
5335.554075,2814498691,2814499267,8947,576
5335.566107,2814502475,2814503051,9220,576
5335.578116,2814506285,2814506887,9163,602
5335.590141,2814510387,2814510983,11851,596
5335.686324,2814536100,2814536695,8694,595
5335.698353,2814539241,2814539846,8485,605
5335.710368,2814543029,2814543631,9198,602
5335.722396,2814546871,2814547450,8956,579
5335.734425,2814550720,2814551304,9216,584
5335.746435,2814554570,2814555176,9003,606
5335.758458,2814558524,2814559108,11813,584
5335.770491,2814562411,2814562994,9166,583
5335.782503,2814566407,2814567012,11862,605
5335.794538,2814570371,2814570952,9004,581
5335.806557,2814574244,2814574863,9220,619
5335.818572,2814578145,2814578757,9175,612
5335.830602,2814581998,2814582579,8968,581
5335.842633,2814585822,2814586405,9228,583
5335.854644,2814589646,2814590246,9247,600
5335.866668,2814593467,2814594041,8965,574
5335.878696,2814597441,2814598024,11929,583
5335.890703,2814601412,2814602013,11865,601
5335.902740,2814605255,2814605836,8981,581
5335.914768,2814609068,2814609650,9242,582
5335.926777,2814612860,2814613462,9171,602
5335.938805,2814616617,2814617192,8957,575
5335.950838,2814620446,2814621027,9271,581
5335.962840,2814624428,2814625029,11864,601
5335.974869,2814628367,2814628945,11809,578
5335.986897,2814632225,2814632823,9219,598
5335.998919,2814636085,2814636687,9148,602
5336.010937,2814639894,2814640495,8885,601
5336.022971,2814643759,2814644343,9190,584
5336.034981,2814647549,2814648151,9154,602
5336.047004,2814651379,2814651956,8834,577
5336.059036,2814655213,2814655817,9149,604
5336.071047,2814659272,2814659871,11859,599
5336.083080,2814663257,2814663833,11965,576
5336.095109,2814667309,2814667913,12090,604
5336.107116,2814671389,2814671991,11862,602
5336.119148,2814675306,2814675882,11962,576
5336.131176,2814679331,2814679935,12077,604
5336.143193,2814683284,2814683886,11828,602
5336.194295,2814699057,2814699659,12139,602
5336.206312,2814702921,2814703521,9216,600
5336.237872,2814712734,2814713331,11895,597
5336.258912,2814719461,2814720065,11974,604
5336.386657,2814752892,2814753487,9241,595
5336.398678,2814755923,2814756522,9032,599
5336.410714,2814759833,2814760416,9247,583
5336.422721,2814763651,2814764246,9149,595
5336.434750,2814767426,2814768002,8942,576
5336.446781,2814771246,2814771830,9210,584
5336.458787,2814775053,2814775655,9197,602
5336.470816,2814778833,2814779412,8982,579
5336.482849,2814782644,2814783221,9211,577
5336.494853,2814786608,2814787205,11870,597
5336.506885,2814790560,2814791161,11870,601
5336.518912,2814794401,2814795005,9228,604
5336.532334,2814799139,2814799751,12051,612
5336.550474,2814804959,2814805519,11955,560
5336.562488,2814808782,2814809377,9145,595
5336.574510,2814812732,2814813311,11814,579
5336.586548,2814816542,2814817120,9203,578
5336.598559,2814820339,2814820934,9169,595
5336.610582,2814824259,2814824835,8952,576
5336.622610,2814828091,2814828695,9182,604
5336.634625,2814831927,2814832529,9184,602
5336.646653,2814835727,2814836303,8946,576
5336.658684,2814839524,2814840107,9208,583
5336.670691,2814843322,2814843916,9158,594
5336.682719,2814847100,2814847675,8955,575
5336.694751,2814851105,2814851688,11976,583
5336.706755,2814855010,2814855606,11864,596
5336.718788,2814858793,2814859374,8980,581
5336.730820,2814862605,2814863182,9222,577
5336.742830,2814866413,2814867020,9253,607
5336.754858,2814870222,2814870802,8958,580
5336.766887,2814874036,2814874618,9223,582
5336.778894,2814878007,2814878604,11879,597
5336.790919,2814881936,2814882520,11833,584
5336.802954,2814885727,2814886324,9194,597
5336.814971,2814889574,2814890176,9243,602
5336.826989,2814893385,2814893987,8878,602
5336.839026,2814897393,2814897996,12119,603
5336.851032,2814901371,2814901973,11864,602
5336.863063,2814905232,2814905808,8967,576
5336.875094,2814909084,2814909662,9262,578
5336.887109,2814913071,2814913670,11840,599
5336.899126,2814917075,2814917657,11947,582
5336.911159,2814921136,2814921719,11975,583
5336.923171,2814925077,2814925679,11903,602
5336.935209,2814929013,2814929594,12021,581
5336.947229,2814932971,2814933548,11960,577
5336.959237,2814936906,2814937508,11838,602
5336.971268,2814940808,2814941409,11815,601
5336.983296,2814944801,2814945384,11964,583
5336.995307,2814948767,2814949363,11867,596
5337.007338,2814952660,2814953264,11997,604
5337.017861,2814956193,2814956646,7419,453
5337.029882,2814959900,2814960478,8949,578
5337.041911,2814963740,2814964323,9164,583
5337.053924,2814967550,2814968148,9161,598
5337.065951,2814971382,2814971963,8996,581
5337.077980,2814975208,2814975786,11961,578
5337.089987,2814979033,2814979628,11870,595
5337.102020,2814982827,2814983408,8974,581
5337.114051,2814986637,2814987215,9188,578
5337.126061,2814990437,2814991033,9152,596
5337.138082,2814994272,2814994849,8841,577
5337.150115,2814998174,2814998751,11979,577
5337.162128,2815001958,2815002559,9098,601
5337.174151,2815005793,2815006371,8843,578
5337.186185,2815009555,2815010152,9190,597
5337.198199,2815013364,2815013959,9159,595
5337.210223,2815017206,2815017781,8957,575
5337.222250,2815021255,2815021854,12078,599
5337.255303,2815031538,2815032116,11823,578
5337.267337,2815035362,2815035946,9219,584
5337.277853,2815038744,2815039178,7560,434
5337.289889,2815042404,2815042862,7536,458
5337.301894,2815046041,2815046638,9185,597
5337.313922,2815049878,2815050440,8947,562
5337.325953,2815053652,2815054230,9187,578
5337.337969,2815057441,2815058042,9186,601
5337.349992,2815061255,2815061830,8936,575
5337.362023,2815065045,2815065628,9198,583
5337.374035,2815068837,2815069439,9230,602
5337.386053,2815072672,2815073250,8907,578
5337.398090,2815076489,2815077073,9229,584
5337.410104,2815080252,2815080846,9200,594
5337.422125,2815084189,2815084788,8948,599
5337.510802,2815111282,2815111858,11994,576
5337.522808,2815115192,2815115793,11863,601
5337.534836,2815119012,2815119590,8839,578
5337.546872,2815122816,2815123398,9229,582
5337.558880,2815126599,2815127200,9181,601
5337.570907,2815130366,2815130925,8937,559
5337.582937,2815134166,2815134769,9254,603
5337.594952,2815138014,2815138610,9207,596
5337.606977,2815141971,2815142575,11971,604
5337.619007,2815145832,2815146414,9188,582
5337.631016,2815149670,2815150272,9012,602
5337.643046,2815153686,2815154288,11843,602
5337.655072,2815157746,2815158345,12086,599
5337.667084,2815161764,2815162360,11875,596
5337.679119,2815165584,2815166160,9006,576
5337.691140,2815169406,2815170002,9235,596
5337.703151,2815173340,2815173944,11866,604
5337.715185,2815177253,2815177855,11819,602
5337.727213,2815181252,2815181851,12127,599
5337.739222,2815185173,2815185775,11840,602
5337.751252,2815189087,2815189663,11960,576
5337.763282,2815192997,2815193599,12100,602
5337.775289,2815196951,2815197546,11872,595
5337.787320,2815200925,2815201505,11958,580
5337.799347,2815204881,2815205463,11958,582
5337.809865,2815208250,2815208683,7547,433
5337.821894,2815211858,2815212464,9162,606
5337.833914,2815215865,2815216314,7381,449
5337.845933,2815219551,2815220130,8937,579
5337.857965,2815223355,2815223938,9247,583
5337.869975,2815227169,2815227774,9160,605
5337.881997,2815231023,2815231601,8896,578
5337.894031,2815234858,2815235436,11961,578
5337.906039,2815238673,2815239275,11866,602
5337.918073,2815242492,2815243068,8961,576
5337.930100,2815246328,2815246937,9268,609
5337.942113,2815250188,2815250785,9131,597
5337.954141,2815254004,2815254585,8947,581
5337.966170,2815257805,2815258389,9182,584
5337.978183,2815261701,2815262300,11988,599
5337.990207,2815265560,2815266139,8940,579
5338.002238,2815269380,2815269963,9226,583
5338.014249,2815273164,2815273766,9108,602
5338.026283,2815276977,2815277558,9052,581
5338.039798,2815281907,2815282506,11999,599
5338.050321,2815285287,2815285889,9231,602
5338.062346,2815289117,2815289693,8923,576
5338.074377,2815292887,2815293470,9224,583
5338.086392,2815296693,2815297297,9191,604
5338.098414,2815300537,2815301112,8947,575
5338.110445,2815304348,2815304923,9255,575
5338.122448,2815308321,2815308917,11866,596
5338.134484,2815312125,2815312700,8972,575
5338.146513,2815315939,2815316522,9190,583
5338.158526,2815319787,2815320388,9198,601
5338.170549,2815323597,2815324177,8968,580
5338.182582,2815327471,2815328053,9233,582
5338.194593,2815331308,2815331910,9198,602
5338.206614,2815335097,2815335681,8840,584
5338.218651,2815338892,2815339469,9240,577
5338.230660,2815342675,2815343270,9190,595
5338.242687,2815346488,2815347064,8927,576
5338.254713,2815350452,2815351051,12074,599
5338.310315,2815367582,2815368158,12016,576
5338.322343,2815371551,2815372155,12092,604
5338.334362,2815375399,2815375994,9136,595
5338.346386,2815379197,2815379773,8937,576
5338.358416,2815383013,2815383596,9202,583
5338.370427,2815386831,2815387432,9116,601
5338.382454,2815390670,2815391246,8976,576
5338.394487,2815394442,2815395024,9214,582
5338.406501,2815398289,2815398898,9224,609
5338.418524,2815402091,2815402672,8970,581
5338.430553,2815405944,2815406527,9236,583
5338.442567,2815409782,2815410386,9247,604
5338.454584,2815413611,2815414207,8887,596
5338.534246,2815438046,2815438621,12026,575
5338.546259,2815441877,2815442478,9135,601
5338.558289,2815445672,2815446253,8979,581
5338.570319,2815449466,2815450048,9165,582
5338.582333,2815453307,2815453909,9203,602
5338.594358,2815457114,2815457695,9004,581
5338.606388,2815460923,2815461506,9202,583
5338.618402,2815464706,2815465316,9162,610
5338.630426,2815468566,2815469147,8983,581
5338.642454,2815472414,2815472997,9199,583
5338.654463,2815476253,2815476848,9196,595
5338.846843,2815519591,2815520174,9169,583
5338.858857,2815522438,2815523035,9152,597
5338.870887,2815525721,2815526325,9110,604
5338.882903,2815529563,2815530159,9228,596
5338.894925,2815533341,2815533921,8965,580
5338.906959,2815537140,2815537723,9223,583
5338.918975,2815540928,2815541531,9249,603
5338.930990,2815544704,2815545300,8860,596
5338.943024,2815548721,2815549320,12072,599
5338.955030,2815552712,2815553314,11862,602
5338.967062,2815556711,2815557287,11962,576
5338.979093,2815560680,2815561258,12004,578
5338.991101,2815564635,2815565231,11835,596
5339.003127,2815568536,2815569137,8838,601
5339.015161,2815572540,2815573142,12118,602
5339.027178,2815576397,2815576994,9252,597
5339.039198,2815580180,2815580784,8946,604
5339.051228,2815584130,2815584728,12093,598
5339.063239,2815588210,2815588812,11865,602
5339.075270,2815592152,2815592754,11857,602
5339.087298,2815596092,2815596675,11959,583
5339.099308,2815600013,2815600603,11856,590
5339.111333,2815603766,2815604362,8896,596
5339.121864,2815607137,2815607589,7411,452
5339.133884,2815610854,2815611432,8936,578
5339.145915,2815614646,2815615227,9215,581
5339.254117,2815647647,2815648244,12102,597
5339.270640,2815652897,2815653501,9240,604
5339.335265,2815672213,2815672815,9201,602
5339.347282,2815676253,2815676849,11883,596
5339.359311,2815680181,2815680783,11825,602
5339.371338,2815684167,2815684765,12121,598
5339.381851,2815687508,2815688086,8932,578
5339.393886,2815691246,2815691828,9204,582
5339.405898,2815695013,2815695615,9157,602
5339.417922,2815698847,2815699447,8895,600
5339.429955,2815702648,2815703229,9209,581
5339.441965,2815706450,2815707052,12029,602
5339.453989,2815710315,2815710914,11953,599
5339.466022,2815714322,2815714904,11938,582
5339.478033,2815718147,2815718743,9184,596
5339.490062,2815721944,2815722519,8965,575
5339.502094,2815725697,2815726277,9192,580
5339.514112,2815729503,2815730103,9270,600
5339.539652,2815737846,2815738450,11952,604
5339.551684,2815742412,2815743030,12785,618
5339.590748,2815754457,2815755064,9200,607
5339.602773,2815758284,2815758865,8943,581
5339.614804,2815762126,2815762708,8967,582
5339.626819,2815765931,2815766531,9181,600
5339.638838,2815769749,2815770332,8907,583
5339.650872,2815773563,2815774145,9234,582
5339.662891,2815777379,2815777981,9305,602
5339.674908,2815781395,2815781971,12002,576
5339.686937,2815785204,2815785801,9217,597
5339.698951,2815789055,2815789660,9226,605
5339.710979,2815792849,2815793425,8936,576
5339.723004,2815796683,2815797287,9177,604
5339.735015,2815800627,2815801226,11877,599
5339.747048,2815804612,2815805217,11818,605
5339.759075,2815808682,2815809265,11936,583
5339.771089,2815812685,2815813290,11904,605
5339.783116,2815816688,2815817284,11879,596
5339.795143,2815820695,2815821278,11958,583
5339.807155,2815824646,2815825248,11870,602
5339.819186,2815828592,2815829193,11872,601
5339.831212,2815832583,2815833181,12079,598
5339.843228,2815836402,2815837001,9154,599
5339.855248,2815840193,2815840755,8864,562
5339.867279,2815844153,2815844761,12109,608
5339.879291,2815848260,2815848857,11866,597
5339.891322,2815852185,2815852787,11823,602
5339.910865,2815858306,2815858906,9251,600
5339.922882,2815862129,2815862705,8970,576
5339.934912,2815865914,2815866491,9200,577
5339.946921,2815869714,2815870310,9107,596
5339.958951,2815873647,2815874228,11968,581
5339.970975,2815877624,2815878228,12058,604
5339.982989,2815881434,2815882036,9200,602
5339.995019,2815885338,2815885933,11817,595
5340.007049,2815889332,2815889930,12117,598
5340.019058,2815893365,2815893971,11873,606
5340.031085,2815897412,2815897988,11954,576
5340.043116,2815901351,2815901959,9212,608
5340.070167,2815909975,2815910571,12098,596
5340.082187,2815913993,2815914592,12061,599
5340.094212,2815917807,2815918383,8962,576
5340.106240,2815921612,2815922195,9205,583
5340.118249,2815925607,2815926209,12025,602
5340.130279,2815929465,2815930040,8887,575
5340.142306,2815933386,2815933963,11968,577
5340.166345,2815940905,2815941486,8938,581
5340.178376,2815944738,2815945316,9154,578
5340.190388,2815948566,2815949172,9172,606
5340.202416,2815952389,2815952964,8997,575
5340.214440,2815956380,2815956984,12066,604
5340.226458,2815960182,2815960783,9191,601
5340.236986,2815963563,2815964170,12143,607
5340.255016,2815969367,2815969963,12111,596
5340.274551,2815975688,2815976269,11983,581
5340.285071,2815979121,2815979728,12050,607
5340.306110,2815985703,2815986283,8963,580
5340.318142,2815989531,2815990112,9206,581
5340.330155,2815993346,2815993947,9199,601
5340.342179,2815997276,2815997852,11983,576
5340.354208,2816001171,2816001754,11973,583
5340.366224,2816005035,2816005638,9255,603
5340.378250,2816008888,2816009464,8882,576
5340.390280,2816012693,2816013275,9238,582
5340.402291,2816016459,2816017055,9182,596
5340.414317,2816020304,2816020879,8952,575
5340.426350,2816024083,2816024666,9225,583
5340.438365,2816027864,2816028463,9269,599
5340.450389,2816031697,2816032276,8998,579
5340.462417,2816035523,2816036106,9235,583
5340.474427,2816039371,2816039972,9189,601
5340.484958,2816042859,2816043440,12036,581
5340.512008,2816051417,2816052000,11964,583
5340.551075,2816063550,2816064154,11883,604
5340.563101,2816067560,2816068155,11845,595
5340.575128,2816071615,2816072211,12138,596
5340.587140,2816075618,2816076213,11881,595
5340.599168,2816079464,2816080068,8990,604
5340.611196,2816083486,2816084095,12105,609
5340.623208,2816087326,2816087922,9162,596
5340.635236,2816091247,2816091823,12009,576
5340.647263,2816095225,2816095802,11961,577
5340.659281,2816099057,2816099655,9296,598
5340.671302,2816102870,2816103468,8943,598
5340.683331,2816106830,2816107438,12078,608
5340.693845,2816110342,2816110919,8880,577
5340.705878,2816114169,2816114752,9000,583
5340.716387,2816117640,2816118236,11836,596
5340.741947,2816125598,2816126175,12019,577
5340.753969,2816129401,2816129998,12124,597
5340.765985,2816133230,2816133809,8964,579
5340.778018,2816137023,2816137605,9199,582
5340.790028,2816140841,2816141438,9156,597
5340.802063,2816144706,2816145289,8906,583
5340.814083,2816148710,2816149329,12089,619
5340.826097,2816152616,2816153223,8865,607
5340.838131,2816156520,2816157103,8932,583
5340.850154,2816160386,2816160993,9230,607
5340.862163,2816164270,2816164870,8806,600
5340.874191,2816168235,2816168811,12047,576
5340.886216,2816172162,2816172766,12068,604
5340.898238,2816176091,2816176687,9210,596
5340.910259,2816179972,2816180552,8886,580
5340.922287,2816183743,2816184352,9225,609
5340.967373,2816197591,2816198191,12080,600
5340.977884,2816200947,2816201525,8908,578
5340.989921,2816204728,2816205311,9188,583
5341.001940,2816208466,2816209069,9244,603
5341.013958,2816212333,2816212911,8958,578
5341.025987,2816216114,2816216691,11982,577
5341.037999,2816219890,2816220492,9147,602
5341.051534,2816224778,2816225382,12069,604
5341.062056,2816228154,2816228737,9240,583
5341.074065,2816232032,2816232628,11929,596
5341.086095,2816235951,2816236552,11835,601
5341.096614,2816239555,2816240157,12087,602
5341.110141,2816243899,2816244499,9165,600
5341.122165,2816247745,2816248320,8909,575
5341.134195,2816251552,2816252134,9247,582
5341.146208,2816255361,2816255958,9272,597
5341.174770,2816264354,2816264962,12106,608
5341.194301,2816270555,2816271131,8931,576
5341.206330,2816274355,2816274938,9225,583
5341.218342,2816278141,2816278743,9185,602
5341.230371,2816281970,2816282550,8973,580
5341.242402,2816285753,2816286335,9227,582
5341.254418,2816289687,2816290291,12119,604
5341.270939,2816294857,2816295435,8874,578
5341.282975,2816298693,2816299275,9208,582
5341.294985,2816302506,2816303112,9115,606
5341.307012,2816306538,2816307113,11961,575
5341.319041,2816310554,2816311158,12078,604
5341.331053,2816314578,2816315174,11858,596
5341.341589,2816318004,2816318586,11980,582
5341.374642,2816328361,2816328936,11984,575
5341.386669,2816332333,2816332916,11958,583
5341.398693,2816336151,2816336752,9272,601
5341.410711,2816339938,2816340514,8915,576
5341.422745,2816343729,2816344312,9239,583
5341.434751,2816347509,2816348106,9151,597
5341.446780,2816351304,2816351879,8926,575
5341.458811,2816355084,2816355664,9204,580
5341.470826,2816358921,2816359525,9254,604
5341.482851,2816362707,2816363286,8989,579
5341.494879,2816366503,2816367085,9212,582
5341.506887,2816370488,2816371084,11870,596
5341.518914,2816374451,2816375047,11827,596
5341.530946,2816378299,2816378881,9178,582
5341.542956,2816382108,2816382703,9142,595
5341.554985,2816385884,2816386460,8987,576
5341.567013,2816389695,2816390275,9192,580
5341.579026,2816393630,2816394226,11866,596
5341.591054,2816397649,2816398245,11816,596
5341.603079,2816401708,2816402311,12109,603
5341.615092,2816405757,2816406353,11869,596
5341.627125,2816409699,2816410300,11820,601
5341.639154,2816413627,2816414204,12004,577
5341.651172,2816417581,2816418185,12044,604
5341.663193,2816421495,2816422091,11845,596
5341.675217,2816425328,2816425932,9245,604
5341.687236,2816429160,2816429758,9232,598
5341.699261,2816433047,2816433647,11841,600
5341.711284,2816437060,2816437642,9139,582
5341.723298,2816440986,2816441582,11860,596
5341.735329,2816444901,2816445500,11819,599
5341.747358,2816448863,2816449466,12064,603
5341.757875,2816452261,2816452844,8925,583
5341.769908,2816456046,2816456477,7450,431
5341.781918,2816459664,2816460261,9214,597
5341.793942,2816463523,2816464100,8873,577
5341.805973,2816467334,2816467914,9261,580
5341.817986,2816471118,2816471726,9190,608
5341.830006,2816474979,2816475557,8858,578
5341.842042,2816478754,2816479337,9251,583
5341.854054,2816482539,2816483143,9262,604
5341.866081,2816486352,2816486931,8999,579
5341.878109,2816490160,2816490743,9207,583
5341.890121,2816494013,2816494618,11882,605
5341.902142,2816497961,2816498556,11826,595
5341.914177,2816501996,2816502579,11989,583
5341.926193,2816505834,2816506430,9186,596
5341.938211,2816509661,2816510239,8897,578
5341.950247,2816513466,2816514048,9200,582
5341.962263,2816517242,2816517836,9197,594
5341.974283,2816521188,2816521769,11984,581
5341.986312,2816525096,2816525679,11977,583
5341.998330,2816528921,2816529519,9218,598
5342.010354,2816532722,2816533303,8930,581
5342.022386,2816536532,2816537114,9248,582
5342.034396,2816540303,2816540900,9158,597
5342.046421,2816544124,2816544725,8850,601
5342.058453,2816547950,2816548532,9207,582
5342.070467,2816551754,2816552357,9205,603
5342.082490,2816555545,2816556119,8922,574
5342.094524,2816559337,2816559919,9079,582
5342.106531,2816563269,2816563869,11869,600
5342.117062,2816566754,2816567330,12034,576
5342.159135,2816579803,2816580404,11840,601
5342.171163,2816583818,2816584401,11961,583
5342.183174,2816587752,2816588352,11872,600
5342.195203,2816591664,2816592265,11814,601
5342.207231,2816595581,2816596178,12069,597
5342.219249,2816599535,2816600132,12045,597
5342.231268,2816603408,2816603984,11956,576
5342.243300,2816607328,2816607932,12065,604
5342.255312,2816611300,2816611895,11884,595
5342.270357,2816615963,2816616544,9202,581
5342.282367,2816619690,2816620289,9178,599
5342.294392,2816623512,2816624108,8889,596
5342.306423,2816627466,2816628043,12067,577
5342.316935,2816630956,2816631553,11974,597
5342.383066,2816651239,2816651845,12137,606
5342.395085,2816655377,2816655981,12037,604
5342.407105,2816659372,2816659973,11818,601
5342.419131,2816663404,2816664001,12078,597
5342.431143,2816667357,2816667953,11911,596
5342.443176,2816671259,2816671860,11814,601
5342.455202,2816675170,2816675774,12078,604
5342.467214,2816679090,2816679690,11823,600
5342.479243,2816683006,2816683602,11834,596
5342.491273,2816686992,2816687575,11935,583
5342.503292,2816690875,2816691473,9299,598
5342.515309,2816694766,2816695345,11953,579
5342.527338,2816698744,2816699353,9197,609
5342.537852,2816702120,2816702702,8860,582
5342.549886,2816705931,2816706512,9121,581
5342.561903,2816710252,2816710861,9252,609
5342.573923,2816714136,2816714714,8912,578
5342.585956,2816717920,2816718501,9229,581
5342.597965,2816721674,2816722265,9177,591
5342.609992,2816725516,2816726094,8864,578
5342.622026,2816729320,2816729901,9272,581
5342.634037,2816733133,2816733714,9197,581
5342.646061,2816736958,2816737539,8937,581
5342.658095,2816740752,2816741335,9212,583
5342.670109,2816744577,2816745174,9271,597
5342.682133,2816748383,2816748940,8985,557
5342.694161,2816752169,2816752752,9240,583
5342.706169,2816756112,2816756708,11930,596
5342.718197,2816760031,2816760621,11871,590
5342.730228,2816764129,2816764706,12002,577
5342.742246,2816767978,2816768576,9287,598
5342.754270,2816771790,2816772371,8942,581
5342.766299,2816775587,2816776169,9167,582
5342.778313,2816779347,2816779941,9159,594
5342.790336,2816783202,2816783798,8944,596
5342.802366,2816787156,2816787734,12018,578
5342.814379,2816790937,2816791533,9161,596
5342.826405,2816794763,2816795338,8937,575
5342.838437,2816798569,2816799146,9078,577
5342.850446,2816802365,2816802967,9208,602
5342.862474,2816806172,2816806747,8994,575
5342.874506,2816809929,2816810512,9219,583
5342.886524,2816813739,2816814343,9294,604
5342.898538,2816817581,2816818160,8936,579
5342.910573,2816821390,2816821973,9231,583
5342.922577,2816825357,2816825958,11867,601
5342.933115,2816828872,2816829448,12039,576
5343.047324,2816863665,2816864255,11839,590
5343.059349,2816867626,2816868233,12079,607
5343.069864,2816870980,2816871557,8863,577
5343.081901,2816874740,2816875313,9246,573
5343.093913,2816878560,2816879164,9268,604
5343.105931,2816882448,2816883031,11836,583
5343.117963,2816886256,2816886858,12091,602
5343.129977,2816890080,2816890682,9177,602
5343.142001,2816893975,2816894558,8898,583
5343.154037,2816897790,2816898373,9192,583
5343.193099,2816909877,2816910465,11913,588
5343.230679,2816921567,2816922148,11978,581
5343.242696,2816925404,2816926000,9244,596
5343.254718,2816929226,2816929802,8916,576
5343.266746,2816933183,2816933767,11955,584
5343.278759,2816936991,2816937586,9206,595
5343.290787,2816940817,2816941391,8976,574
5343.302817,2816944589,2816945171,9211,582
5343.314828,2816948411,2816949009,9205,598
5343.326853,2816952201,2816952776,8951,575
5343.338882,2816956174,2816956757,9142,583
5343.349394,2816959672,2816960254,11816,582
5343.406513,2816977191,2816977772,12008,581
5343.418527,2816981144,2816981746,12100,602
5343.430555,2816984959,2816985518,8994,559
5343.442584,2816988773,2816989356,9239,583
5343.454600,2816992586,2816993185,9200,599
5343.466625,2816996403,2816996980,8972,577
5343.478653,2817000193,2817000775,9209,582
5343.490668,2817003979,2817004582,9176,603
5343.502685,2817007782,2817008343,8838,561
5343.514722,2817011558,2817012133,9196,575
5343.526730,2817015327,2817015923,9188,596
5343.538757,2817019443,2817020019,11963,576
5343.550784,2817023420,2817024013,12070,593
5343.562800,2817027227,2817027823,9204,596
5343.574826,2817030999,2817031574,8956,575
5343.586858,2817034831,2817035409,9214,578
5343.598866,2817038623,2817039222,9171,599
5343.610894,2817042427,2817043007,8926,580
5343.622927,2817046206,2817046788,9187,582
5343.634939,2817050113,2817050715,12084,602
5343.646964,2817053881,2817054456,8975,575
5343.658994,2817057660,2817058240,9212,580
5343.671004,2817061519,2817062113,11830,594
5343.683034,2817065452,2817066059,11843,607
5343.695060,2817069510,2817070088,11988,578
5343.707073,2817073428,2817074028,9156,600
5343.719100,2817077260,2817077864,8980,604
5343.731133,2817081211,2817081816,12071,605
5343.743140,2817085220,2817085821,11827,601
5343.755171,2817089250,2817089840,11822,590
5343.767197,2817093306,2817093909,12080,603
5343.779222,2817097229,2817097830,11984,601
5343.791234,2817101156,2817101732,11953,576
5343.803265,2817105121,2817105724,12080,603
5343.815276,2817109073,2817109672,11871,599
5343.827303,2817113019,2817113595,11966,576
5343.839335,2817116963,2817117540,11961,577
5343.849852,2817120294,2817120897,8986,603
5343.861881,2817124060,2817124641,9208,581
5343.873896,2817127835,2817128429,9235,594
5343.885916,2817131668,2817132245,8848,577
5343.897951,2817135423,2817136003,9204,580
5343.909964,2817139198,2817139800,9192,602
5343.921983,2817143082,2817143665,11828,583
5343.934013,2817146882,2817147480,12070,598
5343.946032,2817150656,2817151245,9208,589
5343.958055,2817154497,2817155075,8912,578
5343.970088,2817158293,2817158875,9243,582
5343.982102,2817162120,2817162723,9275,603
5344.003142,2817168659,2817169240,8978,581
5344.015169,2817172679,2817173286,12081,607
5344.027194,2817176626,2817177227,11977,601
5344.039208,2817180564,2817181165,8904,601
5344.051237,2817184519,2817185123,12083,604
5344.063259,2817188914,2817189518,12043,604
5344.085792,2817196096,2817196692,11928,596
5344.114361,2817205043,2817205622,12010,579
5344.145922,2817214732,2817215313,9171,581
5344.165453,2817221009,2817221583,8992,574
5344.237589,2817243077,2817243652,12004,575
5344.258633,2817249727,2817250307,11988,580
5344.354802,2817272923,2817273503,8902,580
5344.366838,2817276813,2817277416,12091,603
5344.378855,2817280659,2817281252,9283,593
5344.390879,2817284410,2817284985,8986,575
5344.402908,2817288224,2817288806,9214,582
5344.414920,2817292005,2817292614,9188,609
5344.426945,2817295808,2817296409,8910,601
5344.438975,2817299620,2817300198,9193,578
5344.450993,2817303416,2817304019,9262,603
5344.463012,2817307359,2817307935,11985,576
5344.475042,2817311336,2817311898,11927,562
5344.487056,2817315337,2817315938,11903,601
5344.499086,2817319306,2817319887,11965,581
5344.511116,2817323296,2817323873,11978,577
5344.523133,2817327180,2817327781,9278,601
5344.535150,2817331014,2817331611,8961,597
5344.547181,2817334952,2817335532,11985,580
5344.559194,2817338878,2817339474,11859,596
5344.571224,2817342887,2817343483,11864,596
5344.583250,2817346868,2817347471,12072,603
5344.595260,2817350800,2817351401,11872,601
5344.607290,2817354702,2817355277,11962,575
5344.619317,2817358645,2817359228,11958,583
5344.631329,2817362587,2817363191,11888,604
5344.641865,2817365929,2817366510,9222,581
5344.653883,2817369768,2817370225,7376,457
5344.665906,2817373435,2817374038,8968,603
5344.677934,2817377248,2817377830,9246,582
5344.689950,2817381048,2817381648,9142,600
5344.701975,2817384874,2817385449,8984,575
5344.714004,2817388625,2817389198,9182,573
5344.726012,2817392421,2817393023,9167,602
5344.738039,2817396343,2817396918,12004,575
5344.750067,2817400179,2817400755,11972,576
5344.762084,2817403978,2817404554,9181,576
5344.774112,2817407791,2817408389,8940,598
5344.786136,2817411604,2817412202,9187,598
5344.798150,2817415413,2817416013,9121,600
5344.810173,2817419229,2817419807,8892,578
5344.822206,2817423024,2817423627,9053,603
5344.834221,2817426874,2817427472,9238,598
5344.846245,2817430712,2817431294,8917,582
5344.858273,2817434512,2817435109,9211,597
5344.870296,2817438472,2817439073,12025,601
5344.882315,2817442324,2817442923,8935,599
5344.894346,2817446189,2817446771,9196,582
5344.906356,2817450011,2817450607,9160,596
5344.918379,2817453826,2817454404,8843,578
5344.930415,2817457654,2817458227,9240,573
5344.942429,2817461465,2817462059,9212,594
5344.954446,2817465439,2817466013,11954,574
5344.966478,2817469389,2817469985,12085,596
5344.978497,2817473235,2817473826,9197,591
5344.990516,2817477049,2817477627,8879,578
5345.002550,2817480873,2817481476,9205,603
5345.014566,2817484712,2817485311,9179,599
5345.026584,2817488576,2817489154,8846,578
5345.038617,2817492370,2817492973,9227,603
5345.050632,2817496212,2817496809,9206,597
5345.062656,2817500041,2817500624,8960,583
5345.074688,2817503890,2817504492,9240,602
5345.086704,2817507743,2817508333,9251,590
5345.098728,2817511542,2817512145,8921,603
5345.110757,2817515415,2817516012,9266,597
5345.122771,2817519244,2817519847,9299,603
5345.134790,2817523052,2817523630,8876,578
5345.146823,2817526892,2817527493,9197,601
5345.170860,2817534532,2817535130,11993,598
5345.182891,2817538547,2817539150,12101,603
5345.194907,2817542367,2817542961,9198,594
5345.206926,2817546183,2817546761,8826,578
5345.218957,2817550017,2817550598,9055,581
5345.230975,2817553840,2817554430,9185,590
5345.242993,2817557806,2817558383,11850,577
5345.255029,2817561796,2817562398,12098,602
5345.267048,2817565730,2817566328,9293,598
5345.279063,2817569803,2817570380,11827,577
5345.291096,2817573804,2817574413,12094,609
5345.303109,2817577836,2817578437,11842,601
5345.315137,2817581804,2817582402,11990,598
5345.327166,2817585864,2817586467,12081,603
5345.339181,2817589691,2817590292,9221,601
5345.351199,2817593504,2817594087,8903,583
5345.363234,2817597457,2817598061,12093,604
5345.375242,2817601420,2817602021,11868,601
5345.387266,2817605419,2817606002,11789,583
5345.399301,2817609393,2817610002,12082,609
5345.411312,2817613331,2817613932,11869,601
5345.423345,2817617318,2817617916,11996,598
5345.433866,2817620703,2817621306,9262,603
5345.445882,2817624529,2817625111,8866,582
5345.457917,2817628336,2817628933,9192,597
5345.469934,2817632225,2817632823,12075,598
5345.481953,2817636067,2817636670,11972,603
5345.493985,2817639894,2817640496,9215,602
5345.506001,2817643766,2817644370,9269,604
5345.518025,2817647622,2817648214,8974,592
5345.530055,2817651443,2817652053,9219,610
5345.542072,2817655325,2817655926,9270,601
5345.554086,2817659275,2817659852,11813,577
5345.568334,2817664572,2817665182,12045,610
5345.581142,2817668757,2817669355,11989,598
5345.606700,2817676742,2817677344,9201,602
5345.618715,2817680592,2817681200,9282,608
5345.630733,2817684433,2817685014,8907,581
5345.642766,2817688282,2817688885,9201,603
5345.654783,2817692133,2817692729,9162,596
5345.666808,2817695955,2817696552,8965,597
5345.678837,2817699808,2817700426,9196,618
5345.690850,2817703640,2817704241,9188,601
5345.702868,2817707654,2817708237,11806,583
5345.714902,2817711495,2817712099,9062,604
5345.726918,2817715324,2817715919,9200,595
5345.738938,2817719143,2817719720,8928,577
5345.750971,2817722959,2817723555,9243,596
5345.762991,2817726751,2817727350,9246,599
5345.775008,2817730608,2817731186,8870,578
5345.787041,2817734611,2817735215,9246,604
5345.799050,2817738676,2817739272,11879,596
5345.811073,2817742763,2817743340,11809,577
5345.823111,2817746806,2817747403,12095,597
5345.835117,2817750732,2817751333,11878,601
5345.847150,2817754774,2817755381,12004,607
5345.859176,2817758783,2817759392,12100,609
5345.871192,2817762627,2817763233,9204,606
5345.883214,2817766475,2817767052,8845,577
5345.895247,2817770607,2817771213,12051,606
5345.907269,2817774537,2817775156,9193,619
5345.919287,2817778624,2817779227,12015,603
5345.931317,2817782688,2817783295,12043,607
5345.943336,2817786742,2817787345,12075,603
5345.953865,2817790220,2817790678,7714,458
5345.965881,2817793977,2817794430,7373,453
5345.977895,2817797654,2817798232,8883,578
5345.989927,2817801445,2817802047,9171,602
5346.001945,2817805310,2817805913,9299,603
5346.013969,2817809136,2817809740,8942,604
5346.025996,2817812981,2817813583,9272,602
5346.038015,2817816844,2817817447,9282,603
5346.050035,2817820712,2817821290,8949,578
5346.062065,2817824531,2817825115,9010,584
5346.074083,2817828375,2817828973,9256,598
5346.086098,2817832313,2817832891,11839,578
5346.098133,2817836234,2817836841,12167,607
5346.110156,2817840111,2817840714,9304,603
5346.122173,2817843965,2817844548,8978,583
5346.134203,2817847782,2817848385,9283,603
5346.146219,2817851630,2817852232,9259,602
5346.191294,2817865716,2817866312,11841,596
5346.203327,2817869731,2817870334,12002,603
5346.215353,2817873752,2817874350,12070,598
5346.225865,2817877110,2817877688,8866,578
5346.237900,2817880902,2817881504,9249,602
5346.249919,2817884755,2817885353,9249,598
5346.261941,2817888566,2817889168,8953,602
5346.273968,2817892364,2817892971,9268,607
5346.285979,2817896240,2817896836,11958,596
5346.298005,2817900068,2817900646,11849,578
5346.310037,2817903883,2817904490,8989,607
5346.322055,2817907780,2817908383,9235,603
5346.334071,2817911605,2817912166,8886,561
5346.346106,2817915378,2817915978,9272,600
5346.358126,2817919236,2817919834,9300,598
5346.370141,2817923221,2817923823,11975,602
5346.382173,2817927179,2817927782,12076,603
5346.394189,2817931005,2817931601,9188,596
5346.406211,2817934980,2817935541,8937,561
5346.418243,2817938802,2817939405,9259,603
5346.430258,2817942642,2817943243,9237,601
5346.442277,2817946462,2817947039,8900,577
5346.454311,2817950280,2817950883,9202,603
5346.466328,2817954162,2817954755,9235,593
5346.478344,2817957976,2817958558,8864,582
5346.490379,2817961805,2817962413,9195,608
5346.502391,2817965786,2817966387,11935,601
5346.514415,2817969822,2817970420,11987,598
5346.526449,2817973626,2817974223,9307,597
5346.538465,2817977471,2817978072,9221,601
5346.550483,2817981296,2817981879,8880,583
5346.562518,2817985122,2817985724,9206,602
5346.574534,2817988975,2817989570,9186,595
5346.586546,2817992990,2817993568,11801,578
5346.598584,2817996937,2817997538,12166,601
5346.610602,2818000798,2818001395,9277,597
5346.622619,2818004629,2818005212,8868,583
5346.634652,2818008447,2818009045,9224,598
5346.646671,2818012267,2818012868,9181,601
5346.658694,2818016106,2818016709,8976,603
5346.670721,2818019980,2818020583,9237,603
5346.682738,2818023825,2818024423,9257,598
5346.694756,2818027636,2818028218,8887,582
5346.706788,2818031479,2818032078,9073,599
5346.718801,2818035453,2818036048,11865,595
5346.730828,2818039441,2818040019,11868,578
5346.742858,2818043292,2818043895,9258,603
5346.754877,2818047101,2818047702,9233,601
5346.766895,2818050934,2818051512,8899,578
5346.778927,2818054779,2818055379,9222,600
5346.790942,2818058599,2818059195,9203,596
5346.802959,2818062595,2818063178,11786,583
5346.814994,2818066608,2818067206,12098,598
5346.827006,2818070584,2818071180,11869,596
5346.839030,2818074546,2818075124,11849,578
5346.851065,2818078603,2818079206,12075,603
5346.863073,2818082702,2818083298,11867,596
5346.875099,2818086736,2818087314,11810,578
5346.887133,2818090640,2818091238,9267,598
5346.899152,2818094531,2818095129,9333,598
5346.966776,2818115502,2818116098,9207,596
5346.978799,2818119350,2818119931,8920,581
5346.990831,2818123195,2818123793,9212,598
5347.002854,2818127126,2818127721,11996,595
5347.014866,2818131129,2818131727,11949,598
5347.026899,2818134999,2818135596,9202,597
5347.038914,2818138813,2818139409,9219,596
5347.050935,2818142654,2818143231,8916,577
5347.062967,2818146507,2818147110,9239,603
5347.076334,2818151822,2818152432,11927,610
5347.142606,2818171937,2818172533,11869,596
5347.154638,2818175780,2818176383,8993,603
5347.166665,2818179616,2818180213,9231,597
5347.178681,2818183448,2818184053,9187,605
5347.190703,2818187281,2818187864,8851,583
5347.202733,2818191256,2818191859,12063,603
5347.214752,2818195291,2818195889,12060,598
5347.226772,2818199146,2818199707,8947,561
5347.238801,2818202987,2818203589,9234,602
5347.250821,2818206801,2818207397,9295,596
5347.262840,2818210642,2818211219,8910,577
5347.274871,2818214488,2818215091,9223,603
5347.286887,2818218335,2818218931,9234,596
5347.298904,2818222146,2818222729,8909,583
5347.310939,2818225996,2818226604,9250,608
5347.322954,2818229822,2818230423,9214,601
5347.334971,2818233815,2818234393,11789,578
5347.347006,2818237822,2818238419,12095,597
5347.359016,2818241765,2818242361,11872,596
5347.371046,2818245652,2818246235,8878,583
5347.383074,2818249560,2818250169,9210,609
5347.395087,2818253620,2818254213,11866,593
5347.407106,2818257695,2818258273,11790,578
5347.419143,2818261727,2818262330,9210,603
5347.431156,2818265759,2818266360,11867,601
5347.443179,2818269703,2818270281,11871,578
5347.455213,2818273670,2818274263,12086,593
5347.467220,2818277579,2818278175,11883,596
5347.479247,2818281542,2818282125,11805,583
5347.491280,2818285521,2818286119,12071,598
5347.503298,2818289357,2818289960,9270,603
5347.515320,2818293192,2818293788,8997,596
5347.527349,2818297152,2818297753,12090,601
5347.537860,2818300513,2818301091,8873,578
5347.549892,2818304354,2818304958,9036,604
5347.561911,2818308221,2818308817,9293,596
5347.573930,2818312044,2818312622,8912,578
5347.585962,2818315845,2818316441,12188,596
5347.597986,2818319682,2818320279,12119,597
5347.610002,2818323532,2818324108,8883,576
5347.622031,2818327358,2818327954,9254,596
5347.634050,2818331226,2818331829,9232,603
5347.646067,2818335051,2818335629,8850,578
5347.658100,2818338877,2818339479,9239,602
5347.670118,2818342732,2818343336,9221,604
5347.682135,2818346562,2818347145,8881,583
5347.694170,2818350345,2818350945,9233,600
5347.706184,2818354189,2818354790,9153,601
5347.718203,2818358208,2818358786,11836,578
5347.730237,2818362149,2818362752,12056,603
5347.742255,2818365997,2818366593,9198,596
5347.754272,2818369835,2818370413,8917,578
5347.766307,2818373658,2818374261,9208,603
5347.778322,2818377500,2818378103,9230,603
5347.790343,2818381335,2818381913,8953,578
5347.802374,2818385298,2818385901,12082,603
5347.814381,2818389292,2818389893,11870,601
5347.826411,2818393260,2818393838,8916,578
5347.838444,2818397110,2818397708,9235,598
5347.850461,2818400965,2818401568,9253,603
5347.862483,2818404811,2818405393,8935,582
5347.874512,2818408653,2818409236,9159,583
5347.885022,2818412508,2818413128,11956,620
5347.895547,2818417029,2818418159,15130,1130
5347.906071,2818423220,2818423887,8937,667
5347.918093,2818427478,2818428087,12086,609
5347.930108,2818431524,2818432133,11967,609
5347.942139,2818435459,2818436068,8944,609
5347.954163,2818439386,2818439994,9261,608
5347.966175,2818443292,2818443870,8920,578
5347.978210,2818447090,2818447685,9250,595
5347.990225,2818450916,2818451511,9158,595
5348.002241,2818454897,2818455475,11878,578
5348.014277,2818458849,2818459446,12081,597
5348.026295,2818462690,2818463281,9203,591
5348.038315,2818466692,2818467270,8931,578
5348.050345,2818470513,2818471111,9259,598
5348.062363,2818474326,2818474928,9213,602
5348.074384,2818478175,2818478752,8918,577
5348.086414,2818481975,2818482573,9190,598
5348.098432,2818485827,2818486430,9226,603
5348.110449,2818489651,2818490232,8884,581
5348.122482,2818493462,2818494065,9234,603
5348.134490,2818497434,2818498024,11875,590
5348.146519,2818501387,2818501991,11968,604
5348.166050,2818507609,2818508205,11882,596
5348.178081,2818511462,2818512043,8914,581
5348.190110,2818515247,2818515849,9235,602
5348.202123,2818519189,2818519795,11971,606
5348.214150,2818523156,2818523734,11845,578
5348.226182,2818526947,2818527544,9222,597
5348.238193,2818531091,2818531693,12023,602
5348.254725,2818536468,2818537066,11957,598
5348.389985,2818575488,2818576074,5370,586
5348.402016,2818579042,2818579639,12216,597
5348.414033,2818582932,2818583527,12063,595
5348.426054,2818586774,2818587353,8909,579
5348.438084,2818590613,2818591215,9244,602
5348.450100,2818594455,2818595056,9102,601
5348.462122,2818598291,2818598874,8958,583
5348.474152,2818602104,2818602711,9212,607
5348.486170,2818605960,2818606563,9234,603
5348.498187,2818609801,2818610384,8885,583
5348.510222,2818613595,2818614195,9298,600
5348.522238,2818617414,2818618004,9217,590
5348.534255,2818621384,2818621962,11833,578
5348.546290,2818625414,2818626017,12053,603
5348.560331,2818630550,2818631147,12022,597
5348.579347,2818636460,2818637058,12003,598
5348.589873,2818640393,2818640991,9228,598
5348.601891,2818644253,2818644835,8941,582
5348.613922,2818648114,2818648568,7664,454
5348.625941,2818651847,2818652445,9243,598
5348.637959,2818655736,2818656345,8901,609
5348.649985,2818659644,2818660247,8897,603
5348.662009,2818663507,2818664111,9191,604
5348.674027,2818667408,2818668011,8983,603
5348.686054,2818671281,2818671884,8935,603
5348.698077,2818675149,2818675752,9199,603
5348.710095,2818679039,2818679646,8959,607
5348.722122,2818682937,2818683545,8965,608
5348.734145,2818686945,2818687552,12083,607
5348.746161,2818690945,2818691548,11977,603
5348.758191,2818694825,2818695423,8949,598
5348.770215,2818698701,2818699304,9199,603
5348.782232,2818702574,2818703172,8927,598
5348.794259,2818706452,2818707059,8958,607
5348.806282,2818710335,2818710943,9231,608
5348.818301,2818714220,2818714828,8952,608
5348.830328,2818718255,2818718852,12040,597
5348.842350,2818722124,2818722722,9202,598
5348.854369,2818726118,2818726721,8945,603
5348.866396,2818730000,2818730603,8925,603
5348.878421,2818733876,2818734480,9202,604
5348.890438,2818737755,2818738353,8995,598
5348.902464,2818741638,2818742246,8933,608
5348.914489,2818745511,2818746114,9226,603
5348.926507,2818749380,2818749977,9036,597
5348.938533,2818753249,2818753852,8953,603
5348.950556,2818757260,2818757858,12089,598
5348.962571,2818761272,2818761870,11976,598
5348.974601,2818765152,2818765755,8888,603
5348.986626,2818769030,2818769633,9199,603
5348.998644,2818772901,2818773498,8961,597
5349.010670,2818776775,2818777377,8926,602
5349.022694,2818780636,2818781239,9243,603
5349.034711,2818784660,2818785263,12013,603
5349.046741,2818788862,2818789466,12039,604
5349.058762,2818792739,2818793332,9252,593
5349.070780,2818796614,2818797217,8940,603
5349.082808,2818800643,2818801241,12029,598
5349.094829,2818804514,2818805123,9204,609
5349.106847,2818808378,2818808959,8973,581
5349.118874,2818812219,2818812822,8986,603
5349.130899,2818816103,2818816701,9237,598
5349.141419,2818819618,2818820215,12038,597
5349.169969,2818828653,2818829257,12026,604
5349.181996,2818832524,2818833127,8939,603
5349.194020,2818836402,2818837003,9187,601
5349.206038,2818840277,2818840874,9010,597
5349.218065,2818844163,2818844761,8950,598
5349.230089,2818848117,2818848715,12087,598
5349.242107,2818851990,2818852582,8954,592
5349.254135,2818855988,2818856591,12035,603
5349.266158,2818859857,2818860460,9214,603
5349.278177,2818863747,2818864351,8959,604
5349.290204,2818867623,2818868226,8897,603
5349.302228,2818871488,2818872096,9208,608
5349.314246,2818875370,2818875968,8983,598
5349.326272,2818879247,2818879852,8959,605
5349.338296,2818883132,2818883735,9235,603
5349.350310,2818887169,2818887767,11976,598
5349.362340,2818891206,2818891809,12036,603
5349.372853,2818894736,2818895340,11992,604
5349.390889,2818900518,2818901121,9013,603
5349.402919,2818904546,2818905144,12039,598
5349.414939,2818908408,2818909011,9248,603
5349.426956,2818912433,2818913035,11976,602
5349.438985,2818916321,2818916924,8948,603
5349.451011,2818920322,2818920925,12102,603
5349.463025,2818924359,2818924967,11979,608
5349.475053,2818928346,2818928939,8977,593
5349.487080,2818932452,2818933055,12092,603
5349.499095,2818936454,2818937057,8942,603
5349.511122,2818940575,2818941183,12042,608
5349.523148,2818944660,2818945263,12113,603
5349.535163,2818948607,2818949210,9027,603
5349.547190,2818952499,2818953107,8881,608
5349.559217,2818956533,2818957135,12091,602
5349.571234,2818960544,2818961147,12012,603
5349.583262,2818964563,2818965166,12041,603
5349.595283,2818968554,2818969158,12070,604
5349.607302,2818972551,2818973154,12011,603
5349.619329,2818976579,2818977177,12043,598
5349.631352,2818980601,2818981204,12129,603
5349.641873,2818983997,2818984595,8996,598
5349.653895,2818987864,2818988471,9215,607
5349.670423,2818993288,2818993891,9021,603
5349.682450,2818997143,2818997746,8990,603
5349.694474,2819001007,2819001611,9237,604
5349.704993,2819004526,2819005129,12056,603
5349.717014,2819008406,2819009009,9220,603
5349.732043,2819013360,2819013963,12036,603
5349.747066,2819018180,2819018788,8946,608
5349.759095,2819022326,2819022927,12038,601
5349.771119,2819026451,2819027049,12086,598
5349.783135,2819030530,2819031133,12004,603
5349.795163,2819034586,2819035184,12043,598
5349.807186,2819038621,2819039224,12119,603
5349.819204,2819042632,2819043230,12014,598
5349.831232,2819046627,2819047225,12040,598
5349.843253,2819050480,2819051086,9196,606
5349.855274,2819054508,2819055106,12008,598
5349.867299,2819058642,2819059245,12039,603
5349.879321,2819062624,2819063227,12068,603
5349.891341,2819066642,2819067235,12014,593
5349.901867,2819070027,2819070625,9242,598
5349.913884,2819073894,2819074492,8990,598
5349.925912,2819077765,2819078366,8962,601
5349.937933,2819081635,2819082233,9275,598
5349.970995,2819092195,2819092798,12039,603
5349.983021,2819096231,2819096834,12092,603
5349.995037,2819100263,2819100861,12018,598
5350.007067,2819104360,2819104963,12046,603
5350.019088,2819108454,2819109057,12117,603
5350.031105,2819112563,2819113166,12027,603
5350.043132,2819116525,2819117125,8903,600
5350.055158,2819120628,2819121231,12091,603
5350.067176,2819124682,2819125280,12017,598
5350.079205,2819128733,2819129331,12040,598
5350.091226,2819133273,2819133876,12064,603
5350.103246,2819137333,2819137915,12016,582
5350.115273,2819141291,2819141872,12039,581
5350.127295,2819145274,2819145881,12118,607
5350.139313,2819149290,2819149893,12013,603
5350.151339,2819153170,2819153773,8965,603
5350.161858,2819156590,2819157037,7611,447
5350.173885,2819160321,2819160924,8956,603
5350.185906,2819164219,2819164816,9128,597
5350.205450,2819170431,2819170879,7667,448
5350.243009,2819182098,2819182700,8974,602
5350.255038,2819186116,2819186714,12039,598
5350.270060,2819191101,2819191705,11990,604
5350.282088,2819194977,2819195584,8901,607
5350.294113,2819198852,2819199441,9229,589
5350.306130,2819202736,2819203334,8911,598
5350.318157,2819206609,2819207212,8894,603
5350.330181,2819210468,2819211071,9210,603
5350.342199,2819214336,2819214937,8981,601
5350.352724,2819217775,2819218378,12084,603
5350.387280,2819228814,2819229417,11985,603
5350.399312,2819232815,2819233418,12062,603
5350.411332,2819236815,2819237413,12115,598
5350.421854,2819240208,2819240795,8903,587
5350.433879,2819244033,2819244635,9266,602
5350.445897,2819247899,2819248497,8942,598
5350.457923,2819251792,2819252410,8921,618
5350.469947,2819255686,2819256289,9235,603
5350.481965,2819259704,2819260302,8902,598
5350.493992,2819263584,2819264181,8926,597
5350.506016,2819267452,2819268050,9206,598
5350.518033,2819271334,2819271937,8962,603
5350.530060,2819275221,2819275822,8932,601
5350.542085,2819279079,2819279680,9196,601
5350.554102,2819282965,2819283568,8995,603
5350.566128,2819286940,2819287543,12041,603
5350.578152,2819290933,2819291541,12101,608
5350.590171,2819294808,2819295400,8971,592
5350.602197,2819298691,2819299299,8956,608
5350.614222,2819302598,2819303195,9244,597
5350.626239,2819306464,2819307061,8960,597
5350.638265,2819310313,2819310916,8980,603
5350.650290,2819314180,2819314782,9217,602
5350.662308,2819318060,2819318663,8957,603
5350.674334,2819321922,2819322524,8970,602
5350.686360,2819325837,2819326445,9265,608
5350.698378,2819329717,2819330319,8990,602
5350.710405,2819333590,2819334194,8922,604
5350.722429,2819337479,2819338092,9184,613
5350.734446,2819341364,2819341957,8937,593
5350.746473,2819345230,2819345843,8936,613
5350.758498,2819349107,2819349708,9235,601
5350.770515,2819352964,2819353578,9009,614
5350.782540,2819356990,2819357591,12051,601
5350.794565,2819361026,2819361634,12104,608
5350.806583,2819364906,2819365504,9006,598
5350.818609,2819368767,2819369365,8971,598
5350.830635,2819372623,2819373226,9274,603
5350.842652,2819376504,2819377106,8994,602
5350.854678,2819380401,2819381004,8932,603
5350.866703,2819384282,2819384880,9268,598
5350.878720,2819388179,2819388782,8956,603
5350.890746,2819392072,2819392670,8980,598
5350.902770,2819395950,2819396553,9224,603
5350.914792,2819399870,2819400473,8918,603
5350.926814,2819403963,2819404567,12046,604
5350.938837,2819407909,2819408512,8972,603
5350.950859,2819411835,2819412444,8922,609
5350.962883,2819415773,2819416386,8921,613
5350.974906,2819419716,2819420333,8922,617
5350.986928,2819423650,2819424258,8913,608
5350.998951,2819427725,2819428333,12039,608
5351.010976,2819431817,2819432412,12040,595
5351.022993,2819435687,2819436285,8934,598
5351.035022,2819439694,2819440297,12043,603
5351.047044,2819443592,2819444195,9216,603
5351.059063,2819447699,2819448301,12010,602
5351.071091,2819451821,2819452424,12043,603
5351.083111,2819455826,2819456424,9207,598
5351.095128,2819459990,2819460587,11990,597
5351.107159,2819464040,2819464643,12043,603
5351.119181,2819468104,2819468707,12074,603
5351.131200,2819472126,2819472724,12014,598
5351.143229,2819476141,2819476749,12068,608
5351.155249,2819480025,2819480628,9222,603
5351.170280,2819484958,2819485561,12036,603
5351.182302,2819488984,2819489587,12084,603
5351.194317,2819492986,2819493584,11976,598
5351.206348,2819496861,2819497454,8936,593
5351.218372,2819500729,2819501332,9252,603
5351.230389,2819504595,2819505198,8941,603
5351.242416,2819508445,2819509047,8906,602
5351.254439,2819512319,2819512917,9192,598
5351.266458,2819516186,2819516789,8944,603
5351.278484,2819520057,2819520660,8895,603
5351.290507,2819523930,2819524542,9233,612
5351.302525,2819527821,2819528418,8926,597
5351.314552,2819531691,2819532294,8958,603
5351.326576,2819535569,2819536168,9212,599
5351.338593,2819539427,2819540030,8983,603
5351.350620,2819543303,2819543911,8921,608
5351.362644,2819547183,2819547781,9229,598
5351.374662,2819551052,2819551653,8968,601
5351.386689,2819554912,2819555517,8891,605
5351.398712,2819558965,2819559563,12098,598
5351.410727,2819562987,2819563590,11979,603
5351.422757,2819566858,2819567461,8944,603
5351.434782,2819570727,2819571335,9260,608
5351.446797,2819574603,2819575205,9012,602
5351.458826,2819578487,2819579089,8905,602
5351.470849,2819582353,2819582960,9245,607
5351.482866,2819586221,2819586824,9001,603
5351.494893,2819590084,2819590687,8933,603
5351.506917,2819593968,2819594566,9177,598
5351.518934,2819597838,2819598441,8980,603
5351.530961,2819601710,2819602308,8930,598
5351.542986,2819605578,2819606177,9249,599
5351.555003,2819609472,2819610070,8952,598
5351.567030,2819613343,2819613951,8929,608
5351.579054,2819617298,2819617896,9235,598
5351.591074,2819621411,2819622018,12008,607
5351.603102,2819625902,2819626505,12048,603
5351.615123,2819630050,2819630652,12075,602
5351.627139,2819634067,2819634670,11986,603
5351.639169,2819638113,2819638711,12043,598
5351.651192,2819642151,2819642753,12079,602
5351.663209,2819646180,2819646778,12017,598
5351.675239,2819650191,2819650793,12036,602
5351.687260,2819654187,2819654784,12066,597
5351.699277,2819658041,2819658624,8996,583
5351.711305,2819661929,2819662511,8916,582
5351.723332,2819665894,2819666492,12088,598
5351.733852,2819669305,2819669886,8946,581
5351.745874,2819673152,2819673734,9227,582
5351.757893,2819677006,2819677612,8961,606
5351.769920,2819680893,2819681476,8917,583
5351.781943,2819684760,2819685363,12086,603
5351.793958,2819688646,2819689244,11974,598
5351.805988,2819692514,2819693112,8946,598
5351.818013,2819696385,2819696998,9263,613
5351.830030,2819700260,2819700858,8928,598
5351.842057,2819704139,2819704746,8948,607
5351.854081,2819707997,2819708584,9246,587
5351.866099,2819711867,2819712465,8876,598
5351.878125,2819715731,2819716334,8938,603
5351.890150,2819719603,2819720206,9249,603
5351.902168,2819723480,2819724077,8943,597
5351.914191,2819727553,2819728155,12044,602
5351.926216,2819731548,2819732146,12099,598
5351.938234,2819735427,2819736030,8961,603
5351.950261,2819739303,2819739911,8951,608
5351.962285,2819743175,2819743778,9218,603
5351.974303,2819747047,2819747648,8924,601
5351.986329,2819750919,2819751522,8951,603
5351.998353,2819754933,2819755536,12084,603
5352.010368,2819758962,2819759570,11970,608
5352.022398,2819762821,2819763418,8944,597
5352.034422,2819766697,2819767300,9261,603
5352.046440,2819770563,2819771171,8989,608
5352.058466,2819774440,2819775037,8977,597
5352.070491,2819778317,2819778915,9196,598
5352.082508,2819782199,2819782796,8949,597
5352.094533,2819786062,2819786664,8924,602
5352.106559,2819790113,2819790721,12093,608
5352.118578,2819794022,2819794620,8980,598
5352.130604,2819798053,2819798650,12041,597
5352.142629,2819801924,2819802505,9235,581
5352.237309,2819831574,2819832172,12084,598
5352.249323,2819835589,2819836187,11977,598
5352.262852,2819840056,2819840639,12014,583
5352.274878,2819843896,2819844502,8917,606
5352.286902,2819847751,2819848354,9264,603
5352.298919,2819851630,2819852227,8953,597
5352.310946,2819855530,2819856132,8888,602
5352.322970,2819859418,2819860026,9222,608
5352.334988,2819863294,2819863882,8940,588
5352.347017,2819867278,2819867886,12044,608
5352.359040,2819871358,2819871962,12086,604
5352.371059,2819875391,2819875994,12013,603
5352.383083,2819879371,2819879974,8927,603
5352.395108,2819883351,2819883954,9221,603
5352.407128,2819887493,2819888099,12016,606
5352.419154,2819891582,2819892164,12040,582
5352.431177,2819895562,2819896170,12072,608
5352.443194,2819899589,2819900187,12026,598
5352.455224,2819903591,2819904189,12038,598
5352.467245,2819907598,2819908195,12079,597
5352.479262,2819911598,2819912180,12013,582
5352.491292,2819915589,2819916201,12059,612
5352.503312,2819919578,2819920181,12072,603
5352.515330,2819923450,2819924053,8988,603
5352.525863,2819926930,2819927383,7524,453
5352.537874,2819930654,2819931252,8944,598
5352.549908,2819934643,2819935089,7532,446
5352.561922,2819938337,2819938934,9240,597
5352.573943,2819942185,2819942759,8888,574
5352.585972,2819945990,2819946591,9212,601
5352.597987,2819949874,2819950477,12022,603
5352.610010,2819953729,2819954327,11975,598
5352.622040,2819957538,2819958128,9235,590
5352.634057,2819961342,2819961936,9166,594
5352.646078,2819965169,2819965746,8908,577
5352.658108,2819968981,2819969581,9010,600
5352.670126,2819972842,2819973445,9259,603
5352.682146,2819976686,2819977263,8876,577
5352.694176,2819980490,2819981086,9213,596
5352.706197,2819984330,2819984930,9230,600
5352.718215,2819988167,2819988743,8940,576
5352.730247,2819992130,2819992721,12173,591
5352.742262,2819996134,2819996732,12059,598
5352.754281,2819999951,2820000528,8894,577
5352.766314,2820003764,2820004360,9213,596
5352.778331,2820007581,2820008172,9285,591
5352.790348,2820011399,2820011979,8831,580
5352.802382,2820015214,2820015806,9217,592
5352.814394,2820019173,2820019774,11933,601
5352.826421,2820023136,2820023739,11975,603
5352.838454,2820026942,2820027533,9258,591
5352.850467,2820030764,2820031360,9243,596
5352.862486,2820034620,2820035197,8909,577
5352.874522,2820038429,2820039031,9239,602
5352.886538,2820042259,2820042860,9224,601
5352.898555,2820046068,2820046645,8882,577
5352.910589,2820049869,2820050467,9204,598
5352.922605,2820053703,2820054298,9260,595
5352.934627,2820057555,2820058117,8895,562
5352.946655,2820061532,2820062135,12054,603
5352.958675,2820065518,2820066116,12103,598
5352.970692,2820069350,2820069912,8870,562
5352.982727,2820073165,2820073763,9236,598
5352.994745,2820077014,2820077612,9236,598
5353.006767,2820080829,2820081429,8945,600
5353.018795,2820084680,2820085283,9260,603
5353.030803,2820088671,2820089267,11887,596
5353.042831,2820092617,2820093219,11978,602
5353.054863,2820096445,2820097048,9082,603
5353.066878,2820100289,2820100884,9214,595
5353.078896,2820104089,2820104666,8879,577
5353.090931,2820107897,2820108503,9251,606
5353.102952,2820112186,2820112799,12078,613
5353.114968,2820116045,2820116622,8930,577
5353.126999,2820119876,2820120473,9193,597
5353.139014,2820123707,2820124313,9199,606
5353.151036,2820127586,2820128162,8897,576
5353.163070,2820131677,2820132269,12088,592
5353.175076,2820135704,2820136305,11878,601
5353.187100,2820139771,2820140347,11826,576
5353.199137,2820143721,2820144329,9189,608
5353.211154,2820147680,2820148278,9202,598
5353.223171,2820151652,2820152232,11839,580
5353.235205,2820155629,2820156227,12070,598
5353.247212,2820159551,2820160152,11868,601
5353.259246,2820163519,2820164112,11994,593
5353.286292,2820172042,2820172620,11828,578
5353.298327,2820175856,2820176458,9245,602
5353.310344,2820179709,2820180317,9276,608
5353.322361,2820183521,2820184082,8898,561
5353.334392,2820187349,2820187952,9248,603
5353.346406,2820191345,2820191941,11931,596
5353.358433,2820195358,2820195956,11986,598
5353.370463,2820199190,2820199772,9233,582
5353.382479,2820203005,2820203600,9240,595
5353.394501,2820206831,2820207408,8892,577
5353.406534,2820210671,2820211271,9191,600
5353.418549,2820214500,2820215096,9201,596
5353.430562,2820218501,2820219084,11804,583
5353.442601,2820222461,2820223058,12144,597
5353.454617,2820226317,2820226914,9241,597
5353.466634,2820230128,2820230705,8860,577
5353.478668,2820233935,2820234538,9221,603
5353.490684,2820237763,2820238358,9209,595
5353.502711,2820241582,2820242185,8971,603
5353.514739,2820245436,2820246013,9228,577
5353.526756,2820249264,2820249867,9279,603
5353.538776,2820253206,2820253782,8932,576
5353.550804,2820257042,2820257650,9009,608
5353.562813,2820261018,2820261613,11868,595
5353.574843,2820265025,2820265615,11976,590
5353.586873,2820268873,2820269476,9200,603
5353.598893,2820272706,2820273307,9271,601
5353.610912,2820276535,2820277097,8919,562
5353.622942,2820280352,2820280944,9239,592
5353.634954,2820284123,2820284719,9198,596
5353.646974,2820288090,2820288667,11788,577
5353.659010,2820292059,2820292660,12137,601
5353.671023,2820296017,2820296613,11866,596
5353.683044,2820300058,2820300634,11830,576
5353.695079,2820304094,2820304692,12077,598
5353.707088,2820308185,2820308785,11868,600
5353.719119,2820312161,2820312739,11838,578
5353.731148,2820316117,2820316720,9239,603
5353.743164,2820320106,2820320698,9237,592
5353.755181,2820324078,2820324660,11799,582
5353.767216,2820328051,2820328654,12091,603
5353.779228,2820332004,2820332600,11864,596
5353.791254,2820335939,2820336537,11986,598
5353.803284,2820339922,2820340525,12098,603
5353.815300,2820343763,2820344359,9223,596
5353.827319,2820347573,2820348156,8861,583
5353.839354,2820351517,2820352117,12084,600
5353.849870,2820354891,2820355489,8960,598
5353.861898,2820358751,2820359359,9230,608
5353.873916,2820362609,2820363212,9242,603
5353.885932,2820366426,2820367003,8816,577
5353.897967,2820370207,2820370814,9085,607
5353.909985,2820374080,2820374677,9231,597
5353.922003,2820377888,2820378470,8831,582
5353.934036,2820381706,2820382307,9164,601
5353.946056,2820385610,2820386208,12070,598
5353.956578,2820389127,2820389727,12161,600
5354.127902,2820435135,2820435740,9308,605
5354.138416,2820437966,2820438572,8943,606
5354.150444,2820441798,2820442390,9251,592
5354.162463,2820445668,2820446266,9240,598
5354.174485,2820449638,2820450231,11978,593
5354.186517,2820453474,2820454055,9263,581
5354.198532,2820457323,2820457926,9280,603
5354.210550,2820461136,2820461712,8856,576
5354.222584,2820464951,2820465551,9244,600
5354.234600,2820468813,2820469407,9127,594
5354.246621,2820472783,2820473381,11980,598
5354.258652,2820476783,2820477381,12095,598
5354.270668,2820480606,2820481195,9208,589
5354.282683,2820484585,2820485162,11803,577
5354.294720,2820488408,2820489011,8991,603
5354.306735,2820492246,2820492847,9201,601
5354.318756,2820496055,2820496638,8904,583
5354.330789,2820499868,2820500465,9244,597
5354.342809,2820503695,2820504298,9311,603
5354.354828,2820507645,2820508223,8945,578
5354.366857,2820511473,2820512070,9255,597
5354.378867,2820515425,2820516020,11875,595
5354.390893,2820519409,2820520002,12005,593
5354.402927,2820523262,2820523865,9260,603
5354.414941,2820527105,2820527701,9220,596
5354.426959,2820530906,2820531467,8862,561
5354.438993,2820534724,2820535318,9220,594
5354.451004,2820538712,2820539313,11870,601
5354.463026,2820542683,2820543260,11793,577
5354.475064,2820546680,2820547281,12104,601
5354.487075,2820550745,2820551341,11871,596
5354.499094,2820554782,2820555358,11818,576
5354.511134,2820558820,2820559423,12093,603
5354.523140,2820562838,2820563444,11843,606
5354.535164,2820566793,2820567354,11821,561
5354.547199,2820570600,2820571203,9280,603
5354.559220,2820574560,2820575163,9308,603
5354.571234,2820578500,2820579077,11842,577
5354.583267,2820582472,2820583069,12072,597
5354.595289,2820586413,2820587006,12052,593
5354.608334,2820591290,2820591896,12052,606
5354.692968,2820617288,2820617870,11974,582
5354.759104,2820637762,2820638363,12193,601
5354.771115,2820641872,2820642467,11869,595
5354.783138,2820645864,2820646440,11818,576
5354.795172,2820649830,2820650428,12090,598
5354.807182,2820653797,2820654398,11867,601
5354.819208,2820657772,2820658354,11824,582
5354.831239,2820661767,2820662369,12072,602
5354.843257,2820665582,2820666175,9256,593
5354.855276,2820669513,2820670093,11871,580
5354.867311,2820673486,2820674083,12079,597
5354.879318,2820677383,2820677979,11880,596
5354.889852,2820680697,2820681299,9049,602
5354.901868,2820684501,2820685102,9175,601
5354.961989,2820702909,2820703510,12097,601
5354.974007,2820706796,2820707394,12059,598
5354.986026,2820710606,2820711183,8894,577
5354.998059,2820714444,2820715045,9231,601
5355.010075,2820718245,2820718846,9208,601
5355.022093,2820722058,2820722639,8856,581
5355.034128,2820725869,2820726465,9233,596
5355.046146,2820729716,2820730317,9216,601
5355.058164,2820733658,2820734266,11976,608
5355.070196,2820737511,2820738107,9223,596
5355.082212,2820741327,2820741922,9183,595
5355.094231,2820745147,2820745723,8863,576
5355.106266,2820748925,2820749521,9281,596
5355.118282,2820752768,2820753366,9217,598
5355.130298,2820756571,2820757153,8859,582
5355.142333,2820760387,2820760990,9220,603
5355.166367,2820768056,2820768633,11870,577
5355.178402,2820772040,2820772643,12084,603
5355.190419,2820776028,2820776631,12057,603
5355.202436,2820779841,2820780417,8891,576
5355.214472,2820783664,2820784262,9279,598
5355.226487,2820787529,2820788124,9220,595
5355.238512,2820791359,2820791955,8931,596
5355.250540,2820795218,2820795816,9234,598
5355.262546,2820799178,2820799774,11873,596
5355.274576,2820803141,2820803744,11974,603
5355.286607,2820806986,2820807578,9083,592
5355.298624,2820810828,2820811422,9213,594
5355.310642,2820814642,2820815219,8906,577
5355.322676,2820818431,2820819029,9213,598
5355.334696,2820822273,2820822879,9233,606
5355.346713,2820826103,2820826679,8902,576
5355.358743,2820829885,2820830481,9227,596
5355.370759,2820833710,2820834308,9170,598
5355.382785,2820837520,2820838102,8947,582
5355.394812,2820841505,2820842108,12089,603
5355.406818,2820845493,2820846093,11867,600
5355.418850,2820849297,2820849874,8925,577
5355.430881,2820853128,2820853736,9190,608
5355.442896,2820856976,2820857571,9204,595
5355.454914,2820860776,2820861357,8903,581
5355.466948,2820864608,2820865205,9230,597
5355.478956,2820868564,2820869159,11869,595
5355.490987,2820872541,2820873144,11974,603
5355.503020,2820876542,2820877134,12088,592
5355.515027,2820880528,2820881108,11863,580
5355.527052,2820884541,2820885118,11812,577
5355.539087,2820888575,2820889178,12094,603
5355.551096,2820892664,2820893260,11843,596
5355.563119,2820896575,2820897158,8871,583
5355.575153,2820900425,2820901028,9190,603
5355.587173,2820904454,2820905061,12089,607
5355.599191,2820908409,2820908986,11817,577
5355.611224,2820912307,2820912903,12099,596
5355.623231,2820916243,2820916844,11858,601
5355.635264,2820920183,2820920775,11991,592
5355.647294,2820924164,2820924762,12088,598
5355.659300,2820928108,2820928688,11841,580
5355.671326,2820932015,2820932588,11815,573
5355.683361,2820935964,2820936556,12045,592
5355.693874,2820939305,2820939882,8958,577
5355.705904,2820943095,2820943697,9225,602
5355.717922,2820946941,2820947544,9270,603
5355.729940,2820950747,2820951328,8813,581
5355.741973,2820954554,2820955149,9212,595
5355.753988,2820958323,2820958922,9202,599
5355.766007,2820962137,2820962719,8880,582
5355.778042,2820965981,2820966582,12165,601
5355.790062,2820969899,2820970497,12076,598
5355.802077,2820973711,2820974288,8884,577
5355.814111,2820977518,2820978119,9235,601
5355.826128,2820981345,2820981943,9226,598
5355.838146,2820985208,2820985783,8862,575
5355.850179,2820989039,2820989640,9183,601
5355.862196,2820992889,2820993481,9271,592
5355.874213,2820996826,2820997403,11815,577
5355.886249,2821000625,2821001223,9212,598
5355.898265,2821004447,2821005050,9210,603
5355.910283,2821008264,2821008841,8878,577
5355.922319,2821012080,2821012682,9264,602
5355.934340,2821015991,2821016599,9233,608
5355.946354,2821020042,2821020650,11992,608
5355.958386,2821023938,2821024551,8975,613
5355.970409,2821027851,2821028463,9260,612
5355.982426,2821031759,2821032371,8977,612
5355.994450,2821035848,2821036456,12038,608
5356.006460,2821039852,2821040447,11858,595
5356.018492,2821043691,2821044269,8952,578
5356.030520,2821047522,2821048120,9057,598
5356.042538,2821051372,2821051962,9215,590
5356.054557,2821055175,2821055750,8861,575
5356.066590,2821058995,2821059597,9230,602
5356.078610,2821062812,2821063413,9204,601
5356.090627,2821066794,2821067392,11954,598
5356.102657,2821070589,2821071185,9267,596
5356.116335,2821075925,2821076535,11939,610
5356.146233,2821084992,2821085589,12020,597
5356.186804,2821097653,2821098253,11892,600
5356.198834,2821101511,2821102073,8921,562
5356.210866,2821105475,2821106073,12087,598
5356.222872,2821109460,2821110055,11887,595
5356.234898,2821113284,2821113861,8880,577
5356.246931,2821117130,2821117727,9200,597
5356.258940,2821121107,2821121708,11872,601
5356.270971,2821124943,2821125518,8953,575
5356.283000,2821128767,2821129370,9232,603
5356.295010,2821132782,2821133378,11872,596
5356.307038,2821136768,2821137360,11958,592
5356.319069,2821140804,2821141401,12076,597
5356.331089,2821144884,2821145482,12043,598
5356.343104,2821149003,2821149586,11811,583
5356.355139,2821153069,2821153669,12088,600
5356.367149,2821157070,2821157676,11879,606
5356.379179,2821160900,2821161503,8990,603
5356.391205,2821164770,2821165368,9240,598
5356.403216,2821168786,2821169380,11843,594
5356.415241,2821172713,2821173290,11822,577
5356.427274,2821176675,2821177278,12047,603
5356.439286,2821180615,2821181211,11881,596
5356.451310,2821184553,2821185131,11858,578
5356.463342,2821188526,2821189129,12084,603
5356.473860,2821191903,2821192480,8927,577
5356.485890,2821195733,2821196328,9229,595
5356.497906,2821199547,2821200150,9232,603
5356.509923,2821203370,2821203952,8895,582
5356.521959,2821207170,2821207772,9289,602
5356.533976,2821211045,2821211643,9273,598
5356.545996,2821214876,2821215452,8925,576
5356.558027,2821218678,2821219273,9254,595
5356.570044,2821222528,2821223134,9230,606
5356.582060,2821226378,2821226960,8898,582
5356.594094,2821230251,2821230848,12177,597
5356.606112,2821234250,2821234853,12063,603
5356.618129,2821238059,2821238636,8880,577
5356.630164,2821241905,2821242503,9256,598
5356.642179,2821245733,2821246336,9235,603
5356.654196,2821249547,2821250123,8868,576
5356.666231,2821253362,2821253964,9245,602
5356.678250,2821257201,2821257804,9233,603
5356.690265,2821261000,2821261582,8894,582
5356.702300,2821264813,2821265414,9220,601
5356.714317,2821268684,2821269280,9284,596
5356.726341,2821272502,2821273105,8965,603
5356.738369,2821276343,2821276940,9277,597
5356.750385,2821280199,2821280775,9245,576
5356.762404,2821284012,2821284589,8845,577
5356.774436,2821287789,2821288389,9081,600
5356.786454,2821291625,2821292219,9183,594
5356.798473,2821295415,2821295992,8883,577
5356.810502,2821299416,2821300014,12073,598
5356.822527,2821303398,2821303998,12006,600
5356.834544,2821307244,2821307836,8932,592
5356.846575,2821311086,2821311689,9188,603
5356.858590,2821314906,2821315500,9215,594
5356.870611,2821318727,2821319308,8897,581
5356.882643,2821322556,2821323158,9230,602
5356.894647,2821326548,2821327148,11869,600
5357.002857,2821359776,2821360375,11840,599
5357.014884,2821363589,2821364171,8912,582
5357.026916,2821367548,2821368151,12080,603
5357.038922,2821371505,2821372105,11908,600
5357.050955,2821375315,2821375877,8903,562
5357.062983,2821379124,2821379727,9267,603
5357.075001,2821382976,2821383579,9214,603
5357.087020,2821386947,2821387527,11816,580
5357.099053,2821390984,2821391580,12081,596
5357.111067,2821394905,2821395500,9175,595
5357.123092,2821398946,2821399544,11983,598
5357.135122,2821403077,2821403675,12087,598
5357.147131,2821406998,2821407599,11870,601
5357.159163,2821410977,2821411554,11871,577
5357.171191,2821414901,2821415498,12084,597
5357.183207,2821418885,2821419488,12042,603
5357.195230,2821422699,2821423302,8976,603
5357.207258,2821426540,2821427136,9255,596
5357.219282,2821430541,2821431127,12129,586
5357.231295,2821434498,2821435101,11978,603
5357.243327,2821438500,2821439103,12133,603
5357.255344,2821442459,2821443057,12037,598
5357.383092,2821482118,2821482716,9203,598
5357.395109,2821486055,2821486637,9273,582
5357.407132,2821490023,2821490626,8981,603
5357.419160,2821494013,2821494621,9042,608
5357.431181,2821498062,2821498659,12044,597
5357.443203,2821501989,2821502589,11841,600
5357.455229,2821505951,2821506549,12086,598
5357.467253,2821509936,2821510532,12087,596
5357.479269,2821513868,2821514468,11855,600
5357.491297,2821517832,2821518408,11949,576
5357.503318,2821521801,2821522404,12045,603
5357.515340,2821525782,2821526382,11840,600
5357.525862,2821529171,2821529612,7399,441
5357.537875,2821532811,2821533407,8877,596
5357.564331,2821541580,2821542183,12007,603
5357.614525,2821557012,2821557607,11843,595
5357.624334,2821561472,2821562069,12055,597
5357.670135,2821574938,2821575541,9280,603
5357.682153,2821578768,2821579369,8821,601
5357.694184,2821582609,2821583217,9235,608
5357.706204,2821586473,2821587055,9253,582
5357.718226,2821590278,2821590884,8920,606
5357.730250,2821594119,2821594727,9199,608
5357.742268,2821598149,2821598762,12020,613
5357.754289,2821601952,2821602553,8856,601
5357.766323,2821605788,2821606385,9090,597
5357.778341,2821609632,2821610219,9267,587
5357.790356,2821613414,2821614015,8866,601
5357.802390,2821617211,2821617818,9217,607
5357.814412,2821621082,2821621685,9281,603
5357.826425,2821625004,2821625605,8878,601
5357.838458,2821628989,2821629566,11962,577
5357.850475,2821632799,2821633389,9205,590
5357.862493,2821636574,2821637153,8890,579
5357.874528,2821640427,2821641030,9185,603
5357.886542,2821644283,2821644884,9235,601
5357.898564,2821648088,2821648682,8871,594
5357.910600,2821651915,2821652497,9236,582
5357.922615,2821655767,2821656365,9266,598
5357.934630,2821659547,2821660155,8805,608
5357.946665,2821663417,2821664014,9214,597
5357.958679,2821667236,2821667832,9207,596
5357.970699,2821671048,2821671649,8894,601
5357.982735,2821674884,2821675461,9232,577
5357.994749,2821678684,2821679280,9248,596
5358.006767,2821682459,2821683060,8886,601
5358.018806,2821686275,2821686857,9252,582
5358.030817,2821690094,2821690695,9270,601
5358.042840,2821694056,2821694656,11843,600
5358.056332,2821698550,2821699153,11973,603
5358.090938,2821709437,2821710035,12071,598
5358.102957,2821713459,2821714062,12042,603
5358.117994,2821718220,2821718826,9240,606
5358.130011,2821722104,2821722712,9238,608
5358.142030,2821726045,2821726643,11990,598
5358.154056,2821729952,2821730555,12069,603
5358.166079,2821733814,2821734412,9251,598
5358.178094,2821737606,2821738195,8785,589
5358.190129,2821741420,2821742001,9179,581
5358.202146,2821745246,2821745849,9281,603
5358.214171,2821749067,2821749670,8969,603
5358.224686,2821752551,2821753152,12091,601
5358.236709,2821756552,2821757155,12008,603
5358.250233,2821760955,2821761549,11827,594
5358.262266,2821764807,2821765410,8997,603
5358.274285,2821768664,2821769267,9252,603
5358.286299,2821772468,2821773074,8857,606
5358.298333,2821776278,2821776874,9206,596
5358.310355,2821780146,2821780749,9308,603
5358.322370,2821783974,2821784568,8878,594
5358.334401,2821787817,2821788423,9211,606
5358.346422,2821791708,2821792306,9293,598
5358.358441,2821795674,2821796269,11850,595
5358.370469,2821799531,2821800129,9238,598
5358.382490,2821803389,2821803987,9282,598
5358.394505,2821807177,2821807762,8893,585
5358.406540,2821811022,2821811625,9260,603
5358.418554,2821815008,2821815614,12067,606
5358.430573,2821818834,2821819440,8882,606
5358.442607,2821822867,2821823470,12084,603
5358.454622,2821826870,2821827471,12056,601
5358.466643,2821830689,2821831283,8873,594
5358.478678,2821834539,2821835121,9211,582
5358.490693,2821838345,2821838941,9255,596
5358.502710,2821842130,2821842725,8865,595
5358.514746,2821845971,2821846569,9209,598
5358.526760,2821849811,2821850406,9259,595
5358.538784,2821853757,2821854360,11990,603
5358.570345,2821863776,2821864376,11840,600
5358.582376,2821867611,2821868193,9189,582
5358.594393,2821871439,2821872042,9253,603
5358.606407,2821875230,2821875824,8878,594
5358.618440,2821879231,2821879834,12087,603
5358.630460,2821883097,2821883693,9263,596
5358.642477,2821887097,2821887692,8902,595
5358.654511,2821891090,2821891692,12095,602
5358.666528,2821894936,2821895531,9250,595
5358.678544,2821898910,2821899508,11972,598
5358.690583,2821902775,2821903357,9243,582
5358.702597,2821906630,2821907238,9244,608
5358.714614,2821910454,2821911054,8885,600
5358.726649,2821914312,2821914915,9226,603
5358.738668,2821918182,2821918778,9262,596
5358.750682,2821922004,2821922608,8875,604
5358.762717,2821925851,2821926448,9224,597
5358.774731,2821929817,2821930418,12054,601
5358.786751,2821933614,2821934219,8798,605
5358.798788,2821937455,2821938032,9231,577
5358.810803,2821941277,2821941880,9232,603
5358.822821,2821945047,2821945646,8906,599
5358.834855,2821948901,2821949504,9232,603
5358.846872,2821952779,2821953382,9235,603
5358.858892,2821956764,2821957362,11986,598
5358.870921,2821960751,2821961328,11991,577
5358.882937,2821964576,2821965170,9238,594
5358.894959,2821968552,2821969149,11984,597
5358.919005,2821976229,2821976824,12028,595
5358.931031,2821980158,2821980759,11849,601
5358.943055,2821984066,2821984669,9237,603
5358.955082,2821988033,2821988636,9336,603
5358.967101,2821992070,2821992684,11840,614
5358.979129,2821996157,2821996755,12069,598
5358.991144,2822000128,2822000724,12081,596
5359.003166,2822004097,2822004697,11813,600
5359.015196,2822008141,2822008739,12078,598
5359.027209,2822011987,2822012588,9274,601
5359.039231,2822015781,2822016376,8884,595
5359.051269,2822019823,2822020405,9206,582
5359.063280,2822023640,2822024241,9260,601
5359.075303,2822027594,2822028194,11840,600
5359.087334,2822031594,2822032202,12085,608
5359.099350,2822035531,2822036120,12094,589
5359.109880,2822038873,2822039455,9255,582
5359.121896,2822042710,2822043307,9222,597
5359.133918,2822047170,2822047771,8947,601
5359.145947,2822050988,2822051570,9193,582
5359.157965,2822054867,2822055470,12070,603
5359.169986,2822058738,2822059336,11995,598
5359.182014,2822062615,2822063197,11968,582
5359.194032,2822066460,2822067052,9248,592
5359.206052,2822070395,2822070986,11980,591
5359.218081,2822074216,2822074799,9182,583
5359.246626,2822083237,2822083832,11825,595
5359.258659,2822087255,2822087858,12085,603
5359.270674,2822091245,2822091846,12054,601
5359.282695,2822095038,2822095637,8853,599
5359.294729,2822098900,2822099498,9278,598
5359.306748,2822102745,2822103348,9306,603
5359.318762,2822106543,2822107138,8846,595
5359.330794,2822110375,2822110973,9168,598
5359.342810,2822114222,2822114823,9193,601
5359.354838,2822118045,2822118642,8964,597
5359.366868,2822122046,2822122625,11985,579
5359.378880,2822125855,2822126456,9244,601
5359.390907,2822129843,2822130444,11846,601
5359.402933,2822133679,2822134287,8974,608
5359.414949,2822137530,2822138125,9178,595
5359.426967,2822141314,2822141909,8897,595
5359.439002,2822145142,2822145740,9230,598
5359.451028,2822149123,2822149724,12131,601
5359.463042,2822153197,2822153792,11849,595
5359.475070,2822157250,2822157853,12119,603
5359.487086,2822161340,2822161935,12056,595
5359.499111,2822165353,2822165941,11834,588
5359.511142,2822169364,2822169967,12082,603
5359.523156,2822173351,2822173946,12094,595
5359.535178,2822177279,2822177880,11841,601
5359.547208,2822181326,2822181903,11964,577
5359.559223,2822185284,2822185878,12099,594
5359.619345,2822203809,2822204417,12081,608
5359.629854,2822207172,2822207761,8826,589
5359.641896,2822211000,2822211431,7441,431
5359.653912,2822214707,2822215160,7393,453
5359.665923,2822218435,2822219024,8843,589
5359.677958,2822222266,2822222826,9202,560
5359.689976,2822226083,2822226686,9203,603
5359.702001,2822229911,2822230513,8954,602
5359.714025,2822233762,2822234364,9212,602
5359.726045,2822237637,2822238239,9302,602
5359.738060,2822241425,2822242018,8824,593
5359.750095,2822245233,2822245834,9046,601
5359.762112,2822249109,2822249712,9243,603
5359.774129,2822253018,2822253618,11827,600
5359.786160,2822256935,2822257533,12081,598
5359.798186,2822260803,2822261406,9281,603
5359.810199,2822264641,2822265235,8877,594
5359.822234,2822268466,2822269048,9216,582
5359.834251,2822272281,2822272884,9232,603
5359.846266,2822276081,2822276687,8846,606
5359.858300,2822280052,2822280650,12102,598
5359.870319,2822284049,2822284646,12057,597
5359.882335,2822287840,2822288434,8863,594
5359.894365,2822291818,2822292416,12073,598
5359.910890,2822297041,2822297647,9274,606
5359.922911,2822300833,2822301433,8920,600
5359.934946,2822304692,2822305300,9217,608
5359.946964,2822308553,2822309151,9242,598
5359.958978,2822312367,2822312967,8861,600
5359.971013,2822316233,2822316836,9275,603
5359.983029,2822320190,2822320789,12052,599
5359.995056,2822324174,2822324763,11820,589
5360.007083,2822328261,2822328864,12082,603
5360.019100,2822332312,2822332908,12091,596
5360.031123,2822336266,2822336866,11836,600
5360.043150,2822340112,2822340672,9205,560
5360.055168,2822344003,2822344606,9248,603
5360.067186,2822347921,2822348521,8918,600
5360.079219,2822351992,2822352595,12072,603
5360.091236,2822355948,2822356543,12086,595
5360.103260,2822359921,2822360523,12008,602
5360.115289,2822363911,2822364502,12086,591
5360.127303,2822367834,2822368425,12058,591
5360.139330,2822371761,2822372356,11818,595
5360.149855,2822375164,2822375621,7409,457
5360.161866,2822378829,2822379435,8825,606
5360.173908,2822382680,2822383112,7437,432
5360.185921,2822386337,2822386783,7395,446
5360.197942,2822389996,2822390599,8997,603
5360.209971,2822393842,2822394424,9219,582
5360.221988,2822397693,2822398296,9252,603
5360.234006,2822401503,2822402099,8842,596
5360.246039,2822405346,2822405944,9074,598
5360.258054,2822409275,2822409876,12009,601
5360.291122,2822419702,2822420300,12095,598
5360.303140,2822423751,2822424347,12112,596
5360.315161,2822427671,2822428260,11838,589
5360.327191,2822431658,2822432261,12077,603
5360.339207,2822435631,2822436227,12055,596
5360.351233,2822439602,2822440208,11814,606
5360.363262,2822443597,2822444195,12084,598
5360.375275,2822447434,2822448035,9223,601
5360.387291,2822451264,2822451864,8897,600
5360.399329,2822455244,2822455845,12085,601
5360.411344,2822459196,2822459791,12067,595
5360.421875,2822462565,2822463147,9251,582
5360.433892,2822466415,2822467014,9317,599
5360.445914,2822470261,2822470852,9020,591
5360.457943,2822474069,2822474651,11993,582
5360.469960,2822477921,2822478517,12061,596
5360.481976,2822481732,2822482320,8837,588
5360.494009,2822485564,2822486167,9104,603
5360.506027,2822489429,2822490032,9233,603
5360.518046,2822493203,2822493799,8888,596
5360.530079,2822497022,2822497630,9213,608
5360.542101,2822500884,2822501487,9281,603
5360.554111,2822504692,2822505287,8834,595
5360.566150,2822508492,2822509072,9199,580
5360.578164,2822512341,2822512939,9277,598
5360.590182,2822516267,2822516857,11836,590
5360.602210,2822520248,2822520845,12067,597
5360.614233,2822524113,2822524710,9193,597
5360.626251,2822527911,2822528506,8881,595
5360.636334,2822531919,2822532506,12032,587
5360.674350,2822543681,2822544282,12138,601
5360.686372,2822547722,2822548319,12058,597
5360.698386,2822551541,2822552139,8902,598
5360.710419,2822555378,2822555976,9181,598
5360.722439,2822559235,2822559833,9245,598
5360.734456,2822563029,2822563630,8905,601
5360.746492,2822566899,2822567502,9230,603
5360.758509,2822570753,2822571361,9270,608
5360.770523,2822574557,2822575152,8851,595
5360.782560,2822578384,2822578964,9209,580
5360.794576,2822582230,2822582833,9287,603
5360.806595,2822586198,2822586799,11842,601
5360.818622,2822590218,2822590800,11964,582
5360.830641,2822594046,2822594647,9248,601
5360.842669,2822597868,2822598476,8947,608
5360.854696,2822601716,2822602292,9162,576
5360.866711,2822605513,2822606115,9313,602
5360.878729,2822609297,2822609877,8850,580
5360.890761,2822613279,2822613866,12054,587
5360.902778,2822617236,2822617837,12062,601
5360.914799,2822621040,2822621628,8882,588
5360.926835,2822624846,2822625428,9210,582
5360.938851,2822628646,2822629247,9243,601
5360.950865,2822632470,2822633074,8877,604
5360.962898,2822636334,2822636937,9255,603
5360.974921,2822640227,2822640829,9219,602
5360.986940,2822644165,2822644757,8945,592
5360.998967,2822648067,2822648667,8964,600
5361.010991,2822651976,2822652589,9224,613
5361.023011,2822656033,2822656636,12024,603
5361.035037,2822660083,2822660696,12037,613
5361.047053,2822664153,2822664754,12061,601
5361.059079,2822668182,2822668782,11821,600
5361.071107,2822672118,2822672721,9208,603
5361.083121,2822676078,2822676675,9240,597
5361.095148,2822680118,2822680724,11840,606
5361.107175,2822684135,2822684732,12070,597
5361.119191,2822688098,2822688699,12080,601
5361.131213,2822692006,2822692600,11818,594
5361.143243,2822696008,2822696606,12112,598
5361.158263,2822700734,2822701335,8843,601
5361.170295,2822704562,2822705160,9176,598
5361.182315,2822708412,2822709013,9278,601
5361.194329,2822712239,2822712834,8844,595
5361.206364,2822716152,2822716755,12107,603
5361.218383,2822720175,2822720771,12108,596
5361.230398,2822723963,2822724557,8828,594
5361.242435,2822727818,2822728400,9195,582
5361.254451,2822731801,2822732397,12067,596
5361.266469,2822735732,2822736339,11848,607
5361.278502,2822739592,2822740174,9198,582
5361.290519,2822743525,2822744128,9245,603
5361.302538,2822747484,2822748075,11982,591
5361.314564,2822751317,2822751918,9178,601
5361.394214,2822775955,2822776550,12078,595
5361.406235,2822779882,2822780482,11829,600
5361.418266,2822783850,2822784432,11959,582
5361.430287,2822787693,2822788284,9235,591
5361.442300,2822791503,2822792104,8827,601
5361.454336,2822795337,2822795940,9284,603
5361.466353,2822799195,2822799783,9270,588
5361.478372,2822802988,2822803583,8867,595
5361.490403,2822806976,2822807579,12066,603
5361.502422,2822810991,2822811583,12052,592
5361.514438,2822814776,2822815364,8901,588
5361.526471,2822818612,2822819204,9201,592
5361.538491,2822822445,2822823041,9236,596
5361.550514,2822826540,2822827133,11981,593
5361.606117,2822843742,2822844337,12100,595
5361.670745,2822863779,2822864387,12077,608
5361.682766,2822867619,2822868215,9198,596
5361.694783,2822871401,2822871996,8884,595
5361.706817,2822875408,2822876005,12083,597
5361.718831,2822879394,2822879995,12053,601
5361.730848,2822883184,2822883773,8820,589
5361.742887,2822887022,2822887604,9265,582
5361.754897,2822890836,2822891437,9202,601
5361.766918,2822894627,2822895227,8906,600
5361.778952,2822898495,2822899098,9256,603
5361.790967,2822902316,2822902907,9281,591
5361.802985,2822906079,2822906679,8880,600
5361.815022,2822910055,2822910651,12085,596
5361.827037,2822914105,2822914700,12055,595
5361.839063,2822918129,2822918718,11858,589
5361.851091,2822922209,2822922812,12115,603
5361.863106,2822926274,2822926875,12078,601
5361.875128,2822930252,2822930847,11832,595
5361.887159,2822934238,2822934815,11973,577
5361.899174,2822938143,2822938745,12057,602
5361.911198,2822942122,2822942723,11846,601
5361.923228,2822946120,2822946723,12069,603
5361.935243,2822950088,2822950685,12042,597
5361.947265,2822954000,2822954594,11841,594
5361.959293,2822957966,2822958564,12116,598
5361.971310,2822961905,2822962506,12054,601
5361.983336,2822965851,2822966447,11978,596
5361.993858,2822969247,2822969843,9266,596
5362.005880,2822973065,2822973508,7538,443
5362.017915,2822976748,2822977179,7431,431
5362.029931,2822980424,2822981021,9315,597
5362.041943,2822984247,2822984841,8870,594
5362.053982,2822988116,2822988697,9228,581
5362.065996,2822991955,2822992552,9177,597
5362.078010,2822995765,2822996360,8892,595
5362.090046,2822999610,2823000186,9205,576
5362.102063,2823003492,2823004088,12069,596
5362.114079,2823007279,2823007872,8888,593
5362.126115,2823011129,2823011706,9208,577
5362.138131,2823014959,2823015556,9243,597
5362.150148,2823019333,2823019934,8834,601
5362.162180,2823023166,2823023769,9226,603
5362.174201,2823027008,2823027605,9267,597
5362.186215,2823030809,2823031409,8847,600
5362.198247,2823034615,2823035217,9227,602
5362.210269,2823038462,2823039065,9219,603
5362.222285,2823042426,2823043026,11830,600
5362.234319,2823046429,2823047032,12066,603
5362.246337,2823050294,2823050891,9222,597
5362.258355,2823054081,2823054676,8869,595
5362.270390,2823057928,2823058519,9219,591
5362.282406,2823061788,2823062385,9238,597
5362.294421,2823065584,2823066184,8860,600
5362.306453,2823069407,2823070010,9199,603
5362.318474,2823073418,2823074010,12051,592
5362.330498,2823077242,2823077811,8988,569
5362.342524,2823081043,2823081646,9174,603
5362.354544,2823084894,2823085485,9218,591
5362.366558,2823088664,2823089259,8822,595
5362.378593,2823092490,2823093087,8998,597
5362.390611,2823096323,2823096920,9232,597
5362.402629,2823100113,2823100708,8875,595
5362.414666,2823103921,2823104496,9249,575
5362.426682,2823107714,2823108294,9197,580
5362.438701,2823111673,2823112268,11855,595
5362.450731,2823115647,2823116250,12122,603
5362.462746,2823119490,2823120079,9269,589
5362.474764,2823123274,2823123868,8827,594
5362.486802,2823127137,2823127719,9229,582
5362.498812,2823130951,2823131547,9216,596
5362.510833,2823134733,2823135313,8852,580
5362.522872,2823138731,2823139308,11995,577
5362.534883,2823142669,2823143265,12057,596
5362.546900,2823146461,2823147049,8879,588
5362.558935,2823150298,2823150896,9235,598
5362.570949,2823154120,2823154716,9217,596
5362.582969,2823157936,2823158537,8882,601
5362.595005,2823161809,2823162386,9198,577
5362.607019,2823165613,2823166209,9199,596
5362.619037,2823169477,2823170078,8872,601
5362.631073,2823173492,2823174099,12070,607
5362.643088,2823177533,2823178134,12065,601
5362.655113,2823181535,2823182136,11816,601
5362.667142,2823185573,2823186171,12076,598
5362.679160,2823189601,2823190204,12040,603
5362.691183,2823193520,2823194110,11844,590
5362.703209,2823197517,2823198115,12071,598
5362.715227,2823201431,2823202038,12087,607
5362.727248,2823205432,2823206035,12030,603
5362.739279,2823209420,2823209996,11991,576
5362.751294,2823213327,2823213923,12056,596
5362.763319,2823217249,2823217836,11837,587
5362.775349,2823221235,2823221838,12045,603
5362.785855,2823224575,2823225175,8900,600
5362.797894,2823228378,2823228959,9205,581
5362.809907,2823232185,2823232780,9192,595
5362.821926,2823236030,2823236620,11832,590
5362.833957,2823239877,2823240454,11962,577
5362.845978,2823243712,2823244303,9226,591
5362.857996,2823247490,2823248085,8903,595
5362.870034,2823251349,2823251931,9244,582
5362.882048,2823255189,2823255787,9259,598
5362.894062,2823258972,2823259550,8852,578
5362.906100,2823262762,2823263339,9237,577
5362.918114,2823266595,2823267191,9271,596
5362.930129,2823270412,2823271005,8802,593
5362.942162,2823274248,2823274846,9236,598
5362.954180,2823278064,2823278659,9199,595
5362.966201,2823281848,2823282448,8835,600
5362.978236,2823285673,2823286276,9168,603
5362.990250,2823289505,2823290106,9230,601
5363.002267,2823293283,2823293878,8837,595
5363.014300,2823297105,2823297707,9216,602
5363.026320,2823300962,2823301564,9251,602
5363.038337,2823304913,2823305508,11832,595
5363.050368,2823308889,2823309487,12080,598
5363.062389,2823312761,2823313358,9262,597
5363.074414,2823316572,2823317175,8977,603
5363.086441,2823320424,2823321027,9166,603
5363.098456,2823324275,2823324876,9240,601
5363.110474,2823328073,2823328668,8817,595
5363.122507,2823331925,2823332533,9054,608
5363.134525,2823335966,2823336563,12059,597
5363.146544,2823339753,2823340324,8847,571
5363.238221,2823367850,2823368444,12014,594
5363.250243,2823371783,2823372386,11988,603
5363.262275,2823375625,2823376201,9222,576
5363.274291,2823379449,2823380052,9274,603
5363.286310,2823383243,2823383843,8891,600
5363.298342,2823387061,2823387669,9185,608
5363.310362,2823390912,2823391509,9293,597
5363.322384,2823394714,2823395316,8983,602
5363.334415,2823398553,2823399134,9232,581
5363.346430,2823402392,2823402987,9251,595
5363.358445,2823406150,2823406728,8858,578
5363.370478,2823409973,2823410576,9016,603
5363.382497,2823413835,2823414426,9235,591
5363.394515,2823417628,2823418222,8881,594
5363.406554,2823421410,2823421987,9232,577
5363.418571,2823425228,2823425810,9284,582
5363.430582,2823429026,2823429626,8876,600
5363.442617,2823432855,2823433436,9129,581
5363.454631,2823436790,2823437370,12058,580
5363.466654,2823440714,2823441310,11984,596
5363.478686,2823444559,2823445156,9222,597
5363.490700,2823448389,2823448985,9225,596
5363.502721,2823452179,2823452774,8879,595
5363.514756,2823456003,2823456611,9224,608
5363.526770,2823459836,2823460432,9216,596
5363.538788,2823463755,2823464356,8902,601
5363.550823,2823467604,2823468202,9243,598
5363.562835,2823471423,2823472016,9243,593
5363.574856,2823475230,2823475826,8893,596
5363.586892,2823479054,2823479650,9249,596
5363.598906,2823482887,2823483483,9177,596
5363.610923,2823486679,2823487280,8845,601
5363.622962,2823490496,2823491078,9233,582
5363.634976,2823494316,2823494913,9293,597
5363.646997,2823498255,2823498860,11832,605
5363.686080,2823510943,2823511520,11935,577
5363.698100,2823514782,2823515384,9245,602
5363.710114,2823518593,2823519193,8870,600
5363.722149,2823522440,2823523038,9236,598
5363.734166,2823526287,2823526889,9196,602
5363.746183,2823530087,2823530695,8810,608
5363.758215,2823533908,2823534511,9229,603
5363.770235,2823537756,2823538359,9269,603
5363.782253,2823541544,2823542139,8862,595
5363.794286,2823545339,2823545942,9243,603
5363.806305,2823549179,2823549775,9265,596
5363.818327,2823552987,2823553584,8976,597
5363.830355,2823556802,2823557382,9201,580
5363.842372,2823560643,2823561246,9252,603
5363.854389,2823564583,2823565173,11840,590
5363.866421,2823568528,2823569119,12060,591
5363.878441,2823572353,2823572944,9270,591
5363.890458,2823576128,2823576723,8848,595
5363.902494,2823579980,2823580583,9188,603
5363.914514,2823583836,2823584438,9282,602
5363.926525,2823587643,2823588238,8878,595
5363.938557,2823591495,2823592093,9256,598
5363.950577,2823595407,2823595998,9244,591
5363.962596,2823599190,2823599783,8888,593
5363.974630,2823602999,2823603560,9184,561
5363.986648,2823606801,2823607399,9312,598
5363.998663,2823610567,2823611167,8883,600
5364.010698,2823614399,2823615002,9275,603
5364.022712,2823618236,2823618831,9248,595
5364.034733,2823622014,2823622609,8850,595
5364.046765,2823625834,2823626436,9179,602
5364.058782,2823629677,2823630273,9219,596
5364.070807,2823633620,2823634215,11838,595
5364.082835,2823637607,2823638204,12093,597
5364.094849,2823641433,2823642028,9214,595
5364.106866,2823645216,2823645816,8868,600
5364.118905,2823649041,2823649618,9190,577
5364.130916,2823652852,2823653445,9222,593
5364.142937,2823656632,2823657227,8883,595
5364.166989,2823664369,2823664966,12041,597
5364.179011,2823668287,2823668875,11846,588
5364.191039,2823672291,2823672894,12112,603
5364.203056,2823676358,2823676937,12083,579
5364.215077,2823680373,2823680970,11975,597
5364.227107,2823684416,2823685019,12088,603
5364.239122,2823688478,2823689079,12055,601
5364.251143,2823692345,2823692945,8925,600
5364.287215,2823703704,2823704310,11836,606
5364.297738,2823707082,2823707685,9234,603
5364.318771,2823713631,2823714231,8886,600
5364.329297,2823717165,2823717766,12002,601
5364.347331,2823722951,2823723551,12136,600
5364.357862,2823726373,2823726950,9247,577
5364.369877,2823730309,2823730756,7345,447
5364.381898,2823733939,2823734383,7519,444
5364.393927,2823737621,2823738198,9233,577
5364.405944,2823741431,2823742028,9220,597
5364.417961,2823745247,2823745847,8849,600
5364.429991,2823749051,2823749654,9229,603
5364.550215,2823784458,2823785060,7162,602
5364.562241,2823788291,2823788891,8943,600
5364.574270,2823792131,2823792708,9202,577
5364.586284,2823796130,2823796712,12015,582
5364.598305,2823799898,2823800493,8930,595
5364.610339,2823803720,2823804322,9044,602
5364.622357,2823807562,2823808159,9223,597
5364.634372,2823811349,2823811949,8810,600
5364.646409,2823815154,2823815731,9233,577
5364.658429,2823818991,2823819594,9278,603
5364.670444,2823822978,2823823573,11812,595
5364.682470,2823826910,2823827501,12071,591
5364.694492,2823830762,2823831359,9267,597
5364.706511,2823834548,2823835142,8866,594
5364.718545,2823838387,2823838985,9227,598
5364.730563,2823842239,2823842836,9223,597
5364.742577,2823846020,2823846620,8866,600
5364.754609,2823849834,2823850437,9189,603
5364.766630,2823853711,2823854314,9244,603
5364.778647,2823857512,2823858115,8903,603
5364.790683,2823861366,2823861969,9241,603
5364.802695,2823865351,2823865946,12136,595
5364.814715,2823869167,2823869747,8906,580
5364.826747,2823872976,2823873558,9202,582
5364.838765,2823876776,2823877356,9204,580
5364.850783,2823880533,2823881127,8846,594
5364.862818,2823884344,2823884946,9207,602
5364.874830,2823888179,2823888775,9211,596
5364.886855,2823892128,2823892723,11851,595
5364.898884,2823896112,2823896708,12098,596
5364.910902,2823899969,2823900561,9276,592
5364.922920,2823903753,2823904348,8902,595
5364.934956,2823907572,2823908153,9247,581
5364.946969,2823911398,2823911999,9242,601
5364.958994,2823915211,2823915809,8979,598
5364.971025,2823919073,2823919650,9235,577
5364.983037,2823922930,2823923531,9232,601
5364.995063,2823926939,2823927547,11839,608
5365.007091,2823931032,2823931629,12045,597
5365.019107,2823935022,2823935618,12052,596
5365.031132,2823938956,2823939551,11830,595
5365.043160,2823942919,2823943522,12084,603
5365.055179,2823946745,2823947346,9309,601
5365.067191,2823950569,2823951164,8898,595
5365.079231,2823954532,2823955113,11965,581
5365.091244,2823958459,2823959054,12056,595
5365.103270,2823962355,2823962956,11852,601
5365.115297,2823966270,2823966846,11970,576
5365.127314,2823970169,2823970759,12083,590
5365.139337,2823974080,2823974680,11830,600
5365.149859,2823977466,2823978063,9239,597
5365.161885,2823981877,2823982327,7566,450
5365.173909,2823985602,2823986178,9208,576
5365.185924,2823989450,2823990052,12020,602
5365.197947,2823993296,2823993896,11805,600
5365.209983,2823997151,2823997728,9195,577
5365.221998,2824000958,2824001555,9237,597
5365.234011,2824004766,2824005366,8793,600
5365.246050,2824008549,2824009131,9217,582
5365.258065,2824012386,2824012977,9261,591
5365.270082,2824016259,2824016848,11829,589
5365.282113,2824020181,2824020758,11958,577
5365.294133,2824024020,2824024611,9249,591
5365.306158,2824027822,2824028420,8999,598
5365.318186,2824031661,2824032264,9240,603
5365.330203,2824035518,2824036115,9239,597
5365.342218,2824039304,2824039899,8875,595
5365.354253,2824043100,2824043708,9031,608
5365.366269,2824046966,2824047563,9250,597
5365.378286,2824050746,2824051345,8836,599
5365.390319,2824054564,2824055167,9171,603
5365.402342,2824058554,2824059151,12066,597
5365.414357,2824062513,2824063107,11822,594
5365.426389,2824066341,2824066938,9222,597
5365.438408,2824070176,2824070772,9296,596
5365.450423,2824073931,2824074531,8843,600
5365.462454,2824077743,2824078346,9199,603
5365.474476,2824081591,2824082182,9254,591
5365.486495,2824085536,2824086136,11837,600
5365.498524,2824089490,2824090067,11962,577
5365.510545,2824093311,2824093902,9274,591
5365.522562,2824097111,2824097701,8870,590
5365.534597,2824100937,2824101535,9213,598
5365.546614,2824104783,2824105386,9292,603
5365.558628,2824108594,2824109189,8859,595
5365.570660,2824112403,2824113001,9214,598
5365.582681,2824116268,2824116865,9242,597
5365.594700,2824120048,2824120646,8851,598
5365.606735,2824123917,2824124514,9259,597
5365.618749,2824127898,2824128499,12093,601
5365.630768,2824131697,2824132297,8857,600
5365.642803,2824135527,2824136130,9221,603
5365.654819,2824139373,2824139975,9292,602
5365.666835,2824143155,2824143749,8868,594
5365.678867,2824146975,2824147578,9208,603
5365.690883,2824150815,2824151411,9255,596
5365.702908,2824154803,2824155406,11989,603
5365.714937,2824158798,2824159394,12097,596
5365.726951,2824162627,2824163222,9260,595
5365.738972,2824166386,2824166982,8886,596
5365.751006,2824170211,2824170787,9032,576
5365.763023,2824174138,2824174733,12096,595
5365.775046,2824178116,2824178706,11842,590
5365.787074,2824182096,2824182693,9242,597
5365.799096,2824186074,2824186677,9262,603
5365.811113,2824190104,2824190706,11840,602
5365.823141,2824194132,2824194735,12095,603
5365.835159,2824198099,2824198689,12066,590
5365.847183,2824202010,2824202605,11817,595
5365.859216,2824205983,2824206559,11969,576
5365.871227,2824209775,2824210371,9264,596
5365.883245,2824213574,2824214169,8835,595
5365.895278,2824217553,2824218155,12090,602
5365.941861,2824231961,2824232560,11840,599
5365.958399,2824237178,2824237781,9199,603
5365.970420,2824241026,2824241629,9249,603
5365.982441,2824244933,2824245535,8936,602
5365.994467,2824248760,2824249361,9219,601
5366.006487,2824252613,2824253211,9219,598
5366.018508,2824256554,2824257154,11884,600
5366.030533,2824260607,2824261210,12061,603
5366.042556,2824264672,2824265280,12046,608
5366.054573,2824268572,2824269171,8862,599
5366.066604,2824272450,2824273052,9189,602
5366.078626,2824276345,2824276958,9255,613
5366.090639,2824280209,2824280814,8821,605
5366.102676,2824284216,2824284798,11970,582
5366.114694,2824288209,2824288806,12058,597
5366.126711,2824292001,2824292595,8898,594
5366.138746,2824295849,2824296452,9219,603
5366.150763,2824299687,2824300283,9223,596
5366.162778,2824303470,2824304069,8873,599
5366.174816,2824307330,2824307912,9210,582
5366.186828,2824311207,2824311809,9249,602
5366.198853,2824315014,2824315617,9016,603
5366.210881,2824318849,2824319429,9208,580
5366.222896,2824322652,2824323253,9248,601
5366.234921,2824326597,2824327192,11842,595
5366.246950,2824330577,2824331173,12077,596
5366.258966,2824334553,2824335154,12095,601
5366.270984,2824338324,2824338919,8920,595
5366.283018,2824342144,2824342742,9239,598
5366.295042,2824346113,2824346708,12142,595
5366.307056,2824350113,2824350707,11848,594
5366.319088,2824354195,2824354798,12108,603
5366.331102,2824358246,2824358847,12058,601
5366.343126,2824362208,2824362802,11816,594
5366.355157,2824366225,2824366802,11970,577
5366.367172,2824370173,2824370774,12087,601
5366.379193,2824374090,2824374685,11842,595
5366.391222,2824378221,2824378818,12096,597
5366.403237,2824382049,2824382645,9260,596
5366.415258,2824385851,2824386445,8856,594
5366.427293,2824389839,2824390433,12074,594
5366.439308,2824393765,2824394361,12077,596
5366.451332,2824397696,2824398296,11810,600
5366.461855,2824401086,2824401689,9258,603
5366.473872,2824404892,2824405487,8871,595
5366.485912,2824408718,2824409150,7427,432
5366.497923,2824412410,2824413007,12057,597
5366.509941,2824416178,2824416772,8847,594
5366.521976,2824420007,2824420584,9235,577
5366.533993,2824423834,2824424431,9240,597
5366.546014,2824427666,2824428274,8976,608
5366.568331,2824435069,2824435672,12022,603
5366.582076,2824439446,2824440040,11804,594
5366.594111,2824443334,2824443939,9045,605
5366.606130,2824447201,2824447783,9172,582
5366.618147,2824451152,2824451747,11806,595
5366.630178,2824455105,2824455682,11963,577
5366.642204,2824458956,2824459547,9326,591
5366.654212,2824462749,2824463354,8840,605
5366.664335,2824466728,2824467328,12042,600
5366.694793,2824476217,2824476825,11984,608
5366.706824,2824480085,2824480682,9214,597
5366.718840,2824484072,2824484673,12061,601
5366.730861,2824488022,2824488619,11974,597
5366.742890,2824491883,2824492485,9067,602
5366.754906,2824495727,2824496328,9247,601
5366.766927,2824499514,2824500092,8850,578
5366.778963,2824503337,2824503919,9239,582
5366.790981,2824507158,2824507759,9290,601
5366.802994,2824510985,2824511585,8849,600
5366.815029,2824514859,2824515457,9275,598
5366.827045,2824518899,2824519509,12075,610
5366.839069,2824522987,2824523587,11843,600
5366.851100,2824527079,2824527676,12081,597
5366.863115,2824531094,2824531690,12079,596
5366.875138,2824535062,2824535657,11837,595
5366.887162,2824538881,2824539472,9183,591
5366.899183,2824542737,2824543334,9304,597
5366.911207,2824546649,2824547244,11855,595
5366.923235,2824550648,2824551251,12072,603
5366.935250,2824554595,2824555191,12062,596
5366.947277,2824558554,2824559157,11998,603
5366.959303,2824562518,2824563113,12079,595
5366.971321,2824566450,2824567046,12095,596
5366.983343,2824570355,2824570950,11817,595
5366.993866,2824573733,2824574334,9294,601
5367.005888,2824577741,2824578191,7503,450
5367.017922,2824581426,2824581858,7413,432
5367.029935,2824585139,2824585736,12060,597
5367.041958,2824588962,2824589563,8955,601
5367.053986,2824592814,2824593396,9174,582
5367.066003,2824596783,2824597380,9246,597
5367.078020,2824600603,2824601209,8883,606
5367.090055,2824604445,2824605042,9104,597
5367.102072,2824608306,2824608903,9281,597
5367.114093,2824612256,2824612857,11978,601
5367.126124,2824616089,2824616664,9210,575
5367.138147,2824619938,2824620541,9277,603
5367.150153,2824623809,2824624404,8853,595
5367.162186,2824627663,2824628259,12067,596
5367.172702,2824631202,2824631794,11979,592
5367.186226,2824635476,2824636065,8847,589
5367.198258,2824639293,2824639890,9229,597
5367.210279,2824643298,2824643899,9298,601
5367.222291,2824647124,2824647724,8842,600
5367.232816,2824650625,2824651219,12065,594
5367.246344,2824655012,2824655614,12022,602
5367.258362,2824658832,2824659432,8852,600
5367.270393,2824662669,2824663265,9196,596
5367.282414,2824666547,2824667150,9186,603
5367.294431,2824670365,2824670966,8856,601
5367.306464,2824674212,2824674815,9181,603
5367.318484,2824678091,2824678682,9260,591
5367.330502,2824682032,2824682630,11988,598
5367.342533,2824686018,2824686614,12083,596
5367.354551,2824689874,2824690466,9258,592
5367.366570,2824693652,2824694247,8901,595
5367.378603,2824697458,2824698061,9232,603
5367.390622,2824701474,2824702077,12113,603
5367.402640,2824705449,2824706039,11842,590
5367.413159,2824708991,2824709587,12016,596
5367.438708,2824717096,2824717693,11990,597
5367.474777,2824728367,2824728962,11841,595
5367.486807,2824732224,2824732827,9074,603
5367.498824,2824736082,2824736679,9232,597
5367.510843,2824739879,2824740478,8882,599
5367.522880,2824743732,2824744315,9260,583
5367.534897,2824747708,2824748303,12117,595
5367.546916,2824751692,2824752289,12006,597
5367.558947,2824755571,2824756152,9228,581
5367.570958,2824759381,2824759977,9280,596
5367.582978,2824763180,2824763785,8888,605
5367.595017,2824767168,2824767750,11967,582
5367.607030,2824771134,2824771729,12071,595
5367.619048,2824775024,2824775619,8890,595
5367.631082,2824778953,2824779556,9238,603
5367.643097,2824782894,2824783488,9244,594
5367.655123,2824786922,2824787517,11833,595
5367.667151,2824790935,2824791512,11967,577
5367.679167,2824794895,2824795491,12136,596
5367.691190,2824798854,2824799448,11844,594
5367.703220,2824802808,2824803411,12111,603
5367.715235,2824806655,2824807251,9204,596
5367.727257,2824810572,2824811172,11838,600
5367.739288,2824814584,2824815187,12086,603
5367.751302,2824818548,2824819143,12053,595
5367.763329,2824822546,2824823149,12015,603
5367.775360,2824826546,2824827122,11970,576
5367.785872,2824829859,2824830461,8997,602
5367.797901,2824833676,2824834258,9199,582
5367.809918,2824837503,2824838104,9253,601
5367.821935,2824841511,2824842110,11832,599
5367.833969,2824845374,2824845982,12060,608
5367.845987,2824849264,2824849860,12061,596
5367.858001,2824853075,2824853669,8824,594
5367.870038,2824856917,2824857498,9197,581
5367.882060,2824860754,2824861351,9329,597
5367.894072,2824864574,2824865175,8878,601
5367.949682,2824881737,2824882333,12124,596
5367.987259,2824893546,2824894148,12071,602
5367.999276,2824897509,2824898105,12107,596
5368.011297,2824901430,2824902025,11838,595
5368.023326,2824905444,2824906047,12065,603
5368.033845,2824908856,2824909309,7605,453
5368.045878,2824912545,2824912977,7458,432
5368.057891,2824916248,2824916846,9250,598
5368.069906,2824920030,2824920625,8883,595
5368.081940,2824923882,2824924479,9108,597
5368.093958,2824927732,2824928335,9270,603
5368.105976,2824931581,2824932176,8834,595
5368.118011,2824935419,2824935996,9179,577
5368.130033,2824939270,2824939867,12103,597
5368.142042,2824943086,2824943679,8814,593
5368.163088,2824949807,2824950410,12064,603
5368.175110,2824954297,2824954898,9279,601
5368.187128,2824958282,2824958882,8863,600
5368.199162,2824962354,2824962952,12067,598
5368.211182,2824966438,2824967041,12073,603
5368.223203,2824970403,2824970982,11847,579
5368.235231,2824974384,2824974982,9227,598
5368.247248,2824978241,2824978842,9264,601
5368.259270,2824982162,2824982761,11854,599
5368.290824,2824991988,2824992588,8828,600
5368.302863,2824995844,2824996420,9283,576
5368.314875,2824999691,2825000288,9224,597
5368.326894,2825003492,2825004093,8887,601
5368.338928,2825007347,2825007943,9234,596
5368.350945,2825011324,2825011920,12089,596
5368.362967,2825015280,2825015888,11986,608
5368.375000,2825019147,2825019728,9249,581
5368.387012,2825022963,2825023564,9189,601
5368.399036,2825026928,2825027528,11841,600
5368.411067,2825030971,2825031579,12115,608
5368.423082,2825035032,2825035632,12126,600
5368.435098,2825039003,2825039598,8935,595
5368.447133,2825042945,2825043546,9235,601
5368.459150,2825046922,2825047526,12083,604
5368.471171,2825050858,2825051453,11832,595
5368.483201,2825054799,2825055402,12068,603
5368.495217,2825058773,2825059369,12062,596
5368.507243,2825062712,2825063297,11817,585
5368.519273,2825066686,2825067268,12078,582
5368.531291,2825070667,2825071265,12041,598
5368.543311,2825074578,2825075188,11883,610
5368.555339,2825078581,2825079157,11941,576
5368.565849,2825081901,2825082496,8870,595
5368.577882,2825085703,2825086300,9079,597
5368.589902,2825089573,2825090175,9220,602
5368.601918,2825093366,2825093961,8844,595
5368.613954,2825097200,2825097777,9167,577
5368.625976,2825101031,2825101631,9248,600
5368.637988,2825105036,2825105631,11825,595
5368.650018,2825108866,2825109443,11989,577
5368.662039,2825112735,2825113332,12074,597
5368.674056,2825116512,2825117107,8860,595
5368.686091,2825120351,2825120928,9199,577
5368.698108,2825124184,2825124787,9236,603
5368.710123,2825127955,2825128556,8805,601
5368.722161,2825131764,2825132345,9215,581
5368.734175,2825135612,2825136213,9229,601
5368.746196,2825139527,2825140125,11991,598
5368.758228,2825143339,2825143897,9175,558
5368.770242,2825147146,2825147741,9256,595
5368.782260,2825150983,2825151583,8856,600
5368.794292,2825154800,2825155397,9189,597
5368.806312,2825158651,2825159248,9283,597
5368.818330,2825162425,2825163025,8877,600
5368.830365,2825166279,2825166877,9215,598
5368.842382,2825170130,2825170731,9187,601
5368.854397,2825173933,2825174533,8919,600
5368.866433,2825177791,2825178373,9234,582
5368.878448,2825181775,2825182377,12046,602
5368.890467,2825185561,2825186156,8898,595
5368.902499,2825189415,2825190012,9233,597
5368.914519,2825193287,2825193884,9299,597
5368.926541,2825197102,2825197711,8958,609
5368.938569,2825200963,2825201545,9192,582
5368.950586,2825204799,2825205400,9246,601
5368.962607,2825208761,2825209364,11989,603
5368.974639,2825212606,2825213207,9095,601
5368.986653,2825216437,2825217028,9287,591
5368.998671,2825220211,2825220806,8887,595
5369.010703,2825224041,2825224644,9171,603
5369.022727,2825227909,2825228517,9298,608
5369.034742,2825231728,2825232328,8852,600
5369.046776,2825235556,2825236159,9217,603
5369.058791,2825239414,2825240013,9196,599
5369.070808,2825243203,2825243803,8880,600
5369.082845,2825247235,2825247812,11970,577
5369.094857,2825251193,2825251794,12059,601
5369.106877,2825254984,2825255584,8861,600
5369.118912,2825258823,2825259426,9238,603
5369.130930,2825262680,2825263283,9260,603
5369.142944,2825266476,2825267076,8827,600
5369.157981,2825271284,2825271880,12063,596
5369.169998,2825275103,2825275698,8862,595
5369.182037,2825278953,2825279530,9252,577
5369.194052,2825282778,2825283375,9215,597
5369.206066,2825286599,2825287194,8814,595
5369.218104,2825290399,2825290981,9245,582
5369.230118,2825294235,2825294837,9260,602
5369.242137,2825298024,2825298622,8887,598
5369.254168,2825301866,2825302469,9211,603
5369.266185,2825305866,2825306462,12022,596
5369.278208,2825309836,2825310437,11993,601
5369.290240,2825313674,2825314254,9264,580
5369.302257,2825317501,2825318098,9200,597
5369.314272,2825321294,2825321894,8828,600
5369.326306,2825325142,2825325745,9189,603
5369.338324,2825329004,2825329600,9275,596
5369.350342,2825332826,2825333426,8940,600
5369.362373,2825336654,2825337251,9222,597
5369.374394,2825340505,2825341105,9247,600
5369.386409,2825344303,2825344888,8859,585
5369.398447,2825348139,2825348720,9235,581
5369.410461,2825351953,2825352549,9207,596
5369.422486,2825355760,2825356363,8958,603
5369.434514,2825359585,2825360161,9199,576
5369.446531,2825363404,2825364006,9240,602
5369.458545,2825367229,2825367828,8862,599
5369.470580,2825371049,2825371652,9065,603
5369.482598,2825375055,2825375651,12041,596
5369.494616,2825378986,2825379575,11804,589
5369.506654,2825382791,2825383373,9221,582
5369.518673,2825386628,2825387231,9287,603
5369.530682,2825390437,2825391037,8846,600
5369.542717,2825394259,2825394847,9223,588
5369.554732,2825398100,2825398695,9257,595
5369.566754,2825401928,2825402533,8910,605
5369.578782,2825405915,2825406517,12067,602
5369.590801,2825409737,2825410331,9233,594
5369.602820,2825413532,2825414127,8891,595
5369.614855,2825417362,2825417970,9258,608
5369.626868,2825421213,2825421814,9258,601
5369.638889,2825425015,2825425609,8914,594
5369.650920,2825428847,2825429434,9194,587
5369.662940,2825432713,2825433315,9225,602
5369.676334,2825437457,2825438059,12035,602
5369.702008,2825445468,2825446073,8836,605
5369.714048,2825449349,2825449930,9228,581
5369.726062,2825453192,2825453788,9271,596
5369.738078,2825456996,2825457596,8892,600
5369.750117,2825460795,2825461377,9182,582
5369.762132,2825464637,2825465228,9255,591
5369.774146,2825468444,2825469042,8826,598
5369.786182,2825472283,2825472864,9218,581
5369.798199,2825476122,2825476724,9256,602
5369.810217,2825479902,2825480496,8876,594
5369.822255,2825483725,2825484302,9159,577
5369.834266,2825487524,2825488124,9202,600
5369.846283,2825491315,2825491910,8887,595
5369.858318,2825495214,2825495815,9239,601
5369.870338,2825499058,2825499655,9282,597
5369.882354,2825503038,2825503633,11803,595
5369.894383,2825506987,2825507573,12066,586
5369.906406,2825510840,2825511438,9294,598
5369.918428,2825514641,2825515244,8973,603
5369.930456,2825518480,2825519078,9276,598
5369.942472,2825522337,2825522941,9284,604
5369.954491,2825526107,2825526701,8872,594
5369.966525,2825529911,2825530509,9073,598
5369.978542,2825533805,2825534412,9236,607
5369.990557,2825537608,2825538201,8878,593
5370.002593,2825541432,2825542009,9183,577
5370.014615,2825545243,2825545845,9344,602
5370.026627,2825549044,2825549639,8875,595
5370.038663,2825552868,2825553450,9171,582
5370.050677,2825556677,2825557278,9241,601
5370.062701,2825560535,2825561138,8987,603
5370.074726,2825564366,2825564967,9185,601
5370.086747,2825568247,2825568850,9243,603
5370.098766,2825572212,2825572802,11838,590
5370.110795,2825576172,2825576749,11959,577
5370.122814,2825580012,2825580615,9253,603
5370.134834,2825583812,2825584391,8864,579
5370.146867,2825587641,2825588238,9243,597
5370.182932,2825598824,2825599432,9195,608
5370.194949,2825602653,2825603249,9227,596
5370.206967,2825606438,2825607031,8837,593
5370.219003,2825610305,2825610908,9167,603
5370.231019,2825614288,2825614889,12055,601
5370.243043,2825618294,2825618888,11821,594
5370.255072,2825622306,2825622909,12086,603
5370.271594,2825627659,2825628255,9224,596
5370.282126,2825631118,2825631693,11999,575
5370.294144,2825635078,2825635675,12073,597
5370.306158,2825638856,2825639434,8878,578
5370.318195,2825642703,2825643285,9221,582
5370.330210,2825646540,2825647143,9267,603
5370.342228,2825650348,2825650948,8797,600
5370.354267,2825654151,2825654732,9257,581
5370.366280,2825658001,2825658604,9210,603
5370.378302,2825661829,2825662426,8939,597
5370.390326,2825665654,2825666265,9215,611
5370.402347,2825669527,2825670114,9201,587
5370.414372,2825673329,2825673926,8947,597
5370.426396,2825677151,2825677747,9183,596
5370.438417,2825681003,2825681606,9215,603
5370.450432,2825684797,2825685397,8861,600
5370.462466,2825688651,2825689259,9065,608
5370.474485,2825692524,2825693126,9255,602
5370.486503,2825696323,2825696922,8830,599
5370.498537,2825700257,2825700834,11987,577
5370.510559,2825704245,2825704847,12099,602
5370.522568,2825708078,2825708667,8838,589
5370.534605,2825711908,2825712490,9185,582
5370.546621,2825715730,2825716332,9277,602
5370.558640,2825719533,2825720130,8827,597
5370.570671,2825723670,2825724231,11967,561
5370.582692,2825727475,2825728077,9270,602
5370.594713,2825731295,2825731898,8979,603
5370.606738,2825735116,2825735705,9251,589
5370.618759,2825738965,2825739567,9274,602
5370.630777,2825742751,2825743351,8873,600
5370.642808,2825746571,2825747174,9143,603
5370.654825,2825750398,2825750993,9285,595
5370.666841,2825754206,2825754806,8867,600
5370.678880,2825758032,2825758635,9288,603
5370.690893,2825761881,2825762476,9256,595
5370.702909,2825765692,2825766287,8851,595
5370.714949,2825769675,2825770251,11970,576
5370.726961,2825773629,2825774235,12055,606
5370.738981,2825777426,2825778016,8896,590
5370.751019,2825781284,2825781866,9200,582
5370.763033,2825785312,2825785909,12042,597
5370.775056,2825789321,2825789923,11842,602
5370.787082,2825793405,2825793981,11948,576
5370.799099,2825797294,2825797890,9262,596
5370.811124,2825801174,2825801764,8961,590
5370.823152,2825805169,2825805759,12087,590
5370.835169,2825809141,2825809737,12102,596
5370.847192,2825813071,2825813666,11844,595
5370.859220,2825817004,2825817600,12066,596
5370.871236,2825820936,2825821532,12063,596
5370.883261,2825825124,2825825719,11840,595
5370.895290,2825828934,2825829537,9214,603
5370.907313,2825832911,2825833509,12184,598
5370.919329,2825836846,2825837447,11840,601
5370.931357,2825840819,2825841415,12115,596
5370.941868,2825844179,2825844773,8834,594
5370.953905,2825848007,2825848584,9215,577
5370.965921,2825851850,2825852447,9246,597
5370.977943,2825855656,2825856253,8971,597
5370.989972,2825859451,2825860024,9212,573
5371.001988,2825863291,2825863893,9253,602
5371.014005,2825867151,2825867746,11822,595
5371.026036,2825871043,2825871640,12078,597
5371.038054,2825874874,2825875464,9215,590
5371.050074,2825878684,2825879273,8894,589
5371.062113,2825882487,2825883064,9261,577
5371.074127,2825886313,2825886920,9307,607
5371.086154,2825890458,2825891070,12039,612
5371.098177,2825894503,2825895106,12119,603
5371.110192,2825898524,2825899127,11987,603
5371.122222,2825902435,2825903042,8927,607
5371.134247,2825906334,2825906947,9250,613
5371.146264,2825910249,2825910857,8956,608
5371.174821,2825919276,2825919878,12097,602
5371.186840,2825923776,2825924384,9263,608
5371.206382,2825930137,2825930747,12033,610
5371.218401,2825934083,2825934691,9245,608
5371.230418,2825938068,2825938668,11847,600
5371.242449,2825941890,2825942472,9192,582
5371.254470,2825945866,2825946467,12096,601
5371.283027,2825954828,2825955424,12137,596
5371.295043,2825958776,2825959373,9274,597
5371.307066,2825962810,2825963412,12031,602
5371.319095,2825966888,2825967485,12085,597
5371.331111,2825970958,2825971559,12097,601
5371.343137,2825974903,2825975511,12016,608
5371.355163,2825978932,2825979535,12045,603
5371.367180,2825982928,2825983529,12097,601
5371.379202,2825986845,2825987440,11813,595
5371.391232,2825990815,2825991419,12116,604
5371.403256,2825994777,2825995378,12137,601
5371.415264,2825998617,2825999207,8803,590
5371.427300,2826002459,2826003036,9168,577
5371.439317,2826006360,2826006949,12057,589
5371.451342,2826010266,2826010861,11851,595
5371.461864,2826013648,2826014244,9270,596
5371.473879,2826017434,2826018033,8846,599
5371.485915,2826021266,2826021843,9216,577
5371.497929,2826025125,2826025721,12032,596
5371.509951,2826028992,2826029595,11992,603
5371.521983,2826032796,2826033372,9179,576
5371.534000,2826036620,2826037221,9254,601
5371.546018,2826040436,2826041036,8806,600
5371.558055,2826044279,2826044856,9176,577
5371.570070,2826048111,2826048713,9250,602
5371.582085,2826051911,2826052505,8801,594
5371.594122,2826055710,2826056287,9209,577
5371.606137,2826059565,2826060165,9270,600
5371.618154,2826063362,2826063962,8861,600
5371.630190,2826067316,2826067893,11984,577
5371.642208,2826071268,2826071860,12074,592
5371.654229,2826075089,2826075697,8955,608
5371.666257,2826078907,2826079484,9193,577
5371.678274,2826082746,2826083343,9283,597
5371.690292,2826086556,2826087134,8846,578
5371.702326,2826090383,2826090980,9105,597
5371.714341,2826094378,2826094975,12018,597
5371.726363,2826098338,2826098929,11981,591
5371.738390,2826102131,2826102728,9195,597
5371.750415,2826105987,2826106589,9334,602
5371.762429,2826109797,2826110387,8930,590
5371.774463,2826113805,2826114403,12083,598
5371.786482,2826117662,2826118264,9295,602
5371.798496,2826121489,2826122084,8831,595
5371.810528,2826125316,2826125919,9194,603
5371.822545,2826129156,2826129738,9238,582
5371.834566,2826132920,2826133520,8831,600
5371.846598,2826136901,2826137498,12070,597
5371.858617,2826140909,2826141506,12056,597
5371.870633,2826144684,2826145278,8894,594
5371.882666,2826148471,2826149053,9198,582
5371.894684,2826152459,2826153062,12057,603
5371.908208,2826156860,2826157456,12088,596
5372.099070,2826204461,2826205061,9007,600
5372.111093,2826207434,2826208031,8932,597
5372.123125,2826211315,2826211917,9234,602
5372.135141,2826215412,2826216006,12081,594
5372.147171,2826219225,2826219820,8976,595
5372.198260,2826235114,2826235714,11992,600
5372.210278,2826238939,2826239544,8859,605
5372.222317,2826242741,2826243319,9221,578
5372.234331,2826246575,2826247178,9252,603
5372.246358,2826250524,2826251124,11902,600
5372.258383,2826254542,2826255144,12097,602
5372.270401,2826258382,2826258964,9302,582
5372.282416,2826262137,2826262732,8882,595
5372.294449,2826265933,2826266535,9235,602
5372.306467,2826269804,2826270406,9295,602
5372.318487,2826273600,2826274200,8896,600
5372.330520,2826277558,2826278160,12108,602
5372.342538,2826281550,2826282147,12065,597
5372.354553,2826285367,2826285961,8880,594
5372.366589,2826289178,2826289760,9178,582
5372.378605,2826293006,2826293602,9243,596
5372.390623,2826296796,2826297391,8877,595
5372.402662,2826300656,2826301233,9241,577
5372.414675,2826304473,2826305070,9295,597
5372.426697,2826308265,2826308857,9005,592
5372.438721,2826312061,2826312661,9222,600
5372.450743,2826315911,2826316513,9219,602
5372.462763,2826319857,2826320457,11883,600
5372.474789,2826323831,2826324429,12065,598
5372.486807,2826327660,2826328261,9229,601
5372.498836,2826331486,2826332084,8991,598
5372.510864,2826335623,2826336220,12155,597
5372.522875,2826339436,2826340030,9246,594
5372.534895,2826343250,2826343845,8858,595
5372.546933,2826347218,2826347815,12097,597
5372.558946,2826351202,2826351793,12056,591
5372.570963,2826354999,2826355594,8886,595
5372.582995,2826358855,2826359458,9215,603
5372.595011,2826362845,2826363446,11981,601
5372.607039,2826366847,2826367442,11833,595
5372.619069,2826370925,2826371523,12071,598
5372.631082,2826374848,2826375444,9207,596
5372.643112,2826378801,2826379402,8990,601
5372.655136,2826382855,2826383433,12085,578
5372.667153,2826386803,2826387409,12094,606
5372.679174,2826390762,2826391362,11839,600
5372.691206,2826395195,2826395792,12087,597
5372.703219,2826399215,2826399811,12051,596
5372.715240,2826403017,2826403606,8871,589
5372.727274,2826406860,2826407463,9228,603
5372.739290,2826410827,2826411421,12084,594
5372.751312,2826414765,2826415365,11831,600
5372.763342,2826418697,2826419273,11967,576
5372.773851,2826422040,2826422619,8886,579
5372.785887,2826425824,2826426401,9258,577
5372.797904,2826429671,2826430273,9234,602
5372.809922,2826433482,2826434082,8851,600
5372.821957,2826437311,2826437886,9196,575
5372.833971,2826441096,2826441697,9213,601
5372.845993,2826444967,2826445570,11977,603
5372.858020,2826448826,2826449429,12068,603
5372.870042,2826452675,2826453278,9271,603
5372.882056,2826456491,2826457069,8863,578
5372.894092,2826460308,2826460905,9248,597
5372.915122,2826466926,2826467522,9182,596
5372.927140,2826470844,2826471439,8918,595
5372.939179,2826474828,2826475388,11988,560
5372.951193,2826478756,2826479352,12086,596
5372.963215,2826482700,2826483300,11841,600
5372.975245,2826486646,2826487248,12136,602
5372.987260,2826490612,2826491207,12057,595
5372.999285,2826494565,2826495158,11822,593
5373.011314,2826498540,2826499138,12085,598
5373.023330,2826502506,2826503112,12088,606
5373.035353,2826506457,2826507057,11836,600
5373.045876,2826509879,2826510330,7367,451
5373.057897,2826513566,2826514011,7538,445
5373.069923,2826517229,2826517832,9177,603
5373.081944,2826521094,2826521690,9243,596
5373.093968,2826524906,2826525504,8961,598
5373.105997,2826528702,2826529284,9202,582
5373.118011,2826532505,2826533106,9194,601
5373.130029,2826536373,2826536973,11828,600
5373.142063,2826540270,2826540867,12106,597
5373.154082,2826544110,2826544706,9260,596
5373.166097,2826547893,2826548498,8860,605
5373.178135,2826551725,2826552306,9215,581
5373.190148,2826555568,2826556171,9047,603
5373.202168,2826559385,2826559979,8877,594
5373.214202,2826563202,2826563784,9172,582
5373.226220,2826567026,2826567629,9256,603
5373.238246,2826570830,2826571429,8955,599
5373.250270,2826574673,2826575250,9164,577
5373.262285,2826578647,2826579238,12018,591
5373.274303,2826582581,2826583174,11838,593
5373.286338,2826586404,2826586980,9223,576
5373.298357,2826590222,2826590825,9294,603
5373.310371,2826594036,2826594630,8864,594
5373.322408,2826597835,2826598411,9177,576
5373.334424,2826601665,2826602262,9209,597
5373.346442,2826605638,2826606233,11811,595
5373.358470,2826609610,2826610213,12068,603
5373.370492,2826613487,2826614078,9255,591
5373.382510,2826617277,2826617877,8854,600
5373.394547,2826621090,2826621668,9223,578
5373.406559,2826624896,2826625497,9268,601
5373.418577,2826628710,2826629289,8842,579
5373.430614,2826632513,2826633090,9180,577
5373.442629,2826636353,2826636950,9275,597
5373.454647,2826640131,2826640729,8914,598
5373.466682,2826643966,2826644548,9212,582
5373.478698,2826647951,2826648554,12037,603
5373.490718,2826651919,2826652517,11987,598
5373.502747,2826655722,2826656325,9197,603
5373.514764,2826659579,2826660175,9223,596
5373.526782,2826663358,2826663958,8887,600
5373.538818,2826667191,2826667793,9227,602
5373.550835,2826671055,2826671652,9304,597
5373.562859,2826675010,2826675605,11882,595
5373.574882,2826678954,2826679551,12066,597
5373.586899,2826682789,2826683363,9105,574
5373.598917,2826686583,2826687178,8819,595
5373.610953,2826690434,2826691037,9263,603
5373.622967,2826694279,2826694885,9238,606
5373.634998,2826698069,2826698663,8990,594
5373.647027,2826701927,2826702504,9222,577
5373.659040,2826705855,2826706463,9207,608
5373.671064,2826709900,2826710503,11843,603
5373.683090,2826713956,2826714554,12069,598
5373.695108,2826717978,2826718574,12079,596
5373.707129,2826722038,2826722638,11859,600
5373.719159,2826725995,2826726598,12085,603
5373.731175,2826729951,2826730552,12052,601
5373.743196,2826733860,2826734454,8893,594
5373.755230,2826737816,2826738393,11962,577
5373.767243,2826741763,2826742358,12077,595
5373.779266,2826745701,2826746295,11849,594
5373.791297,2826749662,2826750238,11968,576
5373.803313,2826753597,2826754192,12082,595
5373.815334,2826757512,2826758106,11844,594
5373.827364,2826761459,2826762036,11964,577
5373.837882,2826764807,2826765408,9016,601
5373.849910,2826768634,2826769211,9240,577
5373.861924,2826772496,2826773092,12021,596
5373.873944,2826776358,2826776963,11801,605
5373.885979,2826780170,2826780772,9185,602
5373.897997,2826784042,2826784645,9306,603
5373.910012,2826787835,2826788429,8864,594
5373.922048,2826791686,2826792268,9211,582
5373.934062,2826795512,2826796113,9055,601
5373.946081,2826799443,2826800038,11816,595
5373.958112,2826803380,2826803956,11961,576
5373.970133,2826807230,2826807832,9284,602
5373.982160,2826811053,2826811653,8930,600
5373.994189,2826814905,2826815487,9245,582
5374.006203,2826818743,2826819346,9215,603
5374.018218,2826822532,2826823111,8801,579
5374.030255,2826826309,2826826891,9171,582
5374.042271,2826830159,2826830757,9254,598
5374.054286,2826833968,2826834567,8858,599
5374.066321,2826837807,2826838384,9207,577
5374.078336,2826841770,2826842372,12030,602
5374.090355,2826845762,2826846356,11805,594
5374.102386,2826849565,2826850163,9218,598
5374.114407,2826853431,2826854028,9265,597
5374.126425,2826857227,2826857822,8812,595
5374.138460,2826861069,2826861672,9283,603
5374.150477,2826864936,2826865533,9278,597
5374.162496,2826868894,2826869489,11837,595
5374.174523,2826872872,2826873470,12070,598
5374.186545,2826876744,2826877341,9222,597
5374.198560,2826881035,2826881629,8880,594
5374.254171,2826898291,2826898895,12080,604
5374.278226,2826905941,2826906518,12007,577
5374.290242,2826909895,2826910498,12077,603
5374.302257,2826913709,2826914304,8849,595
5374.314295,2826917529,2826918106,9201,577
5374.326310,2826921366,2826921947,9259,581
5374.338326,2826925172,2826925778,8879,606
5374.350364,2826929177,2826929759,9194,582
5374.362377,2826933168,2826933771,12017,603
5374.374399,2826937153,2826937751,11974,598
5374.386432,2826940991,2826941588,9168,597
5374.398445,2826944831,2826945432,9254,601
5374.410463,2826948630,2826949225,8879,595
5374.422495,2826952455,2826953058,9210,603
5374.433010,2826955888,2826956491,11991,603
5374.443530,2826959377,2826959978,12055,601
5374.454059,2826962754,2826963335,9220,581
5374.464570,2826966156,2826966759,11986,603
5374.475092,2826969559,2826970157,9252,598
5374.487114,2826973614,2826974213,11817,599
5374.499140,2826977614,2826978191,11979,577
5374.511158,2826981579,2826982180,12054,601
5374.523183,2826985526,2826986126,11845,600
5374.535211,2826989529,2826990132,12077,603
5374.545720,2826992996,2826993590,8808,594
5374.578786,2827003360,2827003955,12025,595
5374.694507,2827038812,2827039412,11991,600
5374.706535,2827042821,2827043424,12073,603
5374.718557,2827046666,2827047268,9283,602
5374.730580,2827050479,2827051087,9015,608
5374.742604,2827054324,2827054922,9214,598
5374.754625,2827058209,2827058817,9264,608
5374.766640,2827062022,2827062623,8856,601
5374.778676,2827066016,2827066613,12123,597
5374.790691,2827070000,2827070600,12055,600
5374.802709,2827073803,2827074397,8901,594
5374.814741,2827077628,2827078231,9216,603
5374.826760,2827081499,2827082097,9062,598
5374.838779,2827085311,2827085906,8880,595
5374.850817,2827089127,2827089709,9249,582
5374.862830,2827092971,2827093562,9297,591
5374.874856,2827096769,2827097369,8995,600
5374.886877,2827100600,2827101206,9190,606
5374.898901,2827104617,2827105214,12044,597
5374.910920,2827108569,2827109164,11840,595
5374.922950,2827112566,2827113164,12090,598
5374.934964,2827116393,2827116994,9229,601
5374.946982,2827120188,2827120783,8872,595
5374.959018,2827124020,2827124618,9262,598
5374.971035,2827128029,2827128635,12079,606
5374.983056,2827132060,2827132655,11839,595
5374.995087,2827136145,2827136721,11953,576
5375.007103,2827140174,2827140775,12123,601
5375.019124,2827144226,2827144814,11842,588
5375.031157,2827148265,2827148841,11982,576
5375.043170,2827152211,2827152812,12072,601
5375.055196,2827156154,2827156749,11841,595
5375.067224,2827160147,2827160748,12081,601
5375.079241,2827163996,2827164599,9237,603
5375.091255,2827167805,2827168410,8869,605
5375.103293,2827171758,2827172365,12085,607
5375.115307,2827175742,2827176338,12052,596
5375.127335,2827179689,2827180292,12026,603
5375.139360,2827183669,2827184272,12090,603
5375.149870,2827187064,2827187658,8845,594
5375.170922,2827193757,2827194334,9178,577
5375.182939,2827197599,2827198202,9241,603
5375.194960,2827201568,2827202163,11837,595
5375.206988,2827205534,2827206116,11982,582
5375.219007,2827209496,2827210090,12090,594
5375.231029,2827213488,2827214089,11813,601
5375.243059,2827217476,2827218079,12109,603
5375.255073,2827221554,2827222155,12047,601
5375.267100,2827225577,2827226173,11824,596
5375.279129,2827229477,2827230059,9197,582
5375.291144,2827233417,2827234014,9300,597
5375.303166,2827237347,2827237951,11843,604
5375.315194,2827241352,2827241928,11936,576
5375.327215,2827245301,2827245904,12084,603
5375.339235,2827249243,2827249838,11842,595
5375.351264,2827253192,2827253769,11965,577
5375.363280,2827257144,2827257739,12081,595
5375.375306,2827261233,2827261836,12003,603
5375.387334,2827265221,2827265797,11973,576
5375.399348,2827269155,2827269756,12133,601
5375.409876,2827272530,2827273107,9205,577
5375.421891,2827276316,2827276912,9051,596
5375.433910,2827280150,2827280750,8869,600
5375.445948,2827283960,2827284536,9229,576
5375.457963,2827287786,2827288383,9293,597
5375.469990,2827291622,2827292231,8915,609
5375.482015,2827295490,2827296072,9193,582
5375.494029,2827299347,2827299944,12018,597
5375.506051,2827303203,2827303801,11976,598
5375.518083,2827307014,2827307591,9263,577
5375.530101,2827310857,2827311460,9258,603
5375.542116,2827314694,2827315294,8818,600
5375.554154,2827318504,2827319082,9215,578
5375.566168,2827322338,2827322935,9251,597
5375.578188,2827326277,2827326875,11989,598
5375.588332,2827330354,2827330952,12060,598
5375.654830,2827350315,2827350915,8836,600
5375.666861,2827354169,2827354777,9182,608
5375.678880,2827358034,2827358632,9263,598
5375.690898,2827361826,2827362426,8868,600
5375.702935,2827366309,2827366915,12065,606
5375.714950,2827370188,2827370785,9249,597
5375.726972,2827374158,2827374748,11877,590
5375.739002,2827378174,2827378777,12097,603
5375.751017,2827382165,2827382761,12091,596
5375.763040,2827386141,2827386742,11821,601
5375.775070,2827390204,2827390807,12080,603
5375.787090,2827394319,2827394922,9272,603
5375.799109,2827398424,2827399020,11866,596
5375.811138,2827402464,2827403046,11941,582
5375.823156,2827406452,2827407055,12042,603
5375.835178,2827410392,2827410986,11840,594
5375.847207,2827414387,2827414985,12103,598
5375.859223,2827418351,2827418947,12081,596
5375.871248,2827422288,2827422891,12007,603
5375.883279,2827426305,2827426882,11968,577
5375.895291,2827430260,2827430856,12050,596
5375.941885,2827444796,2827445372,11944,576
5375.953903,2827448590,2827449190,9196,600
5375.965929,2827452453,2827453057,8904,604
5375.977958,2827456306,2827456888,9178,582
5375.989972,2827460196,2827460799,9235,603
5376.001989,2827464068,2827464656,8796,588
5376.014026,2827467902,2827468484,9219,582
5376.026044,2827471752,2827472328,9286,576
5376.038059,2827475534,2827476134,8801,600
5376.050094,2827479391,2827479973,9185,582
5376.062111,2827483224,2827483816,9236,592
5376.074129,2827487078,2827487684,8816,606
5376.086168,2827491106,2827491682,9238,576
5376.098182,2827494938,2827495541,9232,603
5376.110198,2827498928,2827499523,11808,595
5376.120724,2827502502,2827503104,12044,602
5376.143263,2827509843,2827510449,12078,606
5376.155286,2827513831,2827514431,11821,600
5376.167316,2827517883,2827518485,12096,602
5376.179329,2827521922,2827522522,12048,600
5376.189866,2827525306,2827525738,7470,432
5376.201878,2827529069,2827529680,9287,611
5376.213904,2827532952,2827533553,8927,601
5376.225933,2827536831,2827537407,9218,576
5376.237942,2827540632,2827541235,9285,603
5376.251467,2827545094,2827545691,12041,597
5376.261997,2827548463,2827549046,9192,583
5376.274016,2827552303,2827552900,9248,597
5376.286028,2827556132,2827556730,8843,598
5376.302570,2827561361,2827561962,9163,601
5376.314589,2827565236,2827565833,9094,597
5376.326612,2827569230,2827569831,11814,601
5376.338638,2827573220,2827573828,12121,608
5376.350659,2827577101,2827577697,9240,596
5376.362685,2827581044,2827581645,11882,601
5376.374709,2827584905,2827585513,9172,608
5376.386729,2827588795,2827589404,9267,609
5376.398750,2827592692,2827593295,8953,603
5376.410775,2827596771,2827597373,12075,602
5376.422796,2827600639,2827601236,9259,597
5376.433322,2827604149,2827604755,12098,606
5376.454355,2827610913,2827611515,12042,602
5376.466382,2827614772,2827615380,8974,608
5376.478410,2827618619,2827619180,9239,561
5376.490427,2827622443,2827623046,9263,603
5376.502441,2827626244,2827626853,8842,609
5376.514478,2827630105,2827630708,9231,603
5376.526495,2827634129,2827634731,12039,602
5376.538513,2827638105,2827638708,11985,603
5376.550541,2827641934,2827642536,9208,602
5376.562560,2827645960,2827646563,11988,603
5376.574579,2827649799,2827650394,8842,595
5376.586618,2827653636,2827654219,9181,583
5376.598629,2827657455,2827658045,9269,590
5376.610655,2827661290,2827661885,8960,595
5376.622684,2827665124,2827665700,9233,576
5376.634702,2827669105,2827669701,12072,596
5376.646716,2827672915,2827673516,8856,601
5376.658753,2827676759,2827677342,9215,583
5376.670769,2827680607,2827681205,9198,598
5376.682784,2827684395,2827684995,8846,600
5376.694818,2827688200,2827688798,9187,598
5376.706835,2827692074,2827692672,9272,598
5376.718851,2827695898,2827696497,8901,599
5376.730887,2827699751,2827700333,9251,582
5376.742904,2827703623,2827704221,9233,598
5376.754926,2827707577,2827708179,11975,602
5376.765451,2827711011,2827711464,7385,453
5376.777471,2827714737,2827715340,8981,603
5376.803024,2827722868,2827723471,12098,603
5376.815043,2827726960,2827727568,12047,608
5376.827059,2827730942,2827731543,8893,601
5376.839093,2827734924,2827735527,9232,603
5376.851110,2827738933,2827739521,12095,588
5376.863134,2827742871,2827743474,12007,603
5376.875163,2827746876,2827747479,12120,603
5376.887178,2827750890,2827751495,12093,605
5376.899202,2827754848,2827755449,11822,601
5376.911228,2827758717,2827759325,9254,608
5376.923246,2827762591,2827763189,9278,598
5376.935270,2827766517,2827767114,11841,597
5376.947297,2827770506,2827771088,11939,582
5376.959310,2827774463,2827775059,11986,596
5376.971337,2827778444,2827779042,12010,598
5376.981862,2827781854,2827782457,9273,603
5376.993877,2827785695,2827786289,8856,594
5377.005915,2827789511,2827790093,9202,582
5377.017929,2827793389,2827794000,9255,611
5377.029947,2827797264,2827797859,8806,595
5377.041982,2827801141,2827801723,11970,582
5377.053999,2827804984,2827805586,9284,602
5377.066014,2827808847,2827809448,8884,601
5377.078052,2827812696,2827813278,9230,582
5377.090066,2827816545,2827817148,9247,603
5377.102084,2827820366,2827820971,8859,605
5377.114122,2827824252,2827824834,9197,582
5377.126133,2827828235,2827828838,12018,603
5377.138154,2827832175,2827832777,11977,602
5377.150187,2827836129,2827836706,11995,577
5377.162205,2827839989,2827840592,9225,603
5377.174219,2827843823,2827844418,8849,595
5377.186257,2827847635,2827848219,9247,584
5377.198272,2827851500,2827852097,9227,597
5377.210294,2827855815,2827856418,8978,603
5377.222326,2827859776,2827860359,9224,583
5377.234341,2827863641,2827864247,9280,606
5377.246357,2827867650,2827868245,11816,595
5377.258390,2827871532,2827872134,9227,602
5377.277918,2827877728,2827878322,11810,594
5377.289953,2827881566,2827882142,9225,576
5377.301967,2827885388,2827885990,9269,602
5377.313988,2827889255,2827889851,8884,596
5377.326018,2827893122,2827893705,11954,583
5377.338037,2827897002,2827897605,12060,603
5377.350056,2827900865,2827901460,8883,595
5377.362094,2827904744,2827905325,9235,581
5377.374105,2827908571,2827909172,9236,601
5377.386121,2827912388,2827912984,8819,596
5377.398158,2827916228,2827916789,9241,561
5377.410175,2827920063,2827920660,9261,597
5377.422195,2827924184,2827924787,11987,603
5377.434227,2827928049,2827928608,9189,559
5377.446243,2827931874,2827932472,9239,598
5377.458265,2827935836,2827936434,11980,598
5377.470292,2827939664,2827940267,9237,603
5377.482314,2827943542,2827944145,9252,603
5377.494327,2827947337,2827947938,8857,601
5377.506364,2827951195,2827951798,9219,603
5377.518382,2827955067,2827955668,9261,601
5377.530396,2827958903,2827959504,8865,601
5377.542430,2827962906,2827963484,11988,578
5377.554448,2827966905,2827967508,12002,603
5377.566464,2827970733,2827971328,8864,595
5377.578496,2827974578,2827975186,9223,608
5377.590517,2827978454,2827979057,9232,603
5377.602545,2827982260,2827982862,8930,602
5377.614567,2827986109,2827986707,9225,598
5377.626587,2827989999,2827990596,9295,597
5377.638609,2827993827,2827994430,8940,603
5377.650634,2827997678,2827998289,9196,611
5377.662655,2828001554,2828002157,9243,603
5377.674675,2828005504,2828006104,11838,600
5377.686703,2828009338,2828009941,9169,603
5377.698720,2828013203,2828013805,9223,602
5377.710739,2828017043,2828017644,8866,601
