time,start,end,count,diff
29166.790458,2613739638,2613741034,16381,1396
29166.802473,2613753063,2613754175,15931,1112
29166.814493,2613764006,2613764972,15134,966
29166.826526,2613772849,2613773721,14778,872
29166.838544,2613781071,2613781895,14201,824
29166.850564,2613788366,2613789010,13600,644
29166.862593,2613794607,2613795248,13287,641
29166.874613,2613800490,2613801121,13121,631
29166.886634,2613806122,2613806752,12972,630
29166.898664,2613812075,2613812704,13096,629
29166.910683,2613817418,2613818051,13086,633
29166.922702,2613822992,2613823618,12979,626
29166.934732,2613828635,2613829261,13092,626
29166.946750,2613834226,2613834854,13071,628
29166.958771,2613839584,2613840210,13046,626
29166.970802,2613845034,2613845660,13092,626
29166.999348,2613858392,2613859022,12983,630
29167.009872,2613863053,2613863699,13124,646
29167.021892,2613868563,2613869217,13020,654
29167.042938,2613878831,2613879457,13130,626
29167.054954,2613884450,2613885081,12991,631
29167.066976,2613890296,2613890915,12981,619
29167.079008,2613895782,2613896406,13100,624
29167.091025,2613899992,2613900608,12063,616
29167.103050,2613904059,2613904663,11881,604
29167.115073,2613908200,2613908785,11966,585
29167.127092,2613912391,2613913002,12089,611
29167.139112,2613916495,2613917104,11841,609
29167.151142,2613920586,2613921190,12082,604
29167.163160,2613924543,2613925149,9253,606
29167.175180,2613928446,2613929052,8892,606
29167.187209,2613932509,2613933093,11965,584
29167.199225,2613936462,2613937064,11935,602
29167.211243,2613940605,2613941213,8911,608
29167.223280,2613944661,2613945272,12084,611
29167.235294,2613948663,2613949265,11872,602
29167.247313,2613952501,2613953109,8848,608
29167.259348,2613956411,2613957021,9226,610
29167.269863,2613959827,2613960404,8938,577
29167.281893,2613963676,2613964259,9148,583
29167.293907,2613967531,2613968146,9252,615
29167.305932,2613971438,2613972050,8977,612
29167.317961,2613975288,2613975872,9133,584
29167.329976,2613979154,2613979763,9200,609
29167.341997,2613983088,2613983667,8862,579
29167.354028,2613986890,2613987492,9135,602
29167.366044,2613990777,2613991386,9263,609
29167.378069,2613994775,2613995356,11997,581
29167.390094,2613998692,2613999300,12068,608
29167.402114,2614002602,2614003211,9083,609
29167.414138,2614006759,2614007336,11985,577
29167.426167,2614010606,2614011191,9190,585
29167.438181,2614014477,2614015091,9299,614
29167.450213,2614018362,2614018944,8958,582
29167.462232,2614022355,2614022939,11987,584
29167.474253,2614026393,2614026994,12075,601
29167.486273,2614030224,2614030801,8911,577
29167.498305,2614034050,2614034633,9151,583
29167.510323,2614037962,2614038562,9272,600
29167.522343,2614041792,2614042375,8937,583
29167.534375,2614045614,2614046199,9197,585
29167.546390,2614049500,2614050100,9291,600
29167.558412,2614053416,2614054027,8962,611
29167.570440,2614057284,2614057867,9203,583
29167.582457,2614061126,2614061727,9182,601
29167.594474,2614065155,2614065731,11954,576
29167.606509,2614069030,2614069635,9236,605
29167.618526,2614072973,2614073574,9261,601
29167.813898,2614122812,2614123264,3855,452
29167.825920,2614126639,2614127248,11973,609
29167.837951,2614130165,2614130787,5117,622
29167.849972,2614133843,2614134458,12099,615
29167.861985,2614137810,2614138421,11803,611
29167.874017,2614141770,2614142380,12062,610
29167.886039,2614145727,2614146333,9219,606
29167.898050,2614149633,2614150215,8971,582
29167.910089,2614153438,2614154021,9234,583
29167.922105,2614157311,2614157917,9272,606
29167.934127,2614161173,2614161750,8944,577
29167.946160,2614164966,2614165549,9214,583
29167.958174,2614168821,2614169426,9265,605
29167.970192,2614172704,2614173305,8890,601
29168.018293,2614187516,2614188100,9218,584
29168.030310,2614191421,2614192030,9209,609
29168.042330,2614195294,2614195875,8941,581
29168.054363,2614199138,2614199720,9206,582
29168.066379,2614202961,2614203562,9238,601
29168.076902,2614206538,2614207131,11928,593
29168.090429,2614213393,2614214519,16363,1126
29168.102442,2614226271,2614227449,16292,1178
29168.114468,2614240260,2614241439,16264,1179
29168.126496,2614254365,2614255572,16372,1207
29168.138513,2614268581,2614269824,16320,1243
29168.150533,2614282947,2614284189,16189,1242
29168.162565,2614297281,2614298553,16292,1272
29168.179090,2614317609,2614318855,16345,1246
29168.191110,2614331892,2614333129,16231,1237
29168.203141,2614346067,2614347349,16379,1282
29168.215158,2614360438,2614361680,16346,1242
29168.227179,2614373985,2614375253,16226,1268
29168.236331,2614388391,2614389664,16288,1273
29168.263248,2614418760,2614420029,16233,1269
29168.278280,2614437068,2614438343,16347,1275
29168.290298,2614445017,2614445621,12867,604
29168.390993,2614476249,2614476857,12024,608
29168.403009,2614480122,2614480724,8890,602
29168.415042,2614484249,2614484859,12085,610
29168.427057,2614488382,2614488991,11860,609
29168.439085,2614492478,2614493080,11855,602
29168.550303,2614526582,2614527165,9178,583
29168.562322,2614530469,2614531074,9292,605
29168.574339,2614534329,2614534913,8841,584
29168.586372,2614538190,2614538772,9157,582
29168.598390,2614542065,2614542670,9250,605
29168.610410,2614546087,2614546669,12001,582
29168.622437,2614550062,2614550664,12067,602
29168.637462,2614554916,2614555521,11979,605
29168.693067,2614572185,2614572781,11914,596
29168.834334,2614605095,2614605702,8743,607
29168.846354,2614607812,2614608410,8428,598
29168.858387,2614610911,2614611514,9161,603
29168.870401,2614614054,2614614660,9144,606
29168.882428,2614617844,2614618421,8956,577
29168.894460,2614621863,2614622447,11970,584
29168.906478,2614625856,2614626471,12084,615
29168.918498,2614629677,2614630252,8981,575
29168.930527,2614633514,2614634097,9218,583
29168.942545,2614637375,2614637985,9226,610
29168.954566,2614641180,2614641762,8928,582
29168.966597,2614645018,2614645602,9180,584
29168.978615,2614648879,2614649483,9287,604
29168.990638,2614652733,2614653338,8954,605
29169.002665,2614656612,2614657193,9185,581
29169.014683,2614660461,2614661066,9238,605
29169.026699,2614664425,2614665007,11961,582
29169.038732,2614668370,2614668979,12046,609
29169.050752,2614672291,2614672895,9250,604
29169.062772,2614676086,2614676662,8983,576
29169.074799,2614679913,2614680522,9179,609
29169.190514,2614715378,2614715980,12042,602
29169.201039,2614719387,2614720003,12053,616
29169.211554,2614725362,2614726500,16358,1138
29169.222072,2614731711,2614732350,13730,639
29169.234101,2614735647,2614736229,8963,582
29169.246128,2614739633,2614740217,9241,584
29169.258144,2614743522,2614744132,9252,610
29169.270170,2614747408,2614747990,8949,582
29169.282196,2614751281,2614751865,9170,584
29169.294208,2614755274,2614755871,11929,597
29169.306235,2614759291,2614759896,11980,605
29169.318265,2614763155,2614763739,9207,584
29169.330281,2614766995,2614767601,9228,606
29169.342302,2614770861,2614771438,8961,577
29169.354335,2614774661,2614775269,9164,608
29169.366351,2614778546,2614779145,9297,599
29169.378374,2614782382,2614782963,8985,581
29169.390402,2614786208,2614786792,9243,584
29169.402421,2614790063,2614790666,9285,603
29169.414442,2614793889,2614794471,8968,582
29169.426472,2614797907,2614798491,11976,584
29169.438487,2614801957,2614802555,12055,598
29169.450504,2614805794,2614806378,8920,584
29169.462539,2614809694,2614810279,9202,585
29169.474557,2614813560,2614814163,9229,603
29169.486577,2614817390,2614817997,8947,607
29169.498608,2614821283,2614821867,9157,584
29169.510613,2614825254,2614825862,11860,608
29169.522643,2614829252,2614829862,11972,610
29169.534678,2614833121,2614833705,9046,584
29169.546695,2614836987,2614837592,9244,605
29169.558716,2614840824,2614841400,8951,576
29169.570747,2614844643,2614845227,9219,584
29169.582767,2614848491,2614849091,9330,600
29169.594783,2614852286,2614852868,8935,582
29169.606817,2614856098,2614856682,9234,584
29169.618831,2614859943,2614860551,9224,608
29169.650385,2614869884,2614870478,11865,594
29169.662414,2614873788,2614874370,8968,582
29169.674444,2614877650,2614878233,9219,583
29169.686461,2614881508,2614882111,9281,603
29169.698481,2614885329,2614885906,8947,577
29169.710510,2614889291,2614889869,11982,578
29169.722528,2614893295,2614893900,12071,605
29169.734548,2614897094,2614897696,8898,602
29169.746579,2614900963,2614901546,9158,583
29169.758596,2614904791,2614905391,9214,600
29169.770615,2614908610,2614909212,8886,602
29169.782653,2614912462,2614913046,9070,584
29169.794667,2614916327,2614916931,9270,604
29169.806682,2614920155,2614920734,8849,579
29169.818718,2614924007,2614924590,9157,583
29169.830740,2614927898,2614928497,9315,599
29169.842751,2614931881,2614932463,11956,582
29169.854782,2614935862,2614936467,12081,605
29169.866803,2614939761,2614940365,9296,604
29169.878818,2614943586,2614944183,8865,597
29169.890852,2614947425,2614948009,9165,584
29169.902869,2614951271,2614951885,9209,614
29169.914887,2614955075,2614955679,8860,604
29169.926922,2614959068,2614959673,12157,605
29169.938941,2614963103,2614963707,12069,604
29169.950960,2614966902,2614967478,8990,576
29169.962985,2614970741,2614971350,9211,609
29169.975006,2614974573,2614975173,9215,600
29169.987025,2614978414,2614978997,8947,583
29169.999055,2614982335,2614982944,9194,609
29170.011076,2614986331,2614986935,9261,604
29170.023096,2614990289,2614990899,8956,610
29170.035127,2614994425,2614995032,12114,607
29170.047135,2614998511,2614999108,11831,597
29170.059167,2615002451,2615003053,11830,602
29170.069685,2615005973,2615006581,9233,608
29170.086219,2615011245,2615011826,8948,581
29170.098249,2615015100,2615015684,9206,584
29170.213956,2615050375,2615050969,11841,594
29170.225986,2615054261,2615054843,11994,582
29170.238011,2615058143,2615058741,12067,598
29170.250032,2615061966,2615062567,9210,601
29170.262057,2615065807,2615066382,8954,575
29170.274083,2615069647,2615070230,9236,583
29170.286101,2615073535,2615074139,9295,604
29170.298124,2615077375,2615077951,8952,576
29170.310151,2615081265,2615081849,11992,584
29170.322169,2615085205,2615085814,12063,609
29170.334190,2615089083,2615089659,8952,576
29170.346221,2615092911,2615093495,9217,584
29170.358236,2615096748,2615097358,9282,610
29170.370258,2615100556,2615101163,8894,607
29170.382289,2615104428,2615105012,9196,584
29170.394306,2615108289,2615108893,9250,604
29170.406327,2615112111,2615112692,8891,581
29170.418361,2615115934,2615116516,9250,582
29170.430376,2615119800,2615120399,9219,599
29170.442392,2615123734,2615124311,11966,577
29170.454422,2615127691,2615128290,12070,599
29170.466443,2615131529,2615132135,9223,606
29170.478463,2615135342,2615135939,8941,597
29170.490495,2615139220,2615139804,9200,584
29170.502512,2615143081,2615143684,9290,603
29170.514532,2615146880,2615147456,8936,576
29170.526564,2615150829,2615151412,11939,583
29170.538583,2615154845,2615155454,12076,609
29170.550602,2615158684,2615159260,8957,576
29170.562631,2615162522,2615163101,9123,579
29170.574654,2615166382,2615166986,9303,604
29170.586667,2615170204,2615170806,8882,602
29170.598703,2615174044,2615174628,9204,584
29170.610719,2615177892,2615178502,9303,610
29170.622734,2615181699,2615182277,8871,578
29170.670832,2615196602,2615197205,12079,603
29170.682853,2615200509,2615201108,9257,599
29170.694876,2615204280,2615204856,8985,576
29170.706907,2615208094,2615208672,9185,578
29170.718923,2615211909,2615212513,9267,604
29170.730936,2615215784,2615216391,8861,607
29170.742975,2615219767,2615220376,12106,609
29170.754991,2615223804,2615224402,12059,598
29170.767013,2615227573,2615228149,8963,576
29170.779041,2615231555,2615232134,11991,579
29170.791053,2615235540,2615236140,11821,600
29170.803080,2615239557,2615240138,11965,581
29170.815109,2615243624,2615244207,11965,583
29170.827126,2615247561,2615248165,9244,604
29170.839147,2615251371,2615251965,8972,594
29170.851178,2615255342,2615255947,12117,605
29170.863189,2615259358,2615259960,11901,602
29170.875219,2615263297,2615263904,11826,607
29170.885738,2615266713,2615267321,9228,608
29170.918808,2615277099,2615277707,12140,608
29170.930824,2615280992,2615281590,9266,598
29170.942845,2615284955,2615285557,11864,602
29170.954873,2615288915,2615289498,11954,583
29170.966892,2615292770,2615293364,9270,594
29170.978910,2615296604,2615297185,8949,581
29171.078102,2615326983,2615327565,11958,582
29171.090136,2615330823,2615331407,9197,584
29171.102150,2615334638,2615335237,9241,599
29171.114177,2615338482,2615339058,8964,576
29171.126204,2615342403,2615342981,11961,578
29171.138219,2615346366,2615346970,12074,604
29171.150245,2615350224,2615350800,8951,576
29171.162271,2615354060,2615354644,9219,584
29171.174288,2615357912,2615358516,9214,604
29171.200331,2615366688,2615367291,11979,603
29171.265969,2615386897,2615387507,12095,610
29171.277989,2615390811,2615391419,8974,608
29171.290018,2615394880,2615395464,8912,584
29171.302039,2615398747,2615399356,9269,609
29171.314056,2615402676,2615403279,8975,603
29171.326087,2615406580,2615407164,8933,584
29171.338103,2615410434,2615411041,9164,607
29171.350124,2615414331,2615414924,8987,593
29171.362152,2615418202,2615418785,8888,583
29171.374174,2615422074,2615422682,9239,608
29171.386192,2615425966,2615426564,8944,598
29171.398221,2615429837,2615430420,8901,583
29171.410239,2615433684,2615434291,9204,607
29171.422261,2615437558,2615438163,9001,605
29171.434290,2615441435,2615442016,8881,581
29171.446312,2615445305,2615445908,9236,603
29171.458323,2615449345,2615449947,11806,602
29171.470359,2615453373,2615453976,12029,603
29171.482380,2615457285,2615457889,9231,604
29171.494400,2615461219,2615461823,8973,604
29171.506428,2615465094,2615465678,8891,584
29171.518449,2615468983,2615469592,9065,609
29171.530469,2615472897,2615473501,8958,604
29171.542496,2615476783,2615477362,8901,579
29171.554518,2615480789,2615481397,12103,608
29171.566542,2615484695,2615485299,8986,604
29171.578565,2615488571,2615489155,8942,584
29171.590587,2615492439,2615493047,9238,608
29171.602606,2615496347,2615496957,8981,610
29171.614633,2615500237,2615500821,8891,584
29171.626656,2615504264,2615504868,12087,604
29171.638674,2615508157,2615508761,9007,604
29171.650702,2615511992,2615512573,8879,581
29171.662725,2615515863,2615516467,9231,604
29171.674741,2615519888,2615520490,11825,602
29171.686770,2615523916,2615524520,12060,604
29171.698791,2615527996,2615528600,9266,604
29171.710810,2615531889,2615532488,8984,599
29171.722842,2615535792,2615536371,8962,579
29171.733351,2615539321,2615539929,12031,608
29171.749890,2615544590,2615545168,8919,578
29171.761918,2615548726,2615549185,7641,459
29171.773937,2615552543,2615553152,8865,609
29171.785960,2615556483,2615557098,8878,615
29171.796478,2615560116,2615560736,12077,620
29171.808500,2615564183,2615564797,12041,614
29171.822028,2615568595,2615569173,11928,578
29171.834051,2615572433,2615573034,9264,601
29171.846059,2615576321,2615576923,8852,602
29171.865608,2615582539,2615583131,9081,592
29171.879136,2615586916,2615587524,9232,608
29171.891152,2615591035,2615591636,11855,601
29171.901676,2615594725,2615595327,12077,602
29171.918206,2615600062,2615600671,8960,609
29171.930231,2615604079,2615604658,11918,579
29171.942253,2615607912,2615608520,9189,608
29171.954271,2615611972,2615612576,11991,604
29171.966302,2615615823,2615616421,8928,598
29171.978324,2615619711,2615620315,9210,604
29172.014394,2615630975,2615631578,9062,603
29172.026410,2615634837,2615635440,8968,603
29172.038438,2615638678,2615639261,8870,583
29172.050460,2615642579,2615643180,9234,601
29172.062479,2615646411,2615647023,8930,612
29172.074504,2615650414,2615650998,11925,584
29172.086527,2615654423,2615655025,12097,602
29172.098542,2615658253,2615658844,8830,591
29172.110577,2615662136,2615662720,8896,584
29172.122600,2615666013,2615666621,9240,608
29172.134611,2615669849,2615670455,8882,606
29172.146645,2615673726,2615674309,8921,583
29172.172193,2615681852,2615682461,9228,609
29172.206752,2615692779,2615693381,11848,602
29172.218781,2615696665,2615697268,8906,603
29172.230805,2615700565,2615701163,9242,598
29172.242814,2615704414,2615705010,8869,596
29172.254850,2615708233,2615708837,8940,604
29172.266872,2615712144,2615712745,9204,601
29172.278883,2615715960,2615716557,8894,597
29172.290918,2615720001,2615720604,12081,603
29172.302939,2615724049,2615724648,12088,599
29172.314956,2615728037,2615728635,11974,598
29172.326986,2615731909,2615732517,8880,608
29172.339008,2615735799,2615736408,9231,609
29172.351026,2615739850,2615740456,11847,606
29172.363054,2615743960,2615744569,12034,609
29172.375078,2615748130,2615748729,12084,599
29172.387095,2615752201,2615752805,12016,604
29172.399122,2615756253,2615756852,12064,599
29172.411145,2615760368,2615760972,12051,604
29172.423164,2615764415,2615765012,11845,597
29172.435190,2615768432,2615769016,11927,584
29172.447215,2615772440,2615773043,12083,603
29172.459231,2615776268,2615776875,8888,607
29172.471260,2615780142,2615780751,8975,609
29172.483282,2615784048,2615784648,9254,600
29172.495300,2615787998,2615788600,11845,602
29172.507330,2615792001,2615792610,12085,609
29172.517839,2615795536,2615796138,8795,602
29172.582470,2615815701,2615816297,12105,596
29172.614035,2615825571,2615826180,9220,609
29172.626044,2615829456,2615830057,8826,601
29172.638079,2615833287,2615833870,8912,583
29172.650098,2615837072,2615837678,9191,606
29172.662119,2615840981,2615841585,8994,604
29172.674145,2615844954,2615845537,11888,583
29172.686170,2615848924,2615849522,12100,598
29172.698181,2615852802,2615853398,8860,596
29172.710217,2615856694,2615857297,8949,603
29172.722239,2615860604,2615861202,9259,598
29172.734249,2615864465,2615865062,8848,597
29172.746284,2615868314,2615868897,8817,583
29172.758306,2615872207,2615872811,9070,604
29172.770324,2615876088,2615876692,9001,604
29172.782353,2615879953,2615880535,8874,582
29172.794375,2615883792,2615884396,9249,604
29172.806397,2615887665,2615888261,8939,596
29172.818422,2615891680,2615892284,12059,604
29172.828934,2615895112,2615895716,11971,604
29172.845471,2615900491,2615901069,11913,578
29172.860503,2615905354,2615905963,12049,609
29172.874029,2615909772,2615910386,8884,614
29172.886051,2615913742,2615914351,12053,609
29172.898074,2615917681,2615918285,8959,604
29172.910097,2615921630,2615922238,8949,608
29172.922119,2615925727,2615926336,8914,609
29172.934142,2615929590,2615930199,9214,609
29172.946154,2615933481,2615934083,8871,602
29172.958189,2615937321,2615937925,8929,604
29172.970211,2615941189,2615941797,9196,608
29172.982226,2615945213,2615945831,11992,618
29172.998766,2615950472,2615951049,8932,577
29173.010787,2615954358,2615954962,9215,604
29173.022798,2615958197,2615958793,8872,596
29173.034834,2615962063,2615962677,8944,614
29173.045346,2615965624,2615966228,11964,604
29173.078414,2615976100,2615976702,12073,602
29173.090426,2615979950,2615980546,8858,596
29173.102461,2615983924,2615984528,12063,604
29173.114484,2615987825,2615988429,9237,604
29173.126497,2615991720,2615992316,8865,596
29173.138532,2615995585,2615996169,8888,584
29173.150554,2615999457,2616000061,9280,604
29173.162564,2616003333,2616003935,8887,602
29173.174595,2616007329,2616007912,11947,583
29173.186621,2616011187,2616011791,9195,604
29173.198632,2616015030,2616015620,8896,590
29173.210670,2616018903,2616019486,8895,583
29173.222687,2616022742,2616023350,9240,608
29173.234701,2616026602,2616027204,8842,602
29173.246736,2616030464,2616031046,8880,582
29173.258757,2616034332,2616034936,9265,604
29173.270770,2616038176,2616038772,8860,596
29173.282804,2616042008,2616042585,8878,577
29173.294826,2616045874,2616046478,9266,604
29173.306847,2616049883,2616050487,12000,604
29173.317369,2616053398,2616054002,12093,604
29173.333890,2616058715,2616059312,8851,597
29173.415045,2616083895,2616084491,11824,596
29173.427078,2616088015,2616088624,12082,609
29173.439103,2616092160,2616092762,12084,602
29173.451121,2616096144,2616096741,11877,597
29173.463146,2616100229,2616100812,11935,583
29173.475169,2616104153,2616104761,9163,608
29173.487179,2616107986,2616108577,8933,591
29173.499215,2616111974,2616112585,12063,611
29173.511235,2616116025,2616116624,12065,599
29173.523255,2616119958,2616120554,11843,596
29173.535283,2616124190,2616124788,12055,598
29173.547304,2616128213,2616128812,12066,599
29173.559325,2616132181,2616132787,11829,606
29173.571354,2616136162,2616136766,12083,604
29173.581861,2616139549,2616140149,8804,600
29173.593895,2616143422,2616144005,8951,583
29173.605925,2616147281,2616147734,7466,453
29173.617932,2616150992,2616151593,11804,601
29173.629967,2616154843,2616155426,8935,583
29173.641989,2616158706,2616159315,9231,609
29173.654007,2616162583,2616163192,8974,609
29173.666035,2616166427,2616167003,8906,576
29173.678058,2616170272,2616170870,9237,598
29173.690069,2616174210,2616174811,11834,601
29173.702102,2616178192,2616178801,12033,609
29173.714126,2616182049,2616182653,9241,604
29173.726136,2616185885,2616186487,8775,602
29173.738172,2616189893,2616190476,8906,583
29173.750193,2616193700,2616194299,9043,599
29173.762205,2616197564,2616198166,8857,602
29173.774239,2616201424,2616202007,8912,583
29173.786262,2616205256,2616205860,9249,604
29173.798284,2616209152,2616209753,8938,601
29173.810309,2616213021,2616213603,8895,582
29173.822329,2616216979,2616217581,12077,602
29173.834342,2616220828,2616221424,8865,596
29173.846376,2616224647,2616225225,8917,578
29173.858400,2616228494,2616229096,9266,602
29173.870410,2616232329,2616232930,8894,601
29173.935043,2616252420,2616253032,12108,612
29173.947065,2616256502,2616257098,11891,596
29173.959091,2616260606,2616261215,12064,609
29173.971113,2616264727,2616265330,12082,603
29173.983129,2616268678,2616269287,8966,609
29174.022211,2616281152,2616281729,11944,577
29174.034233,2616285114,2616285718,12101,604
29174.046256,2616288966,2616289573,8908,607
29174.058280,2616292842,2616293425,8921,583
29174.070304,2616296675,2616297279,9242,604
29174.082313,2616300554,2616301153,8870,599
29174.094348,2616304414,2616304992,8929,578
29174.106372,2616308411,2616309015,12085,604
29174.118387,2616312446,2616313045,11977,599
29174.130418,2616316276,2616316859,8872,583
29174.142438,2616320142,2616320745,9269,603
29174.154452,2616323992,2616324589,8915,597
29174.166487,2616327816,2616328400,8904,584
29174.178509,2616331665,2616332274,9216,609
29174.190519,2616335512,2616336114,8839,602
29174.202557,2616339385,2616339967,8906,582
29174.214574,2616343234,2616343835,9187,601
29174.226589,2616347068,2616347669,8860,601
29174.238623,2616351095,2616351673,11932,578
29174.250645,2616354956,2616355560,9252,604
29174.262657,2616358781,2616359377,8923,596
29174.274692,2616362609,2616363191,8876,582
29174.286715,2616366476,2616367080,9227,604
29174.298733,2616370338,2616370939,8999,601
29174.310761,2616374190,2616374768,8897,578
29174.322783,2616378174,2616378772,12083,598
29174.334793,2616382124,2616382725,11836,601
29174.346828,2616386134,2616386738,8908,604
29174.358850,2616390010,2616390614,9233,604
29174.370862,2616393851,2616394453,8907,602
29174.382896,2616397676,2616398259,8923,583
29174.394917,2616401527,2616402131,9076,604
29174.406929,2616405413,2616406015,8912,602
29174.418963,2616409265,2616409843,8903,578
29174.430982,2616413084,2616413694,9215,610
29174.443004,2616416904,2616417504,8916,600
29174.455033,2616420918,2616421522,12042,604
29174.467057,2616424908,2616425510,12142,602
29174.479071,2616428946,2616429542,11847,596
29174.491100,2616432856,2616433465,8958,609
29174.503123,2616436852,2616437449,9253,597
29174.515141,2616440813,2616441418,11845,605
29174.527168,2616444863,2616445462,12063,599
29174.539194,2616448864,2616449468,12082,604
29174.551209,2616452965,2616453560,11858,595
29174.563238,2616456969,2616457573,12059,604
29174.575260,2616460992,2616461590,12087,598
29174.587277,2616464933,2616465529,11848,596
29174.599305,2616468947,2616469555,12051,608
29174.611329,2616472984,2616473593,12081,609
29174.621857,2616476380,2616476813,7687,433
29174.645893,2616483813,2616484417,12004,604
29174.657921,2616487700,2616488278,8916,578
29174.669944,2616491502,2616492106,9171,604
29174.681954,2616495344,2616495954,8828,610
29174.693990,2616499210,2616499818,8929,608
29174.706010,2616503100,2616503693,12064,593
29174.718027,2616506998,2616507602,12033,604
29174.730058,2616510836,2616511419,8870,583
29174.742081,2616514656,2616515252,9023,596
29174.754098,2616518561,2616519165,8976,604
29174.766122,2616522539,2616523123,11893,584
29174.790169,2616530146,2616530752,11896,606
29174.802196,2616534028,2616534611,8912,583
29174.814219,2616537831,2616538438,9191,607
29174.826228,2616541698,2616542299,8829,601
29174.838262,2616545730,2616546312,11925,582
29174.850286,2616549742,2616550346,12099,604
29174.862296,2616553605,2616554205,8868,600
29174.874331,2616557439,2616558018,8904,579
29174.886354,2616561266,2616561875,9229,609
29174.898366,2616565131,2616565736,8894,605
29174.910401,2616568997,2616569580,8911,583
29174.922423,2616573009,2616573612,12116,603
29174.934438,2616577027,2616577629,11979,602
29174.946473,2616580906,2616581484,8982,578
29174.958490,2616584782,2616585391,9244,609
29174.970507,2616588788,2616589386,11978,598
29174.982538,2616592648,2616593232,8930,584
29174.994560,2616596495,2616597098,9293,603
29175.006571,2616600348,2616600943,8883,595
29175.018605,2616604196,2616604773,8920,577
29175.030627,2616608192,2616608799,12085,607
29175.042647,2616612058,2616612662,8933,604
29175.054675,2616616095,2616616672,11933,577
29175.066697,2616620106,2616620709,12098,603
29175.078710,2616623938,2616624534,8905,596
29175.090744,2616627760,2616628359,8857,599
29175.102765,2616631637,2616632241,9246,604
29175.114777,2616635485,2616636080,8920,595
29175.126812,2616639308,2616639891,8910,583
29175.138836,2616643275,2616643877,12065,602
29175.150848,2616647264,2616647863,11979,599
29175.162882,2616651261,2616651854,8951,593
29175.174901,2616655125,2616655723,9231,598
29175.186919,2616658930,2616659531,8943,601
29175.198948,2616662777,2616663356,8947,579
29175.210971,2616666649,2616667257,9272,608
29175.222980,2616670486,2616671082,8832,596
29175.235012,2616674487,2616675091,8964,604
29175.319171,2616700092,2616700690,9248,598
29175.331184,2616704027,2616704626,11881,599
29175.343214,2616707975,2616708577,11845,602
29175.355243,2616711969,2616712547,11977,578
29175.367256,2616716014,2616716610,11862,596
29175.379286,2616719923,2616720514,11820,591
29175.391312,2616723886,2616724484,12111,598
29175.403321,2616727807,2616728408,11889,601
29175.415352,2616731666,2616732273,11820,607
29175.425872,2616735016,2616735613,9213,597
29175.437900,2616738873,2616739328,7565,455
29175.449929,2616742520,2616742972,7494,452
29175.461939,2616746201,2616746781,9137,580
29175.473967,2616749994,2616750569,8955,575
29175.486000,2616753771,2616754354,9037,583
29175.498009,2616757561,2616758161,9100,600
29175.510036,2616761382,2616761956,8984,574
29175.522062,2616765207,2616765785,12009,578
29175.534083,2616769105,2616769698,12088,593
29175.546104,2616772925,2616773505,8944,580
29175.558135,2616776709,2616777285,9177,576
29175.570148,2616780555,2616781148,9271,593
29175.582171,2616784365,2616784941,8963,576
29175.622749,2616796793,2616797376,8923,583
29175.770034,2616832648,2616833244,6314,596
29175.782056,2616835856,2616836458,9236,602
29175.870725,2616849247,2616849842,12109,595
29175.974420,2616864145,2616864719,9087,574
29175.986446,2616867138,2616867740,9263,602
29175.998462,2616870416,2616871018,9182,602
29176.010490,2616873708,2616874307,9012,599
29176.022511,2616877382,2616877980,9217,598
29176.070594,2616888797,2616889358,8954,561
29176.082631,2616892679,2616893275,12108,596
29176.094641,2616896485,2616897079,9159,594
29176.106670,2616900264,2616900839,8960,575
29176.118701,2616904041,2616904602,9208,561
29176.130710,2616907797,2616908402,9075,605
29176.142737,2616911579,2616912154,8995,575
29176.154765,2616915508,2616916091,11992,583
29176.166784,2616919467,2616920064,12073,597
29176.178812,2616923236,2616923812,9015,576
29176.190834,2616927054,2616927636,9175,582
29176.202842,2616930997,2616931592,11861,595
29176.214872,2616934763,2616935339,8961,576
29176.226902,2616938573,2616939156,9212,583
29176.238909,2616942518,2616943119,11858,601
29176.262972,2616950085,2616950685,12108,600
29176.274982,2616953874,2616954465,9188,591
29176.287008,2616957844,2616958434,11884,590
29176.299036,2616961795,2616962398,12073,603
29176.311051,2616965627,2616966223,9184,596
29176.323077,2616969628,2616970229,11816,601
29176.335107,2616973625,2616974222,9210,597
29176.347122,2616977618,2616978216,11854,598
29176.359148,2616981582,2616982183,11881,601
29176.371176,2616985517,2616986100,11969,583
29176.383193,2616989456,2616990054,12043,598
29176.395216,2616993412,2616994008,11837,596
29176.407242,2616997363,2616997966,12077,603
29176.419252,2617001292,2617001893,11867,601
29176.431276,2617005203,2617005780,11820,577
29176.443313,2617009132,2617009715,11957,583
29176.455325,2617012929,2617013529,9151,600
29176.465863,2617016224,2617016671,7500,447
29176.477874,2617019871,2617020462,9058,591
29176.489901,2617023698,2617024273,8975,575
29176.501930,2617027498,2617028080,9235,582
29176.513940,2617031284,2617031884,9142,600
29176.525973,2617035107,2617035682,8970,575
29176.537995,2617038920,2617039498,11989,578
29176.550012,2617042742,2617043351,12103,609
29176.562036,2617046542,2617047116,8958,574
29176.574067,2617050322,2617050899,9243,577
29176.586080,2617054128,2617054729,9169,601
29176.598101,2617057968,2617058564,8943,596
29176.622146,2617065516,2617066113,12033,597
29176.679250,2617082998,2617083574,11807,576
29176.691283,2617086914,2617087512,12081,598
29176.703293,2617090854,2617091455,11870,601
29176.715325,2617094769,2617095365,11815,596
29176.727356,2617098756,2617099354,12120,598
29176.737866,2617102107,2617102685,8910,578
29176.749904,2617105866,2617106297,7446,431
29176.761915,2617109488,2617110074,9153,586
29176.773945,2617113317,2617113896,8993,579
29176.785970,2617117144,2617117721,9229,577
29176.797975,2617121202,2617121803,11926,601
29176.870117,2617143135,2617143734,11922,599
29176.882142,2617147074,2617147664,11833,590
29176.894174,2617150866,2617151443,9184,577
29176.906188,2617154666,2617155256,9172,590
29176.918213,2617158452,2617159027,8922,575
29176.930245,2617162267,2617162842,9231,575
29176.942254,2617166063,2617166659,9176,596
29176.954279,2617169979,2617170554,11984,575
29176.966309,2617173896,2617174479,12013,583
29176.978327,2617177670,2617178266,9205,596
29176.990351,2617181464,2617182038,8993,574
29177.002380,2617185341,2617185919,9184,578
29177.014391,2617189110,2617189707,9182,597
29177.026412,2617193040,2617193618,11832,578
29177.038449,2617196819,2617197397,9242,578
29177.050461,2617200603,2617201205,9261,602
29177.062487,2617204399,2617204971,9016,572
29177.074515,2617208211,2617208814,9217,603
29177.086525,2617212159,2617212763,11860,604
29177.098555,2617216066,2617216661,11866,595
29177.110585,2617219909,2617220492,9168,583
29177.122597,2617223700,2617224296,9029,596
29177.134626,2617227475,2617228050,9009,575
29177.146652,2617231271,2617231853,9220,582
29177.158663,2617235036,2617235637,9143,601
29177.170697,2617238962,2617239543,12020,581
29177.182717,2617242922,2617243483,11951,561
29177.194732,2617246669,2617247259,9173,590
29177.206762,2617250475,2617251050,8995,575
29177.218794,2617254316,2617254893,9233,577
29177.230799,2617258085,2617258687,9177,602
29177.242830,2617261856,2617262430,8956,574
29177.254861,2617265646,2617266207,9190,561
29177.266875,2617269416,2617270014,9251,598
29177.278897,2617273208,2617273781,8995,573
29177.290926,2617277008,2617277591,9247,583
29177.302937,2617280895,2617281488,11842,593
29177.314962,2617284834,2617285429,11824,595
29177.326996,2617288668,2617289271,9251,603
29177.339006,2617292469,2617293065,9211,596
29177.351033,2617296362,2617296957,11818,595
29177.363062,2617300399,2617300980,11965,581
29177.375069,2617304441,2617305037,11857,596
29177.387102,2617308397,2617308972,11967,575
29177.399133,2617312329,2617312908,11979,579
29177.411145,2617316243,2617316833,9162,590
29177.423172,2617320157,2617320755,8938,598
29177.435199,2617324138,2617324736,12083,598
29177.447208,2617328049,2617328650,11905,601
29177.459240,2617331954,2617332529,12006,575
29177.471267,2617335732,2617336329,9225,597
29177.483278,2617339517,2617340119,9204,602
29177.495308,2617343429,2617344023,11814,594
29177.507338,2617347318,2617347921,12103,603
29177.517860,2617350672,2617351255,8979,583
29177.529885,2617354449,2617355030,9238,581
29177.541896,2617358232,2617358834,9232,602
29177.553920,2617362071,2617362649,8948,578
29177.565955,2617365813,2617366394,9195,581
29177.577967,2617369616,2617370206,9183,590
29177.589992,2617373403,2617373979,8925,576
29177.602023,2617377194,2617377771,9204,577
29177.614027,2617381225,2617381826,11924,601
29177.626061,2617385131,2617385689,12002,558
29177.638088,2617388899,2617389477,9198,578
29177.650103,2617392676,2617393269,9237,593
29177.662130,2617396491,2617397064,8986,573
29177.674155,2617400296,2617400873,9165,577
29177.686166,2617404171,2617404766,11942,595
29177.698196,2617408057,2617408663,11830,606
29177.710228,2617411870,2617412453,9213,583
29177.722242,2617415691,2617416287,9159,596
29177.734265,2617419488,2617420063,8976,575
29177.746297,2617423252,2617423828,9204,576
29177.758307,2617427037,2617427633,9180,596
29177.770327,2617430857,2617431434,8888,577
29177.782363,2617434777,2617435359,11973,582
29177.794379,2617438529,2617439117,9189,588
29177.806404,2617442306,2617442879,8946,573
29177.818431,2617446130,2617446728,9252,598
29177.830444,2617449943,2617450538,9205,595
29177.842471,2617453736,2617454310,8945,574
29177.854502,2617457500,2617458077,9188,577
29177.866516,2617461332,2617461935,9047,603
29177.878546,2617465224,2617465803,8923,579
29177.890566,2617469274,2617469877,12081,603
29177.902584,2617473285,2617473891,11855,606
29177.914612,2617477301,2617477903,12059,602
29177.926637,2617481225,2617481827,9247,602
29177.938649,2617485086,2617485692,8922,606
29177.950678,2617488923,2617489498,8982,575
29177.962704,2617492731,2617493312,9171,581
29177.974717,2617496473,2617497066,9197,593
29177.986742,2617500437,2617501012,11967,575
29177.998772,2617504364,2617504941,11980,577
29178.010784,2617508138,2617508729,9200,591
29178.022816,2617511961,2617512536,8996,575
29178.034844,2617515768,2617516345,9220,577
29178.046851,2617519534,2617520135,9194,601
29178.058881,2617523293,2617523867,8908,574
29178.070911,2617527112,2617527688,9215,576
29178.082926,2617530883,2617531480,9265,597
29178.094947,2617534661,2617535260,8884,599
29178.106975,2617538487,2617539085,9124,598
29178.118986,2617542423,2617543019,11863,596
29178.131016,2617546321,2617546917,11810,596
29178.143043,2617550294,2617550897,12083,603
29178.155056,2617554337,2617554928,11868,591
29178.167076,2617558338,2617558915,11787,577
29178.179111,2617562348,2617562950,12080,602
29178.191122,2617566334,2617566935,11866,601
29178.203153,2617570321,2617570922,11819,601
29178.215186,2617574336,2617574934,12116,598
29178.227199,2617578301,2617578897,9185,596
29178.239220,2617582221,2617582780,11998,559
29178.251250,2617586156,2617586733,11930,577
29178.263265,2617590017,2617590617,11807,600
29178.275293,2617593930,2617594526,11841,596
29178.287318,2617597745,2617598348,9173,603
29178.299336,2617601569,2617602167,9225,598
29178.309866,2617604874,2617605450,9207,576
29178.321881,2617608679,2617609275,9240,596
29178.333904,2617612470,2617613047,8929,577
29178.345937,2617616222,2617616798,9194,576
29178.357949,2617620001,2617620597,9180,596
29178.369973,2617623820,2617624398,8947,578
29178.382006,2617627595,2617628177,9204,582
29178.394015,2617631354,2617631944,9132,590
29178.406043,2617635122,2617635697,8965,575
29178.418071,2617638950,2617639532,9180,582
29178.430079,2617642977,2617643572,11929,595
29178.622460,2617691369,2617691946,8954,577
29178.634471,2617694905,2617695500,9105,595
29178.646499,2617698247,2617698845,8909,598
29178.658529,2617702080,2617702656,9193,576
29178.670540,2617705884,2617706480,9202,596
29178.682562,2617709678,2617710255,8889,577
29178.694596,2617713479,2617714053,9208,574
29178.706607,2617717262,2617717857,9198,595
29178.718634,2617721169,2617721743,11967,574
29178.730662,2617725103,2617725694,12090,591
29178.742676,2617728874,2617729464,9155,590
29178.754705,2617732640,2617733214,8949,574
29178.766737,2617736420,2617736997,9185,577
29178.778744,2617740202,2617740802,9144,600
29178.790772,2617743990,2617744565,8930,575
29178.802805,2617747778,2617748355,9216,577
29178.814820,2617751684,2617752287,12073,603
29178.826843,2617755428,2617756003,8952,575
29178.838872,2617759239,2617759816,9178,577
29178.850880,2617762984,2617763580,9191,596
29178.862908,2617766722,2617767323,8878,601
29178.874939,2617770655,2617771245,12104,590
29178.942569,2617791211,2617791786,9239,575
29178.983141,2617803564,2617804162,9208,598
29179.034237,2617819119,2617819678,8951,559
29179.046260,2617822901,2617823498,9221,597
29179.079319,2617833057,2617833656,11830,599
29179.091348,2617836988,2617837591,12086,603
29179.101870,2617840349,2617840779,7650,430
29179.113900,2617843983,2617844429,7490,446
29179.125908,2617847585,2617848181,9206,596
29179.137932,2617851369,2617851952,8917,583
29179.149967,2617855129,2617855706,9191,577
29179.161979,2617858891,2617859487,9185,596
29179.174005,2617862681,2617863255,8963,574
29179.186033,2617866445,2617867022,9214,577
29179.198048,2617870223,2617870821,9269,598
29179.210072,2617874036,2617874615,8967,579
29179.222099,2617877915,2617878491,12028,576
29179.234112,2617881678,2617882274,9148,596
29179.246136,2617885680,2617886280,11854,600
29179.382898,2617920362,2617920952,9181,590
29179.394917,2617923155,2617923749,8927,594
29179.406949,2617926905,2617927482,9208,577
29179.418960,2617930721,2617931315,9226,594
29179.430983,2617934463,2617935041,8872,578
29179.443015,2617938280,2617938851,9180,571
29179.455030,2617942111,2617942712,9151,601
29179.467058,2617946060,2617946656,11823,596
29179.479088,2617950060,2617950656,12083,596
29179.491096,2617954059,2617954649,11866,590
29179.503127,2617957879,2617958439,9019,560
29179.515153,2617961738,2617962341,9220,603
29179.527163,2617965675,2617966272,11883,597
29179.539195,2617969578,2617970153,11964,575
29179.551222,2617973503,2617974079,11958,576
29179.563235,2617977374,2617977968,11825,594
29179.575264,2617981225,2617981815,11819,590
29179.587294,2617985097,2617985693,12107,596
29179.599301,2617989014,2617989620,11868,606
29179.611334,2617992923,2617993523,11817,600
29179.621857,2617996294,2617996735,7404,441
29179.645906,2618003560,2618004150,12094,590
29179.657921,2618007396,2618007997,9205,601
29179.669941,2618011203,2618011780,8876,577
29179.681976,2618014988,2618015571,9184,583
29179.693990,2618018750,2618019344,9209,594
29179.706012,2618022583,2618023160,8877,577
29179.718044,2618026393,2618026968,12046,575
29179.730050,2618030164,2618030764,11889,600
29179.742084,2618033960,2618034536,8930,576
29179.754115,2618037735,2618038312,9237,577
29179.766125,2618041507,2618042102,9136,595
29179.778153,2618045268,2618045842,8927,574
29179.790182,2618049048,2618049624,9242,576
29179.802193,2618052825,2618053425,9148,600
29179.814222,2618056630,2618057227,8962,597
29179.826249,2618060404,2618060985,9206,581
29179.838266,2618064144,2618064743,9180,599
29179.850285,2618068108,2618068682,11988,574
29179.862312,2618071901,2618072509,9240,608
29179.874331,2618075685,2618076280,9192,595
29179.886358,2618079471,2618080046,8937,575
29179.898390,2618083224,2618083800,9223,576
29179.910400,2618086997,2618087595,9217,598
29179.922427,2618090805,2618091385,8947,580
29179.934452,2618094736,2618095313,11963,577
29179.946471,2618098597,2618099196,11925,599
29179.958497,2618102389,2618102964,8993,575
29179.970522,2618106181,2618106763,9190,582
29179.982539,2618110142,2618110745,12062,603
29180.054674,2618132067,2618132660,11885,593
29180.066698,2618135878,2618136452,8968,574
29180.078726,2618139669,2618140267,9165,598
29180.090741,2618143470,2618144076,9189,606
29180.102767,2618147248,2618147822,8934,574
29180.114801,2618151063,2618151639,9192,576
29180.126807,2618154822,2618155420,9159,598
29180.138836,2618158615,2618159190,8956,575
29180.150868,2618162570,2618163152,11984,582
29180.162872,2618166492,2618167092,11865,600
29180.174903,2618170277,2618170852,8968,575
29180.186936,2618174049,2618174626,9209,577
29180.198944,2618177834,2618178434,9147,600
29180.210973,2618181738,2618182338,11846,600
29180.238026,2618190243,2618190841,11840,598
29180.250055,2618194171,2618194769,12024,598
29180.260331,2618197733,2618198339,11939,606
29180.326698,2618218155,2618218734,11916,579
29180.338725,2618221979,2618222575,9284,596
29180.350741,2618225938,2618226539,11870,601
29180.362769,2618229914,2618230512,12100,598
29180.374789,2618233741,2618234342,9186,601
29180.386803,2618237527,2618238128,8897,601
29180.398839,2618241364,2618241942,8929,578
29180.410856,2618245171,2618245777,9218,606
29180.422871,2618248960,2618249555,8925,595
29180.434905,2618252765,2618253347,8934,582
29180.446927,2618256614,2618257217,9221,603
29180.458939,2618260440,2618261051,8889,611
29180.470973,2618264306,2618264883,8898,577
29180.482995,2618268147,2618268750,9229,603
29180.495012,2618272130,2618272731,11840,601
29180.507040,2618276075,2618276678,12061,603
29180.519060,2618280005,2618280601,9180,596
29180.531082,2618283905,2618284487,8973,582
29180.543107,2618287864,2618288443,11927,579
29180.555134,2618291880,2618292478,12078,598
29180.567150,2618295782,2618296383,11843,601
29180.579178,2618299766,2618300364,12061,598
29180.591205,2618303720,2618304315,12138,595
29180.603219,2618307671,2618308272,11866,601
29180.615248,2618311641,2618312239,12066,598
29180.627273,2618315608,2618316210,12078,602
29180.639287,2618319549,2618320145,11886,596
29180.651316,2618323363,2618323960,8905,597
29180.663338,2618327213,2618327811,9175,598
29180.673867,2618330727,2618331160,7658,433
29180.685880,2618334386,2618334982,9181,596
29180.697901,2618338260,2618338858,8943,598
29180.709929,2618342066,2618342642,8932,576
29180.721949,2618345831,2618346422,9168,591
29180.733967,2618349691,2618350273,11993,582
29180.745998,2618353493,2618354096,12062,603
29180.758021,2618357486,2618358083,9247,597
29180.770039,2618361377,2618361975,8982,598
29180.782066,2618365223,2618365799,8941,576
29180.794087,2618369195,2618369798,12099,603
29180.806103,2618373230,2618373827,11987,597
29180.822641,2618378444,2618379047,8954,603
29180.846680,2618386070,2618386662,11996,592
29180.857206,2618389582,2618390177,12064,595
29180.870732,2618394045,2618394643,12072,598
29180.881256,2618397435,2618398018,8861,583
29180.911307,2618406873,2618407468,12070,595
29180.923327,2618410678,2618411281,9003,603
29180.933858,2618414066,2618414517,7527,451
29180.945874,2618417800,2618418242,7581,442
29180.957905,2618421492,2618421940,7688,448
29180.969918,2618425173,2618425774,9115,601
29180.981938,2618429053,2618429656,11981,603
29181.005988,2618436544,2618437135,12070,591
29181.018010,2618440388,2618440986,8953,598
29181.030038,2618444192,2618444774,8929,582
29181.042060,2618448010,2618448606,9280,596
29181.054074,2618451830,2618452425,8823,595
29181.066108,2618455781,2618456358,11970,577
29181.076619,2618459211,2618459806,11988,595
29181.100668,2618466845,2618467446,12089,601
29181.126211,2618474877,2618475476,8878,599
29181.138245,2618478885,2618479461,11925,576
29181.150266,2618482844,2618483447,12070,603
29181.162279,2618486819,2618487413,11800,594
29181.174314,2618490650,2618491227,8888,577
29181.186337,2618494467,2618495048,9217,581
29181.198346,2618498266,2618498862,8855,596
29181.210381,2618502109,2618502707,8941,598
29181.229914,2618508265,2618508713,7532,448
29181.241941,2618511954,2618512530,8933,576
29181.253960,2618515698,2618516299,9145,601
29181.265978,2618519548,2618520146,11991,598
29181.278009,2618523381,2618523979,12064,598
29181.290029,2618527223,2618527824,9193,601
29181.302050,2618531115,2618531713,8934,598
29181.314078,2618534949,2618535531,8921,582
29181.326098,2618538741,2618539335,9161,594
29181.338113,2618542678,2618543278,11806,600
29181.350144,2618546582,2618547159,11885,577
29181.362170,2618550479,2618551082,12099,603
29181.374180,2618554320,2618554910,8853,590
29181.386215,2618558113,2618558690,8930,577
29181.398239,2618561898,2618562501,9234,603
29181.410251,2618565738,2618566339,8833,601
29181.422285,2618569562,2618570144,8891,582
29181.432797,2618572904,2618573507,11984,603
29181.443324,2618576268,2618576863,12176,595
29181.455340,2618580216,2618580812,11842,596
29181.465868,2618583585,2618584031,7500,446
29181.477886,2618587295,2618587748,7589,453
29181.489919,2618591121,2618591553,7631,432
29181.501931,2618594827,2618595428,9135,601
29181.513952,2618598668,2618599265,8945,597
29181.525981,2618602496,2618603072,8939,576
29181.538001,2618606289,2618606890,9175,601
29181.550018,2618610186,2618610784,11991,598
29181.562047,2618614024,2618614605,11916,581
29181.574071,2618617799,2618618395,9195,596
29181.586085,2618621610,2618622211,8871,601
29181.598120,2618625406,2618625982,8933,576
29181.610139,2618629177,2618629778,9158,601
29181.622153,2618633020,2618633615,8871,595
29181.634187,2618636813,2618637390,8895,577
29181.646210,2618640637,2618641240,9251,603
29181.658222,2618644476,2618645064,8838,588
29181.670257,2618648283,2618648860,8933,577
29181.682277,2618652253,2618652856,12064,603
29181.692800,2618655883,2618656459,11933,576
29181.734868,2618668818,2618669412,11835,594
29181.746901,2618672647,2618673229,8916,582
29181.758925,2618676622,2618677223,12084,601
29181.770935,2618680410,2618681010,8830,600
29181.782972,2618684383,2618684965,11953,582
29181.794992,2618688370,2618688967,12099,597
29181.807003,2618692187,2618692782,8869,595
29181.819037,2618696000,2618696582,8949,582
29181.831060,2618700064,2618700662,12101,598
29181.843077,2618704089,2618704689,11886,600
29181.855105,2618708160,2618708758,12102,598
29181.867128,2618712259,2618712862,12111,603
29181.879146,2618716169,2618716751,8888,582
29181.891176,2618720156,2618720763,12060,607
29181.901691,2618723656,2618724254,8971,598
29181.918229,2618728913,2618729490,8902,577
29181.930251,2618732673,2618733281,9251,608
29181.942259,2618736525,2618737124,8805,599
29181.982841,2618749173,2618749770,11969,597
29182.014403,2618759078,2618759679,11846,601
29182.026435,2618762893,2618763475,8921,582
29182.038457,2618766665,2618767268,9213,603
29182.050466,2618770485,2618771085,8851,600
29182.062504,2618774326,2618774903,8895,577
29182.074524,2618778149,2618778750,9216,601
29182.086537,2618781978,2618782573,8895,595
29182.098572,2618785976,2618786558,8958,582
29182.109081,2618789452,2618790048,11985,596
29182.151166,2618802569,2618803165,12068,596
29182.163181,2618806332,2618806922,8851,590
29182.175215,2618810208,2618810803,12067,595
29182.187238,2618814089,2618814685,12141,596
29182.199252,2618818009,2618818605,11880,596
29182.211283,2618821925,2618822517,12059,592
29182.223304,2618825926,2618826513,12067,587
29182.235321,2618829834,2618830435,11839,601
29182.247350,2618833787,2618834390,12058,603
29182.257868,2618837175,2618837776,8924,601
29182.269896,2618841005,2618841587,8897,582
29182.281920,2618844800,2618845250,7466,450
29182.293933,2618848522,2618849119,11979,597
29182.305962,2618852460,2618853021,11916,561
29182.317984,2618856230,2618856826,9181,596
29182.330003,2618860100,2618860703,8925,603
29182.342033,2618863933,2618864509,8888,576
29182.354052,2618867683,2618868279,9164,596
29182.366070,2618871615,2618872212,11992,597
29182.378098,2618875510,2618876092,11912,582
29182.390121,2618879258,2618879848,9161,590
29182.402137,2618883080,2618883680,8854,600
29182.414172,2618886893,2618887470,8908,577
29182.426195,2618890650,2618891253,9225,603
29182.438203,2618894506,2618895101,8774,595
29182.450239,2618898324,2618898901,8896,577
29182.462262,2618902104,2618902707,9183,603
29182.474275,2618905940,2618906539,8886,599
29182.486308,2618909771,2618910352,8950,581
29182.498329,2618913689,2618914286,12069,597
29182.508852,2618917304,2618917880,11933,576
29182.534399,2618925257,2618925853,12137,596
29182.546409,2618929091,2618929691,8898,600
29182.558444,2618932917,2618933492,8935,575
29182.570467,2618936722,2618937313,9241,591
29182.582482,2618940689,2618941278,11824,589
29182.594510,2618944657,2618945239,11918,582
29182.606535,2618948451,2618949054,9210,603
29182.618549,2618952269,2618952857,8911,588
29182.630583,2618956254,2618956831,11925,577
29182.642606,2618960078,2618960676,9268,598
29182.654615,2618963903,2618964498,8891,595
29182.666650,2618967695,2618968272,8897,577
29182.678672,2618971524,2618972122,9238,598
29182.690684,2618975296,2618975895,8889,599
29182.702718,2618979126,2618979708,8904,582
29182.714741,2618983156,2618983753,12083,597
29182.726755,2618987100,2618987695,11831,595
29182.738787,2618990919,2618991495,8904,576
29182.750810,2618994762,2618995370,9241,608
29182.762819,2618998581,2618999176,8882,595
29182.774854,2619002406,2619002981,8915,575
29182.786877,2619006217,2619006819,9240,602
29182.798895,2619010181,2619010776,11826,595
29182.810923,2619014157,2619014755,12054,598
29182.822942,2619017978,2619018574,9250,596
29182.834957,2619021800,2619022395,8901,595
29182.846991,2619025599,2619026181,8936,582
29182.859014,2619029434,2619030031,9245,597
29182.871031,2619033373,2619033969,11852,596
29182.910113,2619045601,2619046204,12061,603
29182.922135,2619049503,2619050111,9259,608
29182.934148,2619053501,2619054106,11806,605
29182.946182,2619057398,2619057980,8881,582
29182.958204,2619061221,2619061827,9244,606
29182.970218,2619065085,2619065685,8878,600
29182.982247,2619069085,2619069667,11932,582
29182.994270,2619073013,2619073614,12126,601
29183.015303,2619079748,2619080343,11808,595
29183.027336,2619083702,2619084305,12103,603
29183.037853,2619087100,2619087697,8987,597
29183.049880,2619090931,2619091508,8942,577
29183.061900,2619094688,2619095289,9155,601
29183.073919,2619098546,2619099147,9006,601
29183.085949,2619102382,2619102964,8928,582
29183.097969,2619106187,2619106783,12075,596
29183.109984,2619110048,2619110642,11803,594
29183.122015,2619114031,2619114608,11890,577
29183.134037,2619117809,2619118403,9144,594
29183.146059,2619121638,2619122236,8956,598
29183.158087,2619125456,2619126037,8879,581
29183.170106,2619129224,2619129825,9163,601
29183.182121,2619133176,2619133771,11825,595
29183.194152,2619137103,2619137679,11931,576
29183.206178,2619140879,2619141471,9207,592
29183.218188,2619144696,2619145296,8833,600
29183.230223,2619148509,2619149086,8930,577
29183.242245,2619152275,2619152872,9236,597
29183.254258,2619156112,2619156702,8803,590
29183.266292,2619159902,2619160479,8876,577
29183.278315,2619163656,2619164253,9231,597
29183.290324,2619167490,2619168083,8849,593
29183.302359,2619171319,2619171896,8889,577
29183.314379,2619175266,2619175868,12071,602
29183.324902,2619178891,2619179451,11943,560
29183.430096,2619210813,2619211416,8986,603
29183.442125,2619214652,2619215229,8863,577
29183.454148,2619218439,2619219036,9184,597
29183.466161,2619222270,2619222865,8877,595
29183.478195,2619226069,2619226645,8901,576
29183.490218,2619229875,2619230469,9226,594
29183.502227,2619233702,2619234297,8860,595
29183.514262,2619237658,2619238235,11939,577
29183.524775,2619241095,2619241696,11986,601
29183.542809,2619246904,2619247505,11843,601
29183.554840,2619250725,2619251302,8909,577
29183.566862,2619254561,2619255162,9236,601
29183.578873,2619258386,2619258986,8874,600
29183.590907,2619262192,2619262772,8945,580
29183.602930,2619266042,2619266645,9164,603
29183.614948,2619269987,2619270582,11823,595
29183.626974,2619273919,2619274495,11926,576
29183.638998,2619277717,2619278308,9251,591
29183.651015,2619281684,2619282280,11850,596
29183.663044,2619285511,2619286087,8917,576
29183.675069,2619289565,2619290168,12085,603
29183.687084,2619293586,2619294186,11837,600
29183.699113,2619297497,2619298094,8909,597
29183.711134,2619301369,2619301971,9225,602
29183.723154,2619305331,2619305929,11839,598
29183.735180,2619309321,2619309924,8955,603
29183.747201,2619313315,2619313917,12067,602
29183.759219,2619317237,2619317831,11843,594
29183.771248,2619321138,2619321740,12053,602
29183.798301,2619329731,2619330323,12037,592
29183.810326,2619333718,2619334320,12082,602
29183.822342,2619337575,2619338167,8974,592
29183.870440,2619352673,2619353266,12055,593
29183.930549,2619371306,2619371907,12004,601
29183.941071,2619374827,2619375422,12076,595
29183.974136,2619385268,2619385869,12039,601
29183.986158,2619389114,2619389716,9240,602
29183.998177,2619392996,2619393593,9019,597
29184.010205,2619396945,2619397548,12062,603
29184.022228,2619400769,2619401356,9222,587
29184.034246,2619404582,2619405179,8974,597
29184.046273,2619408422,2619409019,8925,597
29184.058297,2619412272,2619412870,9204,598
29184.070315,2619416109,2619416712,8957,603
29184.082343,2619419948,2619420555,8951,607
29184.094364,2619423825,2619424422,9220,597
29184.106383,2619427676,2619428275,8942,599
29184.118410,2619431538,2619432136,8933,598
29184.130433,2619435360,2619435957,9269,597
29184.142448,2619439366,2619439957,11987,591
29184.154479,2619443202,2619443799,8911,597
29184.166502,2619447052,2619447649,9220,597
29184.178520,2619450903,2619451500,8950,597
29184.190547,2619454758,2619455359,8904,601
29184.202571,2619458603,2619459200,9208,597
29184.214587,2619462452,2619463043,9015,591
29184.226616,2619466434,2619467035,12042,601
29184.237129,2619469933,2619470531,12027,598
29184.250653,2619474542,2619475119,11838,577
29184.262687,2619478348,2619478945,9254,597
29184.274693,2619482275,2619482870,11866,595
29184.286725,2619486100,2619486677,8909,577
29184.298754,2619489899,2619490481,9269,582
29184.310771,2619493698,2619494300,9240,602
29184.322792,2619497533,2619498108,8939,575
29184.334824,2619501350,2619501952,9260,602
29184.346831,2619505328,2619505923,11871,595
29184.358859,2619509292,2619509895,11952,603
29184.370891,2619513134,2619513731,9244,597
29184.382906,2619516929,2619517524,9215,595
29184.394925,2619520728,2619521305,8916,577
29184.406958,2619524570,2619525166,9257,596
29184.418974,2619528364,2619528959,9215,595
29184.430993,2619532267,2619532843,11813,576
29184.443026,2619536196,2619536788,12088,592
29184.455040,2619540204,2619540794,11888,590
29184.467062,2619544231,2619544808,11823,577
29184.479096,2619548252,2619548849,12073,597
29184.491108,2619552243,2619552844,11868,601
29184.503137,2619556239,2619556836,12008,597
29184.515163,2619560125,2619560722,9270,597
29184.527183,2619563929,2619564525,9242,596
29184.539203,2619567863,2619568463,11989,600
29184.551233,2619571862,2619572458,9193,596
29184.563243,2619575781,2619576381,11873,600
29184.575276,2619579727,2619580319,12006,592
29184.587302,2619583639,2619584234,12088,595
29184.599309,2619587547,2619588136,11869,589
29184.611336,2619591504,2619592081,11801,577
29184.621869,2619594867,2619595304,7421,437
29184.692494,2619616311,2619616908,11973,597
29184.742089,2619631560,2619632162,11976,602
29184.754120,2619635616,2619636202,12176,586
29184.766138,2619639439,2619640031,9267,592
29184.778156,2619643217,2619643793,8875,576
29184.790190,2619647017,2619647618,9187,601
29184.802205,2619650832,2619651426,9192,594
29184.814224,2619654618,2619655195,8886,577
29184.826257,2619658416,2619659018,9232,602
29184.838275,2619662213,2619662802,9218,589
29184.850295,2619666015,2619666592,8946,577
29184.862325,2619669795,2619670391,9266,596
29184.874342,2619673605,2619674200,9181,595
29184.886361,2619677394,2619677971,8835,577
29184.898394,2619681176,2619681768,9200,592
29184.910411,2619684973,2619685575,9265,602
29184.922430,2619688775,2619689349,8841,574
29184.934464,2619692554,2619693151,9242,597
29184.946470,2619696503,2619697092,11871,589
29184.958498,2619700477,2619701073,11951,596
29184.970532,2619704273,2619704865,9245,592
29184.982549,2619708073,2619708663,9114,590
29184.994569,2619711874,2619712450,8964,576
29185.006600,2619715669,2619716265,9275,596
29185.018617,2619719497,2619720092,9231,595
29185.030638,2619723322,2619723899,8938,577
29185.042666,2619727247,2619727844,12057,597
29185.054685,2619731077,2619731667,9186,590
29185.066707,2619734875,2619735452,8940,577
29185.078738,2619738687,2619739284,9229,597
29185.090750,2619742437,2619743038,9178,601
29185.102776,2619746250,2619746826,8906,576
29185.114806,2619750039,2619750634,9243,595
29185.126822,2619753818,2619754415,9253,597
29185.138844,2619757636,2619758210,8951,574
29185.150874,2619761455,2619762057,9256,602
29185.162883,2619765434,2619766018,11872,584
29185.174910,2619769379,2619769971,11949,592
29185.186942,2619773210,2619773802,9236,592
29185.198954,2619776980,2619777575,9186,595
29185.210979,2619780792,2619781369,8938,577
29185.223011,2619784631,2619785232,9211,601
29185.235019,2619788563,2619789153,11856,590
29185.247044,2619792444,2619793021,8824,577
29185.259080,2619796411,2619797006,12093,595
29185.271087,2619800430,2619801020,11870,590
29185.283112,2619804458,2619805035,11807,577
29185.295149,2619808386,2619808983,12074,597
29185.307158,2619812313,2619812914,11847,601
29185.319182,2619816259,2619816836,11845,577
29185.331216,2619820079,2619820676,9248,597
29185.343233,2619823864,2619824456,9250,592
29185.355255,2619827783,2619828389,11974,606
29185.367283,2619831771,2619832368,9223,597
29185.379294,2619835652,2619836241,11860,589
29185.391323,2619839557,2619840148,11955,591
29185.403353,2619843518,2619844115,12068,597
29185.413864,2619846846,2619847423,8890,577
29185.425899,2619850610,2619851211,9212,601
29185.437915,2619854450,2619855057,9212,607
29185.449936,2619858270,2619858846,8914,576
29185.461966,2619862035,2619862631,9222,596
29185.473984,2619865881,2619866478,9249,597
29185.486002,2619869688,2619870249,8910,561
29185.498035,2619873466,2619874062,9239,596
29185.510054,2619877279,2619877881,9254,602
29185.522070,2619881080,2619881638,8871,558
29185.534105,2619884853,2619885449,9223,596
29185.546115,2619888769,2619889364,11942,595
29185.558142,2619892679,2619893281,11984,602
29185.570174,2619896599,2619897191,9238,592
29185.582188,2619900412,2619901007,9196,595
29185.594211,2619904223,2619904800,8875,577
29185.606241,2619908006,2619908602,9253,596
29185.618257,2619911824,2619912413,9200,589
29185.767030,2619951860,2619952457,9114,597
29185.779059,2619955874,2619956451,11857,577
29185.791091,2619959946,2619960543,12093,597
29185.803100,2619963987,2619964582,11843,595
29185.815124,2619968022,2619968599,11806,577
29185.827159,2619971964,2619972555,12070,591
29185.839165,2619975963,2619976562,11859,599
29185.851199,2619979902,2619980499,11989,597
29185.863227,2619983745,2619984347,9278,602
29185.875246,2619987661,2619988258,12051,597
29185.887271,2619991606,2619992198,12008,592
29185.899297,2619995579,2619996181,12085,602
29185.911306,2619999467,2620000062,11872,595
29185.923338,2620003370,2620003968,11990,598
29185.935366,2620007292,2620007892,12089,600
29185.945880,2620010658,2620011090,7511,432
29185.957916,2620014283,2620014734,7501,451
29185.969929,2620017977,2620018569,9280,592
29185.981949,2620021903,2620022479,11845,576
29186.174317,2620068429,2620069025,8493,596
29186.186334,2620071685,2620072282,8041,597
29186.198355,2620074714,2620075316,8555,602
29186.210388,2620077955,2620078550,9156,595
29186.222404,2620081709,2620082304,9152,595
29186.234428,2620085515,2620086075,8910,560
29186.246458,2620089288,2620089889,9225,601
29186.258476,2620093135,2620093732,9251,597
29186.270493,2620096926,2620097507,8874,581
29186.282526,2620100730,2620101327,9231,597
29186.294544,2620104509,2620105104,9218,595
29186.306569,2620108300,2620108902,8984,602
29186.318594,2620112115,2620112712,9182,597
29186.330612,2620115954,2620116554,9206,600
29186.342631,2620119735,2620120312,8918,577
29186.353153,2620123127,2620123719,12025,592
29186.374194,2620129795,2620130392,11978,597
29186.384712,2620133325,2620133922,12063,597
29186.441822,2620150765,2620151341,8911,576
29186.456850,2620155617,2620156219,12029,602
29186.486904,2620164998,2620165574,11830,576
29186.498937,2620168822,2620169424,9247,602
29186.510949,2620172576,2620173171,9227,595
29186.522978,2620176359,2620176956,8920,597
29186.535006,2620180196,2620180793,9270,597
29186.547023,2620183988,2620184578,9112,590
29186.559040,2620187825,2620188401,8845,576
29186.571075,2620191863,2620192463,12085,600
29186.583082,2620195867,2620196467,11869,600
29186.595105,2620199961,2620200543,11800,582
29186.607143,2620203960,2620204557,12076,597
29186.619152,2620207915,2620208510,11844,595
29186.758927,2620247957,2620248554,12058,597
29186.770947,2620251700,2620252274,8963,574
29186.782976,2620255509,2620256106,9269,597
29186.794985,2620259487,2620260082,11873,595
29186.807016,2620263472,2620264074,11983,602
29186.819047,2620267519,2620268111,12128,592
29186.831056,2620271486,2620272081,11875,595
29186.843079,2620275541,2620276118,11803,577
29186.855116,2620279581,2620280177,12091,596
29186.867123,2620283555,2620284155,11849,600
29186.879147,2620287527,2620288103,11803,576
29186.891181,2620291372,2620291969,9257,597
29186.903197,2620295294,2620295884,11860,590
29186.915221,2620299218,2620299815,11974,597
29186.927253,2620303182,2620303779,12105,597
29186.939259,2620307089,2620307683,11871,594
29186.951291,2620311038,2620311635,11982,597
29186.963319,2620314863,2620315460,9212,597
29186.975336,2620318657,2620319254,9249,597
29186.985871,2620322010,2620322455,7520,445
29186.997884,2620325853,2620326298,7379,445
29187.009906,2620329521,2620330098,8943,577
29187.021936,2620333274,2620333863,9248,589
29187.033952,2620337110,2620337702,9200,592
29187.045973,2620340928,2620341505,8912,577
29187.058002,2620344704,2620345298,9214,594
29187.070020,2620348516,2620349104,9177,588
29187.082040,2620352325,2620352906,8943,581
29187.094070,2620356188,2620356778,12144,590
29187.106087,2620360138,2620360730,12063,592
29187.118106,2620363926,2620364503,8852,577
29187.130139,2620367734,2620368335,9201,601
29187.142156,2620371532,2620372129,9189,597
29187.154173,2620375313,2620375887,8900,574
29187.166208,2620379069,2620379659,9260,590
29187.178219,2620383010,2620383599,11932,589
29187.190244,2620386925,2620387522,11951,597
29187.202278,2620390823,2620391415,9193,592
29187.214294,2620394620,2620395209,9182,589
29187.226315,2620398425,2620399002,8932,577
29187.238345,2620402211,2620402808,9205,597
29187.250359,2620406026,2620406621,9225,595
29187.262379,2620409811,2620410386,8902,575
29187.274413,2620413593,2620414174,9225,581
29187.286430,2620417388,2620417982,9195,594
29187.298452,2620421201,2620421778,8910,577
29187.310479,2620425134,2620425731,12091,597
29187.322488,2620429067,2620429667,11863,600
29187.334521,2620432864,2620433440,8907,576
29187.346552,2620436646,2620437243,9250,597
29187.358568,2620440440,2620441035,9184,595
29187.370585,2620444224,2620444797,8820,573
29187.382619,2620448014,2620448606,9215,592
29187.394625,2620451982,2620452577,11872,595
29187.406656,2620455928,2620456525,11968,597
29187.418687,2620459742,2620460333,9245,591
29187.430705,2620463550,2620464143,9254,593
29187.442722,2620467335,2620467912,8857,577
29187.454756,2620471136,2620471726,9232,590
29187.466772,2620474916,2620475511,9223,595
29187.478791,2620478707,2620479284,8875,577
29187.490824,2620482505,2620483102,9238,597
29187.502837,2620486288,2620486882,9165,594
29187.514862,2620490093,2620490669,8946,576
29187.526895,2620494078,2620494670,12086,592
29187.538904,2620497817,2620498406,9177,589
29187.550927,2620501612,2620502189,8834,577
29187.562960,2620505397,2620505988,9268,591
29187.574976,2620509180,2620509775,9195,595
29187.586995,2620513079,2620513653,11822,574
29187.599029,2620517043,2620517640,12086,597
29187.611037,2620520989,2620521584,11871,595
29187.623067,2620525032,2620525634,11954,602
29187.806425,2620574596,2620575191,12147,595
29187.818439,2620577706,2620578303,9245,597
29187.830463,2620581532,2620582108,8913,576
29187.842493,2620585300,2620585902,9244,602
29187.854509,2620589114,2620589709,9224,595
29187.866531,2620592936,2620593512,8918,576
29187.878564,2620596720,2620597317,9194,597
29187.890581,2620600556,2620601153,9286,597
29187.902597,2620604338,2620604919,8918,581
29187.914631,2620608129,2620608725,9209,596
29187.926638,2620612095,2620612684,11873,589
29187.938667,2620616044,2620616641,11965,597
29187.950698,2620619819,2620620419,9265,600
29187.962714,2620623627,2620624227,9229,600
29187.974745,2620627451,2620628053,8944,602
29187.986768,2620631493,2620632097,12098,604
29187.998787,2620635378,2620635980,8958,602
29188.010815,2620639396,2620640002,12042,606
29188.022835,2620643435,2620644037,12092,602
29188.034853,2620647312,2620647909,9011,597
29188.046869,2620651166,2620651743,8894,577
29188.058903,2620654971,2620655568,9262,597
29188.070918,2620658774,2620659368,9188,594
29188.082941,2620662576,2620663152,8925,576
29188.094972,2620666379,2620666976,9256,597
29188.106989,2620670168,2620670749,9262,581
29188.119007,2620674084,2620674644,11809,560
29188.131041,2620678008,2620678598,12085,590
29188.143053,2620681979,2620682579,11863,600
29188.155079,2620686001,2620686598,11987,597
29188.167111,2620689974,2620690568,12102,594
29188.179125,2620693755,2620694348,9192,593
29188.191144,2620697532,2620698109,8862,577
29188.203177,2620701518,2620702117,12087,599
29188.215186,2620705422,2620706012,11899,590
29188.227209,2620709390,2620709966,11807,576
29188.239249,2620713314,2620713916,12103,602
29188.251254,2620717215,2620717805,11871,590
29188.263286,2620721122,2620721719,11976,597
29188.275314,2620725073,2620725670,12075,597
29188.287323,2620728972,2620729572,11871,600
29188.299356,2620732893,2620733485,11994,592
29188.309879,2620736267,2620736713,7368,446
29188.321898,2620739953,2620740394,7514,441
29188.333930,2620743608,2620744208,9239,600
29188.345947,2620747458,2620748055,9229,597
29188.357969,2620751293,2620751868,8948,575
29188.369998,2620755069,2620755668,9192,599
29188.382012,2620758889,2620759486,9234,597
29188.394031,2620762747,2620763323,11818,576
29188.406065,2620766564,2620767159,12176,595
29188.418084,2620770376,2620770968,9210,592
29188.430105,2620774330,2620774906,8944,576
29188.442135,2620778118,2620778715,9190,597
29188.454153,2620781951,2620782547,9281,596
29188.466168,2620785737,2620786314,8851,577
29188.478204,2620789503,2620790097,9208,594
29188.490220,2620793323,2620793920,9249,597
29188.502238,2620797105,2620797681,8849,576
29188.514270,2620800866,2620801457,9211,591
29188.526281,2620804802,2620805395,11937,593
29188.538307,2620808732,2620809324,11953,592
29188.550339,2620812578,2620813175,9227,597
29188.562357,2620816366,2620816959,9182,593
29188.574377,2620820168,2620820744,8871,576
29188.586406,2620823946,2620824540,9231,594
29188.598424,2620827765,2620828359,9183,594
29188.610438,2620831735,2620832316,11822,581
29188.622476,2620835668,2620836265,12058,597
29188.634493,2620839456,2620840045,9207,589
29188.646515,2620843254,2620843830,8911,576
29188.658545,2620847046,2620847648,9256,602
29188.670560,2620850868,2620851462,9231,594
29188.682579,2620854649,2620855226,8878,577
29188.694615,2620858413,2620859003,9270,590
29188.706633,2620862235,2620862826,9249,591
29188.718653,2620866032,2620866608,8952,576
29188.730683,2620869796,2620870386,9284,590
29188.742690,2620873754,2620874348,11874,594
29188.754719,2620877705,2620878307,11992,602
29188.766750,2620881506,2620882101,9283,595
29188.778768,2620885301,2620885896,9221,595
29188.790786,2620889091,2620889667,8841,576
29188.802819,2620892897,2620893496,9244,599
29188.814834,2620896675,2620897264,9223,589
29188.826851,2620900627,2620901203,11791,576
29188.838886,2620904584,2620905186,12115,602
29188.850903,2620908384,2620908967,9189,583
29188.862925,2620912177,2620912753,8908,576
29188.874956,2620915966,2620916568,9262,602
29188.886971,2620919761,2620920361,9166,600
29188.898993,2620923573,2620924150,8913,577
29188.911024,2620927369,2620927971,9255,602
29188.923044,2620931233,2620931825,9279,592
29188.935060,2620935264,2620935841,11805,577
29188.947093,2620939303,2620939900,12084,597
29188.959103,2620943291,2620943886,11867,595
29188.971132,2620947288,2620947885,11976,597
29188.983162,2620951150,2620951745,9250,595
29189.031238,2620965771,2620966365,11916,594
29189.043270,2620969724,2620970321,11997,597
29189.055297,2620973676,2620974273,12079,597
29189.067308,2620977584,2620978169,11867,585
29189.079337,2620981488,2620982085,11960,597
29189.089862,2620984846,2620985443,9252,597
29189.101882,2620988644,2620989224,8941,580
29189.113912,2620992412,2620993006,9258,594
29189.125926,2620996252,2620996849,12024,597
29189.137949,2621000064,2621000661,11982,597
29189.149982,2621003860,2621004460,9211,600
29189.161998,2621007685,2621008277,9286,592
29189.174016,2621011494,2621012070,8946,576
29189.186051,2621015245,2621015844,9265,599
29189.198068,2621019088,2621019685,9257,597
29189.234127,2621030233,2621030826,11888,593
29189.246158,2621034146,2621034722,8904,576
29189.258184,2621038039,2621038641,12040,602
29189.272331,2621043164,2621043771,11974,607
29189.318294,2621057300,2621057901,12007,601
29189.330321,2621061127,2621061729,8953,602
29189.342345,2621065116,2621065713,12081,597
29189.354360,2621069109,2621069711,12003,602
29189.366390,2621072952,2621073549,8936,597
29189.378415,2621076781,2621077372,9226,591
29189.390432,2621080634,2621081226,8958,592
29189.402458,2621084456,2621085056,8935,600
29189.414482,2621088291,2621088893,9196,602
29189.426499,2621092274,2621092871,12004,597
29189.438527,2621096256,2621096858,12038,602
29189.450550,2621100105,2621100697,9204,592
29189.462569,2621103937,2621104533,8992,596
29189.474596,2621107769,2621108366,8941,597
29189.486620,2621111605,2621112202,9241,597
29189.498638,2621115457,2621116059,8982,602
29189.510664,2621119309,2621119906,8970,597
29189.522689,2621123135,2621123731,9219,596
29189.534706,2621126945,2621127541,8968,596
29189.546732,2621130769,2621131366,8901,597
29189.558756,2621134767,2621135369,12082,602
29189.570770,2621138758,2621139355,11965,597
29189.582801,2621142605,2621143207,8944,602
29189.594824,2621146458,2621147055,9205,597
29189.606842,2621150288,2621150885,8960,597
29189.618869,2621154110,2621154705,8901,595
29189.630893,2621157938,2621158530,9257,592
29189.642913,2621161908,2621162510,12020,602
29189.654941,2621165913,2621166510,12038,597
29189.666961,2621169723,2621170320,9248,597
29189.678980,2621173540,2621174137,8960,597
29189.691007,2621177371,2621177973,8933,602
29189.703033,2621181421,2621182018,12086,597
29189.715049,2621185362,2621185953,12004,591
29189.727075,2621189286,2621189888,8907,602
29189.739100,2621193237,2621193839,9199,602
29189.751118,2621197228,2621197824,12014,596
29189.763146,2621201181,2621201777,8960,596
29189.790196,2621209816,2621210412,12037,596
29189.802222,2621213672,2621214261,9227,589
29189.814240,2621217514,2621218111,8960,597
29189.826265,2621221490,2621222087,12044,597
29189.838289,2621225462,2621226059,12104,597
29189.850307,2621229300,2621229891,8980,591
29189.862334,2621233117,2621233714,8931,597
29189.874359,2621236948,2621237550,9196,602
29189.886377,2621240785,2621241382,8946,597
29189.898403,2621244629,2621245226,8908,597
29189.910426,2621248457,2621249038,9207,581
29189.922445,2621252274,2621252871,8965,597
29189.934471,2621256264,2621256855,12038,591
29189.946496,2621260105,2621260702,9209,597
29189.958513,2621264091,2621264688,12015,597
29189.970541,2621268081,2621268683,12038,602
29189.982563,2621271932,2621272529,9249,597
29189.996089,2621276376,2621276962,12079,586
29190.014124,2621282160,2621282757,12080,597
29190.026142,2621285992,2621286584,8978,592
29190.038169,2621289952,2621290559,12037,607
29190.050192,2621293799,2621294386,9193,587
29190.062211,2621297749,2621298346,8938,597
29190.074238,2621301576,2621302178,8960,602
29190.086262,2621305434,2621306042,9251,608
29190.098280,2621309285,2621309877,8942,592
29190.110306,2621313117,2621313719,8934,602
29190.122330,2621316955,2621317557,9259,602
29190.134348,2621320810,2621321405,8990,595
29190.146375,2621324641,2621325233,8926,592
29190.158398,2621328620,2621329217,12083,597
29190.170413,2621332634,2621333231,11977,597
29190.182443,2621336470,2621337072,8927,602
29190.194467,2621340304,2621340901,9172,597
29190.206485,2621344289,2621344879,12016,590
29190.218512,2621348146,2621348741,8957,595
29190.230536,2621351999,2621352601,9200,602
29190.242553,2621355934,2621356520,9002,586
29190.254580,2621359897,2621360494,12034,597
29190.266603,2621363748,2621364340,9299,592
29190.278622,2621367578,2621368180,8951,602
29190.290649,2621371397,2621371994,8915,597
29190.302673,2621375216,2621375807,9217,591
29190.314689,2621379047,2621379638,8994,591
29190.326716,2621382872,2621383474,8904,602
29190.341739,2621387792,2621388389,11974,597
29190.367294,2621395909,2621396505,12036,596
29190.379316,2621399881,2621400483,12068,602
29190.391335,2621403841,2621404438,12019,597
29190.401862,2621407212,2621407802,9279,590
29190.412381,2621410685,2621411280,12038,595
29190.430416,2621416494,2621417091,12037,597
29190.442438,2621420342,2621420939,9210,597
29190.454453,2621424304,2621424901,11983,597
29190.466482,2621428146,2621428738,8968,592
29190.478506,2621431971,2621432573,9255,602
29190.490524,2621435791,2621436388,8996,597
29190.502551,2621439630,2621440226,8966,596
29190.514575,2621443470,2621444072,9273,602
29190.526593,2621447315,2621447912,8961,597
29190.538619,2621451168,2621451748,8940,580
29190.550643,2621454974,2621455569,9216,595
29190.562660,2621458810,2621459412,9042,602
29190.574686,2621462797,2621463393,12040,596
29190.586711,2621466773,2621467380,12103,607
29190.598730,2621470622,2621471214,8937,592
29190.610757,2621474436,2621475038,8969,602
29190.622780,2621478278,2621478880,9260,602
29190.648323,2621486281,2621486867,8893,586
29190.663356,2621491153,2621491749,12080,596
29190.673879,2621494509,2621495111,8936,602
29190.685903,2621498349,2621498926,9215,577
29190.697920,2621502174,2621502776,8916,602
29190.709947,2621506003,2621506610,8960,607
29190.721970,2621509851,2621510448,9228,597
29190.733989,2621513691,2621514286,8947,595
29190.746016,2621517522,2621518124,8971,602
29190.758039,2621521388,2621521985,12086,597
29190.770054,2621525237,2621525818,11974,581
29190.782085,2621529069,2621529666,8935,597
29190.794109,2621532885,2621533466,9190,581
29190.806126,2621536707,2621537309,8989,602
29190.818153,2621540564,2621541159,8924,595
29190.830177,2621544401,2621544998,9201,597
29190.842195,2621548235,2621548832,8902,597
29190.854221,2621552072,2621552674,8948,602
29190.866246,2621555901,2621556490,9223,589
29190.878259,2621559905,2621560502,11981,597
29190.890288,2621563738,2621564318,8944,580
29190.902311,2621567574,2621568172,9223,598
29190.914327,2621571415,2621572007,8989,592
29190.926357,2621575253,2621575834,8948,581
29190.938381,2621579076,2621579673,9240,597
29190.950399,2621582911,2621583506,8997,595
29190.962425,2621586739,2621587341,8935,602
29190.974448,2621590599,2621591201,9148,602
29190.986464,2621594590,2621595182,11993,592
29190.998494,2621598422,2621599019,8916,597
29191.010519,2621602269,2621602871,9287,602
29191.022535,2621606104,2621606699,8973,595
29191.034562,2621609939,2621610539,8902,600
29191.046586,2621613771,2621614373,9168,602
29191.058602,2621617622,2621618219,8981,597
29191.070632,2621621589,2621622191,12038,602
29191.082654,2621625457,2621626049,9268,592
29191.094672,2621629277,2621629874,9007,597
29191.106700,2621633122,2621633719,8948,597
29191.118724,2621636947,2621637538,9237,591
29191.130741,2621640769,2621641371,8937,602
29191.142768,2621644600,2621645202,8932,602
29191.154792,2621648430,2621649027,9235,597
29191.166809,2621652254,2621652855,9026,601
29191.178836,2621656080,2621656676,8918,596
29191.190859,2621660040,2621660637,12087,597
29191.202875,2621664018,2621664615,11980,597
29191.270504,2621685074,2621685670,11994,596
29191.282535,2621688920,2621689511,8920,591
29191.294560,2621692760,2621693356,9234,596
29191.306576,2621696575,2621697171,8996,596
29191.318604,2621700409,2621701006,8946,597
29191.330628,2621704267,2621704869,9240,602
29191.342646,2621708115,2621708712,9008,597
29191.354672,2621711952,2621712554,8927,602
29191.366697,2621715775,2621716365,9211,590
29191.378715,2621719610,2621720186,8904,576
29191.390740,2621723526,2621724127,12043,601
29191.402764,2621727518,2621728120,12100,602
29191.414783,2621731355,2621731952,8964,597
29191.426809,2621735189,2621735785,8905,596
29191.438832,2621739026,2621739622,9255,596
29191.450850,2621742861,2621743459,8988,598
29191.462876,2621746705,2621747302,8944,597
29191.474900,2621750518,2621751115,9219,597
29191.486916,2621754496,2621755087,11979,591
29191.498945,2621758339,2621758930,8954,591
29191.510969,2621762175,2621762772,9238,597
29191.522987,2621765998,2621766574,8983,576
29191.535014,2621769799,2621770401,8963,602
29191.547040,2621773805,2621774407,12139,602
29191.559055,2621777729,2621778319,8963,590
29191.571083,2621781601,2621782203,8926,602
29191.583109,2621785659,2621786260,12086,601
29191.595126,2621789719,2621790315,12012,596
29191.607152,2621793716,2621794308,12038,592
29191.619173,2621797686,2621798277,12066,591
29191.658247,2621809847,2621810444,8997,597
29191.670273,2621813682,2621814279,8887,597
29191.682296,2621817518,2621818109,9157,591
29191.694313,2621821353,2621821950,8986,597
29191.706340,2621825193,2621825784,8936,591
29191.718364,2621829018,2621829616,9211,598
29191.730382,2621832868,2621833465,8947,597
29191.742408,2621836681,2621837277,8955,596
29191.754432,2621840505,2621841102,9260,597
29191.766451,2621844340,2621844940,8994,600
29191.778477,2621848170,2621848761,8950,591
29191.790501,2621852161,2621852758,12100,597
29191.802514,2621856134,2621856709,11964,575
29191.814545,2621859960,2621860557,8905,597
29191.826570,2621863796,2621864393,9228,597
29191.838588,2621867627,2621868224,9003,597
29191.850614,2621871460,2621872055,8967,595
29191.862638,2621875273,2621875864,9277,591
29191.874656,2621879113,2621879710,8970,597
29191.886682,2621882941,2621883537,8930,596
29191.898707,2621886775,2621887367,9250,592
29191.910724,2621890592,2621891184,8971,592
29191.922751,2621894403,2621895005,8929,602
29191.934776,2621898224,2621898826,9217,602
29191.946792,2621902052,2621902649,8990,597
29191.958820,2621905887,2621906483,8958,596
29191.970843,2621909718,2621910320,9220,602
29191.982861,2621913542,2621914142,8947,600
29191.994887,2621917400,2621918001,8978,601
29192.006911,2621921374,2621921971,12084,597
29192.018926,2621925352,2621925949,11983,597
29192.030955,2621929193,2621929795,8957,602
29192.042980,2621933032,2621933633,9258,601
29192.054998,2621936997,2621937588,12017,591
29192.067026,2621940955,2621941549,12047,594
29192.079047,2621945009,2621945606,12072,597
29192.091066,2621948947,2621949544,8955,597
29192.103097,2621953057,2621953654,12043,597
29192.115117,2621956987,2621957578,9261,591
29192.127138,2621961035,2621961637,12013,602
29192.139166,2621964997,2621965589,12041,592
29192.151187,2621968969,2621969566,12101,597
29192.163205,2621972940,2621973537,12014,597
29192.175230,2621976771,2621977367,8951,596
29192.187255,2621980601,2621981198,9232,597
29192.199274,2621984566,2621985166,11999,600
29192.211301,2621988513,2621989109,12043,596
29192.223324,2621992481,2621993076,12073,595
29192.235341,2621996458,2621997055,12009,597
29192.245869,2621999822,2622000419,9229,597
29192.257887,2622003655,2622004252,8943,597
29192.269912,2622007486,2622008088,8871,602
29192.281938,2622011316,2622011928,9133,612
29192.293955,2622015161,2622015758,8958,597
29192.305981,2622019018,2622019620,8905,602
29192.318005,2622022847,2622023444,9169,597
29192.330023,2622026695,2622027291,8935,596
29192.342049,2622030518,2622031120,8957,602
29192.354074,2622034345,2622034942,9264,597
29192.366091,2622038171,2622038770,8955,599
29192.378118,2622042015,2622042612,8925,597
29192.390141,2622045942,2622046534,12097,592
29192.402156,2622049898,2622050495,11981,597
29192.414187,2622053736,2622054327,8902,591
29192.426211,2622057552,2622058154,9196,602
29192.438229,2622061398,2622061995,8994,597
29192.450255,2622065229,2622065835,8934,606
29192.462279,2622069083,2622069674,9198,591
29192.474297,2622072911,2622073502,8955,591
29192.486323,2622076718,2622077315,8973,597
29192.498348,2622080547,2622081154,9229,607
29192.510367,2622084407,2622085004,8962,597
29192.522393,2622088255,2622088857,8943,602
29192.534418,2622092086,2622092684,9243,598
29192.546434,2622095929,2622096526,8956,597
29192.558462,2622099762,2622100337,8914,575
29192.570485,2622103562,2622104158,9256,596
29192.582504,2622107399,2622107999,8999,600
29192.594531,2622111245,2622111847,8946,602
29192.606554,2622115237,2622115839,12088,602
29192.618569,2622119237,2622119834,11978,597
29192.666667,2622134253,2622134848,12038,595
29192.678692,2622138079,2622138681,9207,602
29192.690710,2622141912,2622142507,8966,595
29192.702736,2622145745,2622146342,8914,597
29192.714761,2622149581,2622150177,9242,596
29192.726778,2622153399,2622153996,9010,597
29192.738805,2622157232,2622157828,8923,596
29192.750828,2622161062,2622161660,9241,598
29192.762845,2622164900,2622165476,8968,576
29192.774872,2622168718,2622169313,8955,595
29192.786896,2622172548,2622173140,9273,592
29192.798914,2622176370,2622176970,8991,600
29192.810941,2622180220,2622180817,8890,597
29192.822965,2622184195,2622184791,12091,596
29192.834983,2622188161,2622188758,12016,597
29192.847009,2622191990,2622192581,8941,591
29192.859035,2622195974,2622196571,12088,597
29192.871051,2622200032,2622200629,12015,597
29192.883079,2622204086,2622204680,12040,594
29192.895101,2622208175,2622208770,12088,595
29192.907119,2622212049,2622212640,9018,591
29192.919144,2622215972,2622216574,8920,602
29192.931169,2622219932,2622220523,12088,591
29192.943185,2622223883,2622224473,11992,590
29192.955215,2622227834,2622228436,12042,602
29192.967239,2622231782,2622232379,12088,597
29192.979257,2622235739,2622236341,12015,602
29192.991282,2622239581,2622240178,8951,597
29193.003306,2622243396,2622243992,9232,596
29193.015323,2622247262,2622247866,8969,604
29193.027350,2622251210,2622251817,8900,607
29193.037869,2622254623,2622255230,8958,607
29193.049894,2622258509,2622259115,8949,606
29193.061920,2622262393,2622262999,9241,606
29193.073937,2622266283,2622266890,8919,607
29193.085964,2622270146,2622270743,8919,597
29193.097988,2622273997,2622274598,9254,601
29193.110006,2622277852,2622278449,8968,597
29193.122033,2622281807,2622282397,12039,590
29193.134058,2622285632,2622286228,12103,596
29193.146076,2622289450,2622290047,8919,597
29193.158102,2622293298,2622293900,8969,602
29193.170127,2622297133,2622297724,9165,591
29193.182145,2622300937,2622301531,8967,594
29193.194171,2622304771,2622305368,8887,597
29193.206194,2622308700,2622309297,12079,597
29193.218210,2622312632,2622313227,12019,595
29193.230240,2622316467,2622317064,8910,597
29193.242264,2622320293,2622320890,9198,597
29193.254280,2622324385,2622324977,11989,592
29193.314387,2622342861,2622343454,11869,593
29193.326416,2622346656,2622347232,8941,576
29193.338445,2622350494,2622351091,9229,597
29193.350461,2622354280,2622354869,9203,589
29193.362480,2622358060,2622358636,8883,576
29193.374516,2622361814,2622362409,9317,595
29193.386533,2622365625,2622366222,9264,597
29193.398549,2622369396,2622369969,8895,573
29193.410583,2622373188,2622373784,9242,596
29193.422590,2622377115,2622377710,11872,595
29193.434620,2622381037,2622381633,11978,596
29193.446653,2622384845,2622385435,9244,590
29193.458669,2622388634,2622389223,9211,589
29193.470686,2622392414,2622392990,8827,576
29193.482720,2622396186,2622396776,9221,590
29193.494737,2622399960,2622400549,9201,589
29193.506755,2622403724,2622404300,8882,576
29193.518788,2622407520,2622408111,9254,591
29193.530804,2622411316,2622411915,9247,599
29193.542823,2622415085,2622415661,8902,576
29193.554856,2622419013,2622419608,12084,595
29193.566873,2622422774,2622423364,9229,590
29193.578890,2622426548,2622427123,8890,575
29193.590923,2622430338,2622430919,9262,581
29193.602942,2622434114,2622434715,9262,601
29193.614959,2622437898,2622438477,8901,579
29193.626993,2622441856,2622442452,12083,596
29193.639001,2622445772,2622446360,11862,588
29193.651031,2622449728,2622450303,11980,575
29193.663061,2622453766,2622454357,12086,591
29193.675072,2622457752,2622458340,11869,588
29193.687095,2622461748,2622462324,11825,576
29193.699129,2622465797,2622466397,12071,600
29193.711140,2622469727,2622470321,11837,594
29193.723165,2622473506,2622474082,8852,576
29193.735197,2622477379,2622477980,9223,601
29193.747209,2622481296,2622481896,11864,600
29193.759233,2622485190,2622485765,11844,575
29193.771268,2622489107,2622489703,12074,596
29193.783277,2622493007,2622493602,11844,595
29193.795303,2622496921,2622497480,11835,559
29193.807335,2622500687,2622501284,9230,597
29193.817850,2622504027,2622504469,7567,442
29193.829881,2622507664,2622508238,9183,574
29193.841897,2622511463,2622512060,9255,597
29193.853916,2622515253,2622515829,8817,576
29193.865949,2622519024,2622519618,9236,594
29193.877967,2622522840,2622523436,9305,596
29193.889988,2622526643,2622527218,8907,575
29193.902018,2622530403,2622530998,9232,595
29193.914036,2622534230,2622534831,9252,601
29193.926053,2622538010,2622538585,8885,575
29193.938086,2622541889,2622542484,12169,595
29193.950103,2622545842,2622546439,12109,597
29193.962121,2622549631,2622550207,8894,576
29193.974155,2622553406,2622554000,9208,594
29193.986168,2622557345,2622557941,12020,596
29193.998194,2622561163,2622561736,8958,573
29194.022232,2622568693,2622569287,11855,594
29194.034260,2622572604,2622573179,11963,575
29194.046292,2622576361,2622576949,9264,588
29194.058308,2622580158,2622580759,9258,601
29194.070329,2622583965,2622584525,8929,560
29194.082360,2622587688,2622588287,9243,599
29194.094376,2622591504,2622592093,9160,589
29194.106395,2622595276,2622595835,8863,559
29194.118431,2622599008,2622599608,9266,600
29194.130446,2622602820,2622603409,9232,589
29194.142469,2622606604,2622607180,8907,576
29194.154497,2622610540,2622611136,12067,596
29194.166505,2622614499,2622615093,11872,594
29194.178537,2622618286,2622618846,8924,560
29194.190568,2622622035,2622622636,9243,601
29194.202585,2622625872,2622626469,9288,597
29194.214601,2622629646,2622630220,8866,574
29194.226636,2622633431,2622634027,9231,596
29194.238642,2622637329,2622637923,11872,594
29194.250672,2622641268,2622641859,11982,591
29194.262705,2622645028,2622645623,9292,595
29194.274720,2622648845,2622649433,9238,588
29194.286741,2622652638,2622653214,8917,576
29194.298771,2622656416,2622657010,9192,594
29194.310787,2622660233,2622660821,9231,588
29194.322809,2622664021,2622664597,8935,576
29194.334840,2622667803,2622668394,9220,591
29194.346855,2622671605,2622672198,9196,593
29194.358876,2622675405,2622675986,8910,581
29194.370910,2622679391,2622679987,12085,596
29194.382916,2622683321,2622683920,11877,599
29194.394947,2622687124,2622687700,8937,576
29194.406976,2622690895,2622691484,9256,589
29194.418993,2622694682,2622695279,9243,597
29194.431011,2622698603,2622699176,11820,573
29194.443044,2622702546,2622703142,12085,596
29194.455055,2622706510,2622707097,11873,587
29194.467082,2622710525,2622711121,11955,596
29194.479115,2622714484,2622715074,12088,590
29194.491124,2622718424,2622719018,11886,594
29194.503147,2622722338,2622722914,11826,576
29194.515183,2622726245,2622726841,12072,596
29194.527192,2622730168,2622730757,11838,589
29194.539216,2622733953,2622734528,8911,575
29194.551249,2622737782,2622738384,9156,602
29194.563261,2622741710,2622742304,11864,594
29194.575285,2622745610,2622746191,11828,581
29194.587320,2622749552,2622750143,12078,591
29194.599330,2622753449,2622754034,11841,585
29194.611355,2622757342,2622757918,11815,576
29194.621882,2622760691,2622761142,7353,451
29194.742102,2622796844,2622797420,11825,576
29194.754137,2622800757,2622801351,12171,594
29194.766145,2622804652,2622805241,11879,589
29194.778177,2622808451,2622809010,8938,559
29194.790207,2622812229,2622812818,9218,589
29194.802225,2622816020,2622816601,9286,581
29194.814242,2622819791,2622820363,8912,572
29194.826275,2622823580,2622824180,9220,600
29194.838289,2622827540,2622828136,12021,596
29194.850313,2622831485,2622832081,11985,596
29194.862344,2622835277,2622835866,9288,589
29194.874361,2622839092,2622839688,9274,596
29194.946489,2622860906,2622861498,11844,592
29194.958519,2622864707,2622865283,8955,576
29194.970547,2622868631,2622869227,12055,596
29194.982568,2622872588,2622873178,12061,590
29195.002110,2622878781,2622879372,12071,591
29195.014129,2622882585,2622883184,9279,599
29195.026145,2622886368,2622886942,8913,574
29195.038177,2622890233,2622890828,12173,595
29195.050196,2622894159,2622894755,12071,596
29195.062213,2622897934,2622898510,8849,576
29195.074247,2622901717,2622902301,9234,584
29195.086266,2622905507,2622906103,9255,596
29195.098281,2622909283,2622909858,8912,575
29195.110316,2622913067,2622913657,9237,590
29195.122331,2622916851,2622917439,9201,588
29195.134350,2622920608,2622921184,8892,576
29195.146384,2622924399,2622924992,9231,593
29195.158403,2622928207,2622928797,9282,590
29195.170416,2622932159,2622932734,11841,575
29195.182452,2622936093,2622936683,12096,590
29195.194469,2622939856,2622940429,9200,573
29195.206487,2622943616,2622944192,8908,576
29195.218521,2622947419,2622948015,9205,596
29195.230537,2622951232,2622951818,9224,586
29195.242559,2622955022,2622955581,8899,559
29195.254587,2622958922,2622959518,12049,596
29195.266596,2622962860,2622963449,11866,589
29195.278630,2622966616,2622967192,8934,576
29195.290658,2622970416,2622971012,9237,596
29195.302674,2622974204,2622974793,9213,589
29195.314692,2622977962,2622978537,8872,575
29195.326726,2622981725,2622982316,9244,591
29195.338744,2622985506,2622986099,9218,593
29195.350761,2622989290,2622989866,8881,576
29195.362794,2622993084,2622993679,9201,595
29195.374811,2622996867,2622997461,9217,594
29195.386825,2623000816,2623001392,11834,576
29195.398863,2623004720,2623005309,12176,589
29195.410880,2623008518,2623009106,9225,588
29195.422897,2623012298,2623012873,8947,575
29195.434931,2623016072,2623016667,9254,595
29195.446948,2623019879,2623020471,9227,592
29195.458965,2623023647,2623024228,8872,581
29195.471001,2623027499,2623028093,12100,594
29195.483010,2623031409,2623032004,11863,595
29195.495033,2623035345,2623035919,11828,574
29195.507068,2623039282,2623039876,12077,594
29195.519076,2623043221,2623043815,11868,594
29195.531105,2623047160,2623047735,11879,575
29195.543138,2623051113,2623051704,12072,591
29195.555152,2623054977,2623055571,9209,594
29195.567171,2623058902,2623059478,8895,576
29195.579206,2623062838,2623063434,12087,596
29195.591213,2623066730,2623067321,11869,591
29195.603238,2623070671,2623071247,11820,576
29195.615275,2623074608,2623075209,12106,601
29195.627290,2623078415,2623078988,9205,573
29195.639308,2623082164,2623082741,8887,577
29195.651341,2623085938,2623086535,9238,597
29195.661855,2623089276,2623089852,8895,576
29195.673887,2623093057,2623093647,9203,590
29195.685905,2623096818,2623097409,9250,591
29195.697921,2623100611,2623101170,8821,559
29195.709957,2623104311,2623104905,9246,594
29195.721974,2623108077,2623108671,9148,594
29195.733991,2623111850,2623112426,8862,576
29195.746026,2623115603,2623116207,9267,604
29195.758043,2623119404,2623119995,9240,591
29195.770058,2623123369,2623123945,11830,576
29195.782093,2623127242,2623127832,12136,590
29195.794109,2623131045,2623131640,9189,595
29195.806128,2623134840,2623135416,8893,576
29195.818161,2623138619,2623139215,9189,596
29195.830179,2623142432,2623143027,9276,595
29195.842196,2623146230,2623146805,8888,575
29195.854229,2623150118,2623150711,12173,593
29195.866235,2623154006,2623154592,11866,586
29195.878268,2623157780,2623158355,8961,575
29195.890299,2623161552,2623162147,9232,595
29195.902315,2623165355,2623165944,9165,589
29195.914334,2623169125,2623169700,8908,575
29195.926367,2623172892,2623173481,9223,589
29195.938386,2623176688,2623177284,9280,596
29195.950402,2623180462,2623181038,8908,576
29195.962436,2623184248,2623184847,9212,599
29195.974453,2623188051,2623188641,9230,590
29195.986466,2623191999,2623192574,11787,575
29195.998502,2623195922,2623196518,12061,596
29196.010520,2623199733,2623200327,9211,594
29196.022539,2623203496,2623204072,8895,576
29196.034572,2623207304,2623207900,9246,596
29196.046590,2623211084,2623211675,9172,591
29196.058610,2623214868,2623215445,8914,577
29196.070638,2623218792,2623219383,12061,591
29196.082648,2623222720,2623223309,11864,589
29196.094681,2623226498,2623227074,8970,576
29196.106709,2623230282,2623230871,9294,589
29196.118726,2623234055,2623234648,9242,593
29196.130744,2623237834,2623238409,8863,575
29196.142778,2623241616,2623242206,9213,590
29196.154795,2623245407,2623246001,9231,594
29196.166814,2623249170,2623249745,8906,575
29196.178846,2623252989,2623253590,9239,601
29196.190862,2623256800,2623257399,9230,599
29196.202877,2623260761,2623261337,11829,576
29196.214913,2623264701,2623265297,12093,596
29196.226930,2623268493,2623269087,9235,594
29196.238953,2623272424,2623273025,11981,601
29196.250983,2623276240,2623276836,9269,596
29196.263000,2623280047,2623280643,9187,596
29196.275017,2623283951,2623284527,11812,576
29196.287051,2623287902,2623288503,12083,601
29196.299069,2623291917,2623292508,12049,591
29196.311084,2623295910,2623296485,11810,575
29196.323118,2623299909,2623300511,12076,602
29196.335141,2623303843,2623304440,12051,597
29196.347153,2623307808,2623308383,11831,575
29196.359190,2623311733,2623312329,12075,596
29196.371206,2623315553,2623316148,9221,595
29196.383230,2623319522,2623320123,8993,601
29196.395258,2623323484,2623324079,12071,595
29196.407276,2623327405,2623327980,12051,575
29196.419298,2623331343,2623331918,11976,575
29196.431328,2623335266,2623335867,12096,601
29196.443346,2623339233,2623339824,12049,591
29196.453871,2623342607,2623343203,9272,596
29196.465891,2623346449,2623346895,7393,446
29196.477912,2623350108,2623350699,8953,591
29196.489941,2623353934,2623354525,9266,591
29196.501955,2623357743,2623358338,12111,595
29196.513979,2623361562,2623362159,8966,597
29196.526009,2623365345,2623365921,9198,576
29196.538023,2623369149,2623369745,12065,596
29196.550049,2623372965,2623373556,8962,591
29196.562078,2623376738,2623377313,9149,575
29196.574093,2623380488,2623381085,9233,597
29196.586114,2623384571,2623385167,11976,596
29196.598141,2623388482,2623389072,12065,590
29196.610163,2623392273,2623392864,9213,591
29196.622178,2623396023,2623396617,8846,594
29196.634213,2623399854,2623400450,9245,596
29196.646230,2623403717,2623404312,9235,595
29196.658248,2623407452,2623408045,8911,593
29196.670282,2623411219,2623411814,9189,595
29196.682300,2623415196,2623415792,12062,596
29196.694315,2623418937,2623419522,8875,585
29196.706347,2623422717,2623423318,9221,601
29196.718364,2623426518,2623427111,9179,593
29196.730386,2623430262,2623430856,8915,594
29196.742418,2623434042,2623434633,9203,591
29196.754434,2623437806,2623438395,9206,589
29196.766452,2623441517,2623442110,8890,593
29196.778488,2623445318,2623445913,9264,595
29196.790501,2623449113,2623449712,9196,599
29196.802523,2623453024,2623453617,11861,593
29196.814552,2623456986,2623457561,11973,575
29196.826570,2623460760,2623461349,9292,589
29196.838591,2623464522,2623465111,8908,589
29196.850626,2623468335,2623468925,9264,590
29196.862638,2623472137,2623472731,9183,594
29196.874658,2623475902,2623476496,8838,594
29196.886690,2623479852,2623480448,12071,596
29196.898706,2623483789,2623484368,12061,579
29196.910729,2623487529,2623488114,8912,585
29196.922766,2623491342,2623491917,9256,575
29196.934777,2623495100,2623495689,9287,589
29196.946795,2623498853,2623499430,8878,577
29196.958831,2623502625,2623503226,9237,601
29196.970842,2623506419,2623506987,9242,568
29196.982864,2623510163,2623510757,8898,594
29196.996397,2623514567,2623515147,11994,580
29197.062525,2623534541,2623535142,9205,601
29197.074543,2623538351,2623538940,9198,589
29197.086561,2623542113,2623542712,8850,599
29197.098593,2623546062,2623546621,11959,559
29197.110608,2623549815,2623550396,9200,581
29197.122631,2623553563,2623554151,8830,588
29197.134668,2623557330,2623557905,9260,575
29197.146680,2623561104,2623561699,9241,595
29197.158698,2623564845,2623565439,8936,594
29197.170735,2623568625,2623569200,9241,575
29197.182750,2623572431,2623573027,9213,596
29197.194767,2623576264,2623576857,8877,593
29197.206802,2623580082,2623580678,9197,596
29197.218818,2623584010,2623584598,12092,588
29197.230840,2623587913,2623588504,11985,591
29197.242868,2623591687,2623592283,9220,596
29197.254884,2623595488,2623596087,9265,599
29197.266902,2623599257,2623599825,8862,568
29197.278937,2623603018,2623603608,9171,590
29197.290951,2623606813,2623607397,9229,584
29197.302976,2623610720,2623611309,11862,589
29197.315006,2623614672,2623615273,12138,601
29197.327022,2623618575,2623619162,12076,587
29197.339046,2623622473,2623623067,11845,594
29197.351076,2623626486,2623627082,12074,596
29197.363092,2623630506,2623631105,12087,599
29197.375115,2623634477,2623635071,11817,594
29197.387143,2623638299,2623638896,9244,597
29197.399161,2623642230,2623642826,9236,596
29197.411183,2623646249,2623646847,11828,598
29197.423212,2623650179,2623650775,12073,596
29197.435228,2623654058,2623654652,12080,594
29197.447252,2623657977,2623658568,12010,591
29197.459282,2623661924,2623662520,12099,596
29197.471295,2623665816,2623666410,12064,594
29197.483321,2623669694,2623670288,11823,594
29197.495353,2623673606,2623674166,11970,560
29197.505859,2623676843,2623677437,8877,594
29197.517896,2623680626,2623681200,9176,574
29197.529911,2623684407,2623684997,9240,590
29197.541928,2623688184,2623688771,8863,587
29197.553965,2623691967,2623692547,9220,580
29197.565981,2623695752,2623696348,9209,596
29197.577996,2623699507,2623700099,8795,592
29197.590028,2623703294,2623703896,9219,602
29197.602045,2623707162,2623707758,12017,596
29197.614069,2623711021,2623711616,11998,595
29197.626097,2623714799,2623715394,9221,595
29197.638118,2623718623,2623719214,9203,591
29197.650133,2623722373,2623722962,8829,589
29197.662165,2623726157,2623726753,9224,596
29197.674185,2623729980,2623730576,9208,596
29197.686203,2623733738,2623734332,8870,594
29197.698235,2623737513,2623738114,9178,601
29197.710255,2623741336,2623741924,9252,588
29197.722270,2623745049,2623745638,8833,589
29197.734305,2623748825,2623749421,9251,596
29197.746322,2623752634,2623753230,9241,596
29197.758340,2623756376,2623756964,8903,588
29197.770372,2623760150,2623760746,9206,596
29197.782392,2623763958,2623764544,9247,586
29197.794407,2623767653,2623768247,8883,594
29197.806440,2623771558,2623772154,9294,596
29197.818460,2623775529,2623776120,12041,591
29197.830479,2623779438,2623780034,11987,596
29197.842511,2623783207,2623783766,9171,559
29197.854523,2623786959,2623787547,9245,588
29197.866546,2623790705,2623791293,8902,588
29197.878581,2623794515,2623795111,9192,596
29197.890595,2623798302,2623798896,9260,594
29197.902613,2623802071,2623802660,8915,589
29197.914646,2623805993,2623806589,12086,596
29197.926662,2623809792,2623810373,9269,581
29197.938683,2623813539,2623814133,8876,594
29197.950718,2623817339,2623817935,9256,596
29197.962732,2623821131,2623821725,9236,594
29197.974750,2623824886,2623825485,8813,599
29197.986785,2623828701,2623829291,9256,590
29197.998802,2623832505,2623833101,9203,596
29198.010819,2623836295,2623836886,8857,591
29198.022855,2623840100,2623840691,9193,591
29198.034869,2623843996,2623844585,12091,589
29198.046892,2623847898,2623848494,11987,596
29198.058922,2623851758,2623852359,9221,601
29198.070938,2623855733,2623856332,12090,599
29198.082955,2623859513,2623860112,8889,599
29198.094993,2623863390,2623863970,9230,580
29198.107007,2623867356,2623867950,12082,594
29198.119024,2623871158,2623871756,8931,598
29198.131060,2623875197,2623875778,11991,581
29198.143075,2623879167,2623879754,12082,587
29198.155096,2623883131,2623883725,11856,594
29198.167127,2623887112,2623887708,12072,596
29198.179142,2623890987,2623891581,12056,594
29198.191167,2623894882,2623895481,11818,599
29198.203196,2623898723,2623899319,9251,596
29198.215211,2623902652,2623903248,9236,596
29198.227235,2623906529,2623907105,11840,576
29198.239262,2623910462,2623911058,12074,596
29198.251277,2623914367,2623914960,12037,593
29198.272319,2623921189,2623921790,12007,601
29198.338453,2623941351,2623941947,9171,596
29198.350470,2623945151,2623945747,9280,596
29198.362487,2623948899,2623949487,8866,588
29198.374523,2623952685,2623953281,9243,596
29198.386537,2623956489,2623957083,9239,594
29198.398558,2623960248,2623960835,8903,587
29198.410592,2623964053,2623964649,9226,596
29198.422607,2623967857,2623968451,9237,594
29198.434629,2623971783,2623972372,11843,589
29198.446660,2623975729,2623976325,12106,596
29198.458675,2623979528,2623980117,9192,589
29198.470693,2623983282,2623983876,8861,594
29198.482731,2623987105,2623987680,9250,575
29198.494742,2623990884,2623991478,9216,594
29198.506764,2623994650,2623995249,8881,599
29198.518801,2623998486,2623999061,9243,575
29198.530813,2624002245,2624002839,9228,594
29198.542830,2624005972,2624006553,8883,581
29198.554862,2624009748,2624010349,9217,601
29198.566878,2624013550,2624014144,9252,594
29198.578899,2624017303,2624017897,8905,594
29198.590933,2624021081,2624021682,9211,601
29198.602949,2624024866,2624025454,9272,588
29198.614964,2624028633,2624029227,8876,594
29198.627001,2624032454,2624033055,9239,601
29198.639024,2624036370,2624036971,9148,601
29198.651041,2624040469,2624041070,12012,601
29198.663069,2624044551,2624045152,12050,601
29198.675093,2624048706,2624049302,12073,596
29198.687110,2624052754,2624053355,12011,601
29198.699136,2624056733,2624057329,12078,596
29198.711154,2624060635,2624061234,12057,599
29198.723179,2624064555,2624065142,11811,587
29198.735207,2624068416,2624069012,9221,596
29198.747222,2624072278,2624072866,12078,588
29198.759245,2624076154,2624076739,11831,585
29198.771276,2624080092,2624080688,9269,596
29198.798329,2624088411,2624089007,12136,596
29198.810344,2624092382,2624092978,12020,596
29198.822360,2624096158,2624096752,8863,594
29198.834396,2624099984,2624100579,9188,595
29198.846412,2624103936,2624104532,12056,596
29198.858432,2624107666,2624108253,8904,587
29198.870463,2624111597,2624112192,12075,595
29198.883991,2624116036,2624116627,12106,591
29198.894498,2624119341,2624119914,8886,573
29198.906533,2624123280,2624123871,12083,591
29198.918548,2624127074,2624127668,9279,594
29198.930569,2624130829,2624131423,8899,594
29198.942601,2624134772,2624135359,12105,587
29198.954618,2624138573,2624139167,9191,594
29198.966636,2624142331,2624142930,8830,599
29198.978670,2624146123,2624146719,9221,596
29198.990685,2624149932,2624150531,9223,599
29199.002707,2624153688,2624154287,8887,599
29199.014741,2624157493,2624158084,9255,591
29199.026755,2624161278,2624161882,9206,604
29199.038773,2624165035,2624165628,8884,593
29199.050808,2624169000,2624169560,11971,560
29199.062822,2624172891,2624173485,12053,594
29199.074844,2624176651,2624177239,8902,588
29199.086874,2624180452,2624181048,9205,596
29199.097393,2624183816,2624184255,7525,439
29199.110918,2624188034,2624188627,11842,593
29199.122943,2624192002,2624192577,11956,575
29199.134959,2624195772,2624196361,9231,589
29199.146977,2624199545,2624200133,8854,588
29199.159012,2624203375,2624203962,9267,587
29199.171029,2624207377,2624207965,12052,588
29199.183055,2624211299,2624211893,11832,594
29199.214609,2624221162,2624221755,11823,593
29199.226644,2624224961,2624225562,9244,601
29199.238659,2624228775,2624229364,9231,589
29199.250681,2624232698,2624233290,11843,592
29199.262712,2624236647,2624237238,12119,591
29199.274727,2624240451,2624241037,9215,586
29199.286745,2624244185,2624244779,8892,594
29199.298780,2624247973,2624248569,9214,596
29199.310793,2624251765,2624252359,9245,594
29199.322818,2624255690,2624256281,11983,591
29199.334850,2624259500,2624260090,9208,590
29199.346865,2624263321,2624263912,9237,591
29199.358880,2624267082,2624267662,8839,580
29199.370912,2624270883,2624271474,9230,591
29199.382929,2624274669,2624275264,9235,595
29199.394951,2624278422,2624279015,8874,593
29199.406983,2624282217,2624282818,9209,601
29199.419000,2624286013,2624286600,9236,587
29199.431018,2624289797,2624290390,8887,593
29199.441543,2624293342,2624293932,12059,590
29199.470103,2624302165,2624302761,12077,596
29199.482122,2624305967,2624306556,9196,589
29199.494139,2624309697,2624310284,8806,587
29199.506173,2624313469,2624314070,9163,601
29199.518189,2624317270,2624317858,9186,588
29199.530210,2624321023,2624321612,8868,589
29199.542247,2624324803,2624325377,9229,574
29199.554263,2624328716,2624329307,12070,591
29199.566279,2624332585,2624333179,11829,594
29199.578311,2624336378,2624336969,9216,591
29199.590329,2624340195,2624340791,9265,596
29199.602345,2624343933,2624344526,8865,593
29199.614377,2624347714,2624348310,9238,596
29199.626395,2624351670,2624352271,12019,601
29199.638416,2624355423,2624356012,8946,589
29199.650446,2624359324,2624359914,12083,590
29199.662467,2624363281,2624363877,12065,596
29199.674482,2624366986,2624367573,8855,587
29199.686514,2624370747,2624371348,9186,601
29199.698534,2624374572,2624375168,9222,596
29199.710552,2624378333,2624378926,8857,593
29199.722591,2624382155,2624382735,9195,580
29199.734602,2624385930,2624386519,9271,589
29199.746618,2624389687,2624390260,8856,573
29199.758655,2624393459,2624394059,9229,600
29199.770669,2624397270,2624397859,9246,589
29199.782692,2624401166,2624401759,11838,593
29199.794719,2624404924,2624405520,9239,596
29199.806737,2624408731,2624409325,9285,594
29199.818758,2624412469,2624413042,8874,573
29199.830796,2624416214,2624416789,9225,575
29199.842806,2624419997,2624420596,9212,599
29199.854824,2624423791,2624424364,8854,573
29199.866862,2624427729,2624428304,11990,575
29199.878873,2624431654,2624432248,12071,594
29199.890894,2624435423,2624436010,8936,587
29199.902929,2624439233,2624439829,9268,596
29199.914943,2624443057,2624443662,8905,605
29199.925471,2624447369,2624448217,13993,848
29199.935988,2624455069,2624456186,16330,1117
29199.966050,2624465815,2624466422,12085,607
29199.978065,2624469797,2624470403,11974,606
29199.990095,2624473695,2624474296,8925,601
29200.002120,2624477540,2624478136,9188,596
29200.014136,2624481349,2624481945,9226,596
29200.026151,2624485093,2624485692,8869,599
29200.038183,2624488896,2624489487,9265,591
29200.050200,2624492844,2624493445,12011,601
29200.062225,2624496723,2624497319,11984,596
29200.074257,2624500527,2624501100,9226,573
29200.086269,2624504463,2624505059,12014,596
29200.098288,2624508192,2624508791,8860,599
29200.110322,2624511974,2624512570,9176,596
29200.122341,2624515782,2624516378,9265,596
29200.134359,2624519550,2624520144,8868,594
29200.146394,2624523357,2624523932,9184,575
29200.158411,2624527161,2624527760,9241,599
29200.170426,2624530906,2624531500,8867,594
29200.182459,2624534711,2624535312,9252,601
29200.223038,2624547257,2624547853,12134,596
29200.235050,2624551124,2624551712,9224,588
29200.247069,2624554970,2624555564,8850,594
29200.259104,2624558903,2624559499,9209,596
29200.271121,2624562948,2624563537,12058,589
29200.283144,2624566924,2624567513,11817,589
29200.295175,2624570906,2624571497,12083,591
29200.307190,2624574805,2624575398,12093,593
29200.319212,2624578697,2624579286,11835,589
29200.331240,2624582643,2624583239,12068,596
29200.343258,2624586660,2624587259,12062,599
29200.355284,2624590567,2624591156,11822,589
29200.367315,2624594378,2624594937,9245,559
29200.379327,2624598108,2624598704,9244,596
29200.391351,2624601994,2624602600,11852,606
29200.401873,2624605360,2624605956,9294,596
29200.413891,2624609062,2624609649,8797,587
29200.425928,2624612834,2624613415,9195,581
29200.437943,2624616639,2624617214,9278,575
29200.449960,2624620402,2624620990,11846,588
29200.461990,2624624357,2624624932,11953,575
29200.474011,2624628173,2624628757,9296,584
29200.486028,2624631917,2624632494,8839,577
29200.498063,2624635727,2624636317,9266,590
29200.510079,2624639534,2624640135,9228,601
29200.522095,2624643266,2624643854,8814,588
29200.534128,2624647035,2624647631,9212,596
29200.546147,2624650855,2624651446,9255,591
29200.558165,2624654597,2624655188,8835,591
29200.570197,2624658390,2624658986,9203,596
29200.582212,2624662331,2624662927,12014,596
29200.594235,2624666227,2624666818,11986,591
29200.606267,2624669999,2624670574,9167,575
29200.618284,2624673769,2624674359,9240,590
29200.646842,2624682589,2624683190,12101,601
29200.658858,2624686387,2624686986,9242,599
29200.670874,2624690148,2624690741,8878,593
29200.682910,2624694108,2624694698,12100,590
29200.694925,2624698038,2624698632,12077,594
29200.706946,2624701784,2624702371,8877,587
29200.718978,2624705566,2624706162,9197,596
29200.730993,2624709366,2624709961,9263,595
29200.743019,2624713281,2624713875,11839,594
29200.755047,2624717314,2624717871,11940,557
29200.767063,2624721179,2624721767,9246,588
29200.779081,2624725048,2624725637,8873,589
29200.791116,2624728969,2624729569,9230,600
29200.803132,2624732954,2624733548,12058,594
29200.815159,2624736904,2624737498,11811,594
29200.827183,2624740778,2624741374,12093,596
29200.839202,2624744648,2624745242,12085,594
29200.851220,2624748358,2624748952,8878,594
29200.863250,2624752153,2624752744,9199,591
29200.875271,2624756076,2624756670,12080,594
29200.887294,2624759965,2624760559,11819,594
29200.899321,2624763906,2624764507,12069,601
29200.911338,2624767749,2624768337,12078,588
29200.921872,2624771038,2624771613,9216,575
29200.933883,2624774767,2624775361,9217,594
29200.945899,2624778512,2624779106,8861,594
29200.957939,2624782282,2624782861,9211,579
29200.969953,2624786068,2624786664,9259,596
29200.981971,2624789890,2624790478,11802,588
29200.998509,2624795155,2624795730,11982,575
29201.010530,2624799116,2624799705,12068,589
29201.022548,2624802876,2624803470,8918,594
29201.034583,2624806659,2624807255,9196,596
29201.046599,2624810469,2624811060,9300,591
29201.058614,2624814210,2624814809,8890,599
29201.070650,2624818042,2624818643,9277,601
29201.082664,2624821936,2624822530,12094,594
29201.094688,2624825860,2624826461,11990,601
29201.106718,2624829667,2624830241,9214,574
29201.118734,2624833429,2624834023,9206,594
29201.130752,2624837184,2624837771,8855,587
29201.142789,2624840968,2624841543,9230,575
29201.154799,2624844745,2624845339,9231,594
29201.166822,2624848500,2624849093,8814,593
29201.178856,2624852312,2624852892,9258,580
29201.229947,2624867807,2624868400,11846,593
29201.241978,2624871590,2624872165,9196,575
29201.253995,2624875391,2624875982,9233,591
29201.266012,2624879225,2624879813,11804,588
29201.278042,2624883132,2624883692,11984,560
29201.290062,2624886925,2624887517,9254,592
29201.302080,2624890707,2624891300,8872,593
29201.314115,2624894499,2624895073,9250,574
29201.326130,2624898288,2624898884,9250,596
29201.338146,2624902035,2624902607,8822,572
29201.350180,2624905782,2624906378,9153,596
29201.362199,2624909598,2624910188,9264,590
29201.374217,2624913320,2624913912,8892,592
29201.386249,2624917118,2624917709,9245,591
29201.398265,2624921055,2624921651,12019,596
29201.410287,2624924939,2624925529,11988,590
29201.422319,2624928736,2624929316,9171,580
29201.434336,2624932552,2624933143,9265,591
29201.446354,2624936286,2624936874,8853,588
29201.458391,2624940051,2624940627,9212,576
29201.470406,2624943863,2624944453,9245,590
29201.482420,2624947656,2624948250,8827,594
29201.494453,2624951596,2624952171,11962,575
29201.506473,2624955390,2624955974,9242,584
29201.518491,2624959148,2624959741,8892,593
29201.530526,2624962931,2624963527,9264,596
29201.542543,2624966742,2624967338,9268,596
29201.554557,2624970503,2624971095,8870,592
29201.566591,2624974266,2624974862,9241,596
29201.578610,2624978069,2624978670,9279,601
29201.590628,2624981833,2624982430,8841,597
29201.602663,2624985627,2624986201,9177,574
29201.614677,2624989548,2624990136,12087,588
29201.626701,2624993515,2624994116,12002,601
29201.638726,2624997294,2624997895,9207,601
29201.650744,2625001091,2625001684,9234,593
29201.662765,2625004821,2625005415,8890,594
29201.674800,2625008599,2625009189,9222,590
29201.686815,2625012413,2625013007,9230,594
29201.698836,2625016331,2625016919,11836,588
29201.710867,2625020278,2625020874,12096,596
29201.722880,2625024061,2625024649,9218,588
29201.734899,2625027793,2625028381,8915,588
29201.746936,2625031565,2625032139,9245,574
29201.758948,2625035333,2625035927,9246,594
29201.770970,2625039065,2625039653,8928,588
29201.783002,2625042831,2625043421,9182,590
29201.795022,2625046801,2625047391,12057,590
29201.807043,2625050751,2625051348,11844,597
29201.819070,2625054744,2625055340,12080,596
29201.831089,2625058822,2625059416,12094,594
29201.843106,2625062861,2625063454,11829,593
29201.855139,2625066887,2625067488,12071,601
29201.867154,2625070834,2625071422,9239,588
29201.879175,2625074596,2625075183,8886,587
29201.891209,2625078551,2625079146,9174,595
29201.903226,2625082432,2625083026,12090,594
29201.915248,2625086316,2625086910,11822,594
29201.927278,2625090257,2625090848,12086,591
29201.939293,2625094113,2625094701,12069,588
29201.951317,2625098009,2625098603,11866,594
29201.963346,2625101906,2625102481,11942,575
29201.973855,2625105173,2625105766,8819,593
29201.985897,2625108976,2625109406,7420,430
29201.997911,2625112649,2625113095,7366,446
29202.009928,2625116279,2625116870,11977,591
29202.021960,2625120069,2625120649,12013,580
29202.033979,2625123867,2625124463,9235,596
29202.045993,2625127632,2625128220,8832,588
29202.058028,2625131410,2625131985,9151,575
29202.070044,2625135180,2625135765,9276,585
29202.082062,2625139008,2625139596,11806,588
29202.094097,2625142894,2625143469,11994,575
29202.106115,2625146674,2625147262,9240,588
29202.118130,2625150416,2625151010,8846,594
29202.130165,2625154210,2625154811,9247,601
29202.142181,2625158039,2625158630,9245,591
29202.154200,2625161763,2625162362,8840,599
29202.166232,2625165552,2625166148,9186,596
29202.178252,2625169361,2625169952,9244,591
29202.190267,2625173101,2625173698,8800,597
29202.202302,2625176895,2625177470,9199,575
29202.214315,2625180820,2625181408,12040,588
29202.226341,2625184747,2625185337,11993,590
29202.238372,2625188513,2625189073,9199,560
29202.250389,2625192292,2625192883,9280,591
29202.262404,2625196060,2625196648,8880,588
29202.274435,2625200007,2625200604,9235,597
29202.286456,2625203839,2625204435,9223,596
29202.298475,2625207796,2625208389,11858,593
29202.310502,2625211731,2625212322,12066,591
29202.322524,2625215537,2625216121,9276,584
29202.334543,2625219291,2625219879,8895,588
29202.346580,2625223066,2625223647,9212,581
29202.358592,2625226839,2625227433,9240,594
29202.370609,2625230604,2625231192,8883,588
29202.382645,2625234375,2625234971,9236,596
29202.394662,2625238192,2625238787,9243,595
29202.406680,2625241925,2625242517,8876,592
29202.418715,2625245736,2625246327,9223,591
29202.430728,2625249662,2625250255,12080,593
29202.442752,2625253579,2625254175,11983,596
29202.454779,2625257338,2625257934,9179,596
29202.466796,2625261141,2625261720,9231,579
29202.478816,2625264883,2625265476,8808,593
29202.490847,2625268661,2625269257,9195,596
29202.502863,2625272450,2625273038,9219,588
29202.514887,2625276367,2625276954,11834,587
29202.526916,2625280290,2625280866,11978,576
29202.538932,2625284057,2625284639,9262,582
29202.550953,2625287779,2625288366,8908,587
29202.562988,2625291586,2625292182,9273,596
29202.575001,2625295382,2625295975,9279,593
29202.587027,2625299273,2625299866,11864,593
29202.599057,2625303157,2625303737,9224,580
29202.611073,2625307037,2625307633,9214,596
29202.623088,2625310877,2625311453,8862,576
29202.695226,2625332921,2625333515,8896,594
29202.707265,2625336856,2625337431,9198,575
29202.719277,2625340669,2625341257,12080,588
29202.731298,2625344560,2625345133,11811,573
29202.743328,2625348419,2625348978,11947,559
29202.755344,2625352250,2625352831,12053,581
29202.765879,2625355552,2625356126,9300,574
29202.777893,2625359329,2625359924,9256,595
29202.789908,2625362992,2625363578,8872,586
29202.801944,2625366789,2625367364,9193,575
29202.813955,2625370589,2625371184,12016,595
29202.825981,2625374360,2625374956,11979,596
29202.838013,2625378127,2625378702,9183,575
29202.850030,2625381916,2625382506,9252,590
29202.862045,2625385636,2625386224,8884,588
29202.874076,2625389420,2625390017,9159,597
29202.886097,2625393250,2625393840,9245,590
29202.898115,2625397022,2625397616,8827,594
29202.910143,2625401028,2625401619,12042,591
29202.922165,2625404842,2625405424,9267,582
29202.934183,2625408586,2625409180,8870,594
29202.946221,2625412382,2625412941,9235,559
29202.958235,2625416140,2625416728,9227,588
29202.970250,2625419873,2625420466,8863,593
29202.982283,2625423651,2625424241,9150,590
29202.994302,2625427618,2625428188,12056,570
29203.015336,2625434017,2625434610,8872,593
29203.025868,2625437357,2625437803,7422,446
29203.037878,2625440930,2625441524,8828,594
29203.049915,2625444703,2625445277,9245,574
29203.061930,2625448482,2625449056,9271,574
29203.073950,2625452219,2625452813,8862,594
29203.085984,2625456048,2625456622,9215,574
29203.097998,2625459924,2625460519,12017,595
29203.110018,2625463840,2625464441,11966,601
29203.122052,2625467690,2625468262,9221,572
29203.134069,2625471523,2625472129,9257,606
29203.146087,2625475293,2625475886,8854,593
29203.158120,2625479061,2625479657,9245,596
29203.170139,2625482871,2625483455,9242,584
29203.182154,2625486621,2625487209,8843,588
29203.194191,2625490382,2625490957,9185,575
29203.206202,2625494148,2625494741,9182,593
29203.218224,2625497881,2625498475,8865,594
29203.230255,2625501774,2625502370,12082,596
29203.242274,2625505747,2625506348,12055,601
29203.254292,2625509511,2625510103,8872,592
29203.266324,2625513305,2625513901,9194,596
29203.278344,2625517133,2625517724,9246,591
29203.290359,2625520886,2625521481,8823,595
29203.302394,2625524650,2625525208,9202,558
29203.314407,2625528424,2625529013,9233,589
29203.326432,2625532325,2625532921,11980,596
29203.338464,2625536124,2625536697,9199,573
29203.350481,2625539913,2625540509,9186,596
29203.362496,2625543639,2625544232,8883,593
29203.374528,2625547428,2625548029,9204,601
29203.386545,2625551235,2625551823,9264,588
29203.398566,2625554981,2625555574,8858,593
29203.410604,2625558754,2625559329,9221,575
29203.422616,2625562522,2625563120,9256,598
29203.434632,2625566305,2625566898,8870,593
29203.446668,2625570181,2625570761,11982,580
29203.458680,2625574093,2625574687,12041,594
29203.470703,2625577833,2625578421,8896,588
29203.482739,2625581642,2625582243,9263,601
29203.494755,2625585457,2625586046,9267,589
29203.506771,2625589182,2625589766,8912,584
29203.518805,2625593028,2625593634,9302,606
29203.530821,2625596956,2625597550,12094,594
29203.542844,2625600853,2625601443,12025,590
29203.554875,2625604643,2625605225,9241,582
29203.566888,2625608430,2625609019,9244,589
29203.578905,2625612160,2625612747,8897,587
29203.590941,2625615936,2625616537,9235,601
29203.602955,2625619747,2625620335,9213,588
29203.614976,2625623484,2625624072,8917,588
29203.627014,2625627284,2625627843,9204,559
29203.639027,2625631175,2625631768,12081,593
29203.651048,2625635128,2625635711,11840,583
29203.663079,2625639142,2625639738,12104,596
29203.675094,2625643126,2625643715,12095,589
29203.687119,2625647050,2625647623,11831,573
29203.699148,2625651004,2625651584,11972,580
29203.711166,2625654954,2625655550,12082,596
29203.723180,2625658818,2625659397,8794,579
29203.735215,2625662738,2625663333,12074,595
29203.747231,2625666599,2625667182,12092,583
29203.759257,2625670476,2625671061,12051,585
29203.771287,2625674404,2625674978,12010,574
29203.783301,2625678266,2625678860,12079,594
29203.795324,2625682148,2625682737,11820,589
29203.807351,2625686025,2625686615,12097,590
29203.817864,2625689286,2625689885,8861,599
29203.829904,2625693064,2625693493,7417,429
29203.841919,2625696723,2625697163,7374,440
29203.853932,2625700314,2625700885,8937,571
29203.865967,2625704092,2625704672,9190,580
29203.877986,2625707890,2625708479,9283,589
29203.890000,2625711628,2625712221,8887,593
29203.902038,2625715405,2625715980,9218,575
29203.914052,2625719195,2625719791,9267,596
29203.926076,2625723091,2625723681,8915,590
29203.938105,2625726871,2625727444,9210,573
29203.950122,2625730668,2625731264,9259,596
29203.962137,2625734395,2625734983,8883,588
29203.974169,2625738173,2625738769,9207,596
29203.986186,2625742099,2625742690,12017,591
29203.998207,2625745820,2625746397,8833,577
29204.010244,2625749572,2625750147,9208,575
29204.022259,2625753353,2625753947,9231,594
29204.034274,2625757079,2625757672,8846,593
29204.046307,2625761007,2625761582,11998,575
29204.058328,2625764918,2625765514,12069,596
29204.070342,2625768640,2625769233,8871,593
29204.082377,2625772416,2625772991,9175,575
29204.094394,2625776195,2625776791,9279,596
29204.106413,2625779910,2625780508,8901,598
29204.118445,2625783694,2625784295,9195,601
29204.130463,2625787543,2625788127,9230,584
29204.142483,2625791437,2625792027,11998,590
29204.154511,2625795221,2625795803,9266,582
29204.166532,2625799023,2625799612,9286,589
29204.178549,2625802775,2625803368,8913,593
29204.190582,2625806529,2625807124,9224,595
29204.202600,2625810346,2625810931,9274,585
29204.214616,2625814082,2625814675,8913,593
29204.226651,2625817874,2625818464,9220,590
29204.237163,2625821316,2625821901,12013,585
29204.262719,2625829275,2625829865,12109,590
29204.274735,2625833177,2625833765,12057,588
29204.286753,2625836916,2625837504,8816,588
29204.298792,2625840733,2625841308,9213,575
29204.310802,2625844498,2625845087,9246,589
29204.322823,2625848262,2625848857,8884,595
29204.334856,2625852096,2625852692,9265,596
29204.346871,2625856020,2625856614,12062,594
29204.358894,2625859934,2625860523,11986,589
29204.370925,2625863716,2625864299,9216,583
29204.382938,2625867499,2625868093,9220,594
29204.394960,2625871250,2625871843,8914,593
29204.406995,2625875021,2625875611,9187,590
29204.419008,2625878807,2625879396,9266,589
29204.431026,2625882602,2625883195,8799,593
29204.443063,2625886506,2625887081,9179,575
29204.455077,2625890460,2625891058,12063,598
29204.467102,2625894449,2625895036,11845,587
29204.479131,2625898348,2625898923,11966,575
29204.491148,2625902293,2625902886,12083,593
29204.503169,2625906176,2625906769,11840,593
29204.515197,2625910132,2625910707,11942,575
29204.527216,2625914017,2625914607,12036,590
29204.539240,2625918033,2625918626,11868,593
29204.551267,2625921948,2625922523,11996,575
29204.563284,2625925810,2625926399,12083,589
29204.575309,2625929691,2625930287,12010,596
29204.587338,2625933639,2625934212,11975,573
29204.597849,2625936856,2625937455,8886,599
29204.609885,2625940624,2625941200,9235,576
29204.621900,2625944415,2625945010,9239,595
29204.633914,2625948122,2625948710,8819,588
29204.645948,2625951902,2625952477,11975,575
29204.657965,2625955673,2625956267,12095,594
29204.669983,2625959375,2625959958,8820,583
29204.682018,2625963154,2625963729,9184,575
29204.694036,2625966930,2625967525,9204,595
29204.706053,2625970687,2625971274,8844,587
29204.718091,2625974457,2625975031,9226,574
29204.730102,2625978217,2625978811,9213,594
29204.742126,2625982086,2625982682,8929,596
29204.754156,2625985893,2625986455,9176,562
29204.766173,2625989670,2625990266,9261,596
29204.778191,2625993389,2625993982,8821,593
29204.790222,2625997162,2625997752,9215,590
29204.802242,2626000973,2626001562,9262,589
29204.814257,2626004703,2626005291,8854,588
29204.826295,2626008458,2626009033,9256,575
29204.838310,2626012220,2626012815,9230,595
29204.850328,2626015942,2626016535,8850,593
29204.862356,2626019842,2626020438,12059,596
29204.874377,2626023796,2626024385,12057,589
29204.886396,2626027537,2626028124,8875,587
29204.898431,2626031327,2626031886,9215,559
29204.910448,2626035089,2626035685,9247,596
29204.922463,2626038830,2626039428,8898,598
29204.934499,2626042608,2626043183,9184,575
29204.946509,2626046388,2626046989,9238,601
29204.958539,2626050184,2626050780,8987,596
29204.970565,2626053972,2626054560,9199,588
29204.982585,2626057778,2626058367,9292,589
29204.994600,2626061523,2626062122,8923,599
29205.006633,2626065283,2626065879,9209,596
29205.018652,2626069088,2626069687,9285,599
29205.030670,2626072856,2626073449,8871,593
29205.042705,2626076662,2626077258,9247,596
29205.054719,2626080430,2626081028,9260,598
29205.066736,2626084186,2626084774,8808,588
29205.078771,2626088133,2626088729,12082,596
29205.090786,2626092076,2626092669,12067,593
29205.102808,2626095812,2626096399,8853,587
29205.114839,2626099590,2626100186,9192,596
29205.126854,2626103376,2626103975,9234,599
29205.138872,2626107129,2626107722,8862,593
29205.150909,2626110955,2626111549,9286,594
29205.162923,2626114817,2626115391,9264,574
29205.174947,2626118576,2626119172,8987,596
29205.186976,2626122383,2626122971,9210,588
29205.198990,2626126156,2626126750,9227,594
29205.211017,2626130027,2626130615,11850,588
29205.223042,2626133865,2626134460,12077,595
29205.235061,2626137844,2626138438,12046,594
29205.247078,2626141666,2626142253,8860,587
29205.259114,2626145526,2626146115,9196,589
29205.271129,2626149467,2626150065,12058,598
29205.283154,2626153388,2626153975,11843,587
29205.295184,2626157303,2626157894,12125,591
29205.307199,2626161215,2626161809,12073,594
29205.319221,2626165100,2626165688,11820,588
29205.331249,2626169022,2626169618,12071,596
29205.343264,2626172913,2626173507,12048,594
29205.355292,2626176934,2626177534,11835,600
29205.367321,2626180879,2626181474,12066,595
29205.379334,2626184631,2626185224,9239,593
29205.389862,2626187925,2626188521,9201,596
29205.401880,2626191679,2626192278,9243,599
29205.413897,2626195440,2626196023,8863,583
29205.425936,2626199194,2626199769,9197,575
29205.437950,2626202987,2626203582,9250,595
29205.449968,2626206695,2626207283,8828,588
29205.462001,2626210434,2626211009,11972,575
29205.474019,2626214229,2626214824,12087,595
29205.486036,2626217993,2626218574,8874,581
29205.498071,2626221778,2626222337,9190,559
29205.510086,2626225519,2626226108,9159,589
29205.522103,2626229278,2626229865,8843,587
29205.534141,2626233039,2626233614,9216,575
29205.546156,2626236809,2626237405,9178,596
29205.558179,2626240666,2626241256,8959,590
29205.570204,2626244438,2626245031,9180,593
29205.582225,2626248260,2626248850,9263,590
29205.594242,2626252122,2626252715,11824,593
29205.606274,2626255905,2626256501,9161,596
29205.618291,2626259696,2626260290,9242,594
29205.630309,2626263418,2626264010,8843,592
29205.642347,2626267179,2626267754,9219,575
29205.654361,2626270960,2626271549,9279,589
29205.666380,2626274689,2626275275,8870,586
29205.678412,2626278566,2626279141,11972,575
29205.690424,2626282456,2626283044,12045,588
29205.702448,2626286185,2626286767,8884,582
29205.714483,2626289983,2626290558,9249,575
29205.726500,2626293768,2626294368,9237,600
29205.738515,2626297522,2626298115,8848,593
29205.750550,2626301304,2626301863,9174,559
29205.762563,2626305081,2626305670,9233,589
29205.774591,2626308846,2626309442,8996,596
29205.786620,2626312653,2626313231,9245,578
29205.798637,2626316446,2626317037,9268,591
29205.810651,2626320198,2626320791,8880,593
29205.822685,2626323960,2626324540,9229,580
29205.834703,2626327758,2626328348,9258,590
29205.846722,2626331504,2626332097,8896,593
29205.858757,2626335280,2626335854,9202,574
29205.870770,2626339048,2626339646,9244,598
29205.908347,2626350533,2626351124,12083,591
29205.962451,2626366952,2626367546,12085,594
29205.974469,2626370767,2626371356,9270,589
29205.986489,2626374676,2626375272,11842,596
29205.998521,2626378476,2626379050,9194,574
29206.010537,2626382412,2626383002,12038,590
29206.022557,2626386147,2626386714,8890,567
29206.034590,2626389880,2626390470,9255,590
29206.046609,2626393661,2626394250,9225,589
29206.058623,2626397413,2626397991,8859,578
29206.070657,2626401162,2626401752,9263,590
29206.082672,2626404950,2626405518,9256,568
29206.094695,2626408833,2626409421,11835,588
29206.106726,2626412760,2626413355,12117,595
29206.118741,2626416558,2626417146,9272,588
29206.130762,2626420291,2626420884,8864,593
29206.142798,2626424062,2626424657,9226,595
29206.154810,2626427853,2626428446,9243,593
29206.166829,2626431603,2626432170,8856,567
29206.178864,2626435390,2626435981,9270,591
29206.190877,2626439179,2626439773,9270,594
29206.202898,2626442936,2626443527,8862,591
29206.214936,2626446745,2626447320,9193,575
29206.226946,2626450508,2626451097,9244,589
29206.238964,2626454251,2626454838,8876,587
29206.251000,2626458035,2626458631,9243,596
29206.263014,2626461843,2626462432,9223,589
29206.275035,2626465606,2626466194,8880,588
29206.287068,2626469552,2626470111,11990,559
29206.299086,2626473505,2626474088,12124,583
29206.311106,2626477465,2626478053,11836,588
29206.323137,2626481350,2626481925,11972,575
29206.335151,2626485170,2626485758,12037,588
29206.347177,2626489059,2626489652,11862,593
29206.359208,2626492951,2626493541,12119,590
29206.371222,2626496857,2626497451,12079,594
29206.383248,2626500866,2626501449,11814,583
29206.395275,2626504661,2626505257,9265,596
29206.407289,2626508464,2626509053,9183,589
29206.419307,2626512192,2626512778,8850,586
29206.431345,2626516108,2626516666,11968,558
29206.441855,2626519290,2626519878,8807,588
29206.453890,2626523051,2626523626,9254,575
29206.465907,2626526834,2626527423,9295,589
29206.477923,2626530641,2626531234,11818,593
29206.489955,2626534426,2626535000,11962,574
29206.501976,2626538210,2626538793,9228,583
29206.513990,2626541966,2626542554,8857,588
29206.526029,2626545755,2626546330,9270,575
29206.538042,2626549535,2626550125,9276,590
29206.550061,2626553252,2626553845,8863,593
29206.562098,2626557012,2626557587,9249,575
29206.574112,2626560786,2626561382,9277,596
29206.586127,2626564538,2626565135,8849,597
29206.598163,2626568330,2626568904,9208,574
29206.610175,2626572244,2626572834,12016,590
29206.622197,2626576109,2626576697,11814,588
29206.656769,2626586828,2626587424,12069,596
29206.688327,2626596404,2626597000,9146,596
29206.725895,2626607725,2626608312,8864,587
29206.737927,2626611496,2626612086,9208,590
29206.749944,2626615243,2626615832,9211,589
29206.761960,2626618948,2626619546,8748,598
29206.773995,2626622750,2626623325,11997,575
29206.786012,2626626669,2626627263,12017,594
29206.798028,2626630423,2626631017,8843,594
29206.870172,2626652379,2626652967,11843,588
29206.951327,2626668426,2626669015,8912,589
29206.963353,2626671512,2626672107,9240,595
29206.973865,2626674828,2626675416,8867,588
29206.985899,2626678738,2626679311,9274,573
29206.997918,2626682502,2626683098,9270,596
29207.009933,2626686307,2626686879,11801,572
29207.021963,2626690061,2626690657,12072,596
29207.033985,2626693866,2626694456,9229,590
29207.046002,2626697620,2626698208,8854,588
29207.058038,2626701402,2626701976,9173,574
29207.070056,2626705175,2626705776,9248,601
29207.082070,2626708901,2626709494,8794,593
29207.094106,2626712724,2626713299,11998,575
29207.106125,2626716624,2626717213,12072,589
29207.118139,2626720357,2626720927,8877,570
29207.130174,2626724117,2626724692,9293,575
29207.142192,2626727894,2626728479,9268,585
29207.154209,2626731639,2626732232,8870,593
29207.166246,2626735392,2626735967,9186,575
29207.178260,2626739159,2626739753,9264,594
29207.190281,2626742945,2626743540,8976,595
29207.202308,2626746737,2626747331,9199,594
29207.214328,2626750547,2626751143,9265,596
29207.226345,2626754417,2626755010,11830,593
29207.238374,2626758335,2626758924,12070,589
29207.250393,2626762110,2626762704,9209,594
29207.262414,2626765850,2626766432,8880,582
29207.288332,2626774448,2626775039,11963,591
29207.302996,2626778845,2626779443,11811,598
29207.315025,2626782675,2626783249,9187,574
29207.327039,2626786544,2626787136,12068,592
29207.339061,2626790490,2626791080,12011,590
29207.351093,2626794463,2626795053,12105,590
29207.363107,2626798416,2626799010,12066,594
29207.375133,2626802348,2626802941,11831,593
29207.387160,2626806301,2626806876,11960,575
29207.399176,2626810244,2626810833,9224,589
29207.411194,2626814001,2626814594,8863,593
29207.423230,2626817822,2626818395,9191,573
29207.435244,2626821686,2626822282,12049,596
29207.447270,2626825579,2626826177,11841,598
29207.459299,2626829502,2626830098,12073,596
29207.471314,2626833389,2626833983,12066,594
29207.483338,2626837271,2626837864,11823,593
29207.493861,2626840623,2626841069,7376,446
29207.505885,2626844262,2626844708,7578,446
29207.517913,2626847896,2626848470,9239,574
29207.529927,2626851621,2626852215,9176,594
29207.541943,2626855333,2626855910,8833,577
29207.553979,2626859087,2626859683,9208,596
29207.565997,2626862886,2626863482,9256,596
29207.578014,2626866645,2626867238,8873,593
29207.590053,2626870397,2626870971,9200,574
29207.602064,2626874344,2626874943,12024,599
29207.614081,2626878101,2626878688,8799,587
29207.626118,2626881959,2626882534,12003,575
29207.638137,2626885830,2626886425,12119,595
29207.650149,2626889555,2626890147,8804,592
29207.662185,2626893370,2626893945,9214,575
29207.674201,2626897135,2626897720,9216,585
29207.686221,2626900869,2626901467,8882,598
29207.698256,2626904665,2626905240,9209,575
29207.710269,2626908599,2626909200,12016,601
29207.722289,2626912467,2626913057,11974,590
29207.734322,2626916232,2626916806,9236,574
29207.746340,2626920032,2626920621,9262,589
29207.758358,2626923765,2626924353,8853,588
29207.770391,2626927529,2626928125,9228,596
29207.782411,2626931566,2626932155,12105,589
29207.794423,2626935335,2626935923,8856,588
29207.806460,2626939093,2626939688,9193,595
29207.816973,2626942465,2626943061,11979,596
29207.836510,2626948522,2626949117,12034,595
29207.850039,2626952803,2626953398,12099,595
29207.862052,2626956591,2626957179,8843,588
29207.874092,2626960404,2626960979,9224,575
29207.886106,2626964194,2626964795,9286,601
29207.898123,2626968009,2626968602,8851,593
29207.910154,2626971864,2626972440,11954,576
29207.922168,2626975753,2626976352,12023,599
29207.934192,2626979500,2626980087,8833,587
29207.946227,2626983267,2626983841,9181,574
29207.958245,2626987038,2626987628,9240,590
29207.970259,2626990810,2626991403,8878,593
29207.982294,2626994611,2626995186,9153,575
29207.992806,2626997953,2626998544,11992,591
29208.003324,2627001297,2627001886,9264,589
29208.015349,2627005198,2627005780,11841,582
29208.025873,2627008550,2627008991,7383,441
29208.037897,2627012209,2627012655,7572,446
29208.049925,2627015859,2627016434,9196,575
29208.061938,2627019668,2627020263,12037,595
29208.073956,2627023415,2627024013,8848,598
29208.085993,2627027221,2627027796,9178,575
29208.098014,2627031059,2627031665,9185,606
29208.110028,2627035078,2627035678,11989,600
29208.131076,2627041858,2627042458,12034,600
29208.143100,2627045982,2627046583,12071,601
29208.155117,2627050070,2627050671,12011,601
29208.167145,2627054101,2627054691,12068,590
29208.179161,2627058079,2627058667,12092,588
29208.191183,2627061937,2627062525,11822,588
29208.203213,2627065943,2627066517,11967,574
29208.215226,2627069865,2627070454,9244,589
29208.227247,2627073587,2627074175,8850,588
29208.239282,2627077538,2627078134,12072,596
29208.251298,2627081469,2627082060,12079,591
29208.263316,2627085236,2627085829,8880,593
29208.275351,2627089183,2627089773,12073,590
29208.285860,2627092455,2627093049,8873,594
29208.297898,2627096218,2627096793,9227,575
29208.309913,2627100001,2627100440,7377,439
29208.321929,2627103619,2627104215,11966,596
29208.333965,2627107417,2627107991,9238,574
29208.345979,2627111181,2627111774,9233,593
29208.357995,2627114932,2627115519,8847,587
29208.370028,2627118736,2627119332,9248,596
29208.382048,2627122537,2627123132,9247,595
29208.394069,2627126419,2627127008,11988,589
29208.406102,2627130205,2627130779,9187,574
29208.418114,2627134227,2627134821,12060,594
29208.430133,2627137991,2627138584,8793,593
29208.442167,2627141886,2627142461,11977,575
29208.454188,2627145804,2627146395,12071,591
29208.466200,2627149598,2627150192,8950,594
29208.482742,2627154737,2627155332,9162,595
29208.494763,2627158577,2627159172,9279,595
29208.506780,2627162341,2627162934,8880,593
29208.518817,2627166124,2627166700,9256,576
29208.530828,2627169913,2627170507,9264,594
29208.542853,2627173824,2627174417,11836,593
29208.554883,2627177762,2627178357,12123,595
29208.566895,2627181550,2627182138,9230,588
29208.578913,2627185291,2627185879,8847,588
29208.590951,2627189079,2627189654,9220,575
29208.602964,2627192870,2627193469,9225,599
29208.614985,2627196623,2627197217,8880,594
29208.627022,2627200426,2627201006,9217,580
29208.639037,2627204267,2627204863,9242,596
29208.651061,2627208182,2627208768,11841,586
29208.663087,2627212220,2627212816,12068,596
29208.675104,2627216201,2627216795,12081,594
29208.687126,2627220156,2627220739,11818,583
29208.699156,2627224061,2627224636,11968,575
29208.711171,2627227942,2627228515,12101,573
29208.723189,2627231675,2627232268,8873,593
29208.735222,2627235579,2627236180,12089,601
29208.747240,2627239495,2627240094,12058,599
29208.759263,2627243384,2627243972,11842,588
29208.771295,2627247229,2627247819,12109,590
29208.783311,2627251027,2627251611,9250,584
29208.795335,2627254908,2627255496,11844,588
29208.807362,2627258844,2627259419,11940,575
29208.817871,2627262134,2627262731,8842,597
29208.829907,2627265937,2627266517,9207,580
29208.841921,2627269729,2627270324,12020,595
29208.853945,2627273526,2627274111,12029,585
29208.865977,2627277326,2627277901,9209,575
29208.877994,2627281118,2627281693,9230,575
29208.890007,2627284844,2627285432,8788,588
29208.914058,2627292208,2627292807,9158,599
29208.926079,2627296064,2627296657,11834,593
29208.938110,2627299934,2627300509,11960,575
29208.950131,2627303717,2627304306,9263,589
29208.962146,2627307462,2627308049,8887,587
29208.974184,2627311256,2627311832,9233,576
29208.986197,2627315048,2627315639,9243,591
29208.998216,2627318796,2627319385,8870,589
29209.010254,2627322561,2627323135,9217,574
29209.022268,2627326325,2627326926,9264,601
29209.034283,2627330106,2627330698,8889,592
29209.046314,2627333906,2627334502,9179,596
29209.058331,2627337847,2627338443,12016,596
29209.070355,2627341757,2627342347,11987,590
29209.082384,2627345526,2627346117,9218,591
29209.094404,2627349363,2627349954,9224,591
29209.106420,2627353128,2627353720,8833,592
29209.118451,2627356913,2627357492,9195,579
29209.130472,2627360720,2627361311,9243,591
29209.142491,2627364634,2627365223,11843,589
29209.154520,2627368565,2627369140,11960,575
29209.166540,2627372356,2627372940,9230,584
29209.178559,2627376264,2627376858,11846,594
29209.190592,2627380060,2627380648,9239,588
29209.202608,2627383856,2627384452,9259,596
29209.214627,2627387620,2627388213,8920,593
29209.226660,2627391380,2627391981,9232,601
29209.238678,2627395206,2627395802,9265,596
29209.250694,2627398960,2627399551,8860,591
29209.262726,2627402749,2627403344,9272,595
29209.274745,2627406715,2627407304,12057,589
29209.286764,2627410589,2627411181,11798,592
29209.298796,2627414384,2627414977,9230,593
29209.310810,2627418179,2627418772,9189,593
29209.322831,2627421941,2627422534,8882,593
29209.334866,2627425750,2627426345,9246,595
29209.346881,2627429556,2627430157,9246,601
29209.358904,2627433483,2627434076,11839,593
29209.370933,2627437412,2627438003,12120,591
29209.382947,2627441193,2627441781,9201,588
29209.394968,2627444941,2627445535,8834,594
29209.407005,2627448721,2627449296,9244,575
29209.419019,2627452604,2627453198,12078,594
29209.431040,2627456513,2627457106,11836,593
29209.443070,2627460473,2627461074,9240,601
29209.455087,2627464404,2627465000,9237,596
29209.467109,2627468402,2627468999,11837,597
29209.479138,2627472390,2627472965,11942,575
29209.491154,2627476302,2627476896,12054,594
29209.503179,2627480197,2627480789,11839,592
29209.515207,2627484019,2627484614,12084,595
29209.527225,2627487940,2627488529,12084,589
29209.539246,2627491819,2627492413,11837,594
29209.551276,2627495732,2627496328,12139,596
29209.563291,2627499648,2627500242,12053,594
29209.575316,2627503575,2627504168,11819,593
29209.587347,2627507502,2627508098,12083,596
29209.597855,2627510822,2627511415,8861,593
29209.609892,2627514583,2627515158,9227,575
29209.621910,2627518383,2627518829,7381,446
29209.633924,2627521986,2627522578,8872,592
29209.645960,2627525795,2627526370,9215,575
29209.657972,2627529600,2627530190,12021,590
29209.669995,2627533364,2627533959,11979,595
29209.682027,2627537132,2627537692,9200,560
29209.694041,2627540912,2627541506,9185,594
29209.706062,2627544657,2627545250,8900,593
29209.718100,2627548429,2627549004,9222,575
29209.730114,2627552229,2627552830,9188,601
29209.742129,2627556004,2627556597,8865,593
29209.754161,2627559881,2627560455,11962,574
29209.766181,2627563672,2627564256,9243,584
29209.778199,2627567398,2627567991,8836,593
29209.790237,2627571197,2627571771,9254,574
29209.802251,2627574969,2627575565,9268,596
29209.814266,2627578726,2627579314,8855,588
29209.826304,2627582475,2627583050,9269,575
29209.838318,2627586261,2627586852,9238,591
29209.850334,2627590005,2627590597,8843,592
29209.862367,2627593799,2627594390,9198,591
29209.874383,2627597761,2627598351,12019,590
29209.886407,2627601648,2627602244,11988,596
29209.898436,2627605432,2627606022,9207,590
29209.910454,2627609215,2627609809,9235,594
29209.922471,2627612972,2627613565,8864,593
29209.934510,2627616756,2627617332,9230,576
29209.946524,2627620558,2627621154,9290,596
29209.958542,2627624330,2627624918,8894,588
29209.970573,2627628253,2627628828,11978,575
29209.982594,2627632032,2627632626,9241,594
29210.014150,2627641668,2627642257,9157,589
29210.026170,2627645411,2627645984,8863,573
29210.038208,2627649172,2627649746,9201,574
29210.050223,2627653099,2627653687,9256,588
29210.062238,2627656862,2627657445,8834,583
29210.074271,2627660724,2627661299,11992,575
29210.086292,2627664639,2627665235,12078,596
29210.098305,2627668403,2627668997,8828,594
29210.110341,2627672203,2627672778,9209,575
29210.122358,2627676003,2627676593,9226,590
29210.134376,2627679749,2627680343,8869,594
29210.146411,2627683545,2627684125,9142,580
29210.158428,2627687368,2627687957,9275,589
29210.170447,2627691247,2627691842,11988,595
29210.238075,2627711699,2627712272,11813,573
29210.250108,2627715558,2627716137,9211,579
29210.262126,2627719355,2627719950,9254,595
29210.274143,2627723271,2627723869,11826,598
29210.286174,2627727186,2627727761,11963,575
29210.298195,2627730978,2627731568,9280,590
29210.310209,2627734730,2627735328,8792,598
29210.322247,2627738512,2627739086,9218,574
29210.334261,2627742291,2627742893,9235,602
29210.346279,2627746070,2627746664,8883,594
29210.358314,2627749874,2627750449,9155,575
29210.370332,2627753808,2627754403,12068,595
29210.382346,2627757549,2627758130,8873,581
29210.394382,2627761333,2627761908,9177,575
29210.406398,2627765121,2627765722,9252,601
29210.418416,2627768874,2627769462,8870,588
29210.430451,2627772669,2627773228,9223,559
29210.442468,2627776448,2627777038,9276,590
29210.454486,2627780502,2627781092,11986,590
29210.466518,2627784284,2627784857,9201,573
29210.478535,2627788096,2627788692,9250,596
29210.490554,2627792024,2627792623,11839,599
29210.502583,2627795955,2627796530,11980,575
29210.514604,2627799750,2627800340,9275,590
29210.526622,2627803479,2627804073,8860,594
29210.538656,2627807261,2627807862,9217,601
29210.550672,2627811083,2627811679,9289,596
29210.562689,2627814843,2627815410,8871,567
29210.574727,2627818609,2627819189,9204,580
29210.586742,2627822549,2627823145,12111,596
29210.598759,2627826310,2627826897,8901,587
29210.610794,2627830091,2627830665,9216,574
29210.622809,2627833875,2627834466,9246,591
29210.654370,2627843439,2627844030,9229,591
29210.666386,2627847201,2627847797,8883,596
29210.678419,2627851008,2627851596,9215,588
29210.690438,2627854829,2627855425,9232,596
29210.702459,2627858745,2627859341,11984,596
29210.714492,2627862529,2627863104,9196,575
29210.726509,2627866326,2627866917,9264,591
29210.738523,2627870085,2627870678,8874,593
29210.750561,2627873860,2627874441,9195,581
29210.762576,2627877670,2627878271,9303,601
29210.774594,2627881472,2627882065,8902,593
29210.786623,2627885410,2627886000,12070,590
29210.798644,2627889222,2627889811,9267,589
29210.810664,2627893155,2627893749,11847,594
29210.822697,2627896954,2627897529,9204,575
29210.834714,2627900732,2627901328,9293,596
29210.846729,2627904493,2627905087,8898,594
29210.858763,2627908271,2627908867,9212,596
29210.870780,2627912091,2627912681,9252,590
29210.882800,2627915829,2627916420,8862,591
29210.894831,2627919617,2627920218,9169,601
29210.906849,2627923550,2627924144,12094,594
29210.918870,2627927461,2627928056,11982,595
29210.930897,2627931260,2627931851,9193,591
29210.942915,2627935066,2627935655,9224,589
29210.954933,2627938818,2627939411,8880,593
29210.966967,2627942596,2627943198,9208,602
29210.978985,2627946439,2627947035,9282,596
29210.991004,2627950232,2627950820,8820,588
29211.003036,2627954174,2627954749,11932,575
29211.015055,2627958159,2627958741,12091,582
29211.027075,2627962138,2627962732,11852,594
29211.039106,2627966157,2627966753,12072,596
29211.051121,2627970211,2627970810,12059,599
29211.063146,2627974144,2627974738,11862,594
29211.075175,2627978056,2627978630,9219,574
29211.087192,2627981989,2627982579,9223,590
29211.099214,2627985869,2627986461,11837,592
29211.111242,2627989830,2627990426,12073,596
29211.123260,2627993740,2627994329,12091,589
29211.135283,2627997648,2627998244,12012,596
29211.147313,2628001548,2628002139,12125,591
29211.159326,2628005543,2628006136,12050,593
29211.171354,2628009448,2628010044,12018,596
29211.263024,2628037271,2628037860,12022,589
29211.275050,2628041365,2628041964,11844,599
29211.287078,2628045349,2628045945,9251,596
29211.299094,2628049389,2628049982,12082,593
29211.311116,2628053397,2628053996,11836,599
29211.323144,2628057471,2628058067,12070,596
29211.335161,2628061440,2628062029,12064,589
29211.347186,2628065326,2628065920,11820,594
29211.359217,2628069212,2628069809,12087,597
29211.371233,2628073184,2628073785,12043,601
29211.383254,2628077078,2628077667,11843,589
29211.395285,2628081007,2628081598,12088,591
29211.407298,2628084799,2628085388,9259,589
29211.419322,2628088696,2628089292,12046,596
29211.431354,2628092590,2628093178,12112,588
29211.441862,2628095896,2628096489,8872,593
29211.453899,2628099654,2628100229,9224,575
29211.465911,2628103431,2628104023,9218,592
29211.477931,2628107419,2628108013,11834,594
29211.489964,2628111217,2628111791,11980,574
29211.501985,2628115020,2628115616,12074,596
29211.513998,2628118796,2628119379,8836,583
29211.526034,2628122592,2628123168,9161,576
29211.538048,2628126377,2628126971,9174,594
29211.550068,2628130141,2628130734,8821,593
29211.562106,2628133907,2628134482,9228,575
29211.574122,2628137713,2628138304,9240,591
29211.586142,2628141516,2628142112,8946,596
29211.598171,2628145303,2628145881,9221,578
29211.610188,2628149102,2628149681,9296,579
29211.622213,2628152847,2628153443,8974,596
29211.674813,2628168963,2628169559,12115,596
29211.686831,2628172780,2628173376,9282,596
29211.698850,2628176550,2628177148,8845,598
29211.710888,2628180348,2628180923,9233,575
29211.722900,2628184271,2628184865,12086,594
29211.734922,2628188191,2628188787,11991,596
29211.746954,2628191988,2628192579,9273,591
29211.758967,2628195776,2628196370,9261,594
29211.770985,2628199522,2628200116,8851,594
29211.783022,2628203447,2628204044,12088,597
29211.795036,2628207390,2628207984,12056,594
29211.807053,2628211249,2628211822,8845,573
29211.819089,2628215099,2628215674,9204,575
29211.831104,2628219092,2628219678,12052,586
29211.843129,2628222993,2628223587,11840,594
29211.855159,2628226976,2628227551,11966,575
29211.867175,2628230885,2628231479,12081,594
29211.879196,2628234775,2628235364,11841,589
29211.891226,2628238588,2628239163,9217,575
29211.903242,2628242373,2628242969,9260,596
29211.915266,2628246263,2628246849,11835,586
29211.927293,2628250168,2628250759,12087,591
29211.939308,2628254063,2628254657,12034,594
29211.951335,2628257984,2628258575,12016,591
29211.963364,2628261883,2628262458,11968,575
29211.973880,2628265202,2628265639,7522,437
29211.985912,2628268868,2628269299,7438,431
29211.997926,2628272523,2628273116,9250,593
29212.009944,2628276270,2628276859,8820,589
29212.021978,2628280114,2628280689,11964,575
29212.033992,2628283868,2628284467,9180,599
29212.046010,2628287622,2628288211,8824,589
29212.058048,2628291378,2628291959,9208,581
29212.070063,2628295179,2628295775,9246,596
29212.082081,2628298965,2628299563,8821,598
29212.094116,2628302781,2628303340,9191,559
29212.106129,2628306648,2628307244,12018,596
29212.118151,2628310536,2628311126,12000,590
29212.130183,2628314324,2628314899,9194,575
29212.142200,2628318136,2628318737,9277,601
29212.154218,2628321906,2628322491,8865,585
29212.166251,2628325675,2628326271,9176,596
29212.178270,2628329513,2628330109,9255,596
29212.190284,2628333323,2628333917,8847,594
29212.202322,2628337094,2628337670,9218,576
29212.214334,2628340870,2628341472,9228,602
29212.226354,2628344653,2628345240,8864,587
29212.236879,2628348008,2628348604,12049,596
29212.286472,2628363117,2628363713,9276,596
29212.298490,2628366888,2628367481,8894,593
29212.310522,2628370680,2628371271,9197,591
29212.322538,2628374607,2628375196,12065,589
29212.334561,2628378530,2628379126,11977,596
29212.346589,2628382305,2628382896,9252,591
29212.358611,2628386124,2628386715,9281,591
29212.370629,2628389872,2628390463,8860,591
29212.382662,2628393635,2628394232,9208,597
29212.394681,2628397455,2628398051,9262,596
29212.406695,2628401250,2628401844,8905,594
29212.418727,2628405038,2628405639,9204,601
29212.430745,2628408834,2628409441,9275,607
29212.442766,2628412603,2628413192,8880,589
29212.454801,2628416395,2628416991,9221,596
29212.466816,2628420198,2628420788,9233,590
29212.478833,2628423940,2628424523,8862,583
29212.490866,2628427702,2628428293,9178,591
29212.502883,2628431539,2628432135,9281,596
29212.514901,2628435305,2628435903,8900,598
29212.526934,2628439110,2628439706,9191,596
29212.538952,2628443062,2628443651,12096,589
29212.550974,2628446984,2628447575,12017,591
29212.563001,2628450766,2628451357,9198,591
29212.575019,2628454564,2628455153,9268,589
29212.587044,2628458557,2628459151,11839,594
29212.599074,2628462550,2628463152,12125,602
29212.611089,2628466569,2628467158,12082,589
29212.623107,2628470402,2628470996,8886,594
29212.635142,2628474194,2628474770,9207,576
29212.647158,2628478210,2628478792,12082,582
29212.659179,2628482083,2628482671,11841,588
29212.671209,2628485988,2628486564,11968,576
29212.683222,2628489888,2628490476,12035,588
29212.695250,2628493767,2628494361,11852,594
29212.707279,2628497595,2628498190,9194,595
29212.719296,2628501429,2628502031,9237,602
29212.731320,2628505330,2628505923,11834,593
29212.743346,2628509268,2628509843,11944,575
29212.753857,2628512572,2628513161,8851,589
29212.765888,2628516339,2628516939,9188,600
29212.777906,2628520106,2628520706,9179,600
29212.789927,2628523894,2628524488,8885,594
29212.801962,2628527673,2628528249,9234,576
29212.813979,2628531481,2628532085,9267,604
29212.825994,2628535272,2628535861,8864,589
29212.838029,2628539081,2628539657,11964,576
29212.850047,2628542926,2628543522,12071,596
29212.862063,2628546716,2628547310,8858,594
29212.874101,2628550471,2628551047,9171,576
29212.886116,2628554270,2628554860,9225,590
29212.898131,2628558006,2628558604,8862,598
29212.910167,2628561824,2628562399,9177,575
29212.922180,2628565750,2628566351,12021,601
29212.934204,2628569674,2628570275,11974,601
29212.946236,2628573485,2628574061,9185,576
29212.958253,2628577283,2628577879,9221,596
29212.970268,2628581050,2628581643,8857,593
29212.982302,2628584828,2628585424,9229,596
29213.030383,2628599628,2628600220,12010,592
29213.042406,2628603398,2628603997,8898,599
29213.054440,2628607237,2628607812,9215,575
29213.066455,2628611145,2628611740,12052,595
29213.078473,2628614879,2628615472,8917,593
29213.090511,2628618647,2628619207,9228,560
29213.102525,2628622428,2628623019,9263,591
29213.114553,2628626243,2628626844,8931,601
29213.126577,2628630253,2628630854,12082,601
29213.138595,2628634286,2628634892,12023,606
29213.150623,2628638325,2628638921,12041,596
29213.162646,2628642196,2628642797,9226,601
29213.174664,2628646084,2628646680,8979,596
29213.186678,2628649888,2628650477,8833,589
29213.198714,2628653692,2628654268,9208,576
29213.210731,2628657482,2628658078,9284,596
29213.222749,2628661268,2628661856,8884,588
29213.234781,2628665054,2628665650,9229,596
29213.246801,2628668888,2628669482,9278,594
29213.258815,2628672639,2628673238,8875,599
29213.270848,2628676584,2628677144,11983,560
29213.282863,2628680342,2628680942,9276,600
29213.294885,2628684094,2628684688,8899,594
29213.306920,2628687908,2628688504,9236,596
29213.318937,2628691732,2628692322,9273,590
29213.330951,2628695488,2628696087,8847,599
29213.342987,2628699328,2628699919,9226,591
29213.355003,2628703276,2628703869,12066,593
29213.367026,2628707245,2628707840,12006,595
29213.379057,2628711214,2628711790,11982,576
29213.391073,2628715201,2628715789,12079,588
29213.403094,2628719183,2628719771,11838,588
29213.415123,2628723162,2628723752,12069,590
29213.427138,2628727171,2628727766,12046,595
29213.439157,2628731043,2628731636,8884,593
29213.451192,2628734810,2628735411,9266,601
29213.463208,2628738733,2628739329,12054,596
29213.475235,2628742619,2628743197,11812,578
29213.487262,2628746512,2628747088,11942,576
29213.499278,2628750400,2628751000,12083,600
29213.511300,2628754282,2628754876,11836,594
29213.523330,2628758105,2628758686,9215,581
29213.533848,2628761451,2628761897,7607,446
29213.545875,2628765108,2628765682,9203,574
29213.557890,2628768873,2628769469,9265,596
29213.569910,2628772666,2628773265,8827,599
29213.581942,2628776467,2628777063,9173,596
29213.593962,2628780312,2628780907,9276,595
29213.605977,2628784081,2628784675,8820,594
29213.618013,2628787859,2628788435,9211,576
29213.630027,2628791643,2628792240,9170,597
29213.642047,2628795418,2628796011,8836,593
29213.654082,2628799332,2628799907,11962,575
29213.666096,2628803209,2628803804,12059,595
29213.678114,2628806979,2628807567,8870,588
29213.690150,2628810776,2628811351,9225,575
29213.702166,2628814574,2628815165,9265,591
29213.714185,2628818327,2628818920,8823,593
29213.726220,2628822138,2628822714,9267,576
29213.738233,2628826082,2628826673,12015,591
29213.750255,2628829986,2628830582,11987,596
29213.762286,2628833784,2628834359,9233,575
29213.774301,2628837559,2628838160,9270,601
29213.786322,2628841309,2628841903,8886,594
29213.798355,2628845087,2628845689,9251,602
29213.810373,2628848900,2628849496,9241,596
29213.822389,2628852629,2628853223,8868,594
29213.834425,2628856425,2628857000,9186,575
29213.846440,2628860226,2628860824,9274,598
29213.858458,2628863988,2628864587,8880,599
29213.870491,2628867953,2628868550,12066,597
29213.894523,2628875425,2628876024,8910,599
29213.906560,2628879215,2628879791,9204,576
29213.918577,2628883030,2628883626,9241,596
29213.930596,2628886803,2628887402,8873,599
29213.942631,2628890614,2628891190,9210,576
29213.954643,2628894545,2628895139,12080,594
29213.966667,2628898466,2628899062,11976,596
29213.978698,2628902252,2628902827,9207,575
29214.122972,2628941555,2628942150,9245,595
29214.134988,2628945384,2628945975,9292,591
29214.147003,2628949170,2628949768,8881,598
29214.159040,2628953140,2628953715,11968,575
29214.171053,2628957114,2628957713,12035,599
29214.183078,2628961110,2628961706,12010,596
29214.195109,2628965149,2628965739,12090,590
29214.207125,2628969190,2628969784,12082,594
29214.219147,2628973076,2628973670,11816,594
29214.231177,2628977111,2628977687,11970,576
29214.243192,2628981051,2628981645,12102,594
29214.255209,2628984834,2628985428,8881,594
29214.267245,2628988596,2628989171,9207,575
29214.279261,2628992501,2628993092,12059,591
29214.291286,2628996424,2628997017,11836,593
29214.303314,2629000377,2629000952,11971,575
29214.315330,2629004236,2629004836,12078,600
29214.327352,2629008149,2629008743,11857,594
29214.337877,2629011532,2629011978,7326,446
29214.349900,2629015225,2629015672,7589,447
29214.361927,2629018853,2629019428,9183,575
29214.373941,2629022598,2629023194,9266,596
29214.385962,2629026398,2629026992,8829,594
29214.397995,2629030171,2629030762,9213,591
29214.410014,2629033983,2629034563,9247,580
29214.422028,2629037687,2629038276,8870,589
29214.434064,2629041482,2629042057,9192,575
29214.446081,2629045279,2629045874,9226,595
29214.458100,2629049058,2629049647,8870,589
29214.470134,2629052947,2629053523,11978,576
29214.482151,2629056862,2629057458,12064,596
29214.494166,2629060632,2629061221,8806,589
29214.506203,2629064418,2629064994,9202,576
29214.518216,2629068203,2629068799,9288,596
29214.530237,2629071996,2629072584,8825,588
29214.542271,2629075790,2629076366,9153,576
29214.554285,2629079732,2629080318,12025,586
29214.566305,2629083636,2629084227,11955,591
29214.578338,2629087426,2629088001,9202,575
29214.590352,2629091196,2629091790,9209,594
29214.602372,2629094952,2629095551,8852,599
29214.614405,2629098765,2629099366,9225,601
29214.626425,2629102596,2629103187,9269,591
29214.694050,2629123013,2629123608,9225,595
29214.706070,2629126807,2629127385,8834,578
29214.718109,2629130582,2629131163,9266,581
29214.730123,2629134364,2629134965,9271,601
29214.742140,2629138418,2629139011,11801,593
29214.754170,2629142313,2629142890,11955,577
29214.766189,2629146236,2629146837,12071,601
29214.778208,2629149990,2629150578,8867,588
29214.790243,2629153771,2629154346,9186,575
29214.802260,2629157550,2629158146,9259,596
29214.814275,2629161327,2629161921,8839,594
29214.826312,2629165136,2629165712,9207,576
29214.838324,2629168919,2629169513,9184,594
29214.850344,2629172707,2629173306,8842,599
29214.862383,2629176494,2629177069,9214,575
29214.874395,2629180285,2629180880,9195,595
29214.886413,2629184186,2629184774,11824,588
29214.898444,2629188141,2629188738,12079,597
29214.910466,2629191986,2629192576,9274,590
29214.922480,2629195741,2629196340,8868,599
29214.934518,2629199518,2629200093,9221,575
29214.946533,2629203314,2629203910,9287,596
29214.958550,2629207109,2629207703,8869,594
29214.970584,2629210999,2629211600,12125,601
29214.982602,2629214968,2629215569,12059,601
29214.994617,2629218752,2629219340,8881,588
29215.006649,2629222549,2629223145,9179,596
29215.018669,2629226384,2629226974,9245,590
29215.030687,2629230145,2629230744,8888,599
29215.042721,2629233925,2629234522,9216,597
29215.054739,2629237753,2629238328,9249,575
29215.066754,2629241473,2629242072,8892,599
29215.078787,2629245275,2629245867,9211,592
29215.090803,2629249081,2629249674,9214,593
29215.102828,2629252995,2629253589,11844,594
29215.114854,2629256946,2629257543,12090,597
29215.126876,2629260931,2629261527,12046,596
29215.138892,2629264686,2629265285,8877,599
29215.150929,2629268468,2629269027,9202,559
29215.162942,2629272243,2629272843,9255,600
29215.174958,2629276010,2629276604,8899,594
29215.186994,2629279961,2629280537,11944,576
29215.199010,2629283888,2629284488,12055,600
29215.211034,2629287812,2629288405,11842,593
29215.223062,2629291810,2629292406,12102,596
29215.235080,2629295838,2629296438,12089,600
29215.247101,2629299829,2629300427,11823,598
29215.259129,2629303802,2629304399,12070,597
29215.271145,2629307616,2629308211,9219,595
29215.283168,2629311418,2629312019,8897,601
29215.295200,2629315411,2629315994,12109,583
29215.307215,2629319345,2629319939,12054,594
29215.319240,2629323239,2629323828,11845,589
29215.331269,2629327141,2629327736,12081,595
29215.343285,2629331068,2629331663,12082,595
29215.355307,2629335196,2629335785,11833,589
29215.367336,2629339006,2629339606,9200,600
29215.377849,2629342334,2629342921,8870,587
29215.389884,2629346146,2629346706,9186,560
29215.401898,2629349898,2629350498,9201,600
29215.413915,2629353713,2629354312,8822,599
29215.425950,2629357514,2629358095,9192,581
29215.437967,2629361328,2629361924,9270,596
29215.449985,2629365115,2629365709,8822,594
29215.462020,2629368917,2629369491,9212,574
29215.474034,2629372712,2629373312,9181,600
29215.486054,2629376532,2629377131,11827,599
29215.498084,2629380408,2629381005,12068,597
29215.510102,2629384227,2629384817,9209,590
29215.522120,2629388002,2629388596,8823,594
29215.534156,2629391802,2629392378,9228,576
29215.546170,2629395585,2629396185,9209,600
29215.558190,2629399641,2629400235,11828,594
29215.570223,2629403573,2629404149,11973,576
29215.582244,2629407477,2629408073,12075,596
29215.594257,2629411242,2629411824,8865,582
29215.606294,2629415043,2629415603,9184,560
29215.618311,2629418825,2629419414,9233,589
29215.661894,2629432065,2629432510,7528,445
29215.755075,2629458798,2629459397,9265,599
29215.767092,2629462726,2629463323,9276,597
29215.779115,2629466707,2629467306,11872,599
29215.791142,2629470763,2629471339,11941,576
29215.803160,2629474661,2629475255,12084,594
29215.815180,2629478581,2629479183,12009,602
29215.827210,2629482581,2629483171,12111,590
29215.839227,2629486499,2629487093,12056,594
29215.851253,2629490383,2629490972,11843,589
29215.863283,2629494264,2629494866,12117,602
29215.875297,2629498210,2629498805,12080,595
29215.887315,2629501989,2629502578,8894,589
29215.899350,2629505817,2629506419,9234,602
29215.909859,2629509155,2629509744,8872,589
29215.921894,2629512967,2629513543,9218,576
29215.933908,2629516738,2629517334,9247,596
29215.945929,2629520542,2629521137,8824,595
29215.957966,2629524319,2629524900,9258,581
29215.969981,2629528161,2629528757,9225,596
29215.982001,2629532011,2629532608,11979,597
29215.994032,2629535805,2629536380,9204,575
29216.006048,2629539625,2629540216,9276,591
29216.018064,2629543404,2629544003,8875,599
29216.030098,2629547195,2629547792,9204,597
29216.042117,2629551016,2629551611,9243,595
29216.054133,2629554789,2629555383,8877,594
29216.066172,2629558571,2629559147,9174,576
29216.078187,2629562381,2629562976,9291,595
29216.090201,2629566149,2629566743,8823,594
29216.102234,2629570071,2629570631,11971,560
29216.114256,2629573973,2629574569,12069,596
29216.126269,2629577749,2629578343,8798,594
29216.138307,2629581537,2629582113,9204,576
29216.150323,2629585351,2629585948,9261,597
29216.162340,2629589126,2629589731,8811,605
29216.174375,2629592940,2629593521,9220,581
29216.186389,2629596884,2629597480,12021,596
29216.198410,2629600838,2629601427,11972,589
29216.210442,2629604653,2629605228,9196,575
29216.222460,2629608457,2629609053,9298,596
29216.234477,2629612235,2629612830,8862,595
29216.246509,2629616028,2629616623,9166,595
29216.258526,2629619836,2629620436,9192,600
29216.270544,2629623612,2629624200,8915,588
29216.282577,2629627377,2629627979,9226,602
29216.294593,2629631408,2629632003,11986,595
29216.304332,2629634956,2629635547,12090,591
29216.366733,2629654214,2629654816,12008,602
29216.378762,2629658087,2629658689,8905,602
29216.390786,2629661930,2629662527,9220,597
29216.402804,2629665914,2629666504,12013,590
29216.414831,2629669897,2629670498,12040,601
29216.426852,2629673738,2629674334,9234,596
29216.438871,2629677573,2629678170,8922,597
29216.450897,2629681407,2629682008,8967,601
29216.462921,2629685247,2629685849,9236,602
29216.474939,2629689106,2629689708,8983,602
29216.486966,2629692951,2629693553,8918,602
29216.498990,2629696794,2629697385,9265,591
29216.511007,2629700662,2629701262,8998,600
29216.523035,2629704651,2629705248,12038,597
29216.535061,2629708644,2629709246,12084,602
29216.547077,2629712755,2629713350,12005,595
29216.559105,2629716844,2629717441,12042,597
29216.571128,2629720890,2629721487,12070,597
29216.583146,2629725045,2629725642,12014,597
29216.595171,2629729032,2629729623,12084,591
29216.607193,2629733003,2629733599,12073,596
29216.619212,2629736969,2629737566,12014,597
29216.670316,2629752934,2629753531,12080,597
29216.682335,2629756787,2629757384,8998,597
29216.694360,2629760628,2629761218,8938,590
29216.706385,2629764453,2629765050,9233,597
29216.718399,2629768445,2629769041,11981,596
29216.730430,2629772411,2629773008,12033,597
29216.742452,2629776259,2629776850,9253,591
29216.754470,2629780104,2629780701,8939,597
29216.766497,2629783956,2629784563,8913,607
29216.778523,2629787822,2629788424,9243,602
29216.790541,2629791684,2629792275,8980,591
29216.802566,2629795632,2629796228,8934,596
29216.814590,2629799618,2629800214,12095,596
29216.831114,2629804975,2629805577,11987,602
29216.843145,2629809025,2629809615,12038,590
29216.855166,2629812914,2629813511,9207,597
29216.867187,2629816917,2629817514,12011,597
29216.879214,2629820873,2629821475,12051,602
29216.891237,2629824866,2629825462,12074,596
29216.901756,2629828372,2629828969,12041,597
29216.913779,2629832349,2629832946,12101,597
29216.927304,2629836799,2629837399,12069,600
29216.939324,2629840795,2629841391,12012,596
29216.951352,2629844778,2629845375,12042,597
29216.961868,2629848169,2629848761,8997,592
29216.973894,2629852024,2629852620,8929,596
29216.985918,2629856078,2629856675,9224,597
29216.997935,2629859991,2629860588,8966,597
29217.009961,2629863856,2629864446,8935,590
29217.021986,2629867691,2629868293,9227,602
29217.034004,2629871525,2629872122,8957,597
29217.046030,2629875371,2629875978,8951,607
29217.058054,2629879218,2629879820,9200,602
29217.070072,2629883080,2629883682,8954,602
29217.082098,2629886931,2629887533,8863,602
29217.094123,2629890789,2629891389,9231,600
29217.106140,2629894646,2629895242,8986,596
29217.118166,2629898608,2629899205,12041,597
29217.130190,2629902589,2629903191,12102,602
29217.142209,2629906437,2629907034,8965,597
29217.154235,2629910290,2629910892,8950,602
29217.166260,2629914139,2629914736,9256,597
29217.176779,2629917537,2629918142,12040,605
29217.194815,2629923377,2629923974,12072,597
29217.206835,2629927218,2629927819,9217,601
29217.218853,2629931085,2629931681,8932,596
29217.230882,2629935073,2629935669,12036,596
29217.242904,2629938918,2629939512,9211,594
29217.254922,2629942746,2629943343,8992,597
29217.266949,2629946580,2629947176,8893,596
29217.278974,2629950586,2629951188,12099,602
29217.290991,2629954433,2629955030,8982,597
29217.303018,2629958284,2629958886,8933,602
29217.315042,2629962187,2629962784,9225,597
29217.327060,2629966214,2629966814,12012,600
29217.339088,2629970277,2629970879,12037,602
29217.351111,2629974367,2629974962,12069,595
29217.363129,2629978413,2629979014,12002,601
29217.375158,2629982410,2629983011,12042,601
29217.387178,2629986260,2629986861,9259,601
29217.399197,2629990261,2629990858,12015,597
29217.411224,2629994237,2629994839,12038,602
29217.423246,2629998233,2629998835,12069,602
29217.435264,2630002204,2630002801,12014,597
29217.447292,2630006253,2630006855,12042,602
29217.471332,2630013802,2630014399,8936,597
29217.481859,2630017183,2630017785,9243,602
29217.499893,2630022886,2630023481,9241,595
29217.541974,2630036014,2630036610,8983,596
29217.553998,2630039866,2630040468,9246,602
29217.566015,2630043717,2630044314,8955,597
29217.578041,2630047573,2630048171,8947,598
29217.590065,2630051444,2630052039,12080,595
29217.602085,2630055308,2630055910,8931,602
29217.614111,2630059172,2630059774,8932,602
29217.626135,2630063135,2630063729,12083,594
29217.638154,2630066962,2630067559,8993,597
29217.650180,2630070814,2630071416,8931,602
29217.662203,2630074705,2630075307,9226,602
29217.674222,2630078538,2630079135,8973,597
29217.686246,2630082363,2630082960,8907,597
29217.726826,2630095164,2630095764,12059,600
29217.738847,2630098995,2630099597,9234,602
29217.750868,2630102991,2630103593,12012,602
29217.762894,2630106976,2630107578,12037,602
29217.774915,2630110818,2630111420,9213,602
29217.786934,2630114655,2630115252,8965,597
29217.798961,2630118811,2630119408,12031,597
29217.810982,2630122633,2630123235,9253,602
29217.823004,2630126621,2630127223,12019,602
29217.835027,2630130556,2630131158,8966,602
29217.847053,2630134637,2630135234,12101,597
29217.859067,2630138747,2630139342,11978,595
29217.871097,2630142837,2630143439,12039,602
29217.883123,2630146920,2630147521,12088,601
29217.895139,2630150886,2630151488,12017,602
29217.907167,2630154908,2630155509,12036,601
29217.919189,2630158767,2630159363,9248,596
29217.931207,2630162606,2630163202,9000,596
29217.943235,2630166630,2630167225,12040,595
29217.955258,2630170475,2630171072,9205,597
29217.967276,2630174470,2630175067,12016,597
29217.979304,2630178446,2630179043,12036,597
29217.991327,2630182439,2630183041,12074,602
29218.003346,2630186508,2630187110,12012,602
29218.013873,2630189900,2630190502,9184,602
29218.025891,2630193765,2630194370,8882,605
29218.037918,2630197621,2630198201,8974,580
29218.049941,2630201491,2630202087,12094,596
29218.061960,2630205346,2630205943,8921,597
29218.073986,2630209179,2630209786,8939,607
29218.086011,2630213029,2630213631,9220,602
29218.098028,2630216876,2630217473,8968,597
29218.110055,2630220722,2630221323,8886,601
29218.122079,2630224592,2630225194,9211,602
29218.134100,2630228585,2630229192,12043,607
29218.146122,2630232628,2630233234,12044,606
29218.158146,2630236552,2630237154,8874,602
29218.170169,2630240450,2630241056,8963,606
29218.182192,2630244353,2630244960,8935,607
29218.194215,2630248265,2630248851,8946,586
29218.206233,2630252128,2630252730,8991,602
29218.218261,2630255981,2630256583,8921,602
29218.230285,2630259826,2630260427,9222,601
29218.242303,2630263685,2630264286,8976,601
29218.254329,2630267531,2630268133,8900,602
29218.266353,2630271386,2630271988,9226,602
29218.278371,2630275247,2630275849,8936,602
29218.290398,2630279101,2630279703,8916,602
29218.302422,2630282947,2630283549,9256,602
29218.314440,2630286805,2630287407,8976,602
29218.326466,2630290659,2630291264,8956,605
29218.338490,2630294504,2630295106,9218,602
29218.350507,2630298502,2630299104,12014,602
29218.362535,2630302502,2630303099,12084,597
29218.374557,2630306366,2630306963,9223,597
29218.386576,2630310218,2630310815,8988,597
29218.398603,2630314070,2630314677,8923,607
29218.410625,2630317939,2630318536,9213,597
29218.422643,2630321776,2630322378,8964,602
29218.434670,2630325637,2630326234,8980,597
29218.446694,2630329506,2630330108,9203,602
29218.458712,2630333358,2630333952,8989,594
29218.470738,2630337219,2630337821,8930,602
29218.482763,2630341058,2630341655,9218,597
29218.494780,2630344925,2630345522,8966,597
29218.506807,2630348774,2630349370,8952,596
29218.518830,2630352611,2630353208,9256,597
29218.530848,2630356480,2630357077,8942,597
29218.542874,2630360302,2630360901,8900,599
29218.554899,2630364153,2630364750,9198,597
29218.566918,2630368149,2630368746,12012,597
29218.578944,2630372125,2630372727,12038,602
29218.590965,2630375970,2630376567,9243,597
29218.602984,2630379822,2630380424,8990,602
29218.615012,2630383710,2630384317,8916,607
29218.627037,2630387597,2630388200,9217,603
29218.639055,2630391642,2630392234,12011,592
29218.651081,2630395583,2630396184,8956,601
29218.663106,2630399555,2630400157,9214,602
29218.675123,2630403578,2630404167,12023,589
29218.687153,2630407578,2630408175,12037,597
29218.699175,2630411628,2630412230,12072,602
29218.711192,2630415604,2630416201,12013,597
29218.723220,2630419585,2630420187,12057,602
29218.735241,2630423444,2630424046,9219,602
29218.747260,2630427296,2630427893,8977,597
29218.759289,2630431263,2630431863,12039,600
29218.771313,2630435215,2630435812,12088,597
29218.783330,2630439179,2630439781,12053,602
29218.795357,2630443156,2630443758,12037,602
29218.805874,2630446538,2630447134,8968,596
29218.817898,2630450369,2630450966,8918,597
29218.829924,2630454227,2630454824,9184,597
29218.841942,2630458074,2630458674,9005,600
29218.853968,2630461919,2630462515,8954,596
29218.865991,2630465790,2630466387,12084,597
29218.878007,2630469658,2630470254,11980,596
29218.890036,2630473510,2630474111,8935,601
29218.902061,2630477362,2630477959,9260,597
29218.914079,2630481203,2630481800,8897,597
29218.926105,2630485044,2630485650,8940,606
29218.938130,2630488887,2630489488,9243,601
29218.950144,2630492846,2630493443,11979,597
29218.962174,2630496808,2630497405,12040,597
29218.974196,2630500658,2630501255,9190,597
29218.986212,2630504654,2630505251,12033,597
29218.998242,2630508494,2630509091,8960,597
29219.010267,2630512330,2630512934,9264,604
29219.022283,2630516208,2630516804,8965,596
29219.034310,2630520063,2630520659,8929,596
29219.046335,2630523911,2630524513,9213,602
29219.058353,2630527755,2630528355,8975,600
29219.070379,2630531595,2630532197,8909,602
29219.082403,2630535596,2630536191,12085,595
29219.094421,2630539447,2630540049,9006,602
29219.106448,2630543295,2630543900,8968,605
29219.118472,2630547134,2630547731,9246,597
29219.130490,2630550976,2630551573,8976,597
29219.142516,2630554818,2630555419,8938,601
29219.154541,2630558671,2630559278,9256,607
29219.166558,2630562683,2630563285,12019,602
29219.178585,2630566683,2630567285,12041,602
29219.190608,2630570530,2630571127,9221,597
29219.202627,2630574386,2630574983,8937,597
29219.214653,2630578235,2630578832,8938,597
29219.226678,2630582102,2630582698,9231,596
29219.238697,2630585961,2630586563,8970,602
29219.250724,2630589813,2630590415,8928,602
29219.262748,2630593663,2630594265,9207,602
29219.274765,2630597506,2630598111,8942,605
29219.286790,2630601508,2630602099,12039,591
29219.298815,2630605490,2630606087,12064,597
29219.310832,2630609336,2630609928,8963,592
29219.322860,2630613197,2630613794,8933,597
29219.334882,2630617033,2630617630,9270,597
29219.346901,2630620903,2630621505,9005,602
29219.358928,2630624750,2630625356,8959,606
29219.370952,2630628618,2630629220,9242,602
29219.382972,2630632620,2630633212,12015,592
29219.394998,2630636601,2630637203,12039,602
29219.407019,2630640591,2630641187,12073,596
29219.419039,2630644603,2630645199,12012,596
29219.431065,2630648532,2630649124,8940,592
29219.443088,2630652621,2630653219,12081,598
29219.455108,2630656699,2630657291,12017,592
29219.467132,2630660574,2630661154,8916,580
29219.479156,2630664489,2630665096,9210,607
29219.491175,2630668517,2630669133,12013,616
29219.503202,2630672520,2630673122,12041,602
29219.515225,2630676503,2630677105,12079,602
29219.527244,2630680491,2630681093,12012,602
29219.539272,2630684485,2630685087,12040,602
29219.551293,2630688322,2630688919,9254,597
29219.563311,2630692174,2630692771,8986,597
29219.575339,2630696160,2630696754,12028,594
29219.585856,2630699549,2630700146,8953,597
29219.597883,2630703408,2630704009,8945,601
29219.609907,2630707256,2630707858,9188,602
29219.621921,2630711135,2630711725,11971,590
29219.642969,2630717757,2630718355,8898,598
29219.654992,2630721617,2630722219,9189,602
29219.667010,2630725486,2630726088,8945,602
29219.679036,2630729363,2630729965,8913,602
29219.691061,2630733433,2630734038,12072,605
29219.703080,2630737526,2630738123,12015,597
29219.715106,2630741560,2630742157,12039,597
29219.727128,2630745585,2630746187,12070,602
29219.739147,2630749573,2630750175,12013,602
29219.751173,2630753426,2630754028,8937,602
29219.763198,2630757265,2630757862,9211,597
29219.775217,2630761228,2630761823,12013,595
29219.787244,2630765225,2630765817,12040,592
29219.799266,2630769207,2630769809,12073,602
29219.811284,2630773178,2630773775,12015,597
29219.823310,2630777030,2630777627,8972,597
29219.835337,2630781015,2630781617,12084,602
29219.845860,2630784437,2630784882,7675,445
29219.857879,2630788145,2630788744,9272,599
29219.869895,2630792008,2630792599,8988,591
29219.920995,2630807969,2630808566,9219,597
29219.934521,2630813356,2630814060,9552,704
29219.946541,2630817812,2630818414,8978,602
29219.970591,2630825520,2630826127,12079,607
29219.987117,2630830912,2630831509,12005,597
29219.999147,2630834996,2630835598,12054,602
29220.011167,2630839074,2630839671,12073,597
29220.023185,2630842972,2630843564,8975,592
29220.035215,2630846987,2630847589,12038,602
29220.047236,2630851002,2630851598,9266,596
29220.059256,2630855066,2630855669,12011,603
29220.071282,2630859053,2630859649,12036,596
29220.083306,2630862913,2630863520,9234,607
29220.095324,2630866786,2630867388,8964,602
29220.107352,2630870757,2630871368,12038,611
29220.117870,2630874160,2630874757,8964,597
29220.129896,2630878003,2630878599,8959,596
29220.141921,2630881848,2630882444,9236,596
29220.153938,2630885709,2630886306,8952,597
29220.165963,2630889576,2630890173,12049,597
29220.177986,2630893443,2630894040,12090,597
29220.190007,2630897303,2630897890,8961,587
29220.202033,2630901140,2630901737,8955,597
29220.214057,2630904978,2630905580,9245,602
29220.226075,2630908830,2630909427,8976,597
29220.238099,2630912671,2630913268,8902,597
29220.259141,2630919448,2630920046,12081,598
29220.271157,2630923455,2630924057,12012,602
29220.283183,2630927316,2630927896,8895,580
29220.295208,2630931231,2630931833,9206,602
29220.307225,2630935183,2630935779,11900,596
29220.319248,2630939095,2630939669,11948,574
29220.331279,2630943023,2630943625,12075,602
29220.343292,2630946963,2630947566,11869,603
29220.355317,2630950868,2630951466,11843,598
29220.367348,2630954713,2630955289,9196,576
29220.377863,2630958054,2630958501,7608,447
29220.389889,2630961699,2630962273,9202,574
29220.401906,2630965476,2630966073,9254,597
29220.413928,2630969279,2630969851,8876,572
29220.425956,2630973063,2630973665,9221,602
29220.437975,2630976905,2630977502,9188,597
29220.450000,2630980736,2630981338,8922,602
29220.462029,2630984576,2630985151,9225,575
29220.474044,2630988356,2630988955,9237,599
29220.486067,2630992194,2630992768,8972,574
29220.498096,2630996100,2630996675,12004,575
29220.510114,2631000019,2631000621,12114,602
29220.522135,2631003847,2631004420,8937,573
29220.534169,2631007624,2631008200,9169,576
29220.546184,2631011415,2631012017,9228,602
29220.558205,2631015147,2631015726,8965,579
29220.570233,2631018952,2631019527,9223,575
29220.582247,2631022850,2631023448,11837,598
29220.594269,2631026730,2631027329,11806,599
29220.606305,2631030517,2631031092,9192,575
29220.618319,2631034307,2631034909,9223,602
29220.630341,2631038095,2631038669,8939,574
29220.642369,2631041849,2631042446,9200,597
29220.654387,2631045700,2631046297,9264,597
29220.666407,2631049534,2631050108,8983,574
29220.678440,2631053314,2631053890,9165,576
29220.690458,2631057139,2631057734,9271,595
29220.702478,2631060922,2631061496,8972,574
29220.714504,2631064854,2631065430,11942,576
29220.726521,2631068787,2631069383,12050,596
29220.738546,2631072543,2631073117,8972,574
29220.750578,2631076322,2631076904,9202,582
29220.762595,2631080134,2631080736,9230,602
29220.774609,2631083922,2631084521,8843,599
29220.786642,2631087744,2631088346,9176,602
29220.798660,2631091710,2631092307,12032,597
29220.810683,2631095624,2631096220,11982,596
29220.822711,2631099412,2631100009,9214,597
29220.834732,2631103254,2631103856,9246,602
29220.846746,2631107041,2631107641,8832,600
29220.858778,2631110960,2631111562,9260,602
29220.870799,2631114967,2631115564,12056,597
29220.942932,2631136999,2631137593,12058,594
29220.969984,2631145259,2631145857,11912,598
29221.010561,2631157825,2631158420,12051,595
29221.058652,2631172521,2631173115,11800,594
29221.070683,2631176345,2631176947,9197,602
29221.082703,2631180181,2631180783,9249,602
29221.094725,2631183955,2631184557,8918,602
29221.106753,2631187753,2631188326,9191,573
29221.118770,2631191545,2631192142,9264,597
29221.130786,2631195482,2631196055,11951,573
29221.142816,2631199397,2631199992,12079,595
29221.154837,2631203231,2631203828,9281,597
29221.166858,2631206991,2631207565,8998,574
29221.178886,2631210773,2631211375,9180,602
29221.190907,2631214616,2631215212,9240,596
29221.202928,2631218368,2631218941,9007,573
29221.214956,2631222254,2631222851,12115,597
29221.226972,2631226230,2631226830,12097,600
29221.238992,2631229998,2631230582,8859,584
29221.251025,2631233968,2631234570,12078,602
29221.263040,2631237928,2631238526,11903,598
29221.275062,2631241948,2631242521,11952,573
29221.287092,2631245948,2631246550,12072,602
29221.299113,2631249883,2631250490,9210,607
29221.311132,2631253731,2631254322,8906,591
29221.323162,2631257761,2631258340,11966,579
29221.335178,2631261640,2631262232,11908,592
29221.347199,2631265539,2631266113,11951,574
29221.359230,2631269447,2631270039,12081,592
29221.371249,2631273366,2631273964,11935,598
29221.383264,2631277125,2631277718,8883,593
29221.395298,2631280934,2631281531,9213,597
29221.407316,2631284879,2631285477,11889,598
29221.419342,2631288776,2631289371,11841,595
29221.429864,2631292128,2631292730,9234,602
29221.441879,2631295956,2631296561,8793,605
29221.453916,2631299742,2631300324,9222,582
29221.465932,2631303541,2631304143,9225,602
29221.477954,2631307390,2631307961,8950,571
29221.489982,2631311173,2631311751,9168,578
29221.501997,2631314950,2631315541,9251,591
29221.514017,2631318770,2631319358,11835,588
29221.526046,2631322577,2631323174,12076,597
29221.538066,2631326392,2631326999,9236,607
29221.550089,2631330244,2631330823,8887,579
29221.562124,2631334017,2631334593,9276,576
29221.574139,2631337802,2631338404,9269,602
29221.586159,2631341641,2631342215,8908,574
29221.598187,2631345545,2631346121,11983,576
29221.610206,2631349498,2631350095,12066,597
29221.622228,2631353285,2631353843,8919,558
29221.634257,2631357045,2631357627,9175,582
29221.646272,2631360824,2631361419,9217,595
29221.658293,2631364584,2631365158,8958,574
29221.670330,2631368349,2631368925,9190,576
29221.682344,2631372174,2631372769,9228,595
29221.694365,2631375931,2631376504,8989,573
29221.706394,2631379722,2631380295,9196,573
29221.718411,2631383535,2631384127,9276,592
29221.730432,2631387345,2631387918,8934,573
29221.742462,2631391257,2631391859,12098,602
29221.754481,2631395113,2631395715,9314,602
29221.766503,2631398866,2631399440,8951,574
29221.778530,2631402677,2631403258,9182,581
29221.790549,2631406471,2631407066,9255,595
29221.802569,2631410250,2631410829,8909,579
29221.814600,2631414169,2631414730,11984,561
29221.826617,2631418133,2631418730,12066,597
29221.838632,2631421900,2631422488,8837,588
29221.850668,2631425718,2631426299,9218,581
29221.862682,2631429499,2631430099,9282,600
29221.874703,2631433263,2631433862,8890,599
29221.886738,2631437082,2631437659,9195,577
29221.898755,2631440878,2631441475,9274,597
29221.910777,2631444655,2631445247,8970,592
29221.922801,2631448463,2631449052,9185,589
29221.934820,2631452302,2631452898,9247,596
29221.946838,2631456233,2631456807,11956,574
29221.958869,2631460179,2631460781,12088,602
29221.970889,2631464152,2631464749,12054,597
29222.009965,2631476064,2631476660,11969,596
29222.079092,2631496939,2631497528,9224,589
29222.091118,2631500940,2631501534,11836,594
29222.103146,2631504989,2631505566,11942,577
29222.115162,2631508800,2631509395,9195,595
29222.127185,2631512578,2631513175,8928,597
29222.139218,2631516501,2631517101,12106,600
29222.151230,2631520446,2631521039,11869,593
29222.163256,2631524349,2631524944,11842,595
29222.175283,2631528267,2631528869,12078,602
29222.187300,2631532201,2631532791,11899,590
29222.199325,2631536122,2631536696,11964,574
29222.211352,2631539888,2631540490,9199,602
29222.221868,2631543243,2631543816,8927,573
29222.233897,2631547049,2631547630,9208,581
29222.245912,2631550861,2631551452,9272,591
29222.257932,2631554666,2631555266,8862,600
29222.269969,2631558460,2631559036,9265,576
29222.281985,2631562273,2631562870,9217,597
29222.294001,2631566076,2631566649,8905,573
29222.306034,2631569870,2631570444,9187,574
29222.318049,2631573629,2631574224,9175,595
29222.330069,2631577542,2631578142,11826,600
29222.342098,2631581446,2631582043,12072,597
29222.354115,2631585252,2631585849,9219,597
29222.366141,2631589075,2631589649,8936,574
29222.378175,2631592870,2631593446,9185,576
29222.390190,2631596674,2631597280,9259,606
29222.402209,2631600479,2631601052,8969,573
29222.414242,2631604251,2631604827,9245,576
29222.426256,2631608185,2631608792,12053,607
29222.438278,2631611950,2631612523,8933,573
29222.450310,2631615733,2631616309,9200,576
29222.462327,2631619515,2631620112,9225,597
29222.474342,2631623267,2631623862,8874,595
29222.486380,2631627032,2631627612,9201,580
29222.498395,2631630860,2631631456,9245,596
29222.510415,2631634624,2631635198,8947,574
29222.522449,2631638380,2631638953,9242,573
29222.534464,2631642169,2631642766,9290,597
29222.546481,2631646121,2631646695,11956,574
29222.558511,2631650055,2631650652,12074,597
29222.570533,2631653897,2631654483,9289,586
29222.582553,2631657648,2631658222,8953,574
29222.594585,2631661433,2631662013,9203,580
29222.606599,2631665265,2631665867,9246,602
29222.618621,2631669031,2631669605,8947,574
29222.630650,2631672981,2631673557,11965,576
29222.642669,2631676949,2631677546,12055,597
29222.654691,2631680704,2631681278,8947,574
29222.666719,2631684491,2631685067,9181,576
29222.678737,2631688288,2631688890,9202,602
29222.690755,2631692044,2631692638,8839,594
29222.702786,2631695866,2631696463,9233,597
29222.714806,2631699688,2631700290,9278,602
29222.726821,2631703453,2631704047,8881,594
29222.738856,2631707270,2631707848,9245,578
29222.750870,2631711078,2631711675,9288,597
29222.762889,2631714993,2631715566,11946,573
29222.774920,2631718913,2631719513,12067,600
29222.786941,2631722746,2631723343,9281,597
29222.798960,2631726510,2631727084,8948,574
29222.810996,2631730292,2631730873,9161,581
29222.823008,2631734065,2631734659,9217,594
29222.835029,2631737996,2631738570,11951,574
29222.847060,2631741917,2631742519,12078,602
29222.859080,2631745996,2631746588,12031,592
29222.871101,2631749980,2631750574,11826,594
29222.895146,2631757570,2631758170,9255,600
29222.907169,2631761610,2631762210,11842,600
29222.919198,2631765606,2631766208,12073,602
29222.931213,2631769419,2631770013,9248,594
29222.943236,2631773188,2631773790,8964,602
29222.955265,2631777101,2631777675,11967,574
29222.967284,2631781019,2631781612,11940,593
29222.979307,2631784921,2631785516,11839,595
29222.991334,2631788861,2631789463,12072,602
29223.001848,2631792223,2631792796,8975,573
29223.013880,2631796009,2631796591,9193,582
29223.025895,2631799799,2631800401,9207,602
29223.037919,2631803628,2631804184,8901,556
29223.049950,2631807382,2631807957,9137,575
29223.061965,2631811164,2631811760,9285,596
29223.073982,2631814979,2631815579,8855,600
29223.086018,2631818758,2631819332,9119,574
29223.098033,2631822574,2631823176,9229,602
29223.110057,2631826415,2631826988,8910,573
29223.122086,2631830189,2631830761,9163,572
29223.134101,2631833967,2631834564,9265,597
29223.146120,2631837884,2631838478,11826,594
29223.158150,2631841859,2631842466,12067,607
29223.170172,2631845887,2631846489,12113,602
29223.182193,2631849762,2631850341,8911,579
29223.194227,2631853588,2631854170,9159,582
29223.206242,2631857479,2631858092,9240,613
29223.218263,2631861281,2631861854,8947,573
29223.230295,2631865061,2631865637,9245,576
29223.242306,2631868993,2631869594,12058,601
29223.254330,2631872789,2631873362,8942,573
29223.266362,2631876579,2631877155,9206,576
29223.278379,2631880386,2631880982,9272,596
29223.290394,2631884154,2631884749,8851,595
29223.302430,2631887951,2631888525,9219,574
29223.314446,2631891764,2631892361,9244,597
29223.326467,2631895554,2631896133,8909,579
29223.338501,2631899323,2631899896,9192,573
29223.350514,2631903127,2631903722,9276,595
29223.362532,2631907075,2631907649,11955,574
29223.374564,2631911029,2631911626,12084,597
29223.386585,2631914890,2631915486,9208,596
29223.398605,2631918661,2631919234,8909,573
29223.410635,2631922472,2631923048,9213,576
29223.422652,2631926271,2631926873,9274,602
29223.434672,2631930062,2631930641,8950,579
29223.446701,2631933866,2631934468,9244,602
29223.458721,2631937835,2631938437,12072,602
29223.470742,2631941574,2631942162,8941,588
29223.482769,2631945381,2631945978,9229,597
29223.494788,2631949235,2631949832,9283,597
29223.506805,2631952988,2631953581,8896,593
29223.518836,2631956800,2631957402,9219,602
29223.530856,2631960665,2631961267,9251,602
29223.542874,2631964430,2631965029,8957,599
29223.554911,2631968241,2631968813,9227,572
29223.566926,2631972043,2631972640,9252,597
29223.578948,2631975963,2631976558,11845,595
29223.590973,2631979919,2631980522,12064,603
29223.602993,2631983742,2631984335,9204,593
29223.615017,2631987603,2631988198,11850,595
29223.627046,2631991451,2631992028,9163,577
29223.639063,2631995490,2631996092,12042,602
29223.651080,2631999471,2632000045,11953,574
29223.663113,2632003412,2632003988,11966,576
29223.675132,2632007421,2632008013,12042,592
29223.687153,2632011377,2632011965,11836,588
29223.699181,2632015378,2632015959,11940,581
29223.711197,2632019263,2632019861,11912,598
29223.723224,2632023296,2632023901,11858,605
29223.735249,2632027299,2632027874,11938,575
29223.747267,2632031063,2632031661,9218,598
29223.759289,2632034865,2632035438,8995,573
29223.771321,2632038728,2632039326,12104,598
29223.783335,2632042672,2632043258,11902,586
29223.793869,2632045973,2632046550,9257,577
29223.805884,2632049761,2632050358,9230,597
29223.817903,2632053597,2632054170,8920,573
29223.829932,2632057390,2632057966,9222,576
29223.841945,2632061159,2632061756,9239,597
29223.853967,2632064948,2632065525,8888,577
29223.866002,2632068697,2632069272,9160,575
29223.878020,2632072484,2632073081,9272,597
29223.890035,2632076295,2632076889,8833,594
29223.902072,2632080073,2632080654,9169,581
29223.914087,2632083794,2632084391,9238,597
29223.926109,2632087618,2632088191,8960,573
29223.938138,2632091412,2632091992,9201,580
29223.950154,2632095155,2632095753,9157,598
29223.962175,2632099102,2632099675,11996,573
29223.974202,2632103031,2632103623,12084,592
29223.986224,2632106883,2632107475,9254,592
29223.998244,2632110656,2632111230,8914,574
29224.010279,2632114418,2632114999,9212,581
29224.022293,2632118231,2632118833,9286,602
29224.034315,2632122016,2632122595,8948,579
29224.046346,2632125792,2632126369,9185,577
29224.058358,2632129568,2632130168,9213,600
29224.070384,2632133306,2632133878,8918,572
29224.082414,2632137073,2632137653,9219,580
29224.094431,2632140880,2632141482,9308,602
29224.106452,2632144674,2632145248,8958,574
29224.118483,2632148461,2632149037,9147,576
29224.130498,2632152280,2632152882,9283,602
29224.142518,2632156066,2632156640,8970,574
29224.154550,2632159863,2632160438,9198,575
29224.166568,2632163660,2632164257,9291,597
29224.178588,2632167623,2632168197,11958,574
29224.190614,2632171549,2632172151,12104,602
29224.202637,2632175389,2632175986,9298,597
29224.214657,2632179173,2632179746,8953,573
29224.226689,2632182937,2632183519,9241,582
29224.237197,2632186407,2632187002,11978,595
29224.274768,2632197977,2632198583,12046,606
29224.322859,2632212683,2632213277,11823,594
29224.334892,2632216521,2632217097,9190,576
29224.346909,2632220338,2632220940,9232,602
29224.358932,2632224074,2632224647,8949,573
29224.370955,2632227852,2632228455,9155,603
29224.382978,2632231665,2632232262,9279,597
29224.395000,2632235565,2632236160,11847,595
29224.407027,2632239514,2632240111,12087,597
29224.419037,2632243458,2632244053,11848,595
29224.431067,2632247411,2632248006,11816,595
29224.443097,2632251435,2632252016,12006,581
29224.455110,2632255363,2632255961,11846,598
29224.467137,2632259391,2632259985,11822,594
29224.479166,2632263300,2632263882,9157,582
29224.491184,2632267237,2632267834,12041,597
29224.503200,2632271123,2632271696,11947,573
29224.515231,2632275066,2632275642,11943,576
29224.527247,2632278917,2632279510,11850,593
29224.539276,2632282934,2632283534,11822,600
29224.551302,2632286866,2632287467,12074,601
29224.563319,2632290676,2632291274,9162,598
29224.575334,2632294419,2632295008,8865,589
29224.585863,2632297749,2632298341,9311,592
29224.597888,2632301570,2632302144,8991,574
29224.609920,2632305331,2632305906,9234,575
29224.621931,2632309100,2632309690,12057,590
29224.710595,2632336001,2632336575,11954,574
29224.722625,2632339795,2632340403,9183,608
29224.734644,2632343749,2632344346,9244,597
29224.746668,2632347523,2632348096,8953,573
29224.758703,2632351286,2632351867,9229,581
29224.770717,2632355104,2632355704,9244,600
29224.782736,2632358869,2632359448,9014,579
29224.794766,2632362774,2632363376,12110,602
29224.806783,2632366756,2632367352,12058,596
29224.818808,2632370492,2632371066,8944,574
29224.830839,2632374273,2632374849,9189,576
29224.842853,2632378068,2632378665,9230,597
29224.854867,2632381838,2632382437,8852,599
29224.866898,2632385660,2632386251,9255,591
29224.878921,2632389474,2632390071,9252,597
29224.890936,2632393274,2632393850,8872,576
29224.902973,2632397038,2632397613,9203,575
29224.914986,2632400837,2632401430,9199,593
29224.927012,2632404704,2632405294,11846,590
29224.939035,2632408681,2632409283,9212,602
29224.978106,2632420658,2632421256,11883,598
29224.999148,2632427347,2632427940,11841,593
29225.011176,2632431414,2632431990,11941,576
29225.023185,2632435314,2632435908,11836,594
29225.035215,2632439204,2632439799,11819,595
29225.047243,2632443162,2632443744,11941,582
29225.059256,2632447062,2632447657,11894,595
29225.071287,2632450947,2632451521,11969,574
29225.083316,2632454896,2632455471,12018,575
29225.095330,2632458674,2632459267,9198,593
29225.105863,2632462010,2632462462,7526,452
29225.117878,2632465683,2632466280,9262,597
29225.129900,2632469487,2632470062,9021,575
29225.141928,2632473381,2632473962,9217,581
29225.153944,2632477161,2632477762,9260,601
29225.165969,2632480969,2632481527,8964,558
29225.177997,2632484730,2632485306,11995,576
29225.190014,2632488543,2632489140,12062,597
29225.202039,2632492334,2632492908,8957,574
29225.214064,2632496134,2632496710,9183,576
29225.226079,2632499945,2632500537,9257,592
29225.238105,2632503759,2632504334,8966,575
29225.250137,2632507494,2632508074,9158,580
29225.262151,2632511261,2632511854,9230,593
29225.274173,2632515092,2632515674,8950,582
29225.286201,2632518894,2632519469,9195,575
29225.308331,2632526200,2632526796,12024,596
29225.322271,2632530657,2632531254,12041,597
29225.334295,2632534519,2632535121,9199,602
29225.346312,2632538378,2632538975,8956,597
29225.358340,2632542205,2632542781,8904,576
29225.370363,2632546042,2632546642,9227,600
29225.382380,2632549907,2632550503,8945,596
29225.394408,2632553900,2632554497,12040,597
29225.406430,2632557899,2632558501,12102,602
29225.418450,2632561772,2632562364,9012,592
29225.430478,2632565594,2632566176,8924,582
29225.442500,2632569444,2632570035,9238,591
29225.454519,2632573285,2632573888,8970,603
29225.466546,2632577125,2632577707,8856,582
29225.478568,2632580955,2632581557,9238,602
29225.490587,2632584806,2632585402,9002,596
29225.502614,2632588642,2632589222,8919,580
29225.514636,2632592485,2632593087,9227,602
29225.526652,2632596470,2632597070,11820,600
29225.538683,2632600308,2632600904,8947,596
29225.550702,2632604202,2632604804,9218,602
29225.562722,2632608058,2632608660,8935,602
29225.574750,2632611890,2632612487,8932,597
29225.586771,2632615752,2632616352,9206,600
29225.598789,2632619607,2632620209,8931,602
29225.610820,2632623627,2632624204,11938,577
29225.622838,2632627594,2632628189,12072,595
29225.673940,2632643361,2632643943,8930,582
29225.685962,2632647195,2632647799,9247,604
29225.697980,2632651056,2632651653,8924,597
29225.710005,2632654939,2632655547,12047,608
29225.722030,2632658839,2632659441,12107,602
29225.734049,2632662716,2632663312,8987,596
29225.746076,2632666557,2632667133,8895,576
29225.758099,2632670643,2632671245,12077,602
29225.770118,2632674513,2632675114,8977,601
29225.782146,2632678359,2632678940,8930,581
29225.794167,2632682308,2632682910,12067,602
29225.806183,2632686424,2632687026,11989,602
29225.818215,2632690268,2632690844,8897,576
29225.830237,2632694108,2632694704,9201,596
29225.842255,2632697933,2632698530,8968,597
29225.854283,2632701770,2632702348,8876,578
29225.866305,2632705632,2632706229,9222,597
29225.878324,2632709506,2632710107,8955,601
29225.890352,2632713351,2632713928,8891,577
29225.900863,2632716870,2632717467,11980,597
29225.912893,2632720819,2632721416,12066,597
29225.926419,2632725296,2632725898,12037,602
29225.938442,2632729312,2632729909,12101,597
29225.950461,2632733171,2632733768,8957,597
29225.962488,2632737016,2632737598,8869,582
29225.972998,2632740532,2632741134,11964,602
29225.991035,2632746227,2632746823,8966,596
29226.003064,2632750282,2632750882,12061,600
29226.015087,2632754411,2632755003,12130,592
29226.027103,2632758507,2632759107,11823,600
29226.039130,2632762482,2632763078,12058,596
29226.051156,2632766530,2632767121,12085,591
29226.063172,2632770451,2632771048,8930,597
29226.075201,2632774508,2632775110,12068,602
29226.087221,2632778516,2632779119,12069,603
29226.099239,2632782465,2632783054,11857,589
29226.111267,2632786305,2632786902,8926,597
29226.123291,2632790166,2632790762,9203,596
29226.135309,2632794004,2632794600,8963,596
29226.147336,2632797995,2632798603,12039,608
29226.157855,2632801416,2632801863,7619,447
29226.169884,2632805124,2632805705,8909,581
29226.181907,2632808977,2632809585,9240,608
29226.193925,2632812842,2632813439,8911,597
29226.205952,2632816709,2632817312,12063,603
29226.217974,2632820583,2632821180,9256,597
29226.229993,2632824448,2632825045,8976,597
29226.242024,2632828318,2632828899,8906,581
29226.254044,2632832168,2632832771,9220,603
29226.266061,2632836045,2632836636,8990,591
29226.278089,2632839885,2632840467,8902,582
29226.290108,2632843696,2632844302,9120,606
29226.302130,2632847548,2632848154,8990,606
29226.314157,2632851393,2632851969,8934,576
29226.326180,2632855352,2632855949,12086,597
29226.338195,2632859327,2632859925,11968,598
29226.350224,2632863291,2632863888,12060,597
29226.362250,2632867140,2632867736,9242,596
29226.374266,2632871001,2632871603,8968,602
29226.386293,2632874844,2632875420,8861,576
29226.398316,2632878692,2632879294,9160,602
29226.410328,2632882689,2632883283,11804,594
29226.422361,2632886671,2632887268,12066,597
29226.434383,2632890530,2632891132,9238,602
29226.464436,2632899910,2632900360,7551,450
29226.485481,2632906367,2632906941,8916,574
29226.502014,2632911605,2632912205,9223,600
29226.514032,2632915475,2632916072,8980,597
29226.526057,2632919428,2632920025,12033,597
29226.538080,2632923352,2632923954,12087,602
29226.550100,2632927225,2632927827,8954,602
29226.562128,2632931060,2632931642,8931,582
29226.574152,2632935144,2632935741,12085,597
29226.586170,2632939007,2632939612,8957,605
29226.598198,2632942844,2632943426,8889,582
29226.610220,2632946806,2632947408,12020,602
29226.622235,2632950822,2632951413,11994,591
29226.689864,2632971859,2632972462,11985,603
29226.725934,2632983035,2632983630,11848,595
29226.737964,2632986893,2632987495,12064,602
29226.749984,2632990750,2632991354,9201,604
29226.762005,2632994614,2632995216,8956,602
29226.774032,2632998599,2632999181,8892,582
29226.786055,2633002435,2633003041,9247,606
29226.798073,2633006289,2633006891,8984,602
29226.810099,2633010236,2633010838,12040,602
29226.822124,2633014205,2633014802,12106,597
29226.834142,2633018088,2633018685,8950,597
29226.846170,2633021931,2633022513,8869,582
29226.858193,2633025762,2633026364,9266,602
29226.870207,2633029728,2633030327,11982,599
29226.882238,2633033559,2633034141,8894,582
29226.894261,2633037395,2633037992,9273,597
29226.906279,2633041248,2633041845,9017,597
29226.918304,2633045270,2633045870,12038,600
29226.934832,2633050519,2633051118,9224,599
29226.946855,2633054487,2633055082,11825,595
29226.958883,2633058504,2633059086,11963,582
29226.969395,2633062000,2633062606,11990,606
29226.987429,2633067846,2633068441,11844,595
29226.997958,2633071257,2633071854,12082,597
29227.009970,2633075195,2633075794,11802,599
29227.022004,2633079041,2633079638,12063,597
29227.034027,2633082933,2633083530,9218,597
29227.046045,2633086799,2633087402,8939,603
29227.058076,2633090660,2633091237,8880,577
29227.070096,2633094494,2633095097,9245,603
29227.082113,2633098376,2633098983,8940,607
29227.094141,2633102222,2633102798,8894,576
29227.106164,2633106059,2633106661,9207,602
29227.118182,2633109941,2633110541,8932,600
29227.130210,2633113786,2633114368,8890,582
29227.142230,2633117743,2633118344,12079,601
29227.154247,2633121759,2633122361,11972,602
29227.166278,2633125603,2633126180,8889,577
29227.178301,2633129445,2633130047,9229,602
29227.190318,2633133327,2633133929,8968,602
29227.202345,2633137169,2633137745,8922,576
29227.214368,2633141001,2633141603,9280,602
29227.226380,2633144986,2633145581,11807,595
29227.238413,2633148975,2633149572,12056,597
29227.250436,2633152823,2633153420,9184,597
29227.262453,2633156655,2633157246,8991,591
29227.274485,2633160526,2633161108,8906,582
29227.286505,2633164370,2633164968,9254,598
29227.298523,2633168247,2633168849,8959,602
29227.310551,2633172095,2633172677,8898,582
29227.322574,2633175950,2633176545,9192,595
29227.334592,2633179797,2633180397,8988,600
29227.346619,2633183639,2633184216,8868,577
29227.358641,2633187652,2633188254,12088,602
29227.370657,2633191672,2633192275,11978,603
29227.382688,2633195508,2633196090,8866,582
29227.394710,2633199356,2633199953,9205,597
29227.406729,2633203222,2633203824,8975,602
29227.418757,2633207053,2633207634,8938,581
29227.430779,2633210884,2633211492,9258,608
29227.442796,2633214864,2633215459,11818,595
29227.454824,2633218829,2633219426,12056,597
29227.466845,2633222684,2633223281,9212,597
29227.478864,2633226520,2633227122,8996,602
29227.490892,2633230361,2633230969,8974,608
29227.502914,2633234233,2633234841,9220,608
29227.514933,2633238082,2633238674,8964,592
29227.526961,2633241924,2633242526,8877,602
29227.538982,2633245788,2633246385,9181,597
29227.551001,2633249630,2633250230,9003,600
29227.563029,2633253620,2633254218,12057,598
29227.575053,2633257697,2633258299,12084,602
29227.587068,2633261754,2633262349,11840,595
29227.599099,2633265745,2633266327,8900,582
29227.611122,2633269687,2633270283,9290,596
29227.623140,2633273567,2633274169,8985,602
29227.692277,2633295210,2633295807,12070,597
29227.782447,2633323030,2633323631,9203,601
29227.794467,2633326924,2633327520,9000,596
29227.806499,2633330783,2633331365,8970,582
29227.818519,2633334621,2633335222,9290,601
29227.830536,2633338509,2633339106,8997,597
29227.842564,2633342518,2633343094,11934,576
29227.854584,2633346477,2633347078,12102,601
29227.866605,2633350350,2633350952,8963,602
29227.878633,2633354196,2633354773,8888,577
29227.890652,2633358008,2633358609,9213,601
29227.902673,2633361894,2633362498,8986,604
29227.914701,2633365755,2633366337,8909,582
29227.926721,2633369571,2633370171,9176,600
29227.938742,2633373435,2633374037,8932,602
29227.950770,2633377271,2633377851,8911,580
29227.962793,2633381114,2633381715,9212,601
29227.974808,2633385119,2633385713,11815,594
29227.986838,2633389113,2633389709,12056,596
29228.001855,2633393948,2633394547,11819,599
29228.037928,2633405134,2633405737,11996,603
29228.049958,2633408982,2633409543,8903,561
29228.061978,2633412741,2633413337,9200,596
29228.073998,2633416617,2633417224,9004,607
29228.086027,2633420443,2633421045,8853,602
29228.098049,2633424276,2633424883,9253,607
29228.110067,2633428125,2633428722,8962,597
29228.122095,2633431967,2633432549,8939,582
29228.134118,2633435801,2633436401,9249,600
29228.146131,2633439650,2633440245,8832,595
29228.158164,2633443611,2633444187,11918,576
29228.170184,2633447533,2633448129,12096,596
29228.182197,2633451358,2633451963,8847,605
29228.194231,2633455229,2633455810,8940,581
29228.206255,2633459324,2633459937,9242,613
29228.218266,2633463226,2633463829,8828,603
29228.230300,2633467105,2633467686,8894,581
29228.242322,2633470981,2633471593,9191,612
29228.254336,2633475045,2633475648,11966,603
29228.266369,2633478899,2633479459,8883,560
29228.278392,2633482739,2633483340,9228,601
29228.290403,2633486542,2633487142,8877,600
29228.302438,2633490372,2633490974,8931,602
29228.314459,2633494228,2633494829,9218,601
29228.326473,2633498045,2633498646,8886,601
29228.338507,2633501888,2633502470,8906,582
29228.350527,2633505698,2633506296,9196,598
29228.362542,2633509519,2633510119,8933,600
29228.374576,2633513516,2633514098,11925,582
29228.386597,2633517507,2633518109,12096,602
29228.398610,2633521311,2633521911,8877,600
29228.410643,2633525188,2633525770,8877,582
29228.422666,2633529050,2633529652,9265,602
29228.434677,2633532862,2633533462,8873,600
29228.446708,2633536868,2633537445,11925,577
29228.458736,2633540817,2633541417,12142,600
29228.470749,2633544822,2633545420,11985,598
29228.482781,2633548645,2633549221,8929,576
29228.494803,2633552492,2633553094,9211,602
29228.506813,2633556308,2633556903,8877,595
29228.518848,2633560121,2633560725,8880,604
29228.530868,2633564006,2633564608,9205,602
29228.542883,2633567831,2633568425,8864,594
29228.554917,2633571663,2633572240,8895,577
29228.566936,2633575480,2633576078,9226,598
29228.578951,2633579260,2633579855,8884,595
29228.590986,2633583235,2633583836,12036,601
29228.603009,2633587270,2633587873,12109,603
29228.615018,2633591124,2633591724,8861,600
29228.627053,2633595012,2633595591,8912,579
29228.639076,2633599097,2633599694,12080,597
29228.651092,2633603096,2633603695,11878,599
29228.663123,2633607142,2633607744,12060,602
29228.675148,2633611186,2633611787,12139,601
29228.687164,2633615158,2633615755,11999,597
29228.699191,2633619130,2633619712,11921,582
29228.711215,2633623124,2633623721,12125,597
29228.723231,2633627043,2633627638,11847,595
29228.735261,2633630992,2633631601,12064,609
29228.747283,2633634937,2633635531,12144,594
29228.759294,2633638746,2633639341,8876,595
29228.771327,2633642629,2633643232,8915,603
29228.783353,2633646598,2633647202,12143,604
29228.793871,2633649955,2633650537,8954,582
29228.805896,2633653784,2633654391,9211,607
29228.817907,2633657862,2633658457,11808,595
29228.853981,2633669057,2633669660,11992,603
29228.866010,2633672914,2633673490,8914,576
29228.878030,2633676749,2633677345,9193,596
29228.966695,2633704018,2633704620,11849,602
29228.978725,2633707867,2633708449,8936,582
29228.998252,2633713964,2633714554,8922,590
29229.010286,2633717782,2633718364,8905,582
29229.022305,2633721780,2633722377,9229,597
29229.062880,2633734216,2633734812,9212,596
29229.074902,2633738206,2633738801,11824,595
29229.086929,2633742187,2633742783,12057,596
29229.098950,2633746038,2633746635,9261,597
29229.110963,2633749814,2633750409,8881,595
29229.122996,2633753638,2633754241,8897,603
29229.135022,2633757625,2633758227,12084,602
29229.147039,2633761593,2633762193,11850,600
29229.159066,2633765472,2633766080,8917,608
29229.171088,2633769437,2633770034,9224,597
29229.183100,2633773311,2633773913,8875,602
29229.195134,2633777361,2633777943,11940,582
29229.207159,2633781337,2633781940,12080,603
29229.219174,2633785279,2633785873,11851,594
29229.231201,2633789280,2633789862,11944,582
29229.243225,2633793364,2633793961,12078,597
29229.255240,2633797309,2633797904,11838,595
29229.267271,2633801279,2633801881,12062,602
29229.279293,2633805273,2633805876,12082,603
29229.291311,2633809223,2633809818,11821,595
29229.303341,2633813342,2633813944,12060,602
29229.318364,2633818027,2633818622,8909,595
29229.330394,2633821848,2633822424,9151,576
29229.342406,2633825628,2633826228,9188,600
29229.354426,2633829422,2633829999,8866,577
29229.366461,2633833210,2633833784,9177,574
29229.378473,2633836989,2633837589,9195,600
29229.390499,2633840932,2633841506,11970,574
29229.402526,2633844883,2633845480,12080,597
29229.414542,2633848693,2633849288,9199,595
29229.426563,2633852465,2633853042,8864,577
29229.438598,2633856277,2633856854,9205,577
29229.450609,2633860060,2633860658,9179,598
29229.462637,2633863858,2633864431,8958,573
29229.474668,2633867760,2633868337,11984,577
29229.486685,2633871715,2633872311,12110,596
29229.498707,2633875485,2633876059,8988,574
29229.510736,2633879284,2633879866,9214,582
29229.522748,2633883034,2633883626,9201,592
29229.534774,2633886777,2633887372,8906,595
29229.546804,2633890587,2633891167,9184,580
29229.558816,2633894410,2633895005,9197,595
29229.570838,2633898192,2633898768,8857,576
29229.582875,2633901951,2633902524,9215,573
29229.594882,2633905691,2633906286,9172,595
29229.606912,2633909634,2633910213,11970,579
29229.618938,2633913580,2633914171,12090,591
29229.630957,2633917415,2633918011,9251,596
29229.642976,2633921187,2633921761,8957,574
29229.655010,2633925058,2633925640,12018,582
29229.667017,2633929009,2633929608,11840,599
29229.679046,2633932970,2633933570,11842,600
29229.691076,2633936989,2633937566,11975,577
29229.703094,2633941023,2633941619,12040,596
29229.715113,2633944961,2633945535,11953,574
29229.727144,2633948940,2633949522,12002,582
29229.739157,2633952807,2633953406,11821,599
29229.751186,2633956710,2633957310,11860,600
29229.763215,2633960623,2633961220,12109,597
29229.775231,2633964426,2633965031,9208,605
29229.787249,2633968181,2633968786,8853,605
29229.799285,2633972111,2633972711,12109,600
29229.811290,2633976040,2633976634,11879,594
29229.823321,2633979944,2633980517,11970,573
29229.833841,2633983267,2633983862,9228,595
29229.869910,2633994329,2633994930,9218,601
29229.970611,2634024831,2634025432,12113,601
29229.982627,2634028668,2634029273,9248,605
29230.035224,2634044769,2634045368,11828,599
29230.047252,2634048738,2634049340,12081,602
29230.059264,2634052671,2634053271,11882,600
29230.071296,2634056574,2634057168,11828,594
29230.083326,2634060490,2634061071,11978,581
29230.095333,2634064383,2634064982,11829,599
29230.105870,2634067741,2634068323,9263,582
29230.117880,2634071467,2634072062,9141,595
29230.129909,2634075230,2634075804,8919,574
29230.141941,2634079009,2634079591,9198,582
29230.153950,2634082786,2634083386,9178,600
29230.165977,2634086579,2634087151,8936,572
29230.178007,2634090350,2634090932,9235,582
29230.190014,2634094162,2634094767,11928,605
29230.202043,2634098022,2634098622,11834,600
29230.214075,2634101819,2634102395,9179,576
29230.226089,2634105578,2634106176,9195,598
29230.238113,2634109380,2634109954,8953,574
29230.250142,2634113198,2634113775,9187,577
29230.278690,2634122060,2634122634,12022,574
29230.290718,2634125878,2634126454,9189,576
29230.302736,2634129806,2634130403,12088,597
29230.314757,2634133563,2634134137,8983,574
29230.326787,2634137389,2634137966,9124,577
29230.338799,2634141112,2634141704,9156,592
29230.350823,2634144867,2634145467,8849,600
29230.362857,2634148689,2634149270,9214,581
29230.374865,2634152496,2634153096,9125,600
29230.386894,2634156277,2634156875,8919,598
29230.398923,2634160076,2634160649,9221,573
29230.410933,2634163844,2634164444,9173,600
29230.422963,2634167785,2634168380,11819,595
29230.434990,2634171733,2634172335,12115,602
29230.447002,2634175543,2634176137,9153,594
29230.459032,2634179446,2634180019,11962,573
29230.471060,2634183375,2634183950,11983,575
29230.483071,2634187349,2634187948,11864,599
29230.495100,2634191333,2634191907,11965,574
29230.507126,2634195199,2634195795,9178,596
29230.519146,2634199155,2634199752,12044,597
29230.531167,2634203028,2634203623,11858,595
29230.543196,2634207011,2634207607,12100,596
29230.555207,2634210924,2634211519,11863,595
29230.567239,2634214805,2634215405,11818,600
29230.579266,2634218767,2634219344,11960,577
29230.591277,2634222549,2634223144,9146,595
29230.603305,2634226327,2634226925,8965,598
29230.615333,2634230232,2634230832,12095,600
29230.625850,2634233592,2634234024,7557,432
29230.636368,2634237087,2634237690,12026,603
29230.646893,2634241676,2634242798,15831,1122
29230.657409,2634249922,2634251062,16289,1140
29230.743070,2634277846,2634278451,11819,605
29230.755101,2634281974,2634282550,12008,576
29230.767111,2634285989,2634286593,11865,604
29230.779142,2634289982,2634290577,11815,595
29230.791172,2634293839,2634294416,9159,577
29230.803189,2634297616,2634298219,9309,603
29230.815205,2634301544,2634302116,11953,572
29230.827236,2634305465,2634306042,11961,577
29230.839248,2634309365,2634309970,11862,605
29230.851279,2634313250,2634313839,11833,589
29230.863306,2634317203,2634317794,12123,591
29230.875316,2634321120,2634321719,11903,599
29230.887346,2634325017,2634325612,11814,595
29230.897869,2634328405,2634329017,9240,612
29230.909892,2634332261,2634332835,8960,574
29230.921925,2634336083,2634336515,7407,432
29230.933936,2634339703,2634340302,9200,599
29230.945960,2634343506,2634344086,8936,580
29230.957992,2634347296,2634347873,9133,577
29230.970001,2634351072,2634351667,9123,595
29230.982027,2634354844,2634355417,8949,573
29230.994059,2634358622,2634359204,9192,582
29231.006066,2634362441,2634363041,11926,600
29231.018094,2634366358,2634366953,11824,595
29231.030128,2634370179,2634370756,9217,577
29231.042142,2634374011,2634374604,9211,593
29231.054166,2634377807,2634378386,8991,579
29231.066193,2634381632,2634382209,9153,577
29231.078208,2634385385,2634385985,9142,600
29231.090234,2634389204,2634389784,8928,580
29231.102265,2634392970,2634393551,9183,581
29231.114274,2634396761,2634397364,9131,603
29231.126303,2634400595,2634401170,8982,575
29231.138334,2634404368,2634404947,9232,579
29231.150343,2634408153,2634408753,9212,600
29231.162372,2634411954,2634412533,8995,579
29231.174402,2634415711,2634416293,9230,582
29231.186416,2634419522,2634420122,9203,600
29231.198441,2634423321,2634423894,8924,573
29231.210469,2634427129,2634427711,9200,582
29231.222477,2634431040,2634431633,11826,593
29231.234507,2634434943,2634435538,11770,595
29231.246537,2634438764,2634439341,9185,577
29231.258547,2634442542,2634443137,9150,595
29231.270577,2634446323,2634446897,8996,574
29231.282606,2634450130,2634450712,9246,582
29231.294618,2634453876,2634454474,9145,598
29231.306646,2634457686,2634458265,8936,579
29231.318675,2634461503,2634462079,9197,576
29231.330685,2634465285,2634465869,9170,584
29231.342712,2634469028,2634469608,8910,580
29231.354745,2634472852,2634473434,9238,582
29231.366754,2634476602,2634477196,9165,594
29231.378779,2634480390,2634480965,8965,575
29231.390812,2634484159,2634484734,9220,575
29231.402820,2634487924,2634488524,9159,600
29231.414847,2634491699,2634492276,8933,577
29231.426879,2634495510,2634496087,9217,577
29231.438888,2634499417,2634500012,11835,595
29231.450915,2634503325,2634503914,11801,589
29231.462946,2634507161,2634507757,9175,596
29231.474957,2634510968,2634511557,9152,589
29231.486984,2634514720,2634515294,8934,574
29231.499012,2634518532,2634519140,9202,608
29231.511027,2634522559,2634523158,11838,599
29231.523054,2634526373,2634526973,8856,600
29231.535084,2634530316,2634530893,9206,577
29231.547095,2634534313,2634534906,11822,593
29231.559123,2634538299,2634538879,11965,580
29231.571152,2634542351,2634542948,12070,597
29231.583158,2634546318,2634546913,11857,595
29231.595194,2634550170,2634550765,11818,595
29231.607220,2634553988,2634554580,9226,592
29231.619233,2634557775,2634558369,9167,594
29231.667330,2634572514,2634573114,11838,600
29231.679358,2634576475,2634577077,12097,602
29231.689870,2634579816,2634580393,8865,577
29231.701907,2634583595,2634584177,9211,582
29231.713917,2634587366,2634587965,9126,599
29231.725942,2634591160,2634591740,8998,580
29231.737973,2634594981,2634595563,11962,582
29231.749979,2634598773,2634599367,11866,594
29231.762014,2634602540,2634603114,8981,574
29231.774043,2634606284,2634606859,9126,575
29231.786053,2634610067,2634610662,9146,595
29231.798081,2634613880,2634614453,8971,573
29231.810111,2634617650,2634618226,9119,576
29231.822118,2634621562,2634622157,11960,595
29231.834147,2634625437,2634626032,11831,595
29231.846179,2634629214,2634629796,9210,582
29231.858192,2634633035,2634633635,9143,600
29231.870216,2634636809,2634637398,8889,589
29231.882246,2634640629,2634641211,9215,582
29232.074602,2634683949,2634684542,9238,593
29232.086624,2634686847,2634687441,8943,594
29232.098654,2634690229,2634690815,9273,586
29232.110670,2634693952,2634694552,9196,600
29232.122696,2634697775,2634698349,9027,574
29232.134729,2634701559,2634702141,9229,582
29232.146736,2634705328,2634705937,9214,609
29232.158764,2634709130,2634709704,8957,574
29232.170792,2634713059,2634713636,11936,577
29232.182805,2634716846,2634717435,9118,589
29232.194832,2634720589,2634721163,8911,574
29232.206867,2634724362,2634724937,9257,575
29232.218872,2634728160,2634728760,9205,600
29232.230900,2634731938,2634732537,8919,599
29232.242932,2634735795,2634736374,9199,579
29232.254943,2634739696,2634740295,11852,599
29232.266965,2634743595,2634744190,11804,595
29232.278995,2634747430,2634748027,9186,597
29232.291010,2634751313,2634751908,9186,595
29232.303039,2634755206,2634755801,11817,595
29232.315069,2634759193,2634759768,11969,575
29232.327080,2634763160,2634763748,11846,588
29232.339104,2634767037,2634767631,8923,594
29232.351134,2634770984,2634771587,9252,603
29232.363144,2634774986,2634775596,11865,610
29232.375176,2634778905,2634779480,11961,575
29232.387205,2634782835,2634783433,12084,598
29232.399214,2634786772,2634787372,11887,600
29232.411245,2634790653,2634791248,11835,595
29232.423274,2634794442,2634795024,9254,582
29232.435285,2634798217,2634798817,9239,600
29232.447313,2634802137,2634802735,11838,598
29232.459343,2634806050,2634806645,12101,595
29232.469852,2634809375,2634809952,8919,577
29232.481891,2634813124,2634813700,9178,576
29232.493903,2634816920,2634817516,9203,596
29232.505929,2634820740,2634821315,8949,575
29232.517958,2634824508,2634825085,9201,577
29232.529967,2634828290,2634828894,9109,604
29232.541995,2634832111,2634832685,9008,574
29232.554023,2634835931,2634836513,11947,582
29232.566036,2634839691,2634840290,11910,599
29232.578064,2634843462,2634844037,8906,575
29232.590094,2634847262,2634847844,9148,582
29232.602105,2634851064,2634851659,9165,595
29232.614133,2634854869,2634855447,8986,578
29232.626161,2634858798,2634859375,12005,577
29232.638170,2634862704,2634863299,11925,595
29232.650198,2634866631,2634867207,11829,576
29232.662233,2634870397,2634870974,9234,577
29232.674245,2634874206,2634874806,9177,600
29232.686270,2634878005,2634878580,8972,575
29232.698297,2634881835,2634882418,9149,583
29232.890654,2634927353,2634927947,9224,594
29232.902672,2634930247,2634930835,8946,588
29232.914705,2634933562,2634934164,9283,602
29232.926721,2634937384,2634937978,9192,594
29232.938749,2634941172,2634941746,8969,574
29232.950778,2634944964,2634945546,9225,582
29232.962789,2634948763,2634949367,9176,604
29232.974816,2634952556,2634953130,8963,574
29232.986845,2634956515,2634957097,11936,582
29232.998851,2634960436,2634961031,11885,595
29233.010883,2634964197,2634964771,8981,574
29233.022916,2634967977,2634968558,9206,581
29233.034924,2634971756,2634972345,9178,589
29233.046948,2634975496,2634976095,8890,599
29233.058981,2634979308,2634979909,9234,601
29233.070995,2634983222,2634983815,11893,593
29233.083021,2634987109,2634987704,11879,595
29233.095047,2634991140,2634991738,12079,598
29233.107067,2634995073,2634995662,9172,589
29233.119086,2634999060,2634999634,11942,574
29233.131118,2635003077,2635003685,12086,608
29233.143127,2635007084,2635007673,11873,589
29233.155156,2635010864,2635011459,8906,595
29233.167184,2635014764,2635015365,9222,601
29233.179197,2635018693,2635019297,11869,604
29233.191229,2635022596,2635023169,11964,573
29233.203257,2635026550,2635027147,12070,597
29233.215272,2635030594,2635031199,11882,605
29233.227301,2635034497,2635035105,8950,608
29233.239322,2635038425,2635039033,9232,608
29233.251336,2635042283,2635042894,8871,611
29233.261867,2635045721,2635046326,9226,605
29233.273888,2635049648,2635050261,9021,613
29233.285912,2635053453,2635054027,8973,574
29233.297941,2635057232,2635057809,9222,577
29233.309956,2635061088,2635061690,9278,602
29233.321979,2635064903,2635065477,8912,574
29233.334009,2635068685,2635069262,9229,577
29233.346019,2635072465,2635073063,9185,598
29233.358047,2635076282,2635076857,8951,575
29233.370075,2635080172,2635080753,11954,581
29233.382082,2635084059,2635084659,11858,600
29233.394116,2635087866,2635088440,8961,574
29233.406148,2635091660,2635092234,9228,574
29233.418157,2635095425,2635096031,9098,606
29233.430184,2635099255,2635099828,8918,573
29233.442214,2635103055,2635103631,9208,576
29233.454222,2635106975,2635107580,11926,605
29233.466250,2635110956,2635111532,11842,576
29233.478283,2635114745,2635115322,9262,577
29233.490294,2635118503,2635119098,9184,595
29233.502322,2635122292,2635122872,8976,580
29233.514349,2635126112,2635126694,9264,582
29233.622556,2635158914,2635159510,12131,596
29233.691681,2635174425,2635174854,3898,429
29233.702197,2635177153,2635177748,7575,595
29233.714227,2635181247,2635181822,12005,575
29233.906595,2635210735,2635211311,9204,576
29233.918609,2635213723,2635214319,9294,596
29233.930638,2635216925,2635217538,9257,613
29233.942656,2635220214,2635220808,9176,594
29233.954683,2635223951,2635224525,8954,574
29233.966711,2635227744,2635228321,9216,577
29233.978721,2635231548,2635232146,9184,598
29233.990747,2635235333,2635235907,8954,574
29234.002775,2635239250,2635239830,11984,580
29234.014785,2635243213,2635243807,11870,594
29234.026819,2635246983,2635247558,8956,575
29234.038850,2635250769,2635251351,9201,582
29234.050856,2635254554,2635255149,9210,595
29234.062884,2635258341,2635258919,8989,578
29234.074914,2635262158,2635262739,9189,581
29234.086930,2635266061,2635266654,11931,593
29234.098949,2635270014,2635270606,11977,592
29234.110979,2635273838,2635274440,9215,602
29234.122998,2635277674,2635278274,9162,600
29234.135020,2635281489,2635282069,8990,580
29234.147054,2635285478,2635286055,12003,577
29234.159070,2635289482,2635290079,12084,597
29234.171093,2635293349,2635293924,9017,575
29234.183122,2635297172,2635297753,9224,581
29234.195130,2635301151,2635301755,11864,604
29234.207160,2635305144,2635305739,11820,595
29234.219189,2635309191,2635309768,11967,577
29234.231197,2635313180,2635313785,11835,605
29234.243227,2635317096,2635317671,11965,575
29234.255256,2635320864,2635321460,9043,596
29234.267272,2635324692,2635325287,9194,595
29234.279293,2635328578,2635329151,11956,573
29234.291322,2635332361,2635332962,9209,601
29234.303350,2635336289,2635336888,12001,599
29234.315364,2635340322,2635340925,11974,603
29234.328331,2635345002,2635345602,11971,600
29234.373975,2635358881,2635359461,11956,580
29234.386007,2635362705,2635363282,11950,577
29234.398015,2635366519,2635367113,11868,594
29234.410047,2635370356,2635370930,8962,574
29234.422075,2635374166,2635374748,9175,582
29234.434088,2635377949,2635378544,9139,595
29234.446117,2635381738,2635382311,8972,573
29234.458145,2635385520,2635386097,9219,577
29234.470158,2635389408,2635390007,11922,599
29234.482178,2635393368,2635393945,11806,577
29234.494217,2635397141,2635397718,9198,577
29234.506232,2635400940,2635401542,9264,602
29234.518249,2635404735,2635405315,8914,580
29234.530284,2635408666,2635409249,9195,583
29234.573860,2635421977,2635422426,7389,449
29234.585882,2635425706,2635426137,7506,431
29234.597916,2635429358,2635429809,7472,451
29234.609922,2635433008,2635433603,9181,595
29234.621943,2635436844,2635437427,11814,583
29234.633983,2635440636,2635441212,9220,576
29234.645993,2635444431,2635445030,9116,599
29234.658018,2635448240,2635448820,8894,580
29234.670047,2635452036,2635452612,12020,576
29234.682064,2635455911,2635456514,12062,603
29234.694088,2635459738,2635460313,8920,575
29234.706116,2635463540,2635464121,9219,581
29234.718133,2635467275,2635467874,9174,599
29234.730150,2635471194,2635471777,8825,583
29234.754199,2635478778,2635479378,12031,600
29234.766219,2635482602,2635483178,8858,576
29234.778256,2635486400,2635486980,9199,580
29234.790270,2635490167,2635490760,9218,593
29234.802291,2635494154,2635494754,11864,600
29234.814316,2635498106,2635498708,12107,602
29234.826338,2635502094,2635502694,9164,600
29234.838362,2635505928,2635506508,8953,580
29234.850395,2635509711,2635510293,9083,582
29234.860893,2635513091,2635513667,11806,576
29234.872932,2635517027,2635517601,12039,574
29234.889456,2635522179,2635522780,12030,601
29234.915003,2635530289,2635530886,11974,597
29234.925524,2635533746,2635534341,9228,595
29234.946568,2635540526,2635541106,12005,580
29234.957086,2635544033,2635544634,12031,601
29234.970604,2635548459,2635549058,11834,599
29234.993146,2635555573,2635556167,11842,594
29235.011179,2635561363,2635561957,11862,594
29235.023212,2635565269,2635565869,11819,600
29235.035242,2635569354,2635569931,11964,577
29235.047264,2635573271,2635573871,11956,600
29235.059277,2635577183,2635577757,11953,574
29235.071308,2635581145,2635581722,11964,577
29235.083320,2635584961,2635585561,9195,600
29235.095349,2635588837,2635589441,11859,604
29235.105868,2635592197,2635592786,9166,589
29235.117890,2635596035,2635596612,8893,577
29235.129924,2635599796,2635600401,9124,605
29235.141937,2635603757,2635604353,12029,596
29235.153958,2635607616,2635608193,8886,577
29235.165994,2635611379,2635611961,9231,582
29235.178004,2635615199,2635615797,9118,598
29235.190032,2635619008,2635619583,8935,575
29235.202061,2635622912,2635623493,11964,581
29235.214067,2635626810,2635627409,11881,599
29235.235115,2635633502,2635634102,11857,600
29235.247146,2635637535,2635638136,12067,601
29235.259153,2635641566,2635642160,11853,594
29235.271183,2635645464,2635646059,11816,595
29235.283212,2635649394,2635650002,12102,608
29235.295236,2635653340,2635653944,12001,604
29235.307248,2635657259,2635657864,8884,605
29235.319278,2635661232,2635661829,12079,597
29235.331299,2635665161,2635665752,12039,591
29235.343321,2635669201,2635669791,11841,590
29235.355348,2635673161,2635673763,12079,602
29235.365861,2635676498,2635677080,8901,582
29235.377898,2635680274,2635680852,9183,578
29235.389910,2635684065,2635684666,9187,601
29235.401927,2635688046,2635688628,11840,582
29235.419964,2635693645,2635694240,8910,595
29235.459044,2635705753,2635706354,12069,601
29235.471054,2635709792,2635710392,11859,600
29235.490609,2635715819,2635716397,9228,578
29235.502624,2635719665,2635720261,9242,596
29235.514644,2635723663,2635724246,11833,583
29235.526677,2635727505,2635728082,9175,577
29235.538687,2635731314,2635731909,9163,595
29235.550715,2635735173,2635735747,8964,574
29235.562746,2635738992,2635739575,9183,583
29235.574755,2635742798,2635743393,9141,595
29235.586786,2635746590,2635747164,8964,574
29235.598814,2635750385,2635750967,9230,582
29235.610822,2635754200,2635754798,9149,598
29235.622846,2635757985,2635758561,8859,576
29235.634882,2635761972,2635762554,11970,582
29235.646898,2635765938,2635766535,12059,597
29235.658921,2635769711,2635770286,8996,575
29235.670950,2635773499,2635774080,9197,581
29235.682960,2635777334,2635777929,9186,595
29235.694986,2635781084,2635781683,8863,599
29235.707014,2635784940,2635785543,9195,603
29235.719027,2635788929,2635789529,11866,600
29235.731049,2635792988,2635793565,11791,577
29235.743086,2635797009,2635797607,12040,598
29235.755104,2635800991,2635801586,9212,595
29235.767121,2635805002,2635805582,11951,580
29235.779154,2635809026,2635809607,11950,581
29235.791179,2635812928,2635813529,12013,601
29235.803192,2635816755,2635817354,8912,599
29235.815225,2635820565,2635821141,9226,576
29235.827236,2635824480,2635825079,11864,599
29235.839264,2635828403,2635828977,11959,574
29235.851292,2635832362,2635832944,11961,582
29235.863301,2635836263,2635836857,11834,594
29235.875332,2635840195,2635840775,11970,580
29235.885856,2635843561,2635844012,7412,451
29235.897872,2635847272,2635847849,8874,577
29235.909910,2635851035,2635851615,9184,580
29235.921923,2635854798,2635855391,9179,593
29235.933941,2635858663,2635859239,8894,576
29235.945972,2635862466,2635863069,9240,603
29235.956488,2635866027,2635866627,11846,600
29235.970012,2635870415,2635870989,11983,574
29235.986553,2635875564,2635876139,9215,575
29235.998568,2635879401,2635880004,9291,603
29236.010589,2635883216,2635883789,8985,573
29236.022620,2635887026,2635887608,9186,582
29236.034629,2635890980,2635891574,11878,594
29236.046655,2635894942,2635895542,11813,600
29236.058692,2635898783,2635899360,9217,577
29236.070700,2635902570,2635903169,9170,599
29236.082728,2635906337,2635906911,9026,574
29236.094758,2635910178,2635910758,9193,580
29236.106767,2635913986,2635914586,9161,600
29236.118794,2635917928,2635918507,11967,579
29236.130821,2635921979,2635922556,11959,577
29236.142840,2635925802,2635926394,9252,592
29236.154862,2635929554,2635930128,8956,574
29236.166896,2635933407,2635933988,9236,581
29236.178903,2635937194,2635937795,9159,601
29236.190930,2635940968,2635941563,8897,595
29236.202963,2635944787,2635945369,9220,582
29236.214978,2635948601,2635949198,9267,597
29236.226999,2635952514,2635953092,11967,578
29236.239028,2635956481,2635957083,12103,602
29236.251042,2635960487,2635961080,11847,593
29236.266087,2635965281,2635965858,9250,577
29236.278100,2635969066,2635969669,9215,603
29236.290120,2635972857,2635973451,8844,594
29236.302154,2635976667,2635977243,9195,576
29236.314168,2635980476,2635981084,9296,608
29236.326192,2635984276,2635984850,8952,574
29236.338223,2635988055,2635988637,9074,582
29236.350232,2635991840,2635992440,9120,600
29236.362258,2635995740,2635996343,8947,603
29236.378800,2636000913,2636001495,9237,582
29236.390813,2636004751,2636005353,9275,602
29236.402837,2636008547,2636009122,8941,575
29236.414869,2636012337,2636012914,9244,577
29236.426874,2636016137,2636016735,9201,598
29236.438901,2636019923,2636020524,8916,601
29236.450931,2636023933,2636024515,11954,582
29236.462947,2636027825,2636028424,11877,599
29236.474972,2636031588,2636032163,9019,575
29236.487002,2636035402,2636035979,9055,577
29236.499011,2636039234,2636039834,9195,600
29236.511041,2636043145,2636043744,11818,599
29236.523066,2636047206,2636047809,12076,603
29236.535095,2636051271,2636051872,12013,601
29236.547108,2636055294,2636055897,12003,603
29236.559138,2636059310,2636059887,11953,577
29236.571150,2636063246,2636063846,9215,600
29236.583176,2636067218,2636067813,11819,595
29236.595205,2636071201,2636071804,12083,603
29236.607218,2636075173,2636075774,11864,601
29236.619244,2636078969,2636079570,8912,601
29236.631274,2636082770,2636083366,9230,596
29236.643283,2636086720,2636087329,11861,609
29236.655316,2636090637,2636091243,11820,606
29236.667344,2636094624,2636095221,12075,597
29236.677855,2636097983,2636098565,8914,582
29236.689889,2636101768,2636102345,9204,577
29236.701905,2636105569,2636106165,9227,596
29236.713928,2636109380,2636109941,8874,561
29236.725960,2636113141,2636113721,9166,580
29236.737969,2636116960,2636117560,9168,600
29236.749993,2636120812,2636121388,8882,576
29236.762028,2636124564,2636125165,9195,601
29236.774036,2636128568,2636129163,11930,595
29236.786066,2636132390,2636132991,8892,601
29236.798098,2636136189,2636136766,9232,577
29236.810108,2636139957,2636140560,9093,603
29236.822134,2636143788,2636144394,8892,606
29236.834164,2636147733,2636148310,11921,577
29236.846171,2636151640,2636152240,11872,600
29236.858204,2636155452,2636156027,8951,575
29236.870236,2636159251,2636159833,9227,582
29236.934846,2636178940,2636179541,8903,601
29236.946874,2636182938,2636183519,11974,581
29236.958887,2636186743,2636187338,9187,595
29236.970912,2636190675,2636191270,11842,595
29236.997969,2636199077,2636199657,8962,580
29237.010000,2636202857,2636203435,9195,578
29237.022012,2636206644,2636207240,9198,596
29237.034034,2636210502,2636211099,11985,597
29237.046063,2636214395,2636214991,12084,596
29237.058077,2636218184,2636218785,9087,601
29237.070107,2636221997,2636222572,8952,575
29237.082138,2636225789,2636226365,9020,576
29237.094151,2636229564,2636230162,9187,598
29237.106175,2636233378,2636233953,8949,575
29237.118202,2636237258,2636237860,12088,602
29237.130225,2636241118,2636241721,9285,603
29237.142245,2636244960,2636245534,8930,574
29237.154272,2636248912,2636249493,11969,581
29237.166285,2636252677,2636253277,9132,600
29237.178309,2636256630,2636257233,8961,603
29237.227905,2636271790,2636272370,8962,580
29237.259459,2636281651,2636282229,11950,578
29237.269986,2636285026,2636285622,9254,596
29237.282010,2636288874,2636289472,8942,598
29237.294038,2636292642,2636293222,9229,580
29237.306054,2636296403,2636297002,9158,599
29237.318079,2636300201,2636300775,8933,574
29237.330110,2636303994,2636304576,9065,582
29237.342119,2636307812,2636308427,9142,615
29237.354147,2636311650,2636312224,8967,574
29237.366179,2636315439,2636316021,9211,582
29237.378195,2636319246,2636319852,9184,606
29237.390214,2636323108,2636323685,8899,577
29237.402245,2636326903,2636327485,9211,582
29237.414260,2636330690,2636331298,9233,608
29237.426284,2636334511,2636335087,8975,576
29237.438313,2636338335,2636338912,9223,577
29237.450322,2636342278,2636342877,11930,599
29237.462350,2636346272,2636346862,11841,590
29237.474383,2636350076,2636350652,9219,576
29237.486397,2636353870,2636354468,9183,598
29237.498421,2636357674,2636358249,8959,575
29237.510452,2636361469,2636362051,9176,582
29237.522461,2636365272,2636365873,9168,601
29237.534487,2636369101,2636369676,8958,575
29237.546520,2636372865,2636373445,9169,580
29237.558530,2636376658,2636377253,9114,595
29237.570558,2636380485,2636381060,8969,575
29237.582590,2636384296,2636384878,9195,582
29237.594596,2636388135,2636388736,9160,601
29237.611128,2636393251,2636393851,8847,600
29237.623161,2636397251,2636397833,11953,582
29237.635178,2636401079,2636401673,9197,594
29237.647196,2636404890,2636405467,8850,577
29237.659230,2636408827,2636409407,11963,580
29237.671239,2636412739,2636413339,11836,600
29237.683270,2636416634,2636417229,11853,595
29237.695298,2636420558,2636421158,12068,600
29237.707308,2636424504,2636425099,11864,595
29237.719339,2636428397,2636428977,11967,580
29237.729855,2636431739,2636432345,9172,606
29237.741880,2636435573,2636436155,8826,582
29237.753915,2636439363,2636439944,9208,581
29237.765926,2636443175,2636443771,12032,596
29237.777954,2636447004,2636447607,8940,603
29237.789982,2636450877,2636451457,9143,580
29237.801997,2636454683,2636455284,9231,601
29237.814021,2636458498,2636459080,8938,582
29237.826054,2636462270,2636462848,9064,578
29237.838063,2636466069,2636466670,9278,601
29237.866626,2636475028,2636475607,11990,579
29237.878644,2636478990,2636479588,12070,598
29237.890657,2636482998,2636483580,11829,582
29237.902695,2636486839,2636487416,9118,577
29237.914705,2636490607,2636491207,9185,600
29237.926732,2636494358,2636494963,8912,605
29237.938763,2636498209,2636498786,9205,577
29237.950774,2636502048,2636502643,9164,595
29237.962797,2636505866,2636506448,8917,582
29237.974836,2636509713,2636510295,9011,582
29237.986843,2636513495,2636514089,9187,594
29237.998868,2636517299,2636517874,8915,575
29238.010897,2636521126,2636521729,9213,603
29238.022925,2636525123,2636525719,11953,596
29238.034938,2636528922,2636529502,8960,580
29238.046970,2636532723,2636533304,9224,581
29238.058979,2636536528,2636537130,9150,602
29238.071006,2636540359,2636540934,8953,575
29238.083037,2636544419,2636545001,11962,582
29238.095045,2636548412,2636549012,11836,600
29238.107071,2636552478,2636553058,11995,580
29238.119103,2636556506,2636557104,12080,598
29238.131113,2636560559,2636561160,11872,601
29238.143144,2636564452,2636565057,11819,605
29238.155171,2636568476,2636569079,12078,603
29238.167191,2636572313,2636572908,9240,595
29238.179208,2636576127,2636576716,8904,589
29238.191245,2636580043,2636580620,11980,577
29238.203257,2636583985,2636584580,9169,595
29238.215282,2636587906,2636588500,11843,594
29238.227309,2636591872,2636592475,12058,603
29238.239332,2636595809,2636596422,9229,613
29238.249861,2636599256,2636599694,7679,438
29238.261882,2636602974,2636603424,7495,450
29238.273897,2636606753,2636607366,8957,613
29238.285925,2636610645,2636611227,8908,582
29238.297938,2636614465,2636615065,9154,600
29238.309964,2636618319,2636618901,8927,582
29238.321995,2636622267,2636622848,9030,581
29238.334009,2636626055,2636626656,9202,601
29238.346034,2636629915,2636630492,8946,577
29238.358064,2636633673,2636634247,9167,574
29238.370085,2636637429,2636638028,9257,599
29238.382100,2636641396,2636641970,12008,574
29238.394128,2636645284,2636645887,12096,603
29238.406140,2636649334,2636649933,11932,599
29238.418172,2636653170,2636653745,8988,575
29238.430199,2636656970,2636657552,9201,582
29238.442216,2636660718,2636661315,9181,597
29238.454240,2636664514,2636665089,8955,575
29238.466267,2636668440,2636669015,12035,575
29238.478274,2636672384,2636672989,11866,605
29238.490309,2636676186,2636676761,8960,575
29238.502338,2636679954,2636680534,9222,580
29238.514347,2636683751,2636684350,9141,599
29238.526375,2636687545,2636688120,9027,575
29238.538406,2636691308,2636691885,9209,577
29238.550417,2636695089,2636695684,9180,595
29238.562439,2636698905,2636699482,8919,577
29238.574473,2636702684,2636703260,9214,576
29238.586486,2636706448,2636707048,9198,600
29238.598508,2636710438,2636711013,11960,575
29238.610535,2636714197,2636714795,9169,598
29238.627067,2636719411,2636720008,9244,597
29238.805907,2636765317,2636765747,3844,430
29238.817935,2636767951,2636768562,5196,611
29238.829947,2636771263,2636771865,5840,602
29238.841977,2636775043,2636775625,8925,582
29238.854007,2636778822,2636779403,9168,581
29238.866025,2636782619,2636783220,12092,601
29238.878041,2636786490,2636787087,11962,597
29238.890073,2636790244,2636790818,9180,574
29238.902090,2636794024,2636794618,9203,594
29238.914115,2636797838,2636798412,8967,574
29238.926144,2636801619,2636802200,9205,581
29238.938155,2636805397,2636805992,9136,595
29238.950182,2636809188,2636809762,8903,574
29238.962213,2636812952,2636813532,9206,580
29238.974222,2636816721,2636817314,9191,593
29238.986251,2636820550,2636821125,8976,575
29238.998279,2636824556,2636825133,11963,577
29239.010284,2636828508,2636829102,11868,594
29239.022317,2636832362,2636832936,8961,574
29239.034352,2636836124,2636836705,9158,581
29239.046361,2636839931,2636840531,9175,600
29239.058388,2636843750,2636844328,8990,578
29239.070415,2636847534,2636848116,9202,582
29239.082427,2636851319,2636851913,9095,594
29239.094455,2636855258,2636855853,11828,595
29239.106486,2636859069,2636859651,9141,582
29239.118501,2636862931,2636863534,9237,603
29239.130525,2636866701,2636867281,8985,580
29239.142556,2636870465,2636871045,9176,580
29239.154566,2636874271,2636874877,9174,606
29239.166590,2636878074,2636878674,8911,600
29239.178620,2636881902,2636882483,9195,581
29239.190633,2636885674,2636886274,9204,600
29239.202660,2636889455,2636890029,8913,574
29239.214691,2636893432,2636894009,11946,577
29239.225198,2636896812,2636897388,11828,576
29239.313882,2636923681,2636924257,9095,576
29239.334906,2636930181,2636930773,9154,592
29239.346932,2636933961,2636934540,8959,579
29239.358967,2636937750,2636938327,9205,577
29239.370979,2636941585,2636942185,9173,600
29239.383004,2636945351,2636945927,8980,576
29239.395032,2636949155,2636949735,9185,580
29239.407043,2636953136,2636953734,11823,598
29239.419066,2636957216,2636957791,11973,575
29239.431098,2636961323,2636961905,11979,582
29239.443110,2636965348,2636965947,11856,599
29239.455140,2636969309,2636969910,11823,601
29239.467169,2636973155,2636973737,9210,582
29239.479178,2636976937,2636977533,9200,596
29239.491209,2636980798,2636981400,11818,602
29239.503235,2636984734,2636985337,12086,603
29239.515257,2636988706,2636989309,12036,603
29239.527279,2636992598,2636993199,11840,601
29239.539306,2636996559,2636997141,11958,582
29239.551317,2637000454,2637001055,11834,601
29239.563347,2637004354,2637004950,11835,596
29239.573868,2637007672,2637008272,9204,600
29239.585890,2637011504,2637012086,8921,582
29239.597926,2637015306,2637015736,7457,430
29239.609943,2637018969,2637019570,12128,601
29239.621958,2637022827,2637023403,11874,576
29239.692598,2637044515,2637045093,11993,578
29239.826346,2637077100,2637077701,11865,601
29239.838375,2637079988,2637080589,9139,601
29239.850393,2637082959,2637083560,9259,601
29239.862411,2637086750,2637087327,8911,577
29239.874448,2637090552,2637091133,9223,581
29239.886458,2637094349,2637094945,9119,596
29239.898480,2637098314,2637098889,11960,575
29239.910513,2637102242,2637102839,12092,597
29239.922527,2637106057,2637106652,9193,595
29239.934553,2637109870,2637110450,8979,580
29239.946585,2637113678,2637114260,9250,582
29239.958595,2637117480,2637118080,9040,600
29239.970624,2637121287,2637121862,8976,575
29239.982650,2637125082,2637125664,9174,582
29239.994667,2637128887,2637129490,9239,603
29240.006696,2637132655,2637133229,9033,574
29240.018720,2637136464,2637137046,9184,582
29240.030728,2637140343,2637140942,11824,599
29240.041260,2637143734,2637144307,12013,573
29240.071310,2637152912,2637153506,9208,594
29240.083329,2637156692,2637157292,8864,600
29240.093859,2637160025,2637160475,7413,450
29240.105886,2637163707,2637164283,8965,576
29240.117908,2637167500,2637168081,9175,581
29240.129923,2637171296,2637171899,9261,603
29240.141946,2637175125,2637175702,8919,577
29240.153981,2637178880,2637179460,9187,580
29240.165992,2637182716,2637183317,9215,601
29240.178017,2637186524,2637187101,8955,577
29240.190048,2637190278,2637190852,9165,574
29240.202061,2637194048,2637194646,9190,598
29240.214079,2637198010,2637198587,11823,577
29240.226114,2637201884,2637202480,12174,596
29240.238130,2637205698,2637206296,9265,598
29240.326799,2637232934,2637233537,12002,603
29240.338824,2637236781,2637237373,9212,592
29240.350838,2637240589,2637241183,9159,594
29240.362865,2637244400,2637244976,8946,576
29240.374892,2637248217,2637248820,9185,603
29240.386907,2637252040,2637252635,9138,595
29240.398929,2637255865,2637256447,8844,582
29240.410965,2637259715,2637260296,9192,581
29240.422976,2637263531,2637264125,9164,594
29240.434997,2637267377,2637267954,8905,577
29240.447035,2637271358,2637271935,11970,577
29240.459039,2637275369,2637275964,11866,595
29240.471063,2637279408,2637279985,11789,577
29240.483101,2637283350,2637283955,9220,605
29240.495111,2637287237,2637287833,9169,596
29240.507138,2637291214,2637291810,12005,596
29240.519171,2637295218,2637295819,12091,601
29240.531177,2637299144,2637299745,11874,601
29240.543207,2637303101,2637303699,11952,598
29240.555240,2637307104,2637307695,12096,591
29240.567246,2637311025,2637311626,11867,601
29240.579278,2637314965,2637315568,11974,603
29240.591308,2637318974,2637319587,12086,613
29240.603323,2637322917,2637323518,11838,601
29240.615346,2637326733,2637327331,8946,598
29240.625870,2637330149,2637330595,7408,446
29240.637889,2637333860,2637334437,8945,577
29240.649927,2637337855,2637338312,7532,457
29240.661939,2637341596,2637342199,9226,603
29240.673958,2637345466,2637346041,8934,575
29240.685989,2637349297,2637349902,9258,605
29240.698003,2637353204,2637353807,12017,603
29240.710028,2637357081,2637357658,11847,577
29240.722059,2637360890,2637361486,9238,596
29240.734076,2637364771,2637365372,9254,601
29240.746091,2637368590,2637369172,8884,582
29240.758128,2637372393,2637372995,9256,602
29240.770143,2637376247,2637376849,9267,602
29240.782160,2637380083,2637380665,8864,582
29240.794193,2637383900,2637384503,9233,603
29240.806211,2637387765,2637388369,9163,604
29240.818232,2637391615,2637392192,8907,577
29240.830260,2637395594,2637396191,12057,597
29240.842270,2637399540,2637400134,11867,594
29240.854297,2637403490,2637404067,8884,577
29240.866333,2637407333,2637407936,9241,603
29240.878349,2637411210,2637411804,9191,594
29240.890370,2637415050,2637415631,8941,581
29240.902398,2637418885,2637419488,9227,603
29240.914411,2637422878,2637423478,11969,600
29240.926438,2637426869,2637427446,11844,577
29240.938470,2637430690,2637431293,9270,603
29240.950481,2637434532,2637435128,9031,596
29240.962508,2637438384,2637438966,8952,582
29240.974538,2637442218,2637442816,9227,598
29240.986554,2637446071,2637446677,9211,606
29240.998584,2637449910,2637450492,8971,582
29241.010606,2637453746,2637454349,9222,603
29241.022622,2637457607,2637458206,9220,599
29241.034643,2637461460,2637462037,8915,577
29241.046673,2637465441,2637466042,12086,601
29241.057182,2637468982,2637469559,11833,577
29241.094753,2637480747,2637481342,11867,595
29241.106782,2637484594,2637485169,8955,575
29241.118811,2637488444,2637489047,9249,603
29241.130820,2637492430,2637493031,11911,601
29241.142848,2637496433,2637497036,11993,603
29241.154879,2637500312,2637500903,9209,591
29241.166892,2637504130,2637504731,9234,601
29241.178912,2637507951,2637508527,8882,576
29241.190946,2637511792,2637512400,9252,608
29241.202962,2637515613,2637516216,9259,603
29241.214982,2637519446,2637520024,8863,578
29241.227016,2637523300,2637523903,9229,603
29241.239023,2637527307,2637527912,11867,605
29241.251056,2637531383,2637531986,12028,603
29241.263084,2637535549,2637536147,12088,598
29241.275095,2637539623,2637540224,11866,601
29241.287119,2637543668,2637544245,11831,577
29241.299155,2637547727,2637548328,12140,601
29241.311166,2637551558,2637552158,9201,600
29241.323191,2637555503,2637556109,11986,606
29241.335221,2637559515,2637560118,12077,603
29241.347237,2637563447,2637564048,11838,601
29241.359260,2637567431,2637568029,11984,598
29241.371292,2637571455,2637572053,12080,598
29241.383298,2637575390,2637575991,11865,601
29241.395337,2637579372,2637579954,11908,582
29241.407359,2637583365,2637583973,12083,608
29241.417869,2637586743,2637587319,8892,576
29241.429910,2637590556,2637591012,7524,456
29241.441916,2637594279,2637594730,7309,451
29241.453939,2637597971,2637598547,8885,576
29241.465974,2637601943,2637602538,12182,595
29241.477991,2637605821,2637606423,9240,602
29241.490011,2637609687,2637610263,8930,576
29241.502041,2637613490,2637614093,9243,603
29241.514058,2637617368,2637617976,9288,608
29241.526073,2637621287,2637621869,11830,582
29241.538110,2637625096,2637625691,9234,595
29241.550128,2637628958,2637629561,9279,603
29241.562143,2637632792,2637633369,8902,577
29241.574179,2637636611,2637637215,9240,604
29241.586194,2637640471,2637641066,9185,595
29241.598215,2637644290,2637644888,8922,598
29241.610247,2637648134,2637648736,9209,602
29241.622254,2637652103,2637652707,11868,604
29241.662830,2637664851,2637665446,11869,595
29241.673366,2637668374,2637668969,12167,595
29241.867233,2637712517,2637713118,9189,601
29241.879238,2637715780,2637716382,9060,602
29241.889776,2637718579,2637719170,7425,591
29241.903302,2637722813,2637723416,9208,603
29241.915312,2637726774,2637727370,11868,596
29241.927338,2637730730,2637731306,11815,576
29241.937864,2637734109,2637734707,9249,598
29241.949882,2637737996,2637738571,8920,575
29241.961916,2637741798,2637742399,9274,601
29241.973932,2637745683,2637746282,9246,599
29241.985955,2637749540,2637750117,8965,577
29241.997986,2637753340,2637753943,9198,603
29242.010002,2637757227,2637757825,9240,598
29242.022023,2637761091,2637761672,8928,581
29242.034052,2637764907,2637765508,9231,601
29242.046068,2637768879,2637769477,12021,598
29242.058089,2637772835,2637773433,11980,598
29242.070122,2637776667,2637777260,9250,593
29242.082139,2637780534,2637781132,9227,598
29242.094160,2637784390,2637784993,8945,603
29242.106189,2637788274,2637788880,9223,606
29242.118207,2637792105,2637792699,9177,594
29242.130227,2637795947,2637796525,8908,578
29242.142257,2637799909,2637800507,12099,598
29242.154274,2637803758,2637804347,9104,589
29242.166296,2637807601,2637808179,8900,578
29242.178326,2637811434,2637812037,9213,603
29242.190339,2637815288,2637815885,8952,597
29242.202366,2637819136,2637819712,8985,576
29242.214395,2637822932,2637823538,9262,606
29242.226414,2637826810,2637827418,9206,608
29242.238441,2637830657,2637831232,8979,575
29242.250463,2637834502,2637835110,9250,608
29242.262471,2637838476,2637839082,11874,606
29242.274500,2637842470,2637843073,11968,603
29242.286534,2637846349,2637846947,9234,598
29242.298550,2637850200,2637850796,9200,596
29242.310571,2637854059,2637854641,8891,582
29242.322601,2637857904,2637858504,9274,600
29242.334617,2637861733,2637862327,9237,594
29242.346631,2637865717,2637866294,11797,577
29242.358668,2637869666,2637870273,12162,607
29242.370684,2637873541,2637874131,9190,590
29242.382707,2637877383,2637877961,8930,578
29242.394739,2637881233,2637881841,9267,608
29242.406753,2637885069,2637885670,9193,601
29242.418777,2637888938,2637889514,8962,576
29242.430807,2637892763,2637893366,9244,603
29242.442821,2637896613,2637897211,9271,598
29242.454841,2637900437,2637901017,8866,580
29242.466873,2637904281,2637904889,9226,608
29242.478880,2637908223,2637908819,11880,596
29242.489415,2637911769,2637912365,12075,596
29242.566063,2637935456,2637936052,12129,596
29242.578082,2637939296,2637939899,9187,603
29242.590103,2637943121,2637943723,8963,602
29242.602133,2637946960,2637947555,9252,595
29242.614149,2637950819,2637951417,9283,598
29242.626166,2637954777,2637955360,11814,583
29242.638201,2637958601,2637959207,9224,606
29242.650217,2637962452,2637963053,9150,601
29242.662235,2637966451,2637967027,11852,576
29242.674268,2637970413,2637971016,12119,603
29242.686284,2637974315,2637974923,9060,608
29242.698307,2637978210,2637978787,8920,577
29242.710338,2637982042,2637982645,9246,603
29242.722353,2637985884,2637986488,9183,604
29242.734385,2637989757,2637990339,8972,582
29242.746408,2637993628,2637994235,9266,607
29242.758426,2637997647,2637998245,12073,598
29242.770442,2638001473,2638002049,8909,576
29242.782477,2638005300,2638005897,9235,597
29242.794488,2638009131,2638009737,9188,606
29242.806509,2638012953,2638013532,8856,579
29242.818546,2638016762,2638017369,9314,607
29242.830560,2638020609,2638021204,9169,595
29242.842579,2638024465,2638025047,8873,582
29242.854614,2638028299,2638028905,9245,606
29242.866628,2638032180,2638032786,9225,606
29242.878642,2638036203,2638036780,11785,577
29242.890681,2638040205,2638040808,12147,603
29242.902697,2638044078,2638044673,9234,595
29242.914718,2638047930,2638048507,8943,577
29242.926751,2638051788,2638052396,9267,608
29242.938768,2638055659,2638056266,9257,607
29242.950788,2638059532,2638060109,8926,577
29242.962816,2638063398,2638064001,9171,603
29242.974824,2638067342,2638067937,11869,595
29242.986855,2638071163,2638071760,8942,597
29242.998886,2638075042,2638075639,9262,597
29243.010897,2638078832,2638079433,9203,601
29243.022920,2638082651,2638083229,8907,578
29243.034951,2638086531,2638087138,9259,607
29243.046969,2638090385,2638090986,9188,601
29243.058988,2638094190,2638094767,8866,577
29243.071023,2638098161,2638098768,12079,607
29243.083040,2638102171,2638102772,11844,601
29243.095058,2638106254,2638106836,8934,582
29243.105584,2638109745,2638110348,9271,603
29243.143161,2638121589,2638122197,12082,608
29243.155168,2638125579,2638126182,11829,603
29243.167194,2638129566,2638130143,11825,577
29243.179228,2638133568,2638134171,12065,603
29243.191247,2638137613,2638138211,12041,598
29243.203269,2638141581,2638142179,12006,598
29243.215298,2638145591,2638146194,12085,603
29243.227306,2638149531,2638150131,11868,600
29243.239337,2638153585,2638154199,12001,614
29243.249860,2638157085,2638157544,7408,459
29243.261880,2638160887,2638161319,7511,432
29243.273917,2638164598,2638165065,7489,467
29243.285929,2638168408,2638169011,9286,603
29243.297944,2638172402,2638172983,8887,581
29243.309980,2638176247,2638176860,9211,613
29243.332331,2638183760,2638184362,12018,602
29243.346048,2638188171,2638188774,12031,603
29243.358070,2638192065,2638192673,9203,608
29243.370089,2638195962,2638196560,8985,598
29243.382116,2638199840,2638200443,8944,603
29243.394140,2638203737,2638204334,9205,597
29243.406158,2638207607,2638208210,8960,603
29243.418184,2638211509,2638212112,8939,603
29243.430207,2638215379,2638215992,9074,613
29243.442226,2638219280,2638219883,8953,603
29243.454253,2638223179,2638223780,8922,601
29243.466277,2638227066,2638227669,9243,603
29243.478299,2638231097,2638231695,12039,598
29243.490320,2638235113,2638235716,12047,603
29243.502343,2638239011,2638239614,9246,603
29243.514362,2638242937,2638243540,8972,603
29243.526389,2638246825,2638247428,8961,603
29243.538411,2638250706,2638251313,9175,607
29243.550430,2638254587,2638255190,8980,603
29243.562457,2638258486,2638259089,8961,603
29243.574481,2638262392,2638262995,9227,603
29243.586499,2638266284,2638266882,8985,598
29243.598525,2638270186,2638270794,8955,608
29243.610549,2638274076,2638274679,9237,603
29243.622568,2638277968,2638278567,9005,599
29243.639100,2638283244,2638283853,8934,609
29243.651124,2638287361,2638287964,12074,603
29243.663142,2638291287,2638291889,8992,602
29243.675169,2638295249,2638295852,8913,603
29243.687196,2638299279,2638299875,12089,596
29243.699211,2638303318,2638303921,12011,603
29243.711242,2638307493,2638308101,12049,608
29243.723262,2638311548,2638312146,12080,598
29243.735281,2638315576,2638316173,12011,597
29243.747311,2638319602,2638320205,12052,603
29243.759332,2638323628,2638324231,12081,603
29243.771350,2638327667,2638328274,12012,607
29243.781876,2638331089,2638331686,9239,597
29243.793896,2638335014,2638335461,7578,447
29243.805922,2638338746,2638339354,8934,608
29243.817946,2638342635,2638343243,9203,608
29243.829964,2638346656,2638347254,8957,598
29243.841990,2638350542,2638351150,8901,608
29243.854014,2638354430,2638355034,9233,604
29243.866032,2638358325,2638358923,8915,598
29243.878058,2638362279,2638362886,12045,607
29243.890082,2638366273,2638366876,12101,603
29243.902101,2638370178,2638370781,8951,603
29243.914127,2638374345,2638374943,12056,598
29243.926148,2638378244,2638378851,9060,607
29243.938166,2638382132,2638382745,8945,613
29243.950195,2638386032,2638386634,8905,602
29243.962217,2638390088,2638390691,12086,603
29243.974241,2638393992,2638394595,9014,603
29243.986262,2638397887,2638398506,8941,619
29243.996776,2638401430,2638402038,11991,608
29244.014811,2638407209,2638407806,8927,597
29244.026838,2638411105,2638411713,8977,608
29244.038863,2638414989,2638415597,9271,608
29244.050881,2638418882,2638419484,8978,602
29244.062907,2638422762,2638423371,8961,609
29244.074929,2638426642,2638427250,9052,608
29244.086948,2638430551,2638431152,8988,601
29244.098976,2638434433,2638435041,8932,608
29244.111000,2638438477,2638439085,12120,608
29244.123022,2638442624,2638443227,12076,603
29244.135047,2638446722,2638447325,12044,603
29244.147070,2638450873,2638451476,12076,603
29244.159088,2638455031,2638455634,12054,603
29244.171116,2638459183,2638459785,12042,602
29244.183139,2638463348,2638463946,12088,598
29244.195156,2638467288,2638467890,8983,602
29244.207182,2638471366,2638471969,12051,603
29244.219209,2638475387,2638475984,12085,597
29244.231224,2638479399,2638480002,12012,603
29244.243254,2638483418,2638484021,12081,603
29244.255276,2638487439,2638488048,12067,609
29244.267294,2638491466,2638492075,12009,609
29244.279319,2638495426,2638496034,8932,608
29244.291344,2638499313,2638499921,9209,608
29244.301866,2638502726,2638503329,8971,603
29244.313889,2638506641,2638507249,9245,608
29244.325906,2638510548,2638511151,8926,603
29244.337932,2638514455,2638515058,8929,603
29244.349956,2638518362,2638518964,9226,602
29244.361974,2638522264,2638522867,8982,603
29244.374000,2638526171,2638526778,8938,607
29244.386021,2638530088,2638530696,9179,608
29244.398042,2638534003,2638534606,8935,603
29244.410069,2638537960,2638538563,12051,603
29244.422093,2638541850,2638542463,9031,613
29244.434111,2638545769,2638546372,8945,603
29244.446137,2638549649,2638550252,8906,603
29244.458162,2638553525,2638554138,9234,613
29244.470185,2638557439,2638558049,9004,610
29244.482207,2638561487,2638562085,12039,598
29244.494229,2638565510,2638566113,12082,603
29244.506244,2638569526,2638570129,11979,603
29244.518275,2638573415,2638574018,8931,603
29244.530300,2638577318,2638577921,9184,603
29244.542318,2638581199,2638581802,8966,603
29244.554345,2638585094,2638585696,8921,602
29244.566370,2638588997,2638589600,9247,603
29244.578387,2638592897,2638593500,8967,603
29244.590414,2638596793,2638597396,8955,603
29244.602437,2638600692,2638601305,9231,613
29244.614455,2638604586,2638605189,8960,603
29244.626483,2638608623,2638609231,12043,608
29244.638506,2638612525,2638613128,9253,603
29244.650524,2638616434,2638617037,9026,603
29244.662550,2638620341,2638620944,8984,603
29244.674573,2638624222,2638624825,9190,603
29244.686593,2638628113,2638628714,9013,601
29244.698618,2638632025,2638632628,8956,603
29244.710642,2638636055,2638636658,12088,603
29244.722657,2638640112,2638640715,11978,603
29244.734686,2638644027,2638644625,8922,598
29244.746711,2638647939,2638648542,9224,603
29244.758728,2638651831,2638652428,8972,597
29244.770756,2638655711,2638656324,8943,613
29244.782777,2638659614,2638660217,9240,603
29244.794796,2638663515,2638664113,8944,598
29244.806823,2638667420,2638668028,8909,608
29244.818845,2638671462,2638672069,12041,607
29244.830865,2638675507,2638676110,12014,603
29244.842890,2638679399,2638680002,8931,603
29244.854915,2638683280,2638683883,9206,603
29244.866936,2638687168,2638687776,9005,608
29244.878959,2638691075,2638691683,8913,608
29244.890981,2638694960,2638695573,9220,613
29244.910521,2638701375,2638701978,12044,603
29244.922543,2638705417,2638706025,12096,608
29244.934563,2638709324,2638709927,8990,603
29244.946588,2638713385,2638713993,12088,608
29244.958613,2638717289,2638717892,9207,603
29244.970630,2638721171,2638721777,8973,606
29244.981156,2638724722,2638725330,12081,608
29245.023233,2638738267,2638738880,12040,613
29245.035258,2638742305,2638742903,12085,598
29245.047275,2638746337,2638746945,12014,608
29245.059304,2638750372,2638750975,12041,603
29245.071326,2638754402,2638755005,12134,603
29245.083345,2638758431,2638759029,12018,598
29245.093876,2638761858,2638762316,7497,458
29245.105889,2638765629,2638766082,7581,453
29245.117916,2638769378,2638769981,8928,603
29245.129940,2638773290,2638773898,9193,608
29245.141959,2638777321,2638777924,8988,603
29245.153986,2638781208,2638781816,8948,608
29245.166008,2638785104,2638785707,9045,603
29245.178027,2638789009,2638789612,8945,603
29245.190054,2638792921,2638793529,8940,608
29245.202077,2638796850,2638797453,9219,603
29245.214099,2638800747,2638801356,8992,609
29245.226123,2638804785,2638805393,12039,608
29245.238144,2638808831,2638809433,12108,602
29245.250165,2638812740,2638813348,9003,608
29245.262191,2638816638,2638817241,8939,603
29245.274214,2638820505,2638821108,9207,603
29245.286232,2638824405,2638825010,8888,605
29245.298261,2638828307,2638828909,8968,602
29245.310283,2638832360,2638832963,12083,603
29245.322298,2638836407,2638837015,11988,608
29245.334328,2638840304,2638840902,8930,598
29245.346350,2638844350,2638844952,9213,602
29245.358369,2638848240,2638848843,8996,603
29245.370395,2638852114,2638852717,8946,603
29245.382419,2638856007,2638856615,9239,608
29245.394437,2638859905,2638860508,8943,603
29245.406464,2638863791,2638864394,8943,603
29245.418487,2638867678,2638868291,9206,613
29245.430505,2638871587,2638872190,8957,603
29245.442532,2638875636,2638876244,12041,608
29245.454554,2638879683,2638880286,12088,603
29245.466574,2638883577,2638884185,8950,608
29245.478600,2638887474,2638888076,8940,602
29245.490625,2638891362,2638891970,9216,608
29245.502643,2638895261,2638895867,8982,606
29245.514669,2638899175,2638899778,8920,603
29245.526693,2638903201,2638903814,12090,613
29245.538708,2638907248,2638907846,11976,598
29245.550739,2638911149,2638911757,8928,608
29245.562762,2638915056,2638915663,9019,607
29245.574781,2638918972,2638919575,8947,603
29245.586808,2638922847,2638923449,8941,602
29245.598831,2638926731,2638927338,9267,607
29245.610852,2638930641,2638931254,9022,613
29245.622875,2638934570,2638935177,8894,607
29245.634899,2638938467,2638939085,9274,618
29245.646917,2638942365,2638942968,8960,603
29245.658946,2638946405,2638947008,12043,603
29245.670966,2638950313,2638950921,9229,608
29245.682985,2638954207,2638954814,8968,607
29245.695012,2638958123,2638958736,8918,613
29245.707036,2638962028,2638962636,9194,608
29245.719055,2638966170,2638966776,12015,606
29245.731083,2638970315,2638970918,12045,603
29245.743104,2638974436,2638975039,12076,603
29245.755121,2638978567,2638979171,12010,604
29245.767150,2638982676,2638983279,12043,603
29245.779170,2638986737,2638987340,12088,603
29245.791190,2638990766,2638991369,12038,603
29245.803219,2638994793,2638995395,12040,602
29245.815241,2638998822,2638999425,12107,603
29245.827256,2639002867,2639003475,12020,608
29245.839285,2639006764,2639007371,8889,607
29245.851311,2639010809,2639011428,12085,619
29245.863329,2639014868,2639015471,12015,603
29245.875356,2639018904,2639019506,12040,602
29245.885872,2639022333,2639022938,8975,605
29245.897898,2639026243,2639026850,8917,607
29245.909928,2639030175,2639030633,7609,458
29245.921938,2639033935,2639034532,11992,597
29245.933967,2639037821,2639038419,8940,598
29245.945992,2639041715,2639042318,9196,603
29245.958015,2639045605,2639046212,8986,607
29245.970038,2639049486,2639050094,8928,608
29245.982060,2639053452,2639054060,12098,608
29246.063214,2639079197,2639079804,12086,607
29246.075232,2639083231,2639083839,12027,608
29246.087260,2639087257,2639087860,12049,603
29246.099283,2639091273,2639091881,12076,608
29246.111299,2639095164,2639095772,8979,608
29246.123326,2639099066,2639099669,8916,603
29246.135352,2639103092,2639103693,12084,601
29246.145872,2639106513,2639107116,8938,603
29246.157894,2639110572,2639111175,9074,603
29246.169913,2639114475,2639115072,8945,597
29246.181939,2639118384,2639118987,8895,603
29246.193963,2639122277,2639122891,9259,614
29246.205985,2639126174,2639126781,8992,607
29246.218007,2639130093,2639130695,8932,602
29246.230032,2639133981,2639134584,9265,603
29246.242046,2639137919,2639138517,11991,598
29246.254076,2639141907,2639142510,12034,603
29246.266100,2639145812,2639146415,9235,603
29246.278118,2639149715,2639150318,8978,603
29246.290144,2639153612,2639154210,8937,598
29246.302169,2639157492,2639158094,9204,602
29246.314186,2639161384,2639161987,8926,603
29246.326214,2639165431,2639166039,12085,608
29246.338234,2639169448,2639170051,12128,603
29246.350255,2639173337,2639173940,8948,603
29246.362283,2639177387,2639178000,8949,613
29246.374308,2639181284,2639181881,9251,597
29246.386325,2639185177,2639185780,8990,603
29246.398352,2639189064,2639189667,8941,603
29246.410375,2639192981,2639193588,9249,607
29246.422393,2639196882,2639197485,8977,603
29246.434421,2639200788,2639201401,8958,613
29246.446445,2639204678,2639205281,9256,603
29246.458461,2639208740,2639209338,12009,598
29246.470489,2639212775,2639213384,12053,609
29246.482513,2639216663,2639217271,9242,608
29246.494531,2639220565,2639221174,9004,609
29246.506557,2639224460,2639225063,8902,603
29246.518582,2639228337,2639228941,9256,604
29246.530599,2639232249,2639232853,8984,604
29246.542626,2639236301,2639236904,12041,603
29246.554649,2639240354,2639240962,12041,608
29246.566668,2639244273,2639244876,8968,603
29246.578694,2639248165,2639248768,8946,603
29246.590719,2639252047,2639252650,9204,603
29246.602741,2639255938,2639256546,8987,608
29246.614763,2639259831,2639260439,8959,608
29246.626787,2639263711,2639264318,9193,607
29246.662853,2639275282,2639275890,12114,608
29246.674874,2639279356,2639279958,12007,602
29246.686901,2639283400,2639284003,12039,603
29246.698921,2639287311,2639287914,9242,603
29246.710941,2639291192,2639291800,8974,608
29246.722967,2639295089,2639295697,8949,608
29246.734991,2639298983,2639299583,9221,600
29246.747009,2639302900,2639303503,8985,603
29246.759038,2639306998,2639307601,12063,603
29246.771057,2639311127,2639311735,12089,608
29246.783077,2639315276,2639315874,12018,598
29246.795104,2639319325,2639319933,12040,608
29246.807129,2639323436,2639324039,12128,603
29246.819145,2639327512,2639328120,12013,608
29246.831173,2639331554,2639332157,12042,603
29246.843194,2639335452,2639336055,9184,603
29246.855213,2639339449,2639340046,8953,597
29246.867243,2639343488,2639344096,12040,608
29246.879263,2639347516,2639348124,12071,608
29246.891283,2639351635,2639352238,12014,603
29246.903309,2639355684,2639356287,12040,603
29246.915334,2639359689,2639360297,12082,608
29246.925859,2639363128,2639363586,7699,458
29246.937884,2639366894,2639367352,7510,458
29246.949899,2639370634,2639371232,8985,598
29246.961923,2639374529,2639375137,8958,608
29246.973948,2639378574,2639379180,9192,606
29246.985962,2639382509,2639383118,11995,609
29246.997993,2639386432,2639387040,8920,608
29247.010015,2639390340,2639390943,9210,603
29247.022034,2639394244,2639394848,8920,604
29247.034061,2639398261,2639398867,12041,606
29247.046083,2639402239,2639402842,12091,603
29247.058099,2639406270,2639406867,11979,597
29247.070130,2639410285,2639410894,12043,609
29247.082153,2639414184,2639414792,9227,608
29247.094171,2639418086,2639418693,8963,607
29247.106198,2639422005,2639422608,8928,603
29247.118222,2639425891,2639426493,9252,602
29247.130240,2639429820,2639430423,8986,603
29247.142265,2639433861,2639434459,12055,598
29247.154288,2639437863,2639438471,12089,608
29247.166309,2639441795,2639442393,8981,598
29247.178333,2639445736,2639446343,8904,607
29247.190358,2639449627,2639450235,9204,608
29247.202375,2639453536,2639454144,9011,608
29247.214402,2639457414,2639458026,8925,612
29247.226427,2639461309,2639461911,9200,602
29247.238444,2639465208,2639465811,8962,603
29247.250471,2639469098,2639469706,8928,608
29247.262495,2639473007,2639473605,9241,598
29247.274511,2639477046,2639477644,12013,598
29247.286539,2639481090,2639481698,12040,608
29247.298561,2639485009,2639485617,9025,608
29247.310581,2639488916,2639489519,8983,603
29247.322608,2639492959,2639493568,9223,609
29247.375196,2639509391,2639509997,11870,606
29247.387225,2639513429,2639514032,11984,603
29247.399255,2639517456,2639518059,12095,603
29247.411266,2639521413,2639522009,11870,596
29247.423288,2639525393,2639525975,11830,582
29247.435321,2639529391,2639530004,12070,613
29247.447338,2639533388,2639533989,11858,601
29247.457873,2639536796,2639537252,7559,456
29247.469889,2639540547,2639541000,7384,453
29247.481907,2639544280,2639544858,8923,578
29247.493936,2639548117,2639548719,9224,602
29247.505954,2639551999,2639552599,9182,600
29247.517971,2639555842,2639556423,8922,581
29247.530007,2639559633,2639560240,9298,607
29247.542020,2639563545,2639564148,12022,603
29247.554042,2639567495,2639568092,11970,597
29247.566073,2639571330,2639571931,9272,601
29247.578090,2639575164,2639575765,9169,601
29247.590110,2639579036,2639579614,8916,578
29247.602143,2639582856,2639583459,9240,603
29247.614160,2639586732,2639587340,9263,608
29247.626175,2639590749,2639591327,11815,578
29247.638212,2639594549,2639595156,9259,607
29247.650229,2639598426,2639599033,9212,607
29247.662250,2639602330,2639602908,8925,578
29247.674278,2639606302,2639606899,12141,597
29247.686286,2639610312,2639610913,11869,601
29247.698316,2639614161,2639614765,8937,604
29247.710347,2639618050,2639618652,9215,602
29247.722364,2639621897,2639622498,9172,601
29247.734382,2639625722,2639626303,8897,581
29247.746411,2639629543,2639630145,9243,602
29247.758432,2639633423,2639634024,9191,601
29247.770454,2639637409,2639638013,11984,604
29247.782484,2639641277,2639641870,9222,593
29247.794497,2639645293,2639645894,9003,601
29247.806523,2639649166,2639649744,8924,578
29247.818554,2639653006,2639653609,9245,603
29247.830570,2639656852,2639657453,9169,601
29247.842600,2639660697,2639661280,8986,583
29247.854621,2639664567,2639665169,9267,602
29247.866636,2639668405,2639669005,9218,600
29247.878660,2639672261,2639672844,8939,583
29247.890687,2639676253,2639676856,12054,603
29247.902697,2639680240,2639680841,11863,601
29247.914730,2639684076,2639684653,8933,577
29247.926758,2639687927,2639688529,9236,602
29247.938774,2639691805,2639692406,9219,601
29247.950794,2639695657,2639696232,8887,575
29247.962828,2639699495,2639700093,9251,598
29247.974834,2639703471,2639704072,11867,601
29247.986865,2639707481,2639708079,11972,598
29247.998894,2639711393,2639711991,9260,598
29248.010910,2639715266,2639715867,9193,601
29248.022931,2639719110,2639719687,8939,577
29248.034963,2639722971,2639723578,9253,607
29248.046979,2639726834,2639727437,9262,603
29248.058998,2639730666,2639731243,8928,577
29248.071030,2639734621,2639735219,9209,598
29248.083042,2639738649,2639739254,11872,605
29248.095070,2639742729,2639743326,12009,597
29248.107101,2639746796,2639747399,12085,603
29248.119108,2639750811,2639751412,11868,601
29248.131140,2639754820,2639755403,11848,583
29248.143167,2639758916,2639759519,12089,603
29248.155180,2639762771,2639763360,9212,589
29248.167202,2639766724,2639767298,11847,574
29248.179235,2639770710,2639771313,12071,603
29248.191254,2639774659,2639775260,11841,601
29248.203276,2639778641,2639779238,11968,597
29248.215306,2639782641,2639783233,12086,592
29248.227314,2639786558,2639787159,11869,601
29248.239352,2639790535,2639791139,12021,604
29248.249868,2639793948,2639794555,9285,607
29248.261895,2639797847,2639798465,9003,618
29248.273926,2639801816,2639802284,7479,468
29248.285935,2639805651,2639806270,11988,619
29248.297965,2639809628,2639810241,8963,613
29248.309988,2639813568,2639814176,9245,608
29248.322007,2639817505,2639818119,8947,614
29248.334023,2639821425,2639822001,8906,576
29248.346057,2639825291,2639825899,9236,608
29248.358074,2639829205,2639829808,9256,603
29248.370088,2639833159,2639833742,11811,583
29248.382125,2639836974,2639837569,9239,595
29248.394143,2639840839,2639841437,9215,598
29248.406162,2639844703,2639845281,8893,578
29248.418192,2639848515,2639849117,9243,602
29248.430210,2639852402,2639853010,9260,608
29248.442230,2639856280,2639856883,8982,603
29248.454263,2639860122,2639860734,9262,612
29248.466280,2639864024,2639864636,9241,612
29248.478297,2639867893,2639868470,8904,577
29248.490328,2639871859,2639872461,12083,602
29248.502337,2639875873,2639876479,11865,606
29248.514368,2639879733,2639880310,8944,577
29248.526400,2639883595,2639884202,9257,607
29248.538410,2639887471,2639888072,8961,601
29248.550436,2639891345,2639891921,8921,576
29248.562469,2639895206,2639895814,9278,608
29248.574475,2639899232,2639899833,11884,601
29248.586511,2639903228,2639903831,12027,603
29248.598536,2639907103,2639907698,9197,595
29248.610552,2639911113,2639911714,9219,601
29248.622573,2639914963,2639915540,8917,577
29248.711251,2639942523,2639943119,12099,596
29248.723261,2639946490,2639947091,11877,601
29248.735293,2639950453,2639951051,12042,598
29248.747317,2639954467,2639955065,12078,598
29248.759325,2639958421,2639959016,11874,595
29248.771357,2639962376,2639962958,11841,582
29248.781881,2639965752,2639966356,9261,604
29248.793898,2639969666,2639970242,8903,576
29248.805928,2639973500,2639974107,9299,607
29248.817946,2639977410,2639978014,9234,604
29248.983267,2640019967,2640020549,11896,582
29249.007306,2640024385,2640024964,8913,579
29249.019334,2640027812,2640028415,12098,603
29249.029851,2640031194,2640031776,8969,582
29249.041880,2640035026,2640035622,9239,596
29249.053899,2640038890,2640039493,9233,603
29249.065915,2640042726,2640043307,8906,581
29249.077949,2640046571,2640047166,9235,595
29249.089962,2640050475,2640051073,12023,598
29249.101986,2640054332,2640054935,12000,603
29249.114017,2640058206,2640058808,9237,602
29249.126034,2640062062,2640062665,9278,603
29249.138050,2640065900,2640066483,8861,583
29249.150087,2640069728,2640070333,9245,605
29249.162104,2640073610,2640074208,9274,598
29249.174119,2640077441,2640078018,8916,577
29249.186154,2640081254,2640081855,9208,601
29249.198171,2640085168,2640085766,9272,598
29249.210189,2640089002,2640089580,8922,578
29249.222222,2640092871,2640093473,9218,602
29249.234238,2640096811,2640097415,9303,604
29249.246258,2640100668,2640101245,8882,577
29249.258292,2640104467,2640105068,9236,601
29249.270309,2640108323,2640108921,9279,598
29249.282326,2640112153,2640112733,8880,580
29249.294359,2640115994,2640116596,9254,602
29249.306370,2640120005,2640120600,11928,595
29249.318397,2640123986,2640124593,11979,607
29249.330430,2640127843,2640128441,9265,598
29249.342445,2640131698,2640132299,9213,601
29249.354463,2640135521,2640136099,8882,578
29249.366496,2640139355,2640139957,9223,602
29249.378514,2640143182,2640143777,9200,595
29249.390531,2640147025,2640147602,8907,577
29249.402563,2640150990,2640151593,12061,603
29249.414582,2640154811,2640155406,9212,595
29249.426600,2640158854,2640159436,8899,582
29249.438633,2640162714,2640163312,9250,598
29249.450651,2640166549,2640167151,9249,602
29249.462669,2640170407,2640170984,8906,577
29249.474702,2640174244,2640174846,9223,602
29249.486719,2640178104,2640178712,9230,608
29249.498737,2640181954,2640182530,8844,576
29249.510770,2640185822,2640186420,9278,598
29249.522779,2640189828,2640190429,11905,601
29249.534808,2640193823,2640194426,11966,603
29249.546841,2640197662,2640198263,9286,601
29249.558854,2640201526,2640202122,9201,596
29249.570871,2640205361,2640205939,8837,578
29249.582905,2640209227,2640209838,9294,611
29249.594924,2640213056,2640213662,9182,606
29249.606941,2640216898,2640217481,8857,583
29249.618974,2640220912,2640221509,12091,597
29249.633993,2640225815,2640226399,11859,584
29249.734680,2640257041,2640257642,11870,601
29249.746712,2640260882,2640261459,8957,577
29249.758743,2640264727,2640265329,9177,602
29249.770760,2640268596,2640269197,9218,601
29249.782778,2640272453,2640273033,8916,580
29249.799317,2640277724,2640278336,9219,612
29249.811329,2640281702,2640282302,11869,600
29249.823352,2640285677,2640286254,11825,577
29249.833882,2640289075,2640289678,9272,603
29249.845897,2640292906,2640293482,8885,576
29249.857933,2640296716,2640297322,9256,606
29249.869949,2640300623,2640301226,9228,603
29249.881966,2640304476,2640305051,8932,575
29249.894000,2640308324,2640308926,9235,602
29249.906016,2640312213,2640312816,12027,603
29249.918037,2640316121,2640316728,11987,607
29249.930070,2640319966,2640320562,9288,596
29249.942086,2640323830,2640324426,9147,596
29249.954104,2640327657,2640328219,8864,562
29249.966139,2640331465,2640332066,9250,601
29249.978154,2640335346,2640335949,9250,603
29250.026238,2640350446,2640351023,11829,577
29250.038275,2640354316,2640354919,9243,603
29250.050292,2640358168,2640358772,9275,604
29250.062309,2640362000,2640362583,8902,583
29250.074345,2640365815,2640366416,9302,601
29250.086361,2640369697,2640370295,9263,598
29250.098378,2640373527,2640374103,8919,576
29250.110412,2640377367,2640377970,9253,603
29250.122427,2640381250,2640381856,9209,606
29250.134450,2640385234,2640385836,11984,602
29250.146480,2640389101,2640389698,9229,597
29250.158496,2640392963,2640393563,9219,600
29250.170515,2640396789,2640397372,8851,583
29250.182550,2640400609,2640401214,9279,605
29250.194565,2640404489,2640405085,9181,596
29250.206583,2640408322,2640408899,8873,577
29250.218619,2640412155,2640412756,9291,601
29250.230634,2640415992,2640416588,9173,596
29250.242656,2640419831,2640420408,8929,577
29250.254686,2640423654,2640424262,9245,608
29250.266702,2640427520,2640428122,9237,602
29250.278720,2640431368,2640431946,8873,578
29250.290756,2640435179,2640435776,9326,597
29250.302772,2640439071,2640439674,9285,603
29250.314789,2640442902,2640443483,8941,581
29250.326823,2640446749,2640447352,9277,603
29250.338831,2640450730,2640451331,11869,601
29250.350860,2640454725,2640455333,11974,608
29250.362891,2640458585,2640459183,9201,598
29250.374906,2640462417,2640463013,9218,596
29250.386925,2640466244,2640466822,8888,578
29250.398958,2640470114,2640470721,9224,607
29250.410974,2640473953,2640474558,9240,605
29250.422993,2640477793,2640478370,8892,577
29250.435026,2640481653,2640482256,9229,603
29250.447035,2640485717,2640486308,11909,591
29250.459066,2640489765,2640490348,11878,583
29250.471096,2640493863,2640494471,12083,608
29250.483104,2640497909,2640498505,11871,596
29250.495135,2640501956,2640502539,11839,583
29250.507163,2640505850,2640506457,9248,607
29250.519182,2640509747,2640510355,9285,608
29250.531197,2640513737,2640514318,11829,581
29250.543232,2640517730,2640518327,12072,597
29250.555244,2640521722,2640522323,11845,601
29250.567272,2640525691,2640526294,11976,603
29250.579304,2640529702,2640530299,12087,597
29250.591309,2640533642,2640534242,11869,600
29250.603342,2640537596,2640538174,11846,578
29250.613863,2640540983,2640541596,9228,613
29250.625886,2640544907,2640545338,7499,431
29250.637920,2640548636,2640549093,7512,457
29250.648431,2640551982,2640552434,7618,452
29250.758136,2640585675,2640586276,9139,601
29250.770154,2640589507,2640590084,8890,577
29250.782190,2640593347,2640593952,9214,605
29250.794207,2640597205,2640597805,9145,600
29250.806224,2640601028,2640601610,8881,582
29250.818259,2640604848,2640605449,9249,601
29250.830275,2640608699,2640609300,9198,601
29250.842292,2640612550,2640613128,8836,578
29250.854326,2640616431,2640617039,9210,608
29250.866343,2640620328,2640620926,9256,598
29250.878363,2640624190,2640624767,8928,577
29250.890395,2640628024,2640628625,9217,601
29250.902411,2640631887,2640632490,9269,603
29250.914429,2640635712,2640636293,8876,581
29250.926462,2640639587,2640640194,9249,607
29250.938470,2640643574,2640644175,11886,601
29250.950499,2640647544,2640648146,11964,602
29250.962531,2640651382,2640651977,9292,595
29250.974548,2640655246,2640655842,9238,596
29250.986561,2640659248,2640659826,11790,578
29250.998600,2640663071,2640663672,9236,601
29251.010616,2640666954,2640667555,9153,601
29251.022635,2640670789,2640671372,8872,583
29251.034668,2640674678,2640675286,9261,608
29251.046685,2640678534,2640679145,9200,611
29251.058708,2640682426,2640683004,8920,578
29251.070737,2640686294,2640686902,9258,608
29251.082753,2640690172,2640690769,9187,597
29251.094772,2640693994,2640694577,8919,583
29251.106805,2640697879,2640698482,9264,603
29251.118821,2640701742,2640702350,9282,608
29251.130841,2640705575,2640706156,8905,581
29251.142873,2640709405,2640710007,9254,602
29251.154881,2640713411,2640714007,11868,596
29251.166911,2640717380,2640717983,11972,603
29251.178940,2640721283,2640721880,9192,597
29251.190959,2640725125,2640725721,9210,596
29251.202976,2640728940,2640729518,8862,578
29251.215010,2640732811,2640733418,9246,607
29251.227021,2640736809,2640737410,11878,601
29251.239049,2640740739,2640741321,8913,582
29251.251078,2640744702,2640745309,9217,607
29251.263091,2640748814,2640749410,11870,596
29251.275112,2640752881,2640753458,11850,577
29251.287148,2640756936,2640757543,12068,607
29251.299156,2640760967,2640761564,11866,597
29251.311187,2640764951,2640765528,11846,577
29251.323216,2640768787,2640769393,9262,606
29251.335236,2640772659,2640773266,9279,607
29251.347251,2640776606,2640777187,11818,581
29251.359283,2640780592,2640781189,12073,597
29251.371298,2640784565,2640785160,11906,595
29251.383324,2640788529,2640789132,11972,603
29251.395354,2640792525,2640793122,12096,597
29251.405867,2640795909,2640796492,8900,583
29251.417898,2640799770,2640800372,9224,602
29251.429915,2640803627,2640804240,9227,613
29251.441932,2640807484,2640808062,8888,578
29251.453967,2640811320,2640811927,12169,607
29251.464478,2640814763,2640815359,11970,596
29251.526105,2640833904,2640834506,12179,602
29251.538119,2640837909,2640838507,12025,598
29251.550141,2640841859,2640842462,11988,603
29251.562173,2640845707,2640846302,9191,595
29251.574189,2640849545,2640850143,9257,598
29251.586207,2640853383,2640853960,8896,577
29251.598243,2640857189,2640857790,9280,601
29251.610259,2640861087,2640861684,9268,597
29251.622280,2640864949,2640865531,8956,582
29251.658345,2640876326,2640876904,11836,578
29251.670377,2640880388,2640880990,12174,602
29251.682395,2640884415,2640885023,12063,608
29251.694413,2640888255,2640888832,8879,577
29251.706446,2640892072,2640892680,9235,608
29251.718465,2640895935,2640896537,9235,602
29251.730477,2640899951,2640900531,11805,580
29251.742515,2640903784,2640904380,9231,596
29251.754521,2640907772,2640908378,11866,606
29251.766552,2640911750,2640912347,11966,597
29251.778583,2640915617,2640916220,9263,603
29251.790601,2640919449,2640920055,9226,606
29251.802619,2640923276,2640923854,8903,578
29251.814653,2640927115,2640927721,9252,606
29251.826668,2640930995,2640931606,9193,611
29251.838687,2640934846,2640935423,8865,577
29251.850720,2640938674,2640939272,9208,598
29251.862737,2640942547,2640943148,9236,601
29251.874761,2640946406,2640946988,8968,582
29251.886788,2640950440,2640951043,12085,603
29251.898804,2640954298,2640954905,9225,607
29251.910824,2640958135,2640958711,8879,576
29251.922857,2640961986,2640962589,9229,603
29251.934875,2640965873,2640966476,9298,603
29251.946895,2640969735,2640970315,8972,580
29251.958924,2640973597,2640974205,9268,608
29251.970934,2640977596,2640978198,11896,602
29252.067133,2641007313,2641007915,9348,602
29252.079140,2641011390,2641011996,11845,606
29252.091164,2641015400,2641015978,11804,578
29252.103200,2641019375,2641019983,12072,608
29252.115210,2641023354,2641023956,11844,602
29252.127234,2641027338,2641027920,11816,582
29252.139267,2641031195,2641031798,9218,603
29252.151286,2641035031,2641035634,9281,603
29252.163303,2641038983,2641039565,11833,582
29252.175337,2641042993,2641043596,12070,603
29252.185845,2641046367,2641046943,8897,576
29252.197882,2641050159,2641050765,9225,606
29252.209898,2641054010,2641054611,9158,601
29252.221919,2641057864,2641058447,8904,583
29252.233949,2641061671,2641062272,9248,601
29252.245967,2641065568,2641066176,9228,608
29252.257985,2641069428,2641070010,8909,582
29252.270018,2641073249,2641073856,12172,607
29252.280531,2641076769,2641077381,11992,612
29252.321104,2641089525,2641090103,11838,578
29252.340331,2641096472,2641097080,12025,608
29252.358688,2641101789,2641102391,9278,602
29252.370705,2641105847,2641106450,12018,603
29252.382732,2641109886,2641110493,12036,607
29252.394755,2641113807,2641114405,9205,598
29252.406772,2641117713,2641118317,9012,604
29252.418801,2641121619,2641122222,8973,603
29252.430823,2641125539,2641126145,9199,606
29252.442841,2641129435,2641130033,8990,598
29252.454868,2641133328,2641133942,8902,614
29252.466891,2641137250,2641137852,9162,602
29252.478910,2641141170,2641141779,8980,609
29252.490936,2641145094,2641145702,8944,608
29252.502963,2641149175,2641149778,12091,603
29252.514979,2641153083,2641153698,8981,615
29252.527005,2641157012,2641157615,8909,603
29252.539029,2641160905,2641161508,9256,603
29252.551046,2641164893,2641165497,8976,604
29252.563074,2641169047,2641169653,12042,606
29252.575099,2641173180,2641173778,12093,598
29252.587117,2641177298,2641177901,12014,603
29252.599144,2641181351,2641181958,12048,607
29252.611165,2641185473,2641186076,12074,603
29252.623184,2641189514,2641190117,12012,603
29252.635212,2641193562,2641194164,12043,602
29252.647233,2641197586,2641198198,12072,612
29252.659253,2641201630,2641202227,12014,597
29252.671279,2641205541,2641206144,8933,603
29252.683303,2641209547,2641210149,9225,602
29252.695321,2641213594,2641214207,12014,613
29252.707350,2641217639,2641218242,12039,603
29252.717866,2641221060,2641221664,8995,604
29252.729893,2641224959,2641225569,8929,610
29252.741918,2641228852,2641229460,9230,608
29252.753929,2641232783,2641233390,11965,607
29252.765962,2641236710,2641237313,12033,603
29252.777984,2641240598,2641241199,9228,601
29252.790003,2641244508,2641245111,8982,603
29252.802030,2641248399,2641249002,8922,603
29252.814054,2641252291,2641252894,9197,603
29252.826072,2641256191,2641256794,8945,603
29252.838098,2641260204,2641260806,8859,602
29252.850123,2641264105,2641264714,9212,609
29252.862140,2641268022,2641268635,8982,613
29252.872663,2641271601,2641272209,12089,608
29252.883180,2641275032,2641275636,8939,604
29252.895205,2641279069,2641279676,12089,607
29252.907222,2641283014,2641283618,9001,604
29252.919251,2641287074,2641287683,12040,609
29252.931274,2641291119,2641291722,12100,603
29252.943292,2641295162,2641295770,12014,608
29252.955317,2641299072,2641299675,8911,603
29252.967341,2641302987,2641303595,9244,608
29252.977869,2641306425,2641306876,7713,451
29252.989886,2641310179,2641310782,9230,603
29253.001904,2641314109,2641314563,7554,454
29253.013932,2641317843,2641318445,8916,602
29253.025956,2641321743,2641322355,9248,612
29253.037974,2641325653,2641326256,9008,603
29253.049998,2641329557,2641330164,8912,607
29253.074038,2641337372,2641337970,11976,598
29253.086067,2641341364,2641341972,12039,608
29253.096581,2641344934,2641345541,11982,607
29253.108611,2641348962,2641349569,12035,607
29253.150686,2641362306,2641362915,8982,609
29253.162714,2641366215,2641366829,8926,614
29253.174738,2641370151,2641370758,9233,607
29253.185256,2641373569,2641374171,8913,602
29253.210804,2641381714,2641382316,9217,602
29253.222822,2641385601,2641386204,8958,603
29253.234851,2641389518,2641390132,8948,614
29253.246874,2641393428,2641394030,9223,602
29253.258891,2641397338,2641397941,8927,603
29253.270918,2641401245,2641401848,8960,603
29253.282943,2641405165,2641405773,9237,608
29253.294961,2641409087,2641409689,8982,602
29253.306988,2641413024,2641413643,8940,619
29253.319013,2641417119,2641417733,12072,614
29253.331030,2641421247,2641421866,12011,619
29253.343058,2641425428,2641426042,12056,614
29253.355079,2641429462,2641430076,9230,614
29253.367098,2641433527,2641434141,8928,614
29253.379125,2641437621,2641438230,12034,609
29253.391149,2641441783,2641442386,12081,603
29253.403167,2641445892,2641446495,12009,603
29253.415195,2641449993,2641450596,12037,603
29253.427217,2641454030,2641454632,12072,602
29253.439236,2641458073,2641458676,12010,603
29253.451264,2641462091,2641462694,12029,603
29253.463287,2641466142,2641466745,12071,603
29253.475306,2641470188,2641470796,12009,608
29253.487334,2641474243,2641474846,12039,603
29253.497849,2641477699,2641478163,7574,464
29253.509877,2641481476,2641482080,8984,604
29253.521901,2641485423,2641486026,9215,603
29253.533918,2641489327,2641489934,9013,607
29253.545946,2641493224,2641493834,8923,610
29253.557969,2641497131,2641497739,9208,608
29253.569983,2641501059,2641501667,11975,608
29253.582014,2641504988,2641505592,12040,604
29253.594036,2641508894,2641509495,9170,601
29253.606055,2641512813,2641513411,8930,598
29253.618082,2641516712,2641517319,8933,607
29253.630106,2641520607,2641521215,9207,608
29253.642124,2641524538,2641525146,8970,608
29253.654150,2641528451,2641529054,8930,603
29253.666175,2641532354,2641532957,9255,603
29253.678192,2641536259,2641536861,8944,602
29253.690219,2641540173,2641540775,8974,602
29253.702241,2641544217,2641544819,12098,602
29253.712760,2641547796,2641548398,12029,602
29253.759342,2641562529,2641563136,8952,607
29253.769876,2641565977,2641566435,7472,458
29253.781889,2641569761,2641570213,7571,452
29253.793915,2641573514,2641574109,8922,595
29253.805940,2641577421,2641578028,9198,607
29253.817957,2641581332,2641581935,8959,603
29253.829984,2641585229,2641585832,8939,603
29253.842008,2641589149,2641589752,9239,603
29253.854025,2641593053,2641593657,8915,604
29253.866052,2641596949,2641597558,8947,609
29253.878076,2641600853,2641601460,9230,607
29253.890094,2641604777,2641605385,8959,608
29253.902118,2641608829,2641609433,12055,604
29253.912633,2641612396,2641612999,11987,603
29253.935178,2641619742,2641620345,12018,603
29253.945704,2641623174,2641623782,9198,608
29253.966738,2641630042,2641630651,12013,609
29253.978766,2641634078,2641634688,12071,610
29253.992291,2641638459,2641639068,12075,609
29254.029858,2641650403,2641651006,9007,603
29254.041887,2641654312,2641654915,8961,603
29254.053911,2641658209,2641658817,9264,608
29254.065928,2641662129,2641662737,8914,608
29254.077955,2641666027,2641666635,8919,608
29254.089980,2641669943,2641670551,9244,608
29254.101993,2641673887,2641674496,11979,609
29254.112521,2641677620,2641678223,12069,603
29254.126049,2641682032,2641682635,12081,603
29254.138067,2641685938,2641686545,8980,607
29254.150093,2641689840,2641690443,8939,603
29254.162118,2641693753,2641694360,9286,607
29254.174136,2641697675,2641698273,8924,598
29254.186161,2641701688,2641702295,12039,607
29254.198185,2641705699,2641706301,12103,602
29254.210204,2641709600,2641710195,8998,595
29254.222231,2641713532,2641714146,8924,614
29254.234255,2641717445,2641718048,9254,603
29254.246273,2641721332,2641721930,8934,598
29254.258299,2641725219,2641725833,8940,614
29254.270324,2641729135,2641729739,9218,604
29254.282341,2641733035,2641733638,8913,603
29254.294368,2641736945,2641737553,8958,608
29254.306392,2641740850,2641741453,9238,603
29254.318406,2641744985,2641745593,11975,608
29254.330437,2641749060,2641749664,12037,604
29254.342459,2641752968,2641753571,9239,603
29254.354478,2641756872,2641757475,8947,603
29254.366505,2641760787,2641761396,8938,609
29254.378529,2641764691,2641765306,9222,615
29254.390546,2641768619,2641769216,8947,597
29254.402573,2641772573,2641773187,8845,614
29254.414596,2641776628,2641777230,12097,602
29254.426615,2641780522,2641781118,8968,596
29254.438642,2641784436,2641785050,8952,614
29254.450666,2641788343,2641788945,9223,602
29254.462684,2641792243,2641792845,8947,602
29254.474711,2641796147,2641796755,8972,608
29254.486735,2641800041,2641800649,9250,608
29254.498752,2641803947,2641804550,8987,603
29254.510779,2641807851,2641808463,8916,612
29254.522802,2641811788,2641812396,9264,608
29254.534820,2641815868,2641816472,12054,604
29254.546846,2641819926,2641820535,12056,609
29254.558867,2641823836,2641824444,9284,608
29254.570886,2641827754,2641828357,8979,603
29254.582913,2641831662,2641832276,8925,614
29254.594937,2641835559,2641836169,9235,610
29254.606955,2641839465,2641840067,8922,602
29254.618984,2641843507,2641844111,12045,604
29254.631006,2641847560,2641848163,12102,603
29254.643023,2641851472,2641852068,8958,596
29254.655050,2641855570,2641856167,12039,597
29254.667077,2641859696,2641860298,12090,602
29254.679092,2641863839,2641864447,12014,608
29254.691120,2641867979,2641868582,12042,603
29254.703141,2641871915,2641872519,9220,604
29254.715160,2641875837,2641876451,8996,614
29254.727189,2641879903,2641880510,8942,607
29254.739215,2641883965,2641884568,12101,603
29254.751231,2641888003,2641888606,12014,603
29254.763259,2641892037,2641892639,12043,602
29254.775281,2641896070,2641896673,12075,603
29254.787298,2641900111,2641900714,11994,603
29254.799329,2641904118,2641904720,12051,602
29254.811351,2641908135,2641908744,12072,609
29254.821871,2641911570,2641912174,8906,604
29254.833895,2641915453,2641916056,9182,603
29254.845913,2641919368,2641919965,8963,597
29254.857940,2641923265,2641923874,8913,609
29254.869964,2641927177,2641927780,9240,603
29254.918046,2641942483,2641943085,11970,602
29254.930075,2641946598,2641947201,12082,603
29254.942100,2641950517,2641951120,9212,603
29254.954117,2641954431,2641955035,8924,604
29254.966144,2641958341,2641958943,8941,602
29254.978168,2641962259,2641962866,9230,607
29255.071339,2641991781,2641992384,12011,603
29255.083366,2641995809,2641996412,12040,603
29255.093884,2641999224,2641999837,8949,613
29255.105915,2642003170,2642003633,7675,463
29255.117934,2642006952,2642007555,12086,603
29255.129949,2642010872,2642011474,11980,602
29255.141979,2642014785,2642015392,8905,607
29255.154003,2642018690,2642019293,9200,603
29255.166021,2642022592,2642023199,8949,607
29255.178047,2642026504,2642027118,8902,614
29255.190071,2642030421,2642031024,9193,603
29255.202089,2642034327,2642034936,8978,609
29255.214116,2642038350,2642038958,12054,608
29255.226138,2642042245,2642042846,9230,601
29255.238157,2642046159,2642046768,8915,609
29255.250184,2642050072,2642050679,8929,607
29255.262209,2642053974,2642054576,9217,602
29255.274226,2642057874,2642058477,8969,603
29255.286252,2642061767,2642062374,8943,607
29255.298277,2642065686,2642066290,9256,604
29255.310295,2642069582,2642070190,8980,608
29255.322321,2642073482,2642074091,8925,609
29255.334346,2642077544,2642078153,12117,609
29255.346361,2642081614,2642082216,11978,602
29255.358392,2642085524,2642086127,8952,603
29255.370416,2642089433,2642090041,9229,608
29255.382431,2642093341,2642093955,8983,614
29255.406483,2642101201,2642101804,12079,603
29255.418502,2642105112,2642105716,8960,604
29255.430529,2642109158,2642109761,12037,603
29255.442551,2642113065,2642113661,9214,596
29255.454570,2642116952,2642117559,8981,607
29255.466597,2642120857,2642121465,8961,608
29255.478621,2642124757,2642125371,9216,614
29255.490639,2642128680,2642129284,8933,604
29255.502666,2642132568,2642133171,8920,603
29255.514689,2642136466,2642137074,9275,608
29255.526707,2642140363,2642140976,8946,613
29255.538731,2642144316,2642144924,8920,608
29255.550755,2642148366,2642148978,12077,612
29255.562771,2642152427,2642153029,11975,602
29255.574801,2642156359,2642156962,8879,603
29255.586824,2642160263,2642160877,9259,614
29255.598841,2642164170,2642164773,8907,603
29255.610868,2642168084,2642168687,8916,603
29255.622892,2642171990,2642172592,9228,602
29255.738608,2642208540,2642209143,12011,603
29255.750637,2642212615,2642213213,12035,598
29255.762659,2642216639,2642217246,12090,607
29255.774679,2642220536,2642221139,8941,603
29255.786705,2642224439,2642225048,8909,609
29255.798730,2642228358,2642228972,9215,614
29255.810747,2642232271,2642232879,8952,608
29255.822774,2642236179,2642236788,8942,609
29255.834799,2642240092,2642240695,9254,603
29255.846812,2642244144,2642244752,11975,608
29255.858842,2642248044,2642248650,8906,606
29255.870865,2642252087,2642252694,12102,607
29255.885901,2642256935,2642257393,7690,458
29255.897919,2642260694,2642261297,9201,603
29255.909936,2642264596,2642265209,8990,613
29255.921963,2642268516,2642269130,8944,614
29255.933986,2642272464,2642273067,12075,603
29255.946002,2642276396,2642276999,11980,603
29255.958032,2642280300,2642280908,8939,608
29255.970056,2642284196,2642284799,9190,603
29255.982070,2642288166,2642288770,11979,604
29256.030169,2642303485,2642304093,12035,608
29256.042191,2642307517,2642308106,12089,589
29256.054210,2642311401,2642312004,9000,603
29256.066238,2642315436,2642316043,12037,607
29256.078260,2642319329,2642319938,9239,609
29256.090279,2642323230,2642323827,8944,597
29256.102306,2642327127,2642327739,8908,612
29256.114331,2642331020,2642331629,9181,609
29256.126346,2642334927,2642335530,8980,603
29256.138375,2642338841,2642339450,8927,609
29256.150396,2642342903,2642343512,12100,609
29256.162411,2642346969,2642347571,11973,602
29256.174442,2642350876,2642351484,8956,608
29256.186466,2642354778,2642355386,9254,608
29256.198484,2642358708,2642359312,8980,604
29256.210510,2642362621,2642363230,8920,609
29256.222534,2642366543,2642367146,9213,603
29256.234552,2642370467,2642371074,8964,607
29256.246578,2642374364,2642374961,8905,597
29256.258603,2642378263,2642378858,9194,595
29256.270620,2642382157,2642382760,8916,603
29256.282647,2642386041,2642386650,8954,609
29256.294671,2642389949,2642390557,9249,608
29256.306689,2642393854,2642394462,8952,608
29256.318716,2642397753,2642398367,8929,614
29256.330733,2642401790,2642402393,9251,603
29256.350277,2642408066,2642408675,12122,609
29256.362295,2642412121,2642412724,12056,603
29256.374311,2642415947,2642416542,8874,595
29256.386342,2642419936,2642420539,12083,603
29256.398365,2642423833,2642424436,9284,603
29256.410380,2642427647,2642428248,8856,601
29256.422412,2642431539,2642432142,9202,603
29256.434432,2642435447,2642436050,9260,603
29256.446456,2642439305,2642439908,8957,603
29256.458485,2642443195,2642443770,9226,575
29256.470502,2642447059,2642447662,9284,603
29256.482517,2642450877,2642451478,8886,601
29256.494549,2642454731,2642455338,9133,607
29256.506569,2642458649,2642459252,9269,603
29256.518587,2642462471,2642463072,8872,601
29256.530622,2642466333,2642466941,9250,608
29256.542635,2642470213,2642470819,9242,606
29256.554653,2642474019,2642474620,8853,601
29256.566689,2642478062,2642478644,11972,582
29256.578702,2642482051,2642482653,12057,602
29256.590724,2642485868,2642486469,8869,601
29256.602759,2642489761,2642490370,9223,609
29256.614773,2642493638,2642494239,9206,601
29256.626791,2642497484,2642498085,8892,601
29256.638826,2642501357,2642501965,9273,608
29256.650839,2642505253,2642505854,9229,601
29256.662866,2642509079,2642509683,8972,604
29256.674892,2642512934,2642513534,9237,600
29256.686909,2642516799,2642517395,9206,596
29256.698926,2642520611,2642521211,8874,600
29256.710962,2642524476,2642525090,9158,614
29256.722974,2642528380,2642528977,9234,597
29256.734997,2642532187,2642532798,8871,611
29256.747032,2642536081,2642536689,9224,608
29256.759047,2642540155,2642540756,12081,601
29256.771071,2642544233,2642544833,11815,600
29256.783102,2642548346,2642548929,11983,583
29256.795116,2642552422,2642553023,12086,601
29256.807138,2642556456,2642557052,11879,596
29256.819166,2642560468,2642561070,12076,602
29256.831183,2642564468,2642565069,12075,601
29256.843207,2642568504,2642569110,11856,606
29256.855239,2642572539,2642573122,11972,583
29256.867253,2642576518,2642577119,12083,601
29256.879276,2642580462,2642581069,12009,607
29256.891306,2642584498,2642585093,12089,595
29256.903320,2642588469,2642589075,12104,606
29256.915346,2642592426,2642593032,11823,606
29256.925869,2642595847,2642596449,9277,602
29256.937884,2642599689,2642600290,8862,601
29256.949924,2642603539,2642603971,7440,432
29256.961938,2642607288,2642607891,12071,603
29256.973950,2642611152,2642611747,8845,595
29256.985986,2642615033,2642615610,11974,577
29256.998006,2642618903,2642619511,9265,608
29257.010020,2642622741,2642623342,8854,601
29257.022054,2642626580,2642627188,9247,608
29257.034072,2642630493,2642631101,9247,608
29257.046091,2642634319,2642634925,8869,606
29257.058128,2642638183,2642638764,9226,581
29257.070141,2642642052,2642642649,9246,597
29257.082160,2642645984,2642646580,11831,596
29257.094191,2642649830,2642650438,9180,608
29257.106211,2642653720,2642654322,9272,602
29257.118226,2642657528,2642658129,8902,601
29257.130259,2642661375,2642661978,9193,603
29257.142275,2642665245,2642665851,9231,606
29257.154296,2642669062,2642669668,8871,606
29257.166326,2642673078,2642673660,11951,582
29257.178347,2642677103,2642677700,12067,597
29257.190365,2642680897,2642681497,8881,600
29257.202400,2642684755,2642685338,9180,583
29257.214417,2642688633,2642689235,9244,602
29257.226431,2642692455,2642693060,8848,605
29257.238464,2642696314,2642696917,9207,603
29257.250484,2642700213,2642700821,9259,608
29257.262502,2642704056,2642704657,8872,601
29257.274537,2642707925,2642708506,9188,581
29257.286553,2642711808,2642712411,9242,603
29257.298568,2642715620,2642716226,8881,606
29257.310605,2642719505,2642720108,9176,603
29257.322618,2642723370,2642723965,9204,595
29257.334639,2642727167,2642727768,8888,601
29257.346674,2642731028,2642731631,9239,603
29257.358687,2642734890,2642735490,9204,600
29257.370705,2642738718,2642739324,8855,606
29257.382739,2642742768,2642743366,12088,598
29257.394754,2642746777,2642747374,12054,597
29257.406776,2642750590,2642751185,8898,595
29257.418807,2642754461,2642755063,9229,602
29257.430823,2642758314,2642758916,9244,602
29257.442842,2642762138,2642762743,8840,605
29257.454880,2642766131,2642766709,9272,578
29257.466889,2642769971,2642770577,9187,606
29257.478915,2642773853,2642774457,8970,604
29257.490950,2642777753,2642778328,9247,575
29257.502961,2642781590,2642782197,9238,607
29257.514978,2642785414,2642786020,8917,606
29257.527014,2642789408,2642790022,12085,614
29257.539029,2642793437,2642794038,12053,601
29257.551047,2642797335,2642797936,8858,601
29257.563082,2642801290,2642801899,9194,609
29257.575098,2642805362,2642805962,12053,600
29257.587124,2642809456,2642810057,11840,601
29257.599152,2642813500,2642814076,11945,576
29257.611168,2642817504,2642818104,12082,600
29257.623186,2642821329,2642821925,8857,596
29257.777985,2642869048,2642869625,6164,577
29257.790006,2642872892,2642873487,8855,595
29257.802041,2642876741,2642877323,9239,582
29257.814056,2642880603,2642881211,9259,608
29257.826072,2642884456,2642885056,8789,600
29257.838108,2642888302,2642888879,9206,577
29257.850121,2642892141,2642892748,9131,607
29257.862143,2642895979,2642896583,8866,604
29257.874176,2642899815,2642900422,9194,607
29257.886194,2642903709,2642904312,9274,603
29257.898212,2642907705,2642908305,11842,600
29257.910241,2642911710,2642912314,12079,604
29257.922263,2642915599,2642916197,9270,598
29257.934278,2642919424,2642920024,8864,600
29257.946316,2642923264,2642923846,9222,582
29257.958330,2642927126,2642927734,9227,608
29257.970348,2642930956,2642931562,8909,606
29257.982379,2642934946,2642935555,12086,609
29258.022956,2642947811,2642948414,12088,603
29258.034972,2642951687,2642952289,9226,602
29258.046991,2642955521,2642956122,8845,601
29258.059026,2642959399,2642960007,9231,608
29258.071041,2642963475,2642964081,12051,606
29258.083058,2642967417,2642968022,8864,605
29258.095096,2642971431,2642972008,9197,577
29258.107110,2642975506,2642976120,12098,614
29258.119134,2642979526,2642980127,11857,601
29258.131164,2642983603,2642984180,11935,577
29258.143179,2642987546,2642988148,12077,602
29258.155201,2642991485,2642992086,11827,601
29258.167227,2642995350,2642995953,9203,603
29258.179246,2642999227,2642999830,9257,603
29258.191270,2643003321,2643003927,11838,606
29258.203299,2643007354,2643007937,11967,583
29258.215316,2643011294,2643011896,12060,602
29258.227338,2643015294,2643015898,11994,604
29258.237860,2643018685,2643019287,9219,602
29258.249877,2643022524,2643023125,8846,601
29258.261916,2643026359,2643026941,9246,582
29258.273930,2643030228,2643030830,9266,602
29258.285948,2643034057,2643034661,8853,604
29258.297981,2643037924,2643038501,11993,577
29258.309998,2643041823,2643042426,12071,603
29258.322016,2643045674,2643046275,8849,601
29258.334055,2643049544,2643050126,9220,582
29258.346068,2643053541,2643054155,12061,614
29258.358083,2643057429,2643058035,8899,606
29258.370115,2643061342,2643061954,9206,612
29258.382132,2643065370,2643065976,12031,606
29258.394157,2643069441,2643070060,11984,619
29258.406185,2643073346,2643073948,9209,602
29258.418206,2643077240,2643077848,9252,608
29258.430221,2643081074,2643081675,8843,601
29258.442254,2643084910,2643085519,9190,609
29258.454270,2643088794,2643089390,9183,596
29258.466292,2643092611,2643093207,8855,596
29258.478325,2643096428,2643097036,9251,608
29258.490343,2643100333,2643100939,9283,606
29258.502358,2643104160,2643104761,8852,601
29258.514389,2643108201,2643108809,12080,608
29258.526411,2643112238,2643112836,12057,598
29258.538426,2643116058,2643116659,8869,601
29258.550464,2643119895,2643120472,9261,577
29258.562478,2643123770,2643124373,9279,603
29258.574497,2643127597,2643128203,8887,606
29258.586532,2643131474,2643132052,9186,578
29258.598545,2643135503,2643136112,9232,609
29258.610567,2643139498,2643140097,11982,599
29258.622595,2643143330,2643143933,9200,603
29258.790916,2643186885,2643187492,9241,607
29258.802941,2643190349,2643190955,12093,606
29258.814956,2643194378,2643194973,11815,595
29258.826986,2643198397,2643199006,12102,609
29258.839000,2643202283,2643202877,9209,594
29258.851024,2643206223,2643206819,11838,596
29258.863056,2643210305,2643210912,12085,607
29258.875070,2643214404,2643215016,12049,612
29258.950210,2643237746,2643238351,8851,605
29258.962241,2643241652,2643242255,9208,603
29258.974262,2643245548,2643246157,9265,609
29258.986279,2643249560,2643250161,11844,601
29258.998314,2643253549,2643254126,11997,577
29259.010330,2643257650,2643258264,12053,614
29259.022349,2643261481,2643262081,8935,600
29259.034381,2643265343,2643265952,9174,609
29259.046400,2643269243,2643269841,9268,598
29259.058414,2643273069,2643273674,8858,605
29259.070446,2643276924,2643277532,9157,608
29259.082467,2643280820,2643281434,9303,614
29259.094486,2643284664,2643285265,8885,601
29259.106520,2643288525,2643289132,9190,607
29259.118535,2643292400,2643293006,9255,606
29259.130557,2643296417,2643297018,11837,601
29259.142584,2643300414,2643301018,12087,604
29259.154606,2643304315,2643304918,9250,603
29259.166621,2643308158,2643308759,8886,601
29259.178658,2643312022,2643312599,9204,577
29259.190670,2643315856,2643316458,9253,602
29259.202698,2643319689,2643320292,8975,603
29259.214724,2643323722,2643324325,12100,603
29259.226739,2643327747,2643328354,12056,607
29259.238758,2643331564,2643332159,8854,595
29259.250791,2643335465,2643336079,9053,614
29259.262807,2643339356,2643339957,9276,601
29259.274829,2643343178,2643343779,8881,601
29259.286863,2643347057,2643347666,9222,609
29259.298880,2643350945,2643351546,9269,601
29259.310893,2643354780,2643355376,8873,596
29259.322932,2643358669,2643359249,9180,580
29259.334943,2643362508,2643363105,9263,597
29259.346970,2643366481,2643367077,11836,596
29259.358998,2643370525,2643371139,12089,614
29259.371012,2643374426,2643375028,9244,602
29259.383031,2643378342,2643378942,8881,600
29259.395070,2643382257,2643382840,9208,583
29259.407083,2643386343,2643386954,12110,611
29259.419101,2643390307,2643390908,8850,601
29259.431134,2643394410,2643394993,11944,583
29259.443152,2643398437,2643399038,12081,601
29259.455172,2643402507,2643403102,11817,595
29259.467203,2643406528,2643407111,11946,583
29259.479219,2643410469,2643411071,12074,602
29259.491245,2643414407,2643415008,11819,601
29259.503275,2643418444,2643419048,12087,604
29259.515287,2643422309,2643422909,9257,600
29259.527304,2643426128,2643426734,8903,606
29259.539340,2643430106,2643430713,12092,607
29259.549859,2643433521,2643434125,8997,604
29259.561886,2643437401,2643437984,9225,583
29259.573904,2643441274,2643441878,9272,604
29259.585919,2643445114,2643445719,8840,605
29259.597954,2643448979,2643449583,12041,604
29259.609972,2643452892,2643453501,12060,609
29259.621993,2643456947,2643457543,11981,596
29259.818864,2643507037,2643507640,8916,603
29259.830896,2643510000,2643510612,9374,612
29259.842908,2643513694,2643514289,12021,595
29259.854928,2643517518,2643518113,8857,595
29259.866963,2643521400,2643522009,9255,609
29259.878977,2643525276,2643525878,9193,602
29259.891002,2643529214,2643529820,11841,606
29259.903032,2643533141,2643533745,9243,604
29259.915046,2643537025,2643537627,9263,602
29259.927067,2643540930,2643541530,8868,600
29259.939102,2643545018,2643545620,12090,602
29259.951118,2643549129,2643549731,12086,602
29259.963138,2643553171,2643553767,11824,596
29259.975169,2643557222,2643557826,12080,604
29259.987185,2643561243,2643561844,12097,601
29259.999202,2643565079,2643565675,8859,596
29260.011238,2643568958,2643569570,9269,612
29260.023253,2643572947,2643573549,12062,602
29260.035278,2643577022,2643577623,11821,601
29260.047311,2643581033,2643581611,12025,578
29260.059324,2643584980,2643585582,12084,602
29260.071346,2643588965,2643589564,11835,599
29260.081869,2643592386,2643592989,9266,603
29260.093887,2643596233,2643596829,8879,596
29260.105922,2643600109,2643600690,9227,581
29260.117939,2643603981,2643604584,9280,603
29260.129956,2643607848,2643608454,11835,606
29260.141987,2643611725,2643612303,11967,578
29260.154008,2643615617,2643616219,9256,602
29260.166022,2643619479,2643620080,8824,601
29260.178060,2643623319,2643623901,9237,582
29260.190074,2643627202,2643627805,9278,603
29260.202092,2643631020,2643631621,8777,601
29260.214125,2643634974,2643635558,11969,584
29260.226139,2643638923,2643639529,12058,606
29260.238157,2643642758,2643643352,8885,594
29260.430527,2643688955,2643689550,8946,595
29260.442549,2643692077,2643692685,9293,608
29260.454575,2643695517,2643696111,9289,594
29260.466593,2643699362,2643699963,8887,601
29260.478629,2643703258,2643703865,9261,607
29260.490644,2643707147,2643707750,9067,603
29260.502663,2643710992,2643711588,8839,596
29260.514702,2643714879,2643715461,9226,582
29260.526716,2643718753,2643719362,9230,609
29260.538741,2643722577,2643723175,8975,598
29260.550764,2643726447,2643727050,9173,603
29260.562782,2643730471,2643731073,12089,602
29260.574804,2643734458,2643735067,12030,609
29260.586831,2643738347,2643738955,9212,608
29260.598848,2643742249,2643742851,9198,602
29260.610866,2643746074,2643746680,8864,606
29260.622900,2643749926,2643750530,9201,604
29260.634915,2643753789,2643754396,9233,607
29260.646942,2643757803,2643758398,11832,595
29260.658971,2643761832,2643762446,12137,614
29260.670985,2643765747,2643766348,9249,601
29260.683010,2643769713,2643770319,11850,606
29260.695040,2643773729,2643774307,11945,578
29260.707056,2643777792,2643778393,12084,601
29260.719077,2643781856,2643782457,11859,601
29260.731106,2643785804,2643786387,9203,583
29260.743123,2643789761,2643790368,9258,607
29260.755147,2643793761,2643794361,11839,600
29260.767173,2643797796,2643798379,11936,583
29260.779191,2643801800,2643802402,12058,602
29260.791217,2643805791,2643806394,12004,603
29260.803247,2643809811,2643810389,11971,578
29260.815261,2643813795,2643814396,12079,601
29260.827279,2643817610,2643818205,8868,595
29260.839314,2643821613,2643822222,12100,609
29260.851330,2643825588,2643826190,12094,602
29260.863353,2643829586,2643830187,11826,601
29260.873875,2643833012,2643833619,9254,607
29260.885903,2643836829,2643837434,8945,605
29260.897928,2643840693,2643841276,9244,583
29260.909945,2643844569,2643845177,9232,608
29260.921960,2643848398,2643849008,8894,610
29260.933995,2643852275,2643852857,9199,582
29260.946011,2643856169,2643856777,12024,608
29260.958032,2643860126,2643860724,11976,598
29260.970060,2643863970,2643864579,9224,609
29260.998609,2643873167,2643873768,11879,601
29261.010640,2643877049,2643877632,9155,583
29261.022657,2643880913,2643881516,9263,603
29261.034685,2643884740,2643885345,8913,605
29261.046708,2643888806,2643889409,9280,603
29261.058722,2643892829,2643893436,12058,607
29261.070744,2643896643,2643897231,8873,588
29261.082776,2643900515,2643901124,9208,609
29261.094792,2643904401,2643905002,9235,601
29261.106810,2643908223,2643908824,8877,601
29261.118843,2643912074,2643912678,9235,604
29261.130858,2643915945,2643916552,9267,607
29261.142878,2643919786,2643920397,8900,611
29261.154909,2643923628,2643924235,9203,607
29261.166927,2643927499,2643928096,9242,597
29261.178952,2643931490,2643932086,11836,596
29261.190984,2643935513,2643936122,12088,609
29261.202997,2643939419,2643940021,9217,602
29261.215022,2643943377,2643943973,11845,596
29261.227050,2643947383,2643947965,12007,582
29261.239069,2643951493,2643952096,12052,603
29261.251083,2643955527,2643956128,8857,601
29261.263117,2643959652,2643960260,12071,608
29261.275134,2643963755,2643964360,12061,605
29261.287162,2643967769,2643968366,12005,597
29261.299188,2643971758,2643972340,11967,582
29261.311205,2643975731,2643976337,12083,606
29261.323226,2643979689,2643980289,11837,600
29261.347272,2643987598,2643988202,11955,604
29261.359301,2643991551,2643992165,8904,614
29261.369813,2643995942,2643996961,14705,1019
29261.380338,2644003872,2644005006,16331,1134
29261.410394,2644016037,2644016646,12005,609
29261.422421,2644020019,2644020629,8905,610
29261.434446,2644023981,2644024600,9250,619
29261.446463,2644028094,2644028703,12032,609
29261.458492,2644032225,2644032829,12040,604
29261.470515,2644036138,2644036733,9202,595
29261.482532,2644040040,2644040654,9011,614
29261.494560,2644043975,2644044578,8947,603
29261.506585,2644047870,2644048474,9199,604
29261.518603,2644051789,2644052392,8941,603
29261.530629,2644055687,2644056301,8933,614
29261.542653,2644059601,2644060209,9190,608
29261.554671,2644063535,2644064141,8905,606
29261.566698,2644067452,2644068061,8916,609
29261.578721,2644071502,2644072111,12086,609
29261.590736,2644075565,2644076168,11971,603
29261.602766,2644079460,2644080062,8938,602
29261.614790,2644083373,2644083987,9229,614
29261.626806,2644087295,2644087899,8934,604
29261.638834,2644091218,2644091831,8922,613
29261.650858,2644095138,2644095741,9243,603
29261.662877,2644099214,2644099816,12007,602
29261.674903,2644103267,2644103871,12031,604
29261.686925,2644107196,2644107792,9224,596
29261.698943,2644111104,2644111708,8957,604
29261.710970,2644115008,2644115612,8917,604
29261.722995,2644118931,2644119544,9165,613
29261.735012,2644122877,2644123486,8996,609
29261.747039,2644126878,2644127492,8923,614
29261.759063,2644130885,2644131493,9248,608
29261.771081,2644135060,2644135667,12009,607
29261.783109,2644139243,2644139852,12034,609
29261.795132,2644143389,2644143992,12067,603
29261.807150,2644147483,2644148092,12053,609
29261.819178,2644151561,2644152170,12037,609
29261.831199,2644155670,2644156273,12098,603
29261.843217,2644159704,2644160306,8969,602
29261.855247,2644163737,2644164352,12038,615
29261.867266,2644167798,2644168401,9220,603
29261.879285,2644171877,2644172481,12000,604
29261.891313,2644175918,2644176520,12041,602
29261.903336,2644179958,2644180560,12069,602
29261.913857,2644183416,2644184030,8928,614
29261.925882,2644187323,2644187932,9283,609
29261.937897,2644191253,2644191860,8968,607
29261.954432,2644196603,2644197206,8931,603
29261.966458,2644200510,2644201114,9221,604
29261.978473,2644204594,2644205196,11998,602
29261.990502,2644208647,2644209256,12035,609
29262.002525,2644212551,2644213155,9191,604
29262.014544,2644216453,2644217060,8967,607
29262.026571,2644220359,2644220961,8973,602
29262.038595,2644224263,2644224873,9251,610
29262.050613,2644228182,2644228791,9001,609
29262.062638,2644232250,2644232859,12036,609
29262.074662,2644236319,2644236927,12095,608
29262.086677,2644240386,2644240987,11983,601
29262.098707,2644244295,2644244898,8897,603
29262.110732,2644248195,2644248804,9200,609
29262.122749,2644252106,2644252715,8971,609
29262.134776,2644256016,2644256625,8971,609
29262.146800,2644259905,2644260509,9232,604
29262.158817,2644263808,2644264412,8953,604
29262.170845,2644267705,2644268318,8931,613
29262.182868,2644271779,2644272382,12103,603
29262.194887,2644275816,2644276419,12012,603
29262.206914,2644279843,2644280452,12055,609
29262.218935,2644283761,2644284369,9275,608
29262.230954,2644287664,2644288268,8977,604
29262.242980,2644291589,2644292192,8928,603
29262.255005,2644295494,2644296098,9221,604
29262.267023,2644299560,2644300163,12011,603
29262.279052,2644303718,2644304327,12035,609
29262.291073,2644307840,2644308443,12072,603
29262.303093,2644312014,2644312610,12042,596
29262.315121,2644316155,2644316769,12039,614
29262.327142,2644320354,2644320968,12098,614
29262.339161,2644324490,2644325098,12013,608
29262.351189,2644328579,2644329182,12030,603
29262.363210,2644332469,2644333078,9238,609
29262.375227,2644336385,2644336994,8943,609
29262.387256,2644340305,2644340912,8871,607
29262.399281,2644344251,2644344859,9209,608
29262.411300,2644348281,2644348884,12012,603
29262.423327,2644352366,2644352975,12041,609
29262.435349,2644356409,2644357016,12072,607
29262.445871,2644359855,2644360459,8947,604
29262.457895,2644363772,2644364380,9203,608
29262.469912,2644367683,2644368282,8962,599
29262.481937,2644371599,2644372208,8897,609
29262.493962,2644375516,2644376118,9257,602
29262.505976,2644379456,2644380065,11977,609
29262.518006,2644383384,2644383993,8911,609
29262.530029,2644387329,2644387927,12085,598
29262.542045,2644391241,2644391850,9003,609
29262.599160,2644409454,2644410063,12039,609
29262.611181,2644413587,2644414190,12067,603
29262.623198,2644417711,2644418319,11984,608
29262.654758,2644427918,2644428522,11976,604
29262.666788,2644431827,2644432430,8920,603
29262.678812,2644435795,2644436404,9254,609
29262.690828,2644439859,2644440463,11973,604
29262.702857,2644443771,2644444367,8943,596
29262.714881,2644447661,2644448269,9251,608
29262.726898,2644451561,2644452163,8948,602
29262.738925,2644455474,2644456087,8930,613
29262.750949,2644459390,2644459998,9246,608
29262.762967,2644463293,2644463902,8988,609
29262.774994,2644467224,2644467828,8978,604
29262.787018,2644471129,2644471736,9207,607
29262.799036,2644475235,2644475843,12011,608
29262.811064,2644479388,2644479991,12040,603
29262.823086,2644483520,2644484129,12086,609
29262.835104,2644487683,2644488297,12009,614
29262.847133,2644491821,2644492425,12037,604
29262.859154,2644495922,2644496529,12075,607
29262.871171,2644500039,2644500642,11993,603
29262.887708,2644505615,2644506225,8925,610
29262.898225,2644509056,2644509660,8958,604
29262.910251,2644512957,2644513566,8913,609
29262.922276,2644516865,2644517472,9257,607
29262.934294,2644520776,2644521379,8971,603
29262.946320,2644524686,2644525289,8939,603
29262.956833,2644528173,2644528775,12031,602
29262.974866,2644534123,2644534731,11989,608
29262.986895,2644538027,2644538635,8946,608
29262.998920,2644541940,2644542554,9280,614
29263.010939,2644546004,2644546603,12014,599
29263.022965,2644550064,2644550667,12037,603
29263.034987,2644553979,2644554583,9208,604
29263.047005,2644557916,2644558520,8972,604
29263.059035,2644561985,2644562592,12073,607
29263.071055,2644566101,2644566716,12085,615
29263.083075,2644570285,2644570894,12013,609
29263.095102,2644574341,2644574950,8959,609
29263.107127,2644578474,2644579077,12081,603
29263.119143,2644582616,2644583212,11994,596
29263.131173,2644586719,2644587328,12038,609
29263.143195,2644590857,2644591465,12068,608
29263.155213,2644594985,2644595599,12008,614
29263.167243,2644599050,2644599653,12040,603
29263.179262,2644602960,2644603563,9187,603
29263.191282,2644606858,2644607467,8973,609
29263.203308,2644610910,2644611517,12039,607
29263.215334,2644614947,2644615555,12087,608
29263.227351,2644619004,2644619607,12016,603
29263.237878,2644622434,2644623037,9278,603
29263.249895,2644626350,2644626959,8958,609
29263.261922,2644630271,2644630880,8956,609
29263.273946,2644634202,2644634805,9228,603
29263.285964,2644638124,2644638741,8898,617
29263.297989,2644642073,2644642687,8926,614
29263.310014,2644646002,2644646610,9275,608
29263.322031,2644649918,2644650522,8962,604
29263.334058,2644653844,2644654458,8942,614
29263.346082,2644657758,2644658361,9232,603
29263.358100,2644661661,2644662260,8991,599
29263.370126,2644665568,2644666175,8957,607
29263.382151,2644669478,2644670092,9249,614
29263.394164,2644673522,2644674125,11978,603
29263.406195,2644677606,2644678220,12039,614
29263.418218,2644681741,2644682354,12117,613
29263.430237,2644685706,2644686320,8902,614
29263.442263,2644689680,2644690299,8945,619
29263.454287,2644693667,2644694276,9180,609
29263.466303,2644697642,2644698245,8990,603
29263.478331,2644701582,2644702185,8941,603
29263.490356,2644705506,2644706115,9255,609
29263.502375,2644709447,2644710064,8961,617
29263.514402,2644713371,2644713974,8964,603
29263.526426,2644717271,2644717885,9215,614
29263.538444,2644721191,2644721800,8950,609
29263.550470,2644725105,2644725708,8909,603
29263.562495,2644729017,2644729625,9251,608
29263.574512,2644732923,2644733524,8966,601
29263.586539,2644736833,2644737435,8957,602
29263.598563,2644740736,2644741340,9256,604
29263.610580,2644744802,2644745406,12015,604
29263.622608,2644748843,2644749451,12033,608
29263.634630,2644752760,2644753368,9203,608
29263.646649,2644756662,2644757271,8930,609
29263.658675,2644760587,2644761196,8868,609
29263.670700,2644764516,2644765125,9189,609
29263.682718,2644768419,2644769023,8991,604
29263.694744,2644772345,2644772954,8960,609
29263.706769,2644776344,2644776948,9221,604
29263.718787,2644780267,2644780863,8989,596
29263.730813,2644784196,2644784800,8926,604
29263.742836,2644788088,2644788697,9237,609
29263.754854,2644791999,2644792607,8986,608
29263.766880,2644795917,2644796524,8876,607
29263.778904,2644799821,2644800425,9243,604
29263.790922,2644803731,2644804335,8974,604
29263.802948,2644807651,2644808259,8934,608
29263.814973,2644811566,2644812180,9271,614
29263.826991,2644815638,2644816247,12014,609
29263.839019,2644819683,2644820287,12038,604
29263.851041,2644823762,2644824361,12067,599
29263.863059,2644827921,2644828535,11992,614
29263.875087,2644832091,2644832699,12041,608
29263.887110,2644836267,2644836876,12067,609
29263.899128,2644840393,2644840996,12023,603
29263.911153,2644844411,2644845020,8923,609
29263.923177,2644848373,2644848980,9261,607
29263.935195,2644852459,2644853060,12021,601
29263.947223,2644856582,2644857186,12038,604
29263.959246,2644860631,2644861240,12074,609
29263.971264,2644864689,2644865303,12018,614
29263.983293,2644868747,2644869361,12033,614
29263.995313,2644872657,2644873266,9184,609
29264.007332,2644876572,2644877175,8963,603
29264.019360,2644880591,2644881194,12039,603
29264.029878,2644884037,2644884640,8993,603
29264.041904,2644887959,2644888568,8899,609
29264.053928,2644891876,2644892480,9250,604
29264.065946,2644895789,2644896392,8933,603
29264.077973,2644899720,2644900329,8974,609
29264.089997,2644903620,2644904228,9266,608
29264.102014,2644907534,2644908145,8979,611
29264.114042,2644911454,2644912058,8939,604
29264.126066,2644915466,2644916075,12083,609
29264.138081,2644919484,2644920086,11974,602
29264.150111,2644923400,2644924009,8939,609
29264.162135,2644927318,2644927925,9244,607
29264.174153,2644931231,2644931838,8956,607
29264.186180,2644935134,2644935747,8955,613
29264.198204,2644939059,2644939661,9248,602
29264.210217,2644943098,2644943707,11972,609
29264.222249,2644947175,2644947778,12042,603
29264.234271,2644951071,2644951674,9210,603
29264.246290,2644954999,2644955603,8944,604
29264.258317,2644958921,2644959540,8952,619
29264.270341,2644962818,2644963426,9233,608
29264.282359,2644966729,2644967338,8886,609
29264.294384,2644970791,2644971395,12040,604
29264.306409,2644974709,2644975318,9255,609
29264.318425,2644978649,2644979255,8991,606
29264.330452,2644982575,2644983184,8902,609
29264.342475,2644986652,2644987254,12085,602
29264.354494,2644990544,2644991148,8961,604
29264.366521,2644994436,2644995045,8922,609
29264.378545,2644998352,2644998956,9199,604
29264.390563,2645002282,2645002886,8971,604
29264.402589,2645006182,2645006785,8831,603
29264.414614,2645010102,2645010710,9219,608
29264.426630,2645014151,2645014759,12012,608
29264.438658,2645018228,2645018837,12041,609
29264.450681,2645022172,2645022769,9225,597
29264.462700,2645026072,2645026680,8970,608
29264.474727,2645029991,2645030600,8916,609
29264.486751,2645033901,2645034504,9264,603
29264.498769,2645037813,2645038417,8978,604
29264.510795,2645041728,2645042337,8961,609
29264.522818,2645045674,2645046283,9224,609
29264.534835,2645049598,2645050214,8946,616
29264.546862,2645053545,2645054152,8916,607
29264.558888,2645057610,2645058218,12115,608
29264.570904,2645061526,2645062135,8998,609
29264.582930,2645065452,2645066061,8921,609
29264.594955,2645069374,2645069983,9281,609
29264.606971,2645073303,2645073911,8987,608
29264.618999,2645077224,2645077832,8984,608
29264.643039,2645085060,2645085674,11976,614
29264.655068,2645089230,2645089839,12040,609
29264.667092,2645093377,2645093975,12097,598
29264.679110,2645097524,2645098128,12014,604
29264.691138,2645101644,2645102258,12040,614
29264.703159,2645105754,2645106363,12066,609
29264.715179,2645109823,2645110432,12016,609
29264.727206,2645113827,2645114436,8912,609
29264.739230,2645117843,2645118447,9254,604
29264.751249,2645121896,2645122496,12017,600
29264.763278,2645126019,2645126623,12041,604
29264.775299,2645130056,2645130670,12066,614
29264.787319,2645134114,2645134718,12011,604
29264.799347,2645138159,2645138761,12040,602
29264.809863,2645141588,2645142047,7588,459
29264.821894,2645145364,2645145823,7646,459
29264.833912,2645149155,2645149753,9245,598
29264.845931,2645153079,2645153683,8960,604
29264.857957,2645156997,2645157600,8931,603
29264.869982,2645160910,2645161519,9244,609
29264.882000,2645164834,2645165438,8954,604
29264.894026,2645168731,2645169339,8906,608
29264.906049,2645172676,2645173285,12097,609
29264.918066,2645176591,2645177203,9001,612
29264.930093,2645180531,2645181140,8930,609
29264.942116,2645184573,2645185182,12123,609
29264.954129,2645188636,2645189245,11962,609
29264.966161,2645192572,2645193175,8949,603
29264.978185,2645196467,2645197071,9202,604
29265.042807,2645217045,2645217654,12040,609
29265.054828,2645221106,2645221720,12099,614
29265.066847,2645225028,2645225625,8947,597
29265.078875,2645229089,2645229698,12032,609
29265.090897,2645233016,2645233624,9206,608
29265.102913,2645236932,2645237541,8981,609
29265.114942,2645240867,2645241476,8955,609
29265.126968,2645244791,2645245395,9247,604
29265.138985,2645248730,2645249332,8956,602
29265.151013,2645252662,2645253268,8932,606
29265.163037,2645256728,2645257331,12088,603
29265.175056,2645260873,2645261482,12004,609
29265.187083,2645265020,2645265629,12038,609
29265.199104,2645269171,2645269780,12071,609
29265.211122,2645273154,2645273758,8918,604
29265.223149,2645277151,2645277765,8913,614
29265.235174,2645281224,2645281836,12128,612
29265.247191,2645285298,2645285907,12010,609
29265.259219,2645289375,2645289979,12040,604
29265.271241,2645293406,2645294015,12072,609
29265.283260,2645297497,2645298095,12011,598
29265.295289,2645301538,2645302146,12041,608
29265.307309,2645305592,2645306206,12110,614
29265.319329,2645309659,2645310278,12014,619
29265.331356,2645313766,2645314375,12036,609
29265.341877,2645317258,2645317711,7440,453
29265.447073,2645349892,2645350496,12090,604
29265.459091,2645353993,2645354595,12050,602
29265.471117,2645358083,2645358687,12009,604
29265.483146,2645362181,2645362778,12108,597
29265.495161,2645366249,2645366851,12083,602
29265.507183,2645370240,2645370841,11855,601
29265.519215,2645374253,2645374867,12111,614
29265.531229,2645378276,2645378878,12080,602
29265.543245,2645382252,2645382853,8826,601
29265.555284,2645386171,2645386753,9188,582
29265.567297,2645390151,2645390754,12054,603
29265.579323,2645394120,2645394721,11842,601
29265.591351,2645398151,2645398755,12116,604
29265.603368,2645402191,2645402798,12035,607
29265.613897,2645405569,2645406152,9182,583
29265.625914,2645409475,2645409934,7361,459
29265.637932,2645413223,2645413837,11977,614
29265.649965,2645417102,2645417704,9242,602
29265.661982,2645421023,2645421626,9261,603
29265.673997,2645424869,2645425470,8888,601
29265.686030,2645428712,2645429326,9230,614
29265.698048,2645432639,2645433242,9088,603
29265.710067,2645436488,2645437094,8898,606
29265.722102,2645440367,2645440949,9202,582
29265.734116,2645444215,2645444815,9223,600
29265.746146,2645448045,2645448646,8983,601
29265.758171,2645452055,2645452638,11990,583
29265.770188,2645456067,2645456669,12062,602
29265.782202,2645459943,2645460544,8834,601
29265.794240,2645463793,2645464375,9211,582
29265.806257,2645467689,2645468298,9176,609
29265.818271,2645471539,2645472151,8865,612
29265.830303,2645475420,2645476034,9224,614
29265.842320,2645479485,2645480083,12020,598
29265.854343,2645483536,2645484138,11989,602
29265.866374,2645487412,2645487994,9190,582
29265.878388,2645491445,2645492049,12020,604
29265.890410,2645495280,2645495881,8815,601
29265.902446,2645499147,2645499755,9234,608
29265.914459,2645503017,2645503619,9222,602
29265.926476,2645506840,2645507446,8870,606
29265.938514,2645510696,2645511279,9189,583
29265.950529,2645514591,2645515192,9254,601
29265.962547,2645518421,2645519017,8897,596
29265.974579,2645522458,2645523062,12067,604
29265.986598,2645526526,2645527130,12045,604
29265.998622,2645530379,2645530983,8960,604
29266.010646,2645534220,2645534824,9176,604
29266.022667,2645538130,2645538739,9271,609
29266.034682,2645541957,2645542563,8835,606
29266.046718,2645545827,2645546436,9194,609
29266.058735,2645549887,2645550496,12045,609
29266.070754,2645553886,2645554494,11982,608
29266.118854,2645568981,2645569564,11965,583
29266.130867,2645572819,2645573421,9235,602
29266.142898,2645576653,2645577254,8950,601
29266.154923,2645580560,2645581169,9207,609
29266.166937,2645584445,2645585049,9235,604
29266.178955,2645588262,2645588867,8825,605
29266.190991,2645592294,2645592908,12113,614
29266.203006,2645596317,2645596918,12044,601
29266.215031,2645600294,2645600895,11823,601
29266.227057,2645604275,2645604889,9218,614
29266.239077,2645608269,2645608878,9178,609
29266.251098,2645612331,2645612932,11850,601
29266.263129,2645616455,2645617069,12090,614
29266.275144,2645620525,2645621122,12081,597
29266.287168,2645624543,2645625147,12003,604
29266.299198,2645628593,2645629196,12091,603
29266.311213,2645632612,2645633219,12083,607
29266.323235,2645636565,2645637166,11819,601
29266.335263,2645640608,2645641217,12095,609
29266.347282,2645644646,2645645249,12039,603
29266.359298,2645648579,2645649175,8890,596
29266.371333,2645652493,2645653097,9233,604
29266.381845,2645655892,2645656488,8885,596
29266.393879,2645659741,2645660349,9234,608
29266.405897,2645663674,2645664277,9214,603
29266.417911,2645667530,2645668132,8900,602
29266.429950,2645671374,2645671957,9186,583
29266.441962,2645675262,2645675871,11992,609
29266.453985,2645679152,2645679766,11975,614
29266.466017,2645683046,2645683623,9265,577
29266.478034,2645686901,2645687499,9297,598
29266.490061,2645690752,2645691354,8944,602
29266.502082,2645694620,2645695228,9168,608
29266.514103,2645698531,2645699128,9256,597
29266.526116,2645702369,2645702974,8868,605
29266.538153,2645706220,2645706803,9177,583
29266.550171,2645710107,2645710709,9263,602
29266.562186,2645713931,2645714542,8896,611
29266.574219,2645717958,2645718541,11976,583
29266.586240,2645721986,2645722589,12068,603
29266.598254,2645725850,2645726451,8829,601
29266.610290,2645729782,2645730364,9195,582
29266.622306,2645733680,2645734283,9251,603
29266.692937,2645755727,2645756331,11984,604
29266.754563,2645775049,2645775632,11987,583
29266.766580,2645778928,2645779530,9251,602
29266.778599,2645782751,2645783347,8880,596
29266.790633,2645786779,2645787382,12145,603
29266.802650,2645790838,2645791445,12053,607
29266.814666,2645794672,2645795283,8888,611
29266.826703,2645798540,2645799118,9225,578
29266.838716,2645802416,2645803020,9082,604
29266.850734,2645806277,2645806877,8908,600
29266.862767,2645810145,2645810754,9227,609
29266.874787,2645814208,2645814811,12041,603
29266.958942,2645840447,2645841048,11824,601
29266.970975,2645844501,2645845105,12089,604
29266.982989,2645848379,2645848980,9264,601
29266.995007,2645852248,2645852860,8862,612
29267.007043,2645856392,2645856996,12071,604
29267.019058,2645860478,2645861084,12062,606
29267.031083,2645864532,2645865134,11822,602
29267.043114,2645868683,2645869266,11965,583
29267.055129,2645872661,2645873258,9261,597
29267.067151,2645876644,2645877255,11851,611
29267.079178,2645880733,2645881337,12088,604
29267.091200,2645884778,2645885387,12042,609
29267.103218,2645888749,2645889357,12007,608
29267.115250,2645892757,2645893355,12112,598
29267.127265,2645896769,2645897375,12079,606
29267.139289,2645900775,2645901383,12008,608
29267.151318,2645904774,2645905383,12114,609
29267.163333,2645908792,2645909399,12122,607
29267.173868,2645912273,2645912710,7458,437
29267.185881,2645916039,2645916498,7492,459
29267.197897,2645919773,2645920379,8890,606
29267.209934,2645923632,2645924215,9228,583
29267.221949,2645927544,2645928148,9259,604
29267.233975,2645931395,2645932002,8947,607
29267.246000,2645935282,2645935865,9200,583
29267.258018,2645939174,2645939778,9276,604
29267.270033,2645943096,2645943707,11808,611
29267.282068,2645946980,2645947555,9208,575
29267.294086,2645950851,2645951455,9278,604
29267.306101,2645954693,2645955294,8831,601
29267.318133,2645958550,2645959164,9232,614
29267.330153,2645962468,2645963066,9223,598
29267.342171,2645966337,2645966944,8861,607
29267.354206,2645970223,2645970806,9211,583
29267.366224,2645974085,2645974692,9249,607
29267.378238,2645977954,2645978559,8860,605
29267.390273,2645982010,2645982593,11969,583
29267.402291,2645986045,2645986643,12083,598
29267.414307,2645989892,2645990498,8830,606
29267.426346,2645993745,2645994328,9230,583
29267.438360,2645997651,2645998255,9275,604
29267.450375,2646001470,2646002077,8827,607
29267.462407,2646005347,2646005955,9227,608
29267.474423,2646009381,2646009993,12032,612
29267.486448,2646013381,2646013979,11989,598
29267.498480,2646017222,2646017804,9163,582
29267.510497,2646021103,2646021706,9272,603
29267.522512,2646024931,2646025532,8888,601
29267.534547,2646028763,2646029367,9230,604
29267.546565,2646032673,2646033277,9242,604
29267.558580,2646036497,2646037092,8807,595
29267.570617,2646040324,2646040905,9207,581
29267.582631,2646044223,2646044829,9083,606
29267.594653,2646048254,2646048855,11813,601
29267.606681,2646052280,2646052863,11971,583
29267.618702,2646056333,2646056936,12068,603
29267.686331,2646077436,2646078040,12065,604
29267.698347,2646081293,2646081887,8882,594
29267.710378,2646085171,2646085773,9190,602
29267.720893,2646088751,2646089359,11976,608
29267.774991,2646105611,2646106212,8884,601
29267.787025,2646109558,2646110160,9220,602
29267.799041,2646113658,2646114268,12056,610
29267.811059,2646117577,2646118178,8832,601
29267.823093,2646121719,2646122323,12075,604
29267.835112,2646125897,2646126500,12043,603
29267.847133,2646129883,2646130484,11861,601
29267.859163,2646133961,2646134544,11968,583
29267.871180,2646138041,2646138644,12043,603
29267.970366,2646168957,2646169556,12019,599
29267.983895,2646173498,2646174107,12036,609
29268.167232,2646206723,2646207324,9127,601
29268.179271,2646209852,2646210455,9260,603
29268.189794,2646213121,2646213574,3445,453
29268.203309,2646216631,2646217233,9227,602
29268.215334,2646220675,2646221275,11818,600
29268.225864,2646224107,2646224710,9326,603
29268.237870,2646227992,2646228598,8856,606
29268.386665,2646258249,2646258831,9247,582
29268.398684,2646261643,2646262244,9280,601
29268.410708,2646265025,2646265638,9287,613
29268.422734,2646269135,2646269744,12036,609
29268.434758,2646273242,2646273851,12064,609
29268.446777,2646277193,2646277812,8950,619
29268.458805,2646281177,2646281791,8931,614
29268.470827,2646285150,2646285769,9247,619
29268.482844,2646289137,2646289750,8994,613
29268.494859,2646293043,2646293644,8860,601
29268.506893,2646297058,2646297666,12087,608
29268.518909,2646301086,2646301688,12064,602
29268.530928,2646304935,2646305530,8882,595
29268.542964,2646308817,2646309421,9206,604
29268.554978,2646312686,2646313288,9239,602
29268.566997,2646316506,2646317112,8910,606
29268.579033,2646320630,2646321208,11969,578
29268.591046,2646324528,2646325134,9247,606
29268.603065,2646328498,2646329100,8892,602
29268.615099,2646332667,2646333273,12073,606
29268.627119,2646336801,2646337404,12042,603
29268.639137,2646340812,2646341413,11833,601
29268.651169,2646344867,2646345476,12099,609
29268.663184,2646348909,2646349511,12058,602
29268.675208,2646352901,2646353510,11977,609
29268.687238,2646356870,2646357474,12085,604
29268.699255,2646360871,2646361478,12082,607
29268.711276,2646364871,2646365473,11845,602
29268.723307,2646368910,2646369508,12039,598
29268.735321,2646372906,2646373508,12060,602
29268.747348,2646376867,2646377463,11855,596
29268.757870,2646380303,2646380907,9273,604
29268.769885,2646384162,2646384757,8893,595
29268.781920,2646388037,2646388618,9203,581
29268.793934,2646391891,2646392493,9220,602
29268.805956,2646395806,2646396412,11849,606
29268.817986,2646399686,2646400268,11962,582
29268.830004,2646403549,2646404156,9182,607
29268.842021,2646407402,2646408007,8869,605
29268.854059,2646411282,2646411865,9171,583
29268.866074,2646415170,2646415779,9297,609
29268.878093,2646419060,2646419661,8858,601
29268.890127,2646422936,2646423519,9239,583
29268.902141,2646426810,2646427416,9200,606
29268.914158,2646430681,2646431275,8828,594
29268.926196,2646434581,2646435164,9208,583
29268.938208,2646438434,2646439036,9205,602
29268.950228,2646442278,2646442879,8874,601
29268.962267,2646446131,2646446714,9237,583
29268.974281,2646450013,2646450622,9195,609
29268.986296,2646453826,2646454427,8867,601
29268.998334,2646457688,2646458269,9202,581
29269.010349,2646461568,2646462182,9274,614
29269.022368,2646465634,2646466238,12030,604
29269.034394,2646469636,2646470250,11846,614
29269.046416,2646473613,2646474222,9197,609
29269.058434,2646477481,2646478081,8844,600
29269.070469,2646481366,2646481975,9083,609
29269.082483,2646485312,2646485925,9251,613
29269.094502,2646489178,2646489789,8877,611
29269.106535,2646493051,2646493655,9225,604
29269.118557,2646496962,2646497566,9311,604
29269.130572,2646500809,2646501414,8909,605
29269.142603,2646504669,2646505278,9227,609
29269.154623,2646508577,2646509174,9274,597
29269.166638,2646512413,2646513014,8878,601
29269.178670,2646516289,2646516893,9233,604
29269.190687,2646520168,2646520770,9173,602
29269.202708,2646523996,2646524601,8892,605
29269.214741,2646527872,2646528480,9239,608
29269.226761,2646531779,2646532382,9254,603
29269.238780,2646535785,2646536392,11857,607
29269.250809,2646539793,2646540375,11961,582
29269.262828,2646543676,2646544284,9278,608
29269.274841,2646547538,2646548139,8811,601
29269.286873,2646551391,2646551994,9145,603
29269.298894,2646555283,2646555886,9192,603
29269.310913,2646559115,2646559716,8889,601
29269.322947,2646563016,2646563630,9214,614
29269.334962,2646567047,2646567653,12055,606
29269.346979,2646570864,2646571464,8867,600
29269.359018,2646574798,2646575381,9252,583
29269.371034,2646578844,2646579446,12038,602
29269.383054,2646582863,2646583465,11840,602
29269.395084,2646586982,2646587591,12110,609
29269.407097,2646590977,2646591583,9231,606
29269.419125,2646594970,2646595578,8979,608
29269.431152,2646599042,2646599624,11967,582
29269.443169,2646603093,2646603695,12082,602
29269.455189,2646607107,2646607712,11863,605
29269.467221,2646611135,2646611738,12068,603
29269.479236,2646615124,2646615731,12058,607
29269.491261,2646619084,2646619686,11816,602
29269.503291,2646623096,2646623700,12075,604
29269.515313,2646627119,2646627732,12138,613
29269.527329,2646631123,2646631724,11846,601
29269.537849,2646634540,2646634993,7433,453
29269.549870,2646638266,2646638873,8823,607
29269.561904,2646642152,2646642735,9210,583
29269.573922,2646646032,2646646636,9274,604
29269.585935,2646649890,2646650491,8888,601
29269.597974,2646653724,2646654306,9181,582
29269.609989,2646657622,2646658231,9201,609
29269.622008,2646661510,2646662116,11830,606
29269.634039,2646665404,2646665987,11988,583
29269.646059,2646669298,2646669896,9252,598
29269.658074,2646673151,2646673752,8826,601
29269.670111,2646677039,2646677621,9214,582
29269.682123,2646680923,2646681530,9235,607
29269.694143,2646684782,2646685387,8833,605
29269.706178,2646688667,2646689250,9176,583
29269.718196,2646692553,2646693160,9234,607
29269.730210,2646696425,2646697040,8834,615
29269.742246,2646700318,2646700901,9146,583
29269.754263,2646704201,2646704810,9274,609
29269.766288,2646708064,2646708668,8952,604
29269.778316,2646711938,2646712521,9208,583
29269.790333,2646715825,2646716428,9288,603
29269.802347,2646719698,2646720299,8850,601
29269.814383,2646723560,2646724163,9059,603
29269.826400,2646727506,2646728110,9229,604
29269.838417,2646731527,2646732133,11826,606
29269.850446,2646735547,2646736151,12072,604
29269.862473,2646739456,2646740064,9285,608
29269.874486,2646743321,2646743932,8857,611
29269.886524,2646747197,2646747779,9202,582
29269.898538,2646751074,2646751684,9209,610
29269.910553,2646754896,2646755497,8906,601
29269.922584,2646758769,2646759373,9207,604
29269.934605,2646762688,2646763291,9271,603
29269.946624,2646766504,2646767103,8890,599
29269.958655,2646770397,2646771006,9215,609
29269.970672,2646774298,2646774895,9229,597
29269.982694,2646778278,2646778882,11984,604
29270.018760,2646789575,2646790176,8892,601
29270.030791,2646793447,2646794065,9163,618
29270.042811,2646797380,2646797989,9276,609
29270.054833,2646801380,2646801987,11853,607
29270.066863,2646805421,2646806025,12067,604
29270.078876,2646809320,2646809922,9265,602
29270.090895,2646813137,2646813738,8874,601
29270.102930,2646817021,2646817625,9231,604
29270.114947,2646820917,2646821520,9271,603
29270.126965,2646824749,2646825350,8897,601
29270.139002,2646828631,2646829213,9218,582
29270.151013,2646832510,2646833112,9257,602
29270.163038,2646836565,2646837167,11979,602
29270.175066,2646840678,2646841287,12089,609
29270.187082,2646844687,2646845294,9255,607
29270.199109,2646848770,2646849377,11844,607
29270.211137,2646852891,2646853500,12062,609
29270.223151,2646856927,2646857529,9266,602
29270.235169,2646860843,2646861443,8852,600
29270.247204,2646864900,2646865507,12074,607
29270.259228,2646868912,2646869518,12134,606
29270.271244,2646872921,2646873517,11815,596
29270.283272,2646876931,2646877513,12009,582
29270.295290,2646880928,2646881535,12084,607
29270.307311,2646884900,2646885502,11843,602
29270.319342,2646888943,2646889552,12088,609
29270.329854,2646892361,2646892965,8883,604
29270.341888,2646896250,2646896833,9184,583
29270.353902,2646900221,2646900829,11967,608
29270.368331,2646905418,2646906027,12075,609
29270.426039,2646923535,2646924144,12007,609
29270.438067,2646927579,2646928183,12036,604
29270.450089,2646931592,2646932206,12087,614
29270.462110,2646935536,2646936128,8996,592
29270.474137,2646939448,2646940062,8926,614
29270.486160,2646943378,2646943982,9248,604
29270.498176,2646947292,2646947894,8942,602
29270.546272,2646962684,2646963285,12031,601
29270.558296,2646966600,2646967209,9015,609
29270.570312,2646970697,2646971301,11993,604
29270.582342,2646974610,2646975213,8916,603
29270.594366,2646978511,2646979115,9242,604
29270.606389,2646982444,2646983053,9040,609
29270.618410,2646986364,2646986973,8924,609
29270.630435,2646990273,2646990886,9231,613
29270.642454,2646994225,2646994829,8978,604
29270.654479,2646998282,2646998886,12043,604
29270.666502,2647002354,2647002968,12087,614
29270.678522,2647006261,2647006860,8999,599
29270.690549,2647010195,2647010804,8956,609
29270.702573,2647014119,2647014727,9164,608
29270.714591,2647018036,2647018645,8990,609
29270.726617,2647021971,2647022579,8926,608
29270.738642,2647025883,2647026497,9253,614
29270.750659,2647029799,2647030403,8988,604
29270.762686,2647033716,2647034328,8959,612
29270.774710,2647037646,2647038255,9247,609
29270.786727,2647041718,2647042321,12008,603
29270.798754,2647045644,2647046253,8929,609
29270.810777,2647049566,2647050175,9235,609
29270.822794,2647053495,2647054104,8876,609
29270.834823,2647057418,2647058027,8916,609
29270.846846,2647061344,2647061944,9203,600
29270.858863,2647065361,2647065970,8996,609
29270.870892,2647069437,2647070051,12037,614
29270.885917,2647074328,2647074942,8957,614
29270.897944,2647078260,2647078864,12037,604
29270.915977,2647084202,2647084806,12038,604
29270.928001,2647088214,2647088823,12087,609
29270.950543,2647095609,2647096213,12073,604
29270.962561,2647099696,2647100301,12013,605
29270.974589,2647103626,2647104235,8943,609
29270.986613,2647107642,2647108256,9237,614
29270.998631,2647111551,2647112160,8971,609
29271.010657,2647115483,2647116092,8865,609
29271.022682,2647119407,2647120021,9251,614
29271.034699,2647123361,2647123965,8948,604
29271.046725,2647127287,2647127890,8970,603
29271.058747,2647131201,2647131805,9239,604
29271.070766,2647135123,2647135732,8968,609
29271.082794,2647139185,2647139788,12036,603
29271.094815,2647143103,2647143707,9199,604
29271.106833,2647147032,2647147636,8929,604
29271.118860,2647150955,2647151559,8928,604
29271.129376,2647154438,2647155043,12006,605
29271.142902,2647158964,2647159568,12013,604
29271.154929,2647162887,2647163496,8964,609
29271.174460,2647169305,2647169909,11983,604
29271.186491,2647173369,2647173983,12036,614
29271.198512,2647177451,2647178055,12068,604
29271.210532,2647181379,2647181983,8978,604
29271.222559,2647185303,2647185917,8907,614
29271.234582,2647189365,2647189969,12102,604
29271.248106,2647193919,2647194523,12062,604
29271.270651,2647201285,2647201899,12079,614
29271.282666,2647205363,2647205966,11976,603
29271.294696,2647209272,2647209881,8953,609
29271.306719,2647213195,2647213804,9190,609
29271.318737,2647217112,2647217715,8922,603
29271.330764,2647221007,2647221621,8935,614
29271.342789,2647224942,2647225546,9229,604
29271.354805,2647228848,2647229462,9005,614
29271.366833,2647232784,2647233387,8919,603
29271.378856,2647236719,2647237331,9167,612
29271.390872,2647240817,2647241426,11973,609
29271.402903,2647244884,2647245488,12038,604
29271.414923,2647248821,2647249425,9230,604
29271.426942,2647252755,2647253364,8940,609
29271.438971,2647256830,2647257438,12037,608
29271.450993,2647260927,2647261535,9091,608
29271.463011,2647264870,2647265483,8956,613
29271.473535,2647268402,2647269006,9237,604
29271.491570,2647274368,2647274977,12070,609
29271.502091,2647277820,2647278426,8906,606
29271.514113,2647281740,2647282354,9236,614
29271.526133,2647285671,2647286280,8970,609
29271.538157,2647289609,2647290218,8926,609
29271.550180,2647293548,2647294162,9007,614
29271.590760,2647306619,2647307223,12083,604
29271.602777,2647310698,2647311306,12010,608
29271.614804,2647314609,2647315223,8942,614
29271.626828,2647318545,2647319154,9218,609
29271.638845,2647322459,2647323073,8971,614
29271.650872,2647326390,2647326994,8900,604
29271.662896,2647330303,2647330916,9206,613
29271.674914,2647334223,2647334826,8922,603
29271.686942,2647338279,2647338887,12036,608
29271.698963,2647342325,2647342933,12039,608
29271.710982,2647346264,2647346863,8984,599
29271.723008,2647350167,2647350780,8921,613
29271.735035,2647354248,2647354857,12086,609
29271.747056,2647358401,2647359010,12081,609
29271.759078,2647362598,2647363207,12039,609
29271.771102,2647366616,2647367224,9257,608
29271.783119,2647370668,2647371276,8961,608
29271.795146,2647374795,2647375412,12039,617
29271.807169,2647378902,2647379510,12073,608
29271.819190,2647382946,2647383555,12011,609
29271.831217,2647386994,2647387598,12037,604
29271.843240,2647391049,2647391653,12076,604
29271.855255,2647395120,2647395724,11976,604
29271.867285,2647399033,2647399642,8903,609
29271.879310,2647403089,2647403697,12087,608
29271.891327,2647407150,2647407758,12012,608
29271.903356,2647411287,2647411896,12043,609
29271.913872,2647414726,2647415340,8970,614
29271.925904,2647418675,2647419132,7676,457
29271.937922,2647422430,2647423038,9235,608
29271.949941,2647426353,2647426961,8997,608
29271.961967,2647430276,2647430887,8992,611
29271.973992,2647434249,2647434858,9268,609
29271.986006,2647438212,2647438816,11995,604
29271.998036,2647442163,2647442777,12083,614
29272.010058,2647446102,2647446716,9203,614
29272.022074,2647450146,2647450759,11990,613
29272.034105,2647454058,2647454667,8924,609
29272.046128,2647457969,2647458577,9043,608
29272.058145,2647461901,2647462505,8887,604
29272.070172,2647465948,2647466552,12040,604
29272.082193,2647470017,2647470621,12087,604
29272.094217,2647473941,2647474545,8987,604
29272.106240,2647477870,2647478484,8906,614
29272.118265,2647481800,2647482404,9249,604
29272.130282,2647485736,2647486344,8956,608
29272.142308,2647489660,2647490263,8878,603
29272.154332,2647493578,2647494182,9252,604
29272.166350,2647497499,2647498103,8977,604
29272.178377,2647501418,2647502024,8954,606
29272.190402,2647505331,2647505935,9195,604
29272.202415,2647509417,2647510031,11991,614
29272.214446,2647513493,2647514101,12035,608
29272.226468,2647517410,2647518019,9227,609
29272.236988,2647520868,2647521471,12044,603
29272.262537,2647529182,2647529795,12078,613
29272.274558,2647533129,2647533743,8991,614
29272.286583,2647537202,2647537816,12037,614
29272.298606,2647541280,2647541888,12082,608
29272.310626,2647545207,2647545815,9012,608
29272.322653,2647549126,2647549740,8968,614
29272.334677,2647553056,2647553659,9250,603
29272.346694,2647556997,2647557600,8991,603
29272.358721,2647560909,2647561523,8908,614
29272.370745,2647564831,2647565433,9240,602
29272.382763,2647568751,2647569360,8981,609
29272.394790,2647572686,2647573298,8925,612
29272.406812,2647576620,2647577224,9228,604
29272.418832,2647580697,2647581301,12009,604
29272.430858,2647584786,2647585389,12034,603
29272.442880,2647588699,2647589302,8998,603
29272.454898,2647592603,2647593217,8933,614
29272.466926,2647596540,2647597148,8928,608
29272.478950,2647600479,2647601092,9199,613
29272.490972,2647604399,2647605008,9018,609
29272.502997,2647608453,2647609062,12038,609
29272.515017,2647612536,2647613140,12069,604
29272.527036,2647616602,2647617206,12010,604
29272.539066,2647620733,2647621337,12044,604
29272.551087,2647624912,2647625521,12085,609
29272.563105,2647629087,2647629689,12014,602
29272.575132,2647633224,2647633833,12079,609
29272.587154,2647637211,2647637815,9228,604
29272.599173,2647641150,2647641754,8999,604
29272.611202,2647645213,2647645825,12042,612
29272.623224,2647649137,2647649745,9239,608
29272.647270,2647657017,2647657620,12035,603
29272.659291,2647661066,2647661668,12111,602
29272.671309,2647664971,2647665575,8942,604
29272.683335,2647668878,2647669487,8927,609
29272.693854,2647672323,2647672920,9004,597
29272.705880,2647676236,2647676845,8944,609
29272.717905,2647680158,2647680772,9256,614
29272.729923,2647684098,2647684702,8978,604
29272.741949,2647688023,2647688627,8970,604
29272.753974,2647691934,2647692543,9244,609
29272.765991,2647695872,2647696486,8950,614
29272.778018,2647699818,2647700425,8932,607
29272.790040,2647703730,2647704339,9038,609
29272.802056,2647707723,2647708327,11989,604
29272.814087,2647711744,2647712353,12041,609
29272.826109,2647715660,2647716264,9243,604
29272.838131,2647719605,2647720213,9001,608
29272.850155,2647723528,2647724137,8923,609
29272.862179,2647727447,2647728056,9231,609
29272.874197,2647731383,2647731987,8925,604
29272.886224,2647735450,2647736054,12082,604
29272.898247,2647739507,2647740111,12132,604
29272.910267,2647743425,2647744028,8948,603
29272.922294,2647747343,2647747952,8951,609
29272.934318,2647751266,2647751880,9170,614
29272.946335,2647755211,2647755815,9007,604
29272.958362,2647759136,2647759750,8899,614
29272.970386,2647763050,2647763658,9250,608
29272.982401,2647767117,2647767721,11981,604
29273.078592,2647797568,2647798177,9213,609
29273.090608,2647801514,2647802123,8914,609
29273.102635,2647805577,2647806186,12060,609
29273.114656,2647809640,2647810254,12088,614
29273.126676,2647813572,2647814165,8962,593
29273.138703,2647817486,2647818099,8931,613
29273.150727,2647821400,2647822004,9240,604
29273.162743,2647825315,2647825919,8982,604
29273.174772,2647829229,2647829838,8926,609
29273.186794,2647833168,2647833777,9074,609
29273.198811,2647837097,2647837701,8989,604
29273.210840,2647841018,2647841629,8920,611
29273.222863,2647844940,2647845554,9264,614
29273.234886,2647849029,2647849638,12041,609
29273.246909,2647853097,2647853701,12034,604
29273.258930,2647857018,2647857627,9237,609
29273.270949,2647860956,2647861560,8960,604
29273.282975,2647864874,2647865482,8938,608
29273.295000,2647868799,2647869401,9190,602
29273.307019,2647872851,2647873455,12010,604
29273.319049,2647876963,2647877577,12038,614
29273.331069,2647881158,2647881762,12068,604
29273.343088,2647885302,2647885905,12012,603
29273.355115,2647889496,2647890103,12042,607
29273.367139,2647893641,2647894248,12071,607
29273.379157,2647897764,2647898368,12018,604
29273.391183,2647901832,2647902441,12036,609
29273.403207,2647905779,2647906393,9229,614
29273.415225,2647909698,2647910312,9005,614
29273.427253,2647913754,2647914355,12039,601
29273.439275,2647917834,2647918448,8937,614
29273.451299,2647921971,2647922590,12041,619
29273.463322,2647926097,2647926706,12039,609
29273.475344,2647930199,2647930818,12043,619
29273.485865,2647933687,2647934301,8925,614
29273.497893,2647937704,2647938168,7694,464
29273.509906,2647941505,2647942113,8959,608
29273.521933,2647945439,2647946043,8950,604
29273.533955,2647949344,2647949948,9043,604
29273.545974,2647953262,2647953871,8934,609
29273.558001,2647957179,2647957782,8923,603
29273.570026,2647961087,2647961691,9191,604
29273.582048,2647965006,2647965615,9012,609
29273.594070,2647968931,2647969533,8901,602
29273.606094,2647972848,2647973462,9252,614
29273.618108,2647976895,2647977504,11983,609
29273.654179,2647988538,2647989142,12010,604
29273.666207,2647992466,2647993085,8964,619
29273.678231,2647996417,2647997025,9252,608
29273.690249,2648000369,2648000978,8920,609
29273.702278,2648004448,2648005057,12043,609
29273.714299,2648008526,2648009135,12102,609
29273.726319,2648012434,2648013032,8967,598
29273.738345,2648016347,2648016956,8917,609
29273.750370,2648020261,2648020869,9231,608
29273.762387,2648024176,2648024780,8918,604
29273.774414,2648028101,2648028715,8920,614
29273.786437,2648032036,2648032639,9203,603
29273.798455,2648035952,2648036561,8962,609
29273.810482,2648039871,2648040472,8894,601
29273.822507,2648043783,2648044387,9266,604
29273.834523,2648047865,2648048468,12002,603
29273.846551,2648051944,2648052557,12026,613
29273.858574,2648055851,2648056460,9234,609
29273.870592,2648059779,2648060383,8968,604
29273.882617,2648063702,2648064304,8946,602
29273.894644,2648067608,2648068222,9235,614
29273.906659,2648071597,2648072201,8985,604
29273.918685,2648075661,2648076265,12040,604
29273.930708,2648079741,2648080355,12040,614
29273.942728,2648083679,2648084282,8999,603
29273.954755,2648087607,2648088221,8931,614
29273.966779,2648091522,2648092125,9185,603
29273.978799,2648095439,2648096053,9015,614
29274.053945,2648119284,2648119888,12042,604
29274.065967,2648123199,2648123803,9251,604
29274.077988,2648127109,2648127728,8995,619
29274.099027,2648133883,2648134492,8920,609
29274.111051,2648137874,2648138488,9225,614
29274.123071,2648142048,2648142657,12008,609
29274.135096,2648146227,2648146830,12040,603
29274.147121,2648150365,2648150974,12087,609
29274.159138,2648154442,2648155045,12011,603
29274.171166,2648158570,2648159174,12039,604
29274.183191,2648162666,2648163270,12084,604
29274.195207,2648166729,2648167338,12012,609
29274.207235,2648170795,2648171404,12056,609
29274.219256,2648174730,2648175344,9242,614
29274.231275,2648178674,2648179283,8941,609
29274.243303,2648182725,2648183331,12037,606
29274.255327,2648186766,2648187373,12073,607
29274.267344,2648190834,2648191442,12014,608
29274.277869,2648194288,2648194902,9080,614
29274.289889,2648198236,2648198845,8991,609
29274.301916,2648202177,2648202786,8983,609
29274.313939,2648206137,2648206741,12008,604
29274.325962,2648210054,2648210651,8942,597
29274.337985,2648213973,2648214592,8937,619
29274.350009,2648217885,2648218499,9227,614
29274.362023,2648221996,2648222605,12066,609
29274.374044,2648225903,2648226505,8881,602
29274.386079,2648229782,2648230365,9166,583
29274.398096,2648233649,2648234258,9268,609
29274.410111,2648237513,2648238112,8874,599
29274.422146,2648241403,2648241985,9201,582
29274.434160,2648245414,2648246017,12025,603
29274.446182,2648249391,2648249997,11805,606
29274.458219,2648253257,2648253840,9222,583
29274.470233,2648257134,2648257743,9257,609
29274.482247,2648261023,2648261630,8835,607
29274.494285,2648264899,2648265483,9220,584
29274.506297,2648268763,2648269369,9177,606
29274.518319,2648272805,2648273405,11816,600
29274.530353,2648276858,2648277435,11956,577
29274.542370,2648280755,2648281357,9256,602
29274.554385,2648284619,2648285220,8847,601
29274.566424,2648288507,2648289089,9248,582
29274.578437,2648292416,2648293024,9238,608
29274.590454,2648296295,2648296896,8796,601
29274.602490,2648300174,2648300757,9200,583
29274.614507,2648304035,2648304639,9283,604
29274.626527,2648308091,2648308697,11989,606
29274.638554,2648311985,2648312594,9211,609
29274.650575,2648316045,2648316649,12043,604
29274.662591,2648320022,2648320623,11811,601
29274.674624,2648323909,2648324517,9077,608
29274.686639,2648327802,2648328399,9213,597
29274.698661,2648331621,2648332222,8891,601
29274.710692,2648335514,2648336123,9132,609
29274.722716,2648339430,2648340034,9328,604
29274.734733,2648343473,2648344075,11811,602
29274.746759,2648347462,2648348065,12069,603
29274.758781,2648351397,2648352000,9258,603
29274.770796,2648355229,2648355834,8861,605
29274.782831,2648359133,2648359742,9234,609
29274.794844,2648363015,2648363617,9226,602
29274.806865,2648366842,2648367442,8896,600
29274.818898,2648370672,2648371281,9227,609
29274.830917,2648374581,2648375185,9261,604
29274.842931,2648378416,2648379022,8917,606
29274.854964,2648382300,2648382909,9197,609
29274.866986,2648386358,2648386962,12043,604
29274.879006,2648390346,2648390953,11837,607
29274.891035,2648394387,2648394970,11987,583
29274.903052,2648398470,2648399077,12061,607
29274.915076,2648402566,2648403172,11837,606
29274.927107,2648406625,2648407208,9204,583
29274.939122,2648410717,2648411319,12086,602
29274.951142,2648414738,2648415340,11837,602
29274.963171,2648418739,2648419321,11970,582
29274.975192,2648422765,2648423368,12038,603
29274.987208,2648426623,2648427224,8889,601
29274.999242,2648430672,2648431255,11960,583
29275.011258,2648434664,2648435271,12103,607
29275.023279,2648438661,2648439269,11978,608
29275.035311,2648442565,2648443169,9281,604
29275.047327,2648446467,2648447071,9222,604
29275.059347,2648450467,2648451064,11836,597
29275.069876,2648453903,2648454507,9319,604
29275.081889,2648457779,2648458379,8894,600
29275.093925,2648461668,2648462252,9164,584
29275.105939,2648465489,2648466096,9235,607
29275.117957,2648469394,2648469995,8907,601
29275.129993,2648473291,2648473874,9190,583
29275.142008,2648477174,2648477776,9247,602
29275.154025,2648481035,2648481636,8861,601
29275.166061,2648484922,2648485505,9201,583
29275.178078,2648488807,2648489416,9263,609
29275.190095,2648492689,2648493291,8844,602
29275.202133,2648496541,2648497124,9198,583
29275.214148,2648500415,2648501024,9251,609
29275.226161,2648504342,2648504947,8835,605
29275.238198,2648508220,2648508803,9224,583
29275.250212,2648512231,2648512835,12019,604
29275.262236,2648516260,2648516868,11974,608
29275.274268,2648520155,2648520738,9205,583
29275.286285,2648524063,2648524667,9286,604
29275.298299,2648527883,2648528484,8829,601
29275.310337,2648531735,2648532319,9204,584
29275.322352,2648535613,2648536221,9242,608
29275.334368,2648539530,2648540130,8828,600
29275.346404,2648543398,2648543981,9165,583
29275.358420,2648547284,2648547881,9235,597
29275.370445,2648551133,2648551742,8976,609
29275.382477,2648555023,2648555607,9233,584
29275.394490,2648558934,2648559538,9231,604
29275.406506,2648562774,2648563375,8865,601
29275.418540,2648566621,2648567224,9119,603
29275.430557,2648570528,2648571137,9271,609
29275.442574,2648574392,2648574992,8908,600
29275.454606,2648578264,2648578872,9181,608
29275.466631,2648582311,2648582920,12084,609
29275.478643,2648586306,2648586911,11841,605
29275.490680,2648590160,2648590743,9228,583
29275.502691,2648594033,2648594639,9230,606
29275.514713,2648597884,2648598485,8856,601
29275.526743,2648601764,2648602384,9211,620
29275.538764,2648605695,2648606303,9244,608
29275.550782,2648609565,2648610146,8952,581
29275.562811,2648613546,2648614129,11961,583
29275.574830,2648617440,2648618031,9300,591
29275.586848,2648621258,2648621859,8901,601
29275.598883,2648625147,2648625756,9248,609
29275.610900,2648629065,2648629674,9255,609
29275.622914,2648632942,2648633547,8887,605
29275.692052,2648654557,2648655155,12091,598
29275.731122,2648666828,2648667435,8864,607
29275.743156,2648670971,2648671575,12072,604
29275.755170,2648675006,2648675616,11879,610
29275.767196,2648678884,2648679488,8970,604
29275.779226,2648682906,2648683489,11974,583
29275.791240,2648686905,2648687501,12054,596
29275.803265,2648690855,2648691456,11845,601
29275.815295,2648694883,2648695492,12057,609
29275.827307,2648698878,2648699488,11903,610
29275.839332,2648702849,2648703456,11821,607
29275.849857,2648706305,2648706759,7407,454
29275.861878,2648710063,2648710520,7517,457
29275.873908,2648713806,2648714389,9165,583
29275.885921,2648717690,2648718294,9238,604
29275.897945,2648721586,2648722161,8944,575
29275.909977,2648725416,2648726000,9220,584
29275.921994,2648729307,2648729911,9273,604
29275.934015,2648733200,2648733776,8939,576
29275.946045,2648737064,2648737646,9184,582
29275.958058,2648740920,2648741538,9243,618
29275.970079,2648744802,2648745409,8921,607
29276.138399,2648787081,2648787687,9260,606
29276.150424,2648790598,2648791212,8909,614
29276.162452,2648794038,2648794646,9074,608
29276.174472,2648797883,2648798485,9277,602
29276.186493,2648801704,2648802279,8963,575
29276.198528,2648805542,2648806125,9231,583
29276.210546,2648809412,2648810019,9266,607
29276.222563,2648813244,2648813819,8975,575
29276.234595,2648817025,2648817607,9236,582
29276.246609,2648820877,2648821486,9240,609
29276.258630,2648824702,2648825276,8965,574
29276.270658,2648828546,2648829150,9210,604
29276.282672,2648832542,2648833137,11904,595
29276.294699,2648836513,2648837117,11974,604
29276.306728,2648840355,2648840957,9204,602
29276.318748,2648844270,2648844879,9289,609
29276.330762,2648848068,2648848673,8851,605
29276.342796,2648851925,2648852535,9184,610
29276.354813,2648855868,2648856477,9301,609
29276.366832,2648859772,2648860353,8905,581
29276.378864,2648863629,2648864232,9187,603
29276.390880,2648867492,2648868087,9232,595
29276.402904,2648871290,2648871865,8907,575
29276.414934,2648875159,2648875768,9236,609
29276.426951,2648879070,2648879674,9223,604
29276.438968,2648882898,2648883504,8865,606
29276.451003,2648886734,2648887335,9235,601
29276.463020,2648890662,2648891266,9241,604
29276.475043,2648894658,2648895258,11843,600
29276.487070,2648898772,2648899355,11963,583
29276.499086,2648902846,2648903446,11908,600
29276.511108,2648906911,2648907519,11975,608
29276.523138,2648910958,2648911536,11972,578
29276.535157,2648914949,2648915549,11940,600
29276.547179,2648918904,2648919511,11848,607
29276.559209,2648922973,2648923583,12042,610
29276.571223,2648926984,2648927584,11903,600
29276.583243,2648930850,2648931456,8872,606
29276.595278,2648934758,2648935372,9237,614
29276.607302,2648938753,2648939347,11961,594
29276.619317,2648942730,2648943341,11846,611
29276.631348,2648946738,2648947342,12112,604
29276.641861,2648950149,2648950729,8990,580
29276.653890,2648954000,2648954583,9170,583
29276.665909,2648957858,2648958317,7353,459
29276.677929,2648961606,2648962215,11999,609
29276.689960,2648965442,2648966024,9198,582
29276.701974,2648969301,2648969909,9217,608
29276.713995,2648973168,2648973749,8909,581
29276.726027,2648977002,2648977586,9175,584
29276.738042,2648980847,2648981450,9320,603
29276.750061,2648984710,2648985290,8887,580
29276.762099,2648988604,2648989187,9224,583
29276.774115,2648992506,2648993113,9292,607
29276.786135,2648996407,2648996982,8952,575
29276.798164,2649000407,2649000989,11965,582
29276.810181,2649004299,2649004908,9266,609
29276.822203,2649008109,2649008690,8951,581
29276.834236,2649011959,2649012542,9224,583
29276.846252,2649015823,2649016431,9267,608
29276.858275,2649019674,2649020276,8971,602
29276.870299,2649023577,2649024180,9170,603
29276.901858,2649033705,2649034314,12086,609
29276.934916,2649044221,2649044821,11844,600
29276.946942,2649048087,2649048691,9229,604
29276.958964,2649052026,2649052640,9251,614
29276.970980,2649055994,2649056599,11799,605
29277.158850,2649101080,2649101663,9226,583
29277.170867,2649104129,2649104733,9242,604
29277.182897,2649107524,2649108107,9244,583
29277.194912,2649111417,2649112025,9268,608
29277.206934,2649115263,2649115875,8968,612
29277.218963,2649119166,2649119744,9178,578
29277.230980,2649122996,2649123599,9280,603
29277.242998,2649126791,2649127396,8902,605
29277.255033,2649130803,2649131412,12105,609
29277.267049,2649134793,2649135397,9255,604
29277.279064,2649138676,2649139277,8854,601
29277.291098,2649142796,2649143372,11943,576
29277.303118,2649146844,2649147444,11844,600
29277.315136,2649150917,2649151493,11950,576
29277.327168,2649154972,2649155581,12066,609
29277.339182,2649158966,2649159561,11868,595
29277.351215,2649162905,2649163511,11900,606
29277.363237,2649166954,2649167568,12066,614
29277.375251,2649170990,2649171595,11868,605
29277.387276,2649174989,2649175590,11840,601
29277.399306,2649178864,2649179472,9244,608
29277.411319,2649182788,2649183395,9202,607
29277.423340,2649186746,2649187320,11955,574
29277.433866,2649190148,2649190751,9287,603
29277.445885,2649194007,2649194587,8908,580
29277.457923,2649197887,2649198463,9155,576
29277.469935,2649201745,2649202353,9282,608
29277.481954,2649205656,2649206268,11815,612
29277.493986,2649209519,2649210101,11960,582
29277.506007,2649213383,2649213987,9254,604
29277.518027,2649217276,2649217857,8900,581
29277.530058,2649221126,2649221709,9216,583
29277.542071,2649224956,2649225571,9271,615
29277.554097,2649228876,2649229485,8970,609
29277.566124,2649232730,2649233311,9212,581
29277.578142,2649236622,2649237226,9262,604
29277.590163,2649240506,2649241084,8888,578
29277.602194,2649244372,2649244981,9246,609
29277.614209,2649248456,2649249059,12022,603
29277.626228,2649252425,2649253031,11802,606
29277.638264,2649256296,2649256879,9258,583
29277.650278,2649260210,2649260814,9074,604
29277.662300,2649264036,2649264617,8905,581
29277.674334,2649267860,2649268442,9181,582
29277.686350,2649271743,2649272347,9272,604
29277.698374,2649275763,2649276369,11863,606
29277.710398,2649279791,2649280374,11956,583
29277.722414,2649283649,2649284246,9212,597
29277.734439,2649287480,2649288056,8914,576
29277.746471,2649291361,2649291944,9229,583
29277.758485,2649295244,2649295849,9269,605
29277.770506,2649299256,2649299860,11990,604
29277.782537,2649303158,2649303741,9181,583
29277.794555,2649307045,2649307649,9248,604
29277.806572,2649310912,2649311490,8934,578
29277.818605,2649314744,2649315326,9183,582
29277.830621,2649318797,2649319400,12037,603
29277.842639,2649322611,2649323223,8901,612
29277.854675,2649326677,2649327259,11980,582
29277.866692,2649330566,2649331175,9278,609
29277.878706,2649334380,2649334981,8873,601
29277.890739,2649338255,2649338863,9230,608
29277.902759,2649342165,2649342779,9259,614
29277.914775,2649346188,2649346763,11953,575
29277.926804,2649350148,2649350757,12068,609
29277.938825,2649354080,2649354684,9281,604
29277.950850,2649357908,2649358512,8985,604
29277.962876,2649361791,2649362400,9215,609
29277.974896,2649365706,2649366321,9266,615
29277.986916,2649369748,2649370355,11849,607
29277.998946,2649373633,2649374247,9239,614
29278.010964,2649377557,2649378160,9240,603
29278.022979,2649381364,2649381969,8884,605
29278.035013,2649385379,2649385983,12077,604
29278.047033,2649389390,2649390000,11848,610
29278.059053,2649393477,2649394078,11839,601
29278.071083,2649397553,2649398136,11978,583
29278.083102,2649401559,2649402173,9224,614
29278.095127,2649405455,2649406062,8952,607
29278.107152,2649409564,2649410171,12074,607
29278.119166,2649413596,2649414200,11860,604
29278.131191,2649417593,2649418200,11833,607
29278.143220,2649421593,2649422197,12110,604
29278.155237,2649425588,2649426188,11910,600
29278.167262,2649429539,2649430119,11963,580
29278.179290,2649433524,2649434107,11969,583
29278.191304,2649437585,2649438190,11905,605
29278.203329,2649441613,2649442220,11859,607
29278.215355,2649445462,2649446065,9203,603
29278.225875,2649448892,2649449348,7551,456
29278.237903,2649452624,2649453207,9218,583
29278.249922,2649456499,2649457103,9256,604
29278.261938,2649460359,2649460940,8901,581
29278.273971,2649464157,2649464737,9178,580
29278.285986,2649468034,2649468638,9247,604
29278.298008,2649471967,2649472576,11989,609
29278.310037,2649475824,2649476406,11967,582
29278.322054,2649479668,2649480259,9210,591
29278.334074,2649483547,2649484128,8884,581
29278.346109,2649487379,2649487987,9233,608
29278.358124,2649491255,2649491858,9180,603
29278.370143,2649495114,2649495695,8882,581
29278.382176,2649498934,2649499516,9211,582
29278.394193,2649502792,2649503396,9066,604
29278.406215,2649506628,2649507206,8965,578
29278.418247,2649510491,2649511073,9204,582
29278.430261,2649514538,2649515147,12026,609
29278.442291,2649518539,2649519151,11898,612
29278.454315,2649522437,2649523020,9158,583
29278.466338,2649526391,2649527005,9294,614
29278.478352,2649530522,2649531141,11978,619
29278.490382,2649534487,2649535100,8936,613
29278.502405,2649538457,2649539071,9254,614
29278.514421,2649542585,2649543194,11990,609
29278.526451,2649546692,2649547306,12036,614
29278.538470,2649550633,2649551236,9242,603
29278.550490,2649554533,2649555113,8913,580
29278.562523,2649558410,2649558993,9253,583
29278.574537,2649562297,2649562906,9260,609
29278.586558,2649566147,2649566728,8977,581
29278.598591,2649570037,2649570620,9209,583
29278.610606,2649573904,2649574502,9281,598
29278.622628,2649577716,2649578295,8991,579
29278.790947,2649623074,2649623677,9064,603
29278.802966,2649626242,2649626825,8916,583
29278.814995,2649630111,2649630715,9186,604
29278.827016,2649634095,2649634704,9243,609
29278.839042,2649638038,2649638647,11872,609
29278.851066,2649642135,2649642718,11966,583
29278.863085,2649646295,2649646903,12039,608
29278.875106,2649650345,2649650950,11841,605
29278.887136,2649654377,2649654986,12086,609
29278.899150,2649658331,2649658933,9230,602
29278.911168,2649662178,2649662784,8893,606
29278.923205,2649666180,2649666782,12084,602
29278.935221,2649670196,2649670796,11901,600
29278.947242,2649674188,2649674800,11819,612
29278.959274,2649678227,2649678836,12087,609
29278.971287,2649682246,2649682846,11874,600
29278.983307,2649686071,2649686677,8878,606
29278.995343,2649690119,2649690723,12084,604
29279.005857,2649693545,2649694123,8993,578
29279.017886,2649697410,2649697993,9276,583
29279.029901,2649701289,2649701742,7366,453
29279.041923,2649705076,2649705680,11973,604
29279.053954,2649708917,2649709499,9167,582
29279.065969,2649712790,2649713387,9212,597
29279.077989,2649716653,2649717228,8914,575
29279.090023,2649720461,2649721074,9254,613
29279.102038,2649724362,2649724975,9242,613
29279.114059,2649728315,2649728916,11834,601
29279.126090,2649732212,2649732793,11967,581
29279.138109,2649736067,2649736671,9122,604
29279.150131,2649739961,2649740537,8918,576
29279.162162,2649743820,2649744403,9257,583
29279.174177,2649747690,2649748294,9262,604
29279.186206,2649751589,2649752169,9000,580
29279.198229,2649755412,2649755993,9157,581
29279.210247,2649759310,2649759913,9275,603
29279.222268,2649763141,2649763719,8965,578
29279.234297,2649766996,2649767578,9206,582
29279.246311,2649770999,2649771608,12038,609
29279.258333,2649774994,2649775595,11805,601
29279.270369,2649778837,2649779420,9184,583
29279.282385,2649782706,2649783310,9246,604
29279.294404,2649786760,2649787368,11988,608
29279.306435,2649790624,2649791207,9215,583
29279.318453,2649794510,2649795124,9262,614
29279.330469,2649798527,2649799108,11964,581
29279.342501,2649802542,2649803125,11948,583
29279.354520,2649806417,2649807014,9253,597
29279.376331,2649813920,2649814524,11979,604
29279.402616,2649822145,2649822749,8914,604
29279.414642,2649826071,2649826685,9233,614
29279.426659,2649830011,2649830624,8993,613
29279.438685,2649833934,2649834551,8904,617
29279.450710,2649837877,2649838486,9266,609
29279.462726,2649841953,2649842556,12013,603
29279.474754,2649846024,2649846633,12031,609
29279.486777,2649849957,2649850566,9245,609
29279.498794,2649853891,2649854498,8953,607
29279.510822,2649857819,2649858428,8943,609
29279.522846,2649861742,2649862355,9219,613
29279.534861,2649865669,2649866272,8983,603
29279.546892,2649869735,2649870344,12043,609
29279.558914,2649873801,2649874414,12099,613
29279.570932,2649877732,2649878330,8959,598
29279.582959,2649881652,2649882266,8909,614
29279.594982,2649885555,2649886164,9242,609
29279.607000,2649889490,2649890099,8958,609
29279.619027,2649893592,2649894203,12037,611
29279.682149,2649913735,2649914344,8941,609
29279.694172,2649917668,2649918277,9224,609
29279.706189,2649921613,2649922220,8996,607
29279.718217,2649925535,2649926138,8897,603
29279.730239,2649929596,2649930199,12085,603
29279.742255,2649933632,2649934240,11980,608
29279.754285,2649937550,2649938159,8915,609
29279.766309,2649941500,2649942109,9266,609
29279.778326,2649945434,2649946048,9003,614
29279.790353,2649949355,2649949959,8943,604
29279.802378,2649953281,2649953895,9230,614
29279.814394,2649957201,2649957805,8980,604
29279.826422,2649961120,2649961739,8883,619
29279.838446,2649965056,2649965668,9260,612
29279.850464,2649968996,2649969597,8993,601
29279.862489,2649973057,2649973671,12039,614
29279.874514,2649977267,2649977870,12099,603
29279.886532,2649981200,2649981809,8975,609
29279.898559,2649985144,2649985757,8932,613
29279.910583,2649989221,2649989835,12109,614
29279.922601,2649993146,2649993759,8953,613
29279.934627,2649997101,2649997715,8913,614
29279.946651,2650001187,2650001791,12101,604
29279.958666,2650005251,2650005853,11980,602
29279.970696,2650009172,2650009780,8936,608
29279.982719,2650013264,2650013878,12113,614
29279.999244,2650018621,2650019230,8977,609
29280.011276,2650022680,2650023264,11916,584
29280.023296,2650026729,2650027339,9202,610
29280.035315,2650030768,2650031377,12008,609
29280.047344,2650034852,2650035461,12040,609
29280.057860,2650038311,2650038770,7610,459
29280.069887,2650042080,2650042689,8918,609
29280.081911,2650046028,2650046637,9178,609
29280.093929,2650049969,2650050577,9012,608
29280.105955,2650053923,2650054536,8930,613
29280.117979,2650057867,2650058471,12086,604
29280.129996,2650061801,2650062410,8991,609
29280.142024,2650065764,2650066378,12038,614
29280.154047,2650069716,2650070314,9201,598
29280.166065,2650073643,2650074251,8952,608
29280.178093,2650077575,2650078189,8897,614
29280.190112,2650081480,2650082088,9186,608
29280.202134,2650085406,2650086015,8960,609
29280.214161,2650089335,2650089938,8911,603
29280.226183,2650093503,2650094107,12124,604
29280.238199,2650097430,2650098035,8994,605
29280.254736,2650102764,2650103370,8889,606
29280.266760,2650106692,2650107306,9214,614
29280.278777,2650110749,2650111351,12000,602
29280.290805,2650114820,2650115424,12036,604
29280.302826,2650118734,2650119337,9183,603
29280.314844,2650122626,2650123241,8967,615
29280.326872,2650126571,2650127190,8944,619
29280.338892,2650130470,2650131082,9230,612
29280.350911,2650134520,2650135129,11985,609
29280.362943,2650138609,2650139223,12040,614
29280.374962,2650142656,2650143259,12099,603
29280.386982,2650146599,2650147203,8995,604
29280.399009,2650150536,2650151150,8955,614
29280.411035,2650154589,2650155198,12097,609
29280.423051,2650158743,2650159351,12008,608
29280.435080,2650162917,2650163500,11931,583
29280.447103,2650167065,2650167669,12101,604
29280.459120,2650171085,2650171688,8973,603
29280.471150,2650175208,2650175825,12062,617
29280.483173,2650179299,2650179903,12081,604
29280.495191,2650183376,2650183980,12007,604
29280.507218,2650187425,2650188034,12058,609
29280.519242,2650191554,2650192162,12083,608
29280.531256,2650195608,2650196209,11849,601
29280.543289,2650199656,2650200239,11925,583
29280.555310,2650203676,2650204278,12085,602
29280.567326,2650207582,2650208191,8969,609
29280.579354,2650211638,2650212247,12035,609
29280.589872,2650215088,2650215697,8959,609
29280.601900,2650218991,2650219575,8848,584
29280.613923,2650222881,2650223495,9214,614
29280.625934,2650226810,2650227411,11802,601
29280.637967,2650230707,2650231289,8949,582
29280.649990,2650234610,2650235219,9238,609
29280.662001,2650238549,2650239155,11810,606
29280.674035,2650242489,2650243098,12061,609
29280.686056,2650246423,2650247037,9203,614
29280.698076,2650250336,2650250940,8972,604
29280.710104,2650254249,2650254831,8927,582
29280.722122,2650258123,2650258730,9235,607
29280.734144,2650262067,2650262681,9000,614
29280.746173,2650265961,2650266543,8912,582
29280.758194,2650269998,2650270607,12103,609
29280.798768,2650282803,2650283414,9222,611
29280.810788,2650286699,2650287308,8957,609
29280.822817,2650290592,2650291201,8926,609
29280.834839,2650294555,2650295164,9245,609
29280.846858,2650298444,2650299048,8959,604
29280.858886,2650302340,2650302954,8961,614
29280.870908,2650306425,2650307026,12088,601
29280.882926,2650310342,2650310951,8959,609
29280.894957,2650314429,2650315032,12037,603
29280.906976,2650318490,2650319094,12087,604
29280.918995,2650322399,2650323003,8990,604
29280.931023,2650326345,2650326959,8955,614
29280.943044,2650330400,2650331014,9234,614
29280.955062,2650334454,2650335055,11845,601
29280.967093,2650338604,2650339212,12060,608
29280.979115,2650342782,2650343386,12080,604
29280.991133,2650346896,2650347500,11999,604
29281.003160,2650350971,2650351554,11944,583
29281.015185,2650355136,2650355740,12085,604
29281.027201,2650359146,2650359753,11840,607
29281.039229,2650363401,2650364015,12036,614
29281.051249,2650367461,2650368070,12072,609
29281.063267,2650371421,2650372030,8961,609
29281.075294,2650375341,2650375955,8921,614
29281.087321,2650379400,2650380011,12085,611
29281.099335,2650383409,2650384016,11845,607
29281.109865,2650386870,2650387484,9227,614
29281.121881,2650390815,2650391419,8998,604
29281.133910,2650394711,2650395294,8926,583
29281.145933,2650398626,2650399229,9241,603
29281.157950,2650402547,2650403155,9008,608
29281.169979,2650406456,2650407038,8924,582
29281.180490,2650410022,2650410630,11981,608
29281.192520,2650414114,2650414723,12036,609
29281.210556,2650420065,2650420647,11930,582
29281.222578,2650423969,2650424583,9211,614
29281.234596,2650427908,2650428521,9008,613
29281.246623,2650431980,2650432563,11926,583
29281.258646,2650435869,2650436472,9197,603
29281.270662,2650439790,2650440396,8989,606
29281.282692,2650443683,2650444267,8900,584
29281.294714,2650447737,2650448346,12082,609
29281.306729,2650451810,2650452413,11974,603
29281.318760,2650455712,2650456295,8891,583
29281.330779,2650459604,2650460211,9216,607
29281.342800,2650463523,2650464131,8966,608
29281.354829,2650467429,2650468043,8926,614
29281.366849,2650471354,2650471963,9255,609
29281.378869,2650475371,2650475973,11843,602
29281.390897,2650479420,2650480029,12060,609
29281.402917,2650483342,2650483945,9228,603
29281.414937,2650487233,2650487847,9009,614
29281.426968,2650491182,2650491765,8892,583
29281.438988,2650495081,2650495695,9232,614
29281.451005,2650499007,2650499616,9008,609
29281.463034,2650502924,2650503507,8934,583
29281.475056,2650506949,2650507558,9246,609
29281.487072,2650511028,2650511631,11842,603
29281.499101,2650515156,2650515769,12065,613
29281.511126,2650519309,2650519912,12129,603
29281.523141,2650523395,2650523997,11842,602
29281.535170,2650527481,2650528065,11926,584
29281.547194,2650531543,2650532152,12086,609
29281.559210,2650535545,2650536157,11844,612
29281.571241,2650539606,2650540189,11923,583
29281.583262,2650543653,2650544267,12084,614
29281.595278,2650547692,2650548298,11825,606
29281.607308,2650551732,2650552341,12041,609
29281.619331,2650555789,2650556393,12085,604
29281.646381,2650564487,2650565083,12076,596
29281.658403,2650568425,2650569033,8998,608
29281.670431,2650572326,2650572908,8940,582
29281.682454,2650576231,2650576834,9221,603
29281.694469,2650580283,2650580895,11823,612
29281.706499,2650584358,2650584967,12057,609
29281.718521,2650588287,2650588895,9202,608
29281.730540,2650592210,2650592824,8996,614
29281.742569,2650596140,2650596722,8875,582
29281.754588,2650600005,2650600616,9221,611
29281.766607,2650603940,2650604544,8990,604
29281.778637,2650607833,2650608416,8957,583
29281.790656,2650611850,2650612458,12102,608
29281.802677,2650615773,2650616371,8990,598
29281.814704,2650619806,2650620410,12058,604
29281.826724,2650623693,2650624294,9154,601
29281.838746,2650627563,2650628167,8965,604
29281.850774,2650631447,2650632061,8933,614
29281.862795,2650635371,2650635975,9242,604
29281.874813,2650639252,2650639866,8988,614
29281.886842,2650643159,2650643739,8923,580
29281.898866,2650647071,2650647674,9201,603
29281.958978,2650666236,2650666845,12025,609
29281.971000,2650670342,2650670944,12087,602
29281.983018,2650674314,2650674923,8940,609
29281.995047,2650678319,2650678933,8879,614
29282.007068,2650682467,2650683071,12068,604
29282.019086,2650686578,2650687179,11839,601
29282.031114,2650690674,2650691283,12060,609
29282.043140,2650694800,2650695414,12089,614
29282.055156,2650698850,2650699452,11845,602
29282.067181,2650702974,2650703588,12059,614
29282.079204,2650706922,2650707531,9177,609
29282.091222,2650710813,2650711417,9000,604
29282.103249,2650714857,2650715462,12037,605
29282.115274,2650718968,2650719577,12094,609
29282.127290,2650722983,2650723585,11842,602
29282.139319,2650727019,2650727622,12038,603
29282.151342,2650731068,2650731682,12068,614
29282.161865,2650734503,2650735087,8912,584
29282.173884,2650738373,2650738985,9160,612
29282.185906,2650742310,2650742928,8944,618
29282.197933,2650746224,2650746808,8888,584
29282.209957,2650750123,2650750727,9232,604
29282.221974,2650754050,2650754659,8943,609
29282.234002,2650757953,2650758535,8939,582
29282.246022,2650761824,2650762432,9160,608
29282.258042,2650765759,2650766368,8956,609
29282.270073,2650769684,2650770266,8875,582
29282.282095,2650773579,2650774188,9199,609
29282.294106,2650777580,2650778187,11805,607
29282.306140,2650781601,2650782205,12060,604
29282.318162,2650785542,2650786146,9223,604
29282.330181,2650789465,2650790068,8953,603
29282.342209,2650793348,2650793932,8905,584
29282.354232,2650797245,2650797865,9233,620
29282.366250,2650801205,2650801814,8917,609
29282.378277,2650805106,2650805689,8925,583
29282.390301,2650809018,2650809632,9232,614
29282.402318,2650812949,2650813562,8968,613
29282.414346,2650816846,2650817429,8878,583
29282.426369,2650820734,2650821348,9232,614
29282.438386,2650824627,2650825236,8916,609
29282.450415,2650828539,2650829121,8893,582
29282.462434,2650832439,2650833042,9234,603
29282.474454,2650836358,2650836962,8997,604
29282.486482,2650840260,2650840842,8887,582
29282.498504,2650844154,2650844757,9234,603
29282.510520,2650848167,2650848773,11840,606
29282.522550,2650852202,2650852810,12063,608
29282.534572,2650856132,2650856746,9258,614
29282.546591,2650860063,2650860667,8970,604
29282.558619,2650863959,2650864542,8903,583
29282.570642,2650867871,2650868474,9240,603
29282.582659,2650871768,2650872372,8995,604
29282.594688,2650875686,2650876270,8822,584
29282.606710,2650879600,2650880209,9243,609
29282.618728,2650883535,2650884133,8974,598
29282.635261,2650888853,2650889461,8904,608
29282.647288,2650892936,2650893545,12091,609
29282.659304,2650896939,2650897541,11842,602
29282.671333,2650901123,2650901732,12032,609
29282.681850,2650904572,2650905181,8958,609
29282.693884,2650908526,2650908990,7676,464
29282.705906,2650912325,2650912788,7510,463
29282.717919,2650916116,2650916714,8970,598
29282.729947,2650919994,2650920576,8912,582
29282.741970,2650923892,2650924495,9216,603
29282.753987,2650927809,2650928414,8940,605
29282.766016,2650931716,2650932299,8893,583
29282.778038,2650935608,2650936223,9241,615
29282.790056,2650939533,2650940142,8942,609
29282.802084,2650943435,2650944016,8888,581
29282.814106,2650947342,2650947950,9251,608
29282.826118,2650951333,2650951940,11801,607
29282.838152,2650955227,2650955846,8964,619
29282.850172,2650959156,2650959758,9191,602
29282.862193,2650963088,2650963692,8951,604
29282.872714,2650966661,2650967268,12114,607
29282.887743,2650971498,2650972107,8867,609
29282.898261,2650974948,2650975557,8966,609
29282.910289,2650979032,2650979645,12041,613
29282.922310,2650983117,2650983721,12093,604
29282.934329,2650987060,2650987658,9006,598
29282.946357,2650991113,2650991721,12037,608
29282.958379,2650995038,2650995647,9265,609
29282.970398,2650998958,2650999567,8954,609
29282.982426,2651002870,2651003453,8905,583
29283.066583,2651029276,2651029883,12080,607
29283.078603,2651033219,2651033828,8978,609
29283.089126,2651036795,2651037401,12067,606
29283.099649,2651040369,2651040978,12039,609
29283.110158,2651043922,2651044529,11804,607
29283.122192,2651047947,2651048555,12063,608
29283.134214,2651051898,2651052502,9242,604
29283.146233,2651055815,2651056419,8970,604
29283.158261,2651059712,2651060294,8900,582
29283.170284,2651063604,2651064208,9209,604
29283.182302,2651067532,2651068141,8927,609
29283.194329,2651071448,2651072031,8909,583
29283.206352,2651075350,2651075964,9259,614
29283.218370,2651079287,2651079900,8999,613
29283.230398,2651083200,2651083783,8883,583
29283.242420,2651087232,2651087841,12103,609
29283.254437,2651091156,2651091770,8996,614
29283.266466,2651095069,2651095652,8948,583
29283.278490,2651098968,2651099582,9258,614
29283.290506,2651102905,2651103509,8994,604
29283.302533,2651106796,2651107378,8906,582
29283.314557,2651110702,2651111311,9204,609
29283.326571,2651114760,2651115366,11824,606
29283.338602,2651118804,2651119418,12096,614
29283.350624,2651122741,2651123345,9247,604
29283.362643,2651126666,2651127275,8977,609
29283.374663,2651130866,2651131447,11975,581
29283.386693,2651134727,2651135310,9209,583
29283.398710,2651138603,2651139207,9246,604
29283.410736,2651142428,2651143008,8996,580
29283.422764,2651146258,2651146841,9203,583
29283.434779,2651150148,2651150750,9234,602
29283.446797,2651153961,2651154566,8863,605
29283.458833,2651157834,2651158438,9271,604
29283.470846,2651161718,2651162327,9227,609
29283.482869,2651165513,2651166115,8900,602
29283.494895,2651169440,2651170053,9201,613
29283.506916,2651173389,2651173997,9261,608
29283.518931,2651177233,2651177848,8868,615
29283.530963,2651181184,2651181798,9199,614
29283.542976,2651185227,2651185834,11866,607
29283.555008,2651189203,2651189817,12005,614
29283.567035,2651193229,2651193811,11963,582
29283.579044,2651197275,2651197877,11836,602
29283.591074,2651201274,2651201880,11814,606
29283.603101,2651205338,2651205956,12103,618
29283.615115,2651209473,2651210075,11863,602
29283.627145,2651213398,2651213979,8960,581
29283.639171,2651217285,2651217868,9210,583
29283.651192,2651221264,2651221864,11858,600
29283.663212,2651225243,2651225849,11840,606
29283.675243,2651229262,2651229876,12114,614
29283.687249,2651233253,2651233865,11829,612
29283.699288,2651237370,2651237982,11878,612
29283.711309,2651241240,2651241842,9256,602
29283.723329,2651245086,2651245690,9337,604
29283.735349,2651249024,2651249634,11847,610
29283.745872,2651252469,2651253073,9292,604
29283.757897,2651256328,2651256908,9001,580
29283.769926,2651260099,2651260681,9222,582
29283.781939,2651263892,2651264497,9190,605
29283.793964,2651267763,2651268338,8966,575
29283.805995,2651271643,2651272226,9213,583
29283.818007,2651275506,2651276118,9265,612
29283.830034,2651279353,2651279929,8964,576
29283.842060,2651283276,2651283858,11967,582
29283.854078,2651287250,2651287859,12084,609
29283.866103,2651291152,2651291733,8974,581
29283.878131,2651294984,2651295567,9233,583
29283.890146,2651298850,2651299464,9296,614
29283.902163,2651302727,2651303309,8906,582
29283.914194,2651306728,2651307311,11977,583
29283.971293,2651324519,2651325119,11819,600
29284.094542,2651356287,2651356871,9226,584
29284.106552,2651359804,2651360412,9164,608
29284.118578,2651363642,2651364221,8961,579
29284.130609,2651367502,2651368085,9172,583
29284.142614,2651371510,2651372112,11907,602
29284.154645,2651375536,2651376145,11954,609
29284.166678,2651379427,2651380010,9207,583
29284.178696,2651383297,2651383901,9296,604
29284.190716,2651387106,2651387682,8978,576
29284.202747,2651390985,2651391569,9250,584
29284.214763,2651394855,2651395464,9294,609
29284.226785,2651398740,2651399345,8925,605
29284.237304,2651402260,2651402868,12026,608
29284.298921,2651421429,2651422033,11962,604
29284.310950,2651425330,2651425913,9202,583
29284.322968,2651429179,2651429788,9258,609
29284.334987,2651432961,2651433561,8903,600
29284.347020,2651436986,2651437590,12145,604
29284.359034,2651441037,2651441637,11880,600
29284.371057,2651445088,2651445690,11839,602
29284.383085,2651449173,2651449777,12085,604
29284.395104,2651453265,2651453867,11837,602
29284.407127,2651457354,2651457960,11842,606
29284.419156,2651461378,2651461993,12082,615
29284.431164,2651465423,2651466025,11837,602
29284.443202,2651469247,2651469859,8961,612
29284.455220,2651473146,2651473755,9198,609
29284.467230,2651477100,2651477716,11867,616
29284.479264,2651481047,2651481659,11818,612
29284.491292,2651485066,2651485649,11944,583
29284.503304,2651488981,2651489579,11868,598
29284.515334,2651493020,2651493596,11967,576
29284.527361,2651496868,2651497476,9235,608
29284.537877,2651500272,2651500731,7533,459
29284.549909,2651503996,2651504578,9222,582
29284.561918,2651507845,2651508441,9095,596
29284.573945,2651511667,2651512247,8894,580
29284.585978,2651515504,2651516088,9228,584
29284.597992,2651519348,2651519955,9197,607
29284.610015,2651523169,2651523750,8954,581
29284.622047,2651526972,2651527555,9244,583
29284.634057,2651530816,2651531416,9150,600
29284.646078,2651534681,2651535264,8876,583
29284.658113,2651538694,2651539271,11963,577
29284.670119,2651542626,2651543227,11866,601
29284.682153,2651546507,2651547083,8963,576
29284.694180,2651550358,2651550961,9215,603
29284.706195,2651554184,2651554785,9115,601
29284.718221,2651558059,2651558639,8930,580
29284.730251,2651561871,2651562454,9199,583
29284.742265,2651565821,2651566422,11841,601
29284.754281,2651569821,2651570404,11808,583
29284.766317,2651573707,2651574289,9223,582
29284.778330,2651577570,2651578175,9152,605
29284.790364,2651581361,2651581937,8967,576
29284.802388,2651585216,2651585800,9159,584
29284.814397,2651589047,2651589653,9169,606
29284.826427,2651592882,2651593463,8956,581
29284.838459,2651596685,2651597267,9239,582
29284.850467,2651600486,2651601095,9162,609
29284.862493,2651604326,2651604901,8957,575
29284.874522,2651608350,2651608928,11939,578
29284.886529,2651612333,2651612938,11861,605
29284.898563,2651616153,2651616733,8993,580
29284.910596,2651619979,2651620563,9204,584
29284.922602,2651623820,2651624427,9201,607
29284.934630,2651627659,2651628239,8956,580
29284.946664,2651631545,2651632128,9231,583
29284.958667,2651635563,2651636163,11869,600
29284.970693,2651639568,2651640176,11986,608
29285.114976,2651681306,2651681887,8998,581
29285.126997,2651685190,2651685799,9208,609
29285.139012,2651689052,2651689664,9049,612
29285.151036,2651693107,2651693686,11953,579
29285.163067,2651697198,2651697807,12078,609
29285.175080,2651701237,2651701849,11867,612
29285.187117,2651705318,2651705926,12036,608
29285.199137,2651709472,2651710076,12078,604
29285.211147,2651713512,2651714113,11865,601
29285.223177,2651717435,2651718010,11956,575
29285.235207,2651721423,2651722007,11964,584
29285.247221,2651725376,2651725978,11865,602
29285.259244,2651729167,2651729774,8892,607
29285.271274,2651733021,2651733625,9235,604
29285.283282,2651736981,2651737586,11900,605
29285.295316,2651740950,2651741557,11818,607
29285.307346,2651744962,2651745566,12083,604
29285.317862,2651748315,2651748895,9000,580
29285.329892,2651752178,2651752759,9177,581
29285.341905,2651756024,2651756486,7375,462
29285.353927,2651759734,2651760316,11831,582
29285.365960,2651763580,2651764157,9205,577
29285.377975,2651767379,2651767979,9213,600
29285.389994,2651771299,2651771882,8880,583
29285.402026,2651775103,2651775719,9219,616
29285.414039,2651778985,2651779591,9105,606
29285.426068,2651782822,2651783403,8938,581
29285.438095,2651786628,2651787237,9227,609
29285.450109,2651790495,2651791105,9157,610
29285.462136,2651794339,2651794915,8934,576
29285.474165,2651798292,2651798875,11983,583
29285.486177,2651802241,2651802841,11858,600
29285.498206,2651806075,2651806655,9009,580
29285.510234,2651809908,2651810491,9218,583
29285.522244,2651813728,2651814329,9137,601
29285.534278,2651817567,2651818146,8997,579
29285.546304,2651821410,2651821993,9175,583
29285.558314,2651825350,2651825950,11879,600
29285.570337,2651829357,2651829940,11837,583
29285.582373,2651833187,2651833765,9237,578
29285.594386,2651837057,2651837663,9173,606
29285.606408,2651840861,2651841437,8950,576
29285.618443,2651844663,2651845246,9243,583
29285.630451,2651848473,2651849083,9192,610
29285.642479,2651852313,2651852894,8984,581
29285.654507,2651856170,2651856753,9211,583
29285.666517,2651860015,2651860614,9194,599
29285.678545,2651863814,2651864394,8926,580
29285.690576,2651867814,2651868397,11963,583
29285.702588,2651871791,2651872395,11876,604
29285.714616,2651875607,2651876185,8991,578
29285.726648,2651879468,2651880051,9223,583
29285.738655,2651883331,2651883932,9151,601
29285.750682,2651887157,2651887737,8952,580
29285.762713,2651891023,2651891606,9165,583
29285.774718,2651895028,2651895634,11868,606
29285.786745,2651899027,2651899605,11852,578
29285.798783,2651902863,2651903446,9180,583
29285.810792,2651906691,2651907303,9199,612
29285.822822,2651910516,2651911092,8975,576
29285.834848,2651914331,2651914939,9179,608
29285.846864,2651918196,2651918801,9225,605
29285.858888,2651922028,2651922609,8990,581
29285.870913,2651925894,2651926498,9195,604
29285.894957,2651933567,2651934174,11867,607
29285.906988,2651937643,2651938247,12104,604
29285.918993,2651941654,2651942260,11862,606
29285.931031,2651945573,2651946154,12044,581
29285.943049,2651949553,2651950157,9206,604
29285.955067,2651953494,2651954094,9190,600
29285.967092,2651957528,2651958133,11818,605
29285.979121,2651961604,2651962206,12076,602
29286.133913,2652006892,2652007505,5604,613
29286.145941,2652010809,2652011392,9201,583
29286.157951,2652014675,2652015276,11922,601
29286.169979,2652018548,2652019131,11828,583
29286.182010,2652022399,2652022998,9197,599
29286.194024,2652026250,2652026857,9145,607
29286.206049,2652030110,2652030690,8966,580
29286.218078,2652033915,2652034524,9191,609
29286.230090,2652037789,2652038389,8963,600
29286.242119,2652041620,2652042201,8984,581
29286.254150,2652045445,2652046028,9238,583
29286.266164,2652049226,2652049824,9195,598
29286.278191,2652053036,2652053617,8973,581
29286.290216,2652057041,2652057624,11973,583
29286.302230,2652060971,2652061575,11909,604
29286.314258,2652064793,2652065374,8970,581
29286.326287,2652068586,2652069167,9200,581
29286.338301,2652072467,2652073074,9134,607
29286.350325,2652076338,2652076918,8956,580
29286.362355,2652080178,2652080761,9182,583
29286.374364,2652084172,2652084778,11931,606
29286.386390,2652088161,2652088744,11837,583
29286.398421,2652092021,2652092604,9177,583
29286.410437,2652095856,2652096456,9160,600
29286.422460,2652099706,2652100287,8972,581
29286.434491,2652103552,2652104155,9247,603
29286.446502,2652107382,2652107987,9182,605
29286.458530,2652111246,2652111827,9025,581
29286.470563,2652115051,2652115633,9204,582
29286.482570,2652118866,2652119465,9142,599
29286.494597,2652122675,2652123254,8944,579
29286.506626,2652126643,2652127225,12019,582
29286.518640,2652130582,2652131186,11873,604
29286.530662,2652134403,2652134986,8893,583
29286.542700,2652138220,2652138802,9255,582
29286.554707,2652142074,2652142680,9212,606
29286.566736,2652145901,2652146481,8936,580
29286.578765,2652149775,2652150378,9197,603
29286.590777,2652153788,2652154392,11863,604
29286.602798,2652157772,2652158350,11807,578
29286.614836,2652161604,2652162186,9249,582
29286.626844,2652165444,2652166046,9062,602
29286.662911,2652176597,2652177202,9148,605
29286.674947,2652180419,2652181020,8997,601
29286.686969,2652184300,2652184883,9202,583
29286.698979,2652188103,2652188708,9180,605
29286.711007,2652192042,2652192623,11962,581
29286.723036,2652196074,2652196656,11942,582
29286.735049,2652200116,2652200723,11868,607
29286.747077,2652204117,2652204698,11962,581
29286.759104,2652208224,2652208828,12081,604
29286.771116,2652212133,2652212740,9161,607
29286.783144,2652216170,2652216776,11840,606
29286.795173,2652220244,2652220827,11977,583
29286.807184,2652224222,2652224824,11859,602
29286.819215,2652228162,2652228771,11997,609
29286.831242,2652232183,2652232762,11938,579
29286.843253,2652236126,2652236733,11832,607
29286.855284,2652240043,2652240618,11970,575
29286.867313,2652243989,2652244599,12109,610
29286.879317,2652247995,2652248597,11857,602
29286.891350,2652251790,2652252392,8941,602
29286.901876,2652255198,2652255654,7359,456
29286.913899,2652258900,2652259481,8982,581
29286.925924,2652262745,2652263353,9198,608
29286.937939,2652266594,2652267200,9152,606
29286.949966,2652270462,2652271043,8918,581
29286.961994,2652274329,2652274912,9221,583
29286.974005,2652278153,2652278765,8999,612
29286.986027,2652282162,2652282744,11831,582
29286.998065,2652286002,2652286584,9182,582
29287.010079,2652289778,2652290383,9146,605
29287.022107,2652293645,2652294226,8933,581
29287.034129,2652297491,2652298095,9220,604
29287.046143,2652301347,2652301943,9140,596
29287.058172,2652305158,2652305739,8966,581
29287.070202,2652308962,2652309543,9176,581
29287.082215,2652312806,2652313405,9117,599
29287.094240,2652316634,2652317209,8947,575
29287.106267,2652320633,2652321215,11962,582
29287.118275,2652324582,2652325183,11860,601
29287.130308,2652328381,2652328962,8956,581
29287.142339,2652332218,2652332801,9142,583
29287.154350,2652336020,2652336627,9164,607
29287.166377,2652339900,2652340480,8932,580
29287.178408,2652343786,2652344364,9238,578
29287.190416,2652347788,2652348394,11935,606
29287.202440,2652351799,2652352377,11829,578
29287.214474,2652355641,2652356218,9241,577
29287.226485,2652359460,2652360067,9189,607
29287.238511,2652363272,2652363852,8974,580
29287.250540,2652367104,2652367710,9243,606
29287.262554,2652370928,2652371533,9145,605
29287.274576,2652374776,2652375360,8835,584
29287.286614,2652378584,2652379166,9200,582
29287.298621,2652382420,2652383025,9185,605
29287.310649,2652386232,2652386813,8993,581
29287.322676,2652390225,2652390831,12121,606
29287.334686,2652394234,2652394836,11873,602
29287.346717,2652398012,2652398588,8985,576
29287.358751,2652401826,2652402409,9218,583
29287.370760,2652405681,2652406287,9018,606
29287.382788,2652409516,2652410096,8993,580
29287.394815,2652413375,2652413959,9191,584
29287.406824,2652417390,2652417995,11869,605
29287.418859,2652421363,2652421946,11890,583
29287.430884,2652425241,2652425824,9222,583
29287.442894,2652429052,2652429664,9204,612
29287.454918,2652432854,2652433459,8858,605
29287.466951,2652436715,2652437318,9232,603
29287.478964,2652440525,2652441125,9159,600
29287.490991,2652444318,2652444924,8865,606
29287.503020,2652448215,2652448819,9239,604
29287.515027,2652452275,2652452873,11869,598
29287.527059,2652456352,2652456964,11815,612
29287.539089,2652460513,2652461117,12083,604
29287.551097,2652464589,2652465191,11857,602
29287.563129,2652468576,2652469152,11965,576
29287.575159,2652472739,2652473343,12083,604
29287.587165,2652476719,2652477321,11868,602
29287.599196,2652480636,2652481242,11821,606
29287.611225,2652484668,2652485250,11960,582
29287.623241,2652488501,2652489103,9167,602
29287.654804,2652498401,2652499001,11913,600
29287.666833,2652502219,2652502819,8945,600
29287.678857,2652506099,2652506683,9181,584
29287.690867,2652509929,2652510530,9167,601
29287.702896,2652513736,2652514344,8948,608
29287.714922,2652517609,2652518208,9202,599
29287.726935,2652521440,2652522044,9170,604
29287.738958,2652525387,2652525968,11957,581
29287.750989,2652529354,2652529955,12064,601
29287.763002,2652533325,2652533927,11889,602
29287.775032,2652537202,2652537783,8997,581
29287.787060,2652541345,2652541959,12076,614
29287.799068,2652545429,2652546035,11864,606
29287.811101,2652549506,2652550118,11817,612
29287.823131,2652553619,2652554226,12136,607
29287.835148,2652557638,2652558248,12041,610
29287.847171,2652561593,2652562189,11843,596
29287.859197,2652565588,2652566196,12083,608
29287.871204,2652569556,2652570162,11859,606
29287.886252,2652574297,2652574881,9216,584
29287.896760,2652577824,2652578402,11815,578
29287.910285,2652582274,2652582855,11972,581
29287.922320,2652586147,2652586730,9221,583
29287.934329,2652590144,2652590750,11928,606
29287.946362,2652593995,2652594571,9005,576
29287.958390,2652597821,2652598403,9191,582
29287.970406,2652601654,2652602266,9232,612
29287.982426,2652605559,2652606142,8927,583
29287.994458,2652609430,2652610013,9207,583
29288.006469,2652613306,2652613907,9160,601
29288.018489,2652617262,2652617845,11832,583
29288.030521,2652621274,2652621878,12076,604
29288.042537,2652625143,2652625745,9178,602
29288.054564,2652628967,2652629543,8960,576
29288.066593,2652632771,2652633378,9216,607
29288.078606,2652636571,2652637171,9151,600
29288.090632,2652640389,2652640970,8945,581
29288.102666,2652644207,2652644790,9187,583
29288.114675,2652648049,2652648652,9030,603
29288.126702,2652651894,2652652474,8989,580
29288.138727,2652655896,2652656473,11938,577
29288.150744,2652659813,2652660408,11872,595
29288.162777,2652663594,2652664170,9009,576
29288.174801,2652667461,2652668044,9200,583
29288.186809,2652671308,2652671915,9120,607
29288.198838,2652675150,2652675730,8971,580
29288.210869,2652679015,2652679597,9218,582
29288.222883,2652682870,2652683477,9230,607
29288.234906,2652686889,2652687497,11967,608
29288.246935,2652690796,2652691379,9170,583
29288.258946,2652694610,2652695212,9158,602
29288.270974,2652698447,2652699028,8978,581
29288.283003,2652702275,2652702879,9173,604
29288.295014,2652706107,2652706708,9153,601
29288.307044,2652709976,2652710552,8904,576
29288.319076,2652713953,2652714535,9230,582
29288.331083,2652718021,2652718631,11833,610
29288.343111,2652722035,2652722642,11820,607
29288.355143,2652726063,2652726645,12003,582
29288.367147,2652730106,2652730713,11861,607
29288.388331,2652737668,2652738272,12046,604
29288.454331,2652757928,2652758509,11988,581
29288.466348,2652761772,2652762377,9156,605
29288.478372,2652765622,2652766203,8979,581
29288.490401,2652769445,2652770026,9165,581
29288.502414,2652773279,2652773890,9175,611
29288.514434,2652777177,2652777758,8900,581
29288.526469,2652781090,2652781673,9168,583
29288.538474,2652785148,2652785754,11870,606
29288.550502,2652789183,2652789793,11819,610
29288.562537,2652793144,2652793764,9254,620
29288.574553,2652797070,2652797682,9174,612
29288.586575,2652800910,2652801491,8945,581
29288.598609,2652804842,2652805425,9240,583
29288.610618,2652808681,2652809287,9074,606
29288.622645,2652812584,2652813167,8952,583
29288.634673,2652816456,2652817040,9204,584
29288.646684,2652820280,2652820875,9203,595
29288.658720,2652824085,2652824665,9014,580
29288.670746,2652827977,2652828561,9218,584
29288.682754,2652831796,2652832403,9153,607
29288.694781,2652835640,2652836220,8916,580
29288.706814,2652839460,2652840044,9184,584
29288.718820,2652843278,2652843884,9169,606
29288.730852,2652847102,2652847680,8969,578
29288.742880,2652850941,2652851522,9185,581
29288.754890,2652854925,2652855537,11835,612
29288.766919,2652858936,2652859542,11833,606
29288.778946,2652862800,2652863409,9234,609
29288.790957,2652866655,2652867262,9186,607
29288.802989,2652870632,2652871235,8919,603
29288.815016,2652874577,2652875196,9216,619
29288.827025,2652878641,2652879243,11875,602
29288.839056,2652882558,2652883138,8985,580
29288.851085,2652886645,2652887249,12149,604
29288.863090,2652890748,2652891349,11859,601
29288.875124,2652894777,2652895379,11813,602
29288.887153,2652898836,2652899440,9228,604
29288.914207,2652907510,2652908091,12044,581
29288.926216,2652911488,2652912089,11931,601
29288.938239,2652915487,2652916094,11829,607
29288.950270,2652919403,2652920007,12073,604
29288.962288,2652923271,2652923872,9159,601
29288.974315,2652927116,2652927692,8978,576
29288.986343,2652930987,2652931570,9157,583
29288.998352,2652934982,2652935581,11963,599
29289.010377,2652938946,2652939529,8873,583
29289.022411,2652942974,2652943556,11961,582
29289.034429,2652946881,2652947482,9231,601
29289.046452,2652950755,2652951330,8971,575
29289.058478,2652954622,2652955223,9179,601
29289.070497,2652958513,2652959125,9238,612
29289.082519,2652962364,2652962959,8932,595
29289.094546,2652966207,2652966815,9215,608
29289.106561,2652970045,2652970647,9003,602
29289.118588,2652973889,2652974469,8951,580
29289.130616,2652977771,2652978351,9149,580
29289.142628,2652981579,2652982191,9192,612
29289.154662,2652985576,2652986156,12023,580
29289.166680,2652989552,2652990165,12069,613
29289.178696,2652993401,2652994008,9139,607
29289.190723,2652997212,2652997793,8960,581
29289.202755,2653001076,2653001658,9203,582
29289.214767,2653004970,2653005570,9187,600
29289.226793,2653008833,2653009414,8970,581
29289.238826,2653012668,2653013251,9165,583
29289.250839,2653016556,2653017160,9256,604
29289.262862,2653020393,2653020973,8990,580
29289.274891,2653024238,2653024821,9179,583
29289.286901,2653028037,2653028644,9193,607
29289.298929,2653031843,2653032445,8909,602
29289.310963,2653035767,2653036350,9254,583
29289.322969,2653039617,2653040219,9186,602
29289.334992,2653043455,2653044038,8865,583
29289.347030,2653047291,2653047871,9215,580
29289.359034,2653051300,2653051901,11867,601
29289.371069,2653055359,2653055966,11840,607
29289.383097,2653059494,2653060098,12139,604
29289.395104,2653063554,2653064156,11861,602
29289.407138,2653067545,2653068149,12031,604
29289.419161,2653071591,2653072200,9189,609
29289.431172,2653075623,2653076224,11866,601
29289.443204,2653079648,2653080255,11850,607
29289.455232,2653083569,2653084178,9223,609
29289.467249,2653087523,2653088127,9232,604
29289.479269,2653091443,2653092019,11955,576
29289.491300,2653095441,2653096023,11962,582
29289.501824,2653098883,2653099467,9019,584
29289.522865,2653105466,2653106047,9191,581
29289.534873,2653109311,2653109918,9197,607
29289.546900,2653113156,2653113735,8943,579
29289.558931,2653117035,2653117649,9237,614
29289.570938,2653121047,2653121659,11866,612
29289.582966,2653124998,2653125599,11802,601
29289.594998,2653128850,2653129454,9237,604
29289.607011,2653132725,2653133337,9188,612
29289.619039,2653136732,2653137346,8897,614
29289.631065,2653140870,2653141473,12080,603
29289.643078,2653144970,2653145577,11863,607
29289.655106,2653148954,2653149558,8924,604
29289.667133,2653152921,2653153535,9190,614
29289.679142,2653156986,2653157582,11861,596
29289.691174,2653160915,2653161520,11815,605
29289.703204,2653164957,2653165561,12078,604
29289.715211,2653168939,2653169551,11864,612
29289.727245,2653172891,2653173493,11823,602
29289.739273,2653176779,2653177362,9212,583
29289.751290,2653180622,2653181231,9115,609
29289.763314,2653184573,2653185178,11866,605
29289.775340,2653188605,2653189188,11940,583
29289.785855,2653191959,2653192543,8914,584
29289.797890,2653195786,2653196367,9231,581
29289.809903,2653199659,2653200265,9224,606
29289.821925,2653203630,2653204214,8920,584
29289.833957,2653207439,2653208021,9185,582
29289.845968,2653211270,2653211875,9188,605
29289.857996,2653215141,2653215722,8908,581
29289.870024,2653219045,2653219628,11962,583
29289.882030,2653223012,2653223617,11868,605
29289.894066,2653226892,2653227473,8959,581
29289.906095,2653230765,2653231346,9210,581
29289.918104,2653234573,2653235185,9153,612
29289.930133,2653238398,2653238977,8900,579
29289.942163,2653242222,2653242805,9213,583
29289.954171,2653246175,2653246782,11931,607
29289.966199,2653250177,2653250784,11838,607
29289.978232,2653254037,2653254620,9200,583
29289.990244,2653257918,2653258519,9186,601
29290.002265,2653261853,2653262431,8867,578
29290.014300,2653265659,2653266243,9216,584
29290.026314,2653269597,2653270200,9269,603
29290.038337,2653273447,2653274028,8984,581
29290.050367,2653277300,2653277914,9210,614
29290.062380,2653281171,2653281782,9138,611
29290.074408,2653285042,2653285618,8928,576
29290.086434,2653288899,2653289483,9148,584
29290.098448,2653292717,2653293323,8966,606
29290.110477,2653296589,2653297170,8989,581
29290.122504,2653300456,2653301040,9211,584
29290.134514,2653304332,2653304933,9155,601
29290.146549,2653308131,2653308711,9036,580
29290.158573,2653311993,2653312577,9179,584
29290.170581,2653315977,2653316584,11837,607
29290.182611,2653319943,2653320554,11834,611
29290.194643,2653323817,2653324400,9212,583
29290.206653,2653327611,2653328217,9171,606
29290.218681,2653331423,2653332003,8932,580
29290.230709,2653335378,2653335961,9197,583
29290.242720,2653339224,2653339831,9190,607
29290.254750,2653343089,2653343669,8967,580
29290.266781,2653346938,2653347520,9224,582
29290.278788,2653350783,2653351399,9200,616
29290.290816,2653354622,2653355203,8936,581
29290.302847,2653358626,2653359210,11958,584
29290.314862,2653362457,2653363066,9278,609
29290.326886,2653366254,2653366829,8990,575
29290.338917,2653370078,2653370661,9197,583
29290.350925,2653373928,2653374530,9167,602
29290.362952,2653377717,2653378295,8943,578
29290.374980,2653381557,2653382158,9158,601
29290.386988,2653385558,2653386170,11858,612
29290.399022,2653389600,2653390214,11986,614
29290.411051,2653393724,2653394306,11955,582
29290.423060,2653397736,2653398337,11836,601
29290.435090,2653401641,2653402244,8985,603
29290.447122,2653405800,2653406404,12114,604
29290.459127,2653409835,2653410442,11885,607
29290.471158,2653413757,2653414359,8940,602
29290.483184,2653417643,2653418252,9238,609
29290.495200,2653421612,2653422227,11814,615
29290.507224,2653425592,2653426173,11966,581
29290.519257,2653429581,2653430188,12122,607
29290.531264,2653433557,2653434163,11868,606
29290.543305,2653437477,2653438058,12024,581
29290.555321,2653441328,2653441931,9209,603
29290.565842,2653444735,2653445169,7564,434
29290.577873,2653448365,2653448947,9193,582
29290.589887,2653452202,2653452806,9219,604
29290.601909,2653456076,2653456660,8946,584
29290.613942,2653459901,2653460483,9194,582
29290.625952,2653463734,2653464339,11881,605
29290.637977,2653467753,2653468337,8923,584
29290.650006,2653471649,2653472231,9209,582
29290.662021,2653475496,2653476101,9154,605
29290.674045,2653479391,2653479969,8956,578
29290.686075,2653483383,2653483966,11947,583
29290.698083,2653487345,2653487947,11881,602
29290.710116,2653491218,2653491799,8957,581
29290.722147,2653495051,2653495634,9178,583
29290.734158,2653498849,2653499451,9125,602
29290.746179,2653502686,2653503268,8899,582
29290.758217,2653506523,2653507107,9181,584
29290.770222,2653510522,2653511122,11927,600
29290.782252,2653514513,2653515114,11836,601
29290.794281,2653518352,2653518948,9206,596
29290.806294,2653522209,2653522814,9176,605
29290.818322,2653526044,2653526620,8949,576
29290.830354,2653529853,2653530437,9161,584
29290.842366,2653533739,2653534348,9045,609
29290.854392,2653537589,2653538169,9006,580
29290.866418,2653541468,2653542051,9186,583
29290.878430,2653545315,2653545916,9169,601
29290.894967,2653550542,2653551155,8948,613
29290.906991,2653554447,2653555056,9195,609
29290.919002,2653558442,2653559044,11867,602
29290.931029,2653562309,2653562911,8865,602
29290.943064,2653566393,2653567000,12120,607
29290.955078,2653570363,2653570968,9193,605
29290.967098,2653574223,2653574830,8898,607
29290.979133,2653578335,2653578917,11993,582
29291.006184,2653587025,2653587606,12024,581
29291.018196,2653590867,2653591468,9178,601
29291.030225,2653594713,2653595295,8966,582
29291.042253,2653598488,2653599095,9182,607
29291.054270,2653602390,2653602992,9212,602
29291.066288,2653606256,2653606840,8898,584
29291.078324,2653610084,2653610666,9202,582
29291.090334,2653613935,2653614547,9021,612
29291.102358,2653617957,2653618538,12002,581
29291.114387,2653621947,2653622556,12090,609
29291.126403,2653625831,2653626433,9171,602
29291.138436,2653629676,2653630257,9035,581
29291.150460,2653633506,2653634088,9213,582
29291.162470,2653637327,2653637937,9132,610
29291.174499,2653641188,2653641769,8984,581
29291.186527,2653645173,2653645755,11982,582
29291.198535,2653649168,2653649775,11870,607
29291.210569,2653652980,2653653561,8978,581
29291.222595,2653656828,2653657410,9207,582
29291.234606,2653660635,2653661241,9190,606
29291.246636,2653664487,2653665068,8952,581
29291.258665,2653668381,2653668965,9216,584
29291.270677,2653672258,2653672860,9213,602
29291.282699,2653676125,2653676709,8884,584
29291.294736,2653679986,2653680567,9206,581
29291.306745,2653683833,2653684440,9181,607
29291.318770,2653687808,2653688388,11970,580
29291.330798,2653691765,2653692366,12088,601
29291.342813,2653695605,2653696212,9121,607
29291.354840,2653699440,2653700021,8948,581
29291.366872,2653703266,2653703849,9203,583
29291.378881,2653707079,2653707683,9182,604
29291.390902,2653710937,2653711515,8883,578
29291.402941,2653714912,2653715494,11981,582
29291.414944,2653718900,2653719512,11861,612
29291.426977,2653722728,2653723304,8978,576
29291.439005,2653726558,2653727178,9226,620
29291.451014,2653730581,2653731183,11896,602
29291.463038,2653734515,2653735116,8877,601
29291.475072,2653738638,2653739252,12077,614
29291.487086,2653742576,2653743181,8912,605
29291.499114,2653746518,2653747122,8956,604
29291.511139,2653750564,2653751171,12077,607
29291.523151,2653754567,2653755169,11876,602
29291.535191,2653758538,2653759155,11883,617
29291.547209,2653762563,2653763177,12073,614
29291.559219,2653766539,2653767146,11861,607
29291.571246,2653770357,2653770969,8891,612
29291.583276,2653774254,2653774868,9200,614
29291.595291,2653778207,2653778810,11817,603
29291.607320,2653782147,2653782754,11816,607
29291.619347,2653786194,2653786776,11939,582
29291.653906,2653796904,2653797504,9201,600
29291.665933,2653800810,2653801389,8900,579
29291.677965,2653804585,2653805163,9244,578
29291.689980,2653808445,2653809046,9158,601
29291.702003,2653812353,2653812934,12003,581
29291.714025,2653816179,2653816788,12076,609
29291.726043,2653820062,2653820669,9108,607
29291.738065,2653823968,2653824546,8874,578
29291.750103,2653827799,2653828382,9242,583
29291.762113,2653831631,2653832235,9166,604
29291.774140,2653835478,2653836054,8961,576
29291.786166,2653839393,2653840007,12096,614
29291.798183,2653843410,2653844018,12070,608
29291.810210,2653847271,2653847852,8944,581
29291.822236,2653851119,2653851702,9184,583
29291.834249,2653854968,2653855575,9038,607
29291.846279,2653858806,2653859388,8996,582
29291.858308,2653862603,2653863184,9256,581
29291.870320,2653866486,2653867092,9191,606
29291.901875,2653876320,2653876931,11828,611
29291.913904,2653880229,2653880689,7534,460
29291.925935,2653883904,2653884486,9171,582
29291.936446,2653887438,2653888041,11980,603
29291.951466,2653892415,2653893027,11865,612
29291.962000,2653895830,2653896411,11965,581
29291.974018,2653899706,2653900315,9250,609
29291.986036,2653903651,2653904229,11857,578
29291.998069,2653907591,2653908174,11972,583
29292.010083,2653911415,2653912016,9167,601
29292.022111,2653915281,2653915856,8907,575
29292.034140,2653919093,2653919697,9263,604
29292.046154,2653922947,2653923555,9150,608
29292.058180,2653926791,2653927372,8906,581
29292.070207,2653930873,2653931451,11964,578
29292.080726,2653934745,2653935359,12039,614
29292.091244,2653939184,2653940300,14996,1116
29292.101763,2653947430,2653948570,16322,1140
29292.142343,2653962805,2653963388,11929,583
29292.154369,2653966736,2653967351,9182,615
29292.166379,2653970694,2653971300,8882,606
29292.178416,2653974565,2653975147,9212,582
29292.190430,2653978447,2653979049,9209,602
29292.202452,2653982476,2653983058,11970,582
29292.214481,2653986444,2653987028,11998,584
29292.226497,2653990342,2653990943,9233,601
29292.237024,2653993793,2653994375,12044,582
29292.255061,2653999575,2654000188,12094,613
29292.267066,2654003681,2654004283,11863,602
29292.279104,2654007778,2654008389,11873,611
29292.291125,2654011947,2654012531,11958,584
29292.303143,2654015856,2654016471,9175,615
29292.315165,2654019810,2654020413,8957,603
29292.327194,2654023868,2654024450,11953,582
29292.339205,2654027861,2654028473,11840,612
29292.351235,2654031824,2654032405,11969,581
29292.363264,2654035769,2654036375,12095,606
29292.375271,2654039745,2654040352,11866,607
29292.387300,2654043692,2654044298,8927,606
29292.399330,2654047582,2654048165,9199,583
29292.409847,2654050948,2654051526,8956,578
29292.421879,2654054750,2654055332,9215,582
29292.433895,2654058599,2654059208,9262,609
29292.445917,2654062472,2654063056,8924,584
29292.457948,2654066284,2654066866,9210,582
29292.469960,2654070123,2654070725,9176,602
29292.481980,2654074022,2654074606,8897,584
29292.494017,2654077841,2654078420,9205,579
29292.506026,2654081651,2654082257,9162,606
29292.518052,2654085633,2654086213,12008,580
29292.530082,2654089537,2654090151,12098,614
29292.542097,2654093420,2654094021,9156,601
29292.554123,2654097269,2654097850,8918,581
29292.566153,2654101135,2654101718,9182,583
29292.578164,2654105014,2654105626,9019,612
29292.590193,2654108886,2654109467,8956,581
29292.602220,2654112830,2654113413,12001,583
29292.614238,2654116801,2654117405,12063,604
29292.626264,2654120622,2654121198,9004,576
29292.638290,2654124459,2654125042,9207,583
29292.650301,2654128310,2654128912,9159,602
29292.662322,2654132166,2654132751,8865,585
29292.674359,2654136000,2654136584,9205,584
29292.686373,2654139889,2654140490,9167,601
29292.698395,2654143815,2654144399,8966,584
29292.710428,2654147618,2654148199,9199,581
29292.722438,2654151436,2654152041,9196,605
29292.734459,2654155423,2654156004,11960,581
29292.746491,2654159410,2654160013,12087,603
29292.758506,2654163231,2654163833,9188,602
29292.770534,2654167090,2654167666,8929,576
29292.782565,2654170961,2654171544,9228,583
29292.794576,2654174836,2654175441,9193,605
29292.806603,2654178674,2654179254,8979,580
29292.818628,2654182687,2654183270,11962,583
29292.830645,2654186686,2654187294,12073,608
29292.842672,2654190488,2654191068,8953,580
29292.854700,2654194358,2654194941,9150,583
29292.866710,2654198196,2654198803,9177,607
29292.878735,2654202018,2654202602,8904,584
29292.890767,2654205898,2654206481,9196,583
29292.902779,2654209765,2654210372,9145,607
29292.914802,2654213633,2654214216,8902,583
29292.926837,2654217505,2654218118,9222,613
29292.938851,2654221392,2654221994,9205,602
29292.950874,2654225385,2654225966,11970,581
29292.962901,2654229396,2654230016,12092,620
29292.974916,2654233260,2654233867,9021,607
29292.986945,2654237082,2654237663,9006,581
29292.998974,2654240897,2654241480,9229,583
29293.010985,2654244705,2654245319,9150,614
29293.023019,2654248698,2654249279,12050,581
29293.035039,2654252719,2654253321,12073,602
29293.047060,2654256825,2654257433,12039,608
29293.059077,2654260875,2654261451,11957,576
29293.071110,2654264929,2654265531,12088,602
29293.083121,2654269000,2654269607,11838,607
29293.095151,2654272989,2654273604,8930,615
29293.107178,2654277092,2654277674,11958,582
29293.119190,2654280926,2654281528,9187,602
29293.131219,2654284772,2654285381,8994,609
29293.143245,2654288774,2654289387,12091,613
29293.155257,2654292761,2654293368,11885,607
29293.167287,2654296716,2654297322,11823,606
29293.179318,2654300757,2654301361,12079,604
29293.191323,2654304725,2654305327,11875,602
29293.203355,2654308652,2654309227,11983,575
29293.213879,2654312050,2654312508,7439,458
29293.225893,2654315797,2654316375,8835,578
29293.237932,2654319610,2654320191,9217,581
29293.249944,2654323456,2654324058,9184,602
29293.261971,2654327319,2654327925,8970,606
29293.273995,2654331145,2654331752,9156,607
29293.286013,2654334978,2654335580,9174,602
29293.298037,2654338845,2654339423,8946,578
29293.310068,2654342665,2654343246,9246,581
29293.322078,2654346512,2654347124,8957,612
29293.334105,2654350536,2654351112,12001,576
29293.346131,2654354477,2654355086,12089,609
29293.358147,2654358359,2654358960,9164,601
29293.370180,2654362194,2654362770,9009,576
29293.382205,2654366026,2654366609,9180,583
29293.394215,2654369839,2654370455,9170,616
29293.406243,2654373732,2654374308,8940,576
29293.418271,2654377683,2654378265,11966,582
29293.430291,2654381730,2654382338,12073,608
29293.442313,2654385571,2654386146,8996,575
29293.454342,2654389406,2654389990,9207,584
29293.466352,2654393228,2654393840,9174,612
29293.478381,2654397026,2654397608,8965,582
29293.490413,2654400803,2654401385,9206,582
29293.502425,2654404696,2654405303,9236,607
29293.514443,2654408551,2654409130,8880,579
29293.526480,2654412379,2654412960,9189,581
29293.538500,2654416252,2654416866,9216,614
29293.550517,2654420372,2654420984,11821,612
29293.562546,2654424457,2654425075,12059,618
29293.574569,2654428460,2654429078,9252,618
29293.586579,2654432408,2654433010,8884,602
29293.598614,2654436309,2654436893,8918,584
29293.610630,2654440187,2654440798,9231,611
29293.622648,2654444056,2654444640,8869,584
29293.634683,2654448023,2654448606,11983,583
29293.646700,2654452029,2654452632,12116,603
29293.658724,2654455841,2654456422,9001,581
29293.670751,2654459710,2654460319,9253,609
29293.682767,2654463602,2654464214,9157,612
29293.694790,2654467392,2654467973,8963,581
29293.706820,2654471276,2654471859,9192,583
29293.718829,2654475123,2654475730,9015,607
29293.730854,2654478987,2654479565,8885,578
29293.742890,2654482820,2654483401,9230,581
29293.754899,2654486606,2654487206,9189,600
29293.766933,2654490573,2654491153,12070,580
29293.778951,2654494593,2654495197,12054,604
29293.790967,2654498435,2654499037,9196,602
29293.802993,2654502272,2654502853,8927,581
29293.815026,2654506266,2654506849,11984,583
29293.827036,2654510313,2654510917,11813,604
29293.839063,2654514404,2654515016,11841,612
29293.851092,2654518523,2654519107,11965,584
29293.863103,2654522583,2654523190,11877,607
29293.875133,2654526649,2654527245,11818,596
29293.887161,2654530741,2654531324,11964,583
29293.899173,2654534733,2654535335,11905,602
29293.911203,2654538813,2654539426,11818,613
29293.923232,2654542879,2654543457,11965,578
29293.935242,2654546714,2654547325,9122,611
29293.947270,2654550560,2654551169,8981,609
29293.959297,2654554569,2654555175,12082,606
29293.971305,2654558565,2654559167,11861,602
29293.983337,2654562543,2654563150,11839,607
29294.102064,2654598828,2654599423,9153,595
29294.114096,2654602700,2654603284,8980,584
29294.126120,2654606549,2654607130,9195,581
29294.138131,2654610393,2654610994,9183,601
29294.150157,2654614377,2654614953,12004,576
29294.162182,2654618292,2654618901,12061,609
29294.174204,2654622186,2654622788,9194,602
29294.186227,2654626033,2654626609,8940,576
29294.198258,2654629838,2654630420,9254,582
29294.210272,2654633664,2654634267,9179,603
29294.222297,2654637519,2654638094,9009,575
29294.234326,2654641324,2654641907,9206,583
29294.246340,2654645333,2654645942,12069,609
29294.258364,2654649200,2654649776,8990,576
29294.270392,2654653045,2654653629,9186,584
29294.282405,2654656891,2654657498,9164,607
29294.294431,2654660704,2654661311,8886,607
29294.306462,2654664579,2654665163,9199,584
29294.318476,2654668449,2654669050,9216,601
29294.330499,2654672319,2654672897,8854,578
29294.342533,2654676122,2654676702,9224,580
29294.354543,2654679955,2654680562,9225,607
29294.366558,2654684003,2654684585,11791,582
29294.378597,2654688013,2654688622,12085,609
29294.390614,2654691905,2654692506,9209,601
29294.402638,2654695726,2654696301,8974,575
29294.414666,2654699567,2654700171,9249,604
29294.426682,2654703432,2654704032,9179,600
29294.438705,2654707255,2654707836,8934,581
29294.450735,2654711132,2654711714,9168,582
29294.462750,2654715104,2654715713,11997,609
29294.474773,2654718953,2654719529,8928,576
29294.486804,2654722806,2654723389,9172,583
29294.498814,2654726570,2654727170,9161,600
29294.510849,2654730338,2654730919,9013,581
29294.522872,2654734212,2654734795,9195,583
29294.534883,2654738074,2654738676,9193,602
29294.546904,2654741899,2654742482,8865,583
29294.558942,2654745735,2654746316,9231,581
29294.570954,2654749564,2654750166,9218,602
29294.582979,2654753548,2654754129,11971,581
29294.595004,2654757553,2654758167,12075,614
29294.607016,2654761606,2654762213,11868,607
29294.619047,2654765673,2654766248,11971,575
29294.631074,2654769580,2654770194,9188,614
29294.643083,2654773686,2654774297,11880,611
29294.655116,2654777772,2654778374,11817,602
29294.667147,2654781887,2654782501,12079,614
29294.679162,2654785949,2654786553,12043,604
29294.691183,2654789860,2654790462,11877,602
29294.703212,2654793880,2654794487,12116,607
29294.715221,2654797865,2654798471,11858,606
29294.727253,2654801887,2654802469,11955,582
29294.739282,2654805888,2654806466,11961,578
29294.751293,2654809724,2654810330,9168,606
29294.763315,2654813552,2654814136,8839,584
29294.775350,2654817553,2654818135,11960,582
29294.785864,2654820924,2654821502,9000,578
29294.797896,2654824729,2654825312,9169,583
29294.809907,2654828522,2654829122,8967,600
29294.821934,2654832412,2654832996,8861,584
29294.833968,2654836205,2654836786,9216,581
29294.845980,2654840050,2654840657,9204,607
29294.858011,2654843889,2654844472,8968,583
29294.870036,2654847707,2654848289,9169,582
29294.918115,2654862655,2654863255,11869,600
29294.930141,2654866548,2654867127,8940,579
29294.942171,2654870382,2654870963,9213,581
29294.954182,2654874202,2654874804,9131,602
29294.966207,2654878179,2654878760,11991,581
29294.978235,2654882154,2654882758,12085,604
29294.990250,2654885996,2654886593,9177,597
29295.002279,2654889825,2654890406,8936,581
29295.014310,2654893658,2654894241,9212,583
29295.026324,2654897448,2654898046,9184,598
29295.038348,2654901311,2654901891,8969,580
29295.050377,2654905157,2654905739,9203,582
29295.062394,2654909036,2654909645,9282,609
29295.074417,2654912878,2654913453,8983,575
29295.086446,2654916725,2654917308,9210,583
29295.098456,2654920567,2654921173,9172,606
29295.110481,2654924456,2654925064,8915,608
29295.122515,2654928298,2654928880,9234,582
29295.134527,2654932170,2654932772,9213,602
29295.146551,2654936069,2654936653,8921,584
29295.158581,2654939920,2654940527,9202,607
29295.170594,2654943788,2654944400,9172,612
29295.182614,2654947803,2654948384,11958,581
29295.194644,2654951776,2654952384,12087,608
29295.206662,2654955658,2654956258,9020,600
29295.218689,2654959489,2654960064,8925,575
29295.230720,2654963325,2654963907,9227,582
29295.242729,2654967165,2654967776,9160,611
29295.254763,2654971017,2654971598,9018,581
29295.266787,2654974870,2654975453,9206,583
29295.278802,2654978686,2654979295,9280,609
29295.290825,2654982540,2654983121,8980,581
29295.302857,2654986363,2654986944,9196,581
29295.314864,2654990198,2654990798,9150,600
29295.326889,2654993999,2654994605,8872,606
29295.338923,2654997886,2654998469,9191,583
29295.350935,2655001762,2655002369,9200,607
29295.362961,2655005621,2655006199,8915,578
29295.374991,2655009478,2655010058,9225,580
29295.387001,2655013322,2655013929,9161,607
29295.399030,2655017319,2655017900,11993,581
29295.411061,2655021393,2655022006,12099,613
29295.423068,2655025508,2655026104,11892,596
29295.435099,2655029518,2655030093,11956,575
29295.447126,2655033603,2655034207,12081,604
29295.459134,2655037699,2655038315,11873,616
29295.471166,2655041716,2655042292,11962,576
29295.483196,2655045600,2655046184,9149,584
29295.495212,2655049541,2655050148,12015,607
29295.507238,2655053517,2655054121,12009,604
29295.519265,2655057525,2655058108,11959,583
29295.531276,2655061452,2655062052,11815,600
29295.543307,2655065465,2655066068,11819,603
29295.555336,2655069496,2655070104,12114,608
29295.565852,2655072908,2655073339,7637,431
29295.577884,2655076572,2655077039,7525,467
29295.589893,2655080302,2655080898,9202,596
29295.601927,2655084154,2655084738,9027,584
29295.613949,2655087994,2655088577,9179,583
29295.625961,2655091824,2655092425,12025,601
29295.637981,2655095703,2655096286,8857,583
29295.650020,2655099482,2655100063,9183,581
29295.662032,2655103327,2655103935,9194,608
29295.674058,2655107150,2655107731,8969,581
29295.686087,2655110965,2655111547,9205,582
29295.698097,2655114843,2655115443,11879,600
29295.710122,2655118672,2655119284,8897,612
29295.722155,2655122502,2655123085,9199,583
29295.734167,2655126371,2655126973,9135,602
29295.746191,2655130259,2655130843,8923,584
29295.758221,2655134113,2655134694,9206,581
29295.770235,2655137950,2655138557,9141,607
29295.782260,2655141908,2655142489,11984,581
29295.794287,2655145862,2655146471,12085,609
29295.806308,2655149703,2655150299,9211,596
29295.818331,2655153539,2655154120,8965,581
29295.830363,2655157356,2655157939,9235,583
29295.842371,2655161201,2655161801,9134,600
29295.854393,2655165069,2655165653,8915,584
29295.866431,2655168879,2655169463,9127,584
29295.878447,2655172747,2655173356,9281,609
29295.890470,2655176619,2655177200,8941,581
29295.902495,2655180458,2655181067,9200,609
29295.914509,2655184295,2655184901,9165,606
29295.926535,2655188132,2655188739,8904,607
29295.938568,2655191982,2655192565,9246,583
29295.950575,2655195856,2655196458,9034,602
29295.962602,2655199750,2655200334,8913,584
29295.974634,2655203618,2655204199,9189,581
29295.986645,2655207491,2655208091,9172,600
29295.998676,2655211488,2655212069,12089,581
29296.010697,2655215494,2655216103,12065,609
29296.022714,2655219332,2655219939,9220,607
29296.034742,2655223145,2655223721,8995,576
29296.046771,2655227003,2655227587,9197,584
29296.058781,2655230847,2655231458,9210,611
29296.070808,2655234690,2655235271,8977,581
29296.082841,2655238528,2655239111,9192,583
29296.094847,2655242356,2655242963,9146,607
29296.106877,2655246174,2655246749,8971,575
29296.118906,2655250041,2655250623,9194,582
29296.130916,2655253852,2655254464,9156,612
29296.142941,2655257663,2655258270,8837,607
29296.154978,2655261596,2655262179,9258,583
29296.166987,2655265454,2655266056,9203,602
29296.179008,2655269348,2655269932,8882,584
29296.191043,2655273334,2655273915,12020,581
29296.203051,2655277354,2655277955,11871,601
29296.215083,2655281385,2655281966,11970,581
29296.227108,2655285447,2655286055,12077,608
29296.239125,2655289475,2655290075,11851,600
29296.251141,2655293515,2655294099,11789,584
29296.263181,2655297526,2655298104,11980,578
29296.275191,2655301471,2655302075,11840,604
29296.287219,2655305407,2655306019,11819,612
29296.299245,2655309283,2655309896,9185,613
29296.311267,2655313165,2655313774,9262,609
29296.323288,2655317114,2655317690,11966,576
29296.335316,2655321107,2655321689,11961,582
29296.347335,2655325048,2655325655,11873,607
29296.359357,2655329008,2655329620,11841,612
29296.369876,2655332422,2655333030,9197,608
29296.381901,2655336305,2655336744,7495,439
29296.393928,2655339987,2655340589,12097,602
29296.405945,2655343881,2655344478,9210,597
29296.417972,2655347739,2655348320,8975,581
29296.430003,2655351562,2655352146,9235,584
29296.442016,2655355409,2655356017,9244,608
29296.454039,2655359293,2655359876,8925,583
29296.466071,2655363084,2655363666,9201,582
29296.478082,2655366954,2655367567,9227,613
29296.490103,2655370848,2655371430,8905,582
29296.502135,2655374723,2655375306,9194,583
29296.514146,2655378663,2655379269,11946,606
29296.526176,2655382635,2655383216,11979,581
29296.538208,2655386444,2655387027,9227,583
29296.550223,2655390281,2655390888,9208,607
29296.562242,2655394188,2655394771,8912,583
29296.574272,2655398037,2655398647,9201,610
29296.586285,2655401894,2655402501,9153,607
29296.598307,2655405920,2655406498,11828,578
29296.610341,2655409896,2655410505,12088,609
29296.622358,2655413798,2655414402,9225,604
29296.754613,2655452107,2655452714,9307,607
29296.766632,2655456022,2655456624,9182,602
29296.778654,2655459908,2655460492,8932,584
29296.790686,2655463807,2655464419,9228,612
29296.802697,2655467659,2655468259,9181,600
29296.814713,2655471696,2655472280,11823,584
29296.826752,2655475706,2655476314,12090,608
29296.838770,2655479570,2655480162,9222,592
29296.850791,2655483455,2655484039,8917,584
29296.862822,2655487368,2655487976,9250,608
29296.874833,2655491213,2655491815,9176,602
29296.886858,2655495097,2655495681,8893,584
29296.898890,2655498988,2655499602,9222,614
29296.910905,2655502880,2655503484,9251,604
29296.922924,2655506765,2655507348,8897,583
29296.934953,2655510628,2655511232,9217,604
29296.946966,2655514632,2655515239,11873,607
29296.958999,2655518506,2655519115,8961,609
29296.971025,2655522469,2655523078,9190,609
29296.983035,2655526567,2655527168,11862,601
29296.995060,2655530572,2655531155,8937,583
29297.007095,2655534684,2655535284,12072,600
29297.019105,2655538771,2655539383,11841,612
29297.031136,2655542855,2655543458,11987,603
29297.043163,2655547042,2655547646,12088,604
29297.055172,2655551068,2655551670,11859,602
29297.067204,2655555083,2655555696,11984,613
29297.079231,2655559166,2655559775,12083,609
29297.091249,2655563141,2655563753,11837,612
29297.103275,2655567184,2655567788,12004,604
29297.115300,2655571087,2655571690,9239,603
29297.127321,2655574964,2655575572,9341,608
29297.139349,2655578970,2655579554,11915,584
29297.149865,2655582390,2655582999,9305,609
29297.161881,2655586248,2655586827,8922,579
29297.173915,2655590094,2655590694,9191,600
29297.185932,2655594013,2655594622,9285,609
29297.197949,2655597898,2655598482,11828,584
29297.209982,2655601748,2655602351,12167,603
29297.221998,2655605612,2655606209,9163,597
29297.234022,2655609509,2655610093,8930,584
29297.246054,2655613351,2655613964,9262,613
29297.258070,2655617281,2655617885,9253,604
29297.270087,2655621143,2655621727,8914,584
29297.282122,2655624971,2655625579,9248,608
29297.294137,2655628890,2655629488,9250,598
29297.306154,2655632767,2655633350,8847,583
29297.318188,2655636650,2655637253,9243,603
29297.330199,2655640641,2655641248,11938,607
29297.342221,2655644653,2655645262,11964,609
29297.354259,2655648524,2655649125,9249,601
29297.366275,2655652411,2655653023,9185,612
29297.378295,2655656305,2655656889,8868,584
29297.400331,2655663748,2655664352,11970,604
29297.414359,2655668309,2655668888,11836,579
29297.426394,2655672312,2655672916,12057,604
29297.438406,2655676169,2655676771,8988,602
29297.450433,2655680060,2655680639,8915,579
29297.462464,2655683929,2655684532,9269,603
29297.474481,2655687822,2655688424,9181,602
29297.486510,2655691682,2655692266,8966,584
29297.498532,2655695585,2655696204,9242,619
29297.510548,2655699511,2655700120,9256,609
29297.522566,2655703390,2655703973,8878,583
29297.534602,2655707218,2655707831,9306,613
29297.546605,2655711282,2655711889,11869,607
29297.558636,2655715338,2655715942,11971,604
29297.570668,2655719251,2655719865,9213,614
29297.582685,2655723162,2655723774,9244,612
29297.594703,2655727102,2655727686,8870,584
29297.606738,2655730999,2655731605,9235,606
29297.618753,2655734884,2655735490,9226,606
29297.647312,2655744109,2655744722,12195,613
29297.659323,2655748096,2655748708,11862,612
29297.671352,2655752101,2655752710,11986,609
29297.681873,2655755549,2655756152,9289,603
29297.693893,2655759454,2655760038,8885,584
29297.705927,2655763302,2655763908,9244,606
29297.717943,2655767161,2655767768,9194,607
29297.729959,2655771081,2655771665,11819,584
29297.741993,2655775000,2655775614,12082,614
29297.754013,2655778918,2655779527,9228,609
29297.766030,2655782812,2655783396,8893,584
29297.778063,2655786700,2655787304,9291,604
29297.790082,2655790633,2655791244,9236,611
29297.802103,2655794549,2655795133,8946,584
29297.814131,2655798520,2655799126,12140,606
29297.826139,2655802543,2655803143,11906,600
29297.838169,2655806411,2655807015,8959,604
29297.850200,2655810357,2655810961,9242,604
29297.862216,2655814247,2655814849,9151,602
29297.874238,2655818126,2655818710,8876,584
29297.886265,2655821984,2655822592,9178,608
29297.898285,2655826026,2655826633,9207,607
29297.910306,2655829924,2655830503,8908,579
29297.922337,2655833798,2655834412,9199,614
29297.934350,2655837728,2655838330,8927,602
29297.946371,2655841809,2655842393,11819,584
29297.958404,2655845864,2655846478,12093,614
29297.970423,2655849737,2655850338,9176,601
29297.986951,2655855160,2655855764,8927,604
29297.998982,2655859086,2655859695,9253,609
29298.010999,2655862993,2655863595,9241,602
29298.023017,2655867077,2655867657,11810,580
29298.033543,2655870652,2655871262,11986,610
29298.044068,2655874212,2655874820,12169,608
29298.065097,2655881061,2655881661,11933,600
29298.075627,2655884666,2655885270,12146,604
29298.086140,2655888091,2655888704,8955,613
29298.098173,2655891988,2655892592,9222,604
29298.110190,2655895917,2655896530,9217,613
29298.122211,2655899832,2655900415,8889,583
29298.134241,2655903714,2655904327,9259,613
29298.146251,2655907787,2655908398,11952,611
29298.158277,2655911851,2655912460,11957,609
29298.170309,2655915745,2655916359,9251,614
29298.182324,2655919713,2655920321,9081,608
29298.194349,2655923627,2655924205,8969,578
29298.206379,2655927485,2655928093,9243,608
29298.218395,2655931400,2655932001,9178,601
29298.230423,2655935426,2655936010,11917,584
29298.242445,2655939470,2655940078,12093,608
29298.254464,2655943362,2655943964,9193,602
29298.266481,2655947222,2655947805,8873,583
29298.278514,2655951122,2655951725,9266,603
29298.290529,2655955011,2655955617,9239,606
29298.302553,2655958911,2655959494,8945,583
29298.314583,2655962786,2655963395,9231,609
29298.326600,2655966709,2655967318,9271,609
29298.338618,2655970637,2655971220,8888,583
29298.350652,2655974510,2655975116,9247,606
29298.362659,2655978567,2655979174,11867,607
29298.374689,2655982592,2655983196,12007,604
29298.386720,2655986522,2655987131,9213,609
29298.398736,2655990443,2655991050,9191,607
29298.410758,2655994329,2655994913,8913,584
29298.422790,2655998221,2655998834,9220,613
29298.434803,2656002111,2656002719,9271,608
29298.446821,2656006195,2656006779,11806,584
29298.458857,2656010255,2656010869,12096,614
29298.470871,2656014134,2656014736,9211,602
29298.482893,2656018029,2656018633,8939,604
29298.494923,2656021943,2656022557,9225,614
29298.506941,2656025831,2656026439,9286,608
29298.518959,2656029778,2656030361,8938,583
29298.530990,2656033659,2656034258,9185,599
29298.543009,2656037561,2656038164,9243,603
29298.555030,2656041514,2656042096,8928,582
29298.565553,2656045077,2656045692,12017,615
29298.577582,2656049036,2656049620,8989,584
29298.591102,2656053584,2656054199,12035,615
29298.603130,2656057719,2656058339,9261,620
29298.615146,2656061710,2656062317,9188,607
29298.627175,2656065621,2656066225,9005,604
29298.639199,2656069800,2656070411,12080,611
29298.651206,2656073787,2656074394,11883,607
29298.663238,2656077844,2656078452,11979,608
29298.675267,2656081896,2656082500,12075,604
29298.687280,2656085787,2656086389,9185,602
29298.699308,2656089777,2656090387,11981,610
29298.711337,2656093825,2656094429,12081,604
29298.723344,2656097792,2656098404,11867,612
29298.733881,2656101261,2656101870,9244,609
29298.745898,2656105198,2656105655,7362,457
29298.757917,2656108980,2656109583,11970,603
29298.769950,2656112847,2656113460,9221,613
29298.781966,2656116792,2656117401,9280,609
29298.793989,2656120714,2656121295,8924,581
29298.806018,2656124602,2656125213,9205,611
29298.818035,2656128541,2656129150,9279,609
29298.830057,2656132497,2656133100,12021,603
29298.842084,2656136461,2656137069,12140,608
29298.854104,2656140393,2656140997,9279,604
29298.866122,2656144257,2656144839,8874,582
29298.878155,2656148122,2656148731,9226,609
29298.890172,2656152056,2656152666,9245,610
29298.902191,2656155931,2656156509,8841,578
29298.914223,2656159791,2656160400,9251,609
29298.926239,2656163725,2656164334,9075,609
29298.938263,2656167633,2656168214,8908,581
29298.950292,2656171505,2656172114,9239,609
29298.962308,2656175434,2656176036,9229,602
29298.974337,2656179483,2656180092,12026,609
29298.986362,2656183417,2656184031,9262,614
29298.998378,2656187320,2656187927,9211,607
29299.010397,2656191390,2656191999,11957,609
29299.022429,2656195304,2656195912,9258,608
29299.034437,2656199331,2656199937,11874,606
29299.046467,2656203368,2656203952,11846,584
29299.058496,2656207403,2656208012,12092,609
29299.070515,2656211280,2656211877,9231,597
29299.082533,2656215183,2656215761,8906,578
29299.094568,2656219051,2656219665,9223,614
29299.106584,2656222953,2656223560,9236,607
29299.118604,2656226850,2656227434,8925,584
29299.130636,2656230714,2656231323,9228,609
29299.142652,2656234603,2656235211,9288,608
29299.154672,2656238504,2656239086,8931,582
29299.166703,2656242365,2656242979,9209,614
29299.178720,2656246450,2656247053,12046,603
29299.190741,2656250468,2656251077,11978,609
29299.202770,2656254384,2656255002,9239,618
29299.234333,2656264499,2656265112,9212,613
29299.246343,2656268564,2656269171,11929,607
29299.258368,2656272563,2656273147,11834,584
29299.270400,2656276437,2656277045,9227,608
29299.282414,2656280326,2656280928,9172,602
29299.294436,2656284197,2656284776,8878,579
29299.306469,2656288062,2656288677,9242,615
29299.318485,2656291988,2656292590,9243,602
29299.330504,2656295926,2656296510,8905,584
29299.342539,2656299822,2656300425,9243,603
29299.354556,2656303727,2656304333,9177,606
29299.366575,2656307635,2656308219,8916,584
29299.378606,2656311652,2656312261,12152,609
29299.390614,2656315716,2656316317,11873,601
29299.402645,2656319586,2656320169,8903,583
29299.414676,2656323494,2656324103,9221,609
29299.426694,2656327422,2656328037,9270,615
29299.438715,2656331334,2656331915,8956,581
29299.450743,2656335224,2656335832,9251,608
29299.462752,2656339246,2656339858,11890,612
29299.474776,2656343299,2656343908,11983,609
29299.486813,2656347199,2656347801,9231,602
29299.498826,2656351077,2656351679,9209,602
29299.510847,2656354935,2656355519,8872,584
29299.522877,2656358857,2656359472,9228,615
29299.534895,2656362744,2656363346,9211,602
29299.546914,2656366601,2656367185,8876,584
29299.558947,2656370515,2656371119,9219,604
29299.570960,2656374392,2656374992,9023,600
29299.582987,2656378304,2656378888,8942,584
29299.595018,2656382357,2656382965,12103,608
29299.607028,2656386384,2656386985,11861,601
29299.619062,2656390361,2656390945,8933,584
29299.682172,2656410352,2656410936,11847,584
29299.694207,2656414243,2656414847,9279,604
29299.706223,2656418128,2656418729,9156,601
29299.718254,2656422005,2656422587,9006,582
29299.730276,2656425905,2656426514,9204,609
29299.742292,2656429809,2656430418,9270,609
29299.754313,2656433716,2656434298,8940,582
29299.766343,2656437578,2656438181,9230,603
29299.778355,2656441610,2656442217,11930,607
29299.790381,2656445653,2656446263,11967,610
29299.802414,2656449560,2656450164,9237,604
29299.814429,2656453435,2656454036,9195,601
29299.826447,2656457371,2656457955,8879,584
29299.838483,2656461206,2656461812,9308,606
29299.850499,2656465078,2656465685,9218,607
29299.862513,2656469111,2656469694,11857,583
29299.874548,2656473117,2656473726,12087,609
29299.886565,2656477035,2656477637,9188,602
29299.898584,2656480903,2656481486,8869,583
29299.910618,2656484782,2656485396,9224,614
29299.922636,2656488743,2656489358,9273,615
29299.934657,2656492669,2656493247,8943,578
29299.946687,2656496529,2656497143,9212,614
29299.958703,2656500456,2656501060,9259,604
29299.970726,2656504315,2656504923,8930,608
29300.018822,2656519422,2656520024,9199,602
29300.030835,2656523308,2656523914,9159,606
29300.042860,2656527217,2656527801,8913,584
29300.054892,2656531120,2656531721,9199,601
29300.066903,2656534998,2656535600,9039,602
29300.078930,2656539044,2656539628,11848,584
29300.090962,2656543057,2656543665,12137,608
29300.102975,2656546928,2656547530,9187,602
29300.115007,2656550800,2656551383,8964,583
29300.127031,2656554848,2656555452,12084,604
29300.139044,2656558749,2656559361,9174,612
29300.151063,2656562899,2656563483,11797,584
29300.163097,2656566916,2656567525,9243,609
29300.175115,2656570883,2656571491,9292,608
29300.187130,2656574998,2656575580,11827,582
29300.199164,2656579100,2656579709,12076,609
29300.211174,2656583097,2656583703,11866,606
29300.223207,2656587149,2656587763,11993,614
29300.235234,2656591265,2656591874,12079,609
29300.247243,2656595324,2656595931,11868,607
29300.259277,2656599345,2656599949,12006,604
29300.271300,2656603396,2656604009,12068,613
29300.283311,2656607393,2656608000,11868,607
29300.295340,2656611400,2656611984,11830,584
29300.305867,2656614812,2656615428,9284,616
29300.317886,2656618726,2656619330,8916,604
29300.329916,2656622599,2656623205,9267,606
29300.341932,2656626541,2656627145,12058,604
29300.353951,2656630413,2656630995,8876,582
29300.365981,2656634285,2656634897,9192,612
29300.377999,2656638236,2656638840,12023,604
29300.390021,2656642152,2656642761,11955,609
29300.402053,2656646041,2656646644,9228,603
29300.414071,2656649926,2656650540,9066,614
29300.426094,2656653833,2656654417,8930,584
29300.438123,2656657699,2656658306,9220,607
29300.450141,2656661630,2656662239,9287,609
29300.462168,2656665538,2656666122,8970,584
29300.474191,2656669531,2656670133,12137,602
29300.486209,2656673447,2656674051,9280,604
29300.498229,2656677355,2656677939,8926,584
29300.510260,2656681229,2656681838,9273,609
29300.522275,2656685121,2656685729,9145,608
29300.534292,2656688999,2656689577,8899,578
29300.546329,2656692854,2656693456,9251,602
29300.558346,2656696772,2656697381,9245,609
29300.570362,2656700675,2656701257,8840,582
29300.582396,2656704541,2656705145,9169,604
29300.594407,2656708584,2656709186,11929,602
29300.606433,2656712602,2656713206,11978,604
29300.618464,2656716512,2656717126,9211,614
29300.630482,2656720404,2656721010,9204,606
29300.642503,2656724322,2656724900,8931,578
29300.654532,2656728207,2656728820,9208,613
29300.666550,2656732150,2656732764,9262,614
29300.678571,2656736058,2656736641,8916,583
29300.690600,2656740058,2656740667,12060,609
29300.702617,2656743960,2656744562,9241,602
29300.714639,2656747863,2656748467,8921,604
29300.726671,2656751747,2656752351,9242,604
29300.738686,2656755618,2656756225,9233,607
29300.750705,2656759487,2656760071,8891,584
29300.762735,2656763355,2656763958,9184,603
29300.774755,2656767286,2656767890,9304,604
29300.786774,2656771154,2656771736,8895,582
29300.798807,2656775056,2656775660,9196,604
29300.810824,2656779123,2656779735,11865,612
29300.822844,2656783186,2656783801,11966,615
29300.834875,2656787134,2656787748,9246,614
29300.846891,2656791027,2656791634,9200,607
29300.858922,2656794945,2656795529,8992,584
29300.870943,2656798990,2656799591,12092,601
29300.914521,2656812589,2656813202,9267,613
29300.926543,2656816490,2656817068,8941,578
29300.938574,2656820355,2656820965,9237,610
29300.950591,2656824440,2656825048,12079,608
29300.962612,2656828350,2656828959,8916,609
29300.974642,2656832253,2656832856,9192,603
29300.986657,2656836160,2656836776,9176,616
29300.998680,2656840057,2656840635,8896,578
29301.010708,2656844070,2656844679,12084,609
29301.022718,2656848113,2656848725,11882,612
29301.034750,2656852012,2656852590,8944,578
29301.046778,2656855925,2656856539,9250,614
29301.058791,2656859828,2656860435,9050,607
29301.070818,2656863737,2656864319,8921,582
29301.082847,2656867632,2656868246,9266,614
29301.094862,2656871546,2656872157,9205,611
29301.106890,2656875604,2656876187,11884,583
29301.118918,2656879655,2656880259,12084,604
29301.130923,2656883703,2656884309,11886,606
29301.142951,2656887593,2656888177,8917,584
29301.154984,2656891494,2656892104,9250,610
29301.166999,2656895433,2656896040,9207,607
29301.179017,2656899300,2656899878,8856,578
29301.191053,2656903240,2656903848,9290,608
29301.203063,2656907290,2656907896,11837,606
29301.215086,2656911480,2656912063,11823,583
29301.227121,2656915586,2656916195,12081,609
29301.237634,2656919071,2656919654,8928,583
29301.254174,2656924650,2656925257,12132,607
29301.266193,2656928601,2656929209,9235,608
29301.278214,2656932497,2656933076,8946,579
29301.290243,2656936357,2656936964,9271,607
29301.302259,2656940260,2656940864,9285,604
29301.314277,2656944195,2656944778,8915,583
29301.326312,2656948071,2656948680,9218,609
29301.338328,2656951961,2656952575,9198,614
29301.350349,2656955871,2656956454,8898,583
29301.362380,2656959748,2656960357,9219,609
29301.378902,2656965044,2656965651,9206,607
29301.390924,2656968936,2656969520,8890,584
29301.402956,2656972988,2656973594,9236,606
29301.414971,2656976891,2656977493,9182,602
29301.426988,2656980969,2656981548,11809,579
29301.439024,2656985024,2656985633,12093,609
29301.451043,2656989164,2656989768,9325,604
29301.463060,2656993364,2656993948,11829,584
29301.475093,2656997521,2656998125,12128,604
29301.487101,2657001649,2657002254,11839,605
29301.499125,2657005759,2657006343,11807,584
29301.511162,2657009710,2657010324,9277,614
29301.523179,2657013758,2657014373,12062,615
29301.535193,2657017814,2657018391,11845,577
29301.547229,2657021839,2657022452,12073,613
29301.559247,2657025889,2657026497,12044,608
29301.571267,2657029898,2657030518,11979,620
29301.583297,2657033974,2657034577,12085,603
29301.595315,2657037849,2657038461,9228,612
29301.607336,2657041713,2657042322,8962,609
29301.617862,2657045164,2657045768,9283,604
29301.629877,2657049050,2657049629,8957,579
29301.641913,2657052927,2657053530,9216,603
29301.653925,2657056841,2657057450,9042,609
29301.831265,2657106415,2657107023,9136,608
29301.843277,2657109823,2657110432,9089,609
29301.855307,2657113888,2657114497,12004,609
29301.867339,2657117945,2657118554,12087,609
29301.877850,2657121351,2657121935,8894,584
29301.889884,2657125210,2657125817,9292,607
29301.901901,2657129116,2657129731,9096,615
29301.913923,2657133017,2657133601,8929,584
29301.925950,2657136883,2657137491,12140,608
29301.937969,2657140768,2657141372,9202,604
29301.949999,2657144642,2657145226,8960,584
29301.962020,2657148499,2657149112,9228,613
29301.974037,2657152437,2657153041,9253,604
29301.986053,2657156445,2657157026,11831,581
29301.998090,2657160282,2657160895,9278,613
29302.010104,2657164306,2657164910,12023,604
29302.022125,2657168287,2657168891,11983,604
29302.034159,2657172162,2657172770,9267,608
29302.046174,2657176061,2657176665,9257,604
29302.058192,2657179939,2657180523,8880,584
29302.070225,2657183845,2657184447,9231,602
29302.191956,2657216977,2657217595,7596,618
29302.202476,2657219992,2657220599,9035,607
29302.214494,2657223821,2657224427,9223,606
29302.226507,2657227892,2657228476,11804,584
29302.238545,2657231909,2657232513,12063,604
29302.250562,2657235775,2657236377,9219,602
29302.262581,2657239632,2657240216,8908,584
29302.274614,2657243556,2657244165,9244,609
29302.286630,2657247466,2657248066,9221,600
29302.298652,2657251355,2657251939,8945,584
29302.310682,2657255216,2657255830,9242,614
29302.322700,2657259166,2657259776,9301,610
29302.334717,2657263047,2657263626,8932,579
29302.346751,2657266909,2657267517,9212,608
29302.358767,2657270806,2657271408,9186,602
29302.370786,2657274666,2657275246,8902,580
29302.382819,2657278540,2657279148,9203,608
29302.466967,2657304866,2657305468,11878,602
29302.478995,2657308763,2657309346,8927,583
29302.491025,2657312804,2657313413,12085,609
29302.503035,2657316876,2657317482,11873,606
29302.515059,2657321008,2657321592,11825,584
29302.527092,2657324977,2657325579,9274,602
29302.539112,2657328919,2657329528,9293,609
29302.551126,2657333015,2657333595,11808,580
29302.563161,2657337097,2657337705,12071,608
29302.575173,2657341113,2657341714,11855,601
29302.587194,2657345142,2657345726,11814,584
29302.599230,2657349161,2657349763,12135,602
29302.611245,2657353055,2657353667,9195,612
29302.623264,2657356916,2657357500,8837,584
29302.656334,2657367502,2657368106,12027,604
29302.669851,2657371886,2657372487,11945,601
29302.681883,2657375779,2657376363,8921,584
29302.693912,2657379623,2657380231,9222,608
29302.705930,2657383519,2657384128,9235,609
29302.717946,2657387400,2657387983,8863,583
29302.729981,2657391248,2657391856,9229,608
29302.741996,2657395195,2657395803,12022,608
29302.754018,2657399107,2657399712,11970,605
29302.766051,2657402996,2657403604,9276,608
29302.778067,2657406925,2657407529,9248,604
29302.790084,2657410781,2657411364,8915,583
29302.802119,2657414597,2657415202,9261,605
29302.814135,2657418520,2657419129,9251,609
29302.826151,2657422539,2657423123,11819,584
29302.838186,2657426512,2657427120,12174,608
29302.850204,2657430444,2657431042,9237,598
29302.862221,2657434302,2657434885,8880,583
29302.874256,2657438197,2657438801,9257,604
29302.886272,2657442133,2657442736,9270,603
29302.982463,2657472117,2657472720,9216,603
29303.047076,2657487265,2657487849,8989,584
29303.059105,2657490671,2657491282,9320,611
29303.071113,2657494798,2657495400,11865,602
29303.083138,2657498890,2657499468,8901,578
29303.095174,2657502960,2657503564,12087,604
29303.107179,2657506963,2657507575,11862,612
29303.119209,2657510991,2657511573,11815,582
29303.131242,2657515005,2657515613,12098,608
29303.143257,2657518919,2657519526,9224,607
29303.155276,2657522786,2657523369,8864,583
29303.167311,2657526802,2657527400,12091,598
29303.179320,2657530780,2657531387,11863,607
29303.191350,2657534815,2657535425,11984,610
29303.201872,2657538269,2657538870,9280,601
29303.213893,2657542182,2657542766,8888,584
29303.225928,2657546053,2657546516,7491,463
29303.237940,2657549847,2657550451,12057,604
29303.249959,2657553716,2657554300,8891,584
29303.261992,2657557594,2657558195,9190,601
29303.274011,2657561465,2657562069,9229,604
29303.286031,2657565471,2657566054,8951,583
29303.302571,2657570738,2657571340,9252,602
29303.314586,2657574636,2657575238,9229,602
29303.326606,2657578534,2657579111,8911,577
29303.338637,2657582411,2657583025,9229,614
29303.350653,2657586328,2657586940,9207,612
29303.362675,2657590245,2657590828,8909,583
29303.374703,2657594255,2657594864,12045,609
29303.386722,2657598118,2657598725,9159,607
29303.398740,2657601986,2657602565,8902,579
29303.410774,2657605847,2657606461,9188,614
29303.485907,2657629324,2657629925,11935,601
29303.497933,2657633240,2657633824,8869,584
29303.509962,2657637094,2657637706,9259,612
29303.521980,2657641019,2657641622,9263,603
29303.534001,2657644900,2657645483,8937,583
29303.546031,2657648738,2657649351,9212,613
29303.558048,2657652685,2657653294,12018,609
29303.570079,2657656729,2657657336,12053,607
29303.582101,2657660814,2657661428,12108,614
29303.594120,2657664798,2657665407,8952,609
29303.606146,2657668765,2657669380,8949,615
29303.618171,2657672733,2657673348,9258,615
29303.690306,2657695360,2657695973,9247,613
29303.702323,2657699275,2657699884,9255,609
29303.846587,2657727506,2657728113,9209,607
29303.858621,2657730680,2657731284,8950,604
29303.870651,2657734427,2657735035,12089,608
29303.894684,2657740024,2657740608,8974,584
29303.906717,2657743932,2657744546,9232,614
29303.918734,2657747839,2657748450,9253,611
29303.930755,2657751745,2657752329,8874,584
29303.942785,2657755595,2657756199,9220,604
29303.954805,2657759509,2657760119,9271,610
29303.966825,2657763394,2657763977,8920,583
29303.978854,2657767315,2657767924,9258,609
29304.005912,2657775924,2657776383,7448,459
29304.017924,2657779688,2657780293,9268,605
29304.029946,2657783596,2657784179,8925,583
29304.041973,2657787444,2657788052,12143,608
29304.053992,2657791390,2657792000,12054,610
29304.066011,2657795273,2657795851,8886,578
29304.078045,2657799142,2657799749,9225,607
29304.090062,2657803047,2657803649,9165,602
29304.102077,2657807010,2657807588,8849,578
29304.192249,2657835895,2657836479,11849,584
29304.231334,2657845967,2657846568,9192,601
29304.241845,2657849473,2657850057,8878,584
29304.253885,2657853322,2657853785,7548,463
29304.265898,2657857099,2657857703,9272,604
29304.277913,2657860964,2657861548,8910,584
29304.289948,2657864851,2657865460,9217,609
29304.301966,2657868784,2657869388,9286,604
29304.313985,2657872708,2657873291,8912,583
29304.326014,2657876556,2657877159,9206,603
29304.338032,2657880469,2657881074,9208,605
29304.350051,2657884345,2657884927,8901,582
29304.362084,2657888211,2657888813,9188,602
29304.374100,2657892197,2657892796,12028,599
29304.386121,2657896190,2657896798,12026,608
29304.398154,2657900063,2657900671,9254,608
29304.410170,2657903954,2657904558,9238,604
29304.422190,2657907845,2657908429,8888,584
29304.434220,2657911664,2657912274,9225,610
29304.498835,2657932003,2657932587,11872,584
29304.510867,2657935943,2657936545,9284,602
29304.522882,2657939835,2657940437,9202,602
29304.534903,2657943699,2657944282,8904,583
29304.546935,2657947591,2657948200,9229,609
29304.558952,2657951468,2657952075,9220,607
29304.570968,2657955336,2657955914,8881,578
29304.583001,2657959239,2657959853,9236,614
29304.595015,2657963255,2657963861,11861,606
29304.607038,2657967395,2657967973,11816,578
29304.619070,2657971504,2657972113,12080,609
29304.679173,2657990552,2657991131,11827,579
29304.691210,2657994592,2657995195,12092,603
29304.703218,2657998605,2657999205,11837,600
29304.715244,2658002738,2658003322,11850,584
29304.727279,2658006763,2658007367,12084,604
29304.739285,2658010752,2658011370,11854,618
29304.751311,2658014751,2658015334,11818,583
29304.763344,2658018793,2658019402,12078,609
29304.773860,2658022225,2658022664,7544,439
29304.785896,2658025939,2658026397,7486,458
29304.797908,2658029700,2658030314,9220,614
29304.809924,2658033585,2658034163,8895,578
29304.821958,2658037482,2658038091,9232,609
29304.833976,2658041411,2658042012,9240,601
29304.845994,2658045275,2658045858,8890,583
29304.858027,2658049138,2658049746,12175,608
29304.870046,2658053097,2658053711,12063,614
29304.882066,2658056999,2658057583,8920,584
29304.894096,2658060879,2658061487,9219,608
29304.906115,2658064798,2658065407,9254,609
29304.918129,2658068810,2658069388,8915,578
29304.978241,2658087736,2658088348,11874,612
29305.030850,2658104245,2658104829,8953,584
29305.042876,2658108135,2658108744,9258,609
29305.054895,2658112032,2658112635,9285,603
29305.066912,2658115888,2658116469,8918,581
29305.078946,2658119805,2658120414,9195,609
29305.090954,2658123790,2658124397,11868,607
29305.102984,2658127806,2658128410,11964,604
29305.115014,2658131883,2658132482,12130,599
29305.127030,2658135859,2658136466,9171,607
29305.139050,2658139980,2658140563,11810,583
29305.151082,2658144100,2658144703,12082,603
29305.163094,2658148187,2658148788,11879,601
29305.175116,2658152143,2658152727,8895,584
29305.187153,2658156129,2658156744,9208,615
29305.199160,2658160158,2658160770,11843,612
29305.211184,2658164215,2658164798,11808,583
29305.223219,2658168287,2658168896,12067,609
29305.235226,2658172261,2658172867,11863,606
29305.247254,2658176307,2658176891,11818,584
29305.259287,2658180215,2658180824,9269,609
29305.271309,2658184105,2658184718,9334,613
29305.283325,2658188104,2658188685,11827,581
29305.295358,2658192094,2658192695,12079,601
29305.305869,2658195470,2658196046,8882,576
29305.317903,2658199351,2658199958,9181,607
29305.329922,2658203430,2658203894,7389,464
29305.341937,2658207181,2658207765,8880,584
29305.353971,2658211046,2658211654,9243,608
29305.365988,2658214969,2658215583,9291,614
29305.378006,2658218837,2658219420,8853,583
29305.390039,2658222742,2658223350,12178,608
29305.402057,2658226755,2658227358,12052,603
29305.414074,2658230642,2658231226,8885,584
29305.426107,2658234517,2658235125,9195,608
29305.438123,2658238424,2658239028,9254,604
29305.459157,2658245076,2658245657,8922,581
29305.526789,2658266217,2658266800,8869,583
29305.538823,2658270114,2658270723,9230,609
29305.550837,2658274035,2658274635,9211,600
29305.562855,2658277902,2658278486,8912,584
29305.574888,2658281794,2658282397,9287,603
29305.586907,2658285687,2658286297,9263,610
29305.598924,2658289573,2658290156,8915,583
29305.610958,2658293480,2658294089,9282,609
29305.622973,2658297367,2658297976,9280,609
29305.731178,2658330986,2658331587,9208,601
29305.743197,2658335001,2658335584,8877,583
29305.755232,2658339043,2658339652,12072,609
29305.767245,2658343037,2658343654,11868,617
29305.779268,2658347049,2658347633,11831,584
29305.791301,2658350946,2658351550,9220,604
29305.803317,2658354834,2658355438,9265,604
29305.815334,2658358817,2658359400,11816,583
29305.825863,2658362240,2658362850,9268,610
29305.837880,2658366124,2658366708,8807,584
29305.849915,2658369970,2658370581,9206,611
29305.861933,2658373901,2658374510,9246,609
29305.873948,2658377803,2658378382,11826,579
29305.885981,2658381665,2658382266,12167,601
29305.898000,2658385545,2658386149,9282,604
29305.910016,2658389417,2658390000,8898,583
29305.922051,2658393320,2658393924,9229,604
29305.934068,2658397217,2658397827,9269,610
29305.946091,2658401099,2658401683,8973,584
29305.958120,2658404957,2658405564,9247,607
29305.970136,2658408881,2658409491,9267,610
29305.982156,2658412906,2658413513,11981,607
29306.054295,2658435482,2658436066,8838,584
29306.066326,2658439358,2658439963,9231,605
29306.078342,2658443262,2658443871,9288,609
29306.090357,2658447314,2658447897,11813,583
29306.102392,2658451350,2658451959,12095,609
29306.114410,2658455273,2658455874,9200,601
29306.126428,2658459137,2658459721,8870,584
29306.138462,2658463001,2658463615,9242,614
29306.150477,2658466896,2658467508,9208,612
29306.246662,2658496093,2658496696,9338,603
29306.258685,2658499996,2658500603,9257,607
29306.270703,2658503884,2658504468,8893,584
29306.282736,2658507776,2658508389,9259,613
29306.294754,2658511658,2658512260,9204,602
29306.306766,2658515701,2658516280,11790,579
29306.318803,2658519708,2658520322,12096,614
29306.330819,2658523626,2658524223,9227,597
29306.342840,2658527477,2658528055,8848,578
29306.354872,2658531381,2658531985,9221,604
29306.366888,2658535282,2658535883,9162,601
29306.378907,2658539155,2658539739,8899,584
29306.390940,2658543053,2658543668,9239,615
29306.416331,2658551410,2658552018,11953,608
29306.482615,2658572625,2658573238,12033,613
29306.494641,2658576553,2658577167,9235,614
29306.506658,2658580642,2658581246,12017,604
29306.518685,2658584711,2658585315,12034,604
29306.530708,2658588620,2658589230,9265,610
29306.542727,2658592541,2658593156,8980,615
29306.554752,2658596492,2658597101,8945,609
29306.566776,2658600416,2658601031,9246,615
29306.578792,2658604366,2658604975,8982,609
29306.590820,2658608288,2658608903,8958,615
29306.602843,2658612232,2658612847,9240,615
29306.614861,2658616188,2658616797,8974,609
29306.626888,2658620145,2658620754,8919,609
29306.638912,2658624233,2658624843,12098,610
29306.650927,2658628300,2658628909,11976,609
29306.662956,2658632241,2658632851,8965,610
29306.674980,2658636184,2658636799,9218,615
29306.686998,2658640259,2658640868,12014,609
29306.699028,2658644354,2658644956,12042,602
29306.711048,2658648520,2658649134,12062,614
29306.723067,2658652704,2658653313,12005,609
29306.735095,2658656895,2658657503,12039,608
29306.747118,2658661051,2658661655,12067,604
29306.759135,2658665120,2658665729,8980,609
29306.771163,2658669282,2658669891,12038,609
29306.783185,2658673381,2658673990,12071,609
29306.795206,2658677475,2658678090,12017,615
29306.807230,2658681424,2658682039,8906,615
29306.819255,2658685360,2658685980,9252,620
29306.831272,2658689455,2658690064,12014,609
29306.843300,2658693517,2658694120,12040,603
29306.855322,2658697578,2658698192,12076,614
29306.867343,2658701657,2658702272,12014,615
29306.877869,2658705149,2658705758,9247,609
29306.889886,2658709109,2658709712,8981,603
29306.901913,2658713030,2658713645,8946,615
29306.913938,2658717081,2658717679,9234,598
29306.925954,2658721005,2658721609,8981,604
29306.937981,2658724951,2658725559,8929,608
29306.950005,2658728901,2658729516,12085,615
29306.962019,2658733136,2658733744,11978,608
29306.974049,2658737069,2658737672,8942,603
29306.986074,2658741011,2658741615,9214,604
29306.998092,2658744943,2658745556,8952,613
29307.010117,2658748895,2658749515,8956,620
29307.034160,2658756761,2658757364,12015,603
29307.046187,2658760690,2658761305,8945,615
29307.058212,2658764631,2658765239,9213,608
29307.070229,2658768574,2658769177,8942,603
29307.080751,2658772121,2658772736,12065,615
29307.098787,2658778117,2658778725,12079,608
29307.110804,2658782036,2658782639,8977,603
29307.122832,2658786099,2658786702,12040,603
29307.134856,2658790172,2658790787,12102,615
29307.145374,2658793668,2658794282,8884,614
29307.158899,2658798104,2658798718,8955,614
29307.170923,2658802063,2658802672,9237,609
29307.182941,2658806006,2658806611,8984,605
29307.194967,2658809952,2658810566,8936,614
29307.206992,2658813878,2658814486,9244,608
29307.219009,2658817824,2658818434,8968,610
29307.231038,2658821963,2658822571,12042,608
29307.243061,2658826145,2658826748,12090,603
29307.255079,2658830322,2658830925,12017,603
29307.267106,2658834517,2658835121,12038,604
29307.279129,2658838722,2658839324,12068,602
29307.291147,2658842864,2658843474,12011,610
29307.303175,2658846986,2658847590,12062,604
29307.315198,2658851104,2658851716,12075,612
29307.327217,2658855189,2658855792,12017,603
29307.339244,2658859262,2658859882,12042,620
29307.351265,2658863325,2658863934,12059,609
29307.363285,2658867473,2658868077,12018,604
29307.375311,2658871562,2658872171,8944,609
29307.387338,2658875641,2658876245,12089,604
29307.397857,2658879102,2658879720,8945,618
29307.409880,2658883037,2658883640,9186,603
29307.430915,2658889945,2658890564,12010,619
29307.442941,2658893893,2658894507,8947,614
29307.454965,2658897990,2658898594,12087,604
29307.466980,2658902070,2658902673,11975,603
29307.479009,2658906058,2658906661,8957,603
29307.491034,2658909986,2658910600,9263,614
29307.503052,2658914140,2658914750,12016,610
29307.515078,2658918262,2658918875,8897,613
29307.527103,2658922476,2658923091,12090,615
29307.539122,2658926632,2658927242,12019,610
29307.551148,2658930739,2658931341,12036,602
29307.563171,2658934859,2658935458,12075,599
29307.575189,2658938943,2658939547,8977,604
29307.587217,2658943100,2658943709,12042,609
29307.599240,2658947182,2658947797,12075,615
29307.609758,2658950669,2658951284,8924,615
29307.623283,2658955085,2658955694,8959,609
29307.654846,2658965342,2658965946,12045,604
29307.666866,2658969429,2658970032,12087,603
29307.678886,2658973365,2658973974,9004,609
29307.690912,2658977304,2658977919,8914,615
29307.702937,2658981398,2658982006,12086,608
29307.714954,2658985340,2658985953,9013,613
29307.726981,2658989304,2658989909,8929,605
29307.739006,2658993228,2658993837,9232,609
29307.751023,2658997321,2658997929,12006,608
29307.763051,2659001492,2659002100,12040,608
29307.775075,2659005707,2659006322,9209,615
29307.787092,2659009904,2659010512,12016,608
29307.799119,2659014075,2659014690,12046,615
29307.811142,2659018221,2659018829,12075,608
29307.823160,2659022199,2659022807,8979,608
29307.835186,2659026163,2659026781,8916,618
29307.847211,2659030263,2659030865,12086,602
29307.859229,2659034335,2659034944,12014,609
29307.871257,2659038420,2659039029,12038,609
29307.899804,2659047718,2659048327,11979,609
29307.910331,2659051330,2659051933,12092,603
29307.922351,2659055277,2659055891,8961,614
29307.934377,2659059232,2659059846,8878,614
29307.946402,2659063168,2659063772,9239,604
29307.958420,2659067108,2659067727,8950,619
29307.970445,2659071048,2659071657,8932,609
29307.982467,2659074981,2659075596,9248,615
29308.011021,2659084301,2659084916,12043,615
29308.023042,2659088293,2659088907,9246,614
29308.035062,2659092345,2659092954,8964,609
29308.047088,2659096521,2659097139,12036,618
29308.059115,2659100732,2659101336,12091,604
29308.071131,2659104883,2659105486,12018,603
29308.083159,2659109024,2659109632,12043,608
29308.095180,2659113127,2659113731,12077,604
29308.107200,2659117195,2659117798,12016,603
29308.119227,2659121270,2659121883,12044,613
29308.131248,2659125357,2659125970,12117,613
29308.143269,2659129425,2659130029,12015,604
29308.155294,2659133390,2659134004,8947,614
29308.167320,2659137468,2659138073,12090,605
29308.179337,2659141535,2659142139,12019,604
29308.189870,2659145153,2659145623,7502,470
29308.201881,2659148961,2659149571,9014,610
29308.212407,2659152567,2659153171,12082,604
29308.222925,2659156082,2659156696,8935,614
29308.234948,2659160022,2659160625,9222,603
29308.246966,2659163954,2659164572,8970,618
29308.258993,2659167918,2659168522,8940,604
29308.271020,2659171989,2659172598,12089,609
29308.283035,2659176130,2659176734,12016,604
29308.295061,2659180142,2659180745,8925,603
29308.307088,2659184307,2659184916,12091,609
29308.319104,2659188469,2659189077,12014,608
29308.331132,2659192624,2659193232,12042,608
29308.343153,2659196785,2659197394,12071,609
29308.355172,2659200924,2659201533,12021,609
29308.367200,2659205074,2659205683,12052,609
29308.379223,2659209146,2659209750,12068,604
29308.391240,2659213235,2659213850,8987,615
29308.403270,2659217306,2659217915,12036,609
29308.415291,2659221371,2659221981,12072,610
29308.427310,2659225436,2659226039,12018,603
29308.439335,2659229377,2659229992,8927,615
29308.449855,2659232859,2659233317,7630,458
29308.461880,2659236638,2659237242,8943,604
29308.473905,2659240589,2659241192,9207,603
29308.485923,2659244508,2659245117,8984,609
29308.497950,2659248417,2659249031,8928,614
29308.509974,2659252368,2659252987,9259,619
29308.521991,2659256307,2659256916,8994,609
29308.534018,2659260262,2659260877,8932,615
29308.546042,2659264208,2659264828,9257,620
29308.558061,2659268150,2659268758,8978,608
29308.570086,2659272195,2659272805,12045,610
29308.582111,2659276126,2659276741,9204,615
29308.594125,2659280333,2659280937,11983,604
29308.606155,2659284304,2659284912,8905,608
29308.618179,2659288432,2659289047,12108,615
29308.630197,2659292410,2659293028,9001,618
29308.642223,2659296415,2659297030,8942,615
29308.654247,2659300539,2659301153,12083,614
29308.666262,2659304674,2659305282,11983,608
29308.678292,2659308626,2659309230,8935,604
29308.690317,2659312548,2659313156,9227,608
29308.702335,2659316500,2659317104,8974,604
29308.714360,2659320448,2659321061,8940,613
29308.726385,2659324405,2659325008,9277,603
29308.738403,2659328335,2659328950,9002,615
29308.750429,2659332289,2659332892,8923,603
29308.762454,2659336219,2659336839,9226,620
29308.774471,2659340181,2659340789,8987,608
29308.786497,2659344105,2659344719,8961,614
29308.798519,2659348046,2659348656,9248,610
29308.870657,2659371140,2659371755,12081,615
29308.902216,2659381401,2659382016,12073,615
29308.914236,2659385345,2659385953,8942,608
29308.926262,2659389288,2659389896,8834,608
29308.938287,2659393231,2659393851,9231,620
29308.950304,2659397179,2659397794,8999,615
29308.962330,2659401138,2659401746,8936,608
29308.974355,2659405072,2659405687,9241,615
29308.986369,2659409142,2659409751,11978,609
29308.998398,2659413088,2659413704,8917,616
29309.029961,2659423224,2659423839,12040,615
29309.041985,2659427164,2659427784,9199,620
29309.053999,2659431123,2659431732,12003,609
29309.066030,2659435111,2659435714,12035,603
29309.078053,2659439044,2659439648,9181,604
29309.090071,2659442980,2659443583,8956,603
29309.102098,2659446925,2659447529,8931,604
29309.114123,2659450853,2659451456,9218,603
29309.126141,2659454796,2659455399,8977,603
29309.138167,2659458744,2659459359,8936,615
29309.150192,2659462711,2659463330,9258,619
29309.162209,2659466674,2659467289,8964,615
29309.174235,2659470625,2659471245,8941,620
29309.186259,2659474753,2659475373,12084,620
29309.198277,2659478700,2659479305,8980,605
29309.210302,2659482655,2659483275,8955,620
29309.222327,2659486608,2659487211,9259,603
29309.234344,2659490530,2659491134,8961,604
29309.246371,2659494454,2659495069,8902,615
29309.258395,2659498406,2659499016,9246,610
29309.270409,2659502490,2659503093,11978,603
29309.282439,2659506555,2659507164,12036,609
29309.294462,2659510493,2659511096,9210,603
29309.306481,2659514441,2659515045,8948,604
29309.318508,2659518374,2659518982,8947,608
29309.330532,2659522296,2659522916,9257,620
29309.342550,2659526272,2659526887,9005,615
29309.354576,2659530233,2659530853,8933,620
29309.366601,2659534186,2659534800,9218,614
29309.378618,2659538144,2659538762,8919,618
29309.390645,2659542105,2659542725,8950,620
29309.402668,2659546189,2659546798,12089,609
29309.414686,2659550135,2659550744,8986,609
29309.479313,2659570839,2659571443,12067,604
29309.491333,2659574909,2659575529,12010,620
29309.503362,2659578993,2659579602,12041,609
29309.513878,2659582452,2659583061,8917,609
29309.525902,2659586377,2659586981,8949,604
29309.537929,2659590302,2659590922,9224,620
29309.549946,2659594261,2659594871,8942,610
29309.561973,2659598196,2659598803,8949,607
29309.573998,2659602121,2659602725,9220,604
29309.586011,2659606094,2659606698,11979,604
29309.598042,2659610096,2659610711,12039,615
29309.610062,2659614057,2659614662,9220,605
29309.622082,2659617992,2659618600,8989,608
29309.634108,2659621915,2659622524,8924,609
29309.646133,2659625862,2659626472,9219,610
29309.658151,2659629809,2659630418,8958,609
29309.670175,2659633895,2659634509,12039,614
29309.682200,2659637995,2659638599,12102,604
29309.694219,2659641938,2659642541,8977,603
29309.706245,2659645867,2659646477,8900,610
29309.718270,2659649825,2659650439,9170,614
29309.730287,2659653782,2659654386,8952,604
29309.742314,2659657718,2659658331,8933,613
29309.754338,2659661674,2659662288,9194,614
29309.766356,2659665609,2659666213,8957,604
29309.778383,2659669564,2659670182,8908,618
29309.790407,2659673495,2659674110,9262,615
29309.802421,2659677613,2659678216,11981,603
29309.812957,2659681078,2659681539,7503,461
29309.870051,2659699210,2659699814,11972,604
29309.927164,2659717410,2659718019,8883,609
29309.939190,2659721576,2659722191,12086,615
29309.951207,2659725670,2659726284,12007,614
29309.963235,2659729757,2659730377,12035,620
29309.975256,2659733856,2659734465,12069,609
29309.987275,2659737797,2659738401,8967,604
29309.999302,2659741775,2659742385,8878,610
29310.011327,2659745843,2659746449,12085,606
29310.021854,2659749476,2659749946,7693,470
29310.033871,2659753254,2659753863,9225,609
29310.045890,2659757193,2659757803,8970,610
29310.057915,2659761148,2659761768,8941,620
29310.069940,2659765117,2659765731,12084,614
29310.081954,2659769069,2659769673,11980,604
29310.093985,2659773032,2659773640,8922,608
29310.106009,2659776984,2659777593,9249,609
29310.118026,2659780901,2659781505,8985,604
29310.130053,2659784847,2659785462,8939,615
29310.142076,2659788880,2659789483,12081,603
29310.154095,2659792803,2659793406,8941,603
29310.166121,2659796730,2659797343,8924,613
29310.178146,2659800677,2659801290,9265,613
29310.190164,2659804617,2659805221,8988,604
29310.202189,2659808681,2659809285,12042,604
29310.214213,2659812747,2659813357,12139,610
29310.226232,2659816828,2659817432,8938,604
29310.238258,2659820753,2659821358,8947,605
29310.250283,2659824686,2659825301,9223,615
29310.262301,2659828622,2659829237,8968,615
29310.274328,2659832564,2659833179,8946,615
29310.286350,2659836670,2659837279,12076,609
29310.298365,2659840767,2659841376,11978,609
29310.310396,2659844715,2659845323,8939,608
29310.322420,2659848661,2659849270,9248,609
29310.334438,2659852599,2659853208,8952,609
29310.346464,2659856560,2659857180,8938,620
29310.358489,2659860510,2659861120,9264,610
29310.370506,2659864448,2659865057,8976,609
29310.382533,2659868379,2659868997,8938,618
29310.394557,2659872319,2659872937,9282,618
29310.406573,2659876431,2659877035,9202,604
29310.423103,2659881864,2659882470,11856,606
29310.435133,2659886063,2659886667,12086,604
29310.447148,2659890131,2659890734,12079,603
29310.459170,2659894231,2659894838,11820,607
29310.471199,2659898175,2659898778,9197,603
29310.483217,2659902062,2659902676,9264,614
29310.495241,2659906066,2659906674,11839,608
29310.507268,2659910127,2659910730,12072,603
29310.519286,2659914125,2659914738,12087,613
29310.531307,2659918137,2659918745,11987,608
29310.543338,2659922204,2659922786,11972,582
29310.553849,2659925586,2659926193,8863,607
29310.565887,2659929465,2659930049,9203,584
29310.577899,2659933329,2659933944,9203,615
29310.589914,2659937213,2659937814,8871,601
29310.601952,2659941089,2659941672,12009,583
29310.613971,2659945019,2659945634,12079,615
29310.625983,2659948922,2659949528,8855,606
29310.726680,2659980321,2659980922,9227,601
29310.738698,2659984150,2659984762,8841,612
29310.750737,2659988070,2659988653,9254,583
29310.762747,2659991950,2659992568,9278,618
29310.774768,2659995812,2659996419,8878,607
29310.786803,2659999741,2660000350,9251,609
29310.798818,2660003689,2660004297,9290,608
29310.810835,2660007528,2660008137,8850,609
29310.822874,2660011460,2660012043,9265,583
29310.834885,2660015518,2660016121,9235,603
29310.845415,2660018927,2660019512,11999,585
29310.861935,2660024163,2660024766,9228,603
29310.873957,2660028044,2660028646,8865,602
29310.885987,2660031950,2660032559,12070,609
29310.898007,2660035921,2660036524,12057,603
29310.910026,2660039766,2660040366,8864,600
29310.922058,2660043649,2660044252,9235,603
29310.934077,2660047565,2660048180,9285,615
29310.946093,2660051418,2660052020,8838,602
29310.958126,2660055284,2660055894,9203,610
29310.970142,2660059177,2660059778,9197,601
29310.982166,2660063193,2660063797,11973,604
29311.034770,2660079852,2660080467,12105,615
29311.045282,2660083309,2660083909,11842,600
29311.174536,2660113246,2660113846,9214,600
29311.186553,2660116440,2660117044,9256,604
29311.198584,2660119823,2660120442,9333,619
29311.210600,2660123736,2660124336,9255,600
29311.222618,2660127559,2660128161,8861,602
29311.234653,2660131622,2660132206,11971,584
29311.245162,2660135108,2660135710,11827,602
29311.335332,2660159201,2660159805,9267,604
29311.347359,2660163301,2660163910,11999,609
29311.357885,2660166746,2660167355,9261,609
29311.369898,2660170617,2660171229,8886,612
29311.381936,2660174486,2660175070,9212,584
29311.393949,2660178349,2660178961,9195,612
29311.405968,2660182239,2660182840,8875,601
29311.417999,2660186138,2660186722,11953,584
29311.430020,2660190075,2660190684,12071,609
29311.442038,2660193924,2660194526,8883,602
29311.454070,2660197884,2660198493,9187,609
29311.466090,2660201848,2660202457,9203,609
29311.478104,2660205684,2660206297,8876,613
29311.490140,2660209609,2660210193,9192,584
29311.502153,2660213633,2660214247,12018,614
29311.514178,2660217645,2660218254,11988,609
29311.526205,2660221553,2660222154,9235,601
29311.538226,2660225467,2660226070,9226,603
29311.550241,2660229305,2660229912,8874,607
29311.562273,2660233201,2660233810,9141,609
29311.574292,2660237134,2660237743,9232,609
29311.586312,2660240979,2660241581,8846,602
29311.598349,2660244845,2660245429,9234,584
29311.610361,2660248727,2660249327,9228,600
29311.622379,2660252576,2660253177,8890,601
29311.646429,2660260317,2660260920,12051,603
29311.658447,2660264208,2660264820,8861,612
29311.670479,2660268189,2660268798,9231,609
29311.682499,2660272105,2660272713,9232,608
29311.694517,2660275953,2660276566,8897,613
29311.706552,2660279886,2660280495,9241,609
29311.718565,2660283926,2660284529,12092,603
29311.730588,2660287943,2660288553,11983,610
29311.742622,2660291843,2660292446,9217,603
29311.754635,2660295739,2660296340,9225,601
29311.766653,2660299581,2660300188,8885,607
29311.778689,2660303482,2660304085,9215,603
29311.790702,2660307372,2660307974,9265,602
29311.802723,2660311212,2660311814,8849,602
29311.814760,2660315112,2660315696,9178,584
29311.826772,2660318981,2660319592,9229,611
29311.838790,2660322840,2660323447,8896,607
29311.850824,2660326934,2660327537,12083,603
29311.861334,2660330457,2660331064,11836,607
29311.874863,2660334923,2660335530,11856,607
29311.886892,2660338855,2660339469,9248,614
29311.898909,2660342791,2660343394,9230,603
29311.910927,2660346627,2660347234,8890,607
29311.922965,2660350555,2660351138,9273,583
29311.934978,2660354576,2660355184,12090,608
29311.947000,2660358578,2660359182,11994,604
29311.959029,2660362659,2660363262,12094,603
29311.971045,2660366781,2660367389,12070,608
29311.983064,2660370706,2660371312,8873,606
29312.038674,2660388383,2660388985,12057,602
29312.050697,2660392402,2660393004,11841,602
29312.061215,2660395961,2660396569,12017,608
29312.091268,2660405429,2660406041,8832,612
29312.103303,2660409371,2660409980,9255,609
29312.115321,2660413256,2660413860,9238,604
29312.127344,2660417217,2660417830,11845,613
29312.137868,2660420669,2660421273,9276,604
29312.149883,2660424534,2660425141,8872,607
29312.161915,2660428423,2660429043,9224,620
29312.173935,2660432381,2660432996,9204,615
29312.185951,2660436257,2660436859,8853,602
29312.197990,2660440116,2660440699,9183,583
29312.210005,2660444014,2660444621,9264,607
29312.222019,2660447875,2660448477,8827,602
29312.234055,2660451829,2660452412,12031,583
29312.246074,2660455828,2660456442,12068,614
29312.258087,2660459701,2660460302,8846,601
29312.270120,2660463604,2660464213,9247,609
29312.282140,2660467554,2660468158,9264,604
29312.294158,2660471394,2660472002,8868,608
29312.306193,2660475300,2660475883,9214,583
29312.318206,2660479344,2660479948,12022,604
29312.330228,2660483387,2660483991,11976,604
29312.342256,2660487278,2660487875,9258,597
29312.354274,2660491244,2660491852,9214,608
29312.366296,2660495095,2660495707,8856,612
29312.378328,2660498972,2660499586,9215,614
29312.390348,2660502897,2660503501,9267,604
29312.402361,2660506779,2660507386,8869,607
29312.414398,2660510667,2660511251,9211,584
29312.426415,2660514550,2660515153,9207,603
29312.438432,2660518426,2660519032,8834,606
29312.450466,2660522460,2660523069,12112,609
29312.462484,2660526549,2660527164,12060,615
29312.474499,2660530434,2660531041,8841,607
29312.486531,2660534342,2660534957,9178,615
29312.498551,2660538289,2660538899,9259,610
29312.510569,2660542135,2660542743,8909,608
29312.522604,2660546066,2660546680,9237,614
29312.534618,2660550126,2660550734,12093,608
29312.546641,2660554138,2660554747,11981,609
29312.558671,2660558050,2660558627,9172,577
29312.570687,2660561923,2660562525,9295,602
29312.582704,2660565763,2660566369,8866,606
29312.594740,2660569690,2660570293,9220,603
29312.606754,2660573594,2660574206,9242,612
29312.618775,2660577441,2660578048,8885,607
29312.666875,2660592735,2660593345,12101,610
29312.677386,2660596324,2660596936,11795,612
29312.775080,2660626931,2660627533,12086,602
29312.787099,2660631047,2660631647,12081,600
29312.799121,2660635061,2660635662,11835,601
29312.811150,2660639168,2660639782,12114,614
29312.823166,2660643196,2660643804,12101,608
29312.835183,2660647086,2660647693,8873,607
29312.847218,2660651030,2660651634,9229,604
29312.859234,2660655025,2660655626,12064,601
29312.871259,2660658986,2660659587,11821,601
29312.883287,2660663053,2660663656,12112,603
29312.895304,2660667044,2660667651,12083,607
29312.907325,2660671019,2660671625,11821,606
29312.919354,2660675057,2660675661,12090,604
29312.929871,2660678497,2660678957,7568,460
29312.941901,2660682222,2660682802,9184,580
29312.953920,2660686135,2660686738,9243,603
29312.965934,2660689989,2660690596,8833,607
29312.977966,2660693875,2660694490,9255,615
29313.074142,2660723883,2660724485,8857,602
29313.086173,2660727784,2660728404,9217,620
29313.098194,2660731731,2660732335,9269,604
29313.110208,2660735575,2660736177,8852,602
29313.122243,2660739475,2660740059,9164,584
29313.134261,2660743381,2660743990,9181,609
29313.146281,2660747408,2660748023,11978,615
29313.158309,2660751287,2660751889,9161,602
29313.170330,2660755207,2660755816,9264,609
29313.182345,2660759058,2660759670,8867,612
29313.194377,2660762951,2660763560,9120,609
29313.206394,2660766864,2660767472,9198,608
29313.218416,2660770723,2660771329,8878,606
29313.230448,2660774597,2660775201,9203,604
29313.242465,2660778481,2660779093,9224,612
29313.254481,2660782368,2660782969,8896,601
29313.266517,2660786364,2660786969,12107,605
29313.278534,2660790427,2660791036,12062,609
29313.290551,2660794276,2660794882,8893,606
29313.302589,2660798201,2660798785,9234,584
29313.314600,2660802068,2660802671,9260,603
29313.326621,2660805910,2660806522,8861,612
29313.338656,2660809828,2660810431,9240,603
29313.350669,2660813880,2660814486,12090,606
29313.362693,2660817910,2660818518,11984,608
29313.374726,2660821817,2660822419,9258,602
29313.386739,2660825711,2660826312,9268,601
29313.398755,2660829581,2660830183,8883,602
29313.410791,2660833494,2660834103,9225,609
29313.422804,2660837403,2660838006,9225,603
29313.434827,2660841232,2660841839,8863,607
29313.446862,2660845114,2660845718,9252,604
29313.458873,2660849002,2660849614,9253,612
29313.470892,2660852847,2660853449,8874,602
29313.482926,2660856878,2660857492,12113,614
29313.493438,2660860465,2660861072,11799,607
29313.622692,2660900622,2660901236,9214,614
29313.687313,2660915497,2660916107,9226,610
29313.699336,2660919735,2660920344,12010,609
29313.709860,2660923269,2660923878,12100,609
29313.721880,2660927264,2660927878,8988,614
29313.733907,2660931257,2660931871,8960,614
29313.745931,2660935257,2660935870,9231,613
29313.757949,2660939251,2660939858,8984,607
29313.769963,2660943181,2660943788,8866,607
29313.782001,2660947099,2660947682,9268,583
29313.794016,2660951006,2660951620,9259,614
29313.806040,2660954904,2660955512,8963,608
29313.818069,2660958783,2660959366,9210,583
29313.830086,2660962684,2660963288,9278,604
29313.842100,2660966559,2660967171,8874,612
29313.854134,2660970459,2660971069,9092,610
29313.866149,2660974522,2660975137,12057,615
29313.878174,2660978534,2660979149,11980,615
29313.890201,2660982443,2660983052,9191,609
29313.902227,2660986396,2660987011,9244,615
29313.914237,2660990280,2660990887,8820,607
29313.926270,2660994194,2660994809,9168,615
29313.938289,2660998143,2660998747,9210,604
29313.950308,2661001993,2661002600,8817,607
29313.962342,2661005900,2661006483,9173,583
29313.974360,2661009804,2661010406,9282,602
29313.986376,2661013816,2661014417,11826,601
29313.998412,2661017714,2661018323,9280,609
29314.010428,2661021632,2661022241,9184,609
29314.022442,2661025479,2661026086,8894,607
29314.034480,2661029338,2661029921,9200,583
29314.046495,2661033217,2661033825,9280,608
29314.058512,2661037092,2661037697,8874,605
29314.070548,2661040997,2661041581,9253,584
29314.082564,2661045039,2661045654,12034,615
29314.094583,2661049072,2661049682,11984,610
29314.106615,2661053012,2661053620,9249,608
29314.118629,2661056914,2661057517,9269,603
29314.130650,2661060757,2661061359,8878,602
29314.142683,2661064621,2661065235,9202,614
29314.154702,2661068577,2661069192,9233,615
29314.166717,2661072501,2661073113,8843,612
29314.178749,2661076568,2661077151,11957,583
29314.190766,2661080432,2661081027,9276,595
29314.202794,2661084298,2661084908,8987,610
29314.214823,2661088210,2661088820,9257,610
29314.226835,2661092106,2661092714,9218,608
29314.238851,2661095988,2661096590,8883,602
29314.250886,2661099897,2661100505,9009,608
29314.262905,2661103831,2661104434,9281,603
29314.274923,2661107671,2661108288,8886,617
29314.286958,2661111594,2661112208,9267,614
29314.298979,2661115640,2661116243,12135,603
29314.310996,2661119697,2661120301,11983,604
29314.323030,2661123832,2661124415,11981,583
29314.335043,2661127860,2661128461,12088,601
29314.347064,2661131963,2661132565,11864,602
29314.359095,2661136127,2661136743,12087,616
29314.371109,2661140296,2661140909,12093,613
29314.383126,2661144254,2661144865,8886,611
29314.395163,2661148342,2661148925,11970,583
29314.407178,2661152372,2661152966,12066,594
29314.419202,2661156331,2661156932,11844,601
29314.431233,2661160378,2661160988,12071,610
29314.443248,2661164390,2661165002,12082,612
29314.455269,2661168395,2661169002,11812,607
29314.467299,2661172328,2661172911,9217,583
29314.479318,2661176196,2661176811,9261,615
29314.491340,2661180174,2661180785,11845,611
29314.501863,2661183628,2661184232,9276,604
29314.513877,2661187519,2661188121,8847,602
29314.525912,2661191394,2661192008,9187,614
29314.537930,2661195330,2661195934,9253,604
29314.549955,2661199229,2661199833,8987,604
29314.561983,2661203125,2661203708,9209,583
29314.574001,2661207029,2661207646,9245,617
29314.586015,2661210918,2661211520,8866,602
29314.598049,2661214811,2661215426,8996,615
29314.610067,2661218738,2661219348,9232,610
29314.622089,2661222728,2661223343,11988,615
29314.694224,2661245394,2661246003,11983,609
29314.706256,2661249293,2661249876,9223,583
29314.718273,2661253212,2661253821,9246,609
29314.730291,2661257063,2661257669,8842,606
29314.742321,2661260953,2661261561,9163,608
29314.754340,2661264853,2661265460,9233,607
29314.766358,2661268698,2661269300,8845,602
29314.778395,2661272564,2661273148,9259,584
29314.790410,2661276474,2661277080,9233,606
29314.802427,2661280356,2661280957,8862,601
29314.814463,2661284268,2661284852,9202,584
29314.826480,2661288172,2661288787,9245,615
29314.838495,2661292062,2661292664,8888,602
29314.850530,2661295974,2661296582,9190,608
29314.862547,2661299903,2661300512,9282,609
29314.874568,2661303935,2661304538,12024,603
29314.910636,2661315461,2661316065,11998,604
29314.922668,2661319395,2661319999,9232,604
29314.934682,2661323310,2661323921,9214,611
29314.946708,2661327179,2661327783,8996,604
29314.958735,2661331060,2661331643,9207,583
29314.970749,2661334935,2661335542,9230,607
29314.982770,2661338784,2661339391,8883,607
29315.115025,2661375949,2661376554,9203,605
29315.127046,2661380095,2661380704,11970,609
29315.139078,2661384278,2661384862,11981,584
29315.151093,2661388351,2661388958,12063,607
29315.163117,2661392415,2661393022,11844,607
29315.175146,2661396571,2661397190,12070,619
29315.187163,2661400651,2661401253,12088,602
29315.199179,2661404552,2661405158,8891,606
29315.211219,2661408505,2661409089,9216,584
29315.223231,2661412499,2661413099,12082,600
29315.235253,2661416480,2661417087,11816,607
29315.247283,2661420544,2661421153,12131,609
29315.259298,2661424559,2661425161,12066,602
29315.271323,2661428539,2661429141,11815,602
29315.281847,2661431987,2661432445,7390,458
29315.293870,2661435763,2661436222,7599,459
29315.305895,2661439513,2661440096,9198,583
29315.317912,2661443386,2661443993,9192,607
29315.329931,2661447274,2661447876,8894,602
29315.341965,2661451132,2661451736,9000,604
29315.353983,2661455055,2661455658,9270,603
29315.365998,2661458909,2661459511,8834,602
29315.378036,2661462781,2661463365,9215,584
29315.390056,2661466680,2661467282,9318,602
29315.402068,2661470557,2661471169,8867,612
29315.424331,2661478131,2661478742,11967,611
29315.490745,2661499016,2661499617,12029,601
29315.502761,2661502918,2661503531,9222,613
29315.514783,2661506947,2661507554,11836,607
29315.526816,2661511031,2661511635,12123,604
29315.538834,2661514939,2661515546,9281,607
29315.550848,2661518828,2661519435,8862,607
29315.562886,2661522772,2661523356,9250,584
29315.574897,2661526652,2661527265,9237,613
29315.586918,2661530514,2661531126,8894,612
29315.598949,2661534434,2661535049,9203,615
29315.610967,2661538357,2661538964,9220,607
29315.622984,2661542207,2661542800,8885,593
29315.671088,2661557488,2661558092,12105,604
29315.683104,2661561523,2661562136,9240,613
29315.695121,2661565518,2661566125,8897,607
29315.707154,2661569618,2661570232,12083,614
29315.719173,2661573662,2661574265,12057,603
29315.731195,2661577800,2661578407,11836,607
29315.743224,2661581873,2661582476,12066,603
29315.755241,2661585886,2661586483,12045,597
29315.767266,2661589865,2661590477,11820,612
29315.779297,2661593950,2661594533,11967,583
29315.791313,2661597961,2661598569,12038,608
29315.803335,2661601953,2661602560,11844,607
29315.813858,2661605443,2661605898,7402,455
29315.825880,2661609157,2661609614,7518,457
29315.837910,2661612915,2661613523,9066,608
29315.849927,2661616854,2661617468,9285,614
29315.861941,2661620704,2661621311,8878,607
29315.873980,2661624631,2661625215,9221,584
29315.886000,2661628539,2661629148,9335,609
29315.898011,2661632465,2661633077,11809,612
29315.910043,2661636419,2661637003,11957,584
29315.922062,2661640453,2661641056,9270,603
29315.934086,2661644401,2661645016,8963,615
29315.946118,2661648363,2661648947,9257,584
29315.958132,2661652295,2661652904,9231,609
29315.970147,2661656147,2661656759,8857,612
29315.986691,2661661620,2661662224,12033,604
29315.998706,2661665523,2661666131,9224,608
29316.010723,2661669389,2661669991,8843,602
29316.021247,2661672978,2661673592,12012,614
29316.042284,2661679688,2661680300,8835,612
29316.054318,2661683628,2661684231,9277,603
29316.073851,2661689900,2661690357,7578,457
29316.085878,2661693660,2661694264,9079,604
29316.106910,2661700542,2661701160,12032,618
29316.118930,2661704421,2661705023,8881,602
29316.130960,2661708376,2661708996,9231,620
29316.142978,2661712446,2661713054,12050,608
29316.154998,2661716298,2661716905,8845,607
29316.167034,2661720401,2661721021,12070,620
29316.179047,2661724428,2661725041,9229,613
29316.191074,2661728546,2661729158,11845,612
29316.203102,2661732736,2661733345,12099,609
29316.215116,2661736801,2661737408,9225,607
29316.227139,2661740765,2661741380,8936,615
29316.239170,2661744903,2661745515,12084,612
29316.251184,2661748857,2661749459,9233,602
29316.263211,2661752825,2661753431,11843,606
29316.275239,2661756761,2661757371,9201,610
29316.287255,2661760816,2661761424,12039,608
29316.299272,2661764666,2661765273,8853,607
29316.311309,2661768589,2661769172,9193,583
29316.323323,2661772579,2661773185,12088,606
29316.335346,2661776607,2661777217,11985,610
29316.345869,2661780216,2661780819,9285,603
29316.357886,2661784097,2661784708,8860,611
29316.369921,2661788009,2661788593,9205,584
29316.381944,2661791927,2661792542,9309,615
29316.393952,2661795826,2661796427,8870,601
29316.405989,2661799720,2661800302,9176,582
29316.418005,2661803641,2661804250,9284,609
29316.430023,2661807535,2661808142,11851,607
29316.442052,2661811521,2661812129,12108,608
29316.454071,2661815435,2661816048,9159,613
29316.466093,2661819293,2661819894,8827,601
29316.478129,2661823176,2661823760,9169,584
29316.490144,2661827084,2661827693,9256,609
29316.502159,2661830930,2661831532,8865,602
29316.514190,2661834976,2661835585,12079,609
29316.526212,2661839035,2661839649,12056,614
29316.538226,2661842921,2661843522,8833,601
29316.550260,2661846934,2661847549,9186,615
29316.562281,2661850886,2661851490,9234,604
29316.574296,2661854732,2661855339,8841,607
29316.586334,2661858643,2661859226,9222,583
29316.598348,2661862576,2661863185,9185,609
29316.610366,2661866422,2661867028,8883,606
29316.622401,2661870323,2661870904,9184,581
29316.634418,2661874247,2661874856,9250,609
29316.646433,2661878135,2661878742,8864,607
29316.658465,2661882164,2661882779,12090,615
29316.670483,2661886068,2661886664,9218,596
29316.682510,2661889954,2661890563,8975,609
29316.694538,2661893850,2661894434,9201,584
29316.706555,2661897760,2661898374,9266,614
29316.718570,2661901621,2661902223,8853,602
29316.730602,2661905655,2661906264,12104,609
29316.742622,2661909732,2661910346,12056,614
29316.754640,2661913606,2661914212,8886,606
29316.766675,2661917537,2661918152,9206,615
29316.778693,2661921433,2661922041,9275,608
29316.790707,2661925308,2661925920,8901,612
29316.802742,2661929227,2661929811,9242,584
29316.814756,2661933114,2661933721,9203,607
29316.826778,2661936969,2661937576,8863,607
29316.838809,2661940876,2661941488,9210,612
29316.850825,2661944805,2661945413,9250,608
29316.862850,2661948810,2661949411,11846,601
29316.874880,2661952714,2661953328,9175,614
29316.886894,2661956633,2661957235,9248,602
29316.898911,2661960479,2661961081,8864,602
29316.910947,2661964400,2661965008,9231,608
29316.922962,2661968452,2661969064,12065,612
29316.934979,2661972337,2661972949,8833,612
29316.947012,2661976377,2661976987,12083,610
29316.959030,2661980474,2661981081,12055,607
29316.971053,2661984558,2661985162,12001,604
29316.986083,2661989533,2661990135,9170,602
29316.998103,2661993403,2661994009,8846,606
29317.010141,2661997281,2661997864,9231,583
29317.022156,2662001210,2662001818,9264,608
29317.034169,2662005114,2662005721,8864,607
29317.046203,2662009162,2662009777,12095,615
29317.058224,2662013246,2662013849,12060,603
29317.070239,2662017097,2662017704,8824,607
29317.082274,2662021029,2662021643,9221,614
29317.094291,2662024957,2662025566,9256,609
29317.106309,2662028810,2662029422,8867,612
29317.118341,2662032719,2662033334,9242,615
29317.130362,2662036819,2662037434,12067,615
29317.142380,2662040839,2662041448,12008,609
29317.154407,2662044755,2662045358,9202,603
29317.166428,2662048837,2662049441,9276,604
29317.178453,2662052706,2662053316,8917,610
29317.190478,2662056611,2662057215,9248,604
29317.202498,2662060539,2662061148,9291,609
29317.214513,2662064408,2662065010,8856,602
29317.225040,2662067947,2662068560,12069,613
29317.255090,2662077633,2662078242,11822,609
29317.267124,2662081778,2662082393,12070,615
29317.279143,2662085979,2662086594,12036,615
29317.291163,2662090044,2662090651,11858,607
29317.303190,2662094122,2662094706,11965,584
29317.315206,2662097994,2662098594,9251,600
29317.327232,2662101874,2662102478,8928,604
29317.339263,2662105952,2662106560,12106,608
29317.351276,2662109962,2662110565,12062,603
29317.363299,2662114050,2662114657,11813,607
29317.375329,2662118127,2662118742,12064,615
29317.385842,2662121546,2662122153,8876,607
29317.397879,2662125425,2662126008,9271,583
29317.409894,2662129342,2662129956,9256,614
29317.421908,2662133232,2662133837,8875,605
29317.433944,2662137124,2662137708,9191,584
29317.445958,2662141057,2662141660,12023,603
29317.457982,2662144987,2662145591,11980,604
29317.470014,2662148904,2662149488,9212,584
29317.482031,2662152820,2662153434,9312,614
29317.494044,2662156703,2662157315,8827,612
29317.506083,2662160591,2662161175,9222,584
29317.518095,2662164505,2662165107,9192,602
29317.530115,2662168525,2662169132,11807,607
29317.542146,2662172527,2662173111,11961,584
29317.554166,2662176451,2662177054,9281,603
29317.566190,2662180407,2662181016,8966,609
29317.578221,2662184346,2662184929,9172,583
29317.590235,2662188258,2662188873,9271,615
29317.602251,2662192132,2662192744,8852,612
29317.614285,2662196007,2662196616,9202,609
29317.626303,2662199948,2662200562,9200,614
29317.638321,2662203801,2662204407,8875,606
29317.650353,2662207708,2662208323,9234,615
29317.662369,2662211773,2662212381,12028,608
29317.674391,2662215797,2662216407,11983,610
29317.686423,2662219701,2662220283,9193,582
29317.698440,2662223612,2662224216,9266,604
29317.710458,2662227453,2662228060,8898,607
29317.722492,2662231315,2662231924,9030,609
29317.734507,2662235266,2662235879,9254,613
29317.746529,2662239306,2662239912,11841,606
29317.758556,2662243320,2662243923,12068,603
29317.770581,2662247259,2662247861,9304,602
29317.782594,2662251127,2662251734,8888,607
29317.794632,2662255066,2662255650,9230,584
29317.806645,2662258981,2662259596,9249,615
29317.818664,2662262835,2662263443,8856,608
29317.830695,2662266744,2662267354,9196,610
29317.842715,2662270678,2662271281,9263,603
29317.854731,2662274518,2662275118,8847,600
29317.866766,2662278468,2662279083,9252,615
29317.878780,2662282544,2662283152,12045,608
29317.890800,2662286555,2662287167,11802,612
29317.902834,2662290471,2662291085,9227,614
29317.914847,2662294362,2662294969,9212,607
29317.926867,2662298241,2662298843,8850,602
29317.938899,2662302126,2662302734,9239,608
29317.950917,2662306042,2662306650,9251,608
29317.962942,2662310087,2662310688,11877,601
29317.974972,2662314187,2662314802,12079,615
29317.986986,2662318244,2662318846,12066,602
29317.999011,2662322232,2662322844,11819,612
29318.011040,2662326297,2662326881,11965,584
29318.023058,2662330448,2662331063,12035,615
29318.035079,2662334566,2662335173,11850,607
29318.047109,2662338618,2662339202,9226,584
29318.059125,2662342621,2662343236,9274,615
29318.071147,2662346767,2662347374,12024,607
29318.083174,2662350830,2662351440,12082,610
29318.095193,2662354928,2662355536,12080,608
29318.107215,2662358945,2662359558,11839,613
29318.119244,2662363010,2662363619,12038,609
29318.131258,2662366923,2662367535,9250,612
29318.143279,2662370793,2662371400,8858,607
29318.155317,2662374849,2662375433,11967,584
29318.167337,2662378821,2662379434,12142,613
29318.179354,2662382944,2662383546,11826,602
29318.189877,2662386403,2662387007,9277,604
29318.201891,2662390294,2662390901,8855,607
29318.213927,2662394195,2662394778,9177,583
29318.225944,2662398105,2662398720,9252,615
29318.237961,2662402006,2662402617,8863,611
29318.249997,2662405907,2662406491,9225,584
29318.262010,2662409849,2662410457,12018,608
29318.274034,2662413814,2662414419,11983,605
29318.286066,2662417691,2662418275,9190,584
29318.298083,2662421603,2662422217,9274,614
29318.310097,2662425493,2662426100,8795,607
29318.322136,2662429407,2662429992,9243,585
29318.334149,2662433309,2662433913,9274,604
29318.346167,2662437327,2662437934,11835,607
29318.358196,2662441381,2662441996,12076,615
29318.370216,2662445327,2662445930,9189,603
29318.389757,2662451632,2662452235,9201,603
29318.406285,2662456962,2662457571,9255,609
29318.418310,2662460854,2662461457,8957,603
29318.430334,2662464705,2662465315,9204,610
29318.442354,2662468655,2662469264,9281,609
29318.454373,2662472507,2662473118,8891,611
29318.466407,2662476427,2662477047,9096,620
29318.478422,2662480518,2662481122,12018,604
29318.490443,2662484553,2662485162,11982,609
29318.502475,2662488437,2662489021,9193,584
29318.514497,2662492352,2662492955,9298,603
29318.526509,2662496221,2662496828,8882,607
29318.538547,2662500089,2662500673,9201,584
29318.550562,2662504011,2662504626,9276,615
29318.562581,2662508064,2662508670,11842,606
29318.574610,2662512138,2662512721,11961,583
29318.586626,2662516067,2662516670,9263,603
29318.598645,2662519916,2662520523,8837,607
29318.610680,2662523845,2662524448,9268,603
29318.622697,2662527784,2662528399,9278,615
29318.711364,2662555579,2662556191,11840,612
29318.721886,2662559031,2662559645,9245,614
29318.733903,2662562915,2662563517,8912,602
29318.745938,2662566863,2662567446,9232,583
29318.757953,2662570823,2662571433,12018,610
29318.769974,2662574775,2662575374,8872,599
29318.782008,2662578707,2662579290,9194,583
29318.794026,2662582780,2662583395,9275,615
29318.806039,2662586713,2662587325,8839,612
29318.818078,2662590689,2662591273,9190,584
29318.830092,2662594620,2662595235,9271,615
29318.842111,2662598484,2662599086,8854,602
29318.854148,2662602342,2662602924,9219,582
29318.866162,2662606242,2662606852,9275,610
29318.878180,2662610276,2662610888,11829,612
29318.890211,2662614308,2662614892,11962,584
29318.902231,2662618219,2662618826,9219,607
29318.914253,2662622094,2662622704,8999,610
29318.926278,2662626017,2662626621,9207,604
29318.938296,2662629953,2662630569,9252,616
29318.950316,2662633839,2662634446,8822,607
29318.962347,2662637866,2662638469,12059,603
29318.974363,2662641936,2662642545,12043,609
29318.986386,2662645986,2662646588,11986,602
29318.998418,2662649926,2662650541,9249,615
29319.010440,2662653870,2662654474,9255,604
29319.022451,2662657746,2662658358,8878,612
29319.034487,2662661662,2662662245,9211,583
29319.046504,2662665556,2662666166,9232,610
29319.058522,2662669413,2662670020,8864,607
29319.070553,2662673309,2662673917,9232,608
29319.082573,2662677254,2662677862,9225,608
29319.094593,2662681277,2662681889,11857,612
29319.106619,2662685311,2662685926,12066,615
29319.118642,2662689281,2662689885,9263,604
29319.130657,2662693128,2662693735,8896,607
29319.142691,2662697025,2662697640,9234,615
29319.154706,2662700923,2662701532,9178,609
29319.166727,2662704814,2662705421,8834,607
29319.178761,2662708898,2662709502,12088,604
29319.190776,2662712957,2662713565,12059,608
29319.202795,2662716860,2662717461,8899,601
29319.214830,2662720802,2662721407,9249,605
29319.226843,2662724701,2662725308,9232,607
29319.238862,2662728574,2662729182,8800,608
29319.250901,2662732506,2662733089,9275,583
29319.262915,2662736424,2662737028,9285,604
29319.274928,2662740315,2662740922,8872,607
29319.286967,2662744228,2662744810,9199,582
29319.298979,2662748100,2662748707,9262,607
29319.311003,2662752175,2662752780,11986,605
29319.323034,2662756306,2662756921,12085,615
29319.335049,2662760466,2662761074,12050,608
29319.347074,2662764562,2662765164,11819,602
29319.359102,2662768695,2662769310,12063,615
29319.371119,2662772838,2662773452,12126,614
29319.383141,2662776870,2662777477,11842,607
29319.395172,2662780993,2662781596,12086,603
29319.407191,2662785191,2662785804,12096,613
29319.419205,2662789167,2662789772,8869,605
29319.431241,2662793246,2662793856,12078,610
29319.443257,2662797279,2662797882,12120,603
29319.455278,2662801255,2662801872,11816,617
29319.467308,2662805335,2662805955,12084,620
29319.479322,2662809280,2662809893,9252,613
29319.491342,2662813318,2662813927,11975,609
29319.501870,2662816778,2662817382,9283,604
29319.513888,2662820660,2662821268,8905,608
29319.525923,2662824576,2662825160,9211,584
29319.537941,2662828493,2662829099,9262,606
29319.549954,2662832383,2662832985,8758,602
29319.561992,2662836311,2662836894,9225,583
29319.574007,2662840247,2662840857,12065,610
29319.586025,2662844142,2662844742,8834,600
29319.598060,2662848047,2662848630,9197,583
29319.610077,2662852127,2662852730,9237,603
29319.622095,2662856136,2662856746,11970,610
29319.692740,2662878386,2662878990,12075,604
29319.806953,2662907145,2662907758,9024,613
29319.818973,2662910360,2662910962,9214,602
29319.830987,2662914232,2662914844,8850,612
29319.843023,2662918305,2662918909,12067,604
29319.855040,2662922443,2662923051,12001,608
29319.867063,2662926581,2662927183,11857,602
29319.879089,2662930580,2662931195,9197,615
29319.891109,2662934620,2662935233,9149,613
29319.903135,2662938675,2662939276,11880,601
29319.915164,2662942814,2662943398,11966,584
29319.927177,2662946851,2662947459,12125,608
29319.939197,2662950879,2662951489,12003,610
29319.951226,2662954905,2662955509,12115,604
29319.963244,2662958949,2662959552,12048,603
29319.975269,2662962924,2662963531,11817,607
29319.987295,2662966818,2662967433,9179,615
29319.999314,2662970833,2662971440,12089,607
29320.011337,2662974842,2662975449,11810,607
29320.021861,2662978298,2662978907,9283,609
29320.033874,2662982175,2662982777,8859,602
29320.045912,2662986046,2662986629,9224,583
29320.057927,2662989949,2662990559,9265,610
29320.069946,2662993804,2662994421,8911,617
29320.081981,2662997721,2662998305,9205,584
29320.093995,2663001608,2663002216,12047,608
29320.106018,2663005544,2663006148,11992,604
29320.118049,2663009433,2663010017,9247,584
29320.130066,2663013361,2663013970,9272,609
29320.142081,2663017218,2663017820,8829,602
29320.154117,2663021114,2663021729,9224,615
29320.166132,2663025015,2663025628,9242,613
29320.178150,2663028942,2663029549,8913,607
29320.190185,2663032856,2663033439,9225,583
29320.202200,2663036759,2663037361,9089,602
29320.214219,2663040635,2663041237,8866,602
29320.226258,2663044570,2663045154,9227,584
29320.238269,2663048472,2663049090,9230,618
29320.358492,2663085357,2663085958,8942,601
29320.370523,2663089180,2663089790,9204,610
29320.382545,2663093120,2663093730,9241,610
29320.394562,2663097026,2663097633,8904,607
29320.406598,2663101102,2663101686,12010,584
29320.418614,2663105005,2663105608,9261,603
29320.430629,2663108983,2663109595,8895,612
29320.442665,2663112919,2663113502,9235,583
29320.454681,2663116810,2663117419,9278,609
29320.466700,2663120678,2663121280,8870,602
29320.478733,2663124536,2663125144,9206,608
29320.490752,2663128461,2663129070,9258,609
29320.502775,2663132338,2663132945,8989,607
29320.514806,2663136270,2663136854,9287,584
29320.526818,2663140289,2663140890,12080,601
29320.538840,2663144304,2663144908,11983,604
29320.550869,2663148187,2663148795,9244,608
29320.562884,2663152111,2663152714,9268,603
29320.574902,2663155972,2663156578,8858,606
29320.586937,2663159908,2663160529,9243,621
29320.598952,2663163831,2663164444,9010,613
29320.610970,2663167741,2663168358,8889,617
29320.623006,2663171823,2663172432,12097,609
29320.638023,2663176807,2663177414,11830,607
29320.825888,2663225830,2663226288,4065,458
29320.837908,2663229291,2663229898,11809,607
29320.866453,2663235806,2663236407,9138,601
29320.943100,2663249789,2663250395,9152,606
29320.955133,2663252959,2663253566,11830,607
29320.967161,2663256994,2663257598,9256,604
29320.979178,2663261086,2663261694,12070,608
29320.998721,2663267342,2663267945,9214,603
29321.010739,2663271267,2663271876,9291,609
29321.022764,2663275144,2663275742,8935,598
29321.034789,2663279079,2663279680,9277,601
29321.046802,2663282987,2663283600,9217,613
29321.058825,2663286856,2663287463,8903,607
29321.070859,2663290711,2663291321,9162,610
29321.082873,2663294630,2663295238,9271,608
29321.094892,2663298481,2663299083,8894,602
29321.106929,2663302400,2663302984,9196,584
29321.118940,2663306260,2663306872,9236,612
29321.130962,2663310127,2663310734,8877,607
29321.142995,2663314195,2663314798,12081,603
29321.155012,2663318251,2663318853,12090,602
29321.167034,2663322290,2663322897,11822,607
29321.179062,2663326428,2663327038,12079,610
29321.191081,2663330609,2663331217,12047,608
29321.203102,2663334672,2663335290,11846,618
29321.215131,2663338888,2663339492,12077,604
29321.227146,2663342886,2663343494,9201,608
29321.239167,2663347065,2663347668,11979,603
29321.251205,2663351184,2663351765,11976,581
29321.263218,2663355195,2663355798,12082,603
29321.275241,2663359173,2663359780,11854,607
29321.287268,2663363165,2663363780,12087,615
29321.299286,2663367219,2663367831,12063,612
29321.311302,2663371092,2663371704,8848,612
29321.323338,2663375027,2663375631,9239,604
29321.333850,2663378444,2663379051,8870,607
29321.345883,2663382359,2663382943,9251,584
29321.357902,2663386258,2663386867,9255,609
29321.369916,2663390134,2663390735,8880,601
29321.381955,2663393997,2663394581,9205,584
29321.393967,2663397901,2663398504,9275,603
29321.405993,2663401798,2663402408,8976,610
29321.418022,2663405671,2663406251,9176,580
29321.430039,2663409594,2663410203,9227,609
29321.442055,2663413593,2663414208,11955,615
29321.454083,2663417522,2663418126,9191,604
29321.478124,2663425293,2663425900,11828,607
29321.490159,2663429192,2663429776,9229,584
29321.502176,2663433111,2663433718,9251,607
29321.514191,2663436972,2663437574,8828,602
29321.526224,2663441027,2663441611,11988,584
29321.538245,2663445092,2663445706,12111,614
29321.550258,2663448996,2663449603,8868,607
29321.562294,2663452888,2663453471,9201,583
29321.574311,2663456788,2663457392,9229,604
29321.586329,2663460634,2663461246,8841,612
29321.598367,2663464510,2663465094,9239,584
29321.610381,2663468412,2663469016,9265,604
29321.622399,2663472445,2663473050,11977,605
29321.641935,2663478707,2663479315,12028,608
29321.653956,2663482607,2663483219,8876,612
29321.846324,2663528846,2663529454,8570,608
29321.858351,2663531847,2663532454,8269,607
29321.870377,2663534825,2663535439,9278,614
29321.882396,2663538030,2663538644,9237,614
29321.894415,2663541870,2663542482,8854,612
29321.906447,2663545768,2663546371,9215,603
29321.918467,2663549704,2663550318,9279,614
29321.930481,2663553578,2663554179,8840,601
29321.942516,2663557644,2663558259,12085,615
29321.954533,2663561722,2663562326,12069,604
29321.966552,2663565566,2663566168,8898,602
29321.978584,2663569467,2663570082,9179,615
29321.990604,2663573398,2663574001,9257,603
29322.002619,2663577238,2663577850,8860,612
29322.014651,2663581153,2663581768,9199,615
29322.026671,2663585110,2663585719,9292,609
29322.038696,2663588996,2663589605,9006,609
29322.050720,2663592861,2663593473,9216,612
29322.062741,2663596814,2663597423,9227,609
29322.074756,2663600664,2663601266,8919,602
29322.086790,2663604539,2663605148,9041,609
29322.098804,2663608444,2663609057,9234,613
29322.110826,2663612296,2663612908,8891,612
29322.122862,2663616219,2663616829,9249,610
29322.134878,2663620117,2663620734,9284,617
29322.146892,2663624022,2663624624,8862,602
29322.158927,2663628066,2663628669,12075,603
29322.170942,2663632102,2663632709,12057,607
29322.182962,2663635951,2663636558,8877,607
29322.194993,2663639864,2663640473,9203,609
29322.207011,2663643765,2663644373,9236,608
29322.219034,2663647781,2663648391,12008,610
29322.231068,2663651939,2663652523,11970,584
29322.243079,2663655940,2663656548,9216,608
29322.255102,2663659926,2663660529,8946,603
29322.267133,2663664077,2663664673,12074,596
29322.279150,2663668167,2663668780,12090,613
29322.291173,2663672183,2663672800,11814,617
29322.303200,2663676267,2663676881,12091,614
29322.315217,2663680315,2663680922,12104,607
29322.327234,2663684163,2663684770,8896,607
29322.339272,2663688058,2663688641,9200,583
29322.351285,2663692168,2663692775,12057,607
29322.363310,2663696153,2663696765,11845,612
29322.375340,2663700211,2663700826,12076,615
29322.385856,2663703670,2663704278,8985,608
29322.397886,2663707578,2663708162,9203,584
29322.409902,2663711482,2663712090,9234,608
29322.421917,2663715348,2663715960,8836,612
29322.433951,2663719253,2663719864,9067,611
29322.445966,2663723168,2663723776,9203,608
29322.457987,2663727034,2663727635,11869,601
29322.468509,2663730473,2663731076,12048,603
29322.503071,2663741407,2663742019,8889,612
29322.515104,2663745598,2663746202,12075,604
29322.527120,2663749585,2663750192,9233,607
29322.539137,2663753598,2663754210,8832,612
29322.551171,2663757666,2663758248,11945,582
29322.563188,2663761685,2663762293,12058,608
29322.575212,2663765704,2663766311,11833,607
29322.587241,2663769748,2663770332,11942,584
29322.599258,2663773763,2663774364,12083,601
29322.611280,2663777735,2663778347,11841,612
29322.623309,2663781658,2663782272,9176,614
29322.662376,2663794140,2663794743,12042,603
29322.674399,2663798156,2663798763,11852,607
29322.686433,2663802080,2663802690,9226,610
29322.698450,2663806012,2663806621,9272,609
29322.710465,2663809867,2663810473,8863,606
29322.722498,2663813744,2663814354,9193,610
29322.734518,2663817681,2663818289,9233,608
29322.746535,2663821540,2663822146,8903,606
29322.758570,2663825568,2663826152,12001,584
29322.770588,2663829646,2663830249,12071,603
29322.782609,2663833508,2663834112,8913,604
29322.794632,2663837449,2663838064,9261,615
29322.805150,2663841814,2663842646,13655,832
29322.815670,2663849389,2663850533,16323,1144
29322.826193,2663855865,2663856706,9910,841
29322.838215,2663860560,2663861170,9273,610
29322.850232,2663864499,2663865114,8879,615
29322.862267,2663868459,2663869048,9223,589
29322.874282,2663872751,2663873366,12013,615
29322.902839,2663881848,2663882452,9196,604
29322.914857,2663885737,2663886344,9257,607
29322.926875,2663889585,2663890191,8851,606
29322.938910,2663893516,2663894131,9203,615
29322.950924,2663897431,2663898042,9287,611
29322.962944,2663901336,2663901936,8899,600
29322.974980,2663905383,2663905967,11944,584
29322.986995,2663909420,2663910028,12054,608
29322.999019,2663913479,2663914080,11878,601
29323.011047,2663917556,2663918166,12068,610
29323.023065,2663921667,2663922270,12091,603
29323.035086,2663925799,2663926411,11856,612
29323.047115,2663929976,2663930581,12075,605
29323.059129,2663933985,2663934587,9222,602
29323.071153,2663937913,2663938517,8920,604
29323.083185,2663942068,2663942685,12090,617
29323.095200,2663946149,2663946750,12051,601
29323.107225,2663950134,2663950746,11843,612
29323.119253,2663954182,2663954787,12070,605
29323.131272,2663958257,2663958872,12043,615
29323.143286,2663962111,2663962713,8843,602
29323.155323,2663966024,2663966608,9260,584
29323.167337,2663970026,2663970643,12055,617
29323.177867,2663973454,2663974074,9095,620
29323.189885,2663977394,2663978002,9273,608
29323.201901,2663981276,2663981883,8857,607
29323.213935,2663985165,2663985748,9182,583
29323.225958,2663989077,2663989692,9293,615
29323.237969,2663992965,2663993577,8862,612
29323.250008,2663996857,2663997438,9209,581
29323.262023,2664000775,2664001373,9284,598
29323.274040,2664004685,2664005292,11827,607
29323.284561,2664008208,2664008815,12034,607
29323.310110,2664016430,2664017037,11853,607
29323.322142,2664020329,2664020912,9204,583
29323.334158,2664024229,2664024832,9294,603
29323.346176,2664028077,2664028683,8842,606
29323.358206,2664032115,2664032697,11974,582
29323.370227,2664036156,2664036764,12063,608
29323.382244,2664040041,2664040642,8864,601
29323.394279,2664043928,2664044512,9199,584
29323.406294,2664047798,2664048411,9221,613
29323.418311,2664051666,2664052273,8873,607
29323.430350,2664055566,2664056150,9230,584
29323.442364,2664059465,2664060073,9251,608
29323.454382,2664063337,2664063944,8837,607
29323.466415,2664067203,2664067820,9157,617
29323.478434,2664071145,2664071759,9289,614
29323.490455,2664075181,2664075788,11846,607
29323.502481,2664079252,2664079867,12078,615
29323.514502,2664083203,2664083812,9268,609
29323.526524,2664087081,2664087689,8935,608
29323.538548,2664090998,2664091613,9238,615
29323.550566,2664094899,2664095512,9257,613
29323.562587,2664098758,2664099369,8879,611
29323.574619,2664102766,2664103381,12044,615
29323.586636,2664106820,2664107428,12057,608
29323.598654,2664110677,2664111278,8871,601
29323.610690,2664114575,2664115157,9206,582
29323.622711,2664118471,2664119074,9314,603
29323.682824,2664137488,2664138095,12128,607
29323.694843,2664141432,2664142036,9280,604
29323.706867,2664145460,2664146062,11858,602
29323.718895,2664149538,2664150146,12097,608
29323.730909,2664153438,2664154046,9226,608
29323.742927,2664157293,2664157895,8822,602
29323.754964,2664161188,2664161771,9226,583
29323.766976,2664165069,2664165675,9227,606
29323.778996,2664168958,2664169569,8872,611
29323.791033,2664173006,2664173604,12155,598
29323.803047,2664177143,2664177758,11995,615
29323.815078,2664181374,2664181989,12037,615
29323.827099,2664185615,2664186223,12075,608
29323.839119,2664189823,2664190436,12014,613
29323.851147,2664194022,2664194637,12040,615
29323.863168,2664198181,2664198796,12105,615
29323.875186,2664202137,2664202747,9238,610
29323.887206,2664206055,2664206665,8969,610
29323.899238,2664210162,2664210768,12036,606
29323.911253,2664214220,2664214833,12128,613
29323.923276,2664218307,2664218917,11990,610
29323.935307,2664222330,2664222945,12104,615
29323.947321,2664226361,2664226964,12054,603
29323.959338,2664230196,2664230803,8879,607
29323.969872,2664233652,2664234256,12132,604
29324.039004,2664255315,2664255925,9256,610
29324.051018,2664259223,2664259830,9248,607
29324.063044,2664263239,2664263851,11841,612
29324.075072,2664267277,2664267897,9230,620
29324.087086,2664271309,2664271911,9250,602
29324.099104,2664275325,2664275935,8846,610
29324.111139,2664279521,2664280104,11944,583
29324.123157,2664283604,2664284207,12039,603
29324.135178,2664287610,2664288212,11860,602
29324.147206,2664291738,2664292342,12121,604
29324.159222,2664295630,2664296238,9206,608
29324.171248,2664299506,2664300116,8983,610
29324.183279,2664303570,2664304152,11987,582
29324.195292,2664307586,2664308199,12052,613
29324.207315,2664311592,2664312204,11834,612
29324.219345,2664315606,2664316220,12088,614
29324.229854,2664319042,2664319644,8861,602
29324.241893,2664322930,2664323514,9256,584
29324.253908,2664326828,2664327436,9288,608
29324.265924,2664330703,2664331308,8827,605
29324.277961,2664334587,2664335171,9201,584
29324.289974,2664338514,2664339122,12057,608
29324.300501,2664342205,2664342816,12115,611
29324.414707,2664377764,2664378365,8846,601
29324.426741,2664381903,2664382512,12022,609
29324.436332,2664385528,2664386137,11966,609
29324.486850,2664401350,2664401965,9007,615
29324.498877,2664405314,2664405926,8961,612
29324.510901,2664409276,2664409881,9220,605
29324.522920,2664413380,2664413988,12009,608
29324.534947,2664417488,2664418093,12035,605
29324.546968,2664421407,2664422017,9238,610
29324.558987,2664425349,2664425958,8952,609
29324.571014,2664429309,2664429918,8903,609
29324.583040,2664433480,2664434095,12085,615
29324.595056,2664437699,2664438303,12012,604
29324.607084,2664441861,2664442475,12037,614
29324.619106,2664446049,2664446653,12073,604
29324.631124,2664450240,2664450843,12007,603
29324.643152,2664454414,2664455029,12037,615
29324.655174,2664458554,2664459164,12070,610
29324.667194,2664462675,2664463284,12017,609
29324.679221,2664466746,2664467355,12035,609
29324.691243,2664470692,2664471302,9211,610
29324.703261,2664474642,2664475246,8970,604
29324.715287,2664478750,2664479361,12039,611
29324.727313,2664482839,2664483454,12085,615
29324.739329,2664486917,2664487527,12014,610
29324.751357,2664491005,2664491614,12036,609
29324.761874,2664494464,2664495079,9025,615
29324.773907,2664498422,2664498882,7687,460
29324.785931,2664502239,2664502698,7478,459
29324.797942,2664506034,2664506642,8969,608
29324.809969,2664509978,2664510593,8921,615
29324.821993,2664513909,2664514517,9262,608
29324.834011,2664517856,2664518466,8929,610
29324.846038,2664521788,2664522398,8951,610
29324.858062,2664525715,2664526325,9234,610
29324.870079,2664529653,2664530262,8960,609
29324.906147,2664541320,2664541930,12016,610
29324.916673,2664544950,2664545566,12080,616
29324.928332,2664549110,2664549713,11964,603
29324.963261,2664560358,2664560973,12038,615
29324.975283,2664564513,2664565122,12094,609
29324.987301,2664568445,2664569055,8951,610
29324.999329,2664572521,2664573135,12038,614
29325.011354,2664576612,2664577215,12086,603
29325.021873,2664580069,2664580671,8958,602
29325.033896,2664584009,2664584624,9221,615
29325.057943,2664591787,2664592396,8940,609
29325.069964,2664595734,2664596348,9228,614
29325.090999,2664602523,2664603138,8958,615
29325.101526,2664606079,2664606683,12087,604
29325.116554,2664611245,2664611851,12030,606
29325.134587,2664617133,2664617748,12077,615
29325.146612,2664621074,2664621683,9213,609
29325.158629,2664625019,2664625629,8984,610
29325.170656,2664628964,2664629567,8940,603
29325.182680,2664632890,2664633495,9256,605
29325.194698,2664636827,2664637437,8972,610
29325.206723,2664640923,2664641533,12035,610
29325.218748,2664645013,2664645618,12106,605
29325.230767,2664648965,2664649569,8942,604
29325.242793,2664652906,2664653515,8907,609
29325.254816,2664656852,2664657455,9225,603
29325.266833,2664660814,2664661422,8987,608
29325.278860,2664664762,2664665377,8882,615
29325.290884,2664668701,2664669321,9206,620
29325.302902,2664672658,2664673261,8963,603
29325.313428,2664676246,2664676850,12082,604
29325.332964,2664682809,2664683425,12044,616
29325.346488,2664687383,2664687993,12053,610
29325.358513,2664691339,2664691942,9192,603
29325.370531,2664695289,2664695897,8988,608
29325.382557,2664699218,2664699821,8925,603
29325.394582,2664703159,2664703767,9232,608
29325.406598,2664707247,2664707863,12007,616
29325.418626,2664711340,2664711944,12037,604
29325.430648,2664715290,2664715893,9233,603
29325.442668,2664719223,2664719833,8965,610
29325.454694,2664723162,2664723777,8880,615
29325.466718,2664727108,2664727717,9171,609
29325.478736,2664731058,2664731668,8865,610
29325.490763,2664735035,2664735650,8892,615
29325.502787,2664738986,2664739591,9205,605
29325.514803,2664742937,2664743550,8948,613
29325.526833,2664746897,2664747505,8904,608
29325.538858,2664751011,2664751621,12104,610
29325.550871,2664755103,2664755708,11968,605
29325.562900,2664759053,2664759668,8929,615
29325.574924,2664763018,2664763623,9214,605
29325.601977,2664771715,2664772318,12089,603
29325.613994,2664775666,2664776273,8983,607
29325.626021,2664779768,2664780372,12038,604
29325.716192,2664808589,2664809204,12032,615
29325.732725,2664814137,2664814747,12117,610
29325.746252,2664818701,2664819304,12086,603
29325.758270,2664822668,2664823272,9001,604
29325.770297,2664826600,2664827209,8912,609
29325.782321,2664830547,2664831157,9211,610
29325.794338,2664834519,2664835129,8963,610
29325.806364,2664838602,2664839210,12041,608
29325.818388,2664842698,2664843313,12146,615
29325.858963,2664855681,2664856296,9226,615
29325.870982,2664859619,2664860239,8946,620
29325.920577,2664875487,2664876102,8984,615
29325.932604,2664879569,2664880178,12035,609
29325.970172,2664891720,2664892329,12026,609
29325.982200,2664895830,2664896440,12037,610
29326.003238,2664902615,2664903225,9225,610
29326.015257,2664906700,2664907315,12011,615
29326.027286,2664910787,2664911397,12039,610
29326.039306,2664914743,2664915358,9212,615
29326.051323,2664918848,2664919463,11989,615
29326.063353,2664922948,2664923556,12038,608
29326.073871,2664926434,2664927044,8996,610
29326.085902,2664930398,2664930855,7677,457
29326.097920,2664934181,2664934788,9237,607
29326.109939,2664938117,2664938727,8926,610
29326.121966,2664942072,2664942682,12034,610
29326.133986,2664946067,2664946671,12091,604
29326.146006,2664949988,2664950592,8957,604
29326.158033,2664953934,2664954549,8967,615
29326.170057,2664957898,2664958512,9259,614
29326.182075,2664961879,2664962489,8952,610
29326.194101,2664965837,2664966452,8960,615
29326.206126,2664969801,2664970415,9213,614
29326.218140,2664973860,2664974465,12019,605
29326.230170,2664977801,2664978414,8943,613
29326.242193,2664981885,2664982488,12084,603
29326.254212,2664985813,2664986422,9004,609
29326.266238,2664989766,2664990381,8940,615
29326.278263,2664993735,2664994340,9177,605
29326.290280,2664997674,2664998284,8919,610
29326.302307,2665001614,2665002224,8944,610
29326.314331,2665005535,2665006138,9245,603
29326.326349,2665009488,2665010098,8990,610
29326.338376,2665013596,2665014206,12039,610
29326.350400,2665017697,2665018300,12100,603
29326.362419,2665021649,2665022252,8958,603
29326.374445,2665025592,2665026207,8970,615
29326.386470,2665029562,2665030177,9256,615
29326.398487,2665033528,2665034143,8946,615
29326.410514,2665037484,2665038088,8932,604
29326.422538,2665041447,2665042050,9207,603
29326.434552,2665045535,2665046145,11975,610
29326.446582,2665049488,2665050091,8930,603
29326.458607,2665053420,2665054035,9240,615
29326.470624,2665057375,2665057990,8965,615
29326.482651,2665061328,2665061938,8911,610
29326.494676,2665065264,2665065868,9245,604
29326.506693,2665069207,2665069817,9011,610
29326.518720,2665073134,2665073743,8953,609
29326.530744,2665077054,2665077661,9259,607
29326.542760,2665081029,2665081644,8975,615
29326.554787,2665085112,2665085721,12039,609
29326.566812,2665089205,2665089815,12104,610
29326.578828,2665093137,2665093741,8926,604
29326.590855,2665097070,2665097673,8962,603
29326.602879,2665101022,2665101637,9178,615
29326.614897,2665104986,2665105594,8977,608
29326.626923,2665108929,2665109544,8928,615
29326.714087,2665136824,2665137426,12015,602
29326.726115,2665140756,2665141376,8975,620
29326.738138,2665144845,2665145459,12085,614
29326.750153,2665149071,2665149681,11975,610
29326.762183,2665153032,2665153642,8915,610
29326.774208,2665156983,2665157598,9217,615
29326.786225,2665160936,2665161546,8975,610
29326.798252,2665164883,2665165502,8971,619
29326.810276,2665168846,2665169460,9228,614
29326.822293,2665172797,2665173407,8948,610
29326.834320,2665176750,2665177365,8927,615
29326.846345,2665180706,2665181313,9245,607
29326.858362,2665184635,2665185250,8983,615
29326.870389,2665188586,2665189206,8929,620
29326.918480,2665204070,2665204674,12081,604
29326.930499,2665208013,2665208626,8930,613
29326.942526,2665211962,2665212577,8938,615
29326.954547,2665216051,2665216666,12085,615
29326.966563,2665220146,2665220761,11977,615
29326.978593,2665224097,2665224710,8932,613
29327.050730,2665247293,2665247908,12033,615
29327.062753,2665251246,2665251854,9216,608
29327.074772,2665255199,2665255814,8943,615
29327.086798,2665259149,2665259758,8939,609
29327.098821,2665263086,2665263701,9183,615
29327.110839,2665267034,2665267649,8969,615
29327.122865,2665270999,2665271608,8894,609
29327.134890,2665274968,2665275571,9258,603
29327.146907,2665278909,2665279527,8994,618
29327.158936,2665282883,2665283498,8938,615
29327.170962,2665286992,2665287597,12089,605
29327.182975,2665291075,2665291680,11974,605
29327.195004,2665295017,2665295627,8962,610
29327.207030,2665299099,2665299709,12087,610
29327.219046,2665303262,2665303877,12005,615
29327.231074,2665307463,2665308073,12035,610
29327.243095,2665311667,2665312277,12112,610
29327.255114,2665315673,2665316283,8977,610
29327.267142,2665319798,2665320413,12040,615
29327.279166,2665323951,2665324559,12071,608
29327.291183,2665328055,2665328670,12010,615
29327.303213,2665332150,2665332765,12056,615
29327.315233,2665336234,2665336847,12075,613
29327.327251,2665340319,2665340929,12051,610
29327.339278,2665344259,2665344868,8934,609
29327.351302,2665348173,2665348781,9282,608
29327.363319,2665352268,2665352876,8950,608
29327.375347,2665356346,2665356961,12042,615
29327.385864,2665359824,2665360434,9001,610
29327.397890,2665363772,2665364378,8963,606
29327.409916,2665367727,2665368340,9253,613
29327.421933,2665371679,2665372284,8976,605
29327.433959,2665375622,2665376227,8902,605
29327.445983,2665379585,2665380203,12082,618
29327.458002,2665383543,2665384148,8982,605
29327.470028,2665387461,2665388070,8913,609
29327.482052,2665391387,2665391991,9224,604
29327.494070,2665395356,2665395966,8961,610
29327.506096,2665399288,2665399908,8921,620
29327.518121,2665403242,2665403846,9218,604
29327.530138,2665407177,2665407791,8968,614
29327.542165,2665411137,2665411752,8949,615
29327.554189,2665415215,2665415835,12104,620
29327.566204,2665419460,2665420070,11981,610
29327.578234,2665423424,2665424034,8914,610
29327.590258,2665427370,2665427985,9245,615
29327.602275,2665431321,2665431941,8986,620
29327.614302,2665435285,2665435888,8930,603
29327.626326,2665439374,2665439989,12089,615
29327.638344,2665443335,2665443945,8940,610
29327.650370,2665447291,2665447901,8926,610
29327.662395,2665451246,2665451843,9241,597
29327.674413,2665455187,2665455802,8965,615
29327.686439,2665459130,2665459745,8934,615
29327.698463,2665463078,2665463693,9180,615
29327.710481,2665467043,2665467653,8962,610
29327.722507,2665470983,2665471598,8904,615
29327.734531,2665474923,2665475533,9212,610
29327.746549,2665478873,2665479476,8924,603
29327.758576,2665482797,2665483412,8934,615
29327.770601,2665486896,2665487516,12089,620
29327.782615,2665491007,2665491616,11973,609
29327.794646,2665494956,2665495561,8931,605
29327.806671,2665498901,2665499511,9249,610
29327.818688,2665502860,2665503470,8995,610
29327.830715,2665506814,2665507424,8903,610
29327.842739,2665510766,2665511369,9242,603
29327.854757,2665514703,2665515318,9013,615
29327.866783,2665518660,2665519274,8940,614
29327.878808,2665522590,2665523193,9224,603
29327.890824,2665526537,2665527141,8985,604
29327.902851,2665530463,2665531078,8967,615
29327.914874,2665534406,2665535021,9220,615
29327.926892,2665538356,2665538971,8990,615
29327.938919,2665542307,2665542917,8943,610
29327.950943,2665546404,2665547009,12102,605
29327.962961,2665550352,2665550965,8969,613
29327.974986,2665554312,2665554927,8913,615
29327.987011,2665558428,2665559033,12085,605
29327.999026,2665562554,2665563164,11977,610
29328.011056,2665566718,2665567323,12060,605
29328.023079,2665570905,2665571510,12105,605
29328.035097,2665575051,2665575656,12016,605
29328.047125,2665579234,2665579855,12041,621
29328.059146,2665583389,2665583994,12076,605
29328.071165,2665587382,2665587997,8982,615
29328.083191,2665591360,2665591970,8930,610
29328.095218,2665595473,2665596076,12088,603
29328.107234,2665599556,2665600161,12030,605
29328.119263,2665603631,2665604241,12039,610
29328.131285,2665607783,2665608403,12071,620
29328.143302,2665611891,2665612496,12008,605
29328.155328,2665615823,2665616443,8938,620
29328.165848,2665619313,2665619773,7624,460
29328.177881,2665623273,2665623733,7660,460
29328.189899,2665627086,2665627691,9229,605
29328.201918,2665631026,2665631634,8942,608
29328.213943,2665634951,2665635557,8959,606
29328.225969,2665638893,2665639508,9230,615
29328.237984,2665642851,2665643461,8970,610
29328.298105,2665662148,2665662768,11993,620
29328.310124,2665666121,2665666730,9015,609
29328.322150,2665670070,2665670680,8929,610
29328.334174,2665674019,2665674633,9185,614
29328.346192,2665677963,2665678577,8979,614
29328.358218,2665681903,2665682512,8948,609
29328.370242,2665685996,2665686605,12096,609
29328.382257,2665690241,2665690851,11992,610
29328.394287,2665694189,2665694804,8918,615
29328.406311,2665698144,2665698753,9246,609
29328.418329,2665702089,2665702699,8996,610
29328.430355,2665706307,2665706891,11989,584
29328.442372,2665710225,2665710840,9289,615
29328.454391,2665714123,2665714725,8916,602
29328.466425,2665718005,2665718589,9248,584
29328.478443,2665721916,2665722534,9276,618
29328.490456,2665725840,2665726441,8790,601
29328.502493,2665729890,2665730474,11974,584
29328.514509,2665733785,2665734389,9264,604
29328.526527,2665737631,2665738233,8848,602
29328.538561,2665741560,2665742164,9221,604
29328.579135,2665754479,2665755082,12130,603
29328.591154,2665758647,2665759255,12084,608
29328.603174,2665762726,2665763333,11836,607
29328.615205,2665766816,2665767420,12097,604
29328.627219,2665770845,2665771448,9242,603
29328.639243,2665774861,2665775467,11838,606
29328.651272,2665778906,2665779515,12074,609
29328.663288,2665782950,2665783553,12062,603
29328.675314,2665786920,2665787522,11824,602
29328.687345,2665790848,2665791432,9225,584
29328.697860,2665794270,2665794732,7575,462
29328.709887,2665798034,2665798618,9168,584
29328.721906,2665801949,2665802552,9284,603
29328.733929,2665805881,2665806496,8989,615
29328.745957,2665809749,2665810332,9208,583
29328.757975,2665813652,2665814256,9272,604
29328.769992,2665817543,2665818145,11850,602
29328.782023,2665821472,2665822076,12053,604
29328.794043,2665825417,2665826031,9285,614
29328.806058,2665829270,2665829871,8889,601
29328.818096,2665833187,2665833771,9222,584
29328.830113,2665837241,2665837855,12087,614
29328.842128,2665841166,2665841778,8845,612
29328.854163,2665845129,2665845713,9213,584
29328.866180,2665849089,2665849709,9271,620
29328.878194,2665853014,2665853629,8816,615
29328.890230,2665856927,2665857511,9165,584
29328.902244,2665861006,2665861620,12020,614
29328.914264,2665864878,2665865485,8880,607
29328.926303,2665868759,2665869341,9213,582
29328.938317,2665872645,2665873254,9303,609
29328.950336,2665876697,2665877307,11973,610
29328.962367,2665880565,2665881148,9176,583
29328.974384,2665884500,2665885109,9247,609
29328.986401,2665888560,2665889161,11801,601
29328.998433,2665892631,2665893214,11966,583
29329.010452,2665896554,2665897158,9256,604
29329.022471,2665900390,2665901002,8906,612
29329.034506,2665904322,2665904931,9237,609
29329.046523,2665908245,2665908850,9271,605
29329.058538,2665912105,2665912712,8871,607
29329.070571,2665915984,2665916589,9213,605
29329.082590,2665919911,2665920515,9260,604
29329.094608,2665923757,2665924367,8874,610
29329.106640,2665927661,2665928264,9202,603
29329.118659,2665931748,2665932352,12045,604
29329.130681,2665935606,2665936216,8950,610
29329.142706,2665939492,2665940097,9179,605
29329.154726,2665943427,2665944042,9261,615
29329.166745,2665947287,2665947889,8890,602
29329.178778,2665951195,2665951809,9084,614
29329.190796,2665955145,2665955744,9197,599
29329.202816,2665959172,2665959784,11840,612
29329.214845,2665963210,2665963794,11964,584
29329.226869,2665967116,2665967731,9307,615
29329.238878,2665971013,2665971614,8839,601
29329.250916,2665974899,2665975482,9226,583
29329.262928,2665978770,2665979384,9244,614
29329.274949,2665982630,2665983232,8918,602
29329.286984,2665986544,2665987127,9190,583
29329.298998,2665990433,2665991041,9238,608
29329.311023,2665994475,2665995091,11845,616
29329.323050,2665998580,2665999164,11940,584
29329.335068,2666002689,2666003297,12087,608
29329.347090,2666006782,2666007389,11840,607
29329.359120,2666010921,2666011531,12111,610
29329.371133,2666014917,2666015525,9193,608
29329.383154,2666018835,2666019441,8902,606
29329.395191,2666022896,2666023498,12081,602
29329.407205,2666027014,2666027617,12080,603
29329.419226,2666031024,2666031631,11821,607
29329.431255,2666035074,2666035684,12075,610
29329.443272,2666039124,2666039731,12104,607
29329.455298,2666043107,2666043714,11821,607
29329.467326,2666047169,2666047783,12080,614
29329.479344,2666051235,2666051851,12043,616
29329.489870,2666054645,2666055228,9212,583
29329.501890,2666058528,2666058986,7363,458
29329.513911,2666062318,2666062775,7540,457
29329.525941,2666066039,2666066649,9063,610
29329.537956,2666069937,2666070544,9192,607
29329.549973,2666073847,2666074454,8824,607
29329.562009,2666077743,2666078326,9174,583
29329.574029,2666081636,2666082251,9319,615
29329.586042,2666085605,2666086217,11812,612
29329.598073,2666089573,2666090157,11961,584
29329.610094,2666093485,2666094088,9264,603
29329.622115,2666097492,2666098096,11984,604
29329.670213,2666112768,2666113351,11986,583
29329.682231,2666116662,2666117271,9274,609
29329.694247,2666120577,2666121187,8871,610
29329.706283,2666124491,2666125074,9211,583
29329.718297,2666128541,2666129151,12019,610
29329.730318,2666132584,2666133196,11832,612
29329.742352,2666136475,2666137059,9226,584
29329.754369,2666140369,2666140984,9255,615
29329.766384,2666144264,2666144871,8887,607
29329.778423,2666148166,2666148749,9230,583
29329.790436,2666152068,2666152683,9310,615
29329.802455,2666156089,2666156690,11838,601
29329.814485,2666160123,2666160707,11964,584
29329.826504,2666164032,2666164636,9226,604
29329.838522,2666167885,2666168486,8849,601
29329.850558,2666171762,2666172372,9244,610
29329.862573,2666175696,2666176305,9241,609
29329.874596,2666179581,2666180190,8961,609
29329.886620,2666183471,2666184080,9214,609
29329.898641,2666187395,2666188004,9207,609
29329.910659,2666191268,2666191878,8885,610
29329.922693,2666195179,2666195789,9020,610
29329.934708,2666199259,2666199860,12090,601
29329.946729,2666203252,2666203863,11823,611
29329.958766,2666207132,2666207715,9192,583
29329.970784,2666211180,2666211795,12095,615
29329.982801,2666215095,2666215710,8979,615
29330.006843,2666222920,2666223527,12016,607
29330.018867,2666226952,2666227554,11836,602
29330.030896,2666230995,2666231610,12083,615
29330.042916,2666234944,2666235548,9259,604
29330.054931,2666238790,2666239397,8849,607
29330.066968,2666242686,2666243270,9247,584
29330.078983,2666246588,2666247204,9236,616
29330.091005,2666250610,2666251222,11840,612
29330.103032,2666254566,2666255181,9190,615
29330.115048,2666258591,2666259199,9223,608
29330.127075,2666262684,2666263294,11842,610
29330.139102,2666266833,2666267443,12074,610
29330.151119,2666270970,2666271578,12064,608
29330.163143,2666275026,2666275639,11816,613
29330.175172,2666279143,2666279751,12076,608
29330.187187,2666283128,2666283736,9245,608
29330.199204,2666286993,2666287601,8856,608
29330.211243,2666291053,2666291635,11979,582
29330.223259,2666295235,2666295839,12041,604
29330.235277,2666299237,2666299849,11838,612
29330.247307,2666303247,2666303857,12084,610
29330.259324,2666307290,2666307898,12059,608
29330.271348,2666311308,2666311923,12020,615
29330.281869,2666314743,2666315352,9294,609
29330.293888,2666318660,2666319275,8843,615
29330.305921,2666322571,2666323153,9224,582
29330.317944,2666326471,2666327079,12106,608
29330.329956,2666330419,2666331033,11801,614
29330.341991,2666334320,2666334904,9198,584
29330.354006,2666338201,2666338804,9191,603
29330.366027,2666342104,2666342706,8890,602
29330.378061,2666345990,2666346574,9197,584
29330.390078,2666349898,2666350502,9250,604
29330.402095,2666353886,2666354488,11830,602
29330.414126,2666357884,2666358468,11954,584
29330.426147,2666361804,2666362403,9274,599
29330.438162,2666365661,2666366268,8822,607
29330.450200,2666369587,2666370170,9250,583
29330.462211,2666373466,2666374068,9187,602
29330.474232,2666377379,2666377991,8836,612
29330.486270,2666381252,2666381836,9213,584
29330.498284,2666385174,2666385789,9251,615
29330.510299,2666389032,2666389636,8860,604
29330.522336,2666392965,2666393549,9218,584
29330.534347,2666396987,2666397595,12028,608
29330.546370,2666401011,2666401613,11829,602
29330.558404,2666404944,2666405528,9147,584
29330.570421,2666408869,2666409484,9226,615
29330.582436,2666412722,2666413329,8876,607
29330.594471,2666416618,2666417201,9174,583
29330.606485,2666420504,2666421106,9239,602
29330.618508,2666424579,2666425194,11996,615
29330.630537,2666428665,2666429249,11975,584
29330.642557,2666432582,2666433191,9286,609
29330.654574,2666436445,2666437051,8908,606
29330.666608,2666440369,2666440979,9044,610
29330.678623,2666444282,2666444895,9223,613
29330.690642,2666448146,2666448753,8879,607
29330.702679,2666452027,2666452611,9204,584
29330.714698,2666455928,2666456532,9315,604
29330.726710,2666459817,2666460417,8903,600
29330.738742,2666463716,2666464326,9200,610
29330.750764,2666467799,2666468403,12061,604
29330.762779,2666471802,2666472409,11791,607
29330.774809,2666475714,2666476317,9234,603
29330.786826,2666479605,2666480213,9190,608
29330.798847,2666483458,2666484059,8900,601
29330.810879,2666487340,2666487954,9195,614
29330.822896,2666491251,2666491864,9220,613
29330.834920,2666495283,2666495885,11839,602
29330.846946,2666499294,2666499902,12068,608
29330.858967,2666503221,2666503825,9246,604
29330.870982,2666507099,2666507706,8883,607
29330.970178,2666538305,2666538912,11837,607
29330.982205,2666542345,2666542928,11962,583
29331.027291,2666556629,2666557238,12085,609
29331.039307,2666560680,2666561293,12070,613
29331.051331,2666564708,2666565310,11836,602
29331.063362,2666568748,2666569351,12043,603
29331.073870,2666572171,2666572773,8850,602
29331.085905,2666576076,2666576659,9197,583
29331.097921,2666579979,2666580588,9242,609
29331.109941,2666583896,2666584507,8851,611
29331.121976,2666587805,2666588389,9205,584
29331.133987,2666591697,2666592312,12022,615
29331.146010,2666595630,2666596232,11819,602
29331.158044,2666599507,2666600091,9183,584
29331.170059,2666603385,2666603993,9171,608
29331.182077,2666607281,2666607893,8859,612
29331.194112,2666611152,2666611736,9183,584
29331.206126,2666615036,2666615644,9189,608
29331.218146,2666619061,2666619673,11814,612
29331.230177,2666623096,2666623680,11967,584
29331.242197,2666627060,2666627664,9234,604
29331.254216,2666630943,2666631544,8902,601
29331.266254,2666634826,2666635409,9214,583
29331.278268,2666638792,2666639402,9272,610
29331.290282,2666642675,2666643282,8819,607
29331.302320,2666646555,2666647139,9220,584
29331.314334,2666650457,2666651067,9240,610
29331.326352,2666654352,2666654961,8838,609
29331.338388,2666658253,2666658837,9220,584
29331.350401,2666662320,2666662924,12020,604
29331.362423,2666666389,2666667004,12015,615
29331.374454,2666670276,2666670859,9205,583
29331.386471,2666674205,2666674810,9243,605
29331.398489,2666678064,2666678671,8907,607
29331.410524,2666681948,2666682567,9068,619
29331.420343,2666685739,2666686350,11962,611
29331.434561,2666691387,2666692011,12732,624
29331.622423,2666745089,2666745691,9194,602
29331.638951,2666749532,2666750141,9213,609
29331.650972,2666753596,2666754203,11806,607
29331.663000,2666757691,2666758301,12057,610
29331.675018,2666761643,2666762251,9263,608
29331.687040,2666765722,2666766330,11845,608
29331.699072,2666769828,2666770438,12154,610
29331.711088,2666774026,2666774639,12043,613
29331.723108,2666778129,2666778736,11845,607
29331.735138,2666782141,2666782751,9179,610
29331.747152,2666786072,2666786675,9221,603
29331.759176,2666790123,2666790730,11980,607
29331.771208,2666794184,2666794767,11991,583
29331.783223,2666798194,2666798802,12104,608
29331.795247,2666802222,2666802824,11832,602
29331.807277,2666806239,2666806854,12062,615
29331.819292,2666810282,2666810884,12087,602
29331.831311,2666814132,2666814744,8895,612
29331.843346,2666818229,2666818837,12071,608
29331.853853,2666821685,2666822292,8859,607
29331.865893,2666825621,2666826205,9229,584
29331.877907,2666829536,2666830146,9223,610
29331.889923,2666833438,2666834040,8875,602
29331.901962,2666837302,2666837886,9227,584
29331.913976,2666841211,2666841820,9250,609
29331.925991,2666845096,2666845707,8875,611
29331.938026,2666849018,2666849602,9155,584
29331.950038,2666852901,2666853510,12022,609
29331.962060,2666856834,2666857446,11822,612
29331.974095,2666860748,2666861331,9187,583
29331.986109,2666864618,2666865218,9220,600
29331.998129,2666868496,2666869098,8838,602
29332.010167,2666872447,2666873031,9222,584
29332.022180,2666876328,2666876931,9212,603
29332.034199,2666880364,2666880971,11829,607
29332.046230,2666884404,2666884988,11952,584
29332.058250,2666888334,2666888932,9264,598
29332.070265,2666892148,2666892755,8883,607
29332.082304,2666896068,2666896652,9226,584
29332.094318,2666899974,2666900584,9233,610
29332.106343,2666903873,2666904483,9002,610
29332.118370,2666907745,2666908328,9243,583
29332.130388,2666911648,2666912251,9281,603
29332.142402,2666915496,2666916106,8851,610
29332.154436,2666919407,2666920011,9102,604
29332.166454,2666923474,2666924078,12046,604
29332.178473,2666927475,2666928077,11809,602
29332.190508,2666931402,2666931986,9223,584
29332.202526,2666935287,2666935900,9310,613
29332.214539,2666939171,2666939775,8889,604
29332.226572,2666943114,2666943734,9188,620
29332.237084,2666946687,2666947294,11827,607
29332.250610,2666951201,2666951802,11834,601
29332.262642,2666955242,2666955826,11960,584
29332.274662,2666959160,2666959759,9310,599
29332.286682,2666962992,2666963573,8953,581
29332.298715,2666966894,2666967478,9233,584
29332.310728,2666970801,2666971405,9230,604
29332.322750,2666974618,2666975200,8913,582
29332.334784,2666978458,2666979042,9197,584
29332.346799,2666982334,2666982937,9288,603
29332.358816,2666986211,2666986789,8950,578
29332.370849,2666990088,2666990672,9208,584
29332.382865,2666994052,2666994653,11935,601
29332.394883,2666998020,2666998621,11801,601
29332.406916,2667001955,2667002570,9265,615
29332.418933,2667005892,2667006501,9284,609
29332.430953,2667009726,2667010307,8964,581
29332.442985,2667013596,2667014179,9189,583
29332.455003,2667017493,2667018102,9233,609
29332.467023,2667021638,2667022219,11963,581
29332.479052,2667025690,2667026274,11965,584
29332.491068,2667029761,2667030361,11947,600
29332.503093,2667033817,2667034430,11886,613
29332.515125,2667037938,2667038543,12114,605
29332.527137,2667042051,2667042661,11878,610
29332.539160,2667046052,2667046634,11967,582
29332.551188,2667049988,2667050593,9020,605
29332.563204,2667053912,2667054519,9275,607
29332.575231,2667057896,2667058501,11844,605
29332.587258,2667061969,2667062553,11944,584
29332.599282,2667065959,2667066564,11986,605
29332.611299,2667069957,2667070564,11841,607
29332.623328,2667074019,2667074629,12072,610
29332.635341,2667078039,2667078638,11865,599
29332.645875,2667081407,2667081989,9199,582
29332.657888,2667085246,2667085847,9167,601
29332.669908,2667089305,2667089887,8912,582
29332.681941,2667093206,2667093790,9213,584
29332.693955,2667097074,2667097678,9243,604
29332.705975,2667100963,2667101545,8926,582
29332.718011,2667104815,2667105399,9209,584
29332.730025,2667108675,2667109283,9212,608
29332.742045,2667112567,2667113147,8959,580
29332.754081,2667116482,2667117066,9199,584
29332.766092,2667120405,2667121011,11926,606
29332.778112,2667124427,2667125034,11823,607
29332.790147,2667128336,2667128919,9196,583
29332.802164,2667132261,2667132869,9263,608
29332.814185,2667136118,2667136699,8969,581
29332.826219,2667139940,2667140522,9164,582
29332.838231,2667143810,2667144423,9229,613
29332.850257,2667147782,2667148387,8972,605
29332.862283,2667151838,2667152422,11966,584
29332.874303,2667155747,2667156345,9253,598
29332.886323,2667159608,2667160189,8976,581
29332.898351,2667163509,2667164114,9049,605
29332.910370,2667167434,2667168043,9275,609
29332.922390,2667171286,2667171867,8949,581
29332.934425,2667175099,2667175681,9202,582
29332.946444,2667179010,2667179620,9276,610
29332.958460,2667182862,2667183442,8968,580
29332.970485,2667186736,2667187340,9224,604
29333.030597,2667205793,2667206400,11838,607
29333.042628,2667209716,2667210300,9198,584
29333.054645,2667213633,2667214248,9235,615
29333.066660,2667217521,2667218127,8873,606
29333.078691,2667221582,2667222186,12080,604
29333.090712,2667225516,2667226123,9234,607
29333.102729,2667229392,2667229973,8948,581
29333.114766,2667233249,2667233864,9272,615
29333.126782,2667237186,2667237790,9283,604
29333.138797,2667241022,2667241623,8883,601
29333.150832,2667244942,2667245551,9209,609
29333.162847,2667248868,2667249483,9265,615
29333.174868,2667252698,2667253278,8957,580
29333.186900,2667256575,2667257159,9210,584
29333.198920,2667260588,2667261196,12041,608
29333.210934,2667264551,2667265153,11802,602
29333.222965,2667268453,2667269063,9210,610
29333.234981,2667272375,2667272977,9170,602
29333.247008,2667276331,2667276932,11840,601
29333.259037,2667280377,2667280990,12091,613
29333.271055,2667284510,2667285115,12041,605
29333.283073,2667288648,2667289226,11959,578
29333.295105,2667292784,2667293404,12066,620
29333.307119,2667296896,2667297501,11879,605
29333.319143,2667300941,2667301518,11963,577
29333.331171,2667304962,2667305541,11983,579
29333.343197,2667308942,2667309553,12001,611
29333.355213,2667312959,2667313567,11857,608
29333.367244,2667317000,2667317605,9276,605
29333.379260,2667320938,2667321553,9243,615
29333.391282,2667324926,2667325536,11842,610
29333.403314,2667328990,2667329605,12089,615
29333.415327,2667332988,2667333589,11882,601
29333.425855,2667336412,2667336997,9221,585
29333.439378,2667341013,2667341618,12061,605
29333.452332,2667346107,2667346716,12030,609
29333.473938,2667352482,2667353085,11989,603
29333.485970,2667356443,2667357053,8936,610
29333.497993,2667360394,2667361009,9238,615
29333.510012,2667364348,2667364953,8974,605
29333.522039,2667368306,2667368915,8932,609
29333.534063,2667372254,2667372869,9229,615
29333.546080,2667376221,2667376836,8973,615
29333.558107,2667380178,2667380796,8944,618
29333.570132,2667384154,2667384769,9218,615
29333.582145,2667388227,2667388830,11978,603
29333.594174,2667392283,2667392893,12045,610
29333.606201,2667396242,2667396857,9274,615
29333.618218,2667400201,2667400811,8989,610
29333.630244,2667404165,2667404768,8986,603
29333.642266,2667408118,2667408727,9050,609
29333.654287,2667412060,2667412670,8979,610
29333.666313,2667416012,2667416627,8922,615
29333.678337,2667419968,2667420576,9178,608
29333.690358,2667423927,2667424530,9027,603
29333.702380,2667427874,2667428483,8905,609
29333.714404,2667431811,2667432426,9228,615
29333.726422,2667435753,2667436362,8949,609
29333.738448,2667439697,2667440305,8953,608
29333.750472,2667443649,2667444251,9262,602
29333.762490,2667447600,2667448204,8953,604
29333.774517,2667451532,2667452145,8968,613
29333.786541,2667455466,2667456086,9184,620
29333.798558,2667459575,2667460180,12058,605
29333.810586,2667463662,2667464272,12039,610
29333.822609,2667467615,2667468219,9240,604
29333.834632,2667471617,2667472237,8937,620
29333.846654,2667475782,2667476392,12042,610
29333.858678,2667479776,2667480396,8985,620
29333.870701,2667483778,2667484393,8947,615
29333.882724,2667487786,2667488406,8917,620
29333.894747,2667491930,2667492550,12035,620
29333.906766,2667495895,2667496493,8925,598
29333.918793,2667499848,2667500457,8936,609
29333.930816,2667503790,2667504400,9254,610
29333.942833,2667507855,2667508460,8975,605
29333.954859,2667511808,2667512418,8938,610
29333.966884,2667515774,2667516382,9208,608
29333.978900,2667519880,2667520495,11975,615
29333.993936,2667524958,2667525573,12074,615
29334.010464,2667530367,2667530827,7598,460
29334.022490,2667534163,2667534772,8954,609
29334.034515,2667538098,2667538701,9240,603
29334.046531,2667542046,2667542656,8969,610
29334.058559,2667546013,2667546622,8969,609
29334.070583,2667549969,2667550578,9265,609
29334.082599,2667554062,2667554677,12015,615
29334.094625,2667558051,2667558656,8885,605
29334.106649,2667562150,2667562753,12129,603
29334.130693,2667570038,2667570641,12036,603
29334.142716,2667573993,2667574608,9218,615
29334.154736,2667577940,2667578550,8939,610
29334.166762,2667581885,2667582490,8937,605
29334.178787,2667585832,2667586447,9202,615
29334.190803,2667589787,2667590405,8946,618
29334.202831,2667593735,2667594350,8925,615
29334.214856,2667597815,2667598425,12088,610
29334.226869,2667601911,2667602521,11973,610
29334.238898,2667605859,2667606463,8938,604
29334.250922,2667609802,2667610412,9257,610
29334.262940,2667613764,2667614384,8963,620
29334.274966,2667617741,2667618345,8935,604
29334.286990,2667621678,2667622288,9055,610
29334.299011,2667625858,2667626473,12015,615
29334.311035,2667629847,2667630457,8917,610
29334.323060,2667634013,2667634616,12085,603
29334.335083,2667638224,2667638839,12039,615
29334.347105,2667642441,2667643051,12051,610
29334.359129,2667646605,2667647215,12091,610
29334.371146,2667650724,2667651339,12012,615
29334.383172,2667654688,2667655302,8941,614
29334.395195,2667658716,2667659331,9193,615
29334.407216,2667662816,2667663433,12011,617
29334.419244,2667666894,2667667509,12039,615
29334.431264,2667670971,2667671580,12071,609
29334.443283,2667675067,2667675677,12010,610
29334.455313,2667679136,2667679741,12038,605
29334.467334,2667683202,2667683811,12071,609
29334.477855,2667686675,2667687280,8959,605
29334.489885,2667690640,2667691103,7543,463
29334.500397,2667694221,2667694831,12043,610
29334.513924,2667698666,2667699270,12042,604
29334.525947,2667702605,2667703220,9227,615
29334.537966,2667706561,2667707164,8971,603
29334.549992,2667710507,2667711127,8933,620
29334.562015,2667714489,2667715099,12082,610
29334.574034,2667718451,2667719063,9000,612
29334.586061,2667722388,2667722998,8967,610
29334.598085,2667726359,2667726969,9258,610
29334.610099,2667730403,2667731013,12022,610
29334.622129,2667734365,2667734970,8929,605
29334.634150,2667738314,2667738922,9040,608
29334.694267,2667757505,2667758120,8920,615
29334.706293,2667761600,2667762218,9221,618
29334.718310,2667765554,2667766157,8965,603
29334.730336,2667769505,2667770115,8913,610
29334.742359,2667773463,2667774078,9203,615
29334.754378,2667777424,2667778034,8978,610
29334.766405,2667781373,2667781987,8885,614
29334.778429,2667785324,2667785944,9270,620
29334.790447,2667789285,2667789898,8955,613
29334.802473,2667793235,2667793855,8904,620
29334.814497,2667797314,2667797929,12091,615
29334.826511,2667801422,2667802032,11978,610
29334.838542,2667805363,2667805978,8961,615
29334.850566,2667809309,2667809919,9243,610
29334.862584,2667813250,2667813865,8945,615
29334.874610,2667817195,2667817810,8904,615
29334.886634,2667821147,2667821761,9267,614
29334.898652,2667825097,2667825707,8969,610
29334.910677,2667829081,2667829701,8936,620
29334.922702,2667833051,2667833670,9246,619
29334.934716,2667837170,2667837780,11989,610
29334.946746,2667841117,2667841727,8933,610
29334.958770,2667845056,2667845666,9232,610
29334.970784,2667849150,2667849765,11972,615
29335.002347,2667859407,2667860011,12011,604
29335.014375,2667863492,2667864107,12038,615
29335.026397,2667867576,2667868191,12093,615
29335.038417,2667871533,2667872143,8947,610
29335.050443,2667875495,2667876115,8970,620
29335.062468,2667879467,2667880082,9189,615
29335.074485,2667883432,2667884037,8932,605
29335.086512,2667887410,2667888016,8866,606
29335.098536,2667891357,2667891977,9222,620
29335.110553,2667895365,2667895974,8970,609
29335.122580,2667899306,2667899918,8906,612
29335.134604,2667903256,2667903866,9222,610
29335.146622,2667907363,2667907973,12015,610
29335.158649,2667911309,2667911929,8915,620
29335.170673,2667915276,2667915896,9207,620
29335.182691,2667919224,2667919834,8961,610
29335.194717,2667923177,2667923787,8921,610
29335.206742,2667927117,2667927734,9255,617
29335.218759,2667931080,2667931690,8991,610
29335.230788,2667935191,2667935795,12040,604
29335.242808,2667939273,2667939888,12086,615
29335.254827,2667943252,2667943856,8981,604
29335.266853,2667947214,2667947828,8947,614
29335.278876,2667951169,2667951783,9035,614
29335.290895,2667955125,2667955741,8982,616
29335.302922,2667959077,2667959686,8885,609
29335.314947,2667963029,2667963644,9251,615
29335.326970,2667967042,2667967652,9028,610
29335.338991,2667970981,2667971600,8937,619
29335.351016,2667974952,2667975562,9257,610
29335.363034,2667979087,2667979691,12013,604
29335.375062,2667983263,2667983873,12042,610
29335.387087,2667987448,2667988062,12107,614
29335.399102,2667991506,2667992115,8969,609
29335.411129,2667995503,2667996118,8912,615
29335.423155,2667999606,2668000219,12085,613
29335.435173,2668003724,2668004339,12014,615
29335.447199,2668007852,2668008456,12050,604
29335.459221,2668011942,2668012557,12070,615
29335.471239,2668016031,2668016641,12011,610
29335.483266,2668020125,2668020730,12053,605
29335.495292,2668024199,2668024809,12083,610
29335.507310,2668028266,2668028881,12008,615
29335.519335,2668032417,2668033031,12038,614
29335.529853,2668035907,2668036367,7612,460
29335.541884,2668039737,2668040202,7650,465
29335.553901,2668043550,2668044160,9230,610
29335.565920,2668047500,2668048109,8964,609
29335.577947,2668051454,2668052064,8952,610
29335.589971,2668055411,2668056019,9256,608
29335.601989,2668059376,2668059985,8967,609
29335.614015,2668063366,2668063981,12043,615
29335.626037,2668067399,2668068014,12041,615
29335.638058,2668071348,2668071953,8947,605
29335.650084,2668075306,2668075910,8953,604
29335.662109,2668079241,2668079851,9229,610
29335.674131,2668083184,2668083800,9004,616
29335.686153,2668087137,2668087746,8896,609
29335.698177,2668091080,2668091695,9240,615
29335.710195,2668095042,2668095646,8965,604
29335.722222,2668099006,2668099614,8936,608
29335.734246,2668102949,2668103553,9245,604
29335.746261,2668107046,2668107649,12005,603
29335.758292,2668111136,2668111751,12039,615
29335.770314,2668115092,2668115701,9195,609
29335.782334,2668119037,2668119647,8972,610
29335.794359,2668122977,2668123592,8954,615
29335.806385,2668126935,2668127548,9241,613
29335.818402,2668130893,2668131503,9022,610
29335.830428,2668134989,2668135604,12079,615
29335.842450,2668139074,2668139684,12134,610
29335.854470,2668143040,2668143645,8965,605
29335.866497,2668146987,2668147602,8952,615
29335.878520,2668150922,2668151526,9232,604
29335.890539,2668154853,2668155464,8976,611
29335.902565,2668158795,2668159410,8901,615
29335.914590,2668162765,2668163374,9236,609
29335.926605,2668166756,2668167360,8976,604
29335.938632,2668170702,2668171304,8910,602
29335.950657,2668174647,2668175256,9248,609
29335.962673,2668178747,2668179357,12010,610
29335.974701,2668182690,2668183295,8938,605
29335.986725,2668186628,2668187243,9292,615
29335.998743,2668190575,2668191184,8948,609
29336.010769,2668194521,2668195141,8926,620
29336.022792,2668198489,2668199096,9032,607
29336.034809,2668202447,2668203057,8982,610
29336.046840,2668206545,2668207165,12075,620
29336.058860,2668210671,2668211281,12086,610
29336.070882,2668214650,2668215254,8972,604
29336.082905,2668218580,2668219199,8913,619
29336.094929,2668222543,2668223158,9186,615
29336.106947,2668226456,2668227067,8913,611
29336.118973,2668230417,2668231032,8891,615
29336.130997,2668234389,2668234997,9221,608
29336.143015,2668238394,2668239009,8972,615
29336.155045,2668242574,2668243192,12041,618
29336.167067,2668246758,2668247368,12073,610
29336.179086,2668250935,2668251555,12014,620
29336.191113,2668255121,2668255731,12038,610
29336.203134,2668259275,2668259889,12070,614
29336.215152,2668263308,2668263912,8935,604
29336.227179,2668267282,2668267892,8909,610
29336.239204,2668271369,2668271972,12086,603
29336.251221,2668275456,2668276060,12013,604
29336.263250,2668279535,2668280139,12037,604
29336.275272,2668283582,2668284186,12086,604
29336.287290,2668287670,2668288285,12013,615
29336.299319,2668291756,2668292366,12038,610
29336.311341,2668295831,2668296440,12076,609
29336.321862,2668299294,2668299901,8934,607
29336.333887,2668303255,2668303870,9170,615
29336.345904,2668307199,2668307662,7516,463
29336.357931,2668310995,2668311610,12038,615
29336.369955,2668314951,2668315560,9015,609
29336.381974,2668318917,2668319526,8992,609
29336.394000,2668322877,2668323492,8946,615
29336.406025,2668326849,2668327463,9244,614
29336.418047,2668330792,2668331402,9003,610
29336.430070,2668334834,2668335454,12044,620
29336.442091,2668338916,2668339525,12095,609
29336.454111,2668342874,2668343479,8984,605
29336.466138,2668346823,2668347438,8935,615
29336.478161,2668350777,2668351387,9226,610
29336.490179,2668354714,2668355324,8942,610
29336.502206,2668358647,2668359262,8918,615
29336.514230,2668362577,2668363180,9267,603
29336.526247,2668366509,2668367114,8993,605
29336.538272,2668370465,2668371078,8918,613
29336.550297,2668374426,2668375030,9259,604
29336.562312,2668378526,2668379136,11993,610
29336.574340,2668382640,2668383255,12069,615
29336.586363,2668386562,2668387180,9207,618
29336.598384,2668390522,2668391132,8954,610
29336.610410,2668394467,2668395082,8929,615
29336.622433,2668398432,2668399051,9228,619
29336.693057,2668420978,2668421589,11827,611
29336.735147,2668434525,2668435140,12079,615
29336.747164,2668438627,2668439242,8986,615
29336.759192,2668442614,2668443224,8980,610
29336.771216,2668446695,2668447308,12088,613
29336.783233,2668450780,2668451395,12016,615
29336.795263,2668454883,2668455498,12040,615
29336.807283,2668458963,2668459572,12068,609
29336.819301,2668463034,2668463644,12047,610
29336.831328,2668466986,2668467596,8934,610
29336.841848,2668470477,2668470936,7628,459
29336.853876,2668474270,2668474854,8926,584
29336.865897,2668478205,2668478810,9041,605
29336.877916,2668482159,2668482763,8992,604
29336.889943,2668486086,2668486701,8929,615
29336.901966,2668490047,2668490661,9240,614
29336.913988,2668494010,2668494620,9002,610
29336.926013,2668497941,2668498525,8904,584
29336.938035,2668501850,2668502456,9260,606
29336.950046,2668506000,2668506601,11842,601
29336.962080,2668510044,2668510659,12041,615
29336.974102,2668514118,2668514723,12100,605
29336.986121,2668518074,2668518689,8968,615
29336.998152,2668522041,2668522625,8857,584
29337.010172,2668525960,2668526564,9188,604
29337.022190,2668529894,2668530498,8979,604
29337.034217,2668533959,2668534563,12061,604
29337.046237,2668538020,2668538639,12075,619
29337.058255,2668542121,2668542724,11979,603
29337.070290,2668546064,2668546648,8929,584
29337.082309,2668549974,2668550584,9253,610
29337.094327,2668553895,2668554510,8955,615
29337.106355,2668557821,2668558435,8953,614
29337.118377,2668561765,2668562380,9199,615
29337.130395,2668565748,2668566353,8943,605
29337.142422,2668569825,2668570429,12061,604
29337.154447,2668573778,2668574394,9204,616
29337.166465,2668577749,2668578364,8917,615
29337.178493,2668581841,2668582425,11941,584
29337.190515,2668585921,2668586525,12101,604
29337.202534,2668589872,2668590476,8970,604
29337.214562,2668593802,2668594411,8912,609
29337.226583,2668597737,2668598340,9210,603
29337.238602,2668601635,2668602254,8977,619
29337.250630,2668605552,2668606135,8848,583
29337.262651,2668609611,2668610226,12043,615
29337.274667,2668613711,2668614316,11997,605
29337.286699,2668617621,2668618205,8890,584
29337.298721,2668621549,2668622154,9228,605
29337.310742,2668625448,2668626063,8987,615
29337.322768,2668629369,2668629954,8906,585
29337.334790,2668633302,2668633917,9231,615
29337.346807,2668637236,2668637845,8989,609
29337.358834,2668641170,2668641785,8941,615
29337.370856,2668645133,2668645746,9216,613
29337.382873,2668649057,2668649667,8894,610
29337.394905,2668653173,2668653757,11925,584
29337.406925,2668657253,2668657863,12091,610
29337.418942,2668661206,2668661821,8965,615
29337.430970,2668665103,2668665718,8977,615
29337.442990,2668669154,2668669769,9204,615
29337.455012,2668673084,2668673687,9228,603
29337.467029,2668677167,2668677743,11952,576
29337.479063,2668681234,2668681818,12003,584
29337.491080,2668685272,2668685880,12051,608
29337.503099,2668689343,2668689945,11840,602
29337.515129,2668693481,2668694090,12113,609
29337.527143,2668697629,2668698236,11861,607
29337.539170,2668701612,2668702226,11817,614
29337.551198,2668705687,2668706271,12000,584
29337.563217,2668709723,2668710327,9276,604
29337.575237,2668713609,2668714219,8955,610
29337.587267,2668717686,2668718294,12074,608
29337.599279,2668721660,2668722266,11864,606
29337.611308,2668725612,2668726213,11820,601
29337.623332,2668729603,2668730222,12071,619
29337.758596,2668771278,2668771861,11948,583
29337.770614,2668775201,2668775803,9284,602
29337.782635,2668779025,2668779607,8972,582
29337.794663,2668783071,2668783655,11990,584
29337.806685,2668787111,2668787721,12101,610
29337.818702,2668790957,2668791540,8921,583
29337.830732,2668794812,2668795432,9222,620
29337.842749,2668798734,2668799344,9257,610
29337.854772,2668802529,2668803110,8951,581
29337.866798,2668806407,2668807016,9143,609
29337.878808,2668810424,2668811026,11862,602
29337.890839,2668814369,2668814984,11977,615
29337.902866,2668818291,2668818900,9230,609
29337.914886,2668822223,2668822838,9291,615
29337.926900,2668826052,2668826659,8878,607
29337.938933,2668829953,2668830558,9200,605
29337.950955,2668833862,2668834466,9255,604
29337.962973,2668837731,2668838341,8920,610
29337.975004,2668841681,2668842285,9246,604
29337.987013,2668845715,2668846320,11868,605
29337.999045,2668849757,2668850370,11814,613
29338.011074,2668853916,2668854526,12114,610
29338.023084,2668858058,2668858671,11834,613
29338.035113,2668862082,2668862690,11847,608
29338.047143,2668866090,2668866673,9208,583
29338.059159,2668870087,2668870691,9294,604
29338.071181,2668874072,2668874684,11843,612
29338.083209,2668878111,2668878721,12083,610
29338.095219,2668882156,2668882768,11869,612
29338.107249,2668886158,2668886768,11998,610
29338.119279,2668890194,2668890778,11958,584
29338.131292,2668894121,2668894721,11890,600
29338.143319,2668898072,2668898674,11839,602
29338.155349,2668902102,2668902708,12044,606
29338.165866,2668905516,2668906098,9000,582
29338.177899,2668909460,2668909899,7412,439
29338.189915,2668913219,2668913679,7385,460
29338.201935,2668916932,2668917513,8939,581
29338.213963,2668920789,2668921372,9177,583
29338.225977,2668924677,2668925282,9235,605
29338.238003,2668928517,2668929099,8988,582
29338.250033,2668932330,2668932911,9238,581
29338.262044,2668936260,2668936865,11887,605
29338.274067,2668940274,2668940884,11972,610
29338.286099,2668944145,2668944728,9159,583
29338.298115,2668948033,2668948653,9296,620
29338.310134,2668951898,2668952480,8955,582
29338.322162,2668955713,2668956317,9221,604
29338.334184,2668959594,2668960209,9277,615
29338.346208,2668963439,2668964021,8917,582
29338.358236,2668967324,2668967908,9210,584
29338.370255,2668971205,2668971811,9246,606
29338.382276,2668975093,2668975674,8986,581
29338.394305,2668979160,2668979744,11960,584
29338.406322,2668983177,2668983786,12057,609
29338.418344,2668987040,2668987621,8969,581
29338.430372,2668990927,2668991511,9199,584
29338.442391,2668994853,2668995463,9256,610
29338.454410,2668998710,2668999310,8851,600
29338.466441,2669002607,2669003190,9188,583
29338.478447,2669006635,2669007237,11880,602
29338.490480,2669010626,2669011236,11978,610
29338.502512,2669014511,2669015095,9059,584
29338.514526,2669018362,2669018963,9222,601
29338.526550,2669022170,2669022751,8977,581
29338.538574,2669026055,2669026658,9189,603
29338.550599,2669029985,2669030588,9310,603
29338.562616,2669033824,2669034405,8929,581
29338.574648,2669037699,2669038283,9234,584
29338.586666,2669041621,2669042233,9265,612
29338.598686,2669045480,2669046062,8998,582
29338.610713,2669049464,2669050048,11958,584
29338.622731,2669053471,2669054080,12064,609
29338.643773,2669060271,2669060853,12042,582
29338.654293,2669063710,2669064320,9304,610
29338.666316,2669067610,2669068192,8980,582
29338.678341,2669071623,2669072207,11947,584
29338.690363,2669075639,2669076249,12078,610
29338.702382,2669079501,2669080092,8881,591
29338.714412,2669083396,2669083980,9185,584
29338.726430,2669087280,2669087894,9220,614
29338.738448,2669091114,2669091716,8878,602
29338.750486,2669094979,2669095562,9073,583
29338.762501,2669098885,2669099494,9263,609
29338.774515,2669102770,2669103355,8889,585
29338.786546,2669106654,2669107271,9190,617
29338.822615,2669118128,2669118734,12092,606
29338.834635,2669122079,2669122692,9260,613
29338.846658,2669125888,2669126468,8951,580
29338.858687,2669129744,2669130328,9219,584
29338.870711,2669133663,2669134276,9226,613
29338.887234,2669139192,2669139803,11835,611
29338.899264,2669143319,2669143939,12039,620
29338.911287,2669147440,2669148050,12074,610
29338.923305,2669151520,2669152130,11997,610
29338.935332,2669155627,2669156232,12083,605
29338.945849,2669159022,2669159604,8953,582
29338.957878,2669162914,2669163497,9204,583
29338.969891,2669166791,2669167393,9235,602
29338.981918,2669170681,2669171263,8997,582
29338.993944,2669174638,2669175221,11963,583
29339.005960,2669178511,2669179116,12071,605
29339.017987,2669182390,2669182972,8948,582
29339.030016,2669186234,2669186815,9179,581
29339.042030,2669190081,2669190690,9282,609
29339.054050,2669193931,2669194507,8935,576
29339.066082,2669197798,2669198381,9165,583
29339.078096,2669201692,2669202302,9274,610
29339.090119,2669205659,2669206269,11960,610
29339.102151,2669209507,2669210084,9197,577
29339.114166,2669213355,2669213963,9233,608
29339.126191,2669217283,2669217864,8930,581
29339.138216,2669221177,2669221782,9203,605
29339.150236,2669225076,2669225686,9252,610
29339.162259,2669228929,2669229511,8971,582
29339.174291,2669232792,2669233376,9218,584
29339.186305,2669236640,2669237237,9164,597
29339.198327,2669240538,2669241146,8949,608
29339.210357,2669244607,2669245191,11964,584
29339.222375,2669248649,2669249257,12067,608
29339.234398,2669252444,2669253020,8934,576
29339.246430,2669256267,2669256849,9081,582
29339.258444,2669260187,2669260791,9221,604
29339.270464,2669264038,2669264619,8984,581
29339.282493,2669267920,2669268504,9189,584
29339.294515,2669271835,2669272445,9325,610
29339.306531,2669275848,2669276451,11965,603
29339.318563,2669279720,2669280302,9176,582
29339.330581,2669283633,2669284243,9298,610
29339.342602,2669287435,2669288011,8997,576
29339.354629,2669291241,2669291848,9200,607
29339.366646,2669295092,2669295696,9224,604
29339.378668,2669298950,2669299527,8925,577
29339.390702,2669302775,2669303358,9234,583
29339.402717,2669306685,2669307292,9302,607
29339.414738,2669310545,2669311126,8961,581
29339.426765,2669314571,2669315181,12073,610
29339.438790,2669318703,2669319323,12103,620
29339.450805,2669322686,2669323306,8953,620
29339.462836,2669326656,2669327276,8952,620
29339.474855,2669330674,2669331289,9188,615
29339.486874,2669334639,2669335247,8912,608
29339.498902,2669338579,2669339163,9208,584
29339.510911,2669342579,2669343191,11859,612
29339.522942,2669346551,2669347166,11973,615
29339.534968,2669350438,2669351042,9171,604
29339.546990,2669354336,2669354940,9288,604
29339.559008,2669358353,2669358935,11951,582
29339.571039,2669362388,2669362997,12086,609
29339.583049,2669366517,2669367124,11854,607
29339.595077,2669370424,2669371026,8919,602
29339.607104,2669374453,2669375056,9217,603
29339.619116,2669378500,2669379099,11879,599
29339.634167,2669383294,2669383878,9203,584
29339.646181,2669387194,2669387798,9252,604
29339.658204,2669391087,2669391669,8970,582
29339.670231,2669394948,2669395530,9191,582
29339.682245,2669398826,2669399430,9263,604
29339.694270,2669402665,2669403278,8910,613
29339.706301,2669406578,2669407162,9191,584
29339.718318,2669410538,2669411136,9251,598
29339.730339,2669414390,2669414972,8990,582
29339.742370,2669418259,2669418843,9049,584
29339.754385,2669422172,2669422782,9219,610
29339.766409,2669425969,2669426550,8954,581
29339.778437,2669429844,2669430427,9172,583
29339.790460,2669433717,2669434320,9323,603
29339.802471,2669437583,2669438163,8941,580
29339.814506,2669441470,2669442054,9164,584
29339.826510,2669445484,2669446085,11885,601
29339.838538,2669449458,2669450064,11807,606
29339.850573,2669453374,2669453958,9184,584
29339.862591,2669457255,2669457870,9300,615
29339.874614,2669461072,2669461653,8999,581
29339.886646,2669464905,2669465488,9232,583
29339.898660,2669468805,2669469420,9259,615
29339.910684,2669472644,2669473226,9023,582
29339.922708,2669476677,2669477260,11961,583
29339.934727,2669480586,2669481190,9287,604
29339.946749,2669484500,2669485081,8958,581
29339.958782,2669488376,2669488960,9211,584
29339.970796,2669492210,2669492816,9228,606
29340.002354,2669502158,2669502773,11888,615
29340.014381,2669506058,2669506635,8955,577
29340.026407,2669510101,2669510685,11960,584
29340.038428,2669514073,2669514674,11941,601
29340.050447,2669517895,2669518476,8967,581
29340.062480,2669521711,2669522293,9215,582
29340.074494,2669525631,2669526235,9220,604
29340.086515,2669529487,2669530069,8934,582
29340.098546,2669533365,2669533949,9205,584
29340.110564,2669537256,2669537860,9292,604
29340.122579,2669541069,2669541648,8909,579
29340.134617,2669544916,2669545497,9201,581
29340.146630,2669548836,2669549445,9273,609
29340.158652,2669552682,2669553259,8960,577
29340.170680,2669556581,2669557191,9196,610
29340.182701,2669560530,2669561140,9297,610
29340.194718,2669564422,2669565004,8977,582
29340.206750,2669568264,2669568848,9181,584
29340.218768,2669572173,2669572790,9206,617
29340.230789,2669576013,2669576595,8965,582
29340.242821,2669580041,2669580625,11970,584
29340.254838,2669584058,2669584673,12063,615
29340.266851,2669587899,2669588506,8861,607
29340.278884,2669591787,2669592400,9221,613
29340.290903,2669595699,2669596304,9273,605
29340.302925,2669599486,2669600093,8934,607
29340.314956,2669603397,2669603981,9151,584
29340.326973,2669607277,2669607886,9253,609
29340.338995,2669611236,2669611840,11981,604
29340.351024,2669615253,2669615857,12084,604
29340.363032,2669619297,2669619904,11833,607
29340.375064,2669623334,2669623935,11833,601
29340.387092,2669627514,2669628098,11930,584
29340.399103,2669631607,2669632214,11863,607
29340.411132,2669635484,2669636065,8942,581
29340.423156,2669639454,2669640069,9181,615
29340.435185,2669643460,2669644070,12002,610
29340.447201,2669647444,2669648062,11879,618
29340.459229,2669651554,2669652138,11964,584
29340.471241,2669655483,2669656088,11824,605
29340.483268,2669659445,2669660053,11817,608
29340.495297,2669663502,2669664086,12003,584
29340.507309,2669667460,2669668067,11862,607
29340.519340,2669671415,2669672017,11858,602
29340.529862,2669674855,2669675464,9240,609
29340.541889,2669678787,2669679217,7575,430
29340.553909,2669682445,2669683055,9184,610
29340.565928,2669686353,2669686957,9286,604
29340.577954,2669690229,2669690811,8939,582
29340.589980,2669694099,2669694683,9152,584
29340.601997,2669697906,2669698510,9209,604
29340.614021,2669701785,2669702366,8983,581
29340.626050,2669705720,2669706304,11964,584
29340.638067,2669709716,2669710331,12080,615
29340.650091,2669713555,2669714130,8973,575
29340.662119,2669717396,2669717980,9177,584
29340.674134,2669721255,2669721859,9296,604
29340.686157,2669725112,2669725720,8957,608
29340.698187,2669729029,2669729612,9197,583
29340.710202,2669732923,2669733527,9270,604
29340.722225,2669736845,2669737429,8890,584
29340.734257,2669740672,2669741259,8996,587
29340.746269,2669744549,2669745159,9310,610
29340.758290,2669748479,2669749063,8907,584
29340.770321,2669752314,2669752929,9229,615
29340.782343,2669756251,2669756866,9310,615
29340.794361,2669760075,2669760656,8942,581
29340.806395,2669763924,2669764508,9157,584
29340.818408,2669767801,2669768408,9267,607
29340.830431,2669771651,2669772228,8974,577
29340.842460,2669775544,2669776128,9159,584
29340.854476,2669779543,2669780158,12056,615
29340.866501,2669783335,2669783911,8960,576
29340.878529,2669787223,2669787807,9179,584
29340.890547,2669791144,2669791754,9300,610
29340.902568,2669794963,2669795544,8977,581
29340.914596,2669798859,2669799442,9192,583
29340.926608,2669802819,2669803426,9167,607
29340.938632,2669806779,2669807363,8858,584
29340.950666,2669810668,2669811251,9199,583
29340.962683,2669814553,2669815157,9296,604
29340.974704,2669818357,2669818939,8930,582
29340.986731,2669822199,2669822808,9223,609
29340.998749,2669826080,2669826687,9197,607
29341.010772,2669829911,2669830492,8915,581
29341.022805,2669833755,2669834339,9169,584
29341.034818,2669837628,2669838241,9276,613
29341.046838,2669841467,2669842069,8884,602
29341.058873,2669845531,2669846115,11992,584
29341.070876,2669849540,2669850153,11862,613
29341.082907,2669853349,2669853951,8929,602
29341.094940,2669857218,2669857802,9195,584
29341.106949,2669861048,2669861655,9187,607
29341.118973,2669864870,2669865476,8888,606
29341.131007,2669868761,2669869370,9108,609
29341.143024,2669872661,2669873267,9165,606
29341.155042,2669876552,2669877136,8872,584
29341.167079,2669880605,2669881181,12001,576
29341.179100,2669884638,2669885246,11961,608
29341.191117,2669888698,2669889310,11884,612
29341.203143,2669892741,2669893351,12083,610
29341.215156,2669896745,2669897351,11821,606
29341.227179,2669900562,2669901169,8898,607
29341.239208,2669904566,2669905171,9177,605
29341.251219,2669908613,2669909222,11865,609
29341.263252,2669912608,2669913190,11969,582
29341.275284,2669916612,2669917226,12083,614
29341.287289,2669920634,2669921247,11866,613
29341.299323,2669924622,2669925204,11971,582
29341.311352,2669928590,2669929172,12001,582
29341.321863,2669931966,2669932550,8899,584
29341.333893,2669935815,2669936397,9215,582
29341.345907,2669939666,2669940272,9124,606
29341.357932,2669943562,2669944143,11997,581
29341.369958,2669947398,2669948008,12064,610
29341.381981,2669951285,2669951895,9251,610
29341.394004,2669955137,2669955719,8937,582
29341.406035,2669958955,2669959539,9219,584
29341.418045,2669962801,2669963407,9166,606
29341.430071,2669966652,2669967264,8865,612
29341.442098,2669970636,2669971218,11971,582
29341.454114,2669974622,2669975225,12071,603
29341.466141,2669978475,2669979057,8971,582
29341.478174,2669982304,2669982886,9030,582
29341.490182,2669986162,2669986769,9182,607
29341.502210,2669990012,2669990593,8962,581
29341.514241,2669993847,2669994431,9257,584
29341.526258,2669997690,2669998291,9149,601
29341.538275,2670001599,2670002183,8917,584
29341.550309,2670005425,2670006008,9211,583
29341.562319,2670009264,2670009871,9196,607
29341.574343,2670013286,2670013862,11999,576
29341.586371,2670017137,2670017747,9203,610
29341.598387,2670020963,2670021574,9186,611
29341.610415,2670024778,2670025359,8999,581
29341.622446,2670028607,2670029191,9220,584
29341.634461,2670032448,2670033058,9197,610
29341.646486,2670036323,2670036905,8972,582
29341.658508,2670040348,2670040932,11963,584
29341.670518,2670044334,2670044936,11869,602
29341.682551,2670048249,2670048824,8954,575
29341.694582,2670052080,2670052664,9174,584
29341.706591,2670055922,2670056534,9170,612
29341.718619,2670059777,2670060359,8960,582
29341.730650,2670063644,2670064227,9212,583
29341.742666,2670067481,2670068086,9207,605
29341.754683,2670071323,2670071907,8849,584
29341.766719,2670075160,2670075742,9236,582
29341.778735,2670079049,2670079652,9274,603
29341.790756,2670082906,2670083487,8963,581
29341.802784,2670086748,2670087356,9225,608
29341.814797,2670090579,2670091185,9161,606
29341.826822,2670094394,2670095007,8902,613
29341.838852,2670098263,2670098878,9152,615
29341.850864,2670102121,2670102727,9136,606
29341.862891,2670105979,2670106560,8948,581
29341.874922,2670109978,2670110588,12044,610
29341.886930,2670114006,2670114608,11861,602
29341.898956,2670117789,2670118390,8889,601
29341.910993,2670121663,2670122247,9233,584
29341.923010,2670125481,2670126094,9259,613
29341.935025,2670129475,2670130057,11954,582
29341.947056,2670133560,2670134144,11961,584
29341.959074,2670137515,2670138115,9181,600
29341.971093,2670141595,2670142200,11972,605
29341.983123,2670145600,2670146209,9201,609
29342.043235,2670164287,2670164899,11850,612
29342.055259,2670168264,2670168869,9202,605
29342.067271,2670172243,2670172849,11865,606
29342.079304,2670176213,2670176819,11847,606
29342.091334,2670180230,2670180832,12156,602
29342.101850,2670183603,2670184186,8941,583
29342.113880,2670187417,2670188001,9188,584
29342.125897,2670191276,2670191891,9290,615
29342.137913,2670195170,2670195753,8912,583
29342.149950,2670199029,2670199610,9207,581
29342.161966,2670202905,2670203509,9252,604
29342.173981,2670206754,2670207365,11822,611
29342.186011,2670210611,2670211223,12076,612
29342.198028,2670214494,2670215095,9108,601
29342.210056,2670218330,2670218911,8957,581
29342.222089,2670222162,2670222746,9001,584
29342.234102,2670225979,2670226583,9200,604
29342.246127,2670229845,2670230427,8963,582
29342.258150,2670233844,2670234428,11975,584
29342.270173,2670237820,2670238431,12122,611
29342.282194,2670241673,2670242255,8972,582
29342.294224,2670245492,2670246075,9167,583
29342.306233,2670249341,2670249948,9141,607
29342.318262,2670253182,2670253759,8972,577
29342.330291,2670257009,2670257591,9194,582
29342.342303,2670260859,2670261472,9180,613
29342.354328,2670264731,2670265314,8928,583
29342.366358,2670268587,2670269167,9112,580
29342.378376,2670272445,2670273051,9160,606
29342.390395,2670276481,2670277064,12003,583
29342.402423,2670280499,2670281114,12080,615
29342.414438,2670284389,2670284990,9182,601
29342.426466,2670288210,2670288792,9007,582
29342.436983,2670291769,2670292382,12045,613
29342.456331,2670298833,2670299438,11960,605
29342.470055,2670302974,2670303558,11970,584
29342.482068,2670306835,2670307437,9167,602
29342.494096,2670310741,2670311322,8953,581
29342.506126,2670314602,2670315186,9215,584
29342.518145,2670318471,2670319084,9197,613
29342.530164,2670322391,2670322973,8909,582
29342.542194,2670326248,2670326832,9174,584
29342.554209,2670330134,2670330738,9253,604
29342.566233,2670333977,2670334557,8954,580
29342.578262,2670337862,2670338446,9235,584
29342.590270,2670341856,2670342468,11930,612
29342.602299,2670345895,2670346502,11835,607
29342.614332,2670349748,2670350330,9219,582
29342.626346,2670353620,2670354232,9203,612
29342.642877,2670358857,2670359439,8967,582
29342.654902,2670362717,2670363325,9194,608
29342.666927,2670366643,2670367256,9322,613
29342.678940,2670370523,2670371130,8870,607
29342.690974,2670374551,2670375155,12106,604
29342.702982,2670378537,2670379154,11860,617
29342.715011,2670382385,2670382961,8945,576
29342.727040,2670386419,2670387039,12107,620
29342.739050,2670390496,2670391108,11878,612
29342.751083,2670394546,2670395128,11966,582
29342.763109,2670398684,2670399268,11955,584
29342.775128,2670402614,2670403220,9252,606
29342.787146,2670406453,2670407037,8894,584
29342.799179,2670410433,2670411016,12007,583
29342.811193,2670414375,2670414981,11858,606
29342.823217,2670418335,2670418917,11997,582
29342.835247,2670422321,2670422936,12077,615
29342.847257,2670426323,2670426925,11869,602
29342.859283,2670430119,2670430731,8897,612
29342.871312,2670434228,2670434831,12059,603
29342.883324,2670438212,2670438822,11887,610
29342.895355,2670442218,2670442825,11877,607
29342.905877,2670445624,2670446226,9220,602
29342.917899,2670449478,2670450086,8823,608
29342.929932,2670453363,2670453946,9213,583
29342.941942,2670457184,2670457785,9147,601
29342.953965,2670461264,2670461848,8917,584
29342.966003,2670465159,2670465741,9074,582
29342.978012,2670469021,2670469623,9140,602
29343.006576,2670478206,2670478789,12079,583
29343.018593,2670482265,2670482885,12059,620
29343.030615,2670486154,2670486735,8947,581
29343.042646,2670490006,2670490590,9221,584
29343.054655,2670493871,2670494473,9118,602
29343.066682,2670497743,2670498353,8909,610
29343.078712,2670501667,2670502251,9213,584
29343.090718,2670505667,2670506274,11863,607
29343.102747,2670509668,2670510251,11816,583
29343.114781,2670513573,2670514156,9040,583
29343.126792,2670517429,2670518031,9203,602
29343.138819,2670521250,2670521831,8936,581
29343.150850,2670525147,2670525732,9157,585
29343.162870,2670529162,2670529775,11990,613
29343.174887,2670533024,2670533631,8904,607
29343.185408,2670536560,2670537167,12033,607
29343.201940,2670541895,2670542502,11858,607
29343.213973,2670545758,2670546342,9077,584
29343.225975,2670549684,2670550286,11878,602
29343.238011,2670553527,2670554109,8903,582
29343.250042,2670557351,2670557934,9255,583
29343.262059,2670561209,2670561827,9192,618
29343.274076,2670565204,2670565785,11987,581
29343.286104,2670569236,2670569820,11955,584
29343.298122,2670573080,2670573680,9200,600
29343.326684,2670582197,2670582779,11974,582
29343.338695,2670586061,2670586662,9181,601
29343.350725,2670589873,2670590454,8940,581
29343.362753,2670593761,2670594376,9048,615
29343.374770,2670597701,2670598307,9197,606
29343.386787,2670601533,2670602117,8835,584
29343.398820,2670605430,2670606012,9169,582
29343.410840,2670609251,2670609863,9239,612
29343.422855,2670613278,2670613860,11957,582
29343.434888,2670617339,2670617942,12068,603
29343.446900,2670621190,2670621791,9175,601
29343.458924,2670624981,2670625582,8885,601
29343.470954,2670628891,2670629494,9183,603
29343.482974,2670632769,2670633376,9252,607
29343.494992,2670636593,2670637200,8862,607
29343.507024,2670640717,2670641332,12072,615
29343.519044,2670644874,2670645484,12039,610
29343.531067,2670648819,2670649400,8993,581
29343.543093,2670652948,2670653532,11958,584
29343.555104,2670657025,2670657626,11881,601
29343.565639,2670660505,2670661087,9209,582
29343.585169,2670666816,2670667428,11874,612
29343.604698,2670673096,2670673698,11862,602
29343.618225,2670677576,2670678183,11944,607
29343.630254,2670681613,2670682219,11835,606
29343.651299,2670688451,2670689059,12108,608
29343.663320,2670692496,2670693106,12040,610
29343.675339,2670696322,2670696903,8959,581
29343.685864,2670699786,2670700255,7432,469
29343.697884,2670703572,2670704150,8929,578
29343.709917,2670707423,2670708007,9051,584
29343.721928,2670711325,2670711935,9224,610
29343.733954,2670715216,2670715799,8918,583
29343.745984,2670719081,2670719665,9204,584
29343.758002,2670722945,2670723563,9176,618
29343.770020,2670726856,2670727440,8935,584
29343.782054,2670730671,2670731250,9229,579
29343.794064,2670734498,2670735104,9121,606
29343.806089,2670738480,2670739056,12008,576
29343.818115,2670742440,2670743043,12064,603
29343.830137,2670746297,2670746897,9202,600
29343.842158,2670750220,2670750804,8965,584
29343.854191,2670754080,2670754664,9235,584
29343.866199,2670757940,2670758546,9170,606
29343.878228,2670761806,2670762388,8965,582
29343.890255,2670765774,2670766357,11987,583
29343.902277,2670769838,2670770457,12093,619
29343.914291,2670773950,2670774562,11811,612
29343.926325,2670777926,2670778510,8931,584
29343.938347,2670781856,2670782471,9183,615
29343.950359,2670785932,2670786544,11830,612
29343.962392,2670789904,2670790488,8879,584
29343.974405,2670793786,2670794387,9150,601
29343.986433,2670797676,2670798260,8917,584
29343.998463,2670801567,2670802149,9245,582
29344.010479,2670805451,2670806066,9265,615
29344.022500,2670809471,2670810054,11968,583
29344.034529,2670813548,2670814168,12095,620
29344.046538,2670817629,2670818237,11868,608
29344.058565,2670821513,2670822114,8898,601
29344.070598,2670825401,2670825985,9183,584
29344.082610,2670829250,2670829856,9154,606
29344.094632,2670833129,2670833713,8861,584
29344.106664,2670837156,2670837740,11949,584
29344.118685,2670841175,2670841785,12074,610
29344.130706,2670845041,2670845623,8954,582
29344.142737,2670848909,2670849492,9213,583
29344.154757,2670852776,2670853382,9262,606
29344.166774,2670856634,2670857217,8914,583
29344.178806,2670860517,2670861101,9232,584
29344.190815,2670864377,2670864995,9216,618
29344.202838,2670868274,2670868857,8848,583
29344.214872,2670872134,2670872717,9175,583
29344.226882,2670875977,2670876578,9191,601
29344.238911,2670879947,2670880554,11844,607
29344.250938,2670884012,2670884621,12085,609
29344.262956,2670887904,2670888505,9159,601
29344.274978,2670891736,2670892318,8978,582
29344.287005,2670895620,2670896231,9161,611
29344.299020,2670899640,2670900249,9159,609
29344.311047,2670903641,2670904222,8991,581
29344.323077,2670907743,2670908347,12078,604
29344.335085,2670911796,2670912404,11911,608
29344.347116,2670915812,2670916418,11821,606
29344.359145,2670919946,2670920530,11986,584
29344.371158,2670923964,2670924566,11861,602
29344.383186,2670927920,2670928528,11857,608
29344.395214,2670931962,2670932575,12070,613
29344.407233,2670935953,2670936567,9274,614
29344.419249,2670939821,2670940405,8881,584
29344.431285,2670943821,2670944435,12127,614
29344.443291,2670947819,2670948420,11867,601
29344.455322,2670951795,2670952403,11843,608
29344.467350,2670955848,2670956450,12081,602
29344.477862,2670959250,2670959834,8881,584
29344.489902,2670963060,2670963497,7439,437
29344.501922,2670966807,2670967267,7417,460
29344.513936,2670970573,2670971157,8930,584
29344.525968,2670974450,2670975034,9178,584
29344.537978,2670978305,2670978906,9155,601
29344.550005,2670982152,2670982754,8901,602
29344.562035,2670986031,2670986613,9235,582
29344.574051,2670989846,2670990457,9159,611
29344.586069,2670993742,2670994326,8925,584
29344.598106,2670997541,2670998120,9243,579
29344.610115,2671001379,2671001985,9147,606
29344.622137,2671005402,2671005986,11841,584
29344.646182,2671012978,2671013589,9209,611
29344.658210,2671016906,2671017488,8950,582
29344.670242,2671020779,2671021363,9224,584
29344.682252,2671024651,2671025268,9154,617
29344.694280,2671028523,2671029105,8932,582
29344.706307,2671032501,2671033084,11965,583
29344.718325,2671036519,2671037129,12061,610
29344.730349,2671040397,2671040974,8976,577
29344.742379,2671044253,2671044836,9223,583
29344.754394,2671048131,2671048746,9264,615
29344.766417,2671051963,2671052546,8958,583
29344.778449,2671055814,2671056398,9158,584
29344.790462,2671059660,2671060266,9178,606
29344.802487,2671063553,2671064157,8956,604
29344.814514,2671067456,2671068038,9163,582
29344.826525,2671071296,2671071903,9153,607
29344.838551,2671075300,2671075882,11969,582
29344.850580,2671079302,2671079913,12036,611
29344.862598,2671083201,2671083809,9201,608
29344.874620,2671087030,2671087612,8919,582
29344.886654,2671090898,2671091482,9183,584
29344.898674,2671094699,2671095309,9261,610
29344.910685,2671098606,2671099191,8850,585
29344.922717,2671102619,2671103202,11980,583
29344.934737,2671106648,2671107253,12073,605
29344.946757,2671110507,2671111089,8936,582
29344.958788,2671114389,2671114973,9156,584
29344.970799,2671118244,2671118852,9178,608
29344.982822,2671122135,2671122720,8906,585
29345.030924,2671137213,2671137824,12138,611
29345.042935,2671141080,2671141692,9156,612
29345.054959,2671145088,2671145670,11958,582
29345.066989,2671149127,2671149737,12070,610
29345.079004,2671152992,2671153591,9154,599
29345.091031,2671157054,2671157660,11843,606
29345.103057,2671161149,2671161754,12102,605
29345.115073,2671165250,2671165851,9143,601
29345.127095,2671169342,2671169924,11967,582
29345.139128,2671173475,2671174059,11959,584
29345.151145,2671177454,2671178062,12024,608
29345.163170,2671181425,2671182031,11825,606
29345.175197,2671185446,2671186064,12113,618
29345.187207,2671189441,2671190047,11867,606
29345.199239,2671193397,2671194009,11817,612
29345.211265,2671197415,2671198017,12067,602
29345.223282,2671201304,2671201917,9181,613
29345.235301,2671205115,2671205728,8866,613
29345.247338,2671209134,2671209716,11930,582
29345.257854,2671212511,2671213088,8985,577
29345.269883,2671216359,2671216942,9203,583
29345.281896,2671220196,2671220807,9174,611
29345.293915,2671224104,2671224687,8866,583
29345.305950,2671228003,2671228587,9219,584
29345.317964,2671231899,2671232514,12076,615
29345.329990,2671235790,2671236371,8964,581
29345.342019,2671239648,2671240232,9206,584
29345.354031,2671243478,2671244085,9168,607
29345.366056,2671247369,2671247981,8871,612
29345.378088,2671251256,2671251841,9238,585
29345.390101,2671255146,2671255758,9220,612
29345.402121,2671259073,2671259657,8889,584
29345.414158,2671262867,2671263447,9163,580
29345.426171,2671266687,2671267297,9163,610
29345.438193,2671270738,2671271320,12005,582
29345.450218,2671274720,2671275329,12059,609
29345.462236,2671278597,2671279210,9181,613
29345.474264,2671282419,2671283001,8960,582
29345.486295,2671286255,2671286839,9218,584
29345.498305,2671290119,2671290731,9178,612
29345.510334,2671294022,2671294603,8958,581
29345.522363,2671297914,2671298498,9215,584
29345.534378,2671301934,2671302538,12059,604
29345.546397,2671305783,2671306380,8890,597
29345.558430,2671309672,2671310256,9210,584
29345.570444,2671313492,2671314098,9160,606
29345.582468,2671317355,2671317967,8903,612
29345.594498,2671321271,2671321855,8986,584
29345.606509,2671325161,2671325764,9154,603
29345.618531,2671328963,2671329547,8874,584
29345.630565,2671332857,2671333439,9161,582
29345.642586,2671336720,2671337326,9235,606
29345.654599,2671340736,2671341318,12001,582
29345.666628,2671344733,2671345336,12065,603
29345.678646,2671348627,2671349235,9171,608
29345.690675,2671352464,2671353046,8950,582
29345.702703,2671356372,2671356955,9217,583
29345.714714,2671360210,2671360822,9185,612
29345.726736,2671364092,2671364677,8838,585
29345.738767,2671368142,2671368726,11968,584
29345.750787,2671372209,2671372813,12058,604
29345.762809,2671376052,2671376634,8944,582
29345.774841,2671379953,2671380536,9241,583
29345.786849,2671383802,2671384409,9187,607
29345.798874,2671387678,2671388291,8874,613
29345.810907,2671391718,2671392322,12110,604
29345.854483,2671405437,2671406043,11924,606
29345.866503,2671409448,2671410055,11829,607
29345.878536,2671413366,2671413949,9172,583
29345.890557,2671417200,2671417817,9300,617
29345.902576,2671421041,2671421623,8953,582
29345.914609,2671424920,2671425503,9194,583
29345.926618,2671428722,2671429333,9179,611
29345.938643,2671432760,2671433343,11982,583
29345.950671,2671436782,2671437366,11950,584
29345.962685,2671440623,2671441225,9144,602
29345.974712,2671444475,2671445057,8942,582
29345.986743,2671448544,2671449128,11988,584
29345.998762,2671452440,2671453044,9305,604
29346.010782,2671456298,2671456880,8987,582
29346.022811,2671460133,2671460716,9240,583
29346.054371,2671470165,2671470746,11993,581
29346.066379,2671474173,2671474785,11865,612
29346.078414,2671478061,2671478643,9002,582
29346.090444,2671481913,2671482497,9059,584
29346.102451,2671485787,2671486399,9108,612
29346.114481,2671489631,2671490212,8997,581
29346.126510,2671493527,2671494111,9205,584
29346.138530,2671497440,2671498046,9254,606
29346.150546,2671501526,2671502110,11854,584
29346.162578,2671505411,2671505995,9191,584
29346.174583,2671509463,2671510070,11875,607
29346.186617,2671513353,2671513936,8964,583
29346.198644,2671517237,2671517842,9200,605
29346.210658,2671521113,2671521713,9197,600
29346.222686,2671524944,2671525526,8988,582
29346.234718,2671528778,2671529361,9180,583
29346.246732,2671532650,2671533260,9223,610
29346.258752,2671536524,2671537105,8990,581
29346.270782,2671540529,2671541111,12002,582
29346.282788,2671544547,2671545160,11909,613
29346.294822,2671548410,2671548992,8914,582
29346.306854,2671552276,2671552860,9229,584
29346.318861,2671556108,2671556709,9178,601
29346.330888,2671559930,2671560510,8968,580
29346.342920,2671563810,2671564394,9200,584
29346.354925,2671567841,2671568442,11863,601
29346.366954,2671571815,2671572399,11840,584
29346.378989,2671575677,2671576260,9247,583
29346.391002,2671579528,2671580141,9262,613
29346.403024,2671583580,2671584162,11958,582
29346.415054,2671587611,2671588225,12076,614
29346.427069,2671591678,2671592284,11846,606
29346.439093,2671595602,2671596203,8916,601
29346.451122,2671599604,2671600219,9216,615
29346.463131,2671603714,2671604324,11863,610
29346.475164,2671607685,2671608287,11816,602
29346.487195,2671611751,2671612335,11936,584
29346.499202,2671615740,2671616352,11861,612
29346.511233,2671619673,2671620286,11817,613
29346.523262,2671623703,2671624308,12106,605
29346.535286,2671627683,2671628289,12009,606
29346.547303,2671631721,2671632302,9003,581
29346.559328,2671635748,2671636358,12086,610
29346.569842,2671639175,2671639759,8896,584
29346.581875,2671643003,2671643616,9226,613
29346.593886,2671646859,2671647468,9123,609
29346.605914,2671650777,2671651361,8898,584
29346.617946,2671654615,2671655199,9181,584
29346.663030,2671668813,2671669413,12097,600
29346.675035,2671672842,2671673444,11860,602
29346.687068,2671676876,2671677484,11820,608
29346.699096,2671680979,2671681587,12069,608
29346.711107,2671684999,2671685605,11833,606
29346.723135,2671688954,2671689555,11817,601
29346.735163,2671692964,2671693574,12050,610
29346.747176,2671696994,2671697595,9218,601
29346.759203,2671700952,2671701553,11817,601
29346.771232,2671704893,2671705477,9215,584
29346.783259,2671708835,2671709443,12106,608
29346.795274,2671712806,2671713409,11836,603
29346.807301,2671716836,2671717446,12080,610
29346.819312,2671720822,2671721422,11866,600
29346.831341,2671724736,2671725347,11815,611
29346.841861,2671728172,2671728785,9224,613
29346.853889,2671732055,2671732492,7616,437
29346.865921,2671735718,2671736155,7429,437
29346.877931,2671739448,2671740056,12033,608
29346.889950,2671743363,2671743947,8837,584
29346.901986,2671747223,2671747807,9225,584
29346.913996,2671751082,2671751690,9159,608
29346.926025,2671754965,2671755547,8978,582
29346.938053,2671758794,2671759378,9228,584
29346.950067,2671762726,2671763341,9252,615
29346.962095,2671766630,2671767210,8967,580
29346.974123,2671770476,2671771060,9206,584
29346.986138,2671774355,2671774965,9202,610
29346.998160,2671778217,2671778825,8908,608
29347.010191,2671782112,2671782696,9221,584
29347.022205,2671785939,2671786555,9159,616
29347.034229,2671789825,2671790433,8868,608
29347.046260,2671793698,2671794279,9216,581
29347.058270,2671797508,2671798115,9175,607
29347.070295,2671801520,2671802102,12005,582
29347.082325,2671805518,2671806123,12033,605
29347.094339,2671809409,2671810011,9158,602
29347.106367,2671813287,2671813868,8986,581
29347.118397,2671817131,2671817715,9191,584
29347.130415,2671820994,2671821606,9217,612
29347.142436,2671824853,2671825435,8930,582
29347.154466,2671828752,2671829335,9229,583
29347.166483,2671832719,2671833329,9293,610
29347.178506,2671836610,2671837191,8972,581
29347.190533,2671840483,2671841067,9136,584
29347.202543,2671844334,2671844940,9105,606
29347.214568,2671848158,2671848760,8832,602
29347.226604,2671852033,2671852617,9168,584
29347.238618,2671855887,2671856488,9147,601
29347.250635,2671859700,2671860284,8876,584
29347.262669,2671863592,2671864173,9191,581
29347.274680,2671867452,2671868059,9207,607
29347.286703,2671871446,2671872022,11961,576
29347.298732,2671875417,2671876032,12063,615
29347.310748,2671879293,2671879900,9150,607
29347.322776,2671883095,2671883677,8968,582
29347.334807,2671886955,2671887539,9229,584
29347.346817,2671890767,2671891383,9174,616
29347.358841,2671894721,2671895304,8927,583
29347.370873,2671898627,2671899211,9222,584
29347.382891,2671902520,2671903135,9294,615
29347.394912,2671906384,2671906960,8978,576
29347.406942,2671910258,2671910843,9167,585
29347.418953,2671914083,2671914695,9161,612
29347.430979,2671917910,2671918510,8874,600
29347.443009,2671921938,2671922546,12093,608
29347.455022,2671925853,2671926465,9128,612
29347.467045,2671929780,2671930364,8856,584
29347.479083,2671933809,2671934425,12051,616
29347.491091,2671937935,2671938540,11818,605
29347.503118,2671941990,2671942571,12011,581
29347.515148,2671946058,2671946668,12106,610
29347.527174,2671950150,2671950752,12010,602
29347.539188,2671954108,2671954709,11844,601
29347.551216,2671958153,2671958768,12080,615
29347.563225,2671962285,2671962891,11876,606
29347.575257,2671966243,2671966825,11965,582
29347.587285,2671970088,2671970672,9207,584
29347.599303,2671974097,2671974707,12074,610
29347.611325,2671978059,2671978661,11841,602
29347.623349,2671981959,2671982579,9190,620
29347.692481,2672003449,2672004031,12013,582
29347.763119,2672025192,2672025809,9235,617
29347.775143,2672029321,2672029934,11989,613
29347.787161,2672033229,2672033810,8992,581
29347.799183,2672037121,2672037726,9164,605
29347.811194,2672041102,2672041699,11865,597
29347.823228,2672045055,2672045636,11962,581
29347.835255,2672049061,2672049644,11962,583
29347.847265,2672053027,2672053638,11831,611
29347.859297,2672056982,2672057594,11818,612
29347.871321,2672061048,2672061658,12069,610
29347.966007,2672090139,2672090721,12045,582
29347.978025,2672094050,2672094669,9260,619
29347.990048,2672097948,2672098529,8957,581
29348.002075,2672101933,2672102516,11949,583
29348.014084,2672105866,2672106468,11874,602
29348.038144,2672113563,2672114146,11989,583
29348.050157,2672117411,2672118023,9165,612
29348.062185,2672121297,2672121877,8998,580
29348.074217,2672125137,2672125721,9063,584
29348.086222,2672129144,2672129751,11925,607
29348.098251,2672133158,2672133769,11826,611
29348.110284,2672137058,2672137642,9220,584
29348.122303,2672140937,2672141553,9239,616
29348.134324,2672144819,2672145401,8980,582
29348.146353,2672148687,2672149271,9185,584
29348.158362,2672152549,2672153151,9171,602
29348.170390,2672156411,2672156993,9002,582
29348.182419,2672160309,2672160893,9193,584
29348.194433,2672164164,2672164776,9173,612
29348.206459,2672168048,2672168630,8936,582
29348.218487,2672172040,2672172622,12022,582
29348.230499,2672175892,2672176499,9191,607
29348.242525,2672179753,2672180335,8937,582
29348.254557,2672183624,2672184208,9210,584
29348.266567,2672187472,2672188079,9152,607
29348.278594,2672191336,2672191915,8952,579
29348.290624,2672195223,2672195807,9197,584
29348.302634,2672199209,2672199816,11841,607
29348.314664,2672203176,2672203788,11832,612
29348.326695,2672207069,2672207647,9207,578
29348.338705,2672210881,2672211492,9174,611
29348.350734,2672214714,2672215295,8960,581
29348.362765,2672218558,2672219141,9198,583
29348.374779,2672222451,2672223061,9268,610
29348.386804,2672226334,2672226915,9017,581
29348.398829,2672230215,2672230799,9197,584
29348.410840,2672234078,2672234695,9204,617
29348.422866,2672237939,2672238546,8943,607
29348.434896,2672241846,2672242429,9191,583
29348.446909,2672245674,2672246278,9204,604
29348.458938,2672249470,2672250051,8982,581
29348.470970,2672253321,2672253904,9058,583
29348.482976,2672257180,2672257787,9176,607
29348.495001,2672261072,2672261677,8879,605
29348.507033,2672265190,2672265795,12081,605
29348.519059,2672269264,2672269877,11982,613
29348.531073,2672273339,2672273946,11837,607
29348.543101,2672277467,2672278072,12083,605
29348.555116,2672281538,2672282148,11848,610
29348.567143,2672285613,2672286226,11819,613
29348.579170,2672289650,2672290234,11999,584
29348.591182,2672293700,2672294307,11833,607
29348.603212,2672297527,2672298109,8961,582
29348.615238,2672301376,2672301984,9187,608
29348.627254,2672305366,2672305966,11856,600
29348.639280,2672309332,2672309939,11819,607
29348.651310,2672313388,2672313972,11963,584
29348.663320,2672317333,2672317935,11861,602
29348.675350,2672321304,2672321911,11887,607
29348.685873,2672324728,2672325190,7402,462
29348.697895,2672328495,2672328950,7548,455
29348.709922,2672332175,2672332757,9195,582
29348.721933,2672336025,2672336638,9191,613
29348.733960,2672339896,2672340479,8928,583
29348.745995,2672343694,2672344277,9218,583
29348.758005,2672347559,2672348167,9140,608
29348.770028,2672351413,2672352020,8865,607
29348.782061,2672355262,2672355846,9223,584
29348.794065,2672359262,2672359873,11863,611
29348.806100,2672363174,2672363757,8925,583
29348.818129,2672367150,2672367733,11927,583
29348.830137,2672371137,2672371739,11931,602
29348.842169,2672375040,2672375622,8948,582
29348.854200,2672378895,2672379478,9216,583
29348.866216,2672382750,2672383357,9217,607
29348.878237,2672386638,2672387218,8938,580
29348.890267,2672390490,2672391074,9237,584
29348.902275,2672394499,2672395096,11899,597
29348.914311,2672398573,2672399182,12081,609
29348.926334,2672402716,2672403331,12105,615
29348.938344,2672406681,2672407294,8854,613
29348.950378,2672410645,2672411229,8873,584
29348.962402,2672414578,2672415199,9173,621
29348.974415,2672418570,2672419178,8861,608
29348.986444,2672422428,2672423010,9003,582
29348.998470,2672426312,2672426896,9223,584
29349.010483,2672430164,2672430770,9218,606
29349.063083,2672446398,2672447005,8897,607
29349.075112,2672450539,2672451148,12083,609
29349.087126,2672454495,2672455102,9164,607
29349.099150,2672458403,2672459016,8887,613
29349.111183,2672462485,2672463097,12079,612
29349.123191,2672466540,2672467142,11908,602
29349.135223,2672470496,2672471077,11972,581
29349.147252,2672474499,2672475114,12083,615
29349.159260,2672478533,2672479140,11834,607
29349.171287,2672482509,2672483085,11982,576
29349.183318,2672486506,2672487115,12081,609
29349.195329,2672490621,2672491228,11871,607
29349.205870,2672494003,2672494585,9199,582
29349.217885,2672497843,2672498302,7371,459
29349.229904,2672501619,2672502079,7562,460
29349.241937,2672505327,2672505909,9200,582
29349.253950,2672509194,2672509798,9178,604
29349.265976,2672513077,2672513682,8955,605
29349.278004,2672516896,2672517476,9157,580
29349.290018,2672520774,2672521389,9280,615
29349.302041,2672524677,2672525258,11980,581
29349.314068,2672528642,2672529226,11889,584
29349.326083,2672532507,2672533109,9147,602
29349.338111,2672536340,2672536922,8930,582
29349.350142,2672540156,2672540740,9179,584
29349.362164,2672543958,2672544570,9245,612
29349.374182,2672547851,2672548433,8971,582
29349.386210,2672551702,2672552285,9227,583
29349.398224,2672555556,2672556166,9244,610
29349.410248,2672559442,2672560022,8974,580
29349.422278,2672563334,2672563918,9175,584
29349.434286,2672567352,2672567958,11959,606
29349.446315,2672571356,2672571938,11978,582
29349.458347,2672575225,2672575809,9227,584
29349.470361,2672579108,2672579716,9189,608
29349.482386,2672582960,2672583542,8959,582
29349.494416,2672586796,2672587377,9193,581
29349.506426,2672590640,2672591247,9196,607
29349.518452,2672594669,2672595250,11964,581
29349.530480,2672598675,2672599279,12123,604
29349.542494,2672602561,2672603167,9177,606
29349.554523,2672606415,2672606996,8992,581
29349.566550,2672610280,2672610864,9195,584
29349.578566,2672614155,2672614757,9255,602
29349.590592,2672617974,2672618555,9005,581
29349.602622,2672621914,2672622498,9268,584
29349.614636,2672625788,2672626401,9284,613
29349.626658,2672629650,2672630230,8954,580
29349.638689,2672633523,2672634107,9218,584
29349.650697,2672637549,2672638156,11836,607
29349.662727,2672641529,2672642136,11831,607
29349.674757,2672645448,2672646033,9150,585
29349.686767,2672649293,2672649911,9195,618
29349.698795,2672653102,2672653683,8951,581
29349.710829,2672656927,2672657508,9090,581
29349.722836,2672660757,2672661358,9185,601
29349.734864,2672664712,2672665294,11976,582
29349.746891,2672668715,2672669325,12093,610
29349.758912,2672672597,2672673204,9213,607
29349.770930,2672676456,2672677038,8914,582
29349.782961,2672680336,2672680920,9162,584
29349.794971,2672684185,2672684792,9183,607
29349.807003,2672688057,2672688639,9010,582
29349.819025,2672691986,2672692596,9200,610
29349.831040,2672695942,2672696550,9210,608
29349.843068,2672699943,2672700548,11825,605
29349.855095,2672704081,2672704665,11960,584
29349.867108,2672708165,2672708778,11868,613
29349.879137,2672712191,2672712797,11816,606
29349.891164,2672716332,2672716942,12079,610
29349.903178,2672720227,2672720840,9193,613
29349.915201,2672724094,2672724700,8860,606
29349.927238,2672728069,2672728676,12035,607
29349.939243,2672732067,2672732680,11884,613
29349.951273,2672736022,2672736629,11862,607
29349.963302,2672740033,2672740653,12107,620
29349.975311,2672744018,2672744620,11869,602
29349.987340,2672747880,2672748493,8905,613
29349.997864,2672751293,2672751906,9196,613
29350.009890,2672755312,2672755926,8990,614
29350.021920,2672759180,2672759763,9205,583
29350.033931,2672763047,2672763649,12031,602
29350.045954,2672766932,2672767542,11958,610
29350.057987,2672770765,2672771348,9044,583
29350.070002,2672774660,2672775268,9222,608
29350.082021,2672778563,2672779147,8924,584
29350.094057,2672782377,2672782957,9180,580
29350.106075,2672786241,2672786853,9230,612
29350.118088,2672790232,2672790808,11972,576
29350.130122,2672794202,2672794785,11999,583
29350.142134,2672798068,2672798671,9166,603
29350.154163,2672801913,2672802494,8959,581
29350.166192,2672805757,2672806341,9194,584
29350.178205,2672809578,2672810191,9201,613
29350.190232,2672813469,2672814051,8977,582
29350.202263,2672817294,2672817879,9245,585
29350.214270,2672821341,2672821945,12027,604
29350.226301,2672825228,2672825808,8988,580
29350.238330,2672829084,2672829669,9221,585
29350.250338,2672833058,2672833665,11931,607
29350.262365,2672837100,2672837707,11811,607
29350.274398,2672840964,2672841547,9186,583
29350.286409,2672844819,2672845421,9196,602
29350.298438,2672848659,2672849236,9008,577
29350.310466,2672852510,2672853092,9220,582
29350.322478,2672856368,2672856976,9197,608
29350.334503,2672860370,2672860952,11964,582
29350.346533,2672864345,2672864928,11982,583
29350.358551,2672868254,2672868859,9265,605
29350.370575,2672872134,2672872715,9017,581
29350.382607,2672875985,2672876568,9253,583
29350.394619,2672879856,2672880464,9241,608
29350.406640,2672883707,2672884314,8896,607
29350.418672,2672887691,2672888275,9253,584
29350.430689,2672891580,2672892195,9256,615
29350.442711,2672895415,2672895996,8928,581
29350.454741,2672899285,2672899869,9031,584
29350.466749,2672903300,2672903913,11851,613
29350.478779,2672907283,2672907900,11870,617
29350.490812,2672911185,2672911769,9194,584
29350.502828,2672915005,2672915606,9271,601
29350.514846,2672918847,2672919429,8948,582
29350.526879,2672922679,2672923261,9167,582
29350.538886,2672926520,2672927128,9159,608
29350.550917,2672930523,2672931105,11963,582
29350.562941,2672934498,2672935112,12073,614
29350.574955,2672938354,2672938956,9180,602
29350.586982,2672942128,2672942710,8907,582
29350.599015,2672945984,2672946567,9212,583
29350.611027,2672949971,2672950582,11865,611
29350.623050,2672954048,2672954661,8894,613
29350.662131,2672966473,2672967081,12074,608
29350.674148,2672970381,2672970993,9134,612
29350.686175,2672974235,2672974816,8937,581
29350.698207,2672978069,2672978653,9237,584
29350.710217,2672981930,2672982531,9185,601
29350.722243,2672985785,2672986367,8922,582
29350.734270,2672989764,2672990348,11964,584
29350.746288,2672993742,2672994357,12060,615
29350.758308,2672997607,2672998183,8988,576
29350.770342,2673001447,2673002030,9205,583
29350.782352,2673005319,2673005927,9170,608
29350.794381,2673009139,2673009721,8978,582
29350.806409,2673012976,2673013560,9183,584
29350.818421,2673016846,2673017448,9146,602
29350.830446,2673020766,2673021350,8921,584
29350.842481,2673024604,2673025186,9255,582
29350.854496,2673028444,2673029048,9277,604
29350.866513,2673032455,2673033037,12014,582
29350.878543,2673036471,2673037081,12068,610
29350.890559,2673040383,2673040991,9167,608
29350.902583,2673044237,2673044838,8892,601
29350.914614,2673048127,2673048711,9229,584
29350.926626,2673052023,2673052634,9236,611
29350.938653,2673055889,2673056471,8920,582
29350.950681,2673059888,2673060469,11925,581
29350.962701,2673063890,2673064500,12073,610
29350.974724,2673067722,2673068304,8966,582
29350.986755,2673071574,2673072158,9180,584
29350.998771,2673075424,2673076032,9188,608
29351.010787,2673079251,2673079854,8903,603
29351.027330,2673084484,2673085068,9186,584
29351.039337,2673088597,2673089210,11872,613
29351.049879,2673091999,2673092437,7558,438
29351.061892,2673095717,2673096175,7392,458
29351.073907,2673099450,2673100033,8891,583
29351.085944,2673103276,2673103858,9267,582
29351.097961,2673107164,2673107769,9306,605
29351.109980,2673111069,2673111652,8932,583
29351.122013,2673114888,2673115470,9138,582
29351.134023,2673118737,2673119338,11881,601
29351.146046,2673122704,2673123288,11835,584
29351.158078,2673126565,2673127148,9225,583
29351.170091,2673130389,2673131000,9160,611
29351.182119,2673134208,2673134789,8943,581
29351.194150,2673138025,2673138610,9204,585
29351.206160,2673141883,2673142491,9140,608
29351.218187,2673145746,2673146328,8970,582
29351.230219,2673149562,2673150146,9244,584
29351.242231,2673153491,2673154107,9218,616
29351.254249,2673157395,2673157978,8907,583
29351.266281,2673161395,2673161979,11971,584
29351.278291,2673165408,2673166014,11868,606
29351.290325,2673169297,2673169879,8925,582
29351.302352,2673173154,2673173737,9228,583
29351.314366,2673177006,2673177613,9210,607
29351.326392,2673180857,2673181436,8910,579
29351.338422,2673184710,2673185294,9241,584
29351.350432,2673188586,2673189199,9206,613
29351.362458,2673192656,2673193239,11833,583
29351.374491,2673196501,2673197085,9234,584
29351.386501,2673200355,2673200957,9152,602
29351.398528,2673204199,2673204817,8902,618
29351.410562,2673208034,2673208616,9221,582
29351.422575,2673211859,2673212470,9171,611
29351.434600,2673215736,2673216318,8994,582
29351.454132,2673222171,2673222781,11983,610
29351.468334,2673227423,2673228033,12123,610
29351.526268,2673245656,2673246267,11833,611
29351.538302,2673249595,2673250179,8895,584
29351.550322,2673253630,2673254250,12073,620
29351.562339,2673257693,2673258303,11992,610
29351.574371,2673261580,2673262164,8911,584
29351.586390,2673265433,2673266046,9235,613
29351.598412,2673269403,2673270017,8999,614
29351.610439,2673273319,2673273904,8904,585
29351.622461,2673277249,2673277853,9233,604
29351.638980,2673282562,2673283170,8900,608
29351.651017,2673286560,2673287143,8950,583
29351.663037,2673290554,2673291169,9261,615
29351.675054,2673294655,2673295261,11844,606
29351.687082,2673298809,2673299424,12062,615
29351.699105,2673303010,2673303620,12116,610
29351.711122,2673307090,2673307703,11844,613
29351.723150,2673311193,2673311777,11927,584
29351.735174,2673315373,2673315976,12079,603
29351.747192,2673319394,2673319999,12000,605
29351.759221,2673323440,2673324052,12032,612
29351.771243,2673327527,2673328131,12084,604
29351.783261,2673331539,2673332147,11835,608
29351.795289,2673335545,2673336160,12039,615
29351.807312,2673339704,2673340314,12089,610
29351.819328,2673343709,2673344322,11847,613
29351.831357,2673347777,2673348382,12063,605
29351.841878,2673351248,2673351861,9052,613
29351.853901,2673355207,2673355791,8887,584
29351.865926,2673359092,2673359549,7457,457
29351.877938,2673362921,2673363531,11978,610
29351.889969,2673366822,2673367406,8875,584
29351.901990,2673370729,2673371342,9175,613
29351.914011,2673374691,2673375306,8964,615
29351.926040,2673378593,2673379176,8856,583
29351.938059,2673382471,2673383089,9152,618
29351.951585,2673387069,2673387690,12077,621
29351.962105,2673390635,2673391219,11915,584
29351.974131,2673394529,2673395138,9234,609
29351.986147,2673398494,2673399103,8976,609
29352.010197,2673406348,2673406951,12078,603
29352.026725,2673411836,2673412440,11834,604
29352.046266,2673418255,2673418870,12100,615
29352.058278,2673422334,2673422950,11806,616
29352.070311,2673426253,2673426836,8903,583
29352.094354,2673434077,2673434687,12000,610
29352.110890,2673439570,2673440180,12058,610
29352.122910,2673443516,2673444131,9243,615
29352.134928,2673447560,2673448173,11854,613
29352.146960,2673451519,2673452102,8921,583
29352.158977,2673455401,2673456018,9154,617
29352.170995,2673459476,2673460081,11984,605
29352.183024,2673463570,2673464154,11964,584
29352.195046,2673467720,2673468330,12073,610
29352.207066,2673471834,2673472437,11851,603
29352.219092,2673476014,2673476598,11926,584
29352.231115,2673480135,2673480739,12078,604
29352.250657,2673486367,2673486951,8912,584
29352.262679,2673490282,2673490891,9233,609
29352.274691,2673494154,2673494759,8902,605
29352.286725,2673498089,2673498673,8917,584
29352.298747,2673502152,2673502760,12088,608
29352.310762,2673506257,2673506867,11974,610
29352.322793,2673510182,2673510766,8922,584
29352.334814,2673514245,2673514860,12095,615
29352.346824,2673518152,2673518765,8878,613
29352.358859,2673522088,2673522671,8867,583
29352.370882,2673526032,2673526653,9233,621
29352.382899,2673530097,2673530710,11816,613
29352.394931,2673534175,2673534759,11936,584
29352.406952,2673538086,2673538691,9252,605
29352.418963,2673541947,2673542555,8902,608
29352.430998,2673545834,2673546418,8894,584
29352.443020,2673549784,2673550400,9188,616
29352.455039,2673553850,2673554451,11848,601
29352.467065,2673557885,2673558469,8915,584
29352.479087,2673561947,2673562567,9240,620
29352.491107,2673566075,2673566693,12004,618
29352.503134,2673570245,2673570860,12063,615
29352.515160,2673574331,2673574935,12098,604
29352.527174,2673578320,2673578928,11881,608
29352.539202,2673582408,2673583013,12031,605
29352.551228,2673586509,2673587129,12085,620
29352.563242,2673590591,2673591204,11843,613
29352.575272,2673594720,2673595333,12052,613
29352.587295,2673598826,2673599431,12046,605
29352.599311,2673602917,2673603530,11843,613
29352.611340,2673606951,2673607535,11948,584
29352.621858,2673610415,2673610885,7639,470
29352.638393,2673615619,2673616228,8922,609
29352.654923,2673620986,2673621601,9259,615
29352.666939,2673625178,2673625781,11826,603
29352.678968,2673629090,2673629674,8895,584
29352.690989,2673633025,2673633633,9229,608
29352.703009,2673637047,2673637660,11842,613
29352.715039,2673641169,2673641752,11967,583
29352.727059,2673645319,2673645939,12083,620
29352.739079,2673649469,2673650085,12000,616
29352.751104,2673653609,2673654193,11922,584
29352.763129,2673657743,2673658353,12078,610
29352.775141,2673661721,2673662331,8872,610
29352.787175,2673665781,2673666396,12035,615
29352.799198,2673669893,2673670503,12087,610
29352.811216,2673673904,2673674524,12002,620
29352.823241,2673677949,2673678532,11941,583
29352.835264,2673682014,2673682619,12049,605
29352.847286,2673686051,2673686661,12004,610
29352.859312,2673690097,2673690682,11942,585
29352.871334,2673694180,2673694784,9220,604
29352.881862,2673697648,2673698087,7667,439
29352.893881,2673701409,2673701868,7501,459
29352.905898,2673705204,2673705809,8925,605
29352.917926,2673709118,2673709702,8909,584
29352.929949,2673713040,2673713655,9213,615
29352.941967,2673716986,2673717594,8973,608
29352.953994,2673720967,2673721582,12037,615
29352.966014,2673724878,2673725485,9153,607
29352.978035,2673728868,2673729483,8990,615
29352.990066,2673732834,2673733418,8957,584
29353.002082,2673736725,2673737333,9183,608
29353.014104,2673740674,2673741284,8947,610
29353.024626,2673744114,2673744726,12073,612
29353.054681,2673753756,2673754360,8987,604
29353.066709,2673757681,2673758296,8950,615
29353.078729,2673761644,2673762259,9199,615
29353.090745,2673765750,2673766357,11971,607
29353.102774,2673769850,2673770460,12039,610
29353.114800,2673773950,2673774554,12086,604
29353.126813,2673778062,2673778667,11973,605
29353.138844,2673782009,2673782618,8901,609
29353.150867,2673785970,2673786585,9213,615
29353.162884,2673789925,2673790529,8987,604
29353.174911,2673793865,2673794478,8913,613
29353.186934,2673797815,2673798419,9207,604
29353.198953,2673801781,2673802385,8970,604
29353.210982,2673805870,2673806480,12042,610
29353.223003,2673809824,2673810429,9160,605
29353.235022,2673813948,2673814563,12011,615
29353.247051,2673818105,2673818720,12039,615
29353.259071,2673822316,2673822932,12079,616
29353.269592,2673825881,2673826491,8959,610
29353.298143,2673835211,2673835826,12011,615
29353.310171,2673839312,2673839927,12036,615
29353.322194,2673843277,2673843892,9228,615
29353.334212,2673847235,2673847845,8936,610
29353.346239,2673851185,2673851795,8943,610
29353.358263,2673855208,2673855812,9266,604
29353.370282,2673859169,2673859779,9004,610
29353.382308,2673863114,2673863729,8927,615
29353.394332,2673867115,2673867730,9242,615
29353.406350,2673871067,2673871672,8981,605
29353.418376,2673874995,2673875605,8883,610
29353.430399,2673878950,2673879559,9058,609
29353.442419,2673882904,2673883514,8908,610
29353.454445,2673886860,2673887464,8976,604
29353.466470,2673890788,2673891395,9244,607
29353.478489,2673895021,2673895631,12032,610
29353.490512,2673898983,2673899591,8900,608
29353.502536,2673902925,2673903545,9220,620
29353.514555,2673907022,2673907637,9016,615
29353.525079,2673911365,2673912148,13492,783
29353.535594,2673919045,2673920195,16321,1150
29353.546109,2673926290,2673927417,16084,1127
29353.558142,2673931455,2673932075,8951,620
29353.570167,2673935488,2673936104,9229,616
29353.582184,2673939482,2673940101,8957,619
29353.594211,2673943500,2673944115,8934,615
29353.606235,2673947490,2673948109,9203,619
29353.618253,2673951467,2673952077,9040,610
29353.630280,2673955426,2673956041,8940,615
29353.642304,2673959367,2673959987,9207,620
29353.654321,2673963344,2673963958,8962,614
29353.666348,2673967300,2673967915,8919,615
29353.678370,2673971257,2673971877,9046,620
29353.690389,2673975214,2673975816,8972,602
29353.702415,2673979160,2673979774,8938,614
29353.714439,2673983131,2673983740,9252,609
29353.726460,2673987226,2673987841,12037,615
29353.738484,2673991184,2673991794,8966,610
29353.750507,2673995162,2673995772,9248,610
29353.762526,2673999141,2673999751,8960,610
29353.774552,2674003096,2674003715,8937,619
29353.786575,2674007069,2674007679,9196,610
29353.798593,2674011024,2674011633,8960,609
29353.810620,2674014971,2674015575,8953,604
29353.822645,2674018932,2674019547,9262,615
29353.834662,2674022879,2674023486,8938,607
29353.846689,2674026848,2674027463,8930,615
29353.858713,2674030780,2674031395,9167,615
29353.870731,2674034741,2674035351,8956,610
29353.882758,2674038700,2674039320,8960,620
29353.894781,2674042654,2674043263,9258,609
29353.906798,2674046603,2674047216,8979,613
29353.918826,2674050553,2674051163,8932,610
29353.930849,2674054577,2674055192,9239,615
29353.942864,2674058719,2674059333,12029,614
29353.954893,2674062716,2674063336,8948,620
29353.966917,2674066741,2674067356,9253,615
29353.978935,2674070756,2674071376,9008,620
29353.990962,2674074744,2674075363,8908,619
29354.002986,2674078701,2674079316,9209,615
29354.015004,2674082683,2674083288,8979,605
29354.027032,2674086693,2674087303,8933,610
29354.039055,2674090857,2674091466,12067,609
29354.051073,2674095078,2674095683,12015,605
29354.063100,2674099252,2674099867,12041,615
29354.075125,2674103469,2674104080,12049,611
29354.087143,2674107637,2674108241,12017,604
29354.099168,2674111707,2674112317,8931,610
29354.111193,2674115704,2674116319,9260,615
29354.123216,2674119819,2674120432,12037,613
29354.135237,2674123909,2674124524,12039,615
29354.147262,2674128011,2674128621,12086,610
29354.159279,2674132118,2674132727,12009,609
29354.171308,2674136203,2674136813,12054,610
29354.183332,2674140295,2674140910,12093,615
29354.195348,2674144363,2674144973,12011,610
29354.205876,2674147840,2674148448,9273,608
29354.217893,2674151775,2674152390,8952,615
29354.229925,2674155775,2674156244,7666,469
29354.241942,2674159580,2674160190,12088,610
29354.253962,2674163533,2674164137,8988,604
29354.265988,2674167476,2674168091,8919,615
29354.278011,2674171442,2674172062,9219,620
29354.290030,2674175399,2674176011,8968,612
29354.302055,2674179371,2674179981,8930,610
29354.314079,2674183429,2674184039,12080,610
29354.326094,2674187502,2674188107,11986,605
29354.338124,2674191451,2674192056,8941,605
29354.350149,2674195408,2674196023,9292,615
29354.362166,2674199380,2674199985,8977,605
29354.374193,2674203332,2674203952,8917,620
29354.386217,2674207307,2674207922,9272,615
29354.398235,2674211267,2674211871,8985,604
29354.410261,2674215216,2674215826,8893,610
29354.422284,2674219158,2674219773,9080,615
29354.434303,2674223112,2674223727,8958,615
29354.446330,2674227218,2674227822,12037,604
29354.458352,2674231172,2674231787,9202,615
29354.470375,2674235134,2674235744,8994,610
29354.482398,2674239053,2674239668,8956,615
29354.494422,2674243000,2674243620,9267,620
29354.506442,2674246942,2674247549,9011,607
29354.518468,2674250900,2674251515,8963,615
29354.530490,2674255009,2674255619,12070,610
29354.542506,2674259104,2674259712,11989,608
29354.554537,2674263057,2674263672,8907,615
29354.566562,2674267028,2674267638,9275,610
29354.578578,2674270991,2674271606,9009,615
29354.590606,2674274942,2674275555,8953,613
29354.602629,2674278899,2674279509,9252,610
29354.614647,2674282849,2674283459,8998,610
29354.626673,2674286792,2674287402,8873,610
29354.638698,2674290744,2674291364,9181,620
29354.650716,2674294705,2674295315,8926,610
29354.662743,2674298649,2674299259,8941,610
29354.674765,2674302591,2674303200,9242,609
29354.686785,2674306544,2674307159,8970,615
29354.698811,2674310501,2674311106,8917,605
29354.710834,2674314466,2674315081,9200,615
29354.722851,2674318448,2674319054,8981,606
29354.734878,2674322413,2674323033,8950,620
29354.746904,2674326539,2674327154,12088,615
29354.758918,2674330633,2674331247,11998,614
29354.770946,2674334586,2674335201,8941,615
29354.782971,2674338535,2674339151,9240,616
29354.794989,2674342483,2674343093,8955,610
29354.807014,2674346433,2674347048,8962,615
29354.819040,2674350587,2674351192,12045,605
29354.831057,2674354657,2674355272,9002,615
29354.843084,2674358746,2674359356,8938,610
29354.855110,2674362943,2674363553,12083,610
29354.867129,2674367130,2674367745,12039,615
29354.879152,2674371152,2674371762,8918,610
29354.891176,2674375297,2674375906,12087,609
29354.903194,2674379418,2674380033,12011,615
29354.915219,2674383448,2674384058,8924,610
29354.927242,2674387406,2674388021,9206,615
29354.939261,2674391502,2674392110,12008,608
29354.951290,2674395595,2674396214,12037,619
29354.963312,2674399708,2674400312,12066,604
29354.975330,2674403783,2674404388,12014,605
29354.987359,2674407877,2674408487,12041,610
29354.997875,2674411365,2674411975,8952,610
29355.009902,2674415324,2674415939,8927,615
29355.021925,2674419284,2674419898,9198,614
29355.033941,2674423235,2674423839,8939,604
29355.045971,2674427224,2674427839,12043,615
29355.057992,2674431209,2674431812,12085,603
29355.070013,2674435168,2674435778,8969,610
29355.082039,2674439104,2674439719,8909,615
29355.094063,2674443060,2674443669,9246,609
29355.106081,2674447028,2674447635,8991,607
29355.118109,2674450978,2674451588,8910,610
29355.130132,2674455055,2674455660,12074,605
29355.142147,2674459135,2674459739,12018,604
29355.154177,2674463081,2674463696,8922,615
29355.166201,2674467052,2674467667,8988,615
29355.178219,2674471017,2674471632,8942,615
29355.190246,2674474975,2674475590,8963,615
29355.202271,2674478943,2674479553,9256,610
29355.214292,2674482903,2674483507,9021,604
29355.226314,2674486843,2674487462,8937,619
29355.238339,2674490806,2674491415,9225,609
29355.250356,2674494760,2674495375,8993,615
29355.262382,2674498872,2674499482,12045,610
29355.274405,2674502954,2674503558,12091,604
29355.286425,2674506916,2674507536,8986,620
29355.298452,2674510882,2674511497,8954,615
29355.310476,2674514809,2674515419,9204,610
29355.322492,2674518745,2674519352,8958,607
29355.334519,2674522695,2674523305,8934,610
29355.346542,2674526797,2674527412,12090,615
29355.358557,2674530900,2674531510,11977,610
29355.370587,2674534871,2674535481,8902,610
29355.382612,2674538811,2674539426,9210,615
29355.394629,2674542761,2674543371,8989,610
29355.406655,2674546714,2674547322,8949,608
29355.418679,2674550671,2674551281,9252,610
29355.430698,2674554612,2674555222,8952,610
29355.442724,2674558573,2674559193,8928,620
29355.454748,2674562602,2674563222,9244,620
29355.514854,2674581684,2674582289,11981,605
29355.526886,2674585621,2674586241,9247,620
29355.538901,2674589516,2674590131,9196,615
29355.550922,2674593437,2674594020,8927,583
29355.562955,2674597484,2674598093,12048,609
29355.574961,2674601517,2674602120,11870,603
29355.586992,2674605418,2674606002,8938,584
29355.599020,2674609448,2674610057,12066,609
29355.611046,2674613510,2674614123,11959,613
29355.623060,2674617522,2674618106,8950,584
29355.719240,2674647911,2674648513,11915,602
29355.731266,2674651833,2674652443,8930,610
29355.743296,2674655768,2674656378,9202,610
29355.755304,2674659766,2674660370,11910,604
29355.767337,2674663833,2674664438,11995,605
29355.779366,2674667870,2674668483,12086,613
29355.789878,2674671308,2674671892,8918,584
29355.801908,2674675180,2674675786,9251,606
29355.813927,2674679137,2674679741,9283,604
29355.825948,2674683050,2674683634,8930,584
29355.837978,2674686922,2674687529,9253,607
29355.849997,2674690843,2674691458,9269,615
29355.862016,2674694853,2674695468,11989,615
29355.874045,2674698788,2674699391,12056,603
29355.886063,2674702725,2674703335,9276,610
29355.898081,2674706627,2674707211,8882,584
29355.910114,2674710520,2674711135,9066,615
29355.922132,2674714485,2674715092,9275,607
29355.934154,2674718429,2674719014,8906,585
29355.946184,2674722419,2674723027,12140,608
29355.958205,2674726435,2674727041,12004,606
29355.970221,2674730345,2674730929,8955,584
29355.982252,2674734412,2674735021,12072,609
29355.994270,2674738331,2674738938,9147,607
29356.006288,2674742206,2674742784,8909,578
29356.018321,2674746072,2674746675,9232,603
29356.030336,2674749985,2674750593,9181,608
29356.042359,2674753899,2674754483,8941,584
29356.054389,2674757791,2674758400,9206,609
29356.066404,2674761707,2674762315,9252,608
29356.078423,2674765627,2674766211,8889,584
29356.090456,2674769667,2674770270,12076,603
29356.102474,2674773597,2674774205,9234,608
29356.114493,2674777504,2674778088,8889,584
29356.126528,2674781389,2674782009,9244,620
29356.138544,2674785323,2674785939,9146,616
29356.150564,2674789249,2674789828,8919,579
29356.162595,2674793252,2674793855,12084,603
29356.174602,2674797268,2674797875,11861,607
29356.186634,2674801194,2674801778,8964,584
29356.198663,2674805113,2674805722,9245,609
29356.210681,2674809075,2674809680,9296,605
29356.222697,2674812959,2674813543,8913,584
29356.234732,2674816872,2674817487,9254,615
29356.246748,2674820792,2674821405,9228,613
29356.258772,2674824710,2674825315,8941,605
29356.270800,2674828631,2674829234,9264,603
29356.282815,2674832500,2674833107,9195,607
29356.294833,2674836591,2674837175,11803,584
29356.306870,2674840640,2674841242,12042,602
29356.318884,2674844520,2674845122,9207,602
29356.330906,2674848428,2674849012,8896,584
29356.342938,2674852333,2674852943,9199,610
29356.354955,2674856220,2674856831,9237,611
29356.366973,2674860142,2674860726,8936,584
29356.379008,2674864209,2674864824,12089,615
29356.391014,2674868307,2674868914,11869,607
29356.403040,2674872459,2674873043,11823,584
29356.415075,2674876596,2674877211,12087,615
29356.427082,2674880737,2674881340,11840,603
29356.439107,2674884846,2674885430,11826,584
29356.451140,2674888969,2674889579,12072,610
29356.463157,2674892963,2674893566,9189,603
29356.475180,2674896920,2674897499,8890,579
29356.487212,2674900976,2674901590,12070,614
29356.499221,2674905005,2674905618,11839,613
29356.511252,2674909085,2674909700,11996,615
29356.523280,2674913165,2674913773,12123,608
29356.535287,2674917168,2674917776,11863,608
29356.547318,2674921076,2674921660,8900,584
29356.559346,2674924969,2674925574,9213,605
29356.569859,2674928379,2674928957,8940,578
29356.581893,2674932267,2674932874,9227,607
29356.593909,2674936143,2674936750,9203,607
29356.605935,2674940031,2674940640,8973,609
29356.617961,2674943919,2674944538,9286,619
29356.629979,2674947880,2674948490,9292,610
29356.641997,2674951760,2674952344,8878,584
29356.654031,2674955609,2674956216,9076,607
29356.666049,2674959567,2674960177,9273,610
29356.678063,2674963622,2674964207,11818,585
29356.690098,2674967578,2674968190,12171,612
29356.702122,2674971511,2674972121,9348,610
29356.714137,2674975433,2674976016,8926,583
29356.726168,2674979305,2674979915,9246,610
29356.738185,2674983231,2674983834,9282,603
29356.750205,2674987152,2674987731,8938,579
29356.762234,2674991229,2674991839,12079,610
29356.774243,2674995291,2674995898,11866,607
29356.786274,2674999182,2674999766,8944,584
29356.798305,2675003098,2675003707,9240,609
29356.810322,2675006989,2675007591,9192,602
29356.822340,2675010860,2675011439,8861,579
29356.834373,2675014742,2675015357,9168,615
29356.846389,2675018681,2675019294,9187,613
29356.858408,2675022603,2675023187,8938,584
29356.870443,2675026481,2675027100,9261,619
29356.902001,2675036530,2675037137,12064,607
29356.914019,2675040474,2675041089,9260,615
29356.926037,2675044375,2675044959,8866,584
29356.938072,2675048245,2675048862,9187,617
29356.950091,2675052431,2675053035,12068,604
29356.962104,2675056445,2675057029,11825,584
29356.974138,2675060442,2675061057,12061,615
29356.986156,2675064370,2675064969,9251,599
29356.998177,2675068277,2675068861,8961,584
29357.010209,2675072199,2675072803,9216,604
29357.022226,2675076144,2675076754,9257,610
29357.034243,2675080017,2675080601,8915,584
29357.046277,2675083907,2675084527,9254,620
29357.058294,2675087831,2675088441,9277,610
29357.070311,2675091709,2675092292,8885,583
29357.082346,2675095554,2675096162,9265,608
29357.094356,2675099616,2675100229,11935,613
29357.106382,2675103705,2675104315,11985,610
29357.118413,2675107611,2675108226,9224,615
29357.130429,2675111550,2675112158,9199,608
29357.142448,2675115449,2675116033,8859,584
29357.154483,2675119328,2675119941,9257,613
29357.166498,2675123257,2675123870,9220,613
29357.178517,2675127325,2675127909,11836,584
29357.190548,2675131367,2675131982,12070,615
29357.202567,2675135303,2675135907,9300,604
29357.214584,2675139181,2675139764,8886,583
29357.226618,2675143069,2675143674,9221,605
29357.238636,2675146962,2675147574,9215,612
29357.250660,2675150855,2675151464,8944,609
29357.262687,2675154772,2675155382,9263,610
29357.274704,2675158701,2675159305,9283,604
29357.286722,2675162589,2675163172,8881,583
29357.298754,2675166521,2675167136,9049,615
29357.310764,2675170573,2675171181,11870,608
29357.322793,2675174645,2675175255,11964,610
29357.334823,2675178588,2675179209,9272,621
29357.346843,2675182458,2675183071,9216,613
29357.358860,2675186377,2675186961,8944,584
29357.370892,2675190298,2675190906,9253,608
29357.382907,2675194191,2675194794,9180,603
29357.394923,2675198264,2675198848,11844,584
29357.406959,2675202316,2675202920,12092,604
29357.418972,2675206182,2675206795,9213,613
29357.430995,2675210085,2675210669,8909,584
29357.443030,2675214184,2675214788,12093,604
29357.455038,2675218365,2675218983,11866,618
29357.467063,2675222551,2675223135,11820,584
29357.479097,2675226556,2675227165,9263,609
29357.491117,2675230606,2675231215,9331,609
29357.503128,2675234727,2675235310,11808,583
29357.515166,2675238848,2675239453,12082,605
29357.527176,2675242874,2675243484,11871,610
29357.539207,2675246941,2675247556,12007,615
29357.551234,2675251020,2675251635,12074,615
29357.563242,2675255377,2675255973,11880,596
29357.575275,2675259269,2675259874,9015,605
29357.587302,2675263342,2675263950,12087,608
29357.599321,2675267379,2675267994,12040,615
29357.611334,2675271442,2675272026,11791,584
29357.621865,2675274877,2675275493,9324,616
29357.633882,2675278753,2675279336,8871,583
29357.645917,2675282615,2675283228,9080,613
29357.657935,2675286549,2675287159,9261,610
29357.669951,2675290435,2675291017,8881,582
29357.681986,2675294297,2675294910,9260,613
29357.694005,2675298226,2675298835,12052,609
29357.706021,2675302212,2675302827,11967,615
29357.718053,2675306089,2675306702,9256,613
29357.730071,2675310027,2675310637,9234,610
29357.742088,2675313927,2675314511,8866,584
29357.754122,2675317819,2675318431,9173,612
29357.766137,2675321989,2675322604,12026,615
29357.778156,2675326018,2675326602,11830,584
29357.790189,2675330000,2675330609,12172,609
29357.802209,2675333907,2675334512,9261,605
29357.814230,2675337834,2675338417,8931,583
29357.826260,2675341719,2675342328,9261,609
29357.838277,2675345629,2675346243,9184,614
29357.850294,2675349588,2675350172,8924,584
29357.862329,2675353470,2675354080,9229,610
29357.874345,2675357386,2675357996,9275,610
29357.886363,2675361268,2675361851,8866,583
29357.898398,2675365158,2675365773,9199,615
29357.910408,2675369202,2675369804,11955,602
29357.922433,2675373235,2675373839,11968,604
29357.934465,2675377109,2675377717,9260,608
29357.946482,2675381063,2675381673,9283,610
29357.958499,2675384942,2675385526,8864,584
29357.970534,2675388834,2675389447,9194,613
29357.982550,2675392765,2675393380,9242,615
29358.165899,2675439604,2675440042,3931,438
29358.177926,2675442798,2675443413,5476,615
29358.189951,2675446207,2675446823,5817,616
29358.201961,2675450090,2675450669,11814,579
29358.213997,2675453958,2675454576,9225,618
29358.226016,2675457896,2675458506,9248,610
29358.238032,2675461771,2675462356,8865,585
29358.250065,2675465660,2675466267,9257,607
29358.262084,2675469573,2675470176,9271,603
29358.274099,2675473441,2675474025,8910,584
29358.286134,2675477308,2675477920,9258,612
29358.298151,2675481256,2675481866,9243,610
29358.310167,2675485306,2675485889,11813,583
29358.322201,2675489308,2675489916,12166,608
29358.334221,2675493229,2675493834,9270,605
29358.346237,2675497144,2675497728,8868,584
29358.358270,2675501032,2675501642,9223,610
29358.370288,2675504922,2675505533,9200,611
29358.382309,2675508851,2675509435,8914,584
29358.394339,2675512881,2675513491,12076,610
29358.406358,2675516968,2675517572,12059,604
29358.418378,2675520884,2675521468,8933,584
29358.430408,2675524770,2675525372,9246,602
29358.442427,2675528689,2675529297,9267,608
29358.454442,2675532553,2675533138,8877,585
29358.466478,2675536418,2675537033,9227,615
29358.478492,2675540303,2675540916,9206,613
29358.490517,2675544225,2675544830,8987,605
29358.502546,2675548109,2675548728,9248,619
29358.514561,2675552006,2675552614,9203,608
29358.526575,2675556084,2675556668,11819,584
29358.538613,2675560110,2675560720,12034,610
29358.550631,2675564031,2675564633,9202,602
29358.562648,2675567924,2675568508,8902,584
29358.574682,2675571808,2675572428,9241,620
29358.586702,2675575741,2675576356,9198,615
29358.598720,2675579652,2675580236,8881,584
29358.610748,2675583656,2675584259,12134,603
29358.622767,2675587747,2675588356,12065,609
29358.779060,2675631858,2675632445,8906,587
29358.791091,2675635552,2675636172,9216,620
29358.803108,2675639590,2675640201,9212,611
29358.815126,2675643704,2675644288,11810,584
29358.827162,2675647793,2675648397,12087,604
29358.839180,2675651906,2675652508,12049,602
29358.851195,2675655953,2675656537,11834,584
29358.863230,2675660037,2675660647,12087,610
29358.875239,2675664053,2675664656,11850,603
29358.887270,2675668092,2675668712,11988,620
29358.899298,2675672143,2675672756,12076,613
29358.911315,2675676025,2675676632,9199,607
29358.923339,2675679904,2675680509,8952,605
29358.933867,2675683366,2675683974,9328,608
29358.945882,2675687288,2675687867,8926,579
29358.957912,2675691236,2675691851,9237,615
29358.969928,2675695218,2675695832,12059,614
29358.981949,2675699185,2675699769,8922,584
29358.993980,2675703167,2675703786,9217,619
29359.005997,2675707142,2675707762,9238,620
29359.018014,2675711073,2675711656,8851,583
29359.030049,2675714943,2675715545,9236,602
29359.042067,2675718838,2675719442,9205,604
29359.054087,2675722739,2675723323,8951,584
29359.066117,2675726620,2675727233,9243,613
29359.078134,2675730533,2675731140,9154,607
29359.090152,2675734458,2675735042,8920,584
29359.102187,2675738307,2675738913,9200,606
29359.114203,2675742240,2675742855,9266,615
29359.126219,2675746294,2675746878,11813,584
29359.138254,2675750335,2675750950,12115,615
29359.150273,2675754299,2675754909,9287,610
29359.162293,2675758208,2675758793,8899,585
29359.174323,2675762097,2675762712,9276,615
29359.186342,2675766031,2675766634,9259,603
29359.198362,2675769939,2675770523,8925,584
29359.210392,2675773905,2675774515,9219,610
29359.222408,2675777836,2675778451,9284,615
29359.234434,2675781732,2675782341,8975,609
29359.246460,2675785642,2675786246,9227,604
29359.258476,2675789556,2675790152,9194,596
29359.270495,2675793436,2675794021,8857,585
29359.282526,2675797321,2675797930,9034,609
29359.294544,2675801246,2675801864,9205,618
29359.306566,2675805184,2675805769,8920,585
29359.318596,2675809077,2675809695,9223,618
29359.330617,2675812984,2675813602,9237,618
29359.342627,2675817078,2675817662,11800,584
29359.354664,2675821089,2675821697,12167,608
29359.366680,2675824975,2675825581,9173,606
29359.378704,2675828885,2675829470,8932,585
29359.390735,2675832809,2675833419,9246,610
29359.402752,2675836752,2675837368,9213,616
29359.414772,2675840667,2675841246,8911,579
29359.426802,2675844564,2675845178,9212,614
29359.438819,2675848644,2675849254,12062,610
29359.450838,2675852530,2675853109,8895,579
29359.462871,2675856441,2675857056,9265,615
29359.474886,2675860323,2675860924,9185,601
29359.486905,2675864251,2675864836,8900,585
29359.498938,2675868148,2675868756,9271,608
29359.510954,2675872067,2675872675,9201,608
29359.522973,2675875933,2675876515,8899,582
29359.535007,2675879848,2675880461,9243,613
29359.547019,2675883886,2675884494,11869,608
29359.559040,2675888020,2675888604,11804,584
29359.571076,2675892169,2675892773,12077,604
29359.583095,2675896335,2675896945,12045,610
29359.595111,2675900459,2675901043,11839,584
29359.607147,2675904621,2675905241,12082,620
29359.619153,2675908732,2675909337,11879,605
29359.798000,2675959765,2675960373,5625,608
29359.810031,2675963018,2675963628,6440,610
29359.822050,2675966951,2675967565,12066,614
29359.834067,2675970909,2675971497,8877,588
29359.846102,2675974772,2675975386,9280,614
29359.858119,2675978687,2675979297,9263,610
29359.870136,2675982570,2675983156,8898,586
29359.970822,2676006313,2676006927,11845,614
29360.002388,2676012988,2676013570,8779,582
29360.014418,2676016268,2676016889,9340,621
29360.026433,2676020197,2676020804,9020,607
29360.038459,2676024107,2676024690,8945,583
29360.050490,2676028000,2676028610,9237,610
29360.062506,2676031939,2676032541,9228,602
29360.074534,2676035854,2676036437,9009,583
29360.086557,2676039758,2676040369,9174,611
29360.098573,2676043670,2676044277,9186,607
29360.110595,2676047571,2676048155,8962,584
29360.122625,2676051438,2676052041,9206,603
29360.134638,2676055320,2676055931,9174,611
29360.146663,2676059246,2676059826,8917,580
29360.158692,2676063283,2676063898,12048,615
29360.170702,2676067352,2676067959,11881,607
29360.182729,2676071259,2676071838,8852,579
29360.194762,2676075186,2676075796,9220,610
29360.206781,2676079070,2676079677,9223,607
29360.218801,2676083017,2676083599,8911,582
29360.230833,2676086939,2676087559,9234,620
29360.242847,2676090861,2676091462,9219,601
29360.254868,2676094746,2676095330,8916,584
29360.266899,2676098639,2676099252,9265,613
29360.278917,2676102546,2676103149,9290,603
29360.290934,2676106425,2676107009,8905,584
29360.302969,2676110325,2676110941,9258,616
29360.314983,2676114224,2676114837,9235,613
29360.327006,2676118165,2676118779,8918,614
29360.339037,2676122099,2676122702,9252,603
29360.351044,2676126142,2676126748,11889,606
29360.363071,2676130310,2676130893,11819,583
29360.375109,2676134460,2676135068,12146,608
29360.387114,2676138570,2676139183,11838,613
29360.399138,2676142676,2676143260,11815,584
29360.411173,2676146742,2676147355,12098,613
29360.423192,2676150837,2676151438,11845,601
29360.435208,2676154868,2676155450,11824,582
29360.447239,2676158917,2676159526,12072,609
29360.472331,2676167411,2676168026,11956,615
29360.538916,2676188738,2676189358,12042,620
29360.550938,2676192703,2676193321,9247,618
29360.562956,2676196666,2676197281,8987,615
29360.574984,2676200772,2676201392,12041,620
29360.587006,2676204882,2676205485,12090,603
29360.599025,2676208973,2676209582,12017,609
29360.611055,2676213150,2676213765,12048,615
29360.623076,2676217222,2676217832,9262,610
29360.659146,2676229109,2676229725,12085,616
29360.671162,2676233163,2676233773,8955,610
29360.683192,2676237308,2676237923,12045,615
29360.695216,2676241386,2676242001,12083,615
29360.707233,2676245480,2676246095,12012,615
29360.719261,2676249583,2676250199,12039,616
29360.731282,2676253697,2676254312,12069,615
29360.743300,2676257653,2676258268,9002,615
29360.755326,2676261614,2676262228,8917,614
29360.767353,2676265688,2676266306,12127,618
29360.777873,2676269179,2676269794,8987,615
29360.789897,2676273130,2676273740,9222,610
29360.801914,2676277083,2676277686,8965,603
29360.813942,2676281016,2676281635,8910,619
29360.825963,2676285115,2676285725,12084,610
29360.837981,2676289097,2676289707,8923,610
29360.850008,2676293028,2676293643,8938,615
29360.862033,2676296989,2676297604,9254,615
29360.874046,2676301013,2676301623,11980,610
29360.886076,2676304949,2676305564,8904,615
29360.898101,2676308902,2676309516,9230,614
29360.910118,2676312834,2676313449,8976,615
29360.922145,2676316815,2676317430,8957,615
29360.934170,2676320777,2676321395,9228,618
29360.946187,2676324740,2676325350,8949,610
29360.958213,2676328884,2676329493,12047,609
29360.970238,2676333113,2676333718,12150,605
29360.994281,2676341021,2676341635,12043,614
29361.006305,2676345154,2676345764,12092,610
29361.022831,2676350558,2676351167,8960,609
29361.034858,2676354556,2676355170,8941,614
29361.046883,2676358528,2676359138,9212,610
29361.058900,2676362488,2676363098,8966,610
29361.070927,2676366470,2676367090,8866,620
29361.081442,2676370094,2676370708,11987,614
29361.105496,2676378015,2676378630,12087,615
29361.122022,2676383396,2676384000,8916,604
29361.134048,2676387354,2676387967,8941,613
29361.155089,2676394178,2676394788,9204,610
29361.167105,2676398401,2676399019,11999,618
29361.179135,2676402591,2676403195,12041,604
29361.191157,2676406706,2676407316,12073,610
29361.203175,2676410816,2676411425,12010,609
29361.215203,2676414923,2676415528,12036,605
29361.227224,2676419093,2676419703,12071,610
29361.239244,2676423177,2676423792,12012,615
29361.251269,2676427287,2676427900,12041,613
29361.263293,2676431366,2676431986,12071,620
29361.275310,2676435343,2676435958,8998,615
29361.287337,2676439316,2676439936,8887,620
29361.297856,2676442810,2676443425,8975,615
29361.309882,2676446783,2676447397,8937,614
29361.321907,2676450737,2676451357,9186,620
29361.333924,2676454699,2676455306,8925,607
29361.345952,2676458656,2676459264,8925,608
29361.357974,2676462631,2676463251,12082,620
29361.369990,2676466608,2676467218,11981,610
29361.382019,2676470569,2676471184,8947,615
29361.394044,2676474551,2676475161,9219,610
29361.406061,2676478500,2676479109,8978,609
29361.418088,2676482459,2676483073,8906,614
29361.430113,2676486416,2676487025,9247,609
29361.442131,2676490360,2676490980,8997,620
29361.454158,2676494341,2676494956,8893,615
29361.466183,2676498294,2676498909,9206,615
29361.478200,2676502263,2676502884,8991,621
29361.490226,2676506392,2676507002,12088,610
29361.502250,2676510516,2676511131,12145,615
29361.514267,2676514490,2676515100,8952,610
29361.526295,2676518457,2676519072,8936,615
29361.538320,2676522418,2676523033,9206,615
29361.550337,2676526382,2676527000,8952,618
29361.562364,2676530420,2676531030,8938,610
29361.574388,2676534530,2676535145,12084,615
29361.586402,2676538633,2676539253,11971,620
29361.598432,2676542612,2676543216,8943,604
29361.610456,2676546556,2676547176,9246,620
29361.622471,2676550679,2676551284,11980,605
29361.634501,2676554645,2676555266,8967,621
29361.646526,2676558637,2676559251,9246,614
29361.658542,2676562745,2676563354,12017,609
29361.751722,2676592672,2676593282,12037,610
29361.762238,2676596140,2676596755,9007,615
29361.774267,2676600246,2676600850,12038,604
29361.786288,2676604346,2676604961,12093,615
29361.798309,2676608320,2676608925,8950,605
29361.810336,2676612270,2676612885,8933,615
29361.822360,2676616231,2676616846,9219,615
29361.834378,2676620206,2676620809,9006,603
29361.846403,2676624172,2676624781,8931,609
29361.858427,2676628113,2676628728,9263,615
29361.870444,2676632070,2676632685,8940,615
29361.882471,2676636043,2676636663,8905,620
29361.894495,2676640003,2676640608,9193,605
29361.906512,2676644109,2676644724,12017,615
29361.918540,2676648225,2676648845,12036,620
29361.930562,2676652194,2676652804,9225,610
29361.942581,2676656145,2676656760,8987,615
29361.954608,2676660099,2676660714,8919,615
29361.966632,2676664197,2676664803,12103,606
29361.978651,2676668180,2676668794,8980,614
29361.990676,2676672281,2676672891,12041,610
29362.002700,2676676376,2676676986,12098,610
29362.014719,2676680323,2676680932,8967,609
29362.026746,2676684281,2676684896,8958,615
29362.038769,2676688384,2676688989,12155,605
29362.050787,2676692341,2676692956,8953,615
29362.062813,2676696299,2676696914,8923,615
29362.074837,2676700410,2676701025,12100,615
29362.086854,2676704401,2676705005,8974,604
29362.098880,2676708367,2676708987,8949,620
29362.110906,2676712522,2676713132,12117,610
29362.122925,2676716637,2676717252,12019,615
29362.134951,2676720740,2676721350,12039,610
29362.146972,2676724709,2676725319,9230,610
29362.158989,2676728636,2676729240,9014,604
29362.171018,2676732575,2676733190,8917,615
29362.183043,2676736719,2676737332,12079,613
29362.195061,2676740905,2676741509,12015,604
29362.207088,2676745118,2676745738,12048,620
29362.219109,2676749343,2676749953,12072,610
29362.231130,2676753512,2676754114,12017,602
29362.243157,2676757591,2676758206,12046,615
29362.255180,2676761686,2676762301,9246,615
29362.267199,2676765884,2676766503,12011,619
29362.279226,2676769980,2676770595,12084,615
29362.291248,2676774019,2676774633,9268,614
29362.303267,2676777980,2676778590,8967,610
29362.315295,2676782049,2676782658,12040,609
29362.327318,2676786124,2676786739,12088,615
29362.339335,2676790238,2676790849,12013,611
29362.351366,2676794315,2676794931,12048,616
29362.361881,2676797805,2676798420,8960,615
29362.373914,2676801767,2676802232,7668,465
29362.385931,2676805608,2676806213,12101,605
29362.397949,2676809548,2676810158,8891,610
29362.409976,2676813490,2676814105,8954,615
29362.422000,2676817452,2676818072,9247,620
29362.434018,2676821428,2676822031,8981,603
29362.446045,2676825373,2676825993,8952,620
29362.458067,2676829528,2676830137,12095,609
29362.470085,2676833499,2676834104,8946,605
29362.482111,2676837436,2676838051,8981,615
29362.494136,2676841391,2676842011,9279,620
29362.506149,2676845482,2676846086,11972,604
29362.518181,2676849576,2676850190,12081,614
29362.530203,2676853526,2676854141,9235,615
29362.542222,2676857515,2676858120,8938,605
29362.554250,2676861465,2676862075,8969,610
29362.566273,2676865416,2676866023,9235,607
29362.578290,2676869387,2676870007,8974,620
29362.590317,2676873478,2676874083,12084,605
29362.602340,2676877574,2676878183,12099,609
29362.614360,2676881558,2676882160,8992,602
29362.626385,2676885660,2676886275,12044,615
29362.638411,2676889621,2676890236,9259,615
29362.650428,2676893573,2676894188,8954,615
29362.662456,2676897565,2676898174,8911,609
29362.674480,2676901518,2676902133,9265,615
29362.686498,2676905491,2676906105,8971,614
29362.698525,2676909456,2676910076,8962,620
29362.710549,2676913430,2676914044,9241,614
29362.722565,2676917552,2676918156,12012,604
29362.734593,2676921657,2676922272,12049,615
29362.746615,2676925619,2676926234,9240,615
29362.758634,2676929604,2676930214,8966,610
29362.770662,2676933547,2676934157,8946,610
29362.782686,2676937512,2676938124,9201,612
29362.794703,2676941478,2676942083,8956,605
29362.806728,2676945591,2676946205,12044,614
29362.818753,2676949695,2676950300,12103,605
29362.830772,2676953654,2676954259,9007,605
29362.842798,2676957590,2676958211,8910,621
29362.854822,2676961540,2676962149,9244,609
29362.866839,2676965495,2676966110,8902,615
29362.878865,2676969477,2676970082,8922,605
29362.890890,2676973406,2676974021,9204,615
29362.902905,2676977363,2676977967,8955,604
29362.914934,2676981325,2676981939,8932,614
29362.926958,2676985284,2676985899,9222,615
29362.938978,2676989388,2676990008,12014,620
29362.951005,2676993522,2676994137,12040,615
29362.963026,2676997626,2676998229,12074,603
29362.975045,2677001587,2677002207,8980,620
29362.987072,2677005631,2677006246,8925,615
29362.999096,2677009815,2677010416,12089,601
29363.011114,2677014009,2677014614,12054,605
29363.023141,2677018182,2677018796,12043,614
29363.035163,2677022280,2677022890,12070,610
29363.047182,2677026386,2677026990,12024,604
29363.059210,2677030464,2677031073,12044,609
29363.071230,2677034554,2677035174,9255,620
29363.083249,2677038678,2677039291,12021,613
29363.095277,2677042770,2677043379,12043,609
29363.107298,2677046718,2677047327,9239,609
29363.119317,2677050687,2677051297,8970,610
29363.131345,2677054778,2677055393,12062,615
29363.141863,2677058254,2677058869,9034,615
29363.153889,2677062233,2677062843,8928,610
29363.165914,2677066190,2677066798,9258,608
29363.177932,2677070156,2677070765,8986,609
29363.189957,2677074123,2677074728,12037,605
29363.201982,2677078096,2677078710,12121,614
29363.214000,2677082070,2677082680,8918,610
29363.226027,2677086024,2677086639,8924,615
29363.238050,2677089995,2677090615,9204,620
29363.250067,2677093966,2677094575,9019,609
29363.262095,2677097923,2677098538,8926,615
29363.274120,2677102137,2677102747,12086,610
29363.286138,2677106088,2677106703,8940,615
29363.298166,2677110061,2677110669,8946,608
29363.310190,2677114022,2677114632,9196,610
29363.322204,2677118129,2677118744,11977,615
29363.334234,2677122246,2677122860,12040,614
29363.346256,2677126216,2677126830,9202,614
29363.358275,2677130182,2677130786,8981,604
29363.370302,2677134131,2677134746,8932,615
29363.382327,2677138089,2677138701,9245,612
29363.394343,2677142050,2677142665,9000,615
29363.406370,2677146135,2677146750,12055,615
29363.418394,2677150236,2677150851,12119,615
29363.430412,2677154184,2677154794,8987,610
29363.442439,2677158134,2677158749,8966,615
29363.454464,2677162088,2677162702,9260,614
29363.466481,2677166043,2677166653,9016,610
29363.478506,2677170009,2677170624,8944,615
29363.490530,2677173980,2677174585,9234,605
29363.502548,2677177912,2677178527,8953,615
29363.514575,2677181864,2677182478,8882,614
29363.526599,2677185814,2677186434,9255,620
29363.538616,2677189915,2677190525,12012,610
29363.550644,2677194036,2677194641,12038,605
29363.562666,2677197971,2677198586,9182,615
29363.574685,2677201946,2677202561,8911,615
29363.586712,2677205921,2677206540,8931,619
29363.598736,2677209880,2677210487,9267,607
29363.610753,2677213852,2677214467,8976,615
29363.622780,2677217841,2677218461,8862,620
29363.654341,2677228169,2677228784,12046,615
29363.666364,2677232117,2677232737,9261,620
29363.678382,2677236100,2677236715,8966,615
29363.690410,2677240049,2677240664,8890,615
29363.702434,2677244019,2677244629,9211,610
29363.714452,2677247980,2677248594,8985,614
29363.726478,2677251941,2677252555,8962,614
29363.738500,2677256045,2677256660,12081,615
29363.750516,2677260163,2677260779,11987,616
29363.762546,2677264132,2677264741,8907,609
29363.774571,2677268082,2677268702,9225,620
29363.786589,2677272056,2677272665,8954,609
29363.798615,2677276018,2677276630,8956,612
29363.810639,2677280012,2677280622,9249,610
29363.822656,2677284113,2677284727,12016,614
29363.834684,2677288222,2677288832,12043,610
29363.846706,2677292180,2677292785,9210,605
29363.858725,2677296134,2677296748,8969,614
29363.870752,2677300094,2677300708,8943,614
29363.882777,2677304135,2677304750,9246,615
29363.894793,2677308092,2677308707,8955,615
29363.906822,2677312057,2677312672,8939,615
29363.918845,2677316027,2677316637,9240,610
29363.930862,2677320001,2677320616,8984,615
29363.942889,2677323970,2677324585,8949,615
29363.954916,2677328074,2677328694,12091,620
29363.966929,2677332196,2677332806,11979,610
29363.978959,2677336349,2677336964,12038,615
29363.990982,2677340483,2677341097,12091,614
29364.003000,2677344496,2677345115,8999,619
29364.015026,2677348537,2677349154,8923,617
29364.027051,2677352630,2677353245,9258,615
29364.039068,2677356884,2677357503,12014,619
29364.051097,2677361087,2677361691,12040,604
29364.063118,2677365169,2677365784,9230,615
29364.075137,2677369330,2677369940,12017,610
29364.087165,2677373599,2677374214,12047,615
29364.099184,2677377770,2677378380,12071,610
29364.111204,2677381876,2677382486,12018,610
29364.123231,2677385859,2677386474,8969,615
29364.135254,2677389819,2677390434,9269,615
29364.147273,2677393929,2677394544,12027,615
29364.159301,2677398001,2677398615,12048,614
29364.171324,2677402084,2677402694,12079,610
29364.181842,2677405557,2677406171,8942,614
29364.198374,2677410952,2677411555,9217,603
29364.210395,2677414893,2677415513,8973,620
29364.222421,2677418988,2677419598,12053,610
29364.234443,2677423089,2677423709,12107,620
29364.246463,2677427070,2677427675,8997,605
29364.258490,2677431026,2677431641,8940,615
29364.270514,2677434980,2677435590,9242,610
29364.282532,2677438915,2677439525,8945,610
29364.294560,2677442865,2677443480,8923,615
29364.306584,2677446813,2677447428,9254,615
29364.318601,2677450775,2677451385,8991,610
29364.330628,2677454731,2677455345,8907,614
29364.342652,2677458695,2677459315,9229,620
29364.354669,2677462791,2677463396,12015,605
29364.366697,2677466907,2677467517,12039,610
29364.378720,2677470856,2677471466,9261,610
29364.390736,2677474816,2677475430,8937,614
29364.402765,2677478789,2677479399,8924,610
29364.414790,2677482736,2677483348,9259,612
29364.426806,2677486709,2677487313,8950,604
29364.438833,2677490804,2677491409,12045,605
29364.450857,2677494885,2677495489,12102,604
29364.462874,2677498848,2677499453,8978,605
29364.474890,2677502931,2677503516,8901,585
29364.486924,2677506843,2677507453,9249,610
29364.498939,2677510770,2677511382,9181,612
29364.510958,2677514677,2677515261,8898,584
29364.522993,2677518596,2677519206,9222,610
29364.535009,2677522548,2677523158,9268,610
29364.547026,2677526656,2677527240,11798,584
29364.559062,2677530774,2677531387,12094,613
29364.571072,2677534904,2677535506,11868,602
29364.583099,2677539032,2677539647,11983,615
29364.595130,2677543166,2677543771,12115,605
29364.607142,2677547287,2677547892,11873,605
29364.619165,2677551329,2677551913,11832,584
29364.631199,2677555403,2677556020,12120,617
29364.643213,2677559460,2677560070,12043,610
29364.655229,2677563521,2677564105,11785,584
29364.667268,2677567517,2677568130,12093,613
29364.679278,2677571549,2677572156,11864,607
29364.691307,2677575600,2677576215,12053,615
29364.703337,2677579702,2677580311,9245,609
29364.713851,2677583145,2677583728,8973,583
29364.725881,2677587041,2677587654,9252,613
29364.737901,2677590996,2677591466,7485,470
29364.749919,2677594791,2677595396,11980,605
29364.761950,2677598709,2677599317,9225,608
29364.773968,2677602631,2677603235,9221,604
29364.785995,2677606563,2677607147,9018,584
29364.798018,2677610455,2677611060,9248,605
29364.810036,2677614419,2677615029,9286,610
29364.822053,2677618317,2677618901,8891,584
29364.834085,2677622260,2677622873,12167,613
29364.846103,2677626177,2677626777,9269,600
29364.858121,2677630069,2677630653,8917,584
29364.870155,2677633973,2677634577,9280,604
29364.898697,2677643220,2677643799,11835,579
29364.910733,2677647134,2677647749,9263,615
29364.922748,2677651030,2677651643,9175,613
29364.934778,2677654919,2677655502,8955,583
29364.946801,2677658819,2677659433,9198,614
29364.958815,2677662715,2677663318,9235,603
29364.970830,2677666771,2677667350,11788,579
29364.997886,2677675410,2677675993,11830,583
29365.009921,2677679276,2677679879,9253,603
29365.021938,2677683191,2677683801,9259,610
29365.033968,2677687118,2677687703,8977,585
29365.045990,2677691026,2677691629,9231,603
29365.058007,2677694920,2677695530,9227,610
29365.070024,2677698805,2677699389,8819,584
29365.082059,2677702697,2677703316,9229,619
29365.094077,2677706660,2677707275,9258,615
29365.106092,2677710678,2677711262,8896,584
29365.118127,2677714559,2677715172,9196,613
29365.130143,2677718499,2677719113,9283,614
29365.142161,2677722446,2677723030,8865,584
29365.154196,2677726463,2677727071,12176,608
29365.166202,2677730502,2677731115,11867,613
29365.178235,2677734399,2677734983,8937,584
29365.190264,2677738321,2677738926,9268,605
29365.202279,2677742244,2677742847,9186,603
29365.214298,2677746130,2677746713,8834,583
29365.226332,2677750002,2677750605,9211,603
29365.238350,2677753937,2677754547,9254,610
29365.250368,2677757985,2677758590,11971,605
29365.262401,2677761869,2677762472,9239,603
29365.274416,2677765775,2677766383,9215,608
29365.286439,2677769669,2677770284,8961,615
29365.298470,2677773562,2677774171,9292,609
29365.310486,2677777513,2677778117,9252,604
29365.322511,2677781390,2677781999,8991,609
29365.334534,2677785289,2677785897,9220,608
29365.346554,2677789203,2677789815,9188,612
29365.358579,2677793107,2677793717,8997,610
29365.370603,2677797175,2677797790,12046,615
29365.382619,2677801225,2677801826,11805,601
29365.394648,2677805172,2677805782,8977,610
29365.406675,2677809114,2677809724,9261,610
29365.418694,2677813075,2677813679,9272,604
29365.430720,2677817019,2677817633,9022,614
29365.442745,2677820985,2677821595,9272,610
29365.454762,2677824937,2677825547,9276,610
29365.466782,2677829027,2677829636,11991,609
29365.478813,2677832964,2677833570,9267,606
29365.490829,2677836913,2677837528,9247,615
29365.502852,2677840876,2677841486,8971,610
29365.514878,2677844894,2677845504,9174,610
29365.714750,2677896184,2677896802,8865,618
29365.726783,2677899641,2677900249,9342,608
29365.738799,2677903571,2677904173,12047,602
29365.750817,2677907428,2677908030,8884,602
29365.762855,2677911359,2677911942,9253,583
29365.774864,2677915242,2677915845,9277,603
29365.786891,2677919253,2677919860,11838,607
29365.798919,2677923334,2677923918,11963,584
29365.810934,2677927233,2677927839,9236,606
29365.822952,2677931091,2677931698,8867,607
29365.834991,2677935033,2677935617,9240,584
29365.847004,2677939045,2677939658,12055,613
29365.859027,2677943061,2677943668,11841,607
29365.871057,2677947094,2677947709,9249,615
29365.919138,2677962316,2677962918,9236,602
29365.931168,2677966464,2677967084,12008,620
29365.943195,2677970588,2677971191,12087,603
29365.955208,2677974516,2677975124,9262,608
29365.967225,2677978388,2677978996,8876,608
29365.979262,2677982461,2677983070,12119,609
29366.022837,2677996141,2677996749,9252,608
29366.034855,2678000050,2678000657,8839,607
29366.046891,2678003953,2678004568,9289,615
29366.058905,2678007903,2678008516,9246,613
29366.070926,2678011792,2678012400,8866,608
29366.082962,2678015866,2678016450,11974,584
29366.094974,2678019744,2678020338,9244,594
29366.106992,2678023598,2678024211,8870,613
29366.119026,2678027722,2678028332,12076,610
29366.131045,2678031760,2678032364,9277,604
29366.143066,2678035849,2678036452,11841,603
29366.155096,2678039897,2678040481,9215,584
29366.167114,2678043866,2678044470,9208,604
29366.179138,2678047920,2678048524,12007,604
29366.191166,2678052050,2678052660,12085,610
29366.203182,2678056082,2678056694,12092,612
29366.215205,2678060094,2678060698,12054,604
29366.227232,2678064164,2678064766,12085,602
29366.239249,2678068180,2678068793,12054,613
29366.251274,2678072163,2678072770,11853,607
29366.263302,2678076323,2678076943,12073,620
29366.275318,2678080360,2678080973,11981,613
29366.287334,2678084274,2678084876,8870,602
29366.297865,2678087728,2678088332,9299,604
29366.309881,2678091630,2678092238,8864,608
29366.321920,2678095517,2678096100,9230,583
29366.333932,2678099578,2678100182,12023,604
29366.345948,2678103462,2678104075,8874,613
29366.357980,2678107385,2678107990,9208,605
29366.369998,2678111332,2678111942,12037,610
29366.382022,2678115272,2678115887,11988,615
29366.394050,2678119170,2678119779,9162,609
29366.406068,2678123088,2678123690,9201,602
29366.418086,2678126946,2678127548,8857,602
29366.430122,2678130878,2678131488,9221,610
29366.442138,2678134820,2678135435,9219,615
29366.454156,2678138692,2678139305,8834,613
29366.466189,2678142595,2678143210,9251,615
29366.478208,2678146538,2678147146,9247,608
29366.502256,2678154307,2678154912,12070,605
29366.514275,2678158226,2678158830,9273,604
29366.526300,2678162096,2678162706,8941,610
29366.538327,2678166111,2678166694,9163,583
29366.550343,2678170014,2678170629,9242,615
29366.562362,2678173886,2678174494,8907,608
29366.574396,2678177807,2678178417,9263,610
29366.586411,2678181897,2678182506,12061,609
29366.598432,2678185922,2678186531,11984,609
29366.610464,2678189841,2678190419,9162,578
29366.622479,2678193738,2678194358,9099,620
29366.735191,2678229003,2678229611,12079,608
29366.747218,2678233097,2678233705,11820,608
29366.759245,2678237187,2678237802,12065,615
29366.771259,2678241110,2678241718,9089,608
29366.783278,2678245012,2678245618,8873,606
29366.795312,2678249047,2678249665,12087,618
29366.807329,2678253080,2678253683,12064,603
29366.819358,2678257107,2678257720,11858,613
29366.829876,2678260565,2678261179,9278,614
29366.841893,2678264467,2678265080,8876,613
29366.853930,2678268353,2678268937,9226,584
29366.865944,2678272263,2678272867,9266,604
29366.877961,2678276147,2678276762,8818,615
29366.889993,2678280062,2678280672,9176,610
29366.902010,2678284020,2678284623,12024,603
29366.914030,2678287904,2678288510,8878,606
29366.926068,2678291832,2678292416,9215,584
29366.938083,2678295744,2678296354,9277,610
29366.950096,2678299639,2678300242,8838,603
29366.962133,2678303551,2678304135,9166,584
29366.974149,2678307459,2678308064,9280,605
29366.986166,2678311483,2678312096,11823,613
29366.998198,2678315525,2678316135,12089,610
29367.010215,2678319461,2678320064,9244,603
29367.022243,2678323354,2678323963,8990,609
29367.034273,2678327291,2678327906,9281,615
29367.046288,2678331238,2678331847,9262,609
29367.058303,2678335095,2678335698,8860,603
29367.070338,2678339009,2678339624,9258,615
29367.082357,2678342965,2678343580,9263,615
29367.094372,2678346827,2678347442,8883,615
29367.106407,2678350764,2678351346,9161,582
29367.118423,2678354691,2678355296,9097,605
29367.130442,2678358554,2678359156,8881,602
29367.142479,2678362430,2678363014,9207,584
29367.154494,2678366346,2678366966,9275,620
29367.166520,2678370218,2678370831,8963,613
29367.178549,2678374160,2678374744,9257,584
29367.190559,2678378050,2678378653,9250,603
29367.202581,2678382074,2678382677,11841,603
29367.214612,2678386152,2678386736,11976,584
29367.226628,2678390042,2678390644,9249,602
29367.238646,2678393894,2678394507,8851,613
29367.250682,2678397796,2678398400,9252,604
29367.262696,2678401712,2678402325,9247,613
29367.274714,2678405609,2678406217,8868,608
29367.286749,2678409525,2678410109,9204,584
29367.298767,2678413455,2678414065,9238,610
29367.310785,2678417305,2678417913,8907,608
29367.322823,2678421257,2678421841,9216,584
29367.334833,2678425149,2678425752,9210,603
29367.346848,2678429027,2678429640,8761,613
29367.358885,2678432975,2678433590,9215,615
29367.370902,2678436922,2678437527,9270,605
29367.382921,2678440767,2678441380,8896,613
29367.394952,2678444689,2678445299,9224,610
29367.406969,2678448612,2678449220,9265,608
29367.418998,2678452685,2678453289,12000,604
29367.431025,2678456741,2678457345,12117,604
29367.443040,2678460832,2678461433,12082,601
29367.455061,2678464916,2678465523,11824,607
29367.467092,2678469113,2678469728,12102,615
29367.479108,2678473218,2678473836,12070,618
29367.491132,2678477311,2678477924,11844,613
29367.503158,2678481454,2678482068,12095,614
29367.551242,2678496724,2678497332,9242,608
29367.563275,2678500801,2678501419,11872,618
29367.575301,2678504865,2678505449,11969,584
29367.587312,2678508737,2678509345,9254,608
29367.599330,2678512599,2678513211,8852,612
29367.611366,2678516667,2678517250,11967,583
29367.621884,2678520164,2678520634,7568,470
29367.754130,2678561540,2678562143,12025,603
29367.766158,2678565425,2678566030,8979,605
29367.778185,2678569312,2678569897,9210,585
29367.790200,2678573189,2678573802,9177,613
29367.802220,2678577234,2678577847,11820,613
29367.814253,2678581276,2678581891,12107,615
29367.826272,2678585254,2678585856,9244,602
29367.838287,2678589103,2678589705,8802,602
29367.850323,2678593040,2678593645,9246,605
29367.862338,2678596987,2678597597,9074,610
29367.874357,2678600868,2678601481,8893,613
29367.886390,2678604752,2678605367,9258,615
29367.898409,2678608690,2678609295,9218,605
29367.910435,2678612546,2678613152,8949,606
29367.922457,2678616478,2678617087,9230,609
29367.934477,2678620599,2678621214,12042,615
29367.946492,2678624460,2678625068,8854,608
29367.958526,2678628362,2678628977,9225,615
29367.970545,2678632315,2678632920,9285,605
29368.071239,2678663708,2678664323,9184,615
29368.083257,2678667741,2678668349,12081,608
29368.095280,2678671733,2678672346,11834,613
29368.107307,2678675810,2678676420,12075,610
29368.119323,2678679727,2678680335,9276,608
29368.131344,2678683588,2678684206,8850,618
29368.141873,2678687053,2678687668,9282,615
29368.153887,2678690907,2678691514,8840,607
29368.165924,2678694818,2678695401,9264,583
29368.177939,2678698709,2678699325,9271,616
29368.189956,2678702605,2678703212,8854,607
29368.201989,2678706529,2678707113,11955,584
29368.214007,2678710475,2678711090,12059,615
29368.226025,2678714390,2678714991,8877,601
29368.238054,2678718296,2678718906,9228,610
29368.367292,2678753506,2678754110,9239,604
29368.379313,2678757119,2678757737,8877,618
29368.391348,2678761238,2678761822,11942,584
29368.401865,2678764651,2678765107,7582,456
29368.413901,2678768438,2678768876,7424,438
29368.425913,2678772216,2678772818,9297,602
29368.437928,2678776094,2678776701,8846,607
29368.449965,2678780025,2678780609,9249,584
29368.461980,2678783935,2678784550,9259,615
29368.473997,2678787835,2678788443,8894,608
29368.486035,2678791742,2678792325,9240,583
29368.498050,2678795665,2678796275,9292,610
29368.510073,2678799544,2678800162,8979,618
29368.522099,2678803475,2678804084,9236,609
29368.534114,2678807523,2678808138,12016,615
29368.546137,2678811534,2678812144,12029,610
29368.558169,2678815460,2678816070,9228,610
29368.570187,2678819396,2678820006,9231,610
29368.582202,2678823264,2678823877,8871,613
29368.594234,2678827181,2678827797,9200,616
29368.606253,2678831135,2678831740,9101,605
29368.618271,2678835196,2678835804,11838,608
29368.646826,2678844412,2678845027,12049,615
29368.691914,2678858636,2678859239,9216,603
29368.774569,2678879887,2678880496,9269,609
29368.786589,2678883794,2678884407,8816,613
29368.798625,2678887728,2678888338,9254,610
29368.810640,2678891645,2678892252,9266,607
29368.822659,2678895529,2678896136,8854,607
29368.834694,2678899559,2678900179,12109,620
29368.846709,2678903634,2678904242,12057,608
29368.858727,2678907494,2678908099,8886,605
29368.870762,2678911434,2678912039,9219,605
29368.882776,2678915348,2678915955,9264,607
29368.894798,2678919196,2678919798,8873,602
29368.906836,2678923124,2678923708,9253,584
29368.918845,2678926997,2678927599,9217,602
29368.930863,2678930858,2678931471,8892,613
29368.942900,2678934767,2678935348,9234,581
29368.954910,2678938652,2678939265,9219,613
29368.966935,2678942689,2678943302,11829,613
29368.978962,2678946734,2678947344,12106,610
29368.990987,2678950744,2678951364,9191,620
29369.003007,2678954926,2678955541,12005,615
29369.015033,2678959009,2678959629,8960,620
29369.027058,2678963249,2678963869,12086,620
29369.039076,2678967505,2678968118,12052,613
29369.051103,2678971696,2678972310,12038,614
29369.063119,2678975868,2678976481,12051,613
29369.075144,2678979949,2678980550,11823,601
29369.087174,2678984112,2678984717,12073,605
29369.097680,2678987567,2678988169,8834,602
29369.108205,2678991134,2678991737,12030,603
29369.129246,2678997906,2678998520,11969,614
29369.139765,2679001462,2679002070,12100,608
29369.150290,2679005045,2679005654,12082,609
29369.162309,2679009099,2679009712,12074,613
29369.174327,2679012987,2679013595,8881,608
29369.186360,2679016987,2679017597,9204,610
29369.198381,2679020927,2679021537,9276,610
29369.210395,2679024781,2679025400,8804,619
29369.222429,2679028730,2679029340,9197,610
29369.234444,2679032798,2679033406,12065,608
29369.246468,2679036822,2679037432,11982,610
29369.258499,2679040716,2679041300,9168,584
29369.270514,2679044596,2679045209,9209,613
29369.282533,2679048495,2679049097,8871,602
29369.294570,2679052415,2679053030,9253,615
29369.306583,2679056353,2679056961,9261,608
29369.318602,2679060214,2679060815,8889,601
29369.330634,2679064123,2679064733,9173,610
29369.342651,2679068049,2679068654,9269,605
29369.354672,2679071923,2679072531,8901,608
29369.366704,2679075986,2679076570,11944,584
29369.378720,2679080021,2679080640,12053,619
29369.390737,2679083960,2679084573,8866,613
29369.402774,2679087905,2679088525,9266,620
29369.414791,2679091853,2679092458,9201,605
29369.426809,2679095706,2679096319,8881,613
29369.438844,2679099658,2679100268,9266,610
29369.450857,2679103716,2679104324,12098,608
29369.462880,2679107742,2679108347,11986,605
29369.488331,2679116173,2679116788,12016,615
29369.510980,2679123664,2679124283,12036,619
29369.523000,2679127632,2679128246,9205,614
29369.535020,2679131668,2679132278,8987,610
29369.547047,2679135714,2679136329,8916,615
29369.559071,2679139913,2679140531,12086,618
29369.571089,2679144129,2679144734,12004,605
29369.583116,2679148305,2679148925,12075,620
29369.593631,2679151988,2679152604,11973,616
29369.607157,2679156591,2679157195,12009,604
29369.619183,2679160610,2679161224,8942,614
29369.638715,2679167113,2679167722,11980,609
29369.650745,2679171202,2679171807,12035,605
29369.662767,2679175306,2679175910,12092,604
29369.674787,2679179260,2679179864,8998,604
29369.686814,2679183233,2679183848,8941,615
29369.698837,2679187199,2679187814,9263,615
29369.710855,2679191164,2679191779,8996,615
29369.722881,2679195125,2679195744,8928,619
29369.734905,2679199090,2679199705,9216,615
29369.746921,2679203082,2679203686,8942,604
29369.758950,2679207024,2679207643,8926,619
29369.770973,2679210986,2679211590,9223,604
29369.782993,2679215085,2679215700,12017,615
29369.795020,2679219243,2679219852,12030,609
29369.807041,2679223438,2679224043,12069,605
29369.819060,2679227459,2679228069,8985,610
29369.831087,2679231504,2679232114,8890,610
29369.843113,2679235677,2679236287,12082,610
29369.855129,2679239852,2679240461,12009,609
29369.867157,2679244017,2679244621,12038,604
29369.879178,2679248155,2679248775,12068,620
29369.891198,2679252278,2679252887,12012,609
29369.903225,2679256386,2679257006,12037,620
29369.915247,2679260488,2679261103,12059,615
29369.927266,2679264584,2679265194,12009,610
29369.939295,2679268668,2679269283,12035,615
29369.951315,2679272629,2679273233,9202,604
29369.963334,2679276602,2679277217,8996,615
29369.975362,2679280706,2679281324,12037,618
29369.985880,2679284337,2679284798,7640,461
29369.997907,2679288153,2679288774,8903,621
29370.009931,2679292145,2679292750,9242,605
29370.020449,2679295738,2679296353,12036,615
29370.038483,2679301786,2679302391,12037,605
29370.050506,2679305769,2679306376,9251,607
29370.062521,2679309864,2679310484,11989,620
29370.074552,2679313836,2679314444,8918,608
29370.086575,2679317940,2679318550,12103,610
29370.098590,2679322040,2679322650,11976,610
29370.110620,2679325999,2679326614,8956,615
29370.121135,2679329499,2679330113,8944,614
29370.142181,2679336456,2679337070,12078,614
29370.152693,2679339994,2679340614,11977,620
29370.175235,2679347456,2679348063,11982,607
29370.187265,2679351552,2679352166,12040,614
29370.199288,2679355686,2679356301,12068,615
29370.209808,2679359349,2679359965,12041,616
29370.238356,2679368730,2679369339,11984,609
29370.250386,2679372831,2679373446,12038,615
29370.262410,2679376932,2679377537,12086,605
29370.274427,2679380905,2679381513,8979,608
29370.286454,2679384855,2679385470,8899,615
29370.298479,2679388843,2679389458,9237,615
29370.310497,2679392797,2679393417,8978,620
29370.322523,2679396765,2679397380,8938,615
29370.334548,2679400719,2679401329,9245,610
29370.346565,2679404725,2679405335,8970,610
29370.358590,2679408672,2679409279,8985,607
29370.399168,2679421832,2679422441,12035,609
29370.409684,2679425471,2679426086,8968,615
29370.430729,2679432316,2679432931,8932,615
29370.442753,2679436281,2679436902,9255,621
29370.454771,2679440237,2679440841,8995,604
29370.466798,2679444329,2679444939,12051,610
29370.478821,2679448415,2679449030,12115,615
29370.490836,2679452376,2679452984,8947,608
29370.502865,2679456324,2679456939,8878,615
29370.514889,2679460280,2679460890,9226,610
29370.526906,2679464243,2679464863,8978,620
29370.538933,2679468222,2679468831,8947,609
29370.550958,2679472317,2679472922,12096,605
29370.562975,2679476260,2679476870,8988,610
29370.575002,2679480221,2679480828,8930,607
29370.587026,2679484171,2679484791,9260,620
29370.599044,2679488205,2679488815,9012,610
29370.611069,2679492291,2679492905,12032,614
29370.623094,2679496394,2679497008,9235,614
29370.633613,2679499996,2679500606,8898,610
29370.651647,2679505864,2679506480,8925,616
29370.662162,2679509491,2679510101,11987,610
29370.674192,2679513444,2679514057,8912,613
29370.686217,2679517393,2679518008,9215,615
29370.698234,2679521351,2679521966,8978,615
29370.710261,2679525312,2679525927,8946,615
29370.722285,2679529270,2679529879,9225,609
29370.734303,2679533234,2679533849,8980,615
29370.746329,2679537174,2679537783,8946,609
29370.758354,2679541150,2679541763,9229,613
29370.770371,2679545121,2679545731,8936,610
29370.782396,2679549232,2679549837,12038,605
29370.794421,2679553316,2679553931,12103,615
29370.806440,2679557287,2679557896,8960,609
29370.818464,2679561258,2679561868,8937,610
29370.830489,2679565244,2679565853,9214,609
29370.842507,2679569209,2679569825,8951,616
29370.854534,2679573164,2679573779,8949,615
29370.866556,2679577279,2679577883,12086,604
29370.878574,2679581363,2679581973,12015,610
29370.890602,2679585332,2679585935,8931,603
29370.902626,2679589277,2679589892,9224,615
29370.914644,2679593231,2679593846,8984,615
29370.926671,2679597190,2679597805,8903,615
29370.938694,2679601149,2679601759,9270,610
29370.950713,2679605094,2679605709,8989,615
29370.962738,2679609055,2679609665,8903,610
29370.974763,2679613013,2679613621,9232,608
29370.986779,2679616971,2679617581,8931,610
29370.998808,2679621079,2679621684,12080,605
29371.010831,2679625200,2679625809,12097,609
29371.022848,2679629233,2679629842,8951,609
29371.034875,2679633184,2679633803,8950,619
29371.046899,2679637141,2679637751,9220,610
29371.058916,2679641096,2679641706,8925,610
29371.070943,2679645081,2679645696,8891,615
29371.082968,2679649182,2679649797,12092,615
29371.094983,2679653304,2679653919,12019,615
29371.107012,2679657266,2679657869,8936,603
29371.119036,2679661244,2679661853,9254,609
29371.131054,2679665325,2679665935,8971,610
29371.143080,2679669423,2679670038,8932,615
29371.155107,2679673620,2679674224,12089,604
29371.167123,2679677664,2679678273,8991,609
29371.179149,2679681694,2679682301,8911,607
29371.191175,2679685869,2679686482,12086,613
29371.203191,2679689970,2679690585,12014,615
29371.215221,2679694053,2679694663,12040,610
29371.225734,2679697646,2679698256,8988,610
29371.246779,2679704487,2679705097,8952,610
29371.258804,2679708447,2679709062,9271,615
29371.270820,2679712411,2679713025,9001,614
29371.282848,2679716504,2679717114,12035,610
29371.294871,2679720596,2679721206,12113,610
29371.306888,2679724555,2679725158,8965,603
29371.318914,2679728512,2679729121,8936,609
29371.330939,2679732472,2679733076,9271,604
29371.342957,2679736423,2679737038,8962,615
29371.354983,2679740393,2679741003,8940,610
29371.367008,2679744343,2679744953,9208,610
29371.379025,2679748327,2679748931,8982,604
29371.391053,2679752471,2679753090,12041,619
29371.403077,2679756688,2679757303,12087,615
29371.415094,2679760937,2679761552,12015,615
29371.427122,2679765122,2679765731,12079,609
29371.439146,2679769330,2679769945,12073,615
29371.451164,2679773567,2679774182,12003,615
29371.463191,2679777651,2679778271,12039,620
29371.475212,2679781741,2679782352,12088,611
29371.487233,2679785866,2679786486,12017,620
29371.499260,2679789954,2679790567,12037,613
29371.511280,2679794031,2679794641,12070,610
29371.523300,2679798140,2679798743,12017,603
29371.535328,2679802247,2679802862,12040,615
29371.547350,2679806333,2679806937,12070,604
29371.557872,2679809819,2679810439,8968,620
29371.569896,2679813782,2679814396,9241,614
29371.581913,2679817756,2679818215,7536,459
29371.593941,2679821571,2679822191,12039,620
29371.605963,2679825555,2679826159,9215,604
29371.617983,2679829507,2679830122,8950,615
29371.630009,2679833464,2679834084,8899,620
29371.642031,2679837453,2679838068,9253,615
29371.654051,2679841437,2679842046,8954,609
29371.666078,2679845413,2679846028,8946,615
29371.678101,2679849352,2679849972,9242,620
29371.690119,2679853324,2679853931,9003,607
29371.702146,2679857287,2679857902,8911,615
29371.714170,2679861229,2679861844,9169,615
29371.726187,2679865181,2679865791,8969,610
29371.738214,2679869171,2679869786,8966,615
29371.750239,2679873165,2679873775,9158,610
29371.762256,2679877113,2679877723,8937,610
29371.774282,2679881054,2679881668,8987,614
29371.786307,2679885010,2679885625,9242,615
29371.798322,2679889127,2679889737,11977,610
29371.810352,2679893222,2679893837,12050,615
29371.822374,2679897219,2679897824,9231,605
29371.834393,2679901175,2679901790,8925,615
29371.846422,2679905147,2679905762,8859,615
29371.858445,2679909099,2679909714,9168,615
29371.870463,2679913084,2679913694,8974,610
29371.882490,2679917061,2679917676,8930,615
29371.894513,2679921169,2679921784,12096,615
29371.906532,2679925130,2679925736,8933,606
29371.918559,2679929080,2679929694,8958,614
29371.930583,2679933050,2679933670,9265,620
29371.942600,2679937013,2679937623,8999,610
29371.954627,2679940989,2679941599,8920,610
29371.966652,2679944956,2679945571,9223,615
29371.978664,2679949066,2679949681,11964,615
29371.995202,2679954456,2679955060,8944,604
29372.007227,2679958554,2679959163,12094,609
29372.019244,2679962646,2679963261,12010,615
29372.031272,2679966752,2679967357,12037,605
29372.041787,2679970319,2679970928,8973,609
29372.106415,2679991167,2679991769,12112,602
29372.118435,2679995111,2679995715,8957,604
29372.130461,2679999055,2679999670,8937,615
29372.142486,2680003002,2680003617,9172,615
29372.154503,2680006955,2680007565,8923,610
29372.166530,2680010921,2680011536,8930,615
29372.178555,2680014878,2680015493,9266,615
29372.190572,2680018821,2680019429,8950,608
29372.202599,2680022779,2680023394,8888,615
29372.214622,2680026896,2680027501,12089,605
29372.226636,2680031016,2680031630,11965,614
29372.237166,2680034594,2680035203,12082,609
29372.258196,2680041571,2680042179,11977,608
29372.270226,2680045536,2680046146,8928,610
29372.282251,2680049484,2680050104,9241,620
29372.294268,2680053462,2680054083,8939,621
29372.306294,2680057428,2680058036,8909,608
29372.318319,2680061386,2680061990,9214,604
29372.330337,2680065350,2680065965,8986,615
29372.342363,2680069296,2680069906,8913,610
29372.354387,2680073249,2680073854,9248,605
29372.366405,2680077201,2680077815,8984,614
29372.378431,2680081161,2680081771,8955,610
29372.390456,2680085114,2680085728,9200,614
29372.402473,2680089073,2680089687,8940,614
29372.414499,2680093187,2680093792,12046,605
29372.426523,2680097299,2680097914,12118,615
29372.438542,2680101275,2680101890,8985,615
29372.450569,2680105241,2680105855,8909,614
29372.462595,2680109196,2680109811,9273,615
29372.474611,2680113152,2680113762,8988,610
29372.486639,2680117118,2680117738,8944,620
29372.498663,2680121110,2680121730,9252,620
29372.510680,2680125071,2680125691,8955,620
29372.522708,2680129060,2680129662,8944,602
29372.534731,2680132985,2680133600,9203,615
29372.546749,2680136947,2680137557,9005,610
29372.558775,2680140913,2680141527,8920,614
29372.570800,2680144879,2680145493,9227,614
29372.582816,2680148844,2680149454,8959,610
29372.594844,2680152791,2680153400,8930,609
29372.606867,2680156741,2680157360,9261,619
29372.618885,2680160705,2680161310,9006,605
29372.630912,2680164817,2680165427,12043,610
29372.642936,2680168922,2680169531,12102,609
29372.654951,2680172891,2680173506,8983,615
29372.666979,2680176839,2680177449,8905,610
29372.679003,2680180787,2680181407,9206,620
29372.691021,2680184928,2680185538,12049,610
29372.703049,2680189107,2680189722,12042,615
29372.715070,2680193180,2680193795,9202,615
29372.727090,2680197403,2680198013,12016,610
29372.739117,2680201555,2680202158,12049,603
29372.751139,2680205721,2680206330,12070,609
29372.763160,2680209834,2680210449,12055,615
29372.775186,2680213979,2680214594,12040,615
29372.787208,2680218167,2680218787,12076,620
29372.799225,2680222111,2680222716,8987,605
29372.811252,2680226070,2680226686,8899,616
29372.823279,2680230166,2680230775,12103,609
29372.835295,2680234234,2680234844,12012,610
29372.847323,2680238313,2680238928,12061,615
29372.857837,2680241865,2680242475,8972,610
29372.869866,2680245847,2680246457,8931,610
29372.890905,2680252678,2680253292,9235,614
29372.902923,2680256647,2680257257,8985,610
29372.914950,2680260613,2680261223,8887,610
29372.926974,2680264570,2680265190,9222,620
29372.938992,2680268530,2680269138,8939,608
29372.951020,2680272636,2680273245,12037,609
29372.963043,2680276801,2680277405,12085,604
29372.975063,2680280990,2680281605,12028,615
29372.987089,2680285179,2680285794,12040,615
29372.999110,2680289243,2680289863,9183,620
29373.011129,2680293365,2680293980,8961,615
29373.023157,2680297555,2680298168,12079,613
29373.035178,2680301662,2680302277,12108,615
29373.047198,2680305848,2680306453,12010,605
29373.059226,2680309961,2680310575,12035,614
29373.071249,2680314081,2680314691,12087,610
29373.083266,2680318175,2680318780,12009,605
29373.095295,2680322262,2680322872,12038,610
29373.107317,2680326353,2680326974,12070,621
29373.119334,2680330463,2680331083,11995,620
29373.129868,2680333976,2680334436,7494,460
29373.141880,2680337800,2680338410,8937,610
29373.153907,2680341769,2680342389,8911,620
29373.165931,2680345720,2680346330,9253,610
29373.177949,2680349691,2680350301,8977,610
29373.189976,2680353659,2680354269,8943,610
29373.201997,2680357624,2680358239,9228,615
29373.242574,2680370814,2680371424,12088,610
29373.254593,2680374775,2680375384,8961,609
29373.266621,2680378753,2680379368,8920,615
29373.278646,2680382722,2680383327,9206,605
29373.290663,2680386670,2680387284,8970,614
29373.302690,2680390651,2680391266,8910,615
29373.314715,2680394604,2680395219,9246,615
29373.326732,2680398577,2680399186,8944,609
29373.338759,2680402525,2680403133,8933,608
29373.350783,2680406478,2680407098,9219,620
29373.362800,2680410454,2680411069,8981,615
29373.374827,2680414414,2680415023,8955,609
29373.386850,2680418381,2680418996,9232,615
29373.398868,2680422342,2680422951,9000,609
29373.410894,2680426300,2680426915,8943,615
29373.422919,2680430248,2680430857,9244,609
29373.434937,2680434181,2680434791,8944,610
29373.446965,2680438291,2680438895,12041,604
29373.458987,2680442391,2680443006,12101,615
29373.471003,2680446519,2680447128,8972,609
29373.483033,2680450703,2680451318,9206,615
29373.543140,2680469745,2680470360,11967,615
29373.555171,2680473953,2680474561,12087,608
29373.567185,2680478029,2680478632,12065,603
29373.579209,2680481998,2680482600,11819,602
29373.591236,2680486043,2680486654,12086,611
29373.603253,2680490077,2680490680,12063,603
29373.615271,2680493935,2680494541,8881,606
29373.627308,2680497874,2680498458,9194,584
29373.639322,2680501859,2680502476,12067,617
29373.651347,2680505901,2680506503,11841,602
29373.661871,2680509340,2680509950,9307,610
29373.673890,2680513360,2680513970,8982,610
29373.702442,2680522589,2680523196,12076,607
29373.714464,2680526439,2680527046,8942,607
29373.726499,2680530363,2680530946,9224,583
29373.738516,2680534310,2680534927,9266,617
29373.750530,2680538215,2680538833,8867,618
29373.762565,2680542161,2680542766,9206,605
29373.774582,2680546093,2680546702,9214,609
29373.786600,2680549959,2680550567,8884,608
29373.798635,2680553876,2680554459,9169,583
29373.810652,2680557799,2680558409,9282,610
29373.822667,2680561672,2680562284,8899,612
29373.834700,2680565599,2680566214,9202,615
29373.846716,2680569655,2680570263,12066,608
29373.858739,2680573684,2680574289,12000,605
29373.870772,2680577594,2680578203,9272,609
29373.890297,2680584006,2680584607,11820,601
29373.969961,2680609060,2680609675,12117,615
29373.981978,2680613101,2680613711,9255,610
29374.078164,2680638182,2680638765,7341,583
29374.090186,2680642245,2680642865,9270,620
29374.214915,2680663845,2680664454,9239,609
29374.226943,2680667295,2680667906,8959,611
29374.238968,2680670245,2680670859,9266,614
29374.250994,2680673803,2680674409,8982,606
29374.263013,2680677899,2680678507,12045,608
29374.275030,2680681926,2680682546,11983,620
29374.287061,2680686060,2680686665,9246,605
29374.299077,2680690216,2680690829,12057,613
29374.311101,2680694336,2680694946,11986,610
29374.323130,2680698435,2680699019,11977,584
29374.335147,2680702533,2680703146,12084,613
29374.347165,2680706410,2680707011,8880,601
29374.359198,2680710437,2680711052,9038,615
29374.371215,2680714560,2680715164,12091,604
29374.383237,2680718552,2680719160,11818,608
29374.395267,2680722612,2680723227,12071,615
29374.407292,2680726648,2680727260,12134,612
29374.419307,2680730678,2680731291,11843,613
29374.431337,2680734592,2680735176,9163,584
29374.441853,2680738014,2680738478,7612,464
29374.453881,2680741754,2680742337,9189,583
29374.465898,2680745671,2680746281,9270,610
29374.477914,2680749559,2680750167,8885,608
29374.489944,2680753546,2680754161,9244,615
29374.626700,2680795286,2680795901,9000,615
29374.662770,2680805613,2680806214,8904,601
29374.674800,2680809646,2680810251,12098,605
29374.686814,2680813553,2680814155,9231,602
29374.698833,2680817448,2680818055,8878,607
29374.710869,2680821401,2680822016,9199,615
29374.722881,2680825319,2680825922,9264,603
29374.734902,2680829184,2680829791,8863,607
29374.746939,2680833092,2680833676,9223,584
29374.758954,2680837029,2680837639,9291,610
29374.770978,2680841113,2680841728,11843,615
29374.783005,2680845116,2680845705,9184,589
29374.795021,2680849153,2680849761,12122,608
29374.807043,2680853238,2680853853,11981,615
29374.819070,2680857407,2680858022,12085,615
29374.831086,2680861483,2680862091,9268,608
29374.843108,2680865422,2680866034,8860,612
29374.855141,2680869546,2680870161,12045,615
29374.867158,2680873662,2680874265,12087,603
29374.879179,2680877693,2680878301,11807,608
29374.891207,2680881741,2680882356,12084,615
29374.903228,2680885813,2680886416,9249,603
29374.915249,2680889844,2680890457,11836,613
29374.927277,2680893954,2680894569,12066,615
29374.939294,2680898013,2680898625,12061,612
29374.951319,2680902014,2680902621,11838,607
29374.963348,2680905939,2680906558,9235,619
29374.973863,2680909388,2680909844,7562,456
29374.985893,2680913131,2680913716,9212,585
29374.997910,2680917058,2680917668,9276,610
29375.009926,2680920974,2680921586,8875,612
29375.021962,2680924891,2680925475,9141,584
29375.033980,2680928816,2680929431,9285,615
29375.045997,2680932782,2680933394,11804,612
29375.058031,2680936765,2680937349,11991,584
29375.070046,2680940665,2680941277,9236,612
29375.082062,2680944548,2680945156,8889,608
29375.094101,2680948470,2680949053,9252,583
29375.106115,2680952674,2680953289,12061,615
29375.191776,2680979561,2680980163,12025,602
29375.202304,2680982988,2680983603,9079,615
29375.214322,2680986949,2680987564,9286,615
29375.226337,2680990819,2680991432,8821,613
29375.238370,2680994692,2680995307,9219,615
29375.250392,2680998653,2680999262,9283,609
29375.262406,2681002724,2681003336,11815,612
29375.274435,2681006765,2681007375,12068,610
29375.286458,2681010705,2681011309,9251,604
29375.298476,2681014569,2681015182,8847,613
29375.310510,2681018531,2681019146,9238,615
29375.322526,2681022498,2681023102,9281,604
29375.334543,2681026379,2681026986,8884,607
29375.346578,2681030274,2681030884,9210,610
29375.358596,2681034230,2681034845,9267,615
29375.370611,2681038109,2681038715,8839,606
29375.382643,2681042020,2681042630,9206,610
29375.394662,2681046122,2681046737,12044,615
29375.406680,2681050166,2681050772,11822,606
29375.418710,2681054049,2681054653,9202,604
29375.430732,2681057979,2681058582,9303,603
29375.442750,2681061834,2681062441,8875,607
29375.454785,2681065757,2681066372,9235,615
29375.466797,2681069675,2681070278,9245,603
29375.478823,2681073697,2681074304,11840,607
29375.490850,2681077751,2681078335,11979,584
29375.502868,2681081674,2681082278,9273,604
29375.514884,2681085572,2681086174,8873,602
29375.526919,2681089492,2681090102,9237,610
29375.538933,2681093427,2681094039,9187,612
29375.550961,2681097327,2681097942,8994,615
29375.562990,2681101239,2681101849,9253,610
29375.575006,2681105160,2681105770,9220,610
29375.587028,2681109172,2681109770,11850,598
29375.599057,2681113320,2681113925,12044,605
29375.611073,2681117468,2681118071,12081,603
29375.623091,2681121576,2681122189,11797,613
29375.686215,2681141689,2681142296,11836,607
29375.698245,2681145617,2681146232,9083,615
29375.710264,2681149576,2681150179,9239,603
29375.722279,2681153459,2681154067,8886,608
29375.750842,2681162697,2681163307,12069,610
29375.762855,2681166555,2681167166,8884,611
29375.774891,2681170461,2681171076,9200,615
29375.786905,2681174385,2681174997,9222,612
29375.798932,2681178274,2681178884,8932,610
29375.810959,2681182365,2681182949,11989,584
29375.822976,2681186398,2681187006,12049,608
29375.835000,2681190381,2681190983,11841,602
29375.847027,2681194295,2681194905,9006,610
29375.859046,2681198303,2681198918,9281,615
29375.871068,2681202397,2681203008,11865,611
29375.914657,2681216284,2681216889,9211,605
29375.926676,2681220216,2681220820,9284,604
29375.938691,2681224061,2681224673,8877,612
29375.950729,2681228007,2681228591,9139,584
29375.962743,2681231918,2681232528,9274,610
29375.974762,2681235800,2681236401,8891,601
29375.986798,2681239702,2681240285,9206,583
29375.998812,2681243602,2681244222,9280,620
29376.010836,2681247665,2681248278,11843,613
29376.022864,2681251741,2681252356,12124,615
29376.034878,2681255658,2681256276,9251,618
29376.046902,2681259540,2681260150,8985,610
29376.058929,2681263443,2681264027,9258,584
29376.070945,2681267344,2681267957,9260,613
29376.082966,2681271207,2681271820,8891,613
29376.095001,2681275284,2681275894,12044,610
29376.107016,2681279348,2681279956,12079,608
29376.119038,2681283416,2681284023,11811,607
29376.131069,2681287496,2681288106,9181,610
29376.143092,2681291663,2681292276,12137,613
29376.155107,2681295757,2681296370,11882,613
29376.167135,2681299854,2681300438,11969,584
29376.179150,2681303740,2681304343,9263,603
29376.191171,2681307628,2681308240,8902,612
29376.203209,2681311711,2681312293,11968,582
29376.215222,2681315751,2681316359,12084,608
29376.227246,2681319727,2681320340,11842,613
29376.239272,2681323774,2681324394,12085,620
29376.251289,2681327839,2681328452,12064,613
29376.263307,2681331701,2681332307,8835,606
29376.275342,2681335666,2681336281,9201,615
29376.285853,2681339086,2681339692,8891,606
29376.297891,2681343040,2681343623,9214,583
29376.309906,2681346941,2681347551,9262,610
29376.321920,2681350802,2681351405,8861,603
29376.333957,2681354735,2681355319,9223,584
29376.345972,2681358653,2681359263,9255,610
29376.357991,2681362518,2681363126,8874,608
29376.370026,2681366436,2681367018,9201,582
29376.382041,2681370334,2681370947,9220,613
29376.394062,2681374392,2681375002,11986,610
29376.406092,2681378407,2681378990,12006,583
29376.418112,2681382339,2681382949,9298,610
29376.430126,2681386234,2681386844,8840,610
29376.442161,2681390133,2681390753,9088,620
29376.454176,2681394071,2681394685,9226,614
29376.466196,2681397996,2681398608,8843,612
29376.478228,2681402036,2681402620,11957,584
29376.490251,2681406102,2681406717,12099,615
29376.502264,2681409986,2681410587,8834,601
29376.514296,2681413893,2681414508,9189,615
29376.526317,2681417840,2681418450,9211,610
29376.538330,2681421715,2681422323,8832,608
29376.622499,2681448277,2681448887,12069,610
29376.711162,2681470432,2681471047,9174,615
29376.723197,2681473997,2681474612,12084,615
29376.735212,2681478198,2681478802,9256,604
29376.747235,2681482213,2681482821,11849,608
29376.759266,2681486294,2681486903,12084,609
29376.771279,2681490357,2681490970,12084,613
29376.783302,2681494390,2681495003,11831,613
29376.795334,2681498355,2681498938,9230,583
29376.805850,2681501788,2681502258,7595,470
29376.817876,2681505536,2681506120,9227,584
29376.829894,2681509453,2681510058,9293,605
29376.841918,2681513355,2681513975,8959,620
29376.853946,2681517307,2681517892,9233,585
29376.865963,2681521225,2681521840,9266,615
29376.877980,2681525134,2681525741,11829,607
29376.890012,2681529052,2681529656,12104,604
29376.902029,2681532963,2681533563,9211,600
29376.914046,2681536841,2681537452,8859,611
29376.926085,2681540799,2681541382,9258,583
29376.938095,2681544725,2681545335,9073,610
29376.971167,2681555302,2681555912,12110,610
29377.062830,2681583947,2681584553,8910,606
29377.074867,2681587874,2681588458,9178,584
29377.086877,2681591742,2681592345,9080,603
29377.098895,2681595633,2681596234,8863,601
29377.110933,2681599710,2681600319,12088,609
29377.122946,2681603781,2681604394,12064,613
29377.134976,2681607649,2681608256,8957,607
29377.146999,2681611600,2681612215,9234,615
29377.159016,2681615730,2681616338,12052,608
29377.171040,2681619815,2681620422,11821,607
29377.183068,2681623934,2681624518,11968,584
29377.195084,2681627959,2681628572,9206,613
29377.207101,2681631937,2681632545,8873,608
29377.219135,2681636074,2681636676,12072,602
29377.231152,2681640139,2681640746,12059,607
29377.243176,2681644210,2681644812,11811,602
29377.255207,2681648270,2681648880,12149,610
29377.267224,2681652230,2681652835,9239,605
29377.279247,2681656273,2681656876,11839,603
29377.291279,2681660214,2681660798,9205,584
29377.303291,2681664236,2681664855,12077,619
29377.315312,2681668242,2681668849,11840,607
29377.327341,2681672276,2681672886,12088,610
29377.337860,2681675734,2681676349,8955,615
29377.349894,2681679814,2681680248,7446,434
29377.361907,2681683587,2681684197,9279,610
29377.373921,2681687483,2681688096,8872,613
29377.385957,2681691368,2681691982,9221,614
29377.397973,2681695306,2681695914,9218,608
29377.409992,2681699246,2681699852,11827,606
29377.422023,2681703207,2681703791,11971,584
29377.434042,2681707145,2681707756,9058,611
29377.446057,2681711046,2681711655,8870,609
29377.458097,2681714922,2681715504,9238,582
29377.470112,2681718830,2681719436,9259,606
29377.482139,2681722722,2681723340,8940,618
29377.494164,2681726680,2681727264,9196,584
29377.506176,2681730670,2681731284,12055,614
29377.518196,2681734531,2681735132,8843,601
29377.530231,2681738471,2681739055,9202,584
29377.542249,2681742371,2681742975,9234,604
29377.554262,2681746416,2681747024,8849,608
29377.621901,2681767671,2681768131,7588,460
29377.734612,2681794045,2681794649,9039,604
29377.746641,2681797241,2681797855,9290,614
29377.758660,2681801137,2681801740,9282,603
29377.770675,2681805001,2681805609,8884,608
29377.782711,2681808920,2681809528,9229,608
29377.794729,2681812859,2681813469,9278,610
29377.806744,2681816725,2681817326,8849,601
29377.818778,2681820600,2681821213,9210,613
29377.830794,2681824568,2681825183,9090,615
29377.842818,2681828663,2681829276,11828,613
29377.854847,2681832726,2681833336,12128,610
29377.866860,2681836648,2681837255,9250,607
29377.878891,2681840517,2681841123,8934,606
29377.890913,2681844425,2681845040,9175,615
29377.902930,2681848331,2681848945,9229,614
29377.914948,2681852198,2681852811,8845,613
29377.926983,2681856270,2681856854,11946,584
29377.939001,2681860291,2681860899,12077,608
29377.951022,2681864275,2681864876,11840,601
29377.963052,2681868290,2681868894,9202,604
29377.975069,2681872447,2681873050,12078,603
29377.987091,2681876583,2681877185,11834,602
29377.999122,2681880793,2681881397,12086,604
29378.011136,2681884770,2681885383,9261,613
29378.023153,2681888656,2681889269,8860,613
29378.035193,2681892721,2681893304,11968,583
29378.047206,2681896752,2681897359,12083,607
29378.059228,2681900769,2681901371,11843,602
29378.071258,2681904838,2681905453,12108,615
29378.083275,2681908926,2681909531,12044,605
29378.095297,2681912915,2681913523,11837,608
29378.107325,2681916963,2681917547,11965,584
29378.119342,2681920970,2681921584,12055,614
29378.129870,2681924382,2681925002,9271,620
29378.141887,2681928304,2681928912,9191,608
29378.153905,2681932156,2681932764,8845,608
29378.165941,2681936192,2681936776,12017,584
29378.177957,2681940112,2681940722,9103,610
29378.189972,2681944003,2681944606,8848,603
29378.202011,2681947893,2681948476,9187,583
29378.214026,2681951844,2681952449,9249,605
29378.226052,2681955762,2681956375,11903,613
29378.238075,2681959782,2681960366,11963,584
29378.250093,2681963686,2681964289,9233,603
29378.262110,2681967589,2681968196,8807,607
29378.274149,2681971524,2681972107,9248,583
29378.286162,2681975421,2681976030,9181,609
29378.298178,2681979307,2681979919,8789,612
29378.310217,2681983209,2681983793,9200,584
29378.322231,2681987133,2681987743,9235,610
29378.334250,2681991094,2681991695,8905,601
29378.346284,2681995003,2681995588,9178,585
29378.358297,2681998961,2681999564,9184,603
29378.370313,2682002927,2682003530,8875,603
29378.484538,2682038897,2682039506,12054,609
29378.504332,2682045984,2682046588,11966,604
29378.567198,2682065406,2682066009,9180,603
29378.579219,2682069484,2682070094,9257,610
29378.591241,2682073476,2682074084,11835,608
29378.603269,2682077558,2682078167,12067,609
29378.615287,2682081616,2682082234,12098,618
29378.627311,2682085505,2682086114,8958,609
29378.639339,2682089455,2682090065,9226,610
29378.649848,2682092888,2682093500,8894,612
29378.661882,2682096827,2682097410,9230,583
29378.673898,2682100753,2682101363,9088,610
29378.685917,2682104628,2682105237,8886,609
29378.697956,2682108530,2682109112,9223,582
29378.709968,2682112428,2682113030,9187,602
29378.721996,2682116328,2682116941,8986,613
29378.734022,2682120248,2682120830,9181,582
29378.746039,2682124166,2682124770,9252,604
29378.758054,2682128019,2682128632,8876,613
29378.770086,2682131943,2682132552,9167,609
29378.782108,2682135915,2682136519,9268,604
29378.794123,2682139809,2682140422,8841,613
29378.806160,2682143693,2682144277,9256,584
29378.818172,2682147594,2682148201,9214,607
29378.830192,2682151524,2682152125,8818,601
29378.842225,2682155557,2682156140,11973,583
29378.854244,2682159616,2682160226,12073,610
29378.866261,2682163470,2682164077,8852,607
29378.878298,2682167415,2682167998,9230,583
29378.890310,2682171298,2682171906,9209,608
29378.902327,2682175160,2682175774,8870,614
29378.914360,2682179089,2682179699,9222,610
29378.926380,2682183047,2682183656,9239,609
29378.938405,2682186960,2682187575,8949,615
29378.950433,2682190898,2682191480,9175,582
29378.962450,2682194813,2682195428,9291,615
29378.974472,2682198689,2682199304,8943,615
29378.986496,2682202625,2682203239,9213,614
29379.027075,2682215802,2682216422,12065,620
29379.037590,2682219569,2682220183,11995,614
29379.051116,2682224075,2682224682,11837,607
29379.063145,2682228228,2682228843,12071,615
29379.075164,2682232435,2682233050,12039,615
29379.087183,2682236513,2682237123,12008,610
29379.099213,2682240689,2682241299,12073,610
29379.111227,2682244685,2682245293,9260,608
29379.123254,2682248766,2682249381,12005,615
29379.135281,2682252838,2682253449,12130,611
29379.147298,2682256892,2682257495,12085,603
29379.159316,2682260787,2682261388,8902,601
29379.171351,2682264842,2682265457,12091,615
29379.181867,2682268400,2682269005,8961,605
29379.193897,2682272303,2682272886,9180,583
29379.205912,2682276231,2682276846,9272,615
29379.217940,2682280096,2682280703,8976,607
29379.229963,2682284016,2682284600,9214,584
29379.250995,2682290904,2682291511,12020,607
29379.263023,2682294885,2682295505,8884,620
29379.275048,2682298998,2682299618,9178,620
29379.287066,2682303219,2682303834,12055,615
29379.297591,2682306832,2682307451,9215,619
29379.314120,2682312293,2682312908,9007,615
29379.326146,2682316336,2682316956,8939,620
29379.338171,2682320261,2682320845,9200,584
29379.348681,2682323844,2682324459,11978,615
29379.366721,2682329757,2682330363,11874,606
29379.378747,2682333695,2682334300,9177,605
29379.390764,2682337642,2682338252,9260,610
29379.402785,2682341525,2682342135,8965,610
29379.414814,2682345458,2682346042,9223,584
29379.426832,2682349381,2682349990,9280,609
29379.438846,2682353278,2682353884,8866,606
29379.450883,2682357190,2682357773,9278,583
29379.462895,2682361095,2682361713,9213,618
29379.474922,2682365155,2682365756,11840,601
29379.486951,2682369246,2682369861,12099,615
29379.498965,2682373177,2682373785,9258,608
29379.510983,2682377045,2682377652,8884,607
29379.523019,2682381114,2682381719,12077,605
29379.535035,2682385215,2682385829,12082,614
29379.547052,2682389243,2682389861,8833,618
29379.559088,2682393320,2682393935,9211,615
29379.571106,2682397495,2682398115,12057,620
29379.583120,2682401451,2682402047,8847,596
29379.595159,2682405513,2682406097,9225,584
29379.605666,2682408936,2682409544,8850,608
29379.622211,2682414472,2682415056,11972,584
29379.634228,2682418384,2682418993,9279,609
29379.646242,2682422291,2682422893,8853,602
29379.656765,2682425793,2682426406,12057,613
29379.682308,2682433932,2682434534,8879,602
29379.698853,2682439413,2682439996,12010,583
29379.710868,2682443309,2682443917,9281,608
29379.722886,2682447206,2682447824,8911,618
29379.734917,2682451098,2682451708,9225,610
29379.746936,2682455022,2682455629,9230,607
29379.758956,2682458921,2682459533,8899,612
29379.770991,2682462856,2682463476,9275,620
29379.783008,2682466935,2682467535,12081,600
29379.795025,2682470929,2682471531,8854,602
29379.807059,2682475075,2682475685,12078,610
29379.819077,2682479073,2682479688,9264,615
29379.831098,2682483197,2682483810,11842,613
29379.843128,2682487244,2682487859,9268,615
29379.855142,2682491250,2682491853,9240,603
29379.867169,2682495328,2682495935,12028,607
29379.879199,2682499419,2682500029,12084,610
29379.891213,2682503489,2682504102,12127,613
29379.903236,2682507519,2682508134,12014,615
29379.915264,2682511634,2682512249,12089,615
29379.927279,2682515713,2682516316,12061,603
29379.939305,2682519721,2682520334,11819,613
29379.951337,2682523793,2682524378,11968,585
29379.961851,2682527201,2682527809,8930,608
29379.973882,2682531179,2682531618,7387,439
29379.985894,2682534957,2682535572,9286,615
29379.997917,2682538976,2682539586,11975,610
29380.009948,2682542883,2682543467,9186,584
29380.021966,2682546808,2682547412,9244,604
29380.033980,2682550673,2682551285,8814,612
29380.046015,2682554618,2682555202,9163,584
29380.058030,2682558552,2682559156,12022,604
29380.070052,2682562578,2682563193,11992,615
29380.082084,2682566505,2682567089,9193,584
29380.094098,2682570413,2682571021,9228,608
29380.106117,2682574303,2682574911,8863,608
29380.118154,2682578301,2682578916,9214,615
29380.130168,2682582411,2682583021,12062,610
29380.142185,2682586343,2682586957,8879,614
29380.154220,2682590398,2682590981,11983,583
29380.166238,2682594330,2682594942,9273,612
29380.178255,2682598235,2682598843,8880,608
29380.190290,2682602335,2682602918,11961,583
29380.202303,2682606272,2682606875,9234,603
29380.226355,2682614047,2682614652,12080,605
29380.236874,2682617533,2682618003,7573,470
29380.257916,2682624115,2682624698,11969,583
29380.269938,2682628050,2682628660,12073,610
29380.281950,2682631962,2682632574,8853,612
29380.293987,2682635888,2682636472,9200,584
29380.306005,2682639829,2682640444,12076,615
29380.318022,2682643777,2682644385,8866,608
29380.330060,2682647668,2682648251,9141,583
29380.342074,2682651581,2682652190,9270,609
29380.354096,2682655515,2682656130,8975,615
29380.366125,2682659452,2682660032,9196,580
29380.378142,2682663364,2682663979,9239,615
29380.390160,2682667372,2682667978,11835,606
29380.402191,2682671298,2682671913,9209,615
29380.414212,2682675270,2682675880,9237,610
29380.426226,2682679162,2682679763,8828,601
29380.438261,2682683072,2682683656,9176,584
29380.450279,2682686996,2682687615,9299,619
29380.462302,2682690927,2682691542,8960,615
29380.474329,2682694993,2682695577,11973,584
29380.486347,2682699046,2682699656,12069,610
29380.498364,2682702909,2682703510,8870,601
29380.510399,2682706821,2682707436,9274,615
29380.522416,2682710781,2682711391,9304,610
29380.534431,2682714648,2682715249,8863,601
29380.546463,2682718559,2682719174,9182,615
29380.558480,2682722482,2682723091,9054,609
29380.570504,2682726409,2682727013,8963,604
29380.582531,2682730288,2682730899,9250,611
29380.594552,2682734249,2682734864,9291,615
29380.606578,2682738253,2682738866,11908,613
29380.618600,2682742172,2682742782,9195,610
29380.671191,2682758964,2682759579,12046,615
29380.683219,2682762963,2682763570,11849,607
29380.695247,2682767057,2682767641,11929,584
29380.707260,2682771101,2682771709,11979,608
29380.719287,2682775156,2682775766,12043,610
29380.731316,2682779224,2682779806,11848,582
29380.743333,2682783245,2682783853,12079,608
29380.755361,2682787238,2682787851,11887,613
29380.765880,2682790692,2682791299,9296,607
29380.777893,2682794626,2682795234,8831,608
29380.789930,2682798606,2682799190,11972,584
29380.801947,2682802557,2682803172,12067,615
29380.813971,2682806522,2682807137,8913,615
29380.826000,2682810455,2682811039,9228,584
29380.838018,2682814383,2682814993,9211,610
29380.850032,2682818278,2682818885,8868,607
29380.862070,2682822249,2682822833,9222,584
29380.874084,2682826197,2682826802,9248,605
29380.886105,2682830222,2682830832,11987,610
29380.898137,2682834108,2682834691,9191,583
29380.910154,2682838049,2682838654,9269,605
29380.922169,2682841903,2682842505,8851,602
29380.934203,2682845799,2682846409,9179,610
29380.946221,2682849733,2682850337,9280,604
29380.958246,2682853656,2682854266,8987,610
29380.970269,2682857701,2682858316,12068,615
29381.006340,2682869330,2682869933,12097,603
29381.016854,2682872814,2682873430,11988,616
29381.119058,2682903770,2682904384,12111,614
29381.131069,2682907782,2682908385,9202,603
29381.143095,2682911872,2682912480,11840,608
29381.155124,2682915994,2682916604,12136,610
29381.167140,2682920134,2682920747,12081,613
29381.179162,2682924168,2682924781,11818,613
29381.191189,2682928099,2682928709,9197,610
29381.203205,2682932033,2682932636,9068,603
29381.215231,2682936057,2682936673,11844,616
29381.227259,2682940167,2682940777,9245,610
29381.239275,2682944317,2682944925,12053,608
29381.251306,2682948319,2682948932,11870,613
29381.263332,2682952411,2682952994,11964,583
29381.273845,2682955861,2682956324,7569,463
29381.285880,2682959620,2682960059,7463,439
29381.297888,2682963331,2682963939,9214,608
29381.309909,2682967253,2682967854,8844,601
29381.321946,2682971192,2682971776,9218,584
29381.333957,2682975080,2682975693,9231,613
29381.345975,2682978949,2682979556,8875,607
29381.358014,2682982886,2682983470,9256,584
29381.370027,2682986808,2682987428,9293,620
29381.382046,2682990719,2682991324,8878,605
29381.394081,2682994632,2682995216,9232,584
29381.406094,2682998682,2682999297,12017,615
29381.418113,2683002711,2683003312,11803,601
29381.430149,2683006848,2683007432,12006,584
29381.442166,2683010779,2683011398,9252,619
29381.454189,2683014702,2683015317,9006,615
29381.466218,2683018616,2683019200,9209,584
29381.478235,2683022524,2683023139,9255,615
29381.490251,2683026557,2683027158,11830,601
29381.502283,2683030620,2683031230,12108,610
29381.514303,2683034557,2683035156,9284,599
29381.526317,2683038439,2683039041,8876,602
29381.538355,2683042358,2683042942,9223,584
29381.550367,2683046244,2683046857,9032,613
29381.562385,2683050149,2683050751,8856,602
29381.574417,2683054075,2683054684,9232,609
29381.586438,2683058025,2683058640,9217,615
29381.598467,2683061900,2683062510,8955,610
29381.610489,2683065811,2683066420,9219,609
29381.622505,2683069907,2683070509,12094,602
29381.633030,2683073382,2683073966,11988,584
29381.678117,2683087669,2683088253,11962,584
29381.690134,2683091722,2683092342,12035,620
29381.702157,2683095734,2683096339,11989,605
29381.714190,2683099652,2683100235,9228,583
29381.726203,2683103565,2683104178,9251,613
29381.738221,2683107433,2683108035,8851,602
29381.750257,2683111305,2683111915,9235,610
29381.762275,2683115273,2683115888,9254,615
29381.774289,2683119181,2683119788,8854,607
29381.786328,2683123064,2683123647,9239,583
29381.798340,2683127043,2683127654,9090,611
29381.810359,2683130947,2683131560,8889,613
29381.822394,2683135031,2683135615,11973,584
29381.832902,2683138522,2683139133,11981,611
29381.870477,2683150425,2683151045,9191,620
29381.894527,2683158198,2683158812,12081,614
29381.906546,2683162190,2683162794,9276,604
29381.918568,2683166215,2683166825,11984,610
29381.930600,2683170108,2683170692,9220,584
29381.942614,2683174006,2683174619,9228,613
29381.954632,2683177924,2683178531,8821,607
29381.966666,2683181813,2683182427,9199,614
29381.978684,2683185784,2683186399,9264,615
29382.014751,2683197295,2683197904,12114,609
29382.026771,2683201158,2683201771,8900,613
29382.038804,2683205217,2683205832,9208,615
29382.049317,2683208722,2683209327,11990,605
29382.062844,2683213223,2683213826,11841,603
29382.074870,2683217139,2683217759,9199,620
29382.086890,2683221091,2683221706,9250,615
29382.098913,2683224986,2683225594,8950,608
29382.110945,2683228931,2683229515,9179,584
29382.122958,2683232973,2683233581,12085,608
29382.134979,2683237007,2683237611,11988,604
29382.147010,2683240954,2683241562,9217,608
29382.159026,2683245055,2683245668,12082,613
29382.171048,2683249127,2683249735,11818,608
29382.183078,2683253274,2683253884,12085,610
29382.195094,2683257454,2683258068,11984,614
29382.207117,2683261490,2683262100,8943,610
29382.219147,2683265541,2683266125,9189,584
29382.231160,2683269579,2683270183,9230,604
29382.243190,2683273631,2683274239,8933,608
29382.255216,2683277744,2683278354,12071,610
29382.267231,2683281803,2683282411,12132,608
29382.279253,2683285789,2683286402,11814,613
29382.291284,2683289703,2683290287,9243,584
29382.303301,2683293650,2683294259,9263,609
29382.315324,2683297650,2683298262,11841,612
29382.327350,2683301717,2683302301,11941,584
29382.337862,2683305136,2683305754,8917,618
29382.349899,2683309083,2683309667,9227,584
29382.361911,2683312983,2683313603,9230,620
29382.373932,2683316891,2683317493,8834,602
29382.385967,2683320773,2683321356,9180,583
29382.397984,2683324718,2683325326,9262,608
29382.409998,2683328608,2683329216,8874,608
29382.422034,2683332597,2683333181,11973,584
29382.434052,2683336600,2683337214,12064,614
29382.446074,2683340677,2683341286,8977,609
29382.458103,2683344637,2683345221,9233,584
29382.470121,2683348567,2683349187,9252,620
29382.482136,2683352455,2683353068,8844,613
29382.494173,2683356652,2683357262,12111,610
29382.621902,2683396528,2683397129,8719,601
29382.645952,2683403817,2683404421,5813,604
29382.657973,2683407774,2683408380,8876,606
29382.670007,2683411704,2683412290,9188,586
29382.682021,2683415599,2683416217,9188,618
29382.694047,2683419513,2683420123,8952,610
29382.706074,2683423509,2683424093,11975,584
29382.718092,2683427558,2683428173,12074,615
29382.730108,2683431459,2683432060,8896,601
29382.742143,2683435370,2683435985,9201,615
29382.754161,2683439326,2683439941,9299,615
29382.766176,2683443191,2683443797,8829,606
29382.778214,2683447072,2683447655,9223,583
29382.790226,2683450994,2683451609,9063,615
29382.802245,2683454900,2683455507,8858,607
29382.814284,2683458800,2683459382,9246,582
29382.826295,2683462697,2683463310,9208,613
29382.838323,2683466751,2683467358,11894,607
29382.850345,2683470824,2683471439,12083,615
29382.862367,2683474794,2683475404,9287,610
29382.874382,2683478730,2683479337,8897,607
29382.886417,2683482630,2683483213,9210,583
29382.898432,2683486536,2683487154,9235,618
29382.910449,2683490444,2683491051,8846,607
29382.922482,2683494495,2683495099,12090,604
29382.934502,2683498590,2683499200,12103,610
29382.946520,2683502506,2683503108,8907,602
29382.958552,2683506411,2683507026,9180,615
29382.970572,2683510352,2683510956,9276,604
29382.982586,2683514211,2683514824,8857,613
29382.994626,2683518168,2683518752,9272,584
29383.006638,2683522085,2683522699,9224,614
29383.018658,2683525964,2683526566,8899,602
29383.030689,2683529869,2683530486,9226,617
29383.042709,2683533814,2683534424,9289,610
29383.054728,2683537855,2683538456,11849,601
29383.065250,2683541431,2683542040,12035,609
29383.141899,2683565527,2683566142,9298,615
29383.153914,2683569470,2683570083,8822,613
29383.165946,2683573402,2683574017,9180,615
29383.177966,2683577359,2683577969,9299,610
29383.189990,2683581306,2683581921,8951,615
29383.202018,2683585231,2683585815,9226,584
29383.214036,2683589167,2683589785,9274,618
29383.226050,2683593073,2683593675,8812,602
29383.238085,2683597091,2683597701,12136,610
29383.250104,2683601161,2683601776,12073,615
29383.262125,2683605187,2683605797,8935,610
29383.274154,2683609114,2683609696,9226,582
29383.286169,2683613044,2683613653,9060,609
29383.298188,2683616947,2683617560,8809,613
29383.310224,2683620868,2683621452,9207,584
29383.322238,2683624949,2683625552,12016,603
29383.334265,2683628962,2683629572,12030,610
29383.346291,2683632875,2683633457,9156,582
29383.358308,2683636782,2683637397,9235,615
29383.370327,2683640631,2683641238,8893,607
29383.382360,2683644528,2683645138,9235,610
29383.394376,2683648456,2683649069,9260,613
29383.406392,2683652357,2683652975,8805,618
29383.418428,2683656296,2683656880,9199,584
29383.430446,2683660219,2683660833,9251,614
29383.442464,2683664141,2683664748,8926,607
29383.454496,2683668187,2683668807,12074,620
29383.465009,2683671828,2683672439,11972,611
29383.558192,2683701248,2683701832,11984,584
29383.570211,2683705171,2683705775,9256,604
29383.582239,2683709026,2683709638,8927,612
29383.594265,2683712935,2683713518,9190,583
29383.606278,2683716813,2683717421,9240,608
29383.618296,2683720719,2683721326,8895,607
29383.666397,2683736031,2683736635,12071,604
29383.678419,2683740001,2683740606,9306,605
29383.690433,2683743893,2683744500,8866,607
29383.702466,2683747809,2683748424,9186,615
29383.714485,2683751768,2683752383,9240,615
29383.726504,2683755650,2683756263,8888,613
29383.738539,2683759723,2683760307,11973,584
29383.750556,2683763772,2683764381,12062,609
29383.762570,2683767654,2683768250,8879,596
29383.774606,2683771562,2683772146,9230,584
29383.786622,2683775476,2683776080,9265,604
29383.798640,2683779354,2683779972,8855,618
29383.810675,2683783279,2683783863,9219,584
29383.822693,2683787200,2683787810,9276,610
29383.834715,2683791092,2683791702,8927,610
29383.846740,2683794993,2683795602,9180,609
29383.858758,2683798928,2683799541,9256,613
29383.870781,2683802946,2683803554,11847,608
29383.881300,2683806540,2683807149,11990,609
29383.942915,2683826048,2683826661,11844,613
29383.954946,2683830142,2683830726,11945,584
29383.966967,2683834191,2683834806,12063,615
29383.978992,2683838059,2683838666,8980,607
29383.991017,2683842126,2683842735,12071,609
29384.003033,2683846254,2683846861,12091,607
29384.015054,2683850325,2683850933,11829,608
29384.027086,2683854498,2683855082,11966,584
29384.039099,2683858473,2683859081,9229,608
29384.051117,2683862394,2683863001,8880,607
29384.063151,2683866501,2683867083,11948,582
29384.075169,2683870530,2683871133,12056,603
29384.087193,2683874636,2683875243,11839,607
29384.099223,2683878708,2683879318,12086,610
29384.111238,2683882761,2683883369,12080,608
29384.123262,2683886760,2683887367,11814,607
29384.135293,2683890804,2683891414,12082,610
29384.147306,2683894847,2683895455,12114,608
29384.159328,2683898847,2683899465,11812,618
29384.171358,2683902895,2683903478,11966,583
29384.181873,2683906313,2683906923,8965,610
29384.193904,2683910209,2683910793,9215,584
29384.205921,2683914115,2683914729,9276,614
29384.217939,2683918021,2683918623,8873,602
29384.229973,2683921908,2683922521,9211,613
29384.240491,2683925723,2683926344,12039,621
29384.251004,2683930948,2683932085,16292,1137
29384.261529,2683939005,2683940145,16381,1140
29384.278058,2683946728,2683947342,9000,614
29384.290084,2683950750,2683951365,8916,615
29384.302110,2683954786,2683955406,9241,620
29384.314123,2683958954,2683959570,11983,616
29384.326153,2683962996,2683963616,8918,620
29384.338178,2683966999,2683967614,9242,615
29384.350192,2683971142,2683971757,11977,615
29384.362222,2683975165,2683975784,8931,619
29384.374246,2683979112,2683979697,9214,585
29384.386265,2683983046,2683983655,9279,609
29384.398279,2683986950,2683987563,8863,613
29384.410317,2683990846,2683991430,9228,584
29384.422329,2683994724,2683995338,9241,614
29384.434350,2683998661,2683999269,8850,608
29384.446385,2684002602,2684003183,9197,581
29384.458402,2684006515,2684007130,9283,615
29384.470416,2684010403,2684011011,8864,608
29384.482452,2684014454,2684015064,12085,610
29384.494470,2684018400,2684019010,9254,610
29384.506485,2684022264,2684022870,8827,606
29384.518517,2684026186,2684026796,9235,610
29384.530537,2684030161,2684030777,9291,616
29384.542555,2684034033,2684034646,8873,613
29384.554590,2684037977,2684038560,9226,583
29384.566603,2684042001,2684042610,12058,609
29384.578630,2684045890,2684046494,8949,604
29384.590656,2684049803,2684050418,9219,615
29384.602676,2684053760,2684054370,9245,610
29384.614691,2684057615,2684058216,8881,601
29384.626726,2684061648,2684062252,12095,604
29384.638744,2684065568,2684066177,9267,609
29384.650759,2684069426,2684070039,8839,613
29384.662795,2684073367,2684073949,9213,582
29384.674809,2684077269,2684077878,9080,609
29384.686832,2684081354,2684081962,11804,608
29384.697351,2684084951,2684085561,12044,610
29384.742440,2684099226,2684099844,9233,618
29384.754457,2684103168,2684103775,8843,607
29384.766487,2684107189,2684107809,12074,620
29384.778509,2684111155,2684111763,9277,608
29384.790527,2684115024,2684115631,8849,607
29384.802562,2684118945,2684119555,9257,610
29384.814579,2684122886,2684123490,9241,604
29384.826601,2684126774,2684127378,8947,604
29384.838630,2684130690,2684131273,9157,583
29384.850648,2684134599,2684135214,9226,615
29384.862662,2684138478,2684139089,8914,611
29384.874698,2684142402,2684143022,9212,620
29384.886712,2684146478,2684147086,12098,608
29384.898732,2684150517,2684151124,11795,607
29384.910767,2684154438,2684155022,9197,584
29384.922781,2684158358,2684158978,9109,620
29384.934800,2684162260,2684162867,8821,607
29384.946835,2684166152,2684166767,9183,615
29384.958852,2684170122,2684170732,9269,610
29384.970874,2684174007,2684174620,8955,613
29385.094109,2684212552,2684213160,9180,608
29385.106125,2684216461,2684217074,8824,613
29385.118161,2684220400,2684220984,9190,584
29385.130180,2684224325,2684224935,9286,610
29385.142194,2684228213,2684228821,8817,608
29385.154230,2684232128,2684232712,9202,584
29385.166247,2684236037,2684236647,9272,610
29385.178265,2684239971,2684240572,8855,601
29385.190300,2684243903,2684244487,9119,584
29385.202317,2684247815,2684248435,9240,620
29385.214331,2684251707,2684252308,8831,601
29385.226371,2684255656,2684256240,9260,584
29385.238385,2684259566,2684260170,9285,604
29385.250400,2684263430,2684264031,8862,601
29385.262436,2684267320,2684267903,9190,583
29385.274452,2684271248,2684271863,9256,615
29385.286473,2684275317,2684275935,11840,618
29385.298499,2684279373,2684279983,12071,610
29385.310521,2684283334,2684283944,9249,610
29385.322545,2684287234,2684287844,9011,610
29385.334573,2684291125,2684291709,9144,584
29385.346591,2684295050,2684295654,9294,604
29385.358605,2684298927,2684299528,8835,601
29385.370641,2684302808,2684303428,9186,620
29385.382659,2684306770,2684307374,9263,604
29385.394674,2684310632,2684311233,8882,601
29385.406706,2684314548,2684315157,9198,609
29385.418725,2684318473,2684319082,9073,609
29385.430744,2684322366,2684322968,8872,602
29385.442779,2684326281,2684326866,9210,585
29385.454797,2684330193,2684330808,9210,615
29385.466822,2684334063,2684334671,8945,608
29385.478845,2684337990,2684338608,9242,618
29385.490863,2684341961,2684342571,9260,610
29385.502884,2684346001,2684346609,11833,608
29385.514911,2684350088,2684350692,12069,604
29385.526931,2684354043,2684354648,9235,605
29385.538946,2684357904,2684358516,8819,612
29385.550979,2684361827,2684362442,9230,615
29385.562999,2684365795,2684366410,9281,615
29385.575020,2684369933,2684370546,11826,613
29385.587050,2684373911,2684374516,9237,605
29385.599066,2684378043,2684378656,12057,613
29385.611093,2684382153,2684382754,11834,601
29385.623124,2684386201,2684386785,9227,584
29385.707271,2684412777,2684413386,12026,609
29385.719299,2684416895,2684417504,12005,609
29385.731325,2684420931,2684421535,12116,604
29385.743342,2684424981,2684425584,12085,603
29385.753868,2684428393,2684428977,9202,584
29385.765884,2684432290,2684432894,9081,604
29385.777904,2684436211,2684436827,8858,616
29385.789941,2684440144,2684440728,9220,584
29385.801955,2684444059,2684444674,9278,615
29385.813983,2684447982,2684448595,8960,613
29385.826009,2684451897,2684452481,9225,584
29385.838026,2684455809,2684456413,9269,604
29385.850040,2684459686,2684460299,8864,613
29385.862076,2684463599,2684464182,9179,583
29385.874095,2684467529,2684468139,9308,610
29385.886111,2684471561,2684472168,11800,607
29385.898142,2684475621,2684476206,11975,585
29385.910163,2684479541,2684480145,9276,604
29385.922178,2684483439,2684484045,8847,606
29385.934213,2684487327,2684487911,9226,584
29385.946230,2684491239,2684491850,9277,611
29385.958249,2684495128,2684495729,8925,601
29385.970284,2684499035,2684499650,9249,615
29385.991312,2684505808,2684506420,9245,612
29386.003330,2684509691,2684510309,8854,618
29386.013856,2684513131,2684513738,9065,607
29386.025874,2684517046,2684517658,8833,612
29386.037912,2684520922,2684521505,9163,583
29386.049927,2684524815,2684525420,9293,605
29386.061952,2684528720,2684529331,8945,611
29386.073982,2684532625,2684533209,9216,584
29386.085991,2684536546,2684537156,12020,610
29386.098017,2684540506,2684541121,11987,615
29386.110049,2684544405,2684544989,9166,584
29386.122063,2684548556,2684549164,12022,608
29386.134081,2684552473,2684553075,8891,602
29386.146119,2684556338,2684556923,9239,585
29386.158130,2684560225,2684560833,9236,608
29386.170151,2684564165,2684564778,8892,613
29386.182189,2684568074,2684568656,9230,582
29386.194200,2684571962,2684572574,9185,612
29386.206217,2684575855,2684576456,8900,601
29386.218257,2684579782,2684580366,9230,584
29386.230272,2684583696,2684584306,9250,610
29386.242285,2684587603,2684588216,8857,613
29386.254321,2684591517,2684592102,9166,585
29386.266339,2684595438,2684596043,9313,605
29386.278356,2684599323,2684599929,8854,606
29386.290392,2684603223,2684603807,9232,584
29386.318934,2684612453,2684613066,11800,613
29386.330965,2684616535,2684617150,12081,615
29386.342983,2684620480,2684621090,9288,610
29386.354998,2684624355,2684624963,8868,608
29386.367036,2684628408,2684629018,12089,610
29386.379051,2684632535,2684633144,12122,609
29386.391073,2684636625,2684637243,11821,618
29386.403100,2684640690,2684641300,9202,610
29386.415119,2684644757,2684645367,9269,610
29386.427141,2684648830,2684649430,11840,600
29386.439170,2684652969,2684653584,12073,615
29386.451187,2684657038,2684657651,12058,613
29386.463213,2684661068,2684661683,12012,615
29386.475241,2684665155,2684665770,12088,615
29386.487255,2684669076,2684669678,9240,602
29386.499273,2684672969,2684673576,8843,607
29386.511308,2684677009,2684677628,12084,619
29386.523323,2684681066,2684681669,12059,603
29386.535347,2684685147,2684685754,11814,607
29386.545873,2684688609,2684689219,9310,610
29386.557898,2684692537,2684693148,8949,611
29386.569924,2684696449,2684697032,9199,583
29386.581937,2684700328,2684700938,9197,610
29386.593955,2684704209,2684704820,8860,611
29386.605991,2684708132,2684708716,9213,584
29386.618006,2684712053,2684712655,12046,602
29386.726211,2684746088,2684746696,12086,608
29386.738229,2684749999,2684750606,8877,607
29386.750268,2684753934,2684754518,9260,584
29386.762282,2684757860,2684758471,9229,611
29386.774299,2684761772,2684762379,8863,607
29386.786335,2684765674,2684766258,9203,584
29386.798352,2684769590,2684770200,9254,610
29386.810374,2684773510,2684774117,8996,607
29386.822403,2684777430,2684778014,9200,584
29386.834417,2684781488,2684782092,12011,604
29386.846434,2684785380,2684785982,8863,602
29386.858470,2684789269,2684789889,9182,620
29386.870489,2684793212,2684793820,9246,608
29386.930605,2684812143,2684812758,12090,615
29386.942626,2684816127,2684816732,9251,605
29386.954652,2684819983,2684820590,8971,607
29386.966674,2684823881,2684824496,9193,615
29386.978695,2684827816,2684828431,9239,615
29386.990708,2684831711,2684832324,8871,613
29387.002747,2684835601,2684836185,9248,584
29387.014760,2684839504,2684840117,9240,613
29387.026778,2684843376,2684843986,8831,610
29387.038810,2684847288,2684847903,9196,615
29387.050829,2684851248,2684851857,9295,609
29387.062845,2684855147,2684855760,8904,613
29387.074880,2684859031,2684859615,9240,584
29387.086897,2684862926,2684863536,9266,610
29387.098916,2684866777,2684867384,8888,607
29387.110953,2684870728,2684871311,9204,583
29387.122965,2684874611,2684875224,9240,613
29387.134990,2684878642,2684879244,11859,602
29387.147015,2684882766,2684883376,12072,610
29387.159038,2684886948,2684887558,12045,610
29387.171058,2684891055,2684891657,11848,602
29387.183088,2684895232,2684895853,12111,621
29387.195103,2684899446,2684900054,12083,608
29387.207128,2684903572,2684904191,11997,619
29387.219159,2684907595,2684908179,9215,584
29387.231170,2684911568,2684912176,9253,608
29387.243195,2684915573,2684916169,11840,596
29387.255227,2684919586,2684920206,12127,620
29387.267240,2684923652,2684924260,12086,608
29387.279262,2684927672,2684928284,11837,612
29387.291290,2684931768,2684932351,11956,583
29387.303306,2684935665,2684936267,9058,602
29387.315324,2684939551,2684940158,8870,607
29387.327359,2684943616,2684944232,12075,616
29387.337871,2684947069,2684947682,8866,613
29387.349909,2684951020,2684951604,9243,584
29387.361924,2684954942,2684955552,9273,610
29387.373939,2684958845,2684959446,8854,601
29387.385974,2684962726,2684963310,9217,584
29387.397988,2684966588,2684967196,9240,608
29387.410009,2684970537,2684971148,8890,611
29387.422044,2684974472,2684975056,9203,584
29387.434058,2684978490,2684979100,12022,610
29387.446078,2684982525,2684983138,11804,613
29387.458111,2684986435,2684987018,9190,583
29387.470127,2684990313,2684990921,9204,608
29387.482143,2684994202,2684994813,8858,611
29387.494182,2684998097,2684998681,9233,584
29387.506194,2685002212,2685002827,11968,615
29387.520332,2685007439,2685008054,12088,615
29387.542266,2685014283,2685014888,8979,605
29387.554294,2685018380,2685018995,8930,615
29387.566318,2685022328,2685022942,9260,614
29387.578335,2685026294,2685026909,8987,615
29387.590363,2685030258,2685030878,8947,620
29387.602387,2685034224,2685034828,9198,604
29387.614404,2685038185,2685038800,8937,615
29387.626431,2685042168,2685042775,8901,607
29387.638455,2685046131,2685046741,9271,610
29387.650471,2685050247,2685050851,12020,604
29387.662500,2685054343,2685054958,12036,615
29387.674523,2685058321,2685058936,9257,615
29387.686540,2685062314,2685062934,8953,620
29387.698568,2685066281,2685066896,8949,615
29387.710592,2685070246,2685070855,9258,609
29387.722609,2685074197,2685074812,9013,615
29387.734635,2685078300,2685078915,12040,615
29387.746660,2685082395,2685083005,12099,610
29387.758677,2685086371,2685086981,8960,610
29387.770703,2685090337,2685090946,8941,609
29387.782727,2685094286,2685094901,9247,615
29387.794746,2685098230,2685098846,8969,616
29387.806772,2685102195,2685102810,8919,615
29387.818797,2685106169,2685106784,9250,615
29387.830812,2685110126,2685110746,8984,620
29387.842841,2685114092,2685114700,8921,608
29387.854863,2685118043,2685118648,9221,605
29387.866883,2685122143,2685122758,12013,615
29387.878907,2685126112,2685126722,8932,610
29387.890932,2685130049,2685130670,9251,621
29387.902950,2685134033,2685134648,8994,615
29387.914976,2685138000,2685138615,8920,615
29387.927000,2685141972,2685142584,9238,612
29387.939019,2685146158,2685146762,12012,604
29387.951048,2685150254,2685150863,12038,609
29387.963069,2685154480,2685155090,12068,610
29387.975087,2685158699,2685159308,12010,609
29387.999136,2685166614,2685167235,9243,621
29388.011154,2685170721,2685171326,8941,605
29388.038205,2685179655,2685180260,11993,605
29388.050236,2685183773,2685184388,12040,615
29388.062257,2685187894,2685188503,12089,609
29388.074277,2685191848,2685192464,8958,616
29388.086304,2685195807,2685196422,8976,615
29388.098328,2685199782,2685200402,9283,620
29388.110342,2685203915,2685204528,11993,613
29388.122373,2685207874,2685208494,8959,620
29388.134396,2685211994,2685212603,12085,609
29388.146409,2685216120,2685216730,11963,610
29388.158442,2685220090,2685220694,8918,604
29388.170467,2685224047,2685224662,9246,615
29388.182481,2685228166,2685228776,11974,610
29388.194511,2685232124,2685232739,8919,615
29388.206536,2685236088,2685236693,9234,605
29388.218553,2685240063,2685240667,9004,604
29388.230580,2685244025,2685244634,8877,609
29388.242604,2685247994,2685248607,9222,613
29388.254622,2685251964,2685252579,8988,615
29388.266647,2685256118,2685256733,12035,615
29388.278671,2685260245,2685260865,12096,620
29388.290690,2685264213,2685264817,8956,604
29388.302717,2685268172,2685268787,8938,615
29388.314740,2685272122,2685272737,9263,615
29388.326758,2685276064,2685276678,8913,614
29388.338786,2685280021,2685280631,8916,610
29388.350808,2685284117,2685284732,12074,615
29388.362823,2685288269,2685288879,12011,610
29388.374852,2685292240,2685292855,8955,615
29388.386877,2685296348,2685296952,12101,604
29388.398894,2685300308,2685300923,8965,615
29388.410920,2685304257,2685304879,8945,622
29388.422945,2685308221,2685308826,9162,605
29388.434963,2685312182,2685312802,8950,620
29388.446989,2685316140,2685316755,8935,615
29388.459014,2685320148,2685320761,9258,613
29388.471031,2685324349,2685324958,12009,609
29388.483060,2685328551,2685329161,12040,610
29388.495081,2685332758,2685333368,12100,610
29388.507100,2685336977,2685337587,12008,610
29388.519126,2685341086,2685341706,8920,620
29388.531151,2685345136,2685345749,9203,613
29388.543166,2685349249,2685349863,11994,614
29388.555197,2685353393,2685354008,12037,615
29388.567218,2685357630,2685358240,12067,610
29388.579239,2685361757,2685362371,12015,614
29388.591265,2685365964,2685366574,12034,610
29388.603288,2685370058,2685370663,12072,605
29388.615307,2685374130,2685374740,12010,610
29388.625832,2685377619,2685378232,12145,613
29388.646866,2685384487,2685385108,8976,621
29388.658892,2685388465,2685389078,8947,613
29388.670916,2685392435,2685393050,9257,615
29388.682935,2685396558,2685397167,12015,609
29388.694962,2685400667,2685401277,12045,610
29388.706984,2685404616,2685405231,9190,615
29388.719002,2685408574,2685409189,8964,615
29388.731030,2685412578,2685413193,8926,615
29388.743055,2685416737,2685417346,12100,609
29388.755072,2685420967,2685421572,12011,605
29388.767100,2685425194,2685425814,12038,620
29388.779123,2685429427,2685430036,12073,609
29388.791138,2685433581,2685434191,11996,610
29388.803166,2685437591,2685438201,8916,610
29388.815193,2685441742,2685442350,12089,608
29388.827210,2685445857,2685446474,12010,617
29388.839236,2685449958,2685450573,12041,615
29388.851258,2685453928,2685454532,9243,604
29388.863277,2685457880,2685458495,8986,615
29388.875304,2685461976,2685462589,12041,613
29388.887328,2685466074,2685466689,12086,615
29388.899347,2685470187,2685470797,12007,610
29388.909873,2685473665,2685474275,9279,610
29388.921891,2685477645,2685478263,8965,618
29388.933924,2685481626,2685482092,7686,466
29388.945941,2685485470,2685486074,12104,604
29388.957959,2685489428,2685490033,8980,605
29388.969986,2685493397,2685494011,8939,614
29388.998535,2685502748,2685503357,12012,609
29389.010564,2685506695,2685507315,8942,620
29389.022588,2685510679,2685511293,9242,614
29389.034605,2685514640,2685515255,8990,615
29389.046631,2685518599,2685519208,8942,609
29389.058656,2685522547,2685523159,9275,612
29389.070672,2685526498,2685527108,9015,610
29389.111246,2685539741,2685540356,11985,615
29389.121775,2685543221,2685543831,9272,610
29389.142807,2685550168,2685550782,11976,614
29389.154837,2685554132,2685554747,8940,615
29389.166860,2685558258,2685558868,12101,610
29389.178877,2685562451,2685563072,11971,621
29389.190904,2685566428,2685567032,8890,604
29389.202928,2685570368,2685570972,9248,604
29389.214946,2685574314,2685574929,8974,615
29389.226973,2685578290,2685578905,8952,615
29389.238997,2685582250,2685582865,9289,615
29389.251015,2685586234,2685586843,9002,609
29389.263041,2685590217,2685590832,8917,615
29389.275066,2685594438,2685595046,12083,608
29389.287082,2685598662,2685599267,12010,605
29389.299111,2685602848,2685603453,12080,605
29389.311133,2685607062,2685607672,12089,610
29389.323151,2685611088,2685611703,8954,615
29389.335179,2685615217,2685615836,8889,619
29389.347202,2685619303,2685619917,9228,614
29389.359222,2685623478,2685624097,12010,619
29389.371248,2685627605,2685628226,12082,621
29389.383269,2685631894,2685632514,12108,620
29389.395290,2685636033,2685636653,12009,620
29389.407319,2685640139,2685640744,12042,605
29389.419340,2685644229,2685644839,12068,610
29389.431357,2685648319,2685648929,12011,610
29389.441885,2685651785,2685652391,9278,606
29389.453904,2685655730,2685656345,9025,615
29389.465928,2685659709,2685660324,12040,615
29389.477952,2685663683,2685664298,12100,615
29389.489971,2685667651,2685668261,8993,610
29389.501998,2685671617,2685672227,8954,610
29389.514019,2685675584,2685676199,9237,615
29389.544073,2685685297,2685685912,8962,615
29389.566612,2685692763,2685693378,11984,615
29389.578644,2685696880,2685697495,12039,615
29389.590665,2685700866,2685701471,9168,605
29389.602683,2685704841,2685705451,8913,610
29389.614710,2685708792,2685709401,8905,609
29389.626734,2685712738,2685713359,9243,621
29389.638752,2685716719,2685717328,8987,609
29389.650778,2685720665,2685721274,8939,609
29389.662803,2685724620,2685725234,9257,614
29389.674819,2685728598,2685729216,8941,618
29389.686847,2685732580,2685733190,8944,610
29389.698870,2685736703,2685737313,12081,610
29389.710886,2685740807,2685741427,12018,620
29389.722914,2685744784,2685745398,8942,614
29389.734938,2685748765,2685749375,9228,610
29389.746956,2685752706,2685753321,8984,615
29389.758983,2685756662,2685757275,8933,613
29389.771008,2685760648,2685761258,9219,610
29389.783025,2685764813,2685765418,11997,605
29389.795055,2685768986,2685769601,12050,615
29389.807078,2685773190,2685773805,12066,615
29389.819095,2685777407,2685778022,12014,615
29389.831125,2685781611,2685782226,12043,615
29389.843145,2685785804,2685786419,12073,615
29389.855164,2685789979,2685790588,12014,609
29389.867190,2685793970,2685794590,8949,620
29389.879214,2685797977,2685798587,9227,610
29389.891233,2685802081,2685802688,12010,607
29389.903260,2685806160,2685806774,12036,614
29389.915282,2685810263,2685810867,12073,604
29389.927300,2685814359,2685814969,12008,610
29389.939329,2685818443,2685819063,12041,620
29389.951351,2685822556,2685823170,12069,614
29389.961877,2685826041,2685826505,7638,464
29389.973896,2685829844,2685830452,9227,608
29389.985914,2685833808,2685834418,8964,610
29389.997940,2685837900,2685838510,8894,610
29390.009964,2685841840,2685842450,9260,610
29390.021982,2685845805,2685846415,8982,610
29390.034008,2685849756,2685850366,8924,610
29390.046032,2685853705,2685854310,9247,605
29390.058050,2685857659,2685858273,8964,614
29390.070076,2685861620,2685862236,8942,616
29390.082101,2685865707,2685866327,12096,620
29390.094115,2685869786,2685870401,11974,615
29390.106145,2685873751,2685874360,8932,609
29390.118169,2685877706,2685878320,9193,614
29390.130185,2685881674,2685882295,8963,621
29390.142214,2685885646,2685886261,8950,615
29390.154238,2685889601,2685890211,9236,610
29390.166252,2685893697,2685894302,11986,605
29390.178282,2685897801,2685898411,12039,610
29390.190305,2685901758,2685902362,9222,604
29390.202324,2685905806,2685906427,8946,621
29390.214351,2685909782,2685910391,8919,609
29390.226376,2685913784,2685914398,9242,614
29390.238393,2685917768,2685918372,8960,604
29390.250419,2685921719,2685922334,8935,615
29390.262444,2685925675,2685926290,9187,615
29390.274461,2685929636,2685930243,8984,607
29390.286488,2685933601,2685934205,8961,604
29390.298511,2685937712,2685938322,12087,610
29390.310526,2685941814,2685942418,11985,604
29390.322557,2685945779,2685946388,8936,609
29390.334581,2685949743,2685950357,9236,614
29390.346598,2685953697,2685954311,8967,614
29390.358625,2685957665,2685958284,8938,619
29390.370650,2685961628,2685962237,9237,609
29390.382666,2685965729,2685966334,12010,605
29390.394694,2685969837,2685970442,12040,605
29390.406718,2685973823,2685974427,9248,604
29390.418737,2685977776,2685978386,8926,610
29390.430763,2685981748,2685982357,8949,609
29390.442787,2685985702,2685986311,9239,609
29390.454804,2685989678,2685990293,8934,615
29390.466832,2685993630,2685994245,8900,615
29390.478855,2685997591,2685998200,9253,609
29390.490872,2686001535,2686002141,8985,606
29390.502899,2686005486,2686006096,8934,610
29390.514925,2686009579,2686010188,12082,609
29390.526937,2686013676,2686014286,11969,610
29390.538967,2686017630,2686018245,8901,615
29390.550992,2686021606,2686022221,9248,615
29390.563009,2686025599,2686026214,8957,615
29390.575038,2686029779,2686030389,12036,610
29390.587061,2686033942,2686034547,12085,605
29390.599079,2686038154,2686038758,12007,604
29390.611105,2686042407,2686043016,12036,609
29390.623126,2686046600,2686047204,12068,604
29390.686249,2686067002,2686067612,12090,610
29390.698264,2686071103,2686071718,11978,615
29390.710294,2686075237,2686075846,12037,609
29390.722316,2686079199,2686079814,9209,615
29390.734335,2686083180,2686083790,8989,610
29390.746362,2686087154,2686087769,8923,615
29390.758387,2686091143,2686091763,9224,620
29390.770404,2686095112,2686095722,8967,610
29390.782431,2686099063,2686099678,8943,615
29390.794455,2686103186,2686103806,12103,620
29390.806473,2686107186,2686107795,9011,609
29390.818501,2686111288,2686111909,8908,621
29390.830525,2686115265,2686115879,9213,614
29390.842543,2686119223,2686119828,8960,605
29390.854570,2686123155,2686123774,8932,619
29390.866594,2686127123,2686127738,9230,615
29390.878612,2686131092,2686131707,8957,615
29390.890638,2686135052,2686135659,8896,607
29390.902663,2686139020,2686139630,9245,610
29390.914679,2686143197,2686143802,12012,605
29390.926707,2686147309,2686147924,12030,615
29390.938730,2686151282,2686151897,9214,615
29390.950749,2686155270,2686155880,8965,610
29390.962775,2686159241,2686159860,8925,619
29390.974799,2686163232,2686163847,9239,615
29390.986816,2686167218,2686167833,8987,615
29390.998842,2686171322,2686171932,12034,610
29391.010867,2686175422,2686176036,12098,614
29391.022881,2686179412,2686180021,8999,609
29391.034910,2686183366,2686183980,8951,614
29391.046933,2686187327,2686187931,9255,604
29391.058951,2686191276,2686191886,8982,610
29391.070978,2686195236,2686195855,8959,619
29391.083003,2686199208,2686199828,9145,620
29391.095020,2686203212,2686203816,9004,604
29391.107048,2686207388,2686207995,12045,607
29391.119071,2686211607,2686212217,12082,610
29391.131089,2686215779,2686216383,12014,604
29391.143117,2686219928,2686220532,12038,604
29391.155138,2686224091,2686224706,12076,615
29391.167158,2686228250,2686228860,12011,610
29391.179185,2686232389,2686233004,12039,615
29391.191207,2686236524,2686237139,12077,615
29391.203227,2686240663,2686241272,12008,609
29391.215254,2686244765,2686245375,12085,610
29391.227276,2686248875,2686249484,12068,609
29391.239296,2686253010,2686253614,12011,604
29391.251322,2686257081,2686257696,12037,615
29391.263345,2686261168,2686261778,12070,610
29391.273865,2686264647,2686265266,8932,619
29391.285891,2686268630,2686269235,9213,605
29391.297909,2686272613,2686273078,7570,465
29391.309935,2686276448,2686277052,12036,604
29391.321958,2686280411,2686281016,9224,605
29391.333977,2686284397,2686285007,8945,610
29391.346003,2686288354,2686288974,8915,620
29391.358028,2686292329,2686292934,9250,605
29391.370043,2686296289,2686296898,8968,609
29391.382072,2686300265,2686300885,8927,620
29391.394096,2686304240,2686304849,9198,609
29391.406114,2686308268,2686308876,8992,608
29391.418141,2686312232,2686312853,8960,621
29391.430164,2686316219,2686316833,9253,614
29391.442182,2686320174,2686320784,8995,610
29391.454209,2686324132,2686324742,8948,610
29391.466234,2686328083,2686328693,9217,610
29391.478251,2686332056,2686332666,9003,610
29391.490277,2686336024,2686336632,8954,608
29391.502304,2686340292,2686340876,11955,584
29391.590961,2686367980,2686368592,9275,612
29391.602985,2686371847,2686372429,8986,582
29391.615014,2686375726,2686376310,9169,584
29391.627035,2686379845,2686380450,12070,605
29391.639050,2686383909,2686384490,11949,581
29391.651081,2686388044,2686388654,12083,610
29391.663102,2686392190,2686392800,12046,610
29391.675123,2686396308,2686396921,11810,613
29391.687151,2686400465,2686401070,12074,605
29391.699169,2686404497,2686405107,9238,610
29391.711190,2686408416,2686408998,8963,582
29391.723222,2686412488,2686413069,11969,581
29391.735237,2686416470,2686417081,11963,611
29391.747262,2686420465,2686421068,11853,603
29391.759290,2686424515,2686425119,12107,604
29391.771307,2686428594,2686429209,12041,615
29391.783330,2686432588,2686433201,11837,613
29391.795360,2686436651,2686437260,12108,609
29391.805874,2686440091,2686440671,8958,580
29391.817903,2686443984,2686444599,9212,615
29391.829917,2686447931,2686448541,9235,610
29391.841932,2686451852,2686452465,8839,613
29391.870490,2686461036,2686461641,12015,605
29391.911072,2686473643,2686474258,9277,615
29391.923093,2686477809,2686478420,11838,611
29391.935122,2686482004,2686482588,12004,584
29391.947142,2686486126,2686486736,12047,610
29391.959163,2686490203,2686490816,11841,613
29391.971193,2686494317,2686494927,12082,610
29392.031296,2686513212,2686513794,11948,582
29392.043330,2686517267,2686517881,12077,614
29392.055342,2686521312,2686521912,11882,600
29392.065873,2686524678,2686525285,9172,607
29392.077889,2686528612,2686529217,9255,605
29392.089912,2686532535,2686533115,8883,580
29392.101944,2686536407,2686536992,9232,585
29392.113959,2686540312,2686540922,12003,610
29392.125980,2686544283,2686544888,11998,605
29392.138012,2686548191,2686548775,9187,584
29392.150027,2686552097,2686552710,9252,613
29392.162055,2686556027,2686556609,9026,582
29392.174080,2686559927,2686560512,9191,585
29392.186094,2686563825,2686564429,9247,604
29392.198117,2686567748,2686568330,8926,582
29392.210152,2686571612,2686572196,9192,584
29392.222165,2686575501,2686576119,9265,618
29392.234184,2686579432,2686580014,8914,582
29392.246217,2686583353,2686583937,9162,584
29392.258234,2686587251,2686587866,9225,615
29392.270252,2686591160,2686591742,8923,582
29392.282285,2686595032,2686595615,9188,583
29392.294303,2686598964,2686599579,9274,615
29392.306323,2686602833,2686603412,8955,579
29392.318357,2686606764,2686607348,9200,584
29392.330369,2686610780,2686611385,12022,605
29392.342388,2686614790,2686615402,11807,612
29392.354421,2686618681,2686619263,9186,582
29392.366440,2686622579,2686623189,9294,610
29392.378459,2686626405,2686626987,8941,582
29392.390492,2686630293,2686630878,9195,585
29392.402510,2686634207,2686634822,9252,615
29392.414532,2686638171,2686638775,8977,604
29392.426561,2686642062,2686642646,9209,584
29392.438578,2686645985,2686646589,9292,604
29392.450601,2686649863,2686650446,8969,583
29392.462628,2686653769,2686654384,9233,615
29392.474645,2686657733,2686658348,9263,615
29392.486662,2686661608,2686662216,8882,608
29392.498696,2686665500,2686666115,9161,615
29392.510712,2686669423,2686670032,9108,609
29392.522734,2686673294,2686673874,8935,580
29392.534765,2686677187,2686677772,9231,585
29392.546783,2686681233,2686681843,12047,610
29392.558811,2686685185,2686685786,11903,601
29392.570835,2686689089,2686689673,9211,584
29392.582851,2686692994,2686693609,9227,615
29392.594864,2686696863,2686697471,8894,608
29392.606898,2686700763,2686701378,9190,615
29392.618917,2686704692,2686705302,9220,610
29392.642970,2686712447,2686713056,12107,609
29392.654987,2686716409,2686717013,9269,604
29392.667004,2686720301,2686720882,8939,581
29392.679036,2686724368,2686724952,11973,584
29392.691055,2686728502,2686729112,12040,610
29392.703072,2686732558,2686733140,11950,582
29392.715106,2686736573,2686737178,9265,605
29392.727123,2686740608,2686741229,9237,621
29392.739145,2686744617,2686745223,11833,606
29392.751173,2686748722,2686749305,11976,583
29392.763192,2686752809,2686753424,12039,615
29392.775214,2686756768,2686757376,11839,608
29392.787244,2686760825,2686761435,12128,610
29392.799261,2686764857,2686765468,11906,611
29392.811285,2686768881,2686769486,12011,605
29392.823315,2686772958,2686773542,11974,584
29392.835327,2686776933,2686777539,11908,606
29392.845860,2686780370,2686780809,7453,439
29392.856381,2686783759,2686784229,7628,470
29392.970585,2686818890,2686819496,9199,606
29392.999150,2686827962,2686828575,12098,613
29393.011163,2686832113,2686832728,12039,615
29393.023185,2686836111,2686836718,11861,607
29393.035214,2686840208,2686840792,11945,584
29393.047231,2686844053,2686844664,9208,611
29393.059253,2686848280,2686848896,11976,616
29393.071285,2686852373,2686852972,12086,599
29393.083300,2686856392,2686856999,11942,607
29393.095325,2686860375,2686860983,11820,608
29393.107354,2686864459,2686865074,12100,615
29393.117871,2686867880,2686868462,8958,582
29393.129903,2686871722,2686872161,7438,439
29393.141916,2686875426,2686875895,7400,469
29393.153942,2686879119,2686879696,9011,577
29393.165965,2686882978,2686883561,9167,583
29393.177981,2686886883,2686887493,9202,610
29393.190004,2686890808,2686891386,8975,578
29393.202035,2686894699,2686895283,9225,584
29393.214053,2686898576,2686899191,9255,615
29393.226076,2686902449,2686903059,9008,610
29393.238103,2686906349,2686906929,9198,580
29393.250118,2686910214,2686910824,9185,610
29393.262141,2686914365,2686914947,11995,582
29393.274170,2686918243,2686918853,9214,610
29393.286190,2686922193,2686922802,9289,609
29393.298213,2686926072,2686926654,8941,582
29393.310242,2686929987,2686930571,9207,584
29393.322258,2686933867,2686934475,9301,608
29393.334278,2686937733,2686938315,8943,582
29393.346308,2686941736,2686942320,11990,584
29393.358325,2686945791,2686946411,12061,620
29393.370346,2686949665,2686950247,8957,582
29393.382379,2686953564,2686954148,9234,584
29393.394396,2686957504,2686958108,9251,604
29393.406413,2686961401,2686961988,8902,587
29393.418449,2686965243,2686965826,9236,583
29393.430462,2686969106,2686969722,9214,616
29393.442481,2686972999,2686973583,8903,584
29393.454513,2686976861,2686977480,9217,619
29393.466531,2686980809,2686981414,9310,605
29393.478547,2686984840,2686985422,11949,582
29393.490579,2686988726,2686989331,9207,605
29393.502594,2686992620,2686993220,8951,600
29393.514621,2686996460,2686997042,8944,582
29393.526655,2687000311,2687000895,9224,584
29393.538668,2687004180,2687004790,9232,610
29393.550695,2687008047,2687008629,9013,582
29393.562716,2687012092,2687012675,11961,583
29393.574738,2687016123,2687016738,12066,615
29393.586759,2687019938,2687020545,8943,607
29393.598788,2687023845,2687024465,9243,620
29393.610805,2687027772,2687028387,9260,615
29393.622828,2687031603,2687032213,9009,610
29393.661915,2687043915,2687044354,7432,439
29393.672422,2687047269,2687047884,11991,615
29393.866298,2687092002,2687092584,8397,582
29393.878310,2687095123,2687095734,8626,611
29393.890336,2687098425,2687099033,11853,608
29393.902363,2687101574,2687102189,9011,615
29393.914385,2687105451,2687106061,9260,610
29393.926405,2687109332,2687109913,8963,581
29393.938434,2687113186,2687113769,9163,583
29393.950450,2687117086,2687117701,9258,615
29393.962472,2687121188,2687121769,11983,581
29393.974499,2687125208,2687125792,11960,584
29393.986521,2687129108,2687129713,9283,605
29393.998539,2687132967,2687133547,9008,580
29394.010575,2687136817,2687137401,9198,584
29394.022591,2687140689,2687141298,9292,609
29394.034611,2687144536,2687145118,8972,582
29394.046643,2687148393,2687148977,9217,584
29394.058655,2687152265,2687152872,9231,607
29394.070678,2687156145,2687156725,8925,580
29394.082710,2687160038,2687160622,9220,584
29394.094714,2687164074,2687164683,11862,609
29394.106742,2687167871,2687168483,8850,612
29394.118777,2687171762,2687172364,9250,602
29394.130796,2687175678,2687176283,9244,605
29394.142816,2687179500,2687180082,8968,582
29394.154844,2687183361,2687183973,9211,612
29394.166861,2687187328,2687187933,9263,605
29394.178883,2687191327,2687191935,11838,608
29394.190910,2687195410,2687196024,12089,614
29394.202930,2687199381,2687199985,9258,604
29394.214953,2687203183,2687203765,8999,582
29394.226980,2687207032,2687207641,9242,609
29394.238998,2687210888,2687211500,9186,612
29394.251020,2687214897,2687215510,11838,613
29394.263049,2687218899,2687219483,9201,584
29394.275070,2687222830,2687223445,9218,615
29394.287091,2687226935,2687227552,11826,617
29394.299116,2687231133,2687231717,11995,584
29394.311131,2687235149,2687235752,11873,603
29394.323158,2687239199,2687239807,11878,608
29394.335188,2687243229,2687243837,12075,608
29394.347204,2687247181,2687247795,9255,614
29394.359219,2687251191,2687251809,8786,618
29394.371256,2687255154,2687255771,9232,617
29394.383267,2687259138,2687259748,11826,610
29394.395295,2687263203,2687263821,11834,618
29394.407325,2687267291,2687267906,12123,615
29394.419338,2687271318,2687271923,11857,605
29394.429873,2687274732,2687275315,9226,583
29394.441888,2687278608,2687279213,9272,605
29394.453912,2687282512,2687283092,8975,580
29394.465938,2687286396,2687286979,9174,583
29394.477951,2687290252,2687290858,11939,606
29394.488483,2687293816,2687294399,12100,583
29394.622226,2687335117,2687335732,12031,615
29394.682348,2687349608,2687350190,8657,582
29394.694361,2687352972,2687353572,9173,600
29394.706389,2687356942,2687357543,11830,601
29394.718419,2687360860,2687361444,9174,584
29394.730437,2687364759,2687365364,9260,605
29394.742455,2687368615,2687369197,9036,582
29394.754488,2687372466,2687373049,9199,583
29394.766503,2687376280,2687376886,9175,606
29394.778520,2687380323,2687380905,11954,582
29394.790552,2687384333,2687384917,11962,584
29394.802572,2687388270,2687388875,9257,605
29394.814593,2687392096,2687392678,8912,582
29394.826627,2687395989,2687396572,9244,583
29394.838641,2687399845,2687400451,9195,606
29394.850663,2687403712,2687404293,8957,581
29394.862692,2687407574,2687408157,9226,583
29394.874709,2687411495,2687412105,9226,610
29394.886730,2687415345,2687415925,8903,580
29394.898757,2687419244,2687419848,9230,604
29394.910766,2687423288,2687423890,11866,602
29394.922796,2687427264,2687427865,11797,601
29394.934828,2687431144,2687431757,9213,613
29394.946845,2687435053,2687435663,9251,610
29394.958867,2687438866,2687439474,8886,608
29394.970895,2687442933,2687443547,12082,614
29395.091110,2687479942,2687480549,9152,607
29395.103144,2687484053,2687484633,11974,580
29395.115169,2687488112,2687488696,11962,584
29395.127181,2687492091,2687492693,11833,602
29395.139209,2687496015,2687496623,11812,608
29395.151240,2687500082,2687500666,11986,584
29395.163256,2687503959,2687504574,9265,615
29395.175274,2687507813,2687508420,8860,607
29395.187309,2687511854,2687512462,12127,608
29395.199319,2687515847,2687516458,11848,611
29395.211346,2687519840,2687520422,11971,582
29395.221868,2687523244,2687523853,9223,609
29395.233893,2687527147,2687527729,8940,582
29395.245926,2687530988,2687531572,9239,584
29395.257941,2687534886,2687535490,9227,604
29395.269964,2687538776,2687539355,8950,579
29395.281990,2687542665,2687543249,9139,584
29395.293999,2687546518,2687547126,11922,608
29395.304535,2687550086,2687550669,12050,583
29395.493897,2687594994,2687595432,3957,438
29395.505911,2687598162,2687598624,4206,462
29395.517936,2687601423,2687602007,5352,584
29395.529954,2687604852,2687605467,5807,615
29395.541979,2687608729,2687609310,8988,581
29395.554008,2687612623,2687613206,9216,583
29395.566021,2687616539,2687617144,9265,605
29395.578044,2687620434,2687621016,11993,582
29395.590072,2687624401,2687624984,11956,583
29395.602090,2687628295,2687628894,9255,599
29395.614116,2687632146,2687632728,8940,582
29395.626144,2687636028,2687636612,9174,584
29395.638162,2687639891,2687640500,9262,609
29395.650187,2687643729,2687644311,8996,582
29395.662215,2687647558,2687648142,9191,584
29395.674229,2687651416,2687652026,9265,610
29395.686252,2687655263,2687655872,8867,609
29395.698282,2687659145,2687659728,9209,583
29395.710292,2687663328,2687663934,11926,606
29395.722321,2687667334,2687667935,11829,601
29395.734355,2687671210,2687671794,9077,584
29395.746367,2687675086,2687675696,9204,610
29395.758390,2687678950,2687679532,9011,582
29395.770420,2687682822,2687683405,9254,583
29395.782441,2687686733,2687687348,9275,615
29395.794455,2687690792,2687691374,11958,582
29395.806484,2687694831,2687695414,11956,583
29395.818504,2687698760,2687699370,9260,610
29395.830525,2687702591,2687703173,8986,582
29395.842556,2687706490,2687707074,9189,584
29395.854574,2687710400,2687711015,9279,615
29395.866596,2687714257,2687714834,8959,577
29395.878628,2687718071,2687718654,9172,583
29395.890641,2687721995,2687722600,9246,605
29395.902662,2687725848,2687726428,8940,580
29395.914693,2687729741,2687730325,9219,584
29395.926698,2687733787,2687734390,11859,603
29395.938728,2687737824,2687738437,11802,613
29395.950762,2687741727,2687742310,9192,583
29395.962780,2687745643,2687746253,9279,610
29395.974799,2687749463,2687750076,8887,613
29396.110059,2687790554,2687791139,6122,585
29396.122082,2687794603,2687795208,12066,605
29396.134099,2687798492,2687799095,9190,603
29396.146129,2687802394,2687802976,8949,582
29396.158159,2687806231,2687806815,9198,584
29396.170174,2687810089,2687810697,9268,608
29396.182194,2687813950,2687814563,8895,613
29396.194225,2687817970,2687818554,11987,584
29396.206242,2687821977,2687822587,12064,610
29396.218267,2687825870,2687826451,8975,581
29396.230293,2687829738,2687830322,9042,584
29396.242309,2687833596,2687834202,9197,606
29396.254332,2687837486,2687838099,8902,613
29396.266365,2687841397,2687841981,9186,584
29396.278383,2687845244,2687845850,9204,606
29396.290397,2687849125,2687849710,8912,585
29396.302433,2687852991,2687853573,9193,582
29396.314447,2687856875,2687857475,9183,600
29396.326465,2687860912,2687861493,11958,581
29396.338495,2687864935,2687865545,12064,610
29396.350517,2687868901,2687869505,9266,604
29396.362538,2687872766,2687873348,8941,582
29396.374569,2687876616,2687877200,9180,584
29396.386585,2687880558,2687881172,9300,614
29396.398605,2687884425,2687885007,8960,582
29396.410637,2687888446,2687889030,11983,584
29396.422651,2687892480,2687893089,12066,609
29396.434675,2687896424,2687897005,8955,581
29396.446704,2687900296,2687900879,9170,583
29396.458720,2687904156,2687904762,9241,606
29396.470740,2687908010,2687908621,8908,611
29396.482770,2687911897,2687912507,9200,610
29396.494790,2687915820,2687916430,9263,610
29396.520331,2687924075,2687924681,11971,606
29396.536875,2687929690,2687930272,11954,582
29396.586472,2687945120,2687945702,9162,582
29396.598490,2687949062,2687949671,9269,609
29396.610509,2687953113,2687953695,12007,582
29396.622538,2687957158,2687957741,11965,583
29396.634557,2687961075,2687961680,9253,605
29396.646578,2687964906,2687965488,8965,582
29396.658609,2687968796,2687969380,9200,584
29396.670625,2687972714,2687973334,9258,620
29396.682646,2687976663,2687977245,8944,582
29396.694677,2687980548,2687981132,9204,584
29396.706692,2687984403,2687985022,9257,619
29396.718716,2687988266,2687988846,8967,580
29396.730745,2687992259,2687992842,9250,583
29396.742750,2687996307,2687996915,11867,608
29396.754778,2688000312,2688000925,11841,613
29396.766812,2688004228,2688004812,9239,584
29396.778828,2688008147,2688008762,9286,615
29396.790849,2688012007,2688012588,8955,581
29396.802881,2688015894,2688016477,9189,583
29396.814898,2688019804,2688020418,9244,614
29396.826922,2688023829,2688024437,11847,608
29396.838947,2688027899,2688028514,12078,615
29396.850966,2688031804,2688032410,9215,606
29396.862982,2688035639,2688036241,8864,602
29396.875020,2688039603,2688040186,9076,583
29396.887030,2688043682,2688044288,11869,606
29396.899051,2688047651,2688048264,8873,613
29396.911085,2688051700,2688052284,9225,584
29396.923108,2688055683,2688056298,9306,615
29396.935121,2688059782,2688060398,8915,616
29396.947153,2688063957,2688064562,12072,605
29396.959163,2688068000,2688068613,11837,613
29396.971193,2688071985,2688072593,11813,608
29397.007262,2688083500,2688084113,11839,613
29397.019291,2688087693,2688088297,12119,604
29397.046343,2688096351,2688096934,11955,583
29397.058364,2688100304,2688100920,9296,616
29397.070379,2688104185,2688104798,8852,613
29397.082414,2688108290,2688108874,11995,584
29397.094432,2688112193,2688112813,9273,620
29397.106448,2688116048,2688116633,8909,585
29397.118484,2688119915,2688120497,9187,582
29397.130500,2688123804,2688124414,9199,610
29397.142521,2688127884,2688128466,11967,582
29397.154548,2688131941,2688132546,12076,605
29397.166567,2688135855,2688136464,9293,609
29397.178583,2688139972,2688140556,11834,584
29397.190623,2688143899,2688144484,9248,585
29397.202636,2688147784,2688148404,9288,620
29397.214657,2688151626,2688152207,8969,581
29397.226689,2688155678,2688156262,11968,584
29397.238706,2688159709,2688160319,12074,610
29397.250726,2688163578,2688164160,8916,582
29397.262760,2688167508,2688168092,9217,584
29397.274773,2688171373,2688171988,9299,615
29397.286791,2688175242,2688175850,8889,608
29397.298823,2688179169,2688179784,9213,615
29397.310840,2688183092,2688183702,9223,610
29397.322865,2688186924,2688187529,8974,605
29397.334890,2688190836,2688191454,9196,618
29397.346911,2688194941,2688195546,12072,605
29397.358931,2688198959,2688199577,11842,618
29397.370961,2688202997,2688203612,12096,615
29397.382976,2688206906,2688207519,9229,613
29397.394999,2688210773,2688211355,8972,582
29397.407033,2688214657,2688215241,9201,584
29397.419055,2688218706,2688219317,11959,611
29397.431069,2688222788,2688223390,11838,602
29397.443096,2688226956,2688227566,12078,610
29397.455115,2688231099,2688231719,12060,620
29397.467137,2688235167,2688235770,11862,603
29397.479165,2688239275,2688239858,11948,583
29397.491180,2688243225,2688243836,11851,611
29397.503207,2688247272,2688247885,11821,613
29397.515234,2688251327,2688251931,12077,604
29397.527252,2688255222,2688255830,9227,608
29397.539272,2688259073,2688259678,8917,605
29397.551305,2688263122,2688263728,9219,606
29397.563313,2688267125,2688267738,11867,613
29397.575342,2688271203,2688271816,11820,613
29397.585863,2688274650,2688275263,9202,613
29397.597884,2688278554,2688279139,8872,585
29397.609921,2688282403,2688282988,9227,585
29397.621936,2688286318,2688286928,9304,610
29397.632461,2688289794,2688290377,12058,583
29397.642972,2688293325,2688293938,11831,613
29397.654997,2688297421,2688298031,12070,610
29397.667026,2688301396,2688301997,11946,601
29397.679037,2688305395,2688305977,11956,582
29397.691070,2688309498,2688310082,11964,584
29397.703078,2688313580,2688314193,11830,613
29397.715108,2688317654,2688318236,11964,582
29397.727138,2688321640,2688322224,9206,584
29397.739158,2688325541,2688326151,9306,610
29397.751173,2688329543,2688330153,8875,610
29397.763205,2688333603,2688334213,12076,610
29397.775215,2688337643,2688338250,11867,607
29397.787246,2688341581,2688342183,11817,602
29397.799278,2688345595,2688346200,12107,605
29397.811284,2688349613,2688350226,11835,613
29397.823310,2688353608,2688354190,11958,582
29397.835343,2688357632,2688358216,11976,584
29397.845861,2688360981,2688361563,8949,582
29397.857891,2688364838,2688365420,9257,582
29397.869905,2688368719,2688369329,9222,610
29397.902973,2688379200,2688379813,12102,613
29397.942041,2688391344,2688391945,11908,601
29397.954064,2688395479,2688396089,11993,610
29397.966098,2688399375,2688399954,9073,579
29397.978110,2688403249,2688403855,9198,606
29398.005157,2688411714,2688412322,9198,608
29398.054754,2688427314,2688427928,12054,614
29398.066777,2688431192,2688431798,8896,606
29398.078808,2688435114,2688435698,9198,584
29398.090817,2688438947,2688439560,9190,613
29398.102843,2688442787,2688443400,8879,613
29398.114879,2688446683,2688447267,9034,584
29398.126890,2688450698,2688451307,12022,609
29398.138917,2688454582,2688455186,8941,604
29398.150942,2688458512,2688459126,9242,614
29398.162964,2688462442,2688463044,9221,602
29398.174984,2688466466,2688467079,11837,613
29398.187009,2688470566,2688471176,12072,610
29398.199021,2688474650,2688475252,11858,602
29398.211053,2688478683,2688479296,11824,613
29398.223080,2688482893,2688483476,11963,583
29398.235090,2688486986,2688487597,11853,611
29398.247121,2688491037,2688491650,11825,613
29398.259146,2688495043,2688495653,9196,610
29398.271167,2688499221,2688499841,12049,620
29398.283184,2688503228,2688503810,11954,582
29398.295216,2688507264,2688507880,12080,616
29398.307228,2688511264,2688511877,11864,613
29398.319254,2688515331,2688515913,11955,582
29398.331287,2688519373,2688519986,12115,613
29398.343304,2688523246,2688523847,9196,601
29398.355322,2688527145,2688527729,8900,584
29398.365853,2688530751,2688531211,7415,460
29398.377873,2688534479,2688535061,8943,582
29398.389903,2688538349,2688538932,9173,583
29398.401914,2688542189,2688542802,9146,613
29398.413938,2688546054,2688546667,8835,613
29398.425971,2688549950,2688550534,9203,584
29398.437984,2688553787,2688554395,9151,608
29398.450010,2688557658,2688558238,8996,580
29398.462043,2688561496,2688562079,9044,583
29398.474052,2688565352,2688565969,9171,617
29398.486078,2688569252,2688569834,8964,582
29398.498109,2688573097,2688573681,9221,584
29398.510126,2688576959,2688577565,9224,606
29398.522147,2688580823,2688581405,8939,582
29398.534179,2688584624,2688585204,9209,580
29398.546192,2688588457,2688589063,9180,606
29398.558212,2688592499,2688593081,11992,582
29398.570237,2688596684,2688597299,12063,615
29398.582255,2688600591,2688601194,9109,603
29398.594283,2688604441,2688605023,8971,582
29398.606315,2688608299,2688608883,9228,584
29398.618324,2688612172,2688612789,9143,617
29398.630352,2688616041,2688616624,8958,583
29398.642381,2688619950,2688620534,9198,584
29398.654396,2688623901,2688624509,9238,608
29398.666420,2688627759,2688628340,8937,581
29398.678449,2688631697,2688632281,9154,584
29398.690461,2688635506,2688636117,9182,611
29398.702484,2688639373,2688639981,8848,608
29398.714518,2688643272,2688643856,9183,584
29398.726528,2688647130,2688647738,9136,608
29398.738558,2688650973,2688651554,8932,581
29398.750587,2688654861,2688655443,9197,582
29398.762603,2688658772,2688659392,9295,620
29398.774621,2688662843,2688663424,11957,581
29398.786652,2688666877,2688667492,12079,615
29398.798666,2688670795,2688671403,9203,608
29398.810691,2688674636,2688675245,8900,609
29398.822725,2688678537,2688679120,9197,583
29398.834734,2688682401,2688683009,9187,608
29398.846762,2688686247,2688686829,8976,582
29398.858797,2688690098,2688690682,9064,584
29398.870807,2688693992,2688694596,9258,604
29398.914387,2688707714,2688708296,11973,582
29398.926422,2688711621,2688712205,9178,584
29398.938431,2688715469,2688716082,9163,613
29398.950459,2688719303,2688719883,8913,580
29398.962490,2688723210,2688723794,9210,584
29398.974509,2688727180,2688727789,9319,609
29398.986525,2688731187,2688731794,11802,607
29398.998562,2688735044,2688735628,9247,584
29399.010572,2688738931,2688739539,9240,608
29399.022596,2688742790,2688743372,8929,582
29399.034630,2688746655,2688747239,9218,584
29399.046636,2688750519,2688751122,9118,603
29399.058663,2688754334,2688754942,8894,608
29399.070694,2688758273,2688758857,9170,584
29399.082707,2688762120,2688762715,9173,595
29399.094736,2688765946,2688766528,8981,582
29399.106767,2688769796,2688770378,9092,582
29399.118774,2688773670,2688774278,9167,608
29399.130804,2688777509,2688778091,8999,582
29399.142835,2688781361,2688781945,9158,584
29399.154851,2688785197,2688785808,9240,611
29399.166865,2688789041,2688789656,8900,615
29399.178897,2688793103,2688793718,9230,615
29399.190907,2688797136,2688797744,11861,608
29399.202936,2688801129,2688801741,11845,612
29399.214965,2688805025,2688805637,9205,612
29399.226979,2688808888,2688809501,9116,613
29399.239002,2688812702,2688813315,8883,613
29399.251033,2688816793,2688817412,12076,619
29399.263044,2688820909,2688821521,11873,612
29399.275075,2688824844,2688825427,8942,583
29399.287106,2688828830,2688829415,9195,585
29399.299117,2688832842,2688833442,11844,600
29399.311140,2688836905,2688837486,11957,581
29399.323172,2688840785,2688841369,9219,584
29399.335184,2688844839,2688845447,11829,608
29399.347214,2688848816,2688849434,11826,618
29399.359237,2688852743,2688853359,9198,616
29399.371252,2688856809,2688857427,8871,618
29399.383286,2688860806,2688861424,8909,618
29399.395311,2688864959,2688865579,12081,620
29399.407329,2688869041,2688869650,12003,609
29399.419357,2688873097,2688873711,12063,614
29399.429866,2688876579,2688877197,8851,618
29399.441897,2688880464,2688881046,8980,582
29399.453927,2688884340,2688884924,9053,584
29399.465937,2688888224,2688888834,9170,610
29399.477962,2688892156,2688892741,8955,585
29399.489993,2688896075,2688896657,11956,582
29399.502012,2688899942,2688900560,9197,618
29399.514033,2688903864,2688904446,8974,582
29399.526064,2688907717,2688908301,9192,584
29399.538074,2688911563,2688912176,9153,613
29399.550101,2688915416,2688915997,8930,581
29399.562130,2688919267,2688919850,9203,583
29399.574142,2688923166,2688923779,9177,613
29399.586167,2688927354,2688927959,11971,605
29399.598201,2688931250,2688931834,9215,584
29399.610214,2688935164,2688935771,9166,607
29399.622235,2688939174,2688939758,11830,584
29399.670334,2688954298,2688954881,11983,583
29399.698881,2688963391,2688963992,11839,601
29399.710906,2688967288,2688967908,9201,620
29399.722922,2688971165,2688971767,9173,602
29399.734950,2688974990,2688975603,8894,613
29399.746977,2688978898,2688979507,9242,609
29399.758996,2688982786,2688983392,9165,606
29399.771012,2688986628,2688987236,8928,608
29399.783047,2688990757,2688991375,12104,618
29399.795063,2688994835,2688995443,9221,608
29399.807088,2688998871,2688999479,11844,608
29399.819113,2689003056,2689003666,12058,610
29399.831123,2689007129,2689007735,11869,606
29399.843155,2689011151,2689011732,11967,581
29399.855184,2689015230,2689015815,11987,585
29399.867196,2689019280,2689019886,11865,606
29399.879225,2689023277,2689023890,11818,613
29399.891256,2689027172,2689027756,9219,584
29399.903265,2689031011,2689031620,9187,609
29399.915295,2689034953,2689035554,11842,601
29399.927322,2689039016,2689039600,11954,584
29399.939334,2689042893,2689043501,9202,608
29399.949869,2689046295,2689046876,9063,581
29399.961881,2689050167,2689050780,9131,613
29399.973908,2689054085,2689054667,8974,582
29399.985937,2689057940,2689058523,11977,583
29399.997959,2689061966,2689062574,12040,608
29400.009977,2689065870,2689066452,8951,582
29400.022007,2689069734,2689070318,9214,584
29400.034017,2689073608,2689074221,9125,613
29400.046045,2689077513,2689078095,8977,582
29400.058074,2689081417,2689082001,9196,584
29400.070088,2689085398,2689086008,12120,610
29400.082115,2689089322,2689089902,8936,580
29400.094144,2689093184,2689093768,9214,584
29400.106151,2689097175,2689097777,11928,602
29400.118180,2689101195,2689101808,11833,613
29400.130212,2689105081,2689105665,9213,584
29400.142225,2689108973,2689109586,9178,613
29400.154248,2689112866,2689113448,8967,582
29400.166282,2689116670,2689117251,9222,581
29400.178292,2689120540,2689121147,9154,607
29400.190316,2689124547,2689125129,11998,582
29400.202343,2689128635,2689129250,12061,615
29400.214360,2689132546,2689133154,9161,608
29400.226388,2689136427,2689137009,8971,582
29400.236909,2689139856,2689140314,7366,458
29400.262449,2689147985,2689148567,11958,582
29400.274484,2689151890,2689152473,9106,583
29400.286501,2689155796,2689156411,9251,615
29400.298521,2689159669,2689160276,8897,607
29400.310551,2689163555,2689164138,9192,583
29400.322562,2689167557,2689168175,11874,618
29400.334586,2689171371,2689171979,8866,608
29400.346624,2689175261,2689175846,9066,585
29400.358632,2689179132,2689179745,9112,613
29400.370660,2689182952,2689183534,8977,582
29400.382693,2689186818,2689187400,9274,582
29400.394710,2689190652,2689191265,9278,613
29400.406724,2689194700,2689195282,11972,582
29400.418752,2689198750,2689199360,12057,610
29400.430769,2689202631,2689203239,9150,608
29400.442796,2689206509,2689207091,8922,582
29400.454827,2689210381,2689210964,9170,583
29400.466836,2689214236,2689214843,9162,607
29400.478864,2689218087,2689218668,8962,581
29400.490898,2689221950,2689222534,9202,584
29400.502912,2689225846,2689226451,9271,605
29400.514936,2689229743,2689230357,8964,614
29400.602100,2689256820,2689257423,12087,603
29400.614125,2689260720,2689261297,8961,577
29400.626155,2689264750,2689265334,11955,584
29400.638167,2689268620,2689269227,9154,607
29400.650191,2689272528,2689273111,8977,583
29400.662223,2689276389,2689276973,9179,584
29400.674233,2689280228,2689280836,9132,608
29400.686259,2689284092,2689284677,8896,585
29400.698290,2689287959,2689288541,9187,582
29400.710306,2689291791,2689292402,9187,611
29400.722330,2689295835,2689296416,12017,581
29400.734354,2689299814,2689300429,12066,615
29400.746377,2689303737,2689304347,9267,610
29400.758401,2689307572,2689308153,8966,581
29400.770429,2689311415,2689311999,9156,584
29400.782438,2689315256,2689315867,9197,611
29400.794465,2689319140,2689319753,8893,613
29400.806493,2689323215,2689323798,11978,583
29400.818514,2689327260,2689327869,12072,609
29400.830534,2689331123,2689331705,8959,582
29400.842566,2689335008,2689335592,9032,584
29400.854576,2689338864,2689339471,9169,607
29400.866606,2689342706,2689343288,8988,582
29400.878634,2689346591,2689347175,9195,584
29400.890653,2689350487,2689351105,9245,618
29400.902667,2689354352,2689354935,8838,583
29400.914700,2689358227,2689358808,9205,581
29400.926714,2689362081,2689362683,9177,602
29400.938739,2689366093,2689366675,11974,582
29400.950766,2689370129,2689370734,12070,605
29400.962783,2689374009,2689374622,9207,613
29400.974810,2689377847,2689378429,8974,582
29400.986838,2689381728,2689382312,9199,584
29400.998854,2689385572,2689386177,9172,605
29401.010877,2689389441,2689390023,8950,582
29401.022903,2689393480,2689394090,12083,610
29401.034913,2689397517,2689398130,11857,613
29401.046941,2689401403,2689402006,8860,603
29401.058972,2689405321,2689405931,9131,610
29401.070986,2689409183,2689409783,9190,600
29401.083014,2689413172,2689413753,11968,581
29401.095042,2689417308,2689417892,12006,584
29401.107053,2689421262,2689421870,9151,608
29401.119078,2689425192,2689425776,8912,584
29401.131110,2689429336,2689429949,12077,613
29401.143129,2689433469,2689434083,12058,614
29401.155150,2689437548,2689438151,11848,603
29401.167177,2689441648,2689442263,12079,615
29401.179188,2689445705,2689446318,11908,613
29401.191217,2689449578,2689450180,8850,602
29401.203244,2689453464,2689454079,9198,615
29401.215262,2689457448,2689458046,11850,598
29401.227286,2689461450,2689462031,11954,581
29401.239317,2689465468,2689466078,12044,610
29401.251327,2689469481,2689470089,11831,608
29401.263357,2689473440,2689474043,11833,603
29401.273877,2689476858,2689477461,9265,603
29401.285896,2689480749,2689481334,8857,585
29401.297933,2689484627,2689485208,9183,581
29401.309944,2689488504,2689489105,9160,601
29401.321968,2689492399,2689492981,11999,582
29401.333994,2689496249,2689496852,12063,603
29401.346012,2689500138,2689500751,9164,613
29401.358041,2689504038,2689504620,8960,582
29401.370071,2689507872,2689508456,9252,584
29401.382082,2689511716,2689512328,9143,612
29401.394106,2689515663,2689516245,8937,582
29401.406135,2689519573,2689520156,12015,583
29401.418150,2689523538,2689524141,12057,603
29401.430179,2689527406,2689527982,9001,576
29401.442205,2689531311,2689531895,9231,584
29401.454217,2689535166,2689535784,9173,618
29401.466246,2689539058,2689539640,8950,582
29401.478278,2689542856,2689543439,9170,583
29401.490286,2689546731,2689547343,9157,612
29401.502309,2689550635,2689551220,8937,585
29401.514345,2689554449,2689555030,9196,581
29401.526354,2689558324,2689558932,9184,608
29401.538381,2689562365,2689562978,11878,613
29401.550405,2689566402,2689567012,12068,610
29401.562422,2689570294,2689570902,9167,608
29401.574451,2689574145,2689574727,9016,582
29401.586480,2689578016,2689578600,9036,584
29401.598490,2689581876,2689582487,9214,611
29401.610517,2689585756,2689586338,8962,582
29401.622548,2689589753,2689590335,11979,582
29401.826936,2689639279,2689639863,9234,584
29401.838947,2689642696,2689643299,9169,603
29401.850971,2689645997,2689646601,11965,604
29401.862998,2689649914,2689650524,9199,610
29401.875013,2689653785,2689654398,9204,613
29401.887046,2689657843,2689658447,12011,604
29401.899069,2689661978,2689662599,12108,621
29401.911080,2689666102,2689666715,11862,613
29401.923109,2689670045,2689670653,8884,608
29401.935140,2689674031,2689674646,9214,615
29401.947149,2689678107,2689678718,11861,611
29401.959180,2689682080,2689682681,11821,601
29401.971209,2689686149,2689686759,12067,610
29401.983223,2689690117,2689690728,11793,611
29401.995250,2689694081,2689694699,11834,618
29402.007279,2689697983,2689698567,9218,584
29402.019290,2689701811,2689702419,9174,608
29402.031325,2689705741,2689706352,11877,611
29402.043346,2689709809,2689710393,11983,584
29402.053858,2689713195,2689713780,8926,585
29402.065896,2689717001,2689717585,9192,584
29402.077908,2689720882,2689721496,9209,614
29402.089932,2689724763,2689725347,8969,584
29402.101962,2689728620,2689729204,9257,584
29402.113972,2689732461,2689733072,9127,611
29402.126000,2689736335,2689736917,8963,582
29402.138030,2689740229,2689740813,11963,584
29402.150036,2689744119,2689744722,11868,603
29402.162069,2689748026,2689748608,8982,582
29402.174100,2689751893,2689752477,9208,584
29402.186114,2689755730,2689756332,9202,602
29402.198137,2689759582,2689760163,8962,581
29402.210169,2689763402,2689763985,9224,583
29402.222179,2689767358,2689767964,11905,606
29402.234200,2689771389,2689771973,11851,584
29402.246235,2689775283,2689775867,9174,584
29402.258247,2689779159,2689779760,9121,601
29402.270272,2689783052,2689783634,8933,582
29402.282303,2689786874,2689787484,9261,610
29402.294316,2689790763,2689791375,9179,612
29402.306343,2689794667,2689795248,8992,581
29402.318375,2689798481,2689799065,9212,584
29402.330382,2689802351,2689802962,8984,611
29402.342412,2689806248,2689806830,8963,582
29402.354440,2689810139,2689810722,9207,583
29402.366446,2689814157,2689814759,11852,602
29402.378484,2689818010,2689818592,9020,582
29402.390508,2689821908,2689822492,9188,584
29402.402519,2689825755,2689826368,9198,613
29402.414549,2689829571,2689830151,8923,580
29402.426578,2689833450,2689834034,9176,584
29402.438582,2689837493,2689838095,11866,602
29402.450611,2689841497,2689842082,11828,585
29402.462646,2689845354,2689845937,9197,583
29402.474657,2689849192,2689849792,9142,600
29402.486686,2689853062,2689853644,8943,582
29402.498717,2689856910,2689857495,9220,585
29402.510725,2689860770,2689861384,9161,614
29402.522754,2689864629,2689865211,8998,582
29402.534785,2689868538,2689869122,9221,584
29402.546794,2689872410,2689873016,9189,606
29402.558821,2689876241,2689876823,8940,582
29402.570850,2689880291,2689880874,11974,583
29402.582857,2689884291,2689884898,11857,607
29402.594887,2689888151,2689888732,8985,581
29402.606922,2689892027,2689892611,9209,584
29402.618928,2689895897,2689896510,9214,613
29402.642987,2689903582,2689904196,12115,614
29402.654996,2689907678,2689908286,11864,608
29402.667018,2689911678,2689912262,11834,584
29402.679056,2689915794,2689916400,12120,606
29402.691067,2689919874,2689920485,11825,611
29402.703096,2689923939,2689924521,11964,582
29402.715123,2689928063,2689928677,12075,614
29402.727141,2689932133,2689932741,11842,608
29402.739165,2689936078,2689936660,8996,582
29402.751188,2689939977,2689940592,9147,615
29402.763200,2689944023,2689944634,11861,611
29402.775241,2689947996,2689948609,11876,613
29402.787261,2689952074,2689952689,12070,615
29402.799268,2689956082,2689956690,11898,608
29402.811301,2689960026,2689960608,11966,582
29402.823331,2689963992,2689964606,12098,614
29402.833845,2689967425,2689967864,7533,439
29402.845878,2689971087,2689971670,9216,583
29402.857889,2689975089,2689975697,9191,608
29402.869910,2689979020,2689979604,8878,584
29402.886454,2689984283,2689984866,9264,583
29402.898467,2689988180,2689988793,9196,613
29402.910492,2689992061,2689992643,8936,582
29402.922521,2689995970,2689996554,9183,584
29402.934538,2689999857,2690000466,9273,609
29402.946560,2690003695,2690004275,8962,580
29402.958591,2690007549,2690008132,9221,583
29402.970598,2690011547,2690012155,11842,608
29402.982626,2690015551,2690016153,11830,602
29402.994659,2690019439,2690020023,9235,584
29403.006662,2690023471,2690024084,11864,613
29403.018698,2690027332,2690027913,8977,581
29403.030729,2690031209,2690031792,9239,583
29403.042738,2690035046,2690035657,9207,611
29403.054759,2690039122,2690039707,8886,585
29403.066790,2690043177,2690043762,11953,585
29403.078806,2690047003,2690047606,9197,603
29403.090833,2690050841,2690051422,8932,581
29403.102863,2690054720,2690055305,9209,585
29403.114872,2690058551,2690059170,9196,619
29403.126896,2690062444,2690063028,8883,584
29403.138933,2690066288,2690066873,9201,585
29403.150947,2690070187,2690070797,9258,610
29403.162970,2690073996,2690074575,8989,579
29403.174998,2690077900,2690078515,9268,615
29403.187010,2690081872,2690082483,11819,611
29403.199037,2690085852,2690086465,11817,613
29403.211068,2690089975,2690090579,12107,604
29403.223085,2690094073,2690094686,11837,613
29403.235106,2690098131,2690098713,11963,582
29403.247136,2690102203,2690102786,12017,583
29403.259149,2690106235,2690106848,9141,613
29403.271184,2690110260,2690110842,12027,582
29403.283201,2690114305,2690114920,12085,615
29403.295212,2690118306,2690118909,11860,603
29403.307244,2690122268,2690122869,11815,601
29403.319275,2690126278,2690126887,12107,609
29403.331282,2690130259,2690130873,11853,614
29403.343311,2690134224,2690134805,11963,581
29403.355338,2690138083,2690138692,9227,609
29403.365860,2690141537,2690141997,7637,460
29403.377890,2690145257,2690145839,9248,582
29403.389901,2690149129,2690149731,9214,602
29403.401924,2690153054,2690153639,8926,585
29403.413960,2690156858,2690157440,9207,582
29403.425973,2690160741,2690161348,9183,607
29403.437995,2690164647,2690165229,8931,582
29403.450023,2690168514,2690169098,12004,584
29403.462039,2690172418,2690173023,9243,605
29403.474058,2690176323,2690176907,8910,584
29403.486095,2690180158,2690180740,9242,582
29403.498104,2690184034,2690184641,9124,607
29403.510133,2690187883,2690188465,8996,582
29403.522160,2690191762,2690192377,9259,615
29403.534177,2690195727,2690196336,9244,609
29403.546203,2690199586,2690200166,9003,580
29403.558231,2690203446,2690204030,9234,584
29403.570244,2690207471,2690208074,11858,603
29403.582269,2690211496,2690212103,11850,607
29403.594301,2690215365,2690215948,9198,583
29403.606315,2690219223,2690219823,9238,600
29403.618342,2690223115,2690223697,8984,582
29403.661928,2690236652,2690237235,12026,583
29403.673945,2690240658,2690241263,9202,605
29403.685961,2690244590,2690245175,8902,585
29403.697993,2690248455,2690249075,9236,620
29403.710007,2690252380,2690252993,9112,613
29403.722029,2690256267,2690256851,8869,584
29403.734065,2690260112,2690260696,9188,584
29403.746076,2690263959,2690264568,9153,609
29403.758104,2690267866,2690268443,8981,577
29403.770128,2690271838,2690272446,12070,608
29403.782146,2690275809,2690276420,11886,611
29403.794173,2690279657,2690280239,8987,582
29403.806204,2690283484,2690284067,9201,583
29403.818211,2690287360,2690287968,9004,608
29403.830241,2690291204,2690291785,8967,581
29403.842271,2690295055,2690295639,9220,584
29403.854281,2690298932,2690299540,9178,608
29403.866312,2690302975,2690303559,11877,584
29403.878339,2690306865,2690307449,9142,584
29403.890351,2690310741,2690311359,9155,618
29403.902376,2690314655,2690315237,8950,582
29403.914407,2690318485,2690319093,9202,608
29403.926424,2690322417,2690323018,9225,601
29403.938447,2690326290,2690326871,8982,581
29403.950477,2690330139,2690330723,9219,584
29403.962490,2690334038,2690334644,9202,606
29403.974517,2690337894,2690338475,9025,581
29403.986542,2690341951,2690342535,11962,584
29403.998549,2690345935,2690346548,11866,613
29404.070690,2690368391,2690368992,11933,601
29404.082714,2690372427,2690373011,11845,584
29404.094750,2690376325,2690376910,9216,585
29404.106761,2690380181,2690380789,9180,608
29404.118785,2690384069,2690384652,8897,583
29404.130815,2690387938,2690388553,9258,615
29404.142829,2690391801,2690392406,9130,605
29404.154856,2690395685,2690396267,8997,582
29404.166885,2690399563,2690400183,9243,620
29404.178897,2690403416,2690404020,9197,604
29404.190923,2690407280,2690407862,8971,582
29404.202953,2690411308,2690411890,11953,582
29404.214970,2690415256,2690415867,11838,611
29404.226992,2690419105,2690419713,8858,608
29404.239022,2690423183,2690423787,12095,604
29404.251029,2690427249,2690427850,11860,601
29404.263069,2690431258,2690431875,11879,617
29404.275091,2690435386,2690436004,12078,618
29404.287099,2690439590,2690440192,11863,602
29404.299122,2690443615,2690444199,11788,584
29404.311156,2690447663,2690448267,12083,604
29404.323171,2690451580,2690452193,9199,613
29404.335200,2690455546,2690456154,11840,608
29404.347229,2690459600,2690460186,11980,586
29404.359238,2690463573,2690464181,11865,608
29404.371264,2690467447,2690468060,8889,613
29404.383294,2690471307,2690471922,9223,615
29404.395309,2690475284,2690475899,11848,615
29404.407338,2690479219,2690479801,11964,582
29404.417864,2690482669,2690483289,9298,620
29404.429880,2690486698,2690487308,11993,610
29404.441911,2690490662,2690491251,8927,589
29404.453931,2690494571,2690495184,9181,613
29404.465951,2690498561,2690499176,8945,615
29404.477980,2690502535,2690503119,8894,584
29404.489996,2690506473,2690507091,9193,618
29404.502017,2690510419,2690511001,8975,582
29404.514047,2690514274,2690514889,9231,615
29404.526061,2690518183,2690518791,9163,608
29404.538088,2690522056,2690522638,8958,582
29404.550119,2690525873,2690526457,9212,584
29404.562126,2690529725,2690530324,8982,599
29404.574156,2690533615,2690534196,8852,581
29404.586185,2690537623,2690538207,11956,584
29404.598199,2690541566,2690542171,11916,605
29404.610229,2690545432,2690546014,8998,582
29404.622252,2690549320,2690549904,9183,584
29404.634265,2690553192,2690553793,9191,601
29404.646293,2690557044,2690557626,8969,582
29404.658323,2690560906,2690561490,9240,584
29404.670336,2690564776,2690565384,9173,608
29404.682359,2690568676,2690569259,8944,583
29404.694391,2690572564,2690573149,9212,585
29404.706404,2690576426,2690577034,9201,608
29404.718424,2690580313,2690580895,8939,582
29404.730456,2690584143,2690584748,9227,605
29404.742472,2690588046,2690588654,9146,608
29404.754499,2690591881,2690592464,8919,583
29404.766530,2690595782,2690596366,9219,584
29404.778541,2690599679,2690600288,9227,609
29404.790565,2690603555,2690604136,8943,581
29404.802593,2690607593,2690608177,11941,584
29404.814602,2690611596,2690612199,11861,603
29404.826633,2690615400,2690615982,8963,582
29404.838668,2690619242,2690619824,9245,582
29404.850675,2690623087,2690623693,9135,606
29404.862699,2690626908,2690627492,8884,584
29404.874731,2690630784,2690631368,9200,584
29404.886743,2690634651,2690635253,9143,602
29404.898766,2690638691,2690639275,11880,584
29404.910802,2690642598,2690643208,9221,610
29404.922815,2690646505,2690647118,9188,613
29404.934839,2690650362,2690650944,8966,582
29404.946867,2690654222,2690654837,9217,615
29404.958880,2690658113,2690658726,9014,613
29404.970907,2690662108,2690662715,11834,607
29405.002466,2690672038,2690672622,8895,584
29405.091143,2690699505,2690700112,12146,607
29405.103150,2690703698,2690704311,11861,613
29405.115181,2690707706,2690708324,11816,618
29405.127210,2690711745,2690712329,11963,584
29405.139221,2690715747,2690716355,11907,608
29405.151252,2690719709,2690720291,11968,582
29405.163281,2690723703,2690724317,12082,614
29405.175292,2690727711,2690728317,11843,606
29405.187321,2690731563,2690732145,8967,582
29405.199345,2690735428,2690736032,9207,604
29405.209857,2690738820,2690739404,8931,584
29405.221892,2690742672,2690743254,9206,582
29405.233907,2690746536,2690747151,9224,615
29405.245932,2690750414,2690750997,8906,583
29405.257962,2690754225,2690754839,9180,614
29405.269976,2690758101,2690758702,9204,601
29405.281997,2690761992,2690762576,8895,584
29405.294032,2690765824,2690766412,9186,588
29405.306043,2690769721,2690770322,8950,601
29405.318071,2690773638,2690774220,8963,582
29405.330098,2690777468,2690778083,9207,615
29405.342111,2690781377,2690781988,9146,611
29405.354145,2690785263,2690785845,8983,582
29405.366170,2690789106,2690789690,9242,584
29405.378180,2690792970,2690793579,9157,609
29405.390208,2690796841,2690797423,8963,582
29405.402238,2690800854,2690801438,11961,584
29405.414242,2690804896,2690805504,11866,608
29405.426276,2690808785,2690809362,8907,577
29405.438308,2690812640,2690813224,9193,584
29405.450318,2690816472,2690817085,9154,613
29405.462344,2690820336,2690820913,8986,577
29405.474378,2690824134,2690824717,9228,583
29405.486387,2690828005,2690828623,9204,618
29405.498408,2690831912,2690832496,8892,584
29405.510444,2690835851,2690836434,9210,583
29405.522462,2690839935,2690840545,12089,610
29405.534479,2690844050,2690844660,11982,610
29405.599107,2690864567,2690865176,12120,609
29405.611127,2690868695,2690869306,11828,611
29405.623153,2690872825,2690873408,11942,583
29405.635180,2690876994,2690877609,12080,615
29405.647194,2690881002,2690881610,11842,608
29405.659224,2690885110,2690885695,11945,585
29405.671247,2690889145,2690889764,12140,619
29405.683261,2690893153,2690893761,11864,608
29405.695290,2690897180,2690897763,11928,583
29405.707315,2690901343,2690901958,12081,615
29405.719324,2690905263,2690905876,8882,613
29405.731359,2690909333,2690909942,12061,609
29405.741876,2690912813,2690913428,8961,615
29405.753906,2690916756,2690917365,8910,609
29405.765929,2690920698,2690921313,9229,615
29405.777947,2690924666,2690925280,8996,614
29405.789974,2690928620,2690929205,8897,585
29405.801998,2690932505,2690933117,12069,612
29405.814012,2690936530,2690937145,11977,615
29405.826043,2690940431,2690941015,8913,584
29405.838063,2690944332,2690944950,9160,618
29405.850086,2690948269,2690948882,8939,613
29405.862112,2690952203,2690952787,8918,584
29405.874135,2690956123,2690956738,9258,615
29405.886144,2690960051,2690960664,8822,613
29405.898179,2690963977,2690964561,8843,584
29405.910201,2690967928,2690968541,9251,613
29405.922215,2690971874,2690972482,8855,608
29405.934249,2690975976,2690976560,11920,584
29405.946273,2690979876,2690980491,9243,615
29405.958281,2690983823,2690984436,8833,613
29405.970316,2690987743,2690988328,8922,585
29406.001874,2690997809,2690998424,12075,615
29406.018405,2691003300,2691003915,12108,615
29406.030419,2691007480,2691008088,11805,608
29406.042453,2691011412,2691011996,8925,584
29406.054475,2691015351,2691015965,9241,614
29406.066493,2691019309,2691019924,8983,615
29406.078522,2691023242,2691023826,8832,584
29406.090545,2691027235,2691027850,9233,615
29406.102561,2691031349,2691031959,12016,610
29406.114591,2691035435,2691036020,8929,585
29406.126615,2691039366,2691039986,9248,620
29406.138631,2691043318,2691043933,8929,615
29406.149155,2691046937,2691047552,12042,615
29406.161172,2691050922,2691051534,8947,612
29406.182220,2691057661,2691058246,8904,585
29406.194241,2691061717,2691062331,12100,614
29406.206253,2691065638,2691066251,8866,613
29406.218287,2691069741,2691070326,11913,585
29406.230309,2691073758,2691074378,12097,620
29406.242325,2691077870,2691078485,11994,615
29406.254361,2691081787,2691082370,8917,583
29406.266379,2691085837,2691086441,12102,604
29406.278390,2691089793,2691090406,8867,613
29406.290424,2691093733,2691094318,8937,585
29406.302447,2691097645,2691098249,9253,604
29406.314467,2691101570,2691102180,9020,610
29406.326493,2691105528,2691106112,8954,584
29406.338517,2691109434,2691110048,9238,614
29406.350532,2691113569,2691114179,12015,610
29406.362559,2691117641,2691118256,12059,615
29406.374581,2691121589,2691122202,9247,613
29406.386600,2691125655,2691126263,11861,608
29406.398631,2691129593,2691130208,8926,615
29406.410652,2691133704,2691134311,12076,607
29406.422664,2691137646,2691138254,8879,608
29406.434698,2691141769,2691142353,11921,584
29406.446719,2691145836,2691146446,12040,610
29406.458733,2691149755,2691150363,8884,608
29406.470768,2691153656,2691154240,8917,584
29406.482790,2691157591,2691158200,9243,609
29406.494807,2691161470,2691162078,8882,608
29406.506837,2691165380,2691165965,8921,585
29406.518859,2691169322,2691169937,9219,615
29406.530876,2691173271,2691173881,8970,610
29406.542904,2691177208,2691177797,8875,589
29406.554927,2691181142,2691181752,9264,610
29406.566939,2691185050,2691185668,8858,618
29406.578973,2691188984,2691189599,8953,615
29406.590994,2691192953,2691193568,9221,615
29406.603004,2691196884,2691197492,8874,608
29406.615043,2691200869,2691201452,8881,583
29406.627065,2691205025,2691205632,12084,607
29406.639080,2691209145,2691209753,11846,608
29406.651107,2691213391,2691214000,12041,609
29406.663135,2691217516,2691218124,12135,608
29406.675149,2691221561,2691222168,11844,607
29406.687178,2691225609,2691226193,11920,584
29406.699201,2691229707,2691230322,12069,615
29406.711219,2691233687,2691234301,8978,614
29406.723248,2691237773,2691238383,12066,610
29406.735269,2691241847,2691242461,9253,614
29406.747288,2691245776,2691246391,8952,615
29406.759316,2691249833,2691250437,12068,604
29406.771338,2691253926,2691254541,12083,615
29406.783355,2691257951,2691258568,11852,617
29406.793884,2691261417,2691262024,9037,607
29406.805902,2691265393,2691266014,9002,621
29406.817930,2691269361,2691269945,8923,584
29406.829950,2691273251,2691273870,12108,619
29406.841975,2691277227,2691277837,8987,610
29406.853998,2691281172,2691281757,8925,585
29406.866021,2691285073,2691285687,9238,614
29406.878031,2691288967,2691289575,8845,608
29406.890066,2691292889,2691293473,8919,584
29406.902090,2691296822,2691297442,9247,620
29406.914108,2691300744,2691301348,8966,604
29406.926135,2691304691,2691305274,8904,583
29406.938159,2691308635,2691309255,9240,620
29406.950170,2691312728,2691313341,11813,613
29406.962204,2691316800,2691317420,12060,620
29406.974226,2691320741,2691321356,9238,615
29406.986236,2691324638,2691325241,8814,603
29406.998276,2691328566,2691329149,8939,583
29407.010292,2691332419,2691333030,9161,611
29407.022305,2691336360,2691336968,8799,608
29407.034339,2691340453,2691341039,11923,586
29407.046363,2691344494,2691345104,12092,610
29407.058373,2691348417,2691349025,8861,608
29407.070408,2691352322,2691352906,8895,584
29407.082430,2691356236,2691356846,9243,610
29407.094445,2691360292,2691360902,11977,610
29407.106476,2691364215,2691364800,8919,585
29407.118495,2691368094,2691368708,9221,614
29407.130515,2691372077,2691372692,8974,615
29407.144041,2691376684,2691377304,11989,620
29407.159074,2691381619,2691382237,9216,618
29407.171093,2691385811,2691386424,11829,613
29407.183125,2691389947,2691390531,11939,584
29407.195143,2691394062,2691394682,12066,620
29407.207161,2691398111,2691398724,11841,613
29407.219190,2691402037,2691402621,8889,584
29407.231213,2691406050,2691406665,9249,615
29407.243231,2691410173,2691410791,12000,618
29407.255259,2691414267,2691414888,12055,621
29407.267282,2691418344,2691418953,12087,609
29407.279298,2691422339,2691422952,11842,613
29407.291327,2691426373,2691426983,12034,610
29407.303352,2691430461,2691431081,12078,620
29407.313873,2691433887,2691434472,8923,585
29407.325892,2691437754,2691438361,9194,607
29407.337914,2691441841,2691442451,12036,610
29407.366469,2691451130,2691451744,12085,614
29407.378484,2691455223,2691455830,11840,607
29407.390519,2691459147,2691459756,8931,609
29407.402540,2691463098,2691463713,9261,615
29407.414550,2691467039,2691467641,8904,602
29407.426585,2691470944,2691471527,8820,583
29407.438607,2691474860,2691475481,9003,621
29407.450623,2691478925,2691479543,11842,618
29407.462653,2691482984,2691483599,12057,615
29407.474675,2691486940,2691487550,9174,610
29407.486699,2691490887,2691491494,8935,607
29407.498723,2691494801,2691495385,8921,584
29407.510747,2691498730,2691499345,9243,615
29407.522758,2691502633,2691503245,8913,612
29407.534792,2691506524,2691507108,8928,584
29407.546811,2691510456,2691511061,9228,605
29407.558823,2691514311,2691514917,8919,606
29407.570858,2691518254,2691518837,8877,583
29407.582881,2691522339,2691522954,12083,615
29407.594895,2691526387,2691527000,11802,613
29407.606928,2691530291,2691530875,8886,584
29407.618948,2691534184,2691534797,9198,613
29407.703104,2691560797,2691561405,11837,608
29407.715133,2691564887,2691565497,12082,610
29407.727157,2691569067,2691569682,12083,615
29407.739174,2691573127,2691573747,12000,620
29407.751201,2691577206,2691577791,8946,585
29407.763223,2691581226,2691581834,9212,608
29407.775240,2691585281,2691585893,11842,612
29407.787271,2691589350,2691589960,12030,610
29407.799295,2691593400,2691594013,12144,613
29407.811309,2691597426,2691598033,11843,607
29407.823338,2691601506,2691602116,12088,610
29407.833862,2691604968,2691605435,7567,467
29407.845886,2691608759,2691609199,7630,440
29407.857902,2691612488,2691613091,9173,603
29407.869919,2691616386,2691616998,8831,612
29407.910494,2691629243,2691629851,8832,608
29407.922528,2691633176,2691633760,8941,584
29407.934550,2691637109,2691637730,9046,621
29407.946568,2691641076,2691641691,8959,615
29407.958599,2691645011,2691645594,8934,583
29407.970622,2691648941,2691649556,9217,615
29408.006687,2691660620,2691661233,12117,613
29408.018701,2691664511,2691665118,8915,607
29408.030738,2691668457,2691669041,8940,584
29408.042758,2691672392,2691672994,9244,602
29408.054771,2691676295,2691676908,8915,613
29408.066804,2691680397,2691680981,11920,584
29408.078823,2691684451,2691685058,12134,607
29408.090835,2691688352,2691688955,8886,603
29408.102870,2691692236,2691692820,8881,584
29408.114893,2691696149,2691696759,9252,610
29408.126903,2691700051,2691700663,8872,612
29408.138941,2691704016,2691704600,8926,584
29408.150961,2691707943,2691708562,9262,619
29408.162980,2691711899,2691712514,8962,615
29408.175007,2691715967,2691716550,11930,583
29408.187029,2691720056,2691720671,12075,615
29408.199046,2691724168,2691724786,11838,618
29408.211075,2691728317,2691728932,12060,615
29408.223098,2691732552,2691733172,12079,620
29408.235117,2691736557,2691737172,8961,615
29408.247145,2691740531,2691741146,8966,615
29408.259167,2691744640,2691745257,12068,617
29408.271184,2691748781,2691749383,11845,602
29408.283213,2691752865,2691753480,12042,615
29408.295237,2691756940,2691757555,12083,615
29408.307253,2691760941,2691761544,11840,603
29408.319282,2691764961,2691765543,11926,582
29408.331304,2691769024,2691769645,12045,621
29408.343321,2691773051,2691773664,11841,613
29408.355352,2691777121,2691777731,12061,610
29408.365869,2691780628,2691781094,7591,466
29408.377901,2691784431,2691784891,7695,460
29408.389915,2691788213,2691788831,9154,618
29408.401937,2691792171,2691792781,8983,610
29408.413965,2691796097,2691796681,8856,584
29408.425985,2691799975,2691800592,9188,617
29408.437997,2691803923,2691804524,8843,601
29408.450031,2691807914,2691808498,11889,584
29408.462053,2691811838,2691812445,12106,607
29408.474074,2691815807,2691816416,8930,609
29408.486104,2691819744,2691820328,8945,584
29408.498125,2691823636,2691824255,9232,619
29408.510134,2691827545,2691828153,8801,608
29408.522169,2691831452,2691832036,8897,584
29408.534193,2691835389,2691835998,9206,609
29408.546211,2691839341,2691839951,8936,610
29408.558239,2691843237,2691843820,8887,583
29408.570262,2691847175,2691847785,9252,610
29408.582276,2691851254,2691851864,11980,610
29408.594307,2691855291,2691855901,12060,610
29408.606330,2691859219,2691859835,9232,616
29408.618340,2691863160,2691863767,8850,607
29408.710026,2691892023,2691892637,9222,614
29408.722046,2691895989,2691896599,8952,610
29408.734076,2691899956,2691900540,8917,584
29408.746093,2691903829,2691904436,9163,607
29408.758106,2691907721,2691908338,8819,617
29408.770138,2691911897,2691912482,11910,585
29408.782163,2691915941,2691916556,12071,615
29408.794176,2691920046,2691920654,11800,608
29408.806211,2691923989,2691924573,8910,584
29408.818234,2691927926,2691928541,9282,615
29408.830251,2691931943,2691932553,9011,610
29408.842280,2691935833,2691936415,8898,582
29408.854299,2691939693,2691940307,9192,614
29408.866314,2691943779,2691944392,11818,613
29408.878347,2691947832,2691948436,12034,604
29408.890370,2691951760,2691952370,9246,610
29408.902380,2691955668,2691956281,8851,613
29408.914415,2691959581,2691960166,8878,585
29408.926439,2691963462,2691964081,9053,619
29408.938449,2691967417,2691968029,8859,612
29408.950484,2691971346,2691971930,8914,584
29408.962502,2691975216,2691975830,9228,614
29408.974528,2691979131,2691979748,8943,617
29408.986554,2691983081,2691983665,8902,584
29408.998574,2691987122,2691987731,12073,609
29409.010588,2691991188,2691991796,11805,608
29409.022622,2691995080,2691995664,8927,584
29409.034645,2691999021,2691999626,9238,605
29409.046656,2692002927,2692003528,8919,601
29409.058691,2692006851,2692007434,8930,583
29409.070710,2692010769,2692011376,9233,607
29409.082727,2692014886,2692015496,11980,610
29409.094756,2692018987,2692019572,11932,585
29409.106781,2692023067,2692023682,12088,615
29409.118790,2692027006,2692027614,8870,608
29409.130829,2692030977,2692031561,8904,584
29409.142847,2692034893,2692035509,9254,616
29409.154858,2692038804,2692039412,8889,608
29409.166893,2692042714,2692043298,8889,584
29409.178916,2692046641,2692047251,9226,610
29409.190934,2692050587,2692051196,8956,609
29409.202961,2692054508,2692055093,8906,585
29409.214984,2692058591,2692059206,12126,615
29409.227001,2692062644,2692063248,11971,604
29409.237526,2692066177,2692066791,9156,614
29409.254048,2692071603,2692072216,8841,613
29409.266084,2692075623,2692076237,12037,614
29409.278107,2692079677,2692080287,12095,610
29409.290126,2692083633,2692084238,8995,605
29409.302154,2692087560,2692088170,8957,610
29409.314177,2692091506,2692092115,9171,609
29409.326195,2692095467,2692096078,8919,611
29409.338222,2692099409,2692100018,8989,609
29409.350246,2692103329,2692103939,9258,610
29409.362263,2692107305,2692107910,8985,605
29409.374292,2692111231,2692111845,8944,614
29409.386312,2692115211,2692115815,9246,604
29409.398326,2692119247,2692119860,11826,613
29409.410359,2692123331,2692123946,12060,615
29409.422381,2692127271,2692127886,9034,615
29409.434400,2692131259,2692131874,8957,615
29409.446428,2692135212,2692135822,8967,610
29409.458451,2692139122,2692139735,9252,613
29409.470472,2692143158,2692143777,8931,619
29409.482494,2692147323,2692147943,12043,620
29409.494517,2692151490,2692152109,12036,619
29409.506541,2692155516,2692156131,8914,615
29409.518564,2692159527,2692160147,8926,620
29409.530581,2692163829,2692164444,12014,615
29409.542599,2692167805,2692168390,8868,585
29409.554633,2692171745,2692172360,9250,615
29409.566649,2692175671,2692176272,9262,601
29409.578670,2692179568,2692180152,8883,584
29409.590703,2692183493,2692184095,9244,602
29409.602717,2692187381,2692187988,9192,607
29409.614732,2692191450,2692192034,11792,584
29409.626767,2692195544,2692196164,12071,620
29409.638786,2692199463,2692200069,9208,606
29409.650807,2692203392,2692203977,8950,585
29409.662839,2692207316,2692207926,9225,610
29409.674849,2692211163,2692211773,9183,610
29409.686874,2692215083,2692215667,8926,584
29409.698909,2692219155,2692219759,12103,604
29409.710923,2692223205,2692223820,12055,615
29409.722939,2692227099,2692227683,8885,584
29409.734974,2692231074,2692231689,9277,615
29409.746989,2692235011,2692235613,9216,602
29409.759009,2692239062,2692239645,11806,583
29409.769535,2692242604,2692243209,9082,605
29409.783060,2692247007,2692247615,9217,608
29409.795080,2692251082,2692251667,8897,585
29409.807111,2692255217,2692255831,12069,614
29409.819127,2692259249,2692259857,11836,608
29409.831153,2692263334,2692263949,11996,615
29409.843180,2692267504,2692268114,12071,610
29409.855188,2692271518,2692272131,11864,613
29409.867227,2692275586,2692276170,11894,584
29409.879247,2692279509,2692280129,9211,620
29409.891256,2692283509,2692284114,11903,605
29409.903289,2692287563,2692288178,11987,615
29409.915317,2692291654,2692292264,12082,610
29409.927329,2692295635,2692296236,11831,601
29409.939353,2692299650,2692300235,11813,585
29409.949878,2692303081,2692303688,9211,607
29409.961897,2692306958,2692307543,8913,585
29409.973929,2692310848,2692311461,9218,613
29409.985949,2692314771,2692315381,9269,610
29409.997964,2692318743,2692319328,11828,585
29410.009998,2692322644,2692323258,12171,614
29410.022016,2692326622,2692327232,9254,610
29410.034033,2692330535,2692331117,8870,582
29410.046067,2692334441,2692335051,9246,610
29410.058084,2692338411,2692339014,9280,603
29410.070105,2692342323,2692342938,8934,615
29410.082138,2692346244,2692346857,9227,613
29410.094160,2692350357,2692350972,12107,615
29410.106178,2692354336,2692354951,8972,615
29410.118205,2692358342,2692358957,8942,615
29410.130228,2692362335,2692362950,9241,615
29410.142247,2692366325,2692366941,8981,616
29410.154276,2692370312,2692370927,9260,615
29410.166284,2692374239,2692374852,8980,613
29410.178311,2692378159,2692378744,8911,585
29410.190341,2692382044,2692382646,9200,602
29410.202358,2692385986,2692386588,9197,602
29410.214387,2692390063,2692390642,11912,579
29410.226408,2692394125,2692394735,12094,610
29410.238428,2692398022,2692398630,9237,608
29410.250448,2692401946,2692402526,8905,580
29410.262479,2692405843,2692406458,9212,615
29410.274495,2692409782,2692410399,9218,617
29410.286518,2692413710,2692414294,8881,584
29410.298547,2692417602,2692418217,9270,615
29410.310565,2692421669,2692422273,12056,604
29410.322583,2692425626,2692426204,8899,578
29410.334618,2692429477,2692430091,9260,614
29410.346633,2692433405,2692434007,9221,602
29410.358654,2692437311,2692437895,8913,584
29410.370685,2692441235,2692441845,9205,610
29410.382702,2692445155,2692445768,9192,613
29410.394722,2692449065,2692449649,8927,584
29410.406754,2692452998,2692453601,9278,603
29410.418770,2692456916,2692457530,9287,614
29410.430783,2692461021,2692461605,11808,584
29410.442822,2692465091,2692465701,12101,610
29410.454836,2692468991,2692469599,9222,608
29410.466859,2692472891,2692473501,8994,610
29410.478890,2692476850,2692477455,9273,605
29410.490904,2692480744,2692481355,9204,611
29410.502926,2692484680,2692485265,8942,585
29410.514959,2692488731,2692489346,12087,615
29410.526975,2692492802,2692493407,12054,605
29410.538992,2692496852,2692497431,11809,579
29410.551027,2692500908,2692501518,12077,610
29410.563044,2692504967,2692505570,11839,603
29410.575061,2692509115,2692509700,11813,585
29410.587096,2692513281,2692513890,12074,609
29410.599112,2692517302,2692517915,9202,613
29410.611142,2692521316,2692521899,9005,583
29410.623164,2692525260,2692525868,9229,608
29410.692287,2692547088,2692547698,11976,610
29410.801990,2692579536,2692580140,5826,604
29410.814019,2692583530,2692584140,11972,610
29410.826050,2692587480,2692588089,12151,609
29410.838066,2692591383,2692591986,9181,603
29410.850090,2692595306,2692595890,8928,584
29410.862120,2692599199,2692599814,9208,615
29410.874136,2692603161,2692603775,9249,614
29410.970323,2692625789,2692626402,9316,613
29411.006392,2692632679,2692633286,8935,607
29411.018407,2692635992,2692636605,9217,613
29411.030428,2692639891,2692640474,8873,583
29411.042461,2692643919,2692644529,12064,610
29411.054478,2692647847,2692648455,9228,608
29411.066498,2692651798,2692652382,8897,584
29411.078532,2692655700,2692656315,9214,615
29411.090548,2692659630,2692660241,9201,611
29411.102569,2692663560,2692664139,8927,579
29411.114601,2692667472,2692668082,9244,610
29411.126618,2692671560,2692672170,12071,610
29411.138635,2692675459,2692676038,8922,579
29411.150669,2692679330,2692679939,9250,609
29411.162687,2692683264,2692683878,9282,614
29411.174702,2692687152,2692687737,8920,585
29411.186737,2692691063,2692691667,9247,604
29411.198753,2692694944,2692695552,9160,608
29411.210774,2692698874,2692699484,8916,610
29411.222805,2692702843,2692703456,9264,613
29411.234819,2692706745,2692707347,9165,602
29411.246835,2692710803,2692711387,11795,584
29411.258871,2692714864,2692715474,12083,610
29411.270888,2692718759,2692719362,9223,603
29411.282907,2692722638,2692723224,8889,586
29411.294940,2692726578,2692727193,9251,615
29411.306953,2692730474,2692731086,8997,612
29411.318979,2692734389,2692734973,8933,584
29411.331009,2692738313,2692738929,9255,616
29411.343026,2692742408,2692743018,12045,610
29411.355055,2692746509,2692747093,11914,584
29411.367077,2692750677,2692751287,12084,610
29411.379086,2692754743,2692755351,11882,608
29411.391116,2692758843,2692759427,11841,584
29411.403147,2692762939,2692763548,12120,609
29411.415160,2692766907,2692767515,9207,608
29411.427183,2692770907,2692771486,8942,579
29411.439215,2692774936,2692775543,12085,607
29411.451221,2692778941,2692779554,11871,613
29411.463257,2692783001,2692783611,12000,610
29411.475282,2692787088,2692787698,12084,610
29411.487292,2692791082,2692791685,11871,603
29411.499325,2692795110,2692795720,11994,610
29411.511353,2692799189,2692799799,12072,610
29411.521862,2692802606,2692803190,8900,584
29411.533898,2692806486,2692807100,9196,614
29411.545914,2692810469,2692811079,9251,610
29411.557934,2692814391,2692815006,8959,615
29411.569967,2692818277,2692818885,9279,608
29411.581984,2692822226,2692822835,9253,609
29411.594002,2692826116,2692826700,8890,584
29411.606032,2692829981,2692830591,9201,610
29411.618052,2692833918,2692834520,9150,602
29411.822444,2692884163,2692884780,9256,617
29411.834463,2692887369,2692887984,9304,615
29411.846484,2692890761,2692891376,9016,615
29411.858509,2692894605,2692895219,12018,614
29411.870530,2692898539,2692899124,8948,585
29411.974229,2692920255,2692920867,8974,612
29412.026835,2692929962,2692930576,9266,614
29412.038850,2692933406,2692934025,9177,619
29412.050870,2692936280,2692936898,8977,618
29412.062904,2692940398,2692941007,12079,609
29412.074910,2692944425,2692945037,11865,612
29412.086941,2692948311,2692948895,8920,584
29412.098970,2692952218,2692952838,9250,620
29412.110986,2692956114,2692956716,9212,602
29412.123003,2692960173,2692960756,11805,583
29412.135040,2692964299,2692964919,12071,620
29412.147055,2692968322,2692968930,9219,608
29412.159073,2692972324,2692972907,8876,583
29412.171108,2692976415,2692977018,12116,603
29412.183117,2692980544,2692981146,11868,602
29412.195138,2692984633,2692985217,11803,584
29412.207177,2692988682,2692989302,12096,620
29412.219186,2692992735,2692993348,11863,613
29412.231216,2692996658,2692997268,9012,610
29412.243244,2693000657,2693001272,9242,615
29412.255252,2693004655,2693005271,11866,616
29412.267279,2693008729,2693009312,11807,583
29412.279312,2693012760,2693013369,12087,609
29412.291319,2693016746,2693017354,11852,608
29412.303352,2693020764,2693021374,11980,610
29412.313874,2693024223,2693024833,9261,610
29412.325892,2693028130,2693028715,8871,585
29412.337928,2693032001,2693032614,9246,613
29412.349943,2693035968,2693036572,9223,604
29412.361961,2693039926,2693040509,11833,583
29412.373997,2693043787,2693044389,9315,602
29412.386010,2693047718,2693048331,9145,613
29412.398033,2693051648,2693052232,8910,584
29412.410063,2693055508,2693056111,9251,603
29412.422080,2693059441,2693060048,9243,607
29412.434101,2693063366,2693063950,8909,584
29412.446131,2693067383,2693067997,12168,614
29412.458150,2693071433,2693072048,12073,615
29412.470170,2693075366,2693075950,8935,584
29412.482201,2693079254,2693079868,9202,614
29412.494218,2693083220,2693083824,9270,604
29412.506238,2693087142,2693087725,8925,583
29412.518268,2693091017,2693091630,9260,613
29412.530285,2693094927,2693095535,9183,608
29412.542307,2693098849,2693099433,8933,584
29412.554338,2693102722,2693103337,9224,615
29412.566353,2693106645,2693107258,9176,613
29412.578371,2693110738,2693111323,11831,585
29412.590408,2693114628,2693115232,9169,604
29412.602422,2693118513,2693119126,9190,613
29412.614441,2693122406,2693122991,8870,585
29412.626475,2693126299,2693126914,9224,615
29412.638491,2693130241,2693130851,9171,610
29412.650514,2693134163,2693134747,8932,584
29412.662542,2693138202,2693138806,12053,604
29412.674550,2693142267,2693142869,11872,602
29412.686581,2693146179,2693146763,8932,584
29412.698611,2693150054,2693150661,9225,607
29412.710626,2693153963,2693154571,9230,608
29412.722645,2693157856,2693158439,8869,583
29412.734681,2693161725,2693162338,9295,613
29412.746698,2693165648,2693166254,9166,606
29412.758715,2693169529,2693170113,8894,584
29412.770748,2693173456,2693174076,9229,620
29412.782765,2693177411,2693178024,9249,613
29412.794784,2693181334,2693181918,8931,584
29412.806816,2693185259,2693185874,9244,615
29412.818832,2693189147,2693189755,9191,608
29412.830851,2693193036,2693193620,8889,584
29412.842884,2693196957,2693197567,9255,610
29412.854901,2693200865,2693201476,9168,611
29412.866923,2693204775,2693205359,8863,584
29412.878956,2693208840,2693209449,12087,609
29412.890961,2693212880,2693213493,11875,613
29412.902994,2693216773,2693217357,8939,584
29412.915023,2693220874,2693221489,12086,615
29412.927032,2693224998,2693225611,11862,613
29412.939056,2693229198,2693229782,11826,584
29412.951089,2693233357,2693233966,12073,609
29412.963105,2693237381,2693237994,9209,613
29412.975125,2693241382,2693241966,8860,584
29412.987160,2693245482,2693246089,12094,607
29412.999169,2693249533,2693250136,11886,603
29413.011192,2693253601,2693254184,11810,583
29413.023229,2693257646,2693258256,12090,610
29413.035236,2693261676,2693262283,11838,607
29413.047268,2693265562,2693266177,8967,615
29413.059296,2693269518,2693270133,9251,615
29413.071306,2693273528,2693274133,11867,605
29413.083337,2693277585,2693278195,12008,610
29413.095364,2693281658,2693282268,12097,610
29413.105875,2693285073,2693285658,8860,585
29413.117912,2693288938,2693289557,9266,619
29413.129928,2693292896,2693293506,9254,610
29413.141945,2693296802,2693297385,8898,583
29413.153980,2693300671,2693301281,9251,610
29413.165995,2693304583,2693305191,9171,608
29413.178012,2693308585,2693309169,11821,584
29413.190046,2693312574,2693313181,12168,607
29413.202064,2693316497,2693317112,9280,615
29413.214081,2693320397,2693320981,8850,584
29413.226115,2693324288,2693324903,9191,615
29413.238133,2693328178,2693328787,9193,609
29413.250154,2693332091,2693332675,8948,584
29413.262183,2693336150,2693336762,12189,612
29413.274201,2693340265,2693340874,12061,609
29413.286219,2693344153,2693344732,8855,579
29413.298252,2693348065,2693348675,9240,610
29413.310270,2693351943,2693352551,9165,608
29413.322290,2693355859,2693356442,8909,583
29413.334319,2693359722,2693360336,9180,614
29413.346337,2693363656,2693364264,9191,608
29413.358358,2693367568,2693368152,8916,584
29413.370389,2693371446,2693372060,9237,614
29413.382406,2693375342,2693375955,9231,613
29413.394425,2693379282,2693379866,8884,584
29413.406456,2693383326,2693383941,12062,615
29413.418475,2693387218,2693387831,9236,613
29413.430496,2693391136,2693391720,8949,584
29413.442526,2693395008,2693395623,9263,615
29413.454542,2693398941,2693399551,9249,610
29413.466566,2693402898,2693403482,8935,584
29413.478594,2693406922,2693407537,12092,615
29413.490602,2693410984,2693411597,11872,613
29413.502634,2693414880,2693415464,8913,584
29413.514664,2693418802,2693419411,9237,609
29413.526682,2693422725,2693423331,9213,606
29413.538699,2693426612,2693427196,8913,584
29413.550733,2693430522,2693431131,9241,609
29413.562748,2693434459,2693435072,9215,613
29413.574769,2693438387,2693438971,8919,584
29413.586801,2693442321,2693442941,9263,620
29413.598811,2693446207,2693446805,9192,598
29413.610832,2693450290,2693450874,11790,584
29413.622867,2693454212,2693454821,9224,609
29413.634880,2693458065,2693458673,9187,608
29413.646905,2693461997,2693462581,8899,584
29413.658937,2693465931,2693466546,9235,615
29413.670952,2693469841,2693470453,9241,612
29413.682974,2693473773,2693474357,8909,584
29413.695008,2693477851,2693478461,12087,610
29413.707013,2693481847,2693482450,11871,603
29413.719039,2693485926,2693486509,11817,583
29413.731073,2693490076,2693490678,12097,602
29413.743086,2693494202,2693494815,11870,613
29413.755108,2693498314,2693498898,11825,584
29413.767144,2693502430,2693503044,12084,614
29413.779158,2693506365,2693506972,9197,607
29413.791177,2693510306,2693510891,8889,585
29413.803212,2693514324,2693514941,12099,617
29413.815221,2693518354,2693518962,11872,608
29413.827250,2693522425,2693523040,11977,615
29413.839280,2693526523,2693527138,12096,615
29413.851287,2693530536,2693531143,11868,607
29413.863320,2693534414,2693535024,9009,610
29413.875347,2693538379,2693538988,9231,609
29413.885858,2693541790,2693542374,8940,584
29413.897893,2693545689,2693546303,9250,614
29413.909912,2693549606,2693550216,9249,610
29413.921928,2693553485,2693554070,8901,585
29413.933963,2693557367,2693557981,9192,614
29413.945979,2693561329,2693561944,9254,615
29413.957996,2693565219,2693565804,8876,585
29413.970032,2693569077,2693569690,9302,613
29414.066200,2693599340,2693599924,11810,584
29414.078235,2693603379,2693603998,12172,619
29414.090243,2693607469,2693608076,11865,607
29414.102276,2693611355,2693611935,8958,580
29414.114304,2693615280,2693615890,9243,610
29414.126320,2693619196,2693619799,9197,603
29414.138342,2693623108,2693623687,8939,579
29414.150373,2693627014,2693627624,9275,610
29414.162389,2693630944,2693631551,9211,607
29414.174411,2693634867,2693635451,8930,584
29414.186440,2693638768,2693639387,9245,619
29414.198457,2693642718,2693643326,9225,608
29414.210472,2693646783,2693647366,11803,583
29414.222508,2693650823,2693651427,12062,604
29414.234527,2693654726,2693655332,9199,606
29414.246545,2693658609,2693659194,8861,585
29414.258578,2693662514,2693663129,9216,615
29414.270595,2693666442,2693667047,9245,605
29414.282618,2693670384,2693670968,8942,584
29414.294645,2693674406,2693675016,12055,610
29414.306652,2693678439,2693679052,11867,613
29414.318685,2693682460,2693683065,11963,605
29414.330714,2693686412,2693687017,9267,605
29414.342733,2693690299,2693690912,9215,613
29414.354753,2693694218,2693694802,8935,584
29414.366783,2693698111,2693698731,9213,620
29414.378802,2693702026,2693702639,9211,613
29414.390820,2693705923,2693706506,8887,583
29414.402853,2693709824,2693710437,9276,613
29414.414859,2693713859,2693714467,11869,608
29414.426884,2693717933,2693718517,11793,584
29414.438920,2693721994,2693722604,12099,610
29414.450936,2693725901,2693726509,9211,608
29414.474987,2693733701,2693734305,12074,604
29414.487004,2693737615,2693738225,9216,610
29414.499023,2693741710,2693742296,11819,586
29414.511059,2693745927,2693746542,12087,615
29414.523063,2693750171,2693750789,11870,618
29414.544332,2693757930,2693758544,12045,614
29414.559134,2693762551,2693763163,11873,612
29414.571160,2693766639,2693767228,11819,589
29414.583192,2693770770,2693771384,12083,614
29414.595209,2693774694,2693775307,9198,613
29414.607231,2693778627,2693779212,8963,585
29414.619262,2693782672,2693783287,12068,615
29414.662839,2693796373,2693796986,9232,613
29414.674860,2693800300,2693800885,8930,585
29414.686890,2693804247,2693804859,9244,612
29414.698903,2693808120,2693808728,9145,608
29414.710923,2693812193,2693812777,11817,584
29414.722959,2693816291,2693816906,12090,615
29414.734972,2693820172,2693820775,9150,603
29414.746995,2693824074,2693824658,8879,584
29414.759027,2693828053,2693828673,9246,620
29414.771039,2693832173,2693832784,11873,611
29414.783064,2693836333,2693836916,11820,583
29414.795096,2693840348,2693840963,9235,615
29414.807117,2693844341,2693844956,9315,615
29414.819132,2693848464,2693849048,11823,584
29414.831164,2693852584,2693853199,12084,615
29414.843178,2693856651,2693857259,11870,608
29414.855203,2693860706,2693861321,11979,615
29414.867234,2693864793,2693865408,12084,615
29414.879250,2693868693,2693869311,9181,618
29414.891275,2693872735,2693873345,8976,610
29414.903302,2693876818,2693877430,12068,612
29414.915309,2693880825,2693881427,11879,602
29414.927334,2693884888,2693885472,11791,584
29414.937865,2693888349,2693888953,9257,604
29414.949882,2693892249,2693892834,8843,585
29414.960412,2693896276,2693896895,12096,619
29414.970929,2693901889,2693903037,16330,1148
29414.982951,2693911193,2693912343,16399,1150
29414.994971,2693916429,2693917045,8987,616
29415.006998,2693920459,2693921080,8910,621
29415.019022,2693924486,2693925106,9221,620
29415.031040,2693928517,2693929126,8987,609
29415.043067,2693932622,2693933238,9212,616
29415.062601,2693939026,2693939610,8939,584
29415.074630,2693943089,2693943704,12096,615
29415.086648,2693947002,2693947614,9195,612
29415.098666,2693950965,2693951549,8926,584
29415.134736,2693962434,2693963018,8883,584
29415.146767,2693966366,2693966971,9224,605
29415.158784,2693970288,2693970901,9173,613
29415.170805,2693974212,2693974797,8900,585
29415.182836,2693978142,2693978756,9266,614
29415.194852,2693982074,2693982682,9197,608
29415.206869,2693985968,2693986552,8853,584
29415.218902,2693989882,2693990501,9264,619
29415.230915,2693993763,2693994370,9195,607
29415.242934,2693997858,2693998442,11804,584
29415.254972,2694001958,2694002573,12132,615
29415.266984,2694005822,2694006424,9233,602
29415.279007,2694009698,2694010282,8889,584
29415.291039,2694013645,2694014249,9225,604
29415.303056,2694017680,2694018289,9206,609
29415.315078,2694021739,2694022323,8879,584
29415.327108,2694025931,2694026546,12082,615
29415.339120,2694030077,2694030685,11844,608
29415.351144,2694034184,2694034768,11823,584
29415.363178,2694038275,2694038885,12080,610
29415.375193,2694042229,2694042833,9271,604
29415.387216,2694046153,2694046736,8947,583
29415.399245,2694050250,2694050865,12069,615
29415.411257,2694054122,2694054735,9180,613
29415.423285,2694058030,2694058651,9002,621
29415.435315,2694062136,2694062750,12077,614
29415.447323,2694066131,2694066734,11871,603
29415.457861,2694069564,2694070168,9226,604
29415.469879,2694073517,2694074125,9267,608
29415.481893,2694077425,2694078009,8909,584
29415.493934,2694081313,2694081777,7521,464
29415.505946,2694085152,2694085772,12074,620
29415.517965,2694089114,2694089719,11954,605
29415.529997,2694093053,2694093667,9221,614
29415.542014,2694097005,2694097620,9240,615
29415.554034,2694100943,2694101528,8883,585
29415.566064,2694104810,2694105418,9220,608
29415.578084,2694108732,2694109347,9215,615
29415.590101,2694112736,2694113351,11969,615
29415.602135,2694116631,2694117243,9254,612
29415.614151,2694120557,2694121171,9246,614
29415.626168,2694124653,2694125236,11836,583
29415.638202,2694128657,2694129265,12174,608
29415.650219,2694132625,2694133235,9182,610
29415.662240,2694136563,2694137148,8936,585
29415.674270,2694140487,2694141092,9221,605
29415.686288,2694144415,2694145026,9150,611
29415.698309,2694148342,2694148926,8918,584
29415.710339,2694152427,2694153037,12076,610
29415.720848,2694155930,2694156515,11816,585
29415.732883,2694159992,2694160601,12184,609
29415.824549,2694188943,2694189527,11836,584
29415.854614,2694198631,2694199233,12134,602
29415.866630,2694202551,2694203159,9179,608
29415.878651,2694206464,2694207048,8913,584
29415.890681,2694210364,2694210984,9228,620
29415.902698,2694214301,2694214913,9247,612
29415.914721,2694218261,2694218845,8933,584
29415.926748,2694222286,2694222901,12050,615
29415.967326,2694235192,2694235795,9233,603
29415.979336,2694239197,2694239810,11871,613
29415.989870,2694242594,2694243201,9257,607
29416.001889,2694246541,2694247149,9279,608
29416.013908,2694250458,2694251042,8937,584
29416.025939,2694254330,2694254944,12145,614
29416.037957,2694258310,2694258914,12068,604
29416.049975,2694262210,2694262790,8861,580
29416.062010,2694266086,2694266693,9277,607
29416.074027,2694270044,2694270659,9259,615
29416.086044,2694273966,2694274549,8893,583
29416.098079,2694277842,2694278449,9249,607
29416.110091,2694281927,2694282543,12024,616
29416.122114,2694285993,2694286603,11955,610
29416.134145,2694289908,2694290511,9266,603
29416.146162,2694293843,2694294458,9203,615
29416.158182,2694297912,2694298527,11957,615
29416.170214,2694301814,2694302428,9278,614
29416.182231,2694305787,2694306397,9295,610
29416.194251,2694309721,2694310305,8932,584
29416.206283,2694313608,2694314216,9243,608
29416.218299,2694317530,2694318142,9226,612
29416.230322,2694321450,2694322034,8927,584
29416.242350,2694325369,2694325989,9229,620
29416.254358,2694329459,2694330072,11878,613
29416.266391,2694333399,2694333984,8974,585
29416.278419,2694337340,2694337950,9218,610
29416.290437,2694341242,2694341855,9231,613
29416.302458,2694345194,2694345777,8950,583
29416.314487,2694349127,2694349731,9246,604
29416.326496,2694353207,2694353814,11870,607
29416.338526,2694357282,2694357892,11974,610
29416.350556,2694361368,2694361978,12073,610
29416.362573,2694365267,2694365880,9177,613
29416.374592,2694369154,2694369738,8908,584
29416.386625,2694373042,2694373663,9228,621
29416.398641,2694376971,2694377579,9207,608
29416.410661,2694380881,2694381460,8894,579
29416.422694,2694384762,2694385372,9206,610
29416.434710,2694388711,2694389323,9207,612
29416.446732,2694392628,2694393212,8916,584
29416.458760,2694396674,2694397289,12046,615
29416.470770,2694400750,2694401363,11871,613
29416.482802,2694404647,2694405231,8932,584
29416.494830,2694408579,2694409199,9253,620
29416.506846,2694412513,2694413120,9204,607
29416.518869,2694416582,2694417165,8946,583
29416.530899,2694420512,2694421127,9206,615
29416.542909,2694424606,2694425214,11876,608
29416.554935,2694428671,2694429291,11956,620
29416.566967,2694432631,2694433239,9254,608
29416.578979,2694436506,2694437114,9231,608
29416.591001,2694440432,2694441016,8835,584
29416.603037,2694444531,2694445143,12098,612
29416.615047,2694448683,2694449291,11872,608
29416.627070,2694452676,2694453258,8885,582
29416.639104,2694456735,2694457349,9252,614
29416.651112,2694460868,2694461480,11869,612
29416.663139,2694465041,2694465625,11842,584
29416.675170,2694469181,2694469796,12068,615
29416.687180,2694473242,2694473855,11870,613
29416.699209,2694477283,2694477866,11854,583
29416.711240,2694481361,2694481965,12074,604
29416.723252,2694485628,2694486236,11846,608
29416.735274,2694489678,2694490261,11804,583
29416.747309,2694493740,2694494355,12069,615
29416.759321,2694497752,2694498360,11841,608
29416.771350,2694501791,2694502396,11976,605
29416.781873,2694505248,2694505863,9261,615
29416.793893,2694509179,2694509763,8944,584
29416.805923,2694513065,2694513673,9247,608
29416.817941,2694516990,2694517604,9267,614
29416.829963,2694520925,2694521509,8924,584
29416.841989,2694524821,2694525435,12142,614
29416.854008,2694528800,2694529410,12065,610
29416.866027,2694532702,2694533287,8869,585
29416.878061,2694536597,2694537215,9207,618
29416.890080,2694540534,2694541149,9285,615
29416.902101,2694544485,2694545067,8914,582
29416.914130,2694548377,2694548986,9277,609
29416.926146,2694552349,2694552959,9249,610
29416.938168,2694556402,2694556987,11846,585
29416.950198,2694560292,2694560900,9248,608
29416.962214,2694564251,2694564861,9248,610
29416.974236,2694568166,2694568751,8922,585
29416.986267,2694572016,2694572630,9237,614
29416.998285,2694575968,2694576583,9216,615
29417.010301,2694579867,2694580451,8929,584
29417.022336,2694583737,2694584345,9278,608
29417.034350,2694587675,2694588286,9170,611
29417.046372,2694591590,2694592174,8908,584
29417.058401,2694595595,2694596198,12139,603
29417.070410,2694599622,2694600228,11864,606
29417.082442,2694603514,2694604099,8947,585
29417.094472,2694607415,2694608029,9252,614
29417.106487,2694611359,2694611961,9235,602
29417.118507,2694615259,2694615842,8865,583
29417.130539,2694619161,2694619776,9289,615
29417.142556,2694623089,2694623702,9209,613
29417.154578,2694627152,2694627736,11846,584
29417.166607,2694631047,2694631663,9248,616
29417.178626,2694634972,2694635580,9228,608
29417.190646,2694638909,2694639493,8917,584
29417.202677,2694642819,2694643435,9174,616
29417.214693,2694646760,2694647362,9208,602
29417.226712,2694650635,2694651219,8863,584
29417.238745,2694654528,2694655132,9213,604
29417.250763,2694658427,2694659038,9217,611
29417.262781,2694662325,2694662909,8895,584
29417.274813,2694666352,2694666967,12087,615
29417.286821,2694670430,2694671036,11863,606
29417.298852,2694674357,2694674943,8938,586
29417.310880,2694678285,2694678901,9246,616
29417.322898,2694682195,2694682808,9145,613
29417.334919,2694686237,2694686820,8924,583
29417.346950,2694690178,2694690793,9172,615
29417.358960,2694694225,2694694827,11876,602
29417.370989,2694698252,2694698862,11984,610
29417.383018,2694702243,2694702848,9206,605
29417.395034,2694706252,2694706854,9192,602
29417.407053,2694710386,2694710965,11818,579
29417.419087,2694714527,2694715148,12091,621
29417.431098,2694718682,2694719284,11866,602
29417.443121,2694722715,2694723299,8904,584
29417.455157,2694726751,2694727359,9252,608
29417.467168,2694730870,2694731482,11865,612
29417.479190,2694734963,2694735548,11815,585
29417.491224,2694738978,2694739586,12115,608
29417.503236,2694743017,2694743630,11861,613
29417.515261,2694747045,2694747630,11827,585
29417.527294,2694751080,2694751688,12083,608
29417.539305,2694755258,2694755871,11870,613
29417.551329,2694759339,2694759922,11819,583
29417.563359,2694763400,2694764011,12086,611
29417.573872,2694766852,2694767436,8885,584
29417.585909,2694770738,2694771347,9254,609
29417.597925,2694774718,2694775322,9244,604
29417.609942,2694778600,2694779184,8874,584
29417.621975,2694782504,2694783123,12134,619
29417.670051,2694797804,2694798412,11869,608
29417.682082,2694801747,2694802331,8890,584
29417.694112,2694805640,2694806242,9203,602
29417.706129,2694809559,2694810164,9286,605
29417.718147,2694813448,2694814031,8888,583
29417.730181,2694817334,2694817942,9252,608
29417.742197,2694821261,2694821866,9265,605
29417.754219,2694825250,2694825834,8952,584
29417.766249,2694829110,2694829720,9243,610
29417.778266,2694833091,2694833706,9212,615
29417.790285,2694836997,2694837581,8877,584
29417.802320,2694840858,2694841472,9275,614
29417.814335,2694844803,2694845416,9168,613
29417.826355,2694848733,2694849317,8910,584
29417.838386,2694852645,2694853260,9192,615
29417.850402,2694856593,2694857203,9215,610
29417.862424,2694860531,2694861114,8922,583
29417.874454,2694864436,2694865047,9222,611
29417.886462,2694868474,2694869082,11867,608
29417.898493,2694872382,2694872966,8922,584
29417.910524,2694876316,2694876926,9267,610
29417.922541,2694880248,2694880856,9230,608
29417.934558,2694884145,2694884728,8889,583
29417.946590,2694888085,2694888689,9295,604
29417.958608,2694892053,2694892665,9175,612
29417.970627,2694895960,2694896545,8862,585
29418.059305,2694923847,2694924466,9276,619
29418.071324,2694927780,2694928396,9335,616
29418.083345,2694931804,2694932417,11978,613
29418.093872,2694935293,2694935764,7412,471
29418.105883,2694939047,2694939632,8896,585
29418.117919,2694942961,2694943574,12176,613
29418.129935,2694946918,2694947538,9259,620
29418.141953,2694950830,2694951415,8891,585
29418.153986,2694954873,2694955482,12172,609
29418.166005,2694958837,2694959457,9245,620
29418.178022,2694962753,2694963337,8884,584
29418.190056,2694966648,2694967255,9184,607
29418.202070,2694970602,2694971213,9252,611
29418.214090,2694974514,2694975099,8849,585
29418.226124,2694978407,2694979021,9226,614
29418.238142,2694982329,2694982944,9283,615
29418.250155,2694986246,2694986829,8909,583
29418.266700,2694991569,2694992185,9263,616
29418.278717,2694995521,2694996122,9208,601
29418.290731,2694999615,2695000199,11808,584
29418.302769,2695003649,2695004253,12075,604
29418.314787,2695007584,2695008186,9223,602
29418.326804,2695011482,2695012066,8880,584
29418.338837,2695015411,2695016026,9277,615
29418.350853,2695019332,2695019944,9192,612
29418.362876,2695023234,2695023819,8923,585
29418.374904,2695027221,2695027837,9243,616
29418.386921,2695031175,2695031791,9297,616
29418.398942,2695035112,2695035697,8926,585
29418.410974,2695039045,2695039655,9256,610
29418.422990,2695042926,2695043534,9176,608
29418.435008,2695046838,2695047424,8900,586
29418.447041,2695050982,2695051597,12082,615
29418.459059,2695055002,2695055615,9218,613
29418.471077,2695059042,2695059625,8826,583
29418.483111,2695063187,2695063800,12082,613
29418.495122,2695067326,2695067928,11889,602
29418.507142,2695071453,2695072037,11849,584
29418.519180,2695075605,2695076220,12079,615
29418.531188,2695079707,2695080310,11840,603
29418.543213,2695083694,2695084278,8867,584
29418.555246,2695087799,2695088414,12081,615
29418.567260,2695091933,2695092538,11871,605
29418.579283,2695095947,2695096532,11830,585
29418.591317,2695099873,2695100483,9228,610
29418.603335,2695103938,2695104548,12047,610
29418.615352,2695107961,2695108545,11817,584
29418.625879,2695111414,2695111874,7368,460
29418.637899,2695115192,2695115777,8948,585
29418.649930,2695119084,2695119695,9215,611
29418.661947,2695123029,2695123644,9257,615
29418.673964,2695126968,2695127551,11818,583
29418.685998,2695130847,2695131461,12167,614
29418.698016,2695134810,2695135415,9282,605
29418.710034,2695138717,2695139301,8914,584
29418.722068,2695142617,2695143227,9238,610
29418.734086,2695146576,2695147185,9281,609
29418.746102,2695150485,2695151069,8935,584
29418.758137,2695154353,2695154972,9278,619
29418.770153,2695158334,2695158949,9282,615
29418.782170,2695162224,2695162809,8831,585
29418.794205,2695166108,2695166722,9260,614
29418.806215,2695170179,2695170792,11952,613
29418.818243,2695174069,2695174655,8957,586
29418.830273,2695177947,2695178561,9275,614
29418.842289,2695181903,2695182518,9242,615
29418.854308,2695185804,2695186388,8889,584
29418.866344,2695189666,2695190276,9301,610
29418.878360,2695193626,2695194236,9273,610
29418.890375,2695197689,2695198273,11826,584
29418.902409,2695201749,2695202359,12094,610
29418.914426,2695205694,2695206301,9188,607
29418.926445,2695209610,2695210194,8884,584
29418.938479,2695213493,2695214097,9218,604
29418.950494,2695217408,2695218010,9186,602
29418.962514,2695221289,2695221872,8889,583
29418.974547,2695225213,2695225822,9218,609
29418.986563,2695229158,2695229768,9249,610
29418.998582,2695233042,2695233632,8921,590
29419.010614,2695236991,2695237605,9228,614
29419.022633,2695240882,2695241500,9191,618
29419.034650,2695244789,2695245375,8899,586
29419.046684,2695248688,2695249308,9245,620
29419.058700,2695252605,2695253213,9204,608
29419.070719,2695256503,2695257087,8863,584
29419.082752,2695260388,2695261000,9209,612
29419.094770,2695264298,2695264911,9188,613
29419.106783,2695268358,2695268942,11788,584
29419.118819,2695272412,2695273017,12057,605
29419.130837,2695276316,2695276919,9227,603
29419.142855,2695280208,2695280792,8921,584
29419.154887,2695284132,2695284747,9214,615
29419.166905,2695288036,2695288643,9248,607
29419.178926,2695291941,2695292526,8919,585
29419.190958,2695295861,2695296476,9275,615
29419.202974,2695299790,2695300405,9252,615
29419.214991,2695303712,2695304291,8886,579
29419.227024,2695307624,2695308239,9257,615
29419.239036,2695311655,2695312263,11871,608
29419.251064,2695315761,2695316346,11879,585
29419.263096,2695319920,2695320528,12087,608
29419.275110,2695323922,2695324535,9196,613
29419.287129,2695327912,2695328496,8894,584
29419.299162,2695332073,2695332685,12085,612
29419.311173,2695336115,2695336723,11867,608
29419.323194,2695340165,2695340750,11818,585
29419.335232,2695344221,2695344835,12080,614
29419.347239,2695348227,2695348835,11884,608
29419.359272,2695352259,2695352843,11855,584
29419.371299,2695356302,2695356906,12098,604
29419.383310,2695360336,2695360936,11864,600
29419.395334,2695364351,2695364935,11852,584
29419.405864,2695367816,2695368276,7392,460
29419.417886,2695371590,2695372048,7567,458
29419.429913,2695375333,2695375935,9256,602
29419.441928,2695379216,2695379818,9190,602
29419.453948,2695383091,2695383675,8898,584
29419.465982,2695386984,2695387595,9244,611
29419.478000,2695390917,2695391524,9131,607
29419.490015,2695394857,2695395442,11812,585
29419.502050,2695398809,2695399412,12179,603
29419.514069,2695402762,2695403367,9246,605
29419.526095,2695406679,2695407298,8901,619
29419.538118,2695410710,2695411330,9165,620
29419.550137,2695414730,2695415344,8927,614
29419.562163,2695418733,2695419353,8914,620
29419.574188,2695422732,2695423351,9250,619
29419.586206,2695426746,2695427366,8991,620
29419.598222,2695430719,2695431303,8899,584
29419.610257,2695434623,2695435235,9175,612
29419.622272,2695438755,2695439364,12011,609
29419.686903,2695459193,2695459795,12216,602
29419.698916,2695463107,2695463723,9229,616
29419.710935,2695467013,2695467596,8893,583
29419.722969,2695471091,2695471701,12085,610
29419.734977,2695475140,2695475753,11883,613
29419.747008,2695479034,2695479619,8960,585
29419.759037,2695483103,2695483712,12102,609
29419.771048,2695487225,2695487833,11873,608
29419.783072,2695491373,2695491956,8868,583
29419.795105,2695495561,2695496171,12116,610
29419.807120,2695499550,2695500163,9208,613
29419.819139,2695503522,2695504107,8875,585
29419.831174,2695507683,2695508297,12067,614
29419.843181,2695511706,2695512309,11866,603
29419.855213,2695515735,2695516319,11837,584
29419.867244,2695519773,2695520389,12070,616
29419.879253,2695523814,2695524427,11840,613
29419.891277,2695527705,2695528290,8896,585
29419.903311,2695531646,2695532250,9235,604
29419.915322,2695535675,2695536287,11868,612
29419.927350,2695539713,2695540329,11985,616
29419.937872,2695543176,2695543786,9280,610
29419.949895,2695547109,2695547693,8918,584
29419.961923,2695550987,2695551601,9206,614
29419.973944,2695554922,2695555536,9219,614
29419.984466,2695558530,2695559145,12155,615
29419.999489,2695563528,2695564142,11974,614
29420.010012,2695566985,2695567600,9245,615
29420.022028,2695571002,2695571586,11823,584
29420.034062,2695575007,2695575616,12166,609
29420.046078,2695578955,2695579563,9184,608
29420.058097,2695582839,2695583423,8867,584
29420.070132,2695586705,2695587319,9291,614
29420.082150,2695590670,2695591282,9283,612
29420.094166,2695594580,2695595164,8839,584
29420.106200,2695598586,2695599200,12174,614
29420.118216,2695602659,2695603274,12065,615
29420.130235,2695606542,2695607121,8881,579
29420.142268,2695610435,2695611049,9258,614
29420.154286,2695614390,2695615000,9275,610
29420.166304,2695618273,2695618851,8899,578
29420.178338,2695622139,2695622747,9303,608
29420.190352,2695626070,2695626685,9259,615
29420.202371,2695629980,2695630565,8915,585
29420.214405,2695633880,2695634489,9224,609
29420.226422,2695637826,2695638436,9281,610
29420.236947,2695641289,2695641894,9257,605
29420.294041,2695659302,2695659905,11872,603
29420.306067,2695663320,2695663905,11829,585
29420.318103,2695667339,2695667948,12138,609
29420.330119,2695671288,2695671898,9249,610
29420.342138,2695675188,2695675772,8895,584
29420.354171,2695679115,2695679724,9287,609
29420.366188,2695683046,2695683661,9247,615
29420.378206,2695686940,2695687523,8899,583
29420.390241,2695690783,2695691397,9279,614
29420.402258,2695694733,2695695347,9270,614
29420.414275,2695698637,2695699221,8879,584
29420.426309,2695702677,2695703290,12182,613
29420.438322,2695706758,2695707373,12022,615
29420.450346,2695710811,2695711421,11985,610
29420.462376,2695714739,2695715343,9251,604
29420.474394,2695718655,2695719270,9299,615
29420.486410,2695722571,2695723156,8893,585
29420.498445,2695726481,2695727099,9236,618
29420.510463,2695730387,2695730995,9239,608
29420.522475,2695734450,2695735034,11786,584
29420.534511,2695738504,2695739108,12074,604
29420.546531,2695742409,2695743022,9223,613
29420.558549,2695746315,2695746899,8857,584
29420.570582,2695750238,2695750843,9225,605
29420.582597,2695754165,2695754771,9189,606
29420.594617,2695758055,2695758640,8904,585
29420.606650,2695761988,2695762603,9259,615
29420.618667,2695765944,2695766553,9224,609
29420.630686,2695769855,2695770439,8892,584
29420.642719,2695773779,2695774393,9235,614
29420.654726,2695777866,2695778469,11868,603
29420.666757,2695781905,2695782509,11977,604
29420.678789,2695785826,2695786436,9252,610
29420.690804,2695789740,2695790348,9233,608
29420.702822,2695793637,2695794221,8887,584
29420.714856,2695797519,2695798137,9209,618
29420.726872,2695801449,2695802051,9189,602
29420.738888,2695805505,2695806089,11829,584
29420.750923,2695809547,2695810162,12060,615
29420.762941,2695813438,2695814041,9218,603
29420.774958,2695817333,2695817918,8881,585
29420.786991,2695821268,2695821884,9229,616
29420.799008,2695825177,2695825794,9189,617
29420.811030,2695829274,2695829858,11822,584
29420.823060,2695833290,2695833905,9207,615
29420.835081,2695837326,2695837936,9317,610
29420.847095,2695841359,2695841944,8852,585
29420.859130,2695845494,2695846099,12088,605
29420.871138,2695849600,2695850208,11860,608
29420.941777,2695871805,2695872389,8887,584
29420.970341,2695880909,2695881524,9354,615
29421.001892,2695890884,2695891497,9149,613
29421.013919,2695894814,2695895397,8930,583
29421.025950,2695898708,2695899315,9239,607
29421.037963,2695902684,2695903288,12023,604
29421.049986,2695906604,2695907219,11985,615
29421.062017,2695910518,2695911127,9255,609
29421.074034,2695914467,2695915072,9276,605
29421.086052,2695918363,2695918947,8912,584
29421.098086,2695922247,2695922853,9244,606
29421.110104,2695926208,2695926813,9279,605
29421.122119,2695930255,2695930839,11849,584
29421.134155,2695934258,2695934867,12138,609
29421.146172,2695938200,2695938805,9246,605
29421.158189,2695942115,2695942699,8906,584
29421.170224,2695945983,2695946585,9267,602
29421.182242,2695949910,2695950513,9247,603
29421.194258,2695953809,2695954392,8877,583
29421.206291,2695957705,2695958319,9236,614
29421.218308,2695961664,2695962279,9226,615
29421.230327,2695965570,2695966153,8864,583
29421.242360,2695969463,2695970071,9224,608
29421.254375,2695973525,2695974145,12023,620
29421.266396,2695977584,2695978193,11981,609
29421.278430,2695981483,2695982091,9221,608
29421.290446,2695985417,2695986020,9190,603
29421.302464,2695989293,2695989877,8859,584
29421.314497,2695993181,2695993798,9213,617
29421.326513,2695997122,2695997724,9179,602
29421.338527,2696001192,2696001777,11797,585
29421.350564,2696005237,2696005842,12065,605
29421.362582,2696009143,2696009756,9201,613
29421.374600,2696013037,2696013616,8898,579
29421.386634,2696016961,2696017571,9244,610
29421.398650,2696020905,2696021512,9211,607
29421.410669,2696024799,2696025383,8859,584
29421.422702,2696028746,2696029355,9209,609
29421.434721,2696032678,2696033298,9294,620
29421.446738,2696036576,2696037160,8904,584
29421.458772,2696040492,2696041107,9253,615
29421.470780,2696044533,2696045136,11871,603
29421.482808,2696048565,2696049180,11978,615
29421.494839,2696052544,2696053159,9273,615
29421.506854,2696056482,2696057095,9244,613
29421.518873,2696060375,2696060959,8849,584
29421.530908,2696064231,2696064842,9287,611
29421.542924,2696068136,2696068744,9232,608
29421.554940,2696072194,2696072779,11791,585
29421.566975,2696076256,2696076866,12114,610
29421.578992,2696080164,2696080767,9233,603
29421.591010,2696084239,2696084822,11815,583
29421.603043,2696088323,2696088932,12078,609
29421.615055,2696092417,2696093029,11885,612
29421.627080,2696096569,2696097154,11855,585
29421.639112,2696100623,2696101227,9233,604
29421.651131,2696104625,2696105235,9271,610
29421.663147,2696108769,2696109354,11817,585
29421.675181,2696112811,2696113425,12097,614
29421.687193,2696116838,2696117441,11888,603
29421.699219,2696120877,2696121482,11983,605
29421.711249,2696124946,2696125555,12090,609
29421.723265,2696128857,2696129465,9208,608
29421.735287,2696132770,2696133355,8920,585
29421.747318,2696136802,2696137410,12093,608
29421.759337,2696140871,2696141481,12049,610
29421.771356,2696144931,2696145541,11992,610
29421.781881,2696148410,2696149019,9287,609
29421.793902,2696152356,2696152966,9008,610
29421.805932,2696156316,2696156926,9199,610
29421.817949,2696160270,2696160885,9274,615
29421.829974,2696164235,2696164838,8979,603
29421.842002,2696168189,2696168804,9216,615
29421.854015,2696172194,2696172798,12015,604
29421.866039,2696176224,2696176834,11991,610
29421.878071,2696180166,2696180775,9305,609
29421.890088,2696184121,2696184736,9245,615
29421.902110,2696188072,2696188686,8951,614
29421.914139,2696192018,2696192638,9212,620
29421.926156,2696195996,2696196611,9218,615
29421.938175,2696200090,2696200704,11974,614
29421.950202,2696204142,2696204761,12070,619
29421.962221,2696208076,2696208677,9257,601
29421.974239,2696211981,2696212584,8817,603
29421.986273,2696215886,2696216470,9219,584
29421.998288,2696219779,2696220381,9241,602
29422.010314,2696223720,2696224330,8987,610
29422.022343,2696227609,2696228192,9183,583
29422.034359,2696231529,2696232144,9250,615
29422.046384,2696235417,2696236032,8984,615
29422.058413,2696239336,2696239920,9215,584
29422.070428,2696243275,2696243895,9280,620
29422.082448,2696247338,2696247948,11982,610
29422.094476,2696251233,2696251843,9232,610
29422.106494,2696255162,2696255775,9210,613
29422.118516,2696259028,2696259634,8913,606
29422.130552,2696262944,2696263530,9190,586
29422.142564,2696266837,2696267439,9250,602
29422.154586,2696270856,2696271469,11840,613
29422.166618,2696274937,2696275558,12122,621
29422.178632,2696278875,2696279476,9234,601
29422.190651,2696282747,2696283359,8884,612
29422.202686,2696286655,2696287270,9256,615
29422.214699,2696290592,2696291211,9260,619
29422.226720,2696294455,2696295073,8882,618
29422.238759,2696298412,2696298995,9255,583
29422.250773,2696302328,2696302933,9236,605
29422.262788,2696306188,2696306800,8902,612
29422.274826,2696310134,2696310717,9271,583
29422.286837,2696314172,2696314786,12058,614
29422.298859,2696318227,2696318841,11988,614
29422.310885,2696322141,2696322751,9191,610
29422.322904,2696326086,2696326705,9209,619
29422.334925,2696329960,2696330568,8882,608
29422.346960,2696333871,2696334482,9228,611
29422.358974,2696337801,2696338409,9244,608
29422.370999,2696341833,2696342441,11855,608
29422.383029,2696345965,2696346585,12085,620
29422.395044,2696350111,2696350718,12092,607
29422.407067,2696354195,2696354798,11817,603
29422.419099,2696358378,2696358961,12029,583
29422.431111,2696362507,2696363126,12049,619
29422.443136,2696366650,2696367263,11820,613
29422.455165,2696370688,2696371298,9268,610
29422.467179,2696374675,2696375294,9275,619
29422.479203,2696378692,2696379303,11841,611
29422.491231,2696382743,2696383348,12083,605
29422.503248,2696386772,2696387381,12062,609
29422.515273,2696390809,2696391424,11992,615
29422.527303,2696394883,2696395493,12128,610
29422.539318,2696398928,2696399535,12092,607
29422.551336,2696402790,2696403408,8906,618
29422.561866,2696406268,2696406876,9287,608
29422.573880,2696410166,2696410773,8821,607
29422.585917,2696414134,2696414718,9225,584
29422.597932,2696418042,2696418657,9279,615
29422.609951,2696421928,2696422530,8875,602
29422.621983,2696425812,2696426427,9222,615
29422.634002,2696429786,2696430396,9298,610
29422.646017,2696433666,2696434278,8867,612
29422.658049,2696437591,2696438206,9162,615
29422.670066,2696441657,2696442262,12018,605
29422.682090,2696445660,2696446270,12016,610
29422.694118,2696449553,2696450158,9206,605
29422.706139,2696453505,2696454110,9290,605
29422.718154,2696457371,2696457984,8887,613
29422.730189,2696461308,2696461892,9170,584
29422.742207,2696465218,2696465828,9211,610
29422.754224,2696469087,2696469690,8849,603
29422.766255,2696473163,2696473767,12137,604
29422.778276,2696477116,2696477718,9272,602
29422.790290,2696481012,2696481614,8873,602
29422.802326,2696484961,2696485571,9232,610
29422.814341,2696488923,2696489527,9288,604
29422.826361,2696492779,2696493392,8834,613
29422.838393,2696496711,2696497321,9206,610
29422.850413,2696500668,2696501278,9272,610
29422.862427,2696504589,2696505207,8923,618
29422.874463,2696508540,2696509161,9239,621
29422.886476,2696512631,2696513234,12063,603
29422.898500,2696516667,2696517280,11986,613
29422.910528,2696520608,2696521229,9224,621
29422.922546,2696524546,2696525153,9251,607
29422.934567,2696528410,2696529018,8869,608
29422.946600,2696532310,2696532929,9182,619
29422.958616,2696536264,2696536883,9284,619
29422.970637,2696540306,2696540908,11872,602
29422.982665,2696544340,2696544950,12076,610
29422.994684,2696548273,2696548879,9273,606
29423.006702,2696552131,2696552739,8860,608
29423.018738,2696556031,2696556646,9207,615
29423.030751,2696559949,2696560558,9227,609
29423.042773,2696563819,2696564432,8923,613
29423.054808,2696567762,2696568371,9263,609
29423.066823,2696571730,2696572340,9233,610
29423.078839,2696575608,2696576224,8859,616
29423.090873,2696579577,2696580192,9258,615
29423.102889,2696583650,2696584258,12069,608
29423.114907,2696587716,2696588331,11961,615
29423.126942,2696591652,2696592272,9212,620
29423.138956,2696595583,2696596192,9233,609
29423.150976,2696599478,2696600091,8881,613
29423.163011,2696603425,2696604041,9274,616
29423.175028,2696607533,2696608151,12076,618
29423.187050,2696611651,2696612264,11816,613
29423.199077,2696615825,2696616408,11977,583
29423.211093,2696619884,2696620485,12033,601
29423.223121,2696623931,2696624538,11820,607
29423.235148,2696628041,2696628650,12078,609
29423.247164,2696632103,2696632711,12078,608
29423.259190,2696636187,2696636795,11813,608
29423.271217,2696640162,2696640778,9272,616
29423.283232,2696644099,2696644703,9278,604
29423.295254,2696648093,2696648705,11843,612
29423.307282,2696652192,2696652776,11940,584
29423.319300,2696656193,2696656805,12060,612
29423.331326,2696660230,2696660835,12012,605
29423.343354,2696664281,2696664865,11970,584
29423.353863,2696667684,2696668302,8863,618
29423.365901,2696671573,2696672157,9190,584
29423.377915,2696675511,2696676117,9250,606
29423.389934,2696679366,2696679974,8874,608
29423.401971,2696683311,2696683894,9243,583
29423.413985,2696687221,2696687831,9276,610
29423.426000,2696691086,2696691694,8881,608
29423.438033,2696695005,2696695616,9229,611
29423.450052,2696698965,2696699570,9285,605
29423.462069,2696702832,2696703439,8858,607
29423.474104,2696706757,2696707341,9199,584
29423.486118,2696710785,2696711400,12013,615
29423.498141,2696714820,2696715430,11984,610
29423.510174,2696718718,2696719302,9234,584
29423.522191,2696722692,2696723297,9256,605
29423.534206,2696726541,2696727154,8853,613
29423.556332,2696734120,2696734735,11947,615
29423.622882,2696754962,2696755577,9204,615
29423.654443,2696764985,2696765595,9183,610
29423.666463,2696768953,2696769558,9262,605
29423.678482,2696772811,2696773424,8862,613
29423.690520,2696776780,2696777364,9222,584
29423.702530,2696780825,2696781437,12081,612
29423.714553,2696784859,2696785474,11986,615
29423.726581,2696788774,2696789389,9244,615
29423.738599,2696792728,2696793336,9267,608
29423.750617,2696796600,2696797213,8900,613
29423.762654,2696800524,2696801108,9185,584
29423.774666,2696804439,2696805041,9196,602
29423.786687,2696808353,2696808956,8891,603
29423.798719,2696812408,2696812991,11980,583
29423.810736,2696816297,2696816902,9283,605
29423.822754,2696820171,2696820778,8893,607
29423.834790,2696824093,2696824698,9227,605
29423.846801,2696828006,2696828615,9245,609
29423.858824,2696831876,2696832484,8870,608
29423.870859,2696835822,2696836436,9234,614
29423.921949,2696851970,2696852583,11841,613
29423.933980,2696855913,2696856497,9178,584
29423.945994,2696859805,2696860407,9237,602
29423.958012,2696863658,2696864260,8828,602
29423.970046,2696867549,2696868159,9199,610
29423.982063,2696871517,2696872127,9245,610
29423.994082,2696875385,2696875985,8895,600
29424.006114,2696879304,2696879919,9260,615
29424.018134,2696883256,2696883860,9260,604
29424.030149,2696887118,2696887731,8872,613
29424.042181,2696891036,2696891646,9216,610
29424.054199,2696895135,2696895749,9269,614
29424.066222,2696899194,2696899805,11983,611
29424.078250,2696903115,2696903735,9162,620
29424.088768,2696906760,2696907375,11989,615
29424.109810,2696913664,2696914279,12087,615
29424.142868,2696924323,2696924936,11834,613
29424.154900,2696928433,2696929043,12101,610
29424.166912,2696932348,2696932957,9257,609
29424.178930,2696936219,2696936827,8863,608
29424.190964,2696940317,2696940922,12083,605
29424.202978,2696944386,2696944994,12044,608
29424.215004,2696948434,2696949049,11990,615
29424.227038,2696952546,2696953127,11967,581
29424.239051,2696956645,2696957258,12084,613
29424.251073,2696960729,2696961337,11840,608
29424.261591,2696964289,2696964903,9209,614
29424.279625,2696970245,2696970847,9211,602
29424.290152,2696973661,2696974265,9184,604
29424.302168,2696977740,2696978345,12013,605
29424.314194,2696981768,2696982388,11991,620
29424.326226,2696985685,2696986269,9216,584
29424.338243,2696989594,2696990203,9222,609
29424.350258,2696993464,2696994071,8917,607
29424.362289,2696997387,2696998007,9216,620
29424.374310,2697001350,2697001959,9269,609
29424.386328,2697005238,2697005851,8900,613
29424.398362,2697009161,2697009744,9189,583
29424.410380,2697013088,2697013690,9253,602
29424.422395,2697016959,2697017562,8832,603
29424.434433,2697020931,2697021514,9177,583
29424.446447,2697024852,2697025462,9266,610
29424.458465,2697028735,2697029348,8874,613
29424.470497,2697032644,2697033259,9262,615
29424.482517,2697036615,2697037225,9293,610
29424.494532,2697040488,2697041106,8891,618
29424.506567,2697044446,2697045055,9259,609
29424.518580,2697048531,2697049138,12060,607
29424.530604,2697052563,2697053178,11985,615
29424.542634,2697056499,2697057083,9215,584
29424.554656,2697060470,2697061091,9246,621
29424.566675,2697064624,2697065239,11995,615
29424.578703,2697068623,2697069244,8940,621
29424.590726,2697072644,2697073265,9247,621
29424.602745,2697076658,2697077279,9011,621
29424.614771,2697080676,2697081297,8867,621
29424.626787,2697084769,2697085370,12063,601
29424.638812,2697088810,2697089418,11840,608
29424.650842,2697092765,2697093381,9247,616
29424.662855,2697096685,2697097299,9224,614
29424.674873,2697100550,2697101168,8820,618
29424.686908,2697104522,2697105127,9219,605
29424.698923,2697108472,2697109083,9247,611
29424.710947,2697112532,2697113144,11841,612
29424.722976,2697116648,2697117264,12097,616
29424.734991,2697120710,2697121324,12054,614
29424.747013,2697124826,2697125436,11974,610
29424.759044,2697128801,2697129384,9209,583
29424.771062,2697132917,2697133524,12054,607
29424.783086,2697137029,2697137636,11840,607
29424.795114,2697141247,2697141863,12069,616
29424.807131,2697145386,2697145993,12079,607
29424.819149,2697149323,2697149925,8891,602
29424.831183,2697153432,2697154047,12072,615
29424.843198,2697157361,2697157962,9239,601
29424.855225,2697161354,2697161967,11844,613
29424.867253,2697165439,2697166043,12074,604
29424.879269,2697169458,2697170072,12084,614
29424.891290,2697173507,2697174115,11849,608
29424.903319,2697177451,2697178065,9268,614
29424.915338,2697181385,2697181996,9275,611
29424.927360,2697185398,2697186010,11882,612
29424.937881,2697188879,2697189483,9275,604
29424.970946,2697199504,2697200114,12083,610
29424.982965,2697203475,2697204080,9248,605
29425.040076,2697221552,2697222165,11851,613
29425.082155,2697234851,2697235466,9293,615
29425.094173,2697238739,2697239351,8881,612
29425.106205,2697242680,2697243295,9241,615
29425.118222,2697246789,2697247404,12016,615
29425.130246,2697250843,2697251458,11985,615
29425.142277,2697254784,2697255367,9189,583
29425.154295,2697258711,2697259320,9280,609
29425.166309,2697262575,2697263183,8860,608
29425.178341,2697266495,2697267105,9160,610
29425.190358,2697270593,2697271197,12027,604
29425.202380,2697274467,2697275075,8875,608
29425.214413,2697278504,2697279089,11970,585
29425.226431,2697282441,2697283058,9258,617
29425.238448,2697286316,2697286934,8878,618
29425.250483,2697290243,2697290859,9197,616
29425.262500,2697294205,2697294815,9263,610
29425.274515,2697298082,2697298695,8876,613
29425.286550,2697302030,2697302639,9215,609
29425.298567,2697306005,2697306619,9238,614
29425.310585,2697309887,2697310499,8864,612
29425.322623,2697313846,2697314430,9249,584
29425.334633,2697317890,2697318498,12084,608
29425.346657,2697321939,2697322559,12022,620
29425.358685,2697325873,2697326476,9208,603
29425.370703,2697329797,2697330405,9209,608
29425.382720,2697333678,2697334296,8862,618
29425.394756,2697337622,2697338236,9255,614
29425.406769,2697341545,2697342154,9207,609
29425.418791,2697345422,2697346035,8883,613
29425.430825,2697349377,2697349992,9256,615
29425.442836,2697353321,2697353920,9244,599
29425.454856,2697357198,2697357811,8864,613
29425.466892,2697361132,2697361742,9221,610
29425.478906,2697365081,2697365695,9251,614
29425.490927,2697368953,2697369560,8924,607
29425.502961,2697372923,2697373532,9259,609
29425.514978,2697376874,2697377484,9264,610
29425.527000,2697380863,2697381480,11845,617
29425.539028,2697385039,2697385622,11940,583
29425.551046,2697389170,2697389784,12078,614
29425.563068,2697393341,2697393945,12001,604
29425.575100,2697397538,2697398121,11968,583
29425.587115,2697401708,2697402310,12082,602
29425.599136,2697405777,2697406384,11841,607
29425.611163,2697409919,2697410534,12083,615
29425.623182,2697413949,2697414564,9245,615
29425.671269,2697429061,2697429668,8875,607
29425.683304,2697433132,2697433747,12070,615
29425.695320,2697437176,2697437795,12080,619
29425.707345,2697441318,2697441936,11819,618
29425.717868,2697444822,2697445287,7394,465
29425.729890,2697448611,2697449081,7581,470
29425.741918,2697452405,2697452987,9179,582
29425.753934,2697456349,2697456964,9266,615
29425.765952,2697460233,2697460846,8846,613
29425.777986,2697464129,2697464734,9244,605
29425.790002,2697468090,2697468704,9227,614
29425.802019,2697471971,2697472579,8880,608
29425.814053,2697475867,2697476472,9217,605
29425.826071,2697479842,2697480455,9231,613
29425.838089,2697483712,2697484325,8918,613
29425.850117,2697487774,2697488388,12061,614
29425.862139,2697491872,2697492487,12055,615
29425.874158,2697495743,2697496345,8893,602
29425.886195,2697499621,2697500205,9213,584
29425.898210,2697503555,2697504165,9281,610
29425.910224,2697507437,2697508045,8793,608
29425.922260,2697511352,2697511936,9217,584
29425.934272,2697515397,2697516006,12037,609
29425.946298,2697519442,2697520057,11991,615
29425.958330,2697523359,2697523942,9169,583
29425.970347,2697527296,2697527901,9256,605
29425.982365,2697531333,2697531953,11986,620
29426.062021,2697556432,2697557047,12070,615
29426.074044,2697560381,2697560991,9257,610
29426.086059,2697564248,2697564860,8873,612
29426.098097,2697568130,2697568714,9156,584
29426.110109,2697572322,2697572938,12017,616
29426.122128,2697576237,2697576845,8883,608
29426.134160,2697580263,2697580873,12080,610
29426.146179,2697584347,2697584962,12064,615
29426.158198,2697588230,2697588837,8841,607
29426.170232,2697592153,2697592738,9205,585
29426.182250,2697596089,2697596698,9292,609
29426.194264,2697599956,2697600569,8862,613
29426.206298,2697603855,2697604465,9186,610
29426.218317,2697607831,2697608441,9238,610
29426.230335,2697611704,2697612306,8855,602
29426.242369,2697615596,2697616208,9173,612
29426.254387,2697619558,2697620168,9280,610
29426.266404,2697623648,2697624250,11804,602
29426.278434,2697627730,2697628340,12118,610
29426.290455,2697631689,2697632304,9277,615
29426.302470,2697635569,2697636172,8834,603
29426.314503,2697639496,2697640111,9194,615
29426.326524,2697643464,2697644078,9268,614
29426.338537,2697647384,2697647987,8846,603
29426.350573,2697651427,2697652011,11989,584
29426.362587,2697655466,2697656075,12054,609
29426.374609,2697659344,2697659945,8890,601
29426.386644,2697663292,2697663907,9249,615
29426.398658,2697667220,2697667829,9228,609
29426.410676,2697671092,2697671705,8842,613
29426.422714,2697675067,2697675651,9205,584
29426.434723,2697678957,2697679566,9260,609
29426.446746,2697682825,2697683443,8793,618
29426.458781,2697686765,2697687384,9257,619
29426.470793,2697690693,2697691312,9231,619
29426.482820,2697694729,2697695342,11842,613
29426.494850,2697698648,2697699264,9246,616
29426.506862,2697702610,2697703229,9267,619
29426.518880,2697706512,2697707120,8886,608
29426.530915,2697710460,2697711070,9261,610
29426.542929,2697714378,2697714990,9209,612
29426.554950,2697718257,2697718870,8878,613
29426.566983,2697722335,2697722919,11939,584
29426.579001,2697726348,2697726955,12079,607
29426.591022,2697730353,2697730955,11837,602
29426.603050,2697734462,2697735082,12085,620
29426.615068,2697738629,2697739243,12056,614
29426.627086,2697742680,2697743293,8859,613
29426.639118,2697746915,2697747499,11941,584
29426.651135,2697750898,2697751501,9236,603
29426.663156,2697754820,2697755433,8856,613
29426.675189,2697758922,2697759534,12073,612
29426.687207,2697762974,2697763593,12082,619
29426.699228,2697767036,2697767649,11856,613
29426.711256,2697771130,2697771745,12069,615
29426.723271,2697775225,2697775839,9214,614
29426.735293,2697779095,2697779702,8837,607
29426.747329,2697783044,2697783628,9224,584
29426.759343,2697787029,2697787636,12089,607
29426.769875,2697790445,2697791029,9251,584
29426.781884,2697794341,2697794948,9171,607
29426.793907,2697798220,2697798833,8808,613
29426.805945,2697802136,2697802719,9198,583
29426.817959,2697806081,2697806690,9290,609
29426.829974,2697809981,2697810594,8923,613
29426.842011,2697813873,2697814456,9214,583
29426.854026,2697817817,2697818432,9263,615
29426.866043,2697821828,2697822441,11832,613
29426.878078,2697825788,2697826372,11996,584
29426.890096,2697829719,2697830334,9287,615
29426.902111,2697833594,2697834207,8772,613
29426.914149,2697837489,2697838072,9256,583
29426.926160,2697841678,2697842289,12019,611
29426.938181,2697845580,2697846193,8868,613
29426.950212,2697849643,2697850259,12082,616
29426.962231,2697853747,2697854352,12080,605
29426.974250,2697857669,2697858275,8875,606
29426.986280,2697861735,2697862318,11954,583
29426.998300,2697865658,2697866263,9298,605
29427.010318,2697869549,2697870157,8872,608
29427.022352,2697873452,2697874062,9230,610
29427.034370,2697877419,2697878024,9313,605
29427.046385,2697881304,2697881917,8903,613
29427.058420,2697885213,2697885796,9177,583
29427.070437,2697889151,2697889755,9264,604
29427.082457,2697893177,2697893780,11839,603
29427.094483,2697897215,2697897830,12068,615
29427.106505,2697901341,2697901955,12074,614
29427.118524,2697905230,2697905837,8909,607
29427.130554,2697909156,2697909765,9250,609
29427.142574,2697913108,2697913724,9272,616
29427.154591,2697917009,2697917617,8901,608
29427.166624,2697921096,2697921701,12087,605
29427.178639,2697925171,2697925775,12040,604
29427.190659,2697929033,2697929638,8859,605
29427.202694,2697932985,2697933606,9267,621
29427.214708,2697936917,2697937536,9274,619
29427.226730,2697940799,2697941412,8884,613
29427.238768,2697944748,2697945332,9197,584
29427.250781,2697948677,2697949292,9292,615
29427.262796,2697952538,2697953141,8877,603
29427.274833,2697956474,2697957057,9233,583
29427.286846,2697960521,2697961129,12064,608
29427.298870,2697964575,2697965188,11840,613
29427.310895,2697968665,2697969275,12065,610
29427.322914,2697972592,2697973194,9254,602
29427.334932,2697976470,2697977083,8838,613
29427.346970,2697980423,2697981006,9217,583
29427.358981,2697984323,2697984928,9240,605
29427.371002,2697988224,2697988837,8866,613
29427.383040,2697992346,2697992931,11972,585
29427.395053,2697996460,2697997074,12087,614
29427.407074,2698000560,2698001166,11840,606
29427.419103,2698004710,2698005331,12112,621
29427.431118,2698008771,2698009378,9233,607
29427.443143,2698012865,2698013483,11843,618
29427.455171,2698017033,2698017643,12070,610
29427.467186,2698020987,2698021596,9204,609
29427.479208,2698024855,2698025468,8866,613
29427.491243,2698028930,2698029549,12074,619
29427.503258,2698033138,2698033745,12099,607
29427.515280,2698037140,2698037753,11822,613
29427.527308,2698041242,2698041852,12083,610
29427.539323,2698045316,2698045919,9225,603
29427.551347,2698049190,2698049798,8903,608
29427.621992,2698071448,2698072032,11975,584
29427.686606,2698091906,2698092519,11837,613
29427.698637,2698096017,2698096621,12090,604
29427.710651,2698100089,2698100697,12097,608
29427.722673,2698103959,2698104572,8875,613
29427.734709,2698107870,2698108489,9182,619
29427.746724,2698111848,2698112453,9263,605
29427.758739,2698115703,2698116311,8840,608
29427.770778,2698119643,2698120228,9242,585
29427.782789,2698123686,2698124305,12058,619
29427.794811,2698127738,2698128353,11987,615
29427.806843,2698131709,2698132313,9265,604
29427.818856,2698135640,2698136243,9224,603
29427.830877,2698139503,2698140116,8846,613
29427.842912,2698143426,2698144041,9239,615
29427.854926,2698147352,2698147960,9215,608
29427.866942,2698151231,2698151844,8892,613
29427.878975,2698155145,2698155760,9210,615
29427.890993,2698159081,2698159688,9221,607
29427.903018,2698163082,2698163690,11843,608
29427.915050,2698167192,2698167813,12114,621
29427.927063,2698171367,2698171986,12054,619
29427.939088,2698175511,2698176124,11819,613
29427.951117,2698179629,2698180250,9199,621
29427.963134,2698183745,2698184355,9287,610
29427.975156,2698187782,2698188401,11853,619
29427.987185,2698191907,2698192528,12075,621
29427.999201,2698195920,2698196529,12090,609
29428.011225,2698199942,2698200551,12013,609
29428.023254,2698204036,2698204619,11984,583
29428.035268,2698208038,2698208652,12055,614
29428.047293,2698212043,2698212651,11821,608
29428.059323,2698216132,2698216747,12070,615
29428.071337,2698220163,2698220776,12065,613
29428.081872,2698223582,2698224022,7499,440
29428.093886,2698227358,2698227826,7396,468
29428.105900,2698231090,2698231703,8845,613
29428.117936,2698235022,2698235605,9206,583
29428.129953,2698238958,2698239573,9303,615
29428.141970,2698242858,2698243460,8877,602
29428.154006,2698246780,2698247365,9219,585
29428.166020,2698250740,2698251355,12022,615
29428.178038,2698254692,2698255305,11804,613
29428.190075,2698258578,2698259161,9234,583
29428.202089,2698262494,2698263104,9250,610
29428.214108,2698266349,2698266957,8882,608
29428.226141,2698270243,2698270863,9201,620
29428.238157,2698274201,2698274816,9273,615
29428.346361,2698308258,2698308873,12047,615
29428.358382,2698312173,2698312782,8903,609
29428.370414,2698316091,2698316710,9243,619
29428.382434,2698320067,2698320671,9278,604
29428.394452,2698324102,2698324707,11985,605
29428.406484,2698328026,2698328609,9198,583
29428.418496,2698331925,2698332533,9221,608
29428.430519,2698335794,2698336402,8839,608
29428.442552,2698339696,2698340311,9196,615
29428.454571,2698343688,2698344303,9267,615
29428.466586,2698347556,2698348164,8863,608
29428.478618,2698351465,2698352074,9221,609
29428.490638,2698355419,2698356038,9243,619
29428.502656,2698359297,2698359910,8883,613
29428.514688,2698363380,2698363984,12071,604
29428.526704,2698367445,2698368054,12095,609
29428.538723,2698371302,2698371915,8852,613
29428.550760,2698375235,2698375818,9237,583
29428.562774,2698379158,2698379763,9264,605
29428.574793,2698383030,2698383643,8881,613
29428.586828,2698386974,2698387584,9210,610
29428.598842,2698391044,2698391657,12086,613
29428.610864,2698395087,2698395702,11996,615
29428.622896,2698399025,2698399639,9260,614
29428.634909,2698402957,2698403570,9209,613
29428.646927,2698406827,2698407440,8851,613
29428.658962,2698410779,2698411394,9227,615
29428.670976,2698414728,2698415331,9282,603
29428.682997,2698418592,2698419193,8911,601
29428.695034,2698422538,2698423122,9250,584
29428.707049,2698426645,2698427256,12096,611
29428.719071,2698430720,2698431328,11821,608
29428.731101,2698434924,2698435508,11969,584
29428.743115,2698439085,2698439699,12055,614
29428.755140,2698443163,2698443764,11842,601
29428.767168,2698447369,2698447983,12084,614
29428.779186,2698451368,2698451983,9265,615
29428.791209,2698455421,2698456034,11843,613
29428.803236,2698459527,2698460141,12072,614
29428.815251,2698463545,2698464153,12064,608
29428.827278,2698467571,2698468191,12014,620
29428.839308,2698471649,2698472231,11968,582
29428.851320,2698475651,2698476264,12053,613
29428.863347,2698479660,2698480263,11810,603
29428.873869,2698483111,2698483724,9259,613
29428.885884,2698486997,2698487599,8830,602
29428.897925,2698490899,2698491338,7442,439
29428.909938,2698494712,2698495321,12074,609
29428.921952,2698498611,2698499219,8854,608
29428.933987,2698502533,2698503117,9210,584
29428.946005,2698506482,2698507092,9316,610
29428.958023,2698510391,2698511005,8884,614
29428.970055,2698514322,2698514932,9208,610
29428.982071,2698518367,2698518972,12022,605
29428.998601,2698523829,2698524437,11836,608
29429.010630,2698527896,2698528480,12006,584
29429.022649,2698531814,2698532422,9261,608
29429.034667,2698535676,2698536289,8856,613
29429.046704,2698539606,2698540189,9212,583
29429.058717,2698543500,2698544113,9192,613
29429.070735,2698547363,2698547971,8922,608
29429.082769,2698551291,2698551905,9242,614
29429.094787,2698555235,2698555850,9276,615
29429.106805,2698559106,2698559723,8865,617
29429.118840,2698563070,2698563685,9241,615
29429.130854,2698567138,2698567746,12109,608
29429.142876,2698571194,2698571798,11981,604
29429.154906,2698575137,2698575721,9221,584
29429.166920,2698579069,2698579673,9270,604
29429.178939,2698582940,2698583548,8857,608
29429.190976,2698586857,2698587441,9213,584
29429.202988,2698590738,2698591352,9249,614
29429.215013,2698594788,2698595391,11835,603
29429.227041,2698598867,2698599451,11979,584
29429.239059,2698602957,2698603564,12061,607
29429.251085,2698607064,2698607666,11841,602
29429.263113,2698611226,2698611835,12127,609
29429.275128,2698615382,2698615990,12083,608
29429.287150,2698619483,2698620091,11820,608
29429.299177,2698623496,2698624116,9178,620
29429.311194,2698627480,2698628090,9277,610
29429.323215,2698631351,2698631963,8876,612
29429.335250,2698635430,2698636040,12079,610
29429.347265,2698639450,2698640063,12083,613
29429.359287,2698643488,2698644097,11998,609
29429.371317,2698647634,2698648244,12082,610
29429.383332,2698651779,2698652387,12055,608
29429.395357,2698655796,2698656404,11820,608
29429.405878,2698659245,2698659851,9203,606
29429.417895,2698663123,2698663731,8861,608
29429.429933,2698667023,2698667607,9220,584
29429.441944,2698670908,2698671522,9206,614
29429.453966,2698674783,2698675401,8878,618
29429.466003,2698678682,2698679267,9195,585
29429.478018,2698682618,2698683228,9221,610
29429.490032,2698686503,2698687115,8868,612
29429.502069,2698690443,2698691027,9235,584
29429.514081,2698694494,2698695114,12017,620
29429.526106,2698698505,2698699115,11989,610
29429.538138,2698702431,2698703015,9225,584
29429.550155,2698706368,2698706978,9242,610
29429.562169,2698710219,2698710827,8803,608
29429.574204,2698714279,2698714901,9260,622
29429.586220,2698718451,2698719066,12015,615
29429.598238,2698722400,2698723018,8876,618
29429.610268,2698726481,2698727095,12082,614
29429.622290,2698730497,2698731105,9289,608
29429.634309,2698734387,2698735005,8846,618
29429.646343,2698738328,2698738938,9236,610
29429.658359,2698742284,2698742894,9237,610
29429.670375,2698746162,2698746775,8809,613
29429.682408,2698750034,2698750638,9246,604
29429.694427,2698753981,2698754590,9257,609
29429.706446,2698757844,2698758455,8913,611
29429.718481,2698761781,2698762365,9200,584
29429.730496,2698765838,2698766443,12042,605
29429.742515,2698769876,2698770491,11984,615
29429.754543,2698773787,2698774396,9154,609
29429.766561,2698777743,2698778352,9218,609
29429.778588,2698781687,2698782291,8968,604
29429.790615,2698785613,2698786229,9217,616
29429.802634,2698789584,2698790188,9253,604
29429.814650,2698793483,2698794084,8900,601
29429.826682,2698797571,2698798155,11962,584
29429.838698,2698801475,2698802076,9259,601
29429.850720,2698805331,2698805934,8858,603
29429.862755,2698809228,2698809832,9286,604
29429.874768,2698813153,2698813762,9226,609
29429.886787,2698817021,2698817640,8878,619
29429.898822,2698820968,2698821577,9270,609
29429.910837,2698824930,2698825538,9249,608
29429.922856,2698828807,2698829419,8874,612
29429.934893,2698832778,2698833363,9262,585
29429.946906,2698836811,2698837419,12078,608
29429.958928,2698840833,2698841448,11975,615
29429.970959,2698844923,2698845539,12099,616
29429.982975,2698848899,2698849514,9246,615
29430.022045,2698861283,2698861884,11807,601
29430.034079,2698865203,2698865787,9182,584
29430.046096,2698869123,2698869733,9237,610
29430.058114,2698872992,2698873599,8850,607
29430.070145,2698876909,2698877514,9213,605
29430.082164,2698880845,2698881454,9260,609
29430.149789,2698902093,2698902707,9233,614
29430.182859,2698912733,2698913338,12102,605
29430.194878,2698916694,2698917298,9264,604
29430.206893,2698920553,2698921162,8856,609
29430.218929,2698924504,2698925124,9291,620
29430.230944,2698928565,2698929179,12064,614
29430.242967,2698932609,2698933224,11989,615
29430.254998,2698936554,2698937162,9285,608
29430.267013,2698940616,2698941218,12051,602
29430.279038,2698944650,2698945252,11824,602
29430.291067,2698948782,2698949397,12086,615
29430.303082,2698952958,2698953561,12068,603
29430.315101,2698956891,2698957504,8824,613
29430.327135,2698960855,2698961470,9243,615
29430.339152,2698964952,2698965564,12083,612
29430.351170,2698968964,2698969577,8899,613
29430.363207,2698973064,2698973647,11971,583
29430.375220,2698977087,2698977705,12081,618
29430.387244,2698981097,2698981704,11844,607
29430.399272,2698985253,2698985863,12073,610
29430.411291,2698989311,2698989921,12054,610
29430.423312,2698993344,2698993963,11846,619
29430.435341,2698997441,2698998057,12095,616
29430.445850,2699000870,2699001478,8850,608
29430.457882,2699004764,2699005374,9228,610
29430.469899,2699008693,2699009295,9213,602
29430.481921,2699012565,2699013178,8901,613
29430.493956,2699016485,2699017068,9162,583
29430.505973,2699020407,2699021016,9301,609
29430.517987,2699024299,2699024912,8846,613
29430.530021,2699028253,2699028837,11972,584
29430.542042,2699032210,2699032825,12111,615
29430.554056,2699036082,2699036695,8879,613
29430.566091,2699040004,2699040587,9190,583
29430.578105,2699043910,2699044520,9267,610
29430.590127,2699047782,2699048395,8833,613
29430.602161,2699051728,2699052318,9254,590
29430.614178,2699055659,2699056263,9206,604
29430.626194,2699059717,2699060327,11966,610
29430.638225,2699063654,2699064256,9207,602
29430.650245,2699067633,2699068238,9236,605
29430.662262,2699071485,2699072097,8859,612
29430.674295,2699075388,2699076004,9214,616
29430.686314,2699079339,2699079954,9220,615
29430.698333,2699083205,2699083818,8859,613
29430.710367,2699087139,2699087723,9182,584
29430.722384,2699091048,2699091662,9249,614
29430.734399,2699094967,2699095585,8811,618
29430.746435,2699099011,2699099595,11997,584
29430.758454,2699103072,2699103682,12070,610
29430.770467,2699106946,2699107549,8882,603
29430.782503,2699110870,2699111453,9202,583
29430.794519,2699114787,2699115397,9263,610
29430.806538,2699118734,2699119351,8877,617
29430.818569,2699122651,2699123261,9182,610
29430.830589,2699126628,2699127237,9301,609
29430.842611,2699130534,2699131149,8965,615
29430.854639,2699134429,2699135011,9174,582
29430.866657,2699138358,2699138968,9245,610
29430.878675,2699142217,2699142825,8884,608
29430.890708,2699146119,2699146740,9142,621
29430.902723,2699150069,2699150683,9219,614
29430.914741,2699153935,2699154553,8859,618
29430.926776,2699157885,2699158489,9242,604
29430.938791,2699161796,2699162414,9255,618
29430.950811,2699165744,2699166353,8845,609
29430.962843,2699169812,2699170395,11941,583
29430.974859,2699173866,2699174480,12052,614
29430.986876,2699177750,2699178363,8842,613
29430.998912,2699181702,2699182322,9240,620
29431.010926,2699185643,2699186256,9201,613
29431.022947,2699189516,2699190124,8863,608
29431.034985,2699193482,2699194066,9293,584
29431.046994,2699197388,2699197997,9224,609
29431.059020,2699201413,2699202028,12008,615
29431.071049,2699205536,2699206113,11969,577
29431.083067,2699209662,2699210270,12078,608
29431.095090,2699213746,2699214348,11859,602
29431.107118,2699217892,2699218502,12070,610
29431.119133,2699221984,2699222592,12059,608
29431.131151,2699225846,2699226454,8849,608
29431.143186,2699229895,2699230505,9230,610
29431.155202,2699233962,2699234574,12052,612
29431.167228,2699237975,2699238583,11817,608
29431.179258,2699242077,2699242660,11970,583
29431.191272,2699246107,2699246720,12079,613
29431.203295,2699250099,2699250702,11885,603
29431.215322,2699254204,2699254787,11961,583
29431.227339,2699258202,2699258810,12052,608
29431.237873,2699261606,2699262188,9253,582
29431.249884,2699265502,2699266106,9182,604
29431.261909,2699269416,2699269874,7540,458
29431.273935,2699273145,2699273760,9185,615
29431.285957,2699277127,2699277732,9242,605
29431.297970,2699281014,2699281627,8858,613
29431.310006,2699284944,2699285528,9167,584
29431.322023,2699288877,2699289491,9254,614
29431.334041,2699292746,2699293354,8828,608
29431.346075,2699296711,2699297294,11989,583
29431.358092,2699300741,2699301346,12077,605
29431.370108,2699304633,2699305235,8882,602
29431.382144,2699308548,2699309134,9148,586
29431.394157,2699312445,2699313048,9154,603
29431.406175,2699316336,2699316947,8812,611
29431.418212,2699320263,2699320847,9223,584
29431.430228,2699324188,2699324803,9208,615
29431.442251,2699328093,2699328697,8992,604
29431.454277,2699331992,2699332604,9178,612
29431.466299,2699335932,2699336537,9263,605
29431.478314,2699339801,2699340414,8876,613
29431.490345,2699343717,2699344326,9157,609
29431.502365,2699347676,2699348291,9231,615
29431.514384,2699351551,2699352164,8859,613
29431.526418,2699355454,2699356038,9178,584
29431.538436,2699359369,2699359989,9283,620
29431.550451,2699363241,2699363843,8864,602
29431.562485,2699367286,2699367895,12127,609
29431.574502,2699371398,2699372008,12056,610
29431.586521,2699375268,2699375870,8874,602
29431.598556,2699379189,2699379773,9236,584
29431.610572,2699383107,2699383716,9190,609
29431.622594,2699386992,2699387613,8975,621
29431.634624,2699390928,2699391511,9211,583
29431.646640,2699394843,2699395453,9251,610
29431.658664,2699398749,2699399354,8990,605
29431.670690,2699402665,2699403273,9213,608
29431.682710,2699406622,2699407232,9269,610
29431.694724,2699410495,2699411103,8832,608
29431.706760,2699414427,2699415048,9240,621
29431.718773,2699418368,2699418981,9260,613
29431.730795,2699422232,2699422839,8916,607
29431.742832,2699426120,2699426704,9280,584
29431.754842,2699430027,2699430634,9253,607
29431.766859,2699433921,2699434529,8881,608
29431.778896,2699437999,2699438614,12076,615
29431.790908,2699442089,2699442703,12040,614
29431.802931,2699445950,2699446558,8865,608
29431.814963,2699449862,2699450472,9195,610
29431.826979,2699453806,2699454413,9219,607
29431.839005,2699457806,2699458424,11840,618
29431.851034,2699461925,2699462508,11944,583
29431.863048,2699465904,2699466512,9268,608
29431.875066,2699469879,2699470487,8835,608
29431.887101,2699474029,2699474611,11946,582
29431.899117,2699478150,2699478764,12052,614
29431.911142,2699482192,2699482795,11868,603
29431.923170,2699486260,2699486864,12114,604
29431.935187,2699490384,2699490997,12089,613
29431.947205,2699494261,2699494869,8872,608
29431.959242,2699498229,2699498813,9158,584
29431.971255,2699502260,2699502873,12078,613
29432.007323,2699513771,2699514373,12053,602
29432.019347,2699517783,2699518391,11842,608
29432.029870,2699521259,2699521864,9263,605
29432.041885,2699525144,2699525752,8827,608
29432.053922,2699529048,2699529628,9255,580
29432.065938,2699532982,2699533592,9287,610
29432.077955,2699536878,2699537480,11827,602
29432.089985,2699540795,2699541411,12094,616
29432.102006,2699544749,2699545354,9271,605
29432.114023,2699548656,2699549269,8870,613
29432.126062,2699552536,2699553120,9223,584
29432.138075,2699556450,2699557065,9254,615
29432.150091,2699560343,2699560944,8817,601
29432.162127,2699564335,2699564919,11999,584
29432.174146,2699568362,2699568972,12074,610
29432.186159,2699572260,2699572862,8910,602
29432.198195,2699576183,2699576767,9170,584
29432.210209,2699580072,2699580674,9201,602
29432.222228,2699583945,2699584558,8838,613
29432.234261,2699587885,2699588495,9188,610
29432.246282,2699591850,2699592455,9228,605
29432.258296,2699595724,2699596337,8818,613
29432.270335,2699599613,2699600194,9210,581
29432.282349,2699603541,2699604156,9237,615
29432.294366,2699607565,2699608173,11823,608
29432.306396,2699611437,2699612052,9199,615
29432.318418,2699615386,2699616001,9290,615
29432.330436,2699619250,2699619868,8881,618
29432.342467,2699623177,2699623792,9181,615
29432.354487,2699627126,2699627734,9225,608
29432.366503,2699630993,2699631606,8900,613
29432.378536,2699635054,2699635663,12112,609
29432.390550,2699639131,2699639734,12055,603
29432.402573,2699642992,2699643599,8888,607
29432.414604,2699646912,2699647527,9230,615
29432.426624,2699650854,2699651464,9228,610
29432.438639,2699654710,2699655323,8859,613
29432.450672,2699658639,2699659259,9246,620
29432.462692,2699662603,2699663218,9273,615
29432.474716,2699666506,2699667121,8953,615
29432.486742,2699670446,2699671058,9230,612
29432.498758,2699674375,2699674984,9247,609
29432.510782,2699678372,2699678980,11838,608
29432.522809,2699682252,2699682872,9170,620
29432.534824,2699686182,2699686791,9233,609
29432.546843,2699690033,2699690641,8887,608
29432.567895,2699697164,2699697774,12016,610
29432.582919,2699702089,2699702694,8984,605
29432.594947,2699706190,2699706800,12062,610
29432.606971,2699710290,2699710905,12098,615
29432.618989,2699714267,2699714876,9008,609
29432.631016,2699718234,2699718844,8950,610
29432.643040,2699722255,2699722876,9265,621
29432.655058,2699726465,2699727085,12012,620
29432.667086,2699730661,2699731270,12040,609
29432.679107,2699734758,2699735363,9209,605
29432.691126,2699738782,2699739386,8958,604
29432.703153,2699742946,2699743564,12053,618
29432.715177,2699747122,2699747731,12087,609
29432.727197,2699751281,2699751891,12008,610
29432.739223,2699755387,2699755992,12079,605
29432.751244,2699759486,2699760103,12070,617
29432.763263,2699763455,2699764076,8965,621
29432.775290,2699767413,2699768034,8889,621
29432.787316,2699771513,2699772127,12093,614
29432.799332,2699775595,2699776216,12009,621
29432.811361,2699779689,2699780303,12041,614
29432.821876,2699783179,2699783789,8969,610
29432.833904,2699787162,2699787777,8912,615
29432.845929,2699791142,2699791756,9216,614
29432.857946,2699795120,2699795730,8965,610
29432.869973,2699799074,2699799688,9001,614
29432.881997,2699803037,2699803642,9242,605
29432.894011,2699807041,2699807651,11976,610
29432.906041,2699811107,2699811722,12037,615
29432.918064,2699815082,2699815703,9237,621
29432.930081,2699819061,2699819665,8953,604
29432.942110,2699823034,2699823650,8973,616
29432.954134,2699827009,2699827619,9255,610
29432.966152,2699830978,2699831588,8970,610
29432.978177,2699835075,2699835684,12045,609
29432.994708,2699840617,2699841227,12066,610
29433.006724,2699844715,2699845319,11987,604
29433.018755,2699848682,2699849302,8926,620
29433.030779,2699852661,2699853271,9240,610
29433.042795,2699856646,2699857261,8965,615
29433.054823,2699860605,2699861220,8866,615
29433.066848,2699864678,2699865294,9207,616
29433.093899,2699873459,2699874063,12088,604
29433.105914,2699877460,2699878070,11977,610
29433.117944,2699881446,2699882063,12037,617
29433.129965,2699885430,2699886044,9241,614
29433.158519,2699894802,2699895422,12036,620
29433.170545,2699898772,2699899387,9274,615
29433.182563,2699902746,2699903361,8929,615
29433.194589,2699906739,2699907353,8868,614
29433.206613,2699910873,2699911488,12104,615
29433.218631,2699914864,2699915472,8936,608
29433.230658,2699918821,2699919431,8928,610
29433.242682,2699922791,2699923401,9216,610
29433.254698,2699926761,2699927371,8957,610
29433.266725,2699930715,2699931330,8933,615
29433.278748,2699934842,2699935453,12101,611
29433.290766,2699938814,2699939424,8983,610
29433.302793,2699942789,2699943402,8893,613
29433.314816,2699946757,2699947367,9230,610
29433.326833,2699950868,2699951479,12000,611
29433.338862,2699954972,2699955588,12035,616
29433.350883,2699958928,2699959542,9246,614
29433.362902,2699962918,2699963532,8975,614
29433.374930,2699966875,2699967491,8929,616
29433.386953,2699970855,2699971471,9221,616
29433.398971,2699974822,2699975426,8949,604
29433.411000,2699978911,2699979521,11981,610
29433.438049,2699987811,2699988427,12051,616
29433.454582,2699993262,2699993876,9202,614
29433.466602,2699997230,2699997840,8981,610
29433.478629,2700001184,2700001794,8966,610
29433.490653,2700005139,2700005760,9204,621
29433.502672,2700009120,2700009727,8989,607
29433.514698,2700013088,2700013703,8968,615
29433.526722,2700017998,2700018632,12945,634
29433.538737,2700027709,2700028860,16348,1151
29433.550767,2700035961,2700036776,13909,815
29433.562790,2700040487,2700041092,9251,605
29433.574807,2700044452,2700045067,8989,615
29433.586834,2700048423,2700049042,8913,619
29433.606365,2700054958,2700055573,11986,615
29433.618395,2700058919,2700059522,8921,603
29433.637925,2700065416,2700066031,11984,615
29433.649956,2700069390,2700070007,8963,617
29433.661980,2700073384,2700073999,9242,615
29433.673996,2700077373,2700077989,8989,616
29433.686025,2700081362,2700081976,8943,614
29433.698049,2700085358,2700085977,9243,619
29433.710062,2700089434,2700090049,11973,615
29433.722091,2700093513,2700094134,12033,621
29433.734117,2700097493,2700098097,9261,604
29433.746131,2700101569,2700102185,11978,616
29433.758162,2700105540,2700106156,8933,616
29433.770186,2700109503,2700110118,9219,615
29433.782203,2700113499,2700114109,8915,610
29433.794229,2700117598,2700118208,12041,610
29433.806253,2700121722,2700122337,12100,615
29433.818272,2700125709,2700126317,8975,608
29433.830299,2700129690,2700130306,8949,616
29433.842323,2700133655,2700134276,9227,621
29433.854340,2700137683,2700138288,9007,605
29433.866365,2700141637,2700142252,8909,615
29433.878390,2700145588,2700146204,9245,616
29433.890407,2700149559,2700150174,8951,615
29433.902434,2700153530,2700154144,8928,614
29433.914459,2700157490,2700158101,9232,611
29433.926475,2700161631,2700162235,12050,604
29433.938503,2700165751,2700166372,12035,621
29433.949020,2700169260,2700169720,7567,460
29433.970062,2700176052,2700176667,12035,615
29433.991102,2700182887,2700183497,9243,610
29434.003120,2700187054,2700187669,12011,615
29434.015148,2700191245,2700191861,12037,616
29434.027169,2700195407,2700196017,12108,610
29434.039189,2700199506,2700200111,12009,605
29434.051217,2700203594,2700204204,12037,610
29434.063238,2700207908,2700208518,12072,610
29434.075258,2700212018,2700212639,12011,621
29434.087285,2700216145,2700216759,12041,614
29434.099308,2700220256,2700220865,12074,609
29434.111325,2700224282,2700224894,8948,612
29434.123352,2700228247,2700228863,8947,616
29434.133871,2700231744,2700232359,8985,615
29434.145896,2700235717,2700236336,8915,619
29434.157922,2700239700,2700240320,9222,620
29434.169935,2700243678,2700244289,8991,611
29434.198498,2700253055,2700253659,12079,604
29434.210515,2700257172,2700257782,12009,610
29434.222543,2700261254,2700261875,12035,621
29434.234566,2700265234,2700265843,9221,609
29434.246584,2700269193,2700269803,8960,610
29434.258611,2700273159,2700273775,8912,616
29434.270637,2700277135,2700277750,9217,615
29434.282655,2700281098,2700281702,8968,604
29434.294681,2700285068,2700285679,8904,611
29434.306706,2700289025,2700289644,9231,619
29434.318721,2700292995,2700293608,8940,613
29434.330750,2700296968,2700297584,8951,616
29434.342775,2700301106,2700301710,12084,604
29434.354788,2700305213,2700305827,11974,614
29434.366819,2700309182,2700309796,8951,614
29434.378841,2700313153,2700313774,9257,621
29434.390859,2700317140,2700317744,8944,604
29434.402886,2700321126,2700321742,8856,616
29434.414910,2700325078,2700325682,9233,604
29434.426929,2700329184,2700329799,12008,615
29434.438956,2700333295,2700333910,12039,615
29434.450977,2700337254,2700337863,9206,609
29434.462996,2700341203,2700341813,9006,610
29434.475021,2700345206,2700345822,8947,616
29434.487048,2700349390,2700350005,12087,615
29434.499064,2700353606,2700354210,12015,604
29434.511090,2700357703,2700358318,8907,615
29434.523114,2700361782,2700362392,9194,610
29434.535132,2700365977,2700366593,12014,616
29434.547160,2700370144,2700370760,12037,616
29434.559182,2700374305,2700374919,12071,614
29434.571201,2700378419,2700379030,12053,611
29434.583229,2700382521,2700383141,12041,620
29434.595251,2700386667,2700387288,8912,621
29434.607273,2700390687,2700391308,8968,621
29434.619298,2700394824,2700395439,12040,615
29434.631321,2700399007,2700399622,12040,615
29434.643344,2700403142,2700403763,12044,621
29434.653865,2700406662,2700407283,8947,621
29434.665883,2700410653,2700411269,8929,616
29434.677909,2700414785,2700415401,8900,616
29434.689933,2700418736,2700419351,9251,615
29434.701951,2700422715,2700423324,8973,609
29434.713978,2700426675,2700427296,8958,621
29434.726001,2700430662,2700431272,12076,610
29434.738016,2700434668,2700435284,11979,616
29434.750046,2700438648,2700439263,8934,615
29434.762070,2700442620,2700443233,9285,613
29434.774088,2700446601,2700447210,8955,609
29434.786115,2700450570,2700451181,8939,611
29434.798139,2700454528,2700455144,9200,616
29434.810153,2700458629,2700459244,12017,615
29434.822184,2700462732,2700463341,12042,609
29434.834206,2700466693,2700467307,9180,614
29434.846225,2700470690,2700471310,8963,620
29434.858252,2700474685,2700475295,8951,610
29434.870276,2700478700,2700479310,9240,610
29434.886801,2700484234,2700484844,8959,610
29434.898828,2700488202,2700488818,8910,616
29434.910851,2700492171,2700492781,9245,610
29434.922869,2700496132,2700496748,8967,616
29434.934895,2700500104,2700500723,8848,619
29434.946920,2700504079,2700504689,9212,610
29434.958938,2700508214,2700508818,12013,604
29434.970966,2700512342,2700512958,12036,616
29435.070154,2700544223,2700544839,12039,616
29435.082180,2700548203,2700548824,9244,621
29435.094199,2700552188,2700552798,8985,610
29435.106225,2700556146,2700556750,8940,604
29435.118249,2700560098,2700560717,9247,619
29435.130267,2700564083,2700564693,8981,610
29435.142293,2700568198,2700568803,12041,605
29435.154316,2700572305,2700572915,12102,610
29435.166335,2700576288,2700576892,8956,604
29435.178362,2700580259,2700580875,8879,616
29435.190387,2700584213,2700584828,9245,615
29435.202404,2700588168,2700588783,8937,615
29435.214431,2700592131,2700592747,8958,616
29435.226454,2700596232,2700596847,12087,615
29435.238469,2700600351,2700600966,11977,615
29435.250499,2700604313,2700604927,8940,614
29435.262524,2700608264,2700608874,9262,610
29435.274541,2700612233,2700612848,9008,615
29435.286565,2700616193,2700616808,8977,615
29435.406790,2700653933,2700654542,9266,609
29435.418809,2700657850,2700658463,8860,613
29435.430843,2700661825,2700662439,9239,614
29435.442858,2700665908,2700666520,12090,612
29435.454880,2700669968,2700670584,11998,616
29435.466910,2700673926,2700674529,9235,603
29435.478924,2700677845,2700678447,9251,602
29435.490949,2700681875,2700682480,8943,605
29435.502977,2700685821,2700686436,9221,615
29435.514991,2700689758,2700690371,9274,613
29435.527013,2700693642,2700694245,8832,603
29435.539048,2700697675,2700698287,9220,612
29435.551064,2700701848,2700702465,12081,617
29435.563087,2700705966,2700706574,11812,608
29435.575113,2700710113,2700710697,11955,584
29435.587131,2700714247,2700714861,12051,614
29435.599157,2700718299,2700718907,11843,608
29435.611183,2700722474,2700723058,11953,584
29435.623201,2700726441,2700727050,9271,609
29435.654761,2700736543,2700737146,12124,603
29435.666780,2700740413,2700741014,8898,601
29435.678815,2700744333,2700744917,9195,584
29435.690830,2700748254,2700748859,9280,605
29435.702845,2700752131,2700752744,8821,613
29435.714880,2700756092,2700756712,9282,620
29435.726895,2700760028,2700760637,9216,609
29435.738916,2700763901,2700764514,8861,613
29435.750952,2700767829,2700768412,9243,583
29435.762965,2700771745,2700772358,9260,613
29435.774990,2700775804,2700776418,11855,614
29435.787019,2700779927,2700780542,12080,615
29435.799035,2700784056,2700784670,12082,614
29435.811057,2700788167,2700788770,11842,603
29435.823086,2700792340,2700792945,12086,605
29435.835103,2700796452,2700797070,12057,618
29435.847127,2700800482,2700801090,11818,608
29435.859157,2700804614,2700805224,12082,610
29435.871172,2700808718,2700809327,12090,609
29435.895220,2700816458,2700817074,9189,616
29435.907237,2700820559,2700821168,12038,609
29435.919264,2700824552,2700825165,11849,613
29435.931291,2700828654,2700829238,11962,584
29435.943307,2700832540,2700833154,9265,614
29435.955326,2700836434,2700837042,8873,608
29435.967360,2700840526,2700841134,12066,608
29435.977879,2700844026,2700844485,7562,459
29436.078567,2700875388,2700875996,9253,608
29436.090584,2700879249,2700879851,8887,602
29436.102616,2700883223,2700883834,9226,611
29436.114637,2700887343,2700887957,12055,614
29436.126653,2700891220,2700891828,8867,608
29436.138688,2700895153,2700895767,9258,614
29436.150705,2700899109,2700899717,9284,608
29436.162724,2700902976,2700903579,8915,603
29436.174757,2700907030,2700907646,12111,616
29436.186774,2700911154,2700911763,12057,609
29436.198790,2700915032,2700915650,8867,618
29436.210825,2700918954,2700919539,9170,585
29436.222841,2700922894,2700923514,9257,620
29436.234859,2700926769,2700927382,8887,613
29436.246897,2700930732,2700931317,9233,585
29436.258911,2700934679,2700935300,9290,621
29436.270931,2700938728,2700939343,12005,615
29436.282961,2700942720,2700943329,9273,609
29436.294977,2700946802,2700947415,12104,613
29436.306995,2700950800,2700951418,8845,618
29436.319030,2700954911,2700955526,12069,615
29436.331045,2700959102,2700959716,12063,614
29436.343063,2700963072,2700963685,8818,613
29436.355094,2700967091,2700967701,9213,610
29436.367114,2700971229,2700971841,12068,612
29436.379139,2700975301,2700975914,11844,613
29436.391170,2700979419,2700980034,12101,615
29436.403182,2700983518,2700984127,12064,609
29436.415207,2700987523,2700988136,11814,613
29436.427235,2700991631,2700992240,12101,609
29436.439253,2700995818,2700996427,12041,609
29436.451274,2700999814,2701000427,11847,613
29436.463303,2701003874,2701004459,11966,585
29436.475320,2701007901,2701008504,12058,603
29436.487343,2701011940,2701012560,11999,620
29436.497867,2701015450,2701016064,9323,614
29436.509890,2701019439,2701020044,9000,605
29436.521919,2701023358,2701023942,9200,584
29436.533936,2701027283,2701027896,9252,613
29436.545951,2701031149,2701031751,8856,602
29436.557989,2701035143,2701035727,12037,584
29436.678205,2701073036,2701073643,12057,607
29436.690225,2701076936,2701077544,8848,608
29436.702257,2701080859,2701081469,9166,610
29436.714276,2701084826,2701085440,9250,614
29436.726295,2701088714,2701089315,8856,601
29436.738330,2701092614,2701093197,9224,583
29436.750346,2701096550,2701097163,9268,613
29436.762363,2701100459,2701101067,8850,608
29436.774398,2701104494,2701105079,11999,585
29436.786417,2701108588,2701109202,12065,614
29436.798431,2701112464,2701113077,8943,613
29436.810463,2701116399,2701117015,9219,616
29436.822483,2701120357,2701120977,9256,620
29436.834501,2701124239,2701124852,8914,613
29436.846536,2701128169,2701128753,9225,584
29436.858553,2701132096,2701132700,9236,604
29436.870571,2701136152,2701136767,11985,615
29436.914165,2701149999,2701150583,11994,584
29436.926183,2701153942,2701154557,9284,615
29436.938197,2701157860,2701158478,8867,618
29436.950232,2701161786,2701162368,9229,582
29436.962246,2701165747,2701166350,9275,603
29436.974266,2701169683,2701170291,8839,608
29436.986299,2701173779,2701174363,11967,584
29436.998318,2701177692,2701178296,9295,604
29437.010334,2701181549,2701182162,8871,613
29437.022371,2701185440,2701186025,9235,585
29437.034386,2701189352,2701189968,9274,616
29437.046405,2701193238,2701193845,8938,607
29437.058439,2701197160,2701197744,9193,584
29437.070456,2701201074,2701201683,9213,609
29437.082471,2701204951,2701205552,8896,601
29437.094506,2701208875,2701209459,9184,584
29437.106523,2701212802,2701213417,9235,615
29437.118541,2701216678,2701217291,8878,613
29437.130576,2701220621,2701221204,9159,583
29437.142593,2701224554,2701225169,9223,615
29437.154608,2701228434,2701229036,8878,602
29437.166641,2701232325,2701232934,9205,609
29437.178660,2701236283,2701236888,9248,605
29437.190679,2701240324,2701240937,11836,613
29437.202706,2701244413,2701245017,12071,604
29437.214729,2701248359,2701248964,9204,605
29437.226747,2701252221,2701252834,8864,613
29437.238780,2701256131,2701256746,9237,615
29437.250799,2701260088,2701260699,9272,611
29437.262812,2701264001,2701264609,8843,608
29437.274849,2701267918,2701268502,9181,584
29437.286867,2701271996,2701272618,12058,622
29437.298882,2701275881,2701276482,8835,601
29437.310921,2701279835,2701280419,9259,584
29437.322931,2701283737,2701284351,9252,614
29437.334949,2701287613,2701288226,8852,613
29437.527325,2701338933,2701339548,9259,615
29437.537857,2701341913,2701342370,3652,457
29437.549870,2701345644,2701346108,7407,464
29437.561883,2701349412,2701350015,8829,603
29437.573924,2701353337,2701353776,7434,439
29437.585938,2701357123,2701357738,12070,615
29437.597952,2701361058,2701361665,8859,607
29437.609987,2701364970,2701365553,9235,583
29437.622005,2701368903,2701369518,9302,615
29437.634022,2701372802,2701373420,8828,618
29437.646059,2701376757,2701377341,9193,584
29437.658071,2701380663,2701381265,9216,602
29437.670092,2701384591,2701385200,8938,609
29437.682123,2701388489,2701389082,9164,593
29437.694141,2701392407,2701393016,9287,609
29437.706159,2701396274,2701396882,8867,608
29437.718191,2701400189,2701400809,9200,620
29437.730211,2701404163,2701404767,9273,604
29437.742233,2701408079,2701408690,8980,611
29437.754261,2701411995,2701412579,9256,584
29437.766276,2701415973,2701416585,9233,612
29437.778295,2701419886,2701420499,8844,613
29437.790327,2701423934,2701424544,12035,610
29437.802346,2701428027,2701428632,12058,605
29437.814365,2701431911,2701432514,8883,603
29437.826397,2701435835,2701436445,9170,610
29437.838418,2701439781,2701440384,9271,603
29437.850432,2701443682,2701444294,8856,612
29437.862464,2701447609,2701448219,9245,610
29437.874483,2701451573,2701452183,9293,610
29437.886508,2701455491,2701456112,8948,621
29437.898532,2701459426,2701460034,9256,608
29437.910551,2701463355,2701463969,9238,614
29437.922567,2701467239,2701467847,8886,608
29437.934601,2701471119,2701471734,9196,615
29437.946621,2701475091,2701475705,9255,614
29437.958637,2701478994,2701479602,8878,608
29437.970669,2701482921,2701483531,9188,610
29438.138988,2701527466,2701528081,8943,615
29438.151015,2701530720,2701531335,9150,615
29438.163028,2701534674,2701535293,9251,619
29438.175047,2701538617,2701539225,8851,608
29438.187080,2701542669,2701543284,9067,615
29438.199098,2701546802,2701547419,12063,617
29438.211122,2701550892,2701551505,11819,613
29438.223150,2701555015,2701555599,11945,584
29438.235173,2701559081,2701559689,12113,608
29438.247189,2701563113,2701563721,11876,608
29438.259220,2701567194,2701567809,12077,615
29438.271237,2701571281,2701571890,12041,609
29438.283260,2701575274,2701575888,11843,614
29438.295289,2701579353,2701579937,11971,584
29438.307301,2701583264,2701583872,9216,608
29438.319324,2701587147,2701587751,8963,604
29438.331358,2701591194,2701591797,12113,603
29438.341869,2701594642,2701595260,8886,618
29438.353904,2701598587,2701599171,9193,584
29438.365918,2701602476,2701603088,9225,612
29438.377934,2701606371,2701606989,8885,618
29438.389970,2701610347,2701610932,11965,585
29438.401989,2701614297,2701614912,12078,615
29438.414005,2701618217,2701618825,8851,608
29438.426040,2701622158,2701622744,9173,586
29438.438057,2701626081,2701626691,9291,610
29438.450072,2701629942,2701630550,8858,608
29438.462110,2701633837,2701634421,9240,584
29438.474125,2701637771,2701638380,9268,609
29438.486149,2701641696,2701642306,8982,610
29438.498177,2701645607,2701646188,9186,581
29438.510195,2701649528,2701650138,9218,610
29438.522212,2701653599,2701654206,11830,607
29438.534246,2701657480,2701658095,9099,615
29438.546260,2701661410,2701662019,9230,609
29438.558276,2701665307,2701665915,8844,608
29438.570313,2701669220,2701669804,9213,584
29438.582335,2701673144,2701673760,9296,616
29438.594347,2701677053,2701677654,8838,601
29438.606381,2701681082,2701681666,11971,584
29438.618399,2701685176,2701685786,12069,610
29438.630417,2701689048,2701689651,8900,603
29438.642447,2701692973,2701693588,9169,615
29438.654469,2701696935,2701697545,9291,610
29438.666483,2701700802,2701701410,8827,608
29438.678520,2701704694,2701705277,9233,583
29438.690535,2701708627,2701709237,9234,610
29438.702560,2701712525,2701713135,8933,610
29438.714588,2701716429,2701717011,9200,582
29438.726602,2701720325,2701720929,9234,604
29438.738626,2701724344,2701724957,11837,613
29438.750654,2701728264,2701728874,9232,610
29438.762671,2701732272,2701732893,8996,621
29438.774701,2701736285,2701736906,8935,621
29438.786724,2701740309,2701740925,9260,616
29438.798743,2701744326,2701744946,9002,620
29438.810770,2701748336,2701748957,8910,621
29438.822793,2701752482,2701753102,12089,620
29438.834812,2701756595,2701757200,12067,605
29438.846826,2701760453,2701761061,8894,608
29438.858858,2701764383,2701764997,9153,614
29438.870874,2701768306,2701768908,9218,602
29438.943011,2701791174,2701791776,12068,602
29438.955036,2701795157,2701795765,11846,608
29438.967063,2701799353,2701799968,12063,615
29439.157926,2701844752,2701845209,3821,457
29439.169947,2701847912,2701848527,5814,615
29439.181969,2701851374,2701851985,5472,611
29439.193997,2701854847,2701855455,12064,608
29439.206013,2701858503,2701859104,11811,601
29439.218044,2701862456,2701863039,11970,583
29439.230062,2701866378,2701866988,9293,610
29439.242078,2701870242,2701870849,8856,607
29439.254117,2701874202,2701874786,9247,584
29439.266131,2701878153,2701878762,9272,609
29439.278149,2701882024,2701882632,8913,608
29439.290184,2701885946,2701886530,9214,584
29439.302201,2701889890,2701890505,9235,615
29439.314215,2701893792,2701894402,8861,610
29439.326250,2701897705,2701898289,9222,584
29439.338265,2701901774,2701902384,12020,610
29439.350286,2701905812,2701906418,11803,606
29439.362323,2701909712,2701910296,9220,584
29439.374338,2701913625,2701914240,9270,615
29439.386353,2701917538,2701918146,8852,608
29439.398390,2701921419,2701922002,9222,583
29439.410405,2701925356,2701925966,9285,610
29439.422422,2701929311,2701929930,8920,619
29439.434452,2701933406,2701934026,12062,620
29439.446474,2701937375,2701937985,9285,610
29439.458490,2701941253,2701941860,8834,607
29439.470525,2701945172,2701945787,9229,615
29439.482537,2701949105,2701949719,9217,614
29439.494560,2701952985,2701953593,8868,608
29439.506592,2701956904,2701957514,9197,610
29439.518611,2701960860,2701961470,9286,610
29439.530626,2701964727,2701965343,8885,616
29439.542662,2701968649,2701969233,9223,584
29439.554678,2701972724,2701973329,12043,605
29439.566697,2701976726,2701977339,11800,613
29439.578729,2701980663,2701981278,9247,615
29439.590749,2701984613,2701985223,9297,610
29439.602763,2701988477,2701989085,8880,608
29439.614798,2701992395,2701993015,9224,620
29439.626814,2701996563,2701997178,12052,615
29439.638835,2702000647,2702001260,11846,613
29439.650862,2702004731,2702005345,12067,614
29439.662882,2702008719,2702009331,9252,612
29439.674901,2702012600,2702013213,8919,613
29439.686939,2702016532,2702017115,9233,583
29439.698949,2702020416,2702021029,9242,613
29439.710968,2702024290,2702024903,8881,613
29439.723003,2702028214,2702028823,9213,609
29439.735017,2702032168,2702032771,9207,603
29439.747038,2702036107,2702036718,8892,611
29439.759076,2702040304,2702040888,11968,584
29439.771089,2702044422,2702045025,12082,603
29439.783112,2702048537,2702049150,11841,613
29439.870277,2702075928,2702076530,9238,602
29439.918365,2702091239,2702091849,11968,610
29439.930401,2702095163,2702095745,9204,582
29439.942415,2702099054,2702099667,9239,613
29439.954433,2702102988,2702103596,8848,608
29439.966465,2702107033,2702107636,12083,603
29439.978484,2702110973,2702111583,9232,610
29439.990503,2702114850,2702115453,8859,603
29440.002540,2702118734,2702119317,9206,583
29440.014556,2702122644,2702123248,9258,604
29440.026570,2702126547,2702127160,8838,613
29440.038604,2702130597,2702131207,12110,610
29440.050621,2702134690,2702135305,12057,615
29440.062639,2702138595,2702139201,8886,606
29440.074670,2702142517,2702143126,9190,609
29440.086692,2702146468,2702147088,9263,620
29440.098706,2702150344,2702150962,8892,618
29440.110742,2702154297,2702154882,9207,585
29440.122757,2702158216,2702158820,9260,604
29440.134783,2702162101,2702162716,8973,615
29440.146807,2702165992,2702166600,9190,608
29440.158825,2702169905,2702170513,9218,608
29440.170850,2702173927,2702174539,11831,612
29440.181368,2702177530,2702178144,12047,614
29440.196402,2702182558,2702183141,11956,583
29440.206914,2702185955,2702186563,8904,608
29440.218945,2702189865,2702190474,9206,609
29440.230961,2702193797,2702194415,9256,618
29440.242988,2702197825,2702198433,11879,608
29440.255015,2702201911,2702202521,12080,610
29440.267032,2702205990,2702206604,12088,614
29440.279054,2702210060,2702210668,11813,608
29440.291084,2702214243,2702214828,12008,585
29440.303097,2702218277,2702218891,9249,614
29440.315122,2702222343,2702222956,11843,613
29440.327150,2702226476,2702227061,11969,585
29440.339166,2702230411,2702231024,9266,613
29440.351189,2702234364,2702234974,8956,610
29440.363219,2702238429,2702239042,12083,613
29440.375236,2702242511,2702243118,12052,607
29440.387254,2702246531,2702247139,8845,608
29440.397782,2702249996,2702250602,9270,606
29440.551072,2702297568,2702298171,9177,603
29440.563088,2702301554,2702302163,8896,609
29440.575122,2702305753,2702306363,12115,610
29440.587139,2702309880,2702310482,12064,602
29440.597669,2702313397,2702313982,9221,585
29440.623210,2702321533,2702322138,9258,605
29440.774999,2702356322,2702356903,8946,581
29440.787028,2702359490,2702360100,9229,610
29440.797549,2702362786,2702363372,6472,586
29440.811072,2702367130,2702367745,9224,615
29440.823086,2702371132,2702371746,9253,614
29440.835107,2702375143,2702375751,8897,608
29440.847143,2702379288,2702379892,12086,604
29440.859158,2702383377,2702383990,12081,613
29440.871182,2702387458,2702388071,11883,613
29440.883208,2702391582,2702392191,12073,609
29440.895225,2702395632,2702396235,12060,603
29440.907251,2702399619,2702400222,11821,603
29440.919280,2702403714,2702404323,12087,609
29440.931295,2702407776,2702408388,12081,612
29440.943317,2702411782,2702412390,11824,608
29440.955349,2702415670,2702416254,9236,584
29440.965865,2702419132,2702419591,7608,459
29440.977892,2702422904,2702423487,9189,583
29440.994414,2702428201,2702428815,9217,614
29441.006434,2702432154,2702432767,8820,613
29441.018473,2702436066,2702436651,9257,585
29441.030484,2702439962,2702440575,9284,613
29441.042502,2702443831,2702444433,8810,602
29441.054536,2702447869,2702448474,12113,605
29441.066555,2702451946,2702452551,12068,605
29441.078572,2702455809,2702456416,8862,607
29441.090604,2702459724,2702460328,9244,604
29441.102624,2702463681,2702464296,9321,615
29441.114646,2702467574,2702468178,8968,604
29441.126674,2702471473,2702472058,9194,585
29441.138691,2702475397,2702476007,9268,610
29441.150709,2702479264,2702479866,8835,602
29441.162743,2702483180,2702483792,9051,612
29441.174761,2702487140,2702487750,9283,610
29441.186782,2702491166,2702491779,11880,613
29441.198808,2702495205,2702495820,12083,615
29441.210832,2702499166,2702499777,9304,611
29441.222843,2702503118,2702503725,8900,607
29441.234875,2702507029,2702507639,9207,610
29441.246892,2702510955,2702511567,9219,612
29441.258913,2702514841,2702515460,8923,619
29441.270948,2702518925,2702519509,11971,584
29441.282963,2702522974,2702523583,12040,609
29441.294980,2702526877,2702527479,8859,602
29441.307019,2702530975,2702531558,12007,583
29441.319032,2702535071,2702535674,12062,603
29441.331056,2702539158,2702539771,11843,613
29441.343084,2702543348,2702543932,11942,584
29441.355099,2702547345,2702547947,9277,602
29441.367116,2702551370,2702551983,8894,613
29441.379152,2702555553,2702556135,11944,582
29441.391168,2702559657,2702560271,12056,614
29441.403193,2702563680,2702564288,11843,608
29441.413715,2702567236,2702567852,9275,616
29441.556481,2702611905,2702612523,8887,618
29441.576332,2702618997,2702619601,12022,604
29441.606081,2702628365,2702628986,12027,621
29441.618107,2702632354,2702632968,8947,614
29441.630133,2702636330,2702636951,9226,621
29441.642150,2702640308,2702640913,8983,605
29441.654175,2702644416,2702645030,12042,614
29441.666200,2702648494,2702649109,12104,615
29441.678218,2702652520,2702653129,8978,609
29441.690245,2702656468,2702657087,8948,619
29441.702270,2702660428,2702661038,9280,610
29441.714286,2702664395,2702665000,8993,605
29441.726313,2702668383,2702668993,8947,610
29441.738338,2702672332,2702672937,9217,605
29441.750355,2702676281,2702676886,8953,605
29441.762382,2702680240,2702680853,8906,613
29441.774407,2702684207,2702684827,9277,620
29441.786420,2702688331,2702688946,11981,615
29441.798451,2702692428,2702693043,12040,615
29441.810473,2702696386,2702696996,9230,610
29441.822493,2702700374,2702700991,8964,617
29441.834520,2702704347,2702704961,8897,614
29441.846544,2702708327,2702708948,9153,621
29441.858562,2702712274,2702712884,8934,610
29441.870588,2702716371,2702716983,12037,612
29441.882612,2702720481,2702721097,12104,616
29441.894631,2702724453,2702725061,8984,608
29441.906657,2702728421,2702729037,8939,616
29441.918682,2702732375,2702732980,9263,605
29441.930699,2702736349,2702736959,8999,610
29441.942726,2702740315,2702740931,8892,616
29441.954750,2702744305,2702744919,9219,614
29441.966768,2702748275,2702748885,9008,610
29441.978795,2702752245,2702752857,8968,612
29441.990817,2702756200,2702756809,9236,609
29442.002837,2702760305,2702760915,12011,610
29442.014863,2702764418,2702765034,12036,616
29442.026884,2702768389,2702769004,9263,615
29442.038903,2702772366,2702772976,8988,610
29442.050930,2702776340,2702776961,8940,621
29442.062955,2702780309,2702780923,9199,614
29442.074974,2702784415,2702785030,8975,615
29442.102025,2702793231,2702793841,12013,610
29442.114053,2702797266,2702797877,12039,611
29442.126075,2702801238,2702801853,9238,615
29442.138090,2702805292,2702805896,11991,604
29442.150121,2702809235,2702809851,8904,616
29442.162146,2702813197,2702813816,9230,619
29442.174162,2702817164,2702817774,8959,610
29442.186188,2702821261,2702821877,12038,616
29442.198213,2702825381,2702825990,12105,609
29442.210231,2702829360,2702829964,8981,604
29442.222256,2702833353,2702833963,8929,610
29442.234281,2702837343,2702837957,9186,614
29442.246299,2702841315,2702841931,8923,616
29442.258325,2702845286,2702845901,8912,615
29442.270350,2702849242,2702849857,9240,615
29442.282364,2702853375,2702853980,11984,605
29442.294394,2702857324,2702857933,8932,609
29442.306418,2702861276,2702861886,9252,610
29442.318436,2702865262,2702865875,8954,613
29442.330462,2702869244,2702869858,8906,614
29442.342487,2702873224,2702873834,9258,610
29442.354504,2702877207,2702877812,9006,605
29442.366530,2702881162,2702881783,8950,621
29442.378555,2702885139,2702885753,9227,614
29442.390573,2702889110,2702889725,8988,615
29442.402598,2702893227,2702893836,12036,609
29442.414622,2702897339,2702897948,12110,609
29442.425143,2702900883,2702901493,12035,610
29442.446182,2702907859,2702908470,12078,611
29442.486758,2702921003,2702921613,12071,610
29442.498775,2702925121,2702925730,11992,609
29442.510804,2702929091,2702929700,8918,609
29442.522828,2702933063,2702933668,9261,605
29442.534845,2702937019,2702937635,9004,616
29442.546872,2702940970,2702941590,8901,620
29442.558896,2702944955,2702945570,9225,615
29442.570913,2702948940,2702949545,8945,605
29442.582940,2702952900,2702953515,8941,615
29442.594964,2702956859,2702957473,9250,614
29442.606982,2702960831,2702961442,8969,611
29442.619010,2702964958,2702965564,12086,606
29442.629524,2702968812,2702969423,11993,611
29442.643052,2702973404,2702974014,12008,610
29442.655077,2702977504,2702978120,8929,616
29442.667102,2702981724,2702982334,12089,610
29442.679120,2702985916,2702986526,12011,610
29442.691147,2702990151,2702990761,12038,610
29442.703169,2702994317,2702994937,12068,620
29442.715188,2702998446,2702999055,12011,609
29442.727216,2703002523,2703003133,12042,610
29442.739239,2703006645,2703007261,12075,616
29442.751258,2703010744,2703011355,12016,611
29442.763283,2703014705,2703015326,8935,621
29442.775307,2703018823,2703019438,12122,615
29442.787325,2703022778,2703023398,8955,620
29442.799351,2703026785,2703027395,8885,610
29442.809870,2703030267,2703030882,8967,615
29442.821896,2703034218,2703034823,8932,605
29442.833922,2703038185,2703038795,9247,610
29442.845939,2703042155,2703042771,8948,616
29442.874500,2703051421,2703052030,9237,609
29442.886517,2703055378,2703055982,8987,604
29442.898544,2703059506,2703060116,12037,610
29442.910566,2703063457,2703064071,9216,614
29442.922585,2703067426,2703068037,9009,611
29442.934613,2703071401,2703072011,8901,610
29442.946637,2703075374,2703075983,9214,609
29442.958653,2703079331,2703079951,8982,620
29442.970681,2703083315,2703083936,8926,621
29442.999227,2703092677,2703093287,11983,610
29443.011258,2703096774,2703097383,12034,609
29443.023281,2703100889,2703101510,12073,621
29443.035298,2703105003,2703105608,12010,605
29443.045823,2703108491,2703109102,9215,611
29443.060850,2703113570,2703114183,12043,613
29443.101426,2703126804,2703127414,12030,610
29443.142006,2703139873,2703140487,8940,614
29443.154030,2703143843,2703144463,9256,620
29443.166047,2703147832,2703148447,8988,615
29443.178075,2703151799,2703152413,8976,614
29443.190098,2703155777,2703156393,9212,616
29443.206621,2703161346,2703161961,11989,615
29443.218651,2703165473,2703166092,12040,619
29443.230673,2703169590,2703170205,12090,615
29443.242692,2703173568,2703174183,8943,615
29443.254719,2703177550,2703178171,8978,621
29443.266744,2703181542,2703182151,9234,609
29443.278761,2703185517,2703186129,8962,612
29443.290788,2703189499,2703190114,8950,615
29443.302813,2703193479,2703194083,9228,604
29443.314827,2703197593,2703198208,11976,615
29443.326854,2703201564,2703202178,8930,614
29443.338879,2703205534,2703206155,9215,621
29443.350897,2703209489,2703210099,8960,610
29443.362923,2703213457,2703214073,8898,616
29443.374948,2703217423,2703218042,9213,619
29443.386966,2703221542,2703222158,12015,616
29443.398992,2703225519,2703226135,8934,616
29443.411017,2703229638,2703230257,12089,619
29443.423035,2703233805,2703234414,12014,609
29443.435062,2703238017,2703238627,12032,610
29443.445576,2703241869,2703242480,11969,611
29443.522224,2703266626,2703267236,12017,610
29443.534251,2703270575,2703271195,8923,620
29443.546276,2703274555,2703275175,9237,620
29443.558294,2703278548,2703279152,8988,604
29443.570320,2703282513,2703283122,8930,609
29443.582344,2703286466,2703287081,9253,615
29443.594362,2703290457,2703291071,9003,614
29443.606389,2703294424,2703295039,8951,615
29443.618413,2703298542,2703299152,12087,610
29443.634937,2703304102,2703304717,12013,615
29443.646965,2703308232,2703308853,12035,621
29443.658987,2703312226,2703312836,9194,610
29443.671006,2703316339,2703316954,12015,615
29443.683034,2703320489,2703321099,12039,610
29443.695056,2703324698,2703325314,12072,616
29443.707075,2703328934,2703329550,12015,616
29443.719100,2703333009,2703333624,8926,615
29443.731126,2703337248,2703337863,12089,615
29443.743143,2703341380,2703341989,12011,609
29443.755171,2703345583,2703346192,12038,609
29443.767193,2703349703,2703350319,12072,616
29443.779212,2703353828,2703354444,12015,616
29443.791239,2703357934,2703358544,12037,610
29443.803261,2703361894,2703362503,9195,609
29443.815280,2703365865,2703366475,8952,610
29443.827307,2703369971,2703370579,12038,608
29443.839332,2703374065,2703374686,12090,621
29443.851349,2703378172,2703378787,12012,615
29443.861876,2703381654,2703382265,9258,611
29443.873896,2703385626,2703386236,9015,610
29443.885922,2703389610,2703390226,8926,616
29443.897947,2703393584,2703394194,9254,610
29443.909964,2703397569,2703398188,8961,619
29443.921991,2703401532,2703402147,8961,615
29443.934015,2703405495,2703406110,9265,615
29443.946032,2703409455,2703410076,8990,621
29443.958059,2703413432,2703414053,8962,621
29443.970084,2703417434,2703418054,9188,620
29443.982097,2703421521,2703422125,11977,604
29443.994128,2703425495,2703426108,8925,613
29444.006152,2703429462,2703430070,9265,608
29444.018166,2703433546,2703434161,11977,615
29444.030196,2703437636,2703438245,12035,609
29444.042220,2703441608,2703442228,9229,620
29444.054238,2703445578,2703446182,8995,604
29444.066264,2703449540,2703450161,8907,621
29444.078288,2703453536,2703454147,9253,611
29444.090305,2703457506,2703458123,8979,617
29444.102332,2703461497,2703462113,8935,616
29444.114356,2703465458,2703466073,9247,615
29444.126374,2703469429,2703470032,9005,603
29444.138400,2703473405,2703474021,8932,616
29444.150425,2703477370,2703477975,9202,605
29444.162443,2703481332,2703481947,8911,615
29444.174469,2703485300,2703485914,8969,614
29444.186493,2703489267,2703489877,9216,610
29444.198511,2703493237,2703493852,8982,615
29444.210537,2703497214,2703497823,8912,609
29444.222562,2703501184,2703501798,9231,614
29444.234578,2703505309,2703505924,12010,615
29444.246606,2703509435,2703510050,12041,615
29444.258629,2703513397,2703514006,9229,609
29444.270649,2703517356,2703517966,8987,610
29444.282676,2703521331,2703521946,8921,615
29444.294700,2703525296,2703525917,9202,621
29444.306718,2703529267,2703529872,8955,605
29444.318745,2703533224,2703533838,8950,614
29444.330769,2703537196,2703537811,9258,615
29444.342786,2703541169,2703541783,8975,614
29444.354813,2703545145,2703545754,8896,609
29444.366836,2703549091,2703549695,9278,604
29444.378853,2703553060,2703553665,8929,605
29444.390880,2703557014,2703557635,8942,621
29444.402904,2703560992,2703561613,9256,621
29444.414922,2703564949,2703565570,9008,621
29444.426949,2703568937,2703569550,8949,613
29444.438973,2703572904,2703573519,9228,615
29444.450991,2703577028,2703577643,12008,615
29444.463019,2703581140,2703581759,12081,619
29444.475040,2703585359,2703585974,12069,615
29444.487059,2703589579,2703590184,12011,605
29444.499087,2703593768,2703594384,12036,616
29444.511109,2703597945,2703598566,12072,621
29444.523128,2703602124,2703602745,12047,621
29444.535154,2703606154,2703606769,8955,615
29444.547179,2703610227,2703610842,9260,615
29444.559197,2703614363,2703614977,12010,614
29444.571224,2703618456,2703619073,12037,617
29444.583248,2703622565,2703623170,12122,605
29444.595265,2703626661,2703627275,12002,614
29444.607293,2703630749,2703631370,12040,621
29444.619314,2703634726,2703635341,9168,615
29444.631333,2703638686,2703639301,8963,615
29444.643362,2703642778,2703643397,12039,619
29444.653884,2703646327,2703646948,8975,621
29444.665907,2703650372,2703650992,8917,620
29444.677926,2703654398,2703655020,8960,622
29444.754571,2703679334,2703679950,12066,616
29444.766591,2703683302,2703683918,8954,616
29444.778617,2703687277,2703687898,8907,621
29444.790642,2703691236,2703691856,9193,620
29444.802659,2703695199,2703695814,8985,615
29444.814686,2703699166,2703699776,8925,610
29444.826711,2703703131,2703703745,9221,614
29444.838728,2703707111,2703707715,8958,604
29444.850753,2703711197,2703711807,12040,610
29444.862778,2703715312,2703715916,12095,604
29444.874795,2703719301,2703719913,8977,612
29444.886823,2703723284,2703723893,8909,609
29444.898846,2703727224,2703727840,9253,616
29444.910863,2703731209,2703731825,8976,616
29444.922890,2703735184,2703735798,8951,614
29444.934914,2703739149,2703739765,9239,616
29444.946932,2703743129,2703743739,8987,610
29444.958958,2703747100,2703747708,8908,608
29444.970983,2703751219,2703751834,12098,615
29445.074681,2703784458,2703785073,9231,615
29445.086701,2703788436,2703789046,8990,610
29445.098728,2703792416,2703793035,8928,619
29445.110752,2703796398,2703797013,9237,615
29445.122770,2703800377,2703800992,8953,615
29445.134796,2703804374,2703804980,8929,606
29445.146820,2703808504,2703809119,12103,615
29445.158837,2703812474,2703813087,8989,613
29445.170864,2703816618,2703817232,12059,614
29445.182887,2703820597,2703821212,9253,615
29445.194905,2703824591,2703825212,8967,621
29445.206932,2703828606,2703829221,8909,615
29445.218956,2703832583,2703833197,9253,614
29445.230974,2703836565,2703837175,8964,610
29445.243001,2703840539,2703841153,8955,614
29445.255025,2703844662,2703845283,12085,621
29445.267043,2703848840,2703849449,12013,609
29445.279071,2703853060,2703853681,12041,621
29445.291092,2703857329,2703857934,12072,605
29445.303111,2703861373,2703861982,8984,609
29445.315138,2703865549,2703866158,12085,609
29445.327162,2703869704,2703870320,12083,616
29445.339180,2703873878,2703874488,12013,610
29445.351206,2703877875,2703878489,8894,614
29445.363231,2703881858,2703882477,9258,619
29445.375249,2703885969,2703886578,12011,609
29445.387276,2703890069,2703890678,12043,609
29445.399300,2703894180,2703894795,12073,615
29445.411317,2703898306,2703898920,12017,614
29445.423345,2703902394,2703903009,12037,615
29445.433862,2703905876,2703906342,7601,466
29445.445894,2703909722,2703910193,7679,471
29445.457912,2703913534,2703914149,9194,615
29445.469931,2703917522,2703918137,8938,615
29445.481958,2703921488,2703922103,8915,615
29445.493980,2703925462,2703926082,9219,620
29445.554094,2703944870,2703945481,12043,611
29445.566118,2703948969,2703949590,12085,621
29445.578133,2703953199,2703953809,11976,610
29445.590164,2703957142,2703957727,9237,585
29445.602182,2703961079,2703961688,9281,609
29445.614202,2703964941,2703965523,8932,582
29445.626231,2703968819,2703969432,9050,613
29445.638249,2703972778,2703973388,9296,610
29445.650266,2703976860,2703977473,11806,613
29445.662297,2703980896,2703981480,11956,584
29445.674321,2703984837,2703985454,9035,617
29445.684841,2703989218,2703990066,13797,848
29445.696327,2703998589,2703999751,16397,1162
29445.787028,2704028898,2704029510,11955,612
29445.799048,2704032971,2704033553,11958,582
29445.811079,2704037101,2704037716,12087,615
29445.823103,2704041312,2704041916,12085,604
29445.835115,2704045314,2704045921,8865,607
29445.847151,2704049301,2704049885,9209,584
29445.859165,2704053356,2704053960,11953,604
29445.871188,2704057370,2704057978,11841,608
29445.890726,2704063740,2704064343,9216,603
29445.902746,2704067859,2704068466,8901,607
29445.914781,2704071828,2704072443,9229,615
29445.926797,2704075778,2704076388,9287,610
29445.938819,2704079616,2704080197,8914,581
29445.950847,2704083466,2704084082,9194,616
29445.962863,2704087456,2704088071,9243,615
29445.974889,2704091357,2704091970,8964,613
29445.986916,2704095298,2704095882,9165,584
29445.998936,2704099385,2704099995,12038,610
29446.010949,2704103229,2704103836,8858,607
29446.022983,2704107140,2704107755,9042,615
29446.034998,2704111070,2704111678,9224,608
29446.047019,2704114938,2704115546,8892,608
29446.059057,2704119044,2704119653,12127,609
29446.071077,2704123267,2704123882,12083,615
29446.083093,2704127436,2704128043,11831,607
29446.095123,2704131558,2704132179,12110,621
29446.107137,2704135710,2704136311,11884,601
29446.119160,2704139755,2704140358,11823,603
29446.131190,2704143863,2704144472,12087,609
29446.143207,2704147941,2704148553,11906,612
29446.155230,2704151963,2704152571,11835,608
29446.167261,2704155878,2704156463,9255,585
29446.179273,2704159747,2704160366,9263,619
29446.191298,2704163765,2704164382,11861,617
29446.203327,2704167854,2704168458,12091,604
29446.215342,2704171887,2704172493,11916,606
29446.225871,2704175323,2704175908,9209,585
29446.237887,2704179183,2704179798,9258,615
29446.249911,2704183088,2704183546,7531,458
29446.261938,2704186871,2704187456,11968,585
29446.273958,2704190787,2704191392,9263,605
29446.285975,2704194690,2704195271,8919,581
29446.298011,2704198597,2704199181,9222,584
29446.310026,2704202534,2704203144,9256,610
29446.343093,2704213011,2704213621,12106,610
29446.355110,2704217191,2704217805,12055,614
29446.367128,2704221186,2704221794,8890,608
29446.379158,2704225194,2704225804,9199,610
29446.391175,2704229276,2704229891,11898,615
29446.403197,2704233261,2704233843,11954,582
29446.415232,2704237286,2704237896,12112,610
29446.427247,2704241339,2704241950,11902,611
29446.439270,2704245339,2704245941,11818,602
29446.451300,2704249256,2704249865,9259,609
29446.463317,2704253216,2704253826,9281,610
29446.475338,2704257244,2704257855,11838,611
29446.485859,2704260704,2704261311,9213,607
29446.497879,2704264604,2704265186,8934,582
29446.509909,2704268800,2704269416,12094,616
29446.622623,2704304017,2704304627,12118,610
29446.706776,2704325114,2704325723,9220,609
29446.718808,2704328720,2704329335,9347,615
29446.730825,2704332681,2704333295,9276,614
29446.742848,2704336527,2704337109,8933,582
29446.754875,2704340427,2704341011,9153,584
29446.766891,2704344310,2704344921,9080,611
29446.778918,2704348214,2704348824,8962,610
29446.790942,2704352126,2704352739,9230,613
29446.802960,2704356059,2704356662,9249,603
29446.814991,2704360110,2704360717,11875,607
29446.827012,2704364161,2704364782,12075,621
29446.839032,2704368294,2704368903,12044,609
29446.851046,2704372202,2704372810,8909,608
29446.863084,2704376204,2704376788,9240,584
29446.875101,2704380374,2704380987,12041,613
29446.887119,2704384483,2704385093,11999,610
29446.899150,2704388602,2704389186,11980,584
29446.911166,2704392694,2704393302,12057,608
29446.923187,2704396857,2704397439,11953,582
29446.935222,2704400912,2704401517,12101,605
29446.947234,2704404936,2704405537,11875,601
29446.959257,2704408921,2704409503,11962,582
29446.971288,2704412967,2704413582,12087,615
29447.114053,2704457335,2704457948,9049,613
29447.126070,2704461289,2704461892,8900,603
29447.207229,2704480301,2704480913,8907,612
29447.219257,2704483402,2704484012,9265,610
29447.231274,2704487504,2704488110,11926,606
29447.243299,2704491497,2704492105,11843,608
29447.255327,2704495571,2704496175,12113,604
29447.265847,2704499048,2704499507,7628,459
29447.277878,2704502814,2704503253,7481,439
29447.289889,2704506534,2704507138,9235,604
29447.301911,2704510467,2704511048,8948,581
29447.313943,2704514349,2704514958,9270,609
29447.325957,2704518585,2704519194,12047,609
29447.366534,2704531396,2704532001,9212,605
29447.378560,2704535287,2704535904,8949,617
29447.390587,2704539197,2704539779,9184,582
29447.402605,2704543099,2704543704,9293,605
29447.414628,2704547188,2704547803,12012,615
29447.426651,2704551247,2704551857,12060,610
29447.438674,2704555192,2704555802,9248,610
29447.450688,2704559041,2704559653,8854,612
29447.462723,2704562944,2704563560,9162,616
29447.474742,2704566904,2704567519,9275,615
29447.486763,2704570788,2704571369,8985,581
29447.498789,2704574822,2704575407,11994,585
29447.510806,2704578842,2704579446,12028,604
29447.522825,2704582702,2704583310,8819,608
29447.534857,2704586768,2704587389,9190,621
29447.546876,2704590735,2704591340,9263,605
29447.558904,2704594565,2704595178,8914,613
29447.570929,2704598503,2704599087,9208,584
29447.582946,2704602396,2704603011,9266,615
29447.594968,2704606264,2704606873,8971,609
29447.606993,2704610144,2704610756,9148,612
29447.619015,2704614266,2704614876,12083,610
29447.692659,2704637313,2704637922,12125,609
29447.718202,2704645413,2704646016,9210,603
29447.730228,2704649364,2704649975,8987,611
29447.742252,2704653285,2704653906,9202,621
29447.845949,2704683408,2704684030,5481,622
29447.857970,2704687330,2704687946,11996,616
29447.869992,2704691270,2704691853,8930,583
29447.930101,2704705074,2704705685,6338,611
29447.942135,2704708268,2704708877,9281,609
29447.970687,2704716343,2704716958,9179,615
29448.134489,2704743543,2704744155,8929,612
29448.146522,2704746673,2704747287,9293,614
29448.158539,2704750070,2704750677,9246,607
29448.170569,2704753479,2704754100,9365,621
29448.182588,2704757382,2704757992,9272,610
29448.194610,2704761282,2704761893,8938,611
29448.206640,2704765203,2704765815,9229,612
29448.218657,2704769153,2704769757,9274,604
29448.230673,2704773149,2704773731,11951,582
29448.242707,2704777229,2704777849,12096,620
29448.254722,2704781175,2704781779,9023,604
29448.266740,2704785037,2704785640,8864,603
29448.278774,2704788930,2704789545,9244,615
29448.290792,2704792894,2704793509,9245,615
29448.302821,2704796739,2704797321,9037,582
29448.314842,2704800764,2704801348,11961,584
29448.326858,2704804797,2704805406,12057,609
29448.338875,2704808655,2704809255,8864,600
29448.350908,2704812696,2704813311,9145,615
29448.362928,2704816659,2704817275,9278,616
29448.374949,2704820549,2704821130,8970,581
29448.386978,2704824431,2704825050,9169,619
29448.398998,2704828393,2704829007,9240,614
29448.411021,2704832373,2704832977,8941,604
29448.423049,2704836422,2704837035,12084,613
29448.435064,2704840539,2704841145,11908,606
29448.447088,2704844632,2704845240,11845,608
29448.459117,2704848837,2704849442,12086,605
29448.471134,2704852996,2704853606,12038,610
29448.483156,2704857058,2704857661,11841,603
29448.495186,2704861122,2704861726,12113,604
29448.507203,2704865206,2704865821,12078,615
29448.519224,2704869167,2704869775,11852,608
29448.531253,2704873190,2704873810,12085,620
29448.543270,2704877255,2704877863,12057,608
29448.555296,2704881403,2704882007,12009,604
29448.567326,2704885464,2704886049,11972,585
29448.579338,2704889480,2704890086,11909,606
29448.589869,2704892869,2704893451,9188,582
29448.601883,2704896735,2704897354,9004,619
29448.613908,2704900692,2704901155,7518,463
29448.625935,2704904523,2704905128,12068,605
29448.637953,2704908472,2704909081,9213,609
29448.649981,2704912397,2704912979,8973,582
29448.662005,2704916314,2704916898,9232,584
29448.674020,2704920173,2704920776,9224,603
29448.686039,2704924107,2704924688,8944,581
29448.698075,2704927949,2704928532,9168,583
29448.710093,2704931968,2704932573,12074,605
29448.722113,2704935888,2704936470,8960,582
29448.734142,2704939785,2704940370,9221,585
29448.746157,2704943693,2704944303,9290,610
29448.758172,2704947615,2704948228,8866,613
29448.943028,2704994690,2704995300,11967,610
29448.958055,2704999015,2704999623,9260,608
29448.970083,2705002915,2705003497,8890,582
29448.982115,2705006811,2705007394,9185,583
29449.100840,2705029485,2705030068,7815,583
29449.154943,2705038897,2705039481,9272,584
29449.166959,2705041915,2705042524,9230,609
29449.178978,2705044749,2705045367,8928,618
29449.191006,2705048605,2705049219,9174,614
29449.203026,2705052544,2705053164,9295,620
29449.215048,2705056430,2705057043,8924,613
29449.227081,2705060444,2705061028,9191,584
29449.239093,2705064518,2705065127,11872,609
29449.251116,2705068570,2705069152,11960,582
29449.263148,2705072691,2705073275,11964,584
29449.275163,2705076753,2705077368,12042,615
29449.287184,2705080765,2705081373,11860,608
29449.299215,2705084825,2705085435,12168,610
29449.311232,2705088922,2705089532,12032,610
29449.323253,2705092902,2705093515,11844,613
29449.335283,2705096919,2705097538,12078,619
29449.347300,2705100944,2705101555,11955,611
29449.359322,2705104938,2705105548,12004,610
29449.371352,2705109019,2705109603,11945,584
29449.381864,2705112415,2705112997,8922,582
29449.393897,2705116252,2705116842,9164,590
29449.405913,2705120074,2705120684,9172,610
29449.417931,2705123980,2705124561,8905,581
29449.429964,2705127846,2705128431,11968,585
29449.441979,2705131669,2705132275,11878,606
29449.454004,2705135572,2705136154,8934,582
29449.466039,2705139420,2705140002,9223,582
29449.478053,2705143321,2705143936,9281,615
29449.490073,2705147261,2705147843,8943,582
29449.502103,2705151141,2705151724,9188,583
29449.514117,2705155053,2705155657,9285,604
29449.526137,2705158981,2705159565,8845,584
29449.538172,2705162875,2705163458,9196,583
29449.550187,2705166735,2705167340,9294,605
29449.562210,2705170651,2705171233,8963,582
29449.574232,2705174554,2705175164,9172,610
29449.622323,2705189654,2705190267,12028,613
29449.735046,2705219775,2705220361,9294,586
29449.747055,2705223402,2705224014,11907,612
29449.759082,2705227485,2705228090,11991,605
29449.771111,2705231686,2705232290,9191,604
29449.783130,2705235792,2705236407,9005,615
29449.795157,2705239897,2705240518,8941,621
29449.807184,2705244075,2705244694,12088,619
29449.819198,2705248158,2705248765,11850,607
29449.831227,2705252120,2705252741,8894,621
29449.843249,2705256118,2705256733,9272,615
29449.855261,2705260092,2705260700,11828,608
29449.867289,2705264084,2705264666,11968,582
29449.879319,2705268102,2705268718,12086,616
29449.891332,2705272104,2705272709,11814,605
29449.903357,2705276131,2705276744,11860,613
29449.913880,2705279532,2705280132,9252,600
29449.925902,2705283447,2705284032,8957,585
29449.937932,2705287278,2705287865,9244,587
29449.949950,2705291200,2705291820,9298,620
29449.961967,2705295086,2705295667,8930,581
29449.973994,2705299004,2705299614,9218,610
29449.990521,2705304293,2705304900,9029,607
29450.002547,2705308154,2705308735,8960,581
29450.014576,2705312056,2705312640,9231,584
29450.026594,2705315943,2705316553,9257,610
29450.038622,2705319813,2705320394,9023,581
29450.050647,2705323727,2705324311,9198,584
29450.062650,2705327765,2705328378,11881,613
29450.074679,2705331770,2705332377,11801,607
29450.086711,2705335697,2705336302,9194,605
29450.098729,2705339565,2705340166,9205,601
29450.110751,2705343365,2705343947,8983,582
29450.122782,2705347230,2705347845,9165,615
29450.134798,2705351115,2705351721,9204,606
29450.146819,2705354992,2705355610,8866,618
29450.158847,2705359081,2705359690,12083,609
29450.170866,2705363036,2705363640,9217,604
29450.182888,2705366911,2705367514,8889,603
29450.194920,2705370820,2705371430,9249,610
29450.206934,2705374744,2705375354,9260,610
29450.218957,2705378545,2705379158,8910,613
29450.230990,2705382442,2705383026,9199,584
29450.243005,2705386325,2705386936,9230,611
29450.255027,2705390326,2705390925,11852,599
29450.267054,2705394461,2705395076,12087,615
29450.279067,2705398607,2705399213,11827,606
29450.291095,2705402728,2705403349,12005,621
29450.303122,2705406871,2705407455,11996,584
29450.315134,2705410907,2705411515,11858,608
29450.327164,2705414841,2705415422,11964,581
29450.339195,2705418879,2705419498,12133,619
29450.351210,2705422867,2705423477,9230,610
29450.363225,2705426791,2705427399,8860,608
29450.375260,2705430855,2705431459,12119,604
29450.387278,2705435036,2705435636,11841,600
29450.399301,2705439056,2705439664,11834,608
29450.411330,2705443126,2705443731,12078,605
29450.423343,2705447128,2705447734,11855,606
29450.433878,2705450530,2705451114,9236,584
29450.445892,2705454445,2705454909,7347,464
29450.457913,2705458224,2705458689,7530,465
29450.469944,2705462010,2705462594,9170,584
29450.481963,2705465915,2705466530,9300,615
29450.493985,2705469830,2705470412,8943,582
29450.506014,2705473665,2705474250,9247,585
29450.518028,2705477567,2705478171,9290,604
29450.530052,2705481407,2705481989,8946,582
29450.542084,2705485326,2705485910,9223,584
29450.554096,2705489227,2705489846,9222,619
29450.566122,2705493126,2705493707,9009,581
29450.588332,2705500653,2705501272,11994,619
29450.606694,2705506745,2705507353,11854,608
29450.623232,2705512084,2705512698,9271,614
29450.654793,2705522051,2705522633,12003,582
29450.666810,2705525933,2705526543,9261,610
29450.678832,2705529992,2705530594,11843,602
29450.690863,2705534089,2705534710,12088,621
29450.702879,2705538054,2705538669,9236,615
29450.714900,2705542024,2705542631,11849,607
29450.726928,2705545920,2705546524,9197,604
29450.738948,2705549843,2705550464,9240,621
29450.750962,2705553707,2705554315,8885,608
29450.763000,2705557601,2705558185,9206,584
29450.775009,2705561499,2705562118,9187,619
29450.787029,2705565584,2705566162,11801,578
29450.799068,2705569724,2705570344,9197,620
29450.811077,2705573843,2705574451,11865,608
29450.823106,2705577940,2705578543,11813,603
29450.835138,2705582078,2705582688,12111,610
29450.847153,2705586128,2705586743,9272,615
29450.859175,2705589990,2705590572,8968,582
29450.871206,2705594050,2705594659,12108,609
29450.895244,2705601855,2705602468,11823,613
29450.907274,2705605928,2705606544,12083,616
29450.919284,2705609952,2705610553,11828,601
29450.931321,2705613914,2705614527,11882,613
29450.943341,2705618026,2705618641,12069,615
29450.953860,2705621452,2705622033,9001,581
29450.965884,2705625354,2705625938,9233,584
29450.977903,2705629263,2705629721,7353,458
29450.989923,2705633010,2705633617,8934,607
29451.001958,2705636941,2705637526,9267,585
29451.013975,2705640874,2705641479,9257,605
29451.025997,2705644787,2705645368,8973,581
29451.038025,2705648714,2705649297,9213,583
29451.050038,2705652586,2705653196,9264,610
29451.062060,2705656570,2705657153,12000,583
29451.074089,2705660513,2705661097,11956,584
29451.086109,2705664592,2705665206,9297,614
29451.098133,2705668533,2705669115,8958,582
29451.110165,2705672382,2705672967,9191,585
29451.122180,2705676287,2705676898,9305,611
29451.134194,2705680237,2705680821,8839,584
29451.146232,2705684161,2705684745,9223,584
29451.158243,2705688044,2705688647,9241,603
29451.170269,2705691990,2705692571,8917,581
29451.182296,2705696050,2705696666,12098,616
29451.192810,2705699679,2705700298,11984,619
29451.203330,2705703126,2705703726,9245,600
29451.215353,2705707174,2705707793,11843,619
29451.225877,2705710641,2705711261,9285,620
29451.237900,2705714571,2705715153,8960,582
29451.249923,2705718477,2705719061,11960,584
29451.261938,2705722386,2705722992,11926,606
29451.273963,2705726276,2705726880,11962,604
29451.285995,2705730179,2705730764,9259,585
29451.298010,2705734137,2705734746,12017,609
29451.310037,2705737981,2705738564,8988,583
29451.322061,2705741976,2705742561,11964,585
29451.334082,2705745873,2705746488,9261,615
29451.346105,2705749746,2705750328,8927,582
29451.358132,2705753642,2705754226,9191,584
29451.370146,2705757548,2705758167,9251,619
29451.382166,2705761499,2705762084,8922,585
29451.394200,2705765517,2705766101,11980,584
29451.406216,2705769346,2705769951,9201,605
29451.418239,2705773424,2705774006,12000,582
29451.430270,2705777321,2705777936,9262,615
29451.442281,2705781427,2705782040,11931,613
29451.454309,2705785335,2705785916,8997,581
29451.466338,2705789223,2705789807,9209,584
29451.478354,2705793233,2705793846,11862,613
29451.490371,2705797273,2705797877,11983,604
29451.502406,2705801182,2705801766,9212,584
29451.514423,2705805104,2705805713,9287,609
29451.526452,2705808943,2705809525,9024,582
29451.538476,2705812831,2705813416,9216,585
29451.550494,2705816783,2705817387,9266,604
29451.562512,2705820826,2705821430,11980,604
29451.574543,2705824758,2705825342,9185,584
29451.586562,2705828683,2705829302,9291,619
29451.598583,2705832572,2705833154,8929,582
29451.610612,2705836656,2705837239,11973,583
29451.622627,2705840569,2705841184,9287,615
29451.654185,2705850562,2705851171,11871,609
29451.666210,2705854485,2705855070,8940,585
29451.678240,2705858467,2705859086,12101,619
29451.690259,2705862590,2705863205,12059,615
29451.702279,2705866652,2705867234,11997,582
29451.714310,2705870558,2705871142,9156,584
29451.726327,2705874454,2705875064,9082,610
29451.738349,2705878313,2705878896,8980,583
29451.750377,2705882229,2705882813,9152,584
29451.760889,2705885677,2705886287,11990,610
29451.781939,2705892433,2705893015,12061,582
29451.793948,2705896335,2705896942,11928,607
29451.805976,2705900265,2705900867,11830,602
29451.818010,2705904222,2705904807,9217,585
29451.830026,2705908164,2705908784,9261,620
29451.842049,2705912089,2705912671,8991,582
29451.854078,2705915936,2705916519,9251,583
29451.866093,2705919793,2705920409,9302,616
29451.878113,2705923887,2705924492,11993,605
29451.890140,2705927937,2705928522,11961,585
29451.902158,2705931836,2705932441,9214,605
29451.914184,2705935703,2705936283,8990,580
29451.926213,2705939590,2705940200,9228,610
29451.938232,2705943473,2705944089,9286,616
29451.950255,2705947386,2705947968,8951,582
29451.962284,2705951211,2705951794,9219,583
29451.974297,2705955130,2705955740,9067,610
29452.005851,2705965000,2705965611,11862,611
29452.017882,2705968905,2705969487,8965,582
29452.029912,2705972840,2705973425,9224,585
29452.041926,2705976724,2705977345,9270,621
29452.053952,2705980645,2705981226,8982,581
29452.065978,2705984533,2705985118,9204,585
29452.077997,2705988423,2705989033,9316,610
29452.090016,2705992358,2705992968,11991,610
29452.102046,2705996307,2705996891,9190,584
29452.114061,2706000174,2706000778,9282,604
29452.126081,2706004105,2706004689,8890,584
29452.138117,2706008020,2706008605,9161,585
29452.148624,2706011582,2706012192,11974,610
29452.183198,2706022444,2706023058,9212,614
29452.195217,2706026513,2706027117,9250,604
29452.207237,2706030379,2706030994,8908,615
29452.219264,2706034454,2706035068,12060,614
29452.231285,2706038521,2706039127,9221,606
29452.243308,2706042512,2706043120,11839,608
29452.255337,2706046615,2706047225,12070,610
29452.265855,2706050045,2706050627,8988,582
29452.277886,2706053913,2706054353,7383,440
29452.289903,2706057675,2706058135,7362,460
29452.301924,2706061410,2706061991,8936,581
29452.313949,2706065328,2706065912,9186,584
29452.325969,2706069216,2706069831,9225,615
29452.337992,2706073111,2706073693,8955,582
29452.350021,2706076946,2706077529,9229,583
29452.362036,2706080848,2706081458,9281,610
29452.374053,2706084783,2706085367,8885,584
29452.386088,2706088695,2706089277,9232,582
29452.398103,2706092619,2706093229,9279,610
29452.410129,2706096662,2706097243,12038,581
29452.422155,2706100673,2706101278,12102,605
29452.434165,2706104844,2706105462,11928,618
29452.446196,2706108772,2706109354,8986,582
29452.458225,2706112661,2706113244,9205,583
29452.470242,2706116584,2706117194,9100,610
29452.482266,2706120491,2706121072,8999,581
29452.494291,2706124493,2706125076,11978,583
29452.506312,2706128553,2706129168,12077,615
29452.518337,2706132478,2706133061,8990,583
29452.530361,2706136378,2706136962,9219,584
29452.542379,2706140295,2706140899,9254,604
29452.554400,2706144167,2706144750,8942,583
29452.566431,2706148071,2706148655,9200,584
29452.578449,2706152002,2706152611,9295,609
29452.590463,2706155918,2706156503,8891,585
29452.602499,2706159827,2706160410,9173,583
29452.614517,2706163726,2706164336,9294,610
29452.626534,2706167788,2706168370,11973,582
29452.637057,2706171226,2706171839,12037,613
29452.758782,2706208518,2706209121,9145,603
29452.770811,2706212421,2706213031,8936,610
29452.782842,2706216358,2706216947,9181,589
29452.794858,2706220267,2706220882,9253,615
29452.806874,2706224134,2706224719,8898,585
29452.818908,2706228030,2706228648,9236,618
29452.830924,2706231903,2706232503,9218,600
29452.842947,2706236046,2706236628,11974,582
29452.854972,2706240107,2706240709,12075,602
29452.866992,2706244049,2706244664,9085,615
29452.879012,2706247931,2706248543,8900,612
29452.891042,2706251906,2706252515,9192,609
29452.903057,2706255970,2706256580,11843,610
29452.915092,2706260070,2706260683,11926,613
29452.927114,2706264158,2706264772,12071,614
29452.939132,2706268271,2706268876,12032,605
29452.951152,2706272249,2706272857,11854,608
29452.963182,2706276325,2706276910,11960,585
29452.975194,2706280289,2706280907,11863,618
29452.987224,2706284265,2706284848,12009,583
29452.999251,2706288292,2706288875,11964,583
29453.011269,2706292199,2706292808,9294,609
29453.023292,2706296133,2706296742,8943,609
29453.035318,2706300179,2706300762,11963,583
29453.047336,2706304175,2706304781,9192,606
29453.059355,2706308183,2706308765,11989,582
29453.071389,2706312220,2706312824,12083,604
29453.081902,2706315633,2706316241,8885,608
29453.093932,2706319561,2706320146,11974,585
29453.105949,2706323492,2706324112,12076,620
29453.117968,2706327441,2706328025,8886,584
29453.130001,2706331311,2706331894,9196,583
29453.142017,2706335164,2706335765,9170,601
29453.154043,2706339002,2706339585,8948,583
29453.166068,2706342873,2706343486,9121,613
29453.178086,2706346798,2706347402,9264,604
29453.190110,2706350714,2706351299,8935,585
29453.202141,2706354560,2706355149,9223,589
29453.214155,2706358440,2706359055,9070,615
29453.226179,2706362507,2706363089,11997,582
29453.238202,2706366494,2706367104,12105,610
29453.250222,2706370569,2706371173,9242,604
29453.262253,2706374492,2706375074,9024,582
29453.274278,2706378386,2706378971,9207,585
29453.286292,2706382289,2706382903,9253,614
29453.298319,2706386207,2706386789,8969,582
29453.310345,2706390196,2706390778,11980,582
29453.322362,2706394245,2706394860,12053,615
29453.334384,2706398098,2706398680,8969,582
29453.346413,2706401970,2706402553,9172,583
29453.358430,2706405898,2706406508,9227,610
29453.370456,2706409780,2706410362,9008,582
29453.382484,2706413653,2706414236,9246,583
29453.394498,2706417565,2706418180,9287,615
29453.406515,2706421417,2706422001,8841,584
29453.418553,2706425319,2706425899,9213,580
29453.430568,2706429248,2706429858,9273,610
29453.442584,2706433316,2706433897,11959,581
29453.453109,2706436840,2706437443,12045,603
29453.510224,2706454717,2706455299,12029,582
29453.522244,2706458773,2706459356,11976,583
29453.534262,2706462645,2706463250,9258,605
29453.546289,2706466550,2706467131,8921,581
29453.558320,2706470441,2706471025,9220,584
29453.570333,2706474335,2706474949,9208,614
29453.582357,2706478244,2706478826,8966,582
29453.594389,2706482110,2706482700,9188,590
29453.606402,2706486005,2706486625,9251,620
29453.618425,2706489897,2706490477,8980,580
29453.630454,2706493802,2706494386,9205,584
29453.642462,2706497786,2706498399,11860,613
29453.652997,2706501298,2706501912,12127,614
29453.734154,2706526449,2706527031,9205,582
29453.746163,2706530316,2706530928,9175,612
29453.758196,2706534258,2706534840,9001,582
29453.770222,2706538125,2706538709,9226,584
29453.782231,2706542005,2706542618,9159,613
29453.794260,2706545850,2706546431,8958,581
29453.806290,2706549703,2706550287,9253,584
29453.818303,2706553546,2706554155,9215,609
29453.830328,2706557413,2706557995,8942,582
29453.842357,2706561460,2706562044,11958,584
29453.854362,2706565482,2706566095,11892,613
29453.866397,2706569383,2706569965,9001,582
29453.878426,2706573324,2706573907,9193,583
29453.890436,2706577191,2706577799,9178,608
29453.902463,2706581003,2706581583,8951,580
29453.914497,2706584899,2706585482,9230,583
29453.926508,2706588929,2706589542,11936,613
29453.938525,2706592976,2706593560,11844,584
29453.950564,2706596841,2706597425,9161,584
29453.962575,2706600690,2706601303,9223,613
29453.974600,2706604575,2706605157,8945,582
29453.986632,2706608474,2706609059,9192,585
29453.998641,2706612349,2706612951,9171,602
29454.010664,2706616215,2706616799,8865,584
29454.022701,2706620099,2706620684,9240,585
29454.034712,2706623960,2706624569,9199,609
29454.046737,2706627833,2706628414,8972,581
29454.058764,2706631871,2706632480,12120,609
29454.069277,2706635463,2706636047,11834,584
29454.087315,2706641284,2706641886,11806,602
29454.099343,2706645340,2706645954,12093,614
29454.109854,2706648853,2706649439,8894,586
29454.121894,2706652733,2706653173,7444,440
29454.133902,2706656457,2706657059,9148,602
29454.145929,2706660337,2706660918,8932,581
29454.157957,2706664243,2706664853,12086,610
29454.169973,2706668158,2706668768,9286,610
29454.181999,2706672032,2706672614,8983,582
29454.194027,2706675873,2706676457,9198,584
29454.206041,2706679752,2706680368,9038,616
29454.218066,2706683633,2706684213,8976,580
29454.230097,2706687475,2706688058,9181,583
29454.242103,2706691462,2706692075,11919,613
29454.254140,2706695425,2706696038,11897,613
29454.266166,2706699418,2706700001,9199,583
29454.278178,2706703318,2706703932,9153,614
29454.290203,2706707233,2706707815,8925,582
29454.302233,2706711105,2706711689,9194,584
29454.342809,2706723969,2706724551,11982,582
29454.354822,2706728002,2706728618,11998,616
29454.366847,2706731847,2706732455,8887,608
29454.378876,2706735765,2706736348,9188,583
29454.390886,2706739632,2706740239,9129,607
29454.402919,2706743465,2706744084,8921,619
29454.414942,2706747361,2706747975,9266,614
29454.426961,2706751284,2706751889,9173,605
29454.438977,2706755150,2706755734,8909,584
29454.451014,2706758981,2706759562,9208,581
29454.463024,2706762855,2706763468,9128,613
29454.475053,2706766979,2706767560,11977,581
29454.487077,2706771123,2706771733,12079,610
29454.499089,2706775240,2706775853,11865,613
29454.511119,2706779335,2706779917,11967,582
29454.523145,2706783284,2706783904,9199,620
29454.535162,2706787308,2706787918,11848,610
29454.547193,2706791357,2706791978,11997,621
29454.566723,2706797627,2706798228,9188,601
29454.578749,2706801501,2706802082,8935,581
29454.590783,2706805558,2706806143,9247,585
29454.602791,2706809417,2706810026,9032,609
29454.614816,2706813260,2706813863,8911,603
29454.626848,2706817378,2706817962,11990,584
29454.638863,2706821239,2706821854,9238,615
29454.650892,2706825058,2706825637,9007,579
29454.662913,2706828941,2706829556,9218,615
29454.674927,2706832983,2706833585,9187,602
29454.685461,2706836495,2706837077,11999,582
29454.822208,2706878654,2706879239,11864,585
29454.834246,2706882548,2706883135,9228,587
29454.846249,2706886599,2706887211,11871,612
29454.858280,2706890693,2706891281,12003,588
29454.870306,2706894711,2706895326,12070,615
29454.885332,2706899844,2706900426,11983,582
29454.930422,2706913911,2706914492,8945,581
29454.942448,2706917819,2706918404,9222,585
29454.954463,2706921869,2706922478,12065,609
29454.966491,2706925689,2706926265,8990,576
29454.978516,2706929583,2706930167,9179,584
29454.990528,2706933424,2706934037,9199,613
29455.002558,2706937305,2706937909,8940,604
29455.014587,2706941169,2706941752,9235,583
29455.026598,2706945085,2706945698,9143,613
29455.038619,2706948959,2706949544,8886,585
29455.050654,2706952847,2706953460,9218,613
29455.062665,2706956727,2706957328,9112,601
29455.074691,2706960704,2706961286,11969,582
29455.085213,2706964241,2706964850,12077,609
29455.110760,2706972467,2706973049,11979,582
29455.122791,2706976376,2706976960,9182,584
29455.134800,2706980254,2706980866,9152,612
29455.146836,2706984138,2706984746,8992,608
29455.158856,2706988203,2706988813,12101,610
29455.170873,2706992218,2706992827,12045,609
29455.182898,2706996028,2706996610,9001,582
29455.194928,2706999891,2707000479,9227,588
29455.206939,2707003720,2707004333,9167,613
29455.218964,2707007530,2707008112,8947,582
29455.230996,2707011439,2707012023,9157,584
29455.243007,2707015330,2707015943,9151,613
29455.255034,2707019250,2707019835,8944,585
29455.267064,2707023403,2707023985,11962,582
29455.279075,2707027465,2707028076,11821,611
29455.291101,2707031624,2707032237,11815,613
29455.303131,2707035852,2707036457,12069,605
29455.315146,2707039885,2707040490,11839,605
29455.327173,2707043943,2707044525,11964,582
29455.339201,2707048028,2707048612,11960,584
29455.351209,2707052015,2707052622,11859,607
29455.363243,2707055970,2707056578,11819,608
29455.375270,2707060000,2707060609,12084,609
29455.387287,2707064038,2707064653,12040,615
29455.399309,2707068044,2707068653,12010,609
29455.411336,2707072118,2707072733,12085,615
29455.421856,2707075506,2707076088,8939,582
29455.433883,2707079374,2707079956,9210,582
29455.445896,2707083222,2707083824,9025,602
29455.457921,2707087104,2707087685,11979,581
29455.469949,2707090988,2707091603,12090,615
29455.481965,2707094862,2707095463,9130,601
29455.493997,2707098888,2707099470,12077,582
29455.506022,2707102760,2707103344,9208,584
29455.518033,2707106594,2707107202,9130,608
29455.530062,2707110470,2707111052,8968,582
29455.542093,2707114305,2707114890,9213,585
29455.554105,2707118227,2707118841,9181,614
29455.566131,2707122138,2707122719,8904,581
29455.578160,2707126005,2707126590,9213,585
29455.590170,2707129875,2707130493,9130,618
29455.602197,2707133720,2707134333,8872,613
29455.614230,2707137566,2707138149,9203,583
29455.626237,2707141582,2707142190,11931,608
29455.638265,2707145471,2707146056,8930,585
29455.650298,2707149301,2707149882,9203,581
29455.662307,2707153137,2707153748,9177,611
29455.674334,2707157173,2707157755,12000,582
29455.686359,2707161112,2707161731,12070,619
29455.698379,2707165056,2707165664,9199,608
29455.710404,2707168926,2707169507,8967,581
29455.722432,2707172825,2707173409,9190,584
29455.734444,2707176725,2707177343,9178,618
29455.746467,2707180630,2707181215,8857,585
29455.758499,2707184535,2707185119,9224,584
29455.770518,2707188539,2707189143,12089,604
29455.782541,2707192395,2707192971,8980,576
29455.794568,2707196280,2707196900,9242,620
29455.806579,2707200156,2707200760,9161,604
29455.818604,2707204020,2707204633,8863,613
29455.830640,2707207952,2707208537,9224,585
29455.842651,2707211785,2707212398,9003,613
29455.854673,2707215678,2707216263,8902,585
29455.866709,2707219554,2707220136,9205,582
29455.878716,2707223418,2707224021,9209,603
29455.890751,2707227387,2707227969,12032,582
29455.901265,2707230964,2707231578,12025,614
29455.943350,2707244250,2707244852,12123,602
29455.953859,2707247671,2707248255,8899,584
29455.965899,2707251524,2707252106,9150,582
29455.977907,2707255402,2707256015,9194,613
29455.989941,2707259316,2707259897,8975,581
29456.001962,2707263163,2707263783,9178,620
29456.013976,2707267074,2707267687,9168,613
29456.026004,2707270939,2707271520,8954,581
29456.038034,2707274799,2707275383,9219,584
29456.050050,2707278668,2707279271,9174,603
29456.062074,2707282566,2707283148,8981,582
29456.074100,2707286546,2707287131,11972,585
29456.086108,2707290529,2707291142,11862,613
29456.098143,2707294429,2707295011,8940,582
29456.110169,2707298352,2707298937,9192,585
29456.122182,2707302195,2707302803,9171,608
29456.134210,2707306085,2707306667,8912,582
29456.146237,2707309971,2707310556,9229,585
29456.158252,2707313827,2707314430,9165,603
29456.170276,2707317771,2707318356,8915,585
29456.182310,2707321645,2707322228,9226,583
29456.194323,2707325482,2707326089,9212,607
29456.206341,2707329341,2707329922,8928,581
29456.218373,2707333215,2707333830,9196,615
29456.230391,2707337140,2707337747,9155,607
29456.242410,2707341033,2707341619,8897,586
29456.254446,2707344906,2707345490,9203,584
29456.266458,2707348801,2707349411,9175,610
29456.278482,2707352642,2707353223,8914,581
29456.290512,2707356696,2707357306,12106,610
29456.302519,2707360755,2707361368,11867,613
29456.314552,2707364634,2707365211,8981,577
29456.326581,2707368526,2707369110,9224,584
29456.338594,2707372354,2707372967,9047,613
29456.350623,2707376216,2707376797,9026,581
29456.362651,2707380081,2707380666,9195,585
29456.374665,2707383967,2707384578,9135,611
29456.386693,2707387981,2707388565,11904,584
29456.398718,2707391890,2707392473,9191,583
29456.410729,2707395735,2707396348,9170,613
29456.422756,2707399578,2707400159,8947,581
29456.434786,2707403437,2707404052,9210,615
29456.446799,2707407329,2707407934,9218,605
29456.458827,2707411154,2707411736,8957,582
29456.470856,2707415040,2707415625,9195,585
29456.482864,2707418913,2707419518,9163,605
29456.494890,2707422782,2707423390,8901,608
29456.506922,2707426824,2707427434,12073,610
29456.518928,2707430862,2707431470,11892,608
29456.530957,2707434696,2707435299,8902,603
29456.542995,2707438634,2707439217,9264,583
29456.555001,2707442476,2707443089,9184,613
29456.567029,2707446476,2707447083,11816,607
29456.579058,2707450596,2707451205,12091,609
29456.591075,2707454642,2707455255,9187,613
29456.603097,2707458736,2707459345,11994,609
29456.615124,2707462868,2707463483,12109,615
29456.627144,2707466858,2707467470,9161,612
29456.639169,2707470885,2707471500,12010,615
29456.651196,2707474953,2707475563,12113,610
29456.663204,2707478980,2707479593,11868,613
29456.675236,2707482828,2707483410,8983,582
29456.687264,2707486703,2707487318,9236,615
29456.699276,2707490682,2707491291,11819,609
29456.711305,2707494649,2707495262,11822,613
29456.723332,2707498721,2707499331,12069,610
29456.735351,2707502716,2707503318,11846,602
29456.745882,2707506079,2707506662,9199,583
29456.757891,2707509965,2707510573,9119,608
29456.769917,2707513838,2707514423,8947,585
29456.781951,2707517651,2707518243,9227,592
29456.793965,2707521518,2707522125,9188,607
29456.805985,2707525434,2707526015,8951,581
29456.818014,2707529298,2707529903,9189,605
29456.830028,2707533214,2707533816,9138,602
29456.842056,2707537085,2707537666,8960,581
29456.854086,2707540945,2707541530,9237,585
29456.866100,2707544786,2707545391,9224,605
29456.878124,2707548672,2707549253,8951,581
29456.890154,2707552653,2707553236,12059,583
29456.902160,2707556639,2707557241,11871,602
29456.914193,2707560547,2707561124,8929,577
29456.926222,2707564436,2707565020,9233,584
29456.938235,2707568315,2707568928,9171,613
29456.950262,2707572176,2707572753,8951,577
29456.962293,2707576058,2707576642,9202,584
29456.974303,2707579936,2707580549,9150,613
29456.986324,2707583877,2707584461,8915,584
29456.998362,2707587748,2707588331,9212,583
29457.010376,2707591582,2707592198,9173,616
29457.022398,2707595470,2707596052,9011,582
29457.034427,2707599320,2707599935,9246,615
29457.046444,2707603265,2707603878,9199,613
29457.058467,2707607106,2707607688,8982,582
29457.070496,2707610985,2707611569,9163,584
29457.082508,2707614862,2707615467,9069,605
29457.094535,2707618727,2707619308,8987,581
29457.106563,2707622748,2707623332,11981,584
29457.118569,2707626737,2707627350,11861,613
29457.130608,2707630589,2707631171,8977,582
29457.142632,2707634479,2707635063,9146,584
29457.154643,2707638354,2707638967,9170,613
29457.166673,2707642198,2707642780,8992,582
29457.178702,2707646100,2707646685,9197,585
29457.190718,2707649964,2707650581,9178,617
29457.202736,2707653859,2707654443,8903,584
29457.214770,2707657768,2707658352,9197,584
29457.226781,2707661613,2707662214,9198,601
29457.238810,2707665481,2707666062,8917,581
29457.250837,2707669352,2707669962,9154,610
29457.262848,2707673201,2707673812,9202,611
29457.274877,2707677046,2707677628,8986,582
29457.286907,2707680958,2707681573,9265,615
29457.298917,2707684796,2707685406,9155,610
29457.310940,2707688636,2707689239,8838,603
29457.322975,2707692695,2707693300,12068,605
29457.334982,2707696736,2707697347,11903,611
29457.347009,2707700585,2707701188,8859,603
29457.359041,2707704697,2707705281,11960,584
29457.371051,2707708745,2707709357,11857,612
29457.383074,2707712836,2707713420,11797,584
29457.395111,2707716951,2707717559,12071,608
29457.407126,2707720893,2707721499,9214,606
29457.419146,2707724771,2707725356,8834,585
29457.431182,2707728823,2707729428,12120,605
29457.443187,2707732839,2707733441,11864,602
29457.455218,2707736822,2707737440,11834,618
29457.467247,2707740871,2707741455,11961,584
29457.479267,2707744849,2707745462,11832,613
29457.491289,2707748685,2707749267,8975,582
29457.503318,2707752532,2707753115,9218,583
29457.515327,2707756520,2707757136,11864,616
29457.527365,2707760517,2707761098,12023,581
29457.537881,2707764023,2707764643,9215,620
29457.549896,2707767927,2707768512,8898,585
29457.561931,2707771780,2707772365,9245,585
29457.573943,2707775645,2707776248,9168,603
29457.585969,2707779521,2707780106,8917,585
29457.598001,2707783381,2707783964,9171,583
29457.610012,2707787253,2707787866,9176,613
29457.622033,2707791255,2707791863,11805,608
29457.643079,2707798098,2707798707,12094,609
29457.670135,2707806791,2707807375,11982,584
29457.682153,2707810680,2707811293,9177,613
29457.694177,2707814589,2707815171,8970,582
29457.706204,2707818604,2707819188,11969,584
29457.718212,2707822623,2707823230,11866,607
29457.730239,2707826555,2707827140,8920,585
29457.742273,2707830461,2707831046,9194,585
29457.754286,2707834319,2707834922,9155,603
29457.766314,2707838182,2707838764,8952,582
29457.778341,2707842050,2707842670,9245,620
29457.790356,2707845973,2707846576,9184,603
29457.802376,2707849871,2707850456,8843,585
29457.814415,2707853685,2707854267,9204,582
29457.826421,2707857555,2707858168,9024,613
29457.838448,2707861642,2707862224,11967,582
29457.850474,2707865480,2707866089,9176,609
29457.862490,2707869363,2707869966,9233,603
29457.874524,2707873203,2707873785,9032,582
29457.886548,2707877083,2707877668,9191,585
29457.898558,2707880922,2707881529,9178,607
29457.910585,2707884763,2707885340,8915,577
29457.922613,2707888799,2707889383,11941,584
29457.934623,2707892783,2707893401,11866,618
29457.946656,2707896684,2707897266,9022,582
29457.958685,2707900531,2707901113,9220,582
29457.970695,2707904388,2707904996,9179,608
29458.139025,2707949798,2707950384,9246,586
29458.149538,2707952906,2707953493,8869,587
29458.182600,2707962578,2707963192,9199,614
29458.194628,2707966457,2707967039,8951,582
29458.206655,2707970337,2707970921,9184,584
29458.218673,2707974220,2707974835,9265,615
29458.230696,2707978104,2707978690,9011,586
29458.242725,2707982002,2707982588,9194,586
29458.254733,2707985974,2707986574,11821,600
29458.266760,2707989810,2707990418,8880,608
29458.278796,2707993733,2707994317,9224,584
29458.290803,2707997582,2707998190,9168,608
29458.302831,2708001388,2708001971,8975,583
29458.314866,2708005224,2708005805,9248,581
29458.326872,2708009105,2708009723,9201,618
29458.338901,2708013092,2708013674,11970,582
29458.350929,2708017116,2708017731,12090,615
29458.362944,2708021016,2708021620,9186,604
29458.374964,2708024849,2708025434,8834,585
29458.386993,2708028737,2708029358,9212,621
29458.399011,2708032811,2708033429,11906,618
29458.411036,2708036789,2708037372,8978,583
29458.423064,2708040738,2708041352,9227,614
29458.435086,2708044789,2708045399,9307,610
29458.447102,2708048806,2708049393,11953,587
29458.459133,2708052953,2708053537,11960,584
29458.471152,2708056993,2708057596,11874,603
29458.483173,2708061038,2708061646,11808,608
29458.495202,2708065075,2708065657,11955,582
29458.507215,2708068885,2708069487,9143,602
29458.519247,2708072695,2708073307,8990,612
29458.531272,2708076722,2708077338,12076,616
29458.543283,2708080736,2708081341,11821,605
29458.555309,2708084882,2708085490,11816,608
29458.567338,2708088921,2708089531,12075,610
29458.577854,2708092344,2708092929,8967,585
29458.589889,2708096153,2708096736,9192,583
29458.601901,2708100033,2708100641,9246,608
29458.613927,2708103869,2708104450,8927,581
29458.625951,2708107780,2708108364,11959,584
29458.637963,2708111661,2708112262,11923,601
29458.649992,2708115539,2708116146,11830,607
29458.662024,2708119401,2708119986,9205,585
29458.674039,2708123271,2708123873,9142,602
29458.686064,2708127158,2708127740,8945,582
29458.698093,2708131015,2708131598,9222,583
29458.710103,2708134871,2708135474,9118,603
29458.722125,2708138906,2708139491,11845,585
29458.734160,2708142881,2708143465,11975,584
29458.746173,2708146767,2708147374,9141,607
29458.758198,2708150903,2708151485,11981,582
29458.770228,2708154761,2708155376,9189,615
29458.782242,2708158688,2708159302,9195,614
29458.794269,2708162601,2708163183,8950,582
29458.806300,2708166434,2708167018,9198,584
29458.818314,2708170314,2708170919,9083,605
29458.830338,2708174185,2708174766,8965,581
29458.842367,2708178080,2708178665,9219,585
29458.854378,2708182082,2708182688,11884,606
29458.866411,2708186088,2708186701,11890,613
29458.878433,2708190112,2708190695,12021,583
29458.890448,2708194000,2708194608,9222,608
29458.902474,2708197865,2708198447,8977,582
29458.914502,2708201763,2708202346,9179,583
29458.926516,2708205633,2708206234,9157,601
29458.938541,2708209637,2708210219,11966,582
29458.950570,2708213656,2708214266,12090,610
29458.962588,2708217587,2708218185,9216,598
29458.974612,2708221466,2708222048,8962,582
29458.986640,2708225355,2708225939,9171,584
29458.998651,2708229194,2708229811,9152,617
29459.010677,2708233082,2708233665,8937,583
29459.022710,2708236942,2708237526,9256,584
29459.034725,2708240830,2708241434,9251,604
29459.046748,2708244675,2708245256,8982,581
29459.058777,2708248578,2708249162,9203,584
29459.070782,2708252582,2708253189,11862,607
29459.082810,2708256555,2708257163,11802,608
29459.094848,2708260409,2708260992,9195,583
29459.106854,2708264278,2708264886,9152,608
29459.118878,2708268152,2708268738,8899,586
29459.130911,2708272046,2708272629,9225,583
29459.142922,2708275918,2708276526,9189,608
29459.154947,2708279928,2708280510,11982,582
29459.166980,2708283967,2708284583,12096,616
29459.178991,2708287867,2708288475,9180,608
29459.191019,2708291871,2708292473,11828,602
29459.203047,2708295796,2708296411,9215,615
29459.215069,2708299881,2708300494,11837,613
29459.227085,2708303985,2708304567,11949,582
29459.239115,2708307988,2708308597,9185,609
29459.251135,2708311953,2708312568,9297,615
29459.263163,2708315935,2708316516,12045,581
29459.275185,2708320006,2708320620,12076,614
29459.287196,2708324031,2708324638,11865,607
29459.299226,2708327980,2708328593,11851,613
29459.362353,2708347642,2708348219,12022,577
29459.374378,2708351680,2708352264,9207,584
29459.386391,2708355555,2708356163,9168,608
29459.398418,2708359449,2708360032,8954,583
29459.410448,2708363297,2708363880,9231,583
29459.422462,2708367205,2708367823,9230,618
29459.434484,2708371141,2708371726,8928,585
29459.446517,2708374999,2708375581,9218,582
29459.458531,2708378825,2708379426,9206,601
29459.470549,2708382877,2708383459,11970,582
29459.482578,2708386936,2708387540,12067,604
29459.494595,2708390840,2708391448,9194,608
29459.506623,2708394679,2708395261,9004,582
29459.518653,2708398584,2708399169,9233,585
29459.530663,2708402420,2708403032,9207,612
29459.542689,2708406270,2708406851,8971,581
29459.554720,2708410281,2708410866,11982,585
29459.566727,2708414274,2708414886,11865,612
29459.578760,2708418144,2708418726,8973,582
29459.604311,2708426439,2708427048,12008,609
29459.622345,2708432445,2708433030,11907,585
29459.653909,2708442509,2708443094,11921,585
29459.665932,2708446429,2708447034,12100,605
29459.677951,2708450396,2708451000,8951,604
29459.689979,2708454314,2708454899,8923,585
29459.702001,2708458230,2708458845,9252,615
29459.714020,2708462175,2708462784,8988,609
29459.726047,2708466085,2708466669,8938,584
29459.738068,2708470069,2708470683,12069,614
29459.750085,2708474124,2708474740,11994,616
29459.762116,2708478070,2708478691,8939,621
29459.774136,2708482009,2708482625,9275,616
29459.786150,2708485952,2708486565,8863,613
29459.798184,2708489879,2708490464,8915,585
29459.810206,2708493791,2708494412,9055,621
29459.822217,2708497720,2708498321,8853,601
29459.834252,2708501660,2708502244,8927,584
29459.846272,2708505587,2708506206,9233,619
29459.858295,2708509729,2708510347,11877,618
29459.870321,2708513876,2708514464,11927,588
29459.910896,2708527028,2708527633,12057,605
29459.922919,2708530977,2708531587,9186,610
29459.934936,2708534903,2708535519,8954,616
29459.946964,2708538819,2708539402,8909,583
29459.958985,2708542741,2708543356,9059,615
29459.971002,2708546841,2708547448,11834,607
29460.007077,2708558452,2708559068,11881,616
29460.019100,2708562647,2708563232,11923,585
29460.031125,2708566826,2708567436,12085,610
29460.043141,2708570956,2708571558,11842,602
29460.055171,2708574930,2708575551,8971,621
29460.067193,2708578957,2708579571,9213,614
29460.079210,2708582989,2708583600,11847,611
29460.091240,2708587054,2708587669,12084,615
29460.103264,2708591159,2708591779,9185,620
29460.130312,2708599925,2708600532,12111,607
29460.142330,2708604044,2708604648,11990,604
29460.154358,2708608130,2708608716,11953,586
29460.166383,2708612218,2708612823,12097,605
29460.178394,2708616137,2708616744,8833,607
29460.190430,2708620199,2708620783,8894,584
29460.202452,2708624266,2708624881,12099,615
29460.214462,2708628200,2708628814,8822,614
29460.226497,2708632107,2708632692,8933,585
29460.237009,2708635612,2708636216,11988,604
29460.258058,2708642482,2708643092,12038,610
29460.268573,2708645946,2708646561,12001,615
29460.291110,2708653323,2708653936,11829,613
29460.303143,2708657571,2708658155,11922,584
29460.315166,2708661678,2708662282,12139,604
29460.327179,2708665705,2708666313,11837,608
29460.339209,2708669644,2708670259,8901,615
29460.351230,2708673635,2708674255,9226,620
29460.363250,2708677766,2708678376,11827,610
29460.375279,2708681681,2708682265,8928,584
29460.387303,2708685845,2708686455,12074,610
29460.399319,2708689859,2708690472,11844,613
29460.411348,2708693973,2708694584,12037,611
29460.421865,2708697464,2708698074,9005,610
29460.433892,2708701399,2708701983,8926,584
29460.445912,2708705278,2708705889,9182,611
29460.457934,2708709228,2708709838,9000,610
29460.469962,2708713175,2708713760,11934,585
29460.481981,2708717060,2708717674,12099,614
29460.493994,2708721008,2708721621,8856,613
29460.506029,2708725033,2708725648,12037,615
29460.518052,2708729015,2708729625,9211,610
29460.530061,2708732949,2708733560,8834,611
29460.540591,2708736549,2708737158,12074,609
29460.576660,2708748027,2708748640,9186,613
29460.587182,2708751636,2708752248,12001,612
29460.599206,2708755762,2708756366,12081,604
29460.609729,2708759217,2708759801,8920,584
29460.642779,2708769834,2708770447,11857,613
29460.653310,2708773449,2708774062,12069,613
29460.674339,2708780385,2708780987,11837,602
29460.686373,2708784494,2708785079,11919,585
29460.698392,2708788516,2708789130,12098,614
29460.710405,2708792421,2708793029,8888,608
29460.722440,2708796363,2708796948,8940,585
29460.734463,2708800285,2708800890,9234,605
29460.746476,2708804187,2708804794,8895,607
29460.758513,2708808166,2708808751,8945,585
29460.770531,2708812203,2708812816,12144,613
29460.781049,2708815705,2708816321,8908,616
29460.791565,2708819428,2708820041,11850,613
29460.802092,2708822929,2708823544,8973,615
29460.814103,2708826872,2708827486,8812,614
29460.826138,2708830775,2708831360,8883,585
29460.838157,2708834664,2708835276,9190,612
29460.850181,2708838657,2708839268,8995,611
29460.862207,2708842576,2708843158,8924,582
29460.874229,2708846484,2708847094,9249,610
29460.886243,2708850573,2708851183,11990,610
29460.898274,2708854653,2708855275,12080,622
29460.910296,2708858629,2708859239,9275,610
29460.943356,2708869283,2708869868,11926,585
29460.953876,2708872744,2708873348,8948,604
29460.965907,2708876656,2708877090,7642,434
29460.977924,2708880396,2708880999,9193,603
29460.989946,2708884369,2708884985,8972,616
29461.001973,2708888487,2708889103,8921,616
29461.013996,2708892429,2708893041,9224,612
29461.026008,2708896386,2708896993,8808,607
29461.038043,2708900313,2708900898,8890,585
29461.050063,2708904227,2708904847,9060,620
29461.062075,2708908176,2708908782,8856,606
29461.074109,2708912097,2708912681,8911,584
29461.086130,2708916121,2708916742,12070,621
29461.098153,2708920211,2708920823,11892,612
29461.110179,2708924166,2708924752,8897,586
29461.122203,2708928078,2708928687,9243,609
29461.134211,2708932017,2708932625,8844,608
29461.146246,2708935930,2708936514,8893,584
29461.158271,2708939881,2708940496,9194,615
29461.170282,2708943958,2708944571,11804,613
29461.182313,2708948011,2708948595,11917,584
29461.194340,2708951928,2708952538,9236,610
29461.206351,2708956017,2708956625,8890,608
29461.218388,2708959976,2708960560,8912,584
29461.230408,2708963872,2708964483,9248,611
29461.242418,2708967800,2708968413,8871,613
29461.254454,2708971766,2708972350,8936,584
29461.264964,2708975329,2708975939,11989,610
29461.276994,2708979437,2708980022,11944,585
29461.295027,2708985234,2708985817,8873,583
29461.307051,2708989348,2708989958,12084,610
29461.319068,2708993447,2708994059,11842,612
29461.331096,2708997641,2708998256,12057,615
29461.343121,2709001838,2709002447,12141,609
29461.355136,2709005995,2709006608,11823,613
29461.367165,2709010012,2709010597,8927,585
29461.379190,2709014105,2709014720,12114,615
29461.391205,2709018210,2709018812,11846,602
29461.403233,2709022308,2709022918,12051,610
29461.415259,2709026411,2709027021,12073,610
29461.427275,2709030434,2709031037,11844,603
29461.439303,2709034491,2709035107,12060,616
29461.451324,2709038619,2709039224,12068,605
29461.463344,2709042610,2709043224,11843,614
29461.473868,2709046063,2709046675,9201,612
29461.485890,2709050058,2709050519,7568,461
29461.497921,2709053863,2709054329,7671,466
29461.509939,2709057657,2709058272,9201,615
29461.521958,2709061588,2709062198,8935,610
29461.533986,2709065508,2709066093,8890,585
29461.546008,2709069410,2709070018,9054,608
29461.558026,2709073379,2709073989,8975,610
29461.570054,2709077310,2709077895,8869,585
29461.582073,2709081290,2709081904,12121,614
29461.594097,2709085204,2709085812,8961,608
29461.606122,2709089140,2709089725,8904,585
29461.618145,2709093100,2709093705,9198,605
29461.630155,2709097023,2709097631,8832,608
29461.642190,2709100939,2709101529,8905,590
29461.654213,2709104880,2709105494,9181,614
29461.666232,2709108815,2709109425,8943,610
29461.678259,2709112727,2709113309,8925,582
29461.690279,2709116598,2709117200,9175,602
29461.702294,2709120658,2709121271,11816,613
29461.714328,2709124750,2709125360,12063,610
29461.726350,2709128670,2709129285,9245,615
29461.738360,2709132576,2709133184,8886,608
29461.750400,2709136510,2709137095,8896,585
29461.762419,2709140417,2709141031,9247,614
29461.774429,2709144342,2709144955,8893,613
29461.786464,2709148246,2709148831,8897,585
29461.798487,2709152295,2709152910,12102,615
29461.810498,2709156232,2709156830,8883,598
29461.822533,2709160282,2709160867,8930,585
29461.834556,2709164227,2709164842,9190,615
29461.846575,2709168156,2709168774,8939,618
29461.858602,2709172104,2709172688,8912,584
29461.870625,2709176053,2709176662,9252,609
29461.894670,2709183884,2709184501,12039,617
29461.906692,2709187860,2709188470,9208,610
29461.918709,2709191882,2709192490,11888,608
29461.930736,2709195934,2709196518,11956,584
29461.942761,2709199873,2709200494,9071,621
29461.954774,2709203795,2709204408,8896,613
29461.966808,2709207703,2709208287,8905,584
29461.978826,2709211606,2709212219,9215,613
29461.990847,2709215534,2709216147,8929,613
29462.002875,2709219621,2709220206,11936,585
29462.014896,2709223674,2709224288,12102,614
29462.026907,2709227608,2709228211,8885,603
29462.038942,2709231512,2709232097,8908,585
29462.050966,2709235443,2709236053,9238,610
29462.062978,2709239347,2709239966,8885,619
29462.075012,2709243295,2709243879,8924,584
29462.087030,2709247297,2709247899,9231,602
29462.099052,2709251327,2709251942,8962,615
29462.111080,2709255540,2709256159,12062,619
29462.123103,2709259750,2709260360,12079,610
29462.135121,2709263851,2709264458,11846,607
29462.147148,2709268036,2709268651,12081,615
29462.159172,2709272193,2709272798,12083,605
29462.171188,2709276269,2709276871,11844,602
29462.183216,2709280369,2709280953,11924,584
29462.195239,2709284441,2709285060,12072,619
29462.207257,2709288462,2709289070,11843,608
29462.219287,2709292518,2709293139,12073,621
29462.231311,2709296626,2709297230,12079,604
29462.243329,2709300669,2709301274,12002,605
29462.255354,2709304717,2709305301,11925,584
29462.265872,2709308187,2709308801,8955,614
29462.277900,2709312088,2709312670,8894,582
29462.289922,2709315955,2709316573,9013,618
29462.301937,2709319940,2709320544,11987,604
29462.313969,2709323895,2709324510,12064,615
29462.325988,2709327805,2709328407,9185,602
29462.338013,2709331776,2709332396,8939,620
29462.350037,2709335743,2709336333,8886,590
29462.362061,2709339671,2709340274,9266,603
29462.374069,2709343595,2709344203,8871,608
29462.386105,2709347535,2709348119,8920,584
29462.398129,2709351448,2709352063,9182,615
29462.410138,2709355405,2709356012,8788,607
29462.422172,2709359330,2709359914,8917,584
29462.434196,2709363261,2709363876,9260,615
29462.446208,2709367194,2709367812,8854,618
29462.458243,2709371101,2709371686,8938,585
29462.470262,2709374963,2709375566,9184,603
29462.482284,2709378951,2709379561,8982,610
29462.494314,2709382872,2709383454,8867,582
29462.506334,2709386775,2709387390,9231,615
29462.518346,2709390873,2709391486,11810,613
29462.530379,2709394938,2709395548,12056,610
29462.542402,2709398884,2709399494,9247,610
29462.554412,2709402789,2709403407,8900,618
29462.566447,2709406701,2709407286,8898,585
29462.578470,2709410597,2709411211,9163,614
29462.590487,2709414571,2709415186,8973,615
29462.602515,2709418478,2709419062,8934,584
29462.614538,2709422534,2709423138,12108,604
29462.626551,2709426468,2709427071,8897,603
29462.638586,2709430550,2709431165,8947,615
29462.650607,2709434501,2709435116,9254,615
29462.662618,2709438447,2709439053,8827,606
29462.674652,2709442374,2709442958,8903,584
29462.686674,2709446340,2709446955,9065,615
29462.698695,2709450275,2709450886,8977,611
29462.710722,2709454180,2709454762,8925,582
29462.722745,2709458117,2709458728,9246,611
29462.734765,2709462156,2709462763,11922,607
29462.746788,2709466243,2709466828,11917,585
29462.758813,2709470169,2709470774,9236,605
29462.770824,2709474067,2709474670,8910,603
29462.782858,2709477992,2709478576,8907,584
29462.794881,2709481930,2709482538,9233,608
29462.806892,2709485810,2709486423,8876,613
29462.818926,2709489735,2709490320,8945,585
29462.830950,2709493815,2709494425,12103,610
29462.842961,2709497780,2709498382,8911,602
29462.854995,2709501719,2709502304,8908,585
29462.867020,2709505799,2709506414,12083,615
29462.879035,2709509818,2709510422,11866,604
29462.891065,2709513964,2709514579,12040,615
29462.903086,2709518049,2709518669,9241,620
29462.915104,2709522068,2709522684,8974,616
29462.927130,2709526228,2709526810,11946,582
29462.939155,2709530376,2709530986,12065,610
29462.951173,2709534473,2709535086,11881,613
29462.963200,2709538549,2709539164,12060,615
29462.975224,2709542721,2709543325,12076,604
29462.987241,2709546760,2709547381,11995,621
29462.999270,2709550900,2709551515,12063,615
29463.011294,2709554999,2709555613,12083,614
29463.023309,2709559018,2709559626,11843,608
29463.035338,2709563050,2709563660,12034,610
29463.045856,2709566544,2709567159,9015,615
29463.057884,2709570500,2709571084,8924,584
29463.069903,2709574402,2709575021,9132,619
29463.081928,2709578374,2709578995,8976,621
29463.093952,2709582331,2709582913,8876,582
29463.105971,2709586214,2709586827,9175,613
29463.117989,2709590200,2709590816,12029,616
29463.130020,2709594182,2709594791,12063,609
29463.142039,2709598126,2709598739,9179,613
29463.154053,2709602048,2709602656,8849,608
29463.166088,2709605955,2709606539,8909,584
29463.178111,2709609859,2709610479,9186,620
29463.190123,2709613814,2709614417,8846,603
29463.202158,2709617705,2709618290,8932,585
29463.214180,2709621620,2709622240,9258,620
29463.226192,2709625697,2709626305,11811,608
29463.238229,2709629660,2709630245,8937,585
29463.250248,2709633763,2709634367,12098,604
29463.262259,2709637689,2709638303,8783,614
29463.274293,2709641610,2709642195,8902,585
29463.286315,2709645544,2709646154,9255,610
29463.298333,2709649503,2709650107,8988,604
29463.310362,2709653426,2709654008,8899,582
29463.322385,2709657328,2709657943,9256,615
29463.334399,2709661433,2709662043,11992,610
29463.346429,2709665504,2709666120,12054,616
29463.358453,2709669450,2709670060,9219,610
29463.370466,2709673357,2709673965,8862,608
29463.382501,2709677255,2709677865,8935,610
29463.394523,2709681203,2709681813,9233,610
29463.406532,2709685155,2709685758,8895,603
29463.418568,2709689096,2709689680,8924,584
29463.430589,2709693052,2709693668,9048,616
29463.442603,2709696993,2709697596,8898,603
29463.454638,2709700928,2709701512,8905,584
29463.466660,2709704878,2709705493,9229,615
29463.478678,2709708783,2709709402,8928,619
29463.490706,2709712729,2709713313,8848,584
29463.502729,2709716635,2709717244,9246,609
29463.514745,2709720547,2709721160,8971,613
29463.526773,2709724490,2709725072,8894,582
29463.538793,2709728408,2709729015,9212,607
29463.550812,2709732413,2709733020,11851,607
29463.562842,2709736472,2709737088,12063,616
29463.574861,2709740390,2709740998,9208,608
29463.586874,2709744349,2709744951,8856,602
29463.598908,2709748257,2709748841,8930,584
29463.610928,2709752176,2709752788,9227,612
29463.622951,2709756124,2709756740,8962,616
29463.647000,2709763987,2709764596,12078,609
29463.659016,2709768127,2709768735,11845,608
29463.671044,2709772313,2709772898,11928,585
29463.683069,2709776469,2709777084,12069,615
29463.695085,2709780619,2709781229,8964,610
29463.750690,2709798190,2709798801,11882,611
29463.762712,2709802209,2709802816,11824,607
29463.774746,2709806123,2709806707,9196,584
29463.786756,2709809995,2709810603,9186,608
29463.798783,2709813863,2709814445,9000,582
29463.810815,2709817730,2709818312,9188,582
29463.822823,2709821597,2709822205,9190,608
29463.834854,2709825470,2709826052,8983,582
29463.846881,2709829351,2709829935,9189,584
29463.858893,2709833254,2709833862,9086,608
29463.870915,2709837129,2709837742,8898,613
29463.970112,2709867790,2709868373,8997,583
29464.039234,2709886107,2709886708,9084,601
29464.051266,2709890026,2709890641,9207,615
29464.063288,2709894269,2709894873,12070,604
29464.075310,2709898234,2709898836,11843,602
29464.087336,2709902288,2709902892,12079,604
29464.097850,2709905687,2709906272,8904,585
29464.109886,2709909533,2709910114,9226,581
29464.121898,2709913378,2709913987,9210,609
29464.133917,2709917320,2709917905,11826,585
29464.145950,2709921140,2709921759,12093,619
29464.157964,2709925004,2709925608,9187,604
29464.169987,2709928890,2709929474,8873,584
29464.182024,2709932753,2709933337,9225,584
29464.194036,2709936623,2709937226,9235,603
29464.206059,2709940549,2709941134,8952,585
29464.218090,2709944421,2709945007,9211,586
29464.230105,2709948300,2709948909,9249,609
29464.242129,2709952144,2709952725,8959,581
29464.254159,2709956004,2709956589,9194,585
29464.266167,2709960151,2709960765,11932,614
29464.278194,2709964052,2709964660,8913,608
29464.290227,2709967915,2709968500,9212,585
29464.302242,2709971777,2709972383,9182,606
29464.314266,2709975635,2709976216,8967,581
29464.326296,2709979502,2709980084,9253,582
29464.338307,2709983379,2709983992,9173,613
29464.350333,2709987424,2709988005,12000,581
29464.362359,2709991430,2709992036,12070,606
29464.374377,2709995319,2709995927,9196,608
29464.386403,2709999206,2709999788,8996,582
29464.398435,2710003097,2710003682,9228,585
29464.410447,2710006943,2710007543,9156,600
29464.422472,2710010818,2710011399,9036,581
29464.434502,2710014654,2710015237,9217,583
29464.446512,2710018515,2710019123,9192,608
29464.458540,2710022381,2710022962,8998,581
29464.470572,2710026238,2710026822,9214,584
29464.482575,2710030263,2710030871,11866,608
29464.494605,2710034126,2710034739,8891,613
29464.506636,2710038031,2710038614,9198,583
29464.518649,2710041909,2710042522,9184,613
29464.530677,2710045759,2710046340,8963,581
29464.542709,2710049623,2710050205,9206,582
29464.554716,2710053501,2710054115,9162,614
29464.566742,2710057463,2710058045,11964,582
29464.578770,2710061464,2710062078,12068,614
29464.590786,2710065339,2710065946,9205,607
29464.602814,2710069173,2710069754,8982,581
29464.614844,2710073065,2710073649,9206,584
29464.626848,2710077103,2710077715,11870,612
29464.638881,2710080964,2710081545,8946,581
29464.650910,2710084827,2710085410,9192,583
29464.662927,2710088741,2710089350,9289,609
29464.674950,2710092614,2710093196,8987,582
29464.686978,2710096502,2710097086,9198,584
29464.698989,2710100353,2710100956,9164,603
29464.711017,2710104293,2710104900,11814,607
29464.723044,2710108444,2710109028,11989,584
29464.735058,2710112414,2710113032,9163,618
29464.747082,2710116408,2710116993,8910,585
29464.759117,2710120449,2710121060,12129,611
29464.771129,2710124510,2710125116,11901,606
29464.783157,2710128516,2710129098,11968,582
29464.795184,2710132530,2710133133,12070,603
29464.807195,2710136503,2710137108,11825,605
29464.819224,2710140438,2710141051,11811,613
29464.831250,2710144524,2710145144,12081,620
29464.843262,2710148540,2710149153,11864,613
29464.855294,2710152515,2710153117,11816,602
29464.867321,2710156418,2710157001,9175,583
29464.879339,2710160518,2710161123,9287,605
29464.889867,2710163930,2710164518,9185,588
29464.901886,2710167899,2710168368,7362,469
29464.913906,2710171708,2710172293,8962,585
29464.925937,2710175549,2710176135,9187,586
29464.937949,2710179434,2710180053,9219,619
29464.949976,2710183427,2710184009,12007,582
29464.961998,2710187255,2710187869,12076,614
29464.974015,2710191139,2710191743,9193,604
29464.986038,2710195091,2710195676,11829,585
29464.998076,2710198940,2710199524,9180,584
29465.010089,2710202809,2710203419,9215,610
29465.022107,2710206708,2710207293,8932,585
29465.034144,2710210510,2710211093,9210,583
29465.046155,2710214390,2710215003,9197,613
29465.058181,2710218290,2710218871,8929,581
29465.070211,2710222143,2710222727,9188,584
29465.082219,2710226298,2710226911,11928,613
29465.094248,2710230357,2710230938,11979,581
29465.106281,2710234190,2710234774,9131,584
29465.118294,2710238065,2710238673,9186,608
29465.130318,2710241940,2710242522,8952,582
29465.142348,2710245814,2710246397,9254,583
29465.154362,2710249665,2710250276,9193,611
29465.166383,2710253695,2710254277,11993,582
29465.178412,2710257718,2710258322,12096,604
29465.190427,2710261616,2710262224,9166,608
29465.202455,2710265450,2710266032,8981,582
29465.214487,2710269298,2710269883,9195,585
29465.226501,2710273107,2710273713,9209,606
29465.238525,2710276985,2710277567,9001,582
29465.250553,2710280822,2710281405,9220,583
29465.262569,2710284724,2710285334,9282,610
29465.274593,2710288609,2710289190,8971,581
29465.286624,2710292482,2710293067,9202,585
29465.298626,2710296568,2710297171,11868,603
29465.310658,2710300574,2710301187,11835,613
29465.322688,2710304499,2710305084,9208,585
29465.334700,2710308368,2710308976,9138,608
29465.346729,2710312217,2710312799,8954,582
29465.358759,2710316068,2710316648,9210,580
29465.370768,2710319950,2710320558,9209,608
29465.382795,2710323958,2710324540,11974,582
29465.394822,2710327977,2710328592,12082,615
29465.406836,2710331888,2710332491,9186,603
29465.418864,2710335719,2710336301,8988,582
29465.430896,2710339591,2710340176,9162,585
29465.442905,2710343414,2710344020,9167,606
29465.454931,2710347282,2710347863,8956,581
29465.466965,2710351143,2710351727,9246,584
29465.478979,2710355008,2710355618,9291,610
29465.491002,2710358945,2710359527,8990,582
29465.503029,2710363060,2710363645,11962,585
29465.515041,2710367066,2710367675,11842,609
29465.527069,2710371146,2710371759,11815,613
29465.539097,2710375320,2710375905,11971,585
29465.551109,2710379289,2710379902,9204,613
29465.563134,2710383168,2710383775,8913,607
29465.575166,2710387277,2710387895,12082,618
29465.587175,2710391300,2710391908,11889,608
29465.599208,2710395416,2710396025,12011,609
29465.611232,2710399485,2710400100,12080,615
29465.623254,2710403396,2710404000,9291,604
29465.686369,2710423241,2710423842,11868,601
29465.698399,2710427315,2710427897,11998,582
29465.710424,2710431337,2710431947,12095,610
29465.722443,2710435267,2710435880,9186,613
29465.734462,2710439160,2710439745,8914,585
29465.746493,2710443026,2710443635,9240,609
29465.758507,2710446924,2710447530,9200,606
29465.770533,2710450870,2710451455,8923,585
29465.782559,2710454906,2710455491,11909,585
29465.794571,2710458894,2710459512,11867,618
29465.806604,2710462811,2710463396,8929,585
29465.818632,2710466732,2710467341,9228,609
29465.830648,2710470661,2710471263,9188,602
29465.842667,2710474540,2710475124,8913,584
29465.854696,2710478432,2710479052,9219,620
29465.866711,2710482330,2710482933,9183,603
29465.878738,2710486214,2710486793,8896,579
29465.890768,2710490068,2710490676,9184,608
29465.902781,2710493972,2710494585,9157,613
29465.914801,2710498088,2710498673,11830,585
29465.926836,2710502159,2710502780,12101,621
29465.938852,2710506078,2710506691,9184,613
29465.950871,2710509973,2710510557,8896,584
29465.962904,2710513907,2710514527,9281,620
29465.974917,2710517794,2710518400,9168,606
29465.986942,2710521718,2710522302,8923,584
29465.998975,2710525807,2710526428,12089,621
29466.010982,2710529866,2710530479,11870,613
29466.023013,2710533909,2710534488,11867,579
29466.035042,2710537972,2710538582,12086,610
29466.047055,2710542103,2710542711,11906,608
29466.059076,2710546208,2710546792,11839,584
29466.071110,2710550402,2710551012,12073,610
29466.083125,2710554402,2710555010,9202,608
29466.095148,2710558370,2710558954,8890,584
29466.107178,2710562523,2710563137,12068,614
29466.119185,2710566547,2710567160,11865,613
29466.131210,2710570623,2710571207,11793,584
29466.143249,2710574659,2710575262,12091,603
29466.155257,2710578654,2710579262,11871,608
29466.167287,2710582576,2710583191,9014,615
29466.179317,2710586530,2710587134,9227,604
29466.191325,2710590522,2710591132,11869,610
29466.203359,2710594580,2710595189,12048,609
29466.213878,2710598026,2710598637,9280,611
29466.225897,2710601940,2710602526,8852,586
29466.237932,2710605811,2710606414,9295,603
29466.249949,2710609750,2710610360,9297,610
29466.261965,2710613668,2710614253,8925,585
29466.274000,2710617537,2710618144,9238,607
29466.286016,2710621478,2710622087,9277,609
29466.298033,2710625491,2710626076,11842,585
29466.308553,2710629059,2710629671,11923,612
29466.374678,2710650042,2710650624,11816,582
29466.386712,2710653958,2710654568,9260,610
29466.398722,2710657996,2710658604,11866,608
29466.410749,2710662044,2710662654,11977,610
29466.422781,2710666009,2710666614,9256,605
29466.434797,2710669919,2710670537,9237,618
29466.446816,2710673832,2710674417,8867,585
29466.458849,2710677773,2710678394,9258,621
29466.470864,2710681690,2710682303,9190,613
29466.482883,2710685583,2710686167,8840,584
29466.494917,2710689493,2710690106,9245,613
29466.506932,2710693426,2710694046,9272,620
29466.518955,2710697357,2710697942,8905,585
29466.530987,2710701440,2710702055,12087,615
29466.542994,2710705502,2710706115,11907,613
29466.555026,2710709581,2710710165,11849,584
29466.567053,2710713569,2710714173,9271,604
29466.579066,2710717558,2710718161,9221,603
29466.591087,2710721676,2710722260,11822,584
29466.603122,2710725787,2710726396,12095,609
29466.615135,2710729844,2710730452,11870,608
29466.627160,2710733903,2710734513,11982,610
29466.639192,2710737991,2710738600,12089,609
29466.651202,2710742022,2710742630,11867,608
29466.663228,2710746058,2710746668,11986,610
29466.675261,2710750147,2710750759,12088,612
29466.687268,2710754139,2710754752,11868,613
29466.699299,2710758030,2710758640,8974,610
29466.711329,2710762051,2710762671,9204,620
29466.723338,2710766082,2710766699,11869,617
29466.733874,2710769535,2710770137,9286,602
29466.745891,2710773501,2710774116,9274,615
29466.757908,2710777419,2710778003,8929,584
29466.769943,2710781283,2710781890,9221,607
29466.781957,2710785234,2710785844,12021,610
29466.793980,2710789185,2710789769,11843,584
29466.806012,2710793058,2710793667,9259,609
29466.818028,2710796991,2710797604,9188,613
29466.830048,2710800915,2710801500,8921,585
29466.842078,2710804803,2710805416,9232,613
29466.854094,2710808768,2710809380,9260,612
29466.866114,2710812664,2710813248,8890,584
29466.878149,2710816531,2710817134,9281,603
29466.890166,2710820477,2710821091,9254,614
29466.902186,2710824413,2710824997,8980,584
29466.914214,2710828475,2710829084,12097,609
29466.924724,2710832102,2710832686,11818,584
29466.971309,2710846926,2710847539,11836,613
29467.114089,2710883050,2710883654,6308,604
29467.126112,2710886436,2710887056,7173,620
29467.138141,2710889894,2710890479,6795,585
29467.150158,2710893805,2710894409,9081,604
29467.162181,2710897727,2710898311,8885,584
29467.174211,2710901614,2710902228,9216,614
29467.186226,2710905514,2710906127,9210,613
29467.198251,2710909558,2710910142,11886,584
29467.210280,2710913602,2710914210,12145,608
29467.222296,2710917511,2710918124,9179,613
29467.234314,2710921402,2710921987,8910,585
29467.246348,2710925302,2710925917,9217,615
29467.258360,2710929195,2710929815,9149,620
29467.270382,2710933092,2710933676,8856,584
29467.282416,2710936974,2710937584,9146,610
29467.294435,2710940895,2710941504,9237,609
29467.306451,2710944830,2710945413,8858,583
29467.318487,2710948706,2710949310,9281,604
29467.330491,2710952805,2710953418,11860,613
29467.342521,2710956901,2710957510,11954,609
29467.354556,2710960834,2710961450,9252,616
29467.366570,2710964777,2710965380,9229,603
29467.378588,2710968672,2710969257,8898,585
29467.390622,2710972552,2710973160,9210,608
29467.402639,2710976526,2710977136,9213,610
29467.414655,2710980565,2710981150,11808,585
29467.426691,2710984611,2710985218,12180,607
29467.438708,2710988517,2710989124,9180,607
29467.450727,2710992443,2710993053,8979,610
29467.462758,2710996394,2710997009,9235,615
29467.474771,2711000272,2711000880,9145,608
29467.486794,2711004161,2711004746,8864,585
29467.498825,2711008082,2711008698,9239,616
29467.510843,2711012000,2711012621,9291,621
29467.522863,2711015916,2711016499,8951,583
29467.534896,2711019839,2711020444,9263,605
29467.546912,2711023895,2711024497,11838,602
29467.558932,2711027964,2711028579,11955,615
29467.570964,2711031926,2711032537,9253,611
29467.582974,2711035805,2711036414,9185,609
29467.595010,2711039827,2711040412,11914,585
29467.607034,2711043876,2711044488,12173,612
29467.619042,2711047971,2711048578,11863,607
29467.631067,2711052110,2711052695,11826,585
29467.692696,2711071832,2711072446,12154,614
