time,start,end,count,end-start
102.9153,44189391,44190005,9225,614
103.934238,44343596,44344184,7733,588
104.954675,44511479,44512101,9221,622
105.975118,44659781,44660373,9192,592
106.982029,44808150,44808761,6166,611
108.01449,44955122,44955733,9220,611
109.034931,45103242,45103860,9267,618
110.038839,45254278,45254895,8898,617
111.045756,45426713,45427179,3991,466
112.094759,45596583,45597168,9074,585
113.110679,45753880,45754464,8919,584
114.134138,45911647,45912242,6931,595
115.142538,46060426,46061040,9138,614
116.174998,46207711,46208322,9103,611
117.193952,46355080,46355701,7583,621
118.214393,46503557,46504172,9132,615
119.239329,46658910,46659527,9196,617
120.258276,46831419,46832035,8252,616
121.278711,46992876,46993490,9165,614
122.282632,47140424,47141039,9180,615
123.303061,47296247,47296833,8834,586
124.338535,47448182,47448799,9127,617
125.358977,47597023,47597609,8953,586
126.377909,47739472,47740061,5101,589
127.390839,47889590,47890202,12029,612
128.394755,48039458,48040075,9373,617
129.398664,48220570,48221188,12046,618
130.450655,48381795,48382405,9266,610
131.459073,48525741,48526342,8882,601
132.487028,48685778,48686378,8930,600
133.517997,48832075,48832688,5543,613
134.538427,48977945,48978558,8872,613
135.55887,49132617,49133225,8809,608
136.579303,49283013,49283626,9159,613
137.598259,49452319,49452934,8044,615
138.60066,49619536,49620148,12002,612
139.639131,49772269,49772883,12089,614
140.658065,49923700,49924307,6041,607
141.678506,50076544,50077155,8951,611
142.69444,50223405,50224017,8882,612
143.7179,50373035,50373497,4180,462
144.738329,50517626,50518241,8770,615
145.758767,50668154,50668763,9216,609
146.779212,50834387,50834994,8877,607
147.783125,50993884,50994496,8841,612
148.790042,51139589,51140172,6299,583
149.830012,51289889,51290497,6415,608
150.854967,51442612,51443232,9243,620
151.878417,51591452,51592067,8078,615
152.89885,51738188,51738770,8936,582
153.919293,51880815,51881430,9225,615
154.938222,52021880,52022487,7346,607
155.942144,52186085,52186699,7117,614
156.967089,52360155,52360736,8993,581
157.990531,52515458,52516066,8990,608
159.018488,52672744,52673347,9232,603
160.034417,52822175,52822778,9175,603
161.038334,52962648,52963231,8976,583
162.054263,53104504,53105112,7905,608
163.098753,53252521,53253103,9205,582
164.119183,53394942,53395527,8899,585
165.120091,53566088,53566708,11964,620
166.130011,53780076,53780669,6186,593
167.138429,53930829,53931440,9216,611
168.163379,54088520,54089138,8823,618
169.218387,54240892,54241474,8708,582
170.238829,54384336,54384917,8958,581
171.259274,54526232,54526812,9206,580
172.27821,54669872,54670479,7578,607
173.286622,54809894,54810477,8988,583
174.310075,54986648,54987268,6849,620
175.347043,55154452,55155059,8944,607
176.365984,55308546,55309159,5768,613
177.381919,55465521,55466140,5486,619
178.387327,55607388,55608005,9258,617
179.394245,55751854,55752470,7526,616
180.44623,55896931,55897537,7779,606
181.466673,56041027,56041608,8950,581
182.487118,56190351,56190962,8885,611
183.49102,56359670,56360280,9118,610
184.517484,56527413,56528020,8992,607
185.546936,56679277,56679886,8943,609
186.565875,56833918,56834377,4093,459
187.586324,56973838,56974419,8474,581
188.606756,57115244,57115854,8916,610
189.627187,57262604,57263216,9149,612
190.631104,57407536,57408145,8841,609
191.662068,57556706,57557310,6176,604
192.665974,57730692,57731302,5864,610
193.693931,57896530,57897139,5229,609
194.69483,58041335,58041953,9199,618
195.746835,58204080,58204693,9207,613
196.767266,58350300,58350906,9144,606
197.786222,58491828,58492411,7614,583
198.790118,58631494,58632078,6630,584
199.827094,58778672,58779279,8864,607
200.834007,58924400,58925008,9232,608
201.842434,59109521,59110129,8911,608
202.855358,59264496,59265111,8893,615
203.910361,59414341,59414944,8591,603
204.92629,59571987,59572595,6173,608
205.951249,59714071,59714680,9313,609
206.97018,59866944,59867554,7388,610
207.990617,60010228,60010836,9186,608
208.999036,60152775,60153381,9189,606
210.005962,60306770,60307352,5604,582
211.014378,60479431,60480044,8949,613
212.034818,60633195,60633778,9212,583
213.03872,60780313,60780927,9016,614
214.110264,60938649,60939261,7820,612
215.130696,61081571,61082151,8957,580
216.151148,61222008,61222589,9172,581
217.158051,61364218,61364831,6544,613
218.190528,61508991,61509572,9331,581
219.210957,61652958,61653562,9146,604
220.229896,61822829,61823429,9111,600
221.250339,61975257,61975867,7176,610
222.270773,62118891,62119497,9180,606
223.282209,62266406,62267025,7306,619
224.286108,62408726,62409311,6769,585
225.287021,62551581,62552195,9256,614
226.351032,62699234,62699843,9190,609
227.366975,62842740,62843323,9272,583
228.375394,62990241,62990820,9219,579
229.410855,63168197,63168798,8925,601
230.431302,63326127,63326730,9229,603
231.450243,63473147,63473761,7916,614
232.454138,63623852,63624457,7093,605
233.491117,63768656,63769266,8936,610
234.510045,63908792,63909392,6464,600
235.530487,64051884,64052490,9185,606
236.550939,64190304,64190909,9251,605
237.551843,64342174,64342784,8881,610
238.563257,64509346,64509951,9216,605
239.610759,64670329,64670949,9020,620
240.619167,64818783,64819368,8838,585
241.650137,64974918,64975532,7277,614
242.670572,65116332,65116931,8976,599
243.69101,65258451,65259051,8899,600
244.709949,65399362,65399962,5205,600
245.730399,65544970,65545550,9136,580
246.734307,65703454,65704068,8007,614
247.74121,65870773,65871381,8946,608
248.742124,66018510,66019113,9270,603
249.762567,66163415,66164016,9270,601
250.831091,66324700,66325299,8946,599
251.850037,66466664,66467246,6319,582
252.870465,66606268,66606868,8930,600
253.89091,66750764,66751364,8917,600
254.911341,66893894,66894494,9149,600
255.930289,67058107,67058715,7966,608
256.934206,67226138,67226719,8750,581
257.950133,67371244,67371846,9289,602
258.990114,67522239,67522825,6860,586
260.010543,67667390,67667995,8951,605
261.030989,67811755,67812362,9219,607
262.034899,67946770,67947375,9248,605
263.038805,68090944,68091552,9212,608
264.090805,68239122,68239725,9199,603
265.096229,68400303,68400904,12114,601
266.130185,68567360,68567968,7463,608
267.150626,68714544,68715146,9275,602
268.165062,68861292,68861876,9248,584
269.19,69007900,69008505,7827,605
270.210443,69148042,69148649,9245,607
271.230887,69289312,69289911,9211,599
272.251325,69432154,69432752,9219,598
273.270273,69573284,69573866,9257,582
274.278689,69744134,69744742,9301,608
275.290115,69908785,69909366,6827,581
276.294008,70060588,70061189,6062,601
277.296429,70208067,70208671,12116,604
278.310859,70351727,70352308,9209,581
279.334302,70499100,70499680,8445,580
280.386304,70645134,70645743,7551,609
281.41425,70788052,70788651,11825,599
282.439212,70936775,70937355,9186,580
283.440108,71092770,71093375,11865,605
284.454538,71252909,71253489,9061,580
285.511042,71406330,71406939,11967,609
286.529982,71556694,71557294,5614,600
287.550426,71707967,71708573,9205,606
288.570868,71850871,71851468,9269,597
289.574778,71989034,71989642,9253,608
290.59821,72131697,72132297,7674,600
291.630681,72271285,72271888,9305,603
292.65112,72444210,72444788,8873,578
293.670061,72600570,72601179,6349,609
294.690495,72745969,72746569,9146,600
295.710948,72894195,72894802,9308,607
296.731382,73047484,73048064,8908,580
297.750325,73189965,73190570,8473,605
298.758737,73327013,73327612,8915,599
299.791205,73465162,73465769,9215,607
300.796331,73603181,73603789,12070,608
301.799018,73764497,73765103,9161,606
302.82246,73925589,73926188,8955,599
303.86245,74082083,74082663,9273,580
304.890406,74243739,74244319,9139,580
305.910836,74384146,74384742,9204,596
306.919257,74521383,74521989,8852,606
307.942702,74659898,74660499,9088,601
308.970655,74798566,74799169,8921,603
309.991105,74946428,74947035,9339,607
310.99802,75114067,75114634,6114,567
312.030472,75268501,75269104,8955,603
313.034385,75416411,75417013,8668,602
314.071353,75569348,75569949,9211,601
315.090303,75713832,75714407,8379,575
316.110736,75857090,75857669,8987,579
317.126665,76004150,76004751,9200,601
318.150122,76149335,76149916,6989,581
319.163042,76292483,76293064,8993,581
320.191002,76462125,76462682,9033,557
321.202426,76617469,76618051,9180,582
322.210828,76761212,76761817,9137,605
323.238793,76916660,76917239,8958,579
324.271256,77058223,77058823,8850,600
325.287189,77198398,77199000,9244,602
326.310633,77337500,77338104,9227,604
327.331076,77480421,77480994,8994,573
328.350013,77631022,77631623,5774,601
329.350918,77798809,77799406,8966,597
330.381876,77950963,77951572,8926,609
331.387288,78087895,78088495,11835,600
332.430276,78240725,78241303,7940,578
333.450712,78383951,78384549,9115,598
334.471142,78524705,78525312,9102,607
335.490094,78667115,78667694,6426,579
336.510532,78804131,78804730,8991,599
337.530978,78959507,78960106,12140,599
338.534878,79125535,79126137,8833,602
339.543305,79270914,79271512,9288,598
340.55022,79410675,79411255,7713,580
341.611224,79568369,79568974,11837,605
342.630167,79715888,79716494,7128,606
343.650615,79865969,79866576,9110,607
344.668038,80008023,80008605,8910,582
345.689978,80152983,80153581,9066,598
346.693895,80306309,80306764,4004,455
347.706829,80469050,80469657,8947,607
348.710733,80620609,80621212,8985,603
349.713138,80760414,80760998,8881,584
350.726075,80914793,80915370,6583,577
351.782583,81065288,81065892,9247,604
352.806013,81207126,81207725,6056,599
353.830966,81354639,81355214,8925,575
354.870955,81500339,81500945,9285,606
355.886881,81654078,81654684,8971,606
356.895301,81811902,81812515,9251,613
357.914243,81953428,81954034,7489,606
358.930169,82104638,82105239,6963,601
359.9461,82260963,82261568,6517,605
360.962039,82402360,82402919,6277,559
362.011029,82546570,82547174,8932,604
363.029961,82686129,82686699,5517,570
364.038377,82823131,82823728,8551,597
365.054312,82984590,82985194,9007,604
366.05522,83147231,83147833,9172,602
367.110222,83296419,83297020,7722,601
368.112638,83441101,83441707,12117,606
369.151112,83593277,83593878,9170,601
370.170043,83734862,83735463,5944,601
371.190491,83876678,83877253,9248,575
372.198906,84010580,84011186,9214,606
373.231366,84150336,84150939,8891,603
374.238283,84312202,84312808,9270,606
375.270741,84476224,84476823,8885,599
376.282179,84624539,84625120,8957,581
377.286074,84770450,84771051,6754,601
378.311028,84919914,84920488,8998,574
379.351011,85068894,85069469,9229,575
380.369949,85205897,85206476,5563,579
381.390389,85348022,85348595,9123,573
382.39429,85489535,85490136,8299,601
383.419239,85657235,85657830,8834,595
384.447193,85818907,85819509,8918,602
385.454116,85964653,85965260,7540,607
386.47906,86114719,86115312,9177,593
387.494998,86256064,86256644,9174,580
388.497397,86387420,86388012,8533,592
389.510327,86527367,86527944,8202,577
390.571345,86668773,86669376,9336,603
391.590283,86807455,86808028,7969,573
392.591175,86970228,86970828,9119,600
393.607122,87130617,87131196,9142,579
394.650097,87280034,87280619,6374,585
395.67054,87426186,87426760,9062,574
396.690976,87567645,87568223,8891,578
397.702403,87705955,87706553,9210,598
398.730355,87855002,87855577,8356,575
399.750804,88000023,88000625,9286,602
400.771244,88144944,88145546,8933,602
401.779655,88302328,88302924,8910,596
402.786566,88456753,88457351,9162,598
403.794993,88597758,88598358,9260,600
404.806418,88746657,88747258,9247,601
405.831368,88890355,88890954,9189,599
406.854806,89034959,89035557,8855,598
407.863226,89175603,89176205,11989,602
408.870141,89314761,89315360,7208,599
409.895098,89469505,89470114,9199,609
410.897493,89625304,89625908,7028,604
411.91042,89774105,89774703,9202,598
412.918846,89913921,89914526,9318,605
414.021943,90079190,90079786,9241,596
415.027357,90221945,90222552,9234,607
416.070331,90365990,90366584,8691,594
417.090771,90545928,90546519,9205,591
418.109713,90686605,90687210,4047,605
419.130161,90829376,90829956,7230,580
420.13407,91090221,91090832,6532,611
421.146986,91247011,91247604,8907,593
422.150898,91387771,91388368,9186,597
423.210408,91544933,91545528,9265,595
424.229345,91685032,91685608,7374,576
425.251297,91827504,91828115,9273,611
426.270232,91970950,91971550,7674,600
427.290683,92106670,92107245,9294,575
428.294589,92246587,92247167,9238,580
429.315028,92421847,92422448,8920,601
430.350496,92577752,92578347,8966,595
431.370939,92729776,92730376,9286,600
432.382358,92881134,92881741,9226,607
433.386268,93018224,93018824,8183,600
434.430756,93163370,93163976,9240,606
435.451199,93299781,93300377,9192,596
436.470124,93435123,93435720,6678,597
437.474036,93582108,93582705,6205,597
438.474952,93746921,93747501,5908,580
439.486367,93898170,93898742,8697,572
440.494781,94044581,94045177,9321,596
441.570837,94200267,94200841,9232,574
442.591265,94344164,94344759,9051,595
443.610213,94477864,94478444,7596,580
444.614121,94609807,94610363,6705,556
445.651088,94753964,94754562,9165,598
446.653497,94901934,94902538,11978,604
447.666422,95071333,95071931,9159,598
448.679344,95220377,95220969,9231,592
449.719331,95366985,95367593,9331,608
450.750294,95520700,95521306,8344,606
451.770722,95656505,95657108,9183,603
452.774637,95788528,95789107,9029,579
453.810113,95935902,95936501,6821,599
454.830544,96077061,96077636,9006,575
455.834447,96230385,96230982,9090,597
456.84288,96396352,96396954,12085,602
457.890361,96546523,96547121,9032,598
458.894275,96688852,96689431,7815,579
459.904192,96835999,96836604,9264,605
460.950177,96981247,96981823,7471,576
461.970632,97123247,97123848,9287,601
462.991071,97269614,97270217,9300,603
464.006985,97413969,97414570,9109,601
465.007908,97576347,97576949,8977,602
466.01933,97740751,97741355,9201,604
467.050288,97888858,97889459,7980,601
468.09026,98033431,98034025,8048,594
469.110708,98179462,98180055,9213,593
470.131143,98319700,98320293,12072,593
471.142564,98469644,98470242,9179,598
472.170519,98613821,98614420,9236,599
473.19096,98755141,98755732,8884,591
474.209899,98915765,98916369,8884,604
475.23035,99079041,99079620,8683,579
476.250778,99229365,99229959,9197,594
477.254697,99369331,99369932,8953,601
478.275127,99512967,99513568,9230,601
479.279046,99647480,99648085,9285,605
480.311511,99788045,99788609,7138,564
481.318414,99928463,99929064,8902,601
482.322325,100068343,100068944,9229,601
483.326234,100226277,100226876,9225,599
484.382747,100391842,100392444,11842,602
485.391162,100534294,100534888,8857,594
486.395081,100675489,100676090,8967,601
487.471116,100831437,100832031,8852,594
488.490066,100967582,100968160,6332,578
489.510499,101103441,101104035,9249,594
490.512909,101239455,101240062,7202,607
491.551382,101378152,101378745,9222,593
492.570312,101543383,101543981,8123,598
493.575737,101704033,101704634,9216,601
494.599172,101844899,101845492,8837,593
495.63014,101994250,101994827,6853,577
496.650574,102140238,102140836,8930,598
497.671024,102280032,102280610,9209,578
498.689954,102421544,102422136,5268,592
499.710405,102560577,102561151,9232,574
500.730844,102698691,102699264,9232,573
501.751284,102867506,102868104,9161,598
502.758195,103027180,103027757,7122,577
503.790664,103179108,103179689,8947,581
504.811104,103331364,103331943,9143,579
505.830043,103471396,103471958,6288,562
506.850478,103609320,103609920,9282,600
507.870921,103743047,103743622,9243,575
508.891356,103879981,103880556,8878,575
509.910303,104025791,104026346,8316,555
510.918716,104189379,104189985,9208,606
511.942164,104349458,104350062,7161,604
512.962595,104495701,104496295,9262,594
513.990552,104650119,104650693,9013,574
515.01099,104797141,104797718,8942,577
516.01641,104930542,104931141,9067,599
517.030837,105072494,105073098,9204,604
518.070819,105214662,105215262,9231,600
519.091255,105360080,105360683,8953,603
520.098168,105526577,105527171,7061,594
521.126124,105688601,105689183,6772,582
522.151064,105841425,105842027,9073,602
523.17001,105991900,105992510,5723,610
524.190445,106126392,106126977,8957,585
525.210888,106267246,106267845,9204,599
526.229837,106406001,106406580,6922,579
527.238244,106543188,106543782,7856,594
528.270706,106691716,106692311,8945,595
529.27462,106856570,106857163,8973,593
530.310082,107007717,107008314,8916,597
531.323018,107152294,107152893,9218,599
532.350968,107305586,107306183,8888,597
533.369911,107444486,107444929,3750,443
534.390356,107584156,107584754,11569,598
535.398765,107721788,107722387,9260,599
536.43122,107862762,107863355,9122,593
537.450167,108016382,108016983,7000,601
538.463092,108181181,108181776,8933,595
539.491047,108332983,108333581,9185,598
540.509994,108475006,108475595,5976,589
541.51089,108626779,108627351,8943,572
542.534337,108772229,108772828,8446,599
543.559291,108910283,108910888,9251,605
544.582729,109050218,109050809,9992,591
545.606185,109191152,109191731,7459,579
546.607078,109336416,109337015,9237,599
547.617013,109503317,109503897,8946,580
548.662996,109658197,109658795,8936,598
549.690946,109801641,109802248,9152,607
550.711392,109946657,109947251,9248,594
551.718294,110085375,110085967,8193,592
552.743241,110225524,110226122,9165,598
553.771213,110369599,110370194,9210,595
554.790139,110503690,110504271,6743,581
555.803077,110654163,110654718,9123,555
556.806975,110813640,110814215,8915,575
557.830429,110960976,110961547,8990,571
558.846361,111108331,111108903,8528,572
559.890853,111264830,111265394,9300,564
560.911295,111402980,111403553,9215,573
561.927215,111541980,111542554,8889,574
562.934132,111678558,111679106,6540,548
563.942548,111811998,111812589,9206,591
564.946462,111975394,111975968,8937,574
565.957884,112135482,112135923,3786,441
567.002371,112286145,112286702,8716,557
568.012289,112433651,112434244,8914,593
569.022204,112578083,112578665,8930,582
570.026121,112714206,112714799,12049,593
571.111178,112863762,112864339,8857,577
572.130125,113001044,113001637,6693,593
573.150561,113141134,113141709,8973,575
574.152959,113296855,113297460,11951,605
575.188439,113463518,113464117,8296,599
576.21038,113612557,113613151,8830,594
577.230811,113760465,113761045,8897,580
578.246748,113906601,113907199,9156,598
579.270207,114045746,114046323,7583,577
580.283126,114182496,114183091,9259,595
581.311079,114322432,114323027,9225,595
582.330015,114466717,114467318,6199,601
583.338438,114627659,114628258,9228,599
584.342339,114793719,114794316,8356,597
585.350761,114938355,114938952,8957,597
586.374208,115085780,115086373,7349,593
587.382621,115227174,115227751,8795,577
588.386536,115364312,115364901,9317,589
589.414485,115507644,115508242,8934,598
590.490534,115654627,115655223,8885,596
591.510974,115799856,115800461,8911,605
592.513389,115962403,115963014,8922,611
593.542846,116129171,116129770,9305,599
594.570787,116271767,116272359,9156,592
595.591229,116414379,116414972,9159,593
596.610171,116548988,116549586,7054,598
597.630615,116687294,116687888,9224,594
598.651056,116829567,116830165,11832,598
599.65497,116966651,116967242,9215,591
600.658881,117109679,117110269,9303,590
601.670298,117279288,117279883,8003,595
602.702767,117430191,117430770,9203,579
603.711182,117573867,117574467,9171,600
604.770691,117736791,117737384,9252,593
605.791131,117875704,117876294,9158,590
606.810071,118017810,118018409,4609,599
607.813977,118153013,118153595,5927,582
608.850961,118292566,118293141,9244,575
609.854869,118437037,118437640,9279,603
610.88282,118608822,118609394,8883,572
611.91078,118755498,118756073,9224,575
612.931213,118895828,118896407,8947,579
613.950162,119044408,119044988,7183,580
614.970596,119187869,119188479,9210,610
615.974501,119327855,119328455,9283,600
617.00997,119470724,119471298,5837,574
618.022901,119607231,119607824,9239,593
619.026813,119751889,119752462,9200,573
620.03523,119917304,119917902,9184,598
621.058676,120065399,120065977,9172,578
622.115178,120215885,120216479,8877,594
623.134115,120365941,120366506,6446,565
624.154563,120506931,120507525,9221,594
625.175002,120654731,120655329,9318,598
626.193946,120795383,120795959,5704,576
627.206867,120936621,120937217,9330,596
628.221296,121095636,121096235,7522,599
629.222194,121258098,121258696,7247,598
630.274201,121407658,121408257,7222,599
631.275097,121546744,121547343,9179,599
632.279004,121694463,121695059,9134,596
633.28592,121839215,121839788,8872,573
634.354455,121985490,121986085,9058,595
635.374895,122123154,122123748,9217,594
636.386319,122257988,122258596,8204,608
637.406764,122414557,122415150,9017,593
638.427189,122575076,122575674,9129,598
639.455156,122719165,122719750,8915,585
640.474099,122867356,122867933,6737,577
641.494537,123013285,123013889,9225,604
642.502947,123149027,123149618,9136,591
643.533921,123288148,123288577,3772,429
644.554347,123433197,123433794,8399,597
645.57479,123570485,123571084,9176,599
646.586224,123732958,123733537,7677,579
647.614176,123894216,123894822,7029,606
648.615072,124034772,124035369,8913,597
649.655056,124191087,124191686,9253,599
650.673992,124334672,124335272,5584,600
651.694425,124470066,124470663,8887,597
652.710363,124608082,124608676,8946,594
653.735312,124746905,124747502,8869,597
654.754254,124898808,124899414,7999,606
655.758158,125068471,125069047,8980,576
656.774088,125231140,125231742,6395,602
657.814076,125379287,125379866,9134,579
658.834508,125530633,125531233,9250,600
659.85495,125667174,125667772,9114,598
660.870882,125806321,125806892,8972,571
661.894336,125943258,125943832,9276,574
662.914765,126083599,126084189,9217,590
663.930708,126231300,126231895,9083,595
664.934616,126391138,126391711,9199,573
665.962573,126572334,126572913,9360,579
666.970989,126710676,126711253,9179,577
667.974899,126861118,126861692,9283,574
668.998345,126999587,127000144,8733,557
670.021786,127134928,127135532,7127,604
671.027188,127273755,127274354,9138,599
672.031101,127411153,127411752,8833,599
673.042532,127556492,127557065,9035,573
674.046445,127723365,127723943,9181,578
675.086414,127878550,127879150,8996,600
676.094842,128017885,128018459,9208,574
677.190424,128184487,128185059,9212,572
678.21393,128323112,128323679,4945,567
679.238816,128463605,128464206,9213,601
680.262257,128603174,128603751,6785,577
681.275183,128742203,128742781,8913,578
682.279103,128890850,128891445,9303,595
683.293522,129057065,129057642,6868,577
684.29443,129207760,129208360,9253,600
685.319381,129355019,129355619,8898,600
686.326293,129504662,129505255,7902,593
687.387314,129651222,129651826,9299,604
688.391213,129796707,129797308,9097,601
689.443222,129941166,129941770,9177,604
690.462166,130078500,130079071,7032,571
691.466073,130222371,130222972,9307,601
692.474483,130382699,130383291,8122,592
693.475392,130531471,130532069,9246,598
694.486807,130675219,130675817,9208,598
695.562861,130833278,130833876,9253,598
696.583292,130970978,130971572,9199,594
697.602243,131109307,131109901,9305,594
698.622672,131245488,131246074,8880,586
699.643123,131389280,131389880,9182,600
700.662062,131545919,131546519,6466,600
701.67048,131701151,131701724,9219,573
702.681905,131844229,131844659,4012,430
703.687304,131992681,131993280,8807,599
704.742321,132152178,132152756,8449,578
705.762752,132291954,132292553,9251,599
706.783194,132427308,132427886,8924,578
707.802128,132570460,132571018,6537,558
708.82258,132707412,132707990,9253,578
709.830998,132866989,132867589,9244,600
710.861959,133034318,133034923,5284,605
711.882387,133178240,133178836,8812,596
712.90283,133330821,133331411,9203,590
713.923275,133476313,133476907,8955,594
714.942219,133612657,133613235,7550,578
715.962649,133758438,133759036,8972,598
716.9831,133893735,133894310,9322,575
717.984332,134030146,134030741,12041,595
719.010456,134196485,134197058,9247,573
720.021866,134353194,134353791,6704,597
721.027282,134493924,134494519,12026,595
722.0312,134645776,134646376,9205,600
723.047122,134785854,134786449,8995,595
724.049538,134921637,134922216,9193,579
725.05495,135054789,135055369,9185,580
726.162552,135202240,135202830,9224,590
727.182994,135350877,135351454,9002,577
728.186899,135518613,135519210,11835,597
729.22237,135675239,135675809,8725,570
730.242804,135818056,135818653,9155,597
731.263247,135965288,135965875,9192,587
732.282184,136102703,136103279,8921,576
733.302632,136241224,136241824,9305,600
734.311051,136378634,136379207,8972,573
735.342006,136516277,136516867,6143,590
736.345928,136660933,136661388,3997,455
737.382895,136833472,136834073,9189,601
738.386804,136985004,136985605,9015,601
739.390706,137124038,137124641,9146,603
740.423175,137279165,137279768,9232,603
741.463143,137418570,137419128,8821,558
742.482084,137560007,137560590,6369,583
743.502524,137706695,137707269,8992,574
744.518456,137850273,137850831,8948,558
745.538903,137999687,138000275,9272,588
746.56235,138168887,138169485,8751,598
747.582781,138317132,138317725,9153,593
748.601754,138462435,138463034,4237,599
749.622159,138612008,138612607,7259,599
750.630576,138748873,138749473,8919,600
751.663042,138889508,138890102,8907,594
752.681983,139029597,139030182,5647,585
753.702434,139168682,139169255,9198,573
754.710842,139319861,139320462,8922,601
755.734283,139491704,139492274,7935,570
756.742701,139642380,139642970,8937,590
757.770653,139783559,139784150,8923,591
758.803127,139936229,139936823,9218,594
759.822059,140071582,140072174,6661,592
760.837991,140211993,140212590,5726,597
761.862946,140350845,140351444,9232,599
762.881883,140485988,140486428,3720,440
763.887294,140637410,140638015,9252,605
764.903227,140806786,140807386,9180,600
765.943209,140952738,140953338,9238,600
766.957626,141103430,141104027,5734,597
767.982588,141250545,141251122,9253,577
768.998521,141394685,141395256,9168,571
770.021955,141536218,141536793,6084,575
771.027365,141670324,141670922,9244,598
772.062847,141811988,141812562,9173,574
773.08328,141971781,141972379,8826,598
774.102225,142127920,142128497,7778,577
775.107631,142272601,142273195,9020,594
776.143108,142421619,142422200,9265,581
777.162043,142570601,142571164,6307,563
778.182482,142706617,142707189,9054,572
779.202918,142845193,142845785,9128,592
780.22336,142979031,142979625,8885,594
781.242296,143114991,143115590,8409,599
782.246208,143267523,143268094,7398,571
783.265148,143430669,143431245,9064,576
784.275062,143573816,143574400,12062,584
785.278969,143714258,143714832,8946,574
786.309941,143858051,143858614,5391,563
787.361939,144001737,144002173,3938,436
788.382382,144140803,144141376,9192,573
789.402824,144274914,144275489,9288,575
790.406725,144409663,144410253,9228,590
791.410634,144570915,144571490,8949,575
792.419059,144737069,144737665,9277,596
793.42597,144880407,144881016,5342,609
794.438892,145032104,145032697,9202,593
795.462342,145180368,145180967,8428,599
796.487286,145319458,145320033,8834,575
797.510734,145456299,145456895,9312,596
798.53419,145596596,145597194,7468,598
799.547115,145744467,145745068,8926,601
800.551013,145906747,145907306,8929,559
801.574461,146066106,146066679,8991,573
802.63098,146215173,146215769,8963,596
803.654427,146367027,146367625,9237,598
804.679373,146506069,146506662,9043,593
805.702821,146647841,146648428,9226,587
806.726258,146787472,146788065,8145,593
807.751213,146927184,146927784,9152,600
808.77466,147072602,147073194,9235,592
809.778562,147235413,147236018,8894,605
810.823052,147394172,147394769,9173,597
811.841995,147533151,147533720,5575,569
812.862434,147678995,147679593,7670,598
813.882868,147814652,147815242,8869,590
814.903301,147954776,147955374,9151,598
815.910229,148094514,148095107,7468,593
816.942692,148241398,148241992,8994,594
817.96313,148390581,148391173,8918,592
818.982066,148556295,148556889,6633,594
820.002516,148710899,148711504,8978,605
821.010924,148851336,148851921,8875,585
822.022357,149004642,149005214,8796,572
823.026257,149140937,149141537,7287,600
824.030176,149276026,149276565,6635,539
825.103215,149427263,149427860,9232,597
826.122144,149568923,149569527,7209,604
827.138077,149717667,149718265,6659,598
828.146504,149877770,149878341,9239,571
829.181973,150030195,150030762,5815,567
830.197911,150172129,150172588,4039,459
831.206324,150320762,150321340,8405,578
832.229768,150462611,150463190,9275,579
833.262227,150607129,150607728,7487,599
834.282666,150745670,150746262,9192,592
835.303106,150883954,150884546,9180,592
836.322045,151036986,151037583,5944,597
837.330468,151192473,151193047,9005,574
838.341885,151342895,151343344,4019,449
839.350306,151486261,151486831,8088,570
840.375259,151640433,151641028,12061,595
841.379162,151777915,151778516,8985,601
842.386081,151913102,151913685,6773,583
843.389991,152047100,152047643,6031,543
844.422447,152189607,152190200,9193,593
845.433876,152334241,152334838,11373,597
846.439289,152495815,152496416,9274,601
847.455225,152644822,152645400,9200,578
848.462134,152789399,152789959,6660,560
849.583265,152961463,152962039,8861,576
850.602207,153105188,153105786,7643,598
851.622641,153248627,153249186,8984,559
852.643084,153388623,153389199,8859,576
853.662021,153524337,153524912,6291,575
854.662923,153681123,153681719,9257,596
855.683367,153853754,153854347,9169,593
856.721839,154010424,154011015,7808,591
857.742279,154162823,154163421,7966,598
858.75822,154314158,154314736,7734,578
859.783162,154453905,154454480,8876,575
860.802095,154597429,154598003,8940,574
861.822538,154736492,154737093,9307,601
862.842986,154874680,154875279,9175,599
863.843892,155030430,155031006,5189,576
864.870333,155198817,155199415,8740,598
865.902806,155349180,155349778,9376,598
866.905214,155503018,155503595,8093,577
867.942175,155651037,155651630,7465,593
868.962618,155788720,155789313,12074,593
869.983057,155921452,155922044,9160,592
871.001994,156059597,156060191,5904,594
872.005917,156200896,156201322,3914,426
873.026351,156362455,156363059,7637,604
874.030254,156520175,156520769,7360,594
875.046195,156668497,156669075,7569,578
876.047091,156811834,156812431,9179,597
877.123139,156961498,156962090,8917,592
878.142085,157099206,157099767,6647,561
879.142981,157236230,157236822,9151,592
880.16642,157376799,157377398,8933,599
881.18987,157516109,157516551,3679,442
882.207311,157684335,157684930,8920,595
883.218727,157850416,157851009,9199,593
884.230161,157992233,157992830,9183,597
885.274646,158138847,158139450,8870,603
886.278556,158273720,158274316,8791,596
887.301999,158420333,158420935,5977,602
888.341981,158565654,158566215,5647,561
889.36242,158708962,158709572,8996,610
890.375344,158849437,158850037,8909,600
891.379253,159003070,159003664,9282,594
892.42224,159166222,159166823,7905,601
893.44267,159305929,159306521,9202,592
894.463105,159461210,159461804,9073,594
895.482052,159599668,159600222,6514,554
896.485967,159738017,159738562,5334,545
897.522932,159884804,159885379,8961,575
898.53436,160022179,160022748,8547,569
899.554797,160169247,160169842,8971,595
900.558703,160329238,160329810,8993,572
901.586656,160481824,160482398,8935,574
902.59508,160623986,160624558,8968,572
903.595985,160822884,160823455,9065,571
904.663003,160971742,160972335,9081,593
905.68195,161117881,161118479,5302,598
906.702391,161262310,161262909,9159,599
907.71832,161403739,161404317,8193,578
908.726747,161546035,161546637,9224,602
909.73365,161704512,161705071,8841,559
910.787154,161860580,161861156,8849,576
911.806102,162009572,162010164,6373,592
912.826532,162165554,162166154,9191,600
913.846977,162306739,162307314,8965,575
914.853891,162445657,162446247,7679,590
915.886362,162588809,162589383,8783,574
916.906794,162731946,162732524,9194,578
917.92723,162874214,162874808,9113,594
918.938665,163037652,163038245,9363,593
919.966612,163190594,163191192,9173,598
920.987053,163335549,163336146,8919,597
922.005991,163488586,163489180,6004,594
923.014409,163634999,163635599,9251,600
924.046875,163773950,163774542,8818,592
925.06732,163910032,163910632,9336,600
926.086259,164045888,164046465,7629,577
927.087157,164194185,164194783,9241,598
928.127139,164375275,164375869,12094,594
929.146067,164525386,164525983,6162,597
930.159001,164669805,164670400,12042,595
931.17493,164818335,164818932,9979,597
932.205888,164954438,164955035,8902,597
933.226337,165091605,165092205,8741,600
934.246769,165229984,165230582,9187,598
935.267219,165369694,165370282,9173,588
936.274134,165512910,165513503,12089,593
937.278039,165678152,165678735,6042,583
938.310506,165832653,165833257,8965,604
939.333954,165981442,165982052,5729,610
940.345373,166131256,166131697,3800,441
941.382346,166266933,166267527,8983,594
942.38625,166406843,166407433,11893,590
943.387146,166539831,166540424,9106,593
944.391059,166675055,166675630,8925,575
945.422031,166826898,166827439,6281,541
946.483049,166995394,166995991,8565,597
947.489964,167150992,167151590,5667,598
948.49838,167292861,167293433,8984,572
949.550386,167447227,167447805,9123,578
950.566315,167589077,167589654,8494,577
951.591255,167726355,167726955,8900,600
952.610193,167866514,167867109,7643,595
953.63064,168010561,168011133,9149,572
954.634539,168157930,168158507,8969,577
955.648977,168320237,168320816,5229,579
956.690462,168470820,168471392,8917,572
957.710903,168615252,168615824,9168,572
958.731335,168769790,168770368,8858,578
959.750272,168909400,168909992,7967,592
960.770725,169051859,169052438,9196,579
961.791155,169192489,169193087,9195,598
962.810084,169332356,169332957,6697,601
963.830534,169487119,169487712,9283,593
964.838953,169646477,169647078,8991,601
965.850367,169787581,169788178,8862,597
966.854291,169933447,169934041,8318,594
967.910795,170091511,170092107,9253,596
968.931229,170234618,170235194,8859,576
969.95018,170375665,170376241,7349,576
970.970613,170516810,170517412,9203,602
971.991048,170656297,170656873,8941,576
972.997977,170813166,170813742,5734,576
974.02743,170979807,170980412,8889,605
975.03134,171117047,171117641,8960,594
976.071309,171266872,171267469,9207,597
977.090258,171410754,171411325,8040,571
978.110695,171554033,171554631,9018,598
979.131135,171699322,171699915,9190,593
980.150075,171837219,171837779,6568,560
981.158483,171970309,171970897,9216,588
982.178928,172136655,172137245,8929,590
983.190359,172291551,172292123,8708,572
984.198775,172437148,172437751,9247,603
985.222223,172594126,172594720,7733,594
986.271199,172739065,172739657,9098,592
987.276628,172879530,172880125,12075,595
988.279027,173027310,173027904,11980,594
989.285951,173158938,173159508,5713,570
990.318406,173308199,173308786,8846,587
991.319302,173472463,173473062,9183,599
992.374324,173637409,173638002,12083,593
993.378223,173778166,173778743,7866,577
994.386644,173930954,173931547,9283,593
995.390563,174066449,174067021,9379,572
996.471106,174217210,174217802,9176,592
997.490042,174351683,174352243,6030,560
998.51048,174492136,174492727,8931,591
999.5144,174636355,174636959,8499,604
1000.55136,174800154,174800744,9170,590
1001.57031,174961406,174962004,8051,598
1002.590753,175102951,175103524,9237,573
1003.611179,175257515,175258111,11839,596
1004.615103,175392733,175393308,9288,575
1005.650566,175536641,175537237,9260,596
1006.671003,175917871,175918461,9236,590
1007.689937,176083724,176084315,5740,591
1008.71038,176233450,176234043,8894,593
1009.730826,176401978,176402563,9218,585
1010.751267,176554985,176555557,8956,572
1011.758186,176701486,176702064,7497,578
1012.774114,176850384,176850940,6695,556
1013.802061,176986188,176986764,6164,576
1014.830025,177133329,177133901,5855,572
1015.833932,177269684,177270125,3806,441
1016.870898,177417459,177418039,8886,580
1017.874819,177567331,177567925,8972,594
1018.875722,177777696,177778293,8430,597
1019.899159,177929661,177930235,9210,574
1020.906079,178138488,178139050,6631,562
1021.931032,178291537,178292137,9380,600
1022.946955,178430750,178431345,8944,595
1024.010987,178581295,178581895,9245,600
1025.026909,178725590,178726164,8933,574
1026.030821,178865398,178865991,9162,593
1027.05125,179021022,179021617,9085,595
1028.052171,179187252,179187844,7423,592
1029.099657,179343125,179343726,8926,601
1030.102064,179487396,179487994,7507,598
1031.110479,179641814,179642390,9136,576
1032.114387,179780681,179781271,8940,590
1033.190432,179931825,179932416,8952,591
1034.210874,180075432,180076023,8899,591
1035.231319,180216748,180217341,8825,593
1036.250263,180371700,180372293,7662,593
1037.254161,180541214,180541799,6984,585
1038.258072,180687118,180687717,6665,599
1039.271001,180836880,180837472,9220,592
1040.274914,180986643,180987240,12092,597
1041.278818,181124627,181125219,9245,592
1042.369905,181277642,181278071,4011,429
1043.37531,181418871,181419464,12082,593
1044.379217,181557919,181558513,8952,594
1045.398153,181717529,181718128,7337,599
1046.438129,181887739,181888333,9185,594
1047.482615,182041461,182042054,9156,593
1048.506065,182198565,182199142,6202,577
1049.52651,182345704,182346302,9078,598
1050.534922,182485605,182486161,8957,556
1051.567383,182626359,182626951,8788,592
1052.586322,182767926,182768519,8095,593
1053.606761,182913127,182913722,8941,595
1054.616684,183070957,183071544,11959,587
1055.64615,183232900,183233478,7105,578
1056.66659,183379649,183380243,9097,594
1057.687024,183530920,183531507,9197,587
1058.693947,183668105,183668679,9249,574
1059.726397,183810469,183811061,8929,592
1060.746843,183947978,183948567,9265,589
1061.76729,184082656,184083243,9216,587
1062.78622,184227632,184228228,7839,596
1063.787125,184391013,184391586,8880,573
1064.806059,184550102,184550697,9272,595
1065.838527,184697991,184698567,8849,576
1066.866484,184851426,184851996,9049,570
1067.88692,184991782,184992373,11874,591
1068.902853,185126227,185126820,11830,593
1069.926299,185261733,185262329,8382,596
1070.946741,185403561,185404133,8988,572
1071.96718,185546965,185547557,11829,592
1072.974088,185711054,185711619,6554,565
1073.990023,185860532,185861124,5793,592
1075.014969,186003636,186004231,9104,595
1076.038423,186160566,186161144,8921,578
1077.061884,186298830,186299262,3833,432
1078.086813,186438853,186439446,9204,593
1079.107248,186577235,186577839,9121,604
1080.126208,186718227,186718812,7042,585
1081.13462,186866550,186867151,9259,601
1082.150546,187034707,187035279,9000,572
1083.186016,187186402,187186978,5656,576
1084.206462,187331954,187332553,9191,599
1085.222395,187480566,187481152,8857,586
1086.247326,187623213,187623808,9114,595
1087.266278,187776139,187776723,8323,584
1088.2747,187920425,187921024,12075,599
1089.278598,188056356,188056951,8894,595
1090.299041,188215574,188216170,8940,596
1091.299951,188376585,188377185,9234,600
1092.314381,188521551,188522121,9195,570
1093.315277,188668687,188669279,8847,592
1094.343234,188816492,188817078,8853,586
1095.383212,188958313,188958906,11969,593
1096.38712,189093969,189094558,8923,589
1097.394037,189234137,189234732,6123,595
1098.40696,189378966,189379558,8910,592
1099.436428,189539507,189540083,8537,576
1100.525999,189710680,189711262,5990,582
1101.546439,189851599,189852191,8961,592
1102.56687,190001142,190001738,8910,596
1103.587318,190147232,190147812,9242,580
1104.606257,190291320,190291877,7874,557
1105.62669,190457876,190458474,9175,598
1106.63061,190594102,190594675,9227,573
1107.666078,190750324,190750906,6699,582
1108.674485,190914420,190915008,9017,588
1109.706958,191081918,191082518,8935,600
1110.725893,191237520,191237961,3740,441
1111.746338,191391428,191391999,8565,571
1112.766768,191530785,191531377,9284,592
1113.787202,191672413,191673005,9141,592
1114.791125,191813643,191814241,8921,598
1115.826599,191950922,191951479,9205,557
1116.847029,192096132,192096727,9217,595
1117.850942,192252239,192252830,9149,591
1118.85485,192410094,192410665,8986,571
1119.887317,192559962,192560532,7382,570
1120.927293,192718951,192719546,9319,595
1121.946234,192859780,192860352,7785,572
1122.950138,192999955,193000551,6997,596
1123.975078,193142627,193143220,9113,593
1125.006045,193284685,193285242,6003,557
1126.026481,193430905,193431497,9179,592
1127.030402,193600124,193600717,9328,593
1128.038822,193751266,193751858,9295,592
1129.08631,193896583,193897160,8625,577
1130.106747,194047619,194048190,8959,571
1131.127181,194183567,194184156,9065,589
1132.13411,194322162,194322739,6892,577
1133.166574,194465125,194465720,9328,595
1134.187006,194602053,194602648,8959,595
1135.205939,194747876,194748467,5625,591
1136.226377,194912558,194913158,9094,600
1137.246822,195067139,195067737,9114,598
1138.255241,195210158,195210737,9207,579
